http://irail.be/vehicle/IC2045,http://irail.be/stations/NMBS/008821006,IC,2017-11-02T23:25:00,2017-11-02T23:25:00,25,
http://irail.be/vehicle/IC2045,http://irail.be/stations/NMBS/008821121,IC,2017-11-02T23:31:00,2017-11-02T23:29:00,43,43
http://irail.be/vehicle/IC2045,http://irail.be/stations/NMBS/008821154,IC,2017-11-02T23:33:00,2017-11-02T23:33:00,17,17
http://irail.be/vehicle/IC2045,http://irail.be/stations/NMBS/008821238,IC,2017-11-02T23:34:00,2017-11-02T23:34:00,-8,-8
http://irail.be/vehicle/IC2045,http://irail.be/stations/NMBS/008821337,IC,2017-11-02T23:35:00,2017-11-02T23:35:00,-16,-16
http://irail.be/vehicle/IC2045,http://irail.be/stations/NMBS/008821311,IC,2017-11-02T23:36:00,2017-11-02T23:36:00,-19,-19
http://irail.be/vehicle/IC2045,http://irail.be/stations/NMBS/008822210,IC,2017-11-02T23:38:00,2017-11-02T23:38:00,-13,-13
http://irail.be/vehicle/IC2045,http://irail.be/stations/NMBS/008822228,IC,2017-11-02T23:39:00,2017-11-02T23:39:00,33,33
http://irail.be/vehicle/IC2045,http://irail.be/stations/NMBS/008822343,IC,2017-11-02T23:41:00,2017-11-02T23:41:00,24,24
http://irail.be/vehicle/IC2045,http://irail.be/stations/NMBS/008822004,IC,2017-11-02T23:45:00,2017-11-02T23:43:00,24,24
http://irail.be/vehicle/IC2045,http://irail.be/stations/NMBS/008822251,IC,2017-11-02T23:49:00,2017-11-02T23:49:00,28,28
http://irail.be/vehicle/IC2045,http://irail.be/stations/NMBS/008822269,IC,2017-11-02T23:50:00,2017-11-02T23:50:00,28,28
http://irail.be/vehicle/IC2045,http://irail.be/stations/NMBS/008811189,IC,2017-11-02T23:52:00,2017-11-02T23:52:00,44,44
http://irail.be/vehicle/IC2045,http://irail.be/stations/NMBS/008811148,IC,2017-11-02T23:54:00,2017-11-02T23:54:00,32,32
http://irail.be/vehicle/IC2045,http://irail.be/stations/NMBS/008811007,IC,2017-11-02T23:57:00,2017-11-02T23:57:00,56,56
http://irail.be/vehicle/IC2045,http://irail.be/stations/NMBS/008812005,IC,2017-11-03T00:02:00,2017-11-03T00:02:00,83,120
http://irail.be/vehicle/IC2045,http://irail.be/stations/NMBS/008813045,IC,2017-11-03T00:04:00,2017-11-03T00:04:00,91,91
http://irail.be/vehicle/IC2045,http://irail.be/stations/NMBS/008813003,IC,2017-11-03T00:06:00,2017-11-03T00:05:00,172,182
http://irail.be/vehicle/IC2045,http://irail.be/stations/NMBS/008813037,IC,2017-11-03T00:07:00,2017-11-03T00:07:00,172,172
http://irail.be/vehicle/IC2045,http://irail.be/stations/NMBS/008814001,IC,2017-11-03T00:10:00,2017-11-03T00:10:00,,168
http://irail.be/vehicle/IC2045,http://irail.be/stations/NMBS/008821006,IC,2017-10-04T23:25:00,2017-10-04T23:25:00,121,
http://irail.be/vehicle/IC2045,http://irail.be/stations/NMBS/008821121,IC,2017-10-04T23:31:00,2017-10-04T23:29:00,156,156
http://irail.be/vehicle/IC2045,http://irail.be/stations/NMBS/008821154,IC,2017-10-04T23:33:00,2017-10-04T23:33:00,133,133
http://irail.be/vehicle/IC2045,http://irail.be/stations/NMBS/008821238,IC,2017-10-04T23:34:00,2017-10-04T23:34:00,110,110
http://irail.be/vehicle/IC2045,http://irail.be/stations/NMBS/008821337,IC,2017-10-04T23:35:00,2017-10-04T23:35:00,99,99
http://irail.be/vehicle/IC2045,http://irail.be/stations/NMBS/008821311,IC,2017-10-04T23:36:00,2017-10-04T23:36:00,96,96
http://irail.be/vehicle/IC2045,http://irail.be/stations/NMBS/008822210,IC,2017-10-04T23:38:00,2017-10-04T23:38:00,102,102
http://irail.be/vehicle/IC2045,http://irail.be/stations/NMBS/008822228,IC,2017-10-04T23:39:00,2017-10-04T23:39:00,158,158
http://irail.be/vehicle/IC2045,http://irail.be/stations/NMBS/008822343,IC,2017-10-04T23:41:00,2017-10-04T23:41:00,145,145
http://irail.be/vehicle/IC2045,http://irail.be/stations/NMBS/008822004,IC,2017-10-04T23:45:00,2017-10-04T23:43:00,241,145
http://irail.be/vehicle/IC2045,http://irail.be/stations/NMBS/008822251,IC,2017-10-04T23:49:00,2017-10-04T23:49:00,256,256
http://irail.be/vehicle/IC2045,http://irail.be/stations/NMBS/008822269,IC,2017-10-04T23:50:00,2017-10-04T23:50:00,256,256
http://irail.be/vehicle/IC2045,http://irail.be/stations/NMBS/008811189,IC,2017-10-04T23:52:00,2017-10-04T23:52:00,265,265
http://irail.be/vehicle/IC2045,http://irail.be/stations/NMBS/008811148,IC,2017-10-04T23:54:00,2017-10-04T23:54:00,251,251
http://irail.be/vehicle/IC2045,http://irail.be/stations/NMBS/008811007,IC,2017-10-04T23:57:00,2017-10-04T23:57:00,196,196
http://irail.be/vehicle/IC2045,http://irail.be/stations/NMBS/008812005,IC,2017-10-05T00:02:00,2017-10-05T00:02:00,138,202
http://irail.be/vehicle/IC2045,http://irail.be/stations/NMBS/008813045,IC,2017-10-05T00:04:00,2017-10-05T00:04:00,142,142
http://irail.be/vehicle/IC2045,http://irail.be/stations/NMBS/008813003,IC,2017-10-05T00:06:00,2017-10-05T00:05:00,147,165
http://irail.be/vehicle/IC2045,http://irail.be/stations/NMBS/008813037,IC,2017-10-05T00:07:00,2017-10-05T00:07:00,147,147
http://irail.be/vehicle/IC2045,http://irail.be/stations/NMBS/008814001,IC,2017-10-05T00:10:00,2017-10-05T00:10:00,,141
http://irail.be/vehicle/IC2045,http://irail.be/stations/NMBS/008821006,IC,2017-09-11T23:25:00,2017-09-11T23:25:00,21,
http://irail.be/vehicle/IC2045,http://irail.be/stations/NMBS/008821121,IC,2017-09-11T23:31:00,2017-09-11T23:29:00,38,38
http://irail.be/vehicle/IC2045,http://irail.be/stations/NMBS/008821154,IC,2017-09-11T23:33:00,2017-09-11T23:33:00,14,14
http://irail.be/vehicle/IC2045,http://irail.be/stations/NMBS/008821238,IC,2017-09-11T23:34:00,2017-09-11T23:34:00,-9,-9
http://irail.be/vehicle/IC2045,http://irail.be/stations/NMBS/008821337,IC,2017-09-11T23:35:00,2017-09-11T23:35:00,-15,-15
http://irail.be/vehicle/IC2045,http://irail.be/stations/NMBS/008821311,IC,2017-09-11T23:36:00,2017-09-11T23:36:00,-16,-16
http://irail.be/vehicle/IC2045,http://irail.be/stations/NMBS/008822210,IC,2017-09-11T23:38:00,2017-09-11T23:38:00,-10,-10
http://irail.be/vehicle/IC2045,http://irail.be/stations/NMBS/008822228,IC,2017-09-11T23:39:00,2017-09-11T23:39:00,41,41
http://irail.be/vehicle/IC2045,http://irail.be/stations/NMBS/008822343,IC,2017-09-11T23:41:00,2017-09-11T23:41:00,24,24
http://irail.be/vehicle/IC2045,http://irail.be/stations/NMBS/008822004,IC,2017-09-11T23:45:00,2017-09-11T23:43:00,28,24
http://irail.be/vehicle/IC2045,http://irail.be/stations/NMBS/008822251,IC,2017-09-11T23:49:00,2017-09-11T23:49:00,-31,-31
http://irail.be/vehicle/IC2045,http://irail.be/stations/NMBS/008822269,IC,2017-09-11T23:50:00,2017-09-11T23:50:00,-31,-31
http://irail.be/vehicle/IC2045,http://irail.be/stations/NMBS/008811189,IC,2017-09-11T23:52:00,2017-09-11T23:52:00,-31,-31
http://irail.be/vehicle/IC2045,http://irail.be/stations/NMBS/008811148,IC,2017-09-11T23:54:00,2017-09-11T23:54:00,-39,-39
http://irail.be/vehicle/IC2045,http://irail.be/stations/NMBS/008811007,IC,2017-09-11T23:57:00,2017-09-11T23:57:00,66,66
http://irail.be/vehicle/IC2045,http://irail.be/stations/NMBS/008812005,IC,2017-09-12T00:02:00,2017-09-12T00:02:00,60,129
http://irail.be/vehicle/IC2045,http://irail.be/stations/NMBS/008813045,IC,2017-09-12T00:04:00,2017-09-12T00:04:00,57,57
http://irail.be/vehicle/IC2045,http://irail.be/stations/NMBS/008813003,IC,2017-09-12T00:06:00,2017-09-12T00:05:00,64,79
http://irail.be/vehicle/IC2045,http://irail.be/stations/NMBS/008813037,IC,2017-09-12T00:07:00,2017-09-12T00:07:00,64,64
http://irail.be/vehicle/IC2045,http://irail.be/stations/NMBS/008814001,IC,2017-09-12T00:10:00,2017-09-12T00:10:00,,86
http://irail.be/vehicle/IC2045,http://irail.be/stations/NMBS/008821006,IC,2017-06-15T23:25:00,2017-06-15T23:25:00,12,
http://irail.be/vehicle/IC2045,http://irail.be/stations/NMBS/008821121,IC,2017-06-15T23:31:00,2017-06-15T23:29:00,32,32
http://irail.be/vehicle/IC2045,http://irail.be/stations/NMBS/008821154,IC,2017-06-15T23:33:00,2017-06-15T23:33:00,10,10
http://irail.be/vehicle/IC2045,http://irail.be/stations/NMBS/008821238,IC,2017-06-15T23:34:00,2017-06-15T23:34:00,-14,-14
http://irail.be/vehicle/IC2045,http://irail.be/stations/NMBS/008821337,IC,2017-06-15T23:35:00,2017-06-15T23:35:00,-24,-24
http://irail.be/vehicle/IC2045,http://irail.be/stations/NMBS/008821311,IC,2017-06-15T23:36:00,2017-06-15T23:36:00,-27,-27
http://irail.be/vehicle/IC2045,http://irail.be/stations/NMBS/008822210,IC,2017-06-15T23:38:00,2017-06-15T23:38:00,-22,-22
http://irail.be/vehicle/IC2045,http://irail.be/stations/NMBS/008822228,IC,2017-06-15T23:39:00,2017-06-15T23:39:00,14,14
http://irail.be/vehicle/IC2045,http://irail.be/stations/NMBS/008822343,IC,2017-06-15T23:41:00,2017-06-15T23:41:00,-38,-38
http://irail.be/vehicle/IC2045,http://irail.be/stations/NMBS/008822004,IC,2017-06-15T23:45:00,2017-06-15T23:43:00,20,-38
http://irail.be/vehicle/IC2045,http://irail.be/stations/NMBS/008822251,IC,2017-06-15T23:49:00,2017-06-15T23:49:00,-49,-49
http://irail.be/vehicle/IC2045,http://irail.be/stations/NMBS/008822269,IC,2017-06-15T23:50:00,2017-06-15T23:50:00,-49,-49
http://irail.be/vehicle/IC2045,http://irail.be/stations/NMBS/008811189,IC,2017-06-15T23:52:00,2017-06-15T23:52:00,-60,-60
http://irail.be/vehicle/IC2045,http://irail.be/stations/NMBS/008811148,IC,2017-06-15T23:54:00,2017-06-15T23:54:00,-73,-73
http://irail.be/vehicle/IC2045,http://irail.be/stations/NMBS/008811007,IC,2017-06-15T23:57:00,2017-06-15T23:57:00,-56,-56
http://irail.be/vehicle/IC2045,http://irail.be/stations/NMBS/008812005,IC,2017-06-16T00:02:00,2017-06-16T00:02:00,144,91
http://irail.be/vehicle/IC2045,http://irail.be/stations/NMBS/008813045,IC,2017-06-16T00:04:00,2017-06-16T00:04:00,150,150
http://irail.be/vehicle/IC2045,http://irail.be/stations/NMBS/008813003,IC,2017-06-16T00:06:00,2017-06-16T00:05:00,261,250
http://irail.be/vehicle/IC2045,http://irail.be/stations/NMBS/008813037,IC,2017-06-16T00:07:00,2017-06-16T00:07:00,260,260
http://irail.be/vehicle/IC2045,http://irail.be/stations/NMBS/008814001,IC,2017-06-16T00:10:00,2017-06-16T00:10:00,,264
http://irail.be/vehicle/IC2045,http://irail.be/stations/NMBS/008821006,IC,2017-09-04T23:25:00,2017-09-04T23:25:00,33,
http://irail.be/vehicle/IC2045,http://irail.be/stations/NMBS/008821121,IC,2017-09-04T23:31:00,2017-09-04T23:29:00,42,42
http://irail.be/vehicle/IC2045,http://irail.be/stations/NMBS/008821154,IC,2017-09-04T23:33:00,2017-09-04T23:33:00,15,15
http://irail.be/vehicle/IC2045,http://irail.be/stations/NMBS/008821238,IC,2017-09-04T23:34:00,2017-09-04T23:34:00,-8,-8
http://irail.be/vehicle/IC2045,http://irail.be/stations/NMBS/008821337,IC,2017-09-04T23:35:00,2017-09-04T23:35:00,-17,-17
http://irail.be/vehicle/IC2045,http://irail.be/stations/NMBS/008821311,IC,2017-09-04T23:36:00,2017-09-04T23:36:00,-21,-21
http://irail.be/vehicle/IC2045,http://irail.be/stations/NMBS/008822210,IC,2017-09-04T23:38:00,2017-09-04T23:38:00,-16,-16
http://irail.be/vehicle/IC2045,http://irail.be/stations/NMBS/008822228,IC,2017-09-04T23:39:00,2017-09-04T23:39:00,26,26
http://irail.be/vehicle/IC2045,http://irail.be/stations/NMBS/008822343,IC,2017-09-04T23:41:00,2017-09-04T23:41:00,-28,-28
http://irail.be/vehicle/IC2045,http://irail.be/stations/NMBS/008822004,IC,2017-09-04T23:45:00,2017-09-04T23:43:00,62,-28
http://irail.be/vehicle/IC2045,http://irail.be/stations/NMBS/008822251,IC,2017-09-04T23:49:00,2017-09-04T23:49:00,-6,-6
http://irail.be/vehicle/IC2045,http://irail.be/stations/NMBS/008822269,IC,2017-09-04T23:50:00,2017-09-04T23:50:00,-6,-6
http://irail.be/vehicle/IC2045,http://irail.be/stations/NMBS/008811189,IC,2017-09-04T23:52:00,2017-09-04T23:52:00,-12,-12
http://irail.be/vehicle/IC2045,http://irail.be/stations/NMBS/008811148,IC,2017-09-04T23:54:00,2017-09-04T23:54:00,-24,-24
http://irail.be/vehicle/IC2045,http://irail.be/stations/NMBS/008811007,IC,2017-09-04T23:57:00,2017-09-04T23:57:00,-94,-94
http://irail.be/vehicle/IC2045,http://irail.be/stations/NMBS/008812005,IC,2017-09-05T00:02:00,2017-09-05T00:02:00,94,-107
http://irail.be/vehicle/IC2045,http://irail.be/stations/NMBS/008813045,IC,2017-09-05T00:04:00,2017-09-05T00:04:00,98,98
http://irail.be/vehicle/IC2045,http://irail.be/stations/NMBS/008813003,IC,2017-09-05T00:06:00,2017-09-05T00:05:00,197,200
http://irail.be/vehicle/IC2045,http://irail.be/stations/NMBS/008813037,IC,2017-09-05T00:07:00,2017-09-05T00:07:00,196,196
http://irail.be/vehicle/IC2045,http://irail.be/stations/NMBS/008814001,IC,2017-09-05T00:10:00,2017-09-05T00:10:00,,190
http://irail.be/vehicle/IC2045,http://irail.be/stations/NMBS/008821006,IC,2017-11-09T23:25:00,2017-11-09T23:25:00,1038,
http://irail.be/vehicle/IC2045,http://irail.be/stations/NMBS/008821121,IC,2017-11-09T23:31:00,2017-11-09T23:29:00,921,921
http://irail.be/vehicle/IC2045,http://irail.be/stations/NMBS/008821154,IC,2017-11-09T23:33:00,2017-11-09T23:33:00,896,896
http://irail.be/vehicle/IC2045,http://irail.be/stations/NMBS/008821238,IC,2017-11-09T23:34:00,2017-11-09T23:34:00,873,873
http://irail.be/vehicle/IC2045,http://irail.be/stations/NMBS/008821337,IC,2017-11-09T23:35:00,2017-11-09T23:35:00,866,866
http://irail.be/vehicle/IC2045,http://irail.be/stations/NMBS/008821311,IC,2017-11-09T23:36:00,2017-11-09T23:36:00,863,863
http://irail.be/vehicle/IC2045,http://irail.be/stations/NMBS/008822210,IC,2017-11-09T23:38:00,2017-11-09T23:38:00,869,869
http://irail.be/vehicle/IC2045,http://irail.be/stations/NMBS/008822228,IC,2017-11-09T23:39:00,2017-11-09T23:39:00,912,912
http://irail.be/vehicle/IC2045,http://irail.be/stations/NMBS/008822343,IC,2017-11-09T23:41:00,2017-11-09T23:41:00,866,866
http://irail.be/vehicle/IC2045,http://irail.be/stations/NMBS/008822004,IC,2017-11-09T23:45:00,2017-11-09T23:43:00,904,866
http://irail.be/vehicle/IC2045,http://irail.be/stations/NMBS/008822251,IC,2017-11-09T23:49:00,2017-11-09T23:49:00,929,929
http://irail.be/vehicle/IC2045,http://irail.be/stations/NMBS/008822269,IC,2017-11-09T23:50:00,2017-11-09T23:50:00,929,929
http://irail.be/vehicle/IC2045,http://irail.be/stations/NMBS/008811189,IC,2017-11-09T23:52:00,2017-11-09T23:52:00,939,939
http://irail.be/vehicle/IC2045,http://irail.be/stations/NMBS/008811148,IC,2017-11-09T23:54:00,2017-11-09T23:54:00,926,926
http://irail.be/vehicle/IC2045,http://irail.be/stations/NMBS/008811007,IC,2017-11-09T23:57:00,2017-11-09T23:57:00,867,867
http://irail.be/vehicle/IC2045,http://irail.be/stations/NMBS/008812005,IC,2017-11-10T00:02:00,2017-11-10T00:02:00,1121,878
http://irail.be/vehicle/IC2045,http://irail.be/stations/NMBS/008813045,IC,2017-11-10T00:04:00,2017-11-10T00:04:00,1121,1121
http://irail.be/vehicle/IC2045,http://irail.be/stations/NMBS/008813003,IC,2017-11-10T00:06:00,2017-11-10T00:05:00,1139,1142
http://irail.be/vehicle/IC2045,http://irail.be/stations/NMBS/008813037,IC,2017-11-10T00:07:00,2017-11-10T00:07:00,1139,1139
http://irail.be/vehicle/IC2045,http://irail.be/stations/NMBS/008814001,IC,2017-11-10T00:10:00,2017-11-10T00:10:00,,1132
http://irail.be/vehicle/IC2045,http://irail.be/stations/NMBS/008821006,IC,2017-02-14T23:25:00,2017-02-14T23:25:00,24,
http://irail.be/vehicle/IC2045,http://irail.be/stations/NMBS/008821121,IC,2017-02-14T23:31:00,2017-02-14T23:29:00,78,78
http://irail.be/vehicle/IC2045,http://irail.be/stations/NMBS/008821154,IC,2017-02-14T23:33:00,2017-02-14T23:33:00,56,56
http://irail.be/vehicle/IC2045,http://irail.be/stations/NMBS/008821238,IC,2017-02-14T23:34:00,2017-02-14T23:34:00,32,32
http://irail.be/vehicle/IC2045,http://irail.be/stations/NMBS/008821337,IC,2017-02-14T23:35:00,2017-02-14T23:35:00,22,22
http://irail.be/vehicle/IC2045,NO-URI,IC,2017-02-14T23:36:00,2017-02-14T23:36:00,21,21
http://irail.be/vehicle/IC2045,http://irail.be/stations/NMBS/008822210,IC,2017-02-14T23:38:00,2017-02-14T23:38:00,26,26
http://irail.be/vehicle/IC2045,http://irail.be/stations/NMBS/008822228,IC,2017-02-14T23:39:00,2017-02-14T23:39:00,68,68
http://irail.be/vehicle/IC2045,http://irail.be/stations/NMBS/008822343,IC,2017-02-14T23:41:00,2017-02-14T23:41:00,19,19
http://irail.be/vehicle/IC2045,http://irail.be/stations/NMBS/008822004,IC,2017-02-14T23:45:00,2017-02-14T23:43:00,12,19
http://irail.be/vehicle/IC2045,http://irail.be/stations/NMBS/008822251,IC,2017-02-14T23:49:00,2017-02-14T23:49:00,-35,-35
http://irail.be/vehicle/IC2045,http://irail.be/stations/NMBS/008822269,IC,2017-02-14T23:50:00,2017-02-14T23:50:00,-35,-35
http://irail.be/vehicle/IC2045,http://irail.be/stations/NMBS/008811189,IC,2017-02-14T23:52:00,2017-02-14T23:52:00,-38,-38
http://irail.be/vehicle/IC2045,http://irail.be/stations/NMBS/008811148,IC,2017-02-14T23:54:00,2017-02-14T23:54:00,38,38
http://irail.be/vehicle/IC2045,http://irail.be/stations/NMBS/008811007,IC,2017-02-14T23:57:00,2017-02-14T23:57:00,-5,-5
http://irail.be/vehicle/IC2045,http://irail.be/stations/NMBS/008812005,IC,2017-02-15T00:02:00,2017-02-15T00:02:00,68,-20
http://irail.be/vehicle/IC2045,http://irail.be/stations/NMBS/008813045,IC,2017-02-15T00:04:00,2017-02-15T00:04:00,69,69
http://irail.be/vehicle/IC2045,http://irail.be/stations/NMBS/008813003,IC,2017-02-15T00:06:00,2017-02-15T00:05:00,97,90
http://irail.be/vehicle/IC2045,http://irail.be/stations/NMBS/008813037,IC,2017-02-15T00:07:00,2017-02-15T00:07:00,96,96
http://irail.be/vehicle/IC2045,http://irail.be/stations/NMBS/008814001,IC,2017-02-15T00:10:00,2017-02-15T00:10:00,,110
http://irail.be/vehicle/IC2045,http://irail.be/stations/NMBS/008821006,IC,2017-06-07T23:25:00,2017-06-07T23:25:00,24,
http://irail.be/vehicle/IC2045,http://irail.be/stations/NMBS/008821121,IC,2017-06-07T23:31:00,2017-06-07T23:29:00,38,38
http://irail.be/vehicle/IC2045,http://irail.be/stations/NMBS/008821154,IC,2017-06-07T23:33:00,2017-06-07T23:33:00,30,30
http://irail.be/vehicle/IC2045,http://irail.be/stations/NMBS/008821238,IC,2017-06-07T23:34:00,2017-06-07T23:34:00,12,12
http://irail.be/vehicle/IC2045,http://irail.be/stations/NMBS/008821337,IC,2017-06-07T23:35:00,2017-06-07T23:35:00,18,18
http://irail.be/vehicle/IC2045,NO-URI,IC,2017-06-07T23:36:00,2017-06-07T23:36:00,19,19
http://irail.be/vehicle/IC2045,http://irail.be/stations/NMBS/008822210,IC,2017-06-07T23:38:00,2017-06-07T23:38:00,26,26
http://irail.be/vehicle/IC2045,http://irail.be/stations/NMBS/008822228,IC,2017-06-07T23:39:00,2017-06-07T23:39:00,81,81
http://irail.be/vehicle/IC2045,http://irail.be/stations/NMBS/008822343,IC,2017-06-07T23:41:00,2017-06-07T23:41:00,42,42
http://irail.be/vehicle/IC2045,http://irail.be/stations/NMBS/008822004,IC,2017-06-07T23:45:00,2017-06-07T23:43:00,37,42
http://irail.be/vehicle/IC2045,http://irail.be/stations/NMBS/008822251,IC,2017-06-07T23:49:00,2017-06-07T23:49:00,-3,-3
http://irail.be/vehicle/IC2045,http://irail.be/stations/NMBS/008822269,IC,2017-06-07T23:50:00,2017-06-07T23:50:00,-3,-3
http://irail.be/vehicle/IC2045,http://irail.be/stations/NMBS/008811189,IC,2017-06-07T23:52:00,2017-06-07T23:52:00,-8,-8
http://irail.be/vehicle/IC2045,http://irail.be/stations/NMBS/008811148,IC,2017-06-07T23:54:00,2017-06-07T23:54:00,-18,-18
http://irail.be/vehicle/IC2045,http://irail.be/stations/NMBS/008811007,IC,2017-06-07T23:57:00,2017-06-07T23:57:00,-79,-79
http://irail.be/vehicle/IC2045,http://irail.be/stations/NMBS/008812005,IC,2017-06-08T00:02:00,2017-06-08T00:02:00,2,-82
http://irail.be/vehicle/IC2045,http://irail.be/stations/NMBS/008813045,IC,2017-06-08T00:04:00,2017-06-08T00:04:00,6,6
http://irail.be/vehicle/IC2045,http://irail.be/stations/NMBS/008813003,IC,2017-06-08T00:06:00,2017-06-08T00:05:00,34,24
http://irail.be/vehicle/IC2045,http://irail.be/stations/NMBS/008813037,IC,2017-06-08T00:07:00,2017-06-08T00:07:00,37,37
http://irail.be/vehicle/IC2045,http://irail.be/stations/NMBS/008814001,IC,2017-06-08T00:10:00,2017-06-08T00:10:00,,26
http://irail.be/vehicle/IC2045,http://irail.be/stations/NMBS/008821006,IC,2017-02-09T23:25:00,2017-02-09T23:25:00,18,
http://irail.be/vehicle/IC2045,http://irail.be/stations/NMBS/008821121,IC,2017-02-09T23:31:00,2017-02-09T23:29:00,39,39
http://irail.be/vehicle/IC2045,http://irail.be/stations/NMBS/008821154,IC,2017-02-09T23:33:00,2017-02-09T23:33:00,15,15
http://irail.be/vehicle/IC2045,http://irail.be/stations/NMBS/008821238,IC,2017-02-09T23:34:00,2017-02-09T23:34:00,-9,-9
http://irail.be/vehicle/IC2045,http://irail.be/stations/NMBS/008821337,IC,2017-02-09T23:35:00,2017-02-09T23:35:00,-17,-17
http://irail.be/vehicle/IC2045,NO-URI,IC,2017-02-09T23:36:00,2017-02-09T23:36:00,-19,-19
http://irail.be/vehicle/IC2045,http://irail.be/stations/NMBS/008822210,IC,2017-02-09T23:38:00,2017-02-09T23:38:00,-14,-14
http://irail.be/vehicle/IC2045,http://irail.be/stations/NMBS/008822228,IC,2017-02-09T23:39:00,2017-02-09T23:39:00,29,29
http://irail.be/vehicle/IC2045,http://irail.be/stations/NMBS/008822343,IC,2017-02-09T23:41:00,2017-02-09T23:41:00,-21,-21
http://irail.be/vehicle/IC2045,http://irail.be/stations/NMBS/008822004,IC,2017-02-09T23:45:00,2017-02-09T23:43:00,24,-21
http://irail.be/vehicle/IC2045,http://irail.be/stations/NMBS/008822251,IC,2017-02-09T23:49:00,2017-02-09T23:49:00,-23,-23
http://irail.be/vehicle/IC2045,http://irail.be/stations/NMBS/008822269,IC,2017-02-09T23:50:00,2017-02-09T23:50:00,-23,-23
http://irail.be/vehicle/IC2045,http://irail.be/stations/NMBS/008811189,IC,2017-02-09T23:52:00,2017-02-09T23:52:00,-51,-51
http://irail.be/vehicle/IC2045,http://irail.be/stations/NMBS/008811148,IC,2017-02-09T23:54:00,2017-02-09T23:54:00,-62,-62
http://irail.be/vehicle/IC2045,http://irail.be/stations/NMBS/008811007,IC,2017-02-09T23:57:00,2017-02-09T23:57:00,193,193
http://irail.be/vehicle/IC2045,http://irail.be/stations/NMBS/008812005,IC,2017-02-10T00:02:00,2017-02-10T00:02:00,217,212
http://irail.be/vehicle/IC2045,http://irail.be/stations/NMBS/008813045,IC,2017-02-10T00:04:00,2017-02-10T00:04:00,259,259
http://irail.be/vehicle/IC2045,http://irail.be/stations/NMBS/008813003,IC,2017-02-10T00:06:00,2017-02-10T00:05:00,329,336
http://irail.be/vehicle/IC2045,http://irail.be/stations/NMBS/008813037,IC,2017-02-10T00:07:00,2017-02-10T00:07:00,328,328
http://irail.be/vehicle/IC2045,http://irail.be/stations/NMBS/008814001,IC,2017-02-10T00:10:00,2017-02-10T00:10:00,,329
http://irail.be/vehicle/IC2045,http://irail.be/stations/NMBS/008821006,IC,2017-11-10T23:25:00,2017-11-10T23:25:00,46,
http://irail.be/vehicle/IC2045,http://irail.be/stations/NMBS/008821121,IC,2017-11-10T23:31:00,2017-11-10T23:29:00,39,39
http://irail.be/vehicle/IC2045,http://irail.be/stations/NMBS/008821154,IC,2017-11-10T23:33:00,2017-11-10T23:33:00,14,14
http://irail.be/vehicle/IC2045,http://irail.be/stations/NMBS/008821238,IC,2017-11-10T23:34:00,2017-11-10T23:34:00,-10,-10
http://irail.be/vehicle/IC2045,http://irail.be/stations/NMBS/008821337,IC,2017-11-10T23:35:00,2017-11-10T23:35:00,-16,-16
http://irail.be/vehicle/IC2045,http://irail.be/stations/NMBS/008821311,IC,2017-11-10T23:36:00,2017-11-10T23:36:00,-19,-19
http://irail.be/vehicle/IC2045,http://irail.be/stations/NMBS/008822210,IC,2017-11-10T23:38:00,2017-11-10T23:38:00,-12,-12
http://irail.be/vehicle/IC2045,http://irail.be/stations/NMBS/008822228,IC,2017-11-10T23:39:00,2017-11-10T23:39:00,42,42
http://irail.be/vehicle/IC2045,http://irail.be/stations/NMBS/008822343,IC,2017-11-10T23:41:00,2017-11-10T23:41:00,15,15
http://irail.be/vehicle/IC2045,http://irail.be/stations/NMBS/008822004,IC,2017-11-10T23:45:00,2017-11-10T23:43:00,12,15
http://irail.be/vehicle/IC2045,http://irail.be/stations/NMBS/008822251,IC,2017-11-10T23:49:00,2017-11-10T23:49:00,31,31
http://irail.be/vehicle/IC2045,http://irail.be/stations/NMBS/008822269,IC,2017-11-10T23:50:00,2017-11-10T23:50:00,31,31
http://irail.be/vehicle/IC2045,http://irail.be/stations/NMBS/008811189,IC,2017-11-10T23:52:00,2017-11-10T23:52:00,44,44
http://irail.be/vehicle/IC2045,http://irail.be/stations/NMBS/008811148,IC,2017-11-10T23:54:00,2017-11-10T23:54:00,35,35
http://irail.be/vehicle/IC2045,http://irail.be/stations/NMBS/008811007,IC,2017-11-10T23:57:00,2017-11-10T23:57:00,-20,-20
http://irail.be/vehicle/IC2045,http://irail.be/stations/NMBS/008812005,IC,2017-11-11T00:02:00,2017-11-11T00:02:00,191,121
http://irail.be/vehicle/IC2045,http://irail.be/stations/NMBS/008813045,IC,2017-11-11T00:04:00,2017-11-11T00:04:00,191,191
http://irail.be/vehicle/IC2045,http://irail.be/stations/NMBS/008813003,IC,2017-11-11T00:06:00,2017-11-11T00:05:00,312,327
http://irail.be/vehicle/IC2045,http://irail.be/stations/NMBS/008813037,IC,2017-11-11T00:07:00,2017-11-11T00:07:00,312,312
http://irail.be/vehicle/IC2045,http://irail.be/stations/NMBS/008814001,IC,2017-11-11T00:10:00,2017-11-11T00:10:00,,310
http://irail.be/vehicle/IC2045,http://irail.be/stations/NMBS/008821006,IC,2017-04-21T23:25:00,2017-04-21T23:25:00,27,
http://irail.be/vehicle/IC2045,http://irail.be/stations/NMBS/008821121,IC,2017-04-21T23:31:00,2017-04-21T23:29:00,95,95
http://irail.be/vehicle/IC2045,http://irail.be/stations/NMBS/008821154,IC,2017-04-21T23:33:00,2017-04-21T23:33:00,72,72
http://irail.be/vehicle/IC2045,http://irail.be/stations/NMBS/008821238,IC,2017-04-21T23:34:00,2017-04-21T23:34:00,47,47
http://irail.be/vehicle/IC2045,http://irail.be/stations/NMBS/008821337,IC,2017-04-21T23:35:00,2017-04-21T23:35:00,41,41
http://irail.be/vehicle/IC2045,NO-URI,IC,2017-04-21T23:36:00,2017-04-21T23:36:00,42,42
http://irail.be/vehicle/IC2045,http://irail.be/stations/NMBS/008822210,IC,2017-04-21T23:38:00,2017-04-21T23:38:00,51,51
http://irail.be/vehicle/IC2045,http://irail.be/stations/NMBS/008822228,IC,2017-04-21T23:39:00,2017-04-21T23:39:00,101,101
http://irail.be/vehicle/IC2045,http://irail.be/stations/NMBS/008822343,IC,2017-04-21T23:41:00,2017-04-21T23:41:00,53,53
http://irail.be/vehicle/IC2045,http://irail.be/stations/NMBS/008822004,IC,2017-04-21T23:45:00,2017-04-21T23:43:00,38,53
http://irail.be/vehicle/IC2045,http://irail.be/stations/NMBS/008822251,IC,2017-04-21T23:49:00,2017-04-21T23:49:00,-15,-15
http://irail.be/vehicle/IC2045,http://irail.be/stations/NMBS/008822269,IC,2017-04-21T23:50:00,2017-04-21T23:50:00,-15,-15
http://irail.be/vehicle/IC2045,http://irail.be/stations/NMBS/008811189,IC,2017-04-21T23:52:00,2017-04-21T23:52:00,-37,-37
http://irail.be/vehicle/IC2045,http://irail.be/stations/NMBS/008811148,IC,2017-04-21T23:54:00,2017-04-21T23:54:00,-46,-46
http://irail.be/vehicle/IC2045,http://irail.be/stations/NMBS/008811007,IC,2017-04-21T23:57:00,2017-04-21T23:57:00,-100,-100
http://irail.be/vehicle/IC2045,http://irail.be/stations/NMBS/008812005,IC,2017-04-22T00:02:00,2017-04-22T00:02:00,70,-85
http://irail.be/vehicle/IC2045,http://irail.be/stations/NMBS/008813045,IC,2017-04-22T00:04:00,2017-04-22T00:04:00,69,69
http://irail.be/vehicle/IC2045,http://irail.be/stations/NMBS/008813003,IC,2017-04-22T00:06:00,2017-04-22T00:05:00,262,235
http://irail.be/vehicle/IC2045,http://irail.be/stations/NMBS/008813037,IC,2017-04-22T00:07:00,2017-04-22T00:07:00,262,262
http://irail.be/vehicle/IC2045,http://irail.be/stations/NMBS/008814001,IC,2017-04-22T00:10:00,2017-04-22T00:10:00,,262
http://irail.be/vehicle/IC2045,http://irail.be/stations/NMBS/008821006,IC,2017-06-08T23:25:00,2017-06-08T23:25:00,24,
http://irail.be/vehicle/IC2045,http://irail.be/stations/NMBS/008821121,IC,2017-06-08T23:31:00,2017-06-08T23:29:00,41,41
http://irail.be/vehicle/IC2045,http://irail.be/stations/NMBS/008821154,IC,2017-06-08T23:33:00,2017-06-08T23:33:00,20,20
http://irail.be/vehicle/IC2045,http://irail.be/stations/NMBS/008821238,IC,2017-06-08T23:34:00,2017-06-08T23:34:00,-2,-2
http://irail.be/vehicle/IC2045,http://irail.be/stations/NMBS/008821337,IC,2017-06-08T23:35:00,2017-06-08T23:35:00,-7,-7
http://irail.be/vehicle/IC2045,NO-URI,IC,2017-06-08T23:36:00,2017-06-08T23:36:00,-8,-8
http://irail.be/vehicle/IC2045,http://irail.be/stations/NMBS/008822210,IC,2017-06-08T23:38:00,2017-06-08T23:38:00,0,0
http://irail.be/vehicle/IC2045,http://irail.be/stations/NMBS/008822228,IC,2017-06-08T23:39:00,2017-06-08T23:39:00,54,54
http://irail.be/vehicle/IC2045,http://irail.be/stations/NMBS/008822343,IC,2017-06-08T23:41:00,2017-06-08T23:41:00,19,19
http://irail.be/vehicle/IC2045,http://irail.be/stations/NMBS/008822004,IC,2017-06-08T23:45:00,2017-06-08T23:43:00,33,19
http://irail.be/vehicle/IC2045,http://irail.be/stations/NMBS/008822251,IC,2017-06-08T23:49:00,2017-06-08T23:49:00,-21,-21
http://irail.be/vehicle/IC2045,http://irail.be/stations/NMBS/008822269,IC,2017-06-08T23:50:00,2017-06-08T23:50:00,-21,-21
http://irail.be/vehicle/IC2045,http://irail.be/stations/NMBS/008811189,IC,2017-06-08T23:52:00,2017-06-08T23:52:00,-24,-24
http://irail.be/vehicle/IC2045,http://irail.be/stations/NMBS/008811148,IC,2017-06-08T23:54:00,2017-06-08T23:54:00,-34,-34
http://irail.be/vehicle/IC2045,http://irail.be/stations/NMBS/008811007,IC,2017-06-08T23:57:00,2017-06-08T23:57:00,-77,-77
http://irail.be/vehicle/IC2045,http://irail.be/stations/NMBS/008812005,IC,2017-06-09T00:02:00,2017-06-09T00:02:00,16,-64
http://irail.be/vehicle/IC2045,http://irail.be/stations/NMBS/008813045,IC,2017-06-09T00:04:00,2017-06-09T00:04:00,14,14
http://irail.be/vehicle/IC2045,http://irail.be/stations/NMBS/008813003,IC,2017-06-09T00:06:00,2017-06-09T00:05:00,26,35
http://irail.be/vehicle/IC2045,http://irail.be/stations/NMBS/008813037,IC,2017-06-09T00:07:00,2017-06-09T00:07:00,27,27
http://irail.be/vehicle/IC2045,http://irail.be/stations/NMBS/008814001,IC,2017-06-09T00:10:00,2017-06-09T00:10:00,,17
http://irail.be/vehicle/IC2045,http://irail.be/stations/NMBS/008821006,IC,2017-07-05T23:25:00,2017-07-05T23:25:00,135,
http://irail.be/vehicle/IC2045,http://irail.be/stations/NMBS/008821121,IC,2017-07-05T23:31:00,2017-07-05T23:29:00,58,58
http://irail.be/vehicle/IC2045,http://irail.be/stations/NMBS/008821154,IC,2017-07-05T23:33:00,2017-07-05T23:33:00,34,34
http://irail.be/vehicle/IC2045,http://irail.be/stations/NMBS/008821238,IC,2017-07-05T23:34:00,2017-07-05T23:34:00,10,10
http://irail.be/vehicle/IC2045,http://irail.be/stations/NMBS/008821337,IC,2017-07-05T23:35:00,2017-07-05T23:35:00,2,2
http://irail.be/vehicle/IC2045,http://irail.be/stations/NMBS/008821311,IC,2017-07-05T23:36:00,2017-07-05T23:36:00,0,0
http://irail.be/vehicle/IC2045,http://irail.be/stations/NMBS/008822210,IC,2017-07-05T23:38:00,2017-07-05T23:38:00,6,6
http://irail.be/vehicle/IC2045,http://irail.be/stations/NMBS/008822228,IC,2017-07-05T23:39:00,2017-07-05T23:39:00,57,57
http://irail.be/vehicle/IC2045,http://irail.be/stations/NMBS/008822343,IC,2017-07-05T23:41:00,2017-07-05T23:41:00,14,14
http://irail.be/vehicle/IC2045,http://irail.be/stations/NMBS/008822004,IC,2017-07-05T23:45:00,2017-07-05T23:43:00,30,14
http://irail.be/vehicle/IC2045,http://irail.be/stations/NMBS/008822251,IC,2017-07-05T23:49:00,2017-07-05T23:49:00,-35,-35
http://irail.be/vehicle/IC2045,http://irail.be/stations/NMBS/008822269,IC,2017-07-05T23:50:00,2017-07-05T23:50:00,-35,-35
http://irail.be/vehicle/IC2045,http://irail.be/stations/NMBS/008811189,IC,2017-07-05T23:52:00,2017-07-05T23:52:00,-37,-37
http://irail.be/vehicle/IC2045,http://irail.be/stations/NMBS/008811148,IC,2017-07-05T23:54:00,2017-07-05T23:54:00,-49,-49
http://irail.be/vehicle/IC2045,http://irail.be/stations/NMBS/008811007,IC,2017-07-05T23:57:00,2017-07-05T23:57:00,36,36
http://irail.be/vehicle/IC2045,http://irail.be/stations/NMBS/008812005,IC,2017-07-06T00:02:00,2017-07-06T00:02:00,9,61
http://irail.be/vehicle/IC2045,http://irail.be/stations/NMBS/008813045,IC,2017-07-06T00:04:00,2017-07-06T00:04:00,14,14
http://irail.be/vehicle/IC2045,http://irail.be/stations/NMBS/008813003,IC,2017-07-06T00:06:00,2017-07-06T00:05:00,25,36
http://irail.be/vehicle/IC2045,http://irail.be/stations/NMBS/008813037,IC,2017-07-06T00:07:00,2017-07-06T00:07:00,26,26
http://irail.be/vehicle/IC2045,http://irail.be/stations/NMBS/008814001,IC,2017-07-06T00:10:00,2017-07-06T00:10:00,,26
http://irail.be/vehicle/IC2045,http://irail.be/stations/NMBS/008821006,IC,2017-03-20T23:25:00,2017-03-20T23:25:00,6,
http://irail.be/vehicle/IC2045,http://irail.be/stations/NMBS/008821121,IC,2017-03-20T23:31:00,2017-03-20T23:29:00,38,38
http://irail.be/vehicle/IC2045,http://irail.be/stations/NMBS/008821154,IC,2017-03-20T23:33:00,2017-03-20T23:33:00,16,16
http://irail.be/vehicle/IC2045,http://irail.be/stations/NMBS/008821238,IC,2017-03-20T23:34:00,2017-03-20T23:34:00,-9,-10
http://irail.be/vehicle/IC2045,http://irail.be/stations/NMBS/008821337,IC,2017-03-20T23:35:00,2017-03-20T23:35:00,-14,-14
http://irail.be/vehicle/IC2045,NO-URI,IC,2017-03-20T23:36:00,2017-03-20T23:36:00,-14,-14
http://irail.be/vehicle/IC2045,http://irail.be/stations/NMBS/008822210,IC,2017-03-20T23:38:00,2017-03-20T23:38:00,-7,-7
http://irail.be/vehicle/IC2045,http://irail.be/stations/NMBS/008822228,IC,2017-03-20T23:39:00,2017-03-20T23:39:00,59,59
http://irail.be/vehicle/IC2045,http://irail.be/stations/NMBS/008822343,IC,2017-03-20T23:41:00,2017-03-20T23:41:00,21,21
http://irail.be/vehicle/IC2045,http://irail.be/stations/NMBS/008822004,IC,2017-03-20T23:45:00,2017-03-20T23:43:00,57,21
http://irail.be/vehicle/IC2045,http://irail.be/stations/NMBS/008822251,IC,2017-03-20T23:49:00,2017-03-20T23:49:00,26,26
http://irail.be/vehicle/IC2045,http://irail.be/stations/NMBS/008822269,IC,2017-03-20T23:50:00,2017-03-20T23:50:00,26,26
http://irail.be/vehicle/IC2045,http://irail.be/stations/NMBS/008811189,IC,2017-03-20T23:52:00,2017-03-20T23:52:00,150,150
http://irail.be/vehicle/IC2045,NO-URI,IC,2017-03-20T23:54:00,2017-03-20T23:54:00,265,265
http://irail.be/vehicle/IC2045,NO-URI,IC,2017-03-20T23:54:00,2017-03-20T23:54:00,283,283
http://irail.be/vehicle/IC2045,http://irail.be/stations/NMBS/008811007,IC,2017-03-20T23:57:00,2017-03-20T23:57:00,345,345
http://irail.be/vehicle/IC2045,http://irail.be/stations/NMBS/008812005,IC,2017-03-21T00:02:00,2017-03-21T00:02:00,316,359
http://irail.be/vehicle/IC2045,http://irail.be/stations/NMBS/008813045,IC,2017-03-21T00:04:00,2017-03-21T00:04:00,319,319
http://irail.be/vehicle/IC2045,http://irail.be/stations/NMBS/008813003,IC,2017-03-21T00:06:00,2017-03-21T00:05:00,461,429
http://irail.be/vehicle/IC2045,http://irail.be/stations/NMBS/008813037,IC,2017-03-21T00:07:00,2017-03-21T00:07:00,465,465
http://irail.be/vehicle/IC2045,http://irail.be/stations/NMBS/008814001,IC,2017-03-21T00:10:00,2017-03-21T00:10:00,,469
http://irail.be/vehicle/IC2045,http://irail.be/stations/NMBS/008821006,IC,2017-05-12T23:25:00,2017-05-12T23:25:00,27,
http://irail.be/vehicle/IC2045,http://irail.be/stations/NMBS/008821121,IC,2017-05-12T23:31:00,2017-05-12T23:29:00,33,33
http://irail.be/vehicle/IC2045,http://irail.be/stations/NMBS/008821154,IC,2017-05-12T23:33:00,2017-05-12T23:33:00,12,12
http://irail.be/vehicle/IC2045,http://irail.be/stations/NMBS/008821238,IC,2017-05-12T23:34:00,2017-05-12T23:34:00,-11,-11
http://irail.be/vehicle/IC2045,http://irail.be/stations/NMBS/008821337,IC,2017-05-12T23:35:00,2017-05-12T23:35:00,-20,-20
http://irail.be/vehicle/IC2045,NO-URI,IC,2017-05-12T23:36:00,2017-05-12T23:36:00,-21,-21
http://irail.be/vehicle/IC2045,http://irail.be/stations/NMBS/008822210,IC,2017-05-12T23:38:00,2017-05-12T23:38:00,-15,-15
http://irail.be/vehicle/IC2045,http://irail.be/stations/NMBS/008822228,IC,2017-05-12T23:39:00,2017-05-12T23:39:00,32,32
http://irail.be/vehicle/IC2045,http://irail.be/stations/NMBS/008822343,IC,2017-05-12T23:41:00,2017-05-12T23:41:00,12,12
http://irail.be/vehicle/IC2045,http://irail.be/stations/NMBS/008822004,IC,2017-05-12T23:45:00,2017-05-12T23:43:00,76,12
http://irail.be/vehicle/IC2045,http://irail.be/stations/NMBS/008822251,IC,2017-05-12T23:49:00,2017-05-12T23:49:00,15,15
http://irail.be/vehicle/IC2045,http://irail.be/stations/NMBS/008822269,IC,2017-05-12T23:50:00,2017-05-12T23:50:00,15,15
http://irail.be/vehicle/IC2045,http://irail.be/stations/NMBS/008811189,IC,2017-05-12T23:52:00,2017-05-12T23:52:00,8,8
http://irail.be/vehicle/IC2045,http://irail.be/stations/NMBS/008811148,IC,2017-05-12T23:54:00,2017-05-12T23:54:00,-3,-3
http://irail.be/vehicle/IC2045,http://irail.be/stations/NMBS/008811007,IC,2017-05-12T23:57:00,2017-05-12T23:57:00,-79,-79
http://irail.be/vehicle/IC2045,http://irail.be/stations/NMBS/008812005,IC,2017-05-13T00:02:00,2017-05-13T00:02:00,168,-68
http://irail.be/vehicle/IC2045,http://irail.be/stations/NMBS/008813045,IC,2017-05-13T00:04:00,2017-05-13T00:04:00,179,179
http://irail.be/vehicle/IC2045,http://irail.be/stations/NMBS/008813003,IC,2017-05-13T00:06:00,2017-05-13T00:05:00,321,316
http://irail.be/vehicle/IC2045,http://irail.be/stations/NMBS/008813037,IC,2017-05-13T00:07:00,2017-05-13T00:07:00,321,321
http://irail.be/vehicle/IC2045,http://irail.be/stations/NMBS/008814001,IC,2017-05-13T00:10:00,2017-05-13T00:10:00,,319
http://irail.be/vehicle/IC2045,http://irail.be/stations/NMBS/008821006,IC,2017-11-22T23:25:00,2017-11-22T23:25:00,38,
http://irail.be/vehicle/IC2045,http://irail.be/stations/NMBS/008821121,IC,2017-11-22T23:31:00,2017-11-22T23:29:00,80,80
http://irail.be/vehicle/IC2045,http://irail.be/stations/NMBS/008821154,IC,2017-11-22T23:33:00,2017-11-22T23:33:00,62,62
http://irail.be/vehicle/IC2045,http://irail.be/stations/NMBS/008821238,IC,2017-11-22T23:34:00,2017-11-22T23:34:00,39,39
http://irail.be/vehicle/IC2045,http://irail.be/stations/NMBS/008821337,IC,2017-11-22T23:35:00,2017-11-22T23:35:00,34,34
http://irail.be/vehicle/IC2045,http://irail.be/stations/NMBS/008821311,IC,2017-11-22T23:36:00,2017-11-22T23:36:00,33,33
http://irail.be/vehicle/IC2045,http://irail.be/stations/NMBS/008822210,IC,2017-11-22T23:38:00,2017-11-22T23:38:00,40,40
http://irail.be/vehicle/IC2045,http://irail.be/stations/NMBS/008822228,IC,2017-11-22T23:39:00,2017-11-22T23:39:00,92,92
http://irail.be/vehicle/IC2045,http://irail.be/stations/NMBS/008822343,IC,2017-11-22T23:41:00,2017-11-22T23:41:00,66,66
http://irail.be/vehicle/IC2045,http://irail.be/stations/NMBS/008822004,IC,2017-11-22T23:45:00,2017-11-22T23:43:00,103,66
http://irail.be/vehicle/IC2045,http://irail.be/stations/NMBS/008822251,IC,2017-11-22T23:49:00,2017-11-22T23:49:00,123,123
http://irail.be/vehicle/IC2045,http://irail.be/stations/NMBS/008822269,IC,2017-11-22T23:50:00,2017-11-22T23:50:00,123,123
http://irail.be/vehicle/IC2045,http://irail.be/stations/NMBS/008811189,IC,2017-11-22T23:52:00,2017-11-22T23:52:00,133,133
http://irail.be/vehicle/IC2045,http://irail.be/stations/NMBS/008811148,IC,2017-11-22T23:54:00,2017-11-22T23:54:00,122,122
http://irail.be/vehicle/IC2045,http://irail.be/stations/NMBS/008811007,IC,2017-11-22T23:57:00,2017-11-22T23:57:00,66,66
http://irail.be/vehicle/IC2045,http://irail.be/stations/NMBS/008812005,IC,2017-11-23T00:02:00,2017-11-23T00:02:00,152,53
http://irail.be/vehicle/IC2045,http://irail.be/stations/NMBS/008813045,IC,2017-11-23T00:04:00,2017-11-23T00:04:00,165,165
http://irail.be/vehicle/IC2045,http://irail.be/stations/NMBS/008813003,IC,2017-11-23T00:06:00,2017-11-23T00:05:00,264,262
http://irail.be/vehicle/IC2045,http://irail.be/stations/NMBS/008813037,IC,2017-11-23T00:07:00,2017-11-23T00:07:00,264,264
http://irail.be/vehicle/IC2045,http://irail.be/stations/NMBS/008814001,IC,2017-11-23T00:10:00,2017-11-23T00:10:00,,270
http://irail.be/vehicle/IC2045,http://irail.be/stations/NMBS/008821006,IC,2017-02-02T23:25:00,2017-02-02T23:25:00,34,
http://irail.be/vehicle/IC2045,http://irail.be/stations/NMBS/008821121,IC,2017-02-02T23:31:00,2017-02-02T23:29:00,61,61
http://irail.be/vehicle/IC2045,http://irail.be/stations/NMBS/008821154,IC,2017-02-02T23:33:00,2017-02-02T23:33:00,54,54
http://irail.be/vehicle/IC2045,http://irail.be/stations/NMBS/008821238,IC,2017-02-02T23:34:00,2017-02-02T23:34:00,31,31
http://irail.be/vehicle/IC2045,http://irail.be/stations/NMBS/008821337,IC,2017-02-02T23:35:00,2017-02-02T23:35:00,24,24
http://irail.be/vehicle/IC2045,NO-URI,IC,2017-02-02T23:36:00,2017-02-02T23:36:00,22,22
http://irail.be/vehicle/IC2045,http://irail.be/stations/NMBS/008822210,IC,2017-02-02T23:38:00,2017-02-02T23:38:00,29,29
http://irail.be/vehicle/IC2045,http://irail.be/stations/NMBS/008822228,IC,2017-02-02T23:39:00,2017-02-02T23:39:00,82,82
http://irail.be/vehicle/IC2045,http://irail.be/stations/NMBS/008822343,IC,2017-02-02T23:41:00,2017-02-02T23:41:00,36,36
http://irail.be/vehicle/IC2045,http://irail.be/stations/NMBS/008822004,IC,2017-02-02T23:45:00,2017-02-02T23:43:00,30,36
http://irail.be/vehicle/IC2045,http://irail.be/stations/NMBS/008822251,IC,2017-02-02T23:49:00,2017-02-02T23:49:00,-8,-8
http://irail.be/vehicle/IC2045,http://irail.be/stations/NMBS/008822269,IC,2017-02-02T23:50:00,2017-02-02T23:50:00,-8,-8
http://irail.be/vehicle/IC2045,http://irail.be/stations/NMBS/008811189,IC,2017-02-02T23:52:00,2017-02-02T23:52:00,-31,-31
http://irail.be/vehicle/IC2045,http://irail.be/stations/NMBS/008811148,IC,2017-02-02T23:54:00,2017-02-02T23:54:00,-41,-41
http://irail.be/vehicle/IC2045,http://irail.be/stations/NMBS/008811007,IC,2017-02-02T23:57:00,2017-02-02T23:57:00,159,159
http://irail.be/vehicle/IC2045,http://irail.be/stations/NMBS/008812005,IC,2017-02-03T00:02:00,2017-02-03T00:02:00,219,279
http://irail.be/vehicle/IC2045,http://irail.be/stations/NMBS/008813045,IC,2017-02-03T00:04:00,2017-02-03T00:04:00,227,227
http://irail.be/vehicle/IC2045,http://irail.be/stations/NMBS/008813003,IC,2017-02-03T00:06:00,2017-02-03T00:05:00,330,319
http://irail.be/vehicle/IC2045,http://irail.be/stations/NMBS/008813037,IC,2017-02-03T00:07:00,2017-02-03T00:07:00,334,334
http://irail.be/vehicle/IC2045,http://irail.be/stations/NMBS/008814001,IC,2017-02-03T00:10:00,2017-02-03T00:10:00,,341
http://irail.be/vehicle/IC2045,http://irail.be/stations/NMBS/008821006,IC,2017-02-06T23:25:00,2017-02-06T23:25:00,6,
http://irail.be/vehicle/IC2045,http://irail.be/stations/NMBS/008821121,IC,2017-02-06T23:31:00,2017-02-06T23:29:00,33,33
http://irail.be/vehicle/IC2045,http://irail.be/stations/NMBS/008821154,IC,2017-02-06T23:33:00,2017-02-06T23:33:00,10,10
http://irail.be/vehicle/IC2045,http://irail.be/stations/NMBS/008821238,IC,2017-02-06T23:34:00,2017-02-06T23:34:00,-15,-15
http://irail.be/vehicle/IC2045,http://irail.be/stations/NMBS/008821337,IC,2017-02-06T23:35:00,2017-02-06T23:35:00,-23,-23
http://irail.be/vehicle/IC2045,NO-URI,IC,2017-02-06T23:36:00,2017-02-06T23:36:00,-24,-24
http://irail.be/vehicle/IC2045,http://irail.be/stations/NMBS/008822210,IC,2017-02-06T23:38:00,2017-02-06T23:38:00,-17,-17
http://irail.be/vehicle/IC2045,http://irail.be/stations/NMBS/008822228,IC,2017-02-06T23:39:00,2017-02-06T23:39:00,33,33
http://irail.be/vehicle/IC2045,http://irail.be/stations/NMBS/008822343,IC,2017-02-06T23:41:00,2017-02-06T23:41:00,18,18
http://irail.be/vehicle/IC2045,http://irail.be/stations/NMBS/008822004,IC,2017-02-06T23:45:00,2017-02-06T23:43:00,11,18
http://irail.be/vehicle/IC2045,http://irail.be/stations/NMBS/008822251,IC,2017-02-06T23:49:00,2017-02-06T23:49:00,-28,-28
http://irail.be/vehicle/IC2045,http://irail.be/stations/NMBS/008822269,IC,2017-02-06T23:50:00,2017-02-06T23:50:00,-28,-28
http://irail.be/vehicle/IC2045,http://irail.be/stations/NMBS/008811189,IC,2017-02-06T23:52:00,2017-02-06T23:52:00,-52,-52
http://irail.be/vehicle/IC2045,http://irail.be/stations/NMBS/008811148,IC,2017-02-06T23:54:00,2017-02-06T23:54:00,-61,-61
http://irail.be/vehicle/IC2045,http://irail.be/stations/NMBS/008811007,IC,2017-02-06T23:57:00,2017-02-06T23:57:00,-1,-1
http://irail.be/vehicle/IC2045,http://irail.be/stations/NMBS/008812005,IC,2017-02-07T00:02:00,2017-02-07T00:02:00,78,31
http://irail.be/vehicle/IC2045,http://irail.be/stations/NMBS/008813045,IC,2017-02-07T00:04:00,2017-02-07T00:04:00,125,125
http://irail.be/vehicle/IC2045,http://irail.be/stations/NMBS/008813003,IC,2017-02-07T00:06:00,2017-02-07T00:05:00,157,175
http://irail.be/vehicle/IC2045,http://irail.be/stations/NMBS/008813037,IC,2017-02-07T00:07:00,2017-02-07T00:07:00,157,157
http://irail.be/vehicle/IC2045,http://irail.be/stations/NMBS/008814001,IC,2017-02-07T00:10:00,2017-02-07T00:10:00,,161
http://irail.be/vehicle/IC2045,http://irail.be/stations/NMBS/008821006,IC,2017-08-02T23:25:00,2017-08-02T23:25:00,16,
http://irail.be/vehicle/IC2045,http://irail.be/stations/NMBS/008821121,IC,2017-08-02T23:31:00,2017-08-02T23:29:00,44,44
http://irail.be/vehicle/IC2045,http://irail.be/stations/NMBS/008821154,IC,2017-08-02T23:33:00,2017-08-02T23:33:00,18,18
http://irail.be/vehicle/IC2045,http://irail.be/stations/NMBS/008821238,IC,2017-08-02T23:34:00,2017-08-02T23:34:00,-4,-4
http://irail.be/vehicle/IC2045,http://irail.be/stations/NMBS/008821337,IC,2017-08-02T23:35:00,2017-08-02T23:35:00,0,0
http://irail.be/vehicle/IC2045,http://irail.be/stations/NMBS/008821311,IC,2017-08-02T23:36:00,2017-08-02T23:36:00,5,5
http://irail.be/vehicle/IC2045,http://irail.be/stations/NMBS/008822210,IC,2017-08-02T23:38:00,2017-08-02T23:38:00,16,16
http://irail.be/vehicle/IC2045,http://irail.be/stations/NMBS/008822228,IC,2017-08-02T23:39:00,2017-08-02T23:39:00,63,63
http://irail.be/vehicle/IC2045,http://irail.be/stations/NMBS/008822343,IC,2017-08-02T23:41:00,2017-08-02T23:41:00,10,10
http://irail.be/vehicle/IC2045,http://irail.be/stations/NMBS/008822004,IC,2017-08-02T23:45:00,2017-08-02T23:43:00,57,10
http://irail.be/vehicle/IC2045,http://irail.be/stations/NMBS/008822251,IC,2017-08-02T23:49:00,2017-08-02T23:49:00,-13,-13
http://irail.be/vehicle/IC2045,http://irail.be/stations/NMBS/008822269,IC,2017-08-02T23:50:00,2017-08-02T23:50:00,-13,-13
http://irail.be/vehicle/IC2045,http://irail.be/stations/NMBS/008811189,IC,2017-08-02T23:52:00,2017-08-02T23:52:00,-18,-18
http://irail.be/vehicle/IC2045,http://irail.be/stations/NMBS/008811148,IC,2017-08-02T23:54:00,2017-08-02T23:54:00,-30,-30
http://irail.be/vehicle/IC2045,http://irail.be/stations/NMBS/008811007,IC,2017-08-02T23:57:00,2017-08-02T23:57:00,231,231
http://irail.be/vehicle/IC2045,http://irail.be/stations/NMBS/008812005,IC,2017-08-03T00:02:00,2017-08-03T00:02:00,172,252
http://irail.be/vehicle/IC2045,http://irail.be/stations/NMBS/008813045,IC,2017-08-03T00:04:00,2017-08-03T00:04:00,177,177
http://irail.be/vehicle/IC2045,http://irail.be/stations/NMBS/008813003,IC,2017-08-03T00:06:00,2017-08-03T00:05:00,191,202
http://irail.be/vehicle/IC2045,http://irail.be/stations/NMBS/008813037,IC,2017-08-03T00:07:00,2017-08-03T00:07:00,190,190
http://irail.be/vehicle/IC2045,http://irail.be/stations/NMBS/008814001,IC,2017-08-03T00:10:00,2017-08-03T00:10:00,,182
http://irail.be/vehicle/IC2045,http://irail.be/stations/NMBS/008821006,IC,2017-02-21T23:25:00,2017-02-21T23:25:00,15,
http://irail.be/vehicle/IC2045,http://irail.be/stations/NMBS/008821121,IC,2017-02-21T23:31:00,2017-02-21T23:29:00,31,31
http://irail.be/vehicle/IC2045,http://irail.be/stations/NMBS/008821154,IC,2017-02-21T23:33:00,2017-02-21T23:33:00,10,10
http://irail.be/vehicle/IC2045,http://irail.be/stations/NMBS/008821238,IC,2017-02-21T23:34:00,2017-02-21T23:34:00,-13,-13
http://irail.be/vehicle/IC2045,http://irail.be/stations/NMBS/008821337,IC,2017-02-21T23:35:00,2017-02-21T23:35:00,-23,-23
http://irail.be/vehicle/IC2045,NO-URI,IC,2017-02-21T23:36:00,2017-02-21T23:36:00,-24,-24
http://irail.be/vehicle/IC2045,http://irail.be/stations/NMBS/008822210,IC,2017-02-21T23:38:00,2017-02-21T23:38:00,-18,-18
http://irail.be/vehicle/IC2045,http://irail.be/stations/NMBS/008822228,IC,2017-02-21T23:39:00,2017-02-21T23:39:00,30,30
http://irail.be/vehicle/IC2045,http://irail.be/stations/NMBS/008822343,IC,2017-02-21T23:41:00,2017-02-21T23:41:00,-10,-10
http://irail.be/vehicle/IC2045,http://irail.be/stations/NMBS/008822004,IC,2017-02-21T23:45:00,2017-02-21T23:43:00,18,-10
http://irail.be/vehicle/IC2045,http://irail.be/stations/NMBS/008822251,IC,2017-02-21T23:49:00,2017-02-21T23:49:00,-28,-28
http://irail.be/vehicle/IC2045,http://irail.be/stations/NMBS/008822269,IC,2017-02-21T23:50:00,2017-02-21T23:50:00,-28,-28
http://irail.be/vehicle/IC2045,http://irail.be/stations/NMBS/008811189,IC,2017-02-21T23:52:00,2017-02-21T23:52:00,-55,-55
http://irail.be/vehicle/IC2045,http://irail.be/stations/NMBS/008811148,IC,2017-02-21T23:54:00,2017-02-21T23:54:00,-67,-67
http://irail.be/vehicle/IC2045,http://irail.be/stations/NMBS/008811007,IC,2017-02-21T23:57:00,2017-02-21T23:57:00,117,117
http://irail.be/vehicle/IC2045,http://irail.be/stations/NMBS/008812005,IC,2017-02-22T00:02:00,2017-02-22T00:02:00,67,131
http://irail.be/vehicle/IC2045,http://irail.be/stations/NMBS/008813045,IC,2017-02-22T00:04:00,2017-02-22T00:04:00,73,73
http://irail.be/vehicle/IC2045,http://irail.be/stations/NMBS/008813003,IC,2017-02-22T00:06:00,2017-02-22T00:05:00,168,167
http://irail.be/vehicle/IC2045,http://irail.be/stations/NMBS/008813037,IC,2017-02-22T00:07:00,2017-02-22T00:07:00,168,168
http://irail.be/vehicle/IC2045,http://irail.be/stations/NMBS/008814001,IC,2017-02-22T00:10:00,2017-02-22T00:10:00,,177
http://irail.be/vehicle/IC2045,http://irail.be/stations/NMBS/008821006,IC,2017-03-16T23:25:00,2017-03-16T23:25:00,-40,
http://irail.be/vehicle/IC2045,http://irail.be/stations/NMBS/008821121,IC,2017-03-16T23:31:00,2017-03-16T23:29:00,38,38
http://irail.be/vehicle/IC2045,http://irail.be/stations/NMBS/008821154,IC,2017-03-16T23:33:00,2017-03-16T23:33:00,14,14
http://irail.be/vehicle/IC2045,http://irail.be/stations/NMBS/008821238,IC,2017-03-16T23:34:00,2017-03-16T23:34:00,-10,-10
http://irail.be/vehicle/IC2045,http://irail.be/stations/NMBS/008821337,IC,2017-03-16T23:35:00,2017-03-16T23:35:00,-18,-18
http://irail.be/vehicle/IC2045,NO-URI,IC,2017-03-16T23:36:00,2017-03-16T23:36:00,-21,-21
http://irail.be/vehicle/IC2045,http://irail.be/stations/NMBS/008822210,IC,2017-03-16T23:38:00,2017-03-16T23:38:00,-15,-15
http://irail.be/vehicle/IC2045,http://irail.be/stations/NMBS/008822228,IC,2017-03-16T23:39:00,2017-03-16T23:39:00,30,30
http://irail.be/vehicle/IC2045,http://irail.be/stations/NMBS/008822343,IC,2017-03-16T23:41:00,2017-03-16T23:41:00,-17,-17
http://irail.be/vehicle/IC2045,http://irail.be/stations/NMBS/008822004,IC,2017-03-16T23:45:00,2017-03-16T23:43:00,59,-17
http://irail.be/vehicle/IC2045,http://irail.be/stations/NMBS/008822251,IC,2017-03-16T23:49:00,2017-03-16T23:49:00,12,12
http://irail.be/vehicle/IC2045,http://irail.be/stations/NMBS/008822269,IC,2017-03-16T23:50:00,2017-03-16T23:50:00,12,12
http://irail.be/vehicle/IC2045,http://irail.be/stations/NMBS/008811189,IC,2017-03-16T23:52:00,2017-03-16T23:52:00,-13,-13
http://irail.be/vehicle/IC2045,http://irail.be/stations/NMBS/008811148,IC,2017-03-16T23:54:00,2017-03-16T23:54:00,-25,-25
http://irail.be/vehicle/IC2045,http://irail.be/stations/NMBS/008811007,IC,2017-03-16T23:57:00,2017-03-16T23:57:00,-83,-83
http://irail.be/vehicle/IC2045,http://irail.be/stations/NMBS/008812005,IC,2017-03-17T00:02:00,2017-03-17T00:02:00,-15,-94
http://irail.be/vehicle/IC2045,http://irail.be/stations/NMBS/008813045,IC,2017-03-17T00:04:00,2017-03-17T00:04:00,-21,-21
http://irail.be/vehicle/IC2045,http://irail.be/stations/NMBS/008813003,IC,2017-03-17T00:06:00,2017-03-17T00:05:00,-1,-2
http://irail.be/vehicle/IC2045,http://irail.be/stations/NMBS/008813037,IC,2017-03-17T00:07:00,2017-03-17T00:07:00,-3,-3
http://irail.be/vehicle/IC2045,http://irail.be/stations/NMBS/008814001,IC,2017-03-17T00:10:00,2017-03-17T00:10:00,,-5
http://irail.be/vehicle/IC2045,http://irail.be/stations/NMBS/008821006,IC,2017-01-24T23:25:00,2017-01-24T23:25:00,40,
http://irail.be/vehicle/IC2045,http://irail.be/stations/NMBS/008821121,IC,2017-01-24T23:31:00,2017-01-24T23:29:00,33,33
http://irail.be/vehicle/IC2045,http://irail.be/stations/NMBS/008821154,IC,2017-01-24T23:33:00,2017-01-24T23:33:00,11,11
http://irail.be/vehicle/IC2045,http://irail.be/stations/NMBS/008821238,IC,2017-01-24T23:34:00,2017-01-24T23:34:00,-13,-13
http://irail.be/vehicle/IC2045,http://irail.be/stations/NMBS/008821337,IC,2017-01-24T23:35:00,2017-01-24T23:35:00,-22,-22
http://irail.be/vehicle/IC2045,NO-URI,IC,2017-01-24T23:36:00,2017-01-24T23:36:00,-23,-23
http://irail.be/vehicle/IC2045,http://irail.be/stations/NMBS/008822210,IC,2017-01-24T23:38:00,2017-01-24T23:38:00,-16,-16
http://irail.be/vehicle/IC2045,http://irail.be/stations/NMBS/008822228,IC,2017-01-24T23:39:00,2017-01-24T23:39:00,28,28
http://irail.be/vehicle/IC2045,http://irail.be/stations/NMBS/008822343,IC,2017-01-24T23:41:00,2017-01-24T23:41:00,3,3
http://irail.be/vehicle/IC2045,http://irail.be/stations/NMBS/008822004,IC,2017-01-24T23:45:00,2017-01-24T23:43:00,27,3
http://irail.be/vehicle/IC2045,http://irail.be/stations/NMBS/008822251,IC,2017-01-24T23:49:00,2017-01-24T23:49:00,-15,-15
http://irail.be/vehicle/IC2045,http://irail.be/stations/NMBS/008822269,IC,2017-01-24T23:50:00,2017-01-24T23:50:00,-15,-15
http://irail.be/vehicle/IC2045,http://irail.be/stations/NMBS/008811189,IC,2017-01-24T23:52:00,2017-01-24T23:52:00,-42,-42
http://irail.be/vehicle/IC2045,http://irail.be/stations/NMBS/008811148,IC,2017-01-24T23:54:00,2017-01-24T23:54:00,-52,-52
http://irail.be/vehicle/IC2045,http://irail.be/stations/NMBS/008811007,IC,2017-01-24T23:57:00,2017-01-24T23:57:00,-108,-108
http://irail.be/vehicle/IC2045,http://irail.be/stations/NMBS/008812005,IC,2017-01-25T00:02:00,2017-01-25T00:02:00,81,-115
http://irail.be/vehicle/IC2045,http://irail.be/stations/NMBS/008813045,IC,2017-01-25T00:04:00,2017-01-25T00:04:00,119,119
http://irail.be/vehicle/IC2045,http://irail.be/stations/NMBS/008813003,IC,2017-01-25T00:06:00,2017-01-25T00:05:00,170,189
http://irail.be/vehicle/IC2045,http://irail.be/stations/NMBS/008813037,IC,2017-01-25T00:07:00,2017-01-25T00:07:00,170,170
http://irail.be/vehicle/IC2045,http://irail.be/stations/NMBS/008814001,IC,2017-01-25T00:10:00,2017-01-25T00:10:00,,170
http://irail.be/vehicle/IC2045,http://irail.be/stations/NMBS/008821006,IC,2017-02-03T23:25:00,2017-02-03T23:25:00,7,
http://irail.be/vehicle/IC2045,http://irail.be/stations/NMBS/008821121,IC,2017-02-03T23:31:00,2017-02-03T23:29:00,34,34
http://irail.be/vehicle/IC2045,http://irail.be/stations/NMBS/008821154,IC,2017-02-03T23:33:00,2017-02-03T23:33:00,11,11
http://irail.be/vehicle/IC2045,http://irail.be/stations/NMBS/008821238,IC,2017-02-03T23:34:00,2017-02-03T23:34:00,-12,-12
http://irail.be/vehicle/IC2045,http://irail.be/stations/NMBS/008821337,IC,2017-02-03T23:35:00,2017-02-03T23:35:00,-17,-17
http://irail.be/vehicle/IC2045,NO-URI,IC,2017-02-03T23:36:00,2017-02-03T23:36:00,-18,-18
http://irail.be/vehicle/IC2045,http://irail.be/stations/NMBS/008822210,IC,2017-02-03T23:38:00,2017-02-03T23:38:00,-11,-11
http://irail.be/vehicle/IC2045,http://irail.be/stations/NMBS/008822228,IC,2017-02-03T23:39:00,2017-02-03T23:39:00,50,50
http://irail.be/vehicle/IC2045,http://irail.be/stations/NMBS/008822343,IC,2017-02-03T23:41:00,2017-02-03T23:41:00,12,12
http://irail.be/vehicle/IC2045,http://irail.be/stations/NMBS/008822004,IC,2017-02-03T23:45:00,2017-02-03T23:43:00,10,12
http://irail.be/vehicle/IC2045,http://irail.be/stations/NMBS/008822251,IC,2017-02-03T23:49:00,2017-02-03T23:49:00,-27,-27
http://irail.be/vehicle/IC2045,http://irail.be/stations/NMBS/008822269,IC,2017-02-03T23:50:00,2017-02-03T23:50:00,-27,-27
http://irail.be/vehicle/IC2045,http://irail.be/stations/NMBS/008811189,IC,2017-02-03T23:52:00,2017-02-03T23:52:00,-44,-44
http://irail.be/vehicle/IC2045,http://irail.be/stations/NMBS/008811148,IC,2017-02-03T23:54:00,2017-02-03T23:54:00,-50,-50
http://irail.be/vehicle/IC2045,http://irail.be/stations/NMBS/008811007,IC,2017-02-03T23:57:00,2017-02-03T23:57:00,-99,-99
http://irail.be/vehicle/IC2045,http://irail.be/stations/NMBS/008812005,IC,2017-02-04T00:02:00,2017-02-04T00:02:00,-14,-98
http://irail.be/vehicle/IC2045,http://irail.be/stations/NMBS/008813045,IC,2017-02-04T00:04:00,2017-02-04T00:04:00,-17,-17
http://irail.be/vehicle/IC2045,http://irail.be/stations/NMBS/008813003,IC,2017-02-04T00:06:00,2017-02-04T00:05:00,18,3
http://irail.be/vehicle/IC2045,http://irail.be/stations/NMBS/008813037,IC,2017-02-04T00:07:00,2017-02-04T00:07:00,18,18
http://irail.be/vehicle/IC2045,http://irail.be/stations/NMBS/008814001,IC,2017-02-04T00:10:00,2017-02-04T00:10:00,,24
http://irail.be/vehicle/IC2045,http://irail.be/stations/NMBS/008821006,IC,2017-05-19T23:25:00,2017-05-19T23:25:00,322,
http://irail.be/vehicle/IC2045,http://irail.be/stations/NMBS/008821121,IC,2017-05-19T23:31:00,2017-05-19T23:29:00,475,514
http://irail.be/vehicle/IC2045,http://irail.be/stations/NMBS/008821154,IC,2017-05-19T23:33:00,2017-05-19T23:33:00,502,502
http://irail.be/vehicle/IC2045,http://irail.be/stations/NMBS/008821238,IC,2017-05-19T23:34:00,2017-05-19T23:34:00,482,482
http://irail.be/vehicle/IC2045,http://irail.be/stations/NMBS/008821337,IC,2017-05-19T23:35:00,2017-05-19T23:35:00,467,467
http://irail.be/vehicle/IC2045,NO-URI,IC,2017-05-19T23:36:00,2017-05-19T23:36:00,460,460
http://irail.be/vehicle/IC2045,http://irail.be/stations/NMBS/008822210,IC,2017-05-19T23:38:00,2017-05-19T23:38:00,462,462
http://irail.be/vehicle/IC2045,http://irail.be/stations/NMBS/008822228,IC,2017-05-19T23:39:00,2017-05-19T23:39:00,476,476
http://irail.be/vehicle/IC2045,http://irail.be/stations/NMBS/008822343,IC,2017-05-19T23:41:00,2017-05-19T23:41:00,464,464
http://irail.be/vehicle/IC2045,http://irail.be/stations/NMBS/008822004,IC,2017-05-19T23:45:00,2017-05-19T23:43:00,570,464
http://irail.be/vehicle/IC2045,http://irail.be/stations/NMBS/008822251,IC,2017-05-19T23:48:35,2017-05-19T23:49:00,700,570
http://irail.be/vehicle/IC2045,http://irail.be/stations/NMBS/008822269,IC,2017-05-19T23:50:00,2017-05-19T23:50:00,842,842
http://irail.be/vehicle/IC2045,http://irail.be/stations/NMBS/008811189,IC,2017-05-19T23:52:00,2017-05-19T23:52:00,842,842
http://irail.be/vehicle/IC2045,http://irail.be/stations/NMBS/008811148,IC,2017-05-19T23:54:00,2017-05-19T23:54:00,928,928
http://irail.be/vehicle/IC2045,http://irail.be/stations/NMBS/008811007,IC,2017-05-19T23:57:00,2017-05-19T23:57:00,935,935
http://irail.be/vehicle/IC2045,http://irail.be/stations/NMBS/008812005,IC,2017-05-20T00:02:00,2017-05-20T00:02:00,837,921
http://irail.be/vehicle/IC2045,http://irail.be/stations/NMBS/008813045,IC,2017-05-20T00:04:00,2017-05-20T00:04:00,836,836
http://irail.be/vehicle/IC2045,http://irail.be/stations/NMBS/008813003,IC,2017-05-20T00:06:00,2017-05-20T00:05:00,855,857
http://irail.be/vehicle/IC2045,http://irail.be/stations/NMBS/008813037,IC,2017-05-20T00:07:00,2017-05-20T00:07:00,854,854
http://irail.be/vehicle/IC2045,http://irail.be/stations/NMBS/008814001,IC,2017-05-20T00:10:00,2017-05-20T00:10:00,,848
http://irail.be/vehicle/IC2045,http://irail.be/stations/NMBS/008821006,IC,2017-07-28T23:25:00,2017-07-28T23:25:00,28,
http://irail.be/vehicle/IC2045,http://irail.be/stations/NMBS/008821121,IC,2017-07-28T23:31:00,2017-07-28T23:29:00,46,46
http://irail.be/vehicle/IC2045,http://irail.be/stations/NMBS/008821154,IC,2017-07-28T23:33:00,2017-07-28T23:33:00,35,35
http://irail.be/vehicle/IC2045,http://irail.be/stations/NMBS/008821238,IC,2017-07-28T23:34:00,2017-07-28T23:34:00,13,13
http://irail.be/vehicle/IC2045,http://irail.be/stations/NMBS/008821337,IC,2017-07-28T23:35:00,2017-07-28T23:35:00,7,7
http://irail.be/vehicle/IC2045,http://irail.be/stations/NMBS/008821311,IC,2017-07-28T23:36:00,2017-07-28T23:36:00,8,8
http://irail.be/vehicle/IC2045,http://irail.be/stations/NMBS/008822210,IC,2017-07-28T23:38:00,2017-07-28T23:38:00,14,14
http://irail.be/vehicle/IC2045,http://irail.be/stations/NMBS/008822228,IC,2017-07-28T23:39:00,2017-07-28T23:39:00,163,163
http://irail.be/vehicle/IC2045,http://irail.be/stations/NMBS/008822343,IC,2017-07-28T23:41:00,2017-07-28T23:41:00,167,167
http://irail.be/vehicle/IC2045,http://irail.be/stations/NMBS/008822004,IC,2017-07-28T23:45:00,2017-07-28T23:43:00,110,167
http://irail.be/vehicle/IC2045,http://irail.be/stations/NMBS/008822251,IC,2017-07-28T23:49:00,2017-07-28T23:49:00,47,47
http://irail.be/vehicle/IC2045,http://irail.be/stations/NMBS/008822269,IC,2017-07-28T23:50:00,2017-07-28T23:50:00,47,47
http://irail.be/vehicle/IC2045,http://irail.be/stations/NMBS/008811189,IC,2017-07-28T23:52:00,2017-07-28T23:52:00,53,53
http://irail.be/vehicle/IC2045,http://irail.be/stations/NMBS/008811148,IC,2017-07-28T23:54:00,2017-07-28T23:54:00,45,45
http://irail.be/vehicle/IC2045,http://irail.be/stations/NMBS/008811007,IC,2017-07-28T23:57:00,2017-07-28T23:57:00,16,16
http://irail.be/vehicle/IC2045,http://irail.be/stations/NMBS/008812005,IC,2017-07-29T00:02:00,2017-07-29T00:02:00,242,47
http://irail.be/vehicle/IC2045,http://irail.be/stations/NMBS/008813045,IC,2017-07-29T00:04:00,2017-07-29T00:04:00,245,245
http://irail.be/vehicle/IC2045,http://irail.be/stations/NMBS/008813003,IC,2017-07-29T00:06:00,2017-07-29T00:05:00,315,271
http://irail.be/vehicle/IC2045,http://irail.be/stations/NMBS/008813037,IC,2017-07-29T00:07:00,2017-07-29T00:07:00,317,317
http://irail.be/vehicle/IC2045,http://irail.be/stations/NMBS/008814001,IC,2017-07-29T00:10:00,2017-07-29T00:10:00,,317
http://irail.be/vehicle/IC2045,http://irail.be/stations/NMBS/008821006,IC,2017-03-24T23:25:00,2017-03-24T23:25:00,0,
http://irail.be/vehicle/IC2045,http://irail.be/stations/NMBS/008821121,IC,2017-03-24T23:31:00,2017-03-24T23:29:00,32,32
http://irail.be/vehicle/IC2045,http://irail.be/stations/NMBS/008821154,IC,2017-03-24T23:33:00,2017-03-24T23:33:00,50,49
http://irail.be/vehicle/IC2045,http://irail.be/stations/NMBS/008821238,IC,2017-03-24T23:34:00,2017-03-24T23:34:00,34,33
http://irail.be/vehicle/IC2045,http://irail.be/stations/NMBS/008821337,IC,2017-03-24T23:35:00,2017-03-24T23:35:00,27,27
http://irail.be/vehicle/IC2045,NO-URI,IC,2017-03-24T23:36:00,2017-03-24T23:36:00,25,25
http://irail.be/vehicle/IC2045,http://irail.be/stations/NMBS/008822210,IC,2017-03-24T23:38:00,2017-03-24T23:38:00,33,33
http://irail.be/vehicle/IC2045,http://irail.be/stations/NMBS/008822228,IC,2017-03-24T23:39:00,2017-03-24T23:39:00,88,88
http://irail.be/vehicle/IC2045,http://irail.be/stations/NMBS/008822343,IC,2017-03-24T23:41:00,2017-03-24T23:41:00,45,45
http://irail.be/vehicle/IC2045,http://irail.be/stations/NMBS/008822004,IC,2017-03-24T23:45:00,2017-03-24T23:43:00,4,45
http://irail.be/vehicle/IC2045,http://irail.be/stations/NMBS/008822251,IC,2017-03-24T23:49:00,2017-03-24T23:49:00,-40,-40
http://irail.be/vehicle/IC2045,http://irail.be/stations/NMBS/008822269,IC,2017-03-24T23:50:00,2017-03-24T23:50:00,-40,-40
http://irail.be/vehicle/IC2045,http://irail.be/stations/NMBS/008811189,IC,2017-03-24T23:52:00,2017-03-24T23:52:00,-65,-65
http://irail.be/vehicle/IC2045,http://irail.be/stations/NMBS/008811148,IC,2017-03-24T23:54:00,2017-03-24T23:54:00,-70,-70
http://irail.be/vehicle/IC2045,http://irail.be/stations/NMBS/008811007,IC,2017-03-24T23:57:00,2017-03-24T23:57:00,-117,-117
http://irail.be/vehicle/IC2045,http://irail.be/stations/NMBS/008812005,IC,2017-03-25T00:02:00,2017-03-25T00:02:00,-6,-123
http://irail.be/vehicle/IC2045,http://irail.be/stations/NMBS/008813045,IC,2017-03-25T00:04:00,2017-03-25T00:04:00,-2,-2
http://irail.be/vehicle/IC2045,http://irail.be/stations/NMBS/008813003,IC,2017-03-25T00:06:00,2017-03-25T00:05:00,22,22
http://irail.be/vehicle/IC2045,http://irail.be/stations/NMBS/008813037,IC,2017-03-25T00:07:00,2017-03-25T00:07:00,21,21
http://irail.be/vehicle/IC2045,http://irail.be/stations/NMBS/008814001,IC,2017-03-25T00:10:00,2017-03-25T00:10:00,,162
http://irail.be/vehicle/IC2045,http://irail.be/stations/NMBS/008821006,IC,2017-02-08T23:25:00,2017-02-08T23:25:00,58,
http://irail.be/vehicle/IC2045,http://irail.be/stations/NMBS/008821121,IC,2017-02-08T23:31:00,2017-02-08T23:29:00,32,32
http://irail.be/vehicle/IC2045,http://irail.be/stations/NMBS/008821154,IC,2017-02-08T23:33:00,2017-02-08T23:33:00,10,10
http://irail.be/vehicle/IC2045,http://irail.be/stations/NMBS/008821238,IC,2017-02-08T23:34:00,2017-02-08T23:34:00,-14,-14
http://irail.be/vehicle/IC2045,http://irail.be/stations/NMBS/008821337,IC,2017-02-08T23:35:00,2017-02-08T23:35:00,-24,-24
http://irail.be/vehicle/IC2045,NO-URI,IC,2017-02-08T23:36:00,2017-02-08T23:36:00,-26,-26
http://irail.be/vehicle/IC2045,http://irail.be/stations/NMBS/008822210,IC,2017-02-08T23:38:00,2017-02-08T23:38:00,-20,-20
http://irail.be/vehicle/IC2045,http://irail.be/stations/NMBS/008822228,IC,2017-02-08T23:39:00,2017-02-08T23:39:00,23,23
http://irail.be/vehicle/IC2045,http://irail.be/stations/NMBS/008822343,IC,2017-02-08T23:41:00,2017-02-08T23:41:00,-26,-26
http://irail.be/vehicle/IC2045,http://irail.be/stations/NMBS/008822004,IC,2017-02-08T23:45:00,2017-02-08T23:43:00,25,-26
http://irail.be/vehicle/IC2045,http://irail.be/stations/NMBS/008822251,IC,2017-02-08T23:49:00,2017-02-08T23:49:00,-11,-11
http://irail.be/vehicle/IC2045,http://irail.be/stations/NMBS/008822269,IC,2017-02-08T23:50:00,2017-02-08T23:50:00,-11,-11
http://irail.be/vehicle/IC2045,http://irail.be/stations/NMBS/008811189,IC,2017-02-08T23:52:00,2017-02-08T23:52:00,-34,-34
http://irail.be/vehicle/IC2045,http://irail.be/stations/NMBS/008811148,IC,2017-02-08T23:54:00,2017-02-08T23:54:00,-46,-46
http://irail.be/vehicle/IC2045,http://irail.be/stations/NMBS/008811007,IC,2017-02-08T23:57:00,2017-02-08T23:57:00,-37,-37
http://irail.be/vehicle/IC2045,http://irail.be/stations/NMBS/008812005,IC,2017-02-09T00:02:00,2017-02-09T00:02:00,97,22
http://irail.be/vehicle/IC2045,http://irail.be/stations/NMBS/008813045,IC,2017-02-09T00:04:00,2017-02-09T00:04:00,93,93
http://irail.be/vehicle/IC2045,http://irail.be/stations/NMBS/008813003,IC,2017-02-09T00:06:00,2017-02-09T00:05:00,183,188
http://irail.be/vehicle/IC2045,http://irail.be/stations/NMBS/008813037,IC,2017-02-09T00:07:00,2017-02-09T00:07:00,183,183
http://irail.be/vehicle/IC2045,http://irail.be/stations/NMBS/008814001,IC,2017-02-09T00:10:00,2017-02-09T00:10:00,,193
http://irail.be/vehicle/IC2045,NO-URI,IC,2017-12-14T23:11:00,2017-12-14T23:11:00,20,
http://irail.be/vehicle/IC2045,http://irail.be/stations/NMBS/008821089,IC,2017-12-14T23:17:00,2017-12-14T23:14:00,-34,-34
http://irail.be/vehicle/IC2045,http://irail.be/stations/NMBS/008821063,IC,2017-12-14T23:20:00,2017-12-14T23:20:00,-59,-59
http://irail.be/vehicle/IC2045,http://irail.be/stations/NMBS/008821006,IC,2017-12-14T23:26:00,2017-12-14T23:23:00,27,-43
http://irail.be/vehicle/IC2045,http://irail.be/stations/NMBS/008821121,IC,2017-12-14T23:31:00,2017-12-14T23:30:00,7,7
http://irail.be/vehicle/IC2045,http://irail.be/stations/NMBS/008821154,IC,2017-12-14T23:33:00,2017-12-14T23:33:00,-4,-4
http://irail.be/vehicle/IC2045,http://irail.be/stations/NMBS/008821238,IC,2017-12-14T23:34:00,2017-12-14T23:34:00,-19,-19
http://irail.be/vehicle/IC2045,http://irail.be/stations/NMBS/008821337,IC,2017-12-14T23:35:00,2017-12-14T23:35:00,-39,-39
http://irail.be/vehicle/IC2045,http://irail.be/stations/NMBS/008821311,IC,2017-12-14T23:36:00,2017-12-14T23:36:00,-46,-46
http://irail.be/vehicle/IC2045,http://irail.be/stations/NMBS/008822210,IC,2017-12-14T23:38:00,2017-12-14T23:38:00,-53,-53
http://irail.be/vehicle/IC2045,http://irail.be/stations/NMBS/008822228,IC,2017-12-14T23:39:00,2017-12-14T23:39:00,-41,-41
http://irail.be/vehicle/IC2045,http://irail.be/stations/NMBS/008822343,IC,2017-12-14T23:41:00,2017-12-14T23:41:00,-43,-43
http://irail.be/vehicle/IC2045,http://irail.be/stations/NMBS/008822004,IC,2017-12-14T23:44:00,2017-12-14T23:42:00,28,-43
http://irail.be/vehicle/IC2045,http://irail.be/stations/NMBS/008822251,IC,2017-12-14T23:49:00,2017-12-14T23:49:00,-75,-75
http://irail.be/vehicle/IC2045,http://irail.be/stations/NMBS/008822269,IC,2017-12-14T23:50:00,2017-12-14T23:50:00,-75,-75
http://irail.be/vehicle/IC2045,http://irail.be/stations/NMBS/008811189,IC,2017-12-14T23:52:00,2017-12-14T23:52:00,-83,-83
http://irail.be/vehicle/IC2045,http://irail.be/stations/NMBS/008811148,IC,2017-12-14T23:54:00,2017-12-14T23:54:00,-98,-98
http://irail.be/vehicle/IC2045,http://irail.be/stations/NMBS/008811007,IC,2017-12-14T23:57:00,2017-12-14T23:57:00,-169,-169
http://irail.be/vehicle/IC2045,http://irail.be/stations/NMBS/008812005,IC,2017-12-15T00:02:00,2017-12-14T23:59:00,69,-153
http://irail.be/vehicle/IC2045,http://irail.be/stations/NMBS/008813045,IC,2017-12-15T00:04:00,2017-12-15T00:04:00,70,70
http://irail.be/vehicle/IC2045,http://irail.be/stations/NMBS/008813003,IC,2017-12-15T00:06:00,2017-12-15T00:05:00,189,181
http://irail.be/vehicle/IC2045,http://irail.be/stations/NMBS/008813037,IC,2017-12-15T00:07:00,2017-12-15T00:07:00,189,189
http://irail.be/vehicle/IC2045,http://irail.be/stations/NMBS/008814001,IC,2017-12-15T00:10:00,2017-12-15T00:10:00,,176
http://irail.be/vehicle/IC2045,http://irail.be/stations/NMBS/008821006,IC,2017-02-23T23:25:00,2017-02-23T23:25:00,30,
http://irail.be/vehicle/IC2045,http://irail.be/stations/NMBS/008821121,IC,2017-02-23T23:31:00,2017-02-23T23:29:00,31,31
http://irail.be/vehicle/IC2045,http://irail.be/stations/NMBS/008821154,IC,2017-02-23T23:33:00,2017-02-23T23:33:00,7,7
http://irail.be/vehicle/IC2045,http://irail.be/stations/NMBS/008821238,IC,2017-02-23T23:34:00,2017-02-23T23:34:00,-17,-17
http://irail.be/vehicle/IC2045,http://irail.be/stations/NMBS/008821337,IC,2017-02-23T23:35:00,2017-02-23T23:35:00,-27,-27
http://irail.be/vehicle/IC2045,NO-URI,IC,2017-02-23T23:36:00,2017-02-23T23:36:00,-29,-29
http://irail.be/vehicle/IC2045,http://irail.be/stations/NMBS/008822210,IC,2017-02-23T23:38:00,2017-02-23T23:38:00,-24,-24
http://irail.be/vehicle/IC2045,http://irail.be/stations/NMBS/008822228,IC,2017-02-23T23:39:00,2017-02-23T23:39:00,17,17
http://irail.be/vehicle/IC2045,http://irail.be/stations/NMBS/008822343,IC,2017-02-23T23:41:00,2017-02-23T23:41:00,-11,-11
http://irail.be/vehicle/IC2045,http://irail.be/stations/NMBS/008822004,IC,2017-02-23T23:45:00,2017-02-23T23:43:00,13,-11
http://irail.be/vehicle/IC2045,http://irail.be/stations/NMBS/008822251,IC,2017-02-23T23:49:00,2017-02-23T23:49:00,-34,-34
http://irail.be/vehicle/IC2045,http://irail.be/stations/NMBS/008822269,IC,2017-02-23T23:50:00,2017-02-23T23:50:00,-34,-34
http://irail.be/vehicle/IC2045,http://irail.be/stations/NMBS/008811189,IC,2017-02-23T23:52:00,2017-02-23T23:52:00,-59,-59
http://irail.be/vehicle/IC2045,http://irail.be/stations/NMBS/008811148,IC,2017-02-23T23:54:00,2017-02-23T23:54:00,-71,-71
http://irail.be/vehicle/IC2045,http://irail.be/stations/NMBS/008811007,IC,2017-02-23T23:57:00,2017-02-23T23:57:00,136,136
http://irail.be/vehicle/IC2045,http://irail.be/stations/NMBS/008812005,IC,2017-02-24T00:02:00,2017-02-24T00:02:00,62,153
http://irail.be/vehicle/IC2045,http://irail.be/stations/NMBS/008813045,IC,2017-02-24T00:04:00,2017-02-24T00:04:00,70,70
http://irail.be/vehicle/IC2045,http://irail.be/stations/NMBS/008813003,IC,2017-02-24T00:06:00,2017-02-24T00:05:00,163,178
http://irail.be/vehicle/IC2045,http://irail.be/stations/NMBS/008813037,IC,2017-02-24T00:07:00,2017-02-24T00:07:00,163,163
http://irail.be/vehicle/IC2045,http://irail.be/stations/NMBS/008814001,IC,2017-02-24T00:10:00,2017-02-24T00:10:00,,165
http://irail.be/vehicle/IC2045,http://irail.be/stations/NMBS/008821006,IC,2017-06-09T23:25:00,2017-06-09T23:25:00,2,
http://irail.be/vehicle/IC2045,http://irail.be/stations/NMBS/008821121,IC,2017-06-09T23:31:00,2017-06-09T23:29:00,24,24
http://irail.be/vehicle/IC2045,http://irail.be/stations/NMBS/008821154,IC,2017-06-09T23:33:00,2017-06-09T23:33:00,0,0
http://irail.be/vehicle/IC2045,http://irail.be/stations/NMBS/008821238,IC,2017-06-09T23:34:00,2017-06-09T23:34:00,-24,-24
http://irail.be/vehicle/IC2045,http://irail.be/stations/NMBS/008821337,IC,2017-06-09T23:35:00,2017-06-09T23:35:00,-34,-34
http://irail.be/vehicle/IC2045,NO-URI,IC,2017-06-09T23:36:00,2017-06-09T23:36:00,-37,-37
http://irail.be/vehicle/IC2045,http://irail.be/stations/NMBS/008822210,IC,2017-06-09T23:38:00,2017-06-09T23:38:00,-31,-31
http://irail.be/vehicle/IC2045,http://irail.be/stations/NMBS/008822228,IC,2017-06-09T23:39:00,2017-06-09T23:39:00,12,12
http://irail.be/vehicle/IC2045,http://irail.be/stations/NMBS/008822343,IC,2017-06-09T23:41:00,2017-06-09T23:41:00,-33,-33
http://irail.be/vehicle/IC2045,http://irail.be/stations/NMBS/008822004,IC,2017-06-09T23:45:00,2017-06-09T23:43:00,67,-33
http://irail.be/vehicle/IC2045,http://irail.be/stations/NMBS/008822251,IC,2017-06-09T23:49:00,2017-06-09T23:49:00,2,2
http://irail.be/vehicle/IC2045,http://irail.be/stations/NMBS/008822269,IC,2017-06-09T23:50:00,2017-06-09T23:50:00,2,2
http://irail.be/vehicle/IC2045,http://irail.be/stations/NMBS/008811189,IC,2017-06-09T23:52:00,2017-06-09T23:52:00,-5,-5
http://irail.be/vehicle/IC2045,http://irail.be/stations/NMBS/008811148,IC,2017-06-09T23:54:00,2017-06-09T23:54:00,-17,-17
http://irail.be/vehicle/IC2045,http://irail.be/stations/NMBS/008811007,IC,2017-06-09T23:57:00,2017-06-09T23:57:00,-86,-86
http://irail.be/vehicle/IC2045,http://irail.be/stations/NMBS/008812005,IC,2017-06-10T00:02:00,2017-06-10T00:02:00,-5,-100
http://irail.be/vehicle/IC2045,http://irail.be/stations/NMBS/008813045,IC,2017-06-10T00:04:00,2017-06-10T00:04:00,-10,-10
http://irail.be/vehicle/IC2045,http://irail.be/stations/NMBS/008813003,IC,2017-06-10T00:06:00,2017-06-10T00:05:00,6,10
http://irail.be/vehicle/IC2045,http://irail.be/stations/NMBS/008813037,IC,2017-06-10T00:07:00,2017-06-10T00:07:00,3,3
http://irail.be/vehicle/IC2045,http://irail.be/stations/NMBS/008814001,IC,2017-06-10T00:10:00,2017-06-10T00:10:00,,0
http://irail.be/vehicle/IC2045,http://irail.be/stations/NMBS/008821006,IC,2017-10-30T23:25:00,2017-10-30T23:25:00,13,
http://irail.be/vehicle/IC2045,http://irail.be/stations/NMBS/008821121,IC,2017-10-30T23:31:00,2017-10-30T23:29:00,-1,-181
http://irail.be/vehicle/IC2045,http://irail.be/stations/NMBS/008821154,IC,2017-10-30T23:33:00,2017-10-30T23:33:00,16,16
http://irail.be/vehicle/IC2045,http://irail.be/stations/NMBS/008821238,IC,2017-10-30T23:34:00,2017-10-30T23:34:00,11,11
http://irail.be/vehicle/IC2045,http://irail.be/stations/NMBS/008821337,IC,2017-10-30T23:35:00,2017-10-30T23:35:00,9,9
http://irail.be/vehicle/IC2045,http://irail.be/stations/NMBS/008821311,IC,2017-10-30T23:36:00,2017-10-30T23:36:00,15,15
http://irail.be/vehicle/IC2045,http://irail.be/stations/NMBS/008822210,IC,2017-10-30T23:38:00,2017-10-30T23:38:00,15,15
http://irail.be/vehicle/IC2045,http://irail.be/stations/NMBS/008822228,IC,2017-10-30T23:39:00,2017-10-30T23:39:00,61,61
http://irail.be/vehicle/IC2045,http://irail.be/stations/NMBS/008822343,IC,2017-10-30T23:41:00,2017-10-30T23:41:00,20,20
http://irail.be/vehicle/IC2045,http://irail.be/stations/NMBS/008822004,IC,2017-10-30T23:45:00,2017-10-30T23:43:00,17,20
http://irail.be/vehicle/IC2045,http://irail.be/stations/NMBS/008822251,IC,2017-10-30T23:49:00,2017-10-30T23:49:00,4,4
http://irail.be/vehicle/IC2045,http://irail.be/stations/NMBS/008822269,IC,2017-10-30T23:50:00,2017-10-30T23:50:00,4,4
http://irail.be/vehicle/IC2045,http://irail.be/stations/NMBS/008811189,IC,2017-10-30T23:52:00,2017-10-30T23:52:00,8,8
http://irail.be/vehicle/IC2045,http://irail.be/stations/NMBS/008811148,IC,2017-10-30T23:54:00,2017-10-30T23:54:00,-3,-3
http://irail.be/vehicle/IC2045,http://irail.be/stations/NMBS/008811007,IC,2017-10-30T23:57:00,2017-10-30T23:57:00,134,134
http://irail.be/vehicle/IC2045,http://irail.be/stations/NMBS/008812005,IC,2017-10-31T00:02:00,2017-10-31T00:02:00,89,179
http://irail.be/vehicle/IC2045,http://irail.be/stations/NMBS/008813045,IC,2017-10-31T00:04:00,2017-10-31T00:04:00,87,87
http://irail.be/vehicle/IC2045,http://irail.be/stations/NMBS/008813003,IC,2017-10-31T00:06:00,2017-10-31T00:05:00,179,193
http://irail.be/vehicle/IC2045,http://irail.be/stations/NMBS/008813037,IC,2017-10-31T00:07:00,2017-10-31T00:07:00,179,179
http://irail.be/vehicle/IC2045,http://irail.be/stations/NMBS/008814001,IC,2017-10-31T00:10:00,2017-10-31T00:10:00,,180
http://irail.be/vehicle/IC2045,http://irail.be/stations/NMBS/008821006,IC,2017-01-23T23:25:00,2017-01-23T23:25:00,101,
http://irail.be/vehicle/IC2045,http://irail.be/stations/NMBS/008821121,IC,2017-01-23T23:31:00,2017-01-23T23:29:00,33,33
http://irail.be/vehicle/IC2045,http://irail.be/stations/NMBS/008821154,IC,2017-01-23T23:33:00,2017-01-23T23:33:00,11,11
http://irail.be/vehicle/IC2045,http://irail.be/stations/NMBS/008821238,IC,2017-01-23T23:34:00,2017-01-23T23:34:00,-14,-14
http://irail.be/vehicle/IC2045,http://irail.be/stations/NMBS/008821337,IC,2017-01-23T23:35:00,2017-01-23T23:35:00,-22,-22
http://irail.be/vehicle/IC2045,NO-URI,IC,2017-01-23T23:36:00,2017-01-23T23:36:00,-24,-24
http://irail.be/vehicle/IC2045,http://irail.be/stations/NMBS/008822210,IC,2017-01-23T23:38:00,2017-01-23T23:38:00,-19,-19
http://irail.be/vehicle/IC2045,http://irail.be/stations/NMBS/008822228,IC,2017-01-23T23:39:00,2017-01-23T23:39:00,19,19
http://irail.be/vehicle/IC2045,http://irail.be/stations/NMBS/008822343,IC,2017-01-23T23:41:00,2017-01-23T23:41:00,-32,-32
http://irail.be/vehicle/IC2045,http://irail.be/stations/NMBS/008822004,IC,2017-01-23T23:45:00,2017-01-23T23:43:00,16,-32
http://irail.be/vehicle/IC2045,http://irail.be/stations/NMBS/008822251,IC,2017-01-23T23:49:00,2017-01-23T23:49:00,-33,-33
http://irail.be/vehicle/IC2045,http://irail.be/stations/NMBS/008822269,IC,2017-01-23T23:50:00,2017-01-23T23:50:00,-33,-33
http://irail.be/vehicle/IC2045,http://irail.be/stations/NMBS/008811189,IC,2017-01-23T23:52:00,2017-01-23T23:52:00,-58,-58
http://irail.be/vehicle/IC2045,http://irail.be/stations/NMBS/008811148,IC,2017-01-23T23:54:00,2017-01-23T23:54:00,-56,-56
http://irail.be/vehicle/IC2045,http://irail.be/stations/NMBS/008811007,IC,2017-01-23T23:57:00,2017-01-23T23:57:00,51,51
http://irail.be/vehicle/IC2045,http://irail.be/stations/NMBS/008812005,IC,2017-01-24T00:02:00,2017-01-24T00:02:00,107,55
http://irail.be/vehicle/IC2045,http://irail.be/stations/NMBS/008813045,IC,2017-01-24T00:04:00,2017-01-24T00:04:00,173,173
http://irail.be/vehicle/IC2045,http://irail.be/stations/NMBS/008813003,IC,2017-01-24T00:06:00,2017-01-24T00:05:00,251,262
http://irail.be/vehicle/IC2045,http://irail.be/stations/NMBS/008813037,IC,2017-01-24T00:07:00,2017-01-24T00:07:00,251,251
http://irail.be/vehicle/IC2045,http://irail.be/stations/NMBS/008814001,IC,2017-01-24T00:10:00,2017-01-24T00:10:00,,176
http://irail.be/vehicle/IC2045,http://irail.be/stations/NMBS/008821006,IC,2017-01-27T23:25:00,2017-01-27T23:25:00,37,
http://irail.be/vehicle/IC2045,http://irail.be/stations/NMBS/008821121,IC,2017-01-27T23:31:00,2017-01-27T23:29:00,29,29
http://irail.be/vehicle/IC2045,http://irail.be/stations/NMBS/008821154,IC,2017-01-27T23:33:00,2017-01-27T23:33:00,6,6
http://irail.be/vehicle/IC2045,http://irail.be/stations/NMBS/008821238,IC,2017-01-27T23:34:00,2017-01-27T23:34:00,-15,-15
http://irail.be/vehicle/IC2045,http://irail.be/stations/NMBS/008821337,IC,2017-01-27T23:35:00,2017-01-27T23:35:00,-16,-16
http://irail.be/vehicle/IC2045,NO-URI,IC,2017-01-27T23:36:00,2017-01-27T23:36:00,-15,-15
http://irail.be/vehicle/IC2045,http://irail.be/stations/NMBS/008822210,IC,2017-01-27T23:38:00,2017-01-27T23:38:00,-6,-6
http://irail.be/vehicle/IC2045,http://irail.be/stations/NMBS/008822228,IC,2017-01-27T23:39:00,2017-01-27T23:39:00,65,65
http://irail.be/vehicle/IC2045,http://irail.be/stations/NMBS/008822343,IC,2017-01-27T23:41:00,2017-01-27T23:41:00,68,68
http://irail.be/vehicle/IC2045,http://irail.be/stations/NMBS/008822004,IC,2017-01-27T23:45:00,2017-01-27T23:43:00,54,68
http://irail.be/vehicle/IC2045,http://irail.be/stations/NMBS/008822251,IC,2017-01-27T23:49:00,2017-01-27T23:49:00,30,30
http://irail.be/vehicle/IC2045,http://irail.be/stations/NMBS/008822269,IC,2017-01-27T23:50:00,2017-01-27T23:50:00,30,30
http://irail.be/vehicle/IC2045,http://irail.be/stations/NMBS/008811189,IC,2017-01-27T23:52:00,2017-01-27T23:52:00,11,11
http://irail.be/vehicle/IC2045,http://irail.be/stations/NMBS/008811148,IC,2017-01-27T23:54:00,2017-01-27T23:54:00,2,2
http://irail.be/vehicle/IC2045,http://irail.be/stations/NMBS/008811007,IC,2017-01-27T23:57:00,2017-01-27T23:57:00,68,68
http://irail.be/vehicle/IC2045,http://irail.be/stations/NMBS/008812005,IC,2017-01-28T00:02:00,2017-01-28T00:00:30,171,233
http://irail.be/vehicle/IC2045,http://irail.be/stations/NMBS/008813045,IC,2017-01-28T00:04:00,2017-01-28T00:04:00,169,169
http://irail.be/vehicle/IC2045,http://irail.be/stations/NMBS/008813003,IC,2017-01-28T00:06:00,2017-01-28T00:05:00,228,238
http://irail.be/vehicle/IC2045,http://irail.be/stations/NMBS/008813037,IC,2017-01-28T00:07:00,2017-01-28T00:07:00,231,231
http://irail.be/vehicle/IC2045,http://irail.be/stations/NMBS/008814001,IC,2017-01-28T00:10:00,2017-01-28T00:10:00,,238
http://irail.be/vehicle/IC2045,http://irail.be/stations/NMBS/008821006,IC,2017-08-01T23:25:00,2017-08-01T23:25:00,7,
http://irail.be/vehicle/IC2045,http://irail.be/stations/NMBS/008821121,IC,2017-08-01T23:31:00,2017-08-01T23:29:00,33,33
http://irail.be/vehicle/IC2045,http://irail.be/stations/NMBS/008821154,IC,2017-08-01T23:33:00,2017-08-01T23:33:00,7,7
http://irail.be/vehicle/IC2045,http://irail.be/stations/NMBS/008821238,IC,2017-08-01T23:34:00,2017-08-01T23:34:00,-17,-17
http://irail.be/vehicle/IC2045,http://irail.be/stations/NMBS/008821337,IC,2017-08-01T23:35:00,2017-08-01T23:35:00,-20,-20
http://irail.be/vehicle/IC2045,http://irail.be/stations/NMBS/008821311,IC,2017-08-01T23:36:00,2017-08-01T23:36:00,-17,-17
http://irail.be/vehicle/IC2045,http://irail.be/stations/NMBS/008822210,IC,2017-08-01T23:38:00,2017-08-01T23:38:00,-9,-9
http://irail.be/vehicle/IC2045,http://irail.be/stations/NMBS/008822228,IC,2017-08-01T23:39:00,2017-08-01T23:39:00,75,75
http://irail.be/vehicle/IC2045,http://irail.be/stations/NMBS/008822343,IC,2017-08-01T23:41:00,2017-08-01T23:41:00,38,38
http://irail.be/vehicle/IC2045,http://irail.be/stations/NMBS/008822004,IC,2017-08-01T23:45:00,2017-08-01T23:43:00,9,38
http://irail.be/vehicle/IC2045,http://irail.be/stations/NMBS/008822251,IC,2017-08-01T23:49:00,2017-08-01T23:49:00,-48,-48
http://irail.be/vehicle/IC2045,http://irail.be/stations/NMBS/008822269,IC,2017-08-01T23:50:00,2017-08-01T23:50:00,-48,-48
http://irail.be/vehicle/IC2045,http://irail.be/stations/NMBS/008811189,IC,2017-08-01T23:52:00,2017-08-01T23:52:00,-45,-45
http://irail.be/vehicle/IC2045,http://irail.be/stations/NMBS/008811148,IC,2017-08-01T23:54:00,2017-08-01T23:54:00,-51,-51
http://irail.be/vehicle/IC2045,http://irail.be/stations/NMBS/008811007,IC,2017-08-01T23:57:00,2017-08-01T23:57:00,137,137
http://irail.be/vehicle/IC2045,http://irail.be/stations/NMBS/008812005,IC,2017-08-02T00:02:00,2017-08-02T00:02:00,85,159
http://irail.be/vehicle/IC2045,http://irail.be/stations/NMBS/008813045,IC,2017-08-02T00:04:00,2017-08-02T00:04:00,89,89
http://irail.be/vehicle/IC2045,http://irail.be/stations/NMBS/008813003,IC,2017-08-02T00:06:00,2017-08-02T00:05:00,167,172
http://irail.be/vehicle/IC2045,http://irail.be/stations/NMBS/008813037,IC,2017-08-02T00:07:00,2017-08-02T00:07:00,166,166
http://irail.be/vehicle/IC2045,http://irail.be/stations/NMBS/008814001,IC,2017-08-02T00:10:00,2017-08-02T00:10:00,,160
http://irail.be/vehicle/IC2045,http://irail.be/stations/NMBS/008821006,IC,2017-03-13T23:25:00,2017-03-13T23:25:00,36,
http://irail.be/vehicle/IC2045,http://irail.be/stations/NMBS/008821121,IC,2017-03-13T23:31:00,2017-03-13T23:29:00,35,35
http://irail.be/vehicle/IC2045,http://irail.be/stations/NMBS/008821154,IC,2017-03-13T23:33:00,2017-03-13T23:33:00,13,13
http://irail.be/vehicle/IC2045,http://irail.be/stations/NMBS/008821238,IC,2017-03-13T23:34:00,2017-03-13T23:34:00,-11,-11
http://irail.be/vehicle/IC2045,http://irail.be/stations/NMBS/008821337,IC,2017-03-13T23:35:00,2017-03-13T23:35:00,-19,-19
http://irail.be/vehicle/IC2045,NO-URI,IC,2017-03-13T23:36:00,2017-03-13T23:36:00,-18,-18
http://irail.be/vehicle/IC2045,http://irail.be/stations/NMBS/008822210,IC,2017-03-13T23:38:00,2017-03-13T23:38:00,-12,-12
http://irail.be/vehicle/IC2045,http://irail.be/stations/NMBS/008822228,IC,2017-03-13T23:39:00,2017-03-13T23:39:00,44,44
http://irail.be/vehicle/IC2045,http://irail.be/stations/NMBS/008822343,IC,2017-03-13T23:41:00,2017-03-13T23:41:00,23,23
http://irail.be/vehicle/IC2045,http://irail.be/stations/NMBS/008822004,IC,2017-03-13T23:45:00,2017-03-13T23:43:00,18,23
http://irail.be/vehicle/IC2045,http://irail.be/stations/NMBS/008822251,IC,2017-03-13T23:49:00,2017-03-13T23:49:00,-19,-19
http://irail.be/vehicle/IC2045,http://irail.be/stations/NMBS/008822269,IC,2017-03-13T23:50:00,2017-03-13T23:50:00,-19,-19
http://irail.be/vehicle/IC2045,http://irail.be/stations/NMBS/008811189,IC,2017-03-13T23:52:00,2017-03-13T23:52:00,-43,-43
http://irail.be/vehicle/IC2045,http://irail.be/stations/NMBS/008811148,IC,2017-03-13T23:54:00,2017-03-13T23:54:00,-53,-53
http://irail.be/vehicle/IC2045,http://irail.be/stations/NMBS/008811007,IC,2017-03-13T23:57:00,2017-03-13T23:57:00,-102,-102
http://irail.be/vehicle/IC2045,http://irail.be/stations/NMBS/008812005,IC,2017-03-14T00:02:00,2017-03-14T00:02:00,22,-96
http://irail.be/vehicle/IC2045,http://irail.be/stations/NMBS/008813045,IC,2017-03-14T00:04:00,2017-03-14T00:04:00,23,23
http://irail.be/vehicle/IC2045,http://irail.be/stations/NMBS/008813003,IC,2017-03-14T00:06:00,2017-03-14T00:05:00,40,46
http://irail.be/vehicle/IC2045,http://irail.be/stations/NMBS/008813037,IC,2017-03-14T00:07:00,2017-03-14T00:07:00,42,42
http://irail.be/vehicle/IC2045,http://irail.be/stations/NMBS/008814001,IC,2017-03-14T00:10:00,2017-03-14T00:10:00,,141
http://irail.be/vehicle/IC2045,http://irail.be/stations/NMBS/008821006,IC,2017-05-10T23:25:00,2017-05-10T23:25:00,116,
http://irail.be/vehicle/IC2045,http://irail.be/stations/NMBS/008821121,IC,2017-05-10T23:31:00,2017-05-10T23:29:00,247,247
http://irail.be/vehicle/IC2045,http://irail.be/stations/NMBS/008821154,IC,2017-05-10T23:33:00,2017-05-10T23:33:00,221,221
http://irail.be/vehicle/IC2045,http://irail.be/stations/NMBS/008821238,IC,2017-05-10T23:34:00,2017-05-10T23:34:00,196,196
http://irail.be/vehicle/IC2045,http://irail.be/stations/NMBS/008821337,IC,2017-05-10T23:35:00,2017-05-10T23:35:00,190,190
http://irail.be/vehicle/IC2045,NO-URI,IC,2017-05-10T23:36:00,2017-05-10T23:36:00,187,187
http://irail.be/vehicle/IC2045,http://irail.be/stations/NMBS/008822210,IC,2017-05-10T23:38:00,2017-05-10T23:38:00,193,193
http://irail.be/vehicle/IC2045,http://irail.be/stations/NMBS/008822228,IC,2017-05-10T23:39:00,2017-05-10T23:39:00,236,236
http://irail.be/vehicle/IC2045,http://irail.be/stations/NMBS/008822343,IC,2017-05-10T23:41:00,2017-05-10T23:41:00,186,186
http://irail.be/vehicle/IC2045,http://irail.be/stations/NMBS/008822004,IC,2017-05-10T23:45:00,2017-05-10T23:43:00,150,186
http://irail.be/vehicle/IC2045,http://irail.be/stations/NMBS/008822251,IC,2017-05-10T23:49:00,2017-05-10T23:49:00,82,82
http://irail.be/vehicle/IC2045,http://irail.be/stations/NMBS/008822269,IC,2017-05-10T23:50:00,2017-05-10T23:50:00,82,82
http://irail.be/vehicle/IC2045,http://irail.be/stations/NMBS/008811189,IC,2017-05-10T23:52:00,2017-05-10T23:52:00,74,74
http://irail.be/vehicle/IC2045,http://irail.be/stations/NMBS/008811148,IC,2017-05-10T23:54:00,2017-05-10T23:54:00,64,64
http://irail.be/vehicle/IC2045,http://irail.be/stations/NMBS/008811007,IC,2017-05-10T23:57:00,2017-05-10T23:57:00,219,219
http://irail.be/vehicle/IC2045,http://irail.be/stations/NMBS/008812005,IC,2017-05-11T00:02:00,2017-05-11T00:02:00,262,210
http://irail.be/vehicle/IC2045,http://irail.be/stations/NMBS/008813045,IC,2017-05-11T00:04:00,2017-05-11T00:04:00,260,260
http://irail.be/vehicle/IC2045,http://irail.be/stations/NMBS/008813003,IC,2017-05-11T00:06:00,2017-05-11T00:05:00,275,281
http://irail.be/vehicle/IC2045,http://irail.be/stations/NMBS/008813037,IC,2017-05-11T00:07:00,2017-05-11T00:07:00,276,276
http://irail.be/vehicle/IC2045,http://irail.be/stations/NMBS/008814001,IC,2017-05-11T00:10:00,2017-05-11T00:10:00,,272
http://irail.be/vehicle/IC2045,http://irail.be/stations/NMBS/008821006,IC,2017-09-15T23:25:00,2017-09-15T23:25:00,73,
http://irail.be/vehicle/IC2045,http://irail.be/stations/NMBS/008821121,IC,2017-09-15T23:31:00,2017-09-15T23:29:00,61,61
http://irail.be/vehicle/IC2045,http://irail.be/stations/NMBS/008821154,IC,2017-09-15T23:33:00,2017-09-15T23:33:00,39,39
http://irail.be/vehicle/IC2045,http://irail.be/stations/NMBS/008821238,IC,2017-09-15T23:34:00,2017-09-15T23:34:00,18,18
http://irail.be/vehicle/IC2045,http://irail.be/stations/NMBS/008821337,IC,2017-09-15T23:35:00,2017-09-15T23:35:00,27,27
http://irail.be/vehicle/IC2045,http://irail.be/stations/NMBS/008821311,IC,2017-09-15T23:36:00,2017-09-15T23:36:00,32,32
http://irail.be/vehicle/IC2045,http://irail.be/stations/NMBS/008822210,IC,2017-09-15T23:38:00,2017-09-15T23:38:00,44,44
http://irail.be/vehicle/IC2045,http://irail.be/stations/NMBS/008822228,IC,2017-09-15T23:39:00,2017-09-15T23:39:00,134,134
http://irail.be/vehicle/IC2045,http://irail.be/stations/NMBS/008822343,IC,2017-09-15T23:41:00,2017-09-15T23:41:00,114,114
http://irail.be/vehicle/IC2045,http://irail.be/stations/NMBS/008822004,IC,2017-09-15T23:45:00,2017-09-15T23:43:00,54,114
http://irail.be/vehicle/IC2045,http://irail.be/stations/NMBS/008822251,IC,2017-09-15T23:49:00,2017-09-15T23:49:00,-2,-2
http://irail.be/vehicle/IC2045,http://irail.be/stations/NMBS/008822269,IC,2017-09-15T23:50:00,2017-09-15T23:50:00,-2,-2
http://irail.be/vehicle/IC2045,http://irail.be/stations/NMBS/008811189,IC,2017-09-15T23:52:00,2017-09-15T23:52:00,195,195
http://irail.be/vehicle/IC2045,http://irail.be/stations/NMBS/008811148,IC,2017-09-15T23:54:00,2017-09-15T23:54:00,216,216
http://irail.be/vehicle/IC2045,http://irail.be/stations/NMBS/008811007,IC,2017-09-15T23:57:00,2017-09-15T23:57:00,166,166
http://irail.be/vehicle/IC2045,http://irail.be/stations/NMBS/008812005,IC,2017-09-16T00:02:00,2017-09-16T00:02:00,148,177
http://irail.be/vehicle/IC2045,http://irail.be/stations/NMBS/008813045,IC,2017-09-16T00:04:00,2017-09-16T00:04:00,150,150
http://irail.be/vehicle/IC2045,http://irail.be/stations/NMBS/008813003,IC,2017-09-16T00:06:00,2017-09-16T00:05:00,245,254
http://irail.be/vehicle/IC2045,http://irail.be/stations/NMBS/008813037,IC,2017-09-16T00:07:00,2017-09-16T00:07:00,245,245
http://irail.be/vehicle/IC2045,http://irail.be/stations/NMBS/008814001,IC,2017-09-16T00:10:00,2017-09-16T00:10:00,,314
http://irail.be/vehicle/IC2045,http://irail.be/stations/NMBS/008821006,IC,2017-04-24T23:25:00,2017-04-24T23:25:00,18,
http://irail.be/vehicle/IC2045,http://irail.be/stations/NMBS/008821121,IC,2017-04-24T23:31:00,2017-04-24T23:29:00,29,29
http://irail.be/vehicle/IC2045,http://irail.be/stations/NMBS/008821154,IC,2017-04-24T23:33:00,2017-04-24T23:33:00,7,7
http://irail.be/vehicle/IC2045,http://irail.be/stations/NMBS/008821238,IC,2017-04-24T23:34:00,2017-04-24T23:34:00,-14,-14
http://irail.be/vehicle/IC2045,http://irail.be/stations/NMBS/008821337,IC,2017-04-24T23:35:00,2017-04-24T23:35:00,-21,-21
http://irail.be/vehicle/IC2045,NO-URI,IC,2017-04-24T23:36:00,2017-04-24T23:36:00,-22,-22
http://irail.be/vehicle/IC2045,http://irail.be/stations/NMBS/008822210,IC,2017-04-24T23:38:00,2017-04-24T23:38:00,-16,-16
http://irail.be/vehicle/IC2045,http://irail.be/stations/NMBS/008822228,IC,2017-04-24T23:39:00,2017-04-24T23:39:00,29,29
http://irail.be/vehicle/IC2045,http://irail.be/stations/NMBS/008822343,IC,2017-04-24T23:41:00,2017-04-24T23:41:00,9,9
http://irail.be/vehicle/IC2045,http://irail.be/stations/NMBS/008822004,IC,2017-04-24T23:45:00,2017-04-24T23:43:00,13,9
http://irail.be/vehicle/IC2045,http://irail.be/stations/NMBS/008822251,IC,2017-04-24T23:49:00,2017-04-24T23:49:00,-48,-48
http://irail.be/vehicle/IC2045,http://irail.be/stations/NMBS/008822269,IC,2017-04-24T23:50:00,2017-04-24T23:50:00,-48,-48
http://irail.be/vehicle/IC2045,http://irail.be/stations/NMBS/008811189,IC,2017-04-24T23:52:00,2017-04-24T23:52:00,-55,-55
http://irail.be/vehicle/IC2045,http://irail.be/stations/NMBS/008811148,IC,2017-04-24T23:54:00,2017-04-24T23:54:00,-65,-65
http://irail.be/vehicle/IC2045,http://irail.be/stations/NMBS/008811007,IC,2017-04-24T23:57:00,2017-04-24T23:57:00,5,5
http://irail.be/vehicle/IC2045,http://irail.be/stations/NMBS/008812005,IC,2017-04-25T00:02:00,2017-04-25T00:02:00,107,65
http://irail.be/vehicle/IC2045,http://irail.be/stations/NMBS/008813045,IC,2017-04-25T00:04:00,2017-04-25T00:04:00,120,120
http://irail.be/vehicle/IC2045,http://irail.be/stations/NMBS/008813003,IC,2017-04-25T00:06:00,2017-04-25T00:05:00,206,206
http://irail.be/vehicle/IC2045,http://irail.be/stations/NMBS/008813037,IC,2017-04-25T00:07:00,2017-04-25T00:07:00,211,211
http://irail.be/vehicle/IC2045,http://irail.be/stations/NMBS/008814001,IC,2017-04-25T00:10:00,2017-04-25T00:10:00,,220
http://irail.be/vehicle/IC2045,http://irail.be/stations/NMBS/008821006,IC,2017-07-31T23:25:00,2017-07-31T23:25:00,120,
http://irail.be/vehicle/IC2045,http://irail.be/stations/NMBS/008821121,IC,2017-07-31T23:31:00,2017-07-31T23:29:00,129,129
http://irail.be/vehicle/IC2045,http://irail.be/stations/NMBS/008821154,IC,2017-07-31T23:33:00,2017-07-31T23:33:00,120,120
http://irail.be/vehicle/IC2045,http://irail.be/stations/NMBS/008821238,IC,2017-07-31T23:34:00,2017-07-31T23:34:00,94,94
http://irail.be/vehicle/IC2045,http://irail.be/stations/NMBS/008821337,IC,2017-07-31T23:35:00,2017-07-31T23:35:00,85,85
http://irail.be/vehicle/IC2045,http://irail.be/stations/NMBS/008821311,IC,2017-07-31T23:36:00,2017-07-31T23:36:00,81,81
http://irail.be/vehicle/IC2045,http://irail.be/stations/NMBS/008822210,IC,2017-07-31T23:38:00,2017-07-31T23:38:00,82,82
http://irail.be/vehicle/IC2045,http://irail.be/stations/NMBS/008822228,IC,2017-07-31T23:39:00,2017-07-31T23:39:00,128,128
http://irail.be/vehicle/IC2045,http://irail.be/stations/NMBS/008822343,IC,2017-07-31T23:41:00,2017-07-31T23:41:00,69,69
http://irail.be/vehicle/IC2045,http://irail.be/stations/NMBS/008822004,IC,2017-07-31T23:45:00,2017-07-31T23:43:00,116,69
http://irail.be/vehicle/IC2045,http://irail.be/stations/NMBS/008822251,IC,2017-07-31T23:49:00,2017-07-31T23:49:00,50,50
http://irail.be/vehicle/IC2045,http://irail.be/stations/NMBS/008822269,IC,2017-07-31T23:50:00,2017-07-31T23:50:00,50,50
http://irail.be/vehicle/IC2045,http://irail.be/stations/NMBS/008811189,IC,2017-07-31T23:52:00,2017-07-31T23:52:00,43,43
http://irail.be/vehicle/IC2045,http://irail.be/stations/NMBS/008811148,IC,2017-07-31T23:54:00,2017-07-31T23:54:00,30,30
http://irail.be/vehicle/IC2045,http://irail.be/stations/NMBS/008811007,IC,2017-07-31T23:57:00,2017-07-31T23:57:00,70,70
http://irail.be/vehicle/IC2045,http://irail.be/stations/NMBS/008812005,IC,2017-08-01T00:02:00,2017-08-01T00:02:00,98,142
http://irail.be/vehicle/IC2045,http://irail.be/stations/NMBS/008813045,IC,2017-08-01T00:04:00,2017-08-01T00:04:00,91,91
http://irail.be/vehicle/IC2045,http://irail.be/stations/NMBS/008813003,IC,2017-08-01T00:06:00,2017-08-01T00:05:00,159,138
http://irail.be/vehicle/IC2045,http://irail.be/stations/NMBS/008813037,IC,2017-08-01T00:07:00,2017-08-01T00:07:00,155,155
http://irail.be/vehicle/IC2045,http://irail.be/stations/NMBS/008814001,IC,2017-08-01T00:10:00,2017-08-01T00:10:00,,147
http://irail.be/vehicle/IC2045,http://irail.be/stations/NMBS/008821006,IC,2017-01-12T23:25:00,2017-01-12T23:25:00,109,
http://irail.be/vehicle/IC2045,http://irail.be/stations/NMBS/008821121,IC,2017-01-12T23:31:00,2017-01-12T23:29:00,65,65
http://irail.be/vehicle/IC2045,http://irail.be/stations/NMBS/008821154,IC,2017-01-12T23:33:00,2017-01-12T23:33:00,47,47
http://irail.be/vehicle/IC2045,http://irail.be/stations/NMBS/008821238,IC,2017-01-12T23:34:00,2017-01-12T23:34:00,27,27
http://irail.be/vehicle/IC2045,http://irail.be/stations/NMBS/008821337,IC,2017-01-12T23:35:00,2017-01-12T23:35:00,23,23
http://irail.be/vehicle/IC2045,NO-URI,IC,2017-01-12T23:36:00,2017-01-12T23:36:00,23,23
http://irail.be/vehicle/IC2045,http://irail.be/stations/NMBS/008822210,IC,2017-01-12T23:38:00,2017-01-12T23:38:00,29,29
http://irail.be/vehicle/IC2045,http://irail.be/stations/NMBS/008822228,IC,2017-01-12T23:39:00,2017-01-12T23:39:00,88,88
http://irail.be/vehicle/IC2045,http://irail.be/stations/NMBS/008822343,IC,2017-01-12T23:41:00,2017-01-12T23:41:00,49,49
http://irail.be/vehicle/IC2045,http://irail.be/stations/NMBS/008822004,IC,2017-01-12T23:45:00,2017-01-12T23:43:00,17,49
http://irail.be/vehicle/IC2045,http://irail.be/stations/NMBS/008822251,IC,2017-01-12T23:49:00,2017-01-12T23:49:00,-34,-34
http://irail.be/vehicle/IC2045,http://irail.be/stations/NMBS/008822269,IC,2017-01-12T23:50:00,2017-01-12T23:50:00,-34,-34
http://irail.be/vehicle/IC2045,http://irail.be/stations/NMBS/008811189,IC,2017-01-12T23:52:00,2017-01-12T23:52:00,-33,-33
http://irail.be/vehicle/IC2045,http://irail.be/stations/NMBS/008811148,IC,2017-01-12T23:54:00,2017-01-12T23:54:00,-40,-40
http://irail.be/vehicle/IC2045,http://irail.be/stations/NMBS/008811007,IC,2017-01-12T23:57:00,2017-01-12T23:57:00,-84,-84
http://irail.be/vehicle/IC2045,http://irail.be/stations/NMBS/008812005,IC,2017-01-13T00:02:00,2017-01-13T00:02:00,-8,-43
http://irail.be/vehicle/IC2045,http://irail.be/stations/NMBS/008813045,IC,2017-01-13T00:04:00,2017-01-13T00:04:00,6,6
http://irail.be/vehicle/IC2045,http://irail.be/stations/NMBS/008813003,IC,2017-01-13T00:06:00,2017-01-13T00:05:00,43,38
http://irail.be/vehicle/IC2045,http://irail.be/stations/NMBS/008813037,IC,2017-01-13T00:07:00,2017-01-13T00:07:00,44,44
http://irail.be/vehicle/IC2045,http://irail.be/stations/NMBS/008814001,IC,2017-01-13T00:10:00,2017-01-13T00:10:00,,46
http://irail.be/vehicle/IC2045,NO-URI,IC,2017-12-11T23:11:00,2017-12-11T23:11:00,290,
http://irail.be/vehicle/IC2045,http://irail.be/stations/NMBS/008821089,IC,2017-12-11T23:17:00,2017-12-11T23:14:00,221,221
http://irail.be/vehicle/IC2045,http://irail.be/stations/NMBS/008821063,IC,2017-12-11T23:20:00,2017-12-11T23:20:00,208,208
http://irail.be/vehicle/IC2045,http://irail.be/stations/NMBS/008821006,IC,2017-12-11T23:26:00,2017-12-11T23:23:00,154,228
http://irail.be/vehicle/IC2045,http://irail.be/stations/NMBS/008821121,IC,2017-12-11T23:31:00,2017-12-11T23:30:00,118,118
http://irail.be/vehicle/IC2045,http://irail.be/stations/NMBS/008821154,IC,2017-12-11T23:33:00,2017-12-11T23:33:00,135,135
http://irail.be/vehicle/IC2045,http://irail.be/stations/NMBS/008821238,IC,2017-12-11T23:34:00,2017-12-11T23:34:00,128,128
http://irail.be/vehicle/IC2045,http://irail.be/stations/NMBS/008821337,IC,2017-12-11T23:35:00,2017-12-11T23:35:00,123,123
http://irail.be/vehicle/IC2045,http://irail.be/stations/NMBS/008821311,IC,2017-12-11T23:36:00,2017-12-11T23:36:00,122,122
http://irail.be/vehicle/IC2045,http://irail.be/stations/NMBS/008822210,IC,2017-12-11T23:38:00,2017-12-11T23:38:00,117,117
http://irail.be/vehicle/IC2045,http://irail.be/stations/NMBS/008822228,IC,2017-12-11T23:39:00,2017-12-11T23:39:00,159,159
http://irail.be/vehicle/IC2045,http://irail.be/stations/NMBS/008822343,IC,2017-12-11T23:41:00,2017-12-11T23:41:00,156,156
http://irail.be/vehicle/IC2045,http://irail.be/stations/NMBS/008822004,IC,2017-12-11T23:44:00,2017-12-11T23:42:00,148,156
http://irail.be/vehicle/IC2045,http://irail.be/stations/NMBS/008822251,IC,2017-12-11T23:49:00,2017-12-11T23:49:00,77,77
http://irail.be/vehicle/IC2045,http://irail.be/stations/NMBS/008822269,IC,2017-12-11T23:50:00,2017-12-11T23:50:00,77,77
http://irail.be/vehicle/IC2045,http://irail.be/stations/NMBS/008811189,IC,2017-12-11T23:52:00,2017-12-11T23:52:00,97,97
http://irail.be/vehicle/IC2045,http://irail.be/stations/NMBS/008811148,IC,2017-12-11T23:54:00,2017-12-11T23:54:00,82,82
http://irail.be/vehicle/IC2045,http://irail.be/stations/NMBS/008811007,IC,2017-12-11T23:57:00,2017-12-11T23:57:00,26,26
http://irail.be/vehicle/IC2045,http://irail.be/stations/NMBS/008812005,IC,2017-12-12T00:02:00,2017-12-11T23:59:00,244,56
http://irail.be/vehicle/IC2045,http://irail.be/stations/NMBS/008813045,IC,2017-12-12T00:04:00,2017-12-12T00:04:00,242,242
http://irail.be/vehicle/IC2045,http://irail.be/stations/NMBS/008813003,IC,2017-12-12T00:06:00,2017-12-12T00:05:00,315,280
http://irail.be/vehicle/IC2045,http://irail.be/stations/NMBS/008813037,IC,2017-12-12T00:07:00,2017-12-12T00:07:00,315,315
http://irail.be/vehicle/IC2045,http://irail.be/stations/NMBS/008814001,IC,2017-12-12T00:10:00,2017-12-12T00:10:00,,315
http://irail.be/vehicle/IC2045,http://irail.be/stations/NMBS/008821006,IC,2017-06-06T23:25:00,2017-06-06T23:25:00,-3,
http://irail.be/vehicle/IC2045,http://irail.be/stations/NMBS/008821121,IC,2017-06-06T23:31:00,2017-06-06T23:29:00,14,14
http://irail.be/vehicle/IC2045,http://irail.be/stations/NMBS/008821154,IC,2017-06-06T23:33:00,2017-06-06T23:33:00,13,13
http://irail.be/vehicle/IC2045,http://irail.be/stations/NMBS/008821238,IC,2017-06-06T23:34:00,2017-06-06T23:34:00,-2,-2
http://irail.be/vehicle/IC2045,http://irail.be/stations/NMBS/008821337,IC,2017-06-06T23:35:00,2017-06-06T23:35:00,-4,-4
http://irail.be/vehicle/IC2045,NO-URI,IC,2017-06-06T23:36:00,2017-06-06T23:36:00,-2,-2
http://irail.be/vehicle/IC2045,http://irail.be/stations/NMBS/008822210,IC,2017-06-06T23:38:00,2017-06-06T23:38:00,8,8
http://irail.be/vehicle/IC2045,http://irail.be/stations/NMBS/008822228,IC,2017-06-06T23:39:00,2017-06-06T23:39:00,64,64
http://irail.be/vehicle/IC2045,http://irail.be/stations/NMBS/008822343,IC,2017-06-06T23:41:00,2017-06-06T23:41:00,22,22
http://irail.be/vehicle/IC2045,http://irail.be/stations/NMBS/008822004,IC,2017-06-06T23:45:00,2017-06-06T23:43:00,2,22
http://irail.be/vehicle/IC2045,http://irail.be/stations/NMBS/008822251,IC,2017-06-06T23:49:00,2017-06-06T23:49:00,-54,-54
http://irail.be/vehicle/IC2045,http://irail.be/stations/NMBS/008822269,IC,2017-06-06T23:50:00,2017-06-06T23:50:00,-54,-54
http://irail.be/vehicle/IC2045,http://irail.be/stations/NMBS/008811189,IC,2017-06-06T23:52:00,2017-06-06T23:52:00,-57,-57
http://irail.be/vehicle/IC2045,http://irail.be/stations/NMBS/008811148,IC,2017-06-06T23:54:00,2017-06-06T23:54:00,-66,-66
http://irail.be/vehicle/IC2045,http://irail.be/stations/NMBS/008811007,IC,2017-06-06T23:57:00,2017-06-06T23:57:00,-102,-102
http://irail.be/vehicle/IC2045,http://irail.be/stations/NMBS/008812005,IC,2017-06-07T00:02:00,2017-06-07T00:02:00,51,26
http://irail.be/vehicle/IC2045,http://irail.be/stations/NMBS/008813045,IC,2017-06-07T00:04:00,2017-06-07T00:04:00,49,49
http://irail.be/vehicle/IC2045,http://irail.be/stations/NMBS/008813003,IC,2017-06-07T00:06:00,2017-06-07T00:05:00,67,76
http://irail.be/vehicle/IC2045,http://irail.be/stations/NMBS/008813037,IC,2017-06-07T00:07:00,2017-06-07T00:07:00,66,66
http://irail.be/vehicle/IC2045,http://irail.be/stations/NMBS/008814001,IC,2017-06-07T00:10:00,2017-06-07T00:10:00,,69
http://irail.be/vehicle/IC2045,http://irail.be/stations/NMBS/008821006,IC,2017-07-19T23:25:00,2017-07-19T23:25:00,57,
http://irail.be/vehicle/IC2045,http://irail.be/stations/NMBS/008821121,IC,2017-07-19T23:31:00,2017-07-19T23:29:00,31,31
http://irail.be/vehicle/IC2045,http://irail.be/stations/NMBS/008821154,IC,2017-07-19T23:33:00,2017-07-19T23:33:00,9,9
http://irail.be/vehicle/IC2045,http://irail.be/stations/NMBS/008821238,IC,2017-07-19T23:34:00,2017-07-19T23:34:00,-12,-12
http://irail.be/vehicle/IC2045,http://irail.be/stations/NMBS/008821337,IC,2017-07-19T23:35:00,2017-07-19T23:35:00,-19,-19
http://irail.be/vehicle/IC2045,http://irail.be/stations/NMBS/008821311,IC,2017-07-19T23:36:00,2017-07-19T23:36:00,-21,-21
http://irail.be/vehicle/IC2045,http://irail.be/stations/NMBS/008822210,IC,2017-07-19T23:38:00,2017-07-19T23:38:00,-16,-16
http://irail.be/vehicle/IC2045,http://irail.be/stations/NMBS/008822228,IC,2017-07-19T23:39:00,2017-07-19T23:39:00,31,31
http://irail.be/vehicle/IC2045,http://irail.be/stations/NMBS/008822343,IC,2017-07-19T23:41:00,2017-07-19T23:41:00,7,7
http://irail.be/vehicle/IC2045,http://irail.be/stations/NMBS/008822004,IC,2017-07-19T23:45:00,2017-07-19T23:43:00,88,7
http://irail.be/vehicle/IC2045,http://irail.be/stations/NMBS/008822251,IC,2017-07-19T23:49:00,2017-07-19T23:49:00,49,49
http://irail.be/vehicle/IC2045,http://irail.be/stations/NMBS/008822269,IC,2017-07-19T23:50:00,2017-07-19T23:50:00,49,49
http://irail.be/vehicle/IC2045,http://irail.be/stations/NMBS/008811189,IC,2017-07-19T23:52:00,2017-07-19T23:52:00,46,46
http://irail.be/vehicle/IC2045,http://irail.be/stations/NMBS/008811148,IC,2017-07-19T23:54:00,2017-07-19T23:54:00,34,34
http://irail.be/vehicle/IC2045,http://irail.be/stations/NMBS/008811007,IC,2017-07-19T23:57:00,2017-07-19T23:57:00,227,227
http://irail.be/vehicle/IC2045,http://irail.be/stations/NMBS/008812005,IC,2017-07-20T00:02:00,2017-07-20T00:02:00,299,279
http://irail.be/vehicle/IC2045,http://irail.be/stations/NMBS/008813045,IC,2017-07-20T00:04:00,2017-07-20T00:04:00,307,307
http://irail.be/vehicle/IC2045,http://irail.be/stations/NMBS/008813003,IC,2017-07-20T00:06:00,2017-07-20T00:05:00,341,357
http://irail.be/vehicle/IC2045,http://irail.be/stations/NMBS/008813037,IC,2017-07-20T00:07:00,2017-07-20T00:07:00,340,340
http://irail.be/vehicle/IC2045,http://irail.be/stations/NMBS/008814001,IC,2017-07-20T00:10:00,2017-07-20T00:10:00,,341
http://irail.be/vehicle/IC2045,http://irail.be/stations/NMBS/008821006,IC,2017-03-28T23:25:00,2017-03-28T23:25:00,41,
http://irail.be/vehicle/IC2045,http://irail.be/stations/NMBS/008821121,IC,2017-03-28T23:31:00,2017-03-28T23:29:00,39,39
http://irail.be/vehicle/IC2045,http://irail.be/stations/NMBS/008821154,IC,2017-03-28T23:33:00,2017-03-28T23:33:00,15,15
http://irail.be/vehicle/IC2045,http://irail.be/stations/NMBS/008821238,IC,2017-03-28T23:34:00,2017-03-28T23:34:00,-11,-11
http://irail.be/vehicle/IC2045,http://irail.be/stations/NMBS/008821337,IC,2017-03-28T23:35:00,2017-03-28T23:35:00,-20,-20
http://irail.be/vehicle/IC2045,NO-URI,IC,2017-03-28T23:36:00,2017-03-28T23:36:00,-22,-22
http://irail.be/vehicle/IC2045,http://irail.be/stations/NMBS/008822210,IC,2017-03-28T23:38:00,2017-03-28T23:38:00,-16,-16
http://irail.be/vehicle/IC2045,http://irail.be/stations/NMBS/008822228,IC,2017-03-28T23:39:00,2017-03-28T23:39:00,80,80
http://irail.be/vehicle/IC2045,http://irail.be/stations/NMBS/008822343,IC,2017-03-28T23:41:00,2017-03-28T23:41:00,66,66
http://irail.be/vehicle/IC2045,http://irail.be/stations/NMBS/008822004,IC,2017-03-28T23:45:00,2017-03-28T23:43:00,29,66
http://irail.be/vehicle/IC2045,http://irail.be/stations/NMBS/008822251,IC,2017-03-28T23:49:00,2017-03-28T23:49:00,-20,-20
http://irail.be/vehicle/IC2045,http://irail.be/stations/NMBS/008822269,IC,2017-03-28T23:50:00,2017-03-28T23:50:00,-20,-20
http://irail.be/vehicle/IC2045,http://irail.be/stations/NMBS/008811189,IC,2017-03-28T23:52:00,2017-03-28T23:52:00,64,64
http://irail.be/vehicle/IC2045,NO-URI,IC,2017-03-28T23:54:00,2017-03-28T23:54:00,171,171
http://irail.be/vehicle/IC2045,NO-URI,IC,2017-03-28T23:54:00,2017-03-28T23:54:00,208,208
http://irail.be/vehicle/IC2045,http://irail.be/stations/NMBS/008811007,IC,2017-03-28T23:57:00,2017-03-28T23:57:00,269,269
http://irail.be/vehicle/IC2045,http://irail.be/stations/NMBS/008812005,IC,2017-03-29T00:02:00,2017-03-29T00:02:00,220,302
http://irail.be/vehicle/IC2045,http://irail.be/stations/NMBS/008813045,IC,2017-03-29T00:04:00,2017-03-29T00:04:00,220,220
http://irail.be/vehicle/IC2045,http://irail.be/stations/NMBS/008813003,IC,2017-03-29T00:06:00,2017-03-29T00:05:00,238,245
http://irail.be/vehicle/IC2045,http://irail.be/stations/NMBS/008813037,IC,2017-03-29T00:07:00,2017-03-29T00:07:00,239,239
http://irail.be/vehicle/IC2045,http://irail.be/stations/NMBS/008814001,IC,2017-03-29T00:10:00,2017-03-29T00:10:00,,266
http://irail.be/vehicle/IC2045,http://irail.be/stations/NMBS/008821006,IC,2017-10-03T23:25:00,2017-10-03T23:25:00,13,
http://irail.be/vehicle/IC2045,http://irail.be/stations/NMBS/008821121,IC,2017-10-03T23:31:00,2017-10-03T23:29:00,31,31
http://irail.be/vehicle/IC2045,http://irail.be/stations/NMBS/008821154,IC,2017-10-03T23:33:00,2017-10-03T23:33:00,11,11
http://irail.be/vehicle/IC2045,http://irail.be/stations/NMBS/008821238,IC,2017-10-03T23:34:00,2017-10-03T23:34:00,-7,-7
http://irail.be/vehicle/IC2045,http://irail.be/stations/NMBS/008821337,IC,2017-10-03T23:35:00,2017-10-03T23:35:00,-10,-10
http://irail.be/vehicle/IC2045,http://irail.be/stations/NMBS/008821311,IC,2017-10-03T23:36:00,2017-10-03T23:36:00,-12,-12
http://irail.be/vehicle/IC2045,http://irail.be/stations/NMBS/008822210,IC,2017-10-03T23:38:00,2017-10-03T23:38:00,-6,-6
http://irail.be/vehicle/IC2045,http://irail.be/stations/NMBS/008822228,IC,2017-10-03T23:39:00,2017-10-03T23:39:00,73,73
http://irail.be/vehicle/IC2045,http://irail.be/stations/NMBS/008822343,IC,2017-10-03T23:41:00,2017-10-03T23:41:00,81,81
http://irail.be/vehicle/IC2045,http://irail.be/stations/NMBS/008822004,IC,2017-10-03T23:45:00,2017-10-03T23:43:00,21,81
http://irail.be/vehicle/IC2045,http://irail.be/stations/NMBS/008822251,IC,2017-10-03T23:49:00,2017-10-03T23:49:00,53,53
http://irail.be/vehicle/IC2045,http://irail.be/stations/NMBS/008822269,IC,2017-10-03T23:50:00,2017-10-03T23:50:00,53,53
http://irail.be/vehicle/IC2045,http://irail.be/stations/NMBS/008811189,IC,2017-10-03T23:52:00,2017-10-03T23:52:00,77,77
http://irail.be/vehicle/IC2045,http://irail.be/stations/NMBS/008811148,IC,2017-10-03T23:54:00,2017-10-03T23:54:00,78,78
http://irail.be/vehicle/IC2045,http://irail.be/stations/NMBS/008811007,IC,2017-10-03T23:57:00,2017-10-03T23:57:00,48,48
http://irail.be/vehicle/IC2045,http://irail.be/stations/NMBS/008812005,IC,2017-10-04T00:02:00,2017-10-04T00:02:00,0,51
http://irail.be/vehicle/IC2045,http://irail.be/stations/NMBS/008813045,IC,2017-10-04T00:04:00,2017-10-04T00:04:00,3,3
http://irail.be/vehicle/IC2045,http://irail.be/stations/NMBS/008813003,IC,2017-10-04T00:06:00,2017-10-04T00:05:00,14,30
http://irail.be/vehicle/IC2045,http://irail.be/stations/NMBS/008813037,IC,2017-10-04T00:07:00,2017-10-04T00:07:00,14,14
http://irail.be/vehicle/IC2045,http://irail.be/stations/NMBS/008814001,IC,2017-10-04T00:10:00,2017-10-04T00:10:00,,11
http://irail.be/vehicle/IC2045,NO-URI,IC,2017-12-12T23:11:00,2017-12-12T23:11:00,166,
http://irail.be/vehicle/IC2045,http://irail.be/stations/NMBS/008821089,IC,2017-12-12T23:17:00,2017-12-12T23:14:00,155,155
http://irail.be/vehicle/IC2045,http://irail.be/stations/NMBS/008821063,IC,2017-12-12T23:20:00,2017-12-12T23:20:00,146,146
http://irail.be/vehicle/IC2045,http://irail.be/stations/NMBS/008821006,IC,2017-12-12T23:26:00,2017-12-12T23:23:00,130,166
http://irail.be/vehicle/IC2045,http://irail.be/stations/NMBS/008821121,IC,2017-12-12T23:31:00,2017-12-12T23:30:00,113,113
http://irail.be/vehicle/IC2045,http://irail.be/stations/NMBS/008821154,IC,2017-12-12T23:33:00,2017-12-12T23:33:00,140,140
http://irail.be/vehicle/IC2045,http://irail.be/stations/NMBS/008821238,IC,2017-12-12T23:34:00,2017-12-12T23:34:00,134,134
http://irail.be/vehicle/IC2045,http://irail.be/stations/NMBS/008821337,IC,2017-12-12T23:35:00,2017-12-12T23:35:00,129,129
http://irail.be/vehicle/IC2045,http://irail.be/stations/NMBS/008821311,IC,2017-12-12T23:36:00,2017-12-12T23:36:00,127,127
http://irail.be/vehicle/IC2045,http://irail.be/stations/NMBS/008822210,IC,2017-12-12T23:38:00,2017-12-12T23:38:00,125,125
http://irail.be/vehicle/IC2045,http://irail.be/stations/NMBS/008822228,IC,2017-12-12T23:39:00,2017-12-12T23:39:00,177,177
http://irail.be/vehicle/IC2045,http://irail.be/stations/NMBS/008822343,IC,2017-12-12T23:41:00,2017-12-12T23:41:00,183,183
http://irail.be/vehicle/IC2045,http://irail.be/stations/NMBS/008822004,IC,2017-12-12T23:44:00,2017-12-12T23:42:00,204,183
http://irail.be/vehicle/IC2045,http://irail.be/stations/NMBS/008822251,IC,2017-12-12T23:49:00,2017-12-12T23:49:00,158,158
http://irail.be/vehicle/IC2045,http://irail.be/stations/NMBS/008822269,IC,2017-12-12T23:50:00,2017-12-12T23:50:00,158,158
http://irail.be/vehicle/IC2045,http://irail.be/stations/NMBS/008811189,IC,2017-12-12T23:52:00,2017-12-12T23:52:00,180,180
http://irail.be/vehicle/IC2045,http://irail.be/stations/NMBS/008811148,IC,2017-12-12T23:54:00,2017-12-12T23:54:00,170,170
http://irail.be/vehicle/IC2045,http://irail.be/stations/NMBS/008811007,IC,2017-12-12T23:57:00,2017-12-12T23:57:00,111,111
http://irail.be/vehicle/IC2045,http://irail.be/stations/NMBS/008812005,IC,2017-12-13T00:02:00,2017-12-12T23:59:00,130,137
http://irail.be/vehicle/IC2045,http://irail.be/stations/NMBS/008813045,IC,2017-12-13T00:04:00,2017-12-13T00:04:00,129,129
http://irail.be/vehicle/IC2045,http://irail.be/stations/NMBS/008813003,IC,2017-12-13T00:06:00,2017-12-13T00:05:00,181,155
http://irail.be/vehicle/IC2045,http://irail.be/stations/NMBS/008813037,IC,2017-12-13T00:07:00,2017-12-13T00:07:00,181,181
http://irail.be/vehicle/IC2045,http://irail.be/stations/NMBS/008814001,IC,2017-12-13T00:10:00,2017-12-13T00:10:00,,172
http://irail.be/vehicle/IC2045,http://irail.be/stations/NMBS/008821006,IC,2017-11-15T23:25:00,2017-11-15T23:25:00,7,
http://irail.be/vehicle/IC2045,http://irail.be/stations/NMBS/008821121,IC,2017-11-15T23:31:00,2017-11-15T23:29:00,31,31
http://irail.be/vehicle/IC2045,http://irail.be/stations/NMBS/008821154,IC,2017-11-15T23:33:00,2017-11-15T23:33:00,3,3
http://irail.be/vehicle/IC2045,http://irail.be/stations/NMBS/008821238,IC,2017-11-15T23:34:00,2017-11-15T23:34:00,-22,-22
http://irail.be/vehicle/IC2045,http://irail.be/stations/NMBS/008821337,IC,2017-11-15T23:35:00,2017-11-15T23:35:00,-29,-29
http://irail.be/vehicle/IC2045,http://irail.be/stations/NMBS/008821311,IC,2017-11-15T23:36:00,2017-11-15T23:36:00,-30,-30
http://irail.be/vehicle/IC2045,http://irail.be/stations/NMBS/008822210,IC,2017-11-15T23:38:00,2017-11-15T23:38:00,-24,-24
http://irail.be/vehicle/IC2045,http://irail.be/stations/NMBS/008822228,IC,2017-11-15T23:39:00,2017-11-15T23:39:00,23,23
http://irail.be/vehicle/IC2045,http://irail.be/stations/NMBS/008822343,IC,2017-11-15T23:41:00,2017-11-15T23:41:00,-6,-6
http://irail.be/vehicle/IC2045,http://irail.be/stations/NMBS/008822004,IC,2017-11-15T23:45:00,2017-11-15T23:43:00,16,-6
http://irail.be/vehicle/IC2045,http://irail.be/stations/NMBS/008822251,IC,2017-11-15T23:49:00,2017-11-15T23:49:00,59,59
http://irail.be/vehicle/IC2045,http://irail.be/stations/NMBS/008822269,IC,2017-11-15T23:50:00,2017-11-15T23:50:00,59,59
http://irail.be/vehicle/IC2045,http://irail.be/stations/NMBS/008811189,IC,2017-11-15T23:52:00,2017-11-15T23:52:00,61,61
http://irail.be/vehicle/IC2045,http://irail.be/stations/NMBS/008811148,IC,2017-11-15T23:54:00,2017-11-15T23:54:00,49,49
http://irail.be/vehicle/IC2045,http://irail.be/stations/NMBS/008811007,IC,2017-11-15T23:57:00,2017-11-15T23:57:00,0,0
http://irail.be/vehicle/IC2045,http://irail.be/stations/NMBS/008812005,IC,2017-11-16T00:02:00,2017-11-16T00:02:00,-11,16
http://irail.be/vehicle/IC2045,http://irail.be/stations/NMBS/008813045,IC,2017-11-16T00:04:00,2017-11-16T00:04:00,-13,-13
http://irail.be/vehicle/IC2045,http://irail.be/stations/NMBS/008813003,IC,2017-11-16T00:06:00,2017-11-16T00:05:00,-2,15
http://irail.be/vehicle/IC2045,http://irail.be/stations/NMBS/008813037,IC,2017-11-16T00:08:00,2017-11-16T00:08:00,-39,-39
http://irail.be/vehicle/IC2045,http://irail.be/stations/NMBS/008814001,IC,2017-11-16T00:10:00,2017-11-16T00:10:00,,9
http://irail.be/vehicle/IC2045,http://irail.be/stations/NMBS/008821006,IC,2017-01-31T23:25:00,2017-01-31T23:25:00,26,
http://irail.be/vehicle/IC2045,http://irail.be/stations/NMBS/008821121,IC,2017-01-31T23:31:00,2017-01-31T23:29:00,24,24
http://irail.be/vehicle/IC2045,http://irail.be/stations/NMBS/008821154,IC,2017-01-31T23:33:00,2017-01-31T23:33:00,8,8
http://irail.be/vehicle/IC2045,http://irail.be/stations/NMBS/008821238,IC,2017-01-31T23:34:00,2017-01-31T23:34:00,-19,-19
http://irail.be/vehicle/IC2045,http://irail.be/stations/NMBS/008821337,IC,2017-01-31T23:35:00,2017-01-31T23:35:00,-25,-25
http://irail.be/vehicle/IC2045,NO-URI,IC,2017-01-31T23:36:00,2017-01-31T23:36:00,-26,-26
http://irail.be/vehicle/IC2045,http://irail.be/stations/NMBS/008822210,IC,2017-01-31T23:38:00,2017-01-31T23:38:00,-26,-26
http://irail.be/vehicle/IC2045,http://irail.be/stations/NMBS/008822228,IC,2017-01-31T23:39:00,2017-01-31T23:39:00,32,32
http://irail.be/vehicle/IC2045,http://irail.be/stations/NMBS/008822343,IC,2017-01-31T23:41:00,2017-01-31T23:41:00,-33,-33
http://irail.be/vehicle/IC2045,http://irail.be/stations/NMBS/008822004,IC,2017-01-31T23:45:00,2017-01-31T23:43:00,26,-33
http://irail.be/vehicle/IC2045,http://irail.be/stations/NMBS/008822251,IC,2017-01-31T23:49:00,2017-01-31T23:49:00,-18,-18
http://irail.be/vehicle/IC2045,http://irail.be/stations/NMBS/008822269,IC,2017-01-31T23:50:00,2017-01-31T23:50:00,-18,-18
http://irail.be/vehicle/IC2045,http://irail.be/stations/NMBS/008811189,IC,2017-01-31T23:52:00,2017-01-31T23:52:00,-40,-40
http://irail.be/vehicle/IC2045,http://irail.be/stations/NMBS/008811148,IC,2017-01-31T23:54:00,2017-01-31T23:54:00,-50,-50
http://irail.be/vehicle/IC2045,http://irail.be/stations/NMBS/008811007,IC,2017-01-31T23:57:00,2017-01-31T23:57:00,151,151
http://irail.be/vehicle/IC2045,http://irail.be/stations/NMBS/008812005,IC,2017-02-01T00:02:00,2017-02-01T00:02:00,189,218
http://irail.be/vehicle/IC2045,http://irail.be/stations/NMBS/008813045,IC,2017-02-01T00:04:00,2017-02-01T00:04:00,183,183
http://irail.be/vehicle/IC2045,http://irail.be/stations/NMBS/008813003,IC,2017-02-01T00:06:00,2017-02-01T00:05:00,209,190
http://irail.be/vehicle/IC2045,http://irail.be/stations/NMBS/008813037,IC,2017-02-01T00:07:00,2017-02-01T00:07:00,207,207
http://irail.be/vehicle/IC2045,http://irail.be/stations/NMBS/008814001,IC,2017-02-01T00:10:00,2017-02-01T00:10:00,,213
http://irail.be/vehicle/IC2045,http://irail.be/stations/NMBS/008821006,IC,2017-09-21T23:25:00,2017-09-21T23:25:00,32,
http://irail.be/vehicle/IC2045,http://irail.be/stations/NMBS/008821121,IC,2017-09-21T23:31:00,2017-09-21T23:29:00,31,31
http://irail.be/vehicle/IC2045,http://irail.be/stations/NMBS/008821154,IC,2017-09-21T23:33:00,2017-09-21T23:33:00,5,5
http://irail.be/vehicle/IC2045,http://irail.be/stations/NMBS/008821238,IC,2017-09-21T23:34:00,2017-09-21T23:34:00,-18,-18
http://irail.be/vehicle/IC2045,http://irail.be/stations/NMBS/008821337,IC,2017-09-21T23:35:00,2017-09-21T23:35:00,-26,-26
http://irail.be/vehicle/IC2045,http://irail.be/stations/NMBS/008821311,IC,2017-09-21T23:36:00,2017-09-21T23:36:00,-29,-29
http://irail.be/vehicle/IC2045,http://irail.be/stations/NMBS/008822210,IC,2017-09-21T23:38:00,2017-09-21T23:38:00,-21,-21
http://irail.be/vehicle/IC2045,http://irail.be/stations/NMBS/008822228,IC,2017-09-21T23:39:00,2017-09-21T23:39:00,19,19
http://irail.be/vehicle/IC2045,http://irail.be/stations/NMBS/008822343,IC,2017-09-21T23:41:00,2017-09-21T23:41:00,-21,-21
http://irail.be/vehicle/IC2045,http://irail.be/stations/NMBS/008822004,IC,2017-09-21T23:45:00,2017-09-21T23:43:00,38,-21
http://irail.be/vehicle/IC2045,http://irail.be/stations/NMBS/008822251,IC,2017-09-21T23:49:00,2017-09-21T23:49:00,-31,-31
http://irail.be/vehicle/IC2045,http://irail.be/stations/NMBS/008822269,IC,2017-09-21T23:50:00,2017-09-21T23:50:00,-31,-31
http://irail.be/vehicle/IC2045,http://irail.be/stations/NMBS/008811189,IC,2017-09-21T23:52:00,2017-09-21T23:52:00,-38,-38
http://irail.be/vehicle/IC2045,http://irail.be/stations/NMBS/008811148,IC,2017-09-21T23:54:00,2017-09-21T23:54:00,-51,-51
http://irail.be/vehicle/IC2045,http://irail.be/stations/NMBS/008811007,IC,2017-09-21T23:57:00,2017-09-21T23:57:00,2,2
http://irail.be/vehicle/IC2045,http://irail.be/stations/NMBS/008812005,IC,2017-09-22T00:02:00,2017-09-22T00:02:00,121,180
http://irail.be/vehicle/IC2045,http://irail.be/stations/NMBS/008813045,IC,2017-09-22T00:04:00,2017-09-22T00:04:00,135,135
http://irail.be/vehicle/IC2045,http://irail.be/stations/NMBS/008813003,IC,2017-09-22T00:06:00,2017-09-22T00:05:00,194,202
http://irail.be/vehicle/IC2045,http://irail.be/stations/NMBS/008813037,IC,2017-09-22T00:07:00,2017-09-22T00:07:00,194,194
http://irail.be/vehicle/IC2045,http://irail.be/stations/NMBS/008814001,IC,2017-09-22T00:10:00,2017-09-22T00:10:00,,211
http://irail.be/vehicle/IC2045,http://irail.be/stations/NMBS/008821006,IC,2017-11-21T23:25:00,2017-11-21T23:25:00,2,
http://irail.be/vehicle/IC2045,http://irail.be/stations/NMBS/008821121,IC,2017-11-21T23:31:00,2017-11-21T23:29:00,34,34
http://irail.be/vehicle/IC2045,http://irail.be/stations/NMBS/008821154,IC,2017-11-21T23:33:00,2017-11-21T23:33:00,8,8
http://irail.be/vehicle/IC2045,http://irail.be/stations/NMBS/008821238,IC,2017-11-21T23:34:00,2017-11-21T23:34:00,-18,-18
http://irail.be/vehicle/IC2045,http://irail.be/stations/NMBS/008821337,IC,2017-11-21T23:35:00,2017-11-21T23:35:00,-26,-26
http://irail.be/vehicle/IC2045,http://irail.be/stations/NMBS/008821311,IC,2017-11-21T23:36:00,2017-11-21T23:36:00,-28,-28
http://irail.be/vehicle/IC2045,http://irail.be/stations/NMBS/008822210,IC,2017-11-21T23:38:00,2017-11-21T23:38:00,-22,-22
http://irail.be/vehicle/IC2045,http://irail.be/stations/NMBS/008822228,IC,2017-11-21T23:39:00,2017-11-21T23:39:00,28,28
http://irail.be/vehicle/IC2045,http://irail.be/stations/NMBS/008822343,IC,2017-11-21T23:41:00,2017-11-21T23:41:00,-4,-4
http://irail.be/vehicle/IC2045,http://irail.be/stations/NMBS/008822004,IC,2017-11-21T23:45:00,2017-11-21T23:43:00,20,-4
http://irail.be/vehicle/IC2045,http://irail.be/stations/NMBS/008822251,IC,2017-11-21T23:49:00,2017-11-21T23:49:00,23,23
http://irail.be/vehicle/IC2045,http://irail.be/stations/NMBS/008822269,IC,2017-11-21T23:50:00,2017-11-21T23:50:00,23,23
http://irail.be/vehicle/IC2045,http://irail.be/stations/NMBS/008811189,IC,2017-11-21T23:52:00,2017-11-21T23:52:00,31,31
http://irail.be/vehicle/IC2045,http://irail.be/stations/NMBS/008811148,IC,2017-11-21T23:54:00,2017-11-21T23:54:00,20,20
http://irail.be/vehicle/IC2045,http://irail.be/stations/NMBS/008811007,IC,2017-11-21T23:57:00,2017-11-21T23:57:00,-38,-38
http://irail.be/vehicle/IC2045,http://irail.be/stations/NMBS/008812005,IC,2017-11-22T00:02:00,2017-11-22T00:02:00,91,-48
http://irail.be/vehicle/IC2045,http://irail.be/stations/NMBS/008813045,IC,2017-11-22T00:04:00,2017-11-22T00:04:00,90,90
http://irail.be/vehicle/IC2045,http://irail.be/stations/NMBS/008813003,IC,2017-11-22T00:06:00,2017-11-22T00:05:00,203,217
http://irail.be/vehicle/IC2045,http://irail.be/stations/NMBS/008813037,IC,2017-11-22T00:07:00,2017-11-22T00:07:00,203,203
http://irail.be/vehicle/IC2045,http://irail.be/stations/NMBS/008814001,IC,2017-11-22T00:10:00,2017-11-22T00:10:00,,197
http://irail.be/vehicle/IC2045,NO-URI,IC,2017-12-28T23:11:00,2017-12-28T23:11:00,-97,
http://irail.be/vehicle/IC2045,http://irail.be/stations/NMBS/008821089,IC,2017-12-28T23:17:00,2017-12-28T23:14:00,-19,-19
http://irail.be/vehicle/IC2045,http://irail.be/stations/NMBS/008821063,IC,2017-12-28T23:19:00,2017-12-28T23:19:00,12,12
http://irail.be/vehicle/IC2045,http://irail.be/stations/NMBS/008821006,IC,2017-12-28T23:26:00,2017-12-28T23:23:00,5,-11
http://irail.be/vehicle/IC2045,http://irail.be/stations/NMBS/008821121,IC,2017-12-28T23:31:00,2017-12-28T23:30:00,22,22
http://irail.be/vehicle/IC2045,http://irail.be/stations/NMBS/008821154,IC,2017-12-28T23:33:00,2017-12-28T23:33:00,20,20
http://irail.be/vehicle/IC2045,http://irail.be/stations/NMBS/008821238,IC,2017-12-28T23:34:00,2017-12-28T23:34:00,7,7
http://irail.be/vehicle/IC2045,http://irail.be/stations/NMBS/008821337,IC,2017-12-28T23:35:00,2017-12-28T23:35:00,-6,-6
http://irail.be/vehicle/IC2045,http://irail.be/stations/NMBS/008821311,IC,2017-12-28T23:36:00,2017-12-28T23:36:00,-6,-6
http://irail.be/vehicle/IC2045,http://irail.be/stations/NMBS/008822210,IC,2017-12-28T23:38:00,2017-12-28T23:38:00,-8,-8
http://irail.be/vehicle/IC2045,http://irail.be/stations/NMBS/008822228,IC,2017-12-28T23:39:00,2017-12-28T23:39:00,53,53
http://irail.be/vehicle/IC2045,http://irail.be/stations/NMBS/008822343,IC,2017-12-28T23:41:00,2017-12-28T23:41:00,60,60
http://irail.be/vehicle/IC2045,http://irail.be/stations/NMBS/008822004,IC,2017-12-28T23:44:00,2017-12-28T23:42:00,47,60
http://irail.be/vehicle/IC2045,http://irail.be/stations/NMBS/008822251,IC,2017-12-28T23:49:00,2017-12-28T23:49:00,-42,-42
http://irail.be/vehicle/IC2045,http://irail.be/stations/NMBS/008822269,IC,2017-12-28T23:50:00,2017-12-28T23:50:00,-42,-42
http://irail.be/vehicle/IC2045,http://irail.be/stations/NMBS/008811189,IC,2017-12-28T23:52:00,2017-12-28T23:52:00,-40,-40
http://irail.be/vehicle/IC2045,http://irail.be/stations/NMBS/008811148,IC,2017-12-28T23:54:00,2017-12-28T23:54:00,-53,-53
http://irail.be/vehicle/IC2045,http://irail.be/stations/NMBS/008811007,IC,2017-12-28T23:57:00,2017-12-28T23:57:00,-106,-106
http://irail.be/vehicle/IC2045,http://irail.be/stations/NMBS/008812005,IC,2017-12-29T00:02:00,2017-12-28T23:59:00,-8,-71
http://irail.be/vehicle/IC2045,http://irail.be/stations/NMBS/008813045,IC,2017-12-29T00:04:00,2017-12-29T00:04:00,-12,-12
http://irail.be/vehicle/IC2045,http://irail.be/stations/NMBS/008813003,IC,2017-12-29T00:06:00,2017-12-29T00:05:00,27,13
http://irail.be/vehicle/IC2045,http://irail.be/stations/NMBS/008813037,IC,2017-12-29T00:08:00,2017-12-29T00:08:00,-34,-34
http://irail.be/vehicle/IC2045,http://irail.be/stations/NMBS/008814001,IC,2017-12-29T00:10:00,2017-12-29T00:10:00,,8
http://irail.be/vehicle/IC2045,http://irail.be/stations/NMBS/008821006,IC,2017-03-02T23:25:00,2017-03-02T23:25:00,-4,
http://irail.be/vehicle/IC2045,http://irail.be/stations/NMBS/008821121,IC,2017-03-02T23:31:00,2017-03-02T23:29:00,29,29
http://irail.be/vehicle/IC2045,http://irail.be/stations/NMBS/008821154,IC,2017-03-02T23:33:00,2017-03-02T23:33:00,7,7
http://irail.be/vehicle/IC2045,http://irail.be/stations/NMBS/008821238,IC,2017-03-02T23:34:00,2017-03-02T23:34:00,-17,-18
http://irail.be/vehicle/IC2045,http://irail.be/stations/NMBS/008821337,IC,2017-03-02T23:35:00,2017-03-02T23:35:00,-26,-26
http://irail.be/vehicle/IC2045,NO-URI,IC,2017-03-02T23:36:00,2017-03-02T23:36:00,-28,-28
http://irail.be/vehicle/IC2045,http://irail.be/stations/NMBS/008822210,IC,2017-03-02T23:38:00,2017-03-02T23:38:00,-22,-22
http://irail.be/vehicle/IC2045,http://irail.be/stations/NMBS/008822228,IC,2017-03-02T23:39:00,2017-03-02T23:39:00,25,25
http://irail.be/vehicle/IC2045,http://irail.be/stations/NMBS/008822343,IC,2017-03-02T23:41:00,2017-03-02T23:41:00,-26,-26
http://irail.be/vehicle/IC2045,http://irail.be/stations/NMBS/008822004,IC,2017-03-02T23:45:00,2017-03-02T23:43:00,31,-26
http://irail.be/vehicle/IC2045,http://irail.be/stations/NMBS/008822251,IC,2017-03-02T23:49:00,2017-03-02T23:49:00,-16,-16
http://irail.be/vehicle/IC2045,http://irail.be/stations/NMBS/008822269,IC,2017-03-02T23:50:00,2017-03-02T23:50:00,-16,-16
http://irail.be/vehicle/IC2045,http://irail.be/stations/NMBS/008811189,IC,2017-03-02T23:52:00,2017-03-02T23:52:00,-45,-45
http://irail.be/vehicle/IC2045,http://irail.be/stations/NMBS/008811148,IC,2017-03-02T23:54:00,2017-03-02T23:54:00,-57,-57
http://irail.be/vehicle/IC2045,http://irail.be/stations/NMBS/008811007,IC,2017-03-02T23:57:00,2017-03-02T23:57:00,-129,-129
http://irail.be/vehicle/IC2045,http://irail.be/stations/NMBS/008812005,IC,2017-03-03T00:02:00,2017-03-03T00:02:00,87,-152
http://irail.be/vehicle/IC2045,http://irail.be/stations/NMBS/008813045,IC,2017-03-03T00:04:00,2017-03-03T00:04:00,85,85
http://irail.be/vehicle/IC2045,http://irail.be/stations/NMBS/008813003,IC,2017-03-03T00:06:00,2017-03-03T00:05:00,162,157
http://irail.be/vehicle/IC2045,http://irail.be/stations/NMBS/008813037,IC,2017-03-03T00:07:00,2017-03-03T00:07:00,163,163
http://irail.be/vehicle/IC2045,http://irail.be/stations/NMBS/008814001,IC,2017-03-03T00:10:00,2017-03-03T00:10:00,,163
http://irail.be/vehicle/IC2045,NO-URI,IC,2017-12-20T23:11:00,2017-12-20T23:11:00,-15,
http://irail.be/vehicle/IC2045,http://irail.be/stations/NMBS/008821089,IC,2017-12-20T23:17:00,2017-12-20T23:14:00,14,14
http://irail.be/vehicle/IC2045,http://irail.be/stations/NMBS/008821063,IC,2017-12-20T23:20:00,2017-12-20T23:20:00,11,11
http://irail.be/vehicle/IC2045,http://irail.be/stations/NMBS/008821006,IC,2017-12-20T23:26:00,2017-12-20T23:23:00,35,88
http://irail.be/vehicle/IC2045,http://irail.be/stations/NMBS/008821121,IC,2017-12-20T23:31:00,2017-12-20T23:30:00,47,47
http://irail.be/vehicle/IC2045,http://irail.be/stations/NMBS/008821154,IC,2017-12-20T23:33:00,2017-12-20T23:33:00,47,47
http://irail.be/vehicle/IC2045,http://irail.be/stations/NMBS/008821238,IC,2017-12-20T23:34:00,2017-12-20T23:34:00,33,33
http://irail.be/vehicle/IC2045,http://irail.be/stations/NMBS/008821337,IC,2017-12-20T23:35:00,2017-12-20T23:35:00,16,16
http://irail.be/vehicle/IC2045,http://irail.be/stations/NMBS/008821311,IC,2017-12-20T23:36:00,2017-12-20T23:36:00,9,9
http://irail.be/vehicle/IC2045,http://irail.be/stations/NMBS/008822210,IC,2017-12-20T23:38:00,2017-12-20T23:38:00,2,2
http://irail.be/vehicle/IC2045,http://irail.be/stations/NMBS/008822228,IC,2017-12-20T23:39:00,2017-12-20T23:39:00,31,31
http://irail.be/vehicle/IC2045,http://irail.be/stations/NMBS/008822343,IC,2017-12-20T23:41:00,2017-12-20T23:41:00,34,34
http://irail.be/vehicle/IC2045,http://irail.be/stations/NMBS/008822004,IC,2017-12-20T23:44:00,2017-12-20T23:42:00,21,34
http://irail.be/vehicle/IC2045,http://irail.be/stations/NMBS/008822251,IC,2017-12-20T23:49:00,2017-12-20T23:49:00,-75,-75
http://irail.be/vehicle/IC2045,http://irail.be/stations/NMBS/008822269,IC,2017-12-20T23:50:00,2017-12-20T23:50:00,-75,-75
http://irail.be/vehicle/IC2045,http://irail.be/stations/NMBS/008811189,IC,2017-12-20T23:52:00,2017-12-20T23:52:00,-70,-70
http://irail.be/vehicle/IC2045,http://irail.be/stations/NMBS/008811148,IC,2017-12-20T23:54:00,2017-12-20T23:54:00,-85,-85
http://irail.be/vehicle/IC2045,http://irail.be/stations/NMBS/008811007,IC,2017-12-20T23:57:00,2017-12-20T23:57:00,-25,-25
http://irail.be/vehicle/IC2045,http://irail.be/stations/NMBS/008812005,IC,2017-12-21T00:02:00,2017-12-20T23:59:00,93,177
http://irail.be/vehicle/IC2045,http://irail.be/stations/NMBS/008813045,IC,2017-12-21T00:04:00,2017-12-21T00:04:00,105,105
http://irail.be/vehicle/IC2045,http://irail.be/stations/NMBS/008813003,IC,2017-12-21T00:06:00,2017-12-21T00:05:00,200,167
http://irail.be/vehicle/IC2045,http://irail.be/stations/NMBS/008813037,IC,2017-12-21T00:07:00,2017-12-21T00:07:00,200,200
http://irail.be/vehicle/IC2045,http://irail.be/stations/NMBS/008814001,IC,2017-12-21T00:10:00,2017-12-21T00:10:00,,345
http://irail.be/vehicle/IC2045,http://irail.be/stations/NMBS/008821006,IC,2017-06-14T23:25:00,2017-06-14T23:25:00,18,
http://irail.be/vehicle/IC2045,http://irail.be/stations/NMBS/008821121,IC,2017-06-14T23:31:00,2017-06-14T23:29:00,31,31
http://irail.be/vehicle/IC2045,http://irail.be/stations/NMBS/008821154,IC,2017-06-14T23:33:00,2017-06-14T23:33:00,6,6
http://irail.be/vehicle/IC2045,http://irail.be/stations/NMBS/008821238,IC,2017-06-14T23:34:00,2017-06-14T23:34:00,-18,-18
http://irail.be/vehicle/IC2045,http://irail.be/stations/NMBS/008821337,IC,2017-06-14T23:35:00,2017-06-14T23:35:00,-27,-27
http://irail.be/vehicle/IC2045,http://irail.be/stations/NMBS/008821311,IC,2017-06-14T23:36:00,2017-06-14T23:36:00,-29,-29
http://irail.be/vehicle/IC2045,http://irail.be/stations/NMBS/008822210,IC,2017-06-14T23:38:00,2017-06-14T23:38:00,-24,-24
http://irail.be/vehicle/IC2045,http://irail.be/stations/NMBS/008822228,IC,2017-06-14T23:39:00,2017-06-14T23:39:00,19,19
http://irail.be/vehicle/IC2045,http://irail.be/stations/NMBS/008822343,IC,2017-06-14T23:41:00,2017-06-14T23:41:00,-24,-24
http://irail.be/vehicle/IC2045,http://irail.be/stations/NMBS/008822004,IC,2017-06-14T23:45:00,2017-06-14T23:43:00,34,-24
http://irail.be/vehicle/IC2045,http://irail.be/stations/NMBS/008822251,IC,2017-06-14T23:49:00,2017-06-14T23:49:00,-36,-36
http://irail.be/vehicle/IC2045,http://irail.be/stations/NMBS/008822269,IC,2017-06-14T23:50:00,2017-06-14T23:50:00,-36,-36
http://irail.be/vehicle/IC2045,http://irail.be/stations/NMBS/008811189,IC,2017-06-14T23:52:00,2017-06-14T23:52:00,-43,-43
http://irail.be/vehicle/IC2045,http://irail.be/stations/NMBS/008811148,IC,2017-06-14T23:54:00,2017-06-14T23:54:00,-53,-53
http://irail.be/vehicle/IC2045,http://irail.be/stations/NMBS/008811007,IC,2017-06-14T23:57:00,2017-06-14T23:57:00,14,14
http://irail.be/vehicle/IC2045,http://irail.be/stations/NMBS/008812005,IC,2017-06-15T00:02:00,2017-06-15T00:02:00,65,85
http://irail.be/vehicle/IC2045,http://irail.be/stations/NMBS/008813045,IC,2017-06-15T00:04:00,2017-06-15T00:04:00,63,63
http://irail.be/vehicle/IC2045,http://irail.be/stations/NMBS/008813003,IC,2017-06-15T00:06:00,2017-06-15T00:05:00,149,152
http://irail.be/vehicle/IC2045,http://irail.be/stations/NMBS/008813037,IC,2017-06-15T00:07:00,2017-06-15T00:07:00,149,149
http://irail.be/vehicle/IC2045,http://irail.be/stations/NMBS/008814001,IC,2017-06-15T00:10:00,2017-06-15T00:10:00,,145
http://irail.be/vehicle/IC2045,http://irail.be/stations/NMBS/008821006,IC,2017-08-18T23:25:00,2017-08-18T23:25:00,42,
http://irail.be/vehicle/IC2045,http://irail.be/stations/NMBS/008821121,IC,2017-08-18T23:31:00,2017-08-18T23:29:00,42,42
http://irail.be/vehicle/IC2045,http://irail.be/stations/NMBS/008821154,IC,2017-08-18T23:33:00,2017-08-18T23:33:00,14,14
http://irail.be/vehicle/IC2045,http://irail.be/stations/NMBS/008821238,IC,2017-08-18T23:34:00,2017-08-18T23:34:00,-10,-10
http://irail.be/vehicle/IC2045,http://irail.be/stations/NMBS/008821337,IC,2017-08-18T23:35:00,2017-08-18T23:35:00,-12,-12
http://irail.be/vehicle/IC2045,http://irail.be/stations/NMBS/008821311,IC,2017-08-18T23:36:00,2017-08-18T23:36:00,-13,-13
http://irail.be/vehicle/IC2045,http://irail.be/stations/NMBS/008822210,IC,2017-08-18T23:38:00,2017-08-18T23:38:00,-4,-4
http://irail.be/vehicle/IC2045,http://irail.be/stations/NMBS/008822228,IC,2017-08-18T23:39:00,2017-08-18T23:39:00,78,78
http://irail.be/vehicle/IC2045,http://irail.be/stations/NMBS/008822343,IC,2017-08-18T23:41:00,2017-08-18T23:41:00,48,48
http://irail.be/vehicle/IC2045,http://irail.be/stations/NMBS/008822004,IC,2017-08-18T23:45:00,2017-08-18T23:43:00,22,48
http://irail.be/vehicle/IC2045,http://irail.be/stations/NMBS/008822251,IC,2017-08-18T23:49:00,2017-08-18T23:49:00,-33,-33
http://irail.be/vehicle/IC2045,http://irail.be/stations/NMBS/008822269,IC,2017-08-18T23:50:00,2017-08-18T23:50:00,-33,-33
http://irail.be/vehicle/IC2045,http://irail.be/stations/NMBS/008811189,IC,2017-08-18T23:52:00,2017-08-18T23:52:00,53,53
http://irail.be/vehicle/IC2045,NO-URI,IC,2017-08-18T23:54:00,2017-08-18T23:54:00,141,141
http://irail.be/vehicle/IC2045,NO-URI,IC,2017-08-18T23:54:00,2017-08-18T23:54:00,454,454
http://irail.be/vehicle/IC2045,http://irail.be/stations/NMBS/008811007,IC,2017-08-18T23:57:00,2017-08-18T23:57:00,519,519
http://irail.be/vehicle/IC2045,http://irail.be/stations/NMBS/008812005,IC,2017-08-19T00:02:00,2017-08-19T00:02:00,465,489
http://irail.be/vehicle/IC2045,http://irail.be/stations/NMBS/008813045,IC,2017-08-19T00:04:00,2017-08-19T00:04:00,470,470
http://irail.be/vehicle/IC2045,http://irail.be/stations/NMBS/008813003,IC,2017-08-19T00:06:00,2017-08-19T00:05:00,600,609
http://irail.be/vehicle/IC2045,http://irail.be/stations/NMBS/008813037,IC,2017-08-19T00:07:00,2017-08-19T00:07:00,603,603
http://irail.be/vehicle/IC2045,http://irail.be/stations/NMBS/008814001,IC,2017-08-19T00:10:00,2017-08-19T00:10:00,,602
http://irail.be/vehicle/IC2045,http://irail.be/stations/NMBS/008821006,IC,2017-11-06T23:25:00,2017-11-06T23:25:00,15,
http://irail.be/vehicle/IC2045,http://irail.be/stations/NMBS/008821121,IC,2017-11-06T23:31:00,2017-11-06T23:29:00,28,28
http://irail.be/vehicle/IC2045,http://irail.be/stations/NMBS/008821154,IC,2017-11-06T23:33:00,2017-11-06T23:33:00,2,2
http://irail.be/vehicle/IC2045,http://irail.be/stations/NMBS/008821238,IC,2017-11-06T23:34:00,2017-11-06T23:34:00,-21,-21
http://irail.be/vehicle/IC2045,http://irail.be/stations/NMBS/008821337,IC,2017-11-06T23:35:00,2017-11-06T23:35:00,-20,-20
http://irail.be/vehicle/IC2045,http://irail.be/stations/NMBS/008821311,IC,2017-11-06T23:36:00,2017-11-06T23:36:00,-23,-23
http://irail.be/vehicle/IC2045,http://irail.be/stations/NMBS/008822210,IC,2017-11-06T23:38:00,2017-11-06T23:38:00,-15,-15
http://irail.be/vehicle/IC2045,http://irail.be/stations/NMBS/008822228,IC,2017-11-06T23:39:00,2017-11-06T23:39:00,47,47
http://irail.be/vehicle/IC2045,http://irail.be/stations/NMBS/008822343,IC,2017-11-06T23:41:00,2017-11-06T23:41:00,23,23
http://irail.be/vehicle/IC2045,http://irail.be/stations/NMBS/008822004,IC,2017-11-06T23:45:00,2017-11-06T23:43:00,7,23
http://irail.be/vehicle/IC2045,http://irail.be/stations/NMBS/008822251,IC,2017-11-06T23:49:00,2017-11-06T23:49:00,21,21
http://irail.be/vehicle/IC2045,http://irail.be/stations/NMBS/008822269,IC,2017-11-06T23:50:00,2017-11-06T23:50:00,21,21
http://irail.be/vehicle/IC2045,http://irail.be/stations/NMBS/008811189,IC,2017-11-06T23:52:00,2017-11-06T23:52:00,35,35
http://irail.be/vehicle/IC2045,http://irail.be/stations/NMBS/008811148,IC,2017-11-06T23:54:00,2017-11-06T23:54:00,30,30
http://irail.be/vehicle/IC2045,http://irail.be/stations/NMBS/008811007,IC,2017-11-06T23:57:00,2017-11-06T23:57:00,-17,-17
http://irail.be/vehicle/IC2045,http://irail.be/stations/NMBS/008812005,IC,2017-11-07T00:02:00,2017-11-07T00:02:00,15,-9
http://irail.be/vehicle/IC2045,http://irail.be/stations/NMBS/008813045,IC,2017-11-07T00:04:00,2017-11-07T00:04:00,12,12
http://irail.be/vehicle/IC2045,http://irail.be/stations/NMBS/008813003,IC,2017-11-07T00:06:00,2017-11-07T00:05:00,20,37
http://irail.be/vehicle/IC2045,http://irail.be/stations/NMBS/008813037,IC,2017-11-07T00:07:00,2017-11-07T00:07:00,20,20
http://irail.be/vehicle/IC2045,http://irail.be/stations/NMBS/008814001,IC,2017-11-07T00:10:00,2017-11-07T00:10:00,,16
http://irail.be/vehicle/IC2045,http://irail.be/stations/NMBS/008821006,IC,2017-07-24T23:25:00,2017-07-24T23:25:00,10,
http://irail.be/vehicle/IC2045,http://irail.be/stations/NMBS/008821121,IC,2017-07-24T23:31:00,2017-07-24T23:29:00,38,38
http://irail.be/vehicle/IC2045,http://irail.be/stations/NMBS/008821154,IC,2017-07-24T23:33:00,2017-07-24T23:33:00,10,10
http://irail.be/vehicle/IC2045,http://irail.be/stations/NMBS/008821238,IC,2017-07-24T23:34:00,2017-07-24T23:34:00,-14,-14
http://irail.be/vehicle/IC2045,http://irail.be/stations/NMBS/008821337,IC,2017-07-24T23:35:00,2017-07-24T23:35:00,-22,-22
http://irail.be/vehicle/IC2045,http://irail.be/stations/NMBS/008821311,IC,2017-07-24T23:36:00,2017-07-24T23:36:00,-25,-25
http://irail.be/vehicle/IC2045,http://irail.be/stations/NMBS/008822210,IC,2017-07-24T23:38:00,2017-07-24T23:38:00,-19,-19
http://irail.be/vehicle/IC2045,http://irail.be/stations/NMBS/008822228,IC,2017-07-24T23:39:00,2017-07-24T23:39:00,31,31
http://irail.be/vehicle/IC2045,http://irail.be/stations/NMBS/008822343,IC,2017-07-24T23:41:00,2017-07-24T23:41:00,-7,-7
http://irail.be/vehicle/IC2045,http://irail.be/stations/NMBS/008822004,IC,2017-07-24T23:45:00,2017-07-24T23:43:00,37,-7
http://irail.be/vehicle/IC2045,http://irail.be/stations/NMBS/008822251,IC,2017-07-24T23:49:00,2017-07-24T23:49:00,-22,-22
http://irail.be/vehicle/IC2045,http://irail.be/stations/NMBS/008822269,IC,2017-07-24T23:50:00,2017-07-24T23:50:00,-22,-22
http://irail.be/vehicle/IC2045,http://irail.be/stations/NMBS/008811189,IC,2017-07-24T23:52:00,2017-07-24T23:52:00,-27,-27
http://irail.be/vehicle/IC2045,http://irail.be/stations/NMBS/008811148,IC,2017-07-24T23:54:00,2017-07-24T23:54:00,-39,-39
http://irail.be/vehicle/IC2045,http://irail.be/stations/NMBS/008811007,IC,2017-07-24T23:57:00,2017-07-24T23:57:00,151,151
http://irail.be/vehicle/IC2045,http://irail.be/stations/NMBS/008812005,IC,2017-07-25T00:02:00,2017-07-25T00:02:00,125,217
http://irail.be/vehicle/IC2045,http://irail.be/stations/NMBS/008813045,IC,2017-07-25T00:04:00,2017-07-25T00:04:00,118,118
http://irail.be/vehicle/IC2045,http://irail.be/stations/NMBS/008813003,IC,2017-07-25T00:06:00,2017-07-25T00:05:00,167,178
http://irail.be/vehicle/IC2045,http://irail.be/stations/NMBS/008813037,IC,2017-07-25T00:07:00,2017-07-25T00:07:00,172,172
http://irail.be/vehicle/IC2045,http://irail.be/stations/NMBS/008814001,IC,2017-07-25T00:10:00,2017-07-25T00:10:00,,167
http://irail.be/vehicle/IC2045,http://irail.be/stations/NMBS/008821006,IC,2017-07-27T23:25:00,2017-07-27T23:25:00,1167,
http://irail.be/vehicle/IC2045,http://irail.be/stations/NMBS/008821121,IC,2017-07-27T23:31:00,2017-07-27T23:29:00,1076,1076
http://irail.be/vehicle/IC2045,http://irail.be/stations/NMBS/008821154,IC,2017-07-27T23:33:00,2017-07-27T23:33:00,1049,1049
http://irail.be/vehicle/IC2045,http://irail.be/stations/NMBS/008821238,IC,2017-07-27T23:34:00,2017-07-27T23:34:00,1027,1027
http://irail.be/vehicle/IC2045,http://irail.be/stations/NMBS/008821337,IC,2017-07-27T23:35:00,2017-07-27T23:35:00,1019,1019
http://irail.be/vehicle/IC2045,http://irail.be/stations/NMBS/008821311,IC,2017-07-27T23:36:00,2017-07-27T23:36:00,1016,1016
http://irail.be/vehicle/IC2045,http://irail.be/stations/NMBS/008822210,IC,2017-07-27T23:38:00,2017-07-27T23:38:00,1022,1022
http://irail.be/vehicle/IC2045,http://irail.be/stations/NMBS/008822228,IC,2017-07-27T23:39:00,2017-07-27T23:39:00,1073,1073
http://irail.be/vehicle/IC2045,http://irail.be/stations/NMBS/008822343,IC,2017-07-27T23:41:00,2017-07-27T23:41:00,1019,1019
http://irail.be/vehicle/IC2045,http://irail.be/stations/NMBS/008822004,IC,2017-07-27T23:45:00,2017-07-27T23:43:00,1132,1019
http://irail.be/vehicle/IC2045,http://irail.be/stations/NMBS/008822251,IC,2017-07-27T23:49:00,2017-07-27T23:49:00,1069,1069
http://irail.be/vehicle/IC2045,http://irail.be/stations/NMBS/008822269,IC,2017-07-27T23:50:00,2017-07-27T23:50:00,1069,1069
http://irail.be/vehicle/IC2045,http://irail.be/stations/NMBS/008811189,IC,2017-07-27T23:52:00,2017-07-27T23:52:00,1064,1064
http://irail.be/vehicle/IC2045,http://irail.be/stations/NMBS/008811148,IC,2017-07-27T23:54:00,2017-07-27T23:54:00,1054,1054
http://irail.be/vehicle/IC2045,http://irail.be/stations/NMBS/008811007,IC,2017-07-27T23:57:00,2017-07-27T23:57:00,1063,1063
http://irail.be/vehicle/IC2045,http://irail.be/stations/NMBS/008812005,IC,2017-07-28T00:02:00,2017-07-28T00:02:00,1030,1126
http://irail.be/vehicle/IC2045,http://irail.be/stations/NMBS/008813045,IC,2017-07-28T00:04:00,2017-07-28T00:04:00,1029,1029
http://irail.be/vehicle/IC2045,http://irail.be/stations/NMBS/008813003,IC,2017-07-28T00:06:00,2017-07-28T00:05:00,1042,1050
http://irail.be/vehicle/IC2045,http://irail.be/stations/NMBS/008813037,IC,2017-07-28T00:07:00,2017-07-28T00:07:00,1042,1042
http://irail.be/vehicle/IC2045,http://irail.be/stations/NMBS/008814001,IC,2017-07-28T00:10:00,2017-07-28T00:10:00,,1038
http://irail.be/vehicle/IC2045,http://irail.be/stations/NMBS/008821006,IC,2017-10-27T23:25:00,2017-10-27T23:25:00,16,
http://irail.be/vehicle/IC2045,http://irail.be/stations/NMBS/008821121,IC,2017-10-27T23:31:00,2017-10-27T23:29:00,44,44
http://irail.be/vehicle/IC2045,http://irail.be/stations/NMBS/008821154,IC,2017-10-27T23:33:00,2017-10-27T23:33:00,17,17
http://irail.be/vehicle/IC2045,http://irail.be/stations/NMBS/008821238,IC,2017-10-27T23:34:00,2017-10-27T23:34:00,-6,-6
http://irail.be/vehicle/IC2045,http://irail.be/stations/NMBS/008821337,IC,2017-10-27T23:35:00,2017-10-27T23:35:00,-14,-14
http://irail.be/vehicle/IC2045,http://irail.be/stations/NMBS/008821311,IC,2017-10-27T23:36:00,2017-10-27T23:36:00,-17,-17
http://irail.be/vehicle/IC2045,http://irail.be/stations/NMBS/008822210,IC,2017-10-27T23:38:00,2017-10-27T23:38:00,-11,-11
http://irail.be/vehicle/IC2045,http://irail.be/stations/NMBS/008822228,IC,2017-10-27T23:39:00,2017-10-27T23:39:00,39,39
http://irail.be/vehicle/IC2045,http://irail.be/stations/NMBS/008822343,IC,2017-10-27T23:41:00,2017-10-27T23:41:00,-3,-3
http://irail.be/vehicle/IC2045,http://irail.be/stations/NMBS/008822004,IC,2017-10-27T23:45:00,2017-10-27T23:43:00,79,-3
http://irail.be/vehicle/IC2045,http://irail.be/stations/NMBS/008822251,IC,2017-10-27T23:49:00,2017-10-27T23:49:00,85,85
http://irail.be/vehicle/IC2045,http://irail.be/stations/NMBS/008822269,IC,2017-10-27T23:50:00,2017-10-27T23:50:00,85,85
http://irail.be/vehicle/IC2045,http://irail.be/stations/NMBS/008811189,IC,2017-10-27T23:52:00,2017-10-27T23:52:00,93,93
http://irail.be/vehicle/IC2045,http://irail.be/stations/NMBS/008811148,IC,2017-10-27T23:54:00,2017-10-27T23:54:00,80,80
http://irail.be/vehicle/IC2045,http://irail.be/stations/NMBS/008811007,IC,2017-10-27T23:57:00,2017-10-27T23:57:00,223,223
http://irail.be/vehicle/IC2045,http://irail.be/stations/NMBS/008812005,IC,2017-10-28T00:02:00,2017-10-28T00:02:00,169,266
http://irail.be/vehicle/IC2045,http://irail.be/stations/NMBS/008813045,IC,2017-10-28T00:04:00,2017-10-28T00:04:00,163,163
http://irail.be/vehicle/IC2045,http://irail.be/stations/NMBS/008813003,IC,2017-10-28T00:06:00,2017-10-28T00:05:00,174,185
http://irail.be/vehicle/IC2045,http://irail.be/stations/NMBS/008813037,IC,2017-10-28T00:07:00,2017-10-28T00:07:00,174,174
http://irail.be/vehicle/IC2045,http://irail.be/stations/NMBS/008814001,IC,2017-10-28T00:10:00,2017-10-28T00:10:00,,166
http://irail.be/vehicle/IC2045,http://irail.be/stations/NMBS/008821006,IC,2017-08-09T23:25:00,2017-08-09T23:25:00,21,
http://irail.be/vehicle/IC2045,http://irail.be/stations/NMBS/008821121,IC,2017-08-09T23:31:00,2017-08-09T23:29:00,30,30
http://irail.be/vehicle/IC2045,http://irail.be/stations/NMBS/008821154,IC,2017-08-09T23:33:00,2017-08-09T23:33:00,4,4
http://irail.be/vehicle/IC2045,http://irail.be/stations/NMBS/008821238,IC,2017-08-09T23:34:00,2017-08-09T23:34:00,-19,-19
http://irail.be/vehicle/IC2045,http://irail.be/stations/NMBS/008821337,IC,2017-08-09T23:35:00,2017-08-09T23:35:00,-28,-28
http://irail.be/vehicle/IC2045,http://irail.be/stations/NMBS/008821311,IC,2017-08-09T23:36:00,2017-08-09T23:36:00,-29,-29
http://irail.be/vehicle/IC2045,http://irail.be/stations/NMBS/008822210,IC,2017-08-09T23:38:00,2017-08-09T23:38:00,-24,-24
http://irail.be/vehicle/IC2045,http://irail.be/stations/NMBS/008822228,IC,2017-08-09T23:39:00,2017-08-09T23:39:00,30,30
http://irail.be/vehicle/IC2045,http://irail.be/stations/NMBS/008822343,IC,2017-08-09T23:41:00,2017-08-09T23:41:00,-8,-8
http://irail.be/vehicle/IC2045,http://irail.be/stations/NMBS/008822004,IC,2017-08-09T23:45:00,2017-08-09T23:43:00,18,-8
http://irail.be/vehicle/IC2045,http://irail.be/stations/NMBS/008822251,IC,2017-08-09T23:49:00,2017-08-09T23:49:00,-46,-46
http://irail.be/vehicle/IC2045,http://irail.be/stations/NMBS/008822269,IC,2017-08-09T23:50:00,2017-08-09T23:50:00,-46,-46
http://irail.be/vehicle/IC2045,http://irail.be/stations/NMBS/008811189,IC,2017-08-09T23:52:00,2017-08-09T23:52:00,-51,-51
http://irail.be/vehicle/IC2045,http://irail.be/stations/NMBS/008811148,IC,2017-08-09T23:54:00,2017-08-09T23:54:00,-60,-60
http://irail.be/vehicle/IC2045,http://irail.be/stations/NMBS/008811007,IC,2017-08-09T23:57:00,2017-08-09T23:57:00,205,205
http://irail.be/vehicle/IC2045,http://irail.be/stations/NMBS/008812005,IC,2017-08-10T00:02:00,2017-08-10T00:02:00,129,229
http://irail.be/vehicle/IC2045,http://irail.be/stations/NMBS/008813045,IC,2017-08-10T00:04:00,2017-08-10T00:04:00,126,126
http://irail.be/vehicle/IC2045,http://irail.be/stations/NMBS/008813003,IC,2017-08-10T00:06:00,2017-08-10T00:05:00,221,237
http://irail.be/vehicle/IC2045,http://irail.be/stations/NMBS/008813037,IC,2017-08-10T00:07:00,2017-08-10T00:07:00,220,220
http://irail.be/vehicle/IC2045,http://irail.be/stations/NMBS/008814001,IC,2017-08-10T00:10:00,2017-08-10T00:10:00,,223
http://irail.be/vehicle/IC2045,http://irail.be/stations/NMBS/008821006,IC,2017-09-29T23:25:00,2017-09-29T23:25:00,190,
http://irail.be/vehicle/IC2045,http://irail.be/stations/NMBS/008821121,IC,2017-09-29T23:31:00,2017-09-29T23:29:00,78,78
http://irail.be/vehicle/IC2045,http://irail.be/stations/NMBS/008821154,IC,2017-09-29T23:33:00,2017-09-29T23:33:00,52,52
http://irail.be/vehicle/IC2045,http://irail.be/stations/NMBS/008821238,IC,2017-09-29T23:34:00,2017-09-29T23:34:00,27,27
http://irail.be/vehicle/IC2045,http://irail.be/stations/NMBS/008821337,IC,2017-09-29T23:35:00,2017-09-29T23:35:00,18,18
http://irail.be/vehicle/IC2045,http://irail.be/stations/NMBS/008821311,IC,2017-09-29T23:36:00,2017-09-29T23:36:00,15,15
http://irail.be/vehicle/IC2045,http://irail.be/stations/NMBS/008822210,IC,2017-09-29T23:38:00,2017-09-29T23:38:00,21,21
http://irail.be/vehicle/IC2045,http://irail.be/stations/NMBS/008822228,IC,2017-09-29T23:39:00,2017-09-29T23:39:00,73,73
http://irail.be/vehicle/IC2045,http://irail.be/stations/NMBS/008822343,IC,2017-09-29T23:41:00,2017-09-29T23:41:00,55,55
http://irail.be/vehicle/IC2045,http://irail.be/stations/NMBS/008822004,IC,2017-09-29T23:45:00,2017-09-29T23:43:00,232,55
http://irail.be/vehicle/IC2045,http://irail.be/stations/NMBS/008822251,IC,2017-09-29T23:49:00,2017-09-29T23:49:00,224,224
http://irail.be/vehicle/IC2045,http://irail.be/stations/NMBS/008822269,IC,2017-09-29T23:50:00,2017-09-29T23:50:00,224,224
http://irail.be/vehicle/IC2045,http://irail.be/stations/NMBS/008811189,IC,2017-09-29T23:52:00,2017-09-29T23:52:00,255,255
http://irail.be/vehicle/IC2045,http://irail.be/stations/NMBS/008811148,IC,2017-09-29T23:54:00,2017-09-29T23:54:00,258,258
http://irail.be/vehicle/IC2045,http://irail.be/stations/NMBS/008811007,IC,2017-09-29T23:57:00,2017-09-29T23:57:00,286,286
http://irail.be/vehicle/IC2045,http://irail.be/stations/NMBS/008812005,IC,2017-09-30T00:02:00,2017-09-30T00:02:00,257,349
http://irail.be/vehicle/IC2045,http://irail.be/stations/NMBS/008813045,IC,2017-09-30T00:04:00,2017-09-30T00:04:00,255,255
http://irail.be/vehicle/IC2045,http://irail.be/stations/NMBS/008813003,IC,2017-09-30T00:06:00,2017-09-30T00:05:00,272,276
http://irail.be/vehicle/IC2045,http://irail.be/stations/NMBS/008813037,IC,2017-09-30T00:07:00,2017-09-30T00:07:00,272,272
http://irail.be/vehicle/IC2045,http://irail.be/stations/NMBS/008814001,IC,2017-09-30T00:10:00,2017-09-30T00:10:00,,268
http://irail.be/vehicle/IC2045,http://irail.be/stations/NMBS/008821006,IC,2017-05-31T23:25:00,2017-05-31T23:25:00,87,
http://irail.be/vehicle/IC2045,http://irail.be/stations/NMBS/008821121,IC,2017-05-31T23:31:00,2017-05-31T23:29:00,57,57
http://irail.be/vehicle/IC2045,http://irail.be/stations/NMBS/008821154,IC,2017-05-31T23:33:00,2017-05-31T23:33:00,69,69
http://irail.be/vehicle/IC2045,http://irail.be/stations/NMBS/008821238,IC,2017-05-31T23:34:00,2017-05-31T23:34:00,50,50
http://irail.be/vehicle/IC2045,http://irail.be/stations/NMBS/008821337,IC,2017-05-31T23:35:00,2017-05-31T23:35:00,49,49
http://irail.be/vehicle/IC2045,NO-URI,IC,2017-05-31T23:36:00,2017-05-31T23:36:00,47,47
http://irail.be/vehicle/IC2045,http://irail.be/stations/NMBS/008822210,IC,2017-05-31T23:38:00,2017-05-31T23:38:00,49,49
http://irail.be/vehicle/IC2045,http://irail.be/stations/NMBS/008822228,IC,2017-05-31T23:39:00,2017-05-31T23:39:00,106,106
http://irail.be/vehicle/IC2045,http://irail.be/stations/NMBS/008822343,IC,2017-05-31T23:41:00,2017-05-31T23:41:00,36,36
http://irail.be/vehicle/IC2045,http://irail.be/stations/NMBS/008822004,IC,2017-05-31T23:45:00,2017-05-31T23:43:00,37,36
http://irail.be/vehicle/IC2045,http://irail.be/stations/NMBS/008822251,IC,2017-05-31T23:49:00,2017-05-31T23:49:00,-23,-23
http://irail.be/vehicle/IC2045,http://irail.be/stations/NMBS/008822269,IC,2017-05-31T23:50:00,2017-05-31T23:50:00,-23,-23
http://irail.be/vehicle/IC2045,http://irail.be/stations/NMBS/008811189,IC,2017-05-31T23:52:00,2017-05-31T23:52:00,-22,-22
http://irail.be/vehicle/IC2045,http://irail.be/stations/NMBS/008811148,IC,2017-05-31T23:54:00,2017-05-31T23:54:00,-32,-32
http://irail.be/vehicle/IC2045,http://irail.be/stations/NMBS/008811007,IC,2017-05-31T23:57:00,2017-05-31T23:57:00,-88,-88
http://irail.be/vehicle/IC2045,http://irail.be/stations/NMBS/008812005,IC,2017-06-01T00:02:00,2017-06-01T00:02:00,251,-104
http://irail.be/vehicle/IC2045,http://irail.be/stations/NMBS/008813045,IC,2017-06-01T00:04:00,2017-06-01T00:04:00,246,246
http://irail.be/vehicle/IC2045,http://irail.be/stations/NMBS/008813003,IC,2017-06-01T00:06:00,2017-06-01T00:05:00,384,352
http://irail.be/vehicle/IC2045,http://irail.be/stations/NMBS/008813037,IC,2017-06-01T00:07:00,2017-06-01T00:07:00,382,382
http://irail.be/vehicle/IC2045,http://irail.be/stations/NMBS/008814001,IC,2017-06-01T00:10:00,2017-06-01T00:10:00,,378
http://irail.be/vehicle/IC2045,http://irail.be/stations/NMBS/008821006,IC,2017-08-22T23:25:00,2017-08-22T23:25:00,65,
http://irail.be/vehicle/IC2045,http://irail.be/stations/NMBS/008821121,IC,2017-08-22T23:31:00,2017-08-22T23:29:00,32,32
http://irail.be/vehicle/IC2045,http://irail.be/stations/NMBS/008821154,IC,2017-08-22T23:33:00,2017-08-22T23:33:00,11,11
http://irail.be/vehicle/IC2045,http://irail.be/stations/NMBS/008821238,IC,2017-08-22T23:34:00,2017-08-22T23:34:00,-12,-12
http://irail.be/vehicle/IC2045,http://irail.be/stations/NMBS/008821337,IC,2017-08-22T23:35:00,2017-08-22T23:35:00,-18,-18
http://irail.be/vehicle/IC2045,http://irail.be/stations/NMBS/008821311,IC,2017-08-22T23:36:00,2017-08-22T23:36:00,-17,-17
http://irail.be/vehicle/IC2045,http://irail.be/stations/NMBS/008822210,IC,2017-08-22T23:38:00,2017-08-22T23:38:00,-11,-11
http://irail.be/vehicle/IC2045,http://irail.be/stations/NMBS/008822228,IC,2017-08-22T23:39:00,2017-08-22T23:39:00,49,49
http://irail.be/vehicle/IC2045,http://irail.be/stations/NMBS/008822343,IC,2017-08-22T23:41:00,2017-08-22T23:41:00,15,15
http://irail.be/vehicle/IC2045,http://irail.be/stations/NMBS/008822004,IC,2017-08-22T23:45:00,2017-08-22T23:43:00,28,15
http://irail.be/vehicle/IC2045,http://irail.be/stations/NMBS/008822251,IC,2017-08-22T23:49:00,2017-08-22T23:49:00,-35,-35
http://irail.be/vehicle/IC2045,http://irail.be/stations/NMBS/008822269,IC,2017-08-22T23:50:00,2017-08-22T23:50:00,-35,-35
http://irail.be/vehicle/IC2045,http://irail.be/stations/NMBS/008811189,IC,2017-08-22T23:52:00,2017-08-22T23:52:00,63,63
http://irail.be/vehicle/IC2045,NO-URI,IC,2017-08-22T23:54:00,2017-08-22T23:54:00,210,210
http://irail.be/vehicle/IC2045,NO-URI,IC,2017-08-22T23:54:00,2017-08-22T23:54:00,349,349
http://irail.be/vehicle/IC2045,http://irail.be/stations/NMBS/008811007,IC,2017-08-22T23:57:00,2017-08-22T23:57:00,444,444
http://irail.be/vehicle/IC2045,http://irail.be/stations/NMBS/008812005,IC,2017-08-23T00:02:00,2017-08-23T00:02:00,399,471
http://irail.be/vehicle/IC2045,http://irail.be/stations/NMBS/008813045,IC,2017-08-23T00:04:00,2017-08-23T00:04:00,414,414
http://irail.be/vehicle/IC2045,http://irail.be/stations/NMBS/008813003,IC,2017-08-23T00:06:00,2017-08-23T00:05:00,489,486
http://irail.be/vehicle/IC2045,http://irail.be/stations/NMBS/008813037,IC,2017-08-23T00:07:00,2017-08-23T00:07:00,490,490
http://irail.be/vehicle/IC2045,http://irail.be/stations/NMBS/008814001,IC,2017-08-23T00:10:00,2017-08-23T00:10:00,,487
http://irail.be/vehicle/IC2045,http://irail.be/stations/NMBS/008821006,IC,2017-09-19T23:25:00,2017-09-19T23:25:00,23,
http://irail.be/vehicle/IC2045,http://irail.be/stations/NMBS/008821121,IC,2017-09-19T23:31:00,2017-09-19T23:29:00,48,48
http://irail.be/vehicle/IC2045,http://irail.be/stations/NMBS/008821154,IC,2017-09-19T23:33:00,2017-09-19T23:33:00,23,23
http://irail.be/vehicle/IC2045,http://irail.be/stations/NMBS/008821238,IC,2017-09-19T23:34:00,2017-09-19T23:34:00,4,4
http://irail.be/vehicle/IC2045,http://irail.be/stations/NMBS/008821337,IC,2017-09-19T23:35:00,2017-09-19T23:35:00,-2,-2
http://irail.be/vehicle/IC2045,http://irail.be/stations/NMBS/008821311,IC,2017-09-19T23:36:00,2017-09-19T23:36:00,-3,-3
http://irail.be/vehicle/IC2045,http://irail.be/stations/NMBS/008822210,IC,2017-09-19T23:38:00,2017-09-19T23:38:00,5,5
http://irail.be/vehicle/IC2045,http://irail.be/stations/NMBS/008822228,IC,2017-09-19T23:39:00,2017-09-19T23:39:00,60,60
http://irail.be/vehicle/IC2045,http://irail.be/stations/NMBS/008822343,IC,2017-09-19T23:41:00,2017-09-19T23:41:00,21,21
http://irail.be/vehicle/IC2045,http://irail.be/stations/NMBS/008822004,IC,2017-09-19T23:45:00,2017-09-19T23:43:00,-5,21
http://irail.be/vehicle/IC2045,http://irail.be/stations/NMBS/008822251,IC,2017-09-19T23:49:00,2017-09-19T23:49:00,-56,-56
http://irail.be/vehicle/IC2045,http://irail.be/stations/NMBS/008822269,IC,2017-09-19T23:50:00,2017-09-19T23:50:00,-56,-56
http://irail.be/vehicle/IC2045,http://irail.be/stations/NMBS/008811189,IC,2017-09-19T23:52:00,2017-09-19T23:52:00,-58,-58
http://irail.be/vehicle/IC2045,http://irail.be/stations/NMBS/008811148,IC,2017-09-19T23:54:00,2017-09-19T23:54:00,-64,-64
http://irail.be/vehicle/IC2045,http://irail.be/stations/NMBS/008811007,IC,2017-09-19T23:57:00,2017-09-19T23:57:00,125,125
http://irail.be/vehicle/IC2045,http://irail.be/stations/NMBS/008812005,IC,2017-09-20T00:02:00,2017-09-20T00:02:00,155,240
http://irail.be/vehicle/IC2045,http://irail.be/stations/NMBS/008813045,IC,2017-09-20T00:04:00,2017-09-20T00:04:00,194,194
http://irail.be/vehicle/IC2045,http://irail.be/stations/NMBS/008813003,IC,2017-09-20T00:06:00,2017-09-20T00:05:00,251,267
http://irail.be/vehicle/IC2045,http://irail.be/stations/NMBS/008813037,IC,2017-09-20T00:07:00,2017-09-20T00:07:00,251,251
http://irail.be/vehicle/IC2045,http://irail.be/stations/NMBS/008814001,IC,2017-09-20T00:10:00,2017-09-20T00:10:00,,247
http://irail.be/vehicle/IC2045,http://irail.be/stations/NMBS/008821006,IC,2017-01-19T23:25:00,2017-01-19T23:25:00,-6,
http://irail.be/vehicle/IC2045,http://irail.be/stations/NMBS/008821121,IC,2017-01-19T23:31:00,2017-01-19T23:29:00,80,80
http://irail.be/vehicle/IC2045,http://irail.be/stations/NMBS/008821154,IC,2017-01-19T23:33:00,2017-01-19T23:33:00,57,57
http://irail.be/vehicle/IC2045,http://irail.be/stations/NMBS/008821238,IC,2017-01-19T23:34:00,2017-01-19T23:34:00,33,33
http://irail.be/vehicle/IC2045,http://irail.be/stations/NMBS/008821337,IC,2017-01-19T23:35:00,2017-01-19T23:35:00,28,28
http://irail.be/vehicle/IC2045,NO-URI,IC,2017-01-19T23:36:00,2017-01-19T23:36:00,27,27
http://irail.be/vehicle/IC2045,http://irail.be/stations/NMBS/008822210,IC,2017-01-19T23:38:00,2017-01-19T23:38:00,34,34
http://irail.be/vehicle/IC2045,http://irail.be/stations/NMBS/008822228,IC,2017-01-19T23:39:00,2017-01-19T23:39:00,128,128
http://irail.be/vehicle/IC2045,http://irail.be/stations/NMBS/008822343,IC,2017-01-19T23:41:00,2017-01-19T23:41:00,117,117
http://irail.be/vehicle/IC2045,http://irail.be/stations/NMBS/008822004,IC,2017-01-19T23:45:00,2017-01-19T23:43:00,40,117
http://irail.be/vehicle/IC2045,http://irail.be/stations/NMBS/008822251,IC,2017-01-19T23:49:00,2017-01-19T23:49:00,-27,-27
http://irail.be/vehicle/IC2045,http://irail.be/stations/NMBS/008822269,IC,2017-01-19T23:50:00,2017-01-19T23:50:00,-27,-27
http://irail.be/vehicle/IC2045,http://irail.be/stations/NMBS/008811189,IC,2017-01-19T23:52:00,2017-01-19T23:52:00,-26,-26
http://irail.be/vehicle/IC2045,http://irail.be/stations/NMBS/008811148,IC,2017-01-19T23:54:00,2017-01-19T23:54:00,-31,-31
http://irail.be/vehicle/IC2045,http://irail.be/stations/NMBS/008811007,IC,2017-01-19T23:57:00,2017-01-19T23:57:00,246,246
http://irail.be/vehicle/IC2045,http://irail.be/stations/NMBS/008812005,IC,2017-01-20T00:02:00,2017-01-20T00:02:00,715,256
http://irail.be/vehicle/IC2045,http://irail.be/stations/NMBS/008813045,IC,2017-01-20T00:04:00,2017-01-20T00:04:00,715,715
http://irail.be/vehicle/IC2045,http://irail.be/stations/NMBS/008813003,IC,2017-01-20T00:06:00,2017-01-20T00:05:00,753,760
http://irail.be/vehicle/IC2045,http://irail.be/stations/NMBS/008813037,IC,2017-01-20T00:07:00,2017-01-20T00:07:00,773,773
http://irail.be/vehicle/IC2045,http://irail.be/stations/NMBS/008814001,IC,2017-01-20T00:10:00,2017-01-20T00:10:00,,828
http://irail.be/vehicle/IC2045,http://irail.be/stations/NMBS/008821006,IC,2017-01-04T23:25:00,2017-01-04T23:25:00,2,
http://irail.be/vehicle/IC2045,http://irail.be/stations/NMBS/008821121,IC,2017-01-04T23:31:00,2017-01-04T23:29:00,30,30
http://irail.be/vehicle/IC2045,http://irail.be/stations/NMBS/008821154,IC,2017-01-04T23:33:00,2017-01-04T23:33:00,5,5
http://irail.be/vehicle/IC2045,http://irail.be/stations/NMBS/008821238,IC,2017-01-04T23:34:00,2017-01-04T23:34:00,-19,-19
http://irail.be/vehicle/IC2045,http://irail.be/stations/NMBS/008821337,IC,2017-01-04T23:35:00,2017-01-04T23:35:00,-29,-29
http://irail.be/vehicle/IC2045,NO-URI,IC,2017-01-04T23:36:00,2017-01-04T23:36:00,45,45
http://irail.be/vehicle/IC2045,http://irail.be/stations/NMBS/008822210,IC,2017-01-04T23:38:00,2017-01-04T23:38:00,78,78
http://irail.be/vehicle/IC2045,http://irail.be/stations/NMBS/008822228,IC,2017-01-04T23:39:00,2017-01-04T23:39:00,135,135
http://irail.be/vehicle/IC2045,http://irail.be/stations/NMBS/008822343,IC,2017-01-04T23:41:00,2017-01-04T23:41:00,96,96
http://irail.be/vehicle/IC2045,http://irail.be/stations/NMBS/008822004,IC,2017-01-04T23:45:00,2017-01-04T23:43:00,64,96
http://irail.be/vehicle/IC2045,http://irail.be/stations/NMBS/008822251,IC,2017-01-04T23:49:00,2017-01-04T23:49:00,-10,-10
http://irail.be/vehicle/IC2045,http://irail.be/stations/NMBS/008822269,IC,2017-01-04T23:50:00,2017-01-04T23:50:00,-10,-10
http://irail.be/vehicle/IC2045,http://irail.be/stations/NMBS/008811189,IC,2017-01-04T23:52:00,2017-01-04T23:52:00,-18,-18
http://irail.be/vehicle/IC2045,http://irail.be/stations/NMBS/008811148,IC,2017-01-04T23:54:00,2017-01-04T23:54:00,-27,-27
http://irail.be/vehicle/IC2045,http://irail.be/stations/NMBS/008811007,IC,2017-01-04T23:57:00,2017-01-04T23:57:00,128,128
http://irail.be/vehicle/IC2045,http://irail.be/stations/NMBS/008812005,IC,2017-01-05T00:02:00,2017-01-05T00:02:00,152,148
http://irail.be/vehicle/IC2045,http://irail.be/stations/NMBS/008813045,IC,2017-01-05T00:04:00,2017-01-05T00:04:00,144,144
http://irail.be/vehicle/IC2045,http://irail.be/stations/NMBS/008813003,IC,2017-01-05T00:06:00,2017-01-05T00:05:00,259,274
http://irail.be/vehicle/IC2045,http://irail.be/stations/NMBS/008813037,IC,2017-01-05T00:07:00,2017-01-05T00:07:00,263,263
http://irail.be/vehicle/IC2045,http://irail.be/stations/NMBS/008814001,IC,2017-01-05T00:10:00,2017-01-05T00:10:00,,266
http://irail.be/vehicle/IC2045,http://irail.be/stations/NMBS/008821006,IC,2017-06-12T23:25:00,2017-06-12T23:25:00,32,
http://irail.be/vehicle/IC2045,http://irail.be/stations/NMBS/008821121,IC,2017-06-12T23:31:00,2017-06-12T23:29:00,21,21
http://irail.be/vehicle/IC2045,http://irail.be/stations/NMBS/008821154,IC,2017-06-12T23:33:00,2017-06-12T23:33:00,7,7
http://irail.be/vehicle/IC2045,http://irail.be/stations/NMBS/008821238,IC,2017-06-12T23:34:00,2017-06-12T23:34:00,-14,-14
http://irail.be/vehicle/IC2045,http://irail.be/stations/NMBS/008821337,IC,2017-06-12T23:35:00,2017-06-12T23:35:00,-17,-17
http://irail.be/vehicle/IC2045,http://irail.be/stations/NMBS/008821311,IC,2017-06-12T23:36:00,2017-06-12T23:36:00,-13,-13
http://irail.be/vehicle/IC2045,http://irail.be/stations/NMBS/008822210,IC,2017-06-12T23:38:00,2017-06-12T23:38:00,-2,-2
http://irail.be/vehicle/IC2045,http://irail.be/stations/NMBS/008822228,IC,2017-06-12T23:39:00,2017-06-12T23:39:00,70,70
http://irail.be/vehicle/IC2045,http://irail.be/stations/NMBS/008822343,IC,2017-06-12T23:41:00,2017-06-12T23:41:00,33,33
http://irail.be/vehicle/IC2045,http://irail.be/stations/NMBS/008822004,IC,2017-06-12T23:45:00,2017-06-12T23:43:00,4,33
http://irail.be/vehicle/IC2045,http://irail.be/stations/NMBS/008822251,IC,2017-06-12T23:49:00,2017-06-12T23:49:00,-41,-41
http://irail.be/vehicle/IC2045,http://irail.be/stations/NMBS/008822269,IC,2017-06-12T23:50:00,2017-06-12T23:50:00,-41,-41
http://irail.be/vehicle/IC2045,http://irail.be/stations/NMBS/008811189,IC,2017-06-12T23:52:00,2017-06-12T23:52:00,-41,-41
http://irail.be/vehicle/IC2045,http://irail.be/stations/NMBS/008811148,IC,2017-06-12T23:54:00,2017-06-12T23:54:00,-47,-47
http://irail.be/vehicle/IC2045,http://irail.be/stations/NMBS/008811007,IC,2017-06-12T23:57:00,2017-06-12T23:57:00,-83,-83
http://irail.be/vehicle/IC2045,http://irail.be/stations/NMBS/008812005,IC,2017-06-13T00:02:00,2017-06-13T00:02:00,31,-69
http://irail.be/vehicle/IC2045,http://irail.be/stations/NMBS/008813045,IC,2017-06-13T00:04:00,2017-06-13T00:04:00,40,40
http://irail.be/vehicle/IC2045,http://irail.be/stations/NMBS/008813003,IC,2017-06-13T00:06:00,2017-06-13T00:05:00,159,166
http://irail.be/vehicle/IC2045,http://irail.be/stations/NMBS/008813037,IC,2017-06-13T00:07:00,2017-06-13T00:07:00,163,163
http://irail.be/vehicle/IC2045,http://irail.be/stations/NMBS/008814001,IC,2017-06-13T00:10:00,2017-06-13T00:10:00,,162
http://irail.be/vehicle/IC2045,http://irail.be/stations/NMBS/008821006,IC,2017-01-09T23:25:00,2017-01-09T23:25:00,19,
http://irail.be/vehicle/IC2045,http://irail.be/stations/NMBS/008821121,IC,2017-01-09T23:31:00,2017-01-09T23:29:00,36,36
http://irail.be/vehicle/IC2045,http://irail.be/stations/NMBS/008821154,IC,2017-01-09T23:33:00,2017-01-09T23:33:00,12,12
http://irail.be/vehicle/IC2045,http://irail.be/stations/NMBS/008821238,IC,2017-01-09T23:34:00,2017-01-09T23:34:00,-11,-11
http://irail.be/vehicle/IC2045,http://irail.be/stations/NMBS/008821337,IC,2017-01-09T23:35:00,2017-01-09T23:35:00,-14,-14
http://irail.be/vehicle/IC2045,NO-URI,IC,2017-01-09T23:36:00,2017-01-09T23:36:00,-10,-10
http://irail.be/vehicle/IC2045,http://irail.be/stations/NMBS/008822210,IC,2017-01-09T23:38:00,2017-01-09T23:38:00,-2,-2
http://irail.be/vehicle/IC2045,http://irail.be/stations/NMBS/008822228,IC,2017-01-09T23:39:00,2017-01-09T23:39:00,67,67
http://irail.be/vehicle/IC2045,http://irail.be/stations/NMBS/008822343,IC,2017-01-09T23:41:00,2017-01-09T23:41:00,42,42
http://irail.be/vehicle/IC2045,http://irail.be/stations/NMBS/008822004,IC,2017-01-09T23:45:00,2017-01-09T23:43:00,120,42
http://irail.be/vehicle/IC2045,http://irail.be/stations/NMBS/008822251,IC,2017-01-09T23:49:00,2017-01-09T23:49:00,68,68
http://irail.be/vehicle/IC2045,http://irail.be/stations/NMBS/008822269,IC,2017-01-09T23:50:00,2017-01-09T23:50:00,68,68
http://irail.be/vehicle/IC2045,http://irail.be/stations/NMBS/008811189,IC,2017-01-09T23:52:00,2017-01-09T23:52:00,67,67
http://irail.be/vehicle/IC2045,http://irail.be/stations/NMBS/008811148,IC,2017-01-09T23:54:00,2017-01-09T23:54:00,61,61
http://irail.be/vehicle/IC2045,http://irail.be/stations/NMBS/008811007,IC,2017-01-09T23:57:00,2017-01-09T23:57:00,174,174
http://irail.be/vehicle/IC2045,http://irail.be/stations/NMBS/008812005,IC,2017-01-10T00:02:00,2017-01-10T00:02:00,111,198
http://irail.be/vehicle/IC2045,http://irail.be/stations/NMBS/008813045,IC,2017-01-10T00:04:00,2017-01-10T00:04:00,116,116
http://irail.be/vehicle/IC2045,http://irail.be/stations/NMBS/008813003,IC,2017-01-10T00:06:00,2017-01-10T00:05:00,174,181
http://irail.be/vehicle/IC2045,http://irail.be/stations/NMBS/008813037,IC,2017-01-10T00:07:00,2017-01-10T00:07:00,175,175
http://irail.be/vehicle/IC2045,http://irail.be/stations/NMBS/008814001,IC,2017-01-10T00:10:00,2017-01-10T00:10:00,,188
http://irail.be/vehicle/IC2045,http://irail.be/stations/NMBS/008821006,IC,2017-01-13T23:25:00,2017-01-13T23:25:00,28,
http://irail.be/vehicle/IC2045,http://irail.be/stations/NMBS/008821121,IC,2017-01-13T23:31:00,2017-01-13T23:29:00,28,28
http://irail.be/vehicle/IC2045,http://irail.be/stations/NMBS/008821154,IC,2017-01-13T23:33:00,2017-01-13T23:33:00,10,10
http://irail.be/vehicle/IC2045,http://irail.be/stations/NMBS/008821238,IC,2017-01-13T23:34:00,2017-01-13T23:34:00,-10,-10
http://irail.be/vehicle/IC2045,http://irail.be/stations/NMBS/008821337,IC,2017-01-13T23:35:00,2017-01-13T23:35:00,-9,-9
http://irail.be/vehicle/IC2045,NO-URI,IC,2017-01-13T23:36:00,2017-01-13T23:36:00,-8,-8
http://irail.be/vehicle/IC2045,http://irail.be/stations/NMBS/008822210,IC,2017-01-13T23:38:00,2017-01-13T23:38:00,-2,-2
http://irail.be/vehicle/IC2045,http://irail.be/stations/NMBS/008822228,IC,2017-01-13T23:39:00,2017-01-13T23:39:00,47,47
http://irail.be/vehicle/IC2045,http://irail.be/stations/NMBS/008822343,IC,2017-01-13T23:41:00,2017-01-13T23:41:00,10,10
http://irail.be/vehicle/IC2045,http://irail.be/stations/NMBS/008822004,IC,2017-01-13T23:45:00,2017-01-13T23:43:00,11,10
http://irail.be/vehicle/IC2045,http://irail.be/stations/NMBS/008822251,IC,2017-01-13T23:49:00,2017-01-13T23:49:00,68,68
http://irail.be/vehicle/IC2045,http://irail.be/stations/NMBS/008822269,IC,2017-01-13T23:50:00,2017-01-13T23:50:00,68,68
http://irail.be/vehicle/IC2045,http://irail.be/stations/NMBS/008811189,IC,2017-01-13T23:52:00,2017-01-13T23:52:00,61,61
http://irail.be/vehicle/IC2045,http://irail.be/stations/NMBS/008811148,IC,2017-01-13T23:54:00,2017-01-13T23:54:00,48,48
http://irail.be/vehicle/IC2045,http://irail.be/stations/NMBS/008811007,IC,2017-01-13T23:57:00,2017-01-13T23:57:00,-16,-16
http://irail.be/vehicle/IC2045,http://irail.be/stations/NMBS/008812005,IC,2017-01-14T00:02:00,2017-01-14T00:02:00,-19,35
http://irail.be/vehicle/IC2045,http://irail.be/stations/NMBS/008813045,IC,2017-01-14T00:04:00,2017-01-14T00:04:00,-23,-23
http://irail.be/vehicle/IC2045,http://irail.be/stations/NMBS/008813003,IC,2017-01-14T00:06:00,2017-01-14T00:05:00,-3,-5
http://irail.be/vehicle/IC2045,http://irail.be/stations/NMBS/008813037,IC,2017-01-14T00:07:00,2017-01-14T00:07:00,-3,-3
http://irail.be/vehicle/IC2045,http://irail.be/stations/NMBS/008814001,IC,2017-01-14T00:10:00,2017-01-14T00:10:00,,29
http://irail.be/vehicle/IC2045,http://irail.be/stations/NMBS/008821006,IC,2017-11-29T23:25:00,2017-11-29T23:25:00,21,
http://irail.be/vehicle/IC2045,http://irail.be/stations/NMBS/008821121,IC,2017-11-29T23:31:00,2017-11-29T23:29:00,36,36
http://irail.be/vehicle/IC2045,http://irail.be/stations/NMBS/008821154,IC,2017-11-29T23:33:00,2017-11-29T23:33:00,9,9
http://irail.be/vehicle/IC2045,http://irail.be/stations/NMBS/008821238,IC,2017-11-29T23:34:00,2017-11-29T23:34:00,-16,-16
http://irail.be/vehicle/IC2045,http://irail.be/stations/NMBS/008821337,IC,2017-11-29T23:35:00,2017-11-29T23:35:00,-23,-23
http://irail.be/vehicle/IC2045,http://irail.be/stations/NMBS/008821311,IC,2017-11-29T23:36:00,2017-11-29T23:36:00,-26,-26
http://irail.be/vehicle/IC2045,http://irail.be/stations/NMBS/008822210,IC,2017-11-29T23:38:00,2017-11-29T23:38:00,-9,-9
http://irail.be/vehicle/IC2045,http://irail.be/stations/NMBS/008822228,IC,2017-11-29T23:39:00,2017-11-29T23:39:00,81,81
http://irail.be/vehicle/IC2045,http://irail.be/stations/NMBS/008822343,IC,2017-11-29T23:41:00,2017-11-29T23:41:00,32,32
http://irail.be/vehicle/IC2045,http://irail.be/stations/NMBS/008822004,IC,2017-11-29T23:45:00,2017-11-29T23:43:00,14,32
http://irail.be/vehicle/IC2045,http://irail.be/stations/NMBS/008822251,IC,2017-11-29T23:49:00,2017-11-29T23:49:00,9,9
http://irail.be/vehicle/IC2045,http://irail.be/stations/NMBS/008822269,IC,2017-11-29T23:50:00,2017-11-29T23:50:00,9,9
http://irail.be/vehicle/IC2045,http://irail.be/stations/NMBS/008811189,IC,2017-11-29T23:52:00,2017-11-29T23:52:00,16,16
http://irail.be/vehicle/IC2045,http://irail.be/stations/NMBS/008811148,IC,2017-11-29T23:54:00,2017-11-29T23:54:00,3,3
http://irail.be/vehicle/IC2045,http://irail.be/stations/NMBS/008811007,IC,2017-11-29T23:57:00,2017-11-29T23:57:00,-57,-57
http://irail.be/vehicle/IC2045,http://irail.be/stations/NMBS/008812005,IC,2017-11-30T00:02:00,2017-11-30T00:02:00,4,-81
http://irail.be/vehicle/IC2045,http://irail.be/stations/NMBS/008813045,IC,2017-11-30T00:04:00,2017-11-30T00:04:00,3,3
http://irail.be/vehicle/IC2045,http://irail.be/stations/NMBS/008813003,IC,2017-11-30T00:06:00,2017-11-30T00:05:00,-4,24
http://irail.be/vehicle/IC2045,http://irail.be/stations/NMBS/008813037,IC,2017-11-30T00:08:00,2017-11-30T00:08:00,-41,-41
http://irail.be/vehicle/IC2045,http://irail.be/stations/NMBS/008814001,IC,2017-11-30T00:10:00,2017-11-30T00:10:00,,3
http://irail.be/vehicle/IC2045,http://irail.be/stations/NMBS/008821006,IC,2017-02-28T23:25:00,2017-02-28T23:25:00,30,
http://irail.be/vehicle/IC2045,http://irail.be/stations/NMBS/008821121,IC,2017-02-28T23:31:00,2017-02-28T23:29:00,31,31
http://irail.be/vehicle/IC2045,http://irail.be/stations/NMBS/008821154,IC,2017-02-28T23:33:00,2017-02-28T23:33:00,15,15
http://irail.be/vehicle/IC2045,http://irail.be/stations/NMBS/008821238,IC,2017-02-28T23:34:00,2017-02-28T23:34:00,-11,-11
http://irail.be/vehicle/IC2045,http://irail.be/stations/NMBS/008821337,IC,2017-02-28T23:35:00,2017-02-28T23:35:00,-17,-17
http://irail.be/vehicle/IC2045,NO-URI,IC,2017-02-28T23:36:00,2017-02-28T23:36:00,-16,-16
http://irail.be/vehicle/IC2045,http://irail.be/stations/NMBS/008822210,IC,2017-02-28T23:38:00,2017-02-28T23:38:00,-16,-16
http://irail.be/vehicle/IC2045,http://irail.be/stations/NMBS/008822228,IC,2017-02-28T23:39:00,2017-02-28T23:39:00,43,43
http://irail.be/vehicle/IC2045,http://irail.be/stations/NMBS/008822343,IC,2017-02-28T23:41:00,2017-02-28T23:41:00,-25,-25
http://irail.be/vehicle/IC2045,http://irail.be/stations/NMBS/008822004,IC,2017-02-28T23:45:00,2017-02-28T23:43:00,21,-25
http://irail.be/vehicle/IC2045,http://irail.be/stations/NMBS/008822251,IC,2017-02-28T23:49:00,2017-02-28T23:49:00,-26,-26
http://irail.be/vehicle/IC2045,http://irail.be/stations/NMBS/008822269,IC,2017-02-28T23:50:00,2017-02-28T23:50:00,-26,-26
http://irail.be/vehicle/IC2045,http://irail.be/stations/NMBS/008811189,IC,2017-02-28T23:52:00,2017-02-28T23:52:00,-18,-18
http://irail.be/vehicle/IC2045,http://irail.be/stations/NMBS/008811148,IC,2017-02-28T23:54:00,2017-02-28T23:54:00,-18,-18
http://irail.be/vehicle/IC2045,http://irail.be/stations/NMBS/008811007,IC,2017-02-28T23:57:00,2017-02-28T23:57:00,-80,-80
http://irail.be/vehicle/IC2045,http://irail.be/stations/NMBS/008812005,IC,2017-03-01T00:02:00,2017-03-01T00:02:00,44,-129
http://irail.be/vehicle/IC2045,http://irail.be/stations/NMBS/008813045,IC,2017-03-01T00:04:00,2017-03-01T00:04:00,36,36
http://irail.be/vehicle/IC2045,http://irail.be/stations/NMBS/008813003,IC,2017-03-01T00:06:00,2017-03-01T00:05:00,55,39
http://irail.be/vehicle/IC2045,http://irail.be/stations/NMBS/008813037,IC,2017-03-01T00:07:00,2017-03-01T00:07:00,52,52
http://irail.be/vehicle/IC2045,http://irail.be/stations/NMBS/008814001,IC,2017-03-01T00:10:00,2017-03-01T00:10:00,,56
http://irail.be/vehicle/IC2045,http://irail.be/stations/NMBS/008821006,IC,2017-03-21T23:25:00,2017-03-21T23:25:00,17,
http://irail.be/vehicle/IC2045,http://irail.be/stations/NMBS/008821121,IC,2017-03-21T23:31:00,2017-03-21T23:29:00,58,58
http://irail.be/vehicle/IC2045,http://irail.be/stations/NMBS/008821154,IC,2017-03-21T23:33:00,2017-03-21T23:33:00,33,33
http://irail.be/vehicle/IC2045,http://irail.be/stations/NMBS/008821238,IC,2017-03-21T23:34:00,2017-03-21T23:34:00,12,12
http://irail.be/vehicle/IC2045,http://irail.be/stations/NMBS/008821337,IC,2017-03-21T23:35:00,2017-03-21T23:35:00,9,9
http://irail.be/vehicle/IC2045,NO-URI,IC,2017-03-21T23:36:00,2017-03-21T23:36:00,10,10
http://irail.be/vehicle/IC2045,http://irail.be/stations/NMBS/008822210,IC,2017-03-21T23:38:00,2017-03-21T23:38:00,17,17
http://irail.be/vehicle/IC2045,http://irail.be/stations/NMBS/008822228,IC,2017-03-21T23:39:00,2017-03-21T23:39:00,83,83
http://irail.be/vehicle/IC2045,http://irail.be/stations/NMBS/008822343,IC,2017-03-21T23:41:00,2017-03-21T23:41:00,58,58
http://irail.be/vehicle/IC2045,http://irail.be/stations/NMBS/008822004,IC,2017-03-21T23:45:00,2017-03-21T23:43:00,22,58
http://irail.be/vehicle/IC2045,http://irail.be/stations/NMBS/008822251,IC,2017-03-21T23:49:00,2017-03-21T23:49:00,-13,-13
http://irail.be/vehicle/IC2045,http://irail.be/stations/NMBS/008822269,IC,2017-03-21T23:50:00,2017-03-21T23:50:00,-13,-13
http://irail.be/vehicle/IC2045,http://irail.be/stations/NMBS/008811189,IC,2017-03-21T23:52:00,2017-03-21T23:52:00,130,130
http://irail.be/vehicle/IC2045,NO-URI,IC,2017-03-21T23:54:00,2017-03-21T23:54:00,215,215
http://irail.be/vehicle/IC2045,NO-URI,IC,2017-03-21T23:54:00,2017-03-21T23:54:00,236,236
http://irail.be/vehicle/IC2045,http://irail.be/stations/NMBS/008811007,IC,2017-03-21T23:57:00,2017-03-21T23:57:00,304,304
http://irail.be/vehicle/IC2045,http://irail.be/stations/NMBS/008812005,IC,2017-03-22T00:02:00,2017-03-22T00:02:00,247,319
http://irail.be/vehicle/IC2045,http://irail.be/stations/NMBS/008813045,IC,2017-03-22T00:04:00,2017-03-22T00:04:00,254,254
http://irail.be/vehicle/IC2045,http://irail.be/stations/NMBS/008813003,IC,2017-03-22T00:06:00,2017-03-22T00:05:00,354,359
http://irail.be/vehicle/IC2045,http://irail.be/stations/NMBS/008813037,IC,2017-03-22T00:07:00,2017-03-22T00:07:00,355,355
http://irail.be/vehicle/IC2045,http://irail.be/stations/NMBS/008814001,IC,2017-03-22T00:10:00,2017-03-22T00:10:00,,363
http://irail.be/vehicle/IC2045,http://irail.be/stations/NMBS/008821006,IC,2017-10-02T23:25:00,2017-10-02T23:25:00,33,
http://irail.be/vehicle/IC2045,http://irail.be/stations/NMBS/008821121,IC,2017-10-02T23:31:00,2017-10-02T23:29:00,30,30
http://irail.be/vehicle/IC2045,http://irail.be/stations/NMBS/008821154,IC,2017-10-02T23:33:00,2017-10-02T23:33:00,13,13
http://irail.be/vehicle/IC2045,http://irail.be/stations/NMBS/008821238,IC,2017-10-02T23:34:00,2017-10-02T23:34:00,-2,-2
http://irail.be/vehicle/IC2045,http://irail.be/stations/NMBS/008821337,IC,2017-10-02T23:35:00,2017-10-02T23:35:00,-1,-1
http://irail.be/vehicle/IC2045,http://irail.be/stations/NMBS/008821311,IC,2017-10-02T23:36:00,2017-10-02T23:36:00,-4,-4
http://irail.be/vehicle/IC2045,http://irail.be/stations/NMBS/008822210,IC,2017-10-02T23:38:00,2017-10-02T23:38:00,3,3
http://irail.be/vehicle/IC2045,http://irail.be/stations/NMBS/008822228,IC,2017-10-02T23:39:00,2017-10-02T23:39:00,62,62
http://irail.be/vehicle/IC2045,http://irail.be/stations/NMBS/008822343,IC,2017-10-02T23:41:00,2017-10-02T23:41:00,60,60
http://irail.be/vehicle/IC2045,http://irail.be/stations/NMBS/008822004,IC,2017-10-02T23:45:00,2017-10-02T23:43:00,14,60
http://irail.be/vehicle/IC2045,http://irail.be/stations/NMBS/008822251,IC,2017-10-02T23:49:00,2017-10-02T23:49:00,21,21
http://irail.be/vehicle/IC2045,http://irail.be/stations/NMBS/008822269,IC,2017-10-02T23:50:00,2017-10-02T23:50:00,21,21
http://irail.be/vehicle/IC2045,http://irail.be/stations/NMBS/008811189,IC,2017-10-02T23:52:00,2017-10-02T23:52:00,37,37
http://irail.be/vehicle/IC2045,http://irail.be/stations/NMBS/008811148,IC,2017-10-02T23:54:00,2017-10-02T23:54:00,30,30
http://irail.be/vehicle/IC2045,http://irail.be/stations/NMBS/008811007,IC,2017-10-02T23:57:00,2017-10-02T23:57:00,-24,-24
http://irail.be/vehicle/IC2045,http://irail.be/stations/NMBS/008812005,IC,2017-10-03T00:02:00,2017-10-03T00:02:00,15,-32
http://irail.be/vehicle/IC2045,http://irail.be/stations/NMBS/008813045,IC,2017-10-03T00:04:00,2017-10-03T00:04:00,21,21
http://irail.be/vehicle/IC2045,http://irail.be/stations/NMBS/008813003,IC,2017-10-03T00:06:00,2017-10-03T00:05:00,23,44
http://irail.be/vehicle/IC2045,http://irail.be/stations/NMBS/008813037,IC,2017-10-03T00:07:00,2017-10-03T00:07:00,23,23
http://irail.be/vehicle/IC2045,http://irail.be/stations/NMBS/008814001,IC,2017-10-03T00:10:00,2017-10-03T00:10:00,,20
http://irail.be/vehicle/IC2045,http://irail.be/stations/NMBS/008821006,IC,2017-04-04T23:25:00,2017-04-04T23:25:00,132,
http://irail.be/vehicle/IC2045,http://irail.be/stations/NMBS/008821121,IC,2017-04-04T23:31:00,2017-04-04T23:29:00,122,122
http://irail.be/vehicle/IC2045,http://irail.be/stations/NMBS/008821154,IC,2017-04-04T23:33:00,2017-04-04T23:33:00,99,99
http://irail.be/vehicle/IC2045,http://irail.be/stations/NMBS/008821238,IC,2017-04-04T23:34:00,2017-04-04T23:34:00,75,75
http://irail.be/vehicle/IC2045,http://irail.be/stations/NMBS/008821337,IC,2017-04-04T23:35:00,2017-04-04T23:35:00,66,66
http://irail.be/vehicle/IC2045,NO-URI,IC,2017-04-04T23:36:00,2017-04-04T23:36:00,64,64
http://irail.be/vehicle/IC2045,http://irail.be/stations/NMBS/008822210,IC,2017-04-04T23:38:00,2017-04-04T23:38:00,70,70
http://irail.be/vehicle/IC2045,http://irail.be/stations/NMBS/008822228,IC,2017-04-04T23:39:00,2017-04-04T23:39:00,114,114
http://irail.be/vehicle/IC2045,http://irail.be/stations/NMBS/008822343,IC,2017-04-04T23:41:00,2017-04-04T23:41:00,86,86
http://irail.be/vehicle/IC2045,http://irail.be/stations/NMBS/008822004,IC,2017-04-04T23:45:00,2017-04-04T23:43:00,41,86
http://irail.be/vehicle/IC2045,http://irail.be/stations/NMBS/008822251,IC,2017-04-04T23:49:00,2017-04-04T23:49:00,-2,-2
http://irail.be/vehicle/IC2045,http://irail.be/stations/NMBS/008822269,IC,2017-04-04T23:50:00,2017-04-04T23:50:00,-2,-2
http://irail.be/vehicle/IC2045,http://irail.be/stations/NMBS/008811189,IC,2017-04-04T23:52:00,2017-04-04T23:52:00,13,13
http://irail.be/vehicle/IC2045,http://irail.be/stations/NMBS/008811148,IC,2017-04-04T23:54:00,2017-04-04T23:54:00,16,16
http://irail.be/vehicle/IC2045,http://irail.be/stations/NMBS/008811007,IC,2017-04-04T23:57:00,2017-04-04T23:57:00,80,80
http://irail.be/vehicle/IC2045,http://irail.be/stations/NMBS/008812005,IC,2017-04-05T00:02:00,2017-04-05T00:02:00,85,113
http://irail.be/vehicle/IC2045,http://irail.be/stations/NMBS/008813045,IC,2017-04-05T00:04:00,2017-04-05T00:04:00,84,84
http://irail.be/vehicle/IC2045,http://irail.be/stations/NMBS/008813003,IC,2017-04-05T00:06:00,2017-04-05T00:05:00,211,189
http://irail.be/vehicle/IC2045,http://irail.be/stations/NMBS/008813037,IC,2017-04-05T00:07:00,2017-04-05T00:07:00,216,216
http://irail.be/vehicle/IC2045,http://irail.be/stations/NMBS/008814001,IC,2017-04-05T00:10:00,2017-04-05T00:10:00,,216
http://irail.be/vehicle/IC2045,http://irail.be/stations/NMBS/008821006,IC,2017-05-24T23:25:00,2017-05-24T23:25:00,439,
http://irail.be/vehicle/IC2045,http://irail.be/stations/NMBS/008821121,IC,2017-05-24T23:31:00,2017-05-24T23:29:00,393,393
http://irail.be/vehicle/IC2045,http://irail.be/stations/NMBS/008821154,IC,2017-05-24T23:33:00,2017-05-24T23:33:00,368,368
http://irail.be/vehicle/IC2045,http://irail.be/stations/NMBS/008821238,IC,2017-05-24T23:34:00,2017-05-24T23:34:00,343,343
http://irail.be/vehicle/IC2045,http://irail.be/stations/NMBS/008821337,IC,2017-05-24T23:35:00,2017-05-24T23:35:00,336,336
http://irail.be/vehicle/IC2045,NO-URI,IC,2017-05-24T23:36:00,2017-05-24T23:36:00,334,334
http://irail.be/vehicle/IC2045,http://irail.be/stations/NMBS/008822210,IC,2017-05-24T23:38:00,2017-05-24T23:38:00,342,342
http://irail.be/vehicle/IC2045,http://irail.be/stations/NMBS/008822228,IC,2017-05-24T23:39:00,2017-05-24T23:39:00,393,393
http://irail.be/vehicle/IC2045,http://irail.be/stations/NMBS/008822343,IC,2017-05-24T23:41:00,2017-05-24T23:41:00,346,346
http://irail.be/vehicle/IC2045,http://irail.be/stations/NMBS/008822004,IC,2017-05-24T23:45:00,2017-05-24T23:43:00,259,346
http://irail.be/vehicle/IC2045,http://irail.be/stations/NMBS/008822251,IC,2017-05-24T23:49:00,2017-05-24T23:49:00,196,196
http://irail.be/vehicle/IC2045,http://irail.be/stations/NMBS/008822269,IC,2017-05-24T23:50:00,2017-05-24T23:50:00,196,196
http://irail.be/vehicle/IC2045,http://irail.be/stations/NMBS/008811189,IC,2017-05-24T23:52:00,2017-05-24T23:52:00,194,194
http://irail.be/vehicle/IC2045,http://irail.be/stations/NMBS/008811148,IC,2017-05-24T23:54:00,2017-05-24T23:54:00,189,189
http://irail.be/vehicle/IC2045,http://irail.be/stations/NMBS/008811007,IC,2017-05-24T23:57:00,2017-05-24T23:57:00,152,152
http://irail.be/vehicle/IC2045,http://irail.be/stations/NMBS/008812005,IC,2017-05-25T00:02:00,2017-05-25T00:02:00,95,130
http://irail.be/vehicle/IC2045,http://irail.be/stations/NMBS/008813045,IC,2017-05-25T00:04:00,2017-05-25T00:04:00,99,99
http://irail.be/vehicle/IC2045,http://irail.be/stations/NMBS/008813003,IC,2017-05-25T00:06:00,2017-05-25T00:05:00,181,178
http://irail.be/vehicle/IC2045,http://irail.be/stations/NMBS/008813037,IC,2017-05-25T00:07:00,2017-05-25T00:07:00,179,179
http://irail.be/vehicle/IC2045,http://irail.be/stations/NMBS/008814001,IC,2017-05-25T00:10:00,2017-05-25T00:10:00,,178
http://irail.be/vehicle/IC2045,http://irail.be/stations/NMBS/008821006,IC,2017-10-16T23:25:00,2017-10-16T23:25:00,17,
http://irail.be/vehicle/IC2045,http://irail.be/stations/NMBS/008821121,IC,2017-10-16T23:31:00,2017-10-16T23:29:00,47,47
http://irail.be/vehicle/IC2045,http://irail.be/stations/NMBS/008821154,IC,2017-10-16T23:33:00,2017-10-16T23:33:00,19,19
http://irail.be/vehicle/IC2045,http://irail.be/stations/NMBS/008821238,IC,2017-10-16T23:34:00,2017-10-16T23:34:00,-5,-5
http://irail.be/vehicle/IC2045,http://irail.be/stations/NMBS/008821337,IC,2017-10-16T23:35:00,2017-10-16T23:35:00,-13,-13
http://irail.be/vehicle/IC2045,http://irail.be/stations/NMBS/008821311,IC,2017-10-16T23:36:00,2017-10-16T23:36:00,-15,-15
http://irail.be/vehicle/IC2045,http://irail.be/stations/NMBS/008822210,IC,2017-10-16T23:38:00,2017-10-16T23:38:00,-7,-7
http://irail.be/vehicle/IC2045,http://irail.be/stations/NMBS/008822228,IC,2017-10-16T23:39:00,2017-10-16T23:39:00,48,48
http://irail.be/vehicle/IC2045,http://irail.be/stations/NMBS/008822343,IC,2017-10-16T23:41:00,2017-10-16T23:41:00,58,58
http://irail.be/vehicle/IC2045,http://irail.be/stations/NMBS/008822004,IC,2017-10-16T23:45:00,2017-10-16T23:43:00,76,58
http://irail.be/vehicle/IC2045,http://irail.be/stations/NMBS/008822251,IC,2017-10-16T23:49:00,2017-10-16T23:49:00,83,83
http://irail.be/vehicle/IC2045,http://irail.be/stations/NMBS/008822269,IC,2017-10-16T23:50:00,2017-10-16T23:50:00,83,83
http://irail.be/vehicle/IC2045,http://irail.be/stations/NMBS/008811189,IC,2017-10-16T23:52:00,2017-10-16T23:52:00,90,90
http://irail.be/vehicle/IC2045,http://irail.be/stations/NMBS/008811148,IC,2017-10-16T23:54:00,2017-10-16T23:54:00,77,77
http://irail.be/vehicle/IC2045,http://irail.be/stations/NMBS/008811007,IC,2017-10-16T23:57:00,2017-10-16T23:57:00,18,18
http://irail.be/vehicle/IC2045,http://irail.be/stations/NMBS/008812005,IC,2017-10-17T00:02:00,2017-10-17T00:02:00,55,9
http://irail.be/vehicle/IC2045,http://irail.be/stations/NMBS/008813045,IC,2017-10-17T00:04:00,2017-10-17T00:04:00,60,60
http://irail.be/vehicle/IC2045,http://irail.be/stations/NMBS/008813003,IC,2017-10-17T00:06:00,2017-10-17T00:05:00,190,192
http://irail.be/vehicle/IC2045,http://irail.be/stations/NMBS/008813037,IC,2017-10-17T00:07:00,2017-10-17T00:07:00,190,190
http://irail.be/vehicle/IC2045,http://irail.be/stations/NMBS/008814001,IC,2017-10-17T00:10:00,2017-10-17T00:10:00,,211
http://irail.be/vehicle/IC2045,http://irail.be/stations/NMBS/008821006,IC,2017-07-13T23:25:00,2017-07-13T23:25:00,-4,
http://irail.be/vehicle/IC2045,http://irail.be/stations/NMBS/008821121,IC,2017-07-13T23:31:00,2017-07-13T23:29:00,40,40
http://irail.be/vehicle/IC2045,http://irail.be/stations/NMBS/008821154,IC,2017-07-13T23:33:00,2017-07-13T23:33:00,16,16
http://irail.be/vehicle/IC2045,http://irail.be/stations/NMBS/008821238,IC,2017-07-13T23:34:00,2017-07-13T23:34:00,-6,-6
http://irail.be/vehicle/IC2045,http://irail.be/stations/NMBS/008821337,IC,2017-07-13T23:35:00,2017-07-13T23:35:00,-13,-13
http://irail.be/vehicle/IC2045,http://irail.be/stations/NMBS/008821311,IC,2017-07-13T23:36:00,2017-07-13T23:36:00,-14,-14
http://irail.be/vehicle/IC2045,http://irail.be/stations/NMBS/008822210,IC,2017-07-13T23:38:00,2017-07-13T23:38:00,-8,-8
http://irail.be/vehicle/IC2045,http://irail.be/stations/NMBS/008822228,IC,2017-07-13T23:39:00,2017-07-13T23:39:00,41,41
http://irail.be/vehicle/IC2045,http://irail.be/stations/NMBS/008822343,IC,2017-07-13T23:41:00,2017-07-13T23:41:00,-8,-8
http://irail.be/vehicle/IC2045,http://irail.be/stations/NMBS/008822004,IC,2017-07-13T23:45:00,2017-07-13T23:43:00,-34,-8
http://irail.be/vehicle/IC2045,http://irail.be/stations/NMBS/008822251,IC,2017-07-13T23:49:00,2017-07-13T23:49:00,-101,-101
http://irail.be/vehicle/IC2045,http://irail.be/stations/NMBS/008822269,IC,2017-07-13T23:50:00,2017-07-13T23:50:00,-101,-101
http://irail.be/vehicle/IC2045,http://irail.be/stations/NMBS/008811189,IC,2017-07-13T23:52:00,2017-07-13T23:52:00,-108,-108
http://irail.be/vehicle/IC2045,http://irail.be/stations/NMBS/008811148,IC,2017-07-13T23:54:00,2017-07-13T23:54:00,-117,-117
http://irail.be/vehicle/IC2045,http://irail.be/stations/NMBS/008811007,IC,2017-07-13T23:57:00,2017-07-13T23:57:00,-98,-98
http://irail.be/vehicle/IC2045,http://irail.be/stations/NMBS/008812005,IC,2017-07-14T00:02:00,2017-07-14T00:02:00,103,-50
http://irail.be/vehicle/IC2045,http://irail.be/stations/NMBS/008813045,IC,2017-07-14T00:04:00,2017-07-14T00:04:00,101,101
http://irail.be/vehicle/IC2045,http://irail.be/stations/NMBS/008813003,IC,2017-07-14T00:06:00,2017-07-14T00:05:00,223,229
http://irail.be/vehicle/IC2045,http://irail.be/stations/NMBS/008813037,IC,2017-07-14T00:07:00,2017-07-14T00:07:00,222,222
http://irail.be/vehicle/IC2045,http://irail.be/stations/NMBS/008814001,IC,2017-07-14T00:10:00,2017-07-14T00:10:00,,221
http://irail.be/vehicle/IC2045,http://irail.be/stations/NMBS/008821006,IC,2017-02-10T23:25:00,2017-02-10T23:25:00,44,
http://irail.be/vehicle/IC2045,http://irail.be/stations/NMBS/008821121,IC,2017-02-10T23:31:00,2017-02-10T23:29:00,26,26
http://irail.be/vehicle/IC2045,http://irail.be/stations/NMBS/008821154,IC,2017-02-10T23:33:00,2017-02-10T23:33:00,1,1
http://irail.be/vehicle/IC2045,http://irail.be/stations/NMBS/008821238,IC,2017-02-10T23:34:00,2017-02-10T23:34:00,-22,-22
http://irail.be/vehicle/IC2045,http://irail.be/stations/NMBS/008821337,IC,2017-02-10T23:35:00,2017-02-10T23:35:00,-32,-32
http://irail.be/vehicle/IC2045,NO-URI,IC,2017-02-10T23:36:00,2017-02-10T23:36:00,-36,-36
http://irail.be/vehicle/IC2045,http://irail.be/stations/NMBS/008822210,IC,2017-02-10T23:38:00,2017-02-10T23:38:00,-32,-32
http://irail.be/vehicle/IC2045,http://irail.be/stations/NMBS/008822228,IC,2017-02-10T23:39:00,2017-02-10T23:39:00,2,2
http://irail.be/vehicle/IC2045,http://irail.be/stations/NMBS/008822343,IC,2017-02-10T23:41:00,2017-02-10T23:41:00,-47,-47
http://irail.be/vehicle/IC2045,http://irail.be/stations/NMBS/008822004,IC,2017-02-10T23:45:00,2017-02-10T23:43:00,38,-47
http://irail.be/vehicle/IC2045,http://irail.be/stations/NMBS/008822251,IC,2017-02-10T23:49:00,2017-02-10T23:49:00,-12,-12
http://irail.be/vehicle/IC2045,http://irail.be/stations/NMBS/008822269,IC,2017-02-10T23:50:00,2017-02-10T23:50:00,-12,-12
http://irail.be/vehicle/IC2045,http://irail.be/stations/NMBS/008811189,IC,2017-02-10T23:52:00,2017-02-10T23:52:00,-42,-42
http://irail.be/vehicle/IC2045,http://irail.be/stations/NMBS/008811148,IC,2017-02-10T23:54:00,2017-02-10T23:54:00,-56,-56
http://irail.be/vehicle/IC2045,http://irail.be/stations/NMBS/008811007,IC,2017-02-10T23:57:00,2017-02-10T23:57:00,-36,-36
http://irail.be/vehicle/IC2045,http://irail.be/stations/NMBS/008812005,IC,2017-02-11T00:02:00,2017-02-11T00:02:00,49,7
http://irail.be/vehicle/IC2045,http://irail.be/stations/NMBS/008813045,IC,2017-02-11T00:04:00,2017-02-11T00:04:00,91,91
http://irail.be/vehicle/IC2045,http://irail.be/stations/NMBS/008813003,IC,2017-02-11T00:06:00,2017-02-11T00:05:00,158,161
http://irail.be/vehicle/IC2045,http://irail.be/stations/NMBS/008813037,IC,2017-02-11T00:07:00,2017-02-11T00:07:00,156,156
http://irail.be/vehicle/IC2045,http://irail.be/stations/NMBS/008814001,IC,2017-02-11T00:10:00,2017-02-11T00:10:00,,167
http://irail.be/vehicle/IC2045,http://irail.be/stations/NMBS/008821006,IC,2017-05-11T23:25:00,2017-05-11T23:25:00,37,
http://irail.be/vehicle/IC2045,http://irail.be/stations/NMBS/008821121,IC,2017-05-11T23:31:00,2017-05-11T23:29:00,34,34
http://irail.be/vehicle/IC2045,http://irail.be/stations/NMBS/008821154,IC,2017-05-11T23:33:00,2017-05-11T23:33:00,11,11
http://irail.be/vehicle/IC2045,http://irail.be/stations/NMBS/008821238,IC,2017-05-11T23:34:00,2017-05-11T23:34:00,-12,-12
http://irail.be/vehicle/IC2045,http://irail.be/stations/NMBS/008821337,IC,2017-05-11T23:35:00,2017-05-11T23:35:00,-15,-15
http://irail.be/vehicle/IC2045,NO-URI,IC,2017-05-11T23:36:00,2017-05-11T23:36:00,-8,-8
http://irail.be/vehicle/IC2045,http://irail.be/stations/NMBS/008822210,IC,2017-05-11T23:38:00,2017-05-11T23:38:00,6,6
http://irail.be/vehicle/IC2045,http://irail.be/stations/NMBS/008822228,IC,2017-05-11T23:39:00,2017-05-11T23:39:00,74,74
http://irail.be/vehicle/IC2045,http://irail.be/stations/NMBS/008822343,IC,2017-05-11T23:41:00,2017-05-11T23:41:00,54,54
http://irail.be/vehicle/IC2045,http://irail.be/stations/NMBS/008822004,IC,2017-05-11T23:45:00,2017-05-11T23:43:00,19,54
http://irail.be/vehicle/IC2045,http://irail.be/stations/NMBS/008822251,IC,2017-05-11T23:49:00,2017-05-11T23:49:00,-46,-46
http://irail.be/vehicle/IC2045,http://irail.be/stations/NMBS/008822269,IC,2017-05-11T23:50:00,2017-05-11T23:50:00,-46,-46
http://irail.be/vehicle/IC2045,http://irail.be/stations/NMBS/008811189,IC,2017-05-11T23:52:00,2017-05-11T23:52:00,-43,-43
http://irail.be/vehicle/IC2045,http://irail.be/stations/NMBS/008811148,IC,2017-05-11T23:54:00,2017-05-11T23:54:00,-52,-52
http://irail.be/vehicle/IC2045,http://irail.be/stations/NMBS/008811007,IC,2017-05-11T23:57:00,2017-05-11T23:57:00,-18,-18
http://irail.be/vehicle/IC2045,http://irail.be/stations/NMBS/008812005,IC,2017-05-12T00:02:00,2017-05-12T00:02:00,79,49
http://irail.be/vehicle/IC2045,http://irail.be/stations/NMBS/008813045,IC,2017-05-12T00:04:00,2017-05-12T00:04:00,83,83
http://irail.be/vehicle/IC2045,http://irail.be/stations/NMBS/008813003,IC,2017-05-12T00:06:00,2017-05-12T00:05:00,231,204
http://irail.be/vehicle/IC2045,http://irail.be/stations/NMBS/008813037,IC,2017-05-12T00:07:00,2017-05-12T00:07:00,237,237
http://irail.be/vehicle/IC2045,http://irail.be/stations/NMBS/008814001,IC,2017-05-12T00:10:00,2017-05-12T00:10:00,,261
http://irail.be/vehicle/IC2045,http://irail.be/stations/NMBS/008821006,IC,2017-08-23T23:25:00,2017-08-23T23:25:00,28,
http://irail.be/vehicle/IC2045,http://irail.be/stations/NMBS/008821121,IC,2017-08-23T23:31:00,2017-08-23T23:29:00,27,27
http://irail.be/vehicle/IC2045,http://irail.be/stations/NMBS/008821154,IC,2017-08-23T23:33:00,2017-08-23T23:33:00,0,0
http://irail.be/vehicle/IC2045,http://irail.be/stations/NMBS/008821238,IC,2017-08-23T23:34:00,2017-08-23T23:34:00,-25,-25
http://irail.be/vehicle/IC2045,http://irail.be/stations/NMBS/008821337,IC,2017-08-23T23:35:00,2017-08-23T23:35:00,-36,-36
http://irail.be/vehicle/IC2045,http://irail.be/stations/NMBS/008821311,IC,2017-08-23T23:36:00,2017-08-23T23:36:00,-39,-39
http://irail.be/vehicle/IC2045,http://irail.be/stations/NMBS/008822210,IC,2017-08-23T23:38:00,2017-08-23T23:38:00,-35,-35
http://irail.be/vehicle/IC2045,http://irail.be/stations/NMBS/008822228,IC,2017-08-23T23:39:00,2017-08-23T23:39:00,2,2
http://irail.be/vehicle/IC2045,http://irail.be/stations/NMBS/008822343,IC,2017-08-23T23:41:00,2017-08-23T23:41:00,-23,-23
http://irail.be/vehicle/IC2045,http://irail.be/stations/NMBS/008822004,IC,2017-08-23T23:45:00,2017-08-23T23:43:00,12,-23
http://irail.be/vehicle/IC2045,http://irail.be/stations/NMBS/008822251,IC,2017-08-23T23:49:00,2017-08-23T23:49:00,-58,-58
http://irail.be/vehicle/IC2045,http://irail.be/stations/NMBS/008822269,IC,2017-08-23T23:50:00,2017-08-23T23:50:00,-58,-58
http://irail.be/vehicle/IC2045,http://irail.be/stations/NMBS/008811189,IC,2017-08-23T23:52:00,2017-08-23T23:52:00,17,17
http://irail.be/vehicle/IC2045,NO-URI,IC,2017-08-23T23:54:00,2017-08-23T23:54:00,116,116
http://irail.be/vehicle/IC2045,NO-URI,IC,2017-08-23T23:54:00,2017-08-23T23:54:00,127,127
http://irail.be/vehicle/IC2045,http://irail.be/stations/NMBS/008811007,IC,2017-08-23T23:57:00,2017-08-23T23:57:00,179,179
http://irail.be/vehicle/IC2045,http://irail.be/stations/NMBS/008812005,IC,2017-08-24T00:02:00,2017-08-24T00:02:00,82,191
http://irail.be/vehicle/IC2045,http://irail.be/stations/NMBS/008813045,IC,2017-08-24T00:04:00,2017-08-24T00:04:00,76,76
http://irail.be/vehicle/IC2045,http://irail.be/stations/NMBS/008813003,IC,2017-08-24T00:06:00,2017-08-24T00:05:00,205,205
http://irail.be/vehicle/IC2045,http://irail.be/stations/NMBS/008813037,IC,2017-08-24T00:07:00,2017-08-24T00:07:00,203,203
http://irail.be/vehicle/IC2045,http://irail.be/stations/NMBS/008814001,IC,2017-08-24T00:10:00,2017-08-24T00:10:00,,215
http://irail.be/vehicle/IC2045,http://irail.be/stations/NMBS/008821006,IC,2017-05-18T23:25:00,2017-05-18T23:25:00,3,
http://irail.be/vehicle/IC2045,http://irail.be/stations/NMBS/008821121,IC,2017-05-18T23:31:00,2017-05-18T23:29:00,23,23
http://irail.be/vehicle/IC2045,http://irail.be/stations/NMBS/008821154,IC,2017-05-18T23:33:00,2017-05-18T23:33:00,3,3
http://irail.be/vehicle/IC2045,http://irail.be/stations/NMBS/008821238,IC,2017-05-18T23:34:00,2017-05-18T23:34:00,-20,-20
http://irail.be/vehicle/IC2045,http://irail.be/stations/NMBS/008821337,IC,2017-05-18T23:35:00,2017-05-18T23:35:00,-25,-25
http://irail.be/vehicle/IC2045,NO-URI,IC,2017-05-18T23:36:00,2017-05-18T23:36:00,-24,-24
http://irail.be/vehicle/IC2045,http://irail.be/stations/NMBS/008822210,IC,2017-05-18T23:38:00,2017-05-18T23:38:00,-16,-16
http://irail.be/vehicle/IC2045,http://irail.be/stations/NMBS/008822228,IC,2017-05-18T23:39:00,2017-05-18T23:39:00,36,36
http://irail.be/vehicle/IC2045,http://irail.be/stations/NMBS/008822343,IC,2017-05-18T23:41:00,2017-05-18T23:41:00,-7,-7
http://irail.be/vehicle/IC2045,http://irail.be/stations/NMBS/008822004,IC,2017-05-18T23:45:00,2017-05-18T23:43:00,206,-7
http://irail.be/vehicle/IC2045,http://irail.be/stations/NMBS/008822251,IC,2017-05-18T23:49:00,2017-05-18T23:49:00,148,148
http://irail.be/vehicle/IC2045,http://irail.be/stations/NMBS/008822269,IC,2017-05-18T23:50:00,2017-05-18T23:50:00,148,148
http://irail.be/vehicle/IC2045,http://irail.be/stations/NMBS/008811189,IC,2017-05-18T23:52:00,2017-05-18T23:52:00,143,143
http://irail.be/vehicle/IC2045,http://irail.be/stations/NMBS/008811148,IC,2017-05-18T23:54:00,2017-05-18T23:54:00,139,139
http://irail.be/vehicle/IC2045,http://irail.be/stations/NMBS/008811007,IC,2017-05-18T23:57:00,2017-05-18T23:57:00,171,171
http://irail.be/vehicle/IC2045,http://irail.be/stations/NMBS/008812005,IC,2017-05-19T00:02:00,2017-05-19T00:02:00,144,196
http://irail.be/vehicle/IC2045,http://irail.be/stations/NMBS/008813045,IC,2017-05-19T00:04:00,2017-05-19T00:04:00,148,148
http://irail.be/vehicle/IC2045,http://irail.be/stations/NMBS/008813003,IC,2017-05-19T00:06:00,2017-05-19T00:05:00,211,219
http://irail.be/vehicle/IC2045,http://irail.be/stations/NMBS/008813037,IC,2017-05-19T00:07:00,2017-05-19T00:07:00,211,211
http://irail.be/vehicle/IC2045,http://irail.be/stations/NMBS/008814001,IC,2017-05-19T00:10:00,2017-05-19T00:10:00,,242
http://irail.be/vehicle/IC2045,NO-URI,IC,2017-12-27T23:11:00,2017-12-27T23:11:00,-55,
http://irail.be/vehicle/IC2045,http://irail.be/stations/NMBS/008821089,IC,2017-12-27T23:17:00,2017-12-27T23:14:00,0,0
http://irail.be/vehicle/IC2045,http://irail.be/stations/NMBS/008821063,IC,2017-12-27T23:19:00,2017-12-27T23:19:00,33,33
http://irail.be/vehicle/IC2045,http://irail.be/stations/NMBS/008821006,IC,2017-12-27T23:26:00,2017-12-27T23:23:00,35,6
http://irail.be/vehicle/IC2045,http://irail.be/stations/NMBS/008821121,IC,2017-12-27T23:31:00,2017-12-27T23:30:00,27,27
http://irail.be/vehicle/IC2045,http://irail.be/stations/NMBS/008821154,IC,2017-12-27T23:33:00,2017-12-27T23:33:00,35,35
http://irail.be/vehicle/IC2045,http://irail.be/stations/NMBS/008821238,IC,2017-12-27T23:34:00,2017-12-27T23:34:00,23,23
http://irail.be/vehicle/IC2045,http://irail.be/stations/NMBS/008821337,IC,2017-12-27T23:35:00,2017-12-27T23:35:00,5,5
http://irail.be/vehicle/IC2045,http://irail.be/stations/NMBS/008821311,IC,2017-12-27T23:36:00,2017-12-27T23:36:00,-2,-2
http://irail.be/vehicle/IC2045,http://irail.be/stations/NMBS/008822210,IC,2017-12-27T23:38:00,2017-12-27T23:38:00,-9,-9
http://irail.be/vehicle/IC2045,http://irail.be/stations/NMBS/008822228,IC,2017-12-27T23:39:00,2017-12-27T23:39:00,14,14
http://irail.be/vehicle/IC2045,http://irail.be/stations/NMBS/008822343,IC,2017-12-27T23:41:00,2017-12-27T23:41:00,3,3
http://irail.be/vehicle/IC2045,http://irail.be/stations/NMBS/008822004,IC,2017-12-27T23:44:00,2017-12-27T23:42:00,39,3
http://irail.be/vehicle/IC2045,http://irail.be/stations/NMBS/008822251,IC,2017-12-27T23:49:00,2017-12-27T23:49:00,-15,-15
http://irail.be/vehicle/IC2045,http://irail.be/stations/NMBS/008822269,IC,2017-12-27T23:50:00,2017-12-27T23:50:00,-15,-15
http://irail.be/vehicle/IC2045,http://irail.be/stations/NMBS/008811189,IC,2017-12-27T23:52:00,2017-12-27T23:52:00,-12,-12
http://irail.be/vehicle/IC2045,http://irail.be/stations/NMBS/008811148,IC,2017-12-27T23:54:00,2017-12-27T23:54:00,-25,-25
http://irail.be/vehicle/IC2045,http://irail.be/stations/NMBS/008811007,IC,2017-12-27T23:57:00,2017-12-27T23:57:00,-83,-83
http://irail.be/vehicle/IC2045,http://irail.be/stations/NMBS/008812005,IC,2017-12-28T00:02:00,2017-12-27T23:59:00,9,-54
http://irail.be/vehicle/IC2045,http://irail.be/stations/NMBS/008813045,IC,2017-12-28T00:04:00,2017-12-28T00:04:00,5,5
http://irail.be/vehicle/IC2045,http://irail.be/stations/NMBS/008813003,IC,2017-12-28T00:06:00,2017-12-28T00:05:00,49,32
http://irail.be/vehicle/IC2045,http://irail.be/stations/NMBS/008813037,IC,2017-12-28T00:08:00,2017-12-28T00:08:00,-10,-10
http://irail.be/vehicle/IC2045,http://irail.be/stations/NMBS/008814001,IC,2017-12-28T00:10:00,2017-12-28T00:10:00,,30
http://irail.be/vehicle/IC2045,http://irail.be/stations/NMBS/008821006,IC,2017-04-28T23:25:00,2017-04-28T23:25:00,31,
http://irail.be/vehicle/IC2045,http://irail.be/stations/NMBS/008821121,IC,2017-04-28T23:31:00,2017-04-28T23:29:00,39,39
http://irail.be/vehicle/IC2045,http://irail.be/stations/NMBS/008821154,IC,2017-04-28T23:33:00,2017-04-28T23:33:00,17,17
http://irail.be/vehicle/IC2045,http://irail.be/stations/NMBS/008821238,IC,2017-04-28T23:34:00,2017-04-28T23:34:00,-7,-7
http://irail.be/vehicle/IC2045,http://irail.be/stations/NMBS/008821337,IC,2017-04-28T23:35:00,2017-04-28T23:35:00,-15,-15
http://irail.be/vehicle/IC2045,NO-URI,IC,2017-04-28T23:36:00,2017-04-28T23:36:00,-17,-17
http://irail.be/vehicle/IC2045,http://irail.be/stations/NMBS/008822210,IC,2017-04-28T23:38:00,2017-04-28T23:38:00,-11,-11
http://irail.be/vehicle/IC2045,http://irail.be/stations/NMBS/008822228,IC,2017-04-28T23:39:00,2017-04-28T23:39:00,34,34
http://irail.be/vehicle/IC2045,http://irail.be/stations/NMBS/008822343,IC,2017-04-28T23:41:00,2017-04-28T23:41:00,14,14
http://irail.be/vehicle/IC2045,http://irail.be/stations/NMBS/008822004,IC,2017-04-28T23:45:00,2017-04-28T23:43:00,15,14
http://irail.be/vehicle/IC2045,http://irail.be/stations/NMBS/008822251,IC,2017-04-28T23:49:00,2017-04-28T23:49:00,-41,-41
http://irail.be/vehicle/IC2045,http://irail.be/stations/NMBS/008822269,IC,2017-04-28T23:50:00,2017-04-28T23:50:00,-41,-41
http://irail.be/vehicle/IC2045,http://irail.be/stations/NMBS/008811189,IC,2017-04-28T23:52:00,2017-04-28T23:52:00,-48,-48
http://irail.be/vehicle/IC2045,http://irail.be/stations/NMBS/008811148,IC,2017-04-28T23:54:00,2017-04-28T23:54:00,-58,-58
http://irail.be/vehicle/IC2045,http://irail.be/stations/NMBS/008811007,IC,2017-04-28T23:57:00,2017-04-28T23:57:00,-125,-125
http://irail.be/vehicle/IC2045,http://irail.be/stations/NMBS/008812005,IC,2017-04-29T00:02:00,2017-04-29T00:02:00,9,-130
http://irail.be/vehicle/IC2045,http://irail.be/stations/NMBS/008813045,IC,2017-04-29T00:04:00,2017-04-29T00:04:00,30,30
http://irail.be/vehicle/IC2045,http://irail.be/stations/NMBS/008813003,IC,2017-04-29T00:06:00,2017-04-29T00:05:00,48,56
http://irail.be/vehicle/IC2045,http://irail.be/stations/NMBS/008813037,IC,2017-04-29T00:07:00,2017-04-29T00:07:00,,48
http://irail.be/vehicle/IC2045,http://irail.be/stations/NMBS/008821006,IC,2017-05-15T23:25:00,2017-05-15T23:25:00,10,
http://irail.be/vehicle/IC2045,http://irail.be/stations/NMBS/008821121,IC,2017-05-15T23:31:00,2017-05-15T23:29:00,25,25
http://irail.be/vehicle/IC2045,http://irail.be/stations/NMBS/008821154,IC,2017-05-15T23:33:00,2017-05-15T23:33:00,2,2
http://irail.be/vehicle/IC2045,http://irail.be/stations/NMBS/008821238,IC,2017-05-15T23:34:00,2017-05-15T23:34:00,-24,-24
http://irail.be/vehicle/IC2045,http://irail.be/stations/NMBS/008821337,IC,2017-05-15T23:35:00,2017-05-15T23:35:00,-29,-29
http://irail.be/vehicle/IC2045,NO-URI,IC,2017-05-15T23:36:00,2017-05-15T23:36:00,-29,-29
http://irail.be/vehicle/IC2045,http://irail.be/stations/NMBS/008822210,IC,2017-05-15T23:38:00,2017-05-15T23:38:00,-25,-25
http://irail.be/vehicle/IC2045,http://irail.be/stations/NMBS/008822228,IC,2017-05-15T23:39:00,2017-05-15T23:39:00,40,40
http://irail.be/vehicle/IC2045,http://irail.be/stations/NMBS/008822343,IC,2017-05-15T23:41:00,2017-05-15T23:41:00,7,7
http://irail.be/vehicle/IC2045,http://irail.be/stations/NMBS/008822004,IC,2017-05-15T23:45:00,2017-05-15T23:43:00,12,7
http://irail.be/vehicle/IC2045,http://irail.be/stations/NMBS/008822251,IC,2017-05-15T23:49:00,2017-05-15T23:49:00,-55,-55
http://irail.be/vehicle/IC2045,http://irail.be/stations/NMBS/008822269,IC,2017-05-15T23:50:00,2017-05-15T23:50:00,-55,-55
http://irail.be/vehicle/IC2045,http://irail.be/stations/NMBS/008811189,IC,2017-05-15T23:52:00,2017-05-15T23:52:00,-59,-59
http://irail.be/vehicle/IC2045,http://irail.be/stations/NMBS/008811148,IC,2017-05-15T23:54:00,2017-05-15T23:54:00,-55,-55
http://irail.be/vehicle/IC2045,http://irail.be/stations/NMBS/008811007,IC,2017-05-15T23:57:00,2017-05-15T23:57:00,0,0
http://irail.be/vehicle/IC2045,http://irail.be/stations/NMBS/008812005,IC,2017-05-16T00:02:00,2017-05-16T00:02:00,73,30
http://irail.be/vehicle/IC2045,http://irail.be/stations/NMBS/008813045,IC,2017-05-16T00:04:00,2017-05-16T00:04:00,79,79
http://irail.be/vehicle/IC2045,http://irail.be/stations/NMBS/008813003,IC,2017-05-16T00:06:00,2017-05-16T00:05:00,245,247
http://irail.be/vehicle/IC2045,http://irail.be/stations/NMBS/008813037,IC,2017-05-16T00:07:00,2017-05-16T00:07:00,248,248
http://irail.be/vehicle/IC2045,http://irail.be/stations/NMBS/008814001,IC,2017-05-16T00:10:00,2017-05-16T00:10:00,,247
http://irail.be/vehicle/IC2045,http://irail.be/stations/NMBS/008821006,IC,2017-10-17T23:25:00,2017-10-17T23:25:00,-16,
http://irail.be/vehicle/IC2045,http://irail.be/stations/NMBS/008821121,IC,2017-10-17T23:31:00,2017-10-17T23:29:00,34,34
http://irail.be/vehicle/IC2045,http://irail.be/stations/NMBS/008821154,IC,2017-10-17T23:33:00,2017-10-17T23:33:00,7,7
http://irail.be/vehicle/IC2045,http://irail.be/stations/NMBS/008821238,IC,2017-10-17T23:34:00,2017-10-17T23:34:00,-17,-17
http://irail.be/vehicle/IC2045,http://irail.be/stations/NMBS/008821337,IC,2017-10-17T23:35:00,2017-10-17T23:35:00,-27,-27
http://irail.be/vehicle/IC2045,http://irail.be/stations/NMBS/008821311,IC,2017-10-17T23:36:00,2017-10-17T23:36:00,-30,-30
http://irail.be/vehicle/IC2045,http://irail.be/stations/NMBS/008822210,IC,2017-10-17T23:38:00,2017-10-17T23:38:00,-25,-25
http://irail.be/vehicle/IC2045,http://irail.be/stations/NMBS/008822228,IC,2017-10-17T23:39:00,2017-10-17T23:39:00,18,18
http://irail.be/vehicle/IC2045,http://irail.be/stations/NMBS/008822343,IC,2017-10-17T23:41:00,2017-10-17T23:41:00,-22,-22
http://irail.be/vehicle/IC2045,http://irail.be/stations/NMBS/008822004,IC,2017-10-17T23:45:00,2017-10-17T23:43:00,28,-22
http://irail.be/vehicle/IC2045,http://irail.be/stations/NMBS/008822251,IC,2017-10-17T23:49:00,2017-10-17T23:49:00,52,52
http://irail.be/vehicle/IC2045,http://irail.be/stations/NMBS/008822269,IC,2017-10-17T23:50:00,2017-10-17T23:50:00,52,52
http://irail.be/vehicle/IC2045,http://irail.be/stations/NMBS/008811189,IC,2017-10-17T23:52:00,2017-10-17T23:52:00,57,57
http://irail.be/vehicle/IC2045,http://irail.be/stations/NMBS/008811148,IC,2017-10-17T23:54:00,2017-10-17T23:54:00,45,45
http://irail.be/vehicle/IC2045,http://irail.be/stations/NMBS/008811007,IC,2017-10-17T23:57:00,2017-10-17T23:57:00,-11,-11
http://irail.be/vehicle/IC2045,http://irail.be/stations/NMBS/008812005,IC,2017-10-18T00:02:00,2017-10-18T00:02:00,127,-5
http://irail.be/vehicle/IC2045,http://irail.be/stations/NMBS/008813045,IC,2017-10-18T00:04:00,2017-10-18T00:04:00,142,142
http://irail.be/vehicle/IC2045,http://irail.be/stations/NMBS/008813003,IC,2017-10-18T00:06:00,2017-10-18T00:05:00,227,231
http://irail.be/vehicle/IC2045,http://irail.be/stations/NMBS/008813037,IC,2017-10-18T00:07:00,2017-10-18T00:07:00,227,227
http://irail.be/vehicle/IC2045,http://irail.be/stations/NMBS/008814001,IC,2017-10-18T00:10:00,2017-10-18T00:10:00,,249
http://irail.be/vehicle/IC2045,http://irail.be/stations/NMBS/008821006,IC,2017-02-07T23:25:00,2017-02-07T23:25:00,-5,
http://irail.be/vehicle/IC2045,http://irail.be/stations/NMBS/008821121,IC,2017-02-07T23:31:00,2017-02-07T23:29:00,24,24
http://irail.be/vehicle/IC2045,http://irail.be/stations/NMBS/008821154,IC,2017-02-07T23:33:00,2017-02-07T23:33:00,7,7
http://irail.be/vehicle/IC2045,http://irail.be/stations/NMBS/008821238,IC,2017-02-07T23:34:00,2017-02-07T23:34:00,-14,-14
http://irail.be/vehicle/IC2045,http://irail.be/stations/NMBS/008821337,IC,2017-02-07T23:35:00,2017-02-07T23:35:00,-20,-20
http://irail.be/vehicle/IC2045,NO-URI,IC,2017-02-07T23:36:00,2017-02-07T23:36:00,-20,-20
http://irail.be/vehicle/IC2045,http://irail.be/stations/NMBS/008822210,IC,2017-02-07T23:38:00,2017-02-07T23:38:00,-14,-14
http://irail.be/vehicle/IC2045,http://irail.be/stations/NMBS/008822228,IC,2017-02-07T23:39:00,2017-02-07T23:39:00,34,34
http://irail.be/vehicle/IC2045,http://irail.be/stations/NMBS/008822343,IC,2017-02-07T23:41:00,2017-02-07T23:41:00,-10,-10
http://irail.be/vehicle/IC2045,http://irail.be/stations/NMBS/008822004,IC,2017-02-07T23:45:00,2017-02-07T23:43:00,17,-10
http://irail.be/vehicle/IC2045,http://irail.be/stations/NMBS/008822251,IC,2017-02-07T23:49:00,2017-02-07T23:49:00,-4,-4
http://irail.be/vehicle/IC2045,http://irail.be/stations/NMBS/008822269,IC,2017-02-07T23:50:00,2017-02-07T23:50:00,-4,-4
http://irail.be/vehicle/IC2045,http://irail.be/stations/NMBS/008811189,IC,2017-02-07T23:52:00,2017-02-07T23:52:00,-30,-30
http://irail.be/vehicle/IC2045,http://irail.be/stations/NMBS/008811148,IC,2017-02-07T23:54:00,2017-02-07T23:54:00,-41,-41
http://irail.be/vehicle/IC2045,http://irail.be/stations/NMBS/008811007,IC,2017-02-07T23:57:00,2017-02-07T23:57:00,29,29
http://irail.be/vehicle/IC2045,http://irail.be/stations/NMBS/008812005,IC,2017-02-08T00:02:00,2017-02-08T00:02:00,241,123
http://irail.be/vehicle/IC2045,http://irail.be/stations/NMBS/008813045,IC,2017-02-08T00:04:00,2017-02-08T00:04:00,240,240
http://irail.be/vehicle/IC2045,http://irail.be/stations/NMBS/008813003,IC,2017-02-08T00:06:00,2017-02-08T00:05:00,334,346
http://irail.be/vehicle/IC2045,http://irail.be/stations/NMBS/008813037,IC,2017-02-08T00:07:00,2017-02-08T00:07:00,334,334
http://irail.be/vehicle/IC2045,http://irail.be/stations/NMBS/008814001,IC,2017-02-08T00:10:00,2017-02-08T00:10:00,,345
http://irail.be/vehicle/IC2045,http://irail.be/stations/NMBS/008821006,IC,2017-09-06T23:25:00,2017-09-06T23:25:00,15,
http://irail.be/vehicle/IC2045,http://irail.be/stations/NMBS/008821121,IC,2017-09-06T23:31:00,2017-09-06T23:29:00,32,32
http://irail.be/vehicle/IC2045,http://irail.be/stations/NMBS/008821154,IC,2017-09-06T23:33:00,2017-09-06T23:33:00,5,5
http://irail.be/vehicle/IC2045,http://irail.be/stations/NMBS/008821238,IC,2017-09-06T23:34:00,2017-09-06T23:34:00,-17,-17
http://irail.be/vehicle/IC2045,http://irail.be/stations/NMBS/008821337,IC,2017-09-06T23:35:00,2017-09-06T23:35:00,-26,-26
http://irail.be/vehicle/IC2045,http://irail.be/stations/NMBS/008821311,IC,2017-09-06T23:36:00,2017-09-06T23:36:00,-27,-27
http://irail.be/vehicle/IC2045,http://irail.be/stations/NMBS/008822210,IC,2017-09-06T23:38:00,2017-09-06T23:38:00,-21,-21
http://irail.be/vehicle/IC2045,http://irail.be/stations/NMBS/008822228,IC,2017-09-06T23:39:00,2017-09-06T23:39:00,24,24
http://irail.be/vehicle/IC2045,http://irail.be/stations/NMBS/008822343,IC,2017-09-06T23:41:00,2017-09-06T23:41:00,-23,-23
http://irail.be/vehicle/IC2045,http://irail.be/stations/NMBS/008822004,IC,2017-09-06T23:45:00,2017-09-06T23:43:00,15,-23
http://irail.be/vehicle/IC2045,http://irail.be/stations/NMBS/008822251,IC,2017-09-06T23:49:00,2017-09-06T23:49:00,-48,-48
http://irail.be/vehicle/IC2045,http://irail.be/stations/NMBS/008822269,IC,2017-09-06T23:50:00,2017-09-06T23:50:00,-48,-48
http://irail.be/vehicle/IC2045,http://irail.be/stations/NMBS/008811189,IC,2017-09-06T23:52:00,2017-09-06T23:52:00,-54,-54
http://irail.be/vehicle/IC2045,http://irail.be/stations/NMBS/008811148,IC,2017-09-06T23:54:00,2017-09-06T23:54:00,-66,-66
http://irail.be/vehicle/IC2045,http://irail.be/stations/NMBS/008811007,IC,2017-09-06T23:57:00,2017-09-06T23:57:00,-132,-132
http://irail.be/vehicle/IC2045,http://irail.be/stations/NMBS/008812005,IC,2017-09-07T00:02:00,2017-09-07T00:02:00,72,-145
http://irail.be/vehicle/IC2045,http://irail.be/stations/NMBS/008813045,IC,2017-09-07T00:04:00,2017-09-07T00:04:00,76,76
http://irail.be/vehicle/IC2045,http://irail.be/stations/NMBS/008813003,IC,2017-09-07T00:06:00,2017-09-07T00:05:00,168,177
http://irail.be/vehicle/IC2045,http://irail.be/stations/NMBS/008813037,IC,2017-09-07T00:07:00,2017-09-07T00:07:00,172,172
http://irail.be/vehicle/IC2045,http://irail.be/stations/NMBS/008814001,IC,2017-09-07T00:10:00,2017-09-07T00:10:00,,176
http://irail.be/vehicle/IC2045,http://irail.be/stations/NMBS/008821006,IC,2017-06-22T23:25:00,2017-06-22T23:25:00,39,
http://irail.be/vehicle/IC2045,http://irail.be/stations/NMBS/008821121,IC,2017-06-22T23:31:00,2017-06-22T23:29:00,21,21
http://irail.be/vehicle/IC2045,http://irail.be/stations/NMBS/008821154,IC,2017-06-22T23:33:00,2017-06-22T23:33:00,-2,-2
http://irail.be/vehicle/IC2045,http://irail.be/stations/NMBS/008821238,IC,2017-06-22T23:34:00,2017-06-22T23:34:00,-24,-24
http://irail.be/vehicle/IC2045,http://irail.be/stations/NMBS/008821337,IC,2017-06-22T23:35:00,2017-06-22T23:35:00,-31,-31
http://irail.be/vehicle/IC2045,http://irail.be/stations/NMBS/008821311,IC,2017-06-22T23:36:00,2017-06-22T23:36:00,-31,-31
http://irail.be/vehicle/IC2045,http://irail.be/stations/NMBS/008822210,IC,2017-06-22T23:38:00,2017-06-22T23:38:00,-25,-25
http://irail.be/vehicle/IC2045,http://irail.be/stations/NMBS/008822228,IC,2017-06-22T23:39:00,2017-06-22T23:39:00,17,17
http://irail.be/vehicle/IC2045,http://irail.be/stations/NMBS/008822343,IC,2017-06-22T23:41:00,2017-06-22T23:41:00,-32,-32
http://irail.be/vehicle/IC2045,http://irail.be/stations/NMBS/008822004,IC,2017-06-22T23:45:00,2017-06-22T23:43:00,39,-32
http://irail.be/vehicle/IC2045,http://irail.be/stations/NMBS/008822251,IC,2017-06-22T23:49:00,2017-06-22T23:49:00,-24,-24
http://irail.be/vehicle/IC2045,http://irail.be/stations/NMBS/008822269,IC,2017-06-22T23:50:00,2017-06-22T23:50:00,-24,-24
http://irail.be/vehicle/IC2045,http://irail.be/stations/NMBS/008811189,IC,2017-06-22T23:52:00,2017-06-22T23:52:00,-24,-24
http://irail.be/vehicle/IC2045,http://irail.be/stations/NMBS/008811148,IC,2017-06-22T23:54:00,2017-06-22T23:54:00,-35,-35
http://irail.be/vehicle/IC2045,http://irail.be/stations/NMBS/008811007,IC,2017-06-22T23:57:00,2017-06-22T23:57:00,-91,-91
http://irail.be/vehicle/IC2045,http://irail.be/stations/NMBS/008812005,IC,2017-06-23T00:02:00,2017-06-23T00:02:00,-12,-92
http://irail.be/vehicle/IC2045,http://irail.be/stations/NMBS/008813045,IC,2017-06-23T00:04:00,2017-06-23T00:04:00,-14,-14
http://irail.be/vehicle/IC2045,http://irail.be/stations/NMBS/008813003,IC,2017-06-23T00:06:00,2017-06-23T00:05:00,8,10
http://irail.be/vehicle/IC2045,http://irail.be/stations/NMBS/008813037,IC,2017-06-23T00:08:00,2017-06-23T00:08:00,-26,-26
http://irail.be/vehicle/IC2045,http://irail.be/stations/NMBS/008814001,IC,2017-06-23T00:10:00,2017-06-23T00:10:00,,18
http://irail.be/vehicle/IC2045,http://irail.be/stations/NMBS/008821006,IC,2017-11-16T23:25:00,2017-11-16T23:25:00,60,
http://irail.be/vehicle/IC2045,http://irail.be/stations/NMBS/008821121,IC,2017-11-16T23:31:00,2017-11-16T23:29:00,34,34
http://irail.be/vehicle/IC2045,http://irail.be/stations/NMBS/008821154,IC,2017-11-16T23:33:00,2017-11-16T23:33:00,8,8
http://irail.be/vehicle/IC2045,http://irail.be/stations/NMBS/008821238,IC,2017-11-16T23:34:00,2017-11-16T23:34:00,-15,-15
http://irail.be/vehicle/IC2045,http://irail.be/stations/NMBS/008821337,IC,2017-11-16T23:35:00,2017-11-16T23:35:00,-22,-22
http://irail.be/vehicle/IC2045,http://irail.be/stations/NMBS/008821311,IC,2017-11-16T23:36:00,2017-11-16T23:36:00,-25,-25
http://irail.be/vehicle/IC2045,http://irail.be/stations/NMBS/008822210,IC,2017-11-16T23:38:00,2017-11-16T23:38:00,-19,-19
http://irail.be/vehicle/IC2045,http://irail.be/stations/NMBS/008822228,IC,2017-11-16T23:39:00,2017-11-16T23:39:00,28,28
http://irail.be/vehicle/IC2045,http://irail.be/stations/NMBS/008822343,IC,2017-11-16T23:41:00,2017-11-16T23:41:00,1,1
http://irail.be/vehicle/IC2045,http://irail.be/stations/NMBS/008822004,IC,2017-11-16T23:45:00,2017-11-16T23:43:00,23,1
http://irail.be/vehicle/IC2045,http://irail.be/stations/NMBS/008822251,IC,2017-11-16T23:49:00,2017-11-16T23:49:00,44,44
http://irail.be/vehicle/IC2045,http://irail.be/stations/NMBS/008822269,IC,2017-11-16T23:50:00,2017-11-16T23:50:00,44,44
http://irail.be/vehicle/IC2045,http://irail.be/stations/NMBS/008811189,IC,2017-11-16T23:52:00,2017-11-16T23:52:00,62,62
http://irail.be/vehicle/IC2045,http://irail.be/stations/NMBS/008811148,IC,2017-11-16T23:54:00,2017-11-16T23:54:00,51,51
http://irail.be/vehicle/IC2045,http://irail.be/stations/NMBS/008811007,IC,2017-11-16T23:57:00,2017-11-16T23:57:00,-11,-11
http://irail.be/vehicle/IC2045,http://irail.be/stations/NMBS/008812005,IC,2017-11-17T00:02:00,2017-11-17T00:02:00,-6,-23
http://irail.be/vehicle/IC2045,http://irail.be/stations/NMBS/008813045,IC,2017-11-17T00:04:00,2017-11-17T00:04:00,-9,-9
http://irail.be/vehicle/IC2045,http://irail.be/stations/NMBS/008813003,IC,2017-11-17T00:06:00,2017-11-17T00:05:00,-1,13
http://irail.be/vehicle/IC2045,http://irail.be/stations/NMBS/008813037,IC,2017-11-17T00:08:00,2017-11-17T00:08:00,-35,-35
http://irail.be/vehicle/IC2045,http://irail.be/stations/NMBS/008814001,IC,2017-11-17T00:10:00,2017-11-17T00:10:00,,9
http://irail.be/vehicle/IC2045,http://irail.be/stations/NMBS/008821006,IC,2017-12-06T23:25:00,2017-12-06T23:25:00,78,
http://irail.be/vehicle/IC2045,http://irail.be/stations/NMBS/008821121,IC,2017-12-06T23:31:00,2017-12-06T23:29:00,36,36
http://irail.be/vehicle/IC2045,http://irail.be/stations/NMBS/008821154,IC,2017-12-06T23:33:00,2017-12-06T23:33:00,12,12
http://irail.be/vehicle/IC2045,http://irail.be/stations/NMBS/008821238,IC,2017-12-06T23:34:00,2017-12-06T23:34:00,-12,-12
http://irail.be/vehicle/IC2045,http://irail.be/stations/NMBS/008821337,IC,2017-12-06T23:35:00,2017-12-06T23:35:00,-19,-19
http://irail.be/vehicle/IC2045,http://irail.be/stations/NMBS/008821311,IC,2017-12-06T23:36:00,2017-12-06T23:36:00,-19,-19
http://irail.be/vehicle/IC2045,http://irail.be/stations/NMBS/008822210,IC,2017-12-06T23:38:00,2017-12-06T23:38:00,-13,-13
http://irail.be/vehicle/IC2045,http://irail.be/stations/NMBS/008822228,IC,2017-12-06T23:39:00,2017-12-06T23:39:00,40,40
http://irail.be/vehicle/IC2045,http://irail.be/stations/NMBS/008822343,IC,2017-12-06T23:41:00,2017-12-06T23:41:00,-7,-7
http://irail.be/vehicle/IC2045,http://irail.be/stations/NMBS/008822004,IC,2017-12-06T23:45:00,2017-12-06T23:43:00,23,-7
http://irail.be/vehicle/IC2045,http://irail.be/stations/NMBS/008822251,IC,2017-12-06T23:49:00,2017-12-06T23:49:00,37,37
http://irail.be/vehicle/IC2045,http://irail.be/stations/NMBS/008822269,IC,2017-12-06T23:50:00,2017-12-06T23:50:00,37,37
http://irail.be/vehicle/IC2045,http://irail.be/stations/NMBS/008811189,IC,2017-12-06T23:52:00,2017-12-06T23:52:00,48,48
http://irail.be/vehicle/IC2045,http://irail.be/stations/NMBS/008811148,IC,2017-12-06T23:54:00,2017-12-06T23:54:00,37,37
http://irail.be/vehicle/IC2045,http://irail.be/stations/NMBS/008811007,IC,2017-12-06T23:57:00,2017-12-06T23:57:00,-18,-18
http://irail.be/vehicle/IC2045,http://irail.be/stations/NMBS/008812005,IC,2017-12-07T00:02:00,2017-12-07T00:02:00,92,-27
http://irail.be/vehicle/IC2045,http://irail.be/stations/NMBS/008813045,IC,2017-12-07T00:04:00,2017-12-07T00:04:00,89,89
http://irail.be/vehicle/IC2045,http://irail.be/stations/NMBS/008813003,IC,2017-12-07T00:06:00,2017-12-07T00:05:00,206,197
http://irail.be/vehicle/IC2045,http://irail.be/stations/NMBS/008813037,IC,2017-12-07T00:07:00,2017-12-07T00:07:00,206,206
http://irail.be/vehicle/IC2045,http://irail.be/stations/NMBS/008814001,IC,2017-12-07T00:10:00,2017-12-07T00:10:00,,149
http://irail.be/vehicle/IC2045,http://irail.be/stations/NMBS/008821006,IC,2017-04-05T23:25:00,2017-04-05T23:25:00,75,
http://irail.be/vehicle/IC2045,http://irail.be/stations/NMBS/008821121,IC,2017-04-05T23:31:00,2017-04-05T23:29:00,43,43
http://irail.be/vehicle/IC2045,http://irail.be/stations/NMBS/008821154,IC,2017-04-05T23:33:00,2017-04-05T23:33:00,21,21
http://irail.be/vehicle/IC2045,http://irail.be/stations/NMBS/008821238,IC,2017-04-05T23:34:00,2017-04-05T23:34:00,-4,-4
http://irail.be/vehicle/IC2045,http://irail.be/stations/NMBS/008821337,IC,2017-04-05T23:35:00,2017-04-05T23:35:00,-16,-16
http://irail.be/vehicle/IC2045,NO-URI,IC,2017-04-05T23:36:00,2017-04-05T23:36:00,-18,-18
http://irail.be/vehicle/IC2045,http://irail.be/stations/NMBS/008822210,IC,2017-04-05T23:38:00,2017-04-05T23:38:00,-13,-13
http://irail.be/vehicle/IC2045,http://irail.be/stations/NMBS/008822228,IC,2017-04-05T23:39:00,2017-04-05T23:39:00,26,26
http://irail.be/vehicle/IC2045,http://irail.be/stations/NMBS/008822343,IC,2017-04-05T23:41:00,2017-04-05T23:41:00,-15,-15
http://irail.be/vehicle/IC2045,http://irail.be/stations/NMBS/008822004,IC,2017-04-05T23:45:00,2017-04-05T23:43:00,6,-15
http://irail.be/vehicle/IC2045,http://irail.be/stations/NMBS/008822251,IC,2017-04-05T23:49:00,2017-04-05T23:49:00,-46,-46
http://irail.be/vehicle/IC2045,http://irail.be/stations/NMBS/008822269,IC,2017-04-05T23:50:00,2017-04-05T23:50:00,-46,-46
http://irail.be/vehicle/IC2045,http://irail.be/stations/NMBS/008811189,IC,2017-04-05T23:52:00,2017-04-05T23:52:00,-74,-74
http://irail.be/vehicle/IC2045,http://irail.be/stations/NMBS/008811148,IC,2017-04-05T23:54:00,2017-04-05T23:54:00,-87,-87
http://irail.be/vehicle/IC2045,http://irail.be/stations/NMBS/008811007,IC,2017-04-05T23:57:00,2017-04-05T23:57:00,-59,-59
http://irail.be/vehicle/IC2045,http://irail.be/stations/NMBS/008812005,IC,2017-04-06T00:02:00,2017-04-06T00:02:00,115,85
http://irail.be/vehicle/IC2045,http://irail.be/stations/NMBS/008813045,IC,2017-04-06T00:04:00,2017-04-06T00:04:00,111,111
http://irail.be/vehicle/IC2045,http://irail.be/stations/NMBS/008813003,IC,2017-04-06T00:06:00,2017-04-06T00:05:00,157,158
http://irail.be/vehicle/IC2045,http://irail.be/stations/NMBS/008813037,IC,2017-04-06T00:07:00,2017-04-06T00:07:00,156,156
http://irail.be/vehicle/IC2045,http://irail.be/stations/NMBS/008814001,IC,2017-04-06T00:10:00,2017-04-06T00:10:00,,151
http://irail.be/vehicle/IC2045,http://irail.be/stations/NMBS/008821006,IC,2017-05-17T23:25:00,2017-05-17T23:25:00,21,
http://irail.be/vehicle/IC2045,http://irail.be/stations/NMBS/008821121,IC,2017-05-17T23:31:00,2017-05-17T23:29:00,44,44
http://irail.be/vehicle/IC2045,http://irail.be/stations/NMBS/008821154,IC,2017-05-17T23:33:00,2017-05-17T23:33:00,24,24
http://irail.be/vehicle/IC2045,http://irail.be/stations/NMBS/008821238,IC,2017-05-17T23:34:00,2017-05-17T23:34:00,-2,-2
http://irail.be/vehicle/IC2045,http://irail.be/stations/NMBS/008821337,IC,2017-05-17T23:35:00,2017-05-17T23:35:00,-9,-9
http://irail.be/vehicle/IC2045,NO-URI,IC,2017-05-17T23:36:00,2017-05-17T23:36:00,-9,-9
http://irail.be/vehicle/IC2045,http://irail.be/stations/NMBS/008822210,IC,2017-05-17T23:38:00,2017-05-17T23:38:00,-2,-2
http://irail.be/vehicle/IC2045,http://irail.be/stations/NMBS/008822228,IC,2017-05-17T23:39:00,2017-05-17T23:39:00,49,49
http://irail.be/vehicle/IC2045,http://irail.be/stations/NMBS/008822343,IC,2017-05-17T23:41:00,2017-05-17T23:41:00,24,24
http://irail.be/vehicle/IC2045,http://irail.be/stations/NMBS/008822004,IC,2017-05-17T23:45:00,2017-05-17T23:43:00,59,24
http://irail.be/vehicle/IC2045,http://irail.be/stations/NMBS/008822251,IC,2017-05-17T23:49:00,2017-05-17T23:49:00,-2,-2
http://irail.be/vehicle/IC2045,http://irail.be/stations/NMBS/008822269,IC,2017-05-17T23:50:00,2017-05-17T23:50:00,-2,-2
http://irail.be/vehicle/IC2045,http://irail.be/stations/NMBS/008811189,IC,2017-05-17T23:52:00,2017-05-17T23:52:00,-6,-6
http://irail.be/vehicle/IC2045,http://irail.be/stations/NMBS/008811148,IC,2017-05-17T23:54:00,2017-05-17T23:54:00,4,4
http://irail.be/vehicle/IC2045,http://irail.be/stations/NMBS/008811007,IC,2017-05-17T23:57:00,2017-05-17T23:57:00,34,34
http://irail.be/vehicle/IC2045,http://irail.be/stations/NMBS/008812005,IC,2017-05-18T00:02:00,2017-05-18T00:02:00,-8,13
http://irail.be/vehicle/IC2045,http://irail.be/stations/NMBS/008813045,IC,2017-05-18T00:04:00,2017-05-18T00:04:00,-9,-9
http://irail.be/vehicle/IC2045,http://irail.be/stations/NMBS/008813003,IC,2017-05-18T00:06:00,2017-05-18T00:05:00,-1,14
http://irail.be/vehicle/IC2045,http://irail.be/stations/NMBS/008813037,IC,2017-05-18T00:07:00,2017-05-18T00:07:00,-1,-1
http://irail.be/vehicle/IC2045,http://irail.be/stations/NMBS/008814001,IC,2017-05-18T00:10:00,2017-05-18T00:10:00,,25
http://irail.be/vehicle/IC2045,http://irail.be/stations/NMBS/008821006,IC,2017-11-13T23:25:00,2017-11-13T23:25:00,103,
http://irail.be/vehicle/IC2045,http://irail.be/stations/NMBS/008821121,IC,2017-11-13T23:31:00,2017-11-13T23:29:00,10,10
http://irail.be/vehicle/IC2045,http://irail.be/stations/NMBS/008821154,IC,2017-11-13T23:33:00,2017-11-13T23:33:00,-17,-17
http://irail.be/vehicle/IC2045,http://irail.be/stations/NMBS/008821238,IC,2017-11-13T23:34:00,2017-11-13T23:34:00,-41,-41
http://irail.be/vehicle/IC2045,http://irail.be/stations/NMBS/008821337,IC,2017-11-13T23:35:00,2017-11-13T23:35:00,-44,-44
http://irail.be/vehicle/IC2045,http://irail.be/stations/NMBS/008821311,IC,2017-11-13T23:36:00,2017-11-13T23:36:00,-46,-46
http://irail.be/vehicle/IC2045,http://irail.be/stations/NMBS/008822210,IC,2017-11-13T23:38:00,2017-11-13T23:38:00,-40,-40
http://irail.be/vehicle/IC2045,http://irail.be/stations/NMBS/008822228,IC,2017-11-13T23:39:00,2017-11-13T23:39:00,14,14
http://irail.be/vehicle/IC2045,http://irail.be/stations/NMBS/008822343,IC,2017-11-13T23:41:00,2017-11-13T23:41:00,-11,-11
http://irail.be/vehicle/IC2045,http://irail.be/stations/NMBS/008822004,IC,2017-11-13T23:45:00,2017-11-13T23:43:00,90,-11
http://irail.be/vehicle/IC2045,http://irail.be/stations/NMBS/008822251,IC,2017-11-13T23:49:00,2017-11-13T23:49:00,98,98
http://irail.be/vehicle/IC2045,http://irail.be/stations/NMBS/008822269,IC,2017-11-13T23:50:00,2017-11-13T23:50:00,98,98
http://irail.be/vehicle/IC2045,http://irail.be/stations/NMBS/008811189,IC,2017-11-13T23:52:00,2017-11-13T23:52:00,107,107
http://irail.be/vehicle/IC2045,http://irail.be/stations/NMBS/008811148,IC,2017-11-13T23:54:00,2017-11-13T23:54:00,97,97
http://irail.be/vehicle/IC2045,http://irail.be/stations/NMBS/008811007,IC,2017-11-13T23:57:00,2017-11-13T23:57:00,41,41
http://irail.be/vehicle/IC2045,http://irail.be/stations/NMBS/008812005,IC,2017-11-14T00:02:00,2017-11-14T00:02:00,28,59
http://irail.be/vehicle/IC2045,http://irail.be/stations/NMBS/008813045,IC,2017-11-14T00:04:00,2017-11-14T00:04:00,23,23
http://irail.be/vehicle/IC2045,http://irail.be/stations/NMBS/008813003,IC,2017-11-14T00:06:00,2017-11-14T00:05:00,22,56
http://irail.be/vehicle/IC2045,http://irail.be/stations/NMBS/008813037,IC,2017-11-14T00:08:00,2017-11-14T00:08:00,-11,-11
http://irail.be/vehicle/IC2045,http://irail.be/stations/NMBS/008814001,IC,2017-11-14T00:10:00,2017-11-14T00:10:00,,36
http://irail.be/vehicle/IC2045,http://irail.be/stations/NMBS/008821006,IC,2017-10-20T23:25:00,2017-10-20T23:25:00,18,
http://irail.be/vehicle/IC2045,http://irail.be/stations/NMBS/008821121,IC,2017-10-20T23:31:00,2017-10-20T23:29:00,34,34
http://irail.be/vehicle/IC2045,http://irail.be/stations/NMBS/008821154,IC,2017-10-20T23:33:00,2017-10-20T23:33:00,10,10
http://irail.be/vehicle/IC2045,http://irail.be/stations/NMBS/008821238,IC,2017-10-20T23:34:00,2017-10-20T23:34:00,-5,-5
http://irail.be/vehicle/IC2045,http://irail.be/stations/NMBS/008821337,IC,2017-10-20T23:35:00,2017-10-20T23:35:00,-10,-10
http://irail.be/vehicle/IC2045,http://irail.be/stations/NMBS/008821311,IC,2017-10-20T23:36:00,2017-10-20T23:36:00,-12,-12
http://irail.be/vehicle/IC2045,http://irail.be/stations/NMBS/008822210,IC,2017-10-20T23:38:00,2017-10-20T23:38:00,-6,-6
http://irail.be/vehicle/IC2045,http://irail.be/stations/NMBS/008822228,IC,2017-10-20T23:39:00,2017-10-20T23:39:00,57,57
http://irail.be/vehicle/IC2045,http://irail.be/stations/NMBS/008822343,IC,2017-10-20T23:41:00,2017-10-20T23:41:00,33,33
http://irail.be/vehicle/IC2045,http://irail.be/stations/NMBS/008822004,IC,2017-10-20T23:45:00,2017-10-20T23:43:00,48,33
http://irail.be/vehicle/IC2045,http://irail.be/stations/NMBS/008822251,IC,2017-10-20T23:49:00,2017-10-20T23:49:00,124,124
http://irail.be/vehicle/IC2045,http://irail.be/stations/NMBS/008822269,IC,2017-10-20T23:50:00,2017-10-20T23:50:00,124,124
http://irail.be/vehicle/IC2045,http://irail.be/stations/NMBS/008811189,IC,2017-10-20T23:52:00,2017-10-20T23:52:00,142,142
http://irail.be/vehicle/IC2045,http://irail.be/stations/NMBS/008811148,IC,2017-10-20T23:54:00,2017-10-20T23:54:00,131,131
http://irail.be/vehicle/IC2045,http://irail.be/stations/NMBS/008811007,IC,2017-10-20T23:57:00,2017-10-20T23:57:00,81,81
http://irail.be/vehicle/IC2045,http://irail.be/stations/NMBS/008812005,IC,2017-10-21T00:02:00,2017-10-21T00:02:00,72,86
http://irail.be/vehicle/IC2045,http://irail.be/stations/NMBS/008813045,IC,2017-10-21T00:04:00,2017-10-21T00:04:00,79,79
http://irail.be/vehicle/IC2045,http://irail.be/stations/NMBS/008813003,IC,2017-10-21T00:06:00,2017-10-21T00:05:00,189,180
http://irail.be/vehicle/IC2045,http://irail.be/stations/NMBS/008813037,IC,2017-10-21T00:07:00,2017-10-21T00:07:00,189,189
http://irail.be/vehicle/IC2045,http://irail.be/stations/NMBS/008814001,IC,2017-10-21T00:10:00,2017-10-21T00:10:00,,208
http://irail.be/vehicle/IC2045,http://irail.be/stations/NMBS/008821006,IC,2017-01-26T23:25:00,2017-01-26T23:25:00,34,
http://irail.be/vehicle/IC2045,http://irail.be/stations/NMBS/008821121,IC,2017-01-26T23:31:00,2017-01-26T23:29:00,31,31
http://irail.be/vehicle/IC2045,http://irail.be/stations/NMBS/008821154,IC,2017-01-26T23:33:00,2017-01-26T23:33:00,10,10
http://irail.be/vehicle/IC2045,http://irail.be/stations/NMBS/008821238,IC,2017-01-26T23:34:00,2017-01-26T23:34:00,-13,-13
http://irail.be/vehicle/IC2045,http://irail.be/stations/NMBS/008821337,IC,2017-01-26T23:35:00,2017-01-26T23:35:00,-17,-17
http://irail.be/vehicle/IC2045,NO-URI,IC,2017-01-26T23:36:00,2017-01-26T23:36:00,-16,-16
http://irail.be/vehicle/IC2045,http://irail.be/stations/NMBS/008822210,IC,2017-01-26T23:38:00,2017-01-26T23:38:00,-7,-7
http://irail.be/vehicle/IC2045,http://irail.be/stations/NMBS/008822228,IC,2017-01-26T23:39:00,2017-01-26T23:39:00,55,55
http://irail.be/vehicle/IC2045,http://irail.be/stations/NMBS/008822343,IC,2017-01-26T23:41:00,2017-01-26T23:41:00,20,20
http://irail.be/vehicle/IC2045,http://irail.be/stations/NMBS/008822004,IC,2017-01-26T23:45:00,2017-01-26T23:43:00,20,20
http://irail.be/vehicle/IC2045,http://irail.be/stations/NMBS/008822251,IC,2017-01-26T23:49:00,2017-01-26T23:49:00,-5,-5
http://irail.be/vehicle/IC2045,http://irail.be/stations/NMBS/008822269,IC,2017-01-26T23:50:00,2017-01-26T23:50:00,-5,-5
http://irail.be/vehicle/IC2045,http://irail.be/stations/NMBS/008811189,IC,2017-01-26T23:52:00,2017-01-26T23:52:00,-21,-21
http://irail.be/vehicle/IC2045,http://irail.be/stations/NMBS/008811148,IC,2017-01-26T23:54:00,2017-01-26T23:54:00,-28,-28
http://irail.be/vehicle/IC2045,http://irail.be/stations/NMBS/008811007,IC,2017-01-26T23:57:00,2017-01-26T23:57:00,26,26
http://irail.be/vehicle/IC2045,http://irail.be/stations/NMBS/008812005,IC,2017-01-27T00:02:00,2017-01-27T00:00:30,65,97
http://irail.be/vehicle/IC2045,http://irail.be/stations/NMBS/008813045,IC,2017-01-27T00:04:00,2017-01-27T00:04:00,71,71
http://irail.be/vehicle/IC2045,http://irail.be/stations/NMBS/008813003,IC,2017-01-27T00:06:00,2017-01-27T00:05:00,153,164
http://irail.be/vehicle/IC2045,http://irail.be/stations/NMBS/008813037,IC,2017-01-27T00:07:00,2017-01-27T00:07:00,157,157
http://irail.be/vehicle/IC2045,http://irail.be/stations/NMBS/008814001,IC,2017-01-27T00:10:00,2017-01-27T00:10:00,,169
http://irail.be/vehicle/IC2045,http://irail.be/stations/NMBS/008821006,IC,2017-04-12T23:25:00,2017-04-12T23:25:00,355,
http://irail.be/vehicle/IC2045,http://irail.be/stations/NMBS/008821121,IC,2017-04-12T23:31:00,2017-04-12T23:29:00,296,296
http://irail.be/vehicle/IC2045,http://irail.be/stations/NMBS/008821154,IC,2017-04-12T23:33:00,2017-04-12T23:33:00,282,282
http://irail.be/vehicle/IC2045,http://irail.be/stations/NMBS/008821238,IC,2017-04-12T23:34:00,2017-04-12T23:34:00,257,257
http://irail.be/vehicle/IC2045,http://irail.be/stations/NMBS/008821337,IC,2017-04-12T23:35:00,2017-04-12T23:35:00,252,252
http://irail.be/vehicle/IC2045,NO-URI,IC,2017-04-12T23:36:00,2017-04-12T23:36:00,251,251
http://irail.be/vehicle/IC2045,http://irail.be/stations/NMBS/008822210,IC,2017-04-12T23:38:00,2017-04-12T23:38:00,257,257
http://irail.be/vehicle/IC2045,http://irail.be/stations/NMBS/008822228,IC,2017-04-12T23:39:00,2017-04-12T23:39:00,302,302
http://irail.be/vehicle/IC2045,http://irail.be/stations/NMBS/008822343,IC,2017-04-12T23:41:00,2017-04-12T23:41:00,279,279
http://irail.be/vehicle/IC2045,http://irail.be/stations/NMBS/008822004,IC,2017-04-12T23:45:00,2017-04-12T23:43:00,288,279
http://irail.be/vehicle/IC2045,http://irail.be/stations/NMBS/008822251,IC,2017-04-12T23:49:00,2017-04-12T23:49:00,331,331
http://irail.be/vehicle/IC2045,http://irail.be/stations/NMBS/008822269,IC,2017-04-12T23:50:00,2017-04-12T23:50:00,331,331
http://irail.be/vehicle/IC2045,http://irail.be/stations/NMBS/008811189,IC,2017-04-12T23:52:00,2017-04-12T23:52:00,305,305
http://irail.be/vehicle/IC2045,http://irail.be/stations/NMBS/008811148,IC,2017-04-12T23:54:00,2017-04-12T23:54:00,294,294
http://irail.be/vehicle/IC2045,http://irail.be/stations/NMBS/008811007,IC,2017-04-12T23:57:00,2017-04-12T23:57:00,385,385
http://irail.be/vehicle/IC2045,http://irail.be/stations/NMBS/008812005,IC,2017-04-13T00:02:00,2017-04-13T00:02:00,346,444
http://irail.be/vehicle/IC2045,http://irail.be/stations/NMBS/008813045,IC,2017-04-13T00:04:00,2017-04-13T00:04:00,351,351
http://irail.be/vehicle/IC2045,http://irail.be/stations/NMBS/008813003,IC,2017-04-13T00:06:00,2017-04-13T00:05:00,370,373
http://irail.be/vehicle/IC2045,http://irail.be/stations/NMBS/008813037,IC,2017-04-13T00:07:00,2017-04-13T00:07:00,370,370
http://irail.be/vehicle/IC2045,http://irail.be/stations/NMBS/008814001,IC,2017-04-13T00:10:00,2017-04-13T00:10:00,,372
http://irail.be/vehicle/IC2045,http://irail.be/stations/NMBS/008821006,IC,2017-06-16T23:25:00,2017-06-16T23:25:00,270,
http://irail.be/vehicle/IC2045,http://irail.be/stations/NMBS/008821121,IC,2017-06-16T23:31:00,2017-06-16T23:29:00,303,303
http://irail.be/vehicle/IC2045,http://irail.be/stations/NMBS/008821154,IC,2017-06-16T23:33:00,2017-06-16T23:33:00,279,279
http://irail.be/vehicle/IC2045,http://irail.be/stations/NMBS/008821238,IC,2017-06-16T23:34:00,2017-06-16T23:34:00,254,254
http://irail.be/vehicle/IC2045,http://irail.be/stations/NMBS/008821337,IC,2017-06-16T23:35:00,2017-06-16T23:35:00,242,242
http://irail.be/vehicle/IC2045,http://irail.be/stations/NMBS/008821311,IC,2017-06-16T23:36:00,2017-06-16T23:36:00,239,239
http://irail.be/vehicle/IC2045,http://irail.be/stations/NMBS/008822210,IC,2017-06-16T23:38:00,2017-06-16T23:38:00,243,243
http://irail.be/vehicle/IC2045,http://irail.be/stations/NMBS/008822228,IC,2017-06-16T23:39:00,2017-06-16T23:39:00,273,273
http://irail.be/vehicle/IC2045,http://irail.be/stations/NMBS/008822343,IC,2017-06-16T23:41:00,2017-06-16T23:41:00,218,218
http://irail.be/vehicle/IC2045,http://irail.be/stations/NMBS/008822004,IC,2017-06-16T23:45:00,2017-06-16T23:43:00,920,218
http://irail.be/vehicle/IC2045,http://irail.be/stations/NMBS/008822251,IC,2017-06-16T23:49:00,2017-06-16T23:49:00,844,844
http://irail.be/vehicle/IC2045,http://irail.be/stations/NMBS/008822269,IC,2017-06-16T23:50:00,2017-06-16T23:50:00,844,844
http://irail.be/vehicle/IC2045,http://irail.be/stations/NMBS/008811189,IC,2017-06-16T23:52:00,2017-06-16T23:52:00,860,860
http://irail.be/vehicle/IC2045,http://irail.be/stations/NMBS/008811148,IC,2017-06-16T23:54:00,2017-06-16T23:54:00,1186,1186
http://irail.be/vehicle/IC2045,http://irail.be/stations/NMBS/008811007,IC,2017-06-16T23:57:00,2017-06-16T23:57:00,1146,1146
http://irail.be/vehicle/IC2045,http://irail.be/stations/NMBS/008812005,IC,2017-06-17T00:02:00,2017-06-17T00:02:00,1081,1147
http://irail.be/vehicle/IC2045,http://irail.be/stations/NMBS/008813045,IC,2017-06-17T00:04:00,2017-06-17T00:04:00,1088,1088
http://irail.be/vehicle/IC2045,http://irail.be/stations/NMBS/008813003,IC,2017-06-17T00:06:00,2017-06-17T00:05:00,1114,1105
http://irail.be/vehicle/IC2045,http://irail.be/stations/NMBS/008813037,IC,2017-06-17T00:08:00,2017-06-17T00:08:00,1113,1113
http://irail.be/vehicle/IC2045,http://irail.be/stations/NMBS/008814001,IC,2017-06-17T00:10:00,2017-06-17T00:10:00,,1107
http://irail.be/vehicle/IC2045,http://irail.be/stations/NMBS/008821006,IC,2017-11-20T23:25:00,2017-11-20T23:25:00,15,
http://irail.be/vehicle/IC2045,http://irail.be/stations/NMBS/008821121,IC,2017-11-20T23:31:00,2017-11-20T23:29:00,38,38
http://irail.be/vehicle/IC2045,http://irail.be/stations/NMBS/008821154,IC,2017-11-20T23:33:00,2017-11-20T23:33:00,13,13
http://irail.be/vehicle/IC2045,http://irail.be/stations/NMBS/008821238,IC,2017-11-20T23:34:00,2017-11-20T23:34:00,-9,-9
http://irail.be/vehicle/IC2045,http://irail.be/stations/NMBS/008821337,IC,2017-11-20T23:35:00,2017-11-20T23:35:00,-16,-16
http://irail.be/vehicle/IC2045,http://irail.be/stations/NMBS/008821311,IC,2017-11-20T23:36:00,2017-11-20T23:36:00,-17,-17
http://irail.be/vehicle/IC2045,http://irail.be/stations/NMBS/008822210,IC,2017-11-20T23:38:00,2017-11-20T23:38:00,-10,-10
http://irail.be/vehicle/IC2045,http://irail.be/stations/NMBS/008822228,IC,2017-11-20T23:39:00,2017-11-20T23:39:00,46,46
http://irail.be/vehicle/IC2045,http://irail.be/stations/NMBS/008822343,IC,2017-11-20T23:41:00,2017-11-20T23:41:00,7,7
http://irail.be/vehicle/IC2045,http://irail.be/stations/NMBS/008822004,IC,2017-11-20T23:45:00,2017-11-20T23:43:00,23,7
http://irail.be/vehicle/IC2045,http://irail.be/stations/NMBS/008822251,IC,2017-11-20T23:49:00,2017-11-20T23:49:00,44,44
http://irail.be/vehicle/IC2045,http://irail.be/stations/NMBS/008822269,IC,2017-11-20T23:50:00,2017-11-20T23:50:00,44,44
http://irail.be/vehicle/IC2045,http://irail.be/stations/NMBS/008811189,IC,2017-11-20T23:52:00,2017-11-20T23:52:00,55,55
http://irail.be/vehicle/IC2045,http://irail.be/stations/NMBS/008811148,IC,2017-11-20T23:54:00,2017-11-20T23:54:00,46,46
http://irail.be/vehicle/IC2045,http://irail.be/stations/NMBS/008811007,IC,2017-11-20T23:57:00,2017-11-20T23:57:00,11,11
http://irail.be/vehicle/IC2045,http://irail.be/stations/NMBS/008812005,IC,2017-11-21T00:02:00,2017-11-21T00:02:00,-9,21
http://irail.be/vehicle/IC2045,http://irail.be/stations/NMBS/008813045,IC,2017-11-21T00:04:00,2017-11-21T00:04:00,-3,-3
http://irail.be/vehicle/IC2045,http://irail.be/stations/NMBS/008813003,IC,2017-11-21T00:06:00,2017-11-21T00:05:00,22,22
http://irail.be/vehicle/IC2045,http://irail.be/stations/NMBS/008813037,IC,2017-11-21T00:07:00,2017-11-21T00:07:00,22,22
http://irail.be/vehicle/IC2045,http://irail.be/stations/NMBS/008814001,IC,2017-11-21T00:10:00,2017-11-21T00:10:00,,28
http://irail.be/vehicle/IC2045,NO-URI,IC,2017-12-26T23:11:00,2017-12-26T23:11:00,16,
http://irail.be/vehicle/IC2045,http://irail.be/stations/NMBS/008821089,IC,2017-12-26T23:17:00,2017-12-26T23:14:00,171,171
http://irail.be/vehicle/IC2045,http://irail.be/stations/NMBS/008821063,IC,2017-12-26T23:19:00,2017-12-26T23:19:00,211,211
http://irail.be/vehicle/IC2045,http://irail.be/stations/NMBS/008821006,IC,2017-12-26T23:26:00,2017-12-26T23:23:00,115,204
http://irail.be/vehicle/IC2045,http://irail.be/stations/NMBS/008821121,IC,2017-12-26T23:31:00,2017-12-26T23:30:00,130,130
http://irail.be/vehicle/IC2045,http://irail.be/stations/NMBS/008821154,IC,2017-12-26T23:33:00,2017-12-26T23:33:00,167,167
http://irail.be/vehicle/IC2045,http://irail.be/stations/NMBS/008821238,IC,2017-12-26T23:34:00,2017-12-26T23:34:00,160,160
http://irail.be/vehicle/IC2045,http://irail.be/stations/NMBS/008821337,IC,2017-12-26T23:35:00,2017-12-26T23:35:00,153,153
http://irail.be/vehicle/IC2045,http://irail.be/stations/NMBS/008821311,IC,2017-12-26T23:36:00,2017-12-26T23:36:00,155,155
http://irail.be/vehicle/IC2045,http://irail.be/stations/NMBS/008822210,IC,2017-12-26T23:38:00,2017-12-26T23:38:00,152,152
http://irail.be/vehicle/IC2045,http://irail.be/stations/NMBS/008822228,IC,2017-12-26T23:39:00,2017-12-26T23:39:00,214,214
http://irail.be/vehicle/IC2045,http://irail.be/stations/NMBS/008822343,IC,2017-12-26T23:41:00,2017-12-26T23:41:00,207,207
http://irail.be/vehicle/IC2045,http://irail.be/stations/NMBS/008822004,IC,2017-12-26T23:44:00,2017-12-26T23:42:00,177,207
http://irail.be/vehicle/IC2045,http://irail.be/stations/NMBS/008822251,IC,2017-12-26T23:49:00,2017-12-26T23:49:00,132,132
http://irail.be/vehicle/IC2045,http://irail.be/stations/NMBS/008822269,IC,2017-12-26T23:50:00,2017-12-26T23:50:00,132,132
http://irail.be/vehicle/IC2045,http://irail.be/stations/NMBS/008811189,IC,2017-12-26T23:52:00,2017-12-26T23:52:00,163,163
http://irail.be/vehicle/IC2045,http://irail.be/stations/NMBS/008811148,IC,2017-12-26T23:54:00,2017-12-26T23:54:00,151,151
http://irail.be/vehicle/IC2045,http://irail.be/stations/NMBS/008811007,IC,2017-12-26T23:57:00,2017-12-26T23:57:00,94,94
http://irail.be/vehicle/IC2045,http://irail.be/stations/NMBS/008812005,IC,2017-12-27T00:02:00,2017-12-26T23:59:00,32,124
http://irail.be/vehicle/IC2045,http://irail.be/stations/NMBS/008813045,IC,2017-12-27T00:04:00,2017-12-27T00:04:00,33,33
http://irail.be/vehicle/IC2045,http://irail.be/stations/NMBS/008813003,IC,2017-12-27T00:06:00,2017-12-27T00:05:00,107,71
http://irail.be/vehicle/IC2045,http://irail.be/stations/NMBS/008813037,IC,2017-12-27T00:08:00,2017-12-27T00:08:00,54,54
http://irail.be/vehicle/IC2045,http://irail.be/stations/NMBS/008814001,IC,2017-12-27T00:10:00,2017-12-27T00:10:00,,99
http://irail.be/vehicle/IC2045,http://irail.be/stations/NMBS/008821006,IC,2017-02-16T23:25:00,2017-02-16T23:25:00,13,
http://irail.be/vehicle/IC2045,http://irail.be/stations/NMBS/008821121,IC,2017-02-16T23:31:00,2017-02-16T23:29:00,36,36
http://irail.be/vehicle/IC2045,http://irail.be/stations/NMBS/008821154,IC,2017-02-16T23:33:00,2017-02-16T23:33:00,16,16
http://irail.be/vehicle/IC2045,http://irail.be/stations/NMBS/008821238,IC,2017-02-16T23:34:00,2017-02-16T23:34:00,-6,-6
http://irail.be/vehicle/IC2045,http://irail.be/stations/NMBS/008821337,IC,2017-02-16T23:35:00,2017-02-16T23:35:00,-15,-15
http://irail.be/vehicle/IC2045,NO-URI,IC,2017-02-16T23:36:00,2017-02-16T23:36:00,-16,-16
http://irail.be/vehicle/IC2045,http://irail.be/stations/NMBS/008822210,IC,2017-02-16T23:38:00,2017-02-16T23:38:00,-10,-10
http://irail.be/vehicle/IC2045,http://irail.be/stations/NMBS/008822228,IC,2017-02-16T23:39:00,2017-02-16T23:39:00,38,38
http://irail.be/vehicle/IC2045,http://irail.be/stations/NMBS/008822343,IC,2017-02-16T23:41:00,2017-02-16T23:41:00,4,4
http://irail.be/vehicle/IC2045,http://irail.be/stations/NMBS/008822004,IC,2017-02-16T23:45:00,2017-02-16T23:43:00,14,4
http://irail.be/vehicle/IC2045,http://irail.be/stations/NMBS/008822251,IC,2017-02-16T23:49:00,2017-02-16T23:49:00,-29,-29
http://irail.be/vehicle/IC2045,http://irail.be/stations/NMBS/008822269,IC,2017-02-16T23:50:00,2017-02-16T23:50:00,-29,-29
http://irail.be/vehicle/IC2045,http://irail.be/stations/NMBS/008811189,IC,2017-02-16T23:52:00,2017-02-16T23:52:00,-53,-53
http://irail.be/vehicle/IC2045,http://irail.be/stations/NMBS/008811148,IC,2017-02-16T23:54:00,2017-02-16T23:54:00,-65,-65
http://irail.be/vehicle/IC2045,http://irail.be/stations/NMBS/008811007,IC,2017-02-16T23:57:00,2017-02-16T23:57:00,167,167
http://irail.be/vehicle/IC2045,http://irail.be/stations/NMBS/008812005,IC,2017-02-17T00:02:00,2017-02-17T00:02:00,89,186
http://irail.be/vehicle/IC2045,http://irail.be/stations/NMBS/008813045,IC,2017-02-17T00:04:00,2017-02-17T00:04:00,85,85
http://irail.be/vehicle/IC2045,http://irail.be/stations/NMBS/008813003,IC,2017-02-17T00:06:00,2017-02-17T00:05:00,180,192
http://irail.be/vehicle/IC2045,http://irail.be/stations/NMBS/008813037,IC,2017-02-17T00:07:00,2017-02-17T00:07:00,182,182
http://irail.be/vehicle/IC2045,http://irail.be/stations/NMBS/008814001,IC,2017-02-17T00:10:00,2017-02-17T00:10:00,,187
http://irail.be/vehicle/IC2045,http://irail.be/stations/NMBS/008821006,IC,2017-04-18T23:25:00,2017-04-18T23:25:00,63,
http://irail.be/vehicle/IC2045,http://irail.be/stations/NMBS/008821121,IC,2017-04-18T23:31:00,2017-04-18T23:29:00,64,64
http://irail.be/vehicle/IC2045,http://irail.be/stations/NMBS/008821154,IC,2017-04-18T23:33:00,2017-04-18T23:33:00,41,41
http://irail.be/vehicle/IC2045,http://irail.be/stations/NMBS/008821238,IC,2017-04-18T23:34:00,2017-04-18T23:34:00,18,18
http://irail.be/vehicle/IC2045,http://irail.be/stations/NMBS/008821337,IC,2017-04-18T23:35:00,2017-04-18T23:35:00,13,13
http://irail.be/vehicle/IC2045,NO-URI,IC,2017-04-18T23:36:00,2017-04-18T23:36:00,14,14
http://irail.be/vehicle/IC2045,http://irail.be/stations/NMBS/008822210,IC,2017-04-18T23:38:00,2017-04-18T23:38:00,22,22
http://irail.be/vehicle/IC2045,http://irail.be/stations/NMBS/008822228,IC,2017-04-18T23:39:00,2017-04-18T23:39:00,83,83
http://irail.be/vehicle/IC2045,http://irail.be/stations/NMBS/008822343,IC,2017-04-18T23:41:00,2017-04-18T23:41:00,55,55
http://irail.be/vehicle/IC2045,http://irail.be/stations/NMBS/008822004,IC,2017-04-18T23:45:00,2017-04-18T23:43:00,15,55
http://irail.be/vehicle/IC2045,http://irail.be/stations/NMBS/008822251,IC,2017-04-18T23:49:00,2017-04-18T23:49:00,-17,-17
http://irail.be/vehicle/IC2045,http://irail.be/stations/NMBS/008822269,IC,2017-04-18T23:50:00,2017-04-18T23:50:00,-17,-17
http://irail.be/vehicle/IC2045,http://irail.be/stations/NMBS/008811189,IC,2017-04-18T23:52:00,2017-04-18T23:52:00,-33,-33
http://irail.be/vehicle/IC2045,http://irail.be/stations/NMBS/008811148,IC,2017-04-18T23:54:00,2017-04-18T23:54:00,-41,-41
http://irail.be/vehicle/IC2045,http://irail.be/stations/NMBS/008811007,IC,2017-04-18T23:57:00,2017-04-18T23:57:00,-85,-85
http://irail.be/vehicle/IC2045,http://irail.be/stations/NMBS/008812005,IC,2017-04-19T00:02:00,2017-04-19T00:02:00,76,-77
http://irail.be/vehicle/IC2045,http://irail.be/stations/NMBS/008813045,IC,2017-04-19T00:04:00,2017-04-19T00:04:00,80,80
http://irail.be/vehicle/IC2045,http://irail.be/stations/NMBS/008813003,IC,2017-04-19T00:06:00,2017-04-19T00:05:00,158,189
http://irail.be/vehicle/IC2045,http://irail.be/stations/NMBS/008813037,IC,2017-04-19T00:08:00,2017-04-19T00:08:00,127,127
http://irail.be/vehicle/IC2045,http://irail.be/stations/NMBS/008814001,IC,2017-04-19T00:10:00,2017-04-19T00:10:00,,198
http://irail.be/vehicle/IC2045,NO-URI,IC,2017-12-15T23:11:00,2017-12-15T23:11:00,269,
http://irail.be/vehicle/IC2045,http://irail.be/stations/NMBS/008821089,IC,2017-12-15T23:17:00,2017-12-15T23:14:00,338,338
http://irail.be/vehicle/IC2045,http://irail.be/stations/NMBS/008821063,IC,2017-12-15T23:20:00,2017-12-15T23:20:00,317,317
http://irail.be/vehicle/IC2045,http://irail.be/stations/NMBS/008821006,IC,2017-12-15T23:26:00,2017-12-15T23:23:00,291,369
http://irail.be/vehicle/IC2045,http://irail.be/stations/NMBS/008821121,IC,2017-12-15T23:31:00,2017-12-15T23:30:00,219,219
http://irail.be/vehicle/IC2045,http://irail.be/stations/NMBS/008821154,IC,2017-12-15T23:33:00,2017-12-15T23:33:00,210,210
http://irail.be/vehicle/IC2045,http://irail.be/stations/NMBS/008821238,IC,2017-12-15T23:34:00,2017-12-15T23:34:00,196,196
http://irail.be/vehicle/IC2045,http://irail.be/stations/NMBS/008821337,IC,2017-12-15T23:35:00,2017-12-15T23:35:00,178,178
http://irail.be/vehicle/IC2045,http://irail.be/stations/NMBS/008821311,IC,2017-12-15T23:36:00,2017-12-15T23:36:00,172,172
http://irail.be/vehicle/IC2045,http://irail.be/stations/NMBS/008822210,IC,2017-12-15T23:38:00,2017-12-15T23:38:00,166,166
http://irail.be/vehicle/IC2045,http://irail.be/stations/NMBS/008822228,IC,2017-12-15T23:39:00,2017-12-15T23:39:00,179,179
http://irail.be/vehicle/IC2045,http://irail.be/stations/NMBS/008822343,IC,2017-12-15T23:41:00,2017-12-15T23:41:00,170,170
http://irail.be/vehicle/IC2045,http://irail.be/stations/NMBS/008822004,IC,2017-12-15T23:44:00,2017-12-15T23:42:00,192,170
http://irail.be/vehicle/IC2045,http://irail.be/stations/NMBS/008822251,IC,2017-12-15T23:49:00,2017-12-15T23:49:00,100,100
http://irail.be/vehicle/IC2045,http://irail.be/stations/NMBS/008822269,IC,2017-12-15T23:50:00,2017-12-15T23:50:00,100,100
http://irail.be/vehicle/IC2045,http://irail.be/stations/NMBS/008811189,IC,2017-12-15T23:52:00,2017-12-15T23:52:00,105,105
http://irail.be/vehicle/IC2045,http://irail.be/stations/NMBS/008811148,IC,2017-12-15T23:54:00,2017-12-15T23:54:00,89,89
http://irail.be/vehicle/IC2045,http://irail.be/stations/NMBS/008811007,IC,2017-12-15T23:57:00,2017-12-15T23:57:00,20,20
http://irail.be/vehicle/IC2045,http://irail.be/stations/NMBS/008812005,IC,2017-12-16T00:02:00,2017-12-15T23:59:00,91,165
http://irail.be/vehicle/IC2045,http://irail.be/stations/NMBS/008813045,IC,2017-12-16T00:04:00,2017-12-16T00:04:00,92,92
http://irail.be/vehicle/IC2045,http://irail.be/stations/NMBS/008813003,IC,2017-12-16T00:06:00,2017-12-16T00:05:00,205,201
http://irail.be/vehicle/IC2045,http://irail.be/stations/NMBS/008813037,IC,2017-12-16T00:07:00,2017-12-16T00:07:00,205,205
http://irail.be/vehicle/IC2045,http://irail.be/stations/NMBS/008814001,IC,2017-12-16T00:10:00,2017-12-16T00:10:00,,197
http://irail.be/vehicle/IC2045,http://irail.be/stations/NMBS/008821006,IC,2017-07-10T23:25:00,2017-07-10T23:25:00,33,
http://irail.be/vehicle/IC2045,http://irail.be/stations/NMBS/008821121,IC,2017-07-10T23:31:00,2017-07-10T23:29:00,40,40
http://irail.be/vehicle/IC2045,http://irail.be/stations/NMBS/008821154,IC,2017-07-10T23:33:00,2017-07-10T23:33:00,14,14
http://irail.be/vehicle/IC2045,http://irail.be/stations/NMBS/008821238,IC,2017-07-10T23:34:00,2017-07-10T23:34:00,-8,-8
http://irail.be/vehicle/IC2045,http://irail.be/stations/NMBS/008821337,IC,2017-07-10T23:35:00,2017-07-10T23:35:00,4,4
http://irail.be/vehicle/IC2045,http://irail.be/stations/NMBS/008821311,IC,2017-07-10T23:36:00,2017-07-10T23:36:00,11,11
http://irail.be/vehicle/IC2045,http://irail.be/stations/NMBS/008822210,IC,2017-07-10T23:38:00,2017-07-10T23:38:00,25,25
http://irail.be/vehicle/IC2045,http://irail.be/stations/NMBS/008822228,IC,2017-07-10T23:39:00,2017-07-10T23:39:00,138,138
http://irail.be/vehicle/IC2045,http://irail.be/stations/NMBS/008822343,IC,2017-07-10T23:41:00,2017-07-10T23:41:00,103,103
http://irail.be/vehicle/IC2045,http://irail.be/stations/NMBS/008822004,IC,2017-07-10T23:45:00,2017-07-10T23:43:00,43,103
http://irail.be/vehicle/IC2045,http://irail.be/stations/NMBS/008822251,IC,2017-07-10T23:49:00,2017-07-10T23:49:00,-22,-22
http://irail.be/vehicle/IC2045,http://irail.be/stations/NMBS/008822269,IC,2017-07-10T23:50:00,2017-07-10T23:50:00,-22,-22
http://irail.be/vehicle/IC2045,http://irail.be/stations/NMBS/008811189,IC,2017-07-10T23:52:00,2017-07-10T23:52:00,-19,-19
http://irail.be/vehicle/IC2045,http://irail.be/stations/NMBS/008811148,IC,2017-07-10T23:54:00,2017-07-10T23:54:00,-25,-25
http://irail.be/vehicle/IC2045,http://irail.be/stations/NMBS/008811007,IC,2017-07-10T23:57:00,2017-07-10T23:57:00,22,22
http://irail.be/vehicle/IC2045,http://irail.be/stations/NMBS/008812005,IC,2017-07-11T00:02:00,2017-07-11T00:02:00,-11,73
http://irail.be/vehicle/IC2045,http://irail.be/stations/NMBS/008813045,IC,2017-07-11T00:04:00,2017-07-11T00:04:00,-10,-10
http://irail.be/vehicle/IC2045,http://irail.be/stations/NMBS/008813003,IC,2017-07-11T00:06:00,2017-07-11T00:05:00,17,13
http://irail.be/vehicle/IC2045,http://irail.be/stations/NMBS/008813037,IC,2017-07-11T00:07:00,2017-07-11T00:07:00,26,26
http://irail.be/vehicle/IC2045,http://irail.be/stations/NMBS/008814001,IC,2017-07-11T00:10:00,2017-07-11T00:10:00,,23
http://irail.be/vehicle/IC2045,http://irail.be/stations/NMBS/008821006,IC,2017-04-06T23:25:00,2017-04-06T23:25:00,-2,
http://irail.be/vehicle/IC2045,http://irail.be/stations/NMBS/008821121,IC,2017-04-06T23:31:00,2017-04-06T23:29:00,26,26
http://irail.be/vehicle/IC2045,http://irail.be/stations/NMBS/008821154,IC,2017-04-06T23:33:00,2017-04-06T23:33:00,1,1
http://irail.be/vehicle/IC2045,http://irail.be/stations/NMBS/008821238,IC,2017-04-06T23:34:00,2017-04-06T23:34:00,-21,-21
http://irail.be/vehicle/IC2045,http://irail.be/stations/NMBS/008821337,IC,2017-04-06T23:35:00,2017-04-06T23:35:00,-30,-30
http://irail.be/vehicle/IC2045,NO-URI,IC,2017-04-06T23:36:00,2017-04-06T23:36:00,-32,-32
http://irail.be/vehicle/IC2045,http://irail.be/stations/NMBS/008822210,IC,2017-04-06T23:38:00,2017-04-06T23:38:00,-27,-27
http://irail.be/vehicle/IC2045,http://irail.be/stations/NMBS/008822228,IC,2017-04-06T23:39:00,2017-04-06T23:39:00,32,32
http://irail.be/vehicle/IC2045,http://irail.be/stations/NMBS/008822343,IC,2017-04-06T23:41:00,2017-04-06T23:41:00,9,9
http://irail.be/vehicle/IC2045,http://irail.be/stations/NMBS/008822004,IC,2017-04-06T23:45:00,2017-04-06T23:43:00,6,9
http://irail.be/vehicle/IC2045,http://irail.be/stations/NMBS/008822251,IC,2017-04-06T23:49:00,2017-04-06T23:49:00,-25,-25
http://irail.be/vehicle/IC2045,http://irail.be/stations/NMBS/008822269,IC,2017-04-06T23:50:00,2017-04-06T23:50:00,-25,-25
http://irail.be/vehicle/IC2045,http://irail.be/stations/NMBS/008811189,IC,2017-04-06T23:52:00,2017-04-06T23:52:00,-41,-41
http://irail.be/vehicle/IC2045,http://irail.be/stations/NMBS/008811148,IC,2017-04-06T23:54:00,2017-04-06T23:54:00,-46,-46
http://irail.be/vehicle/IC2045,http://irail.be/stations/NMBS/008811007,IC,2017-04-06T23:57:00,2017-04-06T23:57:00,-83,-83
http://irail.be/vehicle/IC2045,http://irail.be/stations/NMBS/008812005,IC,2017-04-07T00:02:00,2017-04-07T00:02:00,-13,-78
http://irail.be/vehicle/IC2045,http://irail.be/stations/NMBS/008813045,IC,2017-04-07T00:04:00,2017-04-07T00:04:00,-15,-15
http://irail.be/vehicle/IC2045,http://irail.be/stations/NMBS/008813003,IC,2017-04-07T00:06:00,2017-04-07T00:05:00,6,5
http://irail.be/vehicle/IC2045,http://irail.be/stations/NMBS/008813037,IC,2017-04-07T00:07:00,2017-04-07T00:07:00,5,5
http://irail.be/vehicle/IC2045,http://irail.be/stations/NMBS/008814001,IC,2017-04-07T00:10:00,2017-04-07T00:10:00,,-2
http://irail.be/vehicle/IC2045,http://irail.be/stations/NMBS/008821006,IC,2017-09-07T23:25:00,2017-09-07T23:25:00,30,
http://irail.be/vehicle/IC2045,http://irail.be/stations/NMBS/008821121,IC,2017-09-07T23:31:00,2017-09-07T23:29:00,37,37
http://irail.be/vehicle/IC2045,http://irail.be/stations/NMBS/008821154,IC,2017-09-07T23:33:00,2017-09-07T23:33:00,9,9
http://irail.be/vehicle/IC2045,http://irail.be/stations/NMBS/008821238,IC,2017-09-07T23:34:00,2017-09-07T23:34:00,-15,-15
http://irail.be/vehicle/IC2045,http://irail.be/stations/NMBS/008821337,IC,2017-09-07T23:35:00,2017-09-07T23:35:00,-21,-21
http://irail.be/vehicle/IC2045,http://irail.be/stations/NMBS/008821311,IC,2017-09-07T23:36:00,2017-09-07T23:36:00,-22,-22
http://irail.be/vehicle/IC2045,http://irail.be/stations/NMBS/008822210,IC,2017-09-07T23:38:00,2017-09-07T23:38:00,-14,-14
http://irail.be/vehicle/IC2045,http://irail.be/stations/NMBS/008822228,IC,2017-09-07T23:39:00,2017-09-07T23:39:00,49,49
http://irail.be/vehicle/IC2045,http://irail.be/stations/NMBS/008822343,IC,2017-09-07T23:41:00,2017-09-07T23:41:00,12,12
http://irail.be/vehicle/IC2045,http://irail.be/stations/NMBS/008822004,IC,2017-09-07T23:45:00,2017-09-07T23:43:00,38,12
http://irail.be/vehicle/IC2045,http://irail.be/stations/NMBS/008822251,IC,2017-09-07T23:49:00,2017-09-07T23:49:00,-20,-20
http://irail.be/vehicle/IC2045,http://irail.be/stations/NMBS/008822269,IC,2017-09-07T23:50:00,2017-09-07T23:50:00,-20,-20
http://irail.be/vehicle/IC2045,http://irail.be/stations/NMBS/008811189,IC,2017-09-07T23:52:00,2017-09-07T23:52:00,-23,-23
http://irail.be/vehicle/IC2045,http://irail.be/stations/NMBS/008811148,IC,2017-09-07T23:54:00,2017-09-07T23:54:00,-32,-32
http://irail.be/vehicle/IC2045,http://irail.be/stations/NMBS/008811007,IC,2017-09-07T23:57:00,2017-09-07T23:57:00,-71,-71
http://irail.be/vehicle/IC2045,http://irail.be/stations/NMBS/008812005,IC,2017-09-08T00:02:00,2017-09-08T00:02:00,81,-59
http://irail.be/vehicle/IC2045,http://irail.be/stations/NMBS/008813045,IC,2017-09-08T00:04:00,2017-09-08T00:04:00,105,105
http://irail.be/vehicle/IC2045,http://irail.be/stations/NMBS/008813003,IC,2017-09-08T00:06:00,2017-09-08T00:05:00,186,185
http://irail.be/vehicle/IC2045,http://irail.be/stations/NMBS/008813037,IC,2017-09-08T00:07:00,2017-09-08T00:07:00,187,187
http://irail.be/vehicle/IC2045,http://irail.be/stations/NMBS/008814001,IC,2017-09-08T00:10:00,2017-09-08T00:10:00,,259
http://irail.be/vehicle/IC2045,http://irail.be/stations/NMBS/008821006,IC,2017-07-25T23:25:00,2017-07-25T23:25:00,40,
http://irail.be/vehicle/IC2045,http://irail.be/stations/NMBS/008821121,IC,2017-07-25T23:31:00,2017-07-25T23:29:00,52,52
http://irail.be/vehicle/IC2045,http://irail.be/stations/NMBS/008821154,IC,2017-07-25T23:33:00,2017-07-25T23:33:00,24,24
http://irail.be/vehicle/IC2045,http://irail.be/stations/NMBS/008821238,IC,2017-07-25T23:34:00,2017-07-25T23:34:00,0,0
http://irail.be/vehicle/IC2045,http://irail.be/stations/NMBS/008821337,IC,2017-07-25T23:35:00,2017-07-25T23:35:00,-9,-9
http://irail.be/vehicle/IC2045,http://irail.be/stations/NMBS/008821311,IC,2017-07-25T23:36:00,2017-07-25T23:36:00,-12,-12
http://irail.be/vehicle/IC2045,http://irail.be/stations/NMBS/008822210,IC,2017-07-25T23:38:00,2017-07-25T23:38:00,-7,-7
http://irail.be/vehicle/IC2045,http://irail.be/stations/NMBS/008822228,IC,2017-07-25T23:39:00,2017-07-25T23:39:00,36,36
http://irail.be/vehicle/IC2045,http://irail.be/stations/NMBS/008822343,IC,2017-07-25T23:41:00,2017-07-25T23:41:00,-11,-11
http://irail.be/vehicle/IC2045,http://irail.be/stations/NMBS/008822004,IC,2017-07-25T23:45:00,2017-07-25T23:43:00,21,-11
http://irail.be/vehicle/IC2045,http://irail.be/stations/NMBS/008822251,IC,2017-07-25T23:49:00,2017-07-25T23:49:00,-47,-47
http://irail.be/vehicle/IC2045,http://irail.be/stations/NMBS/008822269,IC,2017-07-25T23:50:00,2017-07-25T23:50:00,-47,-47
http://irail.be/vehicle/IC2045,http://irail.be/stations/NMBS/008811189,IC,2017-07-25T23:52:00,2017-07-25T23:52:00,-54,-54
http://irail.be/vehicle/IC2045,http://irail.be/stations/NMBS/008811148,IC,2017-07-25T23:54:00,2017-07-25T23:54:00,-66,-66
http://irail.be/vehicle/IC2045,http://irail.be/stations/NMBS/008811007,IC,2017-07-25T23:57:00,2017-07-25T23:57:00,218,218
http://irail.be/vehicle/IC2045,http://irail.be/stations/NMBS/008812005,IC,2017-07-26T00:02:00,2017-07-26T00:02:00,136,230
http://irail.be/vehicle/IC2045,http://irail.be/stations/NMBS/008813045,IC,2017-07-26T00:04:00,2017-07-26T00:04:00,131,131
http://irail.be/vehicle/IC2045,http://irail.be/stations/NMBS/008813003,IC,2017-07-26T00:06:00,2017-07-26T00:05:00,146,157
http://irail.be/vehicle/IC2045,http://irail.be/stations/NMBS/008813037,IC,2017-07-26T00:07:00,2017-07-26T00:07:00,143,143
http://irail.be/vehicle/IC2045,http://irail.be/stations/NMBS/008814001,IC,2017-07-26T00:10:00,2017-07-26T00:10:00,,133
http://irail.be/vehicle/IC2045,http://irail.be/stations/NMBS/008821006,IC,2017-08-25T23:25:00,2017-08-25T23:25:00,81,
http://irail.be/vehicle/IC2045,http://irail.be/stations/NMBS/008821121,IC,2017-08-25T23:31:00,2017-08-25T23:29:00,101,101
http://irail.be/vehicle/IC2045,http://irail.be/stations/NMBS/008821154,IC,2017-08-25T23:33:00,2017-08-25T23:33:00,74,74
http://irail.be/vehicle/IC2045,http://irail.be/stations/NMBS/008821238,IC,2017-08-25T23:34:00,2017-08-25T23:34:00,50,50
http://irail.be/vehicle/IC2045,http://irail.be/stations/NMBS/008821337,IC,2017-08-25T23:35:00,2017-08-25T23:35:00,45,45
http://irail.be/vehicle/IC2045,http://irail.be/stations/NMBS/008821311,IC,2017-08-25T23:36:00,2017-08-25T23:36:00,45,45
http://irail.be/vehicle/IC2045,http://irail.be/stations/NMBS/008822210,IC,2017-08-25T23:38:00,2017-08-25T23:38:00,51,51
http://irail.be/vehicle/IC2045,http://irail.be/stations/NMBS/008822228,IC,2017-08-25T23:39:00,2017-08-25T23:39:00,105,105
http://irail.be/vehicle/IC2045,http://irail.be/stations/NMBS/008822343,IC,2017-08-25T23:41:00,2017-08-25T23:41:00,81,81
http://irail.be/vehicle/IC2045,http://irail.be/stations/NMBS/008822004,IC,2017-08-25T23:45:00,2017-08-25T23:43:00,25,81
http://irail.be/vehicle/IC2045,http://irail.be/stations/NMBS/008822251,IC,2017-08-25T23:49:00,2017-08-25T23:49:00,-41,-41
http://irail.be/vehicle/IC2045,http://irail.be/stations/NMBS/008822269,IC,2017-08-25T23:50:00,2017-08-25T23:50:00,-41,-41
http://irail.be/vehicle/IC2045,http://irail.be/stations/NMBS/008811189,IC,2017-08-25T23:52:00,2017-08-25T23:52:00,54,54
http://irail.be/vehicle/IC2045,NO-URI,IC,2017-08-25T23:54:00,2017-08-25T23:54:00,190,190
http://irail.be/vehicle/IC2045,NO-URI,IC,2017-08-25T23:54:00,2017-08-25T23:54:00,203,203
http://irail.be/vehicle/IC2045,http://irail.be/stations/NMBS/008811007,IC,2017-08-25T23:57:00,2017-08-25T23:57:00,256,256
http://irail.be/vehicle/IC2045,http://irail.be/stations/NMBS/008812005,IC,2017-08-26T00:02:00,2017-08-26T00:02:00,245,271
http://irail.be/vehicle/IC2045,http://irail.be/stations/NMBS/008813045,IC,2017-08-26T00:04:00,2017-08-26T00:04:00,245,245
http://irail.be/vehicle/IC2045,http://irail.be/stations/NMBS/008813003,IC,2017-08-26T00:06:00,2017-08-26T00:05:00,371,375
http://irail.be/vehicle/IC2045,http://irail.be/stations/NMBS/008813037,IC,2017-08-26T00:07:00,2017-08-26T00:07:00,369,369
http://irail.be/vehicle/IC2045,http://irail.be/stations/NMBS/008814001,IC,2017-08-26T00:10:00,2017-08-26T00:10:00,,370
http://irail.be/vehicle/IC2045,http://irail.be/stations/NMBS/008821006,IC,2017-11-17T23:25:00,2017-11-17T23:25:00,42,
http://irail.be/vehicle/IC2045,http://irail.be/stations/NMBS/008821121,IC,2017-11-17T23:31:00,2017-11-17T23:29:00,55,55
http://irail.be/vehicle/IC2045,http://irail.be/stations/NMBS/008821154,IC,2017-11-17T23:33:00,2017-11-17T23:33:00,29,29
http://irail.be/vehicle/IC2045,http://irail.be/stations/NMBS/008821238,IC,2017-11-17T23:34:00,2017-11-17T23:34:00,4,4
http://irail.be/vehicle/IC2045,http://irail.be/stations/NMBS/008821337,IC,2017-11-17T23:35:00,2017-11-17T23:35:00,-4,-4
http://irail.be/vehicle/IC2045,http://irail.be/stations/NMBS/008821311,IC,2017-11-17T23:36:00,2017-11-17T23:36:00,-7,-7
http://irail.be/vehicle/IC2045,http://irail.be/stations/NMBS/008822210,IC,2017-11-17T23:38:00,2017-11-17T23:38:00,-1,-1
http://irail.be/vehicle/IC2045,http://irail.be/stations/NMBS/008822228,IC,2017-11-17T23:39:00,2017-11-17T23:39:00,40,40
http://irail.be/vehicle/IC2045,http://irail.be/stations/NMBS/008822343,IC,2017-11-17T23:41:00,2017-11-17T23:41:00,8,8
http://irail.be/vehicle/IC2045,http://irail.be/stations/NMBS/008822004,IC,2017-11-17T23:45:00,2017-11-17T23:43:00,39,8
http://irail.be/vehicle/IC2045,http://irail.be/stations/NMBS/008822251,IC,2017-11-17T23:49:00,2017-11-17T23:49:00,20,20
http://irail.be/vehicle/IC2045,http://irail.be/stations/NMBS/008822269,IC,2017-11-17T23:50:00,2017-11-17T23:50:00,20,20
http://irail.be/vehicle/IC2045,http://irail.be/stations/NMBS/008811189,IC,2017-11-17T23:52:00,2017-11-17T23:52:00,37,37
http://irail.be/vehicle/IC2045,http://irail.be/stations/NMBS/008811148,IC,2017-11-17T23:54:00,2017-11-17T23:54:00,25,25
http://irail.be/vehicle/IC2045,http://irail.be/stations/NMBS/008811007,IC,2017-11-17T23:57:00,2017-11-17T23:57:00,-36,-36
http://irail.be/vehicle/IC2045,http://irail.be/stations/NMBS/008812005,IC,2017-11-18T00:02:00,2017-11-18T00:02:00,18,-43
http://irail.be/vehicle/IC2045,http://irail.be/stations/NMBS/008813045,IC,2017-11-18T00:04:00,2017-11-18T00:04:00,13,13
http://irail.be/vehicle/IC2045,http://irail.be/stations/NMBS/008813003,IC,2017-11-18T00:06:00,2017-11-18T00:05:00,42,36
http://irail.be/vehicle/IC2045,http://irail.be/stations/NMBS/008813037,IC,2017-11-18T00:08:00,2017-11-18T00:08:00,8,8
http://irail.be/vehicle/IC2045,http://irail.be/stations/NMBS/008814001,IC,2017-11-18T00:10:00,2017-11-18T00:10:00,,56
http://irail.be/vehicle/IC2045,http://irail.be/stations/NMBS/008821006,IC,2017-11-07T23:25:00,2017-11-07T23:25:00,44,
http://irail.be/vehicle/IC2045,http://irail.be/stations/NMBS/008821121,IC,2017-11-07T23:31:00,2017-11-07T23:29:00,45,45
http://irail.be/vehicle/IC2045,http://irail.be/stations/NMBS/008821154,IC,2017-11-07T23:33:00,2017-11-07T23:33:00,23,23
http://irail.be/vehicle/IC2045,http://irail.be/stations/NMBS/008821238,IC,2017-11-07T23:34:00,2017-11-07T23:34:00,-2,-2
http://irail.be/vehicle/IC2045,http://irail.be/stations/NMBS/008821337,IC,2017-11-07T23:35:00,2017-11-07T23:35:00,-7,-7
http://irail.be/vehicle/IC2045,http://irail.be/stations/NMBS/008821311,IC,2017-11-07T23:36:00,2017-11-07T23:36:00,-7,-7
http://irail.be/vehicle/IC2045,http://irail.be/stations/NMBS/008822210,IC,2017-11-07T23:38:00,2017-11-07T23:38:00,-2,-2
http://irail.be/vehicle/IC2045,http://irail.be/stations/NMBS/008822228,IC,2017-11-07T23:39:00,2017-11-07T23:39:00,50,50
http://irail.be/vehicle/IC2045,http://irail.be/stations/NMBS/008822343,IC,2017-11-07T23:41:00,2017-11-07T23:41:00,9,9
http://irail.be/vehicle/IC2045,http://irail.be/stations/NMBS/008822004,IC,2017-11-07T23:45:00,2017-11-07T23:43:00,60,9
http://irail.be/vehicle/IC2045,http://irail.be/stations/NMBS/008822251,IC,2017-11-07T23:49:00,2017-11-07T23:49:00,102,102
http://irail.be/vehicle/IC2045,http://irail.be/stations/NMBS/008822269,IC,2017-11-07T23:50:00,2017-11-07T23:50:00,102,102
http://irail.be/vehicle/IC2045,http://irail.be/stations/NMBS/008811189,IC,2017-11-07T23:52:00,2017-11-07T23:52:00,115,115
http://irail.be/vehicle/IC2045,http://irail.be/stations/NMBS/008811148,IC,2017-11-07T23:54:00,2017-11-07T23:54:00,104,104
http://irail.be/vehicle/IC2045,http://irail.be/stations/NMBS/008811007,IC,2017-11-07T23:57:00,2017-11-07T23:57:00,43,43
http://irail.be/vehicle/IC2045,http://irail.be/stations/NMBS/008812005,IC,2017-11-08T00:02:00,2017-11-08T00:02:00,18,27
http://irail.be/vehicle/IC2045,http://irail.be/stations/NMBS/008813045,IC,2017-11-08T00:04:00,2017-11-08T00:04:00,20,20
http://irail.be/vehicle/IC2045,http://irail.be/stations/NMBS/008813003,IC,2017-11-08T00:06:00,2017-11-08T00:05:00,45,50
http://irail.be/vehicle/IC2045,http://irail.be/stations/NMBS/008813037,IC,2017-11-08T00:07:00,2017-11-08T00:07:00,45,45
http://irail.be/vehicle/IC2045,http://irail.be/stations/NMBS/008814001,IC,2017-11-08T00:10:00,2017-11-08T00:10:00,,44
http://irail.be/vehicle/IC2045,http://irail.be/stations/NMBS/008821006,IC,2017-01-05T23:25:00,2017-01-05T23:25:00,22,
http://irail.be/vehicle/IC2045,http://irail.be/stations/NMBS/008821121,IC,2017-01-05T23:31:00,2017-01-05T23:29:00,32,32
http://irail.be/vehicle/IC2045,http://irail.be/stations/NMBS/008821154,IC,2017-01-05T23:33:00,2017-01-05T23:33:00,9,9
http://irail.be/vehicle/IC2045,http://irail.be/stations/NMBS/008821238,IC,2017-01-05T23:34:00,2017-01-05T23:34:00,-13,-13
http://irail.be/vehicle/IC2045,http://irail.be/stations/NMBS/008821337,IC,2017-01-05T23:35:00,2017-01-05T23:35:00,-18,-18
http://irail.be/vehicle/IC2045,NO-URI,IC,2017-01-05T23:36:00,2017-01-05T23:36:00,-17,-17
http://irail.be/vehicle/IC2045,http://irail.be/stations/NMBS/008822210,IC,2017-01-05T23:38:00,2017-01-05T23:38:00,-9,-9
http://irail.be/vehicle/IC2045,http://irail.be/stations/NMBS/008822228,IC,2017-01-05T23:39:00,2017-01-05T23:39:00,56,56
http://irail.be/vehicle/IC2045,http://irail.be/stations/NMBS/008822343,IC,2017-01-05T23:41:00,2017-01-05T23:41:00,42,42
http://irail.be/vehicle/IC2045,http://irail.be/stations/NMBS/008822004,IC,2017-01-05T23:45:00,2017-01-05T23:43:00,20,42
http://irail.be/vehicle/IC2045,http://irail.be/stations/NMBS/008822251,IC,2017-01-05T23:49:00,2017-01-05T23:49:00,-31,-31
http://irail.be/vehicle/IC2045,http://irail.be/stations/NMBS/008822269,IC,2017-01-05T23:50:00,2017-01-05T23:50:00,-31,-31
http://irail.be/vehicle/IC2045,http://irail.be/stations/NMBS/008811189,IC,2017-01-05T23:52:00,2017-01-05T23:52:00,4,4
http://irail.be/vehicle/IC2045,http://irail.be/stations/NMBS/008811148,IC,2017-01-05T23:54:00,2017-01-05T23:54:00,90,90
http://irail.be/vehicle/IC2045,http://irail.be/stations/NMBS/008811007,IC,2017-01-05T23:57:00,2017-01-05T23:57:00,190,190
http://irail.be/vehicle/IC2045,http://irail.be/stations/NMBS/008812005,IC,2017-01-06T00:02:00,2017-01-06T00:02:00,147,238
http://irail.be/vehicle/IC2045,http://irail.be/stations/NMBS/008813045,IC,2017-01-06T00:04:00,2017-01-06T00:04:00,145,145
http://irail.be/vehicle/IC2045,http://irail.be/stations/NMBS/008813003,IC,2017-01-06T00:06:00,2017-01-06T00:05:00,194,199
http://irail.be/vehicle/IC2045,http://irail.be/stations/NMBS/008813037,IC,2017-01-06T00:07:00,2017-01-06T00:07:00,196,196
http://irail.be/vehicle/IC2045,http://irail.be/stations/NMBS/008814001,IC,2017-01-06T00:10:00,2017-01-06T00:10:00,,213
http://irail.be/vehicle/IC2045,http://irail.be/stations/NMBS/008821006,IC,2017-08-28T23:25:00,2017-08-28T23:25:00,27,
http://irail.be/vehicle/IC2045,http://irail.be/stations/NMBS/008821121,IC,2017-08-28T23:31:00,2017-08-28T23:29:00,41,41
http://irail.be/vehicle/IC2045,http://irail.be/stations/NMBS/008821154,IC,2017-08-28T23:33:00,2017-08-28T23:33:00,14,14
http://irail.be/vehicle/IC2045,http://irail.be/stations/NMBS/008821238,IC,2017-08-28T23:34:00,2017-08-28T23:34:00,-10,-10
http://irail.be/vehicle/IC2045,http://irail.be/stations/NMBS/008821337,IC,2017-08-28T23:35:00,2017-08-28T23:35:00,-19,-19
http://irail.be/vehicle/IC2045,http://irail.be/stations/NMBS/008821311,IC,2017-08-28T23:36:00,2017-08-28T23:36:00,-22,-22
http://irail.be/vehicle/IC2045,http://irail.be/stations/NMBS/008822210,IC,2017-08-28T23:38:00,2017-08-28T23:38:00,-16,-16
http://irail.be/vehicle/IC2045,http://irail.be/stations/NMBS/008822228,IC,2017-08-28T23:39:00,2017-08-28T23:39:00,33,33
http://irail.be/vehicle/IC2045,http://irail.be/stations/NMBS/008822343,IC,2017-08-28T23:41:00,2017-08-28T23:41:00,-10,-10
http://irail.be/vehicle/IC2045,http://irail.be/stations/NMBS/008822004,IC,2017-08-28T23:45:00,2017-08-28T23:43:00,25,-10
http://irail.be/vehicle/IC2045,http://irail.be/stations/NMBS/008822251,IC,2017-08-28T23:49:00,2017-08-28T23:49:00,-45,-45
http://irail.be/vehicle/IC2045,http://irail.be/stations/NMBS/008822269,IC,2017-08-28T23:50:00,2017-08-28T23:50:00,-45,-45
http://irail.be/vehicle/IC2045,http://irail.be/stations/NMBS/008811189,IC,2017-08-28T23:52:00,2017-08-28T23:52:00,-47,-47
http://irail.be/vehicle/IC2045,http://irail.be/stations/NMBS/008811148,IC,2017-08-28T23:54:00,2017-08-28T23:54:00,-53,-53
http://irail.be/vehicle/IC2045,http://irail.be/stations/NMBS/008811007,IC,2017-08-28T23:57:00,2017-08-28T23:57:00,142,142
http://irail.be/vehicle/IC2045,http://irail.be/stations/NMBS/008812005,IC,2017-08-29T00:02:00,2017-08-29T00:02:00,173,181
http://irail.be/vehicle/IC2045,http://irail.be/stations/NMBS/008813045,IC,2017-08-29T00:04:00,2017-08-29T00:04:00,181,181
http://irail.be/vehicle/IC2045,http://irail.be/stations/NMBS/008813003,IC,2017-08-29T00:06:00,2017-08-29T00:05:00,271,274
http://irail.be/vehicle/IC2045,http://irail.be/stations/NMBS/008813037,IC,2017-08-29T00:07:00,2017-08-29T00:07:00,268,268
http://irail.be/vehicle/IC2045,http://irail.be/stations/NMBS/008814001,IC,2017-08-29T00:10:00,2017-08-29T00:10:00,,266
http://irail.be/vehicle/IC2045,http://irail.be/stations/NMBS/008821006,IC,2017-01-30T23:25:00,2017-01-30T23:25:00,60,
http://irail.be/vehicle/IC2045,http://irail.be/stations/NMBS/008821121,IC,2017-01-30T23:31:00,2017-01-30T23:29:00,33,33
http://irail.be/vehicle/IC2045,http://irail.be/stations/NMBS/008821154,IC,2017-01-30T23:33:00,2017-01-30T23:33:00,27,27
http://irail.be/vehicle/IC2045,http://irail.be/stations/NMBS/008821238,IC,2017-01-30T23:34:00,2017-01-30T23:34:00,14,14
http://irail.be/vehicle/IC2045,http://irail.be/stations/NMBS/008821337,IC,2017-01-30T23:35:00,2017-01-30T23:35:00,10,10
http://irail.be/vehicle/IC2045,NO-URI,IC,2017-01-30T23:36:00,2017-01-30T23:36:00,11,11
http://irail.be/vehicle/IC2045,http://irail.be/stations/NMBS/008822210,IC,2017-01-30T23:38:00,2017-01-30T23:38:00,17,17
http://irail.be/vehicle/IC2045,http://irail.be/stations/NMBS/008822228,IC,2017-01-30T23:39:00,2017-01-30T23:39:00,68,68
http://irail.be/vehicle/IC2045,http://irail.be/stations/NMBS/008822343,IC,2017-01-30T23:41:00,2017-01-30T23:41:00,24,24
http://irail.be/vehicle/IC2045,http://irail.be/stations/NMBS/008822004,IC,2017-01-30T23:45:00,2017-01-30T23:43:00,26,24
http://irail.be/vehicle/IC2045,http://irail.be/stations/NMBS/008822251,IC,2017-01-30T23:49:00,2017-01-30T23:49:00,-6,-6
http://irail.be/vehicle/IC2045,http://irail.be/stations/NMBS/008822269,IC,2017-01-30T23:50:00,2017-01-30T23:50:00,-6,-6
http://irail.be/vehicle/IC2045,http://irail.be/stations/NMBS/008811189,IC,2017-01-30T23:52:00,2017-01-30T23:52:00,-31,-31
http://irail.be/vehicle/IC2045,http://irail.be/stations/NMBS/008811148,IC,2017-01-30T23:54:00,2017-01-30T23:54:00,-41,-41
http://irail.be/vehicle/IC2045,http://irail.be/stations/NMBS/008811007,IC,2017-01-30T23:57:00,2017-01-30T23:57:00,183,183
http://irail.be/vehicle/IC2045,http://irail.be/stations/NMBS/008812005,IC,2017-01-31T00:02:00,2017-01-31T00:02:00,173,274
http://irail.be/vehicle/IC2045,http://irail.be/stations/NMBS/008813045,IC,2017-01-31T00:04:00,2017-01-31T00:04:00,173,173
http://irail.be/vehicle/IC2045,http://irail.be/stations/NMBS/008813003,IC,2017-01-31T00:06:00,2017-01-31T00:05:00,188,196
http://irail.be/vehicle/IC2045,http://irail.be/stations/NMBS/008813037,IC,2017-01-31T00:07:00,2017-01-31T00:07:00,188,188
http://irail.be/vehicle/IC2045,http://irail.be/stations/NMBS/008814001,IC,2017-01-31T00:10:00,2017-01-31T00:10:00,,215
http://irail.be/vehicle/IC2045,http://irail.be/stations/NMBS/008821006,IC,2017-08-03T23:25:00,2017-08-03T23:25:00,67,
http://irail.be/vehicle/IC2045,http://irail.be/stations/NMBS/008821121,IC,2017-08-03T23:31:00,2017-08-03T23:29:00,31,31
http://irail.be/vehicle/IC2045,http://irail.be/stations/NMBS/008821154,IC,2017-08-03T23:33:00,2017-08-03T23:33:00,14,14
http://irail.be/vehicle/IC2045,http://irail.be/stations/NMBS/008821238,IC,2017-08-03T23:34:00,2017-08-03T23:34:00,-4,-4
http://irail.be/vehicle/IC2045,http://irail.be/stations/NMBS/008821337,IC,2017-08-03T23:35:00,2017-08-03T23:35:00,-8,-8
http://irail.be/vehicle/IC2045,http://irail.be/stations/NMBS/008821311,IC,2017-08-03T23:36:00,2017-08-03T23:36:00,-11,-11
http://irail.be/vehicle/IC2045,http://irail.be/stations/NMBS/008822210,IC,2017-08-03T23:38:00,2017-08-03T23:38:00,-4,-4
http://irail.be/vehicle/IC2045,http://irail.be/stations/NMBS/008822228,IC,2017-08-03T23:39:00,2017-08-03T23:39:00,55,55
http://irail.be/vehicle/IC2045,http://irail.be/stations/NMBS/008822343,IC,2017-08-03T23:41:00,2017-08-03T23:41:00,18,18
http://irail.be/vehicle/IC2045,http://irail.be/stations/NMBS/008822004,IC,2017-08-03T23:45:00,2017-08-03T23:43:00,24,18
http://irail.be/vehicle/IC2045,http://irail.be/stations/NMBS/008822251,IC,2017-08-03T23:49:00,2017-08-03T23:49:00,-32,-32
http://irail.be/vehicle/IC2045,http://irail.be/stations/NMBS/008822269,IC,2017-08-03T23:50:00,2017-08-03T23:50:00,-32,-32
http://irail.be/vehicle/IC2045,http://irail.be/stations/NMBS/008811189,IC,2017-08-03T23:52:00,2017-08-03T23:52:00,-29,-29
http://irail.be/vehicle/IC2045,http://irail.be/stations/NMBS/008811148,IC,2017-08-03T23:54:00,2017-08-03T23:54:00,-36,-36
http://irail.be/vehicle/IC2045,http://irail.be/stations/NMBS/008811007,IC,2017-08-03T23:57:00,2017-08-03T23:57:00,0,0
http://irail.be/vehicle/IC2045,http://irail.be/stations/NMBS/008812005,IC,2017-08-04T00:02:00,2017-08-04T00:02:00,82,125
http://irail.be/vehicle/IC2045,http://irail.be/stations/NMBS/008813045,IC,2017-08-04T00:04:00,2017-08-04T00:04:00,116,116
http://irail.be/vehicle/IC2045,http://irail.be/stations/NMBS/008813003,IC,2017-08-04T00:06:00,2017-08-04T00:05:00,231,198
http://irail.be/vehicle/IC2045,http://irail.be/stations/NMBS/008813037,IC,2017-08-04T00:07:00,2017-08-04T00:07:00,238,238
http://irail.be/vehicle/IC2045,http://irail.be/stations/NMBS/008814001,IC,2017-08-04T00:10:00,2017-08-04T00:10:00,,237
http://irail.be/vehicle/IC2045,http://irail.be/stations/NMBS/008821006,IC,2017-04-10T23:25:00,2017-04-10T23:25:00,12,
http://irail.be/vehicle/IC2045,http://irail.be/stations/NMBS/008821121,IC,2017-04-10T23:31:00,2017-04-10T23:29:00,33,33
http://irail.be/vehicle/IC2045,http://irail.be/stations/NMBS/008821154,IC,2017-04-10T23:33:00,2017-04-10T23:33:00,8,8
http://irail.be/vehicle/IC2045,http://irail.be/stations/NMBS/008821238,IC,2017-04-10T23:34:00,2017-04-10T23:34:00,-17,-17
http://irail.be/vehicle/IC2045,http://irail.be/stations/NMBS/008821337,IC,2017-04-10T23:35:00,2017-04-10T23:35:00,-24,-24
http://irail.be/vehicle/IC2045,NO-URI,IC,2017-04-10T23:36:00,2017-04-10T23:36:00,-26,-26
http://irail.be/vehicle/IC2045,http://irail.be/stations/NMBS/008822210,IC,2017-04-10T23:38:00,2017-04-10T23:38:00,-21,-21
http://irail.be/vehicle/IC2045,http://irail.be/stations/NMBS/008822228,IC,2017-04-10T23:39:00,2017-04-10T23:39:00,25,25
http://irail.be/vehicle/IC2045,http://irail.be/stations/NMBS/008822343,IC,2017-04-10T23:41:00,2017-04-10T23:41:00,-29,-29
http://irail.be/vehicle/IC2045,http://irail.be/stations/NMBS/008822004,IC,2017-04-10T23:45:00,2017-04-10T23:43:00,47,-29
http://irail.be/vehicle/IC2045,http://irail.be/stations/NMBS/008822251,IC,2017-04-10T23:49:00,2017-04-10T23:49:00,-1,-1
http://irail.be/vehicle/IC2045,http://irail.be/stations/NMBS/008822269,IC,2017-04-10T23:50:00,2017-04-10T23:50:00,-1,-1
http://irail.be/vehicle/IC2045,http://irail.be/stations/NMBS/008811189,IC,2017-04-10T23:52:00,2017-04-10T23:52:00,-28,-28
http://irail.be/vehicle/IC2045,http://irail.be/stations/NMBS/008811148,IC,2017-04-10T23:54:00,2017-04-10T23:54:00,-40,-40
http://irail.be/vehicle/IC2045,http://irail.be/stations/NMBS/008811007,IC,2017-04-10T23:57:00,2017-04-10T23:57:00,-108,-108
http://irail.be/vehicle/IC2045,http://irail.be/stations/NMBS/008812005,IC,2017-04-11T00:02:00,2017-04-11T00:02:00,112,-113
http://irail.be/vehicle/IC2045,http://irail.be/stations/NMBS/008813045,IC,2017-04-11T00:04:00,2017-04-11T00:04:00,115,115
http://irail.be/vehicle/IC2045,http://irail.be/stations/NMBS/008813003,IC,2017-04-11T00:06:00,2017-04-11T00:05:00,200,205
http://irail.be/vehicle/IC2045,http://irail.be/stations/NMBS/008813037,IC,2017-04-11T00:07:00,2017-04-11T00:07:00,199,199
http://irail.be/vehicle/IC2045,http://irail.be/stations/NMBS/008814001,IC,2017-04-11T00:10:00,2017-04-11T00:10:00,,0
http://irail.be/vehicle/IC2045,NO-URI,IC,2017-12-13T23:11:00,2017-12-13T23:11:00,60,
http://irail.be/vehicle/IC2045,http://irail.be/stations/NMBS/008821089,IC,2017-12-13T23:17:00,2017-12-13T23:14:00,-5,-5
http://irail.be/vehicle/IC2045,http://irail.be/stations/NMBS/008821063,IC,2017-12-13T23:20:00,2017-12-13T23:20:00,-23,-23
http://irail.be/vehicle/IC2045,http://irail.be/stations/NMBS/008821006,IC,2017-12-13T23:26:00,2017-12-13T23:23:00,16,11
http://irail.be/vehicle/IC2045,http://irail.be/stations/NMBS/008821121,IC,2017-12-13T23:31:00,2017-12-13T23:30:00,11,11
http://irail.be/vehicle/IC2045,http://irail.be/stations/NMBS/008821154,IC,2017-12-13T23:33:00,2017-12-13T23:33:00,10,10
http://irail.be/vehicle/IC2045,http://irail.be/stations/NMBS/008821238,IC,2017-12-13T23:34:00,2017-12-13T23:34:00,-1,-1
http://irail.be/vehicle/IC2045,http://irail.be/stations/NMBS/008821337,IC,2017-12-13T23:35:00,2017-12-13T23:35:00,-14,-14
http://irail.be/vehicle/IC2045,http://irail.be/stations/NMBS/008821311,IC,2017-12-13T23:36:00,2017-12-13T23:36:00,-19,-19
http://irail.be/vehicle/IC2045,http://irail.be/stations/NMBS/008822210,IC,2017-12-13T23:38:00,2017-12-13T23:38:00,-25,-25
http://irail.be/vehicle/IC2045,http://irail.be/stations/NMBS/008822228,IC,2017-12-13T23:39:00,2017-12-13T23:39:00,3,3
http://irail.be/vehicle/IC2045,http://irail.be/stations/NMBS/008822343,IC,2017-12-13T23:41:00,2017-12-13T23:41:00,19,19
http://irail.be/vehicle/IC2045,http://irail.be/stations/NMBS/008822004,IC,2017-12-13T23:44:00,2017-12-13T23:42:00,20,19
http://irail.be/vehicle/IC2045,http://irail.be/stations/NMBS/008822251,IC,2017-12-13T23:49:00,2017-12-13T23:49:00,-57,-57
http://irail.be/vehicle/IC2045,http://irail.be/stations/NMBS/008822269,IC,2017-12-13T23:50:00,2017-12-13T23:50:00,-57,-57
http://irail.be/vehicle/IC2045,http://irail.be/stations/NMBS/008811189,IC,2017-12-13T23:52:00,2017-12-13T23:52:00,-51,-51
http://irail.be/vehicle/IC2045,http://irail.be/stations/NMBS/008811148,IC,2017-12-13T23:54:00,2017-12-13T23:54:00,-65,-65
http://irail.be/vehicle/IC2045,http://irail.be/stations/NMBS/008811007,IC,2017-12-13T23:57:00,2017-12-13T23:57:00,-121,-121
http://irail.be/vehicle/IC2045,http://irail.be/stations/NMBS/008812005,IC,2017-12-14T00:02:00,2017-12-13T23:59:00,79,-84
http://irail.be/vehicle/IC2045,http://irail.be/stations/NMBS/008813045,IC,2017-12-14T00:04:00,2017-12-14T00:04:00,88,88
http://irail.be/vehicle/IC2045,http://irail.be/stations/NMBS/008813003,IC,2017-12-14T00:06:00,2017-12-14T00:05:00,206,148
http://irail.be/vehicle/IC2045,http://irail.be/stations/NMBS/008813037,IC,2017-12-14T00:07:00,2017-12-14T00:07:00,206,206
http://irail.be/vehicle/IC2045,http://irail.be/stations/NMBS/008814001,IC,2017-12-14T00:10:00,2017-12-14T00:10:00,,199
http://irail.be/vehicle/IC2045,http://irail.be/stations/NMBS/008821006,IC,2017-11-28T23:25:00,2017-11-28T23:25:00,9,
http://irail.be/vehicle/IC2045,http://irail.be/stations/NMBS/008821121,IC,2017-11-28T23:31:00,2017-11-28T23:29:00,98,98
http://irail.be/vehicle/IC2045,http://irail.be/stations/NMBS/008821154,IC,2017-11-28T23:33:00,2017-11-28T23:33:00,72,72
http://irail.be/vehicle/IC2045,http://irail.be/stations/NMBS/008821238,IC,2017-11-28T23:34:00,2017-11-28T23:34:00,46,46
http://irail.be/vehicle/IC2045,http://irail.be/stations/NMBS/008821337,IC,2017-11-28T23:35:00,2017-11-28T23:35:00,39,39
http://irail.be/vehicle/IC2045,http://irail.be/stations/NMBS/008821311,IC,2017-11-28T23:36:00,2017-11-28T23:36:00,37,37
http://irail.be/vehicle/IC2045,http://irail.be/stations/NMBS/008822210,IC,2017-11-28T23:38:00,2017-11-28T23:38:00,59,59
http://irail.be/vehicle/IC2045,http://irail.be/stations/NMBS/008822228,IC,2017-11-28T23:39:00,2017-11-28T23:39:00,142,142
http://irail.be/vehicle/IC2045,http://irail.be/stations/NMBS/008822343,IC,2017-11-28T23:41:00,2017-11-28T23:41:00,92,92
http://irail.be/vehicle/IC2045,http://irail.be/stations/NMBS/008822004,IC,2017-11-28T23:45:00,2017-11-28T23:43:00,120,92
http://irail.be/vehicle/IC2045,http://irail.be/stations/NMBS/008822251,IC,2017-11-28T23:49:00,2017-11-28T23:49:00,107,107
http://irail.be/vehicle/IC2045,http://irail.be/stations/NMBS/008822269,IC,2017-11-28T23:50:00,2017-11-28T23:50:00,107,107
http://irail.be/vehicle/IC2045,http://irail.be/stations/NMBS/008811189,IC,2017-11-28T23:52:00,2017-11-28T23:52:00,112,112
http://irail.be/vehicle/IC2045,http://irail.be/stations/NMBS/008811148,IC,2017-11-28T23:54:00,2017-11-28T23:54:00,101,101
http://irail.be/vehicle/IC2045,http://irail.be/stations/NMBS/008811007,IC,2017-11-28T23:57:00,2017-11-28T23:57:00,37,37
http://irail.be/vehicle/IC2045,http://irail.be/stations/NMBS/008812005,IC,2017-11-29T00:02:00,2017-11-29T00:02:00,29,20
http://irail.be/vehicle/IC2045,http://irail.be/stations/NMBS/008813045,IC,2017-11-29T00:04:00,2017-11-29T00:04:00,26,26
http://irail.be/vehicle/IC2045,http://irail.be/stations/NMBS/008813003,IC,2017-11-29T00:06:00,2017-11-29T00:05:00,28,48
http://irail.be/vehicle/IC2045,http://irail.be/stations/NMBS/008813037,IC,2017-11-29T00:08:00,2017-11-29T00:08:00,-9,-9
http://irail.be/vehicle/IC2045,http://irail.be/stations/NMBS/008814001,IC,2017-11-29T00:10:00,2017-11-29T00:10:00,,33
http://irail.be/vehicle/IC2045,http://irail.be/stations/NMBS/008821006,IC,2017-10-12T23:25:00,2017-10-12T23:25:00,120,
http://irail.be/vehicle/IC2045,http://irail.be/stations/NMBS/008821121,IC,2017-10-12T23:31:00,2017-10-12T23:29:00,77,77
http://irail.be/vehicle/IC2045,http://irail.be/stations/NMBS/008821147,IC,2017-10-12T23:33:15,2017-10-12T23:33:15,60,60
http://irail.be/vehicle/IC2045,http://irail.be/stations/NMBS/008821246,IC,2017-10-12T23:35:25,2017-10-12T23:35:25,125,125
http://irail.be/vehicle/IC2045,http://irail.be/stations/NMBS/008821337,IC,2017-10-12T23:35:00,2017-10-12T23:35:00,297,297
http://irail.be/vehicle/IC2045,http://irail.be/stations/NMBS/008821311,IC,2017-10-12T23:36:00,2017-10-12T23:36:00,333,333
http://irail.be/vehicle/IC2045,http://irail.be/stations/NMBS/008822210,IC,2017-10-12T23:38:00,2017-10-12T23:38:00,461,461
http://irail.be/vehicle/IC2045,http://irail.be/stations/NMBS/008822228,IC,2017-10-12T23:39:00,2017-10-12T23:39:00,487,487
http://irail.be/vehicle/IC2045,http://irail.be/stations/NMBS/008822343,IC,2017-10-12T23:41:00,2017-10-12T23:41:00,461,461
http://irail.be/vehicle/IC2045,http://irail.be/stations/NMBS/008822004,IC,2017-10-12T23:45:00,2017-10-12T23:43:00,416,461
http://irail.be/vehicle/IC2045,http://irail.be/stations/NMBS/008822251,IC,2017-10-12T23:49:00,2017-10-12T23:49:00,427,427
http://irail.be/vehicle/IC2045,http://irail.be/stations/NMBS/008822269,IC,2017-10-12T23:50:00,2017-10-12T23:50:00,427,427
http://irail.be/vehicle/IC2045,http://irail.be/stations/NMBS/008811189,IC,2017-10-12T23:52:00,2017-10-12T23:52:00,432,432
http://irail.be/vehicle/IC2045,http://irail.be/stations/NMBS/008811148,IC,2017-10-12T23:54:00,2017-10-12T23:54:00,421,421
http://irail.be/vehicle/IC2045,http://irail.be/stations/NMBS/008811007,IC,2017-10-12T23:57:00,2017-10-12T23:57:00,367,367
http://irail.be/vehicle/IC2045,http://irail.be/stations/NMBS/008812005,IC,2017-10-13T00:02:00,2017-10-13T00:02:00,320,389
http://irail.be/vehicle/IC2045,http://irail.be/stations/NMBS/008813045,IC,2017-10-13T00:04:00,2017-10-13T00:04:00,313,313
http://irail.be/vehicle/IC2045,http://irail.be/stations/NMBS/008813003,IC,2017-10-13T00:06:00,2017-10-13T00:05:00,403,411
http://irail.be/vehicle/IC2045,http://irail.be/stations/NMBS/008813037,IC,2017-10-13T00:07:00,2017-10-13T00:07:00,403,403
http://irail.be/vehicle/IC2045,http://irail.be/stations/NMBS/008814001,IC,2017-10-13T00:10:00,2017-10-13T00:10:00,,416
http://irail.be/vehicle/IC2045,http://irail.be/stations/NMBS/008821006,IC,2017-10-13T23:25:00,2017-10-13T23:25:00,354,
http://irail.be/vehicle/IC2045,http://irail.be/stations/NMBS/008821121,IC,2017-10-13T23:31:00,2017-10-13T23:29:00,325,325
http://irail.be/vehicle/IC2045,http://irail.be/stations/NMBS/008821154,IC,2017-10-13T23:33:00,2017-10-13T23:33:00,328,328
http://irail.be/vehicle/IC2045,http://irail.be/stations/NMBS/008821238,IC,2017-10-13T23:34:00,2017-10-13T23:34:00,309,309
http://irail.be/vehicle/IC2045,http://irail.be/stations/NMBS/008821337,IC,2017-10-13T23:35:00,2017-10-13T23:35:00,302,302
http://irail.be/vehicle/IC2045,http://irail.be/stations/NMBS/008821311,IC,2017-10-13T23:36:00,2017-10-13T23:36:00,300,300
http://irail.be/vehicle/IC2045,http://irail.be/stations/NMBS/008822210,IC,2017-10-13T23:38:00,2017-10-13T23:38:00,306,306
http://irail.be/vehicle/IC2045,http://irail.be/stations/NMBS/008822228,IC,2017-10-13T23:39:00,2017-10-13T23:39:00,356,356
http://irail.be/vehicle/IC2045,http://irail.be/stations/NMBS/008822343,IC,2017-10-13T23:41:00,2017-10-13T23:41:00,330,330
http://irail.be/vehicle/IC2045,http://irail.be/stations/NMBS/008822004,IC,2017-10-13T23:45:00,2017-10-13T23:43:00,285,330
http://irail.be/vehicle/IC2045,http://irail.be/stations/NMBS/008822251,IC,2017-10-13T23:49:00,2017-10-13T23:49:00,460,460
http://irail.be/vehicle/IC2045,http://irail.be/stations/NMBS/008822269,IC,2017-10-13T23:50:00,2017-10-13T23:50:00,460,460
http://irail.be/vehicle/IC2045,http://irail.be/stations/NMBS/008811189,IC,2017-10-13T23:52:00,2017-10-13T23:52:00,465,465
http://irail.be/vehicle/IC2045,http://irail.be/stations/NMBS/008811148,IC,2017-10-13T23:54:00,2017-10-13T23:54:00,457,457
http://irail.be/vehicle/IC2045,http://irail.be/stations/NMBS/008811007,IC,2017-10-13T23:57:00,2017-10-13T23:57:00,424,424
http://irail.be/vehicle/IC2045,http://irail.be/stations/NMBS/008812005,IC,2017-10-14T00:02:00,2017-10-14T00:02:00,533,580
http://irail.be/vehicle/IC2045,http://irail.be/stations/NMBS/008813045,IC,2017-10-14T00:04:00,2017-10-14T00:04:00,532,532
http://irail.be/vehicle/IC2045,http://irail.be/stations/NMBS/008813003,IC,2017-10-14T00:06:00,2017-10-14T00:05:00,677,656
http://irail.be/vehicle/IC2045,http://irail.be/stations/NMBS/008813037,IC,2017-10-14T00:07:00,2017-10-14T00:07:00,677,677
http://irail.be/vehicle/IC2045,http://irail.be/stations/NMBS/008814001,IC,2017-10-14T00:10:00,2017-10-14T00:10:00,,679
http://irail.be/vehicle/IC2045,http://irail.be/stations/NMBS/008821006,IC,2017-02-20T23:25:00,2017-02-20T23:25:00,13,
http://irail.be/vehicle/IC2045,http://irail.be/stations/NMBS/008821121,IC,2017-02-20T23:31:00,2017-02-20T23:29:00,61,60
http://irail.be/vehicle/IC2045,http://irail.be/stations/NMBS/008821154,IC,2017-02-20T23:33:00,2017-02-20T23:33:00,39,39
http://irail.be/vehicle/IC2045,http://irail.be/stations/NMBS/008821238,IC,2017-02-20T23:34:00,2017-02-20T23:34:00,15,15
http://irail.be/vehicle/IC2045,http://irail.be/stations/NMBS/008821337,IC,2017-02-20T23:35:00,2017-02-20T23:35:00,6,6
http://irail.be/vehicle/IC2045,NO-URI,IC,2017-02-20T23:36:00,2017-02-20T23:36:00,6,6
http://irail.be/vehicle/IC2045,http://irail.be/stations/NMBS/008822210,IC,2017-02-20T23:38:00,2017-02-20T23:38:00,11,11
http://irail.be/vehicle/IC2045,http://irail.be/stations/NMBS/008822228,IC,2017-02-20T23:39:00,2017-02-20T23:39:00,68,68
http://irail.be/vehicle/IC2045,http://irail.be/stations/NMBS/008822343,IC,2017-02-20T23:41:00,2017-02-20T23:41:00,32,32
http://irail.be/vehicle/IC2045,http://irail.be/stations/NMBS/008822004,IC,2017-02-20T23:45:00,2017-02-20T23:43:00,49,32
http://irail.be/vehicle/IC2045,http://irail.be/stations/NMBS/008822251,IC,2017-02-20T23:49:00,2017-02-20T23:49:00,10,10
http://irail.be/vehicle/IC2045,http://irail.be/stations/NMBS/008822269,IC,2017-02-20T23:50:00,2017-02-20T23:50:00,10,10
http://irail.be/vehicle/IC2045,http://irail.be/stations/NMBS/008811189,IC,2017-02-20T23:52:00,2017-02-20T23:52:00,-14,-14
http://irail.be/vehicle/IC2045,http://irail.be/stations/NMBS/008811148,IC,2017-02-20T23:54:00,2017-02-20T23:54:00,-25,-25
http://irail.be/vehicle/IC2045,http://irail.be/stations/NMBS/008811007,IC,2017-02-20T23:57:00,2017-02-20T23:57:00,9,9
http://irail.be/vehicle/IC2045,http://irail.be/stations/NMBS/008812005,IC,2017-02-21T00:02:00,2017-02-21T00:02:00,81,33
http://irail.be/vehicle/IC2045,http://irail.be/stations/NMBS/008813045,IC,2017-02-21T00:04:00,2017-02-21T00:04:00,84,84
http://irail.be/vehicle/IC2045,http://irail.be/stations/NMBS/008813003,IC,2017-02-21T00:06:00,2017-02-21T00:05:00,156,165
http://irail.be/vehicle/IC2045,http://irail.be/stations/NMBS/008813037,IC,2017-02-21T00:07:00,2017-02-21T00:07:00,157,157
http://irail.be/vehicle/IC2045,http://irail.be/stations/NMBS/008814001,IC,2017-02-21T00:10:00,2017-02-21T00:10:00,,161
http://irail.be/vehicle/IC2045,http://irail.be/stations/NMBS/008821006,IC,2017-09-08T23:25:00,2017-09-08T23:25:00,1605,
http://irail.be/vehicle/IC2045,http://irail.be/stations/NMBS/008821121,IC,2017-09-08T23:31:00,2017-09-08T23:29:00,1558,1558
http://irail.be/vehicle/IC2045,http://irail.be/stations/NMBS/008821154,IC,2017-09-08T23:33:00,2017-09-08T23:33:00,1516,1516
http://irail.be/vehicle/IC2045,http://irail.be/stations/NMBS/008821238,IC,2017-09-08T23:34:00,2017-09-08T23:34:00,1491,1491
http://irail.be/vehicle/IC2045,http://irail.be/stations/NMBS/008821337,IC,2017-09-08T23:35:00,2017-09-08T23:35:00,1473,1473
http://irail.be/vehicle/IC2045,http://irail.be/stations/NMBS/008821311,IC,2017-09-08T23:36:00,2017-09-08T23:36:00,1465,1465
http://irail.be/vehicle/IC2045,http://irail.be/stations/NMBS/008822210,IC,2017-09-08T23:38:00,2017-09-08T23:38:00,1466,1466
http://irail.be/vehicle/IC2045,http://irail.be/stations/NMBS/008822228,IC,2017-09-08T23:39:00,2017-09-08T23:39:00,1473,1473
http://irail.be/vehicle/IC2045,http://irail.be/stations/NMBS/008822343,IC,2017-09-08T23:41:00,2017-09-08T23:41:00,1420,1420
http://irail.be/vehicle/IC2045,http://irail.be/stations/NMBS/008822004,IC,2017-09-08T23:45:00,2017-09-08T23:43:00,1378,1420
http://irail.be/vehicle/IC2045,http://irail.be/stations/NMBS/008822251,IC,2017-09-08T23:49:00,2017-09-08T23:49:00,1278,1278
http://irail.be/vehicle/IC2045,http://irail.be/stations/NMBS/008822269,IC,2017-09-08T23:50:00,2017-09-08T23:50:00,1278,1278
http://irail.be/vehicle/IC2045,http://irail.be/stations/NMBS/008811189,IC,2017-09-08T23:52:00,2017-09-08T23:52:00,1258,1258
http://irail.be/vehicle/IC2045,http://irail.be/stations/NMBS/008811148,IC,2017-09-08T23:54:00,2017-09-08T23:54:00,1246,1246
http://irail.be/vehicle/IC2045,http://irail.be/stations/NMBS/008811007,IC,2017-09-08T23:57:00,2017-09-08T23:57:00,1172,1172
http://irail.be/vehicle/IC2045,http://irail.be/stations/NMBS/008812005,IC,2017-09-09T00:02:00,2017-09-09T00:02:00,1082,1144
http://irail.be/vehicle/IC2045,http://irail.be/stations/NMBS/008813045,IC,2017-09-09T00:04:00,2017-09-09T00:04:00,1064,1064
http://irail.be/vehicle/IC2045,http://irail.be/stations/NMBS/008813003,IC,2017-09-09T00:06:00,2017-09-09T00:05:00,1121,1130
http://irail.be/vehicle/IC2045,http://irail.be/stations/NMBS/008813037,IC,2017-09-09T00:07:00,2017-09-09T00:07:00,1121,1121
http://irail.be/vehicle/IC2045,http://irail.be/stations/NMBS/008814001,IC,2017-09-09T00:10:00,2017-09-09T00:10:00,,1105
http://irail.be/vehicle/IC2045,http://irail.be/stations/NMBS/008821006,IC,2017-10-05T23:25:00,2017-10-05T23:25:00,20,
http://irail.be/vehicle/IC2045,http://irail.be/stations/NMBS/008821121,IC,2017-10-05T23:31:00,2017-10-05T23:29:00,33,33
http://irail.be/vehicle/IC2045,http://irail.be/stations/NMBS/008821154,IC,2017-10-05T23:33:00,2017-10-05T23:33:00,7,7
http://irail.be/vehicle/IC2045,http://irail.be/stations/NMBS/008821238,IC,2017-10-05T23:34:00,2017-10-05T23:34:00,-16,-16
http://irail.be/vehicle/IC2045,http://irail.be/stations/NMBS/008821337,IC,2017-10-05T23:35:00,2017-10-05T23:35:00,-27,-27
http://irail.be/vehicle/IC2045,http://irail.be/stations/NMBS/008821311,IC,2017-10-05T23:36:00,2017-10-05T23:36:00,-29,-29
http://irail.be/vehicle/IC2045,http://irail.be/stations/NMBS/008822210,IC,2017-10-05T23:38:00,2017-10-05T23:38:00,-23,-23
http://irail.be/vehicle/IC2045,http://irail.be/stations/NMBS/008822228,IC,2017-10-05T23:39:00,2017-10-05T23:39:00,32,32
http://irail.be/vehicle/IC2045,http://irail.be/stations/NMBS/008822343,IC,2017-10-05T23:41:00,2017-10-05T23:41:00,21,21
http://irail.be/vehicle/IC2045,http://irail.be/stations/NMBS/008822004,IC,2017-10-05T23:45:00,2017-10-05T23:43:00,75,21
http://irail.be/vehicle/IC2045,http://irail.be/stations/NMBS/008822251,IC,2017-10-05T23:49:00,2017-10-05T23:49:00,82,82
http://irail.be/vehicle/IC2045,http://irail.be/stations/NMBS/008822269,IC,2017-10-05T23:50:00,2017-10-05T23:50:00,82,82
http://irail.be/vehicle/IC2045,http://irail.be/stations/NMBS/008811189,IC,2017-10-05T23:52:00,2017-10-05T23:52:00,96,96
http://irail.be/vehicle/IC2045,http://irail.be/stations/NMBS/008811148,IC,2017-10-05T23:54:00,2017-10-05T23:54:00,93,93
http://irail.be/vehicle/IC2045,http://irail.be/stations/NMBS/008811007,IC,2017-10-05T23:57:00,2017-10-05T23:57:00,44,44
http://irail.be/vehicle/IC2045,http://irail.be/stations/NMBS/008812005,IC,2017-10-06T00:02:00,2017-10-06T00:02:00,85,41
http://irail.be/vehicle/IC2045,http://irail.be/stations/NMBS/008813045,IC,2017-10-06T00:04:00,2017-10-06T00:04:00,99,99
http://irail.be/vehicle/IC2045,http://irail.be/stations/NMBS/008813003,IC,2017-10-06T00:06:00,2017-10-06T00:05:00,189,196
http://irail.be/vehicle/IC2045,http://irail.be/stations/NMBS/008813037,IC,2017-10-06T00:07:00,2017-10-06T00:07:00,189,189
http://irail.be/vehicle/IC2045,http://irail.be/stations/NMBS/008814001,IC,2017-10-06T00:10:00,2017-10-06T00:10:00,,188
http://irail.be/vehicle/IC2045,NO-URI,IC,2017-12-21T23:11:00,2017-12-21T23:11:00,-53,
http://irail.be/vehicle/IC2045,http://irail.be/stations/NMBS/008821089,IC,2017-12-21T23:17:00,2017-12-21T23:14:00,16,16
http://irail.be/vehicle/IC2045,http://irail.be/stations/NMBS/008821063,IC,2017-12-21T23:20:00,2017-12-21T23:20:00,9,9
http://irail.be/vehicle/IC2045,http://irail.be/stations/NMBS/008821006,IC,2017-12-21T23:26:00,2017-12-21T23:23:00,38,10
http://irail.be/vehicle/IC2045,http://irail.be/stations/NMBS/008821121,IC,2017-12-21T23:31:00,2017-12-21T23:30:00,39,39
http://irail.be/vehicle/IC2045,http://irail.be/stations/NMBS/008821154,IC,2017-12-21T23:33:00,2017-12-21T23:33:00,61,61
http://irail.be/vehicle/IC2045,http://irail.be/stations/NMBS/008821238,IC,2017-12-21T23:34:00,2017-12-21T23:34:00,54,54
http://irail.be/vehicle/IC2045,http://irail.be/stations/NMBS/008821337,IC,2017-12-21T23:35:00,2017-12-21T23:35:00,51,51
http://irail.be/vehicle/IC2045,http://irail.be/stations/NMBS/008821311,IC,2017-12-21T23:36:00,2017-12-21T23:36:00,50,50
http://irail.be/vehicle/IC2045,http://irail.be/stations/NMBS/008822210,IC,2017-12-21T23:38:00,2017-12-21T23:38:00,47,47
http://irail.be/vehicle/IC2045,http://irail.be/stations/NMBS/008822228,IC,2017-12-21T23:39:00,2017-12-21T23:39:00,97,97
http://irail.be/vehicle/IC2045,http://irail.be/stations/NMBS/008822343,IC,2017-12-21T23:41:00,2017-12-21T23:41:00,104,104
http://irail.be/vehicle/IC2045,http://irail.be/stations/NMBS/008822004,IC,2017-12-21T23:44:00,2017-12-21T23:42:00,102,104
http://irail.be/vehicle/IC2045,http://irail.be/stations/NMBS/008822251,IC,2017-12-21T23:49:00,2017-12-21T23:49:00,52,52
http://irail.be/vehicle/IC2045,http://irail.be/stations/NMBS/008822269,IC,2017-12-21T23:50:00,2017-12-21T23:50:00,52,52
http://irail.be/vehicle/IC2045,http://irail.be/stations/NMBS/008811189,IC,2017-12-21T23:52:00,2017-12-21T23:52:00,71,71
http://irail.be/vehicle/IC2045,http://irail.be/stations/NMBS/008811148,IC,2017-12-21T23:54:00,2017-12-21T23:54:00,58,58
http://irail.be/vehicle/IC2045,http://irail.be/stations/NMBS/008811007,IC,2017-12-21T23:57:00,2017-12-21T23:57:00,170,170
http://irail.be/vehicle/IC2045,http://irail.be/stations/NMBS/008812005,IC,2017-12-22T00:02:00,2017-12-21T23:59:00,217,313
http://irail.be/vehicle/IC2045,http://irail.be/stations/NMBS/008813045,IC,2017-12-22T00:04:00,2017-12-22T00:04:00,215,215
http://irail.be/vehicle/IC2045,http://irail.be/stations/NMBS/008813003,IC,2017-12-22T00:06:00,2017-12-22T00:05:00,426,239
http://irail.be/vehicle/IC2045,http://irail.be/stations/NMBS/008813037,IC,2017-12-22T00:07:00,2017-12-22T00:07:00,426,426
http://irail.be/vehicle/IC2045,http://irail.be/stations/NMBS/008814001,IC,2017-12-22T00:10:00,2017-12-22T00:10:00,,419
http://irail.be/vehicle/IC2045,http://irail.be/stations/NMBS/008821006,IC,2017-03-31T23:25:00,2017-03-31T23:25:00,28,
http://irail.be/vehicle/IC2045,http://irail.be/stations/NMBS/008821121,IC,2017-03-31T23:31:00,2017-03-31T23:29:00,34,34
http://irail.be/vehicle/IC2045,http://irail.be/stations/NMBS/008821154,IC,2017-03-31T23:33:00,2017-03-31T23:33:00,24,24
http://irail.be/vehicle/IC2045,http://irail.be/stations/NMBS/008821238,IC,2017-03-31T23:34:00,2017-03-31T23:34:00,2,2
http://irail.be/vehicle/IC2045,http://irail.be/stations/NMBS/008821337,IC,2017-03-31T23:35:00,2017-03-31T23:35:00,-4,-4
http://irail.be/vehicle/IC2045,NO-URI,IC,2017-03-31T23:36:00,2017-03-31T23:36:00,-6,-6
http://irail.be/vehicle/IC2045,http://irail.be/stations/NMBS/008822210,IC,2017-03-31T23:38:00,2017-03-31T23:38:00,-7,-7
http://irail.be/vehicle/IC2045,http://irail.be/stations/NMBS/008822228,IC,2017-03-31T23:39:00,2017-03-31T23:39:00,48,48
http://irail.be/vehicle/IC2045,http://irail.be/stations/NMBS/008822343,IC,2017-03-31T23:41:00,2017-03-31T23:41:00,-17,-17
http://irail.be/vehicle/IC2045,http://irail.be/stations/NMBS/008822004,IC,2017-03-31T23:45:00,2017-03-31T23:43:00,61,-17
http://irail.be/vehicle/IC2045,http://irail.be/stations/NMBS/008822251,IC,2017-03-31T23:49:00,2017-03-31T23:49:00,15,15
http://irail.be/vehicle/IC2045,http://irail.be/stations/NMBS/008822269,IC,2017-03-31T23:50:00,2017-03-31T23:50:00,15,15
http://irail.be/vehicle/IC2045,http://irail.be/stations/NMBS/008811189,IC,2017-03-31T23:52:00,2017-03-31T23:52:00,-11,-11
http://irail.be/vehicle/IC2045,http://irail.be/stations/NMBS/008811148,IC,2017-03-31T23:54:00,2017-03-31T23:54:00,-21,-21
http://irail.be/vehicle/IC2045,http://irail.be/stations/NMBS/008811007,IC,2017-03-31T23:57:00,2017-03-31T23:57:00,-84,-84
http://irail.be/vehicle/IC2045,http://irail.be/stations/NMBS/008812005,IC,2017-04-01T00:02:00,2017-04-01T00:02:00,8,-112
http://irail.be/vehicle/IC2045,http://irail.be/stations/NMBS/008813045,IC,2017-04-01T00:04:00,2017-04-01T00:04:00,-4,-4
http://irail.be/vehicle/IC2045,http://irail.be/stations/NMBS/008813003,IC,2017-04-01T00:06:00,2017-04-01T00:05:00,22,-3
http://irail.be/vehicle/IC2045,http://irail.be/stations/NMBS/008813037,IC,2017-04-01T00:08:00,2017-04-01T00:08:00,-20,-20
http://irail.be/vehicle/IC2045,http://irail.be/stations/NMBS/008814001,IC,2017-04-01T00:10:00,2017-04-01T00:10:00,,33
http://irail.be/vehicle/IC2045,http://irail.be/stations/NMBS/008821006,IC,2017-08-04T23:25:00,2017-08-04T23:25:00,59,
http://irail.be/vehicle/IC2045,http://irail.be/stations/NMBS/008821121,IC,2017-08-04T23:31:00,2017-08-04T23:29:00,65,65
http://irail.be/vehicle/IC2045,http://irail.be/stations/NMBS/008821154,IC,2017-08-04T23:33:00,2017-08-04T23:33:00,39,39
http://irail.be/vehicle/IC2045,http://irail.be/stations/NMBS/008821238,IC,2017-08-04T23:34:00,2017-08-04T23:34:00,14,14
http://irail.be/vehicle/IC2045,http://irail.be/stations/NMBS/008821337,IC,2017-08-04T23:35:00,2017-08-04T23:35:00,5,5
http://irail.be/vehicle/IC2045,http://irail.be/stations/NMBS/008821311,IC,2017-08-04T23:36:00,2017-08-04T23:36:00,3,3
http://irail.be/vehicle/IC2045,http://irail.be/stations/NMBS/008822210,IC,2017-08-04T23:38:00,2017-08-04T23:38:00,9,9
http://irail.be/vehicle/IC2045,http://irail.be/stations/NMBS/008822228,IC,2017-08-04T23:39:00,2017-08-04T23:39:00,56,56
http://irail.be/vehicle/IC2045,http://irail.be/stations/NMBS/008822343,IC,2017-08-04T23:41:00,2017-08-04T23:41:00,19,19
http://irail.be/vehicle/IC2045,http://irail.be/stations/NMBS/008822004,IC,2017-08-04T23:45:00,2017-08-04T23:43:00,18,19
http://irail.be/vehicle/IC2045,http://irail.be/stations/NMBS/008822251,IC,2017-08-04T23:49:00,2017-08-04T23:49:00,-49,-49
http://irail.be/vehicle/IC2045,http://irail.be/stations/NMBS/008822269,IC,2017-08-04T23:50:00,2017-08-04T23:50:00,-49,-49
http://irail.be/vehicle/IC2045,http://irail.be/stations/NMBS/008811189,IC,2017-08-04T23:52:00,2017-08-04T23:52:00,-54,-54
http://irail.be/vehicle/IC2045,http://irail.be/stations/NMBS/008811148,IC,2017-08-04T23:54:00,2017-08-04T23:54:00,-66,-66
http://irail.be/vehicle/IC2045,http://irail.be/stations/NMBS/008811007,IC,2017-08-04T23:57:00,2017-08-04T23:57:00,153,153
http://irail.be/vehicle/IC2045,http://irail.be/stations/NMBS/008812005,IC,2017-08-05T00:02:00,2017-08-05T00:02:00,101,189
http://irail.be/vehicle/IC2045,http://irail.be/stations/NMBS/008813045,IC,2017-08-05T00:04:00,2017-08-05T00:04:00,102,102
http://irail.be/vehicle/IC2045,http://irail.be/stations/NMBS/008813003,IC,2017-08-05T00:06:00,2017-08-05T00:05:00,162,172
http://irail.be/vehicle/IC2045,http://irail.be/stations/NMBS/008813037,IC,2017-08-05T00:07:00,2017-08-05T00:07:00,164,164
http://irail.be/vehicle/IC2045,http://irail.be/stations/NMBS/008814001,IC,2017-08-05T00:10:00,2017-08-05T00:10:00,,160
http://irail.be/vehicle/IC2045,http://irail.be/stations/NMBS/008821006,IC,2017-05-04T23:25:00,2017-05-04T23:25:00,85,
http://irail.be/vehicle/IC2045,http://irail.be/stations/NMBS/008821121,IC,2017-05-04T23:31:00,2017-05-04T23:29:00,294,294
http://irail.be/vehicle/IC2045,http://irail.be/stations/NMBS/008821154,IC,2017-05-04T23:33:00,2017-05-04T23:33:00,283,283
http://irail.be/vehicle/IC2045,http://irail.be/stations/NMBS/008821238,IC,2017-05-04T23:34:00,2017-05-04T23:34:00,277,277
http://irail.be/vehicle/IC2045,http://irail.be/stations/NMBS/008821337,IC,2017-05-04T23:35:00,2017-05-04T23:35:00,289,289
http://irail.be/vehicle/IC2045,NO-URI,IC,2017-05-04T23:36:00,2017-05-04T23:36:00,292,292
http://irail.be/vehicle/IC2045,http://irail.be/stations/NMBS/008822210,IC,2017-05-04T23:38:00,2017-05-04T23:38:00,297,297
http://irail.be/vehicle/IC2045,http://irail.be/stations/NMBS/008822228,IC,2017-05-04T23:39:00,2017-05-04T23:39:00,355,355
http://irail.be/vehicle/IC2045,http://irail.be/stations/NMBS/008822343,IC,2017-05-04T23:41:00,2017-05-04T23:41:00,313,313
http://irail.be/vehicle/IC2045,http://irail.be/stations/NMBS/008822004,IC,2017-05-04T23:45:00,2017-05-04T23:43:00,279,313
http://irail.be/vehicle/IC2045,http://irail.be/stations/NMBS/008822251,IC,2017-05-04T23:49:00,2017-05-04T23:49:00,215,215
http://irail.be/vehicle/IC2045,http://irail.be/stations/NMBS/008822269,IC,2017-05-04T23:50:00,2017-05-04T23:50:00,215,215
http://irail.be/vehicle/IC2045,http://irail.be/stations/NMBS/008811189,IC,2017-05-04T23:52:00,2017-05-04T23:52:00,215,215
http://irail.be/vehicle/IC2045,http://irail.be/stations/NMBS/008811148,IC,2017-05-04T23:54:00,2017-05-04T23:54:00,205,205
http://irail.be/vehicle/IC2045,http://irail.be/stations/NMBS/008811007,IC,2017-05-04T23:57:00,2017-05-04T23:57:00,270,270
http://irail.be/vehicle/IC2045,http://irail.be/stations/NMBS/008812005,IC,2017-05-05T00:02:00,2017-05-05T00:02:00,278,364
http://irail.be/vehicle/IC2045,http://irail.be/stations/NMBS/008813045,IC,2017-05-05T00:04:00,2017-05-05T00:04:00,283,283
http://irail.be/vehicle/IC2045,http://irail.be/stations/NMBS/008813003,IC,2017-05-05T00:06:00,2017-05-05T00:05:00,302,311
http://irail.be/vehicle/IC2045,http://irail.be/stations/NMBS/008813037,IC,2017-05-05T00:07:00,2017-05-05T00:07:00,303,303
http://irail.be/vehicle/IC2045,http://irail.be/stations/NMBS/008814001,IC,2017-05-05T00:10:00,2017-05-05T00:10:00,,305
http://irail.be/vehicle/IC2045,http://irail.be/stations/NMBS/008821006,IC,2017-02-01T23:25:00,2017-02-01T23:25:00,314,
http://irail.be/vehicle/IC2045,http://irail.be/stations/NMBS/008821121,IC,2017-02-01T23:31:00,2017-02-01T23:29:00,276,276
http://irail.be/vehicle/IC2045,http://irail.be/stations/NMBS/008821154,IC,2017-02-01T23:33:00,2017-02-01T23:33:00,254,254
http://irail.be/vehicle/IC2045,http://irail.be/stations/NMBS/008821238,IC,2017-02-01T23:34:00,2017-02-01T23:34:00,233,233
http://irail.be/vehicle/IC2045,http://irail.be/stations/NMBS/008821337,IC,2017-02-01T23:35:00,2017-02-01T23:35:00,223,223
http://irail.be/vehicle/IC2045,NO-URI,IC,2017-02-01T23:36:00,2017-02-01T23:36:00,220,220
http://irail.be/vehicle/IC2045,http://irail.be/stations/NMBS/008822210,IC,2017-02-01T23:38:00,2017-02-01T23:38:00,224,224
http://irail.be/vehicle/IC2045,http://irail.be/stations/NMBS/008822228,IC,2017-02-01T23:39:00,2017-02-01T23:39:00,263,263
http://irail.be/vehicle/IC2045,http://irail.be/stations/NMBS/008822343,IC,2017-02-01T23:41:00,2017-02-01T23:41:00,212,212
http://irail.be/vehicle/IC2045,http://irail.be/stations/NMBS/008822004,IC,2017-02-01T23:45:00,2017-02-01T23:43:00,133,212
http://irail.be/vehicle/IC2045,http://irail.be/stations/NMBS/008822251,IC,2017-02-01T23:49:00,2017-02-01T23:49:00,88,88
http://irail.be/vehicle/IC2045,http://irail.be/stations/NMBS/008822269,IC,2017-02-01T23:50:00,2017-02-01T23:50:00,88,88
http://irail.be/vehicle/IC2045,http://irail.be/stations/NMBS/008811189,IC,2017-02-01T23:52:00,2017-02-01T23:52:00,59,59
http://irail.be/vehicle/IC2045,http://irail.be/stations/NMBS/008811148,IC,2017-02-01T23:54:00,2017-02-01T23:54:00,46,46
http://irail.be/vehicle/IC2045,http://irail.be/stations/NMBS/008811007,IC,2017-02-01T23:57:00,2017-02-01T23:57:00,107,107
http://irail.be/vehicle/IC2045,http://irail.be/stations/NMBS/008812005,IC,2017-02-02T00:02:00,2017-02-02T00:02:00,69,120
http://irail.be/vehicle/IC2045,http://irail.be/stations/NMBS/008813045,IC,2017-02-02T00:04:00,2017-02-02T00:04:00,62,62
http://irail.be/vehicle/IC2045,http://irail.be/stations/NMBS/008813003,IC,2017-02-02T00:06:00,2017-02-02T00:05:00,72,78
http://irail.be/vehicle/IC2045,http://irail.be/stations/NMBS/008813037,IC,2017-02-02T00:07:00,2017-02-02T00:07:00,71,71
http://irail.be/vehicle/IC2045,http://irail.be/stations/NMBS/008814001,IC,2017-02-02T00:10:00,2017-02-02T00:10:00,,62
http://irail.be/vehicle/IC2045,http://irail.be/stations/NMBS/008821006,IC,2017-06-28T23:25:00,2017-06-28T23:25:00,46,
http://irail.be/vehicle/IC2045,http://irail.be/stations/NMBS/008821121,IC,2017-06-28T23:31:00,2017-06-28T23:29:00,78,78
http://irail.be/vehicle/IC2045,http://irail.be/stations/NMBS/008821154,IC,2017-06-28T23:33:00,2017-06-28T23:33:00,54,54
http://irail.be/vehicle/IC2045,http://irail.be/stations/NMBS/008821238,IC,2017-06-28T23:34:00,2017-06-28T23:34:00,31,31
http://irail.be/vehicle/IC2045,http://irail.be/stations/NMBS/008821337,IC,2017-06-28T23:35:00,2017-06-28T23:35:00,22,22
http://irail.be/vehicle/IC2045,http://irail.be/stations/NMBS/008821311,IC,2017-06-28T23:36:00,2017-06-28T23:36:00,21,21
http://irail.be/vehicle/IC2045,http://irail.be/stations/NMBS/008822210,IC,2017-06-28T23:38:00,2017-06-28T23:38:00,28,28
http://irail.be/vehicle/IC2045,http://irail.be/stations/NMBS/008822228,IC,2017-06-28T23:39:00,2017-06-28T23:39:00,77,77
http://irail.be/vehicle/IC2045,http://irail.be/stations/NMBS/008822343,IC,2017-06-28T23:41:00,2017-06-28T23:41:00,29,29
http://irail.be/vehicle/IC2045,http://irail.be/stations/NMBS/008822004,IC,2017-06-28T23:45:00,2017-06-28T23:43:00,0,29
http://irail.be/vehicle/IC2045,http://irail.be/stations/NMBS/008822251,IC,2017-06-28T23:49:00,2017-06-28T23:49:00,-69,-69
http://irail.be/vehicle/IC2045,http://irail.be/stations/NMBS/008822269,IC,2017-06-28T23:50:00,2017-06-28T23:50:00,-69,-69
http://irail.be/vehicle/IC2045,http://irail.be/stations/NMBS/008811189,IC,2017-06-28T23:52:00,2017-06-28T23:52:00,-76,-76
http://irail.be/vehicle/IC2045,http://irail.be/stations/NMBS/008811148,IC,2017-06-28T23:54:00,2017-06-28T23:54:00,-87,-87
http://irail.be/vehicle/IC2045,http://irail.be/stations/NMBS/008811007,IC,2017-06-28T23:57:00,2017-06-28T23:57:00,-148,-148
http://irail.be/vehicle/IC2045,http://irail.be/stations/NMBS/008812005,IC,2017-06-29T00:02:00,2017-06-29T00:02:00,-9,-151
http://irail.be/vehicle/IC2045,http://irail.be/stations/NMBS/008813045,IC,2017-06-29T00:04:00,2017-06-29T00:04:00,-14,-14
http://irail.be/vehicle/IC2045,http://irail.be/stations/NMBS/008813003,IC,2017-06-29T00:06:00,2017-06-29T00:05:00,13,6
http://irail.be/vehicle/IC2045,http://irail.be/stations/NMBS/008813037,IC,2017-06-29T00:07:00,2017-06-29T00:07:00,14,14
http://irail.be/vehicle/IC2045,http://irail.be/stations/NMBS/008814001,IC,2017-06-29T00:10:00,2017-06-29T00:10:00,,18
http://irail.be/vehicle/IC2045,http://irail.be/stations/NMBS/008821006,IC,2017-05-16T23:25:00,2017-05-16T23:25:00,125,
http://irail.be/vehicle/IC2045,http://irail.be/stations/NMBS/008821121,IC,2017-05-16T23:31:00,2017-05-16T23:29:00,252,252
http://irail.be/vehicle/IC2045,http://irail.be/stations/NMBS/008821154,IC,2017-05-16T23:33:00,2017-05-16T23:33:00,227,227
http://irail.be/vehicle/IC2045,http://irail.be/stations/NMBS/008821238,IC,2017-05-16T23:34:00,2017-05-16T23:34:00,202,202
http://irail.be/vehicle/IC2045,http://irail.be/stations/NMBS/008821337,IC,2017-05-16T23:35:00,2017-05-16T23:35:00,193,193
http://irail.be/vehicle/IC2045,NO-URI,IC,2017-05-16T23:36:00,2017-05-16T23:36:00,191,191
http://irail.be/vehicle/IC2045,http://irail.be/stations/NMBS/008822210,IC,2017-05-16T23:38:00,2017-05-16T23:38:00,195,195
http://irail.be/vehicle/IC2045,http://irail.be/stations/NMBS/008822228,IC,2017-05-16T23:39:00,2017-05-16T23:39:00,232,232
http://irail.be/vehicle/IC2045,http://irail.be/stations/NMBS/008822343,IC,2017-05-16T23:41:00,2017-05-16T23:41:00,197,197
http://irail.be/vehicle/IC2045,http://irail.be/stations/NMBS/008822004,IC,2017-05-16T23:45:00,2017-05-16T23:43:00,117,197
http://irail.be/vehicle/IC2045,http://irail.be/stations/NMBS/008822251,IC,2017-05-16T23:49:00,2017-05-16T23:49:00,49,49
http://irail.be/vehicle/IC2045,http://irail.be/stations/NMBS/008822269,IC,2017-05-16T23:50:00,2017-05-16T23:50:00,49,49
http://irail.be/vehicle/IC2045,http://irail.be/stations/NMBS/008811189,IC,2017-05-16T23:52:00,2017-05-16T23:52:00,39,39
http://irail.be/vehicle/IC2045,http://irail.be/stations/NMBS/008811148,IC,2017-05-16T23:54:00,2017-05-16T23:54:00,28,28
http://irail.be/vehicle/IC2045,http://irail.be/stations/NMBS/008811007,IC,2017-05-16T23:57:00,2017-05-16T23:57:00,16,16
http://irail.be/vehicle/IC2045,http://irail.be/stations/NMBS/008812005,IC,2017-05-17T00:02:00,2017-05-17T00:02:00,-16,-6
http://irail.be/vehicle/IC2045,http://irail.be/stations/NMBS/008813045,IC,2017-05-17T00:04:00,2017-05-17T00:04:00,-18,-18
http://irail.be/vehicle/IC2045,http://irail.be/stations/NMBS/008813003,IC,2017-05-17T00:06:00,2017-05-17T00:05:00,2,-1
http://irail.be/vehicle/IC2045,http://irail.be/stations/NMBS/008813037,IC,2017-05-17T00:07:00,2017-05-17T00:07:00,4,4
http://irail.be/vehicle/IC2045,http://irail.be/stations/NMBS/008814001,IC,2017-05-17T00:10:00,2017-05-17T00:10:00,,-3
http://irail.be/vehicle/IC2045,http://irail.be/stations/NMBS/008821006,IC,2017-03-17T23:25:00,2017-03-17T23:25:00,81,
http://irail.be/vehicle/IC2045,http://irail.be/stations/NMBS/008821121,IC,2017-03-17T23:31:00,2017-03-17T23:29:00,55,55
http://irail.be/vehicle/IC2045,http://irail.be/stations/NMBS/008821154,IC,2017-03-17T23:33:00,2017-03-17T23:33:00,28,28
http://irail.be/vehicle/IC2045,http://irail.be/stations/NMBS/008821238,IC,2017-03-17T23:34:00,2017-03-17T23:34:00,6,6
http://irail.be/vehicle/IC2045,http://irail.be/stations/NMBS/008821337,IC,2017-03-17T23:35:00,2017-03-17T23:35:00,-5,-5
http://irail.be/vehicle/IC2045,NO-URI,IC,2017-03-17T23:36:00,2017-03-17T23:36:00,-7,-7
http://irail.be/vehicle/IC2045,http://irail.be/stations/NMBS/008822210,IC,2017-03-17T23:38:00,2017-03-17T23:38:00,-2,-2
http://irail.be/vehicle/IC2045,http://irail.be/stations/NMBS/008822228,IC,2017-03-17T23:39:00,2017-03-17T23:39:00,34,34
http://irail.be/vehicle/IC2045,http://irail.be/stations/NMBS/008822343,IC,2017-03-17T23:41:00,2017-03-17T23:41:00,-10,-10
http://irail.be/vehicle/IC2045,http://irail.be/stations/NMBS/008822004,IC,2017-03-17T23:45:00,2017-03-17T23:43:00,27,-10
http://irail.be/vehicle/IC2045,http://irail.be/stations/NMBS/008822251,IC,2017-03-17T23:49:00,2017-03-17T23:49:00,-27,-27
http://irail.be/vehicle/IC2045,http://irail.be/stations/NMBS/008822269,IC,2017-03-17T23:50:00,2017-03-17T23:50:00,-27,-27
http://irail.be/vehicle/IC2045,http://irail.be/stations/NMBS/008811189,IC,2017-03-17T23:52:00,2017-03-17T23:52:00,-58,-58
http://irail.be/vehicle/IC2045,http://irail.be/stations/NMBS/008811148,IC,2017-03-17T23:54:00,2017-03-17T23:54:00,-71,-71
http://irail.be/vehicle/IC2045,http://irail.be/stations/NMBS/008811007,IC,2017-03-17T23:57:00,2017-03-17T23:57:00,-135,-135
http://irail.be/vehicle/IC2045,http://irail.be/stations/NMBS/008812005,IC,2017-03-18T00:02:00,2017-03-18T00:02:00,-22,-147
http://irail.be/vehicle/IC2045,http://irail.be/stations/NMBS/008813045,IC,2017-03-18T00:04:00,2017-03-18T00:04:00,-23,-23
http://irail.be/vehicle/IC2045,http://irail.be/stations/NMBS/008813003,IC,2017-03-18T00:06:00,2017-03-18T00:05:00,-11,-4
http://irail.be/vehicle/IC2045,http://irail.be/stations/NMBS/008813037,IC,2017-03-18T00:07:00,2017-03-18T00:07:00,-12,-12
http://irail.be/vehicle/IC2045,http://irail.be/stations/NMBS/008814001,IC,2017-03-18T00:10:00,2017-03-18T00:10:00,,-12
http://irail.be/vehicle/IC2045,http://irail.be/stations/NMBS/008821006,IC,2017-07-26T23:25:00,2017-07-26T23:25:00,30,
http://irail.be/vehicle/IC2045,http://irail.be/stations/NMBS/008821121,IC,2017-07-26T23:31:00,2017-07-26T23:29:00,36,36
http://irail.be/vehicle/IC2045,http://irail.be/stations/NMBS/008821154,IC,2017-07-26T23:33:00,2017-07-26T23:33:00,6,6
http://irail.be/vehicle/IC2045,http://irail.be/stations/NMBS/008821238,IC,2017-07-26T23:34:00,2017-07-26T23:34:00,-18,-18
http://irail.be/vehicle/IC2045,http://irail.be/stations/NMBS/008821337,IC,2017-07-26T23:35:00,2017-07-26T23:35:00,-18,-18
http://irail.be/vehicle/IC2045,http://irail.be/stations/NMBS/008821311,IC,2017-07-26T23:36:00,2017-07-26T23:36:00,-19,-19
http://irail.be/vehicle/IC2045,http://irail.be/stations/NMBS/008822210,IC,2017-07-26T23:38:00,2017-07-26T23:38:00,-10,-10
http://irail.be/vehicle/IC2045,http://irail.be/stations/NMBS/008822228,IC,2017-07-26T23:39:00,2017-07-26T23:39:00,73,73
http://irail.be/vehicle/IC2045,http://irail.be/stations/NMBS/008822343,IC,2017-07-26T23:41:00,2017-07-26T23:41:00,44,44
http://irail.be/vehicle/IC2045,http://irail.be/stations/NMBS/008822004,IC,2017-07-26T23:45:00,2017-07-26T23:43:00,8,44
http://irail.be/vehicle/IC2045,http://irail.be/stations/NMBS/008822251,IC,2017-07-26T23:49:00,2017-07-26T23:49:00,-52,-52
http://irail.be/vehicle/IC2045,http://irail.be/stations/NMBS/008822269,IC,2017-07-26T23:50:00,2017-07-26T23:50:00,-52,-52
http://irail.be/vehicle/IC2045,http://irail.be/stations/NMBS/008811189,IC,2017-07-26T23:52:00,2017-07-26T23:52:00,-37,-37
http://irail.be/vehicle/IC2045,http://irail.be/stations/NMBS/008811148,IC,2017-07-26T23:54:00,2017-07-26T23:54:00,-42,-42
http://irail.be/vehicle/IC2045,http://irail.be/stations/NMBS/008811007,IC,2017-07-26T23:57:00,2017-07-26T23:57:00,168,168
http://irail.be/vehicle/IC2045,http://irail.be/stations/NMBS/008812005,IC,2017-07-27T00:02:00,2017-07-27T00:02:00,100,200
http://irail.be/vehicle/IC2045,http://irail.be/stations/NMBS/008813045,IC,2017-07-27T00:04:00,2017-07-27T00:04:00,108,108
http://irail.be/vehicle/IC2045,http://irail.be/stations/NMBS/008813003,IC,2017-07-27T00:06:00,2017-07-27T00:05:00,178,191
http://irail.be/vehicle/IC2045,http://irail.be/stations/NMBS/008813037,IC,2017-07-27T00:07:00,2017-07-27T00:07:00,177,177
http://irail.be/vehicle/IC2045,http://irail.be/stations/NMBS/008814001,IC,2017-07-27T00:10:00,2017-07-27T00:10:00,,170
http://irail.be/vehicle/IC2045,http://irail.be/stations/NMBS/008821006,IC,2017-08-07T23:25:00,2017-08-07T23:25:00,95,
http://irail.be/vehicle/IC2045,http://irail.be/stations/NMBS/008821121,IC,2017-08-07T23:31:00,2017-08-07T23:29:00,44,44
http://irail.be/vehicle/IC2045,http://irail.be/stations/NMBS/008821154,IC,2017-08-07T23:33:00,2017-08-07T23:33:00,19,19
http://irail.be/vehicle/IC2045,http://irail.be/stations/NMBS/008821238,IC,2017-08-07T23:34:00,2017-08-07T23:34:00,-6,-6
http://irail.be/vehicle/IC2045,http://irail.be/stations/NMBS/008821337,IC,2017-08-07T23:35:00,2017-08-07T23:35:00,-9,-9
http://irail.be/vehicle/IC2045,http://irail.be/stations/NMBS/008821311,IC,2017-08-07T23:36:00,2017-08-07T23:36:00,-5,-5
http://irail.be/vehicle/IC2045,http://irail.be/stations/NMBS/008822210,IC,2017-08-07T23:38:00,2017-08-07T23:38:00,7,7
http://irail.be/vehicle/IC2045,http://irail.be/stations/NMBS/008822228,IC,2017-08-07T23:39:00,2017-08-07T23:39:00,75,75
http://irail.be/vehicle/IC2045,http://irail.be/stations/NMBS/008822343,IC,2017-08-07T23:41:00,2017-08-07T23:41:00,34,34
http://irail.be/vehicle/IC2045,http://irail.be/stations/NMBS/008822004,IC,2017-08-07T23:45:00,2017-08-07T23:43:00,28,34
http://irail.be/vehicle/IC2045,http://irail.be/stations/NMBS/008822251,IC,2017-08-07T23:49:00,2017-08-07T23:49:00,-32,-32
http://irail.be/vehicle/IC2045,http://irail.be/stations/NMBS/008822269,IC,2017-08-07T23:50:00,2017-08-07T23:50:00,-32,-32
http://irail.be/vehicle/IC2045,http://irail.be/stations/NMBS/008811189,IC,2017-08-07T23:52:00,2017-08-07T23:52:00,-33,-33
http://irail.be/vehicle/IC2045,http://irail.be/stations/NMBS/008811148,IC,2017-08-07T23:54:00,2017-08-07T23:54:00,-38,-38
http://irail.be/vehicle/IC2045,http://irail.be/stations/NMBS/008811007,IC,2017-08-07T23:57:00,2017-08-07T23:57:00,3,3
http://irail.be/vehicle/IC2045,http://irail.be/stations/NMBS/008812005,IC,2017-08-08T00:02:00,2017-08-08T00:02:00,56,44
http://irail.be/vehicle/IC2045,http://irail.be/stations/NMBS/008813045,IC,2017-08-08T00:04:00,2017-08-08T00:04:00,62,62
http://irail.be/vehicle/IC2045,http://irail.be/stations/NMBS/008813003,IC,2017-08-08T00:06:00,2017-08-08T00:05:00,169,172
http://irail.be/vehicle/IC2045,http://irail.be/stations/NMBS/008813037,IC,2017-08-08T00:07:00,2017-08-08T00:07:00,170,170
http://irail.be/vehicle/IC2045,http://irail.be/stations/NMBS/008814001,IC,2017-08-08T00:10:00,2017-08-08T00:10:00,,180
http://irail.be/vehicle/IC2045,http://irail.be/stations/NMBS/008821006,IC,2017-12-04T23:25:00,2017-12-04T23:25:00,73,
http://irail.be/vehicle/IC2045,http://irail.be/stations/NMBS/008821121,IC,2017-12-04T23:31:00,2017-12-04T23:29:00,34,34
http://irail.be/vehicle/IC2045,http://irail.be/stations/NMBS/008821154,IC,2017-12-04T23:33:00,2017-12-04T23:33:00,9,9
http://irail.be/vehicle/IC2045,http://irail.be/stations/NMBS/008821238,IC,2017-12-04T23:34:00,2017-12-04T23:34:00,-17,-17
http://irail.be/vehicle/IC2045,http://irail.be/stations/NMBS/008821337,IC,2017-12-04T23:35:00,2017-12-04T23:35:00,-25,-25
http://irail.be/vehicle/IC2045,http://irail.be/stations/NMBS/008821311,IC,2017-12-04T23:36:00,2017-12-04T23:36:00,-30,-30
http://irail.be/vehicle/IC2045,http://irail.be/stations/NMBS/008822210,IC,2017-12-04T23:38:00,2017-12-04T23:38:00,-24,-24
http://irail.be/vehicle/IC2045,http://irail.be/stations/NMBS/008822228,IC,2017-12-04T23:39:00,2017-12-04T23:39:00,20,20
http://irail.be/vehicle/IC2045,http://irail.be/stations/NMBS/008822343,IC,2017-12-04T23:41:00,2017-12-04T23:41:00,-19,-19
http://irail.be/vehicle/IC2045,http://irail.be/stations/NMBS/008822004,IC,2017-12-04T23:45:00,2017-12-04T23:43:00,16,-19
http://irail.be/vehicle/IC2045,http://irail.be/stations/NMBS/008822251,IC,2017-12-04T23:49:00,2017-12-04T23:49:00,13,13
http://irail.be/vehicle/IC2045,http://irail.be/stations/NMBS/008822269,IC,2017-12-04T23:50:00,2017-12-04T23:50:00,13,13
http://irail.be/vehicle/IC2045,http://irail.be/stations/NMBS/008811189,IC,2017-12-04T23:52:00,2017-12-04T23:52:00,21,21
http://irail.be/vehicle/IC2045,http://irail.be/stations/NMBS/008811148,IC,2017-12-04T23:54:00,2017-12-04T23:54:00,8,8
http://irail.be/vehicle/IC2045,http://irail.be/stations/NMBS/008811007,IC,2017-12-04T23:57:00,2017-12-04T23:57:00,-57,-57
http://irail.be/vehicle/IC2045,http://irail.be/stations/NMBS/008812005,IC,2017-12-05T00:02:00,2017-12-05T00:02:00,84,-66
http://irail.be/vehicle/IC2045,http://irail.be/stations/NMBS/008813045,IC,2017-12-05T00:04:00,2017-12-05T00:04:00,95,95
http://irail.be/vehicle/IC2045,http://irail.be/stations/NMBS/008813003,IC,2017-12-05T00:06:00,2017-12-05T00:05:00,217,201
http://irail.be/vehicle/IC2045,http://irail.be/stations/NMBS/008813037,IC,2017-12-05T00:07:00,2017-12-05T00:07:00,217,217
http://irail.be/vehicle/IC2045,http://irail.be/stations/NMBS/008814001,IC,2017-12-05T00:10:00,2017-12-05T00:10:00,,211
http://irail.be/vehicle/IC2045,http://irail.be/stations/NMBS/008821006,IC,2017-06-29T23:25:00,2017-06-29T23:25:00,34,
http://irail.be/vehicle/IC2045,http://irail.be/stations/NMBS/008821121,IC,2017-06-29T23:31:00,2017-06-29T23:29:00,29,29
http://irail.be/vehicle/IC2045,http://irail.be/stations/NMBS/008821154,IC,2017-06-29T23:33:00,2017-06-29T23:33:00,5,5
http://irail.be/vehicle/IC2045,http://irail.be/stations/NMBS/008821238,IC,2017-06-29T23:34:00,2017-06-29T23:34:00,-19,-19
http://irail.be/vehicle/IC2045,http://irail.be/stations/NMBS/008821337,IC,2017-06-29T23:35:00,2017-06-29T23:35:00,-29,-29
http://irail.be/vehicle/IC2045,http://irail.be/stations/NMBS/008821311,IC,2017-06-29T23:36:00,2017-06-29T23:36:00,-31,-31
http://irail.be/vehicle/IC2045,http://irail.be/stations/NMBS/008822210,IC,2017-06-29T23:38:00,2017-06-29T23:38:00,-26,-26
http://irail.be/vehicle/IC2045,http://irail.be/stations/NMBS/008822228,IC,2017-06-29T23:39:00,2017-06-29T23:39:00,11,11
http://irail.be/vehicle/IC2045,http://irail.be/stations/NMBS/008822343,IC,2017-06-29T23:41:00,2017-06-29T23:41:00,-31,-31
http://irail.be/vehicle/IC2045,http://irail.be/stations/NMBS/008822004,IC,2017-06-29T23:45:00,2017-06-29T23:43:00,12,-31
http://irail.be/vehicle/IC2045,http://irail.be/stations/NMBS/008822251,IC,2017-06-29T23:49:00,2017-06-29T23:49:00,-53,-53
http://irail.be/vehicle/IC2045,http://irail.be/stations/NMBS/008822269,IC,2017-06-29T23:50:00,2017-06-29T23:50:00,-53,-53
http://irail.be/vehicle/IC2045,http://irail.be/stations/NMBS/008811189,IC,2017-06-29T23:52:00,2017-06-29T23:52:00,-59,-59
http://irail.be/vehicle/IC2045,http://irail.be/stations/NMBS/008811148,IC,2017-06-29T23:54:00,2017-06-29T23:54:00,-69,-69
http://irail.be/vehicle/IC2045,http://irail.be/stations/NMBS/008811007,IC,2017-06-29T23:57:00,2017-06-29T23:57:00,-126,-126
http://irail.be/vehicle/IC2045,http://irail.be/stations/NMBS/008812005,IC,2017-06-30T00:02:00,2017-06-30T00:02:00,64,-130
http://irail.be/vehicle/IC2045,http://irail.be/stations/NMBS/008813045,IC,2017-06-30T00:04:00,2017-06-30T00:04:00,68,68
http://irail.be/vehicle/IC2045,http://irail.be/stations/NMBS/008813003,IC,2017-06-30T00:06:00,2017-06-30T00:05:00,173,179
http://irail.be/vehicle/IC2045,http://irail.be/stations/NMBS/008813037,IC,2017-06-30T00:07:00,2017-06-30T00:07:00,171,171
http://irail.be/vehicle/IC2045,http://irail.be/stations/NMBS/008814001,IC,2017-06-30T00:10:00,2017-06-30T00:10:00,,167
http://irail.be/vehicle/IC2045,http://irail.be/stations/NMBS/008821006,IC,2017-04-19T23:25:00,2017-04-19T23:25:00,19,
http://irail.be/vehicle/IC2045,http://irail.be/stations/NMBS/008821121,IC,2017-04-19T23:31:00,2017-04-19T23:29:00,27,27
http://irail.be/vehicle/IC2045,http://irail.be/stations/NMBS/008821154,IC,2017-04-19T23:33:00,2017-04-19T23:33:00,2,2
http://irail.be/vehicle/IC2045,http://irail.be/stations/NMBS/008821238,IC,2017-04-19T23:34:00,2017-04-19T23:34:00,-23,-23
http://irail.be/vehicle/IC2045,http://irail.be/stations/NMBS/008821337,IC,2017-04-19T23:35:00,2017-04-19T23:35:00,-34,-34
http://irail.be/vehicle/IC2045,NO-URI,IC,2017-04-19T23:36:00,2017-04-19T23:36:00,-37,-37
http://irail.be/vehicle/IC2045,http://irail.be/stations/NMBS/008822210,IC,2017-04-19T23:38:00,2017-04-19T23:38:00,-33,-33
http://irail.be/vehicle/IC2045,http://irail.be/stations/NMBS/008822228,IC,2017-04-19T23:39:00,2017-04-19T23:39:00,4,4
http://irail.be/vehicle/IC2045,http://irail.be/stations/NMBS/008822343,IC,2017-04-19T23:41:00,2017-04-19T23:41:00,-33,-33
http://irail.be/vehicle/IC2045,http://irail.be/stations/NMBS/008822004,IC,2017-04-19T23:45:00,2017-04-19T23:43:00,78,-33
http://irail.be/vehicle/IC2045,http://irail.be/stations/NMBS/008822251,IC,2017-04-19T23:49:00,2017-04-19T23:49:00,31,31
http://irail.be/vehicle/IC2045,http://irail.be/stations/NMBS/008822269,IC,2017-04-19T23:50:00,2017-04-19T23:50:00,31,31
http://irail.be/vehicle/IC2045,http://irail.be/stations/NMBS/008811189,IC,2017-04-19T23:52:00,2017-04-19T23:52:00,6,6
http://irail.be/vehicle/IC2045,http://irail.be/stations/NMBS/008811148,IC,2017-04-19T23:54:00,2017-04-19T23:54:00,-7,-7
http://irail.be/vehicle/IC2045,http://irail.be/stations/NMBS/008811007,IC,2017-04-19T23:57:00,2017-04-19T23:57:00,-65,-65
http://irail.be/vehicle/IC2045,http://irail.be/stations/NMBS/008812005,IC,2017-04-20T00:02:00,2017-04-20T00:02:00,-8,-82
http://irail.be/vehicle/IC2045,http://irail.be/stations/NMBS/008813045,IC,2017-04-20T00:04:00,2017-04-20T00:04:00,-17,-17
http://irail.be/vehicle/IC2045,http://irail.be/stations/NMBS/008813003,IC,2017-04-20T00:06:00,2017-04-20T00:05:00,-11,8
http://irail.be/vehicle/IC2045,http://irail.be/stations/NMBS/008813037,IC,2017-04-20T00:08:00,2017-04-20T00:08:00,-43,-43
http://irail.be/vehicle/IC2045,http://irail.be/stations/NMBS/008814001,IC,2017-04-20T00:10:00,2017-04-20T00:10:00,,0
http://irail.be/vehicle/IC2045,http://irail.be/stations/NMBS/008821006,IC,2017-06-26T23:25:00,2017-06-26T23:25:00,95,
http://irail.be/vehicle/IC2045,http://irail.be/stations/NMBS/008821121,IC,2017-06-26T23:31:00,2017-06-26T23:29:00,53,53
http://irail.be/vehicle/IC2045,http://irail.be/stations/NMBS/008821154,IC,2017-06-26T23:33:00,2017-06-26T23:33:00,31,31
http://irail.be/vehicle/IC2045,http://irail.be/stations/NMBS/008821238,IC,2017-06-26T23:34:00,2017-06-26T23:34:00,7,7
http://irail.be/vehicle/IC2045,http://irail.be/stations/NMBS/008821337,IC,2017-06-26T23:35:00,2017-06-26T23:35:00,4,4
http://irail.be/vehicle/IC2045,http://irail.be/stations/NMBS/008821311,IC,2017-06-26T23:36:00,2017-06-26T23:36:00,5,5
http://irail.be/vehicle/IC2045,http://irail.be/stations/NMBS/008822210,IC,2017-06-26T23:38:00,2017-06-26T23:38:00,13,13
http://irail.be/vehicle/IC2045,http://irail.be/stations/NMBS/008822228,IC,2017-06-26T23:39:00,2017-06-26T23:39:00,98,98
http://irail.be/vehicle/IC2045,http://irail.be/stations/NMBS/008822343,IC,2017-06-26T23:41:00,2017-06-26T23:41:00,81,81
http://irail.be/vehicle/IC2045,http://irail.be/stations/NMBS/008822004,IC,2017-06-26T23:45:00,2017-06-26T23:43:00,22,81
http://irail.be/vehicle/IC2045,http://irail.be/stations/NMBS/008822251,IC,2017-06-26T23:49:00,2017-06-26T23:49:00,-48,-48
http://irail.be/vehicle/IC2045,http://irail.be/stations/NMBS/008822269,IC,2017-06-26T23:50:00,2017-06-26T23:50:00,-48,-48
http://irail.be/vehicle/IC2045,http://irail.be/stations/NMBS/008811189,IC,2017-06-26T23:52:00,2017-06-26T23:52:00,-40,-40
http://irail.be/vehicle/IC2045,http://irail.be/stations/NMBS/008811148,IC,2017-06-26T23:54:00,2017-06-26T23:54:00,-45,-45
http://irail.be/vehicle/IC2045,http://irail.be/stations/NMBS/008811007,IC,2017-06-26T23:57:00,2017-06-26T23:57:00,-89,-89
http://irail.be/vehicle/IC2045,http://irail.be/stations/NMBS/008812005,IC,2017-06-27T00:02:00,2017-06-27T00:02:00,74,-79
http://irail.be/vehicle/IC2045,http://irail.be/stations/NMBS/008813045,IC,2017-06-27T00:04:00,2017-06-27T00:04:00,89,89
http://irail.be/vehicle/IC2045,http://irail.be/stations/NMBS/008813003,IC,2017-06-27T00:06:00,2017-06-27T00:05:00,168,155
http://irail.be/vehicle/IC2045,http://irail.be/stations/NMBS/008813037,IC,2017-06-27T00:07:00,2017-06-27T00:07:00,178,178
http://irail.be/vehicle/IC2045,http://irail.be/stations/NMBS/008814001,IC,2017-06-27T00:10:00,2017-06-27T00:10:00,,186
http://irail.be/vehicle/IC2045,http://irail.be/stations/NMBS/008821006,IC,2017-10-11T23:25:00,2017-10-11T23:25:00,105,
http://irail.be/vehicle/IC2045,http://irail.be/stations/NMBS/008821121,IC,2017-10-11T23:31:00,2017-10-11T23:29:00,91,91
http://irail.be/vehicle/IC2045,http://irail.be/stations/NMBS/008821154,IC,2017-10-11T23:33:00,2017-10-11T23:33:00,108,108
http://irail.be/vehicle/IC2045,http://irail.be/stations/NMBS/008821238,IC,2017-10-11T23:34:00,2017-10-11T23:34:00,90,90
http://irail.be/vehicle/IC2045,http://irail.be/stations/NMBS/008821337,IC,2017-10-11T23:35:00,2017-10-11T23:35:00,84,84
http://irail.be/vehicle/IC2045,http://irail.be/stations/NMBS/008821311,IC,2017-10-11T23:36:00,2017-10-11T23:36:00,83,83
http://irail.be/vehicle/IC2045,http://irail.be/stations/NMBS/008822210,IC,2017-10-11T23:38:00,2017-10-11T23:38:00,90,90
http://irail.be/vehicle/IC2045,http://irail.be/stations/NMBS/008822228,IC,2017-10-11T23:39:00,2017-10-11T23:39:00,155,155
http://irail.be/vehicle/IC2045,http://irail.be/stations/NMBS/008822343,IC,2017-10-11T23:41:00,2017-10-11T23:41:00,129,129
http://irail.be/vehicle/IC2045,http://irail.be/stations/NMBS/008822004,IC,2017-10-11T23:45:00,2017-10-11T23:43:00,65,129
http://irail.be/vehicle/IC2045,http://irail.be/stations/NMBS/008822251,IC,2017-10-11T23:49:00,2017-10-11T23:49:00,100,100
http://irail.be/vehicle/IC2045,http://irail.be/stations/NMBS/008822269,IC,2017-10-11T23:50:00,2017-10-11T23:50:00,100,100
http://irail.be/vehicle/IC2045,http://irail.be/stations/NMBS/008811189,IC,2017-10-11T23:52:00,2017-10-11T23:52:00,107,107
http://irail.be/vehicle/IC2045,http://irail.be/stations/NMBS/008811148,IC,2017-10-11T23:54:00,2017-10-11T23:54:00,96,96
http://irail.be/vehicle/IC2045,http://irail.be/stations/NMBS/008811007,IC,2017-10-11T23:57:00,2017-10-11T23:57:00,42,42
http://irail.be/vehicle/IC2045,http://irail.be/stations/NMBS/008812005,IC,2017-10-12T00:02:00,2017-10-12T00:02:00,66,41
http://irail.be/vehicle/IC2045,http://irail.be/stations/NMBS/008813045,IC,2017-10-12T00:04:00,2017-10-12T00:04:00,71,71
http://irail.be/vehicle/IC2045,http://irail.be/stations/NMBS/008813003,IC,2017-10-12T00:06:00,2017-10-12T00:05:00,155,162
http://irail.be/vehicle/IC2045,http://irail.be/stations/NMBS/008813037,IC,2017-10-12T00:07:00,2017-10-12T00:07:00,155,155
http://irail.be/vehicle/IC2045,http://irail.be/stations/NMBS/008814001,IC,2017-10-12T00:10:00,2017-10-12T00:10:00,,157
http://irail.be/vehicle/IC2045,http://irail.be/stations/NMBS/008821006,IC,2017-02-15T23:25:00,2017-02-15T23:25:00,40,
http://irail.be/vehicle/IC2045,http://irail.be/stations/NMBS/008821121,IC,2017-02-15T23:31:00,2017-02-15T23:29:00,28,28
http://irail.be/vehicle/IC2045,http://irail.be/stations/NMBS/008821154,IC,2017-02-15T23:33:00,2017-02-15T23:33:00,7,6
http://irail.be/vehicle/IC2045,http://irail.be/stations/NMBS/008821238,IC,2017-02-15T23:34:00,2017-02-15T23:34:00,-17,-17
http://irail.be/vehicle/IC2045,http://irail.be/stations/NMBS/008821337,IC,2017-02-15T23:35:00,2017-02-15T23:35:00,-25,-25
http://irail.be/vehicle/IC2045,NO-URI,IC,2017-02-15T23:36:00,2017-02-15T23:36:00,-25,-25
http://irail.be/vehicle/IC2045,http://irail.be/stations/NMBS/008822210,IC,2017-02-15T23:38:00,2017-02-15T23:38:00,-19,-19
http://irail.be/vehicle/IC2045,http://irail.be/stations/NMBS/008822228,IC,2017-02-15T23:39:00,2017-02-15T23:39:00,29,29
http://irail.be/vehicle/IC2045,http://irail.be/stations/NMBS/008822343,IC,2017-02-15T23:41:00,2017-02-15T23:41:00,-12,-12
http://irail.be/vehicle/IC2045,http://irail.be/stations/NMBS/008822004,IC,2017-02-15T23:45:00,2017-02-15T23:43:00,14,-12
http://irail.be/vehicle/IC2045,http://irail.be/stations/NMBS/008822251,IC,2017-02-15T23:49:00,2017-02-15T23:49:00,-28,-28
http://irail.be/vehicle/IC2045,http://irail.be/stations/NMBS/008822269,IC,2017-02-15T23:50:00,2017-02-15T23:50:00,-28,-28
http://irail.be/vehicle/IC2045,http://irail.be/stations/NMBS/008811189,IC,2017-02-15T23:52:00,2017-02-15T23:52:00,-50,-50
http://irail.be/vehicle/IC2045,http://irail.be/stations/NMBS/008811148,IC,2017-02-15T23:54:00,2017-02-15T23:54:00,-58,-58
http://irail.be/vehicle/IC2045,http://irail.be/stations/NMBS/008811007,IC,2017-02-15T23:57:00,2017-02-15T23:57:00,172,172
http://irail.be/vehicle/IC2045,http://irail.be/stations/NMBS/008812005,IC,2017-02-16T00:02:00,2017-02-16T00:02:00,179,227
http://irail.be/vehicle/IC2045,http://irail.be/stations/NMBS/008813045,IC,2017-02-16T00:04:00,2017-02-16T00:04:00,182,182
http://irail.be/vehicle/IC2045,http://irail.be/stations/NMBS/008813003,IC,2017-02-16T00:06:00,2017-02-16T00:05:00,276,294
http://irail.be/vehicle/IC2045,http://irail.be/stations/NMBS/008813037,IC,2017-02-16T00:07:00,2017-02-16T00:07:00,278,278
http://irail.be/vehicle/IC2045,http://irail.be/stations/NMBS/008814001,IC,2017-02-16T00:10:00,2017-02-16T00:10:00,,0
http://irail.be/vehicle/IC2045,http://irail.be/stations/NMBS/008821006,IC,2017-09-25T23:25:00,2017-09-25T23:25:00,137,
http://irail.be/vehicle/IC2045,http://irail.be/stations/NMBS/008821121,IC,2017-09-25T23:31:00,2017-09-25T23:29:00,95,95
http://irail.be/vehicle/IC2045,http://irail.be/stations/NMBS/008821154,IC,2017-09-25T23:33:00,2017-09-25T23:33:00,74,74
http://irail.be/vehicle/IC2045,http://irail.be/stations/NMBS/008821238,IC,2017-09-25T23:34:00,2017-09-25T23:34:00,50,50
http://irail.be/vehicle/IC2045,http://irail.be/stations/NMBS/008821337,IC,2017-09-25T23:35:00,2017-09-25T23:35:00,42,42
http://irail.be/vehicle/IC2045,http://irail.be/stations/NMBS/008821311,IC,2017-09-25T23:36:00,2017-09-25T23:36:00,40,40
http://irail.be/vehicle/IC2045,http://irail.be/stations/NMBS/008822210,IC,2017-09-25T23:38:00,2017-09-25T23:38:00,46,46
http://irail.be/vehicle/IC2045,http://irail.be/stations/NMBS/008822228,IC,2017-09-25T23:39:00,2017-09-25T23:39:00,108,108
http://irail.be/vehicle/IC2045,http://irail.be/stations/NMBS/008822343,IC,2017-09-25T23:41:00,2017-09-25T23:41:00,129,129
http://irail.be/vehicle/IC2045,http://irail.be/stations/NMBS/008822004,IC,2017-09-25T23:45:00,2017-09-25T23:43:00,91,129
http://irail.be/vehicle/IC2045,http://irail.be/stations/NMBS/008822251,IC,2017-09-25T23:48:35,2017-09-25T23:49:00,91,91
http://irail.be/vehicle/IC2045,http://irail.be/stations/NMBS/008822269,IC,2017-09-25T23:50:00,2017-09-25T23:50:00,117,117
http://irail.be/vehicle/IC2045,http://irail.be/stations/NMBS/008811189,IC,2017-09-25T23:52:00,2017-09-25T23:52:00,117,117
http://irail.be/vehicle/IC2045,http://irail.be/stations/NMBS/008811148,IC,2017-09-25T23:54:00,2017-09-25T23:54:00,137,137
http://irail.be/vehicle/IC2045,http://irail.be/stations/NMBS/008811007,IC,2017-09-25T23:57:00,2017-09-25T23:57:00,253,253
http://irail.be/vehicle/IC2045,http://irail.be/stations/NMBS/008812005,IC,2017-09-26T00:02:00,2017-09-26T00:02:00,260,300
http://irail.be/vehicle/IC2045,http://irail.be/stations/NMBS/008813045,IC,2017-09-26T00:04:00,2017-09-26T00:04:00,265,265
http://irail.be/vehicle/IC2045,http://irail.be/stations/NMBS/008813003,IC,2017-09-26T00:06:00,2017-09-26T00:05:00,288,293
http://irail.be/vehicle/IC2045,http://irail.be/stations/NMBS/008813037,IC,2017-09-26T00:07:00,2017-09-26T00:07:00,288,288
http://irail.be/vehicle/IC2045,http://irail.be/stations/NMBS/008814001,IC,2017-09-26T00:10:00,2017-09-26T00:10:00,,291
http://irail.be/vehicle/IC2045,http://irail.be/stations/NMBS/008821006,IC,2017-04-03T23:25:00,2017-04-03T23:25:00,11,
http://irail.be/vehicle/IC2045,http://irail.be/stations/NMBS/008821121,IC,2017-04-03T23:31:00,2017-04-03T23:29:00,48,48
http://irail.be/vehicle/IC2045,http://irail.be/stations/NMBS/008821154,IC,2017-04-03T23:33:00,2017-04-03T23:33:00,25,25
http://irail.be/vehicle/IC2045,http://irail.be/stations/NMBS/008821238,IC,2017-04-03T23:34:00,2017-04-03T23:34:00,0,0
http://irail.be/vehicle/IC2045,http://irail.be/stations/NMBS/008821337,IC,2017-04-03T23:35:00,2017-04-03T23:35:00,-9,-9
http://irail.be/vehicle/IC2045,NO-URI,IC,2017-04-03T23:36:00,2017-04-03T23:36:00,-9,-9
http://irail.be/vehicle/IC2045,http://irail.be/stations/NMBS/008822210,IC,2017-04-03T23:38:00,2017-04-03T23:38:00,-3,-3
http://irail.be/vehicle/IC2045,http://irail.be/stations/NMBS/008822228,IC,2017-04-03T23:39:00,2017-04-03T23:39:00,44,44
http://irail.be/vehicle/IC2045,http://irail.be/stations/NMBS/008822343,IC,2017-04-03T23:41:00,2017-04-03T23:41:00,-5,-5
http://irail.be/vehicle/IC2045,http://irail.be/stations/NMBS/008822004,IC,2017-04-03T23:45:00,2017-04-03T23:43:00,94,-5
http://irail.be/vehicle/IC2045,http://irail.be/stations/NMBS/008822251,IC,2017-04-03T23:49:00,2017-04-03T23:49:00,51,51
http://irail.be/vehicle/IC2045,http://irail.be/stations/NMBS/008822269,IC,2017-04-03T23:50:00,2017-04-03T23:50:00,51,51
http://irail.be/vehicle/IC2045,http://irail.be/stations/NMBS/008811189,IC,2017-04-03T23:52:00,2017-04-03T23:52:00,29,29
http://irail.be/vehicle/IC2045,http://irail.be/stations/NMBS/008811148,IC,2017-04-03T23:54:00,2017-04-03T23:54:00,20,20
http://irail.be/vehicle/IC2045,http://irail.be/stations/NMBS/008811007,IC,2017-04-03T23:57:00,2017-04-03T23:57:00,138,138
http://irail.be/vehicle/IC2045,http://irail.be/stations/NMBS/008812005,IC,2017-04-04T00:02:00,2017-04-04T00:02:00,108,169
http://irail.be/vehicle/IC2045,http://irail.be/stations/NMBS/008813045,IC,2017-04-04T00:04:00,2017-04-04T00:04:00,103,103
http://irail.be/vehicle/IC2045,http://irail.be/stations/NMBS/008813003,IC,2017-04-04T00:06:00,2017-04-04T00:05:00,114,123
http://irail.be/vehicle/IC2045,http://irail.be/stations/NMBS/008813037,IC,2017-04-04T00:07:00,2017-04-04T00:07:00,115,115
http://irail.be/vehicle/IC2045,http://irail.be/stations/NMBS/008814001,IC,2017-04-04T00:10:00,2017-04-04T00:10:00,,116
http://irail.be/vehicle/IC2045,http://irail.be/stations/NMBS/008821006,IC,2017-11-24T23:25:00,2017-11-24T23:25:00,40,
http://irail.be/vehicle/IC2045,http://irail.be/stations/NMBS/008821121,IC,2017-11-24T23:31:00,2017-11-24T23:29:00,45,45
http://irail.be/vehicle/IC2045,http://irail.be/stations/NMBS/008821154,IC,2017-11-24T23:33:00,2017-11-24T23:33:00,19,19
http://irail.be/vehicle/IC2045,http://irail.be/stations/NMBS/008821238,IC,2017-11-24T23:34:00,2017-11-24T23:34:00,-6,-6
http://irail.be/vehicle/IC2045,http://irail.be/stations/NMBS/008821337,IC,2017-11-24T23:35:00,2017-11-24T23:35:00,-15,-15
http://irail.be/vehicle/IC2045,http://irail.be/stations/NMBS/008821311,IC,2017-11-24T23:36:00,2017-11-24T23:36:00,-18,-18
http://irail.be/vehicle/IC2045,http://irail.be/stations/NMBS/008822210,IC,2017-11-24T23:38:00,2017-11-24T23:38:00,-12,-12
http://irail.be/vehicle/IC2045,http://irail.be/stations/NMBS/008822228,IC,2017-11-24T23:39:00,2017-11-24T23:39:00,39,39
http://irail.be/vehicle/IC2045,http://irail.be/stations/NMBS/008822343,IC,2017-11-24T23:41:00,2017-11-24T23:41:00,37,37
http://irail.be/vehicle/IC2045,http://irail.be/stations/NMBS/008822004,IC,2017-11-24T23:45:00,2017-11-24T23:43:00,14,37
http://irail.be/vehicle/IC2045,http://irail.be/stations/NMBS/008822251,IC,2017-11-24T23:49:00,2017-11-24T23:49:00,16,16
http://irail.be/vehicle/IC2045,http://irail.be/stations/NMBS/008822269,IC,2017-11-24T23:50:00,2017-11-24T23:50:00,16,16
http://irail.be/vehicle/IC2045,http://irail.be/stations/NMBS/008811189,IC,2017-11-24T23:52:00,2017-11-24T23:52:00,25,25
http://irail.be/vehicle/IC2045,http://irail.be/stations/NMBS/008811148,IC,2017-11-24T23:54:00,2017-11-24T23:54:00,13,13
http://irail.be/vehicle/IC2045,http://irail.be/stations/NMBS/008811007,IC,2017-11-24T23:57:00,2017-11-24T23:57:00,-52,-52
http://irail.be/vehicle/IC2045,http://irail.be/stations/NMBS/008812005,IC,2017-11-25T00:02:00,2017-11-25T00:02:00,107,40
http://irail.be/vehicle/IC2045,http://irail.be/stations/NMBS/008813045,IC,2017-11-25T00:04:00,2017-11-25T00:04:00,108,108
http://irail.be/vehicle/IC2045,http://irail.be/stations/NMBS/008813003,IC,2017-11-25T00:06:00,2017-11-25T00:05:00,214,219
http://irail.be/vehicle/IC2045,http://irail.be/stations/NMBS/008813037,IC,2017-11-25T00:07:00,2017-11-25T00:07:00,214,214
http://irail.be/vehicle/IC2045,http://irail.be/stations/NMBS/008814001,IC,2017-11-25T00:10:00,2017-11-25T00:10:00,,235
http://irail.be/vehicle/IC2045,http://irail.be/stations/NMBS/008821006,IC,2017-03-15T23:25:00,2017-03-15T23:25:00,3,
http://irail.be/vehicle/IC2045,http://irail.be/stations/NMBS/008821121,IC,2017-03-15T23:31:00,2017-03-15T23:29:00,33,33
http://irail.be/vehicle/IC2045,http://irail.be/stations/NMBS/008821154,IC,2017-03-15T23:33:00,2017-03-15T23:33:00,13,13
http://irail.be/vehicle/IC2045,http://irail.be/stations/NMBS/008821238,IC,2017-03-15T23:34:00,2017-03-15T23:34:00,-10,-10
http://irail.be/vehicle/IC2045,http://irail.be/stations/NMBS/008821337,IC,2017-03-15T23:35:00,2017-03-15T23:35:00,-18,-18
http://irail.be/vehicle/IC2045,NO-URI,IC,2017-03-15T23:36:00,2017-03-15T23:36:00,-19,-19
http://irail.be/vehicle/IC2045,http://irail.be/stations/NMBS/008822210,IC,2017-03-15T23:38:00,2017-03-15T23:38:00,-11,-11
http://irail.be/vehicle/IC2045,http://irail.be/stations/NMBS/008822228,IC,2017-03-15T23:39:00,2017-03-15T23:39:00,46,46
http://irail.be/vehicle/IC2045,http://irail.be/stations/NMBS/008822343,IC,2017-03-15T23:41:00,2017-03-15T23:41:00,13,13
http://irail.be/vehicle/IC2045,http://irail.be/stations/NMBS/008822004,IC,2017-03-15T23:45:00,2017-03-15T23:43:00,66,13
http://irail.be/vehicle/IC2045,http://irail.be/stations/NMBS/008822251,IC,2017-03-15T23:49:00,2017-03-15T23:49:00,21,21
http://irail.be/vehicle/IC2045,http://irail.be/stations/NMBS/008822269,IC,2017-03-15T23:50:00,2017-03-15T23:50:00,21,21
http://irail.be/vehicle/IC2045,http://irail.be/stations/NMBS/008811189,IC,2017-03-15T23:52:00,2017-03-15T23:52:00,-3,-3
http://irail.be/vehicle/IC2045,http://irail.be/stations/NMBS/008811148,IC,2017-03-15T23:54:00,2017-03-15T23:54:00,-13,-13
http://irail.be/vehicle/IC2045,http://irail.be/stations/NMBS/008811007,IC,2017-03-15T23:57:00,2017-03-15T23:57:00,-65,-65
http://irail.be/vehicle/IC2045,http://irail.be/stations/NMBS/008812005,IC,2017-03-16T00:02:00,2017-03-16T00:02:00,-14,-61
http://irail.be/vehicle/IC2045,http://irail.be/stations/NMBS/008813045,IC,2017-03-16T00:04:00,2017-03-16T00:04:00,-17,-17
http://irail.be/vehicle/IC2045,http://irail.be/stations/NMBS/008813003,IC,2017-03-16T00:06:00,2017-03-16T00:05:00,8,5
http://irail.be/vehicle/IC2045,http://irail.be/stations/NMBS/008813037,IC,2017-03-16T00:07:00,2017-03-16T00:07:00,9,9
http://irail.be/vehicle/IC2045,http://irail.be/stations/NMBS/008814001,IC,2017-03-16T00:10:00,2017-03-16T00:10:00,,19
http://irail.be/vehicle/IC2045,http://irail.be/stations/NMBS/008821006,IC,2017-11-14T23:25:00,2017-11-14T23:25:00,672,
http://irail.be/vehicle/IC2045,http://irail.be/stations/NMBS/008821121,IC,2017-11-14T23:31:00,2017-11-14T23:29:00,551,551
http://irail.be/vehicle/IC2045,http://irail.be/stations/NMBS/008821154,IC,2017-11-14T23:33:00,2017-11-14T23:33:00,523,523
http://irail.be/vehicle/IC2045,http://irail.be/stations/NMBS/008821238,IC,2017-11-14T23:34:00,2017-11-14T23:34:00,496,496
http://irail.be/vehicle/IC2045,http://irail.be/stations/NMBS/008821337,IC,2017-11-14T23:35:00,2017-11-14T23:35:00,487,487
http://irail.be/vehicle/IC2045,http://irail.be/stations/NMBS/008821311,IC,2017-11-14T23:36:00,2017-11-14T23:36:00,483,483
http://irail.be/vehicle/IC2045,http://irail.be/stations/NMBS/008822210,IC,2017-11-14T23:38:00,2017-11-14T23:38:00,488,488
http://irail.be/vehicle/IC2045,http://irail.be/stations/NMBS/008822228,IC,2017-11-14T23:39:00,2017-11-14T23:39:00,532,532
http://irail.be/vehicle/IC2045,http://irail.be/stations/NMBS/008822343,IC,2017-11-14T23:41:00,2017-11-14T23:41:00,492,492
http://irail.be/vehicle/IC2045,http://irail.be/stations/NMBS/008822004,IC,2017-11-14T23:45:00,2017-11-14T23:43:00,488,492
http://irail.be/vehicle/IC2045,http://irail.be/stations/NMBS/008822251,IC,2017-11-14T23:49:00,2017-11-14T23:49:00,474,474
http://irail.be/vehicle/IC2045,http://irail.be/stations/NMBS/008822269,IC,2017-11-14T23:50:00,2017-11-14T23:50:00,474,474
http://irail.be/vehicle/IC2045,http://irail.be/stations/NMBS/008811189,IC,2017-11-14T23:52:00,2017-11-14T23:52:00,477,477
http://irail.be/vehicle/IC2045,http://irail.be/stations/NMBS/008811148,IC,2017-11-14T23:54:00,2017-11-14T23:54:00,463,463
http://irail.be/vehicle/IC2045,http://irail.be/stations/NMBS/008811007,IC,2017-11-14T23:57:00,2017-11-14T23:57:00,394,394
http://irail.be/vehicle/IC2045,http://irail.be/stations/NMBS/008812005,IC,2017-11-15T00:02:00,2017-11-15T00:02:00,258,367
http://irail.be/vehicle/IC2045,http://irail.be/stations/NMBS/008813045,IC,2017-11-15T00:04:00,2017-11-15T00:04:00,256,256
http://irail.be/vehicle/IC2045,http://irail.be/stations/NMBS/008813003,IC,2017-11-15T00:06:00,2017-11-15T00:05:00,240,277
http://irail.be/vehicle/IC2045,http://irail.be/stations/NMBS/008813037,IC,2017-11-15T00:08:00,2017-11-15T00:08:00,204,204
http://irail.be/vehicle/IC2045,http://irail.be/stations/NMBS/008814001,IC,2017-11-15T00:10:00,2017-11-15T00:10:00,,247
http://irail.be/vehicle/IC2045,http://irail.be/stations/NMBS/008821006,IC,2017-07-06T23:25:00,2017-07-06T23:25:00,-9,
http://irail.be/vehicle/IC2045,http://irail.be/stations/NMBS/008821121,IC,2017-07-06T23:31:00,2017-07-06T23:29:00,51,51
http://irail.be/vehicle/IC2045,http://irail.be/stations/NMBS/008821154,IC,2017-07-06T23:33:00,2017-07-06T23:33:00,29,29
http://irail.be/vehicle/IC2045,http://irail.be/stations/NMBS/008821238,IC,2017-07-06T23:34:00,2017-07-06T23:34:00,5,5
http://irail.be/vehicle/IC2045,http://irail.be/stations/NMBS/008821337,IC,2017-07-06T23:35:00,2017-07-06T23:35:00,-2,-2
http://irail.be/vehicle/IC2045,http://irail.be/stations/NMBS/008821311,IC,2017-07-06T23:36:00,2017-07-06T23:36:00,-1,-1
http://irail.be/vehicle/IC2045,http://irail.be/stations/NMBS/008822210,IC,2017-07-06T23:38:00,2017-07-06T23:38:00,7,7
http://irail.be/vehicle/IC2045,http://irail.be/stations/NMBS/008822228,IC,2017-07-06T23:39:00,2017-07-06T23:39:00,70,70
http://irail.be/vehicle/IC2045,http://irail.be/stations/NMBS/008822343,IC,2017-07-06T23:41:00,2017-07-06T23:41:00,40,40
http://irail.be/vehicle/IC2045,http://irail.be/stations/NMBS/008822004,IC,2017-07-06T23:45:00,2017-07-06T23:43:00,77,40
http://irail.be/vehicle/IC2045,http://irail.be/stations/NMBS/008822251,IC,2017-07-06T23:49:00,2017-07-06T23:49:00,23,23
http://irail.be/vehicle/IC2045,http://irail.be/stations/NMBS/008822269,IC,2017-07-06T23:50:00,2017-07-06T23:50:00,23,23
http://irail.be/vehicle/IC2045,http://irail.be/stations/NMBS/008811189,IC,2017-07-06T23:52:00,2017-07-06T23:52:00,22,22
http://irail.be/vehicle/IC2045,http://irail.be/stations/NMBS/008811148,IC,2017-07-06T23:54:00,2017-07-06T23:54:00,14,14
http://irail.be/vehicle/IC2045,http://irail.be/stations/NMBS/008811007,IC,2017-07-06T23:57:00,2017-07-06T23:57:00,85,85
http://irail.be/vehicle/IC2045,http://irail.be/stations/NMBS/008812005,IC,2017-07-07T00:02:00,2017-07-07T00:02:00,90,118
http://irail.be/vehicle/IC2045,http://irail.be/stations/NMBS/008813045,IC,2017-07-07T00:04:00,2017-07-07T00:04:00,99,99
http://irail.be/vehicle/IC2045,http://irail.be/stations/NMBS/008813003,IC,2017-07-07T00:06:00,2017-07-07T00:05:00,191,199
http://irail.be/vehicle/IC2045,http://irail.be/stations/NMBS/008813037,IC,2017-07-07T00:07:00,2017-07-07T00:07:00,191,191
http://irail.be/vehicle/IC2045,http://irail.be/stations/NMBS/008814001,IC,2017-07-07T00:10:00,2017-07-07T00:10:00,,202
http://irail.be/vehicle/IC2045,http://irail.be/stations/NMBS/008821006,IC,2017-01-17T23:25:00,2017-01-17T23:25:00,14,
http://irail.be/vehicle/IC2045,http://irail.be/stations/NMBS/008821121,IC,2017-01-17T23:31:00,2017-01-17T23:29:00,34,34
http://irail.be/vehicle/IC2045,http://irail.be/stations/NMBS/008821154,IC,2017-01-17T23:33:00,2017-01-17T23:33:00,12,12
http://irail.be/vehicle/IC2045,http://irail.be/stations/NMBS/008821238,IC,2017-01-17T23:34:00,2017-01-17T23:34:00,-12,-12
http://irail.be/vehicle/IC2045,http://irail.be/stations/NMBS/008821337,IC,2017-01-17T23:35:00,2017-01-17T23:35:00,-20,-20
http://irail.be/vehicle/IC2045,NO-URI,IC,2017-01-17T23:36:00,2017-01-17T23:36:00,-21,-21
http://irail.be/vehicle/IC2045,http://irail.be/stations/NMBS/008822210,IC,2017-01-17T23:38:00,2017-01-17T23:38:00,-14,-14
http://irail.be/vehicle/IC2045,http://irail.be/stations/NMBS/008822228,IC,2017-01-17T23:39:00,2017-01-17T23:39:00,35,35
http://irail.be/vehicle/IC2045,http://irail.be/stations/NMBS/008822343,IC,2017-01-17T23:41:00,2017-01-17T23:41:00,-10,-10
http://irail.be/vehicle/IC2045,http://irail.be/stations/NMBS/008822004,IC,2017-01-17T23:45:00,2017-01-17T23:43:00,14,-10
http://irail.be/vehicle/IC2045,http://irail.be/stations/NMBS/008822251,IC,2017-01-17T23:49:00,2017-01-17T23:49:00,-48,-48
http://irail.be/vehicle/IC2045,http://irail.be/stations/NMBS/008822269,IC,2017-01-17T23:50:00,2017-01-17T23:50:00,-48,-48
http://irail.be/vehicle/IC2045,http://irail.be/stations/NMBS/008811189,IC,2017-01-17T23:52:00,2017-01-17T23:52:00,-52,-52
http://irail.be/vehicle/IC2045,http://irail.be/stations/NMBS/008811148,IC,2017-01-17T23:54:00,2017-01-17T23:54:00,-63,-63
http://irail.be/vehicle/IC2045,http://irail.be/stations/NMBS/008811007,IC,2017-01-17T23:57:00,2017-01-17T23:57:00,311,311
http://irail.be/vehicle/IC2045,http://irail.be/stations/NMBS/008812005,IC,2017-01-18T00:02:00,2017-01-18T00:02:00,452,325
http://irail.be/vehicle/IC2045,http://irail.be/stations/NMBS/008813045,IC,2017-01-18T00:04:00,2017-01-18T00:04:00,449,449
http://irail.be/vehicle/IC2045,http://irail.be/stations/NMBS/008813003,IC,2017-01-18T00:06:00,2017-01-18T00:05:00,520,518
http://irail.be/vehicle/IC2045,http://irail.be/stations/NMBS/008813037,IC,2017-01-18T00:07:00,2017-01-18T00:07:00,521,521
http://irail.be/vehicle/IC2045,http://irail.be/stations/NMBS/008814001,IC,2017-01-18T00:10:00,2017-01-18T00:10:00,,518
http://irail.be/vehicle/IC2045,http://irail.be/stations/NMBS/008821006,IC,2017-10-23T23:25:00,2017-10-23T23:25:00,10,
http://irail.be/vehicle/IC2045,http://irail.be/stations/NMBS/008821121,IC,2017-10-23T23:31:00,2017-10-23T23:29:00,69,69
http://irail.be/vehicle/IC2045,http://irail.be/stations/NMBS/008821154,IC,2017-10-23T23:33:00,2017-10-23T23:33:00,42,42
http://irail.be/vehicle/IC2045,http://irail.be/stations/NMBS/008821238,IC,2017-10-23T23:34:00,2017-10-23T23:34:00,19,19
http://irail.be/vehicle/IC2045,http://irail.be/stations/NMBS/008821337,IC,2017-10-23T23:35:00,2017-10-23T23:35:00,10,10
http://irail.be/vehicle/IC2045,http://irail.be/stations/NMBS/008821311,IC,2017-10-23T23:36:00,2017-10-23T23:36:00,9,9
http://irail.be/vehicle/IC2045,http://irail.be/stations/NMBS/008822210,IC,2017-10-23T23:38:00,2017-10-23T23:38:00,15,15
http://irail.be/vehicle/IC2045,http://irail.be/stations/NMBS/008822228,IC,2017-10-23T23:39:00,2017-10-23T23:39:00,68,68
http://irail.be/vehicle/IC2045,http://irail.be/stations/NMBS/008822343,IC,2017-10-23T23:41:00,2017-10-23T23:41:00,35,35
http://irail.be/vehicle/IC2045,http://irail.be/stations/NMBS/008822004,IC,2017-10-23T23:45:00,2017-10-23T23:43:00,32,35
http://irail.be/vehicle/IC2045,http://irail.be/stations/NMBS/008822251,IC,2017-10-23T23:49:00,2017-10-23T23:49:00,24,24
http://irail.be/vehicle/IC2045,http://irail.be/stations/NMBS/008822269,IC,2017-10-23T23:50:00,2017-10-23T23:50:00,24,24
http://irail.be/vehicle/IC2045,http://irail.be/stations/NMBS/008811189,IC,2017-10-23T23:52:00,2017-10-23T23:52:00,33,33
http://irail.be/vehicle/IC2045,http://irail.be/stations/NMBS/008811148,IC,2017-10-23T23:54:00,2017-10-23T23:54:00,21,21
http://irail.be/vehicle/IC2045,http://irail.be/stations/NMBS/008811007,IC,2017-10-23T23:57:00,2017-10-23T23:57:00,137,137
http://irail.be/vehicle/IC2045,http://irail.be/stations/NMBS/008812005,IC,2017-10-24T00:02:00,2017-10-24T00:02:00,242,267
http://irail.be/vehicle/IC2045,http://irail.be/stations/NMBS/008813045,IC,2017-10-24T00:04:00,2017-10-24T00:04:00,250,250
http://irail.be/vehicle/IC2045,http://irail.be/stations/NMBS/008813003,IC,2017-10-24T00:06:00,2017-10-24T00:05:00,377,366
http://irail.be/vehicle/IC2045,http://irail.be/stations/NMBS/008813037,IC,2017-10-24T00:07:00,2017-10-24T00:07:00,377,377
http://irail.be/vehicle/IC2045,http://irail.be/stations/NMBS/008814001,IC,2017-10-24T00:10:00,2017-10-24T00:10:00,,383
http://irail.be/vehicle/IC2045,http://irail.be/stations/NMBS/008821006,IC,2017-10-24T23:25:00,2017-10-24T23:25:00,66,
http://irail.be/vehicle/IC2045,http://irail.be/stations/NMBS/008821121,IC,2017-10-24T23:31:00,2017-10-24T23:29:00,65,65
http://irail.be/vehicle/IC2045,http://irail.be/stations/NMBS/008821154,IC,2017-10-24T23:33:00,2017-10-24T23:33:00,39,39
http://irail.be/vehicle/IC2045,http://irail.be/stations/NMBS/008821238,IC,2017-10-24T23:34:00,2017-10-24T23:34:00,16,16
http://irail.be/vehicle/IC2045,http://irail.be/stations/NMBS/008821337,IC,2017-10-24T23:35:00,2017-10-24T23:35:00,5,5
http://irail.be/vehicle/IC2045,http://irail.be/stations/NMBS/008821311,IC,2017-10-24T23:36:00,2017-10-24T23:36:00,2,2
http://irail.be/vehicle/IC2045,http://irail.be/stations/NMBS/008822210,IC,2017-10-24T23:38:00,2017-10-24T23:38:00,7,7
http://irail.be/vehicle/IC2045,http://irail.be/stations/NMBS/008822228,IC,2017-10-24T23:39:00,2017-10-24T23:39:00,49,49
http://irail.be/vehicle/IC2045,http://irail.be/stations/NMBS/008822343,IC,2017-10-24T23:41:00,2017-10-24T23:41:00,19,19
http://irail.be/vehicle/IC2045,http://irail.be/stations/NMBS/008822004,IC,2017-10-24T23:45:00,2017-10-24T23:43:00,25,19
http://irail.be/vehicle/IC2045,http://irail.be/stations/NMBS/008822251,IC,2017-10-24T23:49:00,2017-10-24T23:49:00,52,52
http://irail.be/vehicle/IC2045,http://irail.be/stations/NMBS/008822269,IC,2017-10-24T23:50:00,2017-10-24T23:50:00,52,52
http://irail.be/vehicle/IC2045,http://irail.be/stations/NMBS/008811189,IC,2017-10-24T23:52:00,2017-10-24T23:52:00,57,57
http://irail.be/vehicle/IC2045,http://irail.be/stations/NMBS/008811148,IC,2017-10-24T23:54:00,2017-10-24T23:54:00,45,45
http://irail.be/vehicle/IC2045,http://irail.be/stations/NMBS/008811007,IC,2017-10-24T23:57:00,2017-10-24T23:57:00,183,183
http://irail.be/vehicle/IC2045,http://irail.be/stations/NMBS/008812005,IC,2017-10-25T00:02:00,2017-10-25T00:02:00,142,255
http://irail.be/vehicle/IC2045,http://irail.be/stations/NMBS/008813045,IC,2017-10-25T00:04:00,2017-10-25T00:04:00,139,139
http://irail.be/vehicle/IC2045,http://irail.be/stations/NMBS/008813003,IC,2017-10-25T00:06:00,2017-10-25T00:05:00,148,160
http://irail.be/vehicle/IC2045,http://irail.be/stations/NMBS/008813037,IC,2017-10-25T00:07:00,2017-10-25T00:07:00,148,148
http://irail.be/vehicle/IC2045,http://irail.be/stations/NMBS/008814001,IC,2017-10-25T00:10:00,2017-10-25T00:10:00,,140
http://irail.be/vehicle/IC2045,http://irail.be/stations/NMBS/008821006,IC,2017-04-14T23:25:00,2017-04-14T23:25:00,14,
http://irail.be/vehicle/IC2045,http://irail.be/stations/NMBS/008821121,IC,2017-04-14T23:31:00,2017-04-14T23:29:00,33,33
http://irail.be/vehicle/IC2045,http://irail.be/stations/NMBS/008821154,IC,2017-04-14T23:33:00,2017-04-14T23:33:00,10,10
http://irail.be/vehicle/IC2045,http://irail.be/stations/NMBS/008821238,IC,2017-04-14T23:34:00,2017-04-14T23:34:00,-12,-12
http://irail.be/vehicle/IC2045,http://irail.be/stations/NMBS/008821337,IC,2017-04-14T23:35:00,2017-04-14T23:35:00,-20,-20
http://irail.be/vehicle/IC2045,NO-URI,IC,2017-04-14T23:36:00,2017-04-14T23:36:00,-21,-21
http://irail.be/vehicle/IC2045,http://irail.be/stations/NMBS/008822210,IC,2017-04-14T23:38:00,2017-04-14T23:38:00,-15,-15
http://irail.be/vehicle/IC2045,http://irail.be/stations/NMBS/008822228,IC,2017-04-14T23:39:00,2017-04-14T23:39:00,32,32
http://irail.be/vehicle/IC2045,http://irail.be/stations/NMBS/008822343,IC,2017-04-14T23:41:00,2017-04-14T23:41:00,-19,-19
http://irail.be/vehicle/IC2045,http://irail.be/stations/NMBS/008822004,IC,2017-04-14T23:45:00,2017-04-14T23:43:00,24,-19
http://irail.be/vehicle/IC2045,http://irail.be/stations/NMBS/008822251,IC,2017-04-14T23:49:00,2017-04-14T23:49:00,-26,-26
http://irail.be/vehicle/IC2045,http://irail.be/stations/NMBS/008822269,IC,2017-04-14T23:50:00,2017-04-14T23:50:00,-26,-26
http://irail.be/vehicle/IC2045,http://irail.be/stations/NMBS/008811189,IC,2017-04-14T23:52:00,2017-04-14T23:52:00,-50,-50
http://irail.be/vehicle/IC2045,http://irail.be/stations/NMBS/008811148,IC,2017-04-14T23:54:00,2017-04-14T23:54:00,-62,-62
http://irail.be/vehicle/IC2045,http://irail.be/stations/NMBS/008811007,IC,2017-04-14T23:57:00,2017-04-14T23:57:00,-122,-122
http://irail.be/vehicle/IC2045,http://irail.be/stations/NMBS/008812005,IC,2017-04-15T00:02:00,2017-04-15T00:02:00,-2,-125
http://irail.be/vehicle/IC2045,http://irail.be/stations/NMBS/008813045,IC,2017-04-15T00:04:00,2017-04-15T00:04:00,-2,-2
http://irail.be/vehicle/IC2045,http://irail.be/stations/NMBS/008813003,IC,2017-04-15T00:06:00,2017-04-15T00:05:00,65,30
http://irail.be/vehicle/IC2045,http://irail.be/stations/NMBS/008813037,IC,2017-04-15T00:07:00,2017-04-15T00:07:00,63,63
http://irail.be/vehicle/IC2045,http://irail.be/stations/NMBS/008814001,IC,2017-04-15T00:10:00,2017-04-15T00:10:00,,96
http://irail.be/vehicle/IC2045,http://irail.be/stations/NMBS/008821006,IC,2017-10-19T23:25:00,2017-10-19T23:25:00,8,
http://irail.be/vehicle/IC2045,http://irail.be/stations/NMBS/008821121,IC,2017-10-19T23:31:00,2017-10-19T23:29:00,58,58
http://irail.be/vehicle/IC2045,http://irail.be/stations/NMBS/008821154,IC,2017-10-19T23:33:00,2017-10-19T23:33:00,35,35
http://irail.be/vehicle/IC2045,http://irail.be/stations/NMBS/008821238,IC,2017-10-19T23:34:00,2017-10-19T23:34:00,16,16
http://irail.be/vehicle/IC2045,http://irail.be/stations/NMBS/008821337,IC,2017-10-19T23:35:00,2017-10-19T23:35:00,14,14
http://irail.be/vehicle/IC2045,http://irail.be/stations/NMBS/008821311,IC,2017-10-19T23:36:00,2017-10-19T23:36:00,11,11
http://irail.be/vehicle/IC2045,http://irail.be/stations/NMBS/008822210,IC,2017-10-19T23:38:00,2017-10-19T23:38:00,18,18
http://irail.be/vehicle/IC2045,http://irail.be/stations/NMBS/008822228,IC,2017-10-19T23:39:00,2017-10-19T23:39:00,108,108
http://irail.be/vehicle/IC2045,http://irail.be/stations/NMBS/008822343,IC,2017-10-19T23:41:00,2017-10-19T23:41:00,96,96
http://irail.be/vehicle/IC2045,http://irail.be/stations/NMBS/008822004,IC,2017-10-19T23:45:00,2017-10-19T23:43:00,57,96
http://irail.be/vehicle/IC2045,http://irail.be/stations/NMBS/008822251,IC,2017-10-19T23:49:00,2017-10-19T23:49:00,100,100
http://irail.be/vehicle/IC2045,http://irail.be/stations/NMBS/008822269,IC,2017-10-19T23:50:00,2017-10-19T23:50:00,100,100
http://irail.be/vehicle/IC2045,http://irail.be/stations/NMBS/008811189,IC,2017-10-19T23:52:00,2017-10-19T23:52:00,123,123
http://irail.be/vehicle/IC2045,http://irail.be/stations/NMBS/008811148,IC,2017-10-19T23:54:00,2017-10-19T23:54:00,124,124
http://irail.be/vehicle/IC2045,http://irail.be/stations/NMBS/008811007,IC,2017-10-19T23:57:00,2017-10-19T23:57:00,81,81
http://irail.be/vehicle/IC2045,http://irail.be/stations/NMBS/008812005,IC,2017-10-20T00:02:00,2017-10-20T00:02:00,100,79
http://irail.be/vehicle/IC2045,http://irail.be/stations/NMBS/008813045,IC,2017-10-20T00:04:00,2017-10-20T00:04:00,114,114
http://irail.be/vehicle/IC2045,http://irail.be/stations/NMBS/008813003,IC,2017-10-20T00:06:00,2017-10-20T00:05:00,141,144
http://irail.be/vehicle/IC2045,http://irail.be/stations/NMBS/008813037,IC,2017-10-20T00:07:00,2017-10-20T00:07:00,145,145
http://irail.be/vehicle/IC2045,http://irail.be/stations/NMBS/008814001,IC,2017-10-20T00:10:00,2017-10-20T00:10:00,,167
http://irail.be/vehicle/IC2045,http://irail.be/stations/NMBS/008821006,IC,2017-06-27T23:25:00,2017-06-27T23:25:00,-1,
http://irail.be/vehicle/IC2045,http://irail.be/stations/NMBS/008821121,IC,2017-06-27T23:31:00,2017-06-27T23:29:00,23,23
http://irail.be/vehicle/IC2045,http://irail.be/stations/NMBS/008821154,IC,2017-06-27T23:33:00,2017-06-27T23:33:00,-1,-1
http://irail.be/vehicle/IC2045,http://irail.be/stations/NMBS/008821238,IC,2017-06-27T23:34:00,2017-06-27T23:34:00,-26,-26
http://irail.be/vehicle/IC2045,http://irail.be/stations/NMBS/008821337,IC,2017-06-27T23:35:00,2017-06-27T23:35:00,-37,-37
http://irail.be/vehicle/IC2045,http://irail.be/stations/NMBS/008821311,IC,2017-06-27T23:36:00,2017-06-27T23:36:00,-39,-39
http://irail.be/vehicle/IC2045,http://irail.be/stations/NMBS/008822210,IC,2017-06-27T23:38:00,2017-06-27T23:38:00,-35,-35
http://irail.be/vehicle/IC2045,http://irail.be/stations/NMBS/008822228,IC,2017-06-27T23:39:00,2017-06-27T23:39:00,7,7
http://irail.be/vehicle/IC2045,http://irail.be/stations/NMBS/008822343,IC,2017-06-27T23:41:00,2017-06-27T23:41:00,-36,-36
http://irail.be/vehicle/IC2045,http://irail.be/stations/NMBS/008822004,IC,2017-06-27T23:45:00,2017-06-27T23:43:00,10,-36
http://irail.be/vehicle/IC2045,http://irail.be/stations/NMBS/008822251,IC,2017-06-27T23:49:00,2017-06-27T23:49:00,-67,-67
http://irail.be/vehicle/IC2045,http://irail.be/stations/NMBS/008822269,IC,2017-06-27T23:50:00,2017-06-27T23:50:00,-67,-67
http://irail.be/vehicle/IC2045,http://irail.be/stations/NMBS/008811189,IC,2017-06-27T23:52:00,2017-06-27T23:52:00,-78,-78
http://irail.be/vehicle/IC2045,http://irail.be/stations/NMBS/008811148,IC,2017-06-27T23:54:00,2017-06-27T23:54:00,-90,-90
http://irail.be/vehicle/IC2045,http://irail.be/stations/NMBS/008811007,IC,2017-06-27T23:57:00,2017-06-27T23:57:00,-150,-150
http://irail.be/vehicle/IC2045,http://irail.be/stations/NMBS/008812005,IC,2017-06-28T00:02:00,2017-06-28T00:02:00,62,-163
http://irail.be/vehicle/IC2045,http://irail.be/stations/NMBS/008813045,IC,2017-06-28T00:04:00,2017-06-28T00:04:00,56,56
http://irail.be/vehicle/IC2045,http://irail.be/stations/NMBS/008813003,IC,2017-06-28T00:06:00,2017-06-28T00:05:00,158,150
http://irail.be/vehicle/IC2045,http://irail.be/stations/NMBS/008813037,IC,2017-06-28T00:07:00,2017-06-28T00:07:00,156,156
http://irail.be/vehicle/IC2045,http://irail.be/stations/NMBS/008814001,IC,2017-06-28T00:10:00,2017-06-28T00:10:00,,147
http://irail.be/vehicle/IC2045,http://irail.be/stations/NMBS/008821006,IC,2017-08-14T23:25:00,2017-08-14T23:25:00,159,
http://irail.be/vehicle/IC2045,http://irail.be/stations/NMBS/008821121,IC,2017-08-14T23:31:00,2017-08-14T23:29:00,234,234
http://irail.be/vehicle/IC2045,http://irail.be/stations/NMBS/008821154,IC,2017-08-14T23:33:00,2017-08-14T23:33:00,206,206
http://irail.be/vehicle/IC2045,http://irail.be/stations/NMBS/008821238,IC,2017-08-14T23:34:00,2017-08-14T23:34:00,182,182
http://irail.be/vehicle/IC2045,http://irail.be/stations/NMBS/008821337,IC,2017-08-14T23:35:00,2017-08-14T23:35:00,175,175
http://irail.be/vehicle/IC2045,http://irail.be/stations/NMBS/008821311,IC,2017-08-14T23:36:00,2017-08-14T23:36:00,172,172
http://irail.be/vehicle/IC2045,http://irail.be/stations/NMBS/008822210,IC,2017-08-14T23:38:00,2017-08-14T23:38:00,178,178
http://irail.be/vehicle/IC2045,http://irail.be/stations/NMBS/008822228,IC,2017-08-14T23:39:00,2017-08-14T23:39:00,224,224
http://irail.be/vehicle/IC2045,http://irail.be/stations/NMBS/008822343,IC,2017-08-14T23:41:00,2017-08-14T23:41:00,178,178
http://irail.be/vehicle/IC2045,http://irail.be/stations/NMBS/008822004,IC,2017-08-14T23:45:00,2017-08-14T23:43:00,140,178
http://irail.be/vehicle/IC2045,http://irail.be/stations/NMBS/008822251,IC,2017-08-14T23:49:00,2017-08-14T23:49:00,74,74
http://irail.be/vehicle/IC2045,http://irail.be/stations/NMBS/008822269,IC,2017-08-14T23:50:00,2017-08-14T23:50:00,74,74
http://irail.be/vehicle/IC2045,http://irail.be/stations/NMBS/008811189,IC,2017-08-14T23:52:00,2017-08-14T23:52:00,68,68
http://irail.be/vehicle/IC2045,http://irail.be/stations/NMBS/008811148,IC,2017-08-14T23:54:00,2017-08-14T23:54:00,56,56
http://irail.be/vehicle/IC2045,http://irail.be/stations/NMBS/008811007,IC,2017-08-14T23:57:00,2017-08-14T23:57:00,-4,-4
http://irail.be/vehicle/IC2045,http://irail.be/stations/NMBS/008812005,IC,2017-08-15T00:02:00,2017-08-15T00:02:00,-20,-16
http://irail.be/vehicle/IC2045,http://irail.be/stations/NMBS/008813045,IC,2017-08-15T00:04:00,2017-08-15T00:04:00,-19,-19
http://irail.be/vehicle/IC2045,http://irail.be/stations/NMBS/008813003,IC,2017-08-15T00:06:00,2017-08-15T00:05:00,-10,6
http://irail.be/vehicle/IC2045,http://irail.be/stations/NMBS/008813037,IC,2017-08-15T00:08:00,2017-08-15T00:08:00,-45,-45
http://irail.be/vehicle/IC2045,http://irail.be/stations/NMBS/008814001,IC,2017-08-15T00:10:00,2017-08-15T00:10:00,,5
http://irail.be/vehicle/IC2045,http://irail.be/stations/NMBS/008821006,IC,2017-01-16T23:25:00,2017-01-16T23:25:00,-1,
http://irail.be/vehicle/IC2045,http://irail.be/stations/NMBS/008821121,IC,2017-01-16T23:31:00,2017-01-16T23:29:00,43,43
http://irail.be/vehicle/IC2045,http://irail.be/stations/NMBS/008821154,IC,2017-01-16T23:33:00,2017-01-16T23:33:00,21,21
http://irail.be/vehicle/IC2045,http://irail.be/stations/NMBS/008821238,IC,2017-01-16T23:34:00,2017-01-16T23:34:00,-4,-4
http://irail.be/vehicle/IC2045,http://irail.be/stations/NMBS/008821337,IC,2017-01-16T23:35:00,2017-01-16T23:35:00,-12,-12
http://irail.be/vehicle/IC2045,NO-URI,IC,2017-01-16T23:36:00,2017-01-16T23:36:00,-13,-13
http://irail.be/vehicle/IC2045,http://irail.be/stations/NMBS/008822210,IC,2017-01-16T23:38:00,2017-01-16T23:38:00,-5,-5
http://irail.be/vehicle/IC2045,http://irail.be/stations/NMBS/008822228,IC,2017-01-16T23:39:00,2017-01-16T23:39:00,43,43
http://irail.be/vehicle/IC2045,http://irail.be/stations/NMBS/008822343,IC,2017-01-16T23:41:00,2017-01-16T23:41:00,-7,-7
http://irail.be/vehicle/IC2045,http://irail.be/stations/NMBS/008822004,IC,2017-01-16T23:45:00,2017-01-16T23:43:00,17,-7
http://irail.be/vehicle/IC2045,http://irail.be/stations/NMBS/008822251,IC,2017-01-16T23:49:00,2017-01-16T23:49:00,-47,-47
http://irail.be/vehicle/IC2045,http://irail.be/stations/NMBS/008822269,IC,2017-01-16T23:50:00,2017-01-16T23:50:00,-47,-47
http://irail.be/vehicle/IC2045,http://irail.be/stations/NMBS/008811189,IC,2017-01-16T23:52:00,2017-01-16T23:52:00,-52,-52
http://irail.be/vehicle/IC2045,http://irail.be/stations/NMBS/008811148,IC,2017-01-16T23:54:00,2017-01-16T23:54:00,-64,-64
http://irail.be/vehicle/IC2045,http://irail.be/stations/NMBS/008811007,IC,2017-01-16T23:57:00,2017-01-16T23:57:00,232,232
http://irail.be/vehicle/IC2045,http://irail.be/stations/NMBS/008812005,IC,2017-01-17T00:02:00,2017-01-17T00:02:00,149,258
http://irail.be/vehicle/IC2045,http://irail.be/stations/NMBS/008813045,IC,2017-01-17T00:04:00,2017-01-17T00:04:00,142,142
http://irail.be/vehicle/IC2045,http://irail.be/stations/NMBS/008813003,IC,2017-01-17T00:06:00,2017-01-17T00:05:00,152,165
http://irail.be/vehicle/IC2045,http://irail.be/stations/NMBS/008813037,IC,2017-01-17T00:07:00,2017-01-17T00:07:00,151,151
http://irail.be/vehicle/IC2045,http://irail.be/stations/NMBS/008814001,IC,2017-01-17T00:10:00,2017-01-17T00:10:00,,151
http://irail.be/vehicle/IC2045,http://irail.be/stations/NMBS/008821006,IC,2017-02-22T23:25:00,2017-02-22T23:25:00,29,
http://irail.be/vehicle/IC2045,http://irail.be/stations/NMBS/008821121,IC,2017-02-22T23:31:00,2017-02-22T23:29:00,52,52
http://irail.be/vehicle/IC2045,http://irail.be/stations/NMBS/008821154,IC,2017-02-22T23:33:00,2017-02-22T23:33:00,31,31
http://irail.be/vehicle/IC2045,http://irail.be/stations/NMBS/008821238,IC,2017-02-22T23:34:00,2017-02-22T23:34:00,8,8
http://irail.be/vehicle/IC2045,http://irail.be/stations/NMBS/008821337,IC,2017-02-22T23:35:00,2017-02-22T23:35:00,-2,-2
http://irail.be/vehicle/IC2045,NO-URI,IC,2017-02-22T23:36:00,2017-02-22T23:36:00,-4,-4
http://irail.be/vehicle/IC2045,http://irail.be/stations/NMBS/008822210,IC,2017-02-22T23:38:00,2017-02-22T23:38:00,2,2
http://irail.be/vehicle/IC2045,http://irail.be/stations/NMBS/008822228,IC,2017-02-22T23:39:00,2017-02-22T23:39:00,43,43
http://irail.be/vehicle/IC2045,http://irail.be/stations/NMBS/008822343,IC,2017-02-22T23:41:00,2017-02-22T23:41:00,-5,-5
http://irail.be/vehicle/IC2045,http://irail.be/stations/NMBS/008822004,IC,2017-02-22T23:45:00,2017-02-22T23:43:00,38,-5
http://irail.be/vehicle/IC2045,http://irail.be/stations/NMBS/008822251,IC,2017-02-22T23:49:00,2017-02-22T23:49:00,-10,-10
http://irail.be/vehicle/IC2045,http://irail.be/stations/NMBS/008822269,IC,2017-02-22T23:50:00,2017-02-22T23:50:00,-10,-10
http://irail.be/vehicle/IC2045,http://irail.be/stations/NMBS/008811189,IC,2017-02-22T23:52:00,2017-02-22T23:52:00,-3,-3
http://irail.be/vehicle/IC2045,http://irail.be/stations/NMBS/008811148,IC,2017-02-22T23:54:00,2017-02-22T23:54:00,-2,-2
http://irail.be/vehicle/IC2045,http://irail.be/stations/NMBS/008811007,IC,2017-02-22T23:57:00,2017-02-22T23:57:00,182,182
http://irail.be/vehicle/IC2045,http://irail.be/stations/NMBS/008812005,IC,2017-02-23T00:02:00,2017-02-23T00:02:00,123,201
http://irail.be/vehicle/IC2045,http://irail.be/stations/NMBS/008813045,IC,2017-02-23T00:04:00,2017-02-23T00:04:00,121,121
http://irail.be/vehicle/IC2045,http://irail.be/stations/NMBS/008813003,IC,2017-02-23T00:06:00,2017-02-23T00:05:00,140,138
http://irail.be/vehicle/IC2045,http://irail.be/stations/NMBS/008813037,IC,2017-02-23T00:07:00,2017-02-23T00:07:00,139,139
http://irail.be/vehicle/IC2045,http://irail.be/stations/NMBS/008814001,IC,2017-02-23T00:10:00,2017-02-23T00:10:00,,137
http://irail.be/vehicle/IC2045,http://irail.be/stations/NMBS/008821006,IC,2017-08-16T23:25:00,2017-08-16T23:25:00,38,
http://irail.be/vehicle/IC2045,http://irail.be/stations/NMBS/008821121,IC,2017-08-16T23:31:00,2017-08-16T23:29:00,35,35
http://irail.be/vehicle/IC2045,http://irail.be/stations/NMBS/008821154,IC,2017-08-16T23:33:00,2017-08-16T23:33:00,12,12
http://irail.be/vehicle/IC2045,http://irail.be/stations/NMBS/008821238,IC,2017-08-16T23:34:00,2017-08-16T23:34:00,-11,-11
http://irail.be/vehicle/IC2045,http://irail.be/stations/NMBS/008821337,IC,2017-08-16T23:35:00,2017-08-16T23:35:00,-14,-14
http://irail.be/vehicle/IC2045,http://irail.be/stations/NMBS/008821311,IC,2017-08-16T23:36:00,2017-08-16T23:36:00,-8,-8
http://irail.be/vehicle/IC2045,http://irail.be/stations/NMBS/008822210,IC,2017-08-16T23:38:00,2017-08-16T23:38:00,-1,-1
http://irail.be/vehicle/IC2045,http://irail.be/stations/NMBS/008822228,IC,2017-08-16T23:39:00,2017-08-16T23:39:00,86,86
http://irail.be/vehicle/IC2045,http://irail.be/stations/NMBS/008822343,IC,2017-08-16T23:41:00,2017-08-16T23:41:00,50,50
http://irail.be/vehicle/IC2045,http://irail.be/stations/NMBS/008822004,IC,2017-08-16T23:45:00,2017-08-16T23:43:00,50,50
http://irail.be/vehicle/IC2045,http://irail.be/stations/NMBS/008822251,IC,2017-08-16T23:49:00,2017-08-16T23:49:00,-11,-11
http://irail.be/vehicle/IC2045,http://irail.be/stations/NMBS/008822269,IC,2017-08-16T23:50:00,2017-08-16T23:50:00,-11,-11
http://irail.be/vehicle/IC2045,http://irail.be/stations/NMBS/008811189,IC,2017-08-16T23:52:00,2017-08-16T23:52:00,-1,-1
http://irail.be/vehicle/IC2045,http://irail.be/stations/NMBS/008811148,IC,2017-08-16T23:54:00,2017-08-16T23:54:00,-10,-10
http://irail.be/vehicle/IC2045,http://irail.be/stations/NMBS/008811007,IC,2017-08-16T23:57:00,2017-08-16T23:57:00,-55,-55
http://irail.be/vehicle/IC2045,http://irail.be/stations/NMBS/008812005,IC,2017-08-17T00:02:00,2017-08-17T00:02:00,121,-50
http://irail.be/vehicle/IC2045,http://irail.be/stations/NMBS/008813045,IC,2017-08-17T00:04:00,2017-08-17T00:04:00,142,142
http://irail.be/vehicle/IC2045,http://irail.be/stations/NMBS/008813003,IC,2017-08-17T00:06:00,2017-08-17T00:05:00,231,233
http://irail.be/vehicle/IC2045,http://irail.be/stations/NMBS/008813037,IC,2017-08-17T00:07:00,2017-08-17T00:07:00,234,234
http://irail.be/vehicle/IC2045,http://irail.be/stations/NMBS/008814001,IC,2017-08-17T00:10:00,2017-08-17T00:10:00,,233
http://irail.be/vehicle/IC2045,http://irail.be/stations/NMBS/008821006,IC,2017-03-10T23:25:00,2017-03-10T23:25:00,22,
http://irail.be/vehicle/IC2045,http://irail.be/stations/NMBS/008821121,IC,2017-03-10T23:31:00,2017-03-10T23:29:00,33,33
http://irail.be/vehicle/IC2045,http://irail.be/stations/NMBS/008821154,IC,2017-03-10T23:33:00,2017-03-10T23:33:00,10,9
http://irail.be/vehicle/IC2045,http://irail.be/stations/NMBS/008821238,IC,2017-03-10T23:34:00,2017-03-10T23:34:00,-16,-16
http://irail.be/vehicle/IC2045,http://irail.be/stations/NMBS/008821337,IC,2017-03-10T23:35:00,2017-03-10T23:35:00,-22,-22
http://irail.be/vehicle/IC2045,NO-URI,IC,2017-03-10T23:36:00,2017-03-10T23:36:00,-22,-22
http://irail.be/vehicle/IC2045,http://irail.be/stations/NMBS/008822210,IC,2017-03-10T23:38:00,2017-03-10T23:38:00,-17,-17
http://irail.be/vehicle/IC2045,http://irail.be/stations/NMBS/008822228,IC,2017-03-10T23:39:00,2017-03-10T23:39:00,41,41
http://irail.be/vehicle/IC2045,http://irail.be/stations/NMBS/008822343,IC,2017-03-10T23:41:00,2017-03-10T23:41:00,6,6
http://irail.be/vehicle/IC2045,http://irail.be/stations/NMBS/008822004,IC,2017-03-10T23:45:00,2017-03-10T23:43:00,79,6
http://irail.be/vehicle/IC2045,http://irail.be/stations/NMBS/008822251,IC,2017-03-10T23:49:00,2017-03-10T23:49:00,35,35
http://irail.be/vehicle/IC2045,http://irail.be/stations/NMBS/008822269,IC,2017-03-10T23:50:00,2017-03-10T23:50:00,35,35
http://irail.be/vehicle/IC2045,http://irail.be/stations/NMBS/008811189,IC,2017-03-10T23:52:00,2017-03-10T23:52:00,10,10
http://irail.be/vehicle/IC2045,http://irail.be/stations/NMBS/008811148,IC,2017-03-10T23:54:00,2017-03-10T23:54:00,0,0
http://irail.be/vehicle/IC2045,http://irail.be/stations/NMBS/008811007,IC,2017-03-10T23:57:00,2017-03-10T23:57:00,-59,-59
http://irail.be/vehicle/IC2045,http://irail.be/stations/NMBS/008812005,IC,2017-03-11T00:02:00,2017-03-11T00:02:00,114,-58
http://irail.be/vehicle/IC2045,http://irail.be/stations/NMBS/008813045,IC,2017-03-11T00:04:00,2017-03-11T00:04:00,138,138
http://irail.be/vehicle/IC2045,http://irail.be/stations/NMBS/008813003,IC,2017-03-11T00:06:00,2017-03-11T00:05:00,210,193
http://irail.be/vehicle/IC2045,http://irail.be/stations/NMBS/008813037,IC,2017-03-11T00:07:00,2017-03-11T00:07:00,210,210
http://irail.be/vehicle/IC2045,http://irail.be/stations/NMBS/008814001,IC,2017-03-11T00:10:00,2017-03-11T00:10:00,,219
http://irail.be/vehicle/IC2045,http://irail.be/stations/NMBS/008821006,IC,2017-10-25T23:25:00,2017-10-25T23:25:00,7,
http://irail.be/vehicle/IC2045,http://irail.be/stations/NMBS/008821121,IC,2017-10-25T23:31:00,2017-10-25T23:29:00,34,34
http://irail.be/vehicle/IC2045,http://irail.be/stations/NMBS/008821154,IC,2017-10-25T23:33:00,2017-10-25T23:33:00,14,14
http://irail.be/vehicle/IC2045,http://irail.be/stations/NMBS/008821238,IC,2017-10-25T23:34:00,2017-10-25T23:34:00,-7,-7
http://irail.be/vehicle/IC2045,http://irail.be/stations/NMBS/008821337,IC,2017-10-25T23:35:00,2017-10-25T23:35:00,-18,-18
http://irail.be/vehicle/IC2045,http://irail.be/stations/NMBS/008821311,IC,2017-10-25T23:36:00,2017-10-25T23:36:00,-20,-20
http://irail.be/vehicle/IC2045,http://irail.be/stations/NMBS/008822210,IC,2017-10-25T23:38:00,2017-10-25T23:38:00,-13,-13
http://irail.be/vehicle/IC2045,http://irail.be/stations/NMBS/008822228,IC,2017-10-25T23:39:00,2017-10-25T23:39:00,30,30
http://irail.be/vehicle/IC2045,http://irail.be/stations/NMBS/008822343,IC,2017-10-25T23:41:00,2017-10-25T23:41:00,-10,-10
http://irail.be/vehicle/IC2045,http://irail.be/stations/NMBS/008822004,IC,2017-10-25T23:45:00,2017-10-25T23:43:00,15,-10
http://irail.be/vehicle/IC2045,http://irail.be/stations/NMBS/008822251,IC,2017-10-25T23:49:00,2017-10-25T23:49:00,24,24
http://irail.be/vehicle/IC2045,http://irail.be/stations/NMBS/008822269,IC,2017-10-25T23:50:00,2017-10-25T23:50:00,24,24
http://irail.be/vehicle/IC2045,http://irail.be/stations/NMBS/008811189,IC,2017-10-25T23:52:00,2017-10-25T23:52:00,35,35
http://irail.be/vehicle/IC2045,http://irail.be/stations/NMBS/008811148,IC,2017-10-25T23:54:00,2017-10-25T23:54:00,21,21
http://irail.be/vehicle/IC2045,http://irail.be/stations/NMBS/008811007,IC,2017-10-25T23:57:00,2017-10-25T23:57:00,41,41
http://irail.be/vehicle/IC2045,http://irail.be/stations/NMBS/008812005,IC,2017-10-26T00:02:00,2017-10-26T00:02:00,8,103
http://irail.be/vehicle/IC2045,http://irail.be/stations/NMBS/008813045,IC,2017-10-26T00:04:00,2017-10-26T00:04:00,5,5
http://irail.be/vehicle/IC2045,http://irail.be/stations/NMBS/008813003,IC,2017-10-26T00:06:00,2017-10-26T00:05:00,23,27
http://irail.be/vehicle/IC2045,http://irail.be/stations/NMBS/008813037,IC,2017-10-26T00:07:00,2017-10-26T00:07:00,23,23
http://irail.be/vehicle/IC2045,http://irail.be/stations/NMBS/008814001,IC,2017-10-26T00:10:00,2017-10-26T00:10:00,,14
http://irail.be/vehicle/IC2045,http://irail.be/stations/NMBS/008821006,IC,2017-10-06T23:25:00,2017-10-06T23:25:00,362,
http://irail.be/vehicle/IC2045,http://irail.be/stations/NMBS/008821121,IC,2017-10-06T23:31:00,2017-10-06T23:29:00,454,454
http://irail.be/vehicle/IC2045,http://irail.be/stations/NMBS/008821154,IC,2017-10-06T23:33:00,2017-10-06T23:33:00,431,431
http://irail.be/vehicle/IC2045,http://irail.be/stations/NMBS/008821238,IC,2017-10-06T23:34:00,2017-10-06T23:34:00,409,409
http://irail.be/vehicle/IC2045,http://irail.be/stations/NMBS/008821337,IC,2017-10-06T23:35:00,2017-10-06T23:35:00,399,399
http://irail.be/vehicle/IC2045,http://irail.be/stations/NMBS/008821311,IC,2017-10-06T23:36:00,2017-10-06T23:36:00,397,397
http://irail.be/vehicle/IC2045,http://irail.be/stations/NMBS/008822210,IC,2017-10-06T23:38:00,2017-10-06T23:38:00,402,402
http://irail.be/vehicle/IC2045,http://irail.be/stations/NMBS/008822228,IC,2017-10-06T23:39:00,2017-10-06T23:39:00,449,449
http://irail.be/vehicle/IC2045,http://irail.be/stations/NMBS/008822343,IC,2017-10-06T23:41:00,2017-10-06T23:41:00,407,407
http://irail.be/vehicle/IC2045,http://irail.be/stations/NMBS/008822004,IC,2017-10-06T23:45:00,2017-10-06T23:43:00,366,407
http://irail.be/vehicle/IC2045,http://irail.be/stations/NMBS/008822251,IC,2017-10-06T23:49:00,2017-10-06T23:49:00,424,424
http://irail.be/vehicle/IC2045,http://irail.be/stations/NMBS/008822269,IC,2017-10-06T23:50:00,2017-10-06T23:50:00,424,424
http://irail.be/vehicle/IC2045,http://irail.be/stations/NMBS/008811189,IC,2017-10-06T23:52:00,2017-10-06T23:52:00,461,461
http://irail.be/vehicle/IC2045,http://irail.be/stations/NMBS/008811148,IC,2017-10-06T23:54:00,2017-10-06T23:54:00,547,547
http://irail.be/vehicle/IC2045,http://irail.be/stations/NMBS/008811007,IC,2017-10-06T23:57:00,2017-10-06T23:57:00,522,522
http://irail.be/vehicle/IC2045,http://irail.be/stations/NMBS/008812005,IC,2017-10-07T00:02:00,2017-10-07T00:02:00,506,529
http://irail.be/vehicle/IC2045,http://irail.be/stations/NMBS/008813045,IC,2017-10-07T00:04:00,2017-10-07T00:04:00,508,508
http://irail.be/vehicle/IC2045,http://irail.be/stations/NMBS/008813003,IC,2017-10-07T00:06:00,2017-10-07T00:05:00,543,530
http://irail.be/vehicle/IC2045,http://irail.be/stations/NMBS/008813037,IC,2017-10-07T00:07:00,2017-10-07T00:07:00,544,544
http://irail.be/vehicle/IC2045,http://irail.be/stations/NMBS/008814001,IC,2017-10-07T00:10:00,2017-10-07T00:10:00,,548
http://irail.be/vehicle/IC2045,http://irail.be/stations/NMBS/008821006,IC,2017-05-02T23:25:00,2017-05-02T23:25:00,16,
http://irail.be/vehicle/IC2045,http://irail.be/stations/NMBS/008821121,IC,2017-05-02T23:31:00,2017-05-02T23:29:00,43,43
http://irail.be/vehicle/IC2045,http://irail.be/stations/NMBS/008821154,IC,2017-05-02T23:33:00,2017-05-02T23:33:00,21,21
http://irail.be/vehicle/IC2045,http://irail.be/stations/NMBS/008821238,IC,2017-05-02T23:34:00,2017-05-02T23:34:00,0,0
http://irail.be/vehicle/IC2045,http://irail.be/stations/NMBS/008821337,IC,2017-05-02T23:35:00,2017-05-02T23:35:00,-6,-6
http://irail.be/vehicle/IC2045,NO-URI,IC,2017-05-02T23:36:00,2017-05-02T23:36:00,-4,-4
http://irail.be/vehicle/IC2045,http://irail.be/stations/NMBS/008822210,IC,2017-05-02T23:38:00,2017-05-02T23:38:00,1,1
http://irail.be/vehicle/IC2045,http://irail.be/stations/NMBS/008822228,IC,2017-05-02T23:39:00,2017-05-02T23:39:00,52,52
http://irail.be/vehicle/IC2045,http://irail.be/stations/NMBS/008822343,IC,2017-05-02T23:41:00,2017-05-02T23:41:00,520,520
http://irail.be/vehicle/IC2045,http://irail.be/stations/NMBS/008822004,IC,2017-05-02T23:45:00,2017-05-02T23:43:00,438,520
http://irail.be/vehicle/IC2045,http://irail.be/stations/NMBS/008822251,IC,2017-05-02T23:49:00,2017-05-02T23:49:00,459,459
http://irail.be/vehicle/IC2045,http://irail.be/stations/NMBS/008822269,IC,2017-05-02T23:50:00,2017-05-02T23:50:00,459,459
http://irail.be/vehicle/IC2045,http://irail.be/stations/NMBS/008811189,IC,2017-05-02T23:52:00,2017-05-02T23:52:00,452,452
http://irail.be/vehicle/IC2045,http://irail.be/stations/NMBS/008811148,IC,2017-05-02T23:54:00,2017-05-02T23:54:00,440,440
http://irail.be/vehicle/IC2045,http://irail.be/stations/NMBS/008811007,IC,2017-05-02T23:57:00,2017-05-02T23:57:00,467,467
http://irail.be/vehicle/IC2045,http://irail.be/stations/NMBS/008812005,IC,2017-05-03T00:02:00,2017-05-03T00:02:00,484,531
http://irail.be/vehicle/IC2045,http://irail.be/stations/NMBS/008813045,IC,2017-05-03T00:04:00,2017-05-03T00:04:00,497,497
http://irail.be/vehicle/IC2045,http://irail.be/stations/NMBS/008813003,IC,2017-05-03T00:06:00,2017-05-03T00:05:00,659,630
http://irail.be/vehicle/IC2045,http://irail.be/stations/NMBS/008813037,IC,2017-05-03T00:07:00,2017-05-03T00:07:00,663,663
http://irail.be/vehicle/IC2045,http://irail.be/stations/NMBS/008814001,IC,2017-05-03T00:10:00,2017-05-03T00:10:00,,673
http://irail.be/vehicle/IC2045,http://irail.be/stations/NMBS/008821006,IC,2017-03-29T23:25:00,2017-03-29T23:25:00,27,
http://irail.be/vehicle/IC2045,http://irail.be/stations/NMBS/008821121,IC,2017-03-29T23:31:00,2017-03-29T23:29:00,29,29
http://irail.be/vehicle/IC2045,http://irail.be/stations/NMBS/008821154,IC,2017-03-29T23:33:00,2017-03-29T23:33:00,6,6
http://irail.be/vehicle/IC2045,http://irail.be/stations/NMBS/008821238,IC,2017-03-29T23:34:00,2017-03-29T23:34:00,-17,-17
http://irail.be/vehicle/IC2045,http://irail.be/stations/NMBS/008821337,IC,2017-03-29T23:35:00,2017-03-29T23:35:00,-25,-25
http://irail.be/vehicle/IC2045,NO-URI,IC,2017-03-29T23:36:00,2017-03-29T23:36:00,-26,-26
http://irail.be/vehicle/IC2045,http://irail.be/stations/NMBS/008822210,IC,2017-03-29T23:38:00,2017-03-29T23:38:00,-20,-20
http://irail.be/vehicle/IC2045,http://irail.be/stations/NMBS/008822228,IC,2017-03-29T23:39:00,2017-03-29T23:39:00,24,24
http://irail.be/vehicle/IC2045,http://irail.be/stations/NMBS/008822343,IC,2017-03-29T23:41:00,2017-03-29T23:41:00,-15,-15
http://irail.be/vehicle/IC2045,http://irail.be/stations/NMBS/008822004,IC,2017-03-29T23:45:00,2017-03-29T23:43:00,25,-15
http://irail.be/vehicle/IC2045,http://irail.be/stations/NMBS/008822251,IC,2017-03-29T23:49:00,2017-03-29T23:49:00,-14,-14
http://irail.be/vehicle/IC2045,http://irail.be/stations/NMBS/008822269,IC,2017-03-29T23:50:00,2017-03-29T23:50:00,-14,-14
http://irail.be/vehicle/IC2045,http://irail.be/stations/NMBS/008811189,IC,2017-03-29T23:52:00,2017-03-29T23:52:00,124,124
http://irail.be/vehicle/IC2045,NO-URI,IC,2017-03-29T23:54:00,2017-03-29T23:54:00,199,199
http://irail.be/vehicle/IC2045,NO-URI,IC,2017-03-29T23:54:00,2017-03-29T23:54:00,303,303
http://irail.be/vehicle/IC2045,http://irail.be/stations/NMBS/008811007,IC,2017-03-29T23:57:00,2017-03-29T23:57:00,1052,1052
http://irail.be/vehicle/IC2045,http://irail.be/stations/NMBS/008812005,IC,2017-03-30T00:02:00,2017-03-30T00:02:00,1156,1230
http://irail.be/vehicle/IC2045,http://irail.be/stations/NMBS/008813045,IC,2017-03-30T00:04:00,2017-03-30T00:04:00,1158,1158
http://irail.be/vehicle/IC2045,http://irail.be/stations/NMBS/008813003,IC,2017-03-30T00:06:00,2017-03-30T00:05:00,1184,1181
http://irail.be/vehicle/IC2045,http://irail.be/stations/NMBS/008813037,IC,2017-03-30T00:07:00,2017-03-30T00:07:00,1185,1185
http://irail.be/vehicle/IC2045,http://irail.be/stations/NMBS/008814001,IC,2017-03-30T00:10:00,2017-03-30T00:10:00,,1209
http://irail.be/vehicle/IC2045,http://irail.be/stations/NMBS/008821006,IC,2017-04-13T23:25:00,2017-04-13T23:25:00,31,
http://irail.be/vehicle/IC2045,http://irail.be/stations/NMBS/008821121,IC,2017-04-13T23:31:00,2017-04-13T23:29:00,34,34
http://irail.be/vehicle/IC2045,http://irail.be/stations/NMBS/008821154,IC,2017-04-13T23:33:00,2017-04-13T23:33:00,11,11
http://irail.be/vehicle/IC2045,http://irail.be/stations/NMBS/008821238,IC,2017-04-13T23:34:00,2017-04-13T23:34:00,-12,-12
http://irail.be/vehicle/IC2045,http://irail.be/stations/NMBS/008821337,IC,2017-04-13T23:35:00,2017-04-13T23:35:00,-20,-20
http://irail.be/vehicle/IC2045,NO-URI,IC,2017-04-13T23:36:00,2017-04-13T23:36:00,-20,-20
http://irail.be/vehicle/IC2045,http://irail.be/stations/NMBS/008822210,IC,2017-04-13T23:38:00,2017-04-13T23:38:00,-15,-15
http://irail.be/vehicle/IC2045,http://irail.be/stations/NMBS/008822228,IC,2017-04-13T23:39:00,2017-04-13T23:39:00,31,31
http://irail.be/vehicle/IC2045,http://irail.be/stations/NMBS/008822343,IC,2017-04-13T23:41:00,2017-04-13T23:41:00,4,4
http://irail.be/vehicle/IC2045,http://irail.be/stations/NMBS/008822004,IC,2017-04-13T23:45:00,2017-04-13T23:43:00,111,4
http://irail.be/vehicle/IC2045,http://irail.be/stations/NMBS/008822251,IC,2017-04-13T23:49:00,2017-04-13T23:49:00,67,67
http://irail.be/vehicle/IC2045,http://irail.be/stations/NMBS/008822269,IC,2017-04-13T23:50:00,2017-04-13T23:50:00,67,67
http://irail.be/vehicle/IC2045,http://irail.be/stations/NMBS/008811189,IC,2017-04-13T23:52:00,2017-04-13T23:52:00,70,70
http://irail.be/vehicle/IC2045,http://irail.be/stations/NMBS/008811148,IC,2017-04-13T23:54:00,2017-04-13T23:54:00,310,310
http://irail.be/vehicle/IC2045,http://irail.be/stations/NMBS/008811007,IC,2017-04-13T23:57:00,2017-04-13T23:57:00,360,360
http://irail.be/vehicle/IC2045,http://irail.be/stations/NMBS/008812005,IC,2017-04-14T00:02:00,2017-04-14T00:02:00,314,388
http://irail.be/vehicle/IC2045,http://irail.be/stations/NMBS/008813045,IC,2017-04-14T00:04:00,2017-04-14T00:04:00,315,315
http://irail.be/vehicle/IC2045,http://irail.be/stations/NMBS/008813003,IC,2017-04-14T00:06:00,2017-04-14T00:05:00,334,339
http://irail.be/vehicle/IC2045,http://irail.be/stations/NMBS/008813037,IC,2017-04-14T00:07:00,2017-04-14T00:07:00,335,335
http://irail.be/vehicle/IC2045,http://irail.be/stations/NMBS/008814001,IC,2017-04-14T00:10:00,2017-04-14T00:10:00,,343
http://irail.be/vehicle/IC2045,http://irail.be/stations/NMBS/008821006,IC,2017-05-05T23:25:00,2017-05-05T23:25:00,28,
http://irail.be/vehicle/IC2045,http://irail.be/stations/NMBS/008821121,IC,2017-05-05T23:31:00,2017-05-05T23:29:00,29,29
http://irail.be/vehicle/IC2045,http://irail.be/stations/NMBS/008821154,IC,2017-05-05T23:33:00,2017-05-05T23:33:00,14,14
http://irail.be/vehicle/IC2045,http://irail.be/stations/NMBS/008821238,IC,2017-05-05T23:34:00,2017-05-05T23:34:00,-3,-3
http://irail.be/vehicle/IC2045,http://irail.be/stations/NMBS/008821337,IC,2017-05-05T23:35:00,2017-05-05T23:35:00,-7,-7
http://irail.be/vehicle/IC2045,NO-URI,IC,2017-05-05T23:36:00,2017-05-05T23:36:00,-9,-9
http://irail.be/vehicle/IC2045,http://irail.be/stations/NMBS/008822210,IC,2017-05-05T23:38:00,2017-05-05T23:38:00,-2,-2
http://irail.be/vehicle/IC2045,http://irail.be/stations/NMBS/008822228,IC,2017-05-05T23:39:00,2017-05-05T23:39:00,70,70
http://irail.be/vehicle/IC2045,http://irail.be/stations/NMBS/008822343,IC,2017-05-05T23:41:00,2017-05-05T23:41:00,35,35
http://irail.be/vehicle/IC2045,http://irail.be/stations/NMBS/008822004,IC,2017-05-05T23:45:00,2017-05-05T23:43:00,30,35
http://irail.be/vehicle/IC2045,http://irail.be/stations/NMBS/008822251,IC,2017-05-05T23:49:00,2017-05-05T23:49:00,-32,-32
http://irail.be/vehicle/IC2045,http://irail.be/stations/NMBS/008822269,IC,2017-05-05T23:50:00,2017-05-05T23:50:00,-32,-32
http://irail.be/vehicle/IC2045,http://irail.be/stations/NMBS/008811189,IC,2017-05-05T23:52:00,2017-05-05T23:52:00,-37,-37
http://irail.be/vehicle/IC2045,http://irail.be/stations/NMBS/008811148,IC,2017-05-05T23:54:00,2017-05-05T23:54:00,-47,-47
http://irail.be/vehicle/IC2045,http://irail.be/stations/NMBS/008811007,IC,2017-05-05T23:57:00,2017-05-05T23:57:00,197,197
http://irail.be/vehicle/IC2045,http://irail.be/stations/NMBS/008812005,IC,2017-05-06T00:02:00,2017-05-06T00:02:00,737,282
http://irail.be/vehicle/IC2045,http://irail.be/stations/NMBS/008813045,IC,2017-05-06T00:04:00,2017-05-06T00:04:00,738,738
http://irail.be/vehicle/IC2045,http://irail.be/stations/NMBS/008813003,IC,2017-05-06T00:06:00,2017-05-06T00:05:00,808,793
http://irail.be/vehicle/IC2045,http://irail.be/stations/NMBS/008813037,IC,2017-05-06T00:07:00,2017-05-06T00:07:00,808,808
http://irail.be/vehicle/IC2045,http://irail.be/stations/NMBS/008814001,IC,2017-05-06T00:10:00,2017-05-06T00:10:00,,802
http://irail.be/vehicle/IC2045,http://irail.be/stations/NMBS/008821006,IC,2017-03-22T23:25:00,2017-03-22T23:25:00,701,
http://irail.be/vehicle/IC2045,http://irail.be/stations/NMBS/008821121,IC,2017-03-22T23:31:00,2017-03-22T23:29:00,685,685
http://irail.be/vehicle/IC2045,http://irail.be/stations/NMBS/008821154,IC,2017-03-22T23:33:00,2017-03-22T23:33:00,661,661
http://irail.be/vehicle/IC2045,http://irail.be/stations/NMBS/008821238,IC,2017-03-22T23:34:00,2017-03-22T23:34:00,638,637
http://irail.be/vehicle/IC2045,http://irail.be/stations/NMBS/008821337,IC,2017-03-22T23:35:00,2017-03-22T23:35:00,630,630
http://irail.be/vehicle/IC2045,NO-URI,IC,2017-03-22T23:36:00,2017-03-22T23:36:00,627,627
http://irail.be/vehicle/IC2045,http://irail.be/stations/NMBS/008822210,IC,2017-03-22T23:38:00,2017-03-22T23:38:00,633,633
http://irail.be/vehicle/IC2045,http://irail.be/stations/NMBS/008822228,IC,2017-03-22T23:39:00,2017-03-22T23:39:00,685,685
http://irail.be/vehicle/IC2045,http://irail.be/stations/NMBS/008822343,IC,2017-03-22T23:41:00,2017-03-22T23:41:00,676,676
http://irail.be/vehicle/IC2045,http://irail.be/stations/NMBS/008822004,IC,2017-03-22T23:45:00,2017-03-22T23:43:00,605,676
http://irail.be/vehicle/IC2045,http://irail.be/stations/NMBS/008822251,IC,2017-03-22T23:49:00,2017-03-22T23:49:00,556,556
http://irail.be/vehicle/IC2045,http://irail.be/stations/NMBS/008822269,IC,2017-03-22T23:50:00,2017-03-22T23:50:00,556,556
http://irail.be/vehicle/IC2045,http://irail.be/stations/NMBS/008811189,IC,2017-03-22T23:52:00,2017-03-22T23:52:00,596,596
http://irail.be/vehicle/IC2045,NO-URI,IC,2017-03-22T23:54:00,2017-03-22T23:54:00,697,697
http://irail.be/vehicle/IC2045,NO-URI,IC,2017-03-22T23:54:00,2017-03-22T23:54:00,720,720
http://irail.be/vehicle/IC2045,http://irail.be/stations/NMBS/008811007,IC,2017-03-22T23:57:00,2017-03-22T23:57:00,785,785
http://irail.be/vehicle/IC2045,http://irail.be/stations/NMBS/008812005,IC,2017-03-23T00:02:00,2017-03-23T00:02:00,725,816
http://irail.be/vehicle/IC2045,http://irail.be/stations/NMBS/008813045,IC,2017-03-23T00:04:00,2017-03-23T00:04:00,724,724
http://irail.be/vehicle/IC2045,http://irail.be/stations/NMBS/008813003,IC,2017-03-23T00:06:00,2017-03-23T00:05:00,772,782
http://irail.be/vehicle/IC2045,http://irail.be/stations/NMBS/008813037,IC,2017-03-23T00:07:00,2017-03-23T00:07:00,772,772
http://irail.be/vehicle/IC2045,http://irail.be/stations/NMBS/008814001,IC,2017-03-23T00:10:00,2017-03-23T00:10:00,,773
http://irail.be/vehicle/IC2045,http://irail.be/stations/NMBS/008821006,IC,2017-09-27T23:25:00,2017-09-27T23:25:00,52,
http://irail.be/vehicle/IC2045,http://irail.be/stations/NMBS/008821121,IC,2017-09-27T23:31:00,2017-09-27T23:29:00,38,38
http://irail.be/vehicle/IC2045,http://irail.be/stations/NMBS/008821154,IC,2017-09-27T23:33:00,2017-09-27T23:33:00,17,17
http://irail.be/vehicle/IC2045,http://irail.be/stations/NMBS/008821238,IC,2017-09-27T23:34:00,2017-09-27T23:34:00,4,4
http://irail.be/vehicle/IC2045,http://irail.be/stations/NMBS/008821337,IC,2017-09-27T23:35:00,2017-09-27T23:35:00,10,10
http://irail.be/vehicle/IC2045,http://irail.be/stations/NMBS/008821311,IC,2017-09-27T23:36:00,2017-09-27T23:36:00,10,10
http://irail.be/vehicle/IC2045,http://irail.be/stations/NMBS/008822210,IC,2017-09-27T23:38:00,2017-09-27T23:38:00,16,16
http://irail.be/vehicle/IC2045,http://irail.be/stations/NMBS/008822228,IC,2017-09-27T23:39:00,2017-09-27T23:39:00,83,83
http://irail.be/vehicle/IC2045,http://irail.be/stations/NMBS/008822343,IC,2017-09-27T23:41:00,2017-09-27T23:41:00,85,85
http://irail.be/vehicle/IC2045,http://irail.be/stations/NMBS/008822004,IC,2017-09-27T23:45:00,2017-09-27T23:43:00,23,85
http://irail.be/vehicle/IC2045,http://irail.be/stations/NMBS/008822251,IC,2017-09-27T23:49:00,2017-09-27T23:49:00,36,36
http://irail.be/vehicle/IC2045,http://irail.be/stations/NMBS/008822269,IC,2017-09-27T23:50:00,2017-09-27T23:50:00,36,36
http://irail.be/vehicle/IC2045,http://irail.be/stations/NMBS/008811189,IC,2017-09-27T23:52:00,2017-09-27T23:52:00,47,47
http://irail.be/vehicle/IC2045,http://irail.be/stations/NMBS/008811148,IC,2017-09-27T23:54:00,2017-09-27T23:54:00,37,37
http://irail.be/vehicle/IC2045,http://irail.be/stations/NMBS/008811007,IC,2017-09-27T23:57:00,2017-09-27T23:57:00,-1,-1
http://irail.be/vehicle/IC2045,http://irail.be/stations/NMBS/008812005,IC,2017-09-28T00:02:00,2017-09-28T00:02:00,-8,-5
http://irail.be/vehicle/IC2045,http://irail.be/stations/NMBS/008813045,IC,2017-09-28T00:04:00,2017-09-28T00:04:00,-8,-8
http://irail.be/vehicle/IC2045,http://irail.be/stations/NMBS/008813003,IC,2017-09-28T00:06:00,2017-09-28T00:05:00,17,21
http://irail.be/vehicle/IC2045,http://irail.be/stations/NMBS/008813037,IC,2017-09-28T00:07:00,2017-09-28T00:07:00,15,15
http://irail.be/vehicle/IC2045,http://irail.be/stations/NMBS/008814001,IC,2017-09-28T00:10:00,2017-09-28T00:10:00,,7
http://irail.be/vehicle/IC2045,http://irail.be/stations/NMBS/008821006,IC,2017-09-28T23:25:00,2017-09-28T23:25:00,40,
http://irail.be/vehicle/IC2045,http://irail.be/stations/NMBS/008821121,IC,2017-09-28T23:31:00,2017-09-28T23:29:00,29,29
http://irail.be/vehicle/IC2045,http://irail.be/stations/NMBS/008821154,IC,2017-09-28T23:33:00,2017-09-28T23:33:00,0,0
http://irail.be/vehicle/IC2045,http://irail.be/stations/NMBS/008821238,IC,2017-09-28T23:34:00,2017-09-28T23:34:00,-24,-24
http://irail.be/vehicle/IC2045,http://irail.be/stations/NMBS/008821337,IC,2017-09-28T23:35:00,2017-09-28T23:35:00,-36,-36
http://irail.be/vehicle/IC2045,http://irail.be/stations/NMBS/008821311,IC,2017-09-28T23:36:00,2017-09-28T23:36:00,-39,-39
http://irail.be/vehicle/IC2045,http://irail.be/stations/NMBS/008822210,IC,2017-09-28T23:38:00,2017-09-28T23:38:00,-34,-34
http://irail.be/vehicle/IC2045,http://irail.be/stations/NMBS/008822228,IC,2017-09-28T23:39:00,2017-09-28T23:39:00,13,13
http://irail.be/vehicle/IC2045,http://irail.be/stations/NMBS/008822343,IC,2017-09-28T23:41:00,2017-09-28T23:41:00,-10,-10
http://irail.be/vehicle/IC2045,http://irail.be/stations/NMBS/008822004,IC,2017-09-28T23:45:00,2017-09-28T23:43:00,50,-10
http://irail.be/vehicle/IC2045,http://irail.be/stations/NMBS/008822251,IC,2017-09-28T23:49:00,2017-09-28T23:49:00,42,42
http://irail.be/vehicle/IC2045,http://irail.be/stations/NMBS/008822269,IC,2017-09-28T23:50:00,2017-09-28T23:50:00,42,42
http://irail.be/vehicle/IC2045,http://irail.be/stations/NMBS/008811189,IC,2017-09-28T23:52:00,2017-09-28T23:52:00,44,44
http://irail.be/vehicle/IC2045,http://irail.be/stations/NMBS/008811148,IC,2017-09-28T23:54:00,2017-09-28T23:54:00,30,30
http://irail.be/vehicle/IC2045,http://irail.be/stations/NMBS/008811007,IC,2017-09-28T23:57:00,2017-09-28T23:57:00,-42,-42
http://irail.be/vehicle/IC2045,http://irail.be/stations/NMBS/008812005,IC,2017-09-29T00:02:00,2017-09-29T00:02:00,26,-65
http://irail.be/vehicle/IC2045,http://irail.be/stations/NMBS/008813045,IC,2017-09-29T00:04:00,2017-09-29T00:04:00,22,22
http://irail.be/vehicle/IC2045,http://irail.be/stations/NMBS/008813003,IC,2017-09-29T00:06:00,2017-09-29T00:05:00,24,38
http://irail.be/vehicle/IC2045,http://irail.be/stations/NMBS/008813037,IC,2017-09-29T00:07:00,2017-09-29T00:07:00,21,21
http://irail.be/vehicle/IC2045,http://irail.be/stations/NMBS/008814001,IC,2017-09-29T00:10:00,2017-09-29T00:10:00,,17
http://irail.be/vehicle/IC2045,http://irail.be/stations/NMBS/008821006,IC,2017-08-10T23:25:00,2017-08-10T23:25:00,109,
http://irail.be/vehicle/IC2045,http://irail.be/stations/NMBS/008821121,IC,2017-08-10T23:31:00,2017-08-10T23:29:00,77,77
http://irail.be/vehicle/IC2045,http://irail.be/stations/NMBS/008821154,IC,2017-08-10T23:33:00,2017-08-10T23:33:00,49,49
http://irail.be/vehicle/IC2045,http://irail.be/stations/NMBS/008821238,IC,2017-08-10T23:34:00,2017-08-10T23:34:00,25,25
http://irail.be/vehicle/IC2045,http://irail.be/stations/NMBS/008821337,IC,2017-08-10T23:35:00,2017-08-10T23:35:00,22,22
http://irail.be/vehicle/IC2045,http://irail.be/stations/NMBS/008821311,IC,2017-08-10T23:36:00,2017-08-10T23:36:00,29,29
http://irail.be/vehicle/IC2045,http://irail.be/stations/NMBS/008822210,IC,2017-08-10T23:38:00,2017-08-10T23:38:00,37,37
http://irail.be/vehicle/IC2045,http://irail.be/stations/NMBS/008822228,IC,2017-08-10T23:39:00,2017-08-10T23:39:00,121,121
http://irail.be/vehicle/IC2045,http://irail.be/stations/NMBS/008822343,IC,2017-08-10T23:41:00,2017-08-10T23:41:00,99,99
http://irail.be/vehicle/IC2045,http://irail.be/stations/NMBS/008822004,IC,2017-08-10T23:45:00,2017-08-10T23:43:00,32,99
http://irail.be/vehicle/IC2045,http://irail.be/stations/NMBS/008822251,IC,2017-08-10T23:49:00,2017-08-10T23:49:00,-21,-21
http://irail.be/vehicle/IC2045,http://irail.be/stations/NMBS/008822269,IC,2017-08-10T23:50:00,2017-08-10T23:50:00,-21,-21
http://irail.be/vehicle/IC2045,http://irail.be/stations/NMBS/008811189,IC,2017-08-10T23:52:00,2017-08-10T23:52:00,-18,-18
http://irail.be/vehicle/IC2045,http://irail.be/stations/NMBS/008811148,IC,2017-08-10T23:54:00,2017-08-10T23:54:00,-25,-25
http://irail.be/vehicle/IC2045,http://irail.be/stations/NMBS/008811007,IC,2017-08-10T23:57:00,2017-08-10T23:57:00,-54,-54
http://irail.be/vehicle/IC2045,http://irail.be/stations/NMBS/008812005,IC,2017-08-11T00:02:00,2017-08-11T00:02:00,-8,-53
http://irail.be/vehicle/IC2045,http://irail.be/stations/NMBS/008813045,IC,2017-08-11T00:04:00,2017-08-11T00:04:00,-8,-8
http://irail.be/vehicle/IC2045,http://irail.be/stations/NMBS/008813003,IC,2017-08-11T00:06:00,2017-08-11T00:05:00,7,16
http://irail.be/vehicle/IC2045,http://irail.be/stations/NMBS/008813037,IC,2017-08-11T00:08:00,2017-08-11T00:08:00,-26,-26
http://irail.be/vehicle/IC2045,http://irail.be/stations/NMBS/008814001,IC,2017-08-11T00:10:00,2017-08-11T00:10:00,,138
http://irail.be/vehicle/IC2045,http://irail.be/stations/NMBS/008821006,IC,2017-06-02T23:25:00,2017-06-02T23:25:00,-32,
http://irail.be/vehicle/IC2045,http://irail.be/stations/NMBS/008821121,IC,2017-06-02T23:31:00,2017-06-02T23:29:00,26,26
http://irail.be/vehicle/IC2045,http://irail.be/stations/NMBS/008821154,IC,2017-06-02T23:33:00,2017-06-02T23:33:00,0,0
http://irail.be/vehicle/IC2045,http://irail.be/stations/NMBS/008821238,IC,2017-06-02T23:34:00,2017-06-02T23:34:00,-22,-22
http://irail.be/vehicle/IC2045,http://irail.be/stations/NMBS/008821337,IC,2017-06-02T23:35:00,2017-06-02T23:35:00,-30,-30
http://irail.be/vehicle/IC2045,NO-URI,IC,2017-06-02T23:36:00,2017-06-02T23:36:00,-32,-32
http://irail.be/vehicle/IC2045,http://irail.be/stations/NMBS/008822210,IC,2017-06-02T23:38:00,2017-06-02T23:38:00,-27,-27
http://irail.be/vehicle/IC2045,http://irail.be/stations/NMBS/008822228,IC,2017-06-02T23:39:00,2017-06-02T23:39:00,29,29
http://irail.be/vehicle/IC2045,http://irail.be/stations/NMBS/008822343,IC,2017-06-02T23:41:00,2017-06-02T23:41:00,-16,-16
http://irail.be/vehicle/IC2045,http://irail.be/stations/NMBS/008822004,IC,2017-06-02T23:45:00,2017-06-02T23:43:00,24,-16
http://irail.be/vehicle/IC2045,http://irail.be/stations/NMBS/008822251,IC,2017-06-02T23:49:00,2017-06-02T23:49:00,-25,-25
http://irail.be/vehicle/IC2045,http://irail.be/stations/NMBS/008822269,IC,2017-06-02T23:50:00,2017-06-02T23:50:00,-25,-25
http://irail.be/vehicle/IC2045,http://irail.be/stations/NMBS/008811189,IC,2017-06-02T23:52:00,2017-06-02T23:52:00,-12,-12
http://irail.be/vehicle/IC2045,http://irail.be/stations/NMBS/008811148,IC,2017-06-02T23:54:00,2017-06-02T23:54:00,-16,-16
http://irail.be/vehicle/IC2045,http://irail.be/stations/NMBS/008811007,IC,2017-06-02T23:57:00,2017-06-02T23:57:00,-59,-59
http://irail.be/vehicle/IC2045,http://irail.be/stations/NMBS/008812005,IC,2017-06-03T00:02:00,2017-06-03T00:02:00,-9,-75
http://irail.be/vehicle/IC2045,http://irail.be/stations/NMBS/008813045,IC,2017-06-03T00:04:00,2017-06-03T00:04:00,-11,-11
http://irail.be/vehicle/IC2045,http://irail.be/stations/NMBS/008813003,IC,2017-06-03T00:06:00,2017-06-03T00:05:00,10,8
http://irail.be/vehicle/IC2045,http://irail.be/stations/NMBS/008813037,IC,2017-06-03T00:07:00,2017-06-03T00:07:00,14,14
http://irail.be/vehicle/IC2045,http://irail.be/stations/NMBS/008814001,IC,2017-06-03T00:10:00,2017-06-03T00:10:00,,12
http://irail.be/vehicle/IC2045,http://irail.be/stations/NMBS/008821006,IC,2017-01-06T23:25:00,2017-01-06T23:25:00,267,
http://irail.be/vehicle/IC2045,http://irail.be/stations/NMBS/008821121,IC,2017-01-06T23:31:00,2017-01-06T23:29:00,235,235
http://irail.be/vehicle/IC2045,http://irail.be/stations/NMBS/008821154,IC,2017-01-06T23:33:00,2017-01-06T23:33:00,220,220
http://irail.be/vehicle/IC2045,http://irail.be/stations/NMBS/008821238,IC,2017-01-06T23:34:00,2017-01-06T23:34:00,197,197
http://irail.be/vehicle/IC2045,http://irail.be/stations/NMBS/008821337,IC,2017-01-06T23:35:00,2017-01-06T23:35:00,190,190
http://irail.be/vehicle/IC2045,NO-URI,IC,2017-01-06T23:36:00,2017-01-06T23:36:00,191,191
http://irail.be/vehicle/IC2045,http://irail.be/stations/NMBS/008822210,IC,2017-01-06T23:38:00,2017-01-06T23:38:00,198,198
http://irail.be/vehicle/IC2045,http://irail.be/stations/NMBS/008822228,IC,2017-01-06T23:39:00,2017-01-06T23:39:00,249,249
http://irail.be/vehicle/IC2045,http://irail.be/stations/NMBS/008822343,IC,2017-01-06T23:41:00,2017-01-06T23:41:00,203,203
http://irail.be/vehicle/IC2045,http://irail.be/stations/NMBS/008822004,IC,2017-01-06T23:45:00,2017-01-06T23:43:00,129,203
http://irail.be/vehicle/IC2045,http://irail.be/stations/NMBS/008822251,IC,2017-01-06T23:49:00,2017-01-06T23:49:00,67,67
http://irail.be/vehicle/IC2045,http://irail.be/stations/NMBS/008822269,IC,2017-01-06T23:50:00,2017-01-06T23:50:00,67,67
http://irail.be/vehicle/IC2045,http://irail.be/stations/NMBS/008811189,IC,2017-01-06T23:52:00,2017-01-06T23:52:00,65,65
http://irail.be/vehicle/IC2045,http://irail.be/stations/NMBS/008811148,IC,2017-01-06T23:54:00,2017-01-06T23:54:00,54,54
http://irail.be/vehicle/IC2045,http://irail.be/stations/NMBS/008811007,IC,2017-01-06T23:57:00,2017-01-06T23:57:00,130,130
http://irail.be/vehicle/IC2045,http://irail.be/stations/NMBS/008812005,IC,2017-01-07T00:02:00,2017-01-07T00:02:00,90,160
http://irail.be/vehicle/IC2045,http://irail.be/stations/NMBS/008813045,IC,2017-01-07T00:04:00,2017-01-07T00:04:00,86,86
http://irail.be/vehicle/IC2045,http://irail.be/stations/NMBS/008813003,IC,2017-01-07T00:06:00,2017-01-07T00:05:00,205,209
http://irail.be/vehicle/IC2045,http://irail.be/stations/NMBS/008813037,IC,2017-01-07T00:07:00,2017-01-07T00:07:00,207,207
http://irail.be/vehicle/IC2045,http://irail.be/stations/NMBS/008814001,IC,2017-01-07T00:10:00,2017-01-07T00:10:00,,212
http://irail.be/vehicle/IC2045,http://irail.be/stations/NMBS/008821006,IC,2017-04-26T23:25:00,2017-04-26T23:25:00,56,
http://irail.be/vehicle/IC2045,http://irail.be/stations/NMBS/008821121,IC,2017-04-26T23:31:00,2017-04-26T23:29:00,30,30
http://irail.be/vehicle/IC2045,http://irail.be/stations/NMBS/008821154,IC,2017-04-26T23:33:00,2017-04-26T23:33:00,11,11
http://irail.be/vehicle/IC2045,http://irail.be/stations/NMBS/008821238,IC,2017-04-26T23:34:00,2017-04-26T23:34:00,-10,-10
http://irail.be/vehicle/IC2045,http://irail.be/stations/NMBS/008821337,IC,2017-04-26T23:35:00,2017-04-26T23:35:00,2,2
http://irail.be/vehicle/IC2045,NO-URI,IC,2017-04-26T23:36:00,2017-04-26T23:36:00,12,12
http://irail.be/vehicle/IC2045,http://irail.be/stations/NMBS/008822210,IC,2017-04-26T23:38:00,2017-04-26T23:38:00,26,26
http://irail.be/vehicle/IC2045,http://irail.be/stations/NMBS/008822228,IC,2017-04-26T23:39:00,2017-04-26T23:39:00,312,312
http://irail.be/vehicle/IC2045,http://irail.be/stations/NMBS/008822343,IC,2017-04-26T23:41:00,2017-04-26T23:41:00,271,271
http://irail.be/vehicle/IC2045,http://irail.be/stations/NMBS/008822004,IC,2017-04-26T23:45:00,2017-04-26T23:43:00,191,271
http://irail.be/vehicle/IC2045,http://irail.be/stations/NMBS/008822251,IC,2017-04-26T23:49:00,2017-04-26T23:49:00,1147,1147
http://irail.be/vehicle/IC2045,http://irail.be/stations/NMBS/008822269,IC,2017-04-26T23:50:00,2017-04-26T23:50:00,1147,1147
http://irail.be/vehicle/IC2045,http://irail.be/stations/NMBS/008811189,IC,2017-04-26T23:52:00,2017-04-26T23:52:00,1426,1426
http://irail.be/vehicle/IC2045,http://irail.be/stations/NMBS/008811148,IC,2017-04-26T23:54:00,2017-04-26T23:54:00,1415,1415
http://irail.be/vehicle/IC2045,http://irail.be/stations/NMBS/008811007,IC,2017-04-26T23:57:00,2017-04-26T23:57:00,1443,1443
http://irail.be/vehicle/IC2045,http://irail.be/stations/NMBS/008812005,IC,2017-04-27T00:02:00,2017-04-27T00:02:00,1494,1490
http://irail.be/vehicle/IC2045,http://irail.be/stations/NMBS/008813045,IC,2017-04-27T00:04:00,2017-04-27T00:04:00,1499,1499
http://irail.be/vehicle/IC2045,http://irail.be/stations/NMBS/008813003,IC,2017-04-27T00:06:00,2017-04-27T00:05:00,1510,1523
http://irail.be/vehicle/IC2045,http://irail.be/stations/NMBS/008813037,IC,2017-04-27T00:07:00,2017-04-27T00:07:00,1512,1512
http://irail.be/vehicle/IC2045,http://irail.be/stations/NMBS/008814001,IC,2017-04-27T00:10:00,2017-04-27T00:10:00,,1520
http://irail.be/vehicle/IC2045,http://irail.be/stations/NMBS/008821006,IC,2017-06-13T23:25:00,2017-06-13T23:25:00,14,
http://irail.be/vehicle/IC2045,http://irail.be/stations/NMBS/008821121,IC,2017-06-13T23:31:00,2017-06-13T23:29:00,28,28
http://irail.be/vehicle/IC2045,http://irail.be/stations/NMBS/008821154,IC,2017-06-13T23:33:00,2017-06-13T23:33:00,4,4
http://irail.be/vehicle/IC2045,http://irail.be/stations/NMBS/008821238,IC,2017-06-13T23:34:00,2017-06-13T23:34:00,-21,-21
http://irail.be/vehicle/IC2045,http://irail.be/stations/NMBS/008821337,IC,2017-06-13T23:35:00,2017-06-13T23:35:00,-32,-32
http://irail.be/vehicle/IC2045,http://irail.be/stations/NMBS/008821311,IC,2017-06-13T23:36:00,2017-06-13T23:36:00,-34,-34
http://irail.be/vehicle/IC2045,http://irail.be/stations/NMBS/008822210,IC,2017-06-13T23:38:00,2017-06-13T23:38:00,-29,-29
http://irail.be/vehicle/IC2045,http://irail.be/stations/NMBS/008822228,IC,2017-06-13T23:39:00,2017-06-13T23:39:00,6,6
http://irail.be/vehicle/IC2045,http://irail.be/stations/NMBS/008822343,IC,2017-06-13T23:41:00,2017-06-13T23:41:00,-41,-41
http://irail.be/vehicle/IC2045,http://irail.be/stations/NMBS/008822004,IC,2017-06-13T23:45:00,2017-06-13T23:43:00,15,-41
http://irail.be/vehicle/IC2045,http://irail.be/stations/NMBS/008822251,IC,2017-06-13T23:49:00,2017-06-13T23:49:00,-49,-49
http://irail.be/vehicle/IC2045,http://irail.be/stations/NMBS/008822269,IC,2017-06-13T23:50:00,2017-06-13T23:50:00,-49,-49
http://irail.be/vehicle/IC2045,http://irail.be/stations/NMBS/008811189,IC,2017-06-13T23:52:00,2017-06-13T23:52:00,-56,-56
http://irail.be/vehicle/IC2045,http://irail.be/stations/NMBS/008811148,IC,2017-06-13T23:54:00,2017-06-13T23:54:00,-63,-63
http://irail.be/vehicle/IC2045,http://irail.be/stations/NMBS/008811007,IC,2017-06-13T23:57:00,2017-06-13T23:57:00,180,180
http://irail.be/vehicle/IC2045,http://irail.be/stations/NMBS/008812005,IC,2017-06-14T00:02:00,2017-06-14T00:02:00,84,194
http://irail.be/vehicle/IC2045,http://irail.be/stations/NMBS/008813045,IC,2017-06-14T00:04:00,2017-06-14T00:04:00,83,83
http://irail.be/vehicle/IC2045,http://irail.be/stations/NMBS/008813003,IC,2017-06-14T00:06:00,2017-06-14T00:05:00,170,176
http://irail.be/vehicle/IC2045,http://irail.be/stations/NMBS/008813037,IC,2017-06-14T00:07:00,2017-06-14T00:07:00,169,169
http://irail.be/vehicle/IC2045,http://irail.be/stations/NMBS/008814001,IC,2017-06-14T00:10:00,2017-06-14T00:10:00,,159
http://irail.be/vehicle/IC2045,http://irail.be/stations/NMBS/008821006,IC,2017-10-26T23:25:00,2017-10-26T23:25:00,2,
http://irail.be/vehicle/IC2045,http://irail.be/stations/NMBS/008821121,IC,2017-10-26T23:31:00,2017-10-26T23:29:00,28,28
http://irail.be/vehicle/IC2045,http://irail.be/stations/NMBS/008821154,IC,2017-10-26T23:33:00,2017-10-26T23:33:00,5,5
http://irail.be/vehicle/IC2045,http://irail.be/stations/NMBS/008821238,IC,2017-10-26T23:34:00,2017-10-26T23:34:00,-17,-17
http://irail.be/vehicle/IC2045,http://irail.be/stations/NMBS/008821337,IC,2017-10-26T23:35:00,2017-10-26T23:35:00,-27,-27
http://irail.be/vehicle/IC2045,http://irail.be/stations/NMBS/008821311,IC,2017-10-26T23:36:00,2017-10-26T23:36:00,-30,-30
http://irail.be/vehicle/IC2045,http://irail.be/stations/NMBS/008822210,IC,2017-10-26T23:38:00,2017-10-26T23:38:00,-24,-24
http://irail.be/vehicle/IC2045,http://irail.be/stations/NMBS/008822228,IC,2017-10-26T23:39:00,2017-10-26T23:39:00,19,19
http://irail.be/vehicle/IC2045,http://irail.be/stations/NMBS/008822343,IC,2017-10-26T23:41:00,2017-10-26T23:41:00,-24,-24
http://irail.be/vehicle/IC2045,http://irail.be/stations/NMBS/008822004,IC,2017-10-26T23:45:00,2017-10-26T23:43:00,15,-24
http://irail.be/vehicle/IC2045,http://irail.be/stations/NMBS/008822251,IC,2017-10-26T23:49:00,2017-10-26T23:49:00,73,73
http://irail.be/vehicle/IC2045,http://irail.be/stations/NMBS/008822269,IC,2017-10-26T23:50:00,2017-10-26T23:50:00,73,73
http://irail.be/vehicle/IC2045,http://irail.be/stations/NMBS/008811189,IC,2017-10-26T23:52:00,2017-10-26T23:52:00,77,77
http://irail.be/vehicle/IC2045,http://irail.be/stations/NMBS/008811148,IC,2017-10-26T23:54:00,2017-10-26T23:54:00,63,63
http://irail.be/vehicle/IC2045,http://irail.be/stations/NMBS/008811007,IC,2017-10-26T23:57:00,2017-10-26T23:57:00,254,254
http://irail.be/vehicle/IC2045,http://irail.be/stations/NMBS/008812005,IC,2017-10-27T00:02:00,2017-10-27T00:02:00,227,321
http://irail.be/vehicle/IC2045,http://irail.be/stations/NMBS/008813045,IC,2017-10-27T00:04:00,2017-10-27T00:04:00,222,222
http://irail.be/vehicle/IC2045,http://irail.be/stations/NMBS/008813003,IC,2017-10-27T00:06:00,2017-10-27T00:05:00,241,244
http://irail.be/vehicle/IC2045,http://irail.be/stations/NMBS/008813037,IC,2017-10-27T00:07:00,2017-10-27T00:07:00,241,241
http://irail.be/vehicle/IC2045,http://irail.be/stations/NMBS/008814001,IC,2017-10-27T00:10:00,2017-10-27T00:10:00,,232
http://irail.be/vehicle/IC2045,http://irail.be/stations/NMBS/008821006,IC,2017-03-03T23:25:00,2017-03-03T23:25:00,23,
http://irail.be/vehicle/IC2045,http://irail.be/stations/NMBS/008821121,IC,2017-03-03T23:31:00,2017-03-03T23:29:00,28,28
http://irail.be/vehicle/IC2045,http://irail.be/stations/NMBS/008821154,IC,2017-03-03T23:33:00,2017-03-03T23:33:00,10,9
http://irail.be/vehicle/IC2045,http://irail.be/stations/NMBS/008821238,IC,2017-03-03T23:34:00,2017-03-03T23:34:00,-13,-13
http://irail.be/vehicle/IC2045,http://irail.be/stations/NMBS/008821337,IC,2017-03-03T23:35:00,2017-03-03T23:35:00,-24,-24
http://irail.be/vehicle/IC2045,NO-URI,IC,2017-03-03T23:36:00,2017-03-03T23:36:00,-26,-26
http://irail.be/vehicle/IC2045,http://irail.be/stations/NMBS/008822210,IC,2017-03-03T23:38:00,2017-03-03T23:38:00,-21,-21
http://irail.be/vehicle/IC2045,http://irail.be/stations/NMBS/008822228,IC,2017-03-03T23:39:00,2017-03-03T23:39:00,17,17
http://irail.be/vehicle/IC2045,http://irail.be/stations/NMBS/008822343,IC,2017-03-03T23:41:00,2017-03-03T23:41:00,-32,-32
http://irail.be/vehicle/IC2045,http://irail.be/stations/NMBS/008822004,IC,2017-03-03T23:45:00,2017-03-03T23:43:00,43,-32
http://irail.be/vehicle/IC2045,http://irail.be/stations/NMBS/008822251,IC,2017-03-03T23:49:00,2017-03-03T23:49:00,1,1
http://irail.be/vehicle/IC2045,http://irail.be/stations/NMBS/008822269,IC,2017-03-03T23:50:00,2017-03-03T23:50:00,1,1
http://irail.be/vehicle/IC2045,http://irail.be/stations/NMBS/008811189,IC,2017-03-03T23:52:00,2017-03-03T23:52:00,-28,-41
http://irail.be/vehicle/IC2045,http://irail.be/stations/NMBS/008811148,IC,2017-03-03T23:54:00,2017-03-03T23:54:00,-41,-41
http://irail.be/vehicle/IC2045,http://irail.be/stations/NMBS/008811007,IC,2017-03-03T23:57:00,2017-03-03T23:57:00,-111,-111
http://irail.be/vehicle/IC2045,http://irail.be/stations/NMBS/008812005,IC,2017-03-04T00:02:00,2017-03-04T00:02:00,161,-110
http://irail.be/vehicle/IC2045,http://irail.be/stations/NMBS/008813045,IC,2017-03-04T00:04:00,2017-03-04T00:04:00,166,166
http://irail.be/vehicle/IC2045,http://irail.be/stations/NMBS/008813003,IC,2017-03-04T00:06:00,2017-03-04T00:05:00,191,189
http://irail.be/vehicle/IC2045,http://irail.be/stations/NMBS/008813037,IC,2017-03-04T00:07:00,2017-03-04T00:07:00,191,191
http://irail.be/vehicle/IC2045,http://irail.be/stations/NMBS/008814001,IC,2017-03-04T00:10:00,2017-03-04T00:10:00,,195
http://irail.be/vehicle/IC2045,http://irail.be/stations/NMBS/008821006,IC,2017-03-30T23:25:00,2017-03-30T23:25:00,35,
http://irail.be/vehicle/IC2045,http://irail.be/stations/NMBS/008821121,IC,2017-03-30T23:31:00,2017-03-30T23:29:00,26,26
http://irail.be/vehicle/IC2045,http://irail.be/stations/NMBS/008821154,IC,2017-03-30T23:33:00,2017-03-30T23:33:00,1,1
http://irail.be/vehicle/IC2045,http://irail.be/stations/NMBS/008821238,IC,2017-03-30T23:34:00,2017-03-30T23:34:00,-21,-21
http://irail.be/vehicle/IC2045,http://irail.be/stations/NMBS/008821337,IC,2017-03-30T23:35:00,2017-03-30T23:35:00,-29,-29
http://irail.be/vehicle/IC2045,NO-URI,IC,2017-03-30T23:36:00,2017-03-30T23:36:00,-29,-29
http://irail.be/vehicle/IC2045,http://irail.be/stations/NMBS/008822210,IC,2017-03-30T23:38:00,2017-03-30T23:38:00,-22,-22
http://irail.be/vehicle/IC2045,http://irail.be/stations/NMBS/008822228,IC,2017-03-30T23:39:00,2017-03-30T23:39:00,35,35
http://irail.be/vehicle/IC2045,http://irail.be/stations/NMBS/008822343,IC,2017-03-30T23:41:00,2017-03-30T23:41:00,-11,-11
http://irail.be/vehicle/IC2045,http://irail.be/stations/NMBS/008822004,IC,2017-03-30T23:45:00,2017-03-30T23:43:00,17,-11
http://irail.be/vehicle/IC2045,http://irail.be/stations/NMBS/008822251,IC,2017-03-30T23:49:00,2017-03-30T23:49:00,-21,-21
http://irail.be/vehicle/IC2045,http://irail.be/stations/NMBS/008822269,IC,2017-03-30T23:50:00,2017-03-30T23:50:00,-21,-21
http://irail.be/vehicle/IC2045,http://irail.be/stations/NMBS/008811189,IC,2017-03-30T23:52:00,2017-03-30T23:52:00,37,37
http://irail.be/vehicle/IC2045,NO-URI,IC,2017-03-30T23:54:00,2017-03-30T23:54:00,138,138
http://irail.be/vehicle/IC2045,NO-URI,IC,2017-03-30T23:54:00,2017-03-30T23:54:00,156,156
http://irail.be/vehicle/IC2045,http://irail.be/stations/NMBS/008811007,IC,2017-03-30T23:57:00,2017-03-30T23:57:00,214,214
http://irail.be/vehicle/IC2045,http://irail.be/stations/NMBS/008812005,IC,2017-03-31T00:02:00,2017-03-31T00:02:00,424,321
http://irail.be/vehicle/IC2045,http://irail.be/stations/NMBS/008813045,IC,2017-03-31T00:04:00,2017-03-31T00:04:00,487,487
http://irail.be/vehicle/IC2045,http://irail.be/stations/NMBS/008813003,IC,2017-03-31T00:06:00,2017-03-31T00:05:00,597,579
http://irail.be/vehicle/IC2045,http://irail.be/stations/NMBS/008813037,IC,2017-03-31T00:07:00,2017-03-31T00:07:00,598,598
http://irail.be/vehicle/IC2045,http://irail.be/stations/NMBS/008814001,IC,2017-03-31T00:10:00,2017-03-31T00:10:00,,614
http://irail.be/vehicle/IC2045,http://irail.be/stations/NMBS/008821006,IC,2017-03-27T23:25:00,2017-03-27T23:25:00,33,
http://irail.be/vehicle/IC2045,http://irail.be/stations/NMBS/008821121,IC,2017-03-27T23:31:00,2017-03-27T23:29:00,30,30
http://irail.be/vehicle/IC2045,http://irail.be/stations/NMBS/008821154,IC,2017-03-27T23:33:00,2017-03-27T23:33:00,9,9
http://irail.be/vehicle/IC2045,http://irail.be/stations/NMBS/008821238,IC,2017-03-27T23:34:00,2017-03-27T23:34:00,-16,-16
http://irail.be/vehicle/IC2045,http://irail.be/stations/NMBS/008821337,IC,2017-03-27T23:35:00,2017-03-27T23:35:00,-21,-21
http://irail.be/vehicle/IC2045,NO-URI,IC,2017-03-27T23:36:00,2017-03-27T23:36:00,-21,-21
http://irail.be/vehicle/IC2045,http://irail.be/stations/NMBS/008822210,IC,2017-03-27T23:38:00,2017-03-27T23:38:00,-14,-14
http://irail.be/vehicle/IC2045,http://irail.be/stations/NMBS/008822228,IC,2017-03-27T23:39:00,2017-03-27T23:39:00,45,45
http://irail.be/vehicle/IC2045,http://irail.be/stations/NMBS/008822343,IC,2017-03-27T23:41:00,2017-03-27T23:41:00,10,10
http://irail.be/vehicle/IC2045,http://irail.be/stations/NMBS/008822004,IC,2017-03-27T23:45:00,2017-03-27T23:43:00,57,10
http://irail.be/vehicle/IC2045,http://irail.be/stations/NMBS/008822251,IC,2017-03-27T23:49:00,2017-03-27T23:49:00,25,25
http://irail.be/vehicle/IC2045,http://irail.be/stations/NMBS/008822269,IC,2017-03-27T23:50:00,2017-03-27T23:50:00,25,25
http://irail.be/vehicle/IC2045,http://irail.be/stations/NMBS/008811189,IC,2017-03-27T23:52:00,2017-03-27T23:52:00,319,319
http://irail.be/vehicle/IC2045,NO-URI,IC,2017-03-27T23:54:00,2017-03-27T23:54:00,399,399
http://irail.be/vehicle/IC2045,NO-URI,IC,2017-03-27T23:54:00,2017-03-27T23:54:00,413,413
http://irail.be/vehicle/IC2045,http://irail.be/stations/NMBS/008811007,IC,2017-03-27T23:57:00,2017-03-27T23:57:00,468,468
http://irail.be/vehicle/IC2045,http://irail.be/stations/NMBS/008812005,IC,2017-03-28T00:02:00,2017-03-28T00:02:00,380,463
http://irail.be/vehicle/IC2045,http://irail.be/stations/NMBS/008813045,IC,2017-03-28T00:04:00,2017-03-28T00:04:00,382,382
http://irail.be/vehicle/IC2045,http://irail.be/stations/NMBS/008813003,IC,2017-03-28T00:06:00,2017-03-28T00:05:00,387,404
http://irail.be/vehicle/IC2045,http://irail.be/stations/NMBS/008813037,IC,2017-03-28T00:07:00,2017-03-28T00:07:00,388,388
http://irail.be/vehicle/IC2045,http://irail.be/stations/NMBS/008814001,IC,2017-03-28T00:10:00,2017-03-28T00:10:00,,390
http://irail.be/vehicle/IC2045,NO-URI,IC,2017-12-19T23:11:00,2017-12-19T23:11:00,-137,
http://irail.be/vehicle/IC2045,http://irail.be/stations/NMBS/008821089,IC,2017-12-19T23:17:00,2017-12-19T23:14:00,-29,-29
http://irail.be/vehicle/IC2045,http://irail.be/stations/NMBS/008821063,IC,2017-12-19T23:20:00,2017-12-19T23:20:00,-51,-51
http://irail.be/vehicle/IC2045,http://irail.be/stations/NMBS/008821006,IC,2017-12-19T23:26:00,2017-12-19T23:23:00,7,-46
http://irail.be/vehicle/IC2045,http://irail.be/stations/NMBS/008821121,IC,2017-12-19T23:31:00,2017-12-19T23:30:00,5,5
http://irail.be/vehicle/IC2045,http://irail.be/stations/NMBS/008821154,IC,2017-12-19T23:33:00,2017-12-19T23:33:00,2,2
http://irail.be/vehicle/IC2045,http://irail.be/stations/NMBS/008821238,IC,2017-12-19T23:34:00,2017-12-19T23:34:00,-13,-13
http://irail.be/vehicle/IC2045,http://irail.be/stations/NMBS/008821337,IC,2017-12-19T23:35:00,2017-12-19T23:35:00,-33,-33
http://irail.be/vehicle/IC2045,http://irail.be/stations/NMBS/008821311,IC,2017-12-19T23:36:00,2017-12-19T23:36:00,-39,-39
http://irail.be/vehicle/IC2045,http://irail.be/stations/NMBS/008822210,IC,2017-12-19T23:38:00,2017-12-19T23:38:00,-46,-46
http://irail.be/vehicle/IC2045,http://irail.be/stations/NMBS/008822228,IC,2017-12-19T23:39:00,2017-12-19T23:39:00,-34,-34
http://irail.be/vehicle/IC2045,http://irail.be/stations/NMBS/008822343,IC,2017-12-19T23:41:00,2017-12-19T23:41:00,-42,-42
http://irail.be/vehicle/IC2045,http://irail.be/stations/NMBS/008822004,IC,2017-12-19T23:44:00,2017-12-19T23:42:00,26,-42
http://irail.be/vehicle/IC2045,http://irail.be/stations/NMBS/008822251,IC,2017-12-19T23:49:00,2017-12-19T23:49:00,-57,-57
http://irail.be/vehicle/IC2045,http://irail.be/stations/NMBS/008822269,IC,2017-12-19T23:50:00,2017-12-19T23:50:00,-57,-57
http://irail.be/vehicle/IC2045,http://irail.be/stations/NMBS/008811189,IC,2017-12-19T23:52:00,2017-12-19T23:52:00,-55,-55
http://irail.be/vehicle/IC2045,http://irail.be/stations/NMBS/008811148,IC,2017-12-19T23:54:00,2017-12-19T23:54:00,-70,-70
http://irail.be/vehicle/IC2045,http://irail.be/stations/NMBS/008811007,IC,2017-12-19T23:57:00,2017-12-19T23:57:00,-61,-61
http://irail.be/vehicle/IC2045,http://irail.be/stations/NMBS/008812005,IC,2017-12-20T00:02:00,2017-12-19T23:59:00,-5,51
http://irail.be/vehicle/IC2045,http://irail.be/stations/NMBS/008813045,IC,2017-12-20T00:04:00,2017-12-20T00:04:00,-8,-8
http://irail.be/vehicle/IC2045,http://irail.be/stations/NMBS/008813003,IC,2017-12-20T00:06:00,2017-12-20T00:05:00,22,16
http://irail.be/vehicle/IC2045,http://irail.be/stations/NMBS/008813037,IC,2017-12-20T00:07:00,2017-12-20T00:07:00,22,22
http://irail.be/vehicle/IC2045,http://irail.be/stations/NMBS/008814001,IC,2017-12-20T00:10:00,2017-12-20T00:10:00,,7
http://irail.be/vehicle/IC2045,http://irail.be/stations/NMBS/008821006,IC,2017-01-02T23:25:00,2017-01-02T23:25:00,20,
http://irail.be/vehicle/IC2045,http://irail.be/stations/NMBS/008821121,IC,2017-01-02T23:31:00,2017-01-02T23:29:00,31,31
http://irail.be/vehicle/IC2045,http://irail.be/stations/NMBS/008821154,IC,2017-01-02T23:33:00,2017-01-02T23:33:00,7,7
http://irail.be/vehicle/IC2045,http://irail.be/stations/NMBS/008821238,IC,2017-01-02T23:34:00,2017-01-02T23:34:00,-18,-18
http://irail.be/vehicle/IC2045,http://irail.be/stations/NMBS/008821337,IC,2017-01-02T23:35:00,2017-01-02T23:35:00,-28,-28
http://irail.be/vehicle/IC2045,NO-URI,IC,2017-01-02T23:36:00,2017-01-02T23:36:00,-27,-27
http://irail.be/vehicle/IC2045,http://irail.be/stations/NMBS/008822210,IC,2017-01-02T23:38:00,2017-01-02T23:38:00,-20,-20
http://irail.be/vehicle/IC2045,http://irail.be/stations/NMBS/008822228,IC,2017-01-02T23:39:00,2017-01-02T23:39:00,34,34
http://irail.be/vehicle/IC2045,http://irail.be/stations/NMBS/008822343,IC,2017-01-02T23:41:00,2017-01-02T23:41:00,-5,-5
http://irail.be/vehicle/IC2045,http://irail.be/stations/NMBS/008822004,IC,2017-01-02T23:45:00,2017-01-02T23:43:00,11,-5
http://irail.be/vehicle/IC2045,http://irail.be/stations/NMBS/008822251,IC,2017-01-02T23:49:00,2017-01-02T23:49:00,-40,-40
http://irail.be/vehicle/IC2045,http://irail.be/stations/NMBS/008822269,IC,2017-01-02T23:50:00,2017-01-02T23:50:00,-40,-40
http://irail.be/vehicle/IC2045,http://irail.be/stations/NMBS/008811189,IC,2017-01-02T23:52:00,2017-01-02T23:52:00,-15,-15
http://irail.be/vehicle/IC2045,http://irail.be/stations/NMBS/008811148,IC,2017-01-02T23:54:00,2017-01-02T23:54:00,52,52
http://irail.be/vehicle/IC2045,http://irail.be/stations/NMBS/008811007,IC,2017-01-02T23:57:00,2017-01-02T23:57:00,178,178
http://irail.be/vehicle/IC2045,http://irail.be/stations/NMBS/008812005,IC,2017-01-03T00:02:00,2017-01-03T00:02:00,168,246
http://irail.be/vehicle/IC2045,http://irail.be/stations/NMBS/008813045,IC,2017-01-03T00:04:00,2017-01-03T00:04:00,166,166
http://irail.be/vehicle/IC2045,http://irail.be/stations/NMBS/008813003,IC,2017-01-03T00:06:00,2017-01-03T00:05:00,171,184
http://irail.be/vehicle/IC2045,http://irail.be/stations/NMBS/008813037,IC,2017-01-03T00:07:00,2017-01-03T00:07:00,170,170
http://irail.be/vehicle/IC2045,http://irail.be/stations/NMBS/008814001,IC,2017-01-03T00:10:00,2017-01-03T00:10:00,,170
http://irail.be/vehicle/IC2045,http://irail.be/stations/NMBS/008821006,IC,2017-01-11T23:25:00,2017-01-11T23:25:00,17,
http://irail.be/vehicle/IC2045,http://irail.be/stations/NMBS/008821121,IC,2017-01-11T23:31:00,2017-01-11T23:29:00,31,31
http://irail.be/vehicle/IC2045,http://irail.be/stations/NMBS/008821154,IC,2017-01-11T23:33:00,2017-01-11T23:33:00,7,7
http://irail.be/vehicle/IC2045,http://irail.be/stations/NMBS/008821238,IC,2017-01-11T23:34:00,2017-01-11T23:34:00,-18,-18
http://irail.be/vehicle/IC2045,http://irail.be/stations/NMBS/008821337,IC,2017-01-11T23:35:00,2017-01-11T23:35:00,-25,-25
http://irail.be/vehicle/IC2045,NO-URI,IC,2017-01-11T23:36:00,2017-01-11T23:36:00,-26,-26
http://irail.be/vehicle/IC2045,http://irail.be/stations/NMBS/008822210,IC,2017-01-11T23:38:00,2017-01-11T23:38:00,-18,-18
http://irail.be/vehicle/IC2045,http://irail.be/stations/NMBS/008822228,IC,2017-01-11T23:39:00,2017-01-11T23:39:00,34,34
http://irail.be/vehicle/IC2045,http://irail.be/stations/NMBS/008822343,IC,2017-01-11T23:41:00,2017-01-11T23:41:00,-11,-11
http://irail.be/vehicle/IC2045,http://irail.be/stations/NMBS/008822004,IC,2017-01-11T23:45:00,2017-01-11T23:43:00,16,-11
http://irail.be/vehicle/IC2045,http://irail.be/stations/NMBS/008822251,IC,2017-01-11T23:49:00,2017-01-11T23:49:00,-47,-47
http://irail.be/vehicle/IC2045,http://irail.be/stations/NMBS/008822269,IC,2017-01-11T23:50:00,2017-01-11T23:50:00,-47,-47
http://irail.be/vehicle/IC2045,http://irail.be/stations/NMBS/008811189,IC,2017-01-11T23:52:00,2017-01-11T23:52:00,-49,-49
http://irail.be/vehicle/IC2045,http://irail.be/stations/NMBS/008811148,IC,2017-01-11T23:54:00,2017-01-11T23:54:00,-59,-59
http://irail.be/vehicle/IC2045,http://irail.be/stations/NMBS/008811007,IC,2017-01-11T23:57:00,2017-01-11T23:57:00,162,162
http://irail.be/vehicle/IC2045,http://irail.be/stations/NMBS/008812005,IC,2017-01-12T00:02:00,2017-01-12T00:02:00,99,200
http://irail.be/vehicle/IC2045,http://irail.be/stations/NMBS/008813045,IC,2017-01-12T00:04:00,2017-01-12T00:04:00,99,99
http://irail.be/vehicle/IC2045,http://irail.be/stations/NMBS/008813003,IC,2017-01-12T00:06:00,2017-01-12T00:05:00,157,171
http://irail.be/vehicle/IC2045,http://irail.be/stations/NMBS/008813037,IC,2017-01-12T00:07:00,2017-01-12T00:07:00,157,157
http://irail.be/vehicle/IC2045,http://irail.be/stations/NMBS/008814001,IC,2017-01-12T00:10:00,2017-01-12T00:10:00,,95
http://irail.be/vehicle/IC2045,http://irail.be/stations/NMBS/008821006,IC,2017-11-03T23:25:00,2017-11-03T23:25:00,13,
http://irail.be/vehicle/IC2045,http://irail.be/stations/NMBS/008821121,IC,2017-11-03T23:31:00,2017-11-03T23:29:00,34,34
http://irail.be/vehicle/IC2045,http://irail.be/stations/NMBS/008821154,IC,2017-11-03T23:33:00,2017-11-03T23:33:00,10,10
http://irail.be/vehicle/IC2045,http://irail.be/stations/NMBS/008821238,IC,2017-11-03T23:34:00,2017-11-03T23:34:00,-12,-12
http://irail.be/vehicle/IC2045,http://irail.be/stations/NMBS/008821337,IC,2017-11-03T23:35:00,2017-11-03T23:35:00,-18,-18
http://irail.be/vehicle/IC2045,http://irail.be/stations/NMBS/008821311,IC,2017-11-03T23:36:00,2017-11-03T23:36:00,-16,-16
http://irail.be/vehicle/IC2045,http://irail.be/stations/NMBS/008822210,IC,2017-11-03T23:38:00,2017-11-03T23:38:00,-8,-8
http://irail.be/vehicle/IC2045,http://irail.be/stations/NMBS/008822228,IC,2017-11-03T23:39:00,2017-11-03T23:39:00,50,50
http://irail.be/vehicle/IC2045,http://irail.be/stations/NMBS/008822343,IC,2017-11-03T23:41:00,2017-11-03T23:41:00,13,13
http://irail.be/vehicle/IC2045,http://irail.be/stations/NMBS/008822004,IC,2017-11-03T23:45:00,2017-11-03T23:43:00,11,13
http://irail.be/vehicle/IC2045,http://irail.be/stations/NMBS/008822251,IC,2017-11-03T23:49:00,2017-11-03T23:49:00,247,247
http://irail.be/vehicle/IC2045,http://irail.be/stations/NMBS/008822269,IC,2017-11-03T23:50:00,2017-11-03T23:50:00,247,247
http://irail.be/vehicle/IC2045,http://irail.be/stations/NMBS/008811189,IC,2017-11-03T23:52:00,2017-11-03T23:52:00,259,259
http://irail.be/vehicle/IC2045,http://irail.be/stations/NMBS/008811148,IC,2017-11-03T23:54:00,2017-11-03T23:54:00,247,247
http://irail.be/vehicle/IC2045,http://irail.be/stations/NMBS/008811007,IC,2017-11-03T23:57:00,2017-11-03T23:57:00,182,182
http://irail.be/vehicle/IC2045,http://irail.be/stations/NMBS/008812005,IC,2017-11-04T00:02:00,2017-11-04T00:02:00,108,160
http://irail.be/vehicle/IC2045,http://irail.be/stations/NMBS/008813045,IC,2017-11-04T00:04:00,2017-11-04T00:04:00,101,101
http://irail.be/vehicle/IC2045,http://irail.be/stations/NMBS/008813003,IC,2017-11-04T00:06:00,2017-11-04T00:05:00,163,159
http://irail.be/vehicle/IC2045,http://irail.be/stations/NMBS/008813037,IC,2017-11-04T00:07:00,2017-11-04T00:07:00,161,161
http://irail.be/vehicle/IC2045,http://irail.be/stations/NMBS/008814001,IC,2017-11-04T00:10:00,2017-11-04T00:10:00,,154
http://irail.be/vehicle/IC2045,http://irail.be/stations/NMBS/008821006,IC,2017-06-21T23:25:00,2017-06-21T23:25:00,16,
http://irail.be/vehicle/IC2045,http://irail.be/stations/NMBS/008821121,IC,2017-06-21T23:31:00,2017-06-21T23:29:00,33,33
http://irail.be/vehicle/IC2045,http://irail.be/stations/NMBS/008821154,IC,2017-06-21T23:33:00,2017-06-21T23:33:00,13,13
http://irail.be/vehicle/IC2045,http://irail.be/stations/NMBS/008821238,IC,2017-06-21T23:34:00,2017-06-21T23:34:00,-8,-8
http://irail.be/vehicle/IC2045,http://irail.be/stations/NMBS/008821337,IC,2017-06-21T23:35:00,2017-06-21T23:35:00,-16,-16
http://irail.be/vehicle/IC2045,http://irail.be/stations/NMBS/008821311,IC,2017-06-21T23:36:00,2017-06-21T23:36:00,-17,-17
http://irail.be/vehicle/IC2045,http://irail.be/stations/NMBS/008822210,IC,2017-06-21T23:38:00,2017-06-21T23:38:00,-12,-12
http://irail.be/vehicle/IC2045,http://irail.be/stations/NMBS/008822228,IC,2017-06-21T23:39:00,2017-06-21T23:39:00,37,37
http://irail.be/vehicle/IC2045,http://irail.be/stations/NMBS/008822343,IC,2017-06-21T23:41:00,2017-06-21T23:41:00,37,37
http://irail.be/vehicle/IC2045,http://irail.be/stations/NMBS/008822004,IC,2017-06-21T23:45:00,2017-06-21T23:43:00,18,37
http://irail.be/vehicle/IC2045,http://irail.be/stations/NMBS/008822251,IC,2017-06-21T23:49:00,2017-06-21T23:49:00,-46,-46
http://irail.be/vehicle/IC2045,http://irail.be/stations/NMBS/008822269,IC,2017-06-21T23:50:00,2017-06-21T23:50:00,-46,-46
http://irail.be/vehicle/IC2045,http://irail.be/stations/NMBS/008811189,IC,2017-06-21T23:52:00,2017-06-21T23:52:00,-51,-51
http://irail.be/vehicle/IC2045,http://irail.be/stations/NMBS/008811148,IC,2017-06-21T23:54:00,2017-06-21T23:54:00,-60,-60
http://irail.be/vehicle/IC2045,http://irail.be/stations/NMBS/008811007,IC,2017-06-21T23:57:00,2017-06-21T23:57:00,-119,-119
http://irail.be/vehicle/IC2045,http://irail.be/stations/NMBS/008812005,IC,2017-06-22T00:02:00,2017-06-22T00:02:00,-9,-103
http://irail.be/vehicle/IC2045,http://irail.be/stations/NMBS/008813045,IC,2017-06-22T00:04:00,2017-06-22T00:04:00,-5,-5
http://irail.be/vehicle/IC2045,http://irail.be/stations/NMBS/008813003,IC,2017-06-22T00:06:00,2017-06-22T00:05:00,15,26
http://irail.be/vehicle/IC2045,http://irail.be/stations/NMBS/008813037,IC,2017-06-22T00:08:00,2017-06-22T00:08:00,-13,-13
http://irail.be/vehicle/IC2045,http://irail.be/stations/NMBS/008814001,IC,2017-06-22T00:10:00,2017-06-22T00:10:00,,48
http://irail.be/vehicle/IC2045,http://irail.be/stations/NMBS/008821006,IC,2017-01-03T23:25:00,2017-01-03T23:25:00,8,
http://irail.be/vehicle/IC2045,http://irail.be/stations/NMBS/008821121,IC,2017-01-03T23:31:00,2017-01-03T23:29:00,29,29
http://irail.be/vehicle/IC2045,http://irail.be/stations/NMBS/008821154,IC,2017-01-03T23:33:00,2017-01-03T23:33:00,10,10
http://irail.be/vehicle/IC2045,http://irail.be/stations/NMBS/008821238,IC,2017-01-03T23:34:00,2017-01-03T23:34:00,-9,-9
http://irail.be/vehicle/IC2045,http://irail.be/stations/NMBS/008821337,IC,2017-01-03T23:35:00,2017-01-03T23:35:00,-16,-16
http://irail.be/vehicle/IC2045,NO-URI,IC,2017-01-03T23:36:00,2017-01-03T23:36:00,-18,-18
http://irail.be/vehicle/IC2045,http://irail.be/stations/NMBS/008822210,IC,2017-01-03T23:38:00,2017-01-03T23:38:00,-10,-10
http://irail.be/vehicle/IC2045,http://irail.be/stations/NMBS/008822228,IC,2017-01-03T23:39:00,2017-01-03T23:39:00,53,53
http://irail.be/vehicle/IC2045,http://irail.be/stations/NMBS/008822343,IC,2017-01-03T23:41:00,2017-01-03T23:41:00,29,29
http://irail.be/vehicle/IC2045,http://irail.be/stations/NMBS/008822004,IC,2017-01-03T23:45:00,2017-01-03T23:43:00,10,29
http://irail.be/vehicle/IC2045,http://irail.be/stations/NMBS/008822251,IC,2017-01-03T23:49:00,2017-01-03T23:49:00,-48,-48
http://irail.be/vehicle/IC2045,http://irail.be/stations/NMBS/008822269,IC,2017-01-03T23:50:00,2017-01-03T23:50:00,-48,-48
http://irail.be/vehicle/IC2045,http://irail.be/stations/NMBS/008811189,IC,2017-01-03T23:52:00,2017-01-03T23:52:00,-36,-36
http://irail.be/vehicle/IC2045,http://irail.be/stations/NMBS/008811148,IC,2017-01-03T23:54:00,2017-01-03T23:54:00,43,43
http://irail.be/vehicle/IC2045,http://irail.be/stations/NMBS/008811007,IC,2017-01-03T23:57:00,2017-01-03T23:57:00,154,154
http://irail.be/vehicle/IC2045,http://irail.be/stations/NMBS/008812005,IC,2017-01-04T00:02:00,2017-01-04T00:02:00,108,177
http://irail.be/vehicle/IC2045,http://irail.be/stations/NMBS/008813045,IC,2017-01-04T00:04:00,2017-01-04T00:04:00,110,110
http://irail.be/vehicle/IC2045,http://irail.be/stations/NMBS/008813003,IC,2017-01-04T00:06:00,2017-01-04T00:05:00,128,141
http://irail.be/vehicle/IC2045,http://irail.be/stations/NMBS/008813037,IC,2017-01-04T00:07:00,2017-01-04T00:07:00,129,129
http://irail.be/vehicle/IC2045,http://irail.be/stations/NMBS/008814001,IC,2017-01-04T00:10:00,2017-01-04T00:10:00,,132
http://irail.be/vehicle/IC2045,NO-URI,IC,2017-12-22T23:11:00,2017-12-22T23:11:00,40,
http://irail.be/vehicle/IC2045,http://irail.be/stations/NMBS/008821089,IC,2017-12-22T23:17:00,2017-12-22T23:14:00,-4,-4
http://irail.be/vehicle/IC2045,http://irail.be/stations/NMBS/008821063,IC,2017-12-22T23:20:00,2017-12-22T23:20:00,-8,-8
http://irail.be/vehicle/IC2045,http://irail.be/stations/NMBS/008821006,IC,2017-12-22T23:26:00,2017-12-22T23:23:00,555,427
http://irail.be/vehicle/IC2045,http://irail.be/stations/NMBS/008821121,IC,2017-12-22T23:31:00,2017-12-22T23:30:00,514,514
http://irail.be/vehicle/IC2045,http://irail.be/stations/NMBS/008821154,IC,2017-12-22T23:33:00,2017-12-22T23:33:00,520,520
http://irail.be/vehicle/IC2045,http://irail.be/stations/NMBS/008821238,IC,2017-12-22T23:34:00,2017-12-22T23:34:00,509,509
http://irail.be/vehicle/IC2045,http://irail.be/stations/NMBS/008821337,IC,2017-12-22T23:35:00,2017-12-22T23:35:00,495,495
http://irail.be/vehicle/IC2045,http://irail.be/stations/NMBS/008821311,IC,2017-12-22T23:36:00,2017-12-22T23:36:00,490,490
http://irail.be/vehicle/IC2045,http://irail.be/stations/NMBS/008822210,IC,2017-12-22T23:38:00,2017-12-22T23:38:00,484,484
http://irail.be/vehicle/IC2045,http://irail.be/stations/NMBS/008822228,IC,2017-12-22T23:39:00,2017-12-22T23:39:00,506,506
http://irail.be/vehicle/IC2045,http://irail.be/stations/NMBS/008822343,IC,2017-12-22T23:41:00,2017-12-22T23:41:00,495,495
http://irail.be/vehicle/IC2045,http://irail.be/stations/NMBS/008822004,IC,2017-12-22T23:44:00,2017-12-22T23:42:00,475,495
http://irail.be/vehicle/IC2045,http://irail.be/stations/NMBS/008822251,IC,2017-12-22T23:49:00,2017-12-22T23:49:00,399,399
http://irail.be/vehicle/IC2045,http://irail.be/stations/NMBS/008822269,IC,2017-12-22T23:50:00,2017-12-22T23:50:00,399,399
http://irail.be/vehicle/IC2045,http://irail.be/stations/NMBS/008811189,IC,2017-12-22T23:52:00,2017-12-22T23:52:00,413,413
http://irail.be/vehicle/IC2045,http://irail.be/stations/NMBS/008811148,IC,2017-12-22T23:54:00,2017-12-22T23:54:00,398,398
http://irail.be/vehicle/IC2045,http://irail.be/stations/NMBS/008811007,IC,2017-12-22T23:57:00,2017-12-22T23:57:00,448,448
http://irail.be/vehicle/IC2045,http://irail.be/stations/NMBS/008812005,IC,2017-12-23T00:02:00,2017-12-22T23:59:00,415,528
http://irail.be/vehicle/IC2045,http://irail.be/stations/NMBS/008813045,IC,2017-12-23T00:04:00,2017-12-23T00:04:00,422,422
http://irail.be/vehicle/IC2045,http://irail.be/stations/NMBS/008813003,IC,2017-12-23T00:06:00,2017-12-23T00:05:00,470,455
http://irail.be/vehicle/IC2045,http://irail.be/stations/NMBS/008813037,IC,2017-12-23T00:07:00,2017-12-23T00:07:00,472,472
http://irail.be/vehicle/IC2045,http://irail.be/stations/NMBS/008814001,IC,2017-12-23T00:10:00,2017-12-23T00:10:00,,471
http://irail.be/vehicle/IC2045,http://irail.be/stations/NMBS/008821006,IC,2017-05-30T23:25:00,2017-05-30T23:25:00,3,
http://irail.be/vehicle/IC2045,http://irail.be/stations/NMBS/008821121,IC,2017-05-30T23:31:00,2017-05-30T23:29:00,23,23
http://irail.be/vehicle/IC2045,http://irail.be/stations/NMBS/008821154,IC,2017-05-30T23:33:00,2017-05-30T23:33:00,18,18
http://irail.be/vehicle/IC2045,http://irail.be/stations/NMBS/008821238,IC,2017-05-30T23:34:00,2017-05-30T23:34:00,-4,-4
http://irail.be/vehicle/IC2045,http://irail.be/stations/NMBS/008821337,IC,2017-05-30T23:35:00,2017-05-30T23:35:00,-13,-13
http://irail.be/vehicle/IC2045,NO-URI,IC,2017-05-30T23:36:00,2017-05-30T23:36:00,-17,-17
http://irail.be/vehicle/IC2045,http://irail.be/stations/NMBS/008822210,IC,2017-05-30T23:38:00,2017-05-30T23:38:00,-12,-12
http://irail.be/vehicle/IC2045,http://irail.be/stations/NMBS/008822228,IC,2017-05-30T23:39:00,2017-05-30T23:39:00,29,29
http://irail.be/vehicle/IC2045,http://irail.be/stations/NMBS/008822343,IC,2017-05-30T23:41:00,2017-05-30T23:41:00,-19,-19
http://irail.be/vehicle/IC2045,http://irail.be/stations/NMBS/008822004,IC,2017-05-30T23:45:00,2017-05-30T23:43:00,13,-19
http://irail.be/vehicle/IC2045,http://irail.be/stations/NMBS/008822251,IC,2017-05-30T23:49:00,2017-05-30T23:49:00,-60,-60
http://irail.be/vehicle/IC2045,http://irail.be/stations/NMBS/008822269,IC,2017-05-30T23:50:00,2017-05-30T23:50:00,-60,-60
http://irail.be/vehicle/IC2045,http://irail.be/stations/NMBS/008811189,IC,2017-05-30T23:52:00,2017-05-30T23:52:00,-69,-69
http://irail.be/vehicle/IC2045,http://irail.be/stations/NMBS/008811148,IC,2017-05-30T23:54:00,2017-05-30T23:54:00,-81,-81
http://irail.be/vehicle/IC2045,http://irail.be/stations/NMBS/008811007,IC,2017-05-30T23:57:00,2017-05-30T23:57:00,-151,-151
http://irail.be/vehicle/IC2045,http://irail.be/stations/NMBS/008812005,IC,2017-05-31T00:02:00,2017-05-31T00:02:00,66,-168
http://irail.be/vehicle/IC2045,http://irail.be/stations/NMBS/008813045,IC,2017-05-31T00:04:00,2017-05-31T00:04:00,103,103
http://irail.be/vehicle/IC2045,http://irail.be/stations/NMBS/008813003,IC,2017-05-31T00:06:00,2017-05-31T00:05:00,156,168
http://irail.be/vehicle/IC2045,http://irail.be/stations/NMBS/008813037,IC,2017-05-31T00:07:00,2017-05-31T00:07:00,158,158
http://irail.be/vehicle/IC2045,http://irail.be/stations/NMBS/008814001,IC,2017-05-31T00:10:00,2017-05-31T00:10:00,,152
http://irail.be/vehicle/IC2045,http://irail.be/stations/NMBS/008821006,IC,2017-05-26T23:25:00,2017-05-26T23:25:00,26,
http://irail.be/vehicle/IC2045,http://irail.be/stations/NMBS/008821121,IC,2017-05-26T23:31:00,2017-05-26T23:29:00,27,27
http://irail.be/vehicle/IC2045,http://irail.be/stations/NMBS/008821154,IC,2017-05-26T23:33:00,2017-05-26T23:33:00,4,4
http://irail.be/vehicle/IC2045,http://irail.be/stations/NMBS/008821238,IC,2017-05-26T23:34:00,2017-05-26T23:34:00,-20,-20
http://irail.be/vehicle/IC2045,http://irail.be/stations/NMBS/008821337,IC,2017-05-26T23:35:00,2017-05-26T23:35:00,-27,-27
http://irail.be/vehicle/IC2045,NO-URI,IC,2017-05-26T23:36:00,2017-05-26T23:36:00,-27,-27
http://irail.be/vehicle/IC2045,http://irail.be/stations/NMBS/008822210,IC,2017-05-26T23:38:00,2017-05-26T23:38:00,-20,-20
http://irail.be/vehicle/IC2045,http://irail.be/stations/NMBS/008822228,IC,2017-05-26T23:39:00,2017-05-26T23:39:00,30,30
http://irail.be/vehicle/IC2045,http://irail.be/stations/NMBS/008822343,IC,2017-05-26T23:41:00,2017-05-26T23:41:00,-3,-3
http://irail.be/vehicle/IC2045,http://irail.be/stations/NMBS/008822004,IC,2017-05-26T23:45:00,2017-05-26T23:43:00,14,-3
http://irail.be/vehicle/IC2045,http://irail.be/stations/NMBS/008822251,IC,2017-05-26T23:49:00,2017-05-26T23:49:00,-48,-48
http://irail.be/vehicle/IC2045,http://irail.be/stations/NMBS/008822269,IC,2017-05-26T23:50:00,2017-05-26T23:50:00,-48,-48
http://irail.be/vehicle/IC2045,http://irail.be/stations/NMBS/008811189,IC,2017-05-26T23:52:00,2017-05-26T23:52:00,-50,-50
http://irail.be/vehicle/IC2045,http://irail.be/stations/NMBS/008811148,IC,2017-05-26T23:54:00,2017-05-26T23:54:00,-56,-56
http://irail.be/vehicle/IC2045,http://irail.be/stations/NMBS/008811007,IC,2017-05-26T23:57:00,2017-05-26T23:57:00,-96,-96
http://irail.be/vehicle/IC2045,http://irail.be/stations/NMBS/008812005,IC,2017-05-27T00:02:00,2017-05-27T00:02:00,-18,-98
http://irail.be/vehicle/IC2045,http://irail.be/stations/NMBS/008813045,IC,2017-05-27T00:04:00,2017-05-27T00:04:00,-18,-18
http://irail.be/vehicle/IC2045,http://irail.be/stations/NMBS/008813003,IC,2017-05-27T00:06:00,2017-05-27T00:05:00,-9,9
http://irail.be/vehicle/IC2045,http://irail.be/stations/NMBS/008813037,IC,2017-05-27T00:08:00,2017-05-27T00:08:00,-43,-43
http://irail.be/vehicle/IC2045,http://irail.be/stations/NMBS/008814001,IC,2017-05-27T00:10:00,2017-05-27T00:10:00,,8
http://irail.be/vehicle/IC2045,http://irail.be/stations/NMBS/008821006,IC,2017-11-27T23:25:00,2017-11-27T23:25:00,16,
http://irail.be/vehicle/IC2045,http://irail.be/stations/NMBS/008821121,IC,2017-11-27T23:31:00,2017-11-27T23:29:00,35,35
http://irail.be/vehicle/IC2045,http://irail.be/stations/NMBS/008821154,IC,2017-11-27T23:33:00,2017-11-27T23:33:00,17,17
http://irail.be/vehicle/IC2045,http://irail.be/stations/NMBS/008821238,IC,2017-11-27T23:34:00,2017-11-27T23:34:00,-3,-3
http://irail.be/vehicle/IC2045,http://irail.be/stations/NMBS/008821337,IC,2017-11-27T23:35:00,2017-11-27T23:35:00,-2,-2
http://irail.be/vehicle/IC2045,http://irail.be/stations/NMBS/008821311,IC,2017-11-27T23:36:00,2017-11-27T23:36:00,-2,-2
http://irail.be/vehicle/IC2045,http://irail.be/stations/NMBS/008822210,IC,2017-11-27T23:38:00,2017-11-27T23:38:00,10,10
http://irail.be/vehicle/IC2045,http://irail.be/stations/NMBS/008822228,IC,2017-11-27T23:39:00,2017-11-27T23:39:00,108,108
http://irail.be/vehicle/IC2045,http://irail.be/stations/NMBS/008822343,IC,2017-11-27T23:41:00,2017-11-27T23:41:00,70,70
http://irail.be/vehicle/IC2045,http://irail.be/stations/NMBS/008822004,IC,2017-11-27T23:45:00,2017-11-27T23:43:00,23,70
http://irail.be/vehicle/IC2045,http://irail.be/stations/NMBS/008822251,IC,2017-11-27T23:49:00,2017-11-27T23:49:00,64,64
http://irail.be/vehicle/IC2045,http://irail.be/stations/NMBS/008822269,IC,2017-11-27T23:50:00,2017-11-27T23:50:00,64,64
http://irail.be/vehicle/IC2045,http://irail.be/stations/NMBS/008811189,IC,2017-11-27T23:52:00,2017-11-27T23:52:00,84,84
http://irail.be/vehicle/IC2045,http://irail.be/stations/NMBS/008811148,IC,2017-11-27T23:54:00,2017-11-27T23:54:00,76,76
http://irail.be/vehicle/IC2045,http://irail.be/stations/NMBS/008811007,IC,2017-11-27T23:57:00,2017-11-27T23:57:00,19,19
http://irail.be/vehicle/IC2045,http://irail.be/stations/NMBS/008812005,IC,2017-11-28T00:02:00,2017-11-28T00:02:00,10,2
http://irail.be/vehicle/IC2045,http://irail.be/stations/NMBS/008813045,IC,2017-11-28T00:04:00,2017-11-28T00:04:00,11,11
http://irail.be/vehicle/IC2045,http://irail.be/stations/NMBS/008813003,IC,2017-11-28T00:06:00,2017-11-28T00:05:00,34,31
http://irail.be/vehicle/IC2045,http://irail.be/stations/NMBS/008813037,IC,2017-11-28T00:08:00,2017-11-28T00:08:00,4,4
http://irail.be/vehicle/IC2045,http://irail.be/stations/NMBS/008814001,IC,2017-11-28T00:10:00,2017-11-28T00:10:00,,46
http://irail.be/vehicle/IC2045,http://irail.be/stations/NMBS/008821006,IC,2017-07-11T23:25:00,2017-07-11T23:25:00,14,
http://irail.be/vehicle/IC2045,http://irail.be/stations/NMBS/008821121,IC,2017-07-11T23:31:00,2017-07-11T23:29:00,31,31
http://irail.be/vehicle/IC2045,http://irail.be/stations/NMBS/008821154,IC,2017-07-11T23:33:00,2017-07-11T23:33:00,8,8
http://irail.be/vehicle/IC2045,http://irail.be/stations/NMBS/008821238,IC,2017-07-11T23:34:00,2017-07-11T23:34:00,-16,-16
http://irail.be/vehicle/IC2045,http://irail.be/stations/NMBS/008821337,IC,2017-07-11T23:35:00,2017-07-11T23:35:00,-26,-26
http://irail.be/vehicle/IC2045,http://irail.be/stations/NMBS/008821311,IC,2017-07-11T23:36:00,2017-07-11T23:36:00,-29,-29
http://irail.be/vehicle/IC2045,http://irail.be/stations/NMBS/008822210,IC,2017-07-11T23:38:00,2017-07-11T23:38:00,-23,-23
http://irail.be/vehicle/IC2045,http://irail.be/stations/NMBS/008822228,IC,2017-07-11T23:39:00,2017-07-11T23:39:00,24,24
http://irail.be/vehicle/IC2045,http://irail.be/stations/NMBS/008822343,IC,2017-07-11T23:41:00,2017-07-11T23:41:00,-13,-13
http://irail.be/vehicle/IC2045,http://irail.be/stations/NMBS/008822004,IC,2017-07-11T23:45:00,2017-07-11T23:43:00,27,-13
http://irail.be/vehicle/IC2045,http://irail.be/stations/NMBS/008822251,IC,2017-07-11T23:49:00,2017-07-11T23:49:00,-42,-42
http://irail.be/vehicle/IC2045,http://irail.be/stations/NMBS/008822269,IC,2017-07-11T23:50:00,2017-07-11T23:50:00,-42,-42
http://irail.be/vehicle/IC2045,http://irail.be/stations/NMBS/008811189,IC,2017-07-11T23:52:00,2017-07-11T23:52:00,-50,-50
http://irail.be/vehicle/IC2045,http://irail.be/stations/NMBS/008811148,IC,2017-07-11T23:54:00,2017-07-11T23:54:00,-61,-61
http://irail.be/vehicle/IC2045,http://irail.be/stations/NMBS/008811007,IC,2017-07-11T23:57:00,2017-07-11T23:57:00,-2,-2
http://irail.be/vehicle/IC2045,http://irail.be/stations/NMBS/008812005,IC,2017-07-12T00:02:00,2017-07-12T00:02:00,257,196
http://irail.be/vehicle/IC2045,http://irail.be/stations/NMBS/008813045,IC,2017-07-12T00:04:00,2017-07-12T00:04:00,262,262
http://irail.be/vehicle/IC2045,http://irail.be/stations/NMBS/008813003,IC,2017-07-12T00:06:00,2017-07-12T00:05:00,410,420
http://irail.be/vehicle/IC2045,http://irail.be/stations/NMBS/008813037,IC,2017-07-12T00:07:00,2017-07-12T00:07:00,409,409
http://irail.be/vehicle/IC2045,http://irail.be/stations/NMBS/008814001,IC,2017-07-12T00:10:00,2017-07-12T00:10:00,,409
http://irail.be/vehicle/IC2045,http://irail.be/stations/NMBS/008821006,IC,2017-04-07T23:25:00,2017-04-07T23:25:00,2,
http://irail.be/vehicle/IC2045,http://irail.be/stations/NMBS/008821121,IC,2017-04-07T23:31:00,2017-04-07T23:29:00,38,38
http://irail.be/vehicle/IC2045,http://irail.be/stations/NMBS/008821154,IC,2017-04-07T23:33:00,2017-04-07T23:33:00,15,15
http://irail.be/vehicle/IC2045,http://irail.be/stations/NMBS/008821238,IC,2017-04-07T23:34:00,2017-04-07T23:34:00,-9,-9
http://irail.be/vehicle/IC2045,http://irail.be/stations/NMBS/008821337,IC,2017-04-07T23:35:00,2017-04-07T23:35:00,-17,-17
http://irail.be/vehicle/IC2045,NO-URI,IC,2017-04-07T23:36:00,2017-04-07T23:36:00,-20,-20
http://irail.be/vehicle/IC2045,http://irail.be/stations/NMBS/008822210,IC,2017-04-07T23:38:00,2017-04-07T23:38:00,-13,-13
http://irail.be/vehicle/IC2045,http://irail.be/stations/NMBS/008822228,IC,2017-04-07T23:39:00,2017-04-07T23:39:00,47,47
http://irail.be/vehicle/IC2045,http://irail.be/stations/NMBS/008822343,IC,2017-04-07T23:41:00,2017-04-07T23:41:00,9,9
http://irail.be/vehicle/IC2045,http://irail.be/stations/NMBS/008822004,IC,2017-04-07T23:45:00,2017-04-07T23:43:00,77,9
http://irail.be/vehicle/IC2045,http://irail.be/stations/NMBS/008822251,IC,2017-04-07T23:49:00,2017-04-07T23:49:00,41,41
http://irail.be/vehicle/IC2045,http://irail.be/stations/NMBS/008822269,IC,2017-04-07T23:50:00,2017-04-07T23:50:00,41,41
http://irail.be/vehicle/IC2045,http://irail.be/stations/NMBS/008811189,IC,2017-04-07T23:52:00,2017-04-07T23:52:00,22,22
http://irail.be/vehicle/IC2045,http://irail.be/stations/NMBS/008811148,IC,2017-04-07T23:54:00,2017-04-07T23:54:00,18,18
http://irail.be/vehicle/IC2045,http://irail.be/stations/NMBS/008811007,IC,2017-04-07T23:57:00,2017-04-07T23:57:00,-24,-24
http://irail.be/vehicle/IC2045,http://irail.be/stations/NMBS/008812005,IC,2017-04-08T00:02:00,2017-04-08T00:02:00,79,-24
http://irail.be/vehicle/IC2045,http://irail.be/stations/NMBS/008813045,IC,2017-04-08T00:04:00,2017-04-08T00:04:00,77,77
http://irail.be/vehicle/IC2045,http://irail.be/stations/NMBS/008813003,IC,2017-04-08T00:06:00,2017-04-08T00:05:00,139,164
http://irail.be/vehicle/IC2045,http://irail.be/stations/NMBS/008813037,IC,2017-04-08T00:08:00,2017-04-08T00:08:00,105,105
http://irail.be/vehicle/IC2045,http://irail.be/stations/NMBS/008814001,IC,2017-04-08T00:10:00,2017-04-08T00:10:00,,149
http://irail.be/vehicle/IC2045,http://irail.be/stations/NMBS/008821006,IC,2017-08-11T23:25:00,2017-08-11T23:25:00,17,
http://irail.be/vehicle/IC2045,http://irail.be/stations/NMBS/008821121,IC,2017-08-11T23:31:00,2017-08-11T23:29:00,34,34
http://irail.be/vehicle/IC2045,http://irail.be/stations/NMBS/008821154,IC,2017-08-11T23:33:00,2017-08-11T23:33:00,7,7
http://irail.be/vehicle/IC2045,http://irail.be/stations/NMBS/008821238,IC,2017-08-11T23:34:00,2017-08-11T23:34:00,-18,-18
http://irail.be/vehicle/IC2045,http://irail.be/stations/NMBS/008821337,IC,2017-08-11T23:35:00,2017-08-11T23:35:00,-27,-27
http://irail.be/vehicle/IC2045,http://irail.be/stations/NMBS/008821311,IC,2017-08-11T23:36:00,2017-08-11T23:36:00,-30,-30
http://irail.be/vehicle/IC2045,http://irail.be/stations/NMBS/008822210,IC,2017-08-11T23:38:00,2017-08-11T23:38:00,-25,-25
http://irail.be/vehicle/IC2045,http://irail.be/stations/NMBS/008822228,IC,2017-08-11T23:39:00,2017-08-11T23:39:00,19,19
http://irail.be/vehicle/IC2045,http://irail.be/stations/NMBS/008822343,IC,2017-08-11T23:41:00,2017-08-11T23:41:00,-27,-27
http://irail.be/vehicle/IC2045,http://irail.be/stations/NMBS/008822004,IC,2017-08-11T23:45:00,2017-08-11T23:43:00,18,-27
http://irail.be/vehicle/IC2045,http://irail.be/stations/NMBS/008822251,IC,2017-08-11T23:49:00,2017-08-11T23:49:00,-37,-37
http://irail.be/vehicle/IC2045,http://irail.be/stations/NMBS/008822269,IC,2017-08-11T23:50:00,2017-08-11T23:50:00,-37,-37
http://irail.be/vehicle/IC2045,http://irail.be/stations/NMBS/008811189,IC,2017-08-11T23:52:00,2017-08-11T23:52:00,39,39
http://irail.be/vehicle/IC2045,NO-URI,IC,2017-08-11T23:54:00,2017-08-11T23:54:00,113,113
http://irail.be/vehicle/IC2045,NO-URI,IC,2017-08-11T23:54:00,2017-08-11T23:54:00,587,587
http://irail.be/vehicle/IC2045,http://irail.be/stations/NMBS/008811007,IC,2017-08-11T23:57:00,2017-08-11T23:57:00,669,669
http://irail.be/vehicle/IC2045,http://irail.be/stations/NMBS/008812005,IC,2017-08-12T00:02:00,2017-08-12T00:02:00,732,664
http://irail.be/vehicle/IC2045,http://irail.be/stations/NMBS/008813045,IC,2017-08-12T00:04:00,2017-08-12T00:04:00,725,725
http://irail.be/vehicle/IC2045,http://irail.be/stations/NMBS/008813003,IC,2017-08-12T00:06:00,2017-08-12T00:05:00,851,842
http://irail.be/vehicle/IC2045,http://irail.be/stations/NMBS/008813037,IC,2017-08-12T00:07:00,2017-08-12T00:07:00,848,848
http://irail.be/vehicle/IC2045,http://irail.be/stations/NMBS/008814001,IC,2017-08-12T00:10:00,2017-08-12T00:10:00,,861
http://irail.be/vehicle/IC2045,http://irail.be/stations/NMBS/008821006,IC,2017-07-20T23:25:00,2017-07-20T23:25:00,1310,
http://irail.be/vehicle/IC2045,http://irail.be/stations/NMBS/008821121,IC,2017-07-20T23:31:00,2017-07-20T23:29:00,1240,1240
http://irail.be/vehicle/IC2045,http://irail.be/stations/NMBS/008821154,IC,2017-07-20T23:33:00,2017-07-20T23:33:00,1214,1214
http://irail.be/vehicle/IC2045,http://irail.be/stations/NMBS/008821238,IC,2017-07-20T23:34:00,2017-07-20T23:34:00,1191,1191
http://irail.be/vehicle/IC2045,http://irail.be/stations/NMBS/008821337,IC,2017-07-20T23:35:00,2017-07-20T23:35:00,1184,1184
http://irail.be/vehicle/IC2045,http://irail.be/stations/NMBS/008821311,IC,2017-07-20T23:36:00,2017-07-20T23:36:00,1183,1183
http://irail.be/vehicle/IC2045,http://irail.be/stations/NMBS/008822210,IC,2017-07-20T23:38:00,2017-07-20T23:38:00,1190,1190
http://irail.be/vehicle/IC2045,http://irail.be/stations/NMBS/008822228,IC,2017-07-20T23:39:00,2017-07-20T23:39:00,1248,1248
http://irail.be/vehicle/IC2045,http://irail.be/stations/NMBS/008822343,IC,2017-07-20T23:41:00,2017-07-20T23:41:00,1201,1201
http://irail.be/vehicle/IC2045,http://irail.be/stations/NMBS/008822004,IC,2017-07-20T23:45:00,2017-07-20T23:43:00,1171,1201
http://irail.be/vehicle/IC2045,http://irail.be/stations/NMBS/008822251,IC,2017-07-20T23:49:00,2017-07-20T23:49:00,1094,1094
http://irail.be/vehicle/IC2045,http://irail.be/stations/NMBS/008822269,IC,2017-07-20T23:50:00,2017-07-20T23:50:00,1094,1094
http://irail.be/vehicle/IC2045,http://irail.be/stations/NMBS/008811189,IC,2017-07-20T23:52:00,2017-07-20T23:52:00,1091,1091
http://irail.be/vehicle/IC2045,http://irail.be/stations/NMBS/008811148,IC,2017-07-20T23:54:00,2017-07-20T23:54:00,1080,1080
http://irail.be/vehicle/IC2045,http://irail.be/stations/NMBS/008811007,IC,2017-07-20T23:57:00,2017-07-20T23:57:00,1109,1109
http://irail.be/vehicle/IC2045,http://irail.be/stations/NMBS/008812005,IC,2017-07-21T00:02:00,2017-07-21T00:02:00,1126,1225
http://irail.be/vehicle/IC2045,http://irail.be/stations/NMBS/008813045,IC,2017-07-21T00:04:00,2017-07-21T00:04:00,1126,1126
http://irail.be/vehicle/IC2045,http://irail.be/stations/NMBS/008813003,IC,2017-07-21T00:06:00,2017-07-21T00:05:00,1144,1148
http://irail.be/vehicle/IC2045,http://irail.be/stations/NMBS/008813037,IC,2017-07-21T00:07:00,2017-07-21T00:07:00,1142,1142
http://irail.be/vehicle/IC2045,http://irail.be/stations/NMBS/008814001,IC,2017-07-21T00:10:00,2017-07-21T00:10:00,,1135
http://irail.be/vehicle/IC2045,http://irail.be/stations/NMBS/008821006,IC,2017-12-08T23:25:00,2017-12-08T23:25:00,54,
http://irail.be/vehicle/IC2045,http://irail.be/stations/NMBS/008821121,IC,2017-12-08T23:31:00,2017-12-08T23:29:00,52,52
http://irail.be/vehicle/IC2045,http://irail.be/stations/NMBS/008821154,IC,2017-12-08T23:33:00,2017-12-08T23:33:00,93,93
http://irail.be/vehicle/IC2045,http://irail.be/stations/NMBS/008821238,IC,2017-12-08T23:34:00,2017-12-08T23:34:00,83,83
http://irail.be/vehicle/IC2045,http://irail.be/stations/NMBS/008821337,IC,2017-12-08T23:35:00,2017-12-08T23:35:00,78,78
http://irail.be/vehicle/IC2045,http://irail.be/stations/NMBS/008821311,IC,2017-12-08T23:36:00,2017-12-08T23:36:00,77,77
http://irail.be/vehicle/IC2045,http://irail.be/stations/NMBS/008822210,IC,2017-12-08T23:38:00,2017-12-08T23:38:00,85,85
http://irail.be/vehicle/IC2045,http://irail.be/stations/NMBS/008822228,IC,2017-12-08T23:39:00,2017-12-08T23:39:00,138,138
http://irail.be/vehicle/IC2045,http://irail.be/stations/NMBS/008822343,IC,2017-12-08T23:41:00,2017-12-08T23:41:00,99,99
http://irail.be/vehicle/IC2045,http://irail.be/stations/NMBS/008822004,IC,2017-12-08T23:45:00,2017-12-08T23:43:00,47,99
http://irail.be/vehicle/IC2045,http://irail.be/stations/NMBS/008822251,IC,2017-12-08T23:49:00,2017-12-08T23:49:00,19,19
http://irail.be/vehicle/IC2045,http://irail.be/stations/NMBS/008822269,IC,2017-12-08T23:50:00,2017-12-08T23:50:00,19,19
http://irail.be/vehicle/IC2045,http://irail.be/stations/NMBS/008811189,IC,2017-12-08T23:52:00,2017-12-08T23:52:00,22,22
http://irail.be/vehicle/IC2045,http://irail.be/stations/NMBS/008811148,IC,2017-12-08T23:54:00,2017-12-08T23:54:00,12,12
http://irail.be/vehicle/IC2045,http://irail.be/stations/NMBS/008811007,IC,2017-12-08T23:57:00,2017-12-08T23:57:00,-43,-43
http://irail.be/vehicle/IC2045,http://irail.be/stations/NMBS/008812005,IC,2017-12-09T00:02:00,2017-12-09T00:02:00,69,-37
http://irail.be/vehicle/IC2045,http://irail.be/stations/NMBS/008813045,IC,2017-12-09T00:04:00,2017-12-09T00:04:00,91,91
http://irail.be/vehicle/IC2045,http://irail.be/stations/NMBS/008813003,IC,2017-12-09T00:06:00,2017-12-09T00:05:00,208,185
http://irail.be/vehicle/IC2045,http://irail.be/stations/NMBS/008813037,IC,2017-12-09T00:07:00,2017-12-09T00:07:00,208,208
http://irail.be/vehicle/IC2045,http://irail.be/stations/NMBS/008814001,IC,2017-12-09T00:10:00,2017-12-09T00:10:00,,208
http://irail.be/vehicle/IC2045,http://irail.be/stations/NMBS/008821006,IC,2017-12-01T23:25:00,2017-12-01T23:25:00,184,
http://irail.be/vehicle/IC2045,http://irail.be/stations/NMBS/008821121,IC,2017-12-01T23:31:00,2017-12-01T23:29:00,155,155
http://irail.be/vehicle/IC2045,http://irail.be/stations/NMBS/008821154,IC,2017-12-01T23:33:00,2017-12-01T23:33:00,168,168
http://irail.be/vehicle/IC2045,http://irail.be/stations/NMBS/008821238,IC,2017-12-01T23:34:00,2017-12-01T23:34:00,149,149
http://irail.be/vehicle/IC2045,http://irail.be/stations/NMBS/008821337,IC,2017-12-01T23:35:00,2017-12-01T23:35:00,145,145
http://irail.be/vehicle/IC2045,http://irail.be/stations/NMBS/008821311,IC,2017-12-01T23:36:00,2017-12-01T23:36:00,141,141
http://irail.be/vehicle/IC2045,http://irail.be/stations/NMBS/008822210,IC,2017-12-01T23:38:00,2017-12-01T23:38:00,158,158
http://irail.be/vehicle/IC2045,http://irail.be/stations/NMBS/008822228,IC,2017-12-01T23:39:00,2017-12-01T23:39:00,256,256
http://irail.be/vehicle/IC2045,http://irail.be/stations/NMBS/008822343,IC,2017-12-01T23:41:00,2017-12-01T23:41:00,219,219
http://irail.be/vehicle/IC2045,http://irail.be/stations/NMBS/008822004,IC,2017-12-01T23:45:00,2017-12-01T23:43:00,166,219
http://irail.be/vehicle/IC2045,http://irail.be/stations/NMBS/008822251,IC,2017-12-01T23:49:00,2017-12-01T23:49:00,193,193
http://irail.be/vehicle/IC2045,http://irail.be/stations/NMBS/008822269,IC,2017-12-01T23:50:00,2017-12-01T23:50:00,193,193
http://irail.be/vehicle/IC2045,http://irail.be/stations/NMBS/008811189,IC,2017-12-01T23:52:00,2017-12-01T23:52:00,201,201
http://irail.be/vehicle/IC2045,http://irail.be/stations/NMBS/008811148,IC,2017-12-01T23:54:00,2017-12-01T23:54:00,189,189
http://irail.be/vehicle/IC2045,http://irail.be/stations/NMBS/008811007,IC,2017-12-01T23:57:00,2017-12-01T23:57:00,136,136
http://irail.be/vehicle/IC2045,http://irail.be/stations/NMBS/008812005,IC,2017-12-02T00:02:00,2017-12-02T00:02:00,73,156
http://irail.be/vehicle/IC2045,http://irail.be/stations/NMBS/008813045,IC,2017-12-02T00:04:00,2017-12-02T00:04:00,76,76
http://irail.be/vehicle/IC2045,http://irail.be/stations/NMBS/008813003,IC,2017-12-02T00:06:00,2017-12-02T00:05:00,120,105
http://irail.be/vehicle/IC2045,http://irail.be/stations/NMBS/008813037,IC,2017-12-02T00:08:00,2017-12-02T00:08:00,84,84
http://irail.be/vehicle/IC2045,http://irail.be/stations/NMBS/008814001,IC,2017-12-02T00:10:00,2017-12-02T00:10:00,,133
http://irail.be/vehicle/IC2045,http://irail.be/stations/NMBS/008821006,IC,2017-01-18T23:25:00,2017-01-18T23:25:00,35,
http://irail.be/vehicle/IC2045,http://irail.be/stations/NMBS/008821121,IC,2017-01-18T23:31:00,2017-01-18T23:29:00,39,39
http://irail.be/vehicle/IC2045,http://irail.be/stations/NMBS/008821154,IC,2017-01-18T23:33:00,2017-01-18T23:33:00,14,14
http://irail.be/vehicle/IC2045,http://irail.be/stations/NMBS/008821238,IC,2017-01-18T23:34:00,2017-01-18T23:34:00,-11,-11
http://irail.be/vehicle/IC2045,http://irail.be/stations/NMBS/008821337,IC,2017-01-18T23:35:00,2017-01-18T23:35:00,-22,-22
http://irail.be/vehicle/IC2045,NO-URI,IC,2017-01-18T23:36:00,2017-01-18T23:36:00,-23,-23
http://irail.be/vehicle/IC2045,http://irail.be/stations/NMBS/008822210,IC,2017-01-18T23:38:00,2017-01-18T23:38:00,-18,-18
http://irail.be/vehicle/IC2045,http://irail.be/stations/NMBS/008822228,IC,2017-01-18T23:39:00,2017-01-18T23:39:00,16,16
http://irail.be/vehicle/IC2045,http://irail.be/stations/NMBS/008822343,IC,2017-01-18T23:41:00,2017-01-18T23:41:00,-33,-33
http://irail.be/vehicle/IC2045,http://irail.be/stations/NMBS/008822004,IC,2017-01-18T23:45:00,2017-01-18T23:43:00,29,-33
http://irail.be/vehicle/IC2045,http://irail.be/stations/NMBS/008822251,IC,2017-01-18T23:49:00,2017-01-18T23:49:00,-41,-41
http://irail.be/vehicle/IC2045,http://irail.be/stations/NMBS/008822269,IC,2017-01-18T23:50:00,2017-01-18T23:50:00,-41,-41
http://irail.be/vehicle/IC2045,http://irail.be/stations/NMBS/008811189,IC,2017-01-18T23:52:00,2017-01-18T23:52:00,-48,-48
http://irail.be/vehicle/IC2045,http://irail.be/stations/NMBS/008811148,IC,2017-01-18T23:54:00,2017-01-18T23:54:00,-60,-60
http://irail.be/vehicle/IC2045,http://irail.be/stations/NMBS/008811007,IC,2017-01-18T23:57:00,2017-01-18T23:57:00,178,178
http://irail.be/vehicle/IC2045,http://irail.be/stations/NMBS/008812005,IC,2017-01-19T00:02:00,2017-01-19T00:02:00,137,232
http://irail.be/vehicle/IC2045,http://irail.be/stations/NMBS/008813045,IC,2017-01-19T00:04:00,2017-01-19T00:04:00,133,133
http://irail.be/vehicle/IC2045,http://irail.be/stations/NMBS/008813003,IC,2017-01-19T00:06:00,2017-01-19T00:05:00,130,151
http://irail.be/vehicle/IC2045,http://irail.be/stations/NMBS/008813037,IC,2017-01-19T00:07:00,2017-01-19T00:07:00,129,129
http://irail.be/vehicle/IC2045,http://irail.be/stations/NMBS/008814001,IC,2017-01-19T00:10:00,2017-01-19T00:10:00,,124
http://irail.be/vehicle/IC2045,http://irail.be/stations/NMBS/008821006,IC,2017-09-22T23:25:00,2017-09-22T23:25:00,375,
http://irail.be/vehicle/IC2045,http://irail.be/stations/NMBS/008821121,IC,2017-09-22T23:31:00,2017-09-22T23:29:00,519,519
http://irail.be/vehicle/IC2045,http://irail.be/stations/NMBS/008821154,IC,2017-09-22T23:33:00,2017-09-22T23:33:00,515,515
http://irail.be/vehicle/IC2045,http://irail.be/stations/NMBS/008821238,IC,2017-09-22T23:34:00,2017-09-22T23:34:00,497,497
http://irail.be/vehicle/IC2045,http://irail.be/stations/NMBS/008821337,IC,2017-09-22T23:35:00,2017-09-22T23:35:00,489,489
http://irail.be/vehicle/IC2045,http://irail.be/stations/NMBS/008821311,IC,2017-09-22T23:36:00,2017-09-22T23:36:00,493,493
http://irail.be/vehicle/IC2045,http://irail.be/stations/NMBS/008822210,IC,2017-09-22T23:38:00,2017-09-22T23:38:00,501,501
http://irail.be/vehicle/IC2045,http://irail.be/stations/NMBS/008822228,IC,2017-09-22T23:39:00,2017-09-22T23:39:00,561,561
http://irail.be/vehicle/IC2045,http://irail.be/stations/NMBS/008822343,IC,2017-09-22T23:41:00,2017-09-22T23:41:00,651,651
http://irail.be/vehicle/IC2045,http://irail.be/stations/NMBS/008822004,IC,2017-09-22T23:45:00,2017-09-22T23:43:00,630,651
http://irail.be/vehicle/IC2045,http://irail.be/stations/NMBS/008822251,IC,2017-09-22T23:49:00,2017-09-22T23:49:00,549,549
http://irail.be/vehicle/IC2045,http://irail.be/stations/NMBS/008822269,IC,2017-09-22T23:50:00,2017-09-22T23:50:00,549,549
http://irail.be/vehicle/IC2045,http://irail.be/stations/NMBS/008811189,IC,2017-09-22T23:52:00,2017-09-22T23:52:00,540,540
http://irail.be/vehicle/IC2045,http://irail.be/stations/NMBS/008811148,IC,2017-09-22T23:54:00,2017-09-22T23:54:00,528,528
http://irail.be/vehicle/IC2045,http://irail.be/stations/NMBS/008811007,IC,2017-09-22T23:57:00,2017-09-22T23:57:00,458,458
http://irail.be/vehicle/IC2045,http://irail.be/stations/NMBS/008812005,IC,2017-09-23T00:02:00,2017-09-23T00:02:00,399,456
http://irail.be/vehicle/IC2045,http://irail.be/stations/NMBS/008813045,IC,2017-09-23T00:04:00,2017-09-23T00:04:00,398,398
http://irail.be/vehicle/IC2045,http://irail.be/stations/NMBS/008813003,IC,2017-09-23T00:06:00,2017-09-23T00:05:00,417,424
http://irail.be/vehicle/IC2045,http://irail.be/stations/NMBS/008813037,IC,2017-09-23T00:07:00,2017-09-23T00:07:00,417,417
http://irail.be/vehicle/IC2045,http://irail.be/stations/NMBS/008814001,IC,2017-09-23T00:10:00,2017-09-23T00:10:00,,423
http://irail.be/vehicle/IC2045,http://irail.be/stations/NMBS/008821006,IC,2017-05-23T23:25:00,2017-05-23T23:25:00,52,
http://irail.be/vehicle/IC2045,http://irail.be/stations/NMBS/008821121,IC,2017-05-23T23:31:00,2017-05-23T23:29:00,30,30
http://irail.be/vehicle/IC2045,http://irail.be/stations/NMBS/008821154,IC,2017-05-23T23:33:00,2017-05-23T23:33:00,9,9
http://irail.be/vehicle/IC2045,http://irail.be/stations/NMBS/008821238,IC,2017-05-23T23:34:00,2017-05-23T23:34:00,-14,-14
http://irail.be/vehicle/IC2045,http://irail.be/stations/NMBS/008821337,IC,2017-05-23T23:35:00,2017-05-23T23:35:00,-18,-18
http://irail.be/vehicle/IC2045,NO-URI,IC,2017-05-23T23:36:00,2017-05-23T23:36:00,-18,-18
http://irail.be/vehicle/IC2045,http://irail.be/stations/NMBS/008822210,IC,2017-05-23T23:38:00,2017-05-23T23:38:00,-12,-12
http://irail.be/vehicle/IC2045,http://irail.be/stations/NMBS/008822228,IC,2017-05-23T23:39:00,2017-05-23T23:39:00,35,35
http://irail.be/vehicle/IC2045,http://irail.be/stations/NMBS/008822343,IC,2017-05-23T23:41:00,2017-05-23T23:41:00,2,2
http://irail.be/vehicle/IC2045,http://irail.be/stations/NMBS/008822004,IC,2017-05-23T23:45:00,2017-05-23T23:43:00,7,2
http://irail.be/vehicle/IC2045,http://irail.be/stations/NMBS/008822251,IC,2017-05-23T23:49:00,2017-05-23T23:49:00,-55,-55
http://irail.be/vehicle/IC2045,http://irail.be/stations/NMBS/008822269,IC,2017-05-23T23:50:00,2017-05-23T23:50:00,-55,-55
http://irail.be/vehicle/IC2045,http://irail.be/stations/NMBS/008811189,IC,2017-05-23T23:52:00,2017-05-23T23:52:00,-59,-59
http://irail.be/vehicle/IC2045,http://irail.be/stations/NMBS/008811148,IC,2017-05-23T23:54:00,2017-05-23T23:54:00,-65,-65
http://irail.be/vehicle/IC2045,http://irail.be/stations/NMBS/008811007,IC,2017-05-23T23:57:00,2017-05-23T23:57:00,230,230
http://irail.be/vehicle/IC2045,http://irail.be/stations/NMBS/008812005,IC,2017-05-24T00:02:00,2017-05-24T00:02:00,175,275
http://irail.be/vehicle/IC2045,http://irail.be/stations/NMBS/008813045,IC,2017-05-24T00:04:00,2017-05-24T00:04:00,178,178
http://irail.be/vehicle/IC2045,http://irail.be/stations/NMBS/008813003,IC,2017-05-24T00:06:00,2017-05-24T00:05:00,200,209
http://irail.be/vehicle/IC2045,http://irail.be/stations/NMBS/008813037,IC,2017-05-24T00:07:00,2017-05-24T00:07:00,205,205
http://irail.be/vehicle/IC2045,http://irail.be/stations/NMBS/008814001,IC,2017-05-24T00:10:00,2017-05-24T00:10:00,,212
http://irail.be/vehicle/IC2045,http://irail.be/stations/NMBS/008821006,IC,2017-08-30T23:25:00,2017-08-30T23:25:00,-1,
http://irail.be/vehicle/IC2045,http://irail.be/stations/NMBS/008821121,IC,2017-08-30T23:31:00,2017-08-30T23:29:00,38,38
http://irail.be/vehicle/IC2045,http://irail.be/stations/NMBS/008821154,IC,2017-08-30T23:33:00,2017-08-30T23:33:00,14,14
http://irail.be/vehicle/IC2045,http://irail.be/stations/NMBS/008821238,IC,2017-08-30T23:34:00,2017-08-30T23:34:00,-9,-9
http://irail.be/vehicle/IC2045,http://irail.be/stations/NMBS/008821337,IC,2017-08-30T23:35:00,2017-08-30T23:35:00,-17,-17
http://irail.be/vehicle/IC2045,http://irail.be/stations/NMBS/008821311,IC,2017-08-30T23:36:00,2017-08-30T23:36:00,-18,-18
http://irail.be/vehicle/IC2045,http://irail.be/stations/NMBS/008822210,IC,2017-08-30T23:38:00,2017-08-30T23:38:00,-11,-11
http://irail.be/vehicle/IC2045,http://irail.be/stations/NMBS/008822228,IC,2017-08-30T23:39:00,2017-08-30T23:39:00,35,35
http://irail.be/vehicle/IC2045,http://irail.be/stations/NMBS/008822343,IC,2017-08-30T23:41:00,2017-08-30T23:41:00,-9,-9
http://irail.be/vehicle/IC2045,http://irail.be/stations/NMBS/008822004,IC,2017-08-30T23:45:00,2017-08-30T23:43:00,44,-9
http://irail.be/vehicle/IC2045,http://irail.be/stations/NMBS/008822251,IC,2017-08-30T23:49:00,2017-08-30T23:49:00,-21,-21
http://irail.be/vehicle/IC2045,http://irail.be/stations/NMBS/008822269,IC,2017-08-30T23:50:00,2017-08-30T23:50:00,-21,-21
http://irail.be/vehicle/IC2045,http://irail.be/stations/NMBS/008811189,IC,2017-08-30T23:52:00,2017-08-30T23:52:00,-24,-24
http://irail.be/vehicle/IC2045,http://irail.be/stations/NMBS/008811148,IC,2017-08-30T23:54:00,2017-08-30T23:54:00,-30,-30
http://irail.be/vehicle/IC2045,http://irail.be/stations/NMBS/008811007,IC,2017-08-30T23:57:00,2017-08-30T23:57:00,165,165
http://irail.be/vehicle/IC2045,http://irail.be/stations/NMBS/008812005,IC,2017-08-31T00:02:00,2017-08-31T00:02:00,94,195
http://irail.be/vehicle/IC2045,http://irail.be/stations/NMBS/008813045,IC,2017-08-31T00:04:00,2017-08-31T00:04:00,98,98
http://irail.be/vehicle/IC2045,http://irail.be/stations/NMBS/008813003,IC,2017-08-31T00:06:00,2017-08-31T00:05:00,196,208
http://irail.be/vehicle/IC2045,http://irail.be/stations/NMBS/008813037,IC,2017-08-31T00:07:00,2017-08-31T00:07:00,196,196
http://irail.be/vehicle/IC2045,http://irail.be/stations/NMBS/008814001,IC,2017-08-31T00:10:00,2017-08-31T00:10:00,,188
http://irail.be/vehicle/IC2045,http://irail.be/stations/NMBS/008821006,IC,2017-05-09T23:25:00,2017-05-09T23:25:00,464,
http://irail.be/vehicle/IC2045,http://irail.be/stations/NMBS/008821121,IC,2017-05-09T23:31:00,2017-05-09T23:29:00,572,572
http://irail.be/vehicle/IC2045,http://irail.be/stations/NMBS/008821154,IC,2017-05-09T23:33:00,2017-05-09T23:33:00,552,552
http://irail.be/vehicle/IC2045,http://irail.be/stations/NMBS/008821238,IC,2017-05-09T23:34:00,2017-05-09T23:34:00,529,529
http://irail.be/vehicle/IC2045,http://irail.be/stations/NMBS/008821337,IC,2017-05-09T23:35:00,2017-05-09T23:35:00,522,522
http://irail.be/vehicle/IC2045,NO-URI,IC,2017-05-09T23:36:00,2017-05-09T23:36:00,523,523
http://irail.be/vehicle/IC2045,http://irail.be/stations/NMBS/008822210,IC,2017-05-09T23:38:00,2017-05-09T23:38:00,532,532
http://irail.be/vehicle/IC2045,http://irail.be/stations/NMBS/008822228,IC,2017-05-09T23:39:00,2017-05-09T23:39:00,583,583
http://irail.be/vehicle/IC2045,http://irail.be/stations/NMBS/008822343,IC,2017-05-09T23:41:00,2017-05-09T23:41:00,538,538
http://irail.be/vehicle/IC2045,http://irail.be/stations/NMBS/008822004,IC,2017-05-09T23:45:00,2017-05-09T23:43:00,456,538
http://irail.be/vehicle/IC2045,http://irail.be/stations/NMBS/008822251,IC,2017-05-09T23:49:00,2017-05-09T23:49:00,390,390
http://irail.be/vehicle/IC2045,http://irail.be/stations/NMBS/008822269,IC,2017-05-09T23:50:00,2017-05-09T23:50:00,390,390
http://irail.be/vehicle/IC2045,http://irail.be/stations/NMBS/008811189,IC,2017-05-09T23:52:00,2017-05-09T23:52:00,384,384
http://irail.be/vehicle/IC2045,http://irail.be/stations/NMBS/008811148,IC,2017-05-09T23:54:00,2017-05-09T23:54:00,374,374
http://irail.be/vehicle/IC2045,http://irail.be/stations/NMBS/008811007,IC,2017-05-09T23:57:00,2017-05-09T23:57:00,456,456
http://irail.be/vehicle/IC2045,http://irail.be/stations/NMBS/008812005,IC,2017-05-10T00:02:00,2017-05-10T00:02:00,500,522
http://irail.be/vehicle/IC2045,http://irail.be/stations/NMBS/008813045,IC,2017-05-10T00:04:00,2017-05-10T00:04:00,502,502
http://irail.be/vehicle/IC2045,http://irail.be/stations/NMBS/008813003,IC,2017-05-10T00:06:00,2017-05-10T00:05:00,554,563
http://irail.be/vehicle/IC2045,http://irail.be/stations/NMBS/008813037,IC,2017-05-10T00:07:00,2017-05-10T00:07:00,553,553
http://irail.be/vehicle/IC2045,http://irail.be/stations/NMBS/008814001,IC,2017-05-10T00:10:00,2017-05-10T00:10:00,,553
http://irail.be/vehicle/IC2045,http://irail.be/stations/NMBS/008821006,IC,2017-05-08T23:25:00,2017-05-08T23:25:00,38,
http://irail.be/vehicle/IC2045,http://irail.be/stations/NMBS/008821121,IC,2017-05-08T23:31:00,2017-05-08T23:29:00,27,27
http://irail.be/vehicle/IC2045,http://irail.be/stations/NMBS/008821154,IC,2017-05-08T23:33:00,2017-05-08T23:33:00,2,2
http://irail.be/vehicle/IC2045,http://irail.be/stations/NMBS/008821238,IC,2017-05-08T23:34:00,2017-05-08T23:34:00,-24,-24
http://irail.be/vehicle/IC2045,http://irail.be/stations/NMBS/008821337,IC,2017-05-08T23:35:00,2017-05-08T23:35:00,-33,-33
http://irail.be/vehicle/IC2045,NO-URI,IC,2017-05-08T23:36:00,2017-05-08T23:36:00,-36,-36
http://irail.be/vehicle/IC2045,http://irail.be/stations/NMBS/008822210,IC,2017-05-08T23:38:00,2017-05-08T23:38:00,-31,-31
http://irail.be/vehicle/IC2045,http://irail.be/stations/NMBS/008822228,IC,2017-05-08T23:39:00,2017-05-08T23:39:00,4,4
http://irail.be/vehicle/IC2045,http://irail.be/stations/NMBS/008822343,IC,2017-05-08T23:41:00,2017-05-08T23:41:00,-49,-49
http://irail.be/vehicle/IC2045,http://irail.be/stations/NMBS/008822004,IC,2017-05-08T23:45:00,2017-05-08T23:43:00,20,-49
http://irail.be/vehicle/IC2045,http://irail.be/stations/NMBS/008822251,IC,2017-05-08T23:49:00,2017-05-08T23:49:00,-55,-55
http://irail.be/vehicle/IC2045,http://irail.be/stations/NMBS/008822269,IC,2017-05-08T23:50:00,2017-05-08T23:50:00,-55,-55
http://irail.be/vehicle/IC2045,http://irail.be/stations/NMBS/008811189,IC,2017-05-08T23:52:00,2017-05-08T23:52:00,-65,-65
http://irail.be/vehicle/IC2045,http://irail.be/stations/NMBS/008811148,IC,2017-05-08T23:54:00,2017-05-08T23:54:00,-79,-79
http://irail.be/vehicle/IC2045,http://irail.be/stations/NMBS/008811007,IC,2017-05-08T23:57:00,2017-05-08T23:57:00,65,65
http://irail.be/vehicle/IC2045,http://irail.be/stations/NMBS/008812005,IC,2017-05-09T00:02:00,2017-05-09T00:02:00,62,128
http://irail.be/vehicle/IC2045,http://irail.be/stations/NMBS/008813045,IC,2017-05-09T00:04:00,2017-05-09T00:04:00,60,60
http://irail.be/vehicle/IC2045,http://irail.be/stations/NMBS/008813003,IC,2017-05-09T00:06:00,2017-05-09T00:05:00,135,153
http://irail.be/vehicle/IC2045,http://irail.be/stations/NMBS/008813037,IC,2017-05-09T00:07:00,2017-05-09T00:07:00,133,133
http://irail.be/vehicle/IC2045,http://irail.be/stations/NMBS/008814001,IC,2017-05-09T00:10:00,2017-05-09T00:10:00,,124
http://irail.be/vehicle/IC2045,http://irail.be/stations/NMBS/008821006,IC,2017-06-01T23:25:00,2017-06-01T23:25:00,-15,
http://irail.be/vehicle/IC2045,http://irail.be/stations/NMBS/008821121,IC,2017-06-01T23:31:00,2017-06-01T23:29:00,29,29
http://irail.be/vehicle/IC2045,http://irail.be/stations/NMBS/008821154,IC,2017-06-01T23:33:00,2017-06-01T23:33:00,5,5
http://irail.be/vehicle/IC2045,http://irail.be/stations/NMBS/008821238,IC,2017-06-01T23:34:00,2017-06-01T23:34:00,-19,-19
http://irail.be/vehicle/IC2045,http://irail.be/stations/NMBS/008821337,IC,2017-06-01T23:35:00,2017-06-01T23:35:00,-31,-31
http://irail.be/vehicle/IC2045,NO-URI,IC,2017-06-01T23:36:00,2017-06-01T23:36:00,-34,-34
http://irail.be/vehicle/IC2045,http://irail.be/stations/NMBS/008822210,IC,2017-06-01T23:38:00,2017-06-01T23:38:00,-30,-30
http://irail.be/vehicle/IC2045,http://irail.be/stations/NMBS/008822228,IC,2017-06-01T23:39:00,2017-06-01T23:39:00,14,14
http://irail.be/vehicle/IC2045,http://irail.be/stations/NMBS/008822343,IC,2017-06-01T23:41:00,2017-06-01T23:41:00,-23,-23
http://irail.be/vehicle/IC2045,http://irail.be/stations/NMBS/008822004,IC,2017-06-01T23:45:00,2017-06-01T23:43:00,14,-23
http://irail.be/vehicle/IC2045,http://irail.be/stations/NMBS/008822251,IC,2017-06-01T23:49:00,2017-06-01T23:49:00,-62,-62
http://irail.be/vehicle/IC2045,http://irail.be/stations/NMBS/008822269,IC,2017-06-01T23:50:00,2017-06-01T23:50:00,-62,-62
http://irail.be/vehicle/IC2045,http://irail.be/stations/NMBS/008811189,IC,2017-06-01T23:52:00,2017-06-01T23:52:00,-68,-68
http://irail.be/vehicle/IC2045,http://irail.be/stations/NMBS/008811148,IC,2017-06-01T23:54:00,2017-06-01T23:54:00,-77,-77
http://irail.be/vehicle/IC2045,http://irail.be/stations/NMBS/008811007,IC,2017-06-01T23:57:00,2017-06-01T23:57:00,-135,-135
http://irail.be/vehicle/IC2045,http://irail.be/stations/NMBS/008812005,IC,2017-06-02T00:02:00,2017-06-02T00:02:00,63,-154
http://irail.be/vehicle/IC2045,http://irail.be/stations/NMBS/008813045,IC,2017-06-02T00:04:00,2017-06-02T00:04:00,75,75
http://irail.be/vehicle/IC2045,http://irail.be/stations/NMBS/008813003,IC,2017-06-02T00:06:00,2017-06-02T00:05:00,153,162
http://irail.be/vehicle/IC2045,http://irail.be/stations/NMBS/008813037,IC,2017-06-02T00:07:00,2017-06-02T00:07:00,155,155
http://irail.be/vehicle/IC2045,http://irail.be/stations/NMBS/008814001,IC,2017-06-02T00:10:00,2017-06-02T00:10:00,,157
http://irail.be/vehicle/IC2045,http://irail.be/stations/NMBS/008821006,IC,2017-04-11T23:25:00,2017-04-11T23:25:00,10,
http://irail.be/vehicle/IC2045,http://irail.be/stations/NMBS/008821121,IC,2017-04-11T23:31:00,2017-04-11T23:29:00,36,36
http://irail.be/vehicle/IC2045,http://irail.be/stations/NMBS/008821154,IC,2017-04-11T23:33:00,2017-04-11T23:33:00,16,16
http://irail.be/vehicle/IC2045,http://irail.be/stations/NMBS/008821238,IC,2017-04-11T23:34:00,2017-04-11T23:34:00,-7,-7
http://irail.be/vehicle/IC2045,http://irail.be/stations/NMBS/008821337,IC,2017-04-11T23:35:00,2017-04-11T23:35:00,-13,-13
http://irail.be/vehicle/IC2045,NO-URI,IC,2017-04-11T23:36:00,2017-04-11T23:36:00,-13,-13
http://irail.be/vehicle/IC2045,http://irail.be/stations/NMBS/008822210,IC,2017-04-11T23:38:00,2017-04-11T23:38:00,-5,-5
http://irail.be/vehicle/IC2045,http://irail.be/stations/NMBS/008822228,IC,2017-04-11T23:39:00,2017-04-11T23:39:00,64,64
http://irail.be/vehicle/IC2045,http://irail.be/stations/NMBS/008822343,IC,2017-04-11T23:41:00,2017-04-11T23:41:00,19,19
http://irail.be/vehicle/IC2045,http://irail.be/stations/NMBS/008822004,IC,2017-04-11T23:45:00,2017-04-11T23:43:00,16,19
http://irail.be/vehicle/IC2045,http://irail.be/stations/NMBS/008822251,IC,2017-04-11T23:49:00,2017-04-11T23:49:00,-22,-22
http://irail.be/vehicle/IC2045,http://irail.be/stations/NMBS/008822269,IC,2017-04-11T23:50:00,2017-04-11T23:50:00,-22,-22
http://irail.be/vehicle/IC2045,http://irail.be/stations/NMBS/008811189,IC,2017-04-11T23:52:00,2017-04-11T23:52:00,-46,-46
http://irail.be/vehicle/IC2045,http://irail.be/stations/NMBS/008811148,IC,2017-04-11T23:54:00,2017-04-11T23:54:00,-55,-55
http://irail.be/vehicle/IC2045,http://irail.be/stations/NMBS/008811007,IC,2017-04-11T23:57:00,2017-04-11T23:57:00,-109,-109
http://irail.be/vehicle/IC2045,http://irail.be/stations/NMBS/008812005,IC,2017-04-12T00:02:00,2017-04-12T00:02:00,27,-119
http://irail.be/vehicle/IC2045,http://irail.be/stations/NMBS/008813045,IC,2017-04-12T00:04:00,2017-04-12T00:04:00,30,30
http://irail.be/vehicle/IC2045,http://irail.be/stations/NMBS/008813003,IC,2017-04-12T00:06:00,2017-04-12T00:05:00,144,157
http://irail.be/vehicle/IC2045,http://irail.be/stations/NMBS/008813037,IC,2017-04-12T00:07:00,2017-04-12T00:07:00,145,145
http://irail.be/vehicle/IC2045,http://irail.be/stations/NMBS/008814001,IC,2017-04-12T00:10:00,2017-04-12T00:10:00,,148
http://irail.be/vehicle/IC2045,http://irail.be/stations/NMBS/008821006,IC,2017-08-21T23:25:00,2017-08-21T23:25:00,1259,
http://irail.be/vehicle/IC2045,http://irail.be/stations/NMBS/008821121,IC,2017-08-21T23:31:00,2017-08-21T23:29:00,1212,1212
http://irail.be/vehicle/IC2045,http://irail.be/stations/NMBS/008821154,IC,2017-08-21T23:33:00,2017-08-21T23:33:00,1193,1193
http://irail.be/vehicle/IC2045,http://irail.be/stations/NMBS/008821238,IC,2017-08-21T23:34:00,2017-08-21T23:34:00,1170,1170
http://irail.be/vehicle/IC2045,http://irail.be/stations/NMBS/008821337,IC,2017-08-21T23:35:00,2017-08-21T23:35:00,1161,1161
http://irail.be/vehicle/IC2045,http://irail.be/stations/NMBS/008821311,IC,2017-08-21T23:36:00,2017-08-21T23:36:00,1160,1160
http://irail.be/vehicle/IC2045,http://irail.be/stations/NMBS/008822210,IC,2017-08-21T23:38:00,2017-08-21T23:38:00,1166,1166
http://irail.be/vehicle/IC2045,http://irail.be/stations/NMBS/008822228,IC,2017-08-21T23:39:00,2017-08-21T23:39:00,1215,1215
http://irail.be/vehicle/IC2045,http://irail.be/stations/NMBS/008822343,IC,2017-08-21T23:41:00,2017-08-21T23:41:00,1168,1168
http://irail.be/vehicle/IC2045,http://irail.be/stations/NMBS/008822004,IC,2017-08-21T23:45:00,2017-08-21T23:43:00,1088,1168
http://irail.be/vehicle/IC2045,http://irail.be/stations/NMBS/008822251,IC,2017-08-21T23:49:00,2017-08-21T23:49:00,1020,1020
http://irail.be/vehicle/IC2045,http://irail.be/stations/NMBS/008822269,IC,2017-08-21T23:50:00,2017-08-21T23:50:00,1020,1020
http://irail.be/vehicle/IC2045,http://irail.be/stations/NMBS/008811189,IC,2017-08-21T23:52:00,2017-08-21T23:52:00,1157,1157
http://irail.be/vehicle/IC2045,NO-URI,IC,2017-08-21T23:54:00,2017-08-21T23:54:00,1258,1258
http://irail.be/vehicle/IC2045,NO-URI,IC,2017-08-21T23:54:00,2017-08-21T23:54:00,1278,1278
http://irail.be/vehicle/IC2045,http://irail.be/stations/NMBS/008811007,IC,2017-08-21T23:57:00,2017-08-21T23:57:00,1341,1341
http://irail.be/vehicle/IC2045,http://irail.be/stations/NMBS/008812005,IC,2017-08-22T00:02:00,2017-08-22T00:02:00,1278,1356
http://irail.be/vehicle/IC2045,http://irail.be/stations/NMBS/008813045,IC,2017-08-22T00:04:00,2017-08-22T00:04:00,1271,1271
http://irail.be/vehicle/IC2045,http://irail.be/stations/NMBS/008813003,IC,2017-08-22T00:06:00,2017-08-22T00:05:00,1280,1291
http://irail.be/vehicle/IC2045,http://irail.be/stations/NMBS/008813037,IC,2017-08-22T00:07:00,2017-08-22T00:07:00,1278,1278
http://irail.be/vehicle/IC2045,http://irail.be/stations/NMBS/008814001,IC,2017-08-22T00:10:00,2017-08-22T00:10:00,,1271
http://irail.be/vehicle/IC2045,http://irail.be/stations/NMBS/008821006,IC,2017-02-24T23:25:00,2017-02-24T23:25:00,26,
http://irail.be/vehicle/IC2045,http://irail.be/stations/NMBS/008821121,IC,2017-02-24T23:31:00,2017-02-24T23:29:00,33,33
http://irail.be/vehicle/IC2045,http://irail.be/stations/NMBS/008821154,IC,2017-02-24T23:33:00,2017-02-24T23:33:00,12,12
http://irail.be/vehicle/IC2045,http://irail.be/stations/NMBS/008821238,IC,2017-02-24T23:34:00,2017-02-24T23:34:00,-10,-10
http://irail.be/vehicle/IC2045,http://irail.be/stations/NMBS/008821337,IC,2017-02-24T23:35:00,2017-02-24T23:35:00,-17,-17
http://irail.be/vehicle/IC2045,NO-URI,IC,2017-02-24T23:36:00,2017-02-24T23:36:00,-18,-18
http://irail.be/vehicle/IC2045,http://irail.be/stations/NMBS/008822210,IC,2017-02-24T23:38:00,2017-02-24T23:38:00,-12,-12
http://irail.be/vehicle/IC2045,http://irail.be/stations/NMBS/008822228,IC,2017-02-24T23:39:00,2017-02-24T23:39:00,36,36
http://irail.be/vehicle/IC2045,http://irail.be/stations/NMBS/008822343,IC,2017-02-24T23:41:00,2017-02-24T23:41:00,-5,-5
http://irail.be/vehicle/IC2045,http://irail.be/stations/NMBS/008822004,IC,2017-02-24T23:45:00,2017-02-24T23:43:00,9,-5
http://irail.be/vehicle/IC2045,http://irail.be/stations/NMBS/008822251,IC,2017-02-24T23:49:00,2017-02-24T23:49:00,-32,-32
http://irail.be/vehicle/IC2045,http://irail.be/stations/NMBS/008822269,IC,2017-02-24T23:50:00,2017-02-24T23:50:00,-32,-32
http://irail.be/vehicle/IC2045,http://irail.be/stations/NMBS/008811189,IC,2017-02-24T23:52:00,2017-02-24T23:52:00,-57,-57
http://irail.be/vehicle/IC2045,http://irail.be/stations/NMBS/008811148,IC,2017-02-24T23:54:00,2017-02-24T23:54:00,-68,-68
http://irail.be/vehicle/IC2045,http://irail.be/stations/NMBS/008811007,IC,2017-02-24T23:57:00,2017-02-24T23:57:00,-51,-51
http://irail.be/vehicle/IC2045,http://irail.be/stations/NMBS/008812005,IC,2017-02-25T00:02:00,2017-02-25T00:02:00,654,32
http://irail.be/vehicle/IC2045,http://irail.be/stations/NMBS/008813045,IC,2017-02-25T00:04:00,2017-02-25T00:04:00,654,654
http://irail.be/vehicle/IC2045,http://irail.be/stations/NMBS/008813003,IC,2017-02-25T00:06:00,2017-02-25T00:05:00,690,704
http://irail.be/vehicle/IC2045,http://irail.be/stations/NMBS/008813037,IC,2017-02-25T00:07:00,2017-02-25T00:07:00,690,690
http://irail.be/vehicle/IC2045,http://irail.be/stations/NMBS/008814001,IC,2017-02-25T00:10:00,2017-02-25T00:10:00,,709
http://irail.be/vehicle/IC2045,http://irail.be/stations/NMBS/008821006,IC,2017-07-12T23:25:00,2017-07-12T23:25:00,10,
http://irail.be/vehicle/IC2045,http://irail.be/stations/NMBS/008821121,IC,2017-07-12T23:31:00,2017-07-12T23:29:00,19,19
http://irail.be/vehicle/IC2045,http://irail.be/stations/NMBS/008821154,IC,2017-07-12T23:33:00,2017-07-12T23:33:00,4,4
http://irail.be/vehicle/IC2045,http://irail.be/stations/NMBS/008821238,IC,2017-07-12T23:34:00,2017-07-12T23:34:00,-20,-20
http://irail.be/vehicle/IC2045,http://irail.be/stations/NMBS/008821337,IC,2017-07-12T23:35:00,2017-07-12T23:35:00,-29,-29
http://irail.be/vehicle/IC2045,http://irail.be/stations/NMBS/008821311,IC,2017-07-12T23:36:00,2017-07-12T23:36:00,-32,-32
http://irail.be/vehicle/IC2045,http://irail.be/stations/NMBS/008822210,IC,2017-07-12T23:38:00,2017-07-12T23:38:00,-26,-26
http://irail.be/vehicle/IC2045,http://irail.be/stations/NMBS/008822228,IC,2017-07-12T23:39:00,2017-07-12T23:39:00,19,19
http://irail.be/vehicle/IC2045,http://irail.be/stations/NMBS/008822343,IC,2017-07-12T23:41:00,2017-07-12T23:41:00,-20,-20
http://irail.be/vehicle/IC2045,http://irail.be/stations/NMBS/008822004,IC,2017-07-12T23:45:00,2017-07-12T23:43:00,6,-20
http://irail.be/vehicle/IC2045,http://irail.be/stations/NMBS/008822251,IC,2017-07-12T23:49:00,2017-07-12T23:49:00,-64,-64
http://irail.be/vehicle/IC2045,http://irail.be/stations/NMBS/008822269,IC,2017-07-12T23:50:00,2017-07-12T23:50:00,-64,-64
http://irail.be/vehicle/IC2045,http://irail.be/stations/NMBS/008811189,IC,2017-07-12T23:52:00,2017-07-12T23:52:00,-72,-72
http://irail.be/vehicle/IC2045,http://irail.be/stations/NMBS/008811148,IC,2017-07-12T23:54:00,2017-07-12T23:54:00,-84,-84
http://irail.be/vehicle/IC2045,http://irail.be/stations/NMBS/008811007,IC,2017-07-12T23:57:00,2017-07-12T23:57:00,-64,-64
http://irail.be/vehicle/IC2045,http://irail.be/stations/NMBS/008812005,IC,2017-07-13T00:02:00,2017-07-13T00:02:00,-7,9
http://irail.be/vehicle/IC2045,http://irail.be/stations/NMBS/008813045,IC,2017-07-13T00:04:00,2017-07-13T00:04:00,-1,-1
http://irail.be/vehicle/IC2045,http://irail.be/stations/NMBS/008813003,IC,2017-07-13T00:06:00,2017-07-13T00:05:00,25,26
http://irail.be/vehicle/IC2045,http://irail.be/stations/NMBS/008813037,IC,2017-07-13T00:07:00,2017-07-13T00:07:00,26,26
http://irail.be/vehicle/IC2045,http://irail.be/stations/NMBS/008814001,IC,2017-07-13T00:10:00,2017-07-13T00:10:00,,23
http://irail.be/vehicle/IC2045,http://irail.be/stations/NMBS/008821006,IC,2017-07-04T23:25:00,2017-07-04T23:25:00,1052,
http://irail.be/vehicle/IC2045,http://irail.be/stations/NMBS/008821121,IC,2017-07-04T23:31:00,2017-07-04T23:29:00,996,996
http://irail.be/vehicle/IC2045,http://irail.be/stations/NMBS/008821154,IC,2017-07-04T23:33:00,2017-07-04T23:33:00,974,974
http://irail.be/vehicle/IC2045,http://irail.be/stations/NMBS/008821238,IC,2017-07-04T23:34:00,2017-07-04T23:34:00,952,952
http://irail.be/vehicle/IC2045,http://irail.be/stations/NMBS/008821337,IC,2017-07-04T23:35:00,2017-07-04T23:35:00,951,951
http://irail.be/vehicle/IC2045,http://irail.be/stations/NMBS/008821311,IC,2017-07-04T23:36:00,2017-07-04T23:36:00,952,952
http://irail.be/vehicle/IC2045,http://irail.be/stations/NMBS/008822210,IC,2017-07-04T23:38:00,2017-07-04T23:38:00,962,962
http://irail.be/vehicle/IC2045,http://irail.be/stations/NMBS/008822228,IC,2017-07-04T23:39:00,2017-07-04T23:39:00,1037,1037
http://irail.be/vehicle/IC2045,http://irail.be/stations/NMBS/008822343,IC,2017-07-04T23:41:00,2017-07-04T23:41:00,993,993
http://irail.be/vehicle/IC2045,http://irail.be/stations/NMBS/008822004,IC,2017-07-04T23:45:00,2017-07-04T23:43:00,928,993
http://irail.be/vehicle/IC2045,http://irail.be/stations/NMBS/008822251,IC,2017-07-04T23:49:00,2017-07-04T23:49:00,863,863
http://irail.be/vehicle/IC2045,http://irail.be/stations/NMBS/008822269,IC,2017-07-04T23:50:00,2017-07-04T23:50:00,863,863
http://irail.be/vehicle/IC2045,http://irail.be/stations/NMBS/008811189,IC,2017-07-04T23:52:00,2017-07-04T23:52:00,904,904
http://irail.be/vehicle/IC2045,http://irail.be/stations/NMBS/008811148,IC,2017-07-04T23:54:00,2017-07-04T23:54:00,999,999
http://irail.be/vehicle/IC2045,http://irail.be/stations/NMBS/008811007,IC,2017-07-04T23:57:00,2017-07-04T23:57:00,1400,1400
http://irail.be/vehicle/IC2045,http://irail.be/stations/NMBS/008812005,IC,2017-07-05T00:02:00,2017-07-05T00:02:00,1449,1541
http://irail.be/vehicle/IC2045,http://irail.be/stations/NMBS/008813045,IC,2017-07-05T00:04:00,2017-07-05T00:04:00,1450,1450
http://irail.be/vehicle/IC2045,http://irail.be/stations/NMBS/008813003,IC,2017-07-05T00:06:00,2017-07-05T00:05:00,1640,1625
http://irail.be/vehicle/IC2045,http://irail.be/stations/NMBS/008813037,IC,2017-07-05T00:07:00,2017-07-05T00:07:00,1645,1645
http://irail.be/vehicle/IC2045,http://irail.be/stations/NMBS/008814001,IC,2017-07-05T00:10:00,2017-07-05T00:10:00,,1645
http://irail.be/vehicle/IC2045,http://irail.be/stations/NMBS/008821006,IC,2017-11-23T23:25:00,2017-11-23T23:25:00,121,
http://irail.be/vehicle/IC2045,http://irail.be/stations/NMBS/008821121,IC,2017-11-23T23:31:00,2017-11-23T23:29:00,84,84
http://irail.be/vehicle/IC2045,http://irail.be/stations/NMBS/008821154,IC,2017-11-23T23:33:00,2017-11-23T23:33:00,57,57
http://irail.be/vehicle/IC2045,http://irail.be/stations/NMBS/008821238,IC,2017-11-23T23:34:00,2017-11-23T23:34:00,32,32
http://irail.be/vehicle/IC2045,http://irail.be/stations/NMBS/008821337,IC,2017-11-23T23:35:00,2017-11-23T23:35:00,24,24
http://irail.be/vehicle/IC2045,http://irail.be/stations/NMBS/008821311,IC,2017-11-23T23:36:00,2017-11-23T23:36:00,21,21
http://irail.be/vehicle/IC2045,http://irail.be/stations/NMBS/008822210,IC,2017-11-23T23:38:00,2017-11-23T23:38:00,27,27
http://irail.be/vehicle/IC2045,http://irail.be/stations/NMBS/008822228,IC,2017-11-23T23:39:00,2017-11-23T23:39:00,73,73
http://irail.be/vehicle/IC2045,http://irail.be/stations/NMBS/008822343,IC,2017-11-23T23:41:00,2017-11-23T23:41:00,39,39
http://irail.be/vehicle/IC2045,http://irail.be/stations/NMBS/008822004,IC,2017-11-23T23:45:00,2017-11-23T23:43:00,20,39
http://irail.be/vehicle/IC2045,http://irail.be/stations/NMBS/008822251,IC,2017-11-23T23:49:00,2017-11-23T23:49:00,14,14
http://irail.be/vehicle/IC2045,http://irail.be/stations/NMBS/008822269,IC,2017-11-23T23:50:00,2017-11-23T23:50:00,14,14
http://irail.be/vehicle/IC2045,http://irail.be/stations/NMBS/008811189,IC,2017-11-23T23:52:00,2017-11-23T23:52:00,22,22
http://irail.be/vehicle/IC2045,http://irail.be/stations/NMBS/008811148,IC,2017-11-23T23:54:00,2017-11-23T23:54:00,10,10
http://irail.be/vehicle/IC2045,http://irail.be/stations/NMBS/008811007,IC,2017-11-23T23:57:00,2017-11-23T23:57:00,-55,-55
http://irail.be/vehicle/IC2045,http://irail.be/stations/NMBS/008812005,IC,2017-11-24T00:02:00,2017-11-24T00:02:00,94,-71
http://irail.be/vehicle/IC2045,http://irail.be/stations/NMBS/008813045,IC,2017-11-24T00:04:00,2017-11-24T00:04:00,95,95
http://irail.be/vehicle/IC2045,http://irail.be/stations/NMBS/008813003,IC,2017-11-24T00:06:00,2017-11-24T00:05:00,161,165
http://irail.be/vehicle/IC2045,http://irail.be/stations/NMBS/008813037,IC,2017-11-24T00:07:00,2017-11-24T00:07:00,161,161
http://irail.be/vehicle/IC2045,http://irail.be/stations/NMBS/008814001,IC,2017-11-24T00:10:00,2017-11-24T00:10:00,,157
http://irail.be/vehicle/IC2045,http://irail.be/stations/NMBS/008821006,IC,2017-08-08T23:25:00,2017-08-08T23:25:00,5,
http://irail.be/vehicle/IC2045,http://irail.be/stations/NMBS/008821121,IC,2017-08-08T23:31:00,2017-08-08T23:29:00,46,46
http://irail.be/vehicle/IC2045,http://irail.be/stations/NMBS/008821154,IC,2017-08-08T23:33:00,2017-08-08T23:33:00,19,19
http://irail.be/vehicle/IC2045,http://irail.be/stations/NMBS/008821238,IC,2017-08-08T23:34:00,2017-08-08T23:34:00,-5,-5
http://irail.be/vehicle/IC2045,http://irail.be/stations/NMBS/008821337,IC,2017-08-08T23:35:00,2017-08-08T23:35:00,-13,-13
http://irail.be/vehicle/IC2045,http://irail.be/stations/NMBS/008821311,IC,2017-08-08T23:36:00,2017-08-08T23:36:00,-14,-14
http://irail.be/vehicle/IC2045,http://irail.be/stations/NMBS/008822210,IC,2017-08-08T23:38:00,2017-08-08T23:38:00,-8,-8
http://irail.be/vehicle/IC2045,http://irail.be/stations/NMBS/008822228,IC,2017-08-08T23:39:00,2017-08-08T23:39:00,50,50
http://irail.be/vehicle/IC2045,http://irail.be/stations/NMBS/008822343,IC,2017-08-08T23:41:00,2017-08-08T23:41:00,20,20
http://irail.be/vehicle/IC2045,http://irail.be/stations/NMBS/008822004,IC,2017-08-08T23:45:00,2017-08-08T23:43:00,22,20
http://irail.be/vehicle/IC2045,http://irail.be/stations/NMBS/008822251,IC,2017-08-08T23:49:00,2017-08-08T23:49:00,-36,-36
http://irail.be/vehicle/IC2045,http://irail.be/stations/NMBS/008822269,IC,2017-08-08T23:50:00,2017-08-08T23:50:00,-36,-36
http://irail.be/vehicle/IC2045,http://irail.be/stations/NMBS/008811189,IC,2017-08-08T23:52:00,2017-08-08T23:52:00,-26,-26
http://irail.be/vehicle/IC2045,http://irail.be/stations/NMBS/008811148,IC,2017-08-08T23:54:00,2017-08-08T23:54:00,-30,-30
http://irail.be/vehicle/IC2045,http://irail.be/stations/NMBS/008811007,IC,2017-08-08T23:57:00,2017-08-08T23:57:00,172,172
http://irail.be/vehicle/IC2045,http://irail.be/stations/NMBS/008812005,IC,2017-08-09T00:02:00,2017-08-09T00:02:00,185,201
http://irail.be/vehicle/IC2045,http://irail.be/stations/NMBS/008813045,IC,2017-08-09T00:04:00,2017-08-09T00:04:00,225,225
http://irail.be/vehicle/IC2045,http://irail.be/stations/NMBS/008813003,IC,2017-08-09T00:06:00,2017-08-09T00:05:00,309,313
http://irail.be/vehicle/IC2045,http://irail.be/stations/NMBS/008813037,IC,2017-08-09T00:07:00,2017-08-09T00:07:00,309,309
http://irail.be/vehicle/IC2045,http://irail.be/stations/NMBS/008814001,IC,2017-08-09T00:10:00,2017-08-09T00:10:00,,302
http://irail.be/vehicle/IC2045,http://irail.be/stations/NMBS/008821006,IC,2017-02-13T23:25:00,2017-02-13T23:25:00,10,
http://irail.be/vehicle/IC2045,http://irail.be/stations/NMBS/008821121,IC,2017-02-13T23:31:00,2017-02-13T23:29:00,34,34
http://irail.be/vehicle/IC2045,http://irail.be/stations/NMBS/008821154,IC,2017-02-13T23:33:00,2017-02-13T23:33:00,10,10
http://irail.be/vehicle/IC2045,http://irail.be/stations/NMBS/008821238,IC,2017-02-13T23:34:00,2017-02-13T23:34:00,-13,-13
http://irail.be/vehicle/IC2045,http://irail.be/stations/NMBS/008821337,IC,2017-02-13T23:35:00,2017-02-13T23:35:00,-21,-21
http://irail.be/vehicle/IC2045,NO-URI,IC,2017-02-13T23:36:00,2017-02-13T23:36:00,-22,-22
http://irail.be/vehicle/IC2045,http://irail.be/stations/NMBS/008822210,IC,2017-02-13T23:38:00,2017-02-13T23:38:00,-15,-15
http://irail.be/vehicle/IC2045,http://irail.be/stations/NMBS/008822228,IC,2017-02-13T23:39:00,2017-02-13T23:39:00,79,79
http://irail.be/vehicle/IC2045,http://irail.be/stations/NMBS/008822343,IC,2017-02-13T23:41:00,2017-02-13T23:41:00,42,42
http://irail.be/vehicle/IC2045,http://irail.be/stations/NMBS/008822004,IC,2017-02-13T23:45:00,2017-02-13T23:43:00,14,42
http://irail.be/vehicle/IC2045,http://irail.be/stations/NMBS/008822251,IC,2017-02-13T23:49:00,2017-02-13T23:49:00,-33,-33
http://irail.be/vehicle/IC2045,http://irail.be/stations/NMBS/008822269,IC,2017-02-13T23:50:00,2017-02-13T23:50:00,-33,-33
http://irail.be/vehicle/IC2045,http://irail.be/stations/NMBS/008811189,IC,2017-02-13T23:52:00,2017-02-13T23:52:00,-56,-56
http://irail.be/vehicle/IC2045,http://irail.be/stations/NMBS/008811148,IC,2017-02-13T23:54:00,2017-02-13T23:54:00,-68,-68
http://irail.be/vehicle/IC2045,http://irail.be/stations/NMBS/008811007,IC,2017-02-13T23:57:00,2017-02-13T23:57:00,9,9
http://irail.be/vehicle/IC2045,http://irail.be/stations/NMBS/008812005,IC,2017-02-14T00:02:00,2017-02-14T00:02:00,103,22
http://irail.be/vehicle/IC2045,http://irail.be/stations/NMBS/008813045,IC,2017-02-14T00:04:00,2017-02-14T00:04:00,106,106
http://irail.be/vehicle/IC2045,http://irail.be/stations/NMBS/008813003,IC,2017-02-14T00:06:00,2017-02-14T00:05:00,208,217
http://irail.be/vehicle/IC2045,http://irail.be/stations/NMBS/008813037,IC,2017-02-14T00:07:00,2017-02-14T00:07:00,206,206
http://irail.be/vehicle/IC2045,http://irail.be/stations/NMBS/008814001,IC,2017-02-14T00:10:00,2017-02-14T00:10:00,,205
http://irail.be/vehicle/IC2045,http://irail.be/stations/NMBS/008821006,IC,2017-03-14T23:25:00,2017-03-14T23:25:00,26,
http://irail.be/vehicle/IC2045,http://irail.be/stations/NMBS/008821121,IC,2017-03-14T23:31:00,2017-03-14T23:29:00,41,41
http://irail.be/vehicle/IC2045,http://irail.be/stations/NMBS/008821154,IC,2017-03-14T23:33:00,2017-03-14T23:33:00,20,20
http://irail.be/vehicle/IC2045,http://irail.be/stations/NMBS/008821238,IC,2017-03-14T23:34:00,2017-03-14T23:34:00,-1,-1
http://irail.be/vehicle/IC2045,http://irail.be/stations/NMBS/008821337,IC,2017-03-14T23:35:00,2017-03-14T23:35:00,-7,-7
http://irail.be/vehicle/IC2045,NO-URI,IC,2017-03-14T23:36:00,2017-03-14T23:36:00,-7,-7
http://irail.be/vehicle/IC2045,http://irail.be/stations/NMBS/008822210,IC,2017-03-14T23:38:00,2017-03-14T23:38:00,0,0
http://irail.be/vehicle/IC2045,http://irail.be/stations/NMBS/008822228,IC,2017-03-14T23:39:00,2017-03-14T23:39:00,57,57
http://irail.be/vehicle/IC2045,http://irail.be/stations/NMBS/008822343,IC,2017-03-14T23:41:00,2017-03-14T23:41:00,19,19
http://irail.be/vehicle/IC2045,http://irail.be/stations/NMBS/008822004,IC,2017-03-14T23:45:00,2017-03-14T23:43:00,41,19
http://irail.be/vehicle/IC2045,http://irail.be/stations/NMBS/008822251,IC,2017-03-14T23:49:00,2017-03-14T23:49:00,7,7
http://irail.be/vehicle/IC2045,http://irail.be/stations/NMBS/008822269,IC,2017-03-14T23:50:00,2017-03-14T23:50:00,7,7
http://irail.be/vehicle/IC2045,http://irail.be/stations/NMBS/008811189,IC,2017-03-14T23:52:00,2017-03-14T23:52:00,-16,-16
http://irail.be/vehicle/IC2045,http://irail.be/stations/NMBS/008811148,IC,2017-03-14T23:54:00,2017-03-14T23:54:00,-27,-27
http://irail.be/vehicle/IC2045,http://irail.be/stations/NMBS/008811007,IC,2017-03-14T23:57:00,2017-03-14T23:57:00,-84,-84
http://irail.be/vehicle/IC2045,http://irail.be/stations/NMBS/008812005,IC,2017-03-15T00:02:00,2017-03-15T00:02:00,15,-69
http://irail.be/vehicle/IC2045,http://irail.be/stations/NMBS/008813045,IC,2017-03-15T00:04:00,2017-03-15T00:04:00,13,13
http://irail.be/vehicle/IC2045,http://irail.be/stations/NMBS/008813003,IC,2017-03-15T00:06:00,2017-03-15T00:05:00,33,39
http://irail.be/vehicle/IC2045,http://irail.be/stations/NMBS/008813037,IC,2017-03-15T00:07:00,2017-03-15T00:07:00,34,34
http://irail.be/vehicle/IC2045,http://irail.be/stations/NMBS/008814001,IC,2017-03-15T00:10:00,2017-03-15T00:10:00,,100
http://irail.be/vehicle/IC2045,NO-URI,IC,2017-12-29T23:11:00,2017-12-29T23:11:00,-55,
http://irail.be/vehicle/IC2045,http://irail.be/stations/NMBS/008821089,IC,2017-12-29T23:17:00,2017-12-29T23:14:00,-18,-18
http://irail.be/vehicle/IC2045,http://irail.be/stations/NMBS/008821063,IC,2017-12-29T23:19:00,2017-12-29T23:19:00,15,15
http://irail.be/vehicle/IC2045,http://irail.be/stations/NMBS/008821006,IC,2017-12-29T23:26:00,2017-12-29T23:23:00,108,-24
http://irail.be/vehicle/IC2045,http://irail.be/stations/NMBS/008821121,IC,2017-12-29T23:31:00,2017-12-29T23:30:00,47,47
http://irail.be/vehicle/IC2045,http://irail.be/stations/NMBS/008821154,IC,2017-12-29T23:33:00,2017-12-29T23:33:00,56,56
http://irail.be/vehicle/IC2045,http://irail.be/stations/NMBS/008821238,IC,2017-12-29T23:34:00,2017-12-29T23:34:00,43,43
http://irail.be/vehicle/IC2045,http://irail.be/stations/NMBS/008821337,IC,2017-12-29T23:35:00,2017-12-29T23:35:00,25,25
http://irail.be/vehicle/IC2045,http://irail.be/stations/NMBS/008821311,IC,2017-12-29T23:36:00,2017-12-29T23:36:00,19,19
http://irail.be/vehicle/IC2045,http://irail.be/stations/NMBS/008822210,IC,2017-12-29T23:38:00,2017-12-29T23:38:00,13,13
http://irail.be/vehicle/IC2045,http://irail.be/stations/NMBS/008822228,IC,2017-12-29T23:39:00,2017-12-29T23:39:00,31,31
http://irail.be/vehicle/IC2045,http://irail.be/stations/NMBS/008822343,IC,2017-12-29T23:41:00,2017-12-29T23:41:00,27,27
http://irail.be/vehicle/IC2045,http://irail.be/stations/NMBS/008822004,IC,2017-12-29T23:44:00,2017-12-29T23:42:00,31,27
http://irail.be/vehicle/IC2045,http://irail.be/stations/NMBS/008822251,IC,2017-12-29T23:49:00,2017-12-29T23:49:00,-50,-50
http://irail.be/vehicle/IC2045,http://irail.be/stations/NMBS/008822269,IC,2017-12-29T23:50:00,2017-12-29T23:50:00,-50,-50
http://irail.be/vehicle/IC2045,http://irail.be/stations/NMBS/008811189,IC,2017-12-29T23:52:00,2017-12-29T23:52:00,-41,-41
http://irail.be/vehicle/IC2045,http://irail.be/stations/NMBS/008811148,IC,2017-12-29T23:54:00,2017-12-29T23:54:00,-56,-56
http://irail.be/vehicle/IC2045,http://irail.be/stations/NMBS/008811007,IC,2017-12-29T23:57:00,2017-12-29T23:57:00,-120,-120
http://irail.be/vehicle/IC2045,http://irail.be/stations/NMBS/008812005,IC,2017-12-30T00:02:00,2017-12-29T23:59:00,-2,-96
http://irail.be/vehicle/IC2045,http://irail.be/stations/NMBS/008813045,IC,2017-12-30T00:04:00,2017-12-30T00:04:00,3,3
http://irail.be/vehicle/IC2045,http://irail.be/stations/NMBS/008813003,IC,2017-12-30T00:06:00,2017-12-30T00:05:00,56,30
http://irail.be/vehicle/IC2045,http://irail.be/stations/NMBS/008813037,IC,2017-12-30T00:08:00,2017-12-30T00:08:00,4,4
http://irail.be/vehicle/IC2045,http://irail.be/stations/NMBS/008814001,IC,2017-12-30T00:10:00,2017-12-30T00:10:00,,46
http://irail.be/vehicle/IC2045,http://irail.be/stations/NMBS/008821006,IC,2017-09-20T23:25:00,2017-09-20T23:25:00,15,
http://irail.be/vehicle/IC2045,http://irail.be/stations/NMBS/008821121,IC,2017-09-20T23:31:00,2017-09-20T23:29:00,35,35
http://irail.be/vehicle/IC2045,http://irail.be/stations/NMBS/008821154,IC,2017-09-20T23:33:00,2017-09-20T23:33:00,7,7
http://irail.be/vehicle/IC2045,http://irail.be/stations/NMBS/008821238,IC,2017-09-20T23:34:00,2017-09-20T23:34:00,-17,-17
http://irail.be/vehicle/IC2045,http://irail.be/stations/NMBS/008821337,IC,2017-09-20T23:35:00,2017-09-20T23:35:00,-27,-27
http://irail.be/vehicle/IC2045,http://irail.be/stations/NMBS/008821311,IC,2017-09-20T23:36:00,2017-09-20T23:36:00,-29,-29
http://irail.be/vehicle/IC2045,http://irail.be/stations/NMBS/008822210,IC,2017-09-20T23:38:00,2017-09-20T23:38:00,-24,-24
http://irail.be/vehicle/IC2045,http://irail.be/stations/NMBS/008822228,IC,2017-09-20T23:39:00,2017-09-20T23:39:00,18,18
http://irail.be/vehicle/IC2045,http://irail.be/stations/NMBS/008822343,IC,2017-09-20T23:41:00,2017-09-20T23:41:00,-33,-33
http://irail.be/vehicle/IC2045,http://irail.be/stations/NMBS/008822004,IC,2017-09-20T23:45:00,2017-09-20T23:43:00,-11,-33
http://irail.be/vehicle/IC2045,http://irail.be/stations/NMBS/008822251,IC,2017-09-20T23:49:00,2017-09-20T23:49:00,-78,-78
http://irail.be/vehicle/IC2045,http://irail.be/stations/NMBS/008822269,IC,2017-09-20T23:50:00,2017-09-20T23:50:00,-78,-78
http://irail.be/vehicle/IC2045,http://irail.be/stations/NMBS/008811189,IC,2017-09-20T23:52:00,2017-09-20T23:52:00,-87,-87
http://irail.be/vehicle/IC2045,http://irail.be/stations/NMBS/008811148,IC,2017-09-20T23:54:00,2017-09-20T23:54:00,-95,-95
http://irail.be/vehicle/IC2045,http://irail.be/stations/NMBS/008811007,IC,2017-09-20T23:57:00,2017-09-20T23:57:00,-32,-32
http://irail.be/vehicle/IC2045,http://irail.be/stations/NMBS/008812005,IC,2017-09-21T00:02:00,2017-09-21T00:02:00,38,79
http://irail.be/vehicle/IC2045,http://irail.be/stations/NMBS/008813045,IC,2017-09-21T00:04:00,2017-09-21T00:04:00,61,61
http://irail.be/vehicle/IC2045,http://irail.be/stations/NMBS/008813003,IC,2017-09-21T00:06:00,2017-09-21T00:05:00,134,148
http://irail.be/vehicle/IC2045,http://irail.be/stations/NMBS/008813037,IC,2017-09-21T00:07:00,2017-09-21T00:07:00,134,134
http://irail.be/vehicle/IC2045,http://irail.be/stations/NMBS/008814001,IC,2017-09-21T00:10:00,2017-09-21T00:10:00,,130
http://irail.be/vehicle/IC2045,http://irail.be/stations/NMBS/008821006,IC,2017-01-25T23:25:00,2017-01-25T23:25:00,29,
http://irail.be/vehicle/IC2045,http://irail.be/stations/NMBS/008821121,IC,2017-01-25T23:31:00,2017-01-25T23:29:00,93,93
http://irail.be/vehicle/IC2045,http://irail.be/stations/NMBS/008821154,IC,2017-01-25T23:33:00,2017-01-25T23:33:00,119,119
http://irail.be/vehicle/IC2045,http://irail.be/stations/NMBS/008821238,IC,2017-01-25T23:34:00,2017-01-25T23:34:00,104,104
http://irail.be/vehicle/IC2045,http://irail.be/stations/NMBS/008821337,IC,2017-01-25T23:35:00,2017-01-25T23:35:00,98,98
http://irail.be/vehicle/IC2045,NO-URI,IC,2017-01-25T23:36:00,2017-01-25T23:36:00,95,95
http://irail.be/vehicle/IC2045,http://irail.be/stations/NMBS/008822210,IC,2017-01-25T23:38:00,2017-01-25T23:38:00,100,100
http://irail.be/vehicle/IC2045,http://irail.be/stations/NMBS/008822228,IC,2017-01-25T23:39:00,2017-01-25T23:39:00,142,142
http://irail.be/vehicle/IC2045,http://irail.be/stations/NMBS/008822343,IC,2017-01-25T23:41:00,2017-01-25T23:41:00,104,104
http://irail.be/vehicle/IC2045,http://irail.be/stations/NMBS/008822004,IC,2017-01-25T23:45:00,2017-01-25T23:43:00,28,104
http://irail.be/vehicle/IC2045,http://irail.be/stations/NMBS/008822251,IC,2017-01-25T23:49:00,2017-01-25T23:49:00,-21,-21
http://irail.be/vehicle/IC2045,http://irail.be/stations/NMBS/008822269,IC,2017-01-25T23:50:00,2017-01-25T23:50:00,-21,-21
http://irail.be/vehicle/IC2045,http://irail.be/stations/NMBS/008811189,IC,2017-01-25T23:52:00,2017-01-25T23:52:00,-47,-47
http://irail.be/vehicle/IC2045,http://irail.be/stations/NMBS/008811148,IC,2017-01-25T23:54:00,2017-01-25T23:54:00,-58,-58
http://irail.be/vehicle/IC2045,http://irail.be/stations/NMBS/008811007,IC,2017-01-25T23:57:00,2017-01-25T23:57:00,95,95
http://irail.be/vehicle/IC2045,http://irail.be/stations/NMBS/008812005,IC,2017-01-26T00:02:00,2017-01-26T00:00:30,116,116
http://irail.be/vehicle/IC2045,http://irail.be/stations/NMBS/008813045,IC,2017-01-26T00:04:00,2017-01-26T00:04:00,150,163
http://irail.be/vehicle/IC2045,http://irail.be/stations/NMBS/008813003,IC,2017-01-26T00:06:00,2017-01-26T00:05:00,148,148
http://irail.be/vehicle/IC2045,http://irail.be/stations/NMBS/008813037,IC,2017-01-26T00:07:00,2017-01-26T00:07:00,148,148
http://irail.be/vehicle/IC2045,http://irail.be/stations/NMBS/008814001,IC,2017-01-26T00:10:00,2017-01-26T00:10:00,,152
http://irail.be/vehicle/IC2045,http://irail.be/stations/NMBS/008821006,IC,2017-12-07T23:25:00,2017-12-07T23:25:00,9,
http://irail.be/vehicle/IC2045,http://irail.be/stations/NMBS/008821121,IC,2017-12-07T23:31:00,2017-12-07T23:29:00,34,34
http://irail.be/vehicle/IC2045,http://irail.be/stations/NMBS/008821154,IC,2017-12-07T23:33:00,2017-12-07T23:33:00,8,8
http://irail.be/vehicle/IC2045,http://irail.be/stations/NMBS/008821238,IC,2017-12-07T23:34:00,2017-12-07T23:34:00,-18,-18
http://irail.be/vehicle/IC2045,http://irail.be/stations/NMBS/008821337,IC,2017-12-07T23:35:00,2017-12-07T23:35:00,-25,-25
http://irail.be/vehicle/IC2045,http://irail.be/stations/NMBS/008821311,IC,2017-12-07T23:36:00,2017-12-07T23:36:00,-27,-27
http://irail.be/vehicle/IC2045,http://irail.be/stations/NMBS/008822210,IC,2017-12-07T23:38:00,2017-12-07T23:38:00,-21,-21
http://irail.be/vehicle/IC2045,http://irail.be/stations/NMBS/008822228,IC,2017-12-07T23:39:00,2017-12-07T23:39:00,27,27
http://irail.be/vehicle/IC2045,http://irail.be/stations/NMBS/008822343,IC,2017-12-07T23:41:00,2017-12-07T23:41:00,-10,-10
http://irail.be/vehicle/IC2045,http://irail.be/stations/NMBS/008822004,IC,2017-12-07T23:45:00,2017-12-07T23:43:00,42,-10
http://irail.be/vehicle/IC2045,http://irail.be/stations/NMBS/008822251,IC,2017-12-07T23:49:00,2017-12-07T23:49:00,3,3
http://irail.be/vehicle/IC2045,http://irail.be/stations/NMBS/008822269,IC,2017-12-07T23:50:00,2017-12-07T23:50:00,3,3
http://irail.be/vehicle/IC2045,http://irail.be/stations/NMBS/008811189,IC,2017-12-07T23:52:00,2017-12-07T23:52:00,7,7
http://irail.be/vehicle/IC2045,http://irail.be/stations/NMBS/008811148,IC,2017-12-07T23:54:00,2017-12-07T23:54:00,-4,-4
http://irail.be/vehicle/IC2045,http://irail.be/stations/NMBS/008811007,IC,2017-12-07T23:57:00,2017-12-07T23:57:00,-61,-61
http://irail.be/vehicle/IC2045,http://irail.be/stations/NMBS/008812005,IC,2017-12-08T00:02:00,2017-12-08T00:02:00,63,-72
http://irail.be/vehicle/IC2045,http://irail.be/stations/NMBS/008813045,IC,2017-12-08T00:04:00,2017-12-08T00:04:00,66,66
http://irail.be/vehicle/IC2045,http://irail.be/stations/NMBS/008813003,IC,2017-12-08T00:06:00,2017-12-08T00:05:00,179,187
http://irail.be/vehicle/IC2045,http://irail.be/stations/NMBS/008813037,IC,2017-12-08T00:07:00,2017-12-08T00:07:00,179,179
http://irail.be/vehicle/IC2045,http://irail.be/stations/NMBS/008814001,IC,2017-12-08T00:10:00,2017-12-08T00:10:00,,176
http://irail.be/vehicle/IC2045,http://irail.be/stations/NMBS/008821006,IC,2017-07-03T23:25:00,2017-07-03T23:25:00,-7,
http://irail.be/vehicle/IC2045,http://irail.be/stations/NMBS/008821121,IC,2017-07-03T23:31:00,2017-07-03T23:29:00,19,19
http://irail.be/vehicle/IC2045,http://irail.be/stations/NMBS/008821154,IC,2017-07-03T23:33:00,2017-07-03T23:33:00,-5,-5
http://irail.be/vehicle/IC2045,http://irail.be/stations/NMBS/008821238,IC,2017-07-03T23:34:00,2017-07-03T23:34:00,-29,-29
http://irail.be/vehicle/IC2045,http://irail.be/stations/NMBS/008821337,IC,2017-07-03T23:35:00,2017-07-03T23:35:00,-38,-38
http://irail.be/vehicle/IC2045,http://irail.be/stations/NMBS/008821311,IC,2017-07-03T23:36:00,2017-07-03T23:36:00,-37,-37
http://irail.be/vehicle/IC2045,http://irail.be/stations/NMBS/008822210,IC,2017-07-03T23:38:00,2017-07-03T23:38:00,-31,-31
http://irail.be/vehicle/IC2045,http://irail.be/stations/NMBS/008822228,IC,2017-07-03T23:39:00,2017-07-03T23:39:00,42,42
http://irail.be/vehicle/IC2045,http://irail.be/stations/NMBS/008822343,IC,2017-07-03T23:41:00,2017-07-03T23:41:00,5,5
http://irail.be/vehicle/IC2045,http://irail.be/stations/NMBS/008822004,IC,2017-07-03T23:45:00,2017-07-03T23:43:00,0,5
http://irail.be/vehicle/IC2045,http://irail.be/stations/NMBS/008822251,IC,2017-07-03T23:49:00,2017-07-03T23:49:00,-64,-64
http://irail.be/vehicle/IC2045,http://irail.be/stations/NMBS/008822269,IC,2017-07-03T23:50:00,2017-07-03T23:50:00,-64,-64
http://irail.be/vehicle/IC2045,http://irail.be/stations/NMBS/008811189,IC,2017-07-03T23:52:00,2017-07-03T23:52:00,-56,-56
http://irail.be/vehicle/IC2045,http://irail.be/stations/NMBS/008811148,IC,2017-07-03T23:54:00,2017-07-03T23:54:00,-65,-65
http://irail.be/vehicle/IC2045,http://irail.be/stations/NMBS/008811007,IC,2017-07-03T23:57:00,2017-07-03T23:57:00,-40,-40
http://irail.be/vehicle/IC2045,http://irail.be/stations/NMBS/008812005,IC,2017-07-04T00:02:00,2017-07-04T00:02:00,10,-36
http://irail.be/vehicle/IC2045,http://irail.be/stations/NMBS/008813045,IC,2017-07-04T00:04:00,2017-07-04T00:04:00,5,5
http://irail.be/vehicle/IC2045,http://irail.be/stations/NMBS/008813003,IC,2017-07-04T00:06:00,2017-07-04T00:05:00,3,26
http://irail.be/vehicle/IC2045,http://irail.be/stations/NMBS/008813037,IC,2017-07-04T00:07:00,2017-07-04T00:07:00,10,10
http://irail.be/vehicle/IC2045,http://irail.be/stations/NMBS/008814001,IC,2017-07-04T00:10:00,2017-07-04T00:10:00,,8
http://irail.be/vehicle/IC2045,http://irail.be/stations/NMBS/008821006,IC,2017-08-24T23:25:00,2017-08-24T23:25:00,21,
http://irail.be/vehicle/IC2045,http://irail.be/stations/NMBS/008821121,IC,2017-08-24T23:31:00,2017-08-24T23:29:00,23,23
http://irail.be/vehicle/IC2045,http://irail.be/stations/NMBS/008821154,IC,2017-08-24T23:33:00,2017-08-24T23:33:00,-1,-1
http://irail.be/vehicle/IC2045,http://irail.be/stations/NMBS/008821238,IC,2017-08-24T23:34:00,2017-08-24T23:34:00,54,-6
http://irail.be/vehicle/IC2045,http://irail.be/stations/NMBS/008821337,IC,2017-08-24T23:35:00,2017-08-24T23:35:00,-30,-30
http://irail.be/vehicle/IC2045,http://irail.be/stations/NMBS/008821311,IC,2017-08-24T23:36:00,2017-08-24T23:36:00,-34,-34
http://irail.be/vehicle/IC2045,http://irail.be/stations/NMBS/008822210,IC,2017-08-24T23:38:00,2017-08-24T23:38:00,-29,-29
http://irail.be/vehicle/IC2045,http://irail.be/stations/NMBS/008822228,IC,2017-08-24T23:39:00,2017-08-24T23:39:00,18,18
http://irail.be/vehicle/IC2045,http://irail.be/stations/NMBS/008822343,IC,2017-08-24T23:41:00,2017-08-24T23:41:00,-31,-31
http://irail.be/vehicle/IC2045,http://irail.be/stations/NMBS/008822004,IC,2017-08-24T23:45:00,2017-08-24T23:43:00,10,-31
http://irail.be/vehicle/IC2045,http://irail.be/stations/NMBS/008822251,IC,2017-08-24T23:49:00,2017-08-24T23:49:00,-52,-52
http://irail.be/vehicle/IC2045,http://irail.be/stations/NMBS/008822269,IC,2017-08-24T23:50:00,2017-08-24T23:50:00,-52,-52
http://irail.be/vehicle/IC2045,http://irail.be/stations/NMBS/008811189,IC,2017-08-24T23:52:00,2017-08-24T23:52:00,103,48
http://irail.be/vehicle/IC2045,NO-URI,IC,2017-08-24T23:54:00,2017-08-24T23:54:00,102,102
http://irail.be/vehicle/IC2045,NO-URI,IC,2017-08-24T23:54:00,2017-08-24T23:54:00,594,594
http://irail.be/vehicle/IC2045,http://irail.be/stations/NMBS/008811007,IC,2017-08-24T23:57:00,2017-08-24T23:57:00,663,663
http://irail.be/vehicle/IC2045,http://irail.be/stations/NMBS/008812005,IC,2017-08-25T00:02:00,2017-08-25T00:02:00,644,707
http://irail.be/vehicle/IC2045,http://irail.be/stations/NMBS/008813045,IC,2017-08-25T00:04:00,2017-08-25T00:04:00,642,642
http://irail.be/vehicle/IC2045,http://irail.be/stations/NMBS/008813003,IC,2017-08-25T00:06:00,2017-08-25T00:05:00,686,668
http://irail.be/vehicle/IC2045,http://irail.be/stations/NMBS/008813037,IC,2017-08-25T00:07:00,2017-08-25T00:07:00,684,684
http://irail.be/vehicle/IC2045,http://irail.be/stations/NMBS/008814001,IC,2017-08-25T00:10:00,2017-08-25T00:10:00,,680
http://irail.be/vehicle/IC2045,http://irail.be/stations/NMBS/008821006,IC,2017-04-27T23:25:00,2017-04-27T23:25:00,34,
http://irail.be/vehicle/IC2045,http://irail.be/stations/NMBS/008821121,IC,2017-04-27T23:31:00,2017-04-27T23:29:00,39,39
http://irail.be/vehicle/IC2045,http://irail.be/stations/NMBS/008821154,IC,2017-04-27T23:33:00,2017-04-27T23:33:00,21,21
http://irail.be/vehicle/IC2045,http://irail.be/stations/NMBS/008821238,IC,2017-04-27T23:34:00,2017-04-27T23:34:00,7,7
http://irail.be/vehicle/IC2045,http://irail.be/stations/NMBS/008821337,IC,2017-04-27T23:35:00,2017-04-27T23:35:00,7,7
http://irail.be/vehicle/IC2045,NO-URI,IC,2017-04-27T23:36:00,2017-04-27T23:36:00,7,7
http://irail.be/vehicle/IC2045,http://irail.be/stations/NMBS/008822210,IC,2017-04-27T23:38:00,2017-04-27T23:38:00,13,13
http://irail.be/vehicle/IC2045,http://irail.be/stations/NMBS/008822228,IC,2017-04-27T23:39:00,2017-04-27T23:39:00,70,70
http://irail.be/vehicle/IC2045,http://irail.be/stations/NMBS/008822343,IC,2017-04-27T23:41:00,2017-04-27T23:41:00,76,76
http://irail.be/vehicle/IC2045,http://irail.be/stations/NMBS/008822004,IC,2017-04-27T23:45:00,2017-04-27T23:43:00,19,76
http://irail.be/vehicle/IC2045,http://irail.be/stations/NMBS/008822251,IC,2017-04-27T23:49:00,2017-04-27T23:49:00,-35,-35
http://irail.be/vehicle/IC2045,http://irail.be/stations/NMBS/008822269,IC,2017-04-27T23:50:00,2017-04-27T23:50:00,-35,-35
http://irail.be/vehicle/IC2045,http://irail.be/stations/NMBS/008811189,IC,2017-04-27T23:52:00,2017-04-27T23:52:00,-37,-37
http://irail.be/vehicle/IC2045,http://irail.be/stations/NMBS/008811148,IC,2017-04-27T23:54:00,2017-04-27T23:54:00,-46,-46
http://irail.be/vehicle/IC2045,http://irail.be/stations/NMBS/008811007,IC,2017-04-27T23:57:00,2017-04-27T23:57:00,-10,-10
http://irail.be/vehicle/IC2045,http://irail.be/stations/NMBS/008812005,IC,2017-04-28T00:02:00,2017-04-28T00:02:00,78,93
http://irail.be/vehicle/IC2045,http://irail.be/stations/NMBS/008813045,IC,2017-04-28T00:04:00,2017-04-28T00:04:00,92,92
http://irail.be/vehicle/IC2045,http://irail.be/stations/NMBS/008813003,IC,2017-04-28T00:06:00,2017-04-28T00:05:00,221,210
http://irail.be/vehicle/IC2045,http://irail.be/stations/NMBS/008813037,IC,2017-04-28T00:07:00,2017-04-28T00:07:00,222,222
http://irail.be/vehicle/IC2045,http://irail.be/stations/NMBS/008814001,IC,2017-04-28T00:10:00,2017-04-28T00:10:00,,180
http://irail.be/vehicle/IC2045,http://irail.be/stations/NMBS/008821006,IC,2017-04-25T23:25:00,2017-04-25T23:25:00,23,
http://irail.be/vehicle/IC2045,http://irail.be/stations/NMBS/008821121,IC,2017-04-25T23:31:00,2017-04-25T23:29:00,28,28
http://irail.be/vehicle/IC2045,http://irail.be/stations/NMBS/008821154,IC,2017-04-25T23:33:00,2017-04-25T23:33:00,7,7
http://irail.be/vehicle/IC2045,http://irail.be/stations/NMBS/008821238,IC,2017-04-25T23:34:00,2017-04-25T23:34:00,-15,-15
http://irail.be/vehicle/IC2045,http://irail.be/stations/NMBS/008821337,IC,2017-04-25T23:35:00,2017-04-25T23:35:00,-21,-21
http://irail.be/vehicle/IC2045,NO-URI,IC,2017-04-25T23:36:00,2017-04-25T23:36:00,-22,-22
http://irail.be/vehicle/IC2045,http://irail.be/stations/NMBS/008822210,IC,2017-04-25T23:38:00,2017-04-25T23:38:00,-16,-16
http://irail.be/vehicle/IC2045,http://irail.be/stations/NMBS/008822228,IC,2017-04-25T23:39:00,2017-04-25T23:39:00,32,32
http://irail.be/vehicle/IC2045,http://irail.be/stations/NMBS/008822343,IC,2017-04-25T23:41:00,2017-04-25T23:41:00,-18,-18
http://irail.be/vehicle/IC2045,http://irail.be/stations/NMBS/008822004,IC,2017-04-25T23:45:00,2017-04-25T23:43:00,55,-18
http://irail.be/vehicle/IC2045,http://irail.be/stations/NMBS/008822251,IC,2017-04-25T23:49:00,2017-04-25T23:49:00,1,1
http://irail.be/vehicle/IC2045,http://irail.be/stations/NMBS/008822269,IC,2017-04-25T23:50:00,2017-04-25T23:50:00,1,1
http://irail.be/vehicle/IC2045,http://irail.be/stations/NMBS/008811189,IC,2017-04-25T23:52:00,2017-04-25T23:52:00,-6,-6
http://irail.be/vehicle/IC2045,http://irail.be/stations/NMBS/008811148,IC,2017-04-25T23:54:00,2017-04-25T23:54:00,-18,-18
http://irail.be/vehicle/IC2045,http://irail.be/stations/NMBS/008811007,IC,2017-04-25T23:57:00,2017-04-25T23:57:00,12,12
http://irail.be/vehicle/IC2045,http://irail.be/stations/NMBS/008812005,IC,2017-04-26T00:02:00,2017-04-26T00:02:00,191,187
http://irail.be/vehicle/IC2045,http://irail.be/stations/NMBS/008813045,IC,2017-04-26T00:04:00,2017-04-26T00:04:00,198,198
http://irail.be/vehicle/IC2045,http://irail.be/stations/NMBS/008813003,IC,2017-04-26T00:06:00,2017-04-26T00:05:00,323,311
http://irail.be/vehicle/IC2045,http://irail.be/stations/NMBS/008813037,IC,2017-04-26T00:07:00,2017-04-26T00:07:00,322,322
http://irail.be/vehicle/IC2045,http://irail.be/stations/NMBS/008814001,IC,2017-04-26T00:10:00,2017-04-26T00:10:00,,323
http://irail.be/vehicle/IC2045,http://irail.be/stations/NMBS/008821006,IC,2017-11-08T23:25:00,2017-11-08T23:25:00,107,
http://irail.be/vehicle/IC2045,http://irail.be/stations/NMBS/008821121,IC,2017-11-08T23:31:00,2017-11-08T23:29:00,25,25
http://irail.be/vehicle/IC2045,http://irail.be/stations/NMBS/008821154,IC,2017-11-08T23:33:00,2017-11-08T23:33:00,0,0
http://irail.be/vehicle/IC2045,http://irail.be/stations/NMBS/008821238,IC,2017-11-08T23:34:00,2017-11-08T23:34:00,-23,-23
http://irail.be/vehicle/IC2045,http://irail.be/stations/NMBS/008821337,IC,2017-11-08T23:35:00,2017-11-08T23:35:00,-29,-29
http://irail.be/vehicle/IC2045,http://irail.be/stations/NMBS/008821311,IC,2017-11-08T23:36:00,2017-11-08T23:36:00,-31,-31
http://irail.be/vehicle/IC2045,http://irail.be/stations/NMBS/008822210,IC,2017-11-08T23:38:00,2017-11-08T23:38:00,-25,-25
http://irail.be/vehicle/IC2045,http://irail.be/stations/NMBS/008822228,IC,2017-11-08T23:39:00,2017-11-08T23:39:00,22,22
http://irail.be/vehicle/IC2045,http://irail.be/stations/NMBS/008822343,IC,2017-11-08T23:41:00,2017-11-08T23:41:00,-20,-20
http://irail.be/vehicle/IC2045,http://irail.be/stations/NMBS/008822004,IC,2017-11-08T23:45:00,2017-11-08T23:43:00,52,-20
http://irail.be/vehicle/IC2045,http://irail.be/stations/NMBS/008822251,IC,2017-11-08T23:49:00,2017-11-08T23:49:00,69,69
http://irail.be/vehicle/IC2045,http://irail.be/stations/NMBS/008822269,IC,2017-11-08T23:50:00,2017-11-08T23:50:00,69,69
http://irail.be/vehicle/IC2045,http://irail.be/stations/NMBS/008811189,IC,2017-11-08T23:52:00,2017-11-08T23:52:00,82,82
http://irail.be/vehicle/IC2045,http://irail.be/stations/NMBS/008811148,IC,2017-11-08T23:54:00,2017-11-08T23:54:00,68,68
http://irail.be/vehicle/IC2045,http://irail.be/stations/NMBS/008811007,IC,2017-11-08T23:57:00,2017-11-08T23:57:00,2,2
http://irail.be/vehicle/IC2045,http://irail.be/stations/NMBS/008812005,IC,2017-11-09T00:02:00,2017-11-09T00:02:00,87,9
http://irail.be/vehicle/IC2045,http://irail.be/stations/NMBS/008813045,IC,2017-11-09T00:04:00,2017-11-09T00:04:00,90,90
http://irail.be/vehicle/IC2045,http://irail.be/stations/NMBS/008813003,IC,2017-11-09T00:06:00,2017-11-09T00:05:00,199,183
http://irail.be/vehicle/IC2045,http://irail.be/stations/NMBS/008813037,IC,2017-11-09T00:07:00,2017-11-09T00:07:00,199,199
http://irail.be/vehicle/IC2045,http://irail.be/stations/NMBS/008814001,IC,2017-11-09T00:10:00,2017-11-09T00:10:00,,202
http://irail.be/vehicle/IC2045,http://irail.be/stations/NMBS/008821006,IC,2017-01-10T23:25:00,2017-01-10T23:25:00,15,
http://irail.be/vehicle/IC2045,http://irail.be/stations/NMBS/008821121,IC,2017-01-10T23:31:00,2017-01-10T23:29:00,15,15
http://irail.be/vehicle/IC2045,http://irail.be/stations/NMBS/008821154,IC,2017-01-10T23:33:00,2017-01-10T23:33:00,-11,-11
http://irail.be/vehicle/IC2045,http://irail.be/stations/NMBS/008821238,IC,2017-01-10T23:34:00,2017-01-10T23:34:00,-36,-36
http://irail.be/vehicle/IC2045,http://irail.be/stations/NMBS/008821337,IC,2017-01-10T23:35:00,2017-01-10T23:35:00,-41,-41
http://irail.be/vehicle/IC2045,NO-URI,IC,2017-01-10T23:36:00,2017-01-10T23:36:00,-40,-40
http://irail.be/vehicle/IC2045,http://irail.be/stations/NMBS/008822210,IC,2017-01-10T23:38:00,2017-01-10T23:38:00,-32,-32
http://irail.be/vehicle/IC2045,http://irail.be/stations/NMBS/008822228,IC,2017-01-10T23:39:00,2017-01-10T23:39:00,27,27
http://irail.be/vehicle/IC2045,http://irail.be/stations/NMBS/008822343,IC,2017-01-10T23:41:00,2017-01-10T23:41:00,11,11
http://irail.be/vehicle/IC2045,http://irail.be/stations/NMBS/008822004,IC,2017-01-10T23:45:00,2017-01-10T23:43:00,81,11
http://irail.be/vehicle/IC2045,http://irail.be/stations/NMBS/008822251,IC,2017-01-10T23:49:00,2017-01-10T23:49:00,15,15
http://irail.be/vehicle/IC2045,http://irail.be/stations/NMBS/008822269,IC,2017-01-10T23:50:00,2017-01-10T23:50:00,15,15
http://irail.be/vehicle/IC2045,http://irail.be/stations/NMBS/008811189,IC,2017-01-10T23:52:00,2017-01-10T23:52:00,12,12
http://irail.be/vehicle/IC2045,http://irail.be/stations/NMBS/008811148,IC,2017-01-10T23:54:00,2017-01-10T23:54:00,3,3
http://irail.be/vehicle/IC2045,http://irail.be/stations/NMBS/008811007,IC,2017-01-10T23:57:00,2017-01-10T23:57:00,209,209
http://irail.be/vehicle/IC2045,http://irail.be/stations/NMBS/008812005,IC,2017-01-11T00:02:00,2017-01-11T00:02:00,197,259
http://irail.be/vehicle/IC2045,http://irail.be/stations/NMBS/008813045,IC,2017-01-11T00:04:00,2017-01-11T00:04:00,217,217
http://irail.be/vehicle/IC2045,http://irail.be/stations/NMBS/008813003,IC,2017-01-11T00:06:00,2017-01-11T00:05:00,291,295
http://irail.be/vehicle/IC2045,http://irail.be/stations/NMBS/008813037,IC,2017-01-11T00:07:00,2017-01-11T00:07:00,294,294
http://irail.be/vehicle/IC2045,http://irail.be/stations/NMBS/008814001,IC,2017-01-11T00:10:00,2017-01-11T00:10:00,,316
http://irail.be/vehicle/IC2045,http://irail.be/stations/NMBS/008821006,IC,2017-10-18T23:25:00,2017-10-18T23:25:00,14,
http://irail.be/vehicle/IC2045,http://irail.be/stations/NMBS/008821121,IC,2017-10-18T23:31:00,2017-10-18T23:29:00,46,46
http://irail.be/vehicle/IC2045,http://irail.be/stations/NMBS/008821154,IC,2017-10-18T23:33:00,2017-10-18T23:33:00,23,23
http://irail.be/vehicle/IC2045,http://irail.be/stations/NMBS/008821238,IC,2017-10-18T23:34:00,2017-10-18T23:34:00,0,0
http://irail.be/vehicle/IC2045,http://irail.be/stations/NMBS/008821337,IC,2017-10-18T23:35:00,2017-10-18T23:35:00,-12,-12
http://irail.be/vehicle/IC2045,http://irail.be/stations/NMBS/008821311,IC,2017-10-18T23:36:00,2017-10-18T23:36:00,-17,-17
http://irail.be/vehicle/IC2045,http://irail.be/stations/NMBS/008822210,IC,2017-10-18T23:38:00,2017-10-18T23:38:00,-12,-12
http://irail.be/vehicle/IC2045,http://irail.be/stations/NMBS/008822228,IC,2017-10-18T23:39:00,2017-10-18T23:39:00,23,23
http://irail.be/vehicle/IC2045,http://irail.be/stations/NMBS/008822343,IC,2017-10-18T23:41:00,2017-10-18T23:41:00,7,7
http://irail.be/vehicle/IC2045,http://irail.be/stations/NMBS/008822004,IC,2017-10-18T23:45:00,2017-10-18T23:43:00,21,7
http://irail.be/vehicle/IC2045,http://irail.be/stations/NMBS/008822251,IC,2017-10-18T23:49:00,2017-10-18T23:49:00,82,82
http://irail.be/vehicle/IC2045,http://irail.be/stations/NMBS/008822269,IC,2017-10-18T23:50:00,2017-10-18T23:50:00,82,82
http://irail.be/vehicle/IC2045,http://irail.be/stations/NMBS/008811189,IC,2017-10-18T23:52:00,2017-10-18T23:52:00,88,88
http://irail.be/vehicle/IC2045,http://irail.be/stations/NMBS/008811148,IC,2017-10-18T23:54:00,2017-10-18T23:54:00,76,76
http://irail.be/vehicle/IC2045,http://irail.be/stations/NMBS/008811007,IC,2017-10-18T23:57:00,2017-10-18T23:57:00,22,22
http://irail.be/vehicle/IC2045,http://irail.be/stations/NMBS/008812005,IC,2017-10-19T00:02:00,2017-10-19T00:02:00,-5,23
http://irail.be/vehicle/IC2045,http://irail.be/stations/NMBS/008813045,IC,2017-10-19T00:04:00,2017-10-19T00:04:00,-11,-11
http://irail.be/vehicle/IC2045,http://irail.be/stations/NMBS/008813003,IC,2017-10-19T00:06:00,2017-10-19T00:05:00,2,11
http://irail.be/vehicle/IC2045,http://irail.be/stations/NMBS/008813037,IC,2017-10-19T00:07:00,2017-10-19T00:07:00,0,0
http://irail.be/vehicle/IC2045,http://irail.be/stations/NMBS/008814001,IC,2017-10-19T00:10:00,2017-10-19T00:10:00,,4
http://irail.be/vehicle/IC2045,http://irail.be/stations/NMBS/008821006,IC,2017-06-23T23:25:00,2017-06-23T23:25:00,120,
http://irail.be/vehicle/IC2045,http://irail.be/stations/NMBS/008821121,IC,2017-06-23T23:31:00,2017-06-23T23:29:00,26,26
http://irail.be/vehicle/IC2045,http://irail.be/stations/NMBS/008821154,IC,2017-06-23T23:33:00,2017-06-23T23:33:00,1,1
http://irail.be/vehicle/IC2045,http://irail.be/stations/NMBS/008821238,IC,2017-06-23T23:34:00,2017-06-23T23:34:00,-23,-23
http://irail.be/vehicle/IC2045,http://irail.be/stations/NMBS/008821337,IC,2017-06-23T23:35:00,2017-06-23T23:35:00,-32,-32
http://irail.be/vehicle/IC2045,http://irail.be/stations/NMBS/008821311,IC,2017-06-23T23:36:00,2017-06-23T23:36:00,-34,-34
http://irail.be/vehicle/IC2045,http://irail.be/stations/NMBS/008822210,IC,2017-06-23T23:38:00,2017-06-23T23:38:00,-29,-29
http://irail.be/vehicle/IC2045,http://irail.be/stations/NMBS/008822228,IC,2017-06-23T23:39:00,2017-06-23T23:39:00,14,14
http://irail.be/vehicle/IC2045,http://irail.be/stations/NMBS/008822343,IC,2017-06-23T23:41:00,2017-06-23T23:41:00,-29,-29
http://irail.be/vehicle/IC2045,http://irail.be/stations/NMBS/008822004,IC,2017-06-23T23:45:00,2017-06-23T23:43:00,6,-29
http://irail.be/vehicle/IC2045,http://irail.be/stations/NMBS/008822251,IC,2017-06-23T23:49:00,2017-06-23T23:49:00,-67,-67
http://irail.be/vehicle/IC2045,http://irail.be/stations/NMBS/008822269,IC,2017-06-23T23:50:00,2017-06-23T23:50:00,-67,-67
http://irail.be/vehicle/IC2045,http://irail.be/stations/NMBS/008811189,IC,2017-06-23T23:52:00,2017-06-23T23:52:00,-76,-76
http://irail.be/vehicle/IC2045,http://irail.be/stations/NMBS/008811148,IC,2017-06-23T23:54:00,2017-06-23T23:54:00,-88,-88
http://irail.be/vehicle/IC2045,http://irail.be/stations/NMBS/008811007,IC,2017-06-23T23:57:00,2017-06-23T23:57:00,-145,-145
http://irail.be/vehicle/IC2045,http://irail.be/stations/NMBS/008812005,IC,2017-06-24T00:02:00,2017-06-24T00:02:00,-31,-129
http://irail.be/vehicle/IC2045,http://irail.be/stations/NMBS/008813045,IC,2017-06-24T00:04:00,2017-06-24T00:04:00,-33,-33
http://irail.be/vehicle/IC2045,http://irail.be/stations/NMBS/008813003,IC,2017-06-24T00:06:00,2017-06-24T00:05:00,-17,-14
http://irail.be/vehicle/IC2045,http://irail.be/stations/NMBS/008813037,IC,2017-06-24T00:07:00,2017-06-24T00:07:00,-17,-17
http://irail.be/vehicle/IC2045,http://irail.be/stations/NMBS/008814001,IC,2017-06-24T00:10:00,2017-06-24T00:10:00,,-15
http://irail.be/vehicle/IC2045,http://irail.be/stations/NMBS/008821006,IC,2017-08-29T23:25:00,2017-08-29T23:25:00,19,
http://irail.be/vehicle/IC2045,http://irail.be/stations/NMBS/008821121,IC,2017-08-29T23:31:00,2017-08-29T23:29:00,35,35
http://irail.be/vehicle/IC2045,http://irail.be/stations/NMBS/008821154,IC,2017-08-29T23:33:00,2017-08-29T23:33:00,7,7
http://irail.be/vehicle/IC2045,http://irail.be/stations/NMBS/008821238,IC,2017-08-29T23:34:00,2017-08-29T23:34:00,-16,-16
http://irail.be/vehicle/IC2045,http://irail.be/stations/NMBS/008821337,IC,2017-08-29T23:35:00,2017-08-29T23:35:00,-26,-26
http://irail.be/vehicle/IC2045,http://irail.be/stations/NMBS/008821311,IC,2017-08-29T23:36:00,2017-08-29T23:36:00,-28,-28
http://irail.be/vehicle/IC2045,http://irail.be/stations/NMBS/008822210,IC,2017-08-29T23:38:00,2017-08-29T23:38:00,-23,-23
http://irail.be/vehicle/IC2045,http://irail.be/stations/NMBS/008822228,IC,2017-08-29T23:39:00,2017-08-29T23:39:00,31,31
http://irail.be/vehicle/IC2045,http://irail.be/stations/NMBS/008822343,IC,2017-08-29T23:41:00,2017-08-29T23:41:00,-7,-7
http://irail.be/vehicle/IC2045,http://irail.be/stations/NMBS/008822004,IC,2017-08-29T23:45:00,2017-08-29T23:43:00,21,-7
http://irail.be/vehicle/IC2045,http://irail.be/stations/NMBS/008822251,IC,2017-08-29T23:49:00,2017-08-29T23:49:00,46,46
http://irail.be/vehicle/IC2045,http://irail.be/stations/NMBS/008822269,IC,2017-08-29T23:50:00,2017-08-29T23:50:00,46,46
http://irail.be/vehicle/IC2045,http://irail.be/stations/NMBS/008811189,IC,2017-08-29T23:52:00,2017-08-29T23:52:00,40,40
http://irail.be/vehicle/IC2045,http://irail.be/stations/NMBS/008811148,IC,2017-08-29T23:54:00,2017-08-29T23:54:00,31,31
http://irail.be/vehicle/IC2045,http://irail.be/stations/NMBS/008811007,IC,2017-08-29T23:57:00,2017-08-29T23:57:00,133,133
http://irail.be/vehicle/IC2045,http://irail.be/stations/NMBS/008812005,IC,2017-08-30T00:02:00,2017-08-30T00:02:00,167,236
http://irail.be/vehicle/IC2045,http://irail.be/stations/NMBS/008813045,IC,2017-08-30T00:04:00,2017-08-30T00:04:00,161,161
http://irail.be/vehicle/IC2045,http://irail.be/stations/NMBS/008813003,IC,2017-08-30T00:06:00,2017-08-30T00:05:00,195,188
http://irail.be/vehicle/IC2045,http://irail.be/stations/NMBS/008813037,IC,2017-08-30T00:07:00,2017-08-30T00:07:00,195,195
http://irail.be/vehicle/IC2045,http://irail.be/stations/NMBS/008814001,IC,2017-08-30T00:10:00,2017-08-30T00:10:00,,188
http://irail.be/vehicle/IC2045,http://irail.be/stations/NMBS/008821006,IC,2017-05-29T23:25:00,2017-05-29T23:25:00,1922,
http://irail.be/vehicle/IC2045,http://irail.be/stations/NMBS/008821121,IC,2017-05-29T23:31:00,2017-05-29T23:29:00,1939,1939
http://irail.be/vehicle/IC2045,http://irail.be/stations/NMBS/008821154,IC,2017-05-29T23:33:00,2017-05-29T23:33:00,1916,1916
http://irail.be/vehicle/IC2045,http://irail.be/stations/NMBS/008821238,IC,2017-05-29T23:34:00,2017-05-29T23:34:00,1891,1891
http://irail.be/vehicle/IC2045,http://irail.be/stations/NMBS/008821337,IC,2017-05-29T23:35:00,2017-05-29T23:35:00,1883,1883
http://irail.be/vehicle/IC2045,NO-URI,IC,2017-05-29T23:36:00,2017-05-29T23:36:00,1882,1882
http://irail.be/vehicle/IC2045,http://irail.be/stations/NMBS/008822210,IC,2017-05-29T23:38:00,2017-05-29T23:38:00,1887,1887
http://irail.be/vehicle/IC2045,http://irail.be/stations/NMBS/008822228,IC,2017-05-29T23:39:00,2017-05-29T23:39:00,1933,1933
http://irail.be/vehicle/IC2045,http://irail.be/stations/NMBS/008822343,IC,2017-05-29T23:41:00,2017-05-29T23:41:00,1956,1956
http://irail.be/vehicle/IC2045,http://irail.be/stations/NMBS/008822004,IC,2017-05-29T23:45:00,2017-05-29T23:43:00,1998,1956
http://irail.be/vehicle/IC2045,http://irail.be/stations/NMBS/008822251,IC,2017-05-29T23:49:00,2017-05-29T23:49:00,1927,1927
http://irail.be/vehicle/IC2045,http://irail.be/stations/NMBS/008822269,IC,2017-05-29T23:50:00,2017-05-29T23:50:00,1927,1927
http://irail.be/vehicle/IC2045,http://irail.be/stations/NMBS/008811189,IC,2017-05-29T23:52:00,2017-05-29T23:52:00,1919,1919
http://irail.be/vehicle/IC2045,http://irail.be/stations/NMBS/008811148,IC,2017-05-29T23:54:00,2017-05-29T23:54:00,1907,1907
http://irail.be/vehicle/IC2045,http://irail.be/stations/NMBS/008811007,IC,2017-05-29T23:57:00,2017-05-29T23:57:00,1840,1840
http://irail.be/vehicle/IC2045,http://irail.be/stations/NMBS/008812005,IC,2017-05-30T00:02:00,2017-05-30T00:02:00,1787,1843
http://irail.be/vehicle/IC2045,http://irail.be/stations/NMBS/008813045,IC,2017-05-30T00:04:00,2017-05-30T00:04:00,1788,1788
http://irail.be/vehicle/IC2045,http://irail.be/stations/NMBS/008813003,IC,2017-05-30T00:06:00,2017-05-30T00:05:00,1812,1818
http://irail.be/vehicle/IC2045,http://irail.be/stations/NMBS/008813037,IC,2017-05-30T00:07:00,2017-05-30T00:07:00,1814,1814
http://irail.be/vehicle/IC2045,http://irail.be/stations/NMBS/008814001,IC,2017-05-30T00:10:00,2017-05-30T00:10:00,,1823
http://irail.be/vehicle/IC2045,http://irail.be/stations/NMBS/008821006,IC,2017-11-30T23:25:00,2017-11-30T23:25:00,28,
http://irail.be/vehicle/IC2045,http://irail.be/stations/NMBS/008821121,IC,2017-11-30T23:31:00,2017-11-30T23:29:00,35,35
http://irail.be/vehicle/IC2045,http://irail.be/stations/NMBS/008821154,IC,2017-11-30T23:33:00,2017-11-30T23:33:00,7,7
http://irail.be/vehicle/IC2045,http://irail.be/stations/NMBS/008821238,IC,2017-11-30T23:34:00,2017-11-30T23:34:00,-18,-18
http://irail.be/vehicle/IC2045,http://irail.be/stations/NMBS/008821337,IC,2017-11-30T23:35:00,2017-11-30T23:35:00,-26,-26
http://irail.be/vehicle/IC2045,http://irail.be/stations/NMBS/008821311,IC,2017-11-30T23:36:00,2017-11-30T23:36:00,10,10
http://irail.be/vehicle/IC2045,http://irail.be/stations/NMBS/008822210,IC,2017-11-30T23:38:00,2017-11-30T23:38:00,240,240
http://irail.be/vehicle/IC2045,http://irail.be/stations/NMBS/008822228,IC,2017-11-30T23:39:00,2017-11-30T23:39:00,285,285
http://irail.be/vehicle/IC2045,http://irail.be/stations/NMBS/008822343,IC,2017-11-30T23:41:00,2017-11-30T23:41:00,253,253
http://irail.be/vehicle/IC2045,http://irail.be/stations/NMBS/008822004,IC,2017-11-30T23:45:00,2017-11-30T23:43:00,217,253
http://irail.be/vehicle/IC2045,http://irail.be/stations/NMBS/008822251,IC,2017-11-30T23:49:00,2017-11-30T23:49:00,211,211
http://irail.be/vehicle/IC2045,http://irail.be/stations/NMBS/008822269,IC,2017-11-30T23:50:00,2017-11-30T23:50:00,211,211
http://irail.be/vehicle/IC2045,http://irail.be/stations/NMBS/008811189,IC,2017-11-30T23:52:00,2017-11-30T23:52:00,216,216
http://irail.be/vehicle/IC2045,http://irail.be/stations/NMBS/008811148,IC,2017-11-30T23:54:00,2017-11-30T23:54:00,204,204
http://irail.be/vehicle/IC2045,http://irail.be/stations/NMBS/008811007,IC,2017-11-30T23:57:00,2017-11-30T23:57:00,137,137
http://irail.be/vehicle/IC2045,http://irail.be/stations/NMBS/008812005,IC,2017-12-01T00:02:00,2017-12-01T00:02:00,99,119
http://irail.be/vehicle/IC2045,http://irail.be/stations/NMBS/008813045,IC,2017-12-01T00:04:00,2017-12-01T00:04:00,96,96
http://irail.be/vehicle/IC2045,http://irail.be/stations/NMBS/008813003,IC,2017-12-01T00:06:00,2017-12-01T00:05:00,322,314
http://irail.be/vehicle/IC2045,http://irail.be/stations/NMBS/008813037,IC,2017-12-01T00:08:00,2017-12-01T00:08:00,319,319
http://irail.be/vehicle/IC2045,http://irail.be/stations/NMBS/008814001,IC,2017-12-01T00:10:00,2017-12-01T00:10:00,,309
http://irail.be/vehicle/IC2045,http://irail.be/stations/NMBS/008821006,IC,2017-09-12T23:25:00,2017-09-12T23:25:00,30,
http://irail.be/vehicle/IC2045,http://irail.be/stations/NMBS/008821121,IC,2017-09-12T23:31:00,2017-09-12T23:29:00,30,30
http://irail.be/vehicle/IC2045,http://irail.be/stations/NMBS/008821154,IC,2017-09-12T23:33:00,2017-09-12T23:33:00,2,2
http://irail.be/vehicle/IC2045,http://irail.be/stations/NMBS/008821238,IC,2017-09-12T23:34:00,2017-09-12T23:34:00,-21,-21
http://irail.be/vehicle/IC2045,http://irail.be/stations/NMBS/008821337,IC,2017-09-12T23:35:00,2017-09-12T23:35:00,-28,-28
http://irail.be/vehicle/IC2045,http://irail.be/stations/NMBS/008821311,IC,2017-09-12T23:36:00,2017-09-12T23:36:00,-30,-30
http://irail.be/vehicle/IC2045,http://irail.be/stations/NMBS/008822210,IC,2017-09-12T23:38:00,2017-09-12T23:38:00,-25,-25
http://irail.be/vehicle/IC2045,http://irail.be/stations/NMBS/008822228,IC,2017-09-12T23:39:00,2017-09-12T23:39:00,17,17
http://irail.be/vehicle/IC2045,http://irail.be/stations/NMBS/008822343,IC,2017-09-12T23:41:00,2017-09-12T23:41:00,-33,-33
http://irail.be/vehicle/IC2045,http://irail.be/stations/NMBS/008822004,IC,2017-09-12T23:45:00,2017-09-12T23:43:00,14,-33
http://irail.be/vehicle/IC2045,http://irail.be/stations/NMBS/008822251,IC,2017-09-12T23:49:00,2017-09-12T23:49:00,-50,-50
http://irail.be/vehicle/IC2045,http://irail.be/stations/NMBS/008822269,IC,2017-09-12T23:50:00,2017-09-12T23:50:00,-50,-50
http://irail.be/vehicle/IC2045,http://irail.be/stations/NMBS/008811189,IC,2017-09-12T23:52:00,2017-09-12T23:52:00,-57,-57
http://irail.be/vehicle/IC2045,http://irail.be/stations/NMBS/008811148,IC,2017-09-12T23:54:00,2017-09-12T23:54:00,-69,-69
http://irail.be/vehicle/IC2045,http://irail.be/stations/NMBS/008811007,IC,2017-09-12T23:57:00,2017-09-12T23:57:00,-53,-53
http://irail.be/vehicle/IC2045,http://irail.be/stations/NMBS/008812005,IC,2017-09-13T00:02:00,2017-09-13T00:02:00,51,34
http://irail.be/vehicle/IC2045,http://irail.be/stations/NMBS/008813045,IC,2017-09-13T00:04:00,2017-09-13T00:04:00,45,45
http://irail.be/vehicle/IC2045,http://irail.be/stations/NMBS/008813003,IC,2017-09-13T00:06:00,2017-09-13T00:05:00,154,162
http://irail.be/vehicle/IC2045,http://irail.be/stations/NMBS/008813037,IC,2017-09-13T00:07:00,2017-09-13T00:07:00,154,154
http://irail.be/vehicle/IC2045,http://irail.be/stations/NMBS/008814001,IC,2017-09-13T00:10:00,2017-09-13T00:10:00,,150
http://irail.be/vehicle/IC2045,http://irail.be/stations/NMBS/008821006,IC,2017-03-07T23:25:00,2017-03-07T23:25:00,6,
http://irail.be/vehicle/IC2045,http://irail.be/stations/NMBS/008821121,IC,2017-03-07T23:31:00,2017-03-07T23:29:00,38,38
http://irail.be/vehicle/IC2045,http://irail.be/stations/NMBS/008821154,IC,2017-03-07T23:33:00,2017-03-07T23:33:00,17,17
http://irail.be/vehicle/IC2045,http://irail.be/stations/NMBS/008821238,IC,2017-03-07T23:34:00,2017-03-07T23:34:00,-5,-5
http://irail.be/vehicle/IC2045,http://irail.be/stations/NMBS/008821337,IC,2017-03-07T23:35:00,2017-03-07T23:35:00,-11,-11
http://irail.be/vehicle/IC2045,NO-URI,IC,2017-03-07T23:36:00,2017-03-07T23:36:00,-11,-11
http://irail.be/vehicle/IC2045,http://irail.be/stations/NMBS/008822210,IC,2017-03-07T23:38:00,2017-03-07T23:38:00,-4,-4
http://irail.be/vehicle/IC2045,http://irail.be/stations/NMBS/008822228,IC,2017-03-07T23:39:00,2017-03-07T23:39:00,53,53
http://irail.be/vehicle/IC2045,http://irail.be/stations/NMBS/008822343,IC,2017-03-07T23:41:00,2017-03-07T23:41:00,26,26
http://irail.be/vehicle/IC2045,http://irail.be/stations/NMBS/008822004,IC,2017-03-07T23:45:00,2017-03-07T23:43:00,11,26
http://irail.be/vehicle/IC2045,http://irail.be/stations/NMBS/008822251,IC,2017-03-07T23:49:00,2017-03-07T23:49:00,-25,-25
http://irail.be/vehicle/IC2045,http://irail.be/stations/NMBS/008822269,IC,2017-03-07T23:50:00,2017-03-07T23:50:00,-25,-25
http://irail.be/vehicle/IC2045,http://irail.be/stations/NMBS/008811189,IC,2017-03-07T23:52:00,2017-03-07T23:52:00,-49,-49
http://irail.be/vehicle/IC2045,http://irail.be/stations/NMBS/008811148,IC,2017-03-07T23:54:00,2017-03-07T23:54:00,-59,-59
http://irail.be/vehicle/IC2045,http://irail.be/stations/NMBS/008811007,IC,2017-03-07T23:57:00,2017-03-07T23:57:00,-121,-121
http://irail.be/vehicle/IC2045,http://irail.be/stations/NMBS/008812005,IC,2017-03-08T00:02:00,2017-03-08T00:02:00,-10,-108
http://irail.be/vehicle/IC2045,http://irail.be/stations/NMBS/008813045,IC,2017-03-08T00:04:00,2017-03-08T00:04:00,-9,-9
http://irail.be/vehicle/IC2045,http://irail.be/stations/NMBS/008813003,IC,2017-03-08T00:06:00,2017-03-08T00:05:00,-11,19
http://irail.be/vehicle/IC2045,http://irail.be/stations/NMBS/008813037,IC,2017-03-08T00:08:00,2017-03-08T00:08:00,-41,-41
http://irail.be/vehicle/IC2045,http://irail.be/stations/NMBS/008814001,IC,2017-03-08T00:10:00,2017-03-08T00:10:00,,9
http://irail.be/vehicle/IC2045,http://irail.be/stations/NMBS/008821006,IC,2017-03-06T23:25:00,2017-03-06T23:25:00,20,
http://irail.be/vehicle/IC2045,http://irail.be/stations/NMBS/008821121,IC,2017-03-06T23:31:00,2017-03-06T23:29:00,53,53
http://irail.be/vehicle/IC2045,http://irail.be/stations/NMBS/008821154,IC,2017-03-06T23:33:00,2017-03-06T23:33:00,33,33
http://irail.be/vehicle/IC2045,http://irail.be/stations/NMBS/008821238,IC,2017-03-06T23:34:00,2017-03-06T23:34:00,11,11
http://irail.be/vehicle/IC2045,http://irail.be/stations/NMBS/008821337,IC,2017-03-06T23:35:00,2017-03-06T23:35:00,9,9
http://irail.be/vehicle/IC2045,NO-URI,IC,2017-03-06T23:36:00,2017-03-06T23:36:00,11,11
http://irail.be/vehicle/IC2045,http://irail.be/stations/NMBS/008822210,IC,2017-03-06T23:38:00,2017-03-06T23:38:00,19,19
http://irail.be/vehicle/IC2045,http://irail.be/stations/NMBS/008822228,IC,2017-03-06T23:39:00,2017-03-06T23:39:00,91,91
http://irail.be/vehicle/IC2045,http://irail.be/stations/NMBS/008822343,IC,2017-03-06T23:41:00,2017-03-06T23:41:00,48,48
http://irail.be/vehicle/IC2045,http://irail.be/stations/NMBS/008822004,IC,2017-03-06T23:45:00,2017-03-06T23:43:00,19,48
http://irail.be/vehicle/IC2045,http://irail.be/stations/NMBS/008822251,IC,2017-03-06T23:49:00,2017-03-06T23:49:00,-10,-10
http://irail.be/vehicle/IC2045,http://irail.be/stations/NMBS/008822269,IC,2017-03-06T23:50:00,2017-03-06T23:50:00,-10,-10
http://irail.be/vehicle/IC2045,http://irail.be/stations/NMBS/008811189,IC,2017-03-06T23:52:00,2017-03-06T23:52:00,6,6
http://irail.be/vehicle/IC2045,http://irail.be/stations/NMBS/008811148,IC,2017-03-06T23:54:00,2017-03-06T23:54:00,119,119
http://irail.be/vehicle/IC2045,http://irail.be/stations/NMBS/008811007,IC,2017-03-06T23:57:00,2017-03-06T23:57:00,107,107
http://irail.be/vehicle/IC2045,http://irail.be/stations/NMBS/008812005,IC,2017-03-07T00:02:00,2017-03-07T00:02:00,36,115
http://irail.be/vehicle/IC2045,http://irail.be/stations/NMBS/008813045,IC,2017-03-07T00:04:00,2017-03-07T00:04:00,40,40
http://irail.be/vehicle/IC2045,http://irail.be/stations/NMBS/008813003,IC,2017-03-07T00:06:00,2017-03-07T00:05:00,39,70
http://irail.be/vehicle/IC2045,http://irail.be/stations/NMBS/008813037,IC,2017-03-07T00:08:00,2017-03-07T00:08:00,8,8
http://irail.be/vehicle/IC2045,http://irail.be/stations/NMBS/008814001,IC,2017-03-07T00:10:00,2017-03-07T00:10:00,,61
http://irail.be/vehicle/IC2045,http://irail.be/stations/NMBS/008821006,IC,2017-07-07T23:25:00,2017-07-07T23:25:00,1237,
http://irail.be/vehicle/IC2045,http://irail.be/stations/NMBS/008821121,IC,2017-07-07T23:31:00,2017-07-07T23:29:00,1105,1105
http://irail.be/vehicle/IC2045,http://irail.be/stations/NMBS/008821154,IC,2017-07-07T23:33:00,2017-07-07T23:33:00,1082,1082
http://irail.be/vehicle/IC2045,http://irail.be/stations/NMBS/008821238,IC,2017-07-07T23:34:00,2017-07-07T23:34:00,1056,1056
http://irail.be/vehicle/IC2045,http://irail.be/stations/NMBS/008821337,IC,2017-07-07T23:35:00,2017-07-07T23:35:00,1045,1045
http://irail.be/vehicle/IC2045,http://irail.be/stations/NMBS/008821311,IC,2017-07-07T23:36:00,2017-07-07T23:36:00,1044,1044
http://irail.be/vehicle/IC2045,http://irail.be/stations/NMBS/008822210,IC,2017-07-07T23:38:00,2017-07-07T23:38:00,1049,1049
http://irail.be/vehicle/IC2045,http://irail.be/stations/NMBS/008822228,IC,2017-07-07T23:39:00,2017-07-07T23:39:00,1089,1089
http://irail.be/vehicle/IC2045,http://irail.be/stations/NMBS/008822343,IC,2017-07-07T23:41:00,2017-07-07T23:41:00,1039,1039
http://irail.be/vehicle/IC2045,http://irail.be/stations/NMBS/008822004,IC,2017-07-07T23:45:00,2017-07-07T23:43:00,973,1039
http://irail.be/vehicle/IC2045,http://irail.be/stations/NMBS/008822251,IC,2017-07-07T23:49:00,2017-07-07T23:49:00,904,904
http://irail.be/vehicle/IC2045,http://irail.be/stations/NMBS/008822269,IC,2017-07-07T23:50:00,2017-07-07T23:50:00,904,904
http://irail.be/vehicle/IC2045,http://irail.be/stations/NMBS/008811189,IC,2017-07-07T23:52:00,2017-07-07T23:52:00,895,895
http://irail.be/vehicle/IC2045,http://irail.be/stations/NMBS/008811148,IC,2017-07-07T23:54:00,2017-07-07T23:54:00,882,882
http://irail.be/vehicle/IC2045,http://irail.be/stations/NMBS/008811007,IC,2017-07-07T23:57:00,2017-07-07T23:57:00,892,892
http://irail.be/vehicle/IC2045,http://irail.be/stations/NMBS/008812005,IC,2017-07-08T00:02:00,2017-07-08T00:02:00,1012,1053
http://irail.be/vehicle/IC2045,http://irail.be/stations/NMBS/008813045,IC,2017-07-08T00:04:00,2017-07-08T00:04:00,1008,1008
http://irail.be/vehicle/IC2045,http://irail.be/stations/NMBS/008813003,IC,2017-07-08T00:06:00,2017-07-08T00:05:00,1014,1028
http://irail.be/vehicle/IC2045,http://irail.be/stations/NMBS/008813037,IC,2017-07-08T00:07:00,2017-07-08T00:07:00,1012,1012
http://irail.be/vehicle/IC2045,http://irail.be/stations/NMBS/008814001,IC,2017-07-08T00:10:00,2017-07-08T00:10:00,,1003
http://irail.be/vehicle/IC2045,http://irail.be/stations/NMBS/008821006,IC,2017-03-23T23:25:00,2017-03-23T23:25:00,76,
http://irail.be/vehicle/IC2045,http://irail.be/stations/NMBS/008821121,IC,2017-03-23T23:31:00,2017-03-23T23:29:00,42,42
http://irail.be/vehicle/IC2045,http://irail.be/stations/NMBS/008821154,IC,2017-03-23T23:33:00,2017-03-23T23:33:00,63,63
http://irail.be/vehicle/IC2045,http://irail.be/stations/NMBS/008821238,IC,2017-03-23T23:34:00,2017-03-23T23:34:00,48,48
http://irail.be/vehicle/IC2045,http://irail.be/stations/NMBS/008821337,IC,2017-03-23T23:35:00,2017-03-23T23:35:00,42,42
http://irail.be/vehicle/IC2045,NO-URI,IC,2017-03-23T23:36:00,2017-03-23T23:36:00,42,42
http://irail.be/vehicle/IC2045,http://irail.be/stations/NMBS/008822210,IC,2017-03-23T23:38:00,2017-03-23T23:38:00,51,51
http://irail.be/vehicle/IC2045,http://irail.be/stations/NMBS/008822228,IC,2017-03-23T23:39:00,2017-03-23T23:39:00,107,107
http://irail.be/vehicle/IC2045,http://irail.be/stations/NMBS/008822343,IC,2017-03-23T23:41:00,2017-03-23T23:41:00,66,66
http://irail.be/vehicle/IC2045,http://irail.be/stations/NMBS/008822004,IC,2017-03-23T23:45:00,2017-03-23T23:43:00,23,66
http://irail.be/vehicle/IC2045,http://irail.be/stations/NMBS/008822251,IC,2017-03-23T23:49:00,2017-03-23T23:49:00,-9,-9
http://irail.be/vehicle/IC2045,http://irail.be/stations/NMBS/008822269,IC,2017-03-23T23:50:00,2017-03-23T23:50:00,-9,-9
http://irail.be/vehicle/IC2045,http://irail.be/stations/NMBS/008811189,IC,2017-03-23T23:52:00,2017-03-23T23:52:00,65,65
http://irail.be/vehicle/IC2045,NO-URI,IC,2017-03-23T23:54:00,2017-03-23T23:54:00,193,193
http://irail.be/vehicle/IC2045,NO-URI,IC,2017-03-23T23:54:00,2017-03-23T23:54:00,209,209
http://irail.be/vehicle/IC2045,http://irail.be/stations/NMBS/008811007,IC,2017-03-23T23:57:00,2017-03-23T23:57:00,264,264
http://irail.be/vehicle/IC2045,http://irail.be/stations/NMBS/008812005,IC,2017-03-24T00:02:00,2017-03-24T00:02:00,260,321
http://irail.be/vehicle/IC2045,http://irail.be/stations/NMBS/008813045,IC,2017-03-24T00:04:00,2017-03-24T00:04:00,260,260
http://irail.be/vehicle/IC2045,http://irail.be/stations/NMBS/008813003,IC,2017-03-24T00:06:00,2017-03-24T00:05:00,285,282
http://irail.be/vehicle/IC2045,http://irail.be/stations/NMBS/008813037,IC,2017-03-24T00:07:00,2017-03-24T00:07:00,285,285
http://irail.be/vehicle/IC2045,http://irail.be/stations/NMBS/008814001,IC,2017-03-24T00:10:00,2017-03-24T00:10:00,,282
http://irail.be/vehicle/IC2045,http://irail.be/stations/NMBS/008821006,IC,2017-06-19T23:25:00,2017-06-19T23:25:00,763,
http://irail.be/vehicle/IC2045,http://irail.be/stations/NMBS/008821121,IC,2017-06-19T23:31:00,2017-06-19T23:29:00,675,675
http://irail.be/vehicle/IC2045,http://irail.be/stations/NMBS/008821154,IC,2017-06-19T23:33:00,2017-06-19T23:33:00,653,653
http://irail.be/vehicle/IC2045,http://irail.be/stations/NMBS/008821238,IC,2017-06-19T23:34:00,2017-06-19T23:34:00,628,628
http://irail.be/vehicle/IC2045,http://irail.be/stations/NMBS/008821337,IC,2017-06-19T23:35:00,2017-06-19T23:35:00,623,623
http://irail.be/vehicle/IC2045,http://irail.be/stations/NMBS/008821311,IC,2017-06-19T23:36:00,2017-06-19T23:36:00,623,623
http://irail.be/vehicle/IC2045,http://irail.be/stations/NMBS/008822210,IC,2017-06-19T23:38:00,2017-06-19T23:38:00,631,631
http://irail.be/vehicle/IC2045,http://irail.be/stations/NMBS/008822228,IC,2017-06-19T23:39:00,2017-06-19T23:39:00,687,687
http://irail.be/vehicle/IC2045,http://irail.be/stations/NMBS/008822343,IC,2017-06-19T23:41:00,2017-06-19T23:41:00,648,648
http://irail.be/vehicle/IC2045,http://irail.be/stations/NMBS/008822004,IC,2017-06-19T23:45:00,2017-06-19T23:43:00,616,648
http://irail.be/vehicle/IC2045,http://irail.be/stations/NMBS/008822251,IC,2017-06-19T23:49:00,2017-06-19T23:49:00,563,563
http://irail.be/vehicle/IC2045,http://irail.be/stations/NMBS/008822269,IC,2017-06-19T23:50:00,2017-06-19T23:50:00,563,563
http://irail.be/vehicle/IC2045,http://irail.be/stations/NMBS/008811189,IC,2017-06-19T23:52:00,2017-06-19T23:52:00,560,560
http://irail.be/vehicle/IC2045,http://irail.be/stations/NMBS/008811148,IC,2017-06-19T23:54:00,2017-06-19T23:54:00,550,550
http://irail.be/vehicle/IC2045,http://irail.be/stations/NMBS/008811007,IC,2017-06-19T23:57:00,2017-06-19T23:57:00,486,486
http://irail.be/vehicle/IC2045,http://irail.be/stations/NMBS/008812005,IC,2017-06-20T00:02:00,2017-06-20T00:02:00,401,472
http://irail.be/vehicle/IC2045,http://irail.be/stations/NMBS/008813045,IC,2017-06-20T00:04:00,2017-06-20T00:04:00,400,400
http://irail.be/vehicle/IC2045,http://irail.be/stations/NMBS/008813003,IC,2017-06-20T00:06:00,2017-06-20T00:05:00,391,425
http://irail.be/vehicle/IC2045,http://irail.be/stations/NMBS/008813037,IC,2017-06-20T00:08:00,2017-06-20T00:08:00,359,359
http://irail.be/vehicle/IC2045,http://irail.be/stations/NMBS/008814001,IC,2017-06-20T00:10:00,2017-06-20T00:10:00,,406
http://irail.be/vehicle/IC2045,http://irail.be/stations/NMBS/008821006,IC,2017-07-18T23:25:00,2017-07-18T23:25:00,37,
http://irail.be/vehicle/IC2045,http://irail.be/stations/NMBS/008821121,IC,2017-07-18T23:31:00,2017-07-18T23:29:00,39,39
http://irail.be/vehicle/IC2045,http://irail.be/stations/NMBS/008821154,IC,2017-07-18T23:33:00,2017-07-18T23:33:00,12,12
http://irail.be/vehicle/IC2045,http://irail.be/stations/NMBS/008821238,IC,2017-07-18T23:34:00,2017-07-18T23:34:00,-12,-12
http://irail.be/vehicle/IC2045,http://irail.be/stations/NMBS/008821337,IC,2017-07-18T23:35:00,2017-07-18T23:35:00,-22,-22
http://irail.be/vehicle/IC2045,http://irail.be/stations/NMBS/008821311,IC,2017-07-18T23:36:00,2017-07-18T23:36:00,-24,-24
http://irail.be/vehicle/IC2045,http://irail.be/stations/NMBS/008822210,IC,2017-07-18T23:38:00,2017-07-18T23:38:00,-19,-19
http://irail.be/vehicle/IC2045,http://irail.be/stations/NMBS/008822228,IC,2017-07-18T23:39:00,2017-07-18T23:39:00,25,25
http://irail.be/vehicle/IC2045,http://irail.be/stations/NMBS/008822343,IC,2017-07-18T23:41:00,2017-07-18T23:41:00,-14,-14
http://irail.be/vehicle/IC2045,http://irail.be/stations/NMBS/008822004,IC,2017-07-18T23:45:00,2017-07-18T23:43:00,17,-14
http://irail.be/vehicle/IC2045,http://irail.be/stations/NMBS/008822251,IC,2017-07-18T23:49:00,2017-07-18T23:49:00,-51,-51
http://irail.be/vehicle/IC2045,http://irail.be/stations/NMBS/008822269,IC,2017-07-18T23:50:00,2017-07-18T23:50:00,-51,-51
http://irail.be/vehicle/IC2045,http://irail.be/stations/NMBS/008811189,IC,2017-07-18T23:52:00,2017-07-18T23:52:00,-57,-57
http://irail.be/vehicle/IC2045,http://irail.be/stations/NMBS/008811148,IC,2017-07-18T23:54:00,2017-07-18T23:54:00,-69,-69
http://irail.be/vehicle/IC2045,http://irail.be/stations/NMBS/008811007,IC,2017-07-18T23:57:00,2017-07-18T23:57:00,-55,-55
http://irail.be/vehicle/IC2045,http://irail.be/stations/NMBS/008812005,IC,2017-07-19T00:02:00,2017-07-19T00:02:00,84,-41
http://irail.be/vehicle/IC2045,http://irail.be/stations/NMBS/008813045,IC,2017-07-19T00:04:00,2017-07-19T00:04:00,88,88
http://irail.be/vehicle/IC2045,http://irail.be/stations/NMBS/008813003,IC,2017-07-19T00:06:00,2017-07-19T00:05:00,214,225
http://irail.be/vehicle/IC2045,http://irail.be/stations/NMBS/008813037,IC,2017-07-19T00:07:00,2017-07-19T00:07:00,215,215
http://irail.be/vehicle/IC2045,http://irail.be/stations/NMBS/008814001,IC,2017-07-19T00:10:00,2017-07-19T00:10:00,,209
http://irail.be/vehicle/IC2045,http://irail.be/stations/NMBS/008821006,IC,2017-03-08T23:25:00,2017-03-08T23:25:00,20,
http://irail.be/vehicle/IC2045,http://irail.be/stations/NMBS/008821121,IC,2017-03-08T23:31:00,2017-03-08T23:29:00,32,32
http://irail.be/vehicle/IC2045,http://irail.be/stations/NMBS/008821154,IC,2017-03-08T23:33:00,2017-03-08T23:33:00,8,8
http://irail.be/vehicle/IC2045,http://irail.be/stations/NMBS/008821238,IC,2017-03-08T23:34:00,2017-03-08T23:34:00,-16,-17
http://irail.be/vehicle/IC2045,http://irail.be/stations/NMBS/008821337,IC,2017-03-08T23:35:00,2017-03-08T23:35:00,-25,-25
http://irail.be/vehicle/IC2045,NO-URI,IC,2017-03-08T23:36:00,2017-03-08T23:36:00,-26,-26
http://irail.be/vehicle/IC2045,http://irail.be/stations/NMBS/008822210,IC,2017-03-08T23:38:00,2017-03-08T23:38:00,-20,-20
http://irail.be/vehicle/IC2045,http://irail.be/stations/NMBS/008822228,IC,2017-03-08T23:39:00,2017-03-08T23:39:00,28,28
http://irail.be/vehicle/IC2045,http://irail.be/stations/NMBS/008822343,IC,2017-03-08T23:41:00,2017-03-08T23:41:00,-17,-17
http://irail.be/vehicle/IC2045,http://irail.be/stations/NMBS/008822004,IC,2017-03-08T23:45:00,2017-03-08T23:43:00,24,-17
http://irail.be/vehicle/IC2045,http://irail.be/stations/NMBS/008822251,IC,2017-03-08T23:49:00,2017-03-08T23:49:00,-21,-21
http://irail.be/vehicle/IC2045,http://irail.be/stations/NMBS/008822269,IC,2017-03-08T23:50:00,2017-03-08T23:50:00,-21,-21
http://irail.be/vehicle/IC2045,http://irail.be/stations/NMBS/008811189,IC,2017-03-08T23:52:00,2017-03-08T23:52:00,-47,-47
http://irail.be/vehicle/IC2045,http://irail.be/stations/NMBS/008811148,IC,2017-03-08T23:54:00,2017-03-08T23:54:00,-57,-57
http://irail.be/vehicle/IC2045,http://irail.be/stations/NMBS/008811007,IC,2017-03-08T23:57:00,2017-03-08T23:57:00,-107,-107
http://irail.be/vehicle/IC2045,http://irail.be/stations/NMBS/008812005,IC,2017-03-09T00:02:00,2017-03-09T00:02:00,-12,-117
http://irail.be/vehicle/IC2045,http://irail.be/stations/NMBS/008813045,IC,2017-03-09T00:04:00,2017-03-09T00:04:00,-9,-9
http://irail.be/vehicle/IC2045,http://irail.be/stations/NMBS/008813003,IC,2017-03-09T00:06:00,2017-03-09T00:05:00,-20,14
http://irail.be/vehicle/IC2045,http://irail.be/stations/NMBS/008813037,IC,2017-03-09T00:08:00,2017-03-09T00:08:00,-53,-53
http://irail.be/vehicle/IC2045,http://irail.be/stations/NMBS/008814001,IC,2017-03-09T00:10:00,2017-03-09T00:10:00,,-11
http://irail.be/vehicle/IC2045,http://irail.be/stations/NMBS/008821006,IC,2017-02-27T23:25:00,2017-02-27T23:25:00,62,
http://irail.be/vehicle/IC2045,http://irail.be/stations/NMBS/008821121,IC,2017-02-27T23:31:00,2017-02-27T23:29:00,32,32
http://irail.be/vehicle/IC2045,http://irail.be/stations/NMBS/008821154,IC,2017-02-27T23:33:00,2017-02-27T23:33:00,8,8
http://irail.be/vehicle/IC2045,http://irail.be/stations/NMBS/008821238,IC,2017-02-27T23:34:00,2017-02-27T23:34:00,-17,-17
http://irail.be/vehicle/IC2045,http://irail.be/stations/NMBS/008821337,IC,2017-02-27T23:35:00,2017-02-27T23:35:00,-25,-25
http://irail.be/vehicle/IC2045,NO-URI,IC,2017-02-27T23:36:00,2017-02-27T23:36:00,-24,-24
http://irail.be/vehicle/IC2045,http://irail.be/stations/NMBS/008822210,IC,2017-02-27T23:38:00,2017-02-27T23:38:00,-18,-18
http://irail.be/vehicle/IC2045,http://irail.be/stations/NMBS/008822228,IC,2017-02-27T23:39:00,2017-02-27T23:39:00,34,34
http://irail.be/vehicle/IC2045,http://irail.be/stations/NMBS/008822343,IC,2017-02-27T23:41:00,2017-02-27T23:41:00,7,7
http://irail.be/vehicle/IC2045,http://irail.be/stations/NMBS/008822004,IC,2017-02-27T23:45:00,2017-02-27T23:43:00,52,7
http://irail.be/vehicle/IC2045,http://irail.be/stations/NMBS/008822251,IC,2017-02-27T23:49:00,2017-02-27T23:49:00,-6,-6
http://irail.be/vehicle/IC2045,http://irail.be/stations/NMBS/008822269,IC,2017-02-27T23:50:00,2017-02-27T23:50:00,-6,-6
http://irail.be/vehicle/IC2045,http://irail.be/stations/NMBS/008811189,IC,2017-02-27T23:52:00,2017-02-27T23:52:00,-28,-28
http://irail.be/vehicle/IC2045,http://irail.be/stations/NMBS/008811148,IC,2017-02-27T23:54:00,2017-02-27T23:54:00,-40,-40
http://irail.be/vehicle/IC2045,http://irail.be/stations/NMBS/008811007,IC,2017-02-27T23:57:00,2017-02-27T23:57:00,-93,-93
http://irail.be/vehicle/IC2045,http://irail.be/stations/NMBS/008812005,IC,2017-02-28T00:02:00,2017-02-28T00:02:00,68,-77
http://irail.be/vehicle/IC2045,http://irail.be/stations/NMBS/008813045,IC,2017-02-28T00:04:00,2017-02-28T00:04:00,73,73
http://irail.be/vehicle/IC2045,http://irail.be/stations/NMBS/008813003,IC,2017-02-28T00:06:00,2017-02-28T00:05:00,161,163
http://irail.be/vehicle/IC2045,http://irail.be/stations/NMBS/008813037,IC,2017-02-28T00:07:00,2017-02-28T00:07:00,163,163
http://irail.be/vehicle/IC2045,http://irail.be/stations/NMBS/008814001,IC,2017-02-28T00:10:00,2017-02-28T00:10:00,,177
http://irail.be/vehicle/IC2045,http://irail.be/stations/NMBS/008821006,IC,2017-04-20T23:25:00,2017-04-20T23:25:00,-4,
http://irail.be/vehicle/IC2045,http://irail.be/stations/NMBS/008821121,IC,2017-04-20T23:31:00,2017-04-20T23:29:00,53,53
http://irail.be/vehicle/IC2045,http://irail.be/stations/NMBS/008821154,IC,2017-04-20T23:33:00,2017-04-20T23:33:00,66,66
http://irail.be/vehicle/IC2045,http://irail.be/stations/NMBS/008821238,IC,2017-04-20T23:34:00,2017-04-20T23:34:00,53,53
http://irail.be/vehicle/IC2045,http://irail.be/stations/NMBS/008821337,IC,2017-04-20T23:35:00,2017-04-20T23:35:00,67,67
http://irail.be/vehicle/IC2045,NO-URI,IC,2017-04-20T23:36:00,2017-04-20T23:36:00,74,74
http://irail.be/vehicle/IC2045,http://irail.be/stations/NMBS/008822210,IC,2017-04-20T23:38:00,2017-04-20T23:38:00,86,86
http://irail.be/vehicle/IC2045,http://irail.be/stations/NMBS/008822228,IC,2017-04-20T23:39:00,2017-04-20T23:39:00,174,174
http://irail.be/vehicle/IC2045,http://irail.be/stations/NMBS/008822343,IC,2017-04-20T23:41:00,2017-04-20T23:41:00,159,159
http://irail.be/vehicle/IC2045,http://irail.be/stations/NMBS/008822004,IC,2017-04-20T23:45:00,2017-04-20T23:43:00,209,159
http://irail.be/vehicle/IC2045,http://irail.be/stations/NMBS/008822251,IC,2017-04-20T23:48:35,2017-04-20T23:49:00,209,209
http://irail.be/vehicle/IC2045,http://irail.be/stations/NMBS/008822269,IC,2017-04-20T23:50:00,2017-04-20T23:50:00,338,338
http://irail.be/vehicle/IC2045,http://irail.be/stations/NMBS/008811189,IC,2017-04-20T23:52:00,2017-04-20T23:52:00,338,338
http://irail.be/vehicle/IC2045,http://irail.be/stations/NMBS/008811148,IC,2017-04-20T23:54:00,2017-04-20T23:54:00,433,433
http://irail.be/vehicle/IC2045,http://irail.be/stations/NMBS/008811007,IC,2017-04-20T23:57:00,2017-04-20T23:57:00,419,419
http://irail.be/vehicle/IC2045,http://irail.be/stations/NMBS/008812005,IC,2017-04-21T00:02:00,2017-04-21T00:02:00,447,409
http://irail.be/vehicle/IC2045,http://irail.be/stations/NMBS/008813045,IC,2017-04-21T00:04:00,2017-04-21T00:04:00,454,454
http://irail.be/vehicle/IC2045,http://irail.be/stations/NMBS/008813003,IC,2017-04-21T00:06:00,2017-04-21T00:05:00,652,604
http://irail.be/vehicle/IC2045,http://irail.be/stations/NMBS/008813037,IC,2017-04-21T00:07:00,2017-04-21T00:07:00,650,650
http://irail.be/vehicle/IC2045,http://irail.be/stations/NMBS/008814001,IC,2017-04-21T00:10:00,2017-04-21T00:10:00,,637
http://irail.be/vehicle/IC2045,http://irail.be/stations/NMBS/008821006,IC,2017-07-14T23:25:00,2017-07-14T23:25:00,168,
http://irail.be/vehicle/IC2045,http://irail.be/stations/NMBS/008821121,IC,2017-07-14T23:31:00,2017-07-14T23:29:00,181,181
http://irail.be/vehicle/IC2045,http://irail.be/stations/NMBS/008821154,IC,2017-07-14T23:33:00,2017-07-14T23:33:00,222,222
http://irail.be/vehicle/IC2045,http://irail.be/stations/NMBS/008821238,IC,2017-07-14T23:34:00,2017-07-14T23:34:00,217,217
http://irail.be/vehicle/IC2045,http://irail.be/stations/NMBS/008821337,IC,2017-07-14T23:35:00,2017-07-14T23:35:00,214,214
http://irail.be/vehicle/IC2045,http://irail.be/stations/NMBS/008821311,IC,2017-07-14T23:36:00,2017-07-14T23:36:00,213,213
http://irail.be/vehicle/IC2045,http://irail.be/stations/NMBS/008822210,IC,2017-07-14T23:38:00,2017-07-14T23:38:00,221,221
http://irail.be/vehicle/IC2045,http://irail.be/stations/NMBS/008822228,IC,2017-07-14T23:39:00,2017-07-14T23:39:00,289,289
http://irail.be/vehicle/IC2045,http://irail.be/stations/NMBS/008822343,IC,2017-07-14T23:41:00,2017-07-14T23:41:00,254,254
http://irail.be/vehicle/IC2045,http://irail.be/stations/NMBS/008822004,IC,2017-07-14T23:45:00,2017-07-14T23:43:00,1290,254
http://irail.be/vehicle/IC2045,http://irail.be/stations/NMBS/008822251,IC,2017-07-14T23:49:00,2017-07-14T23:49:00,1293,1293
http://irail.be/vehicle/IC2045,http://irail.be/stations/NMBS/008822269,IC,2017-07-14T23:50:00,2017-07-14T23:50:00,1293,1293
http://irail.be/vehicle/IC2045,http://irail.be/stations/NMBS/008811189,IC,2017-07-14T23:52:00,2017-07-14T23:52:00,1295,1295
http://irail.be/vehicle/IC2045,http://irail.be/stations/NMBS/008811148,IC,2017-07-14T23:54:00,2017-07-14T23:54:00,1293,1293
http://irail.be/vehicle/IC2045,http://irail.be/stations/NMBS/008811007,IC,2017-07-14T23:57:00,2017-07-14T23:57:00,1379,1379
http://irail.be/vehicle/IC2045,http://irail.be/stations/NMBS/008812005,IC,2017-07-15T00:02:00,2017-07-15T00:02:00,1388,1468
http://irail.be/vehicle/IC2045,http://irail.be/stations/NMBS/008813045,IC,2017-07-15T00:04:00,2017-07-15T00:04:00,1390,1390
http://irail.be/vehicle/IC2045,http://irail.be/stations/NMBS/008813003,IC,2017-07-15T00:06:00,2017-07-15T00:05:00,1418,1424
http://irail.be/vehicle/IC2045,http://irail.be/stations/NMBS/008813037,IC,2017-07-15T00:07:00,2017-07-15T00:07:00,1418,1418
http://irail.be/vehicle/IC2045,http://irail.be/stations/NMBS/008814001,IC,2017-07-15T00:10:00,2017-07-15T00:10:00,,1420
http://irail.be/vehicle/IC2045,http://irail.be/stations/NMBS/008821006,IC,2017-03-01T23:25:00,2017-03-01T23:25:00,70,
http://irail.be/vehicle/IC2045,http://irail.be/stations/NMBS/008821121,IC,2017-03-01T23:31:00,2017-03-01T23:29:00,27,27
http://irail.be/vehicle/IC2045,http://irail.be/stations/NMBS/008821154,IC,2017-03-01T23:33:00,2017-03-01T23:33:00,5,5
http://irail.be/vehicle/IC2045,http://irail.be/stations/NMBS/008821238,IC,2017-03-01T23:34:00,2017-03-01T23:34:00,-18,-18
http://irail.be/vehicle/IC2045,http://irail.be/stations/NMBS/008821337,IC,2017-03-01T23:35:00,2017-03-01T23:35:00,-24,-24
http://irail.be/vehicle/IC2045,NO-URI,IC,2017-03-01T23:36:00,2017-03-01T23:36:00,-25,-25
http://irail.be/vehicle/IC2045,http://irail.be/stations/NMBS/008822210,IC,2017-03-01T23:38:00,2017-03-01T23:38:00,-20,-20
http://irail.be/vehicle/IC2045,http://irail.be/stations/NMBS/008822228,IC,2017-03-01T23:39:00,2017-03-01T23:39:00,28,28
http://irail.be/vehicle/IC2045,http://irail.be/stations/NMBS/008822343,IC,2017-03-01T23:41:00,2017-03-01T23:41:00,-3,-3
http://irail.be/vehicle/IC2045,http://irail.be/stations/NMBS/008822004,IC,2017-03-01T23:45:00,2017-03-01T23:43:00,18,-3
http://irail.be/vehicle/IC2045,http://irail.be/stations/NMBS/008822251,IC,2017-03-01T23:49:00,2017-03-01T23:49:00,-20,-20
http://irail.be/vehicle/IC2045,http://irail.be/stations/NMBS/008822269,IC,2017-03-01T23:50:00,2017-03-01T23:50:00,-20,-20
http://irail.be/vehicle/IC2045,http://irail.be/stations/NMBS/008811189,IC,2017-03-01T23:52:00,2017-03-01T23:52:00,-4,-4
http://irail.be/vehicle/IC2045,http://irail.be/stations/NMBS/008811148,IC,2017-03-01T23:54:00,2017-03-01T23:54:00,3,3
http://irail.be/vehicle/IC2045,http://irail.be/stations/NMBS/008811007,IC,2017-03-01T23:57:00,2017-03-01T23:57:00,-59,-59
http://irail.be/vehicle/IC2045,http://irail.be/stations/NMBS/008812005,IC,2017-03-02T00:02:00,2017-03-02T00:02:00,109,-47
http://irail.be/vehicle/IC2045,http://irail.be/stations/NMBS/008813045,IC,2017-03-02T00:04:00,2017-03-02T00:04:00,124,124
http://irail.be/vehicle/IC2045,http://irail.be/stations/NMBS/008813003,IC,2017-03-02T00:06:00,2017-03-02T00:05:00,252,247
http://irail.be/vehicle/IC2045,http://irail.be/stations/NMBS/008813037,IC,2017-03-02T00:07:00,2017-03-02T00:07:00,256,256
http://irail.be/vehicle/IC2045,http://irail.be/stations/NMBS/008814001,IC,2017-03-02T00:10:00,2017-03-02T00:10:00,,268
http://irail.be/vehicle/IC2045,http://irail.be/stations/NMBS/008821006,IC,2017-03-09T23:25:00,2017-03-09T23:25:00,52,
http://irail.be/vehicle/IC2045,http://irail.be/stations/NMBS/008821121,IC,2017-03-09T23:31:00,2017-03-09T23:29:00,29,29
http://irail.be/vehicle/IC2045,http://irail.be/stations/NMBS/008821154,IC,2017-03-09T23:33:00,2017-03-09T23:33:00,3,3
http://irail.be/vehicle/IC2045,http://irail.be/stations/NMBS/008821238,IC,2017-03-09T23:34:00,2017-03-09T23:34:00,-22,-23
http://irail.be/vehicle/IC2045,http://irail.be/stations/NMBS/008821337,IC,2017-03-09T23:35:00,2017-03-09T23:35:00,-31,-31
http://irail.be/vehicle/IC2045,NO-URI,IC,2017-03-09T23:36:00,2017-03-09T23:36:00,-32,-32
http://irail.be/vehicle/IC2045,http://irail.be/stations/NMBS/008822210,IC,2017-03-09T23:38:00,2017-03-09T23:38:00,-26,-26
http://irail.be/vehicle/IC2045,http://irail.be/stations/NMBS/008822228,IC,2017-03-09T23:39:00,2017-03-09T23:39:00,26,26
http://irail.be/vehicle/IC2045,http://irail.be/stations/NMBS/008822343,IC,2017-03-09T23:41:00,2017-03-09T23:41:00,4,4
http://irail.be/vehicle/IC2045,http://irail.be/stations/NMBS/008822004,IC,2017-03-09T23:45:00,2017-03-09T23:43:00,20,4
http://irail.be/vehicle/IC2045,http://irail.be/stations/NMBS/008822251,IC,2017-03-09T23:49:00,2017-03-09T23:49:00,-25,-25
http://irail.be/vehicle/IC2045,http://irail.be/stations/NMBS/008822269,IC,2017-03-09T23:50:00,2017-03-09T23:50:00,-25,-25
http://irail.be/vehicle/IC2045,http://irail.be/stations/NMBS/008811189,IC,2017-03-09T23:52:00,2017-03-09T23:52:00,-51,-51
http://irail.be/vehicle/IC2045,http://irail.be/stations/NMBS/008811148,IC,2017-03-09T23:54:00,2017-03-09T23:54:00,-60,-60
http://irail.be/vehicle/IC2045,http://irail.be/stations/NMBS/008811007,IC,2017-03-09T23:57:00,2017-03-09T23:57:00,-101,-101
http://irail.be/vehicle/IC2045,http://irail.be/stations/NMBS/008812005,IC,2017-03-10T00:02:00,2017-03-10T00:02:00,49,-71
http://irail.be/vehicle/IC2045,http://irail.be/stations/NMBS/008813045,IC,2017-03-10T00:04:00,2017-03-10T00:04:00,46,46
http://irail.be/vehicle/IC2045,http://irail.be/stations/NMBS/008813003,IC,2017-03-10T00:06:00,2017-03-10T00:05:00,82,83
http://irail.be/vehicle/IC2045,http://irail.be/stations/NMBS/008813037,IC,2017-03-10T00:07:00,2017-03-10T00:07:00,86,86
http://irail.be/vehicle/IC2045,http://irail.be/stations/NMBS/008814001,IC,2017-03-10T00:10:00,2017-03-10T00:10:00,,101
http://irail.be/vehicle/IC2045,http://irail.be/stations/NMBS/008821006,IC,2017-09-13T23:25:00,2017-09-13T23:25:00,16,
http://irail.be/vehicle/IC2045,http://irail.be/stations/NMBS/008821121,IC,2017-09-13T23:31:00,2017-09-13T23:29:00,41,41
http://irail.be/vehicle/IC2045,http://irail.be/stations/NMBS/008821154,IC,2017-09-13T23:33:00,2017-09-13T23:33:00,11,11
http://irail.be/vehicle/IC2045,http://irail.be/stations/NMBS/008821238,IC,2017-09-13T23:34:00,2017-09-13T23:34:00,-12,-12
http://irail.be/vehicle/IC2045,http://irail.be/stations/NMBS/008821337,IC,2017-09-13T23:35:00,2017-09-13T23:35:00,-20,-20
http://irail.be/vehicle/IC2045,http://irail.be/stations/NMBS/008821311,IC,2017-09-13T23:36:00,2017-09-13T23:36:00,-25,-25
http://irail.be/vehicle/IC2045,http://irail.be/stations/NMBS/008822210,IC,2017-09-13T23:38:00,2017-09-13T23:38:00,-19,-19
http://irail.be/vehicle/IC2045,http://irail.be/stations/NMBS/008822228,IC,2017-09-13T23:39:00,2017-09-13T23:39:00,25,25
http://irail.be/vehicle/IC2045,http://irail.be/stations/NMBS/008822343,IC,2017-09-13T23:41:00,2017-09-13T23:41:00,-22,-22
http://irail.be/vehicle/IC2045,http://irail.be/stations/NMBS/008822004,IC,2017-09-13T23:45:00,2017-09-13T23:43:00,222,-22
http://irail.be/vehicle/IC2045,http://irail.be/stations/NMBS/008822251,IC,2017-09-13T23:49:00,2017-09-13T23:49:00,164,164
http://irail.be/vehicle/IC2045,http://irail.be/stations/NMBS/008822269,IC,2017-09-13T23:50:00,2017-09-13T23:50:00,164,164
http://irail.be/vehicle/IC2045,http://irail.be/stations/NMBS/008811189,IC,2017-09-13T23:52:00,2017-09-13T23:52:00,158,158
http://irail.be/vehicle/IC2045,http://irail.be/stations/NMBS/008811148,IC,2017-09-13T23:54:00,2017-09-13T23:54:00,150,150
http://irail.be/vehicle/IC2045,http://irail.be/stations/NMBS/008811007,IC,2017-09-13T23:57:00,2017-09-13T23:57:00,174,174
http://irail.be/vehicle/IC2045,http://irail.be/stations/NMBS/008812005,IC,2017-09-14T00:02:00,2017-09-14T00:02:00,178,281
http://irail.be/vehicle/IC2045,http://irail.be/stations/NMBS/008813045,IC,2017-09-14T00:04:00,2017-09-14T00:04:00,179,179
http://irail.be/vehicle/IC2045,http://irail.be/stations/NMBS/008813003,IC,2017-09-14T00:06:00,2017-09-14T00:05:00,196,203
http://irail.be/vehicle/IC2045,http://irail.be/stations/NMBS/008813037,IC,2017-09-14T00:07:00,2017-09-14T00:07:00,196,196
http://irail.be/vehicle/IC2045,http://irail.be/stations/NMBS/008814001,IC,2017-09-14T00:10:00,2017-09-14T00:10:00,,194
http://irail.be/vehicle/IC2045,http://irail.be/stations/NMBS/008821006,IC,2017-08-17T23:25:00,2017-08-17T23:25:00,17,
http://irail.be/vehicle/IC2045,http://irail.be/stations/NMBS/008821121,IC,2017-08-17T23:31:00,2017-08-17T23:29:00,36,36
http://irail.be/vehicle/IC2045,http://irail.be/stations/NMBS/008821154,IC,2017-08-17T23:33:00,2017-08-17T23:33:00,8,8
http://irail.be/vehicle/IC2045,http://irail.be/stations/NMBS/008821238,IC,2017-08-17T23:34:00,2017-08-17T23:34:00,-15,-15
http://irail.be/vehicle/IC2045,http://irail.be/stations/NMBS/008821337,IC,2017-08-17T23:35:00,2017-08-17T23:35:00,-21,-21
http://irail.be/vehicle/IC2045,http://irail.be/stations/NMBS/008821311,IC,2017-08-17T23:36:00,2017-08-17T23:36:00,-20,-20
http://irail.be/vehicle/IC2045,http://irail.be/stations/NMBS/008822210,IC,2017-08-17T23:38:00,2017-08-17T23:38:00,-12,-12
http://irail.be/vehicle/IC2045,http://irail.be/stations/NMBS/008822228,IC,2017-08-17T23:39:00,2017-08-17T23:39:00,53,53
http://irail.be/vehicle/IC2045,http://irail.be/stations/NMBS/008822343,IC,2017-08-17T23:41:00,2017-08-17T23:41:00,14,14
http://irail.be/vehicle/IC2045,http://irail.be/stations/NMBS/008822004,IC,2017-08-17T23:45:00,2017-08-17T23:43:00,17,14
http://irail.be/vehicle/IC2045,http://irail.be/stations/NMBS/008822251,IC,2017-08-17T23:49:00,2017-08-17T23:49:00,-44,-44
http://irail.be/vehicle/IC2045,http://irail.be/stations/NMBS/008822269,IC,2017-08-17T23:50:00,2017-08-17T23:50:00,-44,-44
http://irail.be/vehicle/IC2045,http://irail.be/stations/NMBS/008811189,IC,2017-08-17T23:52:00,2017-08-17T23:52:00,-45,-45
http://irail.be/vehicle/IC2045,http://irail.be/stations/NMBS/008811148,IC,2017-08-17T23:54:00,2017-08-17T23:54:00,-56,-56
http://irail.be/vehicle/IC2045,http://irail.be/stations/NMBS/008811007,IC,2017-08-17T23:57:00,2017-08-17T23:57:00,-100,-100
http://irail.be/vehicle/IC2045,http://irail.be/stations/NMBS/008812005,IC,2017-08-18T00:02:00,2017-08-18T00:02:00,-3,-93
http://irail.be/vehicle/IC2045,http://irail.be/stations/NMBS/008813045,IC,2017-08-18T00:04:00,2017-08-18T00:04:00,4,4
http://irail.be/vehicle/IC2045,http://irail.be/stations/NMBS/008813003,IC,2017-08-18T00:06:00,2017-08-18T00:05:00,26,29
http://irail.be/vehicle/IC2045,http://irail.be/stations/NMBS/008813037,IC,2017-08-18T00:07:00,2017-08-18T00:07:00,26,26
http://irail.be/vehicle/IC2045,http://irail.be/stations/NMBS/008814001,IC,2017-08-18T00:10:00,2017-08-18T00:10:00,,24
http://irail.be/vehicle/IC2045,http://irail.be/stations/NMBS/008821006,IC,2017-09-14T23:25:00,2017-09-14T23:25:00,1,
http://irail.be/vehicle/IC2045,http://irail.be/stations/NMBS/008821121,IC,2017-09-14T23:31:00,2017-09-14T23:29:00,13,13
http://irail.be/vehicle/IC2045,http://irail.be/stations/NMBS/008821154,IC,2017-09-14T23:33:00,2017-09-14T23:33:00,-15,-15
http://irail.be/vehicle/IC2045,http://irail.be/stations/NMBS/008821238,IC,2017-09-14T23:34:00,2017-09-14T23:34:00,-38,-38
http://irail.be/vehicle/IC2045,http://irail.be/stations/NMBS/008821337,IC,2017-09-14T23:35:00,2017-09-14T23:35:00,-47,-47
http://irail.be/vehicle/IC2045,http://irail.be/stations/NMBS/008821311,IC,2017-09-14T23:36:00,2017-09-14T23:36:00,-50,-50
http://irail.be/vehicle/IC2045,http://irail.be/stations/NMBS/008822210,IC,2017-09-14T23:38:00,2017-09-14T23:38:00,-44,-44
http://irail.be/vehicle/IC2045,http://irail.be/stations/NMBS/008822228,IC,2017-09-14T23:39:00,2017-09-14T23:39:00,3,3
http://irail.be/vehicle/IC2045,http://irail.be/stations/NMBS/008822343,IC,2017-09-14T23:41:00,2017-09-14T23:41:00,-47,-47
http://irail.be/vehicle/IC2045,http://irail.be/stations/NMBS/008822004,IC,2017-09-14T23:45:00,2017-09-14T23:43:00,7,-47
http://irail.be/vehicle/IC2045,http://irail.be/stations/NMBS/008822251,IC,2017-09-14T23:49:00,2017-09-14T23:49:00,-61,-61
http://irail.be/vehicle/IC2045,http://irail.be/stations/NMBS/008822269,IC,2017-09-14T23:50:00,2017-09-14T23:50:00,-61,-61
http://irail.be/vehicle/IC2045,http://irail.be/stations/NMBS/008811189,IC,2017-09-14T23:52:00,2017-09-14T23:52:00,-68,-68
http://irail.be/vehicle/IC2045,http://irail.be/stations/NMBS/008811148,IC,2017-09-14T23:54:00,2017-09-14T23:54:00,-81,-81
http://irail.be/vehicle/IC2045,http://irail.be/stations/NMBS/008811007,IC,2017-09-14T23:57:00,2017-09-14T23:57:00,-58,-58
http://irail.be/vehicle/IC2045,http://irail.be/stations/NMBS/008812005,IC,2017-09-15T00:02:00,2017-09-15T00:02:00,-19,-11
http://irail.be/vehicle/IC2045,http://irail.be/stations/NMBS/008813045,IC,2017-09-15T00:04:00,2017-09-15T00:04:00,-24,-24
http://irail.be/vehicle/IC2045,http://irail.be/stations/NMBS/008813003,IC,2017-09-15T00:06:00,2017-09-15T00:05:00,-21,-4
http://irail.be/vehicle/IC2045,http://irail.be/stations/NMBS/008813037,IC,2017-09-15T00:07:00,2017-09-15T00:07:00,-21,-21
http://irail.be/vehicle/IC2045,http://irail.be/stations/NMBS/008814001,IC,2017-09-15T00:10:00,2017-09-15T00:10:00,,18
http://irail.be/vehicle/IC2045,NO-URI,IC,2017-12-18T23:11:00,2017-12-18T23:11:00,-84,
http://irail.be/vehicle/IC2045,http://irail.be/stations/NMBS/008821089,IC,2017-12-18T23:17:00,2017-12-18T23:14:00,-17,-17
http://irail.be/vehicle/IC2045,http://irail.be/stations/NMBS/008821063,IC,2017-12-18T23:20:00,2017-12-18T23:20:00,-34,-34
http://irail.be/vehicle/IC2045,http://irail.be/stations/NMBS/008821006,IC,2017-12-18T23:26:00,2017-12-18T23:23:00,57,-16
http://irail.be/vehicle/IC2045,http://irail.be/stations/NMBS/008821121,IC,2017-12-18T23:31:00,2017-12-18T23:30:00,32,32
http://irail.be/vehicle/IC2045,http://irail.be/stations/NMBS/008821154,IC,2017-12-18T23:33:00,2017-12-18T23:33:00,36,36
http://irail.be/vehicle/IC2045,http://irail.be/stations/NMBS/008821238,IC,2017-12-18T23:34:00,2017-12-18T23:34:00,26,26
http://irail.be/vehicle/IC2045,http://irail.be/stations/NMBS/008821337,IC,2017-12-18T23:35:00,2017-12-18T23:35:00,13,13
http://irail.be/vehicle/IC2045,http://irail.be/stations/NMBS/008821311,IC,2017-12-18T23:36:00,2017-12-18T23:36:00,8,8
http://irail.be/vehicle/IC2045,http://irail.be/stations/NMBS/008822210,IC,2017-12-18T23:38:00,2017-12-18T23:38:00,2,2
http://irail.be/vehicle/IC2045,http://irail.be/stations/NMBS/008822228,IC,2017-12-18T23:39:00,2017-12-18T23:39:00,28,28
http://irail.be/vehicle/IC2045,http://irail.be/stations/NMBS/008822343,IC,2017-12-18T23:41:00,2017-12-18T23:41:00,32,32
http://irail.be/vehicle/IC2045,http://irail.be/stations/NMBS/008822004,IC,2017-12-18T23:44:00,2017-12-18T23:42:00,65,32
http://irail.be/vehicle/IC2045,http://irail.be/stations/NMBS/008822251,IC,2017-12-18T23:49:00,2017-12-18T23:49:00,-20,-20
http://irail.be/vehicle/IC2045,http://irail.be/stations/NMBS/008822269,IC,2017-12-18T23:50:00,2017-12-18T23:50:00,-20,-20
http://irail.be/vehicle/IC2045,http://irail.be/stations/NMBS/008811189,IC,2017-12-18T23:52:00,2017-12-18T23:52:00,-12,-12
http://irail.be/vehicle/IC2045,http://irail.be/stations/NMBS/008811148,IC,2017-12-18T23:54:00,2017-12-18T23:54:00,-26,-26
http://irail.be/vehicle/IC2045,http://irail.be/stations/NMBS/008811007,IC,2017-12-18T23:57:00,2017-12-18T23:57:00,142,142
http://irail.be/vehicle/IC2045,http://irail.be/stations/NMBS/008812005,IC,2017-12-19T00:02:00,2017-12-18T23:59:00,183,238
http://irail.be/vehicle/IC2045,http://irail.be/stations/NMBS/008813045,IC,2017-12-19T00:04:00,2017-12-19T00:04:00,176,176
http://irail.be/vehicle/IC2045,http://irail.be/stations/NMBS/008813003,IC,2017-12-19T00:06:00,2017-12-19T00:05:00,232,196
http://irail.be/vehicle/IC2045,http://irail.be/stations/NMBS/008813037,IC,2017-12-19T00:07:00,2017-12-19T00:07:00,232,232
http://irail.be/vehicle/IC2045,http://irail.be/stations/NMBS/008814001,IC,2017-12-19T00:10:00,2017-12-19T00:10:00,,230
http://irail.be/vehicle/IC2045,http://irail.be/stations/NMBS/008821006,IC,2017-09-01T23:25:00,2017-09-01T23:25:00,30,
http://irail.be/vehicle/IC2045,http://irail.be/stations/NMBS/008821121,IC,2017-09-01T23:31:00,2017-09-01T23:29:00,35,35
http://irail.be/vehicle/IC2045,http://irail.be/stations/NMBS/008821154,IC,2017-09-01T23:33:00,2017-09-01T23:33:00,7,7
http://irail.be/vehicle/IC2045,http://irail.be/stations/NMBS/008821238,IC,2017-09-01T23:34:00,2017-09-01T23:34:00,-16,-16
http://irail.be/vehicle/IC2045,http://irail.be/stations/NMBS/008821337,IC,2017-09-01T23:35:00,2017-09-01T23:35:00,-16,-16
http://irail.be/vehicle/IC2045,http://irail.be/stations/NMBS/008821311,IC,2017-09-01T23:36:00,2017-09-01T23:36:00,-13,-13
http://irail.be/vehicle/IC2045,http://irail.be/stations/NMBS/008822210,IC,2017-09-01T23:38:00,2017-09-01T23:38:00,-3,-3
http://irail.be/vehicle/IC2045,http://irail.be/stations/NMBS/008822228,IC,2017-09-01T23:39:00,2017-09-01T23:39:00,76,76
http://irail.be/vehicle/IC2045,http://irail.be/stations/NMBS/008822343,IC,2017-09-01T23:41:00,2017-09-01T23:41:00,51,51
http://irail.be/vehicle/IC2045,http://irail.be/stations/NMBS/008822004,IC,2017-09-01T23:45:00,2017-09-01T23:43:00,16,51
http://irail.be/vehicle/IC2045,http://irail.be/stations/NMBS/008822251,IC,2017-09-01T23:49:00,2017-09-01T23:49:00,1,1
http://irail.be/vehicle/IC2045,http://irail.be/stations/NMBS/008822269,IC,2017-09-01T23:50:00,2017-09-01T23:50:00,1,1
http://irail.be/vehicle/IC2045,http://irail.be/stations/NMBS/008811189,IC,2017-09-01T23:52:00,2017-09-01T23:52:00,39,39
http://irail.be/vehicle/IC2045,http://irail.be/stations/NMBS/008811148,IC,2017-09-01T23:54:00,2017-09-01T23:54:00,41,41
http://irail.be/vehicle/IC2045,http://irail.be/stations/NMBS/008811007,IC,2017-09-01T23:57:00,2017-09-01T23:57:00,121,121
http://irail.be/vehicle/IC2045,http://irail.be/stations/NMBS/008812005,IC,2017-09-02T00:02:00,2017-09-02T00:02:00,123,185
http://irail.be/vehicle/IC2045,http://irail.be/stations/NMBS/008813045,IC,2017-09-02T00:04:00,2017-09-02T00:04:00,125,125
http://irail.be/vehicle/IC2045,http://irail.be/stations/NMBS/008813003,IC,2017-09-02T00:06:00,2017-09-02T00:05:00,210,203
http://irail.be/vehicle/IC2045,http://irail.be/stations/NMBS/008813037,IC,2017-09-02T00:07:00,2017-09-02T00:07:00,210,210
http://irail.be/vehicle/IC2045,http://irail.be/stations/NMBS/008814001,IC,2017-09-02T00:10:00,2017-09-02T00:10:00,,203
http://irail.be/vehicle/IC2045,http://irail.be/stations/NMBS/008821006,IC,2017-10-10T23:25:00,2017-10-10T23:25:00,3,
http://irail.be/vehicle/IC2045,http://irail.be/stations/NMBS/008821121,IC,2017-10-10T23:31:00,2017-10-10T23:29:00,34,34
http://irail.be/vehicle/IC2045,http://irail.be/stations/NMBS/008821154,IC,2017-10-10T23:33:00,2017-10-10T23:33:00,49,49
http://irail.be/vehicle/IC2045,http://irail.be/stations/NMBS/008821238,IC,2017-10-10T23:34:00,2017-10-10T23:34:00,37,37
http://irail.be/vehicle/IC2045,http://irail.be/stations/NMBS/008821337,IC,2017-10-10T23:35:00,2017-10-10T23:35:00,39,39
http://irail.be/vehicle/IC2045,http://irail.be/stations/NMBS/008821311,IC,2017-10-10T23:36:00,2017-10-10T23:36:00,39,39
http://irail.be/vehicle/IC2045,http://irail.be/stations/NMBS/008822210,IC,2017-10-10T23:38:00,2017-10-10T23:38:00,45,45
http://irail.be/vehicle/IC2045,http://irail.be/stations/NMBS/008822228,IC,2017-10-10T23:39:00,2017-10-10T23:39:00,130,130
http://irail.be/vehicle/IC2045,http://irail.be/stations/NMBS/008822343,IC,2017-10-10T23:41:00,2017-10-10T23:41:00,112,112
http://irail.be/vehicle/IC2045,http://irail.be/stations/NMBS/008822004,IC,2017-10-10T23:45:00,2017-10-10T23:43:00,43,112
http://irail.be/vehicle/IC2045,http://irail.be/stations/NMBS/008822251,IC,2017-10-10T23:49:00,2017-10-10T23:49:00,54,54
http://irail.be/vehicle/IC2045,http://irail.be/stations/NMBS/008822269,IC,2017-10-10T23:50:00,2017-10-10T23:50:00,54,54
http://irail.be/vehicle/IC2045,http://irail.be/stations/NMBS/008811189,IC,2017-10-10T23:52:00,2017-10-10T23:52:00,63,63
http://irail.be/vehicle/IC2045,http://irail.be/stations/NMBS/008811148,IC,2017-10-10T23:54:00,2017-10-10T23:54:00,51,51
http://irail.be/vehicle/IC2045,http://irail.be/stations/NMBS/008811007,IC,2017-10-10T23:57:00,2017-10-10T23:57:00,-13,-13
http://irail.be/vehicle/IC2045,http://irail.be/stations/NMBS/008812005,IC,2017-10-11T00:02:00,2017-10-11T00:02:00,-3,-40
http://irail.be/vehicle/IC2045,http://irail.be/stations/NMBS/008813045,IC,2017-10-11T00:04:00,2017-10-11T00:04:00,-4,-4
http://irail.be/vehicle/IC2045,http://irail.be/stations/NMBS/008813003,IC,2017-10-11T00:06:00,2017-10-11T00:05:00,6,13
http://irail.be/vehicle/IC2045,http://irail.be/stations/NMBS/008813037,IC,2017-10-11T00:07:00,2017-10-11T00:07:00,6,6
http://irail.be/vehicle/IC2045,http://irail.be/stations/NMBS/008814001,IC,2017-10-11T00:10:00,2017-10-11T00:10:00,,-7
http://irail.be/vehicle/IC2045,http://irail.be/stations/NMBS/008821006,IC,2017-01-20T23:25:00,2017-01-20T23:25:00,80,
http://irail.be/vehicle/IC2045,http://irail.be/stations/NMBS/008821121,IC,2017-01-20T23:31:00,2017-01-20T23:29:00,50,50
http://irail.be/vehicle/IC2045,http://irail.be/stations/NMBS/008821154,IC,2017-01-20T23:33:00,2017-01-20T23:33:00,26,26
http://irail.be/vehicle/IC2045,http://irail.be/stations/NMBS/008821238,IC,2017-01-20T23:34:00,2017-01-20T23:34:00,-1,-1
http://irail.be/vehicle/IC2045,http://irail.be/stations/NMBS/008821337,IC,2017-01-20T23:35:00,2017-01-20T23:35:00,-7,-7
http://irail.be/vehicle/IC2045,NO-URI,IC,2017-01-20T23:36:00,2017-01-20T23:36:00,-7,-7
http://irail.be/vehicle/IC2045,http://irail.be/stations/NMBS/008822210,IC,2017-01-20T23:38:00,2017-01-20T23:38:00,2,2
http://irail.be/vehicle/IC2045,http://irail.be/stations/NMBS/008822228,IC,2017-01-20T23:39:00,2017-01-20T23:39:00,33,33
http://irail.be/vehicle/IC2045,http://irail.be/stations/NMBS/008822343,IC,2017-01-20T23:41:00,2017-01-20T23:41:00,43,43
http://irail.be/vehicle/IC2045,http://irail.be/stations/NMBS/008822004,IC,2017-01-20T23:45:00,2017-01-20T23:43:00,54,43
http://irail.be/vehicle/IC2045,http://irail.be/stations/NMBS/008822251,IC,2017-01-20T23:49:00,2017-01-20T23:49:00,-9,-9
http://irail.be/vehicle/IC2045,http://irail.be/stations/NMBS/008822269,IC,2017-01-20T23:50:00,2017-01-20T23:50:00,-9,-9
http://irail.be/vehicle/IC2045,http://irail.be/stations/NMBS/008811189,IC,2017-01-20T23:52:00,2017-01-20T23:52:00,-6,-6
http://irail.be/vehicle/IC2045,http://irail.be/stations/NMBS/008811148,IC,2017-01-20T23:54:00,2017-01-20T23:54:00,-15,-15
http://irail.be/vehicle/IC2045,http://irail.be/stations/NMBS/008811007,IC,2017-01-20T23:57:00,2017-01-20T23:57:00,-46,-46
http://irail.be/vehicle/IC2045,http://irail.be/stations/NMBS/008812005,IC,2017-01-21T00:02:00,2017-01-21T00:02:00,141,-61
http://irail.be/vehicle/IC2045,http://irail.be/stations/NMBS/008813045,IC,2017-01-21T00:04:00,2017-01-21T00:04:00,163,163
http://irail.be/vehicle/IC2045,http://irail.be/stations/NMBS/008813003,IC,2017-01-21T00:06:00,2017-01-21T00:05:00,212,174
http://irail.be/vehicle/IC2045,http://irail.be/stations/NMBS/008813037,IC,2017-01-21T00:07:00,2017-01-21T00:07:00,214,214
http://irail.be/vehicle/IC2045,http://irail.be/stations/NMBS/008814001,IC,2017-01-21T00:10:00,2017-01-21T00:10:00,,220
http://irail.be/vehicle/IC2045,http://irail.be/stations/NMBS/008821006,IC,2017-10-09T23:25:00,2017-10-09T23:25:00,-16,
http://irail.be/vehicle/IC2045,http://irail.be/stations/NMBS/008821121,IC,2017-10-09T23:31:00,2017-10-09T23:29:00,32,32
http://irail.be/vehicle/IC2045,http://irail.be/stations/NMBS/008821154,IC,2017-10-09T23:33:00,2017-10-09T23:33:00,6,6
http://irail.be/vehicle/IC2045,http://irail.be/stations/NMBS/008821238,IC,2017-10-09T23:34:00,2017-10-09T23:34:00,-20,-20
http://irail.be/vehicle/IC2045,http://irail.be/stations/NMBS/008821337,IC,2017-10-09T23:35:00,2017-10-09T23:35:00,-28,-28
http://irail.be/vehicle/IC2045,http://irail.be/stations/NMBS/008821311,IC,2017-10-09T23:36:00,2017-10-09T23:36:00,-29,-29
http://irail.be/vehicle/IC2045,http://irail.be/stations/NMBS/008822210,IC,2017-10-09T23:38:00,2017-10-09T23:38:00,-23,-23
http://irail.be/vehicle/IC2045,http://irail.be/stations/NMBS/008822228,IC,2017-10-09T23:39:00,2017-10-09T23:39:00,42,42
http://irail.be/vehicle/IC2045,http://irail.be/stations/NMBS/008822343,IC,2017-10-09T23:41:00,2017-10-09T23:41:00,15,15
http://irail.be/vehicle/IC2045,http://irail.be/stations/NMBS/008822004,IC,2017-10-09T23:45:00,2017-10-09T23:43:00,16,15
http://irail.be/vehicle/IC2045,http://irail.be/stations/NMBS/008822251,IC,2017-10-09T23:49:00,2017-10-09T23:49:00,41,41
http://irail.be/vehicle/IC2045,http://irail.be/stations/NMBS/008822269,IC,2017-10-09T23:50:00,2017-10-09T23:50:00,41,41
http://irail.be/vehicle/IC2045,http://irail.be/stations/NMBS/008811189,IC,2017-10-09T23:52:00,2017-10-09T23:52:00,47,47
http://irail.be/vehicle/IC2045,http://irail.be/stations/NMBS/008811148,IC,2017-10-09T23:54:00,2017-10-09T23:54:00,36,36
http://irail.be/vehicle/IC2045,http://irail.be/stations/NMBS/008811007,IC,2017-10-09T23:57:00,2017-10-09T23:57:00,-6,-6
http://irail.be/vehicle/IC2045,http://irail.be/stations/NMBS/008812005,IC,2017-10-10T00:02:00,2017-10-10T00:02:00,103,-9
http://irail.be/vehicle/IC2045,http://irail.be/stations/NMBS/008813045,IC,2017-10-10T00:04:00,2017-10-10T00:04:00,116,116
http://irail.be/vehicle/IC2045,http://irail.be/stations/NMBS/008813003,IC,2017-10-10T00:06:00,2017-10-10T00:05:00,196,211
http://irail.be/vehicle/IC2045,http://irail.be/stations/NMBS/008813037,IC,2017-10-10T00:07:00,2017-10-10T00:07:00,196,196
http://irail.be/vehicle/IC2045,http://irail.be/stations/NMBS/008814001,IC,2017-10-10T00:10:00,2017-10-10T00:10:00,,193
http://irail.be/vehicle/IC2045,http://irail.be/stations/NMBS/008821006,IC,2017-09-26T23:25:00,2017-09-26T23:25:00,13,
http://irail.be/vehicle/IC2045,http://irail.be/stations/NMBS/008821121,IC,2017-09-26T23:31:00,2017-09-26T23:29:00,30,30
http://irail.be/vehicle/IC2045,http://irail.be/stations/NMBS/008821154,IC,2017-09-26T23:33:00,2017-09-26T23:33:00,7,7
http://irail.be/vehicle/IC2045,http://irail.be/stations/NMBS/008821238,IC,2017-09-26T23:34:00,2017-09-26T23:34:00,-14,-14
http://irail.be/vehicle/IC2045,http://irail.be/stations/NMBS/008821337,IC,2017-09-26T23:35:00,2017-09-26T23:35:00,-21,-21
http://irail.be/vehicle/IC2045,http://irail.be/stations/NMBS/008821311,IC,2017-09-26T23:36:00,2017-09-26T23:36:00,-23,-23
http://irail.be/vehicle/IC2045,http://irail.be/stations/NMBS/008822210,IC,2017-09-26T23:38:00,2017-09-26T23:38:00,-17,-17
http://irail.be/vehicle/IC2045,http://irail.be/stations/NMBS/008822228,IC,2017-09-26T23:39:00,2017-09-26T23:39:00,45,45
http://irail.be/vehicle/IC2045,http://irail.be/stations/NMBS/008822343,IC,2017-09-26T23:41:00,2017-09-26T23:41:00,55,55
http://irail.be/vehicle/IC2045,http://irail.be/stations/NMBS/008822004,IC,2017-09-26T23:45:00,2017-09-26T23:43:00,31,55
http://irail.be/vehicle/IC2045,http://irail.be/stations/NMBS/008822251,IC,2017-09-26T23:48:35,2017-09-26T23:49:00,31,31
http://irail.be/vehicle/IC2045,http://irail.be/stations/NMBS/008822269,IC,2017-09-26T23:50:00,2017-09-26T23:50:00,27,27
http://irail.be/vehicle/IC2045,http://irail.be/stations/NMBS/008811189,IC,2017-09-26T23:52:00,2017-09-26T23:52:00,27,27
http://irail.be/vehicle/IC2045,http://irail.be/stations/NMBS/008811148,IC,2017-09-26T23:54:00,2017-09-26T23:54:00,55,55
http://irail.be/vehicle/IC2045,http://irail.be/stations/NMBS/008811007,IC,2017-09-26T23:57:00,2017-09-26T23:57:00,191,191
http://irail.be/vehicle/IC2045,http://irail.be/stations/NMBS/008812005,IC,2017-09-27T00:02:00,2017-09-27T00:02:00,150,227
http://irail.be/vehicle/IC2045,http://irail.be/stations/NMBS/008813045,IC,2017-09-27T00:04:00,2017-09-27T00:04:00,147,147
http://irail.be/vehicle/IC2045,http://irail.be/stations/NMBS/008813003,IC,2017-09-27T00:06:00,2017-09-27T00:05:00,164,169
http://irail.be/vehicle/IC2045,http://irail.be/stations/NMBS/008813037,IC,2017-09-27T00:07:00,2017-09-27T00:07:00,163,163
http://irail.be/vehicle/IC2045,http://irail.be/stations/NMBS/008814001,IC,2017-09-27T00:10:00,2017-09-27T00:10:00,,164
http://irail.be/vehicle/IC2045,http://irail.be/stations/NMBS/008821006,IC,2017-08-31T23:25:00,2017-08-31T23:25:00,23,
http://irail.be/vehicle/IC2045,http://irail.be/stations/NMBS/008821121,IC,2017-08-31T23:31:00,2017-08-31T23:29:00,40,40
http://irail.be/vehicle/IC2045,http://irail.be/stations/NMBS/008821154,IC,2017-08-31T23:33:00,2017-08-31T23:33:00,42,42
http://irail.be/vehicle/IC2045,http://irail.be/stations/NMBS/008821238,IC,2017-08-31T23:34:00,2017-08-31T23:34:00,22,22
http://irail.be/vehicle/IC2045,http://irail.be/stations/NMBS/008821337,IC,2017-08-31T23:35:00,2017-08-31T23:35:00,32,32
http://irail.be/vehicle/IC2045,http://irail.be/stations/NMBS/008821311,IC,2017-08-31T23:36:00,2017-08-31T23:36:00,38,38
http://irail.be/vehicle/IC2045,http://irail.be/stations/NMBS/008822210,IC,2017-08-31T23:38:00,2017-08-31T23:38:00,43,43
http://irail.be/vehicle/IC2045,http://irail.be/stations/NMBS/008822228,IC,2017-08-31T23:39:00,2017-08-31T23:39:00,116,116
http://irail.be/vehicle/IC2045,http://irail.be/stations/NMBS/008822343,IC,2017-08-31T23:41:00,2017-08-31T23:41:00,52,52
http://irail.be/vehicle/IC2045,http://irail.be/stations/NMBS/008822004,IC,2017-08-31T23:45:00,2017-08-31T23:43:00,48,52
http://irail.be/vehicle/IC2045,http://irail.be/stations/NMBS/008822251,IC,2017-08-31T23:49:00,2017-08-31T23:49:00,72,72
http://irail.be/vehicle/IC2045,http://irail.be/stations/NMBS/008822269,IC,2017-08-31T23:50:00,2017-08-31T23:50:00,72,72
http://irail.be/vehicle/IC2045,http://irail.be/stations/NMBS/008811189,IC,2017-08-31T23:52:00,2017-08-31T23:52:00,78,78
http://irail.be/vehicle/IC2045,http://irail.be/stations/NMBS/008811148,IC,2017-08-31T23:54:00,2017-08-31T23:54:00,70,70
http://irail.be/vehicle/IC2045,http://irail.be/stations/NMBS/008811007,IC,2017-08-31T23:57:00,2017-08-31T23:57:00,-1,-1
http://irail.be/vehicle/IC2045,http://irail.be/stations/NMBS/008812005,IC,2017-09-01T00:02:00,2017-09-01T00:02:00,119,-50
http://irail.be/vehicle/IC2045,http://irail.be/stations/NMBS/008813045,IC,2017-09-01T00:04:00,2017-09-01T00:04:00,127,127
http://irail.be/vehicle/IC2045,http://irail.be/stations/NMBS/008813003,IC,2017-09-01T00:06:00,2017-09-01T00:05:00,181,150
http://irail.be/vehicle/IC2045,http://irail.be/stations/NMBS/008813037,IC,2017-09-01T00:07:00,2017-09-01T00:07:00,181,181
http://irail.be/vehicle/IC2045,http://irail.be/stations/NMBS/008814001,IC,2017-09-01T00:10:00,2017-09-01T00:10:00,,172
http://irail.be/vehicle/IC2045,http://irail.be/stations/NMBS/008821006,IC,2017-09-18T23:25:00,2017-09-18T23:25:00,17,
http://irail.be/vehicle/IC2045,http://irail.be/stations/NMBS/008821121,IC,2017-09-18T23:31:00,2017-09-18T23:29:00,42,42
http://irail.be/vehicle/IC2045,http://irail.be/stations/NMBS/008821154,IC,2017-09-18T23:33:00,2017-09-18T23:33:00,14,14
http://irail.be/vehicle/IC2045,http://irail.be/stations/NMBS/008821238,IC,2017-09-18T23:34:00,2017-09-18T23:34:00,-10,-10
http://irail.be/vehicle/IC2045,http://irail.be/stations/NMBS/008821337,IC,2017-09-18T23:35:00,2017-09-18T23:35:00,-20,-20
http://irail.be/vehicle/IC2045,http://irail.be/stations/NMBS/008821311,IC,2017-09-18T23:36:00,2017-09-18T23:36:00,-20,-20
http://irail.be/vehicle/IC2045,http://irail.be/stations/NMBS/008822210,IC,2017-09-18T23:38:00,2017-09-18T23:38:00,-14,-14
http://irail.be/vehicle/IC2045,http://irail.be/stations/NMBS/008822228,IC,2017-09-18T23:39:00,2017-09-18T23:39:00,54,54
http://irail.be/vehicle/IC2045,http://irail.be/stations/NMBS/008822343,IC,2017-09-18T23:41:00,2017-09-18T23:41:00,34,34
http://irail.be/vehicle/IC2045,http://irail.be/stations/NMBS/008822004,IC,2017-09-18T23:45:00,2017-09-18T23:43:00,21,34
http://irail.be/vehicle/IC2045,http://irail.be/stations/NMBS/008822251,IC,2017-09-18T23:49:00,2017-09-18T23:49:00,-39,-39
http://irail.be/vehicle/IC2045,http://irail.be/stations/NMBS/008822269,IC,2017-09-18T23:50:00,2017-09-18T23:50:00,-39,-39
http://irail.be/vehicle/IC2045,http://irail.be/stations/NMBS/008811189,IC,2017-09-18T23:52:00,2017-09-18T23:52:00,-33,-33
http://irail.be/vehicle/IC2045,http://irail.be/stations/NMBS/008811148,IC,2017-09-18T23:54:00,2017-09-18T23:54:00,-41,-41
http://irail.be/vehicle/IC2045,http://irail.be/stations/NMBS/008811007,IC,2017-09-18T23:57:00,2017-09-18T23:57:00,158,158
http://irail.be/vehicle/IC2045,http://irail.be/stations/NMBS/008812005,IC,2017-09-19T00:02:00,2017-09-19T00:02:00,203,277
http://irail.be/vehicle/IC2045,http://irail.be/stations/NMBS/008813045,IC,2017-09-19T00:04:00,2017-09-19T00:04:00,204,204
http://irail.be/vehicle/IC2045,http://irail.be/stations/NMBS/008813003,IC,2017-09-19T00:06:00,2017-09-19T00:05:00,309,304
http://irail.be/vehicle/IC2045,http://irail.be/stations/NMBS/008813037,IC,2017-09-19T00:07:00,2017-09-19T00:07:00,309,309
http://irail.be/vehicle/IC2045,http://irail.be/stations/NMBS/008814001,IC,2017-09-19T00:10:00,2017-09-19T00:10:00,,297
http://irail.be/vehicle/IC2045,http://irail.be/stations/NMBS/008821006,IC,2017-07-17T23:25:00,2017-07-17T23:25:00,35,
http://irail.be/vehicle/IC2045,http://irail.be/stations/NMBS/008821121,IC,2017-07-17T23:31:00,2017-07-17T23:29:00,34,34
http://irail.be/vehicle/IC2045,http://irail.be/stations/NMBS/008821154,IC,2017-07-17T23:33:00,2017-07-17T23:33:00,8,8
http://irail.be/vehicle/IC2045,http://irail.be/stations/NMBS/008821238,IC,2017-07-17T23:34:00,2017-07-17T23:34:00,-16,-16
http://irail.be/vehicle/IC2045,http://irail.be/stations/NMBS/008821337,IC,2017-07-17T23:35:00,2017-07-17T23:35:00,-26,-26
http://irail.be/vehicle/IC2045,http://irail.be/stations/NMBS/008821311,IC,2017-07-17T23:36:00,2017-07-17T23:36:00,-30,-30
http://irail.be/vehicle/IC2045,http://irail.be/stations/NMBS/008822210,IC,2017-07-17T23:38:00,2017-07-17T23:38:00,-24,-24
http://irail.be/vehicle/IC2045,http://irail.be/stations/NMBS/008822228,IC,2017-07-17T23:39:00,2017-07-17T23:39:00,16,16
http://irail.be/vehicle/IC2045,http://irail.be/stations/NMBS/008822343,IC,2017-07-17T23:41:00,2017-07-17T23:41:00,-36,-36
http://irail.be/vehicle/IC2045,http://irail.be/stations/NMBS/008822004,IC,2017-07-17T23:45:00,2017-07-17T23:43:00,158,-36
http://irail.be/vehicle/IC2045,http://irail.be/stations/NMBS/008822251,IC,2017-07-17T23:49:00,2017-07-17T23:49:00,85,85
http://irail.be/vehicle/IC2045,http://irail.be/stations/NMBS/008822269,IC,2017-07-17T23:50:00,2017-07-17T23:50:00,85,85
http://irail.be/vehicle/IC2045,http://irail.be/stations/NMBS/008811189,IC,2017-07-17T23:52:00,2017-07-17T23:52:00,77,77
http://irail.be/vehicle/IC2045,http://irail.be/stations/NMBS/008811148,IC,2017-07-17T23:54:00,2017-07-17T23:54:00,65,65
http://irail.be/vehicle/IC2045,http://irail.be/stations/NMBS/008811007,IC,2017-07-17T23:57:00,2017-07-17T23:57:00,121,121
http://irail.be/vehicle/IC2045,http://irail.be/stations/NMBS/008812005,IC,2017-07-18T00:02:00,2017-07-18T00:02:00,77,149
http://irail.be/vehicle/IC2045,http://irail.be/stations/NMBS/008813045,IC,2017-07-18T00:04:00,2017-07-18T00:04:00,82,82
http://irail.be/vehicle/IC2045,http://irail.be/stations/NMBS/008813003,IC,2017-07-18T00:06:00,2017-07-18T00:05:00,191,201
http://irail.be/vehicle/IC2045,http://irail.be/stations/NMBS/008813037,IC,2017-07-18T00:07:00,2017-07-18T00:07:00,192,192
http://irail.be/vehicle/IC2045,http://irail.be/stations/NMBS/008814001,IC,2017-07-18T00:10:00,2017-07-18T00:10:00,,185
http://irail.be/vehicle/IC2045,http://irail.be/stations/NMBS/008821006,IC,2017-06-30T23:25:00,2017-06-30T23:25:00,17,
http://irail.be/vehicle/IC2045,http://irail.be/stations/NMBS/008821121,IC,2017-06-30T23:31:00,2017-06-30T23:29:00,56,56
http://irail.be/vehicle/IC2045,http://irail.be/stations/NMBS/008821154,IC,2017-06-30T23:33:00,2017-06-30T23:33:00,41,41
http://irail.be/vehicle/IC2045,http://irail.be/stations/NMBS/008821238,IC,2017-06-30T23:34:00,2017-06-30T23:34:00,15,15
http://irail.be/vehicle/IC2045,http://irail.be/stations/NMBS/008821337,IC,2017-06-30T23:35:00,2017-06-30T23:35:00,11,11
http://irail.be/vehicle/IC2045,http://irail.be/stations/NMBS/008821311,IC,2017-06-30T23:36:00,2017-06-30T23:36:00,9,9
http://irail.be/vehicle/IC2045,http://irail.be/stations/NMBS/008822210,IC,2017-06-30T23:38:00,2017-06-30T23:38:00,13,13
http://irail.be/vehicle/IC2045,http://irail.be/stations/NMBS/008822228,IC,2017-06-30T23:39:00,2017-06-30T23:39:00,99,99
http://irail.be/vehicle/IC2045,http://irail.be/stations/NMBS/008822343,IC,2017-06-30T23:41:00,2017-06-30T23:41:00,51,51
http://irail.be/vehicle/IC2045,http://irail.be/stations/NMBS/008822004,IC,2017-06-30T23:45:00,2017-06-30T23:43:00,19,51
http://irail.be/vehicle/IC2045,http://irail.be/stations/NMBS/008822251,IC,2017-06-30T23:49:00,2017-06-30T23:49:00,-23,-23
http://irail.be/vehicle/IC2045,http://irail.be/stations/NMBS/008822269,IC,2017-06-30T23:50:00,2017-06-30T23:50:00,-23,-23
http://irail.be/vehicle/IC2045,http://irail.be/stations/NMBS/008811189,IC,2017-06-30T23:52:00,2017-06-30T23:52:00,5,5
http://irail.be/vehicle/IC2045,http://irail.be/stations/NMBS/008811148,IC,2017-06-30T23:54:00,2017-06-30T23:54:00,7,7
http://irail.be/vehicle/IC2045,http://irail.be/stations/NMBS/008811007,IC,2017-06-30T23:57:00,2017-06-30T23:57:00,-10,-10
http://irail.be/vehicle/IC2045,http://irail.be/stations/NMBS/008812005,IC,2017-07-01T00:02:00,2017-07-01T00:02:00,72,-13
http://irail.be/vehicle/IC2045,http://irail.be/stations/NMBS/008813045,IC,2017-07-01T00:04:00,2017-07-01T00:04:00,89,89
http://irail.be/vehicle/IC2045,http://irail.be/stations/NMBS/008813003,IC,2017-07-01T00:06:00,2017-07-01T00:05:00,159,144
http://irail.be/vehicle/IC2045,http://irail.be/stations/NMBS/008813037,IC,2017-07-01T00:07:00,2017-07-01T00:07:00,154,154
http://irail.be/vehicle/IC2045,http://irail.be/stations/NMBS/008814001,IC,2017-07-01T00:10:00,2017-07-01T00:10:00,,148
http://irail.be/vehicle/IC2045,http://irail.be/stations/NMBS/008821006,IC,2017-02-17T23:25:00,2017-02-17T23:25:00,124,
http://irail.be/vehicle/IC2045,http://irail.be/stations/NMBS/008821121,IC,2017-02-17T23:31:00,2017-02-17T23:29:00,176,176
http://irail.be/vehicle/IC2045,http://irail.be/stations/NMBS/008821154,IC,2017-02-17T23:33:00,2017-02-17T23:33:00,154,153
http://irail.be/vehicle/IC2045,http://irail.be/stations/NMBS/008821238,IC,2017-02-17T23:34:00,2017-02-17T23:34:00,129,129
http://irail.be/vehicle/IC2045,http://irail.be/stations/NMBS/008821337,IC,2017-02-17T23:35:00,2017-02-17T23:35:00,119,119
http://irail.be/vehicle/IC2045,NO-URI,IC,2017-02-17T23:36:00,2017-02-17T23:36:00,117,117
http://irail.be/vehicle/IC2045,http://irail.be/stations/NMBS/008822210,IC,2017-02-17T23:38:00,2017-02-17T23:38:00,120,120
http://irail.be/vehicle/IC2045,http://irail.be/stations/NMBS/008822228,IC,2017-02-17T23:39:00,2017-02-17T23:39:00,153,153
http://irail.be/vehicle/IC2045,http://irail.be/stations/NMBS/008822343,IC,2017-02-17T23:41:00,2017-02-17T23:41:00,102,102
http://irail.be/vehicle/IC2045,http://irail.be/stations/NMBS/008822004,IC,2017-02-17T23:45:00,2017-02-17T23:43:00,79,102
http://irail.be/vehicle/IC2045,http://irail.be/stations/NMBS/008822251,IC,2017-02-17T23:49:00,2017-02-17T23:49:00,31,31
http://irail.be/vehicle/IC2045,http://irail.be/stations/NMBS/008822269,IC,2017-02-17T23:50:00,2017-02-17T23:50:00,31,31
http://irail.be/vehicle/IC2045,http://irail.be/stations/NMBS/008811189,IC,2017-02-17T23:52:00,2017-02-17T23:52:00,2,2
http://irail.be/vehicle/IC2045,http://irail.be/stations/NMBS/008811148,IC,2017-02-17T23:54:00,2017-02-17T23:54:00,-11,-11
http://irail.be/vehicle/IC2045,http://irail.be/stations/NMBS/008811007,IC,2017-02-17T23:57:00,2017-02-17T23:57:00,-84,-84
http://irail.be/vehicle/IC2045,http://irail.be/stations/NMBS/008812005,IC,2017-02-18T00:02:00,2017-02-18T00:02:00,120,-109
http://irail.be/vehicle/IC2045,http://irail.be/stations/NMBS/008813045,IC,2017-02-18T00:04:00,2017-02-18T00:04:00,116,116
http://irail.be/vehicle/IC2045,http://irail.be/stations/NMBS/008813003,IC,2017-02-18T00:06:00,2017-02-18T00:05:00,201,185
http://irail.be/vehicle/IC2045,http://irail.be/stations/NMBS/008813037,IC,2017-02-18T00:07:00,2017-02-18T00:07:00,203,203
http://irail.be/vehicle/IC2045,http://irail.be/stations/NMBS/008814001,IC,2017-02-18T00:10:00,2017-02-18T00:10:00,,203
http://irail.be/vehicle/IC2045,http://irail.be/stations/NMBS/008821006,IC,2017-05-03T23:25:00,2017-05-03T23:25:00,17,
http://irail.be/vehicle/IC2045,http://irail.be/stations/NMBS/008821121,IC,2017-05-03T23:31:00,2017-05-03T23:29:00,75,75
http://irail.be/vehicle/IC2045,http://irail.be/stations/NMBS/008821154,IC,2017-05-03T23:33:00,2017-05-03T23:33:00,50,50
http://irail.be/vehicle/IC2045,http://irail.be/stations/NMBS/008821238,IC,2017-05-03T23:34:00,2017-05-03T23:34:00,24,24
http://irail.be/vehicle/IC2045,http://irail.be/stations/NMBS/008821337,IC,2017-05-03T23:35:00,2017-05-03T23:35:00,13,13
http://irail.be/vehicle/IC2045,NO-URI,IC,2017-05-03T23:36:00,2017-05-03T23:36:00,10,10
http://irail.be/vehicle/IC2045,http://irail.be/stations/NMBS/008822210,IC,2017-05-03T23:38:00,2017-05-03T23:38:00,15,15
http://irail.be/vehicle/IC2045,http://irail.be/stations/NMBS/008822228,IC,2017-05-03T23:39:00,2017-05-03T23:39:00,64,64
http://irail.be/vehicle/IC2045,http://irail.be/stations/NMBS/008822343,IC,2017-05-03T23:41:00,2017-05-03T23:41:00,24,24
http://irail.be/vehicle/IC2045,http://irail.be/stations/NMBS/008822004,IC,2017-05-03T23:45:00,2017-05-03T23:43:00,25,24
http://irail.be/vehicle/IC2045,http://irail.be/stations/NMBS/008822251,IC,2017-05-03T23:49:00,2017-05-03T23:49:00,-43,-43
http://irail.be/vehicle/IC2045,http://irail.be/stations/NMBS/008822269,IC,2017-05-03T23:50:00,2017-05-03T23:50:00,-43,-43
http://irail.be/vehicle/IC2045,http://irail.be/stations/NMBS/008811189,IC,2017-05-03T23:52:00,2017-05-03T23:52:00,-42,-42
http://irail.be/vehicle/IC2045,http://irail.be/stations/NMBS/008811148,IC,2017-05-03T23:54:00,2017-05-03T23:54:00,-51,-51
http://irail.be/vehicle/IC2045,http://irail.be/stations/NMBS/008811007,IC,2017-05-03T23:57:00,2017-05-03T23:57:00,132,132
http://irail.be/vehicle/IC2045,http://irail.be/stations/NMBS/008812005,IC,2017-05-04T00:02:00,2017-05-04T00:02:00,49,148
http://irail.be/vehicle/IC2045,http://irail.be/stations/NMBS/008813045,IC,2017-05-04T00:04:00,2017-05-04T00:04:00,46,46
http://irail.be/vehicle/IC2045,http://irail.be/stations/NMBS/008813003,IC,2017-05-04T00:06:00,2017-05-04T00:05:00,51,63
http://irail.be/vehicle/IC2045,http://irail.be/stations/NMBS/008813037,IC,2017-05-04T00:07:00,2017-05-04T00:07:00,49,49
http://irail.be/vehicle/IC2045,http://irail.be/stations/NMBS/008814001,IC,2017-05-04T00:10:00,2017-05-04T00:10:00,,64
http://irail.be/vehicle/IC2045,http://irail.be/stations/NMBS/008821006,IC,2017-05-22T23:25:00,2017-05-22T23:25:00,65,
http://irail.be/vehicle/IC2045,http://irail.be/stations/NMBS/008821121,IC,2017-05-22T23:31:00,2017-05-22T23:29:00,27,27
http://irail.be/vehicle/IC2045,http://irail.be/stations/NMBS/008821154,IC,2017-05-22T23:33:00,2017-05-22T23:33:00,2,2
http://irail.be/vehicle/IC2045,http://irail.be/stations/NMBS/008821238,IC,2017-05-22T23:34:00,2017-05-22T23:34:00,-21,-21
http://irail.be/vehicle/IC2045,http://irail.be/stations/NMBS/008821337,IC,2017-05-22T23:35:00,2017-05-22T23:35:00,-22,-22
http://irail.be/vehicle/IC2045,NO-URI,IC,2017-05-22T23:36:00,2017-05-22T23:36:00,-23,-23
http://irail.be/vehicle/IC2045,http://irail.be/stations/NMBS/008822210,IC,2017-05-22T23:38:00,2017-05-22T23:38:00,-16,-16
http://irail.be/vehicle/IC2045,http://irail.be/stations/NMBS/008822228,IC,2017-05-22T23:39:00,2017-05-22T23:39:00,39,39
http://irail.be/vehicle/IC2045,http://irail.be/stations/NMBS/008822343,IC,2017-05-22T23:41:00,2017-05-22T23:41:00,12,12
http://irail.be/vehicle/IC2045,http://irail.be/stations/NMBS/008822004,IC,2017-05-22T23:45:00,2017-05-22T23:43:00,120,12
http://irail.be/vehicle/IC2045,http://irail.be/stations/NMBS/008822251,IC,2017-05-22T23:49:00,2017-05-22T23:49:00,71,71
http://irail.be/vehicle/IC2045,http://irail.be/stations/NMBS/008822269,IC,2017-05-22T23:50:00,2017-05-22T23:50:00,71,71
http://irail.be/vehicle/IC2045,http://irail.be/stations/NMBS/008811189,IC,2017-05-22T23:52:00,2017-05-22T23:52:00,69,69
http://irail.be/vehicle/IC2045,http://irail.be/stations/NMBS/008811148,IC,2017-05-22T23:54:00,2017-05-22T23:54:00,68,68
http://irail.be/vehicle/IC2045,http://irail.be/stations/NMBS/008811007,IC,2017-05-22T23:57:00,2017-05-22T23:57:00,214,214
http://irail.be/vehicle/IC2045,http://irail.be/stations/NMBS/008812005,IC,2017-05-23T00:02:00,2017-05-23T00:02:00,239,327
http://irail.be/vehicle/IC2045,http://irail.be/stations/NMBS/008813045,IC,2017-05-23T00:04:00,2017-05-23T00:04:00,239,239
http://irail.be/vehicle/IC2045,http://irail.be/stations/NMBS/008813003,IC,2017-05-23T00:06:00,2017-05-23T00:05:00,249,261
http://irail.be/vehicle/IC2045,http://irail.be/stations/NMBS/008813037,IC,2017-05-23T00:07:00,2017-05-23T00:07:00,251,251
http://irail.be/vehicle/IC2045,http://irail.be/stations/NMBS/008814001,IC,2017-05-23T00:10:00,2017-05-23T00:10:00,,252
http://irail.be/vehicle/IC2045,http://irail.be/stations/NMBS/008821006,IC,2017-10-31T23:25:00,2017-10-31T23:25:00,48,
http://irail.be/vehicle/IC2045,http://irail.be/stations/NMBS/008821121,IC,2017-10-31T23:31:00,2017-10-31T23:29:00,168,168
http://irail.be/vehicle/IC2045,http://irail.be/stations/NMBS/008821154,IC,2017-10-31T23:33:00,2017-10-31T23:33:00,149,149
http://irail.be/vehicle/IC2045,http://irail.be/stations/NMBS/008821238,IC,2017-10-31T23:34:00,2017-10-31T23:34:00,125,125
http://irail.be/vehicle/IC2045,http://irail.be/stations/NMBS/008821337,IC,2017-10-31T23:35:00,2017-10-31T23:35:00,120,120
http://irail.be/vehicle/IC2045,http://irail.be/stations/NMBS/008821311,IC,2017-10-31T23:36:00,2017-10-31T23:36:00,119,119
http://irail.be/vehicle/IC2045,http://irail.be/stations/NMBS/008822210,IC,2017-10-31T23:38:00,2017-10-31T23:38:00,125,125
http://irail.be/vehicle/IC2045,http://irail.be/stations/NMBS/008822228,IC,2017-10-31T23:39:00,2017-10-31T23:39:00,181,181
http://irail.be/vehicle/IC2045,http://irail.be/stations/NMBS/008822343,IC,2017-10-31T23:41:00,2017-10-31T23:41:00,155,155
http://irail.be/vehicle/IC2045,http://irail.be/stations/NMBS/008822004,IC,2017-10-31T23:45:00,2017-10-31T23:43:00,99,155
http://irail.be/vehicle/IC2045,http://irail.be/stations/NMBS/008822251,IC,2017-10-31T23:49:00,2017-10-31T23:49:00,138,138
http://irail.be/vehicle/IC2045,http://irail.be/stations/NMBS/008822269,IC,2017-10-31T23:50:00,2017-10-31T23:50:00,138,138
http://irail.be/vehicle/IC2045,http://irail.be/stations/NMBS/008811189,IC,2017-10-31T23:52:00,2017-10-31T23:52:00,153,153
http://irail.be/vehicle/IC2045,http://irail.be/stations/NMBS/008811148,IC,2017-10-31T23:54:00,2017-10-31T23:54:00,142,142
http://irail.be/vehicle/IC2045,http://irail.be/stations/NMBS/008811007,IC,2017-10-31T23:57:00,2017-10-31T23:57:00,82,82
http://irail.be/vehicle/IC2045,http://irail.be/stations/NMBS/008812005,IC,2017-11-01T00:02:00,2017-11-01T00:02:00,8,78
http://irail.be/vehicle/IC2045,http://irail.be/stations/NMBS/008813045,IC,2017-11-01T00:04:00,2017-11-01T00:04:00,8,8
http://irail.be/vehicle/IC2045,http://irail.be/stations/NMBS/008813003,IC,2017-11-01T00:06:00,2017-11-01T00:05:00,62,34
http://irail.be/vehicle/IC2045,http://irail.be/stations/NMBS/008813037,IC,2017-11-01T00:07:00,2017-11-01T00:07:00,61,61
http://irail.be/vehicle/IC2045,http://irail.be/stations/NMBS/008814001,IC,2017-11-01T00:10:00,2017-11-01T00:10:00,,56
http://irail.be/vehicle/IC2045,http://irail.be/stations/NMBS/008821006,IC,2017-12-05T23:25:00,2017-12-05T23:25:00,8,
http://irail.be/vehicle/IC2045,http://irail.be/stations/NMBS/008821121,IC,2017-12-05T23:31:00,2017-12-05T23:29:00,45,45
http://irail.be/vehicle/IC2045,http://irail.be/stations/NMBS/008821154,IC,2017-12-05T23:33:00,2017-12-05T23:33:00,16,16
http://irail.be/vehicle/IC2045,http://irail.be/stations/NMBS/008821238,IC,2017-12-05T23:34:00,2017-12-05T23:34:00,-10,-10
http://irail.be/vehicle/IC2045,http://irail.be/stations/NMBS/008821337,IC,2017-12-05T23:35:00,2017-12-05T23:35:00,69,69
http://irail.be/vehicle/IC2045,http://irail.be/stations/NMBS/008821311,IC,2017-12-05T23:36:00,2017-12-05T23:36:00,68,68
http://irail.be/vehicle/IC2045,http://irail.be/stations/NMBS/008822210,IC,2017-12-05T23:38:00,2017-12-05T23:38:00,73,73
http://irail.be/vehicle/IC2045,http://irail.be/stations/NMBS/008822228,IC,2017-12-05T23:39:00,2017-12-05T23:39:00,114,114
http://irail.be/vehicle/IC2045,http://irail.be/stations/NMBS/008822343,IC,2017-12-05T23:41:00,2017-12-05T23:41:00,65,65
http://irail.be/vehicle/IC2045,http://irail.be/stations/NMBS/008822004,IC,2017-12-05T23:45:00,2017-12-05T23:43:00,19,65
http://irail.be/vehicle/IC2045,http://irail.be/stations/NMBS/008822251,IC,2017-12-05T23:49:00,2017-12-05T23:49:00,4,4
http://irail.be/vehicle/IC2045,http://irail.be/stations/NMBS/008822269,IC,2017-12-05T23:50:00,2017-12-05T23:50:00,4,4
http://irail.be/vehicle/IC2045,http://irail.be/stations/NMBS/008811189,IC,2017-12-05T23:52:00,2017-12-05T23:52:00,8,8
http://irail.be/vehicle/IC2045,http://irail.be/stations/NMBS/008811148,IC,2017-12-05T23:54:00,2017-12-05T23:54:00,-3,-3
http://irail.be/vehicle/IC2045,http://irail.be/stations/NMBS/008811007,IC,2017-12-05T23:57:00,2017-12-05T23:57:00,-70,-70
http://irail.be/vehicle/IC2045,http://irail.be/stations/NMBS/008812005,IC,2017-12-06T00:02:00,2017-12-06T00:02:00,81,-53
http://irail.be/vehicle/IC2045,http://irail.be/stations/NMBS/008813045,IC,2017-12-06T00:04:00,2017-12-06T00:04:00,107,107
http://irail.be/vehicle/IC2045,http://irail.be/stations/NMBS/008813003,IC,2017-12-06T00:06:00,2017-12-06T00:05:00,184,195
http://irail.be/vehicle/IC2045,http://irail.be/stations/NMBS/008813037,IC,2017-12-06T00:07:00,2017-12-06T00:07:00,184,184
http://irail.be/vehicle/IC2045,http://irail.be/stations/NMBS/008814001,IC,2017-12-06T00:10:00,2017-12-06T00:10:00,,179
http://irail.be/vehicle/IC2045,http://irail.be/stations/NMBS/008821006,IC,2017-09-05T23:25:00,2017-09-05T23:25:00,21,
http://irail.be/vehicle/IC2045,http://irail.be/stations/NMBS/008821121,IC,2017-09-05T23:31:00,2017-09-05T23:29:00,48,48
http://irail.be/vehicle/IC2045,http://irail.be/stations/NMBS/008821154,IC,2017-09-05T23:33:00,2017-09-05T23:33:00,34,34
http://irail.be/vehicle/IC2045,http://irail.be/stations/NMBS/008821238,IC,2017-09-05T23:34:00,2017-09-05T23:34:00,14,14
http://irail.be/vehicle/IC2045,http://irail.be/stations/NMBS/008821337,IC,2017-09-05T23:35:00,2017-09-05T23:35:00,9,9
http://irail.be/vehicle/IC2045,http://irail.be/stations/NMBS/008821311,IC,2017-09-05T23:36:00,2017-09-05T23:36:00,7,7
http://irail.be/vehicle/IC2045,http://irail.be/stations/NMBS/008822210,IC,2017-09-05T23:38:00,2017-09-05T23:38:00,16,16
http://irail.be/vehicle/IC2045,http://irail.be/stations/NMBS/008822228,IC,2017-09-05T23:39:00,2017-09-05T23:39:00,60,60
http://irail.be/vehicle/IC2045,http://irail.be/stations/NMBS/008822343,IC,2017-09-05T23:41:00,2017-09-05T23:41:00,12,12
http://irail.be/vehicle/IC2045,http://irail.be/stations/NMBS/008822004,IC,2017-09-05T23:45:00,2017-09-05T23:43:00,21,12
http://irail.be/vehicle/IC2045,http://irail.be/stations/NMBS/008822251,IC,2017-09-05T23:49:00,2017-09-05T23:49:00,-29,-29
http://irail.be/vehicle/IC2045,http://irail.be/stations/NMBS/008822269,IC,2017-09-05T23:50:00,2017-09-05T23:50:00,-29,-29
http://irail.be/vehicle/IC2045,http://irail.be/stations/NMBS/008811189,IC,2017-09-05T23:52:00,2017-09-05T23:52:00,-34,-34
http://irail.be/vehicle/IC2045,http://irail.be/stations/NMBS/008811148,IC,2017-09-05T23:54:00,2017-09-05T23:54:00,-43,-43
http://irail.be/vehicle/IC2045,http://irail.be/stations/NMBS/008811007,IC,2017-09-05T23:57:00,2017-09-05T23:57:00,-80,-80
http://irail.be/vehicle/IC2045,http://irail.be/stations/NMBS/008812005,IC,2017-09-06T00:02:00,2017-09-06T00:02:00,90,75
http://irail.be/vehicle/IC2045,http://irail.be/stations/NMBS/008813045,IC,2017-09-06T00:04:00,2017-09-06T00:04:00,92,92
http://irail.be/vehicle/IC2045,http://irail.be/stations/NMBS/008813003,IC,2017-09-06T00:06:00,2017-09-06T00:05:00,202,194
http://irail.be/vehicle/IC2045,http://irail.be/stations/NMBS/008813037,IC,2017-09-06T00:07:00,2017-09-06T00:07:00,203,203
http://irail.be/vehicle/IC2045,http://irail.be/stations/NMBS/008814001,IC,2017-09-06T00:10:00,2017-09-06T00:10:00,,197
