http://irail.be/vehicle/IC414,http://irail.be/stations/NMBS/008896008,IC,2017-11-02T14:16:00,2017-11-02T14:16:00,55,
http://irail.be/vehicle/IC414,http://irail.be/stations/NMBS/008896115,IC,2017-11-02T14:22:00,2017-11-02T14:21:00,63,63
http://irail.be/vehicle/IC414,http://irail.be/stations/NMBS/008896149,IC,2017-11-02T14:28:00,2017-11-02T14:27:00,80,80
http://irail.be/vehicle/IC414,http://irail.be/stations/NMBS/008892106,IC,2017-11-02T14:38:00,2017-11-02T14:37:00,61,-9
http://irail.be/vehicle/IC414,NO-URI,IC,2017-11-02T14:40:00,2017-11-02T14:40:00,61,61
http://irail.be/vehicle/IC414,http://irail.be/stations/NMBS/008892080,IC,2017-11-02T14:45:00,2017-11-02T14:44:00,22,-25
http://irail.be/vehicle/IC414,http://irail.be/stations/NMBS/008892007,IC,2017-11-02T14:54:00,2017-11-02T14:51:00,41,71
http://irail.be/vehicle/IC414,http://irail.be/stations/NMBS/008814001,IC,2017-11-02T15:27:00,2017-11-02T15:24:00,101,108
http://irail.be/vehicle/IC414,http://irail.be/stations/NMBS/008813037,IC,2017-11-02T15:29:00,2017-11-02T15:29:00,129,129
http://irail.be/vehicle/IC414,http://irail.be/stations/NMBS/008813003,IC,2017-11-02T15:31:00,2017-11-02T15:30:00,161,136
http://irail.be/vehicle/IC414,http://irail.be/stations/NMBS/008813045,IC,2017-11-02T15:33:00,2017-11-02T15:33:00,139,139
http://irail.be/vehicle/IC414,http://irail.be/stations/NMBS/008812005,IC,2017-11-02T15:38:00,2017-11-02T15:35:00,77,134
http://irail.be/vehicle/IC414,http://irail.be/stations/NMBS/008811007,IC,2017-11-02T15:41:00,2017-11-02T15:41:00,46,46
http://irail.be/vehicle/IC414,http://irail.be/stations/NMBS/008811130,IC,2017-11-02T15:42:00,2017-11-02T15:42:00,68,68
http://irail.be/vehicle/IC414,http://irail.be/stations/NMBS/008811213,IC,2017-11-02T15:43:00,2017-11-02T15:43:00,54,54
http://irail.be/vehicle/IC414,http://irail.be/stations/NMBS/008811221,IC,2017-11-02T15:44:00,2017-11-02T15:44:00,61,61
http://irail.be/vehicle/IC414,http://irail.be/stations/NMBS/008811247,IC,2017-11-02T15:45:00,2017-11-02T15:45:00,22,22
http://irail.be/vehicle/IC414,http://irail.be/stations/NMBS/008811254,IC,2017-11-02T15:46:00,2017-11-02T15:46:00,-68,-68
http://irail.be/vehicle/IC414,http://irail.be/stations/NMBS/008811262,IC,2017-11-02T15:48:00,2017-11-02T15:48:00,-68,-68
http://irail.be/vehicle/IC414,http://irail.be/stations/NMBS/008811270,IC,2017-11-02T15:49:00,2017-11-02T15:49:00,10,10
http://irail.be/vehicle/IC414,http://irail.be/stations/NMBS/008811288,IC,2017-11-02T15:50:00,2017-11-02T15:50:00,21,21
http://irail.be/vehicle/IC414,http://irail.be/stations/NMBS/008833001,IC,2017-11-02T15:57:00,2017-11-02T15:53:00,28,28
http://irail.be/vehicle/IC414,http://irail.be/stations/NMBS/008841202,IC,2017-11-02T16:24:00,2017-11-02T16:24:00,-65,-65
http://irail.be/vehicle/IC414,http://irail.be/stations/NMBS/008841004,IC,2017-11-02T16:34:00,2017-11-02T16:31:00,24,75
http://irail.be/vehicle/IC414,http://irail.be/stations/NMBS/008842002,IC,2017-11-02T16:41:00,2017-11-02T16:37:00,2,2
http://irail.be/vehicle/IC414,http://irail.be/stations/NMBS/008842036,IC,2017-11-02T16:43:00,2017-11-02T16:43:00,2,2
http://irail.be/vehicle/IC414,http://irail.be/stations/NMBS/008844271,IC,2017-11-02T16:47:00,2017-11-02T16:47:00,5,5
http://irail.be/vehicle/IC414,NO-URI,IC,2017-11-02T16:48:00,2017-11-02T16:48:00,48,48
http://irail.be/vehicle/IC414,http://irail.be/stations/NMBS/008844255,IC,2017-11-02T16:49:00,2017-11-02T16:49:00,54,54
http://irail.be/vehicle/IC414,http://irail.be/stations/NMBS/008844230,IC,2017-11-02T16:49:00,2017-11-02T16:49:00,97,97
http://irail.be/vehicle/IC414,http://irail.be/stations/NMBS/008844206,IC,2017-11-02T16:54:00,2017-11-02T16:53:00,97,97
http://irail.be/vehicle/IC414,http://irail.be/stations/NMBS/008844008,IC,2017-11-02T17:02:00,2017-11-02T17:00:00,3,-4
http://irail.be/vehicle/IC414,http://irail.be/stations/NMBS/008844057,IC,2017-11-02T17:03:00,2017-11-02T17:03:00,3,3
http://irail.be/vehicle/IC414,NO-URI,IC,2017-11-02T17:05:00,2017-11-02T17:05:00,-3,-3
http://irail.be/vehicle/IC414,http://irail.be/stations/NMBS/008844545,IC,2017-11-02T17:10:00,2017-11-02T17:09:00,37,37
http://irail.be/vehicle/IC414,http://irail.be/stations/NMBS/008844503,IC,2017-11-02T17:16:00,2017-11-02T17:16:00,,37
http://irail.be/vehicle/IC414,http://irail.be/stations/NMBS/008896008,IC,2017-10-04T14:16:00,2017-10-04T14:16:00,62,
http://irail.be/vehicle/IC414,http://irail.be/stations/NMBS/008896115,IC,2017-10-04T14:22:00,2017-10-04T14:21:00,74,74
http://irail.be/vehicle/IC414,http://irail.be/stations/NMBS/008896149,IC,2017-10-04T14:28:00,2017-10-04T14:27:00,92,85
http://irail.be/vehicle/IC414,http://irail.be/stations/NMBS/008892106,IC,2017-10-04T14:38:00,2017-10-04T14:37:00,85,-5
http://irail.be/vehicle/IC414,NO-URI,IC,2017-10-04T14:40:00,2017-10-04T14:40:00,85,85
http://irail.be/vehicle/IC414,http://irail.be/stations/NMBS/008892080,IC,2017-10-04T14:45:00,2017-10-04T14:44:00,43,12
http://irail.be/vehicle/IC414,http://irail.be/stations/NMBS/008892007,IC,2017-10-04T14:54:00,2017-10-04T14:51:00,107,118
http://irail.be/vehicle/IC414,http://irail.be/stations/NMBS/008814001,IC,2017-10-04T15:27:00,2017-10-04T15:24:00,84,118
http://irail.be/vehicle/IC414,http://irail.be/stations/NMBS/008813037,IC,2017-10-04T15:29:00,2017-10-04T15:29:00,100,100
http://irail.be/vehicle/IC414,http://irail.be/stations/NMBS/008813003,IC,2017-10-04T15:31:00,2017-10-04T15:30:00,120,104
http://irail.be/vehicle/IC414,http://irail.be/stations/NMBS/008813045,IC,2017-10-04T15:33:00,2017-10-04T15:33:00,104,104
http://irail.be/vehicle/IC414,http://irail.be/stations/NMBS/008812005,IC,2017-10-04T15:38:00,2017-10-04T15:35:00,355,103
http://irail.be/vehicle/IC414,http://irail.be/stations/NMBS/008811007,IC,2017-10-04T15:41:00,2017-10-04T15:41:00,328,328
http://irail.be/vehicle/IC414,http://irail.be/stations/NMBS/008811130,IC,2017-10-04T15:42:00,2017-10-04T15:42:00,361,361
http://irail.be/vehicle/IC414,http://irail.be/stations/NMBS/008811213,IC,2017-10-04T15:43:00,2017-10-04T15:43:00,349,349
http://irail.be/vehicle/IC414,http://irail.be/stations/NMBS/008811221,IC,2017-10-04T15:44:00,2017-10-04T15:44:00,358,358
http://irail.be/vehicle/IC414,http://irail.be/stations/NMBS/008811247,IC,2017-10-04T15:45:00,2017-10-04T15:45:00,318,318
http://irail.be/vehicle/IC414,http://irail.be/stations/NMBS/008811254,IC,2017-10-04T15:46:00,2017-10-04T15:46:00,228,228
http://irail.be/vehicle/IC414,http://irail.be/stations/NMBS/008811262,IC,2017-10-04T15:48:00,2017-10-04T15:48:00,228,228
http://irail.be/vehicle/IC414,http://irail.be/stations/NMBS/008811270,IC,2017-10-04T15:49:00,2017-10-04T15:49:00,306,306
http://irail.be/vehicle/IC414,http://irail.be/stations/NMBS/008811288,IC,2017-10-04T15:50:00,2017-10-04T15:50:00,318,318
http://irail.be/vehicle/IC414,http://irail.be/stations/NMBS/008833001,IC,2017-10-04T15:57:00,2017-10-04T15:53:00,483,309
http://irail.be/vehicle/IC414,http://irail.be/stations/NMBS/008841202,IC,2017-10-04T16:24:00,2017-10-04T16:24:00,340,340
http://irail.be/vehicle/IC414,http://irail.be/stations/NMBS/008841004,IC,2017-10-04T16:34:00,2017-10-04T16:31:00,291,332
http://irail.be/vehicle/IC414,http://irail.be/stations/NMBS/008842002,IC,2017-10-04T16:41:00,2017-10-04T16:37:00,166,166
http://irail.be/vehicle/IC414,http://irail.be/stations/NMBS/008842036,IC,2017-10-04T16:43:00,2017-10-04T16:43:00,166,166
http://irail.be/vehicle/IC414,http://irail.be/stations/NMBS/008844271,IC,2017-10-04T16:47:00,2017-10-04T16:47:00,137,137
http://irail.be/vehicle/IC414,NO-URI,IC,2017-10-04T16:48:00,2017-10-04T16:48:00,154,154
http://irail.be/vehicle/IC414,http://irail.be/stations/NMBS/008844255,IC,2017-10-04T16:49:00,2017-10-04T16:49:00,154,154
http://irail.be/vehicle/IC414,http://irail.be/stations/NMBS/008844230,IC,2017-10-04T16:49:00,2017-10-04T16:49:00,252,252
http://irail.be/vehicle/IC414,http://irail.be/stations/NMBS/008844206,IC,2017-10-04T16:54:00,2017-10-04T16:53:00,252,252
http://irail.be/vehicle/IC414,http://irail.be/stations/NMBS/008844008,IC,2017-10-04T17:02:00,2017-10-04T17:00:00,96,161
http://irail.be/vehicle/IC414,http://irail.be/stations/NMBS/008844057,IC,2017-10-04T17:03:00,2017-10-04T17:03:00,96,96
http://irail.be/vehicle/IC414,NO-URI,IC,2017-10-04T17:05:00,2017-10-04T17:05:00,128,128
http://irail.be/vehicle/IC414,http://irail.be/stations/NMBS/008844545,IC,2017-10-04T17:10:00,2017-10-04T17:09:00,355,355
http://irail.be/vehicle/IC414,http://irail.be/stations/NMBS/008844503,IC,2017-10-04T17:16:00,2017-10-04T17:16:00,,355
http://irail.be/vehicle/IC414,http://irail.be/stations/NMBS/008896008,IC,2017-09-11T14:16:00,2017-09-11T14:16:00,57,
http://irail.be/vehicle/IC414,http://irail.be/stations/NMBS/008896115,IC,2017-09-11T14:22:00,2017-09-11T14:21:00,68,68
http://irail.be/vehicle/IC414,http://irail.be/stations/NMBS/008896149,IC,2017-09-11T14:28:00,2017-09-11T14:27:00,126,93
http://irail.be/vehicle/IC414,http://irail.be/stations/NMBS/008892106,IC,2017-09-11T14:38:00,2017-09-11T14:37:00,83,43
http://irail.be/vehicle/IC414,NO-URI,IC,2017-09-11T14:40:00,2017-09-11T14:40:00,83,83
http://irail.be/vehicle/IC414,http://irail.be/stations/NMBS/008892080,IC,2017-09-11T14:45:00,2017-09-11T14:44:00,23,4
http://irail.be/vehicle/IC414,http://irail.be/stations/NMBS/008892007,IC,2017-09-11T14:54:00,2017-09-11T14:51:00,97,71
http://irail.be/vehicle/IC414,http://irail.be/stations/NMBS/008814001,IC,2017-09-11T15:27:00,2017-09-11T15:24:00,285,333
http://irail.be/vehicle/IC414,http://irail.be/stations/NMBS/008813037,IC,2017-09-11T15:29:00,2017-09-11T15:29:00,306,306
http://irail.be/vehicle/IC414,http://irail.be/stations/NMBS/008813003,IC,2017-09-11T15:31:00,2017-09-11T15:30:00,338,313
http://irail.be/vehicle/IC414,http://irail.be/stations/NMBS/008813045,IC,2017-09-11T15:33:00,2017-09-11T15:33:00,322,322
http://irail.be/vehicle/IC414,http://irail.be/stations/NMBS/008812005,IC,2017-09-11T15:38:00,2017-09-11T15:35:00,249,317
http://irail.be/vehicle/IC414,http://irail.be/stations/NMBS/008811007,IC,2017-09-11T15:41:00,2017-09-11T15:41:00,270,270
http://irail.be/vehicle/IC414,http://irail.be/stations/NMBS/008811130,IC,2017-09-11T15:42:00,2017-09-11T15:42:00,311,311
http://irail.be/vehicle/IC414,http://irail.be/stations/NMBS/008811213,IC,2017-09-11T15:43:00,2017-09-11T15:43:00,307,307
http://irail.be/vehicle/IC414,http://irail.be/stations/NMBS/008811221,IC,2017-09-11T15:44:00,2017-09-11T15:44:00,318,318
http://irail.be/vehicle/IC414,http://irail.be/stations/NMBS/008811247,IC,2017-09-11T15:45:00,2017-09-11T15:45:00,277,277
http://irail.be/vehicle/IC414,http://irail.be/stations/NMBS/008811254,IC,2017-09-11T15:46:00,2017-09-11T15:46:00,186,186
http://irail.be/vehicle/IC414,http://irail.be/stations/NMBS/008811262,IC,2017-09-11T15:48:00,2017-09-11T15:48:00,186,186
http://irail.be/vehicle/IC414,http://irail.be/stations/NMBS/008811270,IC,2017-09-11T15:49:00,2017-09-11T15:49:00,264,264
http://irail.be/vehicle/IC414,http://irail.be/stations/NMBS/008811288,IC,2017-09-11T15:50:00,2017-09-11T15:50:00,276,276
http://irail.be/vehicle/IC414,http://irail.be/stations/NMBS/008833001,IC,2017-09-11T15:57:00,2017-09-11T15:53:00,172,298
http://irail.be/vehicle/IC414,http://irail.be/stations/NMBS/008841202,IC,2017-09-11T16:24:00,2017-09-11T16:24:00,67,67
http://irail.be/vehicle/IC414,http://irail.be/stations/NMBS/008841004,IC,2017-09-11T16:34:00,2017-09-11T16:31:00,51,31
http://irail.be/vehicle/IC414,http://irail.be/stations/NMBS/008842002,IC,2017-09-11T16:41:00,2017-09-11T16:37:00,28,28
http://irail.be/vehicle/IC414,http://irail.be/stations/NMBS/008842036,IC,2017-09-11T16:43:00,2017-09-11T16:43:00,28,28
http://irail.be/vehicle/IC414,http://irail.be/stations/NMBS/008844271,IC,2017-09-11T16:47:00,2017-09-11T16:47:00,12,12
http://irail.be/vehicle/IC414,NO-URI,IC,2017-09-11T16:48:00,2017-09-11T16:48:00,11,11
http://irail.be/vehicle/IC414,http://irail.be/stations/NMBS/008844255,IC,2017-09-11T16:49:00,2017-09-11T16:49:00,10,10
http://irail.be/vehicle/IC414,http://irail.be/stations/NMBS/008844230,IC,2017-09-11T16:49:00,2017-09-11T16:49:00,153,153
http://irail.be/vehicle/IC414,http://irail.be/stations/NMBS/008844206,IC,2017-09-11T16:54:00,2017-09-11T16:53:00,153,153
http://irail.be/vehicle/IC414,http://irail.be/stations/NMBS/008844008,IC,2017-09-11T17:02:00,2017-09-11T17:00:00,-17,59
http://irail.be/vehicle/IC414,http://irail.be/stations/NMBS/008844057,IC,2017-09-11T17:03:00,2017-09-11T17:03:00,-17,-17
http://irail.be/vehicle/IC414,NO-URI,IC,2017-09-11T17:05:00,2017-09-11T17:05:00,10,10
http://irail.be/vehicle/IC414,http://irail.be/stations/NMBS/008844545,IC,2017-09-11T17:10:00,2017-09-11T17:09:00,98,98
http://irail.be/vehicle/IC414,http://irail.be/stations/NMBS/008844503,IC,2017-09-11T17:16:00,2017-09-11T17:16:00,,98
http://irail.be/vehicle/IC414,http://irail.be/stations/NMBS/008896008,IC,2017-06-15T14:16:00,2017-06-15T14:16:00,58,
http://irail.be/vehicle/IC414,http://irail.be/stations/NMBS/008896115,IC,2017-06-15T14:22:00,2017-06-15T14:21:00,45,45
http://irail.be/vehicle/IC414,http://irail.be/stations/NMBS/008896149,IC,2017-06-15T14:28:00,2017-06-15T14:27:00,82,69
http://irail.be/vehicle/IC414,http://irail.be/stations/NMBS/008892106,IC,2017-06-15T14:38:00,2017-06-15T14:37:00,38,-19
http://irail.be/vehicle/IC414,NO-URI,IC,2017-06-15T14:40:00,2017-06-15T14:40:00,38,38
http://irail.be/vehicle/IC414,http://irail.be/stations/NMBS/008892080,IC,2017-06-15T14:45:00,2017-06-15T14:44:00,46,-33
http://irail.be/vehicle/IC414,http://irail.be/stations/NMBS/008892007,IC,2017-06-15T14:54:00,2017-06-15T14:51:00,-2,67
http://irail.be/vehicle/IC414,http://irail.be/stations/NMBS/008814001,IC,2017-06-15T15:27:00,2017-06-15T15:24:00,319,284
http://irail.be/vehicle/IC414,http://irail.be/stations/NMBS/008813037,IC,2017-06-15T15:29:00,2017-06-15T15:29:00,340,340
http://irail.be/vehicle/IC414,http://irail.be/stations/NMBS/008813003,IC,2017-06-15T15:31:00,2017-06-15T15:30:00,387,348
http://irail.be/vehicle/IC414,http://irail.be/stations/NMBS/008813045,IC,2017-06-15T15:33:00,2017-06-15T15:33:00,394,394
http://irail.be/vehicle/IC414,http://irail.be/stations/NMBS/008812005,IC,2017-06-15T15:38:00,2017-06-15T15:35:00,398,409
http://irail.be/vehicle/IC414,http://irail.be/stations/NMBS/008811007,IC,2017-06-15T15:41:00,2017-06-15T15:41:00,391,391
http://irail.be/vehicle/IC414,http://irail.be/stations/NMBS/008811130,IC,2017-06-15T15:42:00,2017-06-15T15:42:00,411,411
http://irail.be/vehicle/IC414,http://irail.be/stations/NMBS/008811213,IC,2017-06-15T15:43:00,2017-06-15T15:43:00,397,397
http://irail.be/vehicle/IC414,http://irail.be/stations/NMBS/008811221,IC,2017-06-15T15:44:00,2017-06-15T15:44:00,407,407
http://irail.be/vehicle/IC414,http://irail.be/stations/NMBS/008811247,IC,2017-06-15T15:45:00,2017-06-15T15:45:00,369,369
http://irail.be/vehicle/IC414,http://irail.be/stations/NMBS/008811254,IC,2017-06-15T15:46:00,2017-06-15T15:46:00,279,279
http://irail.be/vehicle/IC414,http://irail.be/stations/NMBS/008811262,IC,2017-06-15T15:48:00,2017-06-15T15:48:00,279,279
http://irail.be/vehicle/IC414,http://irail.be/stations/NMBS/008811270,IC,2017-06-15T15:49:00,2017-06-15T15:49:00,359,359
http://irail.be/vehicle/IC414,http://irail.be/stations/NMBS/008811288,IC,2017-06-15T15:50:00,2017-06-15T15:50:00,370,370
http://irail.be/vehicle/IC414,http://irail.be/stations/NMBS/008833001,IC,2017-06-15T15:57:00,2017-06-15T15:53:00,321,381
http://irail.be/vehicle/IC414,http://irail.be/stations/NMBS/008841202,IC,2017-06-15T16:24:00,2017-06-15T16:24:00,1535,1535
http://irail.be/vehicle/IC414,http://irail.be/stations/NMBS/008841004,IC,2017-06-15T16:34:00,2017-06-15T16:31:00,1446,1522
http://irail.be/vehicle/IC414,http://irail.be/stations/NMBS/008842002,IC,2017-06-15T16:41:00,2017-06-15T16:37:00,1327,1327
http://irail.be/vehicle/IC414,http://irail.be/stations/NMBS/008842036,IC,2017-06-15T16:43:00,2017-06-15T16:43:00,1327,1327
http://irail.be/vehicle/IC414,http://irail.be/stations/NMBS/008844271,IC,2017-06-15T16:47:00,2017-06-15T16:47:00,1317,1317
http://irail.be/vehicle/IC414,NO-URI,IC,2017-06-15T16:48:00,2017-06-15T16:48:00,1303,1303
http://irail.be/vehicle/IC414,http://irail.be/stations/NMBS/008844255,IC,2017-06-15T16:49:00,2017-06-15T16:49:00,1300,1300
http://irail.be/vehicle/IC414,http://irail.be/stations/NMBS/008844230,IC,2017-06-15T16:49:00,2017-06-15T16:49:00,1359,1359
http://irail.be/vehicle/IC414,http://irail.be/stations/NMBS/008844206,IC,2017-06-15T16:54:00,2017-06-15T16:53:00,1359,1359
http://irail.be/vehicle/IC414,http://irail.be/stations/NMBS/008844008,IC,2017-06-15T17:02:00,2017-06-15T17:00:00,1304,1352
http://irail.be/vehicle/IC414,http://irail.be/stations/NMBS/008844057,IC,2017-06-15T17:03:00,2017-06-15T17:03:00,1304,1304
http://irail.be/vehicle/IC414,NO-URI,IC,2017-06-15T17:05:00,2017-06-15T17:05:00,1322,1322
http://irail.be/vehicle/IC414,http://irail.be/stations/NMBS/008844545,IC,2017-06-15T17:10:00,2017-06-15T17:09:00,1328,1328
http://irail.be/vehicle/IC414,http://irail.be/stations/NMBS/008844503,IC,2017-06-15T17:16:00,2017-06-15T17:16:00,,1328
http://irail.be/vehicle/IC414,http://irail.be/stations/NMBS/008896008,IC,2017-09-04T14:16:00,2017-09-04T14:16:00,72,
http://irail.be/vehicle/IC414,http://irail.be/stations/NMBS/008896115,IC,2017-09-04T14:22:00,2017-09-04T14:21:00,89,89
http://irail.be/vehicle/IC414,http://irail.be/stations/NMBS/008896149,IC,2017-09-04T14:28:00,2017-09-04T14:27:00,109,102
http://irail.be/vehicle/IC414,http://irail.be/stations/NMBS/008892106,IC,2017-09-04T14:38:00,2017-09-04T14:37:00,88,3
http://irail.be/vehicle/IC414,NO-URI,IC,2017-09-04T14:40:00,2017-09-04T14:40:00,88,88
http://irail.be/vehicle/IC414,http://irail.be/stations/NMBS/008892080,IC,2017-09-04T14:45:00,2017-09-04T14:44:00,34,6
http://irail.be/vehicle/IC414,http://irail.be/stations/NMBS/008892007,IC,2017-09-04T14:54:00,2017-09-04T14:51:00,37,57
http://irail.be/vehicle/IC414,http://irail.be/stations/NMBS/008814001,IC,2017-09-04T15:27:00,2017-09-04T15:24:00,173,180
http://irail.be/vehicle/IC414,http://irail.be/stations/NMBS/008813037,IC,2017-09-04T15:29:00,2017-09-04T15:29:00,193,193
http://irail.be/vehicle/IC414,http://irail.be/stations/NMBS/008813003,IC,2017-09-04T15:31:00,2017-09-04T15:30:00,257,217
http://irail.be/vehicle/IC414,http://irail.be/stations/NMBS/008813045,IC,2017-09-04T15:33:00,2017-09-04T15:33:00,247,247
http://irail.be/vehicle/IC414,http://irail.be/stations/NMBS/008812005,IC,2017-09-04T15:38:00,2017-09-04T15:35:00,256,242
http://irail.be/vehicle/IC414,http://irail.be/stations/NMBS/008811007,IC,2017-09-04T15:41:00,2017-09-04T15:41:00,235,235
http://irail.be/vehicle/IC414,http://irail.be/stations/NMBS/008811130,IC,2017-09-04T15:42:00,2017-09-04T15:42:00,257,257
http://irail.be/vehicle/IC414,http://irail.be/stations/NMBS/008811213,IC,2017-09-04T15:43:00,2017-09-04T15:43:00,244,244
http://irail.be/vehicle/IC414,http://irail.be/stations/NMBS/008811221,IC,2017-09-04T15:44:00,2017-09-04T15:44:00,256,256
http://irail.be/vehicle/IC414,http://irail.be/stations/NMBS/008811247,IC,2017-09-04T15:45:00,2017-09-04T15:45:00,219,219
http://irail.be/vehicle/IC414,http://irail.be/stations/NMBS/008811254,IC,2017-09-04T15:46:00,2017-09-04T15:46:00,129,129
http://irail.be/vehicle/IC414,http://irail.be/stations/NMBS/008811262,IC,2017-09-04T15:48:00,2017-09-04T15:48:00,129,129
http://irail.be/vehicle/IC414,http://irail.be/stations/NMBS/008811270,IC,2017-09-04T15:49:00,2017-09-04T15:49:00,217,217
http://irail.be/vehicle/IC414,http://irail.be/stations/NMBS/008811288,IC,2017-09-04T15:50:00,2017-09-04T15:50:00,234,234
http://irail.be/vehicle/IC414,http://irail.be/stations/NMBS/008833001,IC,2017-09-04T15:57:00,2017-09-04T15:53:00,364,402
http://irail.be/vehicle/IC414,http://irail.be/stations/NMBS/008841202,IC,2017-09-04T16:24:00,2017-09-04T16:24:00,352,352
http://irail.be/vehicle/IC414,http://irail.be/stations/NMBS/008841004,IC,2017-09-04T16:34:00,2017-09-04T16:31:00,407,465
http://irail.be/vehicle/IC414,http://irail.be/stations/NMBS/008842002,IC,2017-09-04T16:41:00,2017-09-04T16:37:00,306,306
http://irail.be/vehicle/IC414,http://irail.be/stations/NMBS/008842036,IC,2017-09-04T16:43:00,2017-09-04T16:43:00,306,306
http://irail.be/vehicle/IC414,http://irail.be/stations/NMBS/008844271,IC,2017-09-04T16:47:00,2017-09-04T16:47:00,284,284
http://irail.be/vehicle/IC414,NO-URI,IC,2017-09-04T16:48:00,2017-09-04T16:48:00,293,293
http://irail.be/vehicle/IC414,http://irail.be/stations/NMBS/008844255,IC,2017-09-04T16:49:00,2017-09-04T16:49:00,288,288
http://irail.be/vehicle/IC414,http://irail.be/stations/NMBS/008844230,IC,2017-09-04T16:49:00,2017-09-04T16:49:00,407,407
http://irail.be/vehicle/IC414,http://irail.be/stations/NMBS/008844206,IC,2017-09-04T16:54:00,2017-09-04T16:53:00,407,407
http://irail.be/vehicle/IC414,http://irail.be/stations/NMBS/008844008,IC,2017-09-04T17:02:00,2017-09-04T17:00:00,254,357
http://irail.be/vehicle/IC414,http://irail.be/stations/NMBS/008844057,IC,2017-09-04T17:03:00,2017-09-04T17:03:00,254,254
http://irail.be/vehicle/IC414,NO-URI,IC,2017-09-04T17:05:00,2017-09-04T17:05:00,297,297
http://irail.be/vehicle/IC414,http://irail.be/stations/NMBS/008844545,IC,2017-09-04T17:10:00,2017-09-04T17:09:00,362,362
http://irail.be/vehicle/IC414,http://irail.be/stations/NMBS/008844503,IC,2017-09-04T17:16:00,2017-09-04T17:16:00,,362
http://irail.be/vehicle/IC414,http://irail.be/stations/NMBS/008896008,IC,2017-11-09T14:16:00,2017-11-09T14:16:00,52,
http://irail.be/vehicle/IC414,http://irail.be/stations/NMBS/008896115,IC,2017-11-09T14:22:00,2017-11-09T14:21:00,37,37
http://irail.be/vehicle/IC414,http://irail.be/stations/NMBS/008896149,IC,2017-11-09T14:28:00,2017-11-09T14:27:00,61,57
http://irail.be/vehicle/IC414,http://irail.be/stations/NMBS/008892106,IC,2017-11-09T14:38:00,2017-11-09T14:37:00,76,-41
http://irail.be/vehicle/IC414,NO-URI,IC,2017-11-09T14:40:00,2017-11-09T14:40:00,76,76
http://irail.be/vehicle/IC414,http://irail.be/stations/NMBS/008892080,IC,2017-11-09T14:45:00,2017-11-09T14:44:00,17,-19
http://irail.be/vehicle/IC414,http://irail.be/stations/NMBS/008892007,IC,2017-11-09T14:54:00,2017-11-09T14:51:00,72,55
http://irail.be/vehicle/IC414,http://irail.be/stations/NMBS/008814001,IC,2017-11-09T15:27:00,2017-11-09T15:24:00,90,85
http://irail.be/vehicle/IC414,http://irail.be/stations/NMBS/008813037,IC,2017-11-09T15:29:00,2017-11-09T15:29:00,110,110
http://irail.be/vehicle/IC414,http://irail.be/stations/NMBS/008813003,IC,2017-11-09T15:31:00,2017-11-09T15:30:00,248,148
http://irail.be/vehicle/IC414,http://irail.be/stations/NMBS/008813045,IC,2017-11-09T15:33:00,2017-11-09T15:33:00,241,241
http://irail.be/vehicle/IC414,http://irail.be/stations/NMBS/008812005,IC,2017-11-09T15:38:00,2017-11-09T15:35:00,243,237
http://irail.be/vehicle/IC414,http://irail.be/stations/NMBS/008811007,IC,2017-11-09T15:41:00,2017-11-09T15:41:00,223,223
http://irail.be/vehicle/IC414,http://irail.be/stations/NMBS/008811130,IC,2017-11-09T15:42:00,2017-11-09T15:42:00,249,249
http://irail.be/vehicle/IC414,http://irail.be/stations/NMBS/008811213,IC,2017-11-09T15:43:00,2017-11-09T15:43:00,236,236
http://irail.be/vehicle/IC414,http://irail.be/stations/NMBS/008811221,IC,2017-11-09T15:44:00,2017-11-09T15:44:00,244,244
http://irail.be/vehicle/IC414,http://irail.be/stations/NMBS/008811247,IC,2017-11-09T15:45:00,2017-11-09T15:45:00,203,203
http://irail.be/vehicle/IC414,http://irail.be/stations/NMBS/008811254,IC,2017-11-09T15:46:00,2017-11-09T15:46:00,112,112
http://irail.be/vehicle/IC414,http://irail.be/stations/NMBS/008811262,IC,2017-11-09T15:48:00,2017-11-09T15:48:00,112,112
http://irail.be/vehicle/IC414,http://irail.be/stations/NMBS/008811270,IC,2017-11-09T15:49:00,2017-11-09T15:49:00,189,189
http://irail.be/vehicle/IC414,http://irail.be/stations/NMBS/008811288,IC,2017-11-09T15:50:00,2017-11-09T15:50:00,203,203
http://irail.be/vehicle/IC414,http://irail.be/stations/NMBS/008833001,IC,2017-11-09T15:57:00,2017-11-09T15:53:00,191,226
http://irail.be/vehicle/IC414,http://irail.be/stations/NMBS/008841202,IC,2017-11-09T16:24:00,2017-11-09T16:24:00,87,87
http://irail.be/vehicle/IC414,http://irail.be/stations/NMBS/008841004,IC,2017-11-09T16:34:00,2017-11-09T16:31:00,258,207
http://irail.be/vehicle/IC414,http://irail.be/stations/NMBS/008842002,IC,2017-11-09T16:41:00,2017-11-09T16:37:00,196,196
http://irail.be/vehicle/IC414,http://irail.be/stations/NMBS/008842036,IC,2017-11-09T16:43:00,2017-11-09T16:43:00,196,196
http://irail.be/vehicle/IC414,http://irail.be/stations/NMBS/008844271,IC,2017-11-09T16:47:00,2017-11-09T16:47:00,171,171
http://irail.be/vehicle/IC414,NO-URI,IC,2017-11-09T16:48:00,2017-11-09T16:48:00,160,160
http://irail.be/vehicle/IC414,http://irail.be/stations/NMBS/008844255,IC,2017-11-09T16:49:00,2017-11-09T16:49:00,158,158
http://irail.be/vehicle/IC414,http://irail.be/stations/NMBS/008844230,IC,2017-11-09T16:49:00,2017-11-09T16:49:00,237,237
http://irail.be/vehicle/IC414,http://irail.be/stations/NMBS/008844206,IC,2017-11-09T16:54:00,2017-11-09T16:53:00,237,237
http://irail.be/vehicle/IC414,http://irail.be/stations/NMBS/008844008,IC,2017-11-09T17:02:00,2017-11-09T17:00:00,78,154
http://irail.be/vehicle/IC414,http://irail.be/stations/NMBS/008844057,IC,2017-11-09T17:03:00,2017-11-09T17:03:00,78,78
http://irail.be/vehicle/IC414,NO-URI,IC,2017-11-09T17:05:00,2017-11-09T17:05:00,72,72
http://irail.be/vehicle/IC414,http://irail.be/stations/NMBS/008844545,IC,2017-11-09T17:10:00,2017-11-09T17:09:00,94,94
http://irail.be/vehicle/IC414,http://irail.be/stations/NMBS/008844503,IC,2017-11-09T17:16:00,2017-11-09T17:16:00,,94
http://irail.be/vehicle/IC414,http://irail.be/stations/NMBS/008896008,IC,2017-02-14T14:16:00,2017-02-14T14:16:00,103,
http://irail.be/vehicle/IC414,http://irail.be/stations/NMBS/008896115,IC,2017-02-14T14:22:00,2017-02-14T14:21:00,199,199
http://irail.be/vehicle/IC414,http://irail.be/stations/NMBS/008896149,IC,2017-02-14T14:28:00,2017-02-14T14:27:00,212,199
http://irail.be/vehicle/IC414,http://irail.be/stations/NMBS/008892106,IC,2017-02-14T14:38:00,2017-02-14T14:37:00,229,183
http://irail.be/vehicle/IC414,NO-URI,IC,2017-02-14T14:40:00,2017-02-14T14:40:00,229,229
http://irail.be/vehicle/IC414,http://irail.be/stations/NMBS/008892080,IC,2017-02-14T14:45:00,2017-02-14T14:44:00,163,131
http://irail.be/vehicle/IC414,http://irail.be/stations/NMBS/008892007,IC,2017-02-14T14:54:00,2017-02-14T14:51:00,168,186
http://irail.be/vehicle/IC414,http://irail.be/stations/NMBS/008814001,IC,2017-02-14T15:27:00,2017-02-14T15:24:00,174,66
http://irail.be/vehicle/IC414,http://irail.be/stations/NMBS/008813037,IC,2017-02-14T15:29:00,2017-02-14T15:29:00,172,172
http://irail.be/vehicle/IC414,http://irail.be/stations/NMBS/008813003,IC,2017-02-14T15:31:00,2017-02-14T15:30:00,241,172
http://irail.be/vehicle/IC414,http://irail.be/stations/NMBS/008813045,IC,2017-02-14T15:33:00,2017-02-14T15:33:00,224,224
http://irail.be/vehicle/IC414,http://irail.be/stations/NMBS/008812005,IC,2017-02-14T15:38:00,2017-02-14T15:35:00,231,214
http://irail.be/vehicle/IC414,http://irail.be/stations/NMBS/008811007,IC,2017-02-14T15:41:00,2017-02-14T15:41:00,209,209
http://irail.be/vehicle/IC414,http://irail.be/stations/NMBS/008811130,IC,2017-02-14T15:42:00,2017-02-14T15:42:00,206,206
http://irail.be/vehicle/IC414,http://irail.be/stations/NMBS/008811213,IC,2017-02-14T15:43:00,2017-02-14T15:43:00,213,213
http://irail.be/vehicle/IC414,http://irail.be/stations/NMBS/008811221,IC,2017-02-14T15:44:00,2017-02-14T15:44:00,226,226
http://irail.be/vehicle/IC414,http://irail.be/stations/NMBS/008811247,IC,2017-02-14T15:45:00,2017-02-14T15:45:00,188,188
http://irail.be/vehicle/IC414,http://irail.be/stations/NMBS/008811254,IC,2017-02-14T15:46:00,2017-02-14T15:46:00,98,98
http://irail.be/vehicle/IC414,http://irail.be/stations/NMBS/008811262,IC,2017-02-14T15:48:00,2017-02-14T15:48:00,98,98
http://irail.be/vehicle/IC414,http://irail.be/stations/NMBS/008811270,IC,2017-02-14T15:49:00,2017-02-14T15:49:00,178,178
http://irail.be/vehicle/IC414,http://irail.be/stations/NMBS/008811288,IC,2017-02-14T15:50:00,2017-02-14T15:50:00,191,191
http://irail.be/vehicle/IC414,http://irail.be/stations/NMBS/008833001,IC,2017-02-14T15:57:00,2017-02-14T15:53:00,119,199
http://irail.be/vehicle/IC414,http://irail.be/stations/NMBS/008841202,IC,2017-02-14T16:24:00,2017-02-14T16:24:00,75,75
http://irail.be/vehicle/IC414,http://irail.be/stations/NMBS/008841004,IC,2017-02-14T16:34:00,2017-02-14T16:31:00,195,212
http://irail.be/vehicle/IC414,http://irail.be/stations/NMBS/008842002,IC,2017-02-14T16:41:00,2017-02-14T16:37:00,439,439
http://irail.be/vehicle/IC414,http://irail.be/stations/NMBS/008842036,IC,2017-02-14T16:43:00,2017-02-14T16:43:00,439,439
http://irail.be/vehicle/IC414,http://irail.be/stations/NMBS/008844271,IC,2017-02-14T16:47:00,2017-02-14T16:47:00,425,425
http://irail.be/vehicle/IC414,NO-URI,IC,2017-02-14T16:48:00,2017-02-14T16:48:00,407,407
http://irail.be/vehicle/IC414,http://irail.be/stations/NMBS/008844255,IC,2017-02-14T16:49:00,2017-02-14T16:49:00,402,402
http://irail.be/vehicle/IC414,http://irail.be/stations/NMBS/008844230,IC,2017-02-14T16:49:00,2017-02-14T16:49:00,470,470
http://irail.be/vehicle/IC414,http://irail.be/stations/NMBS/008844206,IC,2017-02-14T16:54:00,2017-02-14T16:53:00,470,470
http://irail.be/vehicle/IC414,http://irail.be/stations/NMBS/008844008,IC,2017-02-14T17:02:00,2017-02-14T17:00:00,316,409
http://irail.be/vehicle/IC414,http://irail.be/stations/NMBS/008844057,IC,2017-02-14T17:03:00,2017-02-14T17:03:00,316,316
http://irail.be/vehicle/IC414,NO-URI,IC,2017-02-14T17:05:00,2017-02-14T17:05:00,333,333
http://irail.be/vehicle/IC414,http://irail.be/stations/NMBS/008844545,IC,2017-02-14T17:10:00,2017-02-14T17:09:00,439,439
http://irail.be/vehicle/IC414,http://irail.be/stations/NMBS/008844503,IC,2017-02-14T17:16:00,2017-02-14T17:16:00,,439
http://irail.be/vehicle/IC414,http://irail.be/stations/NMBS/008896008,IC,2017-06-07T14:16:00,2017-06-07T14:16:00,173,
http://irail.be/vehicle/IC414,http://irail.be/stations/NMBS/008896115,IC,2017-06-07T14:22:00,2017-06-07T14:21:00,204,204
http://irail.be/vehicle/IC414,http://irail.be/stations/NMBS/008896149,IC,2017-06-07T14:28:00,2017-06-07T14:27:00,277,276
http://irail.be/vehicle/IC414,http://irail.be/stations/NMBS/008892106,IC,2017-06-07T14:38:00,2017-06-07T14:37:00,215,194
http://irail.be/vehicle/IC414,NO-URI,IC,2017-06-07T14:40:00,2017-06-07T14:40:00,215,215
http://irail.be/vehicle/IC414,http://irail.be/stations/NMBS/008892080,IC,2017-06-07T14:45:00,2017-06-07T14:44:00,194,191
http://irail.be/vehicle/IC414,http://irail.be/stations/NMBS/008892007,IC,2017-06-07T14:54:00,2017-06-07T14:51:00,230,266
http://irail.be/vehicle/IC414,http://irail.be/stations/NMBS/008814001,IC,2017-06-07T15:27:00,2017-06-07T15:24:00,231,266
http://irail.be/vehicle/IC414,http://irail.be/stations/NMBS/008813037,IC,2017-06-07T15:29:00,2017-06-07T15:29:00,254,254
http://irail.be/vehicle/IC414,http://irail.be/stations/NMBS/008813003,IC,2017-06-07T15:31:00,2017-06-07T15:30:00,321,261
http://irail.be/vehicle/IC414,http://irail.be/stations/NMBS/008813045,IC,2017-06-07T15:33:00,2017-06-07T15:33:00,327,327
http://irail.be/vehicle/IC414,http://irail.be/stations/NMBS/008812005,IC,2017-06-07T15:38:00,2017-06-07T15:35:00,261,323
http://irail.be/vehicle/IC414,http://irail.be/stations/NMBS/008811007,IC,2017-06-07T15:41:00,2017-06-07T15:41:00,253,253
http://irail.be/vehicle/IC414,http://irail.be/stations/NMBS/008811130,IC,2017-06-07T15:42:00,2017-06-07T15:42:00,291,291
http://irail.be/vehicle/IC414,http://irail.be/stations/NMBS/008811213,IC,2017-06-07T15:43:00,2017-06-07T15:43:00,282,282
http://irail.be/vehicle/IC414,http://irail.be/stations/NMBS/008811221,IC,2017-06-07T15:44:00,2017-06-07T15:44:00,292,292
http://irail.be/vehicle/IC414,http://irail.be/stations/NMBS/008811247,IC,2017-06-07T15:45:00,2017-06-07T15:45:00,258,258
http://irail.be/vehicle/IC414,http://irail.be/stations/NMBS/008811254,IC,2017-06-07T15:46:00,2017-06-07T15:46:00,168,168
http://irail.be/vehicle/IC414,http://irail.be/stations/NMBS/008811262,IC,2017-06-07T15:48:00,2017-06-07T15:48:00,168,168
http://irail.be/vehicle/IC414,http://irail.be/stations/NMBS/008811270,IC,2017-06-07T15:49:00,2017-06-07T15:49:00,249,249
http://irail.be/vehicle/IC414,http://irail.be/stations/NMBS/008811288,IC,2017-06-07T15:50:00,2017-06-07T15:50:00,262,262
http://irail.be/vehicle/IC414,http://irail.be/stations/NMBS/008833001,IC,2017-06-07T15:57:00,2017-06-07T15:53:00,141,248
http://irail.be/vehicle/IC414,http://irail.be/stations/NMBS/008841202,IC,2017-06-07T16:24:00,2017-06-07T16:24:00,113,113
http://irail.be/vehicle/IC414,http://irail.be/stations/NMBS/008841004,IC,2017-06-07T16:34:00,2017-06-07T16:31:00,196,272
http://irail.be/vehicle/IC414,http://irail.be/stations/NMBS/008842002,IC,2017-06-07T16:41:00,2017-06-07T16:37:00,110,110
http://irail.be/vehicle/IC414,http://irail.be/stations/NMBS/008842036,IC,2017-06-07T16:43:00,2017-06-07T16:43:00,110,110
http://irail.be/vehicle/IC414,http://irail.be/stations/NMBS/008844271,IC,2017-06-07T16:47:00,2017-06-07T16:47:00,119,119
http://irail.be/vehicle/IC414,NO-URI,IC,2017-06-07T16:48:00,2017-06-07T16:48:00,120,120
http://irail.be/vehicle/IC414,http://irail.be/stations/NMBS/008844255,IC,2017-06-07T16:49:00,2017-06-07T16:49:00,116,116
http://irail.be/vehicle/IC414,http://irail.be/stations/NMBS/008844230,IC,2017-06-07T16:49:00,2017-06-07T16:49:00,176,176
http://irail.be/vehicle/IC414,http://irail.be/stations/NMBS/008844206,IC,2017-06-07T16:54:00,2017-06-07T16:53:00,176,176
http://irail.be/vehicle/IC414,http://irail.be/stations/NMBS/008844008,IC,2017-06-07T17:02:00,2017-06-07T17:00:00,85,137
http://irail.be/vehicle/IC414,http://irail.be/stations/NMBS/008844057,IC,2017-06-07T17:03:00,2017-06-07T17:03:00,85,85
http://irail.be/vehicle/IC414,NO-URI,IC,2017-06-07T17:05:00,2017-06-07T17:05:00,116,116
http://irail.be/vehicle/IC414,http://irail.be/stations/NMBS/008844545,IC,2017-06-07T17:10:00,2017-06-07T17:09:00,214,214
http://irail.be/vehicle/IC414,http://irail.be/stations/NMBS/008844503,IC,2017-06-07T17:16:00,2017-06-07T17:16:00,,214
http://irail.be/vehicle/IC414,http://irail.be/stations/NMBS/008896008,IC,2017-02-09T14:16:00,2017-02-09T14:16:00,58,
http://irail.be/vehicle/IC414,http://irail.be/stations/NMBS/008896115,IC,2017-02-09T14:22:00,2017-02-09T14:21:00,123,123
http://irail.be/vehicle/IC414,http://irail.be/stations/NMBS/008896149,IC,2017-02-09T14:28:00,2017-02-09T14:27:00,144,123
http://irail.be/vehicle/IC414,http://irail.be/stations/NMBS/008892106,IC,2017-02-09T14:38:00,2017-02-09T14:37:00,140,66
http://irail.be/vehicle/IC414,NO-URI,IC,2017-02-09T14:40:00,2017-02-09T14:40:00,140,140
http://irail.be/vehicle/IC414,http://irail.be/stations/NMBS/008892080,IC,2017-02-09T14:45:00,2017-02-09T14:44:00,127,82
http://irail.be/vehicle/IC414,http://irail.be/stations/NMBS/008892007,IC,2017-02-09T14:54:00,2017-02-09T14:51:00,281,196
http://irail.be/vehicle/IC414,http://irail.be/stations/NMBS/008814001,IC,2017-02-09T15:27:00,2017-02-09T15:24:00,285,264
http://irail.be/vehicle/IC414,http://irail.be/stations/NMBS/008813037,IC,2017-02-09T15:29:00,2017-02-09T15:29:00,279,279
http://irail.be/vehicle/IC414,http://irail.be/stations/NMBS/008813003,IC,2017-02-09T15:31:00,2017-02-09T15:30:00,283,280
http://irail.be/vehicle/IC414,http://irail.be/stations/NMBS/008813045,IC,2017-02-09T15:33:00,2017-02-09T15:33:00,263,263
http://irail.be/vehicle/IC414,http://irail.be/stations/NMBS/008812005,IC,2017-02-09T15:38:00,2017-02-09T15:35:00,218,251
http://irail.be/vehicle/IC414,http://irail.be/stations/NMBS/008811007,IC,2017-02-09T15:41:00,2017-02-09T15:41:00,187,187
http://irail.be/vehicle/IC414,http://irail.be/stations/NMBS/008811130,IC,2017-02-09T15:42:00,2017-02-09T15:42:00,178,178
http://irail.be/vehicle/IC414,http://irail.be/stations/NMBS/008811213,IC,2017-02-09T15:43:00,2017-02-09T15:43:00,186,186
http://irail.be/vehicle/IC414,http://irail.be/stations/NMBS/008811221,IC,2017-02-09T15:44:00,2017-02-09T15:44:00,194,194
http://irail.be/vehicle/IC414,http://irail.be/stations/NMBS/008811247,IC,2017-02-09T15:45:00,2017-02-09T15:45:00,153,153
http://irail.be/vehicle/IC414,http://irail.be/stations/NMBS/008811254,IC,2017-02-09T15:46:00,2017-02-09T15:46:00,63,63
http://irail.be/vehicle/IC414,http://irail.be/stations/NMBS/008811262,IC,2017-02-09T15:48:00,2017-02-09T15:48:00,63,63
http://irail.be/vehicle/IC414,http://irail.be/stations/NMBS/008811270,IC,2017-02-09T15:49:00,2017-02-09T15:49:00,137,137
http://irail.be/vehicle/IC414,http://irail.be/stations/NMBS/008811288,IC,2017-02-09T15:50:00,2017-02-09T15:50:00,148,148
http://irail.be/vehicle/IC414,http://irail.be/stations/NMBS/008833001,IC,2017-02-09T15:57:00,2017-02-09T15:53:00,26,141
http://irail.be/vehicle/IC414,http://irail.be/stations/NMBS/008841202,IC,2017-02-09T16:24:00,2017-02-09T16:24:00,-102,-102
http://irail.be/vehicle/IC414,http://irail.be/stations/NMBS/008841004,IC,2017-02-09T16:34:00,2017-02-09T16:31:00,15,-18
http://irail.be/vehicle/IC414,http://irail.be/stations/NMBS/008842002,IC,2017-02-09T16:41:00,2017-02-09T16:37:00,26,26
http://irail.be/vehicle/IC414,http://irail.be/stations/NMBS/008842036,IC,2017-02-09T16:43:00,2017-02-09T16:43:00,26,26
http://irail.be/vehicle/IC414,http://irail.be/stations/NMBS/008844271,IC,2017-02-09T16:47:00,2017-02-09T16:47:00,-3,-3
http://irail.be/vehicle/IC414,NO-URI,IC,2017-02-09T16:48:00,2017-02-09T16:48:00,-20,-20
http://irail.be/vehicle/IC414,http://irail.be/stations/NMBS/008844255,IC,2017-02-09T16:49:00,2017-02-09T16:49:00,-25,-25
http://irail.be/vehicle/IC414,http://irail.be/stations/NMBS/008844230,IC,2017-02-09T16:49:00,2017-02-09T16:49:00,136,136
http://irail.be/vehicle/IC414,http://irail.be/stations/NMBS/008844206,IC,2017-02-09T16:54:00,2017-02-09T16:53:00,136,136
http://irail.be/vehicle/IC414,http://irail.be/stations/NMBS/008844008,IC,2017-02-09T17:02:00,2017-02-09T17:00:00,-2,74
http://irail.be/vehicle/IC414,http://irail.be/stations/NMBS/008844057,IC,2017-02-09T17:03:00,2017-02-09T17:03:00,-2,-2
http://irail.be/vehicle/IC414,NO-URI,IC,2017-02-09T17:05:00,2017-02-09T17:05:00,14,14
http://irail.be/vehicle/IC414,http://irail.be/stations/NMBS/008844545,IC,2017-02-09T17:10:00,2017-02-09T17:09:00,26,26
http://irail.be/vehicle/IC414,http://irail.be/stations/NMBS/008844503,IC,2017-02-09T17:16:00,2017-02-09T17:16:00,,26
http://irail.be/vehicle/IC414,http://irail.be/stations/NMBS/008896008,IC,2017-11-10T14:16:00,2017-11-10T14:16:00,118,
http://irail.be/vehicle/IC414,http://irail.be/stations/NMBS/008896115,IC,2017-11-10T14:22:00,2017-11-10T14:21:00,102,102
http://irail.be/vehicle/IC414,http://irail.be/stations/NMBS/008896149,IC,2017-11-10T14:28:00,2017-11-10T14:27:00,124,134
http://irail.be/vehicle/IC414,http://irail.be/stations/NMBS/008892106,IC,2017-11-10T14:38:00,2017-11-10T14:37:00,60,27
http://irail.be/vehicle/IC414,NO-URI,IC,2017-11-10T14:40:00,2017-11-10T14:40:00,60,60
http://irail.be/vehicle/IC414,http://irail.be/stations/NMBS/008892080,IC,2017-11-10T14:45:00,2017-11-10T14:44:00,12,-17
http://irail.be/vehicle/IC414,http://irail.be/stations/NMBS/008892007,IC,2017-11-10T14:54:00,2017-11-10T14:51:00,39,55
http://irail.be/vehicle/IC414,http://irail.be/stations/NMBS/008814001,IC,2017-11-10T15:27:00,2017-11-10T15:24:00,63,52
http://irail.be/vehicle/IC414,http://irail.be/stations/NMBS/008813037,IC,2017-11-10T15:29:00,2017-11-10T15:29:00,75,75
http://irail.be/vehicle/IC414,http://irail.be/stations/NMBS/008813003,IC,2017-11-10T15:31:00,2017-11-10T15:30:00,174,110
http://irail.be/vehicle/IC414,http://irail.be/stations/NMBS/008813045,IC,2017-11-10T15:33:00,2017-11-10T15:33:00,156,156
http://irail.be/vehicle/IC414,http://irail.be/stations/NMBS/008812005,IC,2017-11-10T15:38:00,2017-11-10T15:35:00,161,150
http://irail.be/vehicle/IC414,http://irail.be/stations/NMBS/008811007,IC,2017-11-10T15:41:00,2017-11-10T15:41:00,126,126
http://irail.be/vehicle/IC414,http://irail.be/stations/NMBS/008811130,IC,2017-11-10T15:42:00,2017-11-10T15:42:00,140,140
http://irail.be/vehicle/IC414,http://irail.be/stations/NMBS/008811213,IC,2017-11-10T15:43:00,2017-11-10T15:43:00,126,126
http://irail.be/vehicle/IC414,http://irail.be/stations/NMBS/008811221,IC,2017-11-10T15:44:00,2017-11-10T15:44:00,134,134
http://irail.be/vehicle/IC414,http://irail.be/stations/NMBS/008811247,IC,2017-11-10T15:45:00,2017-11-10T15:45:00,95,95
http://irail.be/vehicle/IC414,http://irail.be/stations/NMBS/008811254,IC,2017-11-10T15:46:00,2017-11-10T15:46:00,5,5
http://irail.be/vehicle/IC414,http://irail.be/stations/NMBS/008811262,IC,2017-11-10T15:48:00,2017-11-10T15:48:00,5,5
http://irail.be/vehicle/IC414,http://irail.be/stations/NMBS/008811270,IC,2017-11-10T15:49:00,2017-11-10T15:49:00,83,83
http://irail.be/vehicle/IC414,http://irail.be/stations/NMBS/008811288,IC,2017-11-10T15:50:00,2017-11-10T15:50:00,95,95
http://irail.be/vehicle/IC414,http://irail.be/stations/NMBS/008833001,IC,2017-11-10T15:57:00,2017-11-10T15:53:00,20,82
http://irail.be/vehicle/IC414,http://irail.be/stations/NMBS/008841202,IC,2017-11-10T16:24:00,2017-11-10T16:24:00,-110,-110
http://irail.be/vehicle/IC414,http://irail.be/stations/NMBS/008841004,IC,2017-11-10T16:34:00,2017-11-10T16:31:00,18,-150
http://irail.be/vehicle/IC414,http://irail.be/stations/NMBS/008842002,IC,2017-11-10T16:41:00,2017-11-10T16:37:00,105,105
http://irail.be/vehicle/IC414,http://irail.be/stations/NMBS/008842036,IC,2017-11-10T16:43:00,2017-11-10T16:43:00,105,105
http://irail.be/vehicle/IC414,http://irail.be/stations/NMBS/008844271,IC,2017-11-10T16:47:00,2017-11-10T16:47:00,80,80
http://irail.be/vehicle/IC414,NO-URI,IC,2017-11-10T16:48:00,2017-11-10T16:48:00,74,74
http://irail.be/vehicle/IC414,http://irail.be/stations/NMBS/008844255,IC,2017-11-10T16:49:00,2017-11-10T16:49:00,76,76
http://irail.be/vehicle/IC414,http://irail.be/stations/NMBS/008844230,IC,2017-11-10T16:49:00,2017-11-10T16:49:00,365,365
http://irail.be/vehicle/IC414,http://irail.be/stations/NMBS/008844206,IC,2017-11-10T16:54:00,2017-11-10T16:53:00,365,365
http://irail.be/vehicle/IC414,http://irail.be/stations/NMBS/008844008,IC,2017-11-10T17:02:00,2017-11-10T17:00:00,214,284
http://irail.be/vehicle/IC414,http://irail.be/stations/NMBS/008844057,IC,2017-11-10T17:03:00,2017-11-10T17:03:00,214,214
http://irail.be/vehicle/IC414,NO-URI,IC,2017-11-10T17:05:00,2017-11-10T17:05:00,206,206
http://irail.be/vehicle/IC414,http://irail.be/stations/NMBS/008844545,IC,2017-11-10T17:10:00,2017-11-10T17:09:00,157,157
http://irail.be/vehicle/IC414,http://irail.be/stations/NMBS/008844503,IC,2017-11-10T17:16:00,2017-11-10T17:16:00,,157
http://irail.be/vehicle/IC414,http://irail.be/stations/NMBS/008896008,IC,2017-04-21T14:16:00,2017-04-21T14:16:00,68,
http://irail.be/vehicle/IC414,http://irail.be/stations/NMBS/008896115,IC,2017-04-21T14:22:00,2017-04-21T14:21:00,190,190
http://irail.be/vehicle/IC414,http://irail.be/stations/NMBS/008896149,IC,2017-04-21T14:28:00,2017-04-21T14:27:00,206,190
http://irail.be/vehicle/IC414,http://irail.be/stations/NMBS/008892106,IC,2017-04-21T14:38:00,2017-04-21T14:37:00,196,112
http://irail.be/vehicle/IC414,NO-URI,IC,2017-04-21T14:40:00,2017-04-21T14:40:00,196,196
http://irail.be/vehicle/IC414,http://irail.be/stations/NMBS/008892080,IC,2017-04-21T14:45:00,2017-04-21T14:44:00,143,124
http://irail.be/vehicle/IC414,http://irail.be/stations/NMBS/008892007,IC,2017-04-21T14:54:00,2017-04-21T14:51:00,296,224
http://irail.be/vehicle/IC414,http://irail.be/stations/NMBS/008814001,IC,2017-04-21T15:27:00,2017-04-21T15:24:00,240,269
http://irail.be/vehicle/IC414,http://irail.be/stations/NMBS/008813037,IC,2017-04-21T15:29:00,2017-04-21T15:29:00,233,233
http://irail.be/vehicle/IC414,http://irail.be/stations/NMBS/008813003,IC,2017-04-21T15:31:00,2017-04-21T15:30:00,299,235
http://irail.be/vehicle/IC414,http://irail.be/stations/NMBS/008813045,IC,2017-04-21T15:33:00,2017-04-21T15:33:00,284,284
http://irail.be/vehicle/IC414,http://irail.be/stations/NMBS/008812005,IC,2017-04-21T15:38:00,2017-04-21T15:35:00,282,279
http://irail.be/vehicle/IC414,http://irail.be/stations/NMBS/008811007,IC,2017-04-21T15:41:00,2017-04-21T15:41:00,251,251
http://irail.be/vehicle/IC414,http://irail.be/stations/NMBS/008811130,IC,2017-04-21T15:42:00,2017-04-21T15:42:00,270,270
http://irail.be/vehicle/IC414,http://irail.be/stations/NMBS/008811213,IC,2017-04-21T15:43:00,2017-04-21T15:43:00,257,257
http://irail.be/vehicle/IC414,http://irail.be/stations/NMBS/008811221,IC,2017-04-21T15:44:00,2017-04-21T15:44:00,266,266
http://irail.be/vehicle/IC414,http://irail.be/stations/NMBS/008811247,IC,2017-04-21T15:45:00,2017-04-21T15:45:00,225,225
http://irail.be/vehicle/IC414,http://irail.be/stations/NMBS/008811254,IC,2017-04-21T15:46:00,2017-04-21T15:46:00,135,135
http://irail.be/vehicle/IC414,http://irail.be/stations/NMBS/008811262,IC,2017-04-21T15:48:00,2017-04-21T15:48:00,135,135
http://irail.be/vehicle/IC414,http://irail.be/stations/NMBS/008811270,IC,2017-04-21T15:49:00,2017-04-21T15:49:00,211,211
http://irail.be/vehicle/IC414,http://irail.be/stations/NMBS/008811288,IC,2017-04-21T15:50:00,2017-04-21T15:50:00,221,221
http://irail.be/vehicle/IC414,http://irail.be/stations/NMBS/008833001,IC,2017-04-21T15:57:00,2017-04-21T15:53:00,238,222
http://irail.be/vehicle/IC414,http://irail.be/stations/NMBS/008841202,IC,2017-04-21T16:24:00,2017-04-21T16:24:00,94,94
http://irail.be/vehicle/IC414,http://irail.be/stations/NMBS/008841004,IC,2017-04-21T16:34:00,2017-04-21T16:31:00,61,47
http://irail.be/vehicle/IC414,http://irail.be/stations/NMBS/008842002,IC,2017-04-21T16:41:00,2017-04-21T16:37:00,123,123
http://irail.be/vehicle/IC414,http://irail.be/stations/NMBS/008842036,IC,2017-04-21T16:43:00,2017-04-21T16:43:00,123,123
http://irail.be/vehicle/IC414,http://irail.be/stations/NMBS/008844271,IC,2017-04-21T16:47:00,2017-04-21T16:47:00,94,94
http://irail.be/vehicle/IC414,NO-URI,IC,2017-04-21T16:48:00,2017-04-21T16:48:00,75,75
http://irail.be/vehicle/IC414,http://irail.be/stations/NMBS/008844255,IC,2017-04-21T16:49:00,2017-04-21T16:49:00,70,70
http://irail.be/vehicle/IC414,http://irail.be/stations/NMBS/008844230,IC,2017-04-21T16:49:00,2017-04-21T16:49:00,234,234
http://irail.be/vehicle/IC414,http://irail.be/stations/NMBS/008844206,IC,2017-04-21T16:54:00,2017-04-21T16:53:00,234,234
http://irail.be/vehicle/IC414,http://irail.be/stations/NMBS/008844008,IC,2017-04-21T17:02:00,2017-04-21T17:00:00,281,331
http://irail.be/vehicle/IC414,http://irail.be/stations/NMBS/008844057,IC,2017-04-21T17:03:00,2017-04-21T17:03:00,281,281
http://irail.be/vehicle/IC414,NO-URI,IC,2017-04-21T17:05:00,2017-04-21T17:05:00,301,301
http://irail.be/vehicle/IC414,http://irail.be/stations/NMBS/008844545,IC,2017-04-21T17:10:00,2017-04-21T17:09:00,421,421
http://irail.be/vehicle/IC414,http://irail.be/stations/NMBS/008844503,IC,2017-04-21T17:16:00,2017-04-21T17:16:00,,421
http://irail.be/vehicle/IC414,http://irail.be/stations/NMBS/008896008,IC,2017-06-08T14:16:00,2017-06-08T14:16:00,39,
http://irail.be/vehicle/IC414,http://irail.be/stations/NMBS/008896115,IC,2017-06-08T14:22:00,2017-06-08T14:21:00,16,16
http://irail.be/vehicle/IC414,http://irail.be/stations/NMBS/008896149,IC,2017-06-08T14:28:00,2017-06-08T14:27:00,34,33
http://irail.be/vehicle/IC414,http://irail.be/stations/NMBS/008892106,IC,2017-06-08T14:38:00,2017-06-08T14:37:00,68,-16
http://irail.be/vehicle/IC414,NO-URI,IC,2017-06-08T14:40:00,2017-06-08T14:40:00,68,68
http://irail.be/vehicle/IC414,http://irail.be/stations/NMBS/008892080,IC,2017-06-08T14:45:00,2017-06-08T14:44:00,22,18
http://irail.be/vehicle/IC414,http://irail.be/stations/NMBS/008892007,IC,2017-06-08T14:54:00,2017-06-08T14:51:00,16,61
http://irail.be/vehicle/IC414,http://irail.be/stations/NMBS/008814001,IC,2017-06-08T15:27:00,2017-06-08T15:24:00,115,120
http://irail.be/vehicle/IC414,http://irail.be/stations/NMBS/008813037,IC,2017-06-08T15:29:00,2017-06-08T15:29:00,150,150
http://irail.be/vehicle/IC414,http://irail.be/stations/NMBS/008813003,IC,2017-06-08T15:31:00,2017-06-08T15:30:00,170,154
http://irail.be/vehicle/IC414,http://irail.be/stations/NMBS/008813045,IC,2017-06-08T15:33:00,2017-06-08T15:33:00,162,162
http://irail.be/vehicle/IC414,http://irail.be/stations/NMBS/008812005,IC,2017-06-08T15:38:00,2017-06-08T15:35:00,90,151
http://irail.be/vehicle/IC414,http://irail.be/stations/NMBS/008811007,IC,2017-06-08T15:41:00,2017-06-08T15:41:00,74,74
http://irail.be/vehicle/IC414,http://irail.be/stations/NMBS/008811130,IC,2017-06-08T15:42:00,2017-06-08T15:42:00,88,88
http://irail.be/vehicle/IC414,http://irail.be/stations/NMBS/008811213,IC,2017-06-08T15:43:00,2017-06-08T15:43:00,74,74
http://irail.be/vehicle/IC414,http://irail.be/stations/NMBS/008811221,IC,2017-06-08T15:44:00,2017-06-08T15:44:00,83,83
http://irail.be/vehicle/IC414,http://irail.be/stations/NMBS/008811247,IC,2017-06-08T15:45:00,2017-06-08T15:45:00,42,42
http://irail.be/vehicle/IC414,http://irail.be/stations/NMBS/008811254,IC,2017-06-08T15:46:00,2017-06-08T15:46:00,-48,-48
http://irail.be/vehicle/IC414,http://irail.be/stations/NMBS/008811262,IC,2017-06-08T15:48:00,2017-06-08T15:48:00,-48,-48
http://irail.be/vehicle/IC414,http://irail.be/stations/NMBS/008811270,IC,2017-06-08T15:49:00,2017-06-08T15:49:00,28,28
http://irail.be/vehicle/IC414,http://irail.be/stations/NMBS/008811288,IC,2017-06-08T15:50:00,2017-06-08T15:50:00,38,38
http://irail.be/vehicle/IC414,http://irail.be/stations/NMBS/008833001,IC,2017-06-08T15:57:00,2017-06-08T15:53:00,25,21
http://irail.be/vehicle/IC414,http://irail.be/stations/NMBS/008841202,IC,2017-06-08T16:24:00,2017-06-08T16:24:00,-130,-130
http://irail.be/vehicle/IC414,http://irail.be/stations/NMBS/008841004,IC,2017-06-08T16:34:00,2017-06-08T16:31:00,5,-178
http://irail.be/vehicle/IC414,http://irail.be/stations/NMBS/008842002,IC,2017-06-08T16:41:00,2017-06-08T16:37:00,37,37
http://irail.be/vehicle/IC414,http://irail.be/stations/NMBS/008842036,IC,2017-06-08T16:43:00,2017-06-08T16:43:00,37,37
http://irail.be/vehicle/IC414,http://irail.be/stations/NMBS/008844271,IC,2017-06-08T16:47:00,2017-06-08T16:47:00,37,37
http://irail.be/vehicle/IC414,NO-URI,IC,2017-06-08T16:48:00,2017-06-08T16:48:00,40,40
http://irail.be/vehicle/IC414,http://irail.be/stations/NMBS/008844255,IC,2017-06-08T16:49:00,2017-06-08T16:49:00,47,47
http://irail.be/vehicle/IC414,http://irail.be/stations/NMBS/008844230,IC,2017-06-08T16:49:00,2017-06-08T16:49:00,207,207
http://irail.be/vehicle/IC414,http://irail.be/stations/NMBS/008844206,IC,2017-06-08T16:54:00,2017-06-08T16:53:00,207,207
http://irail.be/vehicle/IC414,http://irail.be/stations/NMBS/008844008,IC,2017-06-08T17:02:00,2017-06-08T17:00:00,66,148
http://irail.be/vehicle/IC414,http://irail.be/stations/NMBS/008844057,IC,2017-06-08T17:03:00,2017-06-08T17:03:00,66,66
http://irail.be/vehicle/IC414,NO-URI,IC,2017-06-08T17:05:00,2017-06-08T17:05:00,73,73
http://irail.be/vehicle/IC414,http://irail.be/stations/NMBS/008844545,IC,2017-06-08T17:10:00,2017-06-08T17:09:00,101,101
http://irail.be/vehicle/IC414,http://irail.be/stations/NMBS/008844503,IC,2017-06-08T17:16:00,2017-06-08T17:16:00,,101
http://irail.be/vehicle/IC414,http://irail.be/stations/NMBS/008896008,IC,2017-07-05T14:16:00,2017-07-05T14:16:00,107,
http://irail.be/vehicle/IC414,http://irail.be/stations/NMBS/008896115,IC,2017-07-05T14:22:00,2017-07-05T14:21:00,140,140
http://irail.be/vehicle/IC414,http://irail.be/stations/NMBS/008896149,IC,2017-07-05T14:28:00,2017-07-05T14:27:00,173,161
http://irail.be/vehicle/IC414,http://irail.be/stations/NMBS/008892106,IC,2017-07-05T14:38:00,2017-07-05T14:37:00,134,75
http://irail.be/vehicle/IC414,NO-URI,IC,2017-07-05T14:40:00,2017-07-05T14:40:00,134,134
http://irail.be/vehicle/IC414,http://irail.be/stations/NMBS/008892080,IC,2017-07-05T14:45:00,2017-07-05T14:44:00,63,50
http://irail.be/vehicle/IC414,http://irail.be/stations/NMBS/008892007,IC,2017-07-05T14:54:00,2017-07-05T14:51:00,124,119
http://irail.be/vehicle/IC414,http://irail.be/stations/NMBS/008814001,IC,2017-07-05T15:27:00,2017-07-05T15:24:00,271,161
http://irail.be/vehicle/IC414,http://irail.be/stations/NMBS/008813037,IC,2017-07-05T15:29:00,2017-07-05T15:29:00,287,287
http://irail.be/vehicle/IC414,http://irail.be/stations/NMBS/008813003,IC,2017-07-05T15:31:00,2017-07-05T15:30:00,349,291
http://irail.be/vehicle/IC414,http://irail.be/stations/NMBS/008813045,IC,2017-07-05T15:33:00,2017-07-05T15:33:00,351,351
http://irail.be/vehicle/IC414,http://irail.be/stations/NMBS/008812005,IC,2017-07-05T15:38:00,2017-07-05T15:35:00,307,347
http://irail.be/vehicle/IC414,http://irail.be/stations/NMBS/008811007,IC,2017-07-05T15:41:00,2017-07-05T15:41:00,291,291
http://irail.be/vehicle/IC414,http://irail.be/stations/NMBS/008811130,IC,2017-07-05T15:42:00,2017-07-05T15:42:00,317,317
http://irail.be/vehicle/IC414,http://irail.be/stations/NMBS/008811213,IC,2017-07-05T15:43:00,2017-07-05T15:43:00,303,303
http://irail.be/vehicle/IC414,http://irail.be/stations/NMBS/008811221,IC,2017-07-05T15:44:00,2017-07-05T15:44:00,311,311
http://irail.be/vehicle/IC414,http://irail.be/stations/NMBS/008811247,IC,2017-07-05T15:45:00,2017-07-05T15:45:00,271,271
http://irail.be/vehicle/IC414,http://irail.be/stations/NMBS/008811254,IC,2017-07-05T15:46:00,2017-07-05T15:46:00,182,182
http://irail.be/vehicle/IC414,http://irail.be/stations/NMBS/008811262,IC,2017-07-05T15:48:00,2017-07-05T15:48:00,182,182
http://irail.be/vehicle/IC414,http://irail.be/stations/NMBS/008811270,IC,2017-07-05T15:49:00,2017-07-05T15:49:00,259,259
http://irail.be/vehicle/IC414,http://irail.be/stations/NMBS/008811288,IC,2017-07-05T15:50:00,2017-07-05T15:50:00,272,272
http://irail.be/vehicle/IC414,http://irail.be/stations/NMBS/008833001,IC,2017-07-05T15:57:00,2017-07-05T15:53:00,229,272
http://irail.be/vehicle/IC414,http://irail.be/stations/NMBS/008841202,IC,2017-07-05T16:24:00,2017-07-05T16:24:00,87,87
http://irail.be/vehicle/IC414,http://irail.be/stations/NMBS/008841004,IC,2017-07-05T16:34:00,2017-07-05T16:31:00,109,88
http://irail.be/vehicle/IC414,http://irail.be/stations/NMBS/008842002,IC,2017-07-05T16:41:00,2017-07-05T16:37:00,109,109
http://irail.be/vehicle/IC414,http://irail.be/stations/NMBS/008842036,IC,2017-07-05T16:43:00,2017-07-05T16:43:00,109,109
http://irail.be/vehicle/IC414,http://irail.be/stations/NMBS/008844271,IC,2017-07-05T16:47:00,2017-07-05T16:47:00,83,83
http://irail.be/vehicle/IC414,NO-URI,IC,2017-07-05T16:48:00,2017-07-05T16:48:00,69,69
http://irail.be/vehicle/IC414,http://irail.be/stations/NMBS/008844255,IC,2017-07-05T16:49:00,2017-07-05T16:49:00,68,68
http://irail.be/vehicle/IC414,http://irail.be/stations/NMBS/008844230,IC,2017-07-05T16:49:00,2017-07-05T16:49:00,431,431
http://irail.be/vehicle/IC414,http://irail.be/stations/NMBS/008844206,IC,2017-07-05T16:54:00,2017-07-05T16:53:00,431,431
http://irail.be/vehicle/IC414,http://irail.be/stations/NMBS/008844008,IC,2017-07-05T17:02:00,2017-07-05T17:00:00,255,331
http://irail.be/vehicle/IC414,http://irail.be/stations/NMBS/008844057,IC,2017-07-05T17:03:00,2017-07-05T17:03:00,255,255
http://irail.be/vehicle/IC414,NO-URI,IC,2017-07-05T17:05:00,2017-07-05T17:05:00,281,281
http://irail.be/vehicle/IC414,http://irail.be/stations/NMBS/008844545,IC,2017-07-05T17:10:00,2017-07-05T17:09:00,412,412
http://irail.be/vehicle/IC414,http://irail.be/stations/NMBS/008844503,IC,2017-07-05T17:16:00,2017-07-05T17:16:00,,412
http://irail.be/vehicle/IC414,http://irail.be/stations/NMBS/008896008,IC,2017-03-20T14:16:00,2017-03-20T14:16:00,69,
http://irail.be/vehicle/IC414,http://irail.be/stations/NMBS/008896115,IC,2017-03-20T14:22:00,2017-03-20T14:21:00,122,122
http://irail.be/vehicle/IC414,http://irail.be/stations/NMBS/008896149,IC,2017-03-20T14:28:00,2017-03-20T14:27:00,142,122
http://irail.be/vehicle/IC414,http://irail.be/stations/NMBS/008892106,IC,2017-03-20T14:38:00,2017-03-20T14:37:00,99,39
http://irail.be/vehicle/IC414,NO-URI,IC,2017-03-20T14:40:00,2017-03-20T14:40:00,99,99
http://irail.be/vehicle/IC414,http://irail.be/stations/NMBS/008892080,IC,2017-03-20T14:45:00,2017-03-20T14:44:00,36,-2
http://irail.be/vehicle/IC414,http://irail.be/stations/NMBS/008892007,IC,2017-03-20T14:54:00,2017-03-20T14:51:00,117,98
http://irail.be/vehicle/IC414,http://irail.be/stations/NMBS/008814001,IC,2017-03-20T15:27:00,2017-03-20T15:24:00,207,151
http://irail.be/vehicle/IC414,http://irail.be/stations/NMBS/008813037,IC,2017-03-20T15:29:00,2017-03-20T15:29:00,209,209
http://irail.be/vehicle/IC414,http://irail.be/stations/NMBS/008813003,IC,2017-03-20T15:31:00,2017-03-20T15:30:00,280,213
http://irail.be/vehicle/IC414,http://irail.be/stations/NMBS/008813045,IC,2017-03-20T15:33:00,2017-03-20T15:33:00,269,269
http://irail.be/vehicle/IC414,http://irail.be/stations/NMBS/008812005,IC,2017-03-20T15:38:00,2017-03-20T15:35:00,187,256
http://irail.be/vehicle/IC414,http://irail.be/stations/NMBS/008811007,IC,2017-03-20T15:41:00,2017-03-20T15:41:00,165,165
http://irail.be/vehicle/IC414,http://irail.be/stations/NMBS/008811130,IC,2017-03-20T15:42:00,2017-03-20T15:42:00,174,174
http://irail.be/vehicle/IC414,http://irail.be/stations/NMBS/008811213,IC,2017-03-20T15:43:00,2017-03-20T15:43:00,182,182
http://irail.be/vehicle/IC414,http://irail.be/stations/NMBS/008811221,IC,2017-03-20T15:44:00,2017-03-20T15:44:00,192,192
http://irail.be/vehicle/IC414,http://irail.be/stations/NMBS/008811247,IC,2017-03-20T15:45:00,2017-03-20T15:45:00,152,152
http://irail.be/vehicle/IC414,http://irail.be/stations/NMBS/008811254,IC,2017-03-20T15:46:00,2017-03-20T15:46:00,63,63
http://irail.be/vehicle/IC414,http://irail.be/stations/NMBS/008811262,IC,2017-03-20T15:48:00,2017-03-20T15:48:00,63,63
http://irail.be/vehicle/IC414,http://irail.be/stations/NMBS/008811270,IC,2017-03-20T15:49:00,2017-03-20T15:49:00,140,140
http://irail.be/vehicle/IC414,http://irail.be/stations/NMBS/008811288,IC,2017-03-20T15:50:00,2017-03-20T15:50:00,154,154
http://irail.be/vehicle/IC414,http://irail.be/stations/NMBS/008833001,IC,2017-03-20T15:57:00,2017-03-20T15:53:00,104,154
http://irail.be/vehicle/IC414,http://irail.be/stations/NMBS/008841202,IC,2017-03-20T16:24:00,2017-03-20T16:24:00,-17,-17
http://irail.be/vehicle/IC414,http://irail.be/stations/NMBS/008841004,IC,2017-03-20T16:34:00,2017-03-20T16:31:00,25,-67
http://irail.be/vehicle/IC414,http://irail.be/stations/NMBS/008842002,IC,2017-03-20T16:41:00,2017-03-20T16:37:00,125,125
http://irail.be/vehicle/IC414,http://irail.be/stations/NMBS/008842036,IC,2017-03-20T16:43:00,2017-03-20T16:43:00,125,125
http://irail.be/vehicle/IC414,http://irail.be/stations/NMBS/008844271,IC,2017-03-20T16:47:00,2017-03-20T16:47:00,98,98
http://irail.be/vehicle/IC414,NO-URI,IC,2017-03-20T16:48:00,2017-03-20T16:48:00,80,80
http://irail.be/vehicle/IC414,http://irail.be/stations/NMBS/008844255,IC,2017-03-20T16:49:00,2017-03-20T16:49:00,178,178
http://irail.be/vehicle/IC414,http://irail.be/stations/NMBS/008844230,IC,2017-03-20T16:49:00,2017-03-20T16:49:00,499,499
http://irail.be/vehicle/IC414,http://irail.be/stations/NMBS/008844206,IC,2017-03-20T16:54:00,2017-03-20T16:53:00,499,499
http://irail.be/vehicle/IC414,http://irail.be/stations/NMBS/008844008,IC,2017-03-20T17:02:00,2017-03-20T17:00:00,347,451
http://irail.be/vehicle/IC414,http://irail.be/stations/NMBS/008844057,IC,2017-03-20T17:03:00,2017-03-20T17:03:00,347,347
http://irail.be/vehicle/IC414,NO-URI,IC,2017-03-20T17:05:00,2017-03-20T17:05:00,364,364
http://irail.be/vehicle/IC414,http://irail.be/stations/NMBS/008844545,IC,2017-03-20T17:10:00,2017-03-20T17:09:00,366,366
http://irail.be/vehicle/IC414,http://irail.be/stations/NMBS/008844503,IC,2017-03-20T17:16:00,2017-03-20T17:16:00,,366
http://irail.be/vehicle/IC414,http://irail.be/stations/NMBS/008896008,IC,2017-05-12T14:16:00,2017-05-12T14:16:00,189,
http://irail.be/vehicle/IC414,http://irail.be/stations/NMBS/008896115,IC,2017-05-12T14:22:00,2017-05-12T14:21:00,112,112
http://irail.be/vehicle/IC414,http://irail.be/stations/NMBS/008896149,IC,2017-05-12T14:28:00,2017-05-12T14:27:00,120,117
http://irail.be/vehicle/IC414,http://irail.be/stations/NMBS/008892106,IC,2017-05-12T14:38:00,2017-05-12T14:37:00,50,15
http://irail.be/vehicle/IC414,NO-URI,IC,2017-05-12T14:40:00,2017-05-12T14:40:00,50,50
http://irail.be/vehicle/IC414,http://irail.be/stations/NMBS/008892080,IC,2017-05-12T14:45:00,2017-05-12T14:44:00,15,-36
http://irail.be/vehicle/IC414,http://irail.be/stations/NMBS/008892007,IC,2017-05-12T14:54:00,2017-05-12T14:51:00,17,31
http://irail.be/vehicle/IC414,http://irail.be/stations/NMBS/008814001,IC,2017-05-12T15:27:00,2017-05-12T15:24:00,203,304
http://irail.be/vehicle/IC414,http://irail.be/stations/NMBS/008813037,IC,2017-05-12T15:29:00,2017-05-12T15:29:00,247,247
http://irail.be/vehicle/IC414,http://irail.be/stations/NMBS/008813003,IC,2017-05-12T15:31:00,2017-05-12T15:30:00,400,344
http://irail.be/vehicle/IC414,http://irail.be/stations/NMBS/008813045,IC,2017-05-12T15:33:00,2017-05-12T15:33:00,380,380
http://irail.be/vehicle/IC414,http://irail.be/stations/NMBS/008812005,IC,2017-05-12T15:38:00,2017-05-12T15:35:00,330,375
http://irail.be/vehicle/IC414,http://irail.be/stations/NMBS/008811007,IC,2017-05-12T15:41:00,2017-05-12T15:41:00,298,298
http://irail.be/vehicle/IC414,http://irail.be/stations/NMBS/008811130,IC,2017-05-12T15:42:00,2017-05-12T15:42:00,319,319
http://irail.be/vehicle/IC414,http://irail.be/stations/NMBS/008811213,IC,2017-05-12T15:43:00,2017-05-12T15:43:00,307,307
http://irail.be/vehicle/IC414,http://irail.be/stations/NMBS/008811221,IC,2017-05-12T15:44:00,2017-05-12T15:44:00,314,314
http://irail.be/vehicle/IC414,http://irail.be/stations/NMBS/008811247,IC,2017-05-12T15:45:00,2017-05-12T15:45:00,275,275
http://irail.be/vehicle/IC414,http://irail.be/stations/NMBS/008811254,IC,2017-05-12T15:46:00,2017-05-12T15:46:00,184,184
http://irail.be/vehicle/IC414,http://irail.be/stations/NMBS/008811262,IC,2017-05-12T15:48:00,2017-05-12T15:48:00,184,184
http://irail.be/vehicle/IC414,http://irail.be/stations/NMBS/008811270,IC,2017-05-12T15:49:00,2017-05-12T15:49:00,260,260
http://irail.be/vehicle/IC414,http://irail.be/stations/NMBS/008811288,IC,2017-05-12T15:50:00,2017-05-12T15:50:00,270,270
http://irail.be/vehicle/IC414,http://irail.be/stations/NMBS/008833001,IC,2017-05-12T15:57:00,2017-05-12T15:53:00,169,270
http://irail.be/vehicle/IC414,http://irail.be/stations/NMBS/008841202,IC,2017-05-12T16:24:00,2017-05-12T16:24:00,7,7
http://irail.be/vehicle/IC414,http://irail.be/stations/NMBS/008841004,IC,2017-05-12T16:34:00,2017-05-12T16:31:00,87,103
http://irail.be/vehicle/IC414,http://irail.be/stations/NMBS/008842002,IC,2017-05-12T16:41:00,2017-05-12T16:37:00,13,13
http://irail.be/vehicle/IC414,http://irail.be/stations/NMBS/008842036,IC,2017-05-12T16:43:00,2017-05-12T16:43:00,13,13
http://irail.be/vehicle/IC414,http://irail.be/stations/NMBS/008844271,IC,2017-05-12T16:47:00,2017-05-12T16:47:00,-17,-17
http://irail.be/vehicle/IC414,NO-URI,IC,2017-05-12T16:48:00,2017-05-12T16:48:00,-13,-13
http://irail.be/vehicle/IC414,http://irail.be/stations/NMBS/008844255,IC,2017-05-12T16:49:00,2017-05-12T16:49:00,-13,-13
http://irail.be/vehicle/IC414,http://irail.be/stations/NMBS/008844230,IC,2017-05-12T16:49:00,2017-05-12T16:49:00,260,260
http://irail.be/vehicle/IC414,http://irail.be/stations/NMBS/008844206,IC,2017-05-12T16:54:00,2017-05-12T16:53:00,260,260
http://irail.be/vehicle/IC414,http://irail.be/stations/NMBS/008844008,IC,2017-05-12T17:02:00,2017-05-12T17:00:00,94,179
http://irail.be/vehicle/IC414,http://irail.be/stations/NMBS/008844057,IC,2017-05-12T17:03:00,2017-05-12T17:03:00,94,94
http://irail.be/vehicle/IC414,NO-URI,IC,2017-05-12T17:05:00,2017-05-12T17:05:00,110,110
http://irail.be/vehicle/IC414,http://irail.be/stations/NMBS/008844545,IC,2017-05-12T17:10:00,2017-05-12T17:09:00,111,111
http://irail.be/vehicle/IC414,http://irail.be/stations/NMBS/008844503,IC,2017-05-12T17:16:00,2017-05-12T17:16:00,,111
http://irail.be/vehicle/IC414,http://irail.be/stations/NMBS/008896008,IC,2017-11-22T14:16:00,2017-11-22T14:16:00,99,
http://irail.be/vehicle/IC414,http://irail.be/stations/NMBS/008896115,IC,2017-11-22T14:22:00,2017-11-22T14:21:00,137,137
http://irail.be/vehicle/IC414,http://irail.be/stations/NMBS/008896149,IC,2017-11-22T14:28:00,2017-11-22T14:27:00,196,179
http://irail.be/vehicle/IC414,http://irail.be/stations/NMBS/008892106,IC,2017-11-22T14:38:00,2017-11-22T14:37:00,210,121
http://irail.be/vehicle/IC414,NO-URI,IC,2017-11-22T14:40:00,2017-11-22T14:40:00,210,210
http://irail.be/vehicle/IC414,http://irail.be/stations/NMBS/008892080,IC,2017-11-22T14:45:00,2017-11-22T14:44:00,163,158
http://irail.be/vehicle/IC414,http://irail.be/stations/NMBS/008892007,IC,2017-11-22T14:54:00,2017-11-22T14:51:00,209,234
http://irail.be/vehicle/IC414,http://irail.be/stations/NMBS/008814001,IC,2017-11-22T15:27:00,2017-11-22T15:24:00,567,467
http://irail.be/vehicle/IC414,http://irail.be/stations/NMBS/008813037,IC,2017-11-22T15:29:00,2017-11-22T15:29:00,579,579
http://irail.be/vehicle/IC414,http://irail.be/stations/NMBS/008813003,IC,2017-11-22T15:31:00,2017-11-22T15:30:00,1408,666
http://irail.be/vehicle/IC414,http://irail.be/stations/NMBS/008813045,IC,2017-11-22T15:33:00,2017-11-22T15:33:00,1396,1396
http://irail.be/vehicle/IC414,http://irail.be/stations/NMBS/008812005,IC,2017-11-22T15:38:00,2017-11-22T15:35:00,1406,1399
http://irail.be/vehicle/IC414,http://irail.be/stations/NMBS/008811007,IC,2017-11-22T15:41:00,2017-11-22T15:41:00,1531,1531
http://irail.be/vehicle/IC414,http://irail.be/stations/NMBS/008811130,IC,2017-11-22T15:42:00,2017-11-22T15:42:00,1559,1559
http://irail.be/vehicle/IC414,http://irail.be/stations/NMBS/008811213,IC,2017-11-22T15:43:00,2017-11-22T15:43:00,1545,1545
http://irail.be/vehicle/IC414,http://irail.be/stations/NMBS/008811221,IC,2017-11-22T15:44:00,2017-11-22T15:44:00,1554,1554
http://irail.be/vehicle/IC414,http://irail.be/stations/NMBS/008811247,IC,2017-11-22T15:45:00,2017-11-22T15:45:00,1514,1514
http://irail.be/vehicle/IC414,http://irail.be/stations/NMBS/008811254,IC,2017-11-22T15:46:00,2017-11-22T15:46:00,1424,1424
http://irail.be/vehicle/IC414,http://irail.be/stations/NMBS/008811262,IC,2017-11-22T15:48:00,2017-11-22T15:48:00,1424,1424
http://irail.be/vehicle/IC414,http://irail.be/stations/NMBS/008811270,IC,2017-11-22T15:49:00,2017-11-22T15:49:00,1503,1503
http://irail.be/vehicle/IC414,http://irail.be/stations/NMBS/008811288,IC,2017-11-22T15:50:00,2017-11-22T15:50:00,1515,1515
http://irail.be/vehicle/IC414,http://irail.be/stations/NMBS/008833001,IC,2017-11-22T15:57:00,2017-11-22T15:53:00,1553,1514
http://irail.be/vehicle/IC414,http://irail.be/stations/NMBS/008841202,IC,2017-11-22T16:24:00,2017-11-22T16:24:00,1473,1473
http://irail.be/vehicle/IC414,http://irail.be/stations/NMBS/008841004,IC,2017-11-22T16:34:00,2017-11-22T16:31:00,1431,1454
http://irail.be/vehicle/IC414,http://irail.be/stations/NMBS/008842002,IC,2017-11-22T16:41:00,2017-11-22T16:37:00,1280,1280
http://irail.be/vehicle/IC414,http://irail.be/stations/NMBS/008842036,IC,2017-11-22T16:43:00,2017-11-22T16:43:00,1280,1280
http://irail.be/vehicle/IC414,http://irail.be/stations/NMBS/008844271,IC,2017-11-22T16:47:00,2017-11-22T16:47:00,1251,1251
http://irail.be/vehicle/IC414,NO-URI,IC,2017-11-22T16:48:00,2017-11-22T16:48:00,1274,1274
http://irail.be/vehicle/IC414,http://irail.be/stations/NMBS/008844255,IC,2017-11-22T16:49:00,2017-11-22T16:49:00,1305,1305
http://irail.be/vehicle/IC414,http://irail.be/stations/NMBS/008844230,IC,2017-11-22T16:49:00,2017-11-22T16:49:00,1398,1398
http://irail.be/vehicle/IC414,http://irail.be/stations/NMBS/008844206,IC,2017-11-22T16:54:00,2017-11-22T16:53:00,1398,1398
http://irail.be/vehicle/IC414,http://irail.be/stations/NMBS/008844008,IC,2017-11-22T17:02:00,2017-11-22T17:00:00,1236,1304
http://irail.be/vehicle/IC414,http://irail.be/stations/NMBS/008844057,IC,2017-11-22T17:03:00,2017-11-22T17:03:00,1236,1236
http://irail.be/vehicle/IC414,NO-URI,IC,2017-11-22T17:05:00,2017-11-22T17:05:00,1251,1251
http://irail.be/vehicle/IC414,http://irail.be/stations/NMBS/008844545,IC,2017-11-22T17:10:00,2017-11-22T17:09:00,1305,1305
http://irail.be/vehicle/IC414,http://irail.be/stations/NMBS/008844503,IC,2017-11-22T17:16:00,2017-11-22T17:16:00,,1305
http://irail.be/vehicle/IC414,http://irail.be/stations/NMBS/008896008,IC,2017-02-02T14:16:00,2017-02-02T14:16:00,40,
http://irail.be/vehicle/IC414,http://irail.be/stations/NMBS/008896115,IC,2017-02-02T14:22:00,2017-02-02T14:21:00,53,53
http://irail.be/vehicle/IC414,http://irail.be/stations/NMBS/008896149,IC,2017-02-02T14:28:00,2017-02-02T14:27:00,66,53
http://irail.be/vehicle/IC414,http://irail.be/stations/NMBS/008892106,IC,2017-02-02T14:38:00,2017-02-02T14:37:00,48,-41
http://irail.be/vehicle/IC414,NO-URI,IC,2017-02-02T14:40:00,2017-02-02T14:40:00,48,48
http://irail.be/vehicle/IC414,http://irail.be/stations/NMBS/008892080,IC,2017-02-02T14:45:00,2017-02-02T14:44:00,-1,-44
http://irail.be/vehicle/IC414,http://irail.be/stations/NMBS/008892007,IC,2017-02-02T14:54:00,2017-02-02T14:51:00,61,32
http://irail.be/vehicle/IC414,http://irail.be/stations/NMBS/008814001,IC,2017-02-02T15:27:00,2017-02-02T15:24:00,73,-1
http://irail.be/vehicle/IC414,http://irail.be/stations/NMBS/008813037,IC,2017-02-02T15:29:00,2017-02-02T15:29:00,82,82
http://irail.be/vehicle/IC414,http://irail.be/stations/NMBS/008813003,IC,2017-02-02T15:31:00,2017-02-02T15:30:00,112,85
http://irail.be/vehicle/IC414,http://irail.be/stations/NMBS/008813045,IC,2017-02-02T15:33:00,2017-02-02T15:33:00,94,94
http://irail.be/vehicle/IC414,http://irail.be/stations/NMBS/008812005,IC,2017-02-02T15:38:00,2017-02-02T15:35:00,137,81
http://irail.be/vehicle/IC414,http://irail.be/stations/NMBS/008811007,IC,2017-02-02T15:41:00,2017-02-02T15:41:00,121,121
http://irail.be/vehicle/IC414,http://irail.be/stations/NMBS/008811130,IC,2017-02-02T15:42:00,2017-02-02T15:42:00,148,148
http://irail.be/vehicle/IC414,http://irail.be/stations/NMBS/008811213,IC,2017-02-02T15:43:00,2017-02-02T15:43:00,157,157
http://irail.be/vehicle/IC414,http://irail.be/stations/NMBS/008811221,IC,2017-02-02T15:44:00,2017-02-02T15:44:00,166,166
http://irail.be/vehicle/IC414,http://irail.be/stations/NMBS/008811247,IC,2017-02-02T15:45:00,2017-02-02T15:45:00,126,126
http://irail.be/vehicle/IC414,http://irail.be/stations/NMBS/008811254,IC,2017-02-02T15:46:00,2017-02-02T15:46:00,37,37
http://irail.be/vehicle/IC414,http://irail.be/stations/NMBS/008811262,IC,2017-02-02T15:48:00,2017-02-02T15:48:00,37,37
http://irail.be/vehicle/IC414,http://irail.be/stations/NMBS/008811270,IC,2017-02-02T15:49:00,2017-02-02T15:49:00,114,114
http://irail.be/vehicle/IC414,http://irail.be/stations/NMBS/008811288,IC,2017-02-02T15:50:00,2017-02-02T15:50:00,127,127
http://irail.be/vehicle/IC414,http://irail.be/stations/NMBS/008833001,IC,2017-02-02T15:57:00,2017-02-02T15:53:00,124,110
http://irail.be/vehicle/IC414,http://irail.be/stations/NMBS/008841202,IC,2017-02-02T16:24:00,2017-02-02T16:24:00,88,88
http://irail.be/vehicle/IC414,http://irail.be/stations/NMBS/008841004,IC,2017-02-02T16:46:00,2017-02-02T16:31:00,133,93
http://irail.be/vehicle/IC414,http://irail.be/stations/NMBS/008842002,IC,2017-02-02T16:50:00,2017-02-02T16:49:00,240,240
http://irail.be/vehicle/IC414,http://irail.be/stations/NMBS/008842036,IC,2017-02-02T16:52:00,2017-02-02T16:52:00,240,240
http://irail.be/vehicle/IC414,http://irail.be/stations/NMBS/008844271,IC,2017-02-02T16:57:00,2017-02-02T16:57:00,206,206
http://irail.be/vehicle/IC414,NO-URI,IC,2017-02-02T16:58:00,2017-02-02T16:58:00,126,126
http://irail.be/vehicle/IC414,http://irail.be/stations/NMBS/008844255,IC,2017-02-02T16:59:00,2017-02-02T16:59:00,122,122
http://irail.be/vehicle/IC414,http://irail.be/stations/NMBS/008844230,IC,2017-02-02T17:00:00,2017-02-02T17:00:00,51,51
http://irail.be/vehicle/IC414,http://irail.be/stations/NMBS/008844206,IC,2017-02-02T17:06:00,2017-02-02T17:05:00,51,51
http://irail.be/vehicle/IC414,http://irail.be/stations/NMBS/008844008,IC,2017-02-02T17:14:00,2017-02-02T17:12:00,14,-8
http://irail.be/vehicle/IC414,http://irail.be/stations/NMBS/008844057,IC,2017-02-02T17:15:00,2017-02-02T17:15:00,14,14
http://irail.be/vehicle/IC414,NO-URI,IC,2017-02-02T17:17:00,2017-02-02T17:17:00,35,35
http://irail.be/vehicle/IC414,http://irail.be/stations/NMBS/008844545,IC,2017-02-02T17:21:00,2017-02-02T17:21:00,-6,-6
http://irail.be/vehicle/IC414,http://irail.be/stations/NMBS/008844503,IC,2017-02-02T17:26:00,2017-02-02T17:26:00,,-6
http://irail.be/vehicle/IC414,http://irail.be/stations/NMBS/008896008,IC,2017-02-06T14:16:00,2017-02-06T14:16:00,83,
http://irail.be/vehicle/IC414,http://irail.be/stations/NMBS/008896115,IC,2017-02-06T14:22:00,2017-02-06T14:21:00,102,102
http://irail.be/vehicle/IC414,http://irail.be/stations/NMBS/008896149,IC,2017-02-06T14:28:00,2017-02-06T14:27:00,138,102
http://irail.be/vehicle/IC414,http://irail.be/stations/NMBS/008892106,IC,2017-02-06T14:38:00,2017-02-06T14:37:00,114,46
http://irail.be/vehicle/IC414,NO-URI,IC,2017-02-06T14:40:00,2017-02-06T14:40:00,114,114
http://irail.be/vehicle/IC414,http://irail.be/stations/NMBS/008892080,IC,2017-02-06T14:45:00,2017-02-06T14:44:00,63,43
http://irail.be/vehicle/IC414,http://irail.be/stations/NMBS/008892007,IC,2017-02-06T14:54:00,2017-02-06T14:51:00,91,90
http://irail.be/vehicle/IC414,http://irail.be/stations/NMBS/008814001,IC,2017-02-06T15:27:00,2017-02-06T15:24:00,96,35
http://irail.be/vehicle/IC414,http://irail.be/stations/NMBS/008813037,IC,2017-02-06T15:29:00,2017-02-06T15:29:00,116,116
http://irail.be/vehicle/IC414,http://irail.be/stations/NMBS/008813003,IC,2017-02-06T15:31:00,2017-02-06T15:30:00,163,133
http://irail.be/vehicle/IC414,http://irail.be/stations/NMBS/008813045,IC,2017-02-06T15:33:00,2017-02-06T15:33:00,147,147
http://irail.be/vehicle/IC414,http://irail.be/stations/NMBS/008812005,IC,2017-02-06T15:38:00,2017-02-06T15:35:00,206,137
http://irail.be/vehicle/IC414,http://irail.be/stations/NMBS/008811007,IC,2017-02-06T15:41:00,2017-02-06T15:41:00,211,211
http://irail.be/vehicle/IC414,http://irail.be/stations/NMBS/008811130,IC,2017-02-06T15:42:00,2017-02-06T15:42:00,218,218
http://irail.be/vehicle/IC414,http://irail.be/stations/NMBS/008811213,IC,2017-02-06T15:43:00,2017-02-06T15:43:00,225,225
http://irail.be/vehicle/IC414,http://irail.be/stations/NMBS/008811221,IC,2017-02-06T15:44:00,2017-02-06T15:44:00,237,237
http://irail.be/vehicle/IC414,http://irail.be/stations/NMBS/008811247,IC,2017-02-06T15:45:00,2017-02-06T15:45:00,200,200
http://irail.be/vehicle/IC414,http://irail.be/stations/NMBS/008811254,IC,2017-02-06T15:46:00,2017-02-06T15:46:00,110,110
http://irail.be/vehicle/IC414,http://irail.be/stations/NMBS/008811262,IC,2017-02-06T15:48:00,2017-02-06T15:48:00,110,110
http://irail.be/vehicle/IC414,http://irail.be/stations/NMBS/008811270,IC,2017-02-06T15:49:00,2017-02-06T15:49:00,196,196
http://irail.be/vehicle/IC414,http://irail.be/stations/NMBS/008811288,IC,2017-02-06T15:50:00,2017-02-06T15:50:00,210,210
http://irail.be/vehicle/IC414,http://irail.be/stations/NMBS/008833001,IC,2017-02-06T15:57:00,2017-02-06T15:53:00,92,208
http://irail.be/vehicle/IC414,http://irail.be/stations/NMBS/008841202,IC,2017-02-06T16:24:00,2017-02-06T16:24:00,121,121
http://irail.be/vehicle/IC414,http://irail.be/stations/NMBS/008841004,IC,2017-02-06T16:34:00,2017-02-06T16:31:00,243,283
http://irail.be/vehicle/IC414,http://irail.be/stations/NMBS/008842002,IC,2017-02-06T16:41:00,2017-02-06T16:37:00,159,159
http://irail.be/vehicle/IC414,http://irail.be/stations/NMBS/008842036,IC,2017-02-06T16:43:00,2017-02-06T16:43:00,159,159
http://irail.be/vehicle/IC414,http://irail.be/stations/NMBS/008844271,IC,2017-02-06T16:47:00,2017-02-06T16:47:00,137,137
http://irail.be/vehicle/IC414,NO-URI,IC,2017-02-06T16:48:00,2017-02-06T16:48:00,147,147
http://irail.be/vehicle/IC414,http://irail.be/stations/NMBS/008844255,IC,2017-02-06T16:49:00,2017-02-06T16:49:00,145,145
http://irail.be/vehicle/IC414,http://irail.be/stations/NMBS/008844230,IC,2017-02-06T16:49:00,2017-02-06T16:49:00,194,194
http://irail.be/vehicle/IC414,http://irail.be/stations/NMBS/008844206,IC,2017-02-06T16:54:00,2017-02-06T16:53:00,194,194
http://irail.be/vehicle/IC414,http://irail.be/stations/NMBS/008844008,IC,2017-02-06T17:02:00,2017-02-06T17:00:00,220,150
http://irail.be/vehicle/IC414,http://irail.be/stations/NMBS/008844057,IC,2017-02-06T17:03:00,2017-02-06T17:03:00,220,220
http://irail.be/vehicle/IC414,NO-URI,IC,2017-02-06T17:05:00,2017-02-06T17:05:00,253,253
http://irail.be/vehicle/IC414,http://irail.be/stations/NMBS/008844545,IC,2017-02-06T17:10:00,2017-02-06T17:09:00,257,257
http://irail.be/vehicle/IC414,http://irail.be/stations/NMBS/008844503,IC,2017-02-06T17:16:00,2017-02-06T17:16:00,,257
http://irail.be/vehicle/IC414,http://irail.be/stations/NMBS/008896008,IC,2017-08-02T14:16:00,2017-08-02T14:16:00,47,
http://irail.be/vehicle/IC414,http://irail.be/stations/NMBS/008896115,IC,2017-08-02T14:22:00,2017-08-02T14:21:00,56,56
http://irail.be/vehicle/IC414,http://irail.be/stations/NMBS/008896149,IC,2017-08-02T14:28:00,2017-08-02T14:27:00,79,76
http://irail.be/vehicle/IC414,http://irail.be/stations/NMBS/008892106,IC,2017-08-02T14:38:00,2017-08-02T14:37:00,84,1
http://irail.be/vehicle/IC414,NO-URI,IC,2017-08-02T14:40:00,2017-08-02T14:40:00,84,84
http://irail.be/vehicle/IC414,http://irail.be/stations/NMBS/008892080,IC,2017-08-02T14:45:00,2017-08-02T14:44:00,29,7
http://irail.be/vehicle/IC414,http://irail.be/stations/NMBS/008892007,IC,2017-08-02T14:54:00,2017-08-02T14:51:00,23,62
http://irail.be/vehicle/IC414,http://irail.be/stations/NMBS/008814001,IC,2017-08-02T15:27:00,2017-08-02T15:24:00,185,203
http://irail.be/vehicle/IC414,http://irail.be/stations/NMBS/008813037,IC,2017-08-02T15:29:00,2017-08-02T15:29:00,203,203
http://irail.be/vehicle/IC414,http://irail.be/stations/NMBS/008813003,IC,2017-08-02T15:31:00,2017-08-02T15:30:00,221,207
http://irail.be/vehicle/IC414,http://irail.be/stations/NMBS/008813045,IC,2017-08-02T15:33:00,2017-08-02T15:33:00,204,204
http://irail.be/vehicle/IC414,http://irail.be/stations/NMBS/008812005,IC,2017-08-02T15:38:00,2017-08-02T15:35:00,175,199
http://irail.be/vehicle/IC414,http://irail.be/stations/NMBS/008811007,IC,2017-08-02T15:41:00,2017-08-02T15:41:00,175,175
http://irail.be/vehicle/IC414,http://irail.be/stations/NMBS/008811130,IC,2017-08-02T15:42:00,2017-08-02T15:42:00,204,204
http://irail.be/vehicle/IC414,http://irail.be/stations/NMBS/008811213,IC,2017-08-02T15:43:00,2017-08-02T15:43:00,191,191
http://irail.be/vehicle/IC414,http://irail.be/stations/NMBS/008811221,IC,2017-08-02T15:44:00,2017-08-02T15:44:00,198,198
http://irail.be/vehicle/IC414,http://irail.be/stations/NMBS/008811247,IC,2017-08-02T15:45:00,2017-08-02T15:45:00,158,158
http://irail.be/vehicle/IC414,http://irail.be/stations/NMBS/008811254,IC,2017-08-02T15:46:00,2017-08-02T15:46:00,67,67
http://irail.be/vehicle/IC414,http://irail.be/stations/NMBS/008811262,IC,2017-08-02T15:48:00,2017-08-02T15:48:00,67,67
http://irail.be/vehicle/IC414,http://irail.be/stations/NMBS/008811270,IC,2017-08-02T15:49:00,2017-08-02T15:49:00,145,145
http://irail.be/vehicle/IC414,http://irail.be/stations/NMBS/008811288,IC,2017-08-02T15:50:00,2017-08-02T15:50:00,156,156
http://irail.be/vehicle/IC414,http://irail.be/stations/NMBS/008833001,IC,2017-08-02T15:57:00,2017-08-02T15:53:00,67,145
http://irail.be/vehicle/IC414,http://irail.be/stations/NMBS/008841202,IC,2017-08-02T16:24:00,2017-08-02T16:24:00,-75,-75
http://irail.be/vehicle/IC414,http://irail.be/stations/NMBS/008841004,IC,2017-08-02T16:34:00,2017-08-02T16:31:00,17,30
http://irail.be/vehicle/IC414,http://irail.be/stations/NMBS/008842002,IC,2017-08-02T16:41:00,2017-08-02T16:37:00,91,91
http://irail.be/vehicle/IC414,http://irail.be/stations/NMBS/008842036,IC,2017-08-02T16:43:00,2017-08-02T16:43:00,91,91
http://irail.be/vehicle/IC414,http://irail.be/stations/NMBS/008844271,IC,2017-08-02T16:47:00,2017-08-02T16:47:00,64,64
http://irail.be/vehicle/IC414,NO-URI,IC,2017-08-02T16:48:00,2017-08-02T16:48:00,75,75
http://irail.be/vehicle/IC414,http://irail.be/stations/NMBS/008844255,IC,2017-08-02T16:49:00,2017-08-02T16:49:00,73,73
http://irail.be/vehicle/IC414,http://irail.be/stations/NMBS/008844230,IC,2017-08-02T16:49:00,2017-08-02T16:49:00,106,106
http://irail.be/vehicle/IC414,http://irail.be/stations/NMBS/008844206,IC,2017-08-02T16:54:00,2017-08-02T16:53:00,106,106
http://irail.be/vehicle/IC414,http://irail.be/stations/NMBS/008844008,IC,2017-08-02T17:02:00,2017-08-02T17:00:00,7,6
http://irail.be/vehicle/IC414,http://irail.be/stations/NMBS/008844057,IC,2017-08-02T17:03:00,2017-08-02T17:03:00,7,7
http://irail.be/vehicle/IC414,NO-URI,IC,2017-08-02T17:05:00,2017-08-02T17:05:00,9,9
http://irail.be/vehicle/IC414,http://irail.be/stations/NMBS/008844545,IC,2017-08-02T17:10:00,2017-08-02T17:09:00,14,14
http://irail.be/vehicle/IC414,http://irail.be/stations/NMBS/008844503,IC,2017-08-02T17:16:00,2017-08-02T17:16:00,,14
http://irail.be/vehicle/IC414,http://irail.be/stations/NMBS/008896008,IC,2017-02-21T14:16:00,2017-02-21T14:16:00,43,
http://irail.be/vehicle/IC414,http://irail.be/stations/NMBS/008896115,IC,2017-02-21T14:22:00,2017-02-21T14:21:00,43,43
http://irail.be/vehicle/IC414,http://irail.be/stations/NMBS/008896149,IC,2017-02-21T14:28:00,2017-02-21T14:27:00,56,43
http://irail.be/vehicle/IC414,http://irail.be/stations/NMBS/008892106,IC,2017-02-21T14:38:00,2017-02-21T14:37:00,51,-45
http://irail.be/vehicle/IC414,NO-URI,IC,2017-02-21T14:40:00,2017-02-21T14:40:00,51,51
http://irail.be/vehicle/IC414,http://irail.be/stations/NMBS/008892080,IC,2017-02-21T14:45:00,2017-02-21T14:44:00,29,-27
http://irail.be/vehicle/IC414,http://irail.be/stations/NMBS/008892007,IC,2017-02-21T14:54:00,2017-02-21T14:51:00,90,67
http://irail.be/vehicle/IC414,http://irail.be/stations/NMBS/008814001,IC,2017-02-21T15:27:00,2017-02-21T15:24:00,150,136
http://irail.be/vehicle/IC414,http://irail.be/stations/NMBS/008813037,IC,2017-02-21T15:29:00,2017-02-21T15:29:00,165,165
http://irail.be/vehicle/IC414,http://irail.be/stations/NMBS/008813003,IC,2017-02-21T15:31:00,2017-02-21T15:30:00,230,165
http://irail.be/vehicle/IC414,http://irail.be/stations/NMBS/008813045,IC,2017-02-21T15:33:00,2017-02-21T15:33:00,211,211
http://irail.be/vehicle/IC414,http://irail.be/stations/NMBS/008812005,IC,2017-02-21T15:38:00,2017-02-21T15:35:00,163,199
http://irail.be/vehicle/IC414,http://irail.be/stations/NMBS/008811007,IC,2017-02-21T15:41:00,2017-02-21T15:41:00,141,141
http://irail.be/vehicle/IC414,http://irail.be/stations/NMBS/008811130,IC,2017-02-21T15:42:00,2017-02-21T15:42:00,139,139
http://irail.be/vehicle/IC414,http://irail.be/stations/NMBS/008811213,IC,2017-02-21T15:43:00,2017-02-21T15:43:00,146,146
http://irail.be/vehicle/IC414,http://irail.be/stations/NMBS/008811221,IC,2017-02-21T15:44:00,2017-02-21T15:44:00,156,156
http://irail.be/vehicle/IC414,http://irail.be/stations/NMBS/008811247,IC,2017-02-21T15:45:00,2017-02-21T15:45:00,116,116
http://irail.be/vehicle/IC414,http://irail.be/stations/NMBS/008811254,IC,2017-02-21T15:46:00,2017-02-21T15:46:00,26,26
http://irail.be/vehicle/IC414,http://irail.be/stations/NMBS/008811262,IC,2017-02-21T15:48:00,2017-02-21T15:48:00,26,26
http://irail.be/vehicle/IC414,http://irail.be/stations/NMBS/008811270,IC,2017-02-21T15:49:00,2017-02-21T15:49:00,177,177
http://irail.be/vehicle/IC414,http://irail.be/stations/NMBS/008811288,IC,2017-02-21T15:50:00,2017-02-21T15:50:00,246,246
http://irail.be/vehicle/IC414,http://irail.be/stations/NMBS/008833001,IC,2017-02-21T15:57:00,2017-02-21T15:53:00,148,259
http://irail.be/vehicle/IC414,http://irail.be/stations/NMBS/008841202,IC,2017-02-21T16:24:00,2017-02-21T16:24:00,80,80
http://irail.be/vehicle/IC414,http://irail.be/stations/NMBS/008841004,IC,2017-02-21T16:34:00,2017-02-21T16:31:00,123,151
http://irail.be/vehicle/IC414,http://irail.be/stations/NMBS/008842002,IC,2017-02-21T16:41:00,2017-02-21T16:37:00,119,119
http://irail.be/vehicle/IC414,http://irail.be/stations/NMBS/008842036,IC,2017-02-21T16:43:00,2017-02-21T16:43:00,119,119
http://irail.be/vehicle/IC414,http://irail.be/stations/NMBS/008844271,IC,2017-02-21T16:47:00,2017-02-21T16:47:00,105,105
http://irail.be/vehicle/IC414,NO-URI,IC,2017-02-21T16:48:00,2017-02-21T16:48:00,92,92
http://irail.be/vehicle/IC414,http://irail.be/stations/NMBS/008844255,IC,2017-02-21T16:49:00,2017-02-21T16:49:00,89,89
http://irail.be/vehicle/IC414,http://irail.be/stations/NMBS/008844230,IC,2017-02-21T16:49:00,2017-02-21T16:49:00,327,327
http://irail.be/vehicle/IC414,http://irail.be/stations/NMBS/008844206,IC,2017-02-21T16:54:00,2017-02-21T16:53:00,327,327
http://irail.be/vehicle/IC414,http://irail.be/stations/NMBS/008844008,IC,2017-02-21T17:02:00,2017-02-21T17:00:00,190,261
http://irail.be/vehicle/IC414,http://irail.be/stations/NMBS/008844057,IC,2017-02-21T17:03:00,2017-02-21T17:03:00,190,190
http://irail.be/vehicle/IC414,NO-URI,IC,2017-02-21T17:05:00,2017-02-21T17:05:00,216,216
http://irail.be/vehicle/IC414,http://irail.be/stations/NMBS/008844545,IC,2017-02-21T17:10:00,2017-02-21T17:09:00,233,233
http://irail.be/vehicle/IC414,http://irail.be/stations/NMBS/008844503,IC,2017-02-21T17:16:00,2017-02-21T17:16:00,,233
http://irail.be/vehicle/IC414,http://irail.be/stations/NMBS/008896008,IC,2017-03-16T14:16:00,2017-03-16T14:16:00,35,
http://irail.be/vehicle/IC414,http://irail.be/stations/NMBS/008896115,IC,2017-03-16T14:22:00,2017-03-16T14:21:00,99,99
http://irail.be/vehicle/IC414,http://irail.be/stations/NMBS/008896149,IC,2017-03-16T14:28:00,2017-03-16T14:27:00,110,99
http://irail.be/vehicle/IC414,http://irail.be/stations/NMBS/008892106,IC,2017-03-16T14:38:00,2017-03-16T14:37:00,96,25
http://irail.be/vehicle/IC414,NO-URI,IC,2017-03-16T14:40:00,2017-03-16T14:40:00,96,96
http://irail.be/vehicle/IC414,http://irail.be/stations/NMBS/008892080,IC,2017-03-16T14:45:00,2017-03-16T14:44:00,84,41
http://irail.be/vehicle/IC414,http://irail.be/stations/NMBS/008892007,IC,2017-03-16T14:54:00,2017-03-16T14:51:00,164,149
http://irail.be/vehicle/IC414,http://irail.be/stations/NMBS/008814001,IC,2017-03-16T15:27:00,2017-03-16T15:24:00,183,180
http://irail.be/vehicle/IC414,http://irail.be/stations/NMBS/008813037,IC,2017-03-16T15:29:00,2017-03-16T15:29:00,179,179
http://irail.be/vehicle/IC414,http://irail.be/stations/NMBS/008813003,IC,2017-03-16T15:31:00,2017-03-16T15:30:00,234,180
http://irail.be/vehicle/IC414,http://irail.be/stations/NMBS/008813045,IC,2017-03-16T15:33:00,2017-03-16T15:33:00,214,214
http://irail.be/vehicle/IC414,http://irail.be/stations/NMBS/008812005,IC,2017-03-16T15:38:00,2017-03-16T15:35:00,158,204
http://irail.be/vehicle/IC414,http://irail.be/stations/NMBS/008811007,IC,2017-03-16T15:41:00,2017-03-16T15:41:00,128,128
http://irail.be/vehicle/IC414,http://irail.be/stations/NMBS/008811130,IC,2017-03-16T15:42:00,2017-03-16T15:42:00,120,120
http://irail.be/vehicle/IC414,http://irail.be/stations/NMBS/008811213,IC,2017-03-16T15:43:00,2017-03-16T15:43:00,126,126
http://irail.be/vehicle/IC414,http://irail.be/stations/NMBS/008811221,IC,2017-03-16T15:44:00,2017-03-16T15:44:00,137,137
http://irail.be/vehicle/IC414,http://irail.be/stations/NMBS/008811247,IC,2017-03-16T15:45:00,2017-03-16T15:45:00,97,97
http://irail.be/vehicle/IC414,http://irail.be/stations/NMBS/008811254,IC,2017-03-16T15:46:00,2017-03-16T15:46:00,7,7
http://irail.be/vehicle/IC414,http://irail.be/stations/NMBS/008811262,IC,2017-03-16T15:48:00,2017-03-16T15:48:00,7,7
http://irail.be/vehicle/IC414,http://irail.be/stations/NMBS/008811270,IC,2017-03-16T15:49:00,2017-03-16T15:49:00,88,88
http://irail.be/vehicle/IC414,http://irail.be/stations/NMBS/008811288,IC,2017-03-16T15:50:00,2017-03-16T15:50:00,100,100
http://irail.be/vehicle/IC414,http://irail.be/stations/NMBS/008833001,IC,2017-03-16T15:57:00,2017-03-16T15:53:00,25,94
http://irail.be/vehicle/IC414,http://irail.be/stations/NMBS/008841202,IC,2017-03-16T16:24:00,2017-03-16T16:24:00,-89,-89
http://irail.be/vehicle/IC414,http://irail.be/stations/NMBS/008841004,IC,2017-03-16T16:34:00,2017-03-16T16:31:00,52,9
http://irail.be/vehicle/IC414,http://irail.be/stations/NMBS/008842002,IC,2017-03-16T16:41:00,2017-03-16T16:37:00,22,22
http://irail.be/vehicle/IC414,http://irail.be/stations/NMBS/008842036,IC,2017-03-16T16:43:00,2017-03-16T16:43:00,22,22
http://irail.be/vehicle/IC414,http://irail.be/stations/NMBS/008844271,IC,2017-03-16T16:47:00,2017-03-16T16:47:00,-6,-6
http://irail.be/vehicle/IC414,NO-URI,IC,2017-03-16T16:48:00,2017-03-16T16:48:00,8,8
http://irail.be/vehicle/IC414,http://irail.be/stations/NMBS/008844255,IC,2017-03-16T16:49:00,2017-03-16T16:49:00,6,6
http://irail.be/vehicle/IC414,http://irail.be/stations/NMBS/008844230,IC,2017-03-16T16:49:00,2017-03-16T16:49:00,78,78
http://irail.be/vehicle/IC414,http://irail.be/stations/NMBS/008844206,IC,2017-03-16T16:54:00,2017-03-16T16:53:00,78,78
http://irail.be/vehicle/IC414,http://irail.be/stations/NMBS/008844008,IC,2017-03-16T17:02:00,2017-03-16T17:00:00,-5,17
http://irail.be/vehicle/IC414,http://irail.be/stations/NMBS/008844057,IC,2017-03-16T17:03:00,2017-03-16T17:03:00,-5,-5
http://irail.be/vehicle/IC414,NO-URI,IC,2017-03-16T17:05:00,2017-03-16T17:05:00,8,8
http://irail.be/vehicle/IC414,http://irail.be/stations/NMBS/008844545,IC,2017-03-16T17:10:00,2017-03-16T17:09:00,11,11
http://irail.be/vehicle/IC414,http://irail.be/stations/NMBS/008844503,IC,2017-03-16T17:16:00,2017-03-16T17:16:00,,11
http://irail.be/vehicle/IC414,http://irail.be/stations/NMBS/008896008,IC,2017-01-24T14:16:00,2017-01-24T14:16:00,61,
http://irail.be/vehicle/IC414,http://irail.be/stations/NMBS/008896115,IC,2017-01-24T14:22:00,2017-01-24T14:21:00,133,133
http://irail.be/vehicle/IC414,http://irail.be/stations/NMBS/008896149,IC,2017-01-24T14:28:00,2017-01-24T14:27:00,145,133
http://irail.be/vehicle/IC414,http://irail.be/stations/NMBS/008892106,IC,2017-01-24T14:38:00,2017-01-24T14:37:00,110,59
http://irail.be/vehicle/IC414,NO-URI,IC,2017-01-24T14:40:00,2017-01-24T14:40:00,110,110
http://irail.be/vehicle/IC414,http://irail.be/stations/NMBS/008892080,IC,2017-01-24T14:45:00,2017-01-24T14:44:00,66,27
http://irail.be/vehicle/IC414,http://irail.be/stations/NMBS/008892007,IC,2017-01-24T14:54:00,2017-01-24T14:51:00,86,110
http://irail.be/vehicle/IC414,http://irail.be/stations/NMBS/008814001,IC,2017-01-24T15:27:00,2017-01-24T15:24:00,256,274
http://irail.be/vehicle/IC414,http://irail.be/stations/NMBS/008813037,IC,2017-01-24T15:29:00,2017-01-24T15:29:00,264,264
http://irail.be/vehicle/IC414,http://irail.be/stations/NMBS/008813003,IC,2017-01-24T15:31:00,2017-01-24T15:30:00,299,271
http://irail.be/vehicle/IC414,http://irail.be/stations/NMBS/008813045,IC,2017-01-24T15:33:00,2017-01-24T15:33:00,283,283
http://irail.be/vehicle/IC414,http://irail.be/stations/NMBS/008812005,IC,2017-01-24T15:38:00,2017-01-24T15:35:00,259,275
http://irail.be/vehicle/IC414,http://irail.be/stations/NMBS/008811007,IC,2017-01-24T15:41:00,2017-01-24T15:41:00,228,228
http://irail.be/vehicle/IC414,http://irail.be/stations/NMBS/008811130,IC,2017-01-24T15:42:00,2017-01-24T15:42:00,233,233
http://irail.be/vehicle/IC414,http://irail.be/stations/NMBS/008811213,IC,2017-01-24T15:43:00,2017-01-24T15:43:00,241,241
http://irail.be/vehicle/IC414,http://irail.be/stations/NMBS/008811221,IC,2017-01-24T15:44:00,2017-01-24T15:44:00,251,251
http://irail.be/vehicle/IC414,http://irail.be/stations/NMBS/008811247,IC,2017-01-24T15:45:00,2017-01-24T15:45:00,210,210
http://irail.be/vehicle/IC414,http://irail.be/stations/NMBS/008811254,IC,2017-01-24T15:46:00,2017-01-24T15:46:00,120,120
http://irail.be/vehicle/IC414,http://irail.be/stations/NMBS/008811262,IC,2017-01-24T15:48:00,2017-01-24T15:48:00,120,120
http://irail.be/vehicle/IC414,http://irail.be/stations/NMBS/008811270,IC,2017-01-24T15:49:00,2017-01-24T15:49:00,195,195
http://irail.be/vehicle/IC414,http://irail.be/stations/NMBS/008811288,IC,2017-01-24T15:50:00,2017-01-24T15:50:00,207,207
http://irail.be/vehicle/IC414,http://irail.be/stations/NMBS/008833001,IC,2017-01-24T15:57:00,2017-01-24T15:53:00,106,199
http://irail.be/vehicle/IC414,http://irail.be/stations/NMBS/008841202,IC,2017-01-24T16:24:00,2017-01-24T16:24:00,294,294
http://irail.be/vehicle/IC414,http://irail.be/stations/NMBS/008841004,IC,2017-01-24T16:34:00,2017-01-24T16:31:00,305,402
http://irail.be/vehicle/IC414,http://irail.be/stations/NMBS/008842002,IC,2017-01-24T16:41:00,2017-01-24T16:37:00,201,201
http://irail.be/vehicle/IC414,http://irail.be/stations/NMBS/008842036,IC,2017-01-24T16:43:00,2017-01-24T16:43:00,201,201
http://irail.be/vehicle/IC414,http://irail.be/stations/NMBS/008844271,IC,2017-01-24T16:47:00,2017-01-24T16:47:00,170,170
http://irail.be/vehicle/IC414,NO-URI,IC,2017-01-24T16:48:00,2017-01-24T16:48:00,149,149
http://irail.be/vehicle/IC414,http://irail.be/stations/NMBS/008844255,IC,2017-01-24T16:49:00,2017-01-24T16:49:00,143,143
http://irail.be/vehicle/IC414,http://irail.be/stations/NMBS/008844230,IC,2017-01-24T16:49:00,2017-01-24T16:49:00,185,185
http://irail.be/vehicle/IC414,http://irail.be/stations/NMBS/008844206,IC,2017-01-24T16:54:00,2017-01-24T16:53:00,185,185
http://irail.be/vehicle/IC414,http://irail.be/stations/NMBS/008844008,IC,2017-01-24T17:02:00,2017-01-24T17:00:00,49,126
http://irail.be/vehicle/IC414,http://irail.be/stations/NMBS/008844057,IC,2017-01-24T17:03:00,2017-01-24T17:03:00,49,49
http://irail.be/vehicle/IC414,NO-URI,IC,2017-01-24T17:05:00,2017-01-24T17:05:00,63,63
http://irail.be/vehicle/IC414,http://irail.be/stations/NMBS/008844545,IC,2017-01-24T17:10:00,2017-01-24T17:09:00,39,39
http://irail.be/vehicle/IC414,http://irail.be/stations/NMBS/008844503,IC,2017-01-24T17:16:00,2017-01-24T17:16:00,,39
http://irail.be/vehicle/IC414,http://irail.be/stations/NMBS/008896008,IC,2017-02-03T14:16:00,2017-02-03T14:16:00,45,
http://irail.be/vehicle/IC414,http://irail.be/stations/NMBS/008896115,IC,2017-02-03T14:22:00,2017-02-03T14:21:00,96,96
http://irail.be/vehicle/IC414,http://irail.be/stations/NMBS/008896149,IC,2017-02-03T14:28:00,2017-02-03T14:27:00,105,96
http://irail.be/vehicle/IC414,http://irail.be/stations/NMBS/008892106,IC,2017-02-03T14:38:00,2017-02-03T14:37:00,58,21
http://irail.be/vehicle/IC414,NO-URI,IC,2017-02-03T14:40:00,2017-02-03T14:40:00,58,58
http://irail.be/vehicle/IC414,http://irail.be/stations/NMBS/008892080,IC,2017-02-03T14:45:00,2017-02-03T14:44:00,14,-22
http://irail.be/vehicle/IC414,http://irail.be/stations/NMBS/008892007,IC,2017-02-03T14:54:00,2017-02-03T14:51:00,43,68
http://irail.be/vehicle/IC414,http://irail.be/stations/NMBS/008814001,IC,2017-02-03T15:27:00,2017-02-03T15:24:00,115,10
http://irail.be/vehicle/IC414,http://irail.be/stations/NMBS/008813037,IC,2017-02-03T15:29:00,2017-02-03T15:29:00,109,109
http://irail.be/vehicle/IC414,http://irail.be/stations/NMBS/008813003,IC,2017-02-03T15:31:00,2017-02-03T15:30:00,122,108
http://irail.be/vehicle/IC414,http://irail.be/stations/NMBS/008813045,IC,2017-02-03T15:33:00,2017-02-03T15:33:00,96,96
http://irail.be/vehicle/IC414,http://irail.be/stations/NMBS/008812005,IC,2017-02-03T15:38:00,2017-02-03T15:35:00,55,85
http://irail.be/vehicle/IC414,http://irail.be/stations/NMBS/008811007,IC,2017-02-03T15:41:00,2017-02-03T15:41:00,20,20
http://irail.be/vehicle/IC414,http://irail.be/stations/NMBS/008811130,IC,2017-02-03T15:42:00,2017-02-03T15:42:00,28,28
http://irail.be/vehicle/IC414,http://irail.be/stations/NMBS/008811213,IC,2017-02-03T15:43:00,2017-02-03T15:43:00,36,36
http://irail.be/vehicle/IC414,http://irail.be/stations/NMBS/008811221,IC,2017-02-03T15:44:00,2017-02-03T15:44:00,45,45
http://irail.be/vehicle/IC414,http://irail.be/stations/NMBS/008811247,IC,2017-02-03T15:45:00,2017-02-03T15:45:00,7,7
http://irail.be/vehicle/IC414,http://irail.be/stations/NMBS/008811254,IC,2017-02-03T15:46:00,2017-02-03T15:46:00,-83,-83
http://irail.be/vehicle/IC414,http://irail.be/stations/NMBS/008811262,IC,2017-02-03T15:48:00,2017-02-03T15:48:00,-83,-83
http://irail.be/vehicle/IC414,http://irail.be/stations/NMBS/008811270,IC,2017-02-03T15:49:00,2017-02-03T15:49:00,-7,-7
http://irail.be/vehicle/IC414,http://irail.be/stations/NMBS/008811288,IC,2017-02-03T15:50:00,2017-02-03T15:50:00,6,6
http://irail.be/vehicle/IC414,http://irail.be/stations/NMBS/008833001,IC,2017-02-03T15:57:00,2017-02-03T15:53:00,27,0
http://irail.be/vehicle/IC414,http://irail.be/stations/NMBS/008841202,IC,2017-02-03T16:24:00,2017-02-03T16:24:00,-67,-67
http://irail.be/vehicle/IC414,http://irail.be/stations/NMBS/008841004,IC,2017-02-03T16:46:00,2017-02-03T16:31:00,91,21
http://irail.be/vehicle/IC414,http://irail.be/stations/NMBS/008842002,IC,2017-02-03T16:50:00,2017-02-03T16:49:00,139,139
http://irail.be/vehicle/IC414,http://irail.be/stations/NMBS/008842036,IC,2017-02-03T16:52:00,2017-02-03T16:52:00,139,139
http://irail.be/vehicle/IC414,http://irail.be/stations/NMBS/008844271,IC,2017-02-03T16:57:00,2017-02-03T16:57:00,113,113
http://irail.be/vehicle/IC414,NO-URI,IC,2017-02-03T16:58:00,2017-02-03T16:58:00,53,53
http://irail.be/vehicle/IC414,http://irail.be/stations/NMBS/008844255,IC,2017-02-03T16:59:00,2017-02-03T16:59:00,51,51
http://irail.be/vehicle/IC414,http://irail.be/stations/NMBS/008844230,IC,2017-02-03T17:00:00,2017-02-03T17:00:00,9,9
http://irail.be/vehicle/IC414,http://irail.be/stations/NMBS/008844206,IC,2017-02-03T17:06:00,2017-02-03T17:05:00,9,9
http://irail.be/vehicle/IC414,http://irail.be/stations/NMBS/008844008,IC,2017-02-03T17:14:00,2017-02-03T17:12:00,4,-38
http://irail.be/vehicle/IC414,http://irail.be/stations/NMBS/008844057,IC,2017-02-03T17:15:00,2017-02-03T17:15:00,4,4
http://irail.be/vehicle/IC414,NO-URI,IC,2017-02-03T17:17:00,2017-02-03T17:17:00,17,17
http://irail.be/vehicle/IC414,http://irail.be/stations/NMBS/008844545,IC,2017-02-03T17:21:00,2017-02-03T17:21:00,-64,-64
http://irail.be/vehicle/IC414,http://irail.be/stations/NMBS/008844503,IC,2017-02-03T17:26:00,2017-02-03T17:26:00,,-64
http://irail.be/vehicle/IC414,http://irail.be/stations/NMBS/008896008,IC,2017-05-19T14:16:00,2017-05-19T14:16:00,101,
http://irail.be/vehicle/IC414,http://irail.be/stations/NMBS/008896115,IC,2017-05-19T14:22:00,2017-05-19T14:21:00,240,240
http://irail.be/vehicle/IC414,http://irail.be/stations/NMBS/008896149,IC,2017-05-19T14:28:00,2017-05-19T14:27:00,317,291
http://irail.be/vehicle/IC414,http://irail.be/stations/NMBS/008892106,IC,2017-05-19T14:38:00,2017-05-19T14:37:00,292,227
http://irail.be/vehicle/IC414,NO-URI,IC,2017-05-19T14:40:00,2017-05-19T14:40:00,292,292
http://irail.be/vehicle/IC414,http://irail.be/stations/NMBS/008892080,IC,2017-05-19T14:45:00,2017-05-19T14:44:00,248,217
http://irail.be/vehicle/IC414,http://irail.be/stations/NMBS/008892007,IC,2017-05-19T14:54:00,2017-05-19T14:51:00,253,298
http://irail.be/vehicle/IC414,http://irail.be/stations/NMBS/008814001,IC,2017-05-19T15:27:00,2017-05-19T15:24:00,280,212
http://irail.be/vehicle/IC414,http://irail.be/stations/NMBS/008813037,IC,2017-05-19T15:29:00,2017-05-19T15:29:00,316,316
http://irail.be/vehicle/IC414,http://irail.be/stations/NMBS/008813003,IC,2017-05-19T15:31:00,2017-05-19T15:30:00,379,318
http://irail.be/vehicle/IC414,http://irail.be/stations/NMBS/008813045,IC,2017-05-19T15:33:00,2017-05-19T15:33:00,369,369
http://irail.be/vehicle/IC414,http://irail.be/stations/NMBS/008812005,IC,2017-05-19T15:38:00,2017-05-19T15:35:00,409,423
http://irail.be/vehicle/IC414,http://irail.be/stations/NMBS/008811007,IC,2017-05-19T15:41:00,2017-05-19T15:41:00,391,391
http://irail.be/vehicle/IC414,http://irail.be/stations/NMBS/008811130,IC,2017-05-19T15:42:00,2017-05-19T15:42:00,413,413
http://irail.be/vehicle/IC414,http://irail.be/stations/NMBS/008811213,IC,2017-05-19T15:43:00,2017-05-19T15:43:00,403,403
http://irail.be/vehicle/IC414,http://irail.be/stations/NMBS/008811221,IC,2017-05-19T15:44:00,2017-05-19T15:44:00,412,412
http://irail.be/vehicle/IC414,http://irail.be/stations/NMBS/008811247,IC,2017-05-19T15:45:00,2017-05-19T15:45:00,372,372
http://irail.be/vehicle/IC414,http://irail.be/stations/NMBS/008811254,IC,2017-05-19T15:46:00,2017-05-19T15:46:00,282,282
http://irail.be/vehicle/IC414,http://irail.be/stations/NMBS/008811262,IC,2017-05-19T15:48:00,2017-05-19T15:48:00,282,282
http://irail.be/vehicle/IC414,http://irail.be/stations/NMBS/008811270,IC,2017-05-19T15:49:00,2017-05-19T15:49:00,363,363
http://irail.be/vehicle/IC414,http://irail.be/stations/NMBS/008811288,IC,2017-05-19T15:50:00,2017-05-19T15:50:00,377,377
http://irail.be/vehicle/IC414,http://irail.be/stations/NMBS/008833001,IC,2017-05-19T15:57:00,2017-05-19T15:53:00,372,379
http://irail.be/vehicle/IC414,http://irail.be/stations/NMBS/008841202,IC,2017-05-19T16:24:00,2017-05-19T16:24:00,275,275
http://irail.be/vehicle/IC414,http://irail.be/stations/NMBS/008841004,IC,2017-05-19T16:34:00,2017-05-19T16:31:00,430,396
http://irail.be/vehicle/IC414,http://irail.be/stations/NMBS/008842002,IC,2017-05-19T16:41:00,2017-05-19T16:37:00,363,363
http://irail.be/vehicle/IC414,http://irail.be/stations/NMBS/008842036,IC,2017-05-19T16:43:00,2017-05-19T16:43:00,363,363
http://irail.be/vehicle/IC414,http://irail.be/stations/NMBS/008844271,IC,2017-05-19T16:47:00,2017-05-19T16:47:00,337,337
http://irail.be/vehicle/IC414,NO-URI,IC,2017-05-19T16:48:00,2017-05-19T16:48:00,331,331
http://irail.be/vehicle/IC414,http://irail.be/stations/NMBS/008844255,IC,2017-05-19T16:49:00,2017-05-19T16:49:00,328,328
http://irail.be/vehicle/IC414,http://irail.be/stations/NMBS/008844230,IC,2017-05-19T16:49:00,2017-05-19T16:49:00,371,371
http://irail.be/vehicle/IC414,http://irail.be/stations/NMBS/008844206,IC,2017-05-19T16:54:00,2017-05-19T16:53:00,371,371
http://irail.be/vehicle/IC414,http://irail.be/stations/NMBS/008844008,IC,2017-05-19T17:02:00,2017-05-19T17:00:00,235,290
http://irail.be/vehicle/IC414,http://irail.be/stations/NMBS/008844057,IC,2017-05-19T17:03:00,2017-05-19T17:03:00,235,235
http://irail.be/vehicle/IC414,NO-URI,IC,2017-05-19T17:05:00,2017-05-19T17:05:00,264,264
http://irail.be/vehicle/IC414,http://irail.be/stations/NMBS/008844545,IC,2017-05-19T17:10:00,2017-05-19T17:09:00,312,312
http://irail.be/vehicle/IC414,http://irail.be/stations/NMBS/008844503,IC,2017-05-19T17:16:00,2017-05-19T17:16:00,,312
http://irail.be/vehicle/IC414,http://irail.be/stations/NMBS/008896008,IC,2017-07-28T14:16:00,2017-07-28T14:16:00,36,
http://irail.be/vehicle/IC414,http://irail.be/stations/NMBS/008896115,IC,2017-07-28T14:22:00,2017-07-28T14:21:00,46,46
http://irail.be/vehicle/IC414,http://irail.be/stations/NMBS/008896149,IC,2017-07-28T14:28:00,2017-07-28T14:27:00,90,75
http://irail.be/vehicle/IC414,http://irail.be/stations/NMBS/008892106,IC,2017-07-28T14:38:00,2017-07-28T14:37:00,87,-2
http://irail.be/vehicle/IC414,NO-URI,IC,2017-07-28T14:40:00,2017-07-28T14:40:00,87,87
http://irail.be/vehicle/IC414,http://irail.be/stations/NMBS/008892080,IC,2017-07-28T14:45:00,2017-07-28T14:44:00,57,33
http://irail.be/vehicle/IC414,http://irail.be/stations/NMBS/008892007,IC,2017-07-28T14:54:00,2017-07-28T14:51:00,91,99
http://irail.be/vehicle/IC414,http://irail.be/stations/NMBS/008814001,IC,2017-07-28T15:27:00,2017-07-28T15:24:00,35,30
http://irail.be/vehicle/IC414,http://irail.be/stations/NMBS/008813037,IC,2017-07-28T15:29:00,2017-07-28T15:29:00,49,49
http://irail.be/vehicle/IC414,http://irail.be/stations/NMBS/008813003,IC,2017-07-28T15:31:00,2017-07-28T15:30:00,171,113
http://irail.be/vehicle/IC414,http://irail.be/stations/NMBS/008813045,IC,2017-07-28T15:33:00,2017-07-28T15:33:00,153,153
http://irail.be/vehicle/IC414,http://irail.be/stations/NMBS/008812005,IC,2017-07-28T15:38:00,2017-07-28T15:35:00,151,147
http://irail.be/vehicle/IC414,http://irail.be/stations/NMBS/008811007,IC,2017-07-28T15:41:00,2017-07-28T15:41:00,138,138
http://irail.be/vehicle/IC414,http://irail.be/stations/NMBS/008811130,IC,2017-07-28T15:42:00,2017-07-28T15:42:00,155,155
http://irail.be/vehicle/IC414,http://irail.be/stations/NMBS/008811213,IC,2017-07-28T15:43:00,2017-07-28T15:43:00,142,142
http://irail.be/vehicle/IC414,http://irail.be/stations/NMBS/008811221,IC,2017-07-28T15:44:00,2017-07-28T15:44:00,151,151
http://irail.be/vehicle/IC414,http://irail.be/stations/NMBS/008811247,IC,2017-07-28T15:45:00,2017-07-28T15:45:00,111,111
http://irail.be/vehicle/IC414,http://irail.be/stations/NMBS/008811254,IC,2017-07-28T15:46:00,2017-07-28T15:46:00,21,21
http://irail.be/vehicle/IC414,http://irail.be/stations/NMBS/008811262,IC,2017-07-28T15:48:00,2017-07-28T15:48:00,21,21
http://irail.be/vehicle/IC414,http://irail.be/stations/NMBS/008811270,IC,2017-07-28T15:49:00,2017-07-28T15:49:00,98,98
http://irail.be/vehicle/IC414,http://irail.be/stations/NMBS/008811288,IC,2017-07-28T15:50:00,2017-07-28T15:50:00,111,111
http://irail.be/vehicle/IC414,http://irail.be/stations/NMBS/008833001,IC,2017-07-28T15:57:00,2017-07-28T15:53:00,27,111
http://irail.be/vehicle/IC414,http://irail.be/stations/NMBS/008841202,IC,2017-07-28T16:24:00,2017-07-28T16:24:00,-39,-39
http://irail.be/vehicle/IC414,http://irail.be/stations/NMBS/008841004,IC,2017-07-28T16:34:00,2017-07-28T16:31:00,39,86
http://irail.be/vehicle/IC414,http://irail.be/stations/NMBS/008842002,IC,2017-07-28T16:41:00,2017-07-28T16:37:00,55,55
http://irail.be/vehicle/IC414,http://irail.be/stations/NMBS/008842036,IC,2017-07-28T16:43:00,2017-07-28T16:43:00,55,55
http://irail.be/vehicle/IC414,http://irail.be/stations/NMBS/008844271,IC,2017-07-28T16:47:00,2017-07-28T16:47:00,38,38
http://irail.be/vehicle/IC414,NO-URI,IC,2017-07-28T16:48:00,2017-07-28T16:48:00,46,46
http://irail.be/vehicle/IC414,http://irail.be/stations/NMBS/008844255,IC,2017-07-28T16:49:00,2017-07-28T16:49:00,54,54
http://irail.be/vehicle/IC414,http://irail.be/stations/NMBS/008844230,IC,2017-07-28T16:49:00,2017-07-28T16:49:00,249,249
http://irail.be/vehicle/IC414,http://irail.be/stations/NMBS/008844206,IC,2017-07-28T16:54:00,2017-07-28T16:53:00,249,249
http://irail.be/vehicle/IC414,http://irail.be/stations/NMBS/008844008,IC,2017-07-28T17:02:00,2017-07-28T17:00:00,87,168
http://irail.be/vehicle/IC414,http://irail.be/stations/NMBS/008844057,IC,2017-07-28T17:03:00,2017-07-28T17:03:00,87,87
http://irail.be/vehicle/IC414,NO-URI,IC,2017-07-28T17:05:00,2017-07-28T17:05:00,80,80
http://irail.be/vehicle/IC414,http://irail.be/stations/NMBS/008844545,IC,2017-07-28T17:10:00,2017-07-28T17:09:00,59,59
http://irail.be/vehicle/IC414,http://irail.be/stations/NMBS/008844503,IC,2017-07-28T17:16:00,2017-07-28T17:16:00,,59
http://irail.be/vehicle/IC414,http://irail.be/stations/NMBS/008896008,IC,2017-03-24T14:16:00,2017-03-24T14:16:00,83,
http://irail.be/vehicle/IC414,http://irail.be/stations/NMBS/008896115,IC,2017-03-24T14:22:00,2017-03-24T14:21:00,142,142
http://irail.be/vehicle/IC414,http://irail.be/stations/NMBS/008896149,IC,2017-03-24T14:28:00,2017-03-24T14:27:00,134,142
http://irail.be/vehicle/IC414,http://irail.be/stations/NMBS/008892106,IC,2017-03-24T14:38:00,2017-03-24T14:37:00,70,22
http://irail.be/vehicle/IC414,NO-URI,IC,2017-03-24T14:40:00,2017-03-24T14:40:00,70,70
http://irail.be/vehicle/IC414,http://irail.be/stations/NMBS/008892080,IC,2017-03-24T14:45:00,2017-03-24T14:44:00,21,-8
http://irail.be/vehicle/IC414,http://irail.be/stations/NMBS/008892007,IC,2017-03-24T14:54:00,2017-03-24T14:51:00,51,51
http://irail.be/vehicle/IC414,http://irail.be/stations/NMBS/008814001,IC,2017-03-24T15:27:00,2017-03-24T15:24:00,90,-10
http://irail.be/vehicle/IC414,http://irail.be/stations/NMBS/008813037,IC,2017-03-24T15:29:00,2017-03-24T15:29:00,89,89
http://irail.be/vehicle/IC414,http://irail.be/stations/NMBS/008813003,IC,2017-03-24T15:31:00,2017-03-24T15:30:00,178,93
http://irail.be/vehicle/IC414,http://irail.be/stations/NMBS/008813045,IC,2017-03-24T15:33:00,2017-03-24T15:33:00,168,168
http://irail.be/vehicle/IC414,http://irail.be/stations/NMBS/008812005,IC,2017-03-24T15:38:00,2017-03-24T15:35:00,176,159
http://irail.be/vehicle/IC414,http://irail.be/stations/NMBS/008811007,IC,2017-03-24T15:41:00,2017-03-24T15:41:00,159,159
http://irail.be/vehicle/IC414,http://irail.be/stations/NMBS/008811130,IC,2017-03-24T15:42:00,2017-03-24T15:42:00,214,214
http://irail.be/vehicle/IC414,http://irail.be/stations/NMBS/008811213,IC,2017-03-24T15:43:00,2017-03-24T15:43:00,226,226
http://irail.be/vehicle/IC414,http://irail.be/stations/NMBS/008811221,IC,2017-03-24T15:44:00,2017-03-24T15:44:00,240,240
http://irail.be/vehicle/IC414,http://irail.be/stations/NMBS/008811247,IC,2017-03-24T15:45:00,2017-03-24T15:45:00,208,208
http://irail.be/vehicle/IC414,http://irail.be/stations/NMBS/008811254,IC,2017-03-24T15:46:00,2017-03-24T15:46:00,121,121
http://irail.be/vehicle/IC414,http://irail.be/stations/NMBS/008811262,IC,2017-03-24T15:48:00,2017-03-24T15:48:00,121,121
http://irail.be/vehicle/IC414,http://irail.be/stations/NMBS/008811270,IC,2017-03-24T15:49:00,2017-03-24T15:49:00,210,210
http://irail.be/vehicle/IC414,http://irail.be/stations/NMBS/008811288,IC,2017-03-24T15:50:00,2017-03-24T15:50:00,224,224
http://irail.be/vehicle/IC414,http://irail.be/stations/NMBS/008833001,IC,2017-03-24T15:57:00,2017-03-24T15:53:00,99,210
http://irail.be/vehicle/IC414,http://irail.be/stations/NMBS/008841202,IC,2017-03-24T16:24:00,2017-03-24T16:24:00,62,62
http://irail.be/vehicle/IC414,http://irail.be/stations/NMBS/008841004,IC,2017-03-24T16:34:00,2017-03-24T16:31:00,180,221
http://irail.be/vehicle/IC414,http://irail.be/stations/NMBS/008842002,IC,2017-03-24T16:41:00,2017-03-24T16:37:00,97,97
http://irail.be/vehicle/IC414,http://irail.be/stations/NMBS/008842036,IC,2017-03-24T16:43:00,2017-03-24T16:43:00,97,97
http://irail.be/vehicle/IC414,http://irail.be/stations/NMBS/008844271,IC,2017-03-24T16:47:00,2017-03-24T16:47:00,68,68
http://irail.be/vehicle/IC414,NO-URI,IC,2017-03-24T16:48:00,2017-03-24T16:48:00,56,56
http://irail.be/vehicle/IC414,http://irail.be/stations/NMBS/008844255,IC,2017-03-24T16:49:00,2017-03-24T16:49:00,52,52
http://irail.be/vehicle/IC414,http://irail.be/stations/NMBS/008844230,IC,2017-03-24T16:49:00,2017-03-24T16:49:00,140,140
http://irail.be/vehicle/IC414,http://irail.be/stations/NMBS/008844206,IC,2017-03-24T16:54:00,2017-03-24T16:53:00,140,140
http://irail.be/vehicle/IC414,http://irail.be/stations/NMBS/008844008,IC,2017-03-24T17:02:00,2017-03-24T17:00:00,103,92
http://irail.be/vehicle/IC414,http://irail.be/stations/NMBS/008844057,IC,2017-03-24T17:03:00,2017-03-24T17:03:00,103,103
http://irail.be/vehicle/IC414,NO-URI,IC,2017-03-24T17:05:00,2017-03-24T17:05:00,125,125
http://irail.be/vehicle/IC414,http://irail.be/stations/NMBS/008844545,IC,2017-03-24T17:10:00,2017-03-24T17:09:00,126,126
http://irail.be/vehicle/IC414,http://irail.be/stations/NMBS/008844503,IC,2017-03-24T17:16:00,2017-03-24T17:16:00,,126
http://irail.be/vehicle/IC414,http://irail.be/stations/NMBS/008896008,IC,2017-02-08T14:16:00,2017-02-08T14:16:00,82,
http://irail.be/vehicle/IC414,http://irail.be/stations/NMBS/008896115,IC,2017-02-08T14:22:00,2017-02-08T14:21:00,75,75
http://irail.be/vehicle/IC414,http://irail.be/stations/NMBS/008896149,IC,2017-02-08T14:28:00,2017-02-08T14:27:00,76,75
http://irail.be/vehicle/IC414,http://irail.be/stations/NMBS/008892106,IC,2017-02-08T14:38:00,2017-02-08T14:37:00,56,11
http://irail.be/vehicle/IC414,NO-URI,IC,2017-02-08T14:40:00,2017-02-08T14:40:00,56,56
http://irail.be/vehicle/IC414,http://irail.be/stations/NMBS/008892080,IC,2017-02-08T14:45:00,2017-02-08T14:44:00,3,-28
http://irail.be/vehicle/IC414,http://irail.be/stations/NMBS/008892007,IC,2017-02-08T14:54:00,2017-02-08T14:51:00,32,35
http://irail.be/vehicle/IC414,http://irail.be/stations/NMBS/008814001,IC,2017-02-08T15:27:00,2017-02-08T15:24:00,158,202
http://irail.be/vehicle/IC414,http://irail.be/stations/NMBS/008813037,IC,2017-02-08T15:29:00,2017-02-08T15:29:00,155,155
http://irail.be/vehicle/IC414,http://irail.be/stations/NMBS/008813003,IC,2017-02-08T15:31:00,2017-02-08T15:30:00,226,153
http://irail.be/vehicle/IC414,http://irail.be/stations/NMBS/008813045,IC,2017-02-08T15:33:00,2017-02-08T15:33:00,206,206
http://irail.be/vehicle/IC414,http://irail.be/stations/NMBS/008812005,IC,2017-02-08T15:38:00,2017-02-08T15:35:00,156,192
http://irail.be/vehicle/IC414,http://irail.be/stations/NMBS/008811007,IC,2017-02-08T15:41:00,2017-02-08T15:41:00,148,148
http://irail.be/vehicle/IC414,http://irail.be/stations/NMBS/008811130,IC,2017-02-08T15:42:00,2017-02-08T15:42:00,142,142
http://irail.be/vehicle/IC414,http://irail.be/stations/NMBS/008811213,IC,2017-02-08T15:43:00,2017-02-08T15:43:00,149,149
http://irail.be/vehicle/IC414,http://irail.be/stations/NMBS/008811221,IC,2017-02-08T15:44:00,2017-02-08T15:44:00,160,160
http://irail.be/vehicle/IC414,http://irail.be/stations/NMBS/008811247,IC,2017-02-08T15:45:00,2017-02-08T15:45:00,119,119
http://irail.be/vehicle/IC414,http://irail.be/stations/NMBS/008811254,IC,2017-02-08T15:46:00,2017-02-08T15:46:00,29,29
http://irail.be/vehicle/IC414,http://irail.be/stations/NMBS/008811262,IC,2017-02-08T15:48:00,2017-02-08T15:48:00,29,29
http://irail.be/vehicle/IC414,http://irail.be/stations/NMBS/008811270,IC,2017-02-08T15:49:00,2017-02-08T15:49:00,107,107
http://irail.be/vehicle/IC414,http://irail.be/stations/NMBS/008811288,IC,2017-02-08T15:50:00,2017-02-08T15:50:00,119,119
http://irail.be/vehicle/IC414,http://irail.be/stations/NMBS/008833001,IC,2017-02-08T15:57:00,2017-02-08T15:53:00,69,117
http://irail.be/vehicle/IC414,http://irail.be/stations/NMBS/008841202,IC,2017-02-08T16:24:00,2017-02-08T16:24:00,36,36
http://irail.be/vehicle/IC414,http://irail.be/stations/NMBS/008841004,IC,2017-02-08T16:34:00,2017-02-08T16:31:00,86,111
http://irail.be/vehicle/IC414,http://irail.be/stations/NMBS/008842002,IC,2017-02-08T16:41:00,2017-02-08T16:37:00,77,77
http://irail.be/vehicle/IC414,http://irail.be/stations/NMBS/008842036,IC,2017-02-08T16:43:00,2017-02-08T16:43:00,77,77
http://irail.be/vehicle/IC414,http://irail.be/stations/NMBS/008844271,IC,2017-02-08T16:47:00,2017-02-08T16:47:00,69,69
http://irail.be/vehicle/IC414,NO-URI,IC,2017-02-08T16:48:00,2017-02-08T16:48:00,85,85
http://irail.be/vehicle/IC414,http://irail.be/stations/NMBS/008844255,IC,2017-02-08T16:49:00,2017-02-08T16:49:00,82,82
http://irail.be/vehicle/IC414,http://irail.be/stations/NMBS/008844230,IC,2017-02-08T16:49:00,2017-02-08T16:49:00,135,135
http://irail.be/vehicle/IC414,http://irail.be/stations/NMBS/008844206,IC,2017-02-08T16:54:00,2017-02-08T16:53:00,135,135
http://irail.be/vehicle/IC414,http://irail.be/stations/NMBS/008844008,IC,2017-02-08T17:02:00,2017-02-08T17:00:00,-15,63
http://irail.be/vehicle/IC414,http://irail.be/stations/NMBS/008844057,IC,2017-02-08T17:03:00,2017-02-08T17:03:00,-15,-15
http://irail.be/vehicle/IC414,NO-URI,IC,2017-02-08T17:05:00,2017-02-08T17:05:00,8,8
http://irail.be/vehicle/IC414,http://irail.be/stations/NMBS/008844545,IC,2017-02-08T17:10:00,2017-02-08T17:09:00,34,34
http://irail.be/vehicle/IC414,http://irail.be/stations/NMBS/008844503,IC,2017-02-08T17:16:00,2017-02-08T17:16:00,,34
http://irail.be/vehicle/IC414,http://irail.be/stations/NMBS/008896008,IC,2017-12-14T14:16:00,2017-12-14T14:16:00,72,
http://irail.be/vehicle/IC414,http://irail.be/stations/NMBS/008896115,IC,2017-12-14T14:22:00,2017-12-14T14:21:00,112,112
http://irail.be/vehicle/IC414,http://irail.be/stations/NMBS/008896149,IC,2017-12-14T14:28:00,2017-12-14T14:27:00,173,153
http://irail.be/vehicle/IC414,http://irail.be/stations/NMBS/008892106,IC,2017-12-14T14:38:00,2017-12-14T14:37:00,112,75
http://irail.be/vehicle/IC414,NO-URI,IC,2017-12-14T14:40:00,2017-12-14T14:40:00,112,112
http://irail.be/vehicle/IC414,http://irail.be/stations/NMBS/008892080,IC,2017-12-14T14:44:00,2017-12-14T14:43:00,95,79
http://irail.be/vehicle/IC414,http://irail.be/stations/NMBS/008892007,IC,2017-12-14T14:54:00,2017-12-14T14:52:00,447,104
http://irail.be/vehicle/IC414,http://irail.be/stations/NMBS/008814001,IC,2017-12-14T15:27:00,2017-12-14T15:24:00,240,311
http://irail.be/vehicle/IC414,http://irail.be/stations/NMBS/008813037,IC,2017-12-14T15:29:00,2017-12-14T15:29:00,299,299
http://irail.be/vehicle/IC414,http://irail.be/stations/NMBS/008813003,IC,2017-12-14T15:31:00,2017-12-14T15:30:00,376,304
http://irail.be/vehicle/IC414,http://irail.be/stations/NMBS/008813045,IC,2017-12-14T15:33:00,2017-12-14T15:33:00,369,369
http://irail.be/vehicle/IC414,http://irail.be/stations/NMBS/008812005,IC,2017-12-14T15:37:00,2017-12-14T15:35:00,384,363
http://irail.be/vehicle/IC414,http://irail.be/stations/NMBS/008811007,IC,2017-12-14T15:40:00,2017-12-14T15:40:00,397,397
http://irail.be/vehicle/IC414,http://irail.be/stations/NMBS/008811130,IC,2017-12-14T15:41:00,2017-12-14T15:41:00,452,452
http://irail.be/vehicle/IC414,http://irail.be/stations/NMBS/008811213,IC,2017-12-14T15:42:00,2017-12-14T15:42:00,452,452
http://irail.be/vehicle/IC414,http://irail.be/stations/NMBS/008811221,IC,2017-12-14T15:43:00,2017-12-14T15:43:00,425,425
http://irail.be/vehicle/IC414,http://irail.be/stations/NMBS/008811247,IC,2017-12-14T15:44:00,2017-12-14T15:44:00,424,424
http://irail.be/vehicle/IC414,http://irail.be/stations/NMBS/008811254,IC,2017-12-14T15:45:00,2017-12-14T15:45:00,333,333
http://irail.be/vehicle/IC414,http://irail.be/stations/NMBS/008811262,IC,2017-12-14T15:47:00,2017-12-14T15:47:00,333,333
http://irail.be/vehicle/IC414,http://irail.be/stations/NMBS/008811270,IC,2017-12-14T15:48:00,2017-12-14T15:48:00,410,410
http://irail.be/vehicle/IC414,http://irail.be/stations/NMBS/008811288,IC,2017-12-14T15:49:00,2017-12-14T15:49:00,422,422
http://irail.be/vehicle/IC414,http://irail.be/stations/NMBS/008833001,IC,2017-12-14T15:56:00,2017-12-14T15:52:00,331,404
http://irail.be/vehicle/IC414,http://irail.be/stations/NMBS/008841202,IC,2017-12-14T16:22:00,2017-12-14T16:22:00,382,382
http://irail.be/vehicle/IC414,http://irail.be/stations/NMBS/008841004,IC,2017-12-14T16:36:00,2017-12-14T16:29:00,100,348
http://irail.be/vehicle/IC414,http://irail.be/stations/NMBS/008842002,IC,2017-12-14T16:41:00,2017-12-14T16:39:00,182,182
http://irail.be/vehicle/IC414,http://irail.be/stations/NMBS/008842036,IC,2017-12-14T16:43:00,2017-12-14T16:43:00,182,182
http://irail.be/vehicle/IC414,http://irail.be/stations/NMBS/008844271,IC,2017-12-14T16:47:00,2017-12-14T16:47:00,179,179
http://irail.be/vehicle/IC414,NO-URI,IC,2017-12-14T16:48:00,2017-12-14T16:48:00,244,244
http://irail.be/vehicle/IC414,http://irail.be/stations/NMBS/008844255,IC,2017-12-14T16:49:00,2017-12-14T16:49:00,276,276
http://irail.be/vehicle/IC414,http://irail.be/stations/NMBS/008844230,IC,2017-12-14T16:49:00,2017-12-14T16:49:00,454,454
http://irail.be/vehicle/IC414,http://irail.be/stations/NMBS/008844206,IC,2017-12-14T16:54:00,2017-12-14T16:53:00,454,454
http://irail.be/vehicle/IC414,http://irail.be/stations/NMBS/008844008,IC,2017-12-14T17:02:00,2017-12-14T17:00:00,337,403
http://irail.be/vehicle/IC414,http://irail.be/stations/NMBS/008844057,IC,2017-12-14T17:03:00,2017-12-14T17:03:00,337,337
http://irail.be/vehicle/IC414,http://irail.be/stations/NMBS/008844545,IC,2017-12-14T17:09:00,2017-12-14T17:08:00,675,675
http://irail.be/vehicle/IC414,http://irail.be/stations/NMBS/008844503,IC,2017-12-14T17:14:00,2017-12-14T17:14:00,,675
http://irail.be/vehicle/IC414,http://irail.be/stations/NMBS/008896008,IC,2017-02-23T14:16:00,2017-02-23T14:16:00,43,
http://irail.be/vehicle/IC414,http://irail.be/stations/NMBS/008896115,IC,2017-02-23T14:22:00,2017-02-23T14:21:00,71,71
http://irail.be/vehicle/IC414,http://irail.be/stations/NMBS/008896149,IC,2017-02-23T14:28:00,2017-02-23T14:27:00,76,71
http://irail.be/vehicle/IC414,http://irail.be/stations/NMBS/008892106,IC,2017-02-23T14:38:00,2017-02-23T14:37:00,68,-26
http://irail.be/vehicle/IC414,NO-URI,IC,2017-02-23T14:40:00,2017-02-23T14:40:00,68,68
http://irail.be/vehicle/IC414,http://irail.be/stations/NMBS/008892080,IC,2017-02-23T14:45:00,2017-02-23T14:44:00,53,-23
http://irail.be/vehicle/IC414,http://irail.be/stations/NMBS/008892007,IC,2017-02-23T14:54:00,2017-02-23T14:51:00,78,98
http://irail.be/vehicle/IC414,http://irail.be/stations/NMBS/008814001,IC,2017-02-23T15:27:00,2017-02-23T15:24:00,142,144
http://irail.be/vehicle/IC414,http://irail.be/stations/NMBS/008813037,IC,2017-02-23T15:29:00,2017-02-23T15:29:00,139,139
http://irail.be/vehicle/IC414,http://irail.be/stations/NMBS/008813003,IC,2017-02-23T15:31:00,2017-02-23T15:30:00,388,184
http://irail.be/vehicle/IC414,http://irail.be/stations/NMBS/008813045,IC,2017-02-23T15:33:00,2017-02-23T15:33:00,366,366
http://irail.be/vehicle/IC414,http://irail.be/stations/NMBS/008812005,IC,2017-02-23T15:38:00,2017-02-23T15:35:00,360,357
http://irail.be/vehicle/IC414,http://irail.be/stations/NMBS/008811007,IC,2017-02-23T15:41:00,2017-02-23T15:41:00,327,327
http://irail.be/vehicle/IC414,http://irail.be/stations/NMBS/008811130,IC,2017-02-23T15:42:00,2017-02-23T15:42:00,324,324
http://irail.be/vehicle/IC414,http://irail.be/stations/NMBS/008811213,IC,2017-02-23T15:43:00,2017-02-23T15:43:00,331,331
http://irail.be/vehicle/IC414,http://irail.be/stations/NMBS/008811221,IC,2017-02-23T15:44:00,2017-02-23T15:44:00,341,341
http://irail.be/vehicle/IC414,http://irail.be/stations/NMBS/008811247,IC,2017-02-23T15:45:00,2017-02-23T15:45:00,301,301
http://irail.be/vehicle/IC414,http://irail.be/stations/NMBS/008811254,IC,2017-02-23T15:46:00,2017-02-23T15:46:00,211,211
http://irail.be/vehicle/IC414,http://irail.be/stations/NMBS/008811262,IC,2017-02-23T15:48:00,2017-02-23T15:48:00,211,211
http://irail.be/vehicle/IC414,http://irail.be/stations/NMBS/008811270,IC,2017-02-23T15:49:00,2017-02-23T15:49:00,291,291
http://irail.be/vehicle/IC414,http://irail.be/stations/NMBS/008811288,IC,2017-02-23T15:50:00,2017-02-23T15:50:00,326,326
http://irail.be/vehicle/IC414,http://irail.be/stations/NMBS/008833001,IC,2017-02-23T15:57:00,2017-02-23T15:53:00,366,479
http://irail.be/vehicle/IC414,http://irail.be/stations/NMBS/008841202,IC,2017-02-23T16:24:00,2017-02-23T16:24:00,234,234
http://irail.be/vehicle/IC414,http://irail.be/stations/NMBS/008841004,IC,2017-02-23T16:34:00,2017-02-23T16:31:00,138,187
http://irail.be/vehicle/IC414,http://irail.be/stations/NMBS/008842002,IC,2017-02-23T16:41:00,2017-02-23T16:37:00,52,52
http://irail.be/vehicle/IC414,http://irail.be/stations/NMBS/008842036,IC,2017-02-23T16:43:00,2017-02-23T16:43:00,52,52
http://irail.be/vehicle/IC414,http://irail.be/stations/NMBS/008844271,IC,2017-02-23T16:47:00,2017-02-23T16:47:00,33,33
http://irail.be/vehicle/IC414,NO-URI,IC,2017-02-23T16:48:00,2017-02-23T16:48:00,37,37
http://irail.be/vehicle/IC414,http://irail.be/stations/NMBS/008844255,IC,2017-02-23T16:49:00,2017-02-23T16:49:00,38,38
http://irail.be/vehicle/IC414,http://irail.be/stations/NMBS/008844230,IC,2017-02-23T16:49:00,2017-02-23T16:49:00,104,104
http://irail.be/vehicle/IC414,http://irail.be/stations/NMBS/008844206,IC,2017-02-23T16:54:00,2017-02-23T16:53:00,104,104
http://irail.be/vehicle/IC414,http://irail.be/stations/NMBS/008844008,IC,2017-02-23T17:02:00,2017-02-23T17:00:00,3,33
http://irail.be/vehicle/IC414,http://irail.be/stations/NMBS/008844057,IC,2017-02-23T17:03:00,2017-02-23T17:03:00,3,3
http://irail.be/vehicle/IC414,NO-URI,IC,2017-02-23T17:05:00,2017-02-23T17:05:00,14,14
http://irail.be/vehicle/IC414,http://irail.be/stations/NMBS/008844545,IC,2017-02-23T17:10:00,2017-02-23T17:09:00,45,45
http://irail.be/vehicle/IC414,http://irail.be/stations/NMBS/008844503,IC,2017-02-23T17:16:00,2017-02-23T17:16:00,,45
http://irail.be/vehicle/IC414,http://irail.be/stations/NMBS/008896008,IC,2017-06-09T14:16:00,2017-06-09T14:16:00,61,
http://irail.be/vehicle/IC414,http://irail.be/stations/NMBS/008896115,IC,2017-06-09T14:22:00,2017-06-09T14:21:00,46,46
http://irail.be/vehicle/IC414,http://irail.be/stations/NMBS/008896149,IC,2017-06-09T14:28:00,2017-06-09T14:27:00,40,67
http://irail.be/vehicle/IC414,http://irail.be/stations/NMBS/008892106,IC,2017-06-09T14:38:00,2017-06-09T14:37:00,43,-55
http://irail.be/vehicle/IC414,NO-URI,IC,2017-06-09T14:40:00,2017-06-09T14:40:00,43,43
http://irail.be/vehicle/IC414,http://irail.be/stations/NMBS/008892080,IC,2017-06-09T14:45:00,2017-06-09T14:44:00,24,-12
http://irail.be/vehicle/IC414,http://irail.be/stations/NMBS/008892007,IC,2017-06-09T14:54:00,2017-06-09T14:51:00,28,88
http://irail.be/vehicle/IC414,http://irail.be/stations/NMBS/008814001,IC,2017-06-09T15:27:00,2017-06-09T15:24:00,84,137
http://irail.be/vehicle/IC414,http://irail.be/stations/NMBS/008813037,IC,2017-06-09T15:29:00,2017-06-09T15:29:00,98,98
http://irail.be/vehicle/IC414,http://irail.be/stations/NMBS/008813003,IC,2017-06-09T15:31:00,2017-06-09T15:30:00,254,184
http://irail.be/vehicle/IC414,http://irail.be/stations/NMBS/008813045,IC,2017-06-09T15:33:00,2017-06-09T15:33:00,247,247
http://irail.be/vehicle/IC414,http://irail.be/stations/NMBS/008812005,IC,2017-06-09T15:38:00,2017-06-09T15:35:00,187,241
http://irail.be/vehicle/IC414,http://irail.be/stations/NMBS/008811007,IC,2017-06-09T15:41:00,2017-06-09T15:41:00,168,168
http://irail.be/vehicle/IC414,http://irail.be/stations/NMBS/008811130,IC,2017-06-09T15:42:00,2017-06-09T15:42:00,179,179
http://irail.be/vehicle/IC414,http://irail.be/stations/NMBS/008811213,IC,2017-06-09T15:43:00,2017-06-09T15:43:00,163,163
http://irail.be/vehicle/IC414,http://irail.be/stations/NMBS/008811221,IC,2017-06-09T15:44:00,2017-06-09T15:44:00,172,172
http://irail.be/vehicle/IC414,http://irail.be/stations/NMBS/008811247,IC,2017-06-09T15:45:00,2017-06-09T15:45:00,133,133
http://irail.be/vehicle/IC414,http://irail.be/stations/NMBS/008811254,IC,2017-06-09T15:46:00,2017-06-09T15:46:00,43,43
http://irail.be/vehicle/IC414,http://irail.be/stations/NMBS/008811262,IC,2017-06-09T15:48:00,2017-06-09T15:48:00,43,43
http://irail.be/vehicle/IC414,http://irail.be/stations/NMBS/008811270,IC,2017-06-09T15:49:00,2017-06-09T15:49:00,121,121
http://irail.be/vehicle/IC414,http://irail.be/stations/NMBS/008811288,IC,2017-06-09T15:50:00,2017-06-09T15:50:00,133,133
http://irail.be/vehicle/IC414,http://irail.be/stations/NMBS/008833001,IC,2017-06-09T15:57:00,2017-06-09T15:53:00,4,116
http://irail.be/vehicle/IC414,http://irail.be/stations/NMBS/008841202,IC,2017-06-09T16:24:00,2017-06-09T16:24:00,-89,-89
http://irail.be/vehicle/IC414,http://irail.be/stations/NMBS/008841004,IC,2017-06-09T16:34:00,2017-06-09T16:31:00,-3,21
http://irail.be/vehicle/IC414,http://irail.be/stations/NMBS/008842002,IC,2017-06-09T16:41:00,2017-06-09T16:37:00,133,133
http://irail.be/vehicle/IC414,http://irail.be/stations/NMBS/008842036,IC,2017-06-09T16:43:00,2017-06-09T16:43:00,133,133
http://irail.be/vehicle/IC414,http://irail.be/stations/NMBS/008844271,IC,2017-06-09T16:47:00,2017-06-09T16:47:00,131,131
http://irail.be/vehicle/IC414,NO-URI,IC,2017-06-09T16:48:00,2017-06-09T16:48:00,165,165
http://irail.be/vehicle/IC414,http://irail.be/stations/NMBS/008844255,IC,2017-06-09T16:49:00,2017-06-09T16:49:00,169,169
http://irail.be/vehicle/IC414,http://irail.be/stations/NMBS/008844230,IC,2017-06-09T16:49:00,2017-06-09T16:49:00,193,193
http://irail.be/vehicle/IC414,http://irail.be/stations/NMBS/008844206,IC,2017-06-09T16:54:00,2017-06-09T16:53:00,193,193
http://irail.be/vehicle/IC414,http://irail.be/stations/NMBS/008844008,IC,2017-06-09T17:02:00,2017-06-09T17:00:00,69,131
http://irail.be/vehicle/IC414,http://irail.be/stations/NMBS/008844057,IC,2017-06-09T17:03:00,2017-06-09T17:03:00,69,69
http://irail.be/vehicle/IC414,NO-URI,IC,2017-06-09T17:05:00,2017-06-09T17:05:00,82,82
http://irail.be/vehicle/IC414,http://irail.be/stations/NMBS/008844545,IC,2017-06-09T17:10:00,2017-06-09T17:09:00,14,14
http://irail.be/vehicle/IC414,http://irail.be/stations/NMBS/008844503,IC,2017-06-09T17:16:00,2017-06-09T17:16:00,,14
http://irail.be/vehicle/IC414,http://irail.be/stations/NMBS/008896008,IC,2017-10-30T14:16:00,2017-10-30T14:16:00,30,
http://irail.be/vehicle/IC414,http://irail.be/stations/NMBS/008896115,IC,2017-10-30T14:22:00,2017-10-30T14:21:00,280,280
http://irail.be/vehicle/IC414,http://irail.be/stations/NMBS/008896149,IC,2017-10-30T14:27:00,2017-10-30T14:27:00,,734
http://irail.be/vehicle/IC414,http://irail.be/stations/NMBS/008896008,IC,2017-01-23T14:16:00,2017-01-23T14:16:00,55,
http://irail.be/vehicle/IC414,http://irail.be/stations/NMBS/008896115,IC,2017-01-23T14:22:00,2017-01-23T14:21:00,78,78
http://irail.be/vehicle/IC414,http://irail.be/stations/NMBS/008896149,IC,2017-01-23T14:28:00,2017-01-23T14:27:00,106,78
http://irail.be/vehicle/IC414,http://irail.be/stations/NMBS/008892106,IC,2017-01-23T14:38:00,2017-01-23T14:37:00,70,6
http://irail.be/vehicle/IC414,NO-URI,IC,2017-01-23T14:40:00,2017-01-23T14:40:00,70,70
http://irail.be/vehicle/IC414,http://irail.be/stations/NMBS/008892080,IC,2017-01-23T14:45:00,2017-01-23T14:44:00,33,-16
http://irail.be/vehicle/IC414,http://irail.be/stations/NMBS/008892007,IC,2017-01-23T14:54:00,2017-01-23T14:51:00,153,53
http://irail.be/vehicle/IC414,http://irail.be/stations/NMBS/008814001,IC,2017-01-23T15:27:00,2017-01-23T15:24:00,120,120
http://irail.be/vehicle/IC414,http://irail.be/stations/NMBS/008813037,IC,2017-01-23T15:29:00,2017-01-23T15:29:00,123,123
http://irail.be/vehicle/IC414,http://irail.be/stations/NMBS/008813003,IC,2017-01-23T15:31:00,2017-01-23T15:30:00,159,125
http://irail.be/vehicle/IC414,http://irail.be/stations/NMBS/008813045,IC,2017-01-23T15:33:00,2017-01-23T15:33:00,143,143
http://irail.be/vehicle/IC414,http://irail.be/stations/NMBS/008812005,IC,2017-01-23T15:38:00,2017-01-23T15:35:00,99,132
http://irail.be/vehicle/IC414,http://irail.be/stations/NMBS/008811007,IC,2017-01-23T15:41:00,2017-01-23T15:41:00,79,79
http://irail.be/vehicle/IC414,http://irail.be/stations/NMBS/008811130,IC,2017-01-23T15:42:00,2017-01-23T15:42:00,80,80
http://irail.be/vehicle/IC414,http://irail.be/stations/NMBS/008811213,IC,2017-01-23T15:43:00,2017-01-23T15:43:00,86,86
http://irail.be/vehicle/IC414,http://irail.be/stations/NMBS/008811221,IC,2017-01-23T15:44:00,2017-01-23T15:44:00,96,96
http://irail.be/vehicle/IC414,http://irail.be/stations/NMBS/008811247,IC,2017-01-23T15:45:00,2017-01-23T15:45:00,55,55
http://irail.be/vehicle/IC414,http://irail.be/stations/NMBS/008811254,IC,2017-01-23T15:46:00,2017-01-23T15:46:00,-35,-35
http://irail.be/vehicle/IC414,http://irail.be/stations/NMBS/008811262,IC,2017-01-23T15:48:00,2017-01-23T15:48:00,-35,-35
http://irail.be/vehicle/IC414,http://irail.be/stations/NMBS/008811270,IC,2017-01-23T15:49:00,2017-01-23T15:49:00,41,41
http://irail.be/vehicle/IC414,http://irail.be/stations/NMBS/008811288,IC,2017-01-23T15:50:00,2017-01-23T15:50:00,52,52
http://irail.be/vehicle/IC414,http://irail.be/stations/NMBS/008833001,IC,2017-01-23T15:57:00,2017-01-23T15:53:00,22,56
http://irail.be/vehicle/IC414,http://irail.be/stations/NMBS/008841202,IC,2017-01-23T16:24:00,2017-01-23T16:24:00,-111,-111
http://irail.be/vehicle/IC414,http://irail.be/stations/NMBS/008841004,IC,2017-01-23T16:34:00,2017-01-23T16:31:00,13,-13
http://irail.be/vehicle/IC414,http://irail.be/stations/NMBS/008842002,IC,2017-01-23T16:41:00,2017-01-23T16:37:00,20,20
http://irail.be/vehicle/IC414,http://irail.be/stations/NMBS/008842036,IC,2017-01-23T16:43:00,2017-01-23T16:43:00,20,20
http://irail.be/vehicle/IC414,http://irail.be/stations/NMBS/008844271,IC,2017-01-23T16:47:00,2017-01-23T16:47:00,-10,-10
http://irail.be/vehicle/IC414,NO-URI,IC,2017-01-23T16:48:00,2017-01-23T16:48:00,-27,-27
http://irail.be/vehicle/IC414,http://irail.be/stations/NMBS/008844255,IC,2017-01-23T16:49:00,2017-01-23T16:49:00,-32,-32
http://irail.be/vehicle/IC414,http://irail.be/stations/NMBS/008844230,IC,2017-01-23T16:49:00,2017-01-23T16:49:00,233,233
http://irail.be/vehicle/IC414,http://irail.be/stations/NMBS/008844206,IC,2017-01-23T16:54:00,2017-01-23T16:53:00,233,233
http://irail.be/vehicle/IC414,http://irail.be/stations/NMBS/008844008,IC,2017-01-23T17:02:00,2017-01-23T17:00:00,346,381
http://irail.be/vehicle/IC414,http://irail.be/stations/NMBS/008844057,IC,2017-01-23T17:03:00,2017-01-23T17:03:00,346,346
http://irail.be/vehicle/IC414,NO-URI,IC,2017-01-23T17:05:00,2017-01-23T17:05:00,369,369
http://irail.be/vehicle/IC414,http://irail.be/stations/NMBS/008844545,IC,2017-01-23T17:10:00,2017-01-23T17:09:00,363,363
http://irail.be/vehicle/IC414,http://irail.be/stations/NMBS/008844503,IC,2017-01-23T17:16:00,2017-01-23T17:16:00,,363
http://irail.be/vehicle/IC414,http://irail.be/stations/NMBS/008896008,IC,2017-01-27T14:16:00,2017-01-27T14:16:00,70,
http://irail.be/vehicle/IC414,http://irail.be/stations/NMBS/008896115,IC,2017-01-27T14:22:00,2017-01-27T14:21:00,333,333
http://irail.be/vehicle/IC414,http://irail.be/stations/NMBS/008896149,IC,2017-01-27T14:28:00,2017-01-27T14:27:00,335,333
http://irail.be/vehicle/IC414,http://irail.be/stations/NMBS/008892106,IC,2017-01-27T14:38:00,2017-01-27T14:37:00,307,250
http://irail.be/vehicle/IC414,NO-URI,IC,2017-01-27T14:40:00,2017-01-27T14:40:00,307,307
http://irail.be/vehicle/IC414,http://irail.be/stations/NMBS/008892080,IC,2017-01-27T14:45:00,2017-01-27T14:44:00,258,236
http://irail.be/vehicle/IC414,http://irail.be/stations/NMBS/008892007,IC,2017-01-27T14:54:00,2017-01-27T14:51:00,274,301
http://irail.be/vehicle/IC414,http://irail.be/stations/NMBS/008814001,IC,2017-01-27T15:27:00,2017-01-27T15:24:00,173,154
http://irail.be/vehicle/IC414,http://irail.be/stations/NMBS/008813037,IC,2017-01-27T15:29:00,2017-01-27T15:29:00,171,171
http://irail.be/vehicle/IC414,http://irail.be/stations/NMBS/008813003,IC,2017-01-27T15:31:00,2017-01-27T15:30:00,196,169
http://irail.be/vehicle/IC414,http://irail.be/stations/NMBS/008813045,IC,2017-01-27T15:33:00,2017-01-27T15:33:00,177,177
http://irail.be/vehicle/IC414,http://irail.be/stations/NMBS/008812005,IC,2017-01-27T15:38:00,2017-01-27T15:35:00,142,162
http://irail.be/vehicle/IC414,http://irail.be/stations/NMBS/008811007,IC,2017-01-27T15:41:00,2017-01-27T15:41:00,112,112
http://irail.be/vehicle/IC414,http://irail.be/stations/NMBS/008811130,IC,2017-01-27T15:42:00,2017-01-27T15:42:00,105,105
http://irail.be/vehicle/IC414,http://irail.be/stations/NMBS/008811213,IC,2017-01-27T15:43:00,2017-01-27T15:43:00,111,111
http://irail.be/vehicle/IC414,http://irail.be/stations/NMBS/008811221,IC,2017-01-27T15:44:00,2017-01-27T15:44:00,121,121
http://irail.be/vehicle/IC414,http://irail.be/stations/NMBS/008811247,IC,2017-01-27T15:45:00,2017-01-27T15:45:00,81,81
http://irail.be/vehicle/IC414,http://irail.be/stations/NMBS/008811254,IC,2017-01-27T15:46:00,2017-01-27T15:46:00,-10,-10
http://irail.be/vehicle/IC414,http://irail.be/stations/NMBS/008811262,IC,2017-01-27T15:48:00,2017-01-27T15:48:00,-10,-10
http://irail.be/vehicle/IC414,http://irail.be/stations/NMBS/008811270,IC,2017-01-27T15:49:00,2017-01-27T15:49:00,66,66
http://irail.be/vehicle/IC414,http://irail.be/stations/NMBS/008811288,IC,2017-01-27T15:50:00,2017-01-27T15:50:00,76,76
http://irail.be/vehicle/IC414,http://irail.be/stations/NMBS/008833001,IC,2017-01-27T15:57:00,2017-01-27T15:53:00,32,61
http://irail.be/vehicle/IC414,http://irail.be/stations/NMBS/008841202,IC,2017-01-27T16:24:00,2017-01-27T16:24:00,-97,-97
http://irail.be/vehicle/IC414,http://irail.be/stations/NMBS/008841004,IC,2017-01-27T16:34:00,2017-01-27T16:31:00,18,-21
http://irail.be/vehicle/IC414,http://irail.be/stations/NMBS/008842002,IC,2017-01-27T16:41:00,2017-01-27T16:37:00,56,56
http://irail.be/vehicle/IC414,http://irail.be/stations/NMBS/008842036,IC,2017-01-27T16:43:00,2017-01-27T16:43:00,56,56
http://irail.be/vehicle/IC414,http://irail.be/stations/NMBS/008844271,IC,2017-01-27T16:47:00,2017-01-27T16:47:00,32,32
http://irail.be/vehicle/IC414,NO-URI,IC,2017-01-27T16:48:00,2017-01-27T16:48:00,40,40
http://irail.be/vehicle/IC414,http://irail.be/stations/NMBS/008844255,IC,2017-01-27T16:49:00,2017-01-27T16:49:00,39,39
http://irail.be/vehicle/IC414,http://irail.be/stations/NMBS/008844230,IC,2017-01-27T16:49:00,2017-01-27T16:49:00,227,227
http://irail.be/vehicle/IC414,http://irail.be/stations/NMBS/008844206,IC,2017-01-27T16:54:00,2017-01-27T16:53:00,227,227
http://irail.be/vehicle/IC414,http://irail.be/stations/NMBS/008844008,IC,2017-01-27T17:02:00,2017-01-27T17:00:00,107,147
http://irail.be/vehicle/IC414,http://irail.be/stations/NMBS/008844057,IC,2017-01-27T17:03:00,2017-01-27T17:03:00,107,107
http://irail.be/vehicle/IC414,NO-URI,IC,2017-01-27T17:05:00,2017-01-27T17:05:00,126,126
http://irail.be/vehicle/IC414,http://irail.be/stations/NMBS/008844545,IC,2017-01-27T17:10:00,2017-01-27T17:09:00,114,114
http://irail.be/vehicle/IC414,http://irail.be/stations/NMBS/008844503,IC,2017-01-27T17:16:00,2017-01-27T17:16:00,,114
http://irail.be/vehicle/IC414,http://irail.be/stations/NMBS/008896008,IC,2017-08-01T14:16:00,2017-08-01T14:16:00,56,
http://irail.be/vehicle/IC414,http://irail.be/stations/NMBS/008896115,IC,2017-08-01T14:22:00,2017-08-01T14:21:00,75,75
http://irail.be/vehicle/IC414,http://irail.be/stations/NMBS/008896149,IC,2017-08-01T14:28:00,2017-08-01T14:27:00,69,81
http://irail.be/vehicle/IC414,http://irail.be/stations/NMBS/008892106,IC,2017-08-01T14:38:00,2017-08-01T14:37:00,67,-38
http://irail.be/vehicle/IC414,NO-URI,IC,2017-08-01T14:40:00,2017-08-01T14:40:00,67,67
http://irail.be/vehicle/IC414,http://irail.be/stations/NMBS/008892080,IC,2017-08-01T14:45:00,2017-08-01T14:44:00,29,-6
http://irail.be/vehicle/IC414,http://irail.be/stations/NMBS/008892007,IC,2017-08-01T14:54:00,2017-08-01T14:51:00,124,56
http://irail.be/vehicle/IC414,http://irail.be/stations/NMBS/008814001,IC,2017-08-01T15:27:00,2017-08-01T15:24:00,114,165
http://irail.be/vehicle/IC414,http://irail.be/stations/NMBS/008813037,IC,2017-08-01T15:29:00,2017-08-01T15:29:00,128,128
http://irail.be/vehicle/IC414,http://irail.be/stations/NMBS/008813003,IC,2017-08-01T15:31:00,2017-08-01T15:30:00,148,130
http://irail.be/vehicle/IC414,http://irail.be/stations/NMBS/008813045,IC,2017-08-01T15:33:00,2017-08-01T15:33:00,128,128
http://irail.be/vehicle/IC414,http://irail.be/stations/NMBS/008812005,IC,2017-08-01T15:38:00,2017-08-01T15:35:00,72,123
http://irail.be/vehicle/IC414,http://irail.be/stations/NMBS/008811007,IC,2017-08-01T15:41:00,2017-08-01T15:41:00,42,42
http://irail.be/vehicle/IC414,http://irail.be/stations/NMBS/008811130,IC,2017-08-01T15:42:00,2017-08-01T15:42:00,63,63
http://irail.be/vehicle/IC414,http://irail.be/stations/NMBS/008811213,IC,2017-08-01T15:43:00,2017-08-01T15:43:00,50,50
http://irail.be/vehicle/IC414,http://irail.be/stations/NMBS/008811221,IC,2017-08-01T15:44:00,2017-08-01T15:44:00,58,58
http://irail.be/vehicle/IC414,http://irail.be/stations/NMBS/008811247,IC,2017-08-01T15:45:00,2017-08-01T15:45:00,18,18
http://irail.be/vehicle/IC414,http://irail.be/stations/NMBS/008811254,IC,2017-08-01T15:46:00,2017-08-01T15:46:00,-73,-73
http://irail.be/vehicle/IC414,http://irail.be/stations/NMBS/008811262,IC,2017-08-01T15:48:00,2017-08-01T15:48:00,-73,-73
http://irail.be/vehicle/IC414,http://irail.be/stations/NMBS/008811270,IC,2017-08-01T15:49:00,2017-08-01T15:49:00,6,6
http://irail.be/vehicle/IC414,http://irail.be/stations/NMBS/008811288,IC,2017-08-01T15:50:00,2017-08-01T15:50:00,19,19
http://irail.be/vehicle/IC414,http://irail.be/stations/NMBS/008833001,IC,2017-08-01T15:57:00,2017-08-01T15:53:00,19,20
http://irail.be/vehicle/IC414,http://irail.be/stations/NMBS/008841202,IC,2017-08-01T16:24:00,2017-08-01T16:24:00,-82,-82
http://irail.be/vehicle/IC414,http://irail.be/stations/NMBS/008841004,IC,2017-08-01T16:34:00,2017-08-01T16:31:00,8,-3
http://irail.be/vehicle/IC414,http://irail.be/stations/NMBS/008842002,IC,2017-08-01T16:41:00,2017-08-01T16:37:00,26,26
http://irail.be/vehicle/IC414,http://irail.be/stations/NMBS/008842036,IC,2017-08-01T16:43:00,2017-08-01T16:43:00,26,26
http://irail.be/vehicle/IC414,http://irail.be/stations/NMBS/008844271,IC,2017-08-01T16:47:00,2017-08-01T16:47:00,1,1
http://irail.be/vehicle/IC414,NO-URI,IC,2017-08-01T16:48:00,2017-08-01T16:48:00,-15,-15
http://irail.be/vehicle/IC414,http://irail.be/stations/NMBS/008844255,IC,2017-08-01T16:49:00,2017-08-01T16:49:00,-18,-18
http://irail.be/vehicle/IC414,http://irail.be/stations/NMBS/008844230,IC,2017-08-01T16:49:00,2017-08-01T16:49:00,41,41
http://irail.be/vehicle/IC414,http://irail.be/stations/NMBS/008844206,IC,2017-08-01T16:54:00,2017-08-01T16:53:00,41,41
http://irail.be/vehicle/IC414,http://irail.be/stations/NMBS/008844008,IC,2017-08-01T17:02:00,2017-08-01T17:00:00,19,-56
http://irail.be/vehicle/IC414,http://irail.be/stations/NMBS/008844057,IC,2017-08-01T17:03:00,2017-08-01T17:03:00,19,19
http://irail.be/vehicle/IC414,NO-URI,IC,2017-08-01T17:05:00,2017-08-01T17:05:00,31,31
http://irail.be/vehicle/IC414,http://irail.be/stations/NMBS/008844545,IC,2017-08-01T17:10:00,2017-08-01T17:09:00,57,57
http://irail.be/vehicle/IC414,http://irail.be/stations/NMBS/008844503,IC,2017-08-01T17:16:00,2017-08-01T17:16:00,,57
http://irail.be/vehicle/IC414,http://irail.be/stations/NMBS/008896008,IC,2017-03-13T14:16:00,2017-03-13T14:16:00,123,
http://irail.be/vehicle/IC414,http://irail.be/stations/NMBS/008896115,IC,2017-03-13T14:22:00,2017-03-13T14:21:00,121,121
http://irail.be/vehicle/IC414,http://irail.be/stations/NMBS/008896149,IC,2017-03-13T14:28:00,2017-03-13T14:27:00,140,121
http://irail.be/vehicle/IC414,http://irail.be/stations/NMBS/008892106,IC,2017-03-13T14:38:00,2017-03-13T14:37:00,72,33
http://irail.be/vehicle/IC414,NO-URI,IC,2017-03-13T14:40:00,2017-03-13T14:40:00,72,72
http://irail.be/vehicle/IC414,http://irail.be/stations/NMBS/008892080,IC,2017-03-13T14:45:00,2017-03-13T14:44:00,9,-23
http://irail.be/vehicle/IC414,http://irail.be/stations/NMBS/008892007,IC,2017-03-13T14:54:00,2017-03-13T14:51:00,62,43
http://irail.be/vehicle/IC414,http://irail.be/stations/NMBS/008814001,IC,2017-03-13T15:27:00,2017-03-13T15:24:00,143,135
http://irail.be/vehicle/IC414,http://irail.be/stations/NMBS/008813037,IC,2017-03-13T15:29:00,2017-03-13T15:29:00,152,152
http://irail.be/vehicle/IC414,http://irail.be/stations/NMBS/008813003,IC,2017-03-13T15:31:00,2017-03-13T15:30:00,220,156
http://irail.be/vehicle/IC414,http://irail.be/stations/NMBS/008813045,IC,2017-03-13T15:33:00,2017-03-13T15:33:00,207,207
http://irail.be/vehicle/IC414,http://irail.be/stations/NMBS/008812005,IC,2017-03-13T15:38:00,2017-03-13T15:35:00,186,192
http://irail.be/vehicle/IC414,http://irail.be/stations/NMBS/008811007,IC,2017-03-13T15:41:00,2017-03-13T15:41:00,200,200
http://irail.be/vehicle/IC414,http://irail.be/stations/NMBS/008811130,IC,2017-03-13T15:42:00,2017-03-13T15:42:00,202,202
http://irail.be/vehicle/IC414,http://irail.be/stations/NMBS/008811213,IC,2017-03-13T15:43:00,2017-03-13T15:43:00,211,211
http://irail.be/vehicle/IC414,http://irail.be/stations/NMBS/008811221,IC,2017-03-13T15:44:00,2017-03-13T15:44:00,221,221
http://irail.be/vehicle/IC414,http://irail.be/stations/NMBS/008811247,IC,2017-03-13T15:45:00,2017-03-13T15:45:00,184,184
http://irail.be/vehicle/IC414,http://irail.be/stations/NMBS/008811254,IC,2017-03-13T15:46:00,2017-03-13T15:46:00,98,98
http://irail.be/vehicle/IC414,http://irail.be/stations/NMBS/008811262,IC,2017-03-13T15:48:00,2017-03-13T15:48:00,98,98
http://irail.be/vehicle/IC414,http://irail.be/stations/NMBS/008811270,IC,2017-03-13T15:49:00,2017-03-13T15:49:00,176,176
http://irail.be/vehicle/IC414,http://irail.be/stations/NMBS/008811288,IC,2017-03-13T15:50:00,2017-03-13T15:50:00,188,188
http://irail.be/vehicle/IC414,http://irail.be/stations/NMBS/008833001,IC,2017-03-13T15:57:00,2017-03-13T15:53:00,39,170
http://irail.be/vehicle/IC414,http://irail.be/stations/NMBS/008841202,IC,2017-03-13T16:24:00,2017-03-13T16:24:00,-52,-52
http://irail.be/vehicle/IC414,http://irail.be/stations/NMBS/008841004,IC,2017-03-13T16:34:00,2017-03-13T16:31:00,481,117
http://irail.be/vehicle/IC414,http://irail.be/stations/NMBS/008842002,IC,2017-03-13T16:41:00,2017-03-13T16:37:00,379,379
http://irail.be/vehicle/IC414,http://irail.be/stations/NMBS/008842036,IC,2017-03-13T16:43:00,2017-03-13T16:43:00,379,379
http://irail.be/vehicle/IC414,http://irail.be/stations/NMBS/008844271,IC,2017-03-13T16:47:00,2017-03-13T16:47:00,350,350
http://irail.be/vehicle/IC414,NO-URI,IC,2017-03-13T16:48:00,2017-03-13T16:48:00,334,334
http://irail.be/vehicle/IC414,http://irail.be/stations/NMBS/008844255,IC,2017-03-13T16:49:00,2017-03-13T16:49:00,328,328
http://irail.be/vehicle/IC414,http://irail.be/stations/NMBS/008844230,IC,2017-03-13T16:49:00,2017-03-13T16:49:00,378,378
http://irail.be/vehicle/IC414,http://irail.be/stations/NMBS/008844206,IC,2017-03-13T16:54:00,2017-03-13T16:53:00,378,378
http://irail.be/vehicle/IC414,http://irail.be/stations/NMBS/008844008,IC,2017-03-13T17:02:00,2017-03-13T17:00:00,373,437
http://irail.be/vehicle/IC414,http://irail.be/stations/NMBS/008844057,IC,2017-03-13T17:03:00,2017-03-13T17:03:00,373,373
http://irail.be/vehicle/IC414,NO-URI,IC,2017-03-13T17:05:00,2017-03-13T17:05:00,397,397
http://irail.be/vehicle/IC414,http://irail.be/stations/NMBS/008844545,IC,2017-03-13T17:10:00,2017-03-13T17:09:00,375,375
http://irail.be/vehicle/IC414,http://irail.be/stations/NMBS/008844503,IC,2017-03-13T17:16:00,2017-03-13T17:16:00,,375
http://irail.be/vehicle/IC414,http://irail.be/stations/NMBS/008896008,IC,2017-05-10T14:16:00,2017-05-10T14:16:00,112,
http://irail.be/vehicle/IC414,http://irail.be/stations/NMBS/008896115,IC,2017-05-10T14:22:00,2017-05-10T14:21:00,285,285
http://irail.be/vehicle/IC414,http://irail.be/stations/NMBS/008896149,IC,2017-05-10T14:28:00,2017-05-10T14:27:00,302,304
http://irail.be/vehicle/IC414,http://irail.be/stations/NMBS/008892106,IC,2017-05-10T14:38:00,2017-05-10T14:37:00,309,193
http://irail.be/vehicle/IC414,NO-URI,IC,2017-05-10T14:40:00,2017-05-10T14:40:00,309,309
http://irail.be/vehicle/IC414,http://irail.be/stations/NMBS/008892080,IC,2017-05-10T14:45:00,2017-05-10T14:44:00,234,214
http://irail.be/vehicle/IC414,http://irail.be/stations/NMBS/008892007,IC,2017-05-10T14:54:00,2017-05-10T14:51:00,267,258
http://irail.be/vehicle/IC414,http://irail.be/stations/NMBS/008814001,IC,2017-05-10T15:27:00,2017-05-10T15:24:00,152,163
http://irail.be/vehicle/IC414,http://irail.be/stations/NMBS/008813037,IC,2017-05-10T15:29:00,2017-05-10T15:29:00,193,193
http://irail.be/vehicle/IC414,http://irail.be/stations/NMBS/008813003,IC,2017-05-10T15:31:00,2017-05-10T15:30:00,323,243
http://irail.be/vehicle/IC414,http://irail.be/stations/NMBS/008813045,IC,2017-05-10T15:33:00,2017-05-10T15:33:00,301,301
http://irail.be/vehicle/IC414,http://irail.be/stations/NMBS/008812005,IC,2017-05-10T15:38:00,2017-05-10T15:35:00,268,295
http://irail.be/vehicle/IC414,http://irail.be/stations/NMBS/008811007,IC,2017-05-10T15:41:00,2017-05-10T15:41:00,240,240
http://irail.be/vehicle/IC414,http://irail.be/stations/NMBS/008811130,IC,2017-05-10T15:42:00,2017-05-10T15:42:00,272,272
http://irail.be/vehicle/IC414,http://irail.be/stations/NMBS/008811213,IC,2017-05-10T15:43:00,2017-05-10T15:43:00,260,260
http://irail.be/vehicle/IC414,http://irail.be/stations/NMBS/008811221,IC,2017-05-10T15:44:00,2017-05-10T15:44:00,268,268
http://irail.be/vehicle/IC414,http://irail.be/stations/NMBS/008811247,IC,2017-05-10T15:45:00,2017-05-10T15:45:00,229,229
http://irail.be/vehicle/IC414,http://irail.be/stations/NMBS/008811254,IC,2017-05-10T15:46:00,2017-05-10T15:46:00,137,137
http://irail.be/vehicle/IC414,http://irail.be/stations/NMBS/008811262,IC,2017-05-10T15:48:00,2017-05-10T15:48:00,137,137
http://irail.be/vehicle/IC414,http://irail.be/stations/NMBS/008811270,IC,2017-05-10T15:49:00,2017-05-10T15:49:00,223,223
http://irail.be/vehicle/IC414,http://irail.be/stations/NMBS/008811288,IC,2017-05-10T15:50:00,2017-05-10T15:50:00,240,240
http://irail.be/vehicle/IC414,http://irail.be/stations/NMBS/008833001,IC,2017-05-10T15:57:00,2017-05-10T15:53:00,106,247
http://irail.be/vehicle/IC414,http://irail.be/stations/NMBS/008841202,IC,2017-05-10T16:24:00,2017-05-10T16:24:00,64,64
http://irail.be/vehicle/IC414,http://irail.be/stations/NMBS/008841004,IC,2017-05-10T16:34:00,2017-05-10T16:31:00,149,176
http://irail.be/vehicle/IC414,http://irail.be/stations/NMBS/008842002,IC,2017-05-10T16:41:00,2017-05-10T16:37:00,59,59
http://irail.be/vehicle/IC414,http://irail.be/stations/NMBS/008842036,IC,2017-05-10T16:43:00,2017-05-10T16:43:00,59,59
http://irail.be/vehicle/IC414,http://irail.be/stations/NMBS/008844271,IC,2017-05-10T16:47:00,2017-05-10T16:47:00,36,36
http://irail.be/vehicle/IC414,NO-URI,IC,2017-05-10T16:48:00,2017-05-10T16:48:00,16,16
http://irail.be/vehicle/IC414,http://irail.be/stations/NMBS/008844255,IC,2017-05-10T16:49:00,2017-05-10T16:49:00,10,10
http://irail.be/vehicle/IC414,http://irail.be/stations/NMBS/008844230,IC,2017-05-10T16:49:00,2017-05-10T16:49:00,198,198
http://irail.be/vehicle/IC414,http://irail.be/stations/NMBS/008844206,IC,2017-05-10T16:54:00,2017-05-10T16:53:00,198,198
http://irail.be/vehicle/IC414,http://irail.be/stations/NMBS/008844008,IC,2017-05-10T17:02:00,2017-05-10T17:00:00,116,150
http://irail.be/vehicle/IC414,http://irail.be/stations/NMBS/008844057,IC,2017-05-10T17:03:00,2017-05-10T17:03:00,116,116
http://irail.be/vehicle/IC414,NO-URI,IC,2017-05-10T17:05:00,2017-05-10T17:05:00,138,138
http://irail.be/vehicle/IC414,http://irail.be/stations/NMBS/008844545,IC,2017-05-10T17:10:00,2017-05-10T17:09:00,147,147
http://irail.be/vehicle/IC414,http://irail.be/stations/NMBS/008844503,IC,2017-05-10T17:16:00,2017-05-10T17:16:00,,147
http://irail.be/vehicle/IC414,http://irail.be/stations/NMBS/008896008,IC,2017-09-15T14:16:00,2017-09-15T14:16:00,58,
http://irail.be/vehicle/IC414,http://irail.be/stations/NMBS/008896115,IC,2017-09-15T14:22:00,2017-09-15T14:21:00,66,66
http://irail.be/vehicle/IC414,http://irail.be/stations/NMBS/008896149,IC,2017-09-15T14:28:00,2017-09-15T14:27:00,102,78
http://irail.be/vehicle/IC414,http://irail.be/stations/NMBS/008892106,IC,2017-09-15T14:38:00,2017-09-15T14:37:00,56,-3
http://irail.be/vehicle/IC414,NO-URI,IC,2017-09-15T14:40:00,2017-09-15T14:40:00,56,56
http://irail.be/vehicle/IC414,http://irail.be/stations/NMBS/008892080,IC,2017-09-15T14:45:00,2017-09-15T14:44:00,25,-47
http://irail.be/vehicle/IC414,http://irail.be/stations/NMBS/008892007,IC,2017-09-15T14:54:00,2017-09-15T14:51:00,87,61
http://irail.be/vehicle/IC414,http://irail.be/stations/NMBS/008814001,IC,2017-09-15T15:27:00,2017-09-15T15:24:00,57,62
http://irail.be/vehicle/IC414,http://irail.be/stations/NMBS/008813037,IC,2017-09-15T15:29:00,2017-09-15T15:29:00,67,67
http://irail.be/vehicle/IC414,http://irail.be/stations/NMBS/008813003,IC,2017-09-15T15:31:00,2017-09-15T15:30:00,257,227
http://irail.be/vehicle/IC414,http://irail.be/stations/NMBS/008813045,IC,2017-09-15T15:33:00,2017-09-15T15:33:00,239,239
http://irail.be/vehicle/IC414,http://irail.be/stations/NMBS/008812005,IC,2017-09-15T15:38:00,2017-09-15T15:35:00,542,235
http://irail.be/vehicle/IC414,http://irail.be/stations/NMBS/008811007,IC,2017-09-15T15:41:00,2017-09-15T15:41:00,520,520
http://irail.be/vehicle/IC414,http://irail.be/stations/NMBS/008811130,IC,2017-09-15T15:42:00,2017-09-15T15:42:00,535,535
http://irail.be/vehicle/IC414,http://irail.be/stations/NMBS/008811213,IC,2017-09-15T15:43:00,2017-09-15T15:43:00,523,523
http://irail.be/vehicle/IC414,http://irail.be/stations/NMBS/008811221,IC,2017-09-15T15:44:00,2017-09-15T15:44:00,529,529
http://irail.be/vehicle/IC414,http://irail.be/stations/NMBS/008811247,IC,2017-09-15T15:45:00,2017-09-15T15:45:00,490,490
http://irail.be/vehicle/IC414,http://irail.be/stations/NMBS/008811254,IC,2017-09-15T15:46:00,2017-09-15T15:46:00,400,400
http://irail.be/vehicle/IC414,http://irail.be/stations/NMBS/008811262,IC,2017-09-15T15:48:00,2017-09-15T15:48:00,400,400
http://irail.be/vehicle/IC414,http://irail.be/stations/NMBS/008811270,IC,2017-09-15T15:49:00,2017-09-15T15:49:00,475,475
http://irail.be/vehicle/IC414,http://irail.be/stations/NMBS/008811288,IC,2017-09-15T15:50:00,2017-09-15T15:50:00,487,487
http://irail.be/vehicle/IC414,http://irail.be/stations/NMBS/008833001,IC,2017-09-15T15:57:00,2017-09-15T15:53:00,578,627
http://irail.be/vehicle/IC414,http://irail.be/stations/NMBS/008841202,IC,2017-09-15T16:24:00,2017-09-15T16:24:00,501,501
http://irail.be/vehicle/IC414,http://irail.be/stations/NMBS/008841004,IC,2017-09-15T16:34:00,2017-09-15T16:31:00,431,471
http://irail.be/vehicle/IC414,http://irail.be/stations/NMBS/008842002,IC,2017-09-15T16:41:00,2017-09-15T16:37:00,256,256
http://irail.be/vehicle/IC414,http://irail.be/stations/NMBS/008842036,IC,2017-09-15T16:43:00,2017-09-15T16:43:00,256,256
http://irail.be/vehicle/IC414,http://irail.be/stations/NMBS/008844271,IC,2017-09-15T16:47:00,2017-09-15T16:47:00,228,228
http://irail.be/vehicle/IC414,NO-URI,IC,2017-09-15T16:48:00,2017-09-15T16:48:00,220,220
http://irail.be/vehicle/IC414,http://irail.be/stations/NMBS/008844255,IC,2017-09-15T16:49:00,2017-09-15T16:49:00,214,214
http://irail.be/vehicle/IC414,http://irail.be/stations/NMBS/008844230,IC,2017-09-15T16:49:00,2017-09-15T16:49:00,255,255
http://irail.be/vehicle/IC414,http://irail.be/stations/NMBS/008844206,IC,2017-09-15T16:54:00,2017-09-15T16:53:00,255,255
http://irail.be/vehicle/IC414,http://irail.be/stations/NMBS/008844008,IC,2017-09-15T17:02:00,2017-09-15T17:00:00,84,176
http://irail.be/vehicle/IC414,http://irail.be/stations/NMBS/008844057,IC,2017-09-15T17:03:00,2017-09-15T17:03:00,84,84
http://irail.be/vehicle/IC414,NO-URI,IC,2017-09-15T17:05:00,2017-09-15T17:05:00,121,121
http://irail.be/vehicle/IC414,http://irail.be/stations/NMBS/008844545,IC,2017-09-15T17:10:00,2017-09-15T17:09:00,218,218
http://irail.be/vehicle/IC414,http://irail.be/stations/NMBS/008844503,IC,2017-09-15T17:16:00,2017-09-15T17:16:00,,218
http://irail.be/vehicle/IC414,http://irail.be/stations/NMBS/008896008,IC,2017-04-24T14:16:00,2017-04-24T14:16:00,61,
http://irail.be/vehicle/IC414,http://irail.be/stations/NMBS/008896115,IC,2017-04-24T14:22:00,2017-04-24T14:21:00,872,91
http://irail.be/vehicle/IC414,http://irail.be/stations/NMBS/008896149,IC,2017-04-24T14:28:00,2017-04-24T14:27:00,864,872
http://irail.be/vehicle/IC414,http://irail.be/stations/NMBS/008892106,IC,2017-04-24T14:38:00,2017-04-24T14:37:00,780,761
http://irail.be/vehicle/IC414,NO-URI,IC,2017-04-24T14:40:00,2017-04-24T14:40:00,780,780
http://irail.be/vehicle/IC414,http://irail.be/stations/NMBS/008892080,IC,2017-04-24T14:45:00,2017-04-24T14:44:00,803,705
http://irail.be/vehicle/IC414,http://irail.be/stations/NMBS/008892007,IC,2017-04-24T14:54:00,2017-04-24T14:51:00,868,878
http://irail.be/vehicle/IC414,http://irail.be/stations/NMBS/008814001,IC,2017-04-24T15:27:00,2017-04-24T15:24:00,2364,906
http://irail.be/vehicle/IC414,http://irail.be/stations/NMBS/008813037,IC,2017-04-24T15:29:00,2017-04-24T15:29:00,2388,2388
http://irail.be/vehicle/IC414,http://irail.be/stations/NMBS/008813003,IC,2017-04-24T15:31:00,2017-04-24T15:30:00,2481,2433
http://irail.be/vehicle/IC414,http://irail.be/stations/NMBS/008813045,IC,2017-04-24T15:33:00,2017-04-24T15:33:00,2473,2473
http://irail.be/vehicle/IC414,http://irail.be/stations/NMBS/008812005,IC,2017-04-24T15:38:00,2017-04-24T15:35:00,2401,2466
http://irail.be/vehicle/IC414,http://irail.be/stations/NMBS/008811007,IC,2017-04-24T15:41:00,2017-04-24T15:41:00,2441,2441
http://irail.be/vehicle/IC414,http://irail.be/stations/NMBS/008811130,IC,2017-04-24T15:42:45,2017-04-24T15:42:00,2897,2897
http://irail.be/vehicle/IC414,http://irail.be/stations/NMBS/008811213,IC,2017-04-24T15:43:00,2017-04-24T15:43:00,3002,3002
http://irail.be/vehicle/IC414,http://irail.be/stations/NMBS/008896008,IC,2017-07-31T14:16:00,2017-07-31T14:16:00,58,
http://irail.be/vehicle/IC414,http://irail.be/stations/NMBS/008896115,IC,2017-07-31T14:22:00,2017-07-31T14:21:00,106,106
http://irail.be/vehicle/IC414,http://irail.be/stations/NMBS/008896149,IC,2017-07-31T14:28:00,2017-07-31T14:27:00,179,139
http://irail.be/vehicle/IC414,http://irail.be/stations/NMBS/008892106,IC,2017-07-31T14:38:00,2017-07-31T14:37:00,173,85
http://irail.be/vehicle/IC414,NO-URI,IC,2017-07-31T14:40:00,2017-07-31T14:40:00,173,173
http://irail.be/vehicle/IC414,http://irail.be/stations/NMBS/008892080,IC,2017-07-31T14:45:00,2017-07-31T14:44:00,185,129
http://irail.be/vehicle/IC414,http://irail.be/stations/NMBS/008892007,IC,2017-07-31T14:54:00,2017-07-31T14:51:00,224,239
http://irail.be/vehicle/IC414,http://irail.be/stations/NMBS/008814001,IC,2017-07-31T15:27:00,2017-07-31T15:24:00,220,161
http://irail.be/vehicle/IC414,http://irail.be/stations/NMBS/008813037,IC,2017-07-31T15:29:00,2017-07-31T15:29:00,230,230
http://irail.be/vehicle/IC414,http://irail.be/stations/NMBS/008813003,IC,2017-07-31T15:31:00,2017-07-31T15:30:00,241,232
http://irail.be/vehicle/IC414,http://irail.be/stations/NMBS/008813045,IC,2017-07-31T15:33:00,2017-07-31T15:33:00,218,218
http://irail.be/vehicle/IC414,http://irail.be/stations/NMBS/008812005,IC,2017-07-31T15:38:00,2017-07-31T15:35:00,219,212
http://irail.be/vehicle/IC414,http://irail.be/stations/NMBS/008811007,IC,2017-07-31T15:41:00,2017-07-31T15:41:00,185,185
http://irail.be/vehicle/IC414,http://irail.be/stations/NMBS/008811130,IC,2017-07-31T15:42:00,2017-07-31T15:42:00,204,204
http://irail.be/vehicle/IC414,http://irail.be/stations/NMBS/008811213,IC,2017-07-31T15:43:00,2017-07-31T15:43:00,195,195
http://irail.be/vehicle/IC414,http://irail.be/stations/NMBS/008811221,IC,2017-07-31T15:44:00,2017-07-31T15:44:00,206,206
http://irail.be/vehicle/IC414,http://irail.be/stations/NMBS/008811247,IC,2017-07-31T15:45:00,2017-07-31T15:45:00,167,167
http://irail.be/vehicle/IC414,http://irail.be/stations/NMBS/008811254,IC,2017-07-31T15:46:00,2017-07-31T15:46:00,78,78
http://irail.be/vehicle/IC414,http://irail.be/stations/NMBS/008811262,IC,2017-07-31T15:48:00,2017-07-31T15:48:00,78,78
http://irail.be/vehicle/IC414,http://irail.be/stations/NMBS/008811270,IC,2017-07-31T15:49:00,2017-07-31T15:49:00,156,156
http://irail.be/vehicle/IC414,http://irail.be/stations/NMBS/008811288,IC,2017-07-31T15:50:00,2017-07-31T15:50:00,168,168
http://irail.be/vehicle/IC414,http://irail.be/stations/NMBS/008833001,IC,2017-07-31T15:57:00,2017-07-31T15:53:00,72,162
http://irail.be/vehicle/IC414,http://irail.be/stations/NMBS/008841202,IC,2017-07-31T16:24:00,2017-07-31T16:24:00,-40,-40
http://irail.be/vehicle/IC414,http://irail.be/stations/NMBS/008841004,IC,2017-07-31T16:34:00,2017-07-31T16:31:00,50,60
http://irail.be/vehicle/IC414,http://irail.be/stations/NMBS/008842002,IC,2017-07-31T16:41:00,2017-07-31T16:37:00,3,3
http://irail.be/vehicle/IC414,http://irail.be/stations/NMBS/008842036,IC,2017-07-31T16:43:00,2017-07-31T16:43:00,3,3
http://irail.be/vehicle/IC414,http://irail.be/stations/NMBS/008844271,IC,2017-07-31T16:47:00,2017-07-31T16:47:00,-25,-25
http://irail.be/vehicle/IC414,NO-URI,IC,2017-07-31T16:48:00,2017-07-31T16:48:00,26,26
http://irail.be/vehicle/IC414,http://irail.be/stations/NMBS/008844255,IC,2017-07-31T16:49:00,2017-07-31T16:49:00,39,39
http://irail.be/vehicle/IC414,http://irail.be/stations/NMBS/008844230,IC,2017-07-31T16:49:00,2017-07-31T16:49:00,1058,1058
http://irail.be/vehicle/IC414,http://irail.be/stations/NMBS/008844206,IC,2017-07-31T16:54:00,2017-07-31T16:53:00,1058,1058
http://irail.be/vehicle/IC414,http://irail.be/stations/NMBS/008844008,IC,2017-07-31T17:02:00,2017-07-31T17:00:00,895,991
http://irail.be/vehicle/IC414,http://irail.be/stations/NMBS/008844057,IC,2017-07-31T17:03:00,2017-07-31T17:03:00,903,903
http://irail.be/vehicle/IC414,NO-URI,IC,2017-07-31T17:05:00,2017-07-31T17:05:00,901,901
http://irail.be/vehicle/IC414,http://irail.be/stations/NMBS/008844545,IC,2017-07-31T17:10:00,2017-07-31T17:09:00,931,931
http://irail.be/vehicle/IC414,http://irail.be/stations/NMBS/008844503,IC,2017-07-31T17:16:00,2017-07-31T17:16:00,,931
http://irail.be/vehicle/IC414,http://irail.be/stations/NMBS/008896008,IC,2017-01-12T14:16:00,2017-01-12T14:16:00,45,
http://irail.be/vehicle/IC414,http://irail.be/stations/NMBS/008896115,IC,2017-01-12T14:22:00,2017-01-12T14:21:00,66,66
http://irail.be/vehicle/IC414,http://irail.be/stations/NMBS/008896149,IC,2017-01-12T14:28:00,2017-01-12T14:27:00,62,66
http://irail.be/vehicle/IC414,http://irail.be/stations/NMBS/008892106,IC,2017-01-12T14:38:00,2017-01-12T14:37:00,59,-29
http://irail.be/vehicle/IC414,NO-URI,IC,2017-01-12T14:40:00,2017-01-12T14:40:00,59,59
http://irail.be/vehicle/IC414,http://irail.be/stations/NMBS/008892080,IC,2017-01-12T14:45:00,2017-01-12T14:44:00,36,-6
http://irail.be/vehicle/IC414,http://irail.be/stations/NMBS/008892007,IC,2017-01-12T14:54:00,2017-01-12T14:51:00,41,110
http://irail.be/vehicle/IC414,http://irail.be/stations/NMBS/008814001,IC,2017-01-12T15:27:00,2017-01-12T15:24:00,325,363
http://irail.be/vehicle/IC414,http://irail.be/stations/NMBS/008813037,IC,2017-01-12T15:29:00,2017-01-12T15:29:00,348,348
http://irail.be/vehicle/IC414,http://irail.be/stations/NMBS/008813003,IC,2017-01-12T15:31:00,2017-01-12T15:30:00,377,352
http://irail.be/vehicle/IC414,http://irail.be/stations/NMBS/008813045,IC,2017-01-12T15:33:00,2017-01-12T15:33:00,367,367
http://irail.be/vehicle/IC414,http://irail.be/stations/NMBS/008812005,IC,2017-01-12T15:38:00,2017-01-12T15:35:00,326,356
http://irail.be/vehicle/IC414,http://irail.be/stations/NMBS/008811007,IC,2017-01-12T15:41:00,2017-01-12T15:41:00,318,318
http://irail.be/vehicle/IC414,http://irail.be/stations/NMBS/008811130,IC,2017-01-12T15:42:00,2017-01-12T15:42:00,328,328
http://irail.be/vehicle/IC414,http://irail.be/stations/NMBS/008811213,IC,2017-01-12T15:43:00,2017-01-12T15:43:00,339,339
http://irail.be/vehicle/IC414,http://irail.be/stations/NMBS/008811221,IC,2017-01-12T15:44:00,2017-01-12T15:44:00,351,351
http://irail.be/vehicle/IC414,http://irail.be/stations/NMBS/008811247,IC,2017-01-12T15:45:00,2017-01-12T15:45:00,312,312
http://irail.be/vehicle/IC414,http://irail.be/stations/NMBS/008811254,IC,2017-01-12T15:46:00,2017-01-12T15:46:00,222,222
http://irail.be/vehicle/IC414,http://irail.be/stations/NMBS/008811262,IC,2017-01-12T15:48:00,2017-01-12T15:48:00,222,222
http://irail.be/vehicle/IC414,http://irail.be/stations/NMBS/008811270,IC,2017-01-12T15:49:00,2017-01-12T15:49:00,300,300
http://irail.be/vehicle/IC414,http://irail.be/stations/NMBS/008811288,IC,2017-01-12T15:50:00,2017-01-12T15:50:00,313,313
http://irail.be/vehicle/IC414,http://irail.be/stations/NMBS/008833001,IC,2017-01-12T15:57:00,2017-01-12T15:53:00,206,314
http://irail.be/vehicle/IC414,http://irail.be/stations/NMBS/008841202,IC,2017-01-12T16:24:00,2017-01-12T16:24:00,124,124
http://irail.be/vehicle/IC414,http://irail.be/stations/NMBS/008841004,IC,2017-01-12T16:34:00,2017-01-12T16:31:00,54,97
http://irail.be/vehicle/IC414,http://irail.be/stations/NMBS/008842002,IC,2017-01-12T16:41:00,2017-01-12T16:37:00,27,27
http://irail.be/vehicle/IC414,http://irail.be/stations/NMBS/008842036,IC,2017-01-12T16:43:00,2017-01-12T16:43:00,27,27
http://irail.be/vehicle/IC414,http://irail.be/stations/NMBS/008844271,IC,2017-01-12T16:47:00,2017-01-12T16:47:00,21,21
http://irail.be/vehicle/IC414,NO-URI,IC,2017-01-12T16:48:00,2017-01-12T16:48:00,23,23
http://irail.be/vehicle/IC414,http://irail.be/stations/NMBS/008844255,IC,2017-01-12T16:49:00,2017-01-12T16:49:00,22,22
http://irail.be/vehicle/IC414,http://irail.be/stations/NMBS/008844230,IC,2017-01-12T16:49:00,2017-01-12T16:49:00,76,76
http://irail.be/vehicle/IC414,http://irail.be/stations/NMBS/008844206,IC,2017-01-12T16:54:00,2017-01-12T16:53:00,76,76
http://irail.be/vehicle/IC414,http://irail.be/stations/NMBS/008844008,IC,2017-01-12T17:02:00,2017-01-12T17:00:00,36,84
http://irail.be/vehicle/IC414,http://irail.be/stations/NMBS/008844057,IC,2017-01-12T17:03:00,2017-01-12T17:03:00,36,36
http://irail.be/vehicle/IC414,NO-URI,IC,2017-01-12T17:05:00,2017-01-12T17:05:00,78,78
http://irail.be/vehicle/IC414,http://irail.be/stations/NMBS/008844545,IC,2017-01-12T17:10:00,2017-01-12T17:09:00,108,108
http://irail.be/vehicle/IC414,http://irail.be/stations/NMBS/008844503,IC,2017-01-12T17:16:00,2017-01-12T17:16:00,,108
http://irail.be/vehicle/IC414,http://irail.be/stations/NMBS/008896008,IC,2017-12-11T14:16:00,2017-12-11T14:16:00,510,
http://irail.be/vehicle/IC414,http://irail.be/stations/NMBS/008896115,IC,2017-12-11T14:22:00,2017-12-11T14:21:00,551,551
http://irail.be/vehicle/IC414,http://irail.be/stations/NMBS/008896149,IC,2017-12-11T14:28:00,2017-12-11T14:27:00,654,617
http://irail.be/vehicle/IC414,http://irail.be/stations/NMBS/008892106,IC,2017-12-11T14:38:00,2017-12-11T14:37:00,678,594
http://irail.be/vehicle/IC414,NO-URI,IC,2017-12-11T14:40:00,2017-12-11T14:40:00,678,678
http://irail.be/vehicle/IC414,http://irail.be/stations/NMBS/008892080,IC,2017-12-11T14:44:00,2017-12-11T14:43:00,733,682
http://irail.be/vehicle/IC414,http://irail.be/stations/NMBS/008892007,IC,2017-12-11T14:54:00,2017-12-11T14:52:00,793,704
http://irail.be/vehicle/IC414,http://irail.be/stations/NMBS/008814001,IC,2017-12-11T15:27:00,2017-12-11T15:24:00,692,742
http://irail.be/vehicle/IC414,http://irail.be/stations/NMBS/008813037,IC,2017-12-11T15:29:00,2017-12-11T15:29:00,714,714
http://irail.be/vehicle/IC414,http://irail.be/stations/NMBS/008813003,IC,2017-12-11T15:31:00,2017-12-11T15:30:00,992,733
http://irail.be/vehicle/IC414,http://irail.be/stations/NMBS/008813045,IC,2017-12-11T15:33:00,2017-12-11T15:33:00,980,980
http://irail.be/vehicle/IC414,http://irail.be/stations/NMBS/008812005,IC,2017-12-11T15:37:00,2017-12-11T15:35:00,960,967
http://irail.be/vehicle/IC414,http://irail.be/stations/NMBS/008811007,IC,2017-12-11T15:40:00,2017-12-11T15:40:00,939,939
http://irail.be/vehicle/IC414,http://irail.be/stations/NMBS/008811130,IC,2017-12-11T15:41:00,2017-12-11T15:41:00,989,989
http://irail.be/vehicle/IC414,http://irail.be/stations/NMBS/008811213,IC,2017-12-11T15:42:00,2017-12-11T15:42:00,1166,1166
http://irail.be/vehicle/IC414,http://irail.be/stations/NMBS/008811221,IC,2017-12-11T15:43:00,2017-12-11T15:43:00,1170,1170
http://irail.be/vehicle/IC414,http://irail.be/stations/NMBS/008811247,IC,2017-12-11T15:44:00,2017-12-11T15:44:00,1190,1190
http://irail.be/vehicle/IC414,http://irail.be/stations/NMBS/008811254,IC,2017-12-11T15:45:00,2017-12-11T15:45:00,1105,1105
http://irail.be/vehicle/IC414,http://irail.be/stations/NMBS/008811262,IC,2017-12-11T15:47:00,2017-12-11T15:47:00,1105,1105
http://irail.be/vehicle/IC414,http://irail.be/stations/NMBS/008811270,IC,2017-12-11T15:48:00,2017-12-11T15:48:00,1188,1188
http://irail.be/vehicle/IC414,http://irail.be/stations/NMBS/008811288,IC,2017-12-11T15:49:00,2017-12-11T15:49:00,1201,1201
http://irail.be/vehicle/IC414,http://irail.be/stations/NMBS/008833001,IC,2017-12-11T15:56:00,2017-12-11T15:52:00,1135,1216
http://irail.be/vehicle/IC414,http://irail.be/stations/NMBS/008841202,IC,2017-12-11T16:22:00,2017-12-11T16:22:00,1133,1133
http://irail.be/vehicle/IC414,http://irail.be/stations/NMBS/008841004,IC,2017-12-11T16:36:00,2017-12-11T16:29:00,835,1108
http://irail.be/vehicle/IC414,http://irail.be/stations/NMBS/008842002,IC,2017-12-11T16:41:00,2017-12-11T16:39:00,951,951
http://irail.be/vehicle/IC414,http://irail.be/stations/NMBS/008842036,IC,2017-12-11T16:43:00,2017-12-11T16:43:00,951,951
http://irail.be/vehicle/IC414,http://irail.be/stations/NMBS/008844271,IC,2017-12-11T16:47:00,2017-12-11T16:47:00,940,940
http://irail.be/vehicle/IC414,NO-URI,IC,2017-12-11T16:48:00,2017-12-11T16:48:00,979,979
http://irail.be/vehicle/IC414,http://irail.be/stations/NMBS/008844255,IC,2017-12-11T16:49:00,2017-12-11T16:49:00,1013,1013
http://irail.be/vehicle/IC414,http://irail.be/stations/NMBS/008844230,IC,2017-12-11T16:49:00,2017-12-11T16:49:00,1099,1099
http://irail.be/vehicle/IC414,http://irail.be/stations/NMBS/008844206,IC,2017-12-11T16:54:00,2017-12-11T16:53:00,1099,1099
http://irail.be/vehicle/IC414,http://irail.be/stations/NMBS/008844008,IC,2017-12-11T17:02:00,2017-12-11T17:00:00,971,1061
http://irail.be/vehicle/IC414,http://irail.be/stations/NMBS/008844057,IC,2017-12-11T17:03:00,2017-12-11T17:03:00,971,971
http://irail.be/vehicle/IC414,http://irail.be/stations/NMBS/008844545,IC,2017-12-11T17:09:00,2017-12-11T17:08:00,1388,1388
http://irail.be/vehicle/IC414,http://irail.be/stations/NMBS/008844503,IC,2017-12-11T17:14:00,2017-12-11T17:14:00,,1388
http://irail.be/vehicle/IC414,http://irail.be/stations/NMBS/008896008,IC,2017-06-06T14:16:00,2017-06-06T14:16:00,83,
http://irail.be/vehicle/IC414,http://irail.be/stations/NMBS/008896115,IC,2017-06-06T14:22:00,2017-06-06T14:21:00,159,159
http://irail.be/vehicle/IC414,http://irail.be/stations/NMBS/008896149,IC,2017-06-06T14:28:00,2017-06-06T14:27:00,150,171
http://irail.be/vehicle/IC414,http://irail.be/stations/NMBS/008892106,IC,2017-06-06T14:38:00,2017-06-06T14:37:00,33,44
http://irail.be/vehicle/IC414,NO-URI,IC,2017-06-06T14:40:00,2017-06-06T14:40:00,33,33
http://irail.be/vehicle/IC414,http://irail.be/stations/NMBS/008892080,IC,2017-06-06T14:45:00,2017-06-06T14:44:00,20,-4
http://irail.be/vehicle/IC414,http://irail.be/stations/NMBS/008892007,IC,2017-06-06T14:54:00,2017-06-06T14:51:00,25,61
http://irail.be/vehicle/IC414,http://irail.be/stations/NMBS/008814001,IC,2017-06-06T15:27:00,2017-06-06T15:24:00,238,216
http://irail.be/vehicle/IC414,http://irail.be/stations/NMBS/008813037,IC,2017-06-06T15:29:00,2017-06-06T15:29:00,250,250
http://irail.be/vehicle/IC414,http://irail.be/stations/NMBS/008813003,IC,2017-06-06T15:31:00,2017-06-06T15:30:00,302,290
http://irail.be/vehicle/IC414,http://irail.be/stations/NMBS/008813045,IC,2017-06-06T15:33:00,2017-06-06T15:33:00,293,293
http://irail.be/vehicle/IC414,http://irail.be/stations/NMBS/008812005,IC,2017-06-06T15:38:00,2017-06-06T15:35:00,234,284
http://irail.be/vehicle/IC414,http://irail.be/stations/NMBS/008811007,IC,2017-06-06T15:41:00,2017-06-06T15:41:00,210,210
http://irail.be/vehicle/IC414,http://irail.be/stations/NMBS/008811130,IC,2017-06-06T15:42:00,2017-06-06T15:42:00,227,227
http://irail.be/vehicle/IC414,http://irail.be/stations/NMBS/008811213,IC,2017-06-06T15:43:00,2017-06-06T15:43:00,214,214
http://irail.be/vehicle/IC414,http://irail.be/stations/NMBS/008811221,IC,2017-06-06T15:44:00,2017-06-06T15:44:00,222,222
http://irail.be/vehicle/IC414,http://irail.be/stations/NMBS/008811247,IC,2017-06-06T15:45:00,2017-06-06T15:45:00,180,180
http://irail.be/vehicle/IC414,http://irail.be/stations/NMBS/008811254,IC,2017-06-06T15:46:00,2017-06-06T15:46:00,91,91
http://irail.be/vehicle/IC414,http://irail.be/stations/NMBS/008811262,IC,2017-06-06T15:48:00,2017-06-06T15:48:00,91,91
http://irail.be/vehicle/IC414,http://irail.be/stations/NMBS/008811270,IC,2017-06-06T15:49:00,2017-06-06T15:49:00,167,167
http://irail.be/vehicle/IC414,http://irail.be/stations/NMBS/008811288,IC,2017-06-06T15:50:00,2017-06-06T15:50:00,179,179
http://irail.be/vehicle/IC414,http://irail.be/stations/NMBS/008833001,IC,2017-06-06T15:57:00,2017-06-06T15:53:00,64,167
http://irail.be/vehicle/IC414,http://irail.be/stations/NMBS/008841202,IC,2017-06-06T16:24:00,2017-06-06T16:24:00,-74,-74
http://irail.be/vehicle/IC414,http://irail.be/stations/NMBS/008841004,IC,2017-06-06T16:34:00,2017-06-06T16:31:00,-12,-111
http://irail.be/vehicle/IC414,http://irail.be/stations/NMBS/008842002,IC,2017-06-06T16:41:00,2017-06-06T16:37:00,11,11
http://irail.be/vehicle/IC414,http://irail.be/stations/NMBS/008842036,IC,2017-06-06T16:43:00,2017-06-06T16:43:00,11,11
http://irail.be/vehicle/IC414,http://irail.be/stations/NMBS/008844271,IC,2017-06-06T16:47:00,2017-06-06T16:47:00,5,5
http://irail.be/vehicle/IC414,NO-URI,IC,2017-06-06T16:48:00,2017-06-06T16:48:00,-11,-11
http://irail.be/vehicle/IC414,http://irail.be/stations/NMBS/008844255,IC,2017-06-06T16:49:00,2017-06-06T16:49:00,-16,-16
http://irail.be/vehicle/IC414,http://irail.be/stations/NMBS/008844230,IC,2017-06-06T16:49:00,2017-06-06T16:49:00,29,29
http://irail.be/vehicle/IC414,http://irail.be/stations/NMBS/008844206,IC,2017-06-06T16:54:00,2017-06-06T16:53:00,29,29
http://irail.be/vehicle/IC414,http://irail.be/stations/NMBS/008844008,IC,2017-06-06T17:02:00,2017-06-06T17:00:00,9,-25
http://irail.be/vehicle/IC414,http://irail.be/stations/NMBS/008844057,IC,2017-06-06T17:03:00,2017-06-06T17:03:00,9,9
http://irail.be/vehicle/IC414,NO-URI,IC,2017-06-06T17:05:00,2017-06-06T17:05:00,25,25
http://irail.be/vehicle/IC414,http://irail.be/stations/NMBS/008844545,IC,2017-06-06T17:10:00,2017-06-06T17:09:00,19,19
http://irail.be/vehicle/IC414,http://irail.be/stations/NMBS/008844503,IC,2017-06-06T17:16:00,2017-06-06T17:16:00,,19
http://irail.be/vehicle/IC414,http://irail.be/stations/NMBS/008896008,IC,2017-07-19T14:16:00,2017-07-19T14:16:00,52,
http://irail.be/vehicle/IC414,http://irail.be/stations/NMBS/008896115,IC,2017-07-19T14:22:00,2017-07-19T14:21:00,52,52
http://irail.be/vehicle/IC414,http://irail.be/stations/NMBS/008896149,IC,2017-07-19T14:28:00,2017-07-19T14:27:00,95,80
http://irail.be/vehicle/IC414,http://irail.be/stations/NMBS/008892106,IC,2017-07-19T14:38:00,2017-07-19T14:37:00,111,0
http://irail.be/vehicle/IC414,NO-URI,IC,2017-07-19T14:40:00,2017-07-19T14:40:00,111,111
http://irail.be/vehicle/IC414,http://irail.be/stations/NMBS/008892080,IC,2017-07-19T14:45:00,2017-07-19T14:44:00,75,31
http://irail.be/vehicle/IC414,http://irail.be/stations/NMBS/008892007,IC,2017-07-19T14:54:00,2017-07-19T14:51:00,101,117
http://irail.be/vehicle/IC414,http://irail.be/stations/NMBS/008814001,IC,2017-07-19T15:27:00,2017-07-19T15:24:00,82,101
http://irail.be/vehicle/IC414,http://irail.be/stations/NMBS/008813037,IC,2017-07-19T15:29:00,2017-07-19T15:29:00,102,102
http://irail.be/vehicle/IC414,http://irail.be/stations/NMBS/008813003,IC,2017-07-19T15:31:00,2017-07-19T15:30:00,169,154
http://irail.be/vehicle/IC414,http://irail.be/stations/NMBS/008813045,IC,2017-07-19T15:33:00,2017-07-19T15:33:00,149,149
http://irail.be/vehicle/IC414,http://irail.be/stations/NMBS/008812005,IC,2017-07-19T15:38:00,2017-07-19T15:35:00,103,143
http://irail.be/vehicle/IC414,http://irail.be/stations/NMBS/008811007,IC,2017-07-19T15:41:00,2017-07-19T15:41:00,67,67
http://irail.be/vehicle/IC414,http://irail.be/stations/NMBS/008811130,IC,2017-07-19T15:42:00,2017-07-19T15:42:00,82,82
http://irail.be/vehicle/IC414,http://irail.be/stations/NMBS/008811213,IC,2017-07-19T15:43:00,2017-07-19T15:43:00,70,70
http://irail.be/vehicle/IC414,http://irail.be/stations/NMBS/008811221,IC,2017-07-19T15:44:00,2017-07-19T15:44:00,78,78
http://irail.be/vehicle/IC414,http://irail.be/stations/NMBS/008811247,IC,2017-07-19T15:45:00,2017-07-19T15:45:00,39,39
http://irail.be/vehicle/IC414,http://irail.be/stations/NMBS/008811254,IC,2017-07-19T15:46:00,2017-07-19T15:46:00,-52,-52
http://irail.be/vehicle/IC414,http://irail.be/stations/NMBS/008811262,IC,2017-07-19T15:48:00,2017-07-19T15:48:00,-52,-52
http://irail.be/vehicle/IC414,http://irail.be/stations/NMBS/008811270,IC,2017-07-19T15:49:00,2017-07-19T15:49:00,27,27
http://irail.be/vehicle/IC414,http://irail.be/stations/NMBS/008811288,IC,2017-07-19T15:50:00,2017-07-19T15:50:00,40,40
http://irail.be/vehicle/IC414,http://irail.be/stations/NMBS/008833001,IC,2017-07-19T15:57:00,2017-07-19T15:53:00,23,55
http://irail.be/vehicle/IC414,http://irail.be/stations/NMBS/008841202,IC,2017-07-19T16:24:00,2017-07-19T16:24:00,-76,-76
http://irail.be/vehicle/IC414,http://irail.be/stations/NMBS/008841004,IC,2017-07-19T16:34:00,2017-07-19T16:31:00,6,42
http://irail.be/vehicle/IC414,http://irail.be/stations/NMBS/008842002,IC,2017-07-19T16:41:00,2017-07-19T16:37:00,18,18
http://irail.be/vehicle/IC414,http://irail.be/stations/NMBS/008842036,IC,2017-07-19T16:43:00,2017-07-19T16:43:00,18,18
http://irail.be/vehicle/IC414,http://irail.be/stations/NMBS/008844271,IC,2017-07-19T16:47:00,2017-07-19T16:47:00,-6,-6
http://irail.be/vehicle/IC414,NO-URI,IC,2017-07-19T16:48:00,2017-07-19T16:48:00,20,20
http://irail.be/vehicle/IC414,http://irail.be/stations/NMBS/008844255,IC,2017-07-19T16:49:00,2017-07-19T16:49:00,21,21
http://irail.be/vehicle/IC414,http://irail.be/stations/NMBS/008844230,IC,2017-07-19T16:49:00,2017-07-19T16:49:00,53,53
http://irail.be/vehicle/IC414,http://irail.be/stations/NMBS/008844206,IC,2017-07-19T16:54:00,2017-07-19T16:53:00,53,53
http://irail.be/vehicle/IC414,http://irail.be/stations/NMBS/008844008,IC,2017-07-19T17:02:00,2017-07-19T17:00:00,-7,-44
http://irail.be/vehicle/IC414,http://irail.be/stations/NMBS/008844057,IC,2017-07-19T17:03:00,2017-07-19T17:03:00,-7,-7
http://irail.be/vehicle/IC414,NO-URI,IC,2017-07-19T17:05:00,2017-07-19T17:05:00,26,26
http://irail.be/vehicle/IC414,http://irail.be/stations/NMBS/008844545,IC,2017-07-19T17:10:00,2017-07-19T17:09:00,88,88
http://irail.be/vehicle/IC414,http://irail.be/stations/NMBS/008844503,IC,2017-07-19T17:16:00,2017-07-19T17:16:00,,88
http://irail.be/vehicle/IC414,http://irail.be/stations/NMBS/008896008,IC,2017-03-28T14:16:00,2017-03-28T14:16:00,46,
http://irail.be/vehicle/IC414,http://irail.be/stations/NMBS/008896115,IC,2017-03-28T14:22:00,2017-03-28T14:21:00,76,76
http://irail.be/vehicle/IC414,http://irail.be/stations/NMBS/008896149,IC,2017-03-28T14:28:00,2017-03-28T14:27:00,90,76
http://irail.be/vehicle/IC414,http://irail.be/stations/NMBS/008892106,IC,2017-03-28T14:38:00,2017-03-28T14:37:00,37,-13
http://irail.be/vehicle/IC414,NO-URI,IC,2017-03-28T14:40:00,2017-03-28T14:40:00,37,37
http://irail.be/vehicle/IC414,http://irail.be/stations/NMBS/008892080,IC,2017-03-28T14:45:00,2017-03-28T14:44:00,-1,-64
http://irail.be/vehicle/IC414,http://irail.be/stations/NMBS/008892007,IC,2017-03-28T14:54:00,2017-03-28T14:51:00,2,39
http://irail.be/vehicle/IC414,http://irail.be/stations/NMBS/008814001,IC,2017-03-28T15:27:00,2017-03-28T15:24:00,158,120
http://irail.be/vehicle/IC414,http://irail.be/stations/NMBS/008813037,IC,2017-03-28T15:29:00,2017-03-28T15:29:00,155,155
http://irail.be/vehicle/IC414,http://irail.be/stations/NMBS/008813003,IC,2017-03-28T15:31:00,2017-03-28T15:30:00,167,159
http://irail.be/vehicle/IC414,http://irail.be/stations/NMBS/008813045,IC,2017-03-28T15:33:00,2017-03-28T15:33:00,143,143
http://irail.be/vehicle/IC414,http://irail.be/stations/NMBS/008812005,IC,2017-03-28T15:38:00,2017-03-28T15:35:00,239,188
http://irail.be/vehicle/IC414,http://irail.be/stations/NMBS/008811007,IC,2017-03-28T15:41:00,2017-03-28T15:41:00,258,258
http://irail.be/vehicle/IC414,http://irail.be/stations/NMBS/008811130,IC,2017-03-28T15:42:00,2017-03-28T15:42:00,282,282
http://irail.be/vehicle/IC414,http://irail.be/stations/NMBS/008811213,IC,2017-03-28T15:43:00,2017-03-28T15:43:00,271,271
http://irail.be/vehicle/IC414,http://irail.be/stations/NMBS/008811221,IC,2017-03-28T15:44:00,2017-03-28T15:44:00,283,283
http://irail.be/vehicle/IC414,http://irail.be/stations/NMBS/008811247,IC,2017-03-28T15:45:00,2017-03-28T15:45:00,245,245
http://irail.be/vehicle/IC414,http://irail.be/stations/NMBS/008811254,IC,2017-03-28T15:46:00,2017-03-28T15:46:00,153,153
http://irail.be/vehicle/IC414,http://irail.be/stations/NMBS/008811262,IC,2017-03-28T15:48:00,2017-03-28T15:48:00,153,153
http://irail.be/vehicle/IC414,http://irail.be/stations/NMBS/008811270,IC,2017-03-28T15:49:00,2017-03-28T15:49:00,231,231
http://irail.be/vehicle/IC414,http://irail.be/stations/NMBS/008811288,IC,2017-03-28T15:50:00,2017-03-28T15:50:00,241,241
http://irail.be/vehicle/IC414,http://irail.be/stations/NMBS/008833001,IC,2017-03-28T15:57:00,2017-03-28T15:53:00,147,227
http://irail.be/vehicle/IC414,http://irail.be/stations/NMBS/008841202,IC,2017-03-28T16:24:00,2017-03-28T16:24:00,15,15
http://irail.be/vehicle/IC414,http://irail.be/stations/NMBS/008841004,IC,2017-03-28T16:34:00,2017-03-28T16:31:00,-23,-50
http://irail.be/vehicle/IC414,http://irail.be/stations/NMBS/008842002,IC,2017-03-28T16:41:00,2017-03-28T16:37:00,143,143
http://irail.be/vehicle/IC414,http://irail.be/stations/NMBS/008842036,IC,2017-03-28T16:43:00,2017-03-28T16:43:00,143,143
http://irail.be/vehicle/IC414,http://irail.be/stations/NMBS/008844271,IC,2017-03-28T16:47:00,2017-03-28T16:47:00,114,114
http://irail.be/vehicle/IC414,NO-URI,IC,2017-03-28T16:48:00,2017-03-28T16:48:00,123,123
http://irail.be/vehicle/IC414,http://irail.be/stations/NMBS/008844255,IC,2017-03-28T16:49:00,2017-03-28T16:49:00,122,122
http://irail.be/vehicle/IC414,http://irail.be/stations/NMBS/008844230,IC,2017-03-28T16:49:00,2017-03-28T16:49:00,187,187
http://irail.be/vehicle/IC414,http://irail.be/stations/NMBS/008844206,IC,2017-03-28T16:54:00,2017-03-28T16:53:00,187,187
http://irail.be/vehicle/IC414,http://irail.be/stations/NMBS/008844008,IC,2017-03-28T17:02:00,2017-03-28T17:00:00,50,135
http://irail.be/vehicle/IC414,http://irail.be/stations/NMBS/008844057,IC,2017-03-28T17:03:00,2017-03-28T17:03:00,50,50
http://irail.be/vehicle/IC414,NO-URI,IC,2017-03-28T17:05:00,2017-03-28T17:05:00,62,62
http://irail.be/vehicle/IC414,http://irail.be/stations/NMBS/008844545,IC,2017-03-28T17:10:00,2017-03-28T17:09:00,99,99
http://irail.be/vehicle/IC414,http://irail.be/stations/NMBS/008844503,IC,2017-03-28T17:16:00,2017-03-28T17:16:00,,99
http://irail.be/vehicle/IC414,http://irail.be/stations/NMBS/008896008,IC,2017-10-03T14:16:00,2017-10-03T14:16:00,68,
http://irail.be/vehicle/IC414,http://irail.be/stations/NMBS/008896115,IC,2017-10-03T14:22:00,2017-10-03T14:21:00,95,95
http://irail.be/vehicle/IC414,http://irail.be/stations/NMBS/008896149,IC,2017-10-03T14:28:00,2017-10-03T14:27:00,118,117
http://irail.be/vehicle/IC414,http://irail.be/stations/NMBS/008892106,IC,2017-10-03T14:38:00,2017-10-03T14:37:00,50,14
http://irail.be/vehicle/IC414,NO-URI,IC,2017-10-03T14:40:00,2017-10-03T14:40:00,50,50
http://irail.be/vehicle/IC414,http://irail.be/stations/NMBS/008892080,IC,2017-10-03T14:45:00,2017-10-03T14:44:00,33,-52
http://irail.be/vehicle/IC414,http://irail.be/stations/NMBS/008892007,IC,2017-10-03T14:54:00,2017-10-03T14:51:00,42,53
http://irail.be/vehicle/IC414,http://irail.be/stations/NMBS/008814001,IC,2017-10-03T15:27:00,2017-10-03T15:24:00,123,144
http://irail.be/vehicle/IC414,http://irail.be/stations/NMBS/008813037,IC,2017-10-03T15:29:00,2017-10-03T15:29:00,168,168
http://irail.be/vehicle/IC414,http://irail.be/stations/NMBS/008813003,IC,2017-10-03T15:31:00,2017-10-03T15:30:00,363,294
http://irail.be/vehicle/IC414,http://irail.be/stations/NMBS/008813045,IC,2017-10-03T15:33:00,2017-10-03T15:33:00,342,342
http://irail.be/vehicle/IC414,http://irail.be/stations/NMBS/008812005,IC,2017-10-03T15:38:00,2017-10-03T15:35:00,385,335
http://irail.be/vehicle/IC414,http://irail.be/stations/NMBS/008811007,IC,2017-10-03T15:41:00,2017-10-03T15:41:00,363,363
http://irail.be/vehicle/IC414,http://irail.be/stations/NMBS/008811130,IC,2017-10-03T15:42:00,2017-10-03T15:42:00,384,384
http://irail.be/vehicle/IC414,http://irail.be/stations/NMBS/008811213,IC,2017-10-03T15:43:00,2017-10-03T15:43:00,370,370
http://irail.be/vehicle/IC414,http://irail.be/stations/NMBS/008811221,IC,2017-10-03T15:44:00,2017-10-03T15:44:00,378,378
http://irail.be/vehicle/IC414,http://irail.be/stations/NMBS/008811247,IC,2017-10-03T15:45:00,2017-10-03T15:45:00,337,337
http://irail.be/vehicle/IC414,http://irail.be/stations/NMBS/008811254,IC,2017-10-03T15:46:00,2017-10-03T15:46:00,246,246
http://irail.be/vehicle/IC414,http://irail.be/stations/NMBS/008811262,IC,2017-10-03T15:48:00,2017-10-03T15:48:00,246,246
http://irail.be/vehicle/IC414,http://irail.be/stations/NMBS/008811270,IC,2017-10-03T15:49:00,2017-10-03T15:49:00,322,322
http://irail.be/vehicle/IC414,http://irail.be/stations/NMBS/008811288,IC,2017-10-03T15:50:00,2017-10-03T15:50:00,334,334
http://irail.be/vehicle/IC414,http://irail.be/stations/NMBS/008833001,IC,2017-10-03T15:57:00,2017-10-03T15:53:00,271,328
http://irail.be/vehicle/IC414,http://irail.be/stations/NMBS/008841202,IC,2017-10-03T16:24:00,2017-10-03T16:24:00,199,199
http://irail.be/vehicle/IC414,http://irail.be/stations/NMBS/008841004,IC,2017-10-03T16:34:00,2017-10-03T16:31:00,506,253
http://irail.be/vehicle/IC414,http://irail.be/stations/NMBS/008842002,IC,2017-10-03T16:41:00,2017-10-03T16:37:00,363,363
http://irail.be/vehicle/IC414,http://irail.be/stations/NMBS/008842036,IC,2017-10-03T16:43:00,2017-10-03T16:43:00,363,363
http://irail.be/vehicle/IC414,http://irail.be/stations/NMBS/008844271,IC,2017-10-03T16:47:00,2017-10-03T16:47:00,335,335
http://irail.be/vehicle/IC414,NO-URI,IC,2017-10-03T16:48:00,2017-10-03T16:48:00,348,348
http://irail.be/vehicle/IC414,http://irail.be/stations/NMBS/008844255,IC,2017-10-03T16:49:00,2017-10-03T16:49:00,347,347
http://irail.be/vehicle/IC414,http://irail.be/stations/NMBS/008844230,IC,2017-10-03T16:49:00,2017-10-03T16:49:00,415,415
http://irail.be/vehicle/IC414,http://irail.be/stations/NMBS/008844206,IC,2017-10-03T16:54:00,2017-10-03T16:53:00,415,415
http://irail.be/vehicle/IC414,http://irail.be/stations/NMBS/008844008,IC,2017-10-03T17:02:00,2017-10-03T17:00:00,290,345
http://irail.be/vehicle/IC414,http://irail.be/stations/NMBS/008844057,IC,2017-10-03T17:03:00,2017-10-03T17:03:00,290,290
http://irail.be/vehicle/IC414,NO-URI,IC,2017-10-03T17:05:00,2017-10-03T17:05:00,320,320
http://irail.be/vehicle/IC414,http://irail.be/stations/NMBS/008844545,IC,2017-10-03T17:10:00,2017-10-03T17:09:00,351,351
http://irail.be/vehicle/IC414,http://irail.be/stations/NMBS/008844503,IC,2017-10-03T17:16:00,2017-10-03T17:16:00,,351
http://irail.be/vehicle/IC414,http://irail.be/stations/NMBS/008896008,IC,2017-12-12T14:16:00,2017-12-12T14:16:00,62,
http://irail.be/vehicle/IC414,http://irail.be/stations/NMBS/008896115,IC,2017-12-12T14:22:00,2017-12-12T14:21:00,49,49
http://irail.be/vehicle/IC414,http://irail.be/stations/NMBS/008896149,IC,2017-12-12T14:28:00,2017-12-12T14:27:00,67,68
http://irail.be/vehicle/IC414,http://irail.be/stations/NMBS/008892106,IC,2017-12-12T14:38:00,2017-12-12T14:37:00,63,-38
http://irail.be/vehicle/IC414,NO-URI,IC,2017-12-12T14:40:00,2017-12-12T14:40:00,63,63
http://irail.be/vehicle/IC414,http://irail.be/stations/NMBS/008892080,IC,2017-12-12T14:44:00,2017-12-12T14:43:00,48,33
http://irail.be/vehicle/IC414,http://irail.be/stations/NMBS/008892007,IC,2017-12-12T14:54:00,2017-12-12T14:52:00,161,0
http://irail.be/vehicle/IC414,http://irail.be/stations/NMBS/008814001,IC,2017-12-12T15:27:00,2017-12-12T15:24:00,77,58
http://irail.be/vehicle/IC414,http://irail.be/stations/NMBS/008813037,IC,2017-12-12T15:29:00,2017-12-12T15:29:00,112,112
http://irail.be/vehicle/IC414,http://irail.be/stations/NMBS/008813003,IC,2017-12-12T15:31:00,2017-12-12T15:30:00,150,115
http://irail.be/vehicle/IC414,http://irail.be/stations/NMBS/008813045,IC,2017-12-12T15:33:00,2017-12-12T15:33:00,135,135
http://irail.be/vehicle/IC414,http://irail.be/stations/NMBS/008812005,IC,2017-12-12T15:37:00,2017-12-12T15:35:00,140,127
http://irail.be/vehicle/IC414,http://irail.be/stations/NMBS/008811007,IC,2017-12-12T15:40:00,2017-12-12T15:40:00,113,113
http://irail.be/vehicle/IC414,http://irail.be/stations/NMBS/008811130,IC,2017-12-12T15:41:00,2017-12-12T15:41:00,130,130
http://irail.be/vehicle/IC414,http://irail.be/stations/NMBS/008811213,IC,2017-12-12T15:42:00,2017-12-12T15:42:00,115,115
http://irail.be/vehicle/IC414,http://irail.be/stations/NMBS/008811221,IC,2017-12-12T15:43:00,2017-12-12T15:43:00,85,85
http://irail.be/vehicle/IC414,http://irail.be/stations/NMBS/008811247,IC,2017-12-12T15:44:00,2017-12-12T15:44:00,81,81
http://irail.be/vehicle/IC414,http://irail.be/stations/NMBS/008811254,IC,2017-12-12T15:45:00,2017-12-12T15:45:00,-9,-9
http://irail.be/vehicle/IC414,http://irail.be/stations/NMBS/008811262,IC,2017-12-12T15:47:00,2017-12-12T15:47:00,-9,-9
http://irail.be/vehicle/IC414,http://irail.be/stations/NMBS/008811270,IC,2017-12-12T15:48:00,2017-12-12T15:48:00,65,65
http://irail.be/vehicle/IC414,http://irail.be/stations/NMBS/008811288,IC,2017-12-12T15:49:00,2017-12-12T15:49:00,76,76
http://irail.be/vehicle/IC414,http://irail.be/stations/NMBS/008833001,IC,2017-12-12T15:56:00,2017-12-12T15:52:00,1,62
http://irail.be/vehicle/IC414,http://irail.be/stations/NMBS/008841202,IC,2017-12-12T16:22:00,2017-12-12T16:22:00,-92,-92
http://irail.be/vehicle/IC414,http://irail.be/stations/NMBS/008841004,IC,2017-12-12T16:36:00,2017-12-12T16:29:00,21,-26
http://irail.be/vehicle/IC414,http://irail.be/stations/NMBS/008842002,IC,2017-12-12T16:41:00,2017-12-12T16:39:00,88,88
http://irail.be/vehicle/IC414,http://irail.be/stations/NMBS/008842036,IC,2017-12-12T16:43:00,2017-12-12T16:43:00,88,88
http://irail.be/vehicle/IC414,http://irail.be/stations/NMBS/008844271,IC,2017-12-12T16:47:00,2017-12-12T16:47:00,64,64
http://irail.be/vehicle/IC414,NO-URI,IC,2017-12-12T16:48:00,2017-12-12T16:48:00,83,83
http://irail.be/vehicle/IC414,http://irail.be/stations/NMBS/008844255,IC,2017-12-12T16:49:00,2017-12-12T16:49:00,111,111
http://irail.be/vehicle/IC414,http://irail.be/stations/NMBS/008844230,IC,2017-12-12T16:49:00,2017-12-12T16:49:00,225,225
http://irail.be/vehicle/IC414,http://irail.be/stations/NMBS/008844206,IC,2017-12-12T16:54:00,2017-12-12T16:53:00,225,225
http://irail.be/vehicle/IC414,http://irail.be/stations/NMBS/008844008,IC,2017-12-12T17:02:00,2017-12-12T17:00:00,70,152
http://irail.be/vehicle/IC414,http://irail.be/stations/NMBS/008844057,IC,2017-12-12T17:03:00,2017-12-12T17:03:00,70,70
http://irail.be/vehicle/IC414,http://irail.be/stations/NMBS/008844545,IC,2017-12-12T17:09:00,2017-12-12T17:08:00,312,312
http://irail.be/vehicle/IC414,http://irail.be/stations/NMBS/008844503,IC,2017-12-12T17:14:00,2017-12-12T17:14:00,,312
http://irail.be/vehicle/IC414,http://irail.be/stations/NMBS/008896008,IC,2017-11-15T14:16:00,2017-11-15T14:16:00,321,
http://irail.be/vehicle/IC414,http://irail.be/stations/NMBS/008896115,IC,2017-11-15T14:22:00,2017-11-15T14:21:00,351,351
http://irail.be/vehicle/IC414,http://irail.be/stations/NMBS/008896149,IC,2017-11-15T14:28:00,2017-11-15T14:27:00,358,361
http://irail.be/vehicle/IC414,http://irail.be/stations/NMBS/008892106,IC,2017-11-15T14:38:00,2017-11-15T14:37:00,380,251
http://irail.be/vehicle/IC414,NO-URI,IC,2017-11-15T14:40:00,2017-11-15T14:40:00,380,380
http://irail.be/vehicle/IC414,http://irail.be/stations/NMBS/008892080,IC,2017-11-15T14:45:00,2017-11-15T14:44:00,286,290
http://irail.be/vehicle/IC414,http://irail.be/stations/NMBS/008892007,IC,2017-11-15T14:54:00,2017-11-15T14:51:00,963,326
http://irail.be/vehicle/IC414,http://irail.be/stations/NMBS/008814001,IC,2017-11-15T15:27:00,2017-11-15T15:24:00,1028,964
http://irail.be/vehicle/IC414,http://irail.be/stations/NMBS/008813037,IC,2017-11-15T15:29:00,2017-11-15T15:29:00,1029,1029
http://irail.be/vehicle/IC414,http://irail.be/stations/NMBS/008813003,IC,2017-11-15T15:31:00,2017-11-15T15:30:00,1159,1052
http://irail.be/vehicle/IC414,http://irail.be/stations/NMBS/008813045,IC,2017-11-15T15:33:00,2017-11-15T15:33:00,1147,1147
http://irail.be/vehicle/IC414,http://irail.be/stations/NMBS/008812005,IC,2017-11-15T15:38:00,2017-11-15T15:35:00,1090,1136
http://irail.be/vehicle/IC414,http://irail.be/stations/NMBS/008811007,IC,2017-11-15T15:41:00,2017-11-15T15:41:00,1060,1060
http://irail.be/vehicle/IC414,http://irail.be/stations/NMBS/008811130,IC,2017-11-15T15:42:00,2017-11-15T15:42:00,1080,1080
http://irail.be/vehicle/IC414,http://irail.be/stations/NMBS/008811213,IC,2017-11-15T15:43:00,2017-11-15T15:43:00,1066,1066
http://irail.be/vehicle/IC414,http://irail.be/stations/NMBS/008811221,IC,2017-11-15T15:44:00,2017-11-15T15:44:00,1074,1074
http://irail.be/vehicle/IC414,http://irail.be/stations/NMBS/008811247,IC,2017-11-15T15:45:00,2017-11-15T15:45:00,1034,1034
http://irail.be/vehicle/IC414,http://irail.be/stations/NMBS/008811254,IC,2017-11-15T15:46:00,2017-11-15T15:46:00,944,944
http://irail.be/vehicle/IC414,http://irail.be/stations/NMBS/008811262,IC,2017-11-15T15:48:00,2017-11-15T15:48:00,944,944
http://irail.be/vehicle/IC414,http://irail.be/stations/NMBS/008811270,IC,2017-11-15T15:49:00,2017-11-15T15:49:00,1020,1020
http://irail.be/vehicle/IC414,http://irail.be/stations/NMBS/008811288,IC,2017-11-15T15:50:00,2017-11-15T15:50:00,1030,1030
http://irail.be/vehicle/IC414,http://irail.be/stations/NMBS/008833001,IC,2017-11-15T15:57:00,2017-11-15T15:53:00,906,1034
http://irail.be/vehicle/IC414,http://irail.be/stations/NMBS/008841202,IC,2017-11-15T16:24:00,2017-11-15T16:24:00,769,769
http://irail.be/vehicle/IC414,http://irail.be/stations/NMBS/008841004,IC,2017-11-15T16:34:00,2017-11-15T16:31:00,742,729
http://irail.be/vehicle/IC414,http://irail.be/stations/NMBS/008842002,IC,2017-11-15T16:41:00,2017-11-15T16:37:00,584,584
http://irail.be/vehicle/IC414,http://irail.be/stations/NMBS/008842036,IC,2017-11-15T16:43:00,2017-11-15T16:43:00,584,584
http://irail.be/vehicle/IC414,http://irail.be/stations/NMBS/008844271,IC,2017-11-15T16:47:00,2017-11-15T16:47:00,554,554
http://irail.be/vehicle/IC414,NO-URI,IC,2017-11-15T16:48:00,2017-11-15T16:48:00,534,534
http://irail.be/vehicle/IC414,http://irail.be/stations/NMBS/008844255,IC,2017-11-15T16:49:00,2017-11-15T16:49:00,530,530
http://irail.be/vehicle/IC414,http://irail.be/stations/NMBS/008844230,IC,2017-11-15T16:49:00,2017-11-15T16:49:00,565,565
http://irail.be/vehicle/IC414,http://irail.be/stations/NMBS/008844206,IC,2017-11-15T16:54:00,2017-11-15T16:53:00,565,565
http://irail.be/vehicle/IC414,http://irail.be/stations/NMBS/008844008,IC,2017-11-15T17:02:00,2017-11-15T17:00:00,370,466
http://irail.be/vehicle/IC414,http://irail.be/stations/NMBS/008844057,IC,2017-11-15T17:03:00,2017-11-15T17:03:00,370,370
http://irail.be/vehicle/IC414,NO-URI,IC,2017-11-15T17:05:00,2017-11-15T17:05:00,362,362
http://irail.be/vehicle/IC414,http://irail.be/stations/NMBS/008844545,IC,2017-11-15T17:10:00,2017-11-15T17:09:00,340,340
http://irail.be/vehicle/IC414,http://irail.be/stations/NMBS/008844503,IC,2017-11-15T17:16:00,2017-11-15T17:16:00,,340
http://irail.be/vehicle/IC414,http://irail.be/stations/NMBS/008896008,IC,2017-01-31T14:16:00,2017-01-31T14:16:00,48,
http://irail.be/vehicle/IC414,http://irail.be/stations/NMBS/008896115,IC,2017-01-31T14:22:00,2017-01-31T14:21:00,57,57
http://irail.be/vehicle/IC414,http://irail.be/stations/NMBS/008896149,IC,2017-01-31T14:28:00,2017-01-31T14:27:00,64,57
http://irail.be/vehicle/IC414,http://irail.be/stations/NMBS/008892106,IC,2017-01-31T14:38:00,2017-01-31T14:37:00,76,12
http://irail.be/vehicle/IC414,NO-URI,IC,2017-01-31T14:40:00,2017-01-31T14:40:00,76,76
http://irail.be/vehicle/IC414,http://irail.be/stations/NMBS/008892080,IC,2017-01-31T14:45:00,2017-01-31T14:44:00,27,18
http://irail.be/vehicle/IC414,http://irail.be/stations/NMBS/008892007,IC,2017-01-31T14:54:00,2017-01-31T14:51:00,217,60
http://irail.be/vehicle/IC414,http://irail.be/stations/NMBS/008814001,IC,2017-01-31T15:27:00,2017-01-31T15:24:00,449,363
http://irail.be/vehicle/IC414,http://irail.be/stations/NMBS/008813037,IC,2017-01-31T15:29:00,2017-01-31T15:29:00,540,540
http://irail.be/vehicle/IC414,http://irail.be/stations/NMBS/008813003,IC,2017-01-31T15:31:00,2017-01-31T15:30:00,670,640
http://irail.be/vehicle/IC414,http://irail.be/stations/NMBS/008813045,IC,2017-01-31T15:33:00,2017-01-31T15:33:00,654,654
http://irail.be/vehicle/IC414,http://irail.be/stations/NMBS/008812005,IC,2017-01-31T15:38:00,2017-01-31T15:35:00,707,699
http://irail.be/vehicle/IC414,http://irail.be/stations/NMBS/008811007,IC,2017-01-31T15:41:00,2017-01-31T15:41:00,696,696
http://irail.be/vehicle/IC414,http://irail.be/stations/NMBS/008811130,IC,2017-01-31T15:42:00,2017-01-31T15:42:00,709,709
http://irail.be/vehicle/IC414,http://irail.be/stations/NMBS/008811213,IC,2017-01-31T15:43:00,2017-01-31T15:43:00,717,717
http://irail.be/vehicle/IC414,http://irail.be/stations/NMBS/008811221,IC,2017-01-31T15:44:00,2017-01-31T15:44:00,728,728
http://irail.be/vehicle/IC414,http://irail.be/stations/NMBS/008811247,IC,2017-01-31T15:45:00,2017-01-31T15:45:00,689,689
http://irail.be/vehicle/IC414,http://irail.be/stations/NMBS/008811254,IC,2017-01-31T15:46:00,2017-01-31T15:46:00,600,600
http://irail.be/vehicle/IC414,http://irail.be/stations/NMBS/008811262,IC,2017-01-31T15:48:00,2017-01-31T15:48:00,600,600
http://irail.be/vehicle/IC414,http://irail.be/stations/NMBS/008811270,IC,2017-01-31T15:49:00,2017-01-31T15:49:00,682,682
http://irail.be/vehicle/IC414,http://irail.be/stations/NMBS/008811288,IC,2017-01-31T15:50:00,2017-01-31T15:50:00,695,695
http://irail.be/vehicle/IC414,http://irail.be/stations/NMBS/008833001,IC,2017-01-31T15:57:00,2017-01-31T15:53:00,632,689
http://irail.be/vehicle/IC414,http://irail.be/stations/NMBS/008841202,IC,2017-01-31T16:24:00,2017-01-31T16:24:00,610,610
http://irail.be/vehicle/IC414,http://irail.be/stations/NMBS/008841004,IC,2017-01-31T16:34:00,2017-01-31T16:31:00,639,558
http://irail.be/vehicle/IC414,http://irail.be/stations/NMBS/008842002,IC,2017-01-31T16:41:00,2017-01-31T16:37:00,658,658
http://irail.be/vehicle/IC414,http://irail.be/stations/NMBS/008842036,IC,2017-01-31T16:43:00,2017-01-31T16:43:00,658,658
http://irail.be/vehicle/IC414,http://irail.be/stations/NMBS/008844271,IC,2017-01-31T16:47:00,2017-01-31T16:47:00,650,650
http://irail.be/vehicle/IC414,NO-URI,IC,2017-01-31T16:48:00,2017-01-31T16:48:00,667,667
http://irail.be/vehicle/IC414,http://irail.be/stations/NMBS/008844255,IC,2017-01-31T16:49:00,2017-01-31T16:49:00,668,668
http://irail.be/vehicle/IC414,http://irail.be/stations/NMBS/008844230,IC,2017-01-31T16:49:00,2017-01-31T16:49:00,785,785
http://irail.be/vehicle/IC414,http://irail.be/stations/NMBS/008844206,IC,2017-01-31T16:54:00,2017-01-31T16:53:00,785,785
http://irail.be/vehicle/IC414,http://irail.be/stations/NMBS/008844008,IC,2017-01-31T17:02:00,2017-01-31T17:00:00,712,748
http://irail.be/vehicle/IC414,http://irail.be/stations/NMBS/008844057,IC,2017-01-31T17:03:00,2017-01-31T17:03:00,712,712
http://irail.be/vehicle/IC414,NO-URI,IC,2017-01-31T17:05:00,2017-01-31T17:05:00,777,777
http://irail.be/vehicle/IC414,http://irail.be/stations/NMBS/008844545,IC,2017-01-31T17:10:00,2017-01-31T17:09:00,834,834
http://irail.be/vehicle/IC414,http://irail.be/stations/NMBS/008844503,IC,2017-01-31T17:16:00,2017-01-31T17:16:00,,834
http://irail.be/vehicle/IC414,http://irail.be/stations/NMBS/008896008,IC,2017-09-21T14:16:00,2017-09-21T14:16:00,60,
http://irail.be/vehicle/IC414,http://irail.be/stations/NMBS/008896115,IC,2017-09-21T14:22:00,2017-09-21T14:21:00,101,101
http://irail.be/vehicle/IC414,http://irail.be/stations/NMBS/008896149,IC,2017-09-21T14:28:00,2017-09-21T14:27:00,129,123
http://irail.be/vehicle/IC414,http://irail.be/stations/NMBS/008892106,IC,2017-09-21T14:38:00,2017-09-21T14:37:00,127,27
http://irail.be/vehicle/IC414,NO-URI,IC,2017-09-21T14:40:00,2017-09-21T14:40:00,127,127
http://irail.be/vehicle/IC414,http://irail.be/stations/NMBS/008892080,IC,2017-09-21T14:45:00,2017-09-21T14:44:00,75,42
http://irail.be/vehicle/IC414,http://irail.be/stations/NMBS/008892007,IC,2017-09-21T14:54:00,2017-09-21T14:51:00,86,128
http://irail.be/vehicle/IC414,http://irail.be/stations/NMBS/008814001,IC,2017-09-21T15:27:00,2017-09-21T15:24:00,187,253
http://irail.be/vehicle/IC414,http://irail.be/stations/NMBS/008813037,IC,2017-09-21T15:29:00,2017-09-21T15:29:00,206,206
http://irail.be/vehicle/IC414,http://irail.be/stations/NMBS/008813003,IC,2017-09-21T15:31:00,2017-09-21T15:30:00,227,208
http://irail.be/vehicle/IC414,http://irail.be/stations/NMBS/008813045,IC,2017-09-21T15:33:00,2017-09-21T15:33:00,206,206
http://irail.be/vehicle/IC414,http://irail.be/stations/NMBS/008812005,IC,2017-09-21T15:38:00,2017-09-21T15:35:00,226,198
http://irail.be/vehicle/IC414,http://irail.be/stations/NMBS/008811007,IC,2017-09-21T15:41:00,2017-09-21T15:41:00,201,201
http://irail.be/vehicle/IC414,http://irail.be/stations/NMBS/008811130,IC,2017-09-21T15:42:00,2017-09-21T15:42:00,221,221
http://irail.be/vehicle/IC414,http://irail.be/stations/NMBS/008811213,IC,2017-09-21T15:43:00,2017-09-21T15:43:00,210,210
http://irail.be/vehicle/IC414,http://irail.be/stations/NMBS/008811221,IC,2017-09-21T15:44:00,2017-09-21T15:44:00,216,216
http://irail.be/vehicle/IC414,http://irail.be/stations/NMBS/008811247,IC,2017-09-21T15:45:00,2017-09-21T15:45:00,175,175
http://irail.be/vehicle/IC414,http://irail.be/stations/NMBS/008811254,IC,2017-09-21T15:46:00,2017-09-21T15:46:00,84,84
http://irail.be/vehicle/IC414,http://irail.be/stations/NMBS/008811262,IC,2017-09-21T15:48:00,2017-09-21T15:48:00,84,84
http://irail.be/vehicle/IC414,http://irail.be/stations/NMBS/008811270,IC,2017-09-21T15:49:00,2017-09-21T15:49:00,160,160
http://irail.be/vehicle/IC414,http://irail.be/stations/NMBS/008811288,IC,2017-09-21T15:50:00,2017-09-21T15:50:00,172,172
http://irail.be/vehicle/IC414,http://irail.be/stations/NMBS/008833001,IC,2017-09-21T15:57:00,2017-09-21T15:53:00,90,174
http://irail.be/vehicle/IC414,http://irail.be/stations/NMBS/008841202,IC,2017-09-21T16:24:00,2017-09-21T16:24:00,-39,-39
http://irail.be/vehicle/IC414,http://irail.be/stations/NMBS/008841004,IC,2017-09-21T16:34:00,2017-09-21T16:31:00,56,114
http://irail.be/vehicle/IC414,http://irail.be/stations/NMBS/008842002,IC,2017-09-21T16:41:00,2017-09-21T16:37:00,10,10
http://irail.be/vehicle/IC414,http://irail.be/stations/NMBS/008842036,IC,2017-09-21T16:43:00,2017-09-21T16:43:00,10,10
http://irail.be/vehicle/IC414,http://irail.be/stations/NMBS/008844271,IC,2017-09-21T16:47:00,2017-09-21T16:47:00,-17,-17
http://irail.be/vehicle/IC414,NO-URI,IC,2017-09-21T16:48:00,2017-09-21T16:48:00,-28,-28
http://irail.be/vehicle/IC414,http://irail.be/stations/NMBS/008844255,IC,2017-09-21T16:49:00,2017-09-21T16:49:00,-31,-31
http://irail.be/vehicle/IC414,http://irail.be/stations/NMBS/008844230,IC,2017-09-21T16:49:00,2017-09-21T16:49:00,235,235
http://irail.be/vehicle/IC414,http://irail.be/stations/NMBS/008844206,IC,2017-09-21T16:54:00,2017-09-21T16:53:00,235,235
http://irail.be/vehicle/IC414,http://irail.be/stations/NMBS/008844008,IC,2017-09-21T17:02:00,2017-09-21T17:00:00,148,154
http://irail.be/vehicle/IC414,http://irail.be/stations/NMBS/008844057,IC,2017-09-21T17:03:00,2017-09-21T17:03:00,148,148
http://irail.be/vehicle/IC414,NO-URI,IC,2017-09-21T17:05:00,2017-09-21T17:05:00,175,175
http://irail.be/vehicle/IC414,http://irail.be/stations/NMBS/008844545,IC,2017-09-21T17:10:00,2017-09-21T17:09:00,280,280
http://irail.be/vehicle/IC414,http://irail.be/stations/NMBS/008844503,IC,2017-09-21T17:16:00,2017-09-21T17:16:00,,280
http://irail.be/vehicle/IC414,http://irail.be/stations/NMBS/008896008,IC,2017-11-21T14:16:00,2017-11-21T14:16:00,534,
http://irail.be/vehicle/IC414,http://irail.be/stations/NMBS/008896115,IC,2017-11-21T14:22:00,2017-11-21T14:21:00,552,552
http://irail.be/vehicle/IC414,http://irail.be/stations/NMBS/008896149,IC,2017-11-21T14:28:00,2017-11-21T14:27:00,611,605
http://irail.be/vehicle/IC414,http://irail.be/stations/NMBS/008892106,IC,2017-11-21T14:38:00,2017-11-21T14:37:00,611,523
http://irail.be/vehicle/IC414,NO-URI,IC,2017-11-21T14:40:00,2017-11-21T14:40:00,611,611
http://irail.be/vehicle/IC414,http://irail.be/stations/NMBS/008892080,IC,2017-11-21T14:45:00,2017-11-21T14:44:00,802,564
http://irail.be/vehicle/IC414,http://irail.be/stations/NMBS/008892007,IC,2017-11-21T14:54:00,2017-11-21T14:51:00,1418,961
http://irail.be/vehicle/IC414,http://irail.be/stations/NMBS/008814001,IC,2017-11-21T15:27:00,2017-11-21T15:24:00,1648,1550
http://irail.be/vehicle/IC414,http://irail.be/stations/NMBS/008813037,IC,2017-11-21T15:29:00,2017-11-21T15:29:00,1830,1830
http://irail.be/vehicle/IC414,http://irail.be/stations/NMBS/008813003,IC,2017-11-21T15:31:00,2017-11-21T15:30:00,1997,1954
http://irail.be/vehicle/IC414,http://irail.be/stations/NMBS/008813045,IC,2017-11-21T15:33:00,2017-11-21T15:33:00,1976,1976
http://irail.be/vehicle/IC414,http://irail.be/stations/NMBS/008812005,IC,2017-11-21T15:38:00,2017-11-21T15:35:00,1998,2014
http://irail.be/vehicle/IC414,http://irail.be/stations/NMBS/008811007,IC,2017-11-21T15:41:00,2017-11-21T15:41:00,1959,1959
http://irail.be/vehicle/IC414,http://irail.be/stations/NMBS/008811130,IC,2017-11-21T15:42:00,2017-11-21T15:42:00,1972,1972
http://irail.be/vehicle/IC414,http://irail.be/stations/NMBS/008811213,IC,2017-11-21T15:43:00,2017-11-21T15:43:00,1958,1958
http://irail.be/vehicle/IC414,http://irail.be/stations/NMBS/008811221,IC,2017-11-21T15:44:00,2017-11-21T15:44:00,1965,1965
http://irail.be/vehicle/IC414,http://irail.be/stations/NMBS/008811247,IC,2017-11-21T15:45:00,2017-11-21T15:45:00,1926,1926
http://irail.be/vehicle/IC414,http://irail.be/stations/NMBS/008811254,IC,2017-11-21T15:46:00,2017-11-21T15:46:00,1836,1836
http://irail.be/vehicle/IC414,http://irail.be/stations/NMBS/008811262,IC,2017-11-21T15:48:00,2017-11-21T15:48:00,1836,1836
http://irail.be/vehicle/IC414,http://irail.be/stations/NMBS/008811270,IC,2017-11-21T15:49:00,2017-11-21T15:49:00,1911,1911
http://irail.be/vehicle/IC414,http://irail.be/stations/NMBS/008811288,IC,2017-11-21T15:50:00,2017-11-21T15:50:00,1922,1922
http://irail.be/vehicle/IC414,http://irail.be/stations/NMBS/008833001,IC,2017-11-21T15:57:00,2017-11-21T15:53:00,1753,1903
http://irail.be/vehicle/IC414,http://irail.be/stations/NMBS/008841202,IC,2017-11-21T16:24:00,2017-11-21T16:24:00,1595,1595
http://irail.be/vehicle/IC414,http://irail.be/stations/NMBS/008841004,IC,2017-11-21T16:34:00,2017-11-21T16:31:00,1521,1541
http://irail.be/vehicle/IC414,http://irail.be/stations/NMBS/008842002,IC,2017-11-21T16:41:00,2017-11-21T16:37:00,1390,1390
http://irail.be/vehicle/IC414,http://irail.be/stations/NMBS/008842036,IC,2017-11-21T16:43:00,2017-11-21T16:43:00,1390,1390
http://irail.be/vehicle/IC414,http://irail.be/stations/NMBS/008844271,IC,2017-11-21T16:47:00,2017-11-21T16:47:00,1360,1360
http://irail.be/vehicle/IC414,NO-URI,IC,2017-11-21T16:48:00,2017-11-21T16:48:00,1371,1371
http://irail.be/vehicle/IC414,http://irail.be/stations/NMBS/008844255,IC,2017-11-21T16:49:00,2017-11-21T16:49:00,1401,1401
http://irail.be/vehicle/IC414,http://irail.be/stations/NMBS/008844230,IC,2017-11-21T16:49:00,2017-11-21T16:49:00,1573,1573
http://irail.be/vehicle/IC414,http://irail.be/stations/NMBS/008844206,IC,2017-11-21T16:54:00,2017-11-21T16:53:00,1573,1573
http://irail.be/vehicle/IC414,http://irail.be/stations/NMBS/008844008,IC,2017-11-21T17:02:00,2017-11-21T17:00:00,1376,1473
http://irail.be/vehicle/IC414,http://irail.be/stations/NMBS/008844057,IC,2017-11-21T17:03:00,2017-11-21T17:03:00,1376,1376
http://irail.be/vehicle/IC414,NO-URI,IC,2017-11-21T17:05:00,2017-11-21T17:05:00,1373,1373
http://irail.be/vehicle/IC414,http://irail.be/stations/NMBS/008844545,IC,2017-11-21T17:10:00,2017-11-21T17:09:00,1402,1402
http://irail.be/vehicle/IC414,http://irail.be/stations/NMBS/008844503,IC,2017-11-21T17:16:00,2017-11-21T17:16:00,,1402
http://irail.be/vehicle/IC414,http://irail.be/stations/NMBS/008896008,IC,2017-12-28T14:16:00,2017-12-28T14:16:00,46,
http://irail.be/vehicle/IC414,http://irail.be/stations/NMBS/008896115,IC,2017-12-28T14:22:00,2017-12-28T14:21:00,59,59
http://irail.be/vehicle/IC414,http://irail.be/stations/NMBS/008896149,IC,2017-12-28T14:28:00,2017-12-28T14:27:00,64,79
http://irail.be/vehicle/IC414,http://irail.be/stations/NMBS/008892106,IC,2017-12-28T14:38:00,2017-12-28T14:37:00,61,-41
http://irail.be/vehicle/IC414,NO-URI,IC,2017-12-28T14:40:00,2017-12-28T14:40:00,61,61
http://irail.be/vehicle/IC414,http://irail.be/stations/NMBS/008892080,IC,2017-12-28T14:44:00,2017-12-28T14:43:00,14,18
http://irail.be/vehicle/IC414,http://irail.be/stations/NMBS/008892007,IC,2017-12-28T14:54:00,2017-12-28T14:52:00,111,31
http://irail.be/vehicle/IC414,http://irail.be/stations/NMBS/008814001,IC,2017-12-28T15:27:00,2017-12-28T15:24:00,54,70
http://irail.be/vehicle/IC414,http://irail.be/stations/NMBS/008813037,IC,2017-12-28T15:29:00,2017-12-28T15:29:00,96,96
http://irail.be/vehicle/IC414,http://irail.be/stations/NMBS/008813003,IC,2017-12-28T15:31:00,2017-12-28T15:30:00,138,101
http://irail.be/vehicle/IC414,http://irail.be/stations/NMBS/008813045,IC,2017-12-28T15:33:00,2017-12-28T15:33:00,119,119
http://irail.be/vehicle/IC414,http://irail.be/stations/NMBS/008812005,IC,2017-12-28T15:37:00,2017-12-28T15:35:00,114,112
http://irail.be/vehicle/IC414,http://irail.be/stations/NMBS/008811007,IC,2017-12-28T15:40:00,2017-12-28T15:40:00,80,80
http://irail.be/vehicle/IC414,http://irail.be/stations/NMBS/008811130,IC,2017-12-28T15:41:00,2017-12-28T15:41:00,105,105
http://irail.be/vehicle/IC414,http://irail.be/stations/NMBS/008811213,IC,2017-12-28T15:42:00,2017-12-28T15:42:00,91,91
http://irail.be/vehicle/IC414,http://irail.be/stations/NMBS/008811221,IC,2017-12-28T15:43:00,2017-12-28T15:43:00,60,60
http://irail.be/vehicle/IC414,http://irail.be/stations/NMBS/008811247,IC,2017-12-28T15:44:00,2017-12-28T15:44:00,57,57
http://irail.be/vehicle/IC414,http://irail.be/stations/NMBS/008811254,IC,2017-12-28T15:45:00,2017-12-28T15:45:00,-33,-33
http://irail.be/vehicle/IC414,http://irail.be/stations/NMBS/008811262,IC,2017-12-28T15:47:00,2017-12-28T15:47:00,-33,-33
http://irail.be/vehicle/IC414,http://irail.be/stations/NMBS/008811270,IC,2017-12-28T15:48:00,2017-12-28T15:48:00,41,41
http://irail.be/vehicle/IC414,http://irail.be/stations/NMBS/008811288,IC,2017-12-28T15:49:00,2017-12-28T15:49:00,52,52
http://irail.be/vehicle/IC414,http://irail.be/stations/NMBS/008833001,IC,2017-12-28T15:56:00,2017-12-28T15:52:00,15,54
http://irail.be/vehicle/IC414,http://irail.be/stations/NMBS/008841202,IC,2017-12-28T16:22:00,2017-12-28T16:22:00,-34,-34
http://irail.be/vehicle/IC414,http://irail.be/stations/NMBS/008841004,IC,2017-12-28T16:36:00,2017-12-28T16:29:00,1,65
http://irail.be/vehicle/IC414,http://irail.be/stations/NMBS/008842002,IC,2017-12-28T16:41:00,2017-12-28T16:39:00,20,20
http://irail.be/vehicle/IC414,http://irail.be/stations/NMBS/008842036,IC,2017-12-28T16:43:00,2017-12-28T16:43:00,20,20
http://irail.be/vehicle/IC414,http://irail.be/stations/NMBS/008844271,IC,2017-12-28T16:47:00,2017-12-28T16:47:00,-7,-7
http://irail.be/vehicle/IC414,NO-URI,IC,2017-12-28T16:48:00,2017-12-28T16:48:00,20,20
http://irail.be/vehicle/IC414,http://irail.be/stations/NMBS/008844255,IC,2017-12-28T16:49:00,2017-12-28T16:49:00,53,53
http://irail.be/vehicle/IC414,http://irail.be/stations/NMBS/008844230,IC,2017-12-28T16:49:00,2017-12-28T16:49:00,127,127
http://irail.be/vehicle/IC414,http://irail.be/stations/NMBS/008844206,IC,2017-12-28T16:54:00,2017-12-28T16:53:00,127,127
http://irail.be/vehicle/IC414,http://irail.be/stations/NMBS/008844008,IC,2017-12-28T17:02:00,2017-12-28T17:00:00,-16,57
http://irail.be/vehicle/IC414,http://irail.be/stations/NMBS/008844057,IC,2017-12-28T17:03:00,2017-12-28T17:03:00,-16,-16
http://irail.be/vehicle/IC414,http://irail.be/stations/NMBS/008844545,IC,2017-12-28T17:09:00,2017-12-28T17:08:00,82,82
http://irail.be/vehicle/IC414,http://irail.be/stations/NMBS/008844503,IC,2017-12-28T17:14:00,2017-12-28T17:14:00,,82
http://irail.be/vehicle/IC414,http://irail.be/stations/NMBS/008896008,IC,2017-03-02T14:16:00,2017-03-02T14:16:00,92,
http://irail.be/vehicle/IC414,http://irail.be/stations/NMBS/008896115,IC,2017-03-02T14:22:00,2017-03-02T14:21:00,143,143
http://irail.be/vehicle/IC414,http://irail.be/stations/NMBS/008896149,IC,2017-03-02T14:28:00,2017-03-02T14:27:00,138,143
http://irail.be/vehicle/IC414,http://irail.be/stations/NMBS/008892106,IC,2017-03-02T14:38:00,2017-03-02T14:37:00,101,44
http://irail.be/vehicle/IC414,NO-URI,IC,2017-03-02T14:40:00,2017-03-02T14:40:00,101,101
http://irail.be/vehicle/IC414,http://irail.be/stations/NMBS/008892080,IC,2017-03-02T14:45:00,2017-03-02T14:44:00,34,18
http://irail.be/vehicle/IC414,http://irail.be/stations/NMBS/008892007,IC,2017-03-02T14:54:00,2017-03-02T14:51:00,38,75
http://irail.be/vehicle/IC414,http://irail.be/stations/NMBS/008814001,IC,2017-03-02T15:27:00,2017-03-02T15:24:00,311,323
http://irail.be/vehicle/IC414,http://irail.be/stations/NMBS/008813037,IC,2017-03-02T15:29:00,2017-03-02T15:29:00,308,308
http://irail.be/vehicle/IC414,http://irail.be/stations/NMBS/008813003,IC,2017-03-02T15:31:00,2017-03-02T15:30:00,331,309
http://irail.be/vehicle/IC414,http://irail.be/stations/NMBS/008813045,IC,2017-03-02T15:33:00,2017-03-02T15:33:00,310,310
http://irail.be/vehicle/IC414,http://irail.be/stations/NMBS/008812005,IC,2017-03-02T15:38:00,2017-03-02T15:35:00,285,296
http://irail.be/vehicle/IC414,http://irail.be/stations/NMBS/008811007,IC,2017-03-02T15:41:00,2017-03-02T15:41:00,253,253
http://irail.be/vehicle/IC414,http://irail.be/stations/NMBS/008811130,IC,2017-03-02T15:42:00,2017-03-02T15:42:00,251,251
http://irail.be/vehicle/IC414,http://irail.be/stations/NMBS/008811213,IC,2017-03-02T15:43:00,2017-03-02T15:43:00,258,258
http://irail.be/vehicle/IC414,http://irail.be/stations/NMBS/008811221,IC,2017-03-02T15:44:00,2017-03-02T15:44:00,268,268
http://irail.be/vehicle/IC414,http://irail.be/stations/NMBS/008811247,IC,2017-03-02T15:45:00,2017-03-02T15:45:00,229,229
http://irail.be/vehicle/IC414,http://irail.be/stations/NMBS/008811254,IC,2017-03-02T15:46:00,2017-03-02T15:46:00,140,140
http://irail.be/vehicle/IC414,http://irail.be/stations/NMBS/008811262,IC,2017-03-02T15:48:00,2017-03-02T15:48:00,140,140
http://irail.be/vehicle/IC414,http://irail.be/stations/NMBS/008811270,IC,2017-03-02T15:49:00,2017-03-02T15:49:00,219,219
http://irail.be/vehicle/IC414,http://irail.be/stations/NMBS/008811288,IC,2017-03-02T15:50:00,2017-03-02T15:50:00,231,231
http://irail.be/vehicle/IC414,http://irail.be/stations/NMBS/008833001,IC,2017-03-02T15:57:00,2017-03-02T15:53:00,159,254
http://irail.be/vehicle/IC414,http://irail.be/stations/NMBS/008841202,IC,2017-03-02T16:24:00,2017-03-02T16:24:00,77,77
http://irail.be/vehicle/IC414,http://irail.be/stations/NMBS/008841004,IC,2017-03-02T16:34:00,2017-03-02T16:31:00,44,37
http://irail.be/vehicle/IC414,http://irail.be/stations/NMBS/008842002,IC,2017-03-02T16:41:00,2017-03-02T16:37:00,61,61
http://irail.be/vehicle/IC414,http://irail.be/stations/NMBS/008842036,IC,2017-03-02T16:43:00,2017-03-02T16:43:00,61,61
http://irail.be/vehicle/IC414,http://irail.be/stations/NMBS/008844271,IC,2017-03-02T16:47:00,2017-03-02T16:47:00,50,50
http://irail.be/vehicle/IC414,NO-URI,IC,2017-03-02T16:48:00,2017-03-02T16:48:00,44,44
http://irail.be/vehicle/IC414,http://irail.be/stations/NMBS/008844255,IC,2017-03-02T16:49:00,2017-03-02T16:49:00,44,44
http://irail.be/vehicle/IC414,http://irail.be/stations/NMBS/008844230,IC,2017-03-02T16:49:00,2017-03-02T16:49:00,347,347
http://irail.be/vehicle/IC414,http://irail.be/stations/NMBS/008844206,IC,2017-03-02T16:54:00,2017-03-02T16:53:00,347,347
http://irail.be/vehicle/IC414,http://irail.be/stations/NMBS/008844008,IC,2017-03-02T17:02:00,2017-03-02T17:00:00,307,394
http://irail.be/vehicle/IC414,http://irail.be/stations/NMBS/008844057,IC,2017-03-02T17:03:00,2017-03-02T17:03:00,307,307
http://irail.be/vehicle/IC414,NO-URI,IC,2017-03-02T17:05:00,2017-03-02T17:05:00,345,345
http://irail.be/vehicle/IC414,http://irail.be/stations/NMBS/008844545,IC,2017-03-02T17:10:00,2017-03-02T17:09:00,369,369
http://irail.be/vehicle/IC414,http://irail.be/stations/NMBS/008844503,IC,2017-03-02T17:16:00,2017-03-02T17:16:00,,369
http://irail.be/vehicle/IC414,http://irail.be/stations/NMBS/008896008,IC,2017-12-20T14:16:00,2017-12-20T14:16:00,58,
http://irail.be/vehicle/IC414,http://irail.be/stations/NMBS/008896115,IC,2017-12-20T14:22:00,2017-12-20T14:21:00,62,62
http://irail.be/vehicle/IC414,http://irail.be/stations/NMBS/008896149,IC,2017-12-20T14:28:00,2017-12-20T14:27:00,70,72
http://irail.be/vehicle/IC414,http://irail.be/stations/NMBS/008892106,IC,2017-12-20T14:38:00,2017-12-20T14:37:00,49,7
http://irail.be/vehicle/IC414,NO-URI,IC,2017-12-20T14:40:00,2017-12-20T14:40:00,49,49
http://irail.be/vehicle/IC414,http://irail.be/stations/NMBS/008892080,IC,2017-12-20T14:44:00,2017-12-20T14:43:00,26,11
http://irail.be/vehicle/IC414,http://irail.be/stations/NMBS/008892007,IC,2017-12-20T14:54:00,2017-12-20T14:52:00,140,83
http://irail.be/vehicle/IC414,http://irail.be/stations/NMBS/008814001,IC,2017-12-20T15:27:00,2017-12-20T15:24:00,10,92
http://irail.be/vehicle/IC414,http://irail.be/stations/NMBS/008813037,IC,2017-12-20T15:29:00,2017-12-20T15:29:00,46,46
http://irail.be/vehicle/IC414,http://irail.be/stations/NMBS/008813003,IC,2017-12-20T15:31:00,2017-12-20T15:30:00,90,48
http://irail.be/vehicle/IC414,http://irail.be/stations/NMBS/008813045,IC,2017-12-20T15:33:00,2017-12-20T15:33:00,71,71
http://irail.be/vehicle/IC414,http://irail.be/stations/NMBS/008812005,IC,2017-12-20T15:37:00,2017-12-20T15:35:00,74,62
http://irail.be/vehicle/IC414,http://irail.be/stations/NMBS/008811007,IC,2017-12-20T15:40:00,2017-12-20T15:40:00,52,52
http://irail.be/vehicle/IC414,http://irail.be/stations/NMBS/008811130,IC,2017-12-20T15:41:00,2017-12-20T15:41:00,87,87
http://irail.be/vehicle/IC414,http://irail.be/stations/NMBS/008811213,IC,2017-12-20T15:42:00,2017-12-20T15:42:00,77,77
http://irail.be/vehicle/IC414,http://irail.be/stations/NMBS/008811221,IC,2017-12-20T15:43:00,2017-12-20T15:43:00,47,47
http://irail.be/vehicle/IC414,http://irail.be/stations/NMBS/008811247,IC,2017-12-20T15:44:00,2017-12-20T15:44:00,45,45
http://irail.be/vehicle/IC414,http://irail.be/stations/NMBS/008811254,IC,2017-12-20T15:45:00,2017-12-20T15:45:00,-43,-43
http://irail.be/vehicle/IC414,http://irail.be/stations/NMBS/008811262,IC,2017-12-20T15:47:00,2017-12-20T15:47:00,-43,-43
http://irail.be/vehicle/IC414,http://irail.be/stations/NMBS/008811270,IC,2017-12-20T15:48:00,2017-12-20T15:48:00,32,32
http://irail.be/vehicle/IC414,http://irail.be/stations/NMBS/008811288,IC,2017-12-20T15:49:00,2017-12-20T15:49:00,42,42
http://irail.be/vehicle/IC414,http://irail.be/stations/NMBS/008833001,IC,2017-12-20T15:56:00,2017-12-20T15:52:00,21,26
http://irail.be/vehicle/IC414,http://irail.be/stations/NMBS/008841202,IC,2017-12-20T16:22:00,2017-12-20T16:22:00,-9,-9
http://irail.be/vehicle/IC414,http://irail.be/stations/NMBS/008841004,IC,2017-12-20T16:36:00,2017-12-20T16:29:00,36,80
http://irail.be/vehicle/IC414,http://irail.be/stations/NMBS/008842002,IC,2017-12-20T16:41:00,2017-12-20T16:39:00,352,352
http://irail.be/vehicle/IC414,http://irail.be/stations/NMBS/008842036,IC,2017-12-20T16:43:00,2017-12-20T16:43:00,352,352
http://irail.be/vehicle/IC414,http://irail.be/stations/NMBS/008844271,IC,2017-12-20T16:47:00,2017-12-20T16:47:00,329,329
http://irail.be/vehicle/IC414,NO-URI,IC,2017-12-20T16:48:00,2017-12-20T16:48:00,355,355
http://irail.be/vehicle/IC414,http://irail.be/stations/NMBS/008844255,IC,2017-12-20T16:49:00,2017-12-20T16:49:00,385,385
http://irail.be/vehicle/IC414,http://irail.be/stations/NMBS/008844230,IC,2017-12-20T16:49:00,2017-12-20T16:49:00,475,475
http://irail.be/vehicle/IC414,http://irail.be/stations/NMBS/008844206,IC,2017-12-20T16:54:00,2017-12-20T16:53:00,475,475
http://irail.be/vehicle/IC414,http://irail.be/stations/NMBS/008844008,IC,2017-12-20T17:02:00,2017-12-20T17:00:00,424,424
http://irail.be/vehicle/IC414,http://irail.be/stations/NMBS/008844057,IC,2017-12-20T17:03:00,2017-12-20T17:03:00,303,303
http://irail.be/vehicle/IC414,http://irail.be/stations/NMBS/008844545,IC,2017-12-20T17:09:00,2017-12-20T17:08:00,441,441
http://irail.be/vehicle/IC414,http://irail.be/stations/NMBS/008844503,IC,2017-12-20T17:14:00,2017-12-20T17:14:00,,441
http://irail.be/vehicle/IC414,http://irail.be/stations/NMBS/008896008,IC,2017-06-14T14:16:00,2017-06-14T14:16:00,38,
http://irail.be/vehicle/IC414,http://irail.be/stations/NMBS/008896115,IC,2017-06-14T14:22:00,2017-06-14T14:21:00,45,45
http://irail.be/vehicle/IC414,http://irail.be/stations/NMBS/008896149,IC,2017-06-14T14:28:00,2017-06-14T14:27:00,81,67
http://irail.be/vehicle/IC414,http://irail.be/stations/NMBS/008892106,IC,2017-06-14T14:38:00,2017-06-14T14:37:00,47,-8
http://irail.be/vehicle/IC414,NO-URI,IC,2017-06-14T14:40:00,2017-06-14T14:40:00,47,47
http://irail.be/vehicle/IC414,http://irail.be/stations/NMBS/008892080,IC,2017-06-14T14:45:00,2017-06-14T14:44:00,34,-1
http://irail.be/vehicle/IC414,http://irail.be/stations/NMBS/008892007,IC,2017-06-14T14:54:00,2017-06-14T14:51:00,42,100
http://irail.be/vehicle/IC414,http://irail.be/stations/NMBS/008814001,IC,2017-06-14T15:27:00,2017-06-14T15:24:00,140,183
http://irail.be/vehicle/IC414,http://irail.be/stations/NMBS/008813037,IC,2017-06-14T15:29:00,2017-06-14T15:29:00,163,163
http://irail.be/vehicle/IC414,http://irail.be/stations/NMBS/008813003,IC,2017-06-14T15:31:00,2017-06-14T15:30:00,236,212
http://irail.be/vehicle/IC414,http://irail.be/stations/NMBS/008813045,IC,2017-06-14T15:33:00,2017-06-14T15:33:00,239,239
http://irail.be/vehicle/IC414,http://irail.be/stations/NMBS/008812005,IC,2017-06-14T15:38:00,2017-06-14T15:35:00,187,236
http://irail.be/vehicle/IC414,http://irail.be/stations/NMBS/008811007,IC,2017-06-14T15:41:00,2017-06-14T15:41:00,182,182
http://irail.be/vehicle/IC414,http://irail.be/stations/NMBS/008811130,IC,2017-06-14T15:42:00,2017-06-14T15:42:00,207,207
http://irail.be/vehicle/IC414,http://irail.be/stations/NMBS/008811213,IC,2017-06-14T15:43:00,2017-06-14T15:43:00,191,191
http://irail.be/vehicle/IC414,http://irail.be/stations/NMBS/008811221,IC,2017-06-14T15:44:00,2017-06-14T15:44:00,203,203
http://irail.be/vehicle/IC414,http://irail.be/stations/NMBS/008811247,IC,2017-06-14T15:45:00,2017-06-14T15:45:00,168,168
http://irail.be/vehicle/IC414,http://irail.be/stations/NMBS/008811254,IC,2017-06-14T15:46:00,2017-06-14T15:46:00,79,79
http://irail.be/vehicle/IC414,http://irail.be/stations/NMBS/008811262,IC,2017-06-14T15:48:00,2017-06-14T15:48:00,79,79
http://irail.be/vehicle/IC414,http://irail.be/stations/NMBS/008811270,IC,2017-06-14T15:49:00,2017-06-14T15:49:00,160,160
http://irail.be/vehicle/IC414,http://irail.be/stations/NMBS/008811288,IC,2017-06-14T15:50:00,2017-06-14T15:50:00,171,171
http://irail.be/vehicle/IC414,http://irail.be/stations/NMBS/008833001,IC,2017-06-14T15:57:00,2017-06-14T15:53:00,68,172
http://irail.be/vehicle/IC414,http://irail.be/stations/NMBS/008841202,IC,2017-06-14T16:24:00,2017-06-14T16:24:00,12,12
http://irail.be/vehicle/IC414,http://irail.be/stations/NMBS/008841004,IC,2017-06-14T16:34:00,2017-06-14T16:31:00,100,171
http://irail.be/vehicle/IC414,http://irail.be/stations/NMBS/008842002,IC,2017-06-14T16:41:00,2017-06-14T16:37:00,236,236
http://irail.be/vehicle/IC414,http://irail.be/stations/NMBS/008842036,IC,2017-06-14T16:43:00,2017-06-14T16:43:00,236,236
http://irail.be/vehicle/IC414,http://irail.be/stations/NMBS/008844271,IC,2017-06-14T16:47:00,2017-06-14T16:47:00,321,321
http://irail.be/vehicle/IC414,NO-URI,IC,2017-06-14T16:48:00,2017-06-14T16:48:00,485,485
http://irail.be/vehicle/IC414,http://irail.be/stations/NMBS/008844255,IC,2017-06-14T16:49:00,2017-06-14T16:49:00,487,487
http://irail.be/vehicle/IC414,http://irail.be/stations/NMBS/008844230,IC,2017-06-14T16:49:00,2017-06-14T16:49:00,522,522
http://irail.be/vehicle/IC414,http://irail.be/stations/NMBS/008844206,IC,2017-06-14T16:54:00,2017-06-14T16:53:00,522,522
http://irail.be/vehicle/IC414,http://irail.be/stations/NMBS/008844008,IC,2017-06-14T17:02:00,2017-06-14T17:00:00,535,605
http://irail.be/vehicle/IC414,http://irail.be/stations/NMBS/008844057,IC,2017-06-14T17:03:00,2017-06-14T17:03:00,535,535
http://irail.be/vehicle/IC414,NO-URI,IC,2017-06-14T17:05:00,2017-06-14T17:05:00,595,595
http://irail.be/vehicle/IC414,http://irail.be/stations/NMBS/008844545,IC,2017-06-14T17:10:00,2017-06-14T17:09:00,562,562
http://irail.be/vehicle/IC414,http://irail.be/stations/NMBS/008844503,IC,2017-06-14T17:16:00,2017-06-14T17:16:00,,562
http://irail.be/vehicle/IC414,http://irail.be/stations/NMBS/008896008,IC,2017-08-18T14:16:00,2017-08-18T14:16:00,42,
http://irail.be/vehicle/IC414,http://irail.be/stations/NMBS/008896115,IC,2017-08-18T14:22:00,2017-08-18T14:21:00,86,86
http://irail.be/vehicle/IC414,http://irail.be/stations/NMBS/008896149,IC,2017-08-18T14:28:00,2017-08-18T14:27:00,140,141
http://irail.be/vehicle/IC414,http://irail.be/stations/NMBS/008892106,IC,2017-08-18T14:38:00,2017-08-18T14:37:00,126,76
http://irail.be/vehicle/IC414,NO-URI,IC,2017-08-18T14:40:00,2017-08-18T14:40:00,126,126
http://irail.be/vehicle/IC414,http://irail.be/stations/NMBS/008892080,IC,2017-08-18T14:45:00,2017-08-18T14:44:00,74,69
http://irail.be/vehicle/IC414,http://irail.be/stations/NMBS/008892007,IC,2017-08-18T14:54:00,2017-08-18T14:51:00,112,158
http://irail.be/vehicle/IC414,http://irail.be/stations/NMBS/008814001,IC,2017-08-18T15:27:00,2017-08-18T15:24:00,192,219
http://irail.be/vehicle/IC414,http://irail.be/stations/NMBS/008813037,IC,2017-08-18T15:29:00,2017-08-18T15:29:00,207,207
http://irail.be/vehicle/IC414,http://irail.be/stations/NMBS/008813003,IC,2017-08-18T15:31:00,2017-08-18T15:30:00,249,212
http://irail.be/vehicle/IC414,http://irail.be/stations/NMBS/008813045,IC,2017-08-18T15:33:00,2017-08-18T15:33:00,228,228
http://irail.be/vehicle/IC414,http://irail.be/stations/NMBS/008812005,IC,2017-08-18T15:38:00,2017-08-18T15:35:00,151,222
http://irail.be/vehicle/IC414,http://irail.be/stations/NMBS/008811007,IC,2017-08-18T15:41:00,2017-08-18T15:41:00,119,119
http://irail.be/vehicle/IC414,http://irail.be/stations/NMBS/008811130,IC,2017-08-18T15:42:00,2017-08-18T15:42:00,138,138
http://irail.be/vehicle/IC414,http://irail.be/stations/NMBS/008811213,IC,2017-08-18T15:43:00,2017-08-18T15:43:00,125,125
http://irail.be/vehicle/IC414,http://irail.be/stations/NMBS/008811221,IC,2017-08-18T15:44:00,2017-08-18T15:44:00,134,134
http://irail.be/vehicle/IC414,http://irail.be/stations/NMBS/008811247,IC,2017-08-18T15:45:00,2017-08-18T15:45:00,93,93
http://irail.be/vehicle/IC414,http://irail.be/stations/NMBS/008811254,IC,2017-08-18T15:46:00,2017-08-18T15:46:00,3,3
http://irail.be/vehicle/IC414,http://irail.be/stations/NMBS/008811262,IC,2017-08-18T15:48:00,2017-08-18T15:48:00,3,3
http://irail.be/vehicle/IC414,http://irail.be/stations/NMBS/008811270,IC,2017-08-18T15:49:00,2017-08-18T15:49:00,80,80
http://irail.be/vehicle/IC414,http://irail.be/stations/NMBS/008811288,IC,2017-08-18T15:50:00,2017-08-18T15:50:00,90,90
http://irail.be/vehicle/IC414,http://irail.be/stations/NMBS/008833001,IC,2017-08-18T15:57:00,2017-08-18T15:53:00,76,98
http://irail.be/vehicle/IC414,http://irail.be/stations/NMBS/008841202,IC,2017-08-18T16:24:00,2017-08-18T16:24:00,-30,-30
http://irail.be/vehicle/IC414,http://irail.be/stations/NMBS/008841004,IC,2017-08-18T16:34:00,2017-08-18T16:31:00,70,123
http://irail.be/vehicle/IC414,http://irail.be/stations/NMBS/008842002,IC,2017-08-18T16:41:00,2017-08-18T16:37:00,86,86
http://irail.be/vehicle/IC414,http://irail.be/stations/NMBS/008842036,IC,2017-08-18T16:43:00,2017-08-18T16:43:00,86,86
http://irail.be/vehicle/IC414,http://irail.be/stations/NMBS/008844271,IC,2017-08-18T16:47:00,2017-08-18T16:47:00,58,58
http://irail.be/vehicle/IC414,NO-URI,IC,2017-08-18T16:48:00,2017-08-18T16:48:00,41,41
http://irail.be/vehicle/IC414,http://irail.be/stations/NMBS/008844255,IC,2017-08-18T16:49:00,2017-08-18T16:49:00,40,40
http://irail.be/vehicle/IC414,http://irail.be/stations/NMBS/008844230,IC,2017-08-18T16:49:00,2017-08-18T16:49:00,79,79
http://irail.be/vehicle/IC414,http://irail.be/stations/NMBS/008844206,IC,2017-08-18T16:54:00,2017-08-18T16:53:00,79,79
http://irail.be/vehicle/IC414,http://irail.be/stations/NMBS/008844008,IC,2017-08-18T17:02:00,2017-08-18T17:00:00,18,-20
http://irail.be/vehicle/IC414,http://irail.be/stations/NMBS/008844057,IC,2017-08-18T17:03:00,2017-08-18T17:03:00,18,18
http://irail.be/vehicle/IC414,NO-URI,IC,2017-08-18T17:05:00,2017-08-18T17:05:00,20,20
http://irail.be/vehicle/IC414,http://irail.be/stations/NMBS/008844545,IC,2017-08-18T17:10:00,2017-08-18T17:09:00,30,30
http://irail.be/vehicle/IC414,http://irail.be/stations/NMBS/008844503,IC,2017-08-18T17:16:00,2017-08-18T17:16:00,,30
http://irail.be/vehicle/IC414,http://irail.be/stations/NMBS/008896008,IC,2017-11-06T14:16:00,2017-11-06T14:16:00,60,
http://irail.be/vehicle/IC414,http://irail.be/stations/NMBS/008896115,IC,2017-11-06T14:22:00,2017-11-06T14:21:00,55,55
http://irail.be/vehicle/IC414,http://irail.be/stations/NMBS/008896149,IC,2017-11-06T14:28:00,2017-11-06T14:27:00,97,82
http://irail.be/vehicle/IC414,http://irail.be/stations/NMBS/008892106,IC,2017-11-06T14:38:00,2017-11-06T14:37:00,75,14
http://irail.be/vehicle/IC414,NO-URI,IC,2017-11-06T14:40:00,2017-11-06T14:40:00,75,75
http://irail.be/vehicle/IC414,http://irail.be/stations/NMBS/008892080,IC,2017-11-06T14:45:00,2017-11-06T14:44:00,48,-10
http://irail.be/vehicle/IC414,http://irail.be/stations/NMBS/008892007,IC,2017-11-06T14:54:00,2017-11-06T14:51:00,26,80
http://irail.be/vehicle/IC414,http://irail.be/stations/NMBS/008814001,IC,2017-11-06T15:27:00,2017-11-06T15:24:00,143,102
http://irail.be/vehicle/IC414,http://irail.be/stations/NMBS/008813037,IC,2017-11-06T15:29:00,2017-11-06T15:29:00,176,176
http://irail.be/vehicle/IC414,http://irail.be/stations/NMBS/008813003,IC,2017-11-06T15:31:00,2017-11-06T15:30:00,245,197
http://irail.be/vehicle/IC414,http://irail.be/stations/NMBS/008813045,IC,2017-11-06T15:33:00,2017-11-06T15:33:00,238,238
http://irail.be/vehicle/IC414,http://irail.be/stations/NMBS/008812005,IC,2017-11-06T15:38:00,2017-11-06T15:35:00,352,340
http://irail.be/vehicle/IC414,http://irail.be/stations/NMBS/008811007,IC,2017-11-06T15:41:00,2017-11-06T15:41:00,329,329
http://irail.be/vehicle/IC414,http://irail.be/stations/NMBS/008811130,IC,2017-11-06T15:42:00,2017-11-06T15:42:00,356,356
http://irail.be/vehicle/IC414,http://irail.be/stations/NMBS/008811213,IC,2017-11-06T15:43:00,2017-11-06T15:43:00,344,344
http://irail.be/vehicle/IC414,http://irail.be/stations/NMBS/008811221,IC,2017-11-06T15:44:00,2017-11-06T15:44:00,352,352
http://irail.be/vehicle/IC414,http://irail.be/stations/NMBS/008811247,IC,2017-11-06T15:45:00,2017-11-06T15:45:00,313,313
http://irail.be/vehicle/IC414,http://irail.be/stations/NMBS/008811254,IC,2017-11-06T15:46:00,2017-11-06T15:46:00,223,223
http://irail.be/vehicle/IC414,http://irail.be/stations/NMBS/008811262,IC,2017-11-06T15:48:00,2017-11-06T15:48:00,223,223
http://irail.be/vehicle/IC414,http://irail.be/stations/NMBS/008811270,IC,2017-11-06T15:49:00,2017-11-06T15:49:00,303,303
http://irail.be/vehicle/IC414,http://irail.be/stations/NMBS/008811288,IC,2017-11-06T15:50:00,2017-11-06T15:50:00,317,317
http://irail.be/vehicle/IC414,http://irail.be/stations/NMBS/008833001,IC,2017-11-06T15:57:00,2017-11-06T15:53:00,281,319
http://irail.be/vehicle/IC414,http://irail.be/stations/NMBS/008841202,IC,2017-11-06T16:24:00,2017-11-06T16:24:00,232,232
http://irail.be/vehicle/IC414,http://irail.be/stations/NMBS/008841004,IC,2017-11-06T16:34:00,2017-11-06T16:31:00,203,246
http://irail.be/vehicle/IC414,http://irail.be/stations/NMBS/008842002,IC,2017-11-06T16:41:00,2017-11-06T16:37:00,127,127
http://irail.be/vehicle/IC414,http://irail.be/stations/NMBS/008842036,IC,2017-11-06T16:43:00,2017-11-06T16:43:00,127,127
http://irail.be/vehicle/IC414,http://irail.be/stations/NMBS/008844271,IC,2017-11-06T16:47:00,2017-11-06T16:47:00,98,98
http://irail.be/vehicle/IC414,NO-URI,IC,2017-11-06T16:48:00,2017-11-06T16:48:00,109,109
http://irail.be/vehicle/IC414,http://irail.be/stations/NMBS/008844255,IC,2017-11-06T16:49:00,2017-11-06T16:49:00,109,109
http://irail.be/vehicle/IC414,http://irail.be/stations/NMBS/008844230,IC,2017-11-06T16:49:00,2017-11-06T16:49:00,174,174
http://irail.be/vehicle/IC414,http://irail.be/stations/NMBS/008844206,IC,2017-11-06T16:54:00,2017-11-06T16:53:00,174,174
http://irail.be/vehicle/IC414,http://irail.be/stations/NMBS/008844008,IC,2017-11-06T17:02:00,2017-11-06T17:00:00,3,98
http://irail.be/vehicle/IC414,http://irail.be/stations/NMBS/008844057,IC,2017-11-06T17:03:00,2017-11-06T17:03:00,3,3
http://irail.be/vehicle/IC414,NO-URI,IC,2017-11-06T17:05:00,2017-11-06T17:05:00,0,0
http://irail.be/vehicle/IC414,http://irail.be/stations/NMBS/008844545,IC,2017-11-06T17:10:00,2017-11-06T17:09:00,20,20
http://irail.be/vehicle/IC414,http://irail.be/stations/NMBS/008844503,IC,2017-11-06T17:16:00,2017-11-06T17:16:00,,20
http://irail.be/vehicle/IC414,http://irail.be/stations/NMBS/008896008,IC,2017-07-24T14:16:00,2017-07-24T14:16:00,386,
http://irail.be/vehicle/IC414,http://irail.be/stations/NMBS/008896115,IC,2017-07-24T14:22:00,2017-07-24T14:21:00,564,564
http://irail.be/vehicle/IC414,http://irail.be/stations/NMBS/008896149,IC,2017-07-24T14:28:00,2017-07-24T14:27:00,584,571
http://irail.be/vehicle/IC414,http://irail.be/stations/NMBS/008892106,IC,2017-07-24T14:38:00,2017-07-24T14:37:00,550,480
http://irail.be/vehicle/IC414,NO-URI,IC,2017-07-24T14:40:00,2017-07-24T14:40:00,550,550
http://irail.be/vehicle/IC414,http://irail.be/stations/NMBS/008892080,IC,2017-07-24T14:45:00,2017-07-24T14:44:00,486,475
http://irail.be/vehicle/IC414,http://irail.be/stations/NMBS/008892007,IC,2017-07-24T14:54:00,2017-07-24T14:51:00,508,495
http://irail.be/vehicle/IC414,http://irail.be/stations/NMBS/008814001,IC,2017-07-24T15:27:00,2017-07-24T15:24:00,433,372
http://irail.be/vehicle/IC414,http://irail.be/stations/NMBS/008813037,IC,2017-07-24T15:29:00,2017-07-24T15:29:00,442,442
http://irail.be/vehicle/IC414,http://irail.be/stations/NMBS/008813003,IC,2017-07-24T15:31:00,2017-07-24T15:30:00,447,446
http://irail.be/vehicle/IC414,http://irail.be/stations/NMBS/008813045,IC,2017-07-24T15:33:00,2017-07-24T15:33:00,427,427
http://irail.be/vehicle/IC414,http://irail.be/stations/NMBS/008812005,IC,2017-07-24T15:38:00,2017-07-24T15:35:00,364,418
http://irail.be/vehicle/IC414,http://irail.be/stations/NMBS/008811007,IC,2017-07-24T15:41:00,2017-07-24T15:41:00,368,368
http://irail.be/vehicle/IC414,http://irail.be/stations/NMBS/008811130,IC,2017-07-24T15:42:00,2017-07-24T15:42:00,479,479
http://irail.be/vehicle/IC414,http://irail.be/stations/NMBS/008811213,IC,2017-07-24T15:43:00,2017-07-24T15:43:00,469,469
http://irail.be/vehicle/IC414,http://irail.be/stations/NMBS/008811221,IC,2017-07-24T15:44:00,2017-07-24T15:44:00,476,476
http://irail.be/vehicle/IC414,http://irail.be/stations/NMBS/008811247,IC,2017-07-24T15:45:00,2017-07-24T15:45:00,435,435
http://irail.be/vehicle/IC414,http://irail.be/stations/NMBS/008811254,IC,2017-07-24T15:46:00,2017-07-24T15:46:00,345,345
http://irail.be/vehicle/IC414,http://irail.be/stations/NMBS/008811262,IC,2017-07-24T15:48:00,2017-07-24T15:48:00,345,345
http://irail.be/vehicle/IC414,http://irail.be/stations/NMBS/008811270,IC,2017-07-24T15:49:00,2017-07-24T15:49:00,419,419
http://irail.be/vehicle/IC414,http://irail.be/stations/NMBS/008811288,IC,2017-07-24T15:50:00,2017-07-24T15:50:00,429,429
http://irail.be/vehicle/IC414,http://irail.be/stations/NMBS/008833001,IC,2017-07-24T15:57:00,2017-07-24T15:53:00,316,424
http://irail.be/vehicle/IC414,http://irail.be/stations/NMBS/008841202,IC,2017-07-24T16:24:00,2017-07-24T16:24:00,156,156
http://irail.be/vehicle/IC414,http://irail.be/stations/NMBS/008841004,IC,2017-07-24T16:34:00,2017-07-24T16:31:00,52,105
http://irail.be/vehicle/IC414,http://irail.be/stations/NMBS/008842002,IC,2017-07-24T16:41:00,2017-07-24T16:37:00,33,33
http://irail.be/vehicle/IC414,http://irail.be/stations/NMBS/008842036,IC,2017-07-24T16:43:00,2017-07-24T16:43:00,33,33
http://irail.be/vehicle/IC414,http://irail.be/stations/NMBS/008844271,IC,2017-07-24T16:47:00,2017-07-24T16:47:00,21,21
http://irail.be/vehicle/IC414,NO-URI,IC,2017-07-24T16:48:00,2017-07-24T16:48:00,8,8
http://irail.be/vehicle/IC414,http://irail.be/stations/NMBS/008844255,IC,2017-07-24T16:49:00,2017-07-24T16:49:00,5,5
http://irail.be/vehicle/IC414,http://irail.be/stations/NMBS/008844230,IC,2017-07-24T16:49:00,2017-07-24T16:49:00,41,41
http://irail.be/vehicle/IC414,http://irail.be/stations/NMBS/008844206,IC,2017-07-24T16:54:00,2017-07-24T16:53:00,41,41
http://irail.be/vehicle/IC414,http://irail.be/stations/NMBS/008844008,IC,2017-07-24T17:02:00,2017-07-24T17:00:00,-7,-40
http://irail.be/vehicle/IC414,http://irail.be/stations/NMBS/008844057,IC,2017-07-24T17:03:00,2017-07-24T17:03:00,-7,-7
http://irail.be/vehicle/IC414,NO-URI,IC,2017-07-24T17:05:00,2017-07-24T17:05:00,22,22
http://irail.be/vehicle/IC414,http://irail.be/stations/NMBS/008844545,IC,2017-07-24T17:10:00,2017-07-24T17:09:00,114,114
http://irail.be/vehicle/IC414,http://irail.be/stations/NMBS/008844503,IC,2017-07-24T17:16:00,2017-07-24T17:16:00,,114
http://irail.be/vehicle/IC414,http://irail.be/stations/NMBS/008896008,IC,2017-07-27T14:16:00,2017-07-27T14:16:00,61,
http://irail.be/vehicle/IC414,http://irail.be/stations/NMBS/008896115,IC,2017-07-27T14:22:00,2017-07-27T14:21:00,89,89
http://irail.be/vehicle/IC414,http://irail.be/stations/NMBS/008896149,IC,2017-07-27T14:28:00,2017-07-27T14:27:00,156,138
http://irail.be/vehicle/IC414,http://irail.be/stations/NMBS/008892106,IC,2017-07-27T14:38:00,2017-07-27T14:37:00,151,80
http://irail.be/vehicle/IC414,NO-URI,IC,2017-07-27T14:40:00,2017-07-27T14:40:00,151,151
http://irail.be/vehicle/IC414,http://irail.be/stations/NMBS/008892080,IC,2017-07-27T14:45:00,2017-07-27T14:44:00,99,89
http://irail.be/vehicle/IC414,http://irail.be/stations/NMBS/008892007,IC,2017-07-27T14:54:00,2017-07-27T14:51:00,138,188
http://irail.be/vehicle/IC414,http://irail.be/stations/NMBS/008814001,IC,2017-07-27T15:27:00,2017-07-27T15:24:00,181,174
http://irail.be/vehicle/IC414,http://irail.be/stations/NMBS/008813037,IC,2017-07-27T15:29:00,2017-07-27T15:29:00,193,193
http://irail.be/vehicle/IC414,http://irail.be/stations/NMBS/008813003,IC,2017-07-27T15:31:00,2017-07-27T15:30:00,227,197
http://irail.be/vehicle/IC414,http://irail.be/stations/NMBS/008813045,IC,2017-07-27T15:33:00,2017-07-27T15:33:00,209,209
http://irail.be/vehicle/IC414,http://irail.be/stations/NMBS/008812005,IC,2017-07-27T15:38:00,2017-07-27T15:35:00,129,200
http://irail.be/vehicle/IC414,http://irail.be/stations/NMBS/008811007,IC,2017-07-27T15:41:00,2017-07-27T15:41:00,98,98
http://irail.be/vehicle/IC414,http://irail.be/stations/NMBS/008811130,IC,2017-07-27T15:42:00,2017-07-27T15:42:00,112,112
http://irail.be/vehicle/IC414,http://irail.be/stations/NMBS/008811213,IC,2017-07-27T15:43:00,2017-07-27T15:43:00,99,99
http://irail.be/vehicle/IC414,http://irail.be/stations/NMBS/008811221,IC,2017-07-27T15:44:00,2017-07-27T15:44:00,106,106
http://irail.be/vehicle/IC414,http://irail.be/stations/NMBS/008811247,IC,2017-07-27T15:45:00,2017-07-27T15:45:00,65,65
http://irail.be/vehicle/IC414,http://irail.be/stations/NMBS/008811254,IC,2017-07-27T15:46:00,2017-07-27T15:46:00,-25,-25
http://irail.be/vehicle/IC414,http://irail.be/stations/NMBS/008811262,IC,2017-07-27T15:48:00,2017-07-27T15:48:00,-25,-25
http://irail.be/vehicle/IC414,http://irail.be/stations/NMBS/008811270,IC,2017-07-27T15:49:00,2017-07-27T15:49:00,49,49
http://irail.be/vehicle/IC414,http://irail.be/stations/NMBS/008811288,IC,2017-07-27T15:50:00,2017-07-27T15:50:00,59,59
http://irail.be/vehicle/IC414,http://irail.be/stations/NMBS/008833001,IC,2017-07-27T15:57:00,2017-07-27T15:53:00,18,38
http://irail.be/vehicle/IC414,http://irail.be/stations/NMBS/008841202,IC,2017-07-27T16:24:00,2017-07-27T16:24:00,-126,-126
http://irail.be/vehicle/IC414,http://irail.be/stations/NMBS/008841004,IC,2017-07-27T16:34:00,2017-07-27T16:31:00,8,-50
http://irail.be/vehicle/IC414,http://irail.be/stations/NMBS/008842002,IC,2017-07-27T16:41:00,2017-07-27T16:37:00,42,42
http://irail.be/vehicle/IC414,http://irail.be/stations/NMBS/008842036,IC,2017-07-27T16:43:00,2017-07-27T16:43:00,42,42
http://irail.be/vehicle/IC414,http://irail.be/stations/NMBS/008844271,IC,2017-07-27T16:47:00,2017-07-27T16:47:00,21,21
http://irail.be/vehicle/IC414,NO-URI,IC,2017-07-27T16:48:00,2017-07-27T16:48:00,8,8
http://irail.be/vehicle/IC414,http://irail.be/stations/NMBS/008844255,IC,2017-07-27T16:49:00,2017-07-27T16:49:00,5,5
http://irail.be/vehicle/IC414,http://irail.be/stations/NMBS/008844230,IC,2017-07-27T16:49:00,2017-07-27T16:49:00,30,30
http://irail.be/vehicle/IC414,http://irail.be/stations/NMBS/008844206,IC,2017-07-27T16:54:00,2017-07-27T16:53:00,30,30
http://irail.be/vehicle/IC414,http://irail.be/stations/NMBS/008844008,IC,2017-07-27T17:02:00,2017-07-27T17:00:00,-7,-54
http://irail.be/vehicle/IC414,http://irail.be/stations/NMBS/008844057,IC,2017-07-27T17:03:00,2017-07-27T17:03:00,-7,-7
http://irail.be/vehicle/IC414,NO-URI,IC,2017-07-27T17:05:00,2017-07-27T17:05:00,-7,-7
http://irail.be/vehicle/IC414,http://irail.be/stations/NMBS/008844545,IC,2017-07-27T17:10:00,2017-07-27T17:09:00,-65,-65
http://irail.be/vehicle/IC414,http://irail.be/stations/NMBS/008844503,IC,2017-07-27T17:16:00,2017-07-27T17:16:00,,-65
http://irail.be/vehicle/IC414,http://irail.be/stations/NMBS/008896008,IC,2017-10-27T14:16:00,2017-10-27T14:16:00,90,
http://irail.be/vehicle/IC414,http://irail.be/stations/NMBS/008896115,IC,2017-10-27T14:22:00,2017-10-27T14:21:00,114,114
http://irail.be/vehicle/IC414,http://irail.be/stations/NMBS/008896149,IC,2017-10-27T14:28:00,2017-10-27T14:27:00,207,126
http://irail.be/vehicle/IC414,http://irail.be/stations/NMBS/008892106,IC,2017-10-27T14:38:00,2017-10-27T14:37:00,236,128
http://irail.be/vehicle/IC414,NO-URI,IC,2017-10-27T14:40:00,2017-10-27T14:40:00,236,236
http://irail.be/vehicle/IC414,http://irail.be/stations/NMBS/008892080,IC,2017-10-27T14:45:00,2017-10-27T14:44:00,167,156
http://irail.be/vehicle/IC414,http://irail.be/stations/NMBS/008892007,IC,2017-10-27T14:54:00,2017-10-27T14:51:00,222,235
http://irail.be/vehicle/IC414,http://irail.be/stations/NMBS/008814001,IC,2017-10-27T15:27:00,2017-10-27T15:24:00,290,318
http://irail.be/vehicle/IC414,http://irail.be/stations/NMBS/008813037,IC,2017-10-27T15:29:00,2017-10-27T15:29:00,315,315
http://irail.be/vehicle/IC414,http://irail.be/stations/NMBS/008813003,IC,2017-10-27T15:31:00,2017-10-27T15:30:00,357,317
http://irail.be/vehicle/IC414,http://irail.be/stations/NMBS/008813045,IC,2017-10-27T15:33:00,2017-10-27T15:33:00,347,347
http://irail.be/vehicle/IC414,http://irail.be/stations/NMBS/008812005,IC,2017-10-27T15:38:00,2017-10-27T15:35:00,332,341
http://irail.be/vehicle/IC414,http://irail.be/stations/NMBS/008811007,IC,2017-10-27T15:41:00,2017-10-27T15:41:00,307,307
http://irail.be/vehicle/IC414,http://irail.be/stations/NMBS/008811130,IC,2017-10-27T15:42:00,2017-10-27T15:42:00,339,339
http://irail.be/vehicle/IC414,http://irail.be/stations/NMBS/008811213,IC,2017-10-27T15:43:00,2017-10-27T15:43:00,328,328
http://irail.be/vehicle/IC414,http://irail.be/stations/NMBS/008811221,IC,2017-10-27T15:44:00,2017-10-27T15:44:00,337,337
http://irail.be/vehicle/IC414,http://irail.be/stations/NMBS/008811247,IC,2017-10-27T15:45:00,2017-10-27T15:45:00,297,297
http://irail.be/vehicle/IC414,http://irail.be/stations/NMBS/008811254,IC,2017-10-27T15:46:00,2017-10-27T15:46:00,207,207
http://irail.be/vehicle/IC414,http://irail.be/stations/NMBS/008811262,IC,2017-10-27T15:48:00,2017-10-27T15:48:00,207,207
http://irail.be/vehicle/IC414,http://irail.be/stations/NMBS/008811270,IC,2017-10-27T15:49:00,2017-10-27T15:49:00,287,287
http://irail.be/vehicle/IC414,http://irail.be/stations/NMBS/008811288,IC,2017-10-27T15:50:00,2017-10-27T15:50:00,300,300
http://irail.be/vehicle/IC414,http://irail.be/stations/NMBS/008833001,IC,2017-10-27T15:57:00,2017-10-27T15:53:00,237,306
http://irail.be/vehicle/IC414,http://irail.be/stations/NMBS/008841202,IC,2017-10-27T16:24:00,2017-10-27T16:24:00,129,129
http://irail.be/vehicle/IC414,http://irail.be/stations/NMBS/008841004,IC,2017-10-27T16:34:00,2017-10-27T16:31:00,227,275
http://irail.be/vehicle/IC414,http://irail.be/stations/NMBS/008842002,IC,2017-10-27T16:41:00,2017-10-27T16:37:00,255,255
http://irail.be/vehicle/IC414,http://irail.be/stations/NMBS/008842036,IC,2017-10-27T16:43:00,2017-10-27T16:43:00,255,255
http://irail.be/vehicle/IC414,http://irail.be/stations/NMBS/008844271,IC,2017-10-27T16:47:00,2017-10-27T16:47:00,269,269
http://irail.be/vehicle/IC414,NO-URI,IC,2017-10-27T16:48:00,2017-10-27T16:48:00,317,317
http://irail.be/vehicle/IC414,http://irail.be/stations/NMBS/008844255,IC,2017-10-27T16:49:00,2017-10-27T16:49:00,317,317
http://irail.be/vehicle/IC414,http://irail.be/stations/NMBS/008844230,IC,2017-10-27T16:49:00,2017-10-27T16:49:00,641,641
http://irail.be/vehicle/IC414,http://irail.be/stations/NMBS/008844206,IC,2017-10-27T16:54:00,2017-10-27T16:53:00,641,641
http://irail.be/vehicle/IC414,http://irail.be/stations/NMBS/008844008,IC,2017-10-27T17:02:00,2017-10-27T17:00:00,544,604
http://irail.be/vehicle/IC414,http://irail.be/stations/NMBS/008844057,IC,2017-10-27T17:03:00,2017-10-27T17:03:00,544,544
http://irail.be/vehicle/IC414,NO-URI,IC,2017-10-27T17:05:00,2017-10-27T17:05:00,559,559
http://irail.be/vehicle/IC414,http://irail.be/stations/NMBS/008844545,IC,2017-10-27T17:10:00,2017-10-27T17:09:00,582,582
http://irail.be/vehicle/IC414,http://irail.be/stations/NMBS/008844503,IC,2017-10-27T17:16:00,2017-10-27T17:16:00,,582
http://irail.be/vehicle/IC414,http://irail.be/stations/NMBS/008896008,IC,2017-08-09T14:16:00,2017-08-09T14:16:00,53,
http://irail.be/vehicle/IC414,http://irail.be/stations/NMBS/008896115,IC,2017-08-09T14:22:00,2017-08-09T14:21:00,21,21
http://irail.be/vehicle/IC414,http://irail.be/stations/NMBS/008896149,IC,2017-08-09T14:28:00,2017-08-09T14:27:00,41,35
http://irail.be/vehicle/IC414,http://irail.be/stations/NMBS/008892106,IC,2017-08-09T14:38:00,2017-08-09T14:37:00,85,-63
http://irail.be/vehicle/IC414,NO-URI,IC,2017-08-09T14:40:00,2017-08-09T14:40:00,85,85
http://irail.be/vehicle/IC414,http://irail.be/stations/NMBS/008892080,IC,2017-08-09T14:45:00,2017-08-09T14:44:00,-5,-10
http://irail.be/vehicle/IC414,http://irail.be/stations/NMBS/008892007,IC,2017-08-09T14:54:00,2017-08-09T14:51:00,25,10
http://irail.be/vehicle/IC414,http://irail.be/stations/NMBS/008814001,IC,2017-08-09T15:27:00,2017-08-09T15:24:00,33,-34
http://irail.be/vehicle/IC414,http://irail.be/stations/NMBS/008813037,IC,2017-08-09T15:29:00,2017-08-09T15:29:00,53,53
http://irail.be/vehicle/IC414,http://irail.be/stations/NMBS/008813003,IC,2017-08-09T15:31:00,2017-08-09T15:30:00,91,55
http://irail.be/vehicle/IC414,http://irail.be/stations/NMBS/008813045,IC,2017-08-09T15:33:00,2017-08-09T15:33:00,77,77
http://irail.be/vehicle/IC414,http://irail.be/stations/NMBS/008812005,IC,2017-08-09T15:38:00,2017-08-09T15:35:00,46,70
http://irail.be/vehicle/IC414,http://irail.be/stations/NMBS/008811007,IC,2017-08-09T15:41:00,2017-08-09T15:41:00,10,10
http://irail.be/vehicle/IC414,http://irail.be/stations/NMBS/008811130,IC,2017-08-09T15:42:00,2017-08-09T15:42:00,22,22
http://irail.be/vehicle/IC414,http://irail.be/stations/NMBS/008811213,IC,2017-08-09T15:43:00,2017-08-09T15:43:00,8,8
http://irail.be/vehicle/IC414,http://irail.be/stations/NMBS/008811221,IC,2017-08-09T15:44:00,2017-08-09T15:44:00,15,15
http://irail.be/vehicle/IC414,http://irail.be/stations/NMBS/008811247,IC,2017-08-09T15:45:00,2017-08-09T15:45:00,-13,-13
http://irail.be/vehicle/IC414,http://irail.be/stations/NMBS/008811254,IC,2017-08-09T15:46:00,2017-08-09T15:46:00,-100,-100
http://irail.be/vehicle/IC414,http://irail.be/stations/NMBS/008811262,IC,2017-08-09T15:48:00,2017-08-09T15:48:00,-100,-100
http://irail.be/vehicle/IC414,http://irail.be/stations/NMBS/008811270,IC,2017-08-09T15:49:00,2017-08-09T15:49:00,-26,-26
http://irail.be/vehicle/IC414,http://irail.be/stations/NMBS/008811288,IC,2017-08-09T15:50:00,2017-08-09T15:50:00,-16,-16
http://irail.be/vehicle/IC414,http://irail.be/stations/NMBS/008833001,IC,2017-08-09T15:57:00,2017-08-09T15:53:00,46,-16
http://irail.be/vehicle/IC414,http://irail.be/stations/NMBS/008841202,IC,2017-08-09T16:24:00,2017-08-09T16:24:00,-43,-43
http://irail.be/vehicle/IC414,http://irail.be/stations/NMBS/008841004,IC,2017-08-09T16:34:00,2017-08-09T16:31:00,49,48
http://irail.be/vehicle/IC414,http://irail.be/stations/NMBS/008842002,IC,2017-08-09T16:41:00,2017-08-09T16:37:00,31,31
http://irail.be/vehicle/IC414,http://irail.be/stations/NMBS/008842036,IC,2017-08-09T16:43:00,2017-08-09T16:43:00,31,31
http://irail.be/vehicle/IC414,http://irail.be/stations/NMBS/008844271,IC,2017-08-09T16:47:00,2017-08-09T16:47:00,11,11
http://irail.be/vehicle/IC414,NO-URI,IC,2017-08-09T16:48:00,2017-08-09T16:48:00,5,5
http://irail.be/vehicle/IC414,http://irail.be/stations/NMBS/008844255,IC,2017-08-09T16:49:00,2017-08-09T16:49:00,1,1
http://irail.be/vehicle/IC414,http://irail.be/stations/NMBS/008844230,IC,2017-08-09T16:49:00,2017-08-09T16:49:00,182,182
http://irail.be/vehicle/IC414,http://irail.be/stations/NMBS/008844206,IC,2017-08-09T16:54:00,2017-08-09T16:53:00,182,182
http://irail.be/vehicle/IC414,http://irail.be/stations/NMBS/008844008,IC,2017-08-09T17:02:00,2017-08-09T17:00:00,40,142
http://irail.be/vehicle/IC414,http://irail.be/stations/NMBS/008844057,IC,2017-08-09T17:03:00,2017-08-09T17:03:00,40,40
http://irail.be/vehicle/IC414,NO-URI,IC,2017-08-09T17:05:00,2017-08-09T17:05:00,52,52
http://irail.be/vehicle/IC414,http://irail.be/stations/NMBS/008844545,IC,2017-08-09T17:10:00,2017-08-09T17:09:00,92,92
http://irail.be/vehicle/IC414,http://irail.be/stations/NMBS/008844503,IC,2017-08-09T17:16:00,2017-08-09T17:16:00,,92
http://irail.be/vehicle/IC414,http://irail.be/stations/NMBS/008896008,IC,2017-09-29T14:16:00,2017-09-29T14:16:00,54,
http://irail.be/vehicle/IC414,http://irail.be/stations/NMBS/008896115,IC,2017-09-29T14:22:00,2017-09-29T14:21:00,35,35
http://irail.be/vehicle/IC414,http://irail.be/stations/NMBS/008896149,IC,2017-09-29T14:28:00,2017-09-29T14:27:00,45,51
http://irail.be/vehicle/IC414,http://irail.be/stations/NMBS/008892106,IC,2017-09-29T14:38:00,2017-09-29T14:37:00,78,-60
http://irail.be/vehicle/IC414,NO-URI,IC,2017-09-29T14:40:00,2017-09-29T14:40:00,78,78
http://irail.be/vehicle/IC414,http://irail.be/stations/NMBS/008892080,IC,2017-09-29T14:45:00,2017-09-29T14:44:00,24,3
http://irail.be/vehicle/IC414,http://irail.be/stations/NMBS/008892007,IC,2017-09-29T14:54:00,2017-09-29T14:51:00,46,57
http://irail.be/vehicle/IC414,http://irail.be/stations/NMBS/008814001,IC,2017-09-29T15:27:00,2017-09-29T15:24:00,47,71
http://irail.be/vehicle/IC414,http://irail.be/stations/NMBS/008813037,IC,2017-09-29T15:29:00,2017-09-29T15:29:00,68,68
http://irail.be/vehicle/IC414,http://irail.be/stations/NMBS/008813003,IC,2017-09-29T15:31:00,2017-09-29T15:30:00,137,76
http://irail.be/vehicle/IC414,http://irail.be/stations/NMBS/008813045,IC,2017-09-29T15:33:00,2017-09-29T15:33:00,119,119
http://irail.be/vehicle/IC414,http://irail.be/stations/NMBS/008812005,IC,2017-09-29T15:38:00,2017-09-29T15:35:00,120,111
http://irail.be/vehicle/IC414,http://irail.be/stations/NMBS/008811007,IC,2017-09-29T15:41:00,2017-09-29T15:41:00,88,88
http://irail.be/vehicle/IC414,http://irail.be/stations/NMBS/008811130,IC,2017-09-29T15:42:00,2017-09-29T15:42:00,113,113
http://irail.be/vehicle/IC414,http://irail.be/stations/NMBS/008811213,IC,2017-09-29T15:43:00,2017-09-29T15:43:00,101,101
http://irail.be/vehicle/IC414,http://irail.be/stations/NMBS/008811221,IC,2017-09-29T15:44:00,2017-09-29T15:44:00,108,108
http://irail.be/vehicle/IC414,http://irail.be/stations/NMBS/008811247,IC,2017-09-29T15:45:00,2017-09-29T15:45:00,68,68
http://irail.be/vehicle/IC414,http://irail.be/stations/NMBS/008811254,IC,2017-09-29T15:46:00,2017-09-29T15:46:00,-24,-24
http://irail.be/vehicle/IC414,http://irail.be/stations/NMBS/008811262,IC,2017-09-29T15:48:00,2017-09-29T15:48:00,-24,-24
http://irail.be/vehicle/IC414,http://irail.be/stations/NMBS/008811270,IC,2017-09-29T15:49:00,2017-09-29T15:49:00,58,58
http://irail.be/vehicle/IC414,http://irail.be/stations/NMBS/008811288,IC,2017-09-29T15:50:00,2017-09-29T15:50:00,74,74
http://irail.be/vehicle/IC414,http://irail.be/stations/NMBS/008833001,IC,2017-09-29T15:57:00,2017-09-29T15:53:00,26,80
http://irail.be/vehicle/IC414,http://irail.be/stations/NMBS/008841202,IC,2017-09-29T16:24:00,2017-09-29T16:24:00,-22,-22
http://irail.be/vehicle/IC414,http://irail.be/stations/NMBS/008841004,IC,2017-09-29T16:34:00,2017-09-29T16:31:00,1500,115
http://irail.be/vehicle/IC414,http://irail.be/stations/NMBS/008842002,IC,2017-09-29T16:41:00,2017-09-29T16:37:00,1320,1320
http://irail.be/vehicle/IC414,http://irail.be/stations/NMBS/008842036,IC,2017-09-29T16:43:00,2017-09-29T16:43:00,1320,1320
http://irail.be/vehicle/IC414,http://irail.be/stations/NMBS/008844271,IC,2017-09-29T16:47:00,2017-09-29T16:47:00,1291,1291
http://irail.be/vehicle/IC414,NO-URI,IC,2017-09-29T16:48:00,2017-09-29T16:48:00,1268,1268
http://irail.be/vehicle/IC414,http://irail.be/stations/NMBS/008844255,IC,2017-09-29T16:49:00,2017-09-29T16:49:00,1262,1262
http://irail.be/vehicle/IC414,http://irail.be/stations/NMBS/008844230,IC,2017-09-29T16:49:00,2017-09-29T16:49:00,1343,1343
http://irail.be/vehicle/IC414,http://irail.be/stations/NMBS/008844206,IC,2017-09-29T16:54:00,2017-09-29T16:53:00,1343,1343
http://irail.be/vehicle/IC414,http://irail.be/stations/NMBS/008844008,IC,2017-09-29T17:02:00,2017-09-29T17:00:00,1205,1267
http://irail.be/vehicle/IC414,http://irail.be/stations/NMBS/008844057,IC,2017-09-29T17:03:00,2017-09-29T17:03:00,1212,1212
http://irail.be/vehicle/IC414,NO-URI,IC,2017-09-29T17:05:00,2017-09-29T17:05:00,1230,1230
http://irail.be/vehicle/IC414,http://irail.be/stations/NMBS/008844545,IC,2017-09-29T17:10:00,2017-09-29T17:09:00,1299,1299
http://irail.be/vehicle/IC414,http://irail.be/stations/NMBS/008844503,IC,2017-09-29T17:16:00,2017-09-29T17:16:00,,1299
http://irail.be/vehicle/IC414,http://irail.be/stations/NMBS/008896008,IC,2017-05-31T14:16:00,2017-05-31T14:16:00,119,
http://irail.be/vehicle/IC414,http://irail.be/stations/NMBS/008896115,IC,2017-05-31T14:22:00,2017-05-31T14:21:00,96,96
http://irail.be/vehicle/IC414,http://irail.be/stations/NMBS/008896149,IC,2017-05-31T14:28:00,2017-05-31T14:27:00,94,101
http://irail.be/vehicle/IC414,http://irail.be/stations/NMBS/008892106,IC,2017-05-31T14:38:00,2017-05-31T14:37:00,127,59
http://irail.be/vehicle/IC414,NO-URI,IC,2017-05-31T14:40:00,2017-05-31T14:40:00,127,127
http://irail.be/vehicle/IC414,http://irail.be/stations/NMBS/008892080,IC,2017-05-31T14:45:00,2017-05-31T14:44:00,21,29
http://irail.be/vehicle/IC414,http://irail.be/stations/NMBS/008892007,IC,2017-05-31T14:54:00,2017-05-31T14:51:00,92,31
http://irail.be/vehicle/IC414,http://irail.be/stations/NMBS/008814001,IC,2017-05-31T15:27:00,2017-05-31T15:24:00,258,188
http://irail.be/vehicle/IC414,http://irail.be/stations/NMBS/008813037,IC,2017-05-31T15:29:00,2017-05-31T15:29:00,299,299
http://irail.be/vehicle/IC414,http://irail.be/stations/NMBS/008813003,IC,2017-05-31T15:31:00,2017-05-31T15:30:00,362,301
http://irail.be/vehicle/IC414,http://irail.be/stations/NMBS/008813045,IC,2017-05-31T15:33:00,2017-05-31T15:33:00,354,354
http://irail.be/vehicle/IC414,http://irail.be/stations/NMBS/008812005,IC,2017-05-31T15:38:00,2017-05-31T15:35:00,297,344
http://irail.be/vehicle/IC414,http://irail.be/stations/NMBS/008811007,IC,2017-05-31T15:41:00,2017-05-31T15:41:00,279,279
http://irail.be/vehicle/IC414,http://irail.be/stations/NMBS/008811130,IC,2017-05-31T15:42:00,2017-05-31T15:42:00,322,322
http://irail.be/vehicle/IC414,http://irail.be/stations/NMBS/008811213,IC,2017-05-31T15:43:00,2017-05-31T15:43:00,318,318
http://irail.be/vehicle/IC414,http://irail.be/stations/NMBS/008811221,IC,2017-05-31T15:44:00,2017-05-31T15:44:00,327,327
http://irail.be/vehicle/IC414,http://irail.be/stations/NMBS/008811247,IC,2017-05-31T15:45:00,2017-05-31T15:45:00,286,286
http://irail.be/vehicle/IC414,http://irail.be/stations/NMBS/008811254,IC,2017-05-31T15:46:00,2017-05-31T15:46:00,196,196
http://irail.be/vehicle/IC414,http://irail.be/stations/NMBS/008811262,IC,2017-05-31T15:48:00,2017-05-31T15:48:00,196,196
http://irail.be/vehicle/IC414,http://irail.be/stations/NMBS/008811270,IC,2017-05-31T15:49:00,2017-05-31T15:49:00,274,274
http://irail.be/vehicle/IC414,http://irail.be/stations/NMBS/008811288,IC,2017-05-31T15:50:00,2017-05-31T15:50:00,286,286
http://irail.be/vehicle/IC414,http://irail.be/stations/NMBS/008833001,IC,2017-05-31T15:57:00,2017-05-31T15:53:00,156,267
http://irail.be/vehicle/IC414,http://irail.be/stations/NMBS/008841202,IC,2017-05-31T16:24:00,2017-05-31T16:24:00,71,71
http://irail.be/vehicle/IC414,http://irail.be/stations/NMBS/008841004,IC,2017-05-31T16:34:00,2017-05-31T16:31:00,182,207
http://irail.be/vehicle/IC414,http://irail.be/stations/NMBS/008842002,IC,2017-05-31T16:41:00,2017-05-31T16:37:00,82,82
http://irail.be/vehicle/IC414,http://irail.be/stations/NMBS/008842036,IC,2017-05-31T16:43:00,2017-05-31T16:43:00,82,82
http://irail.be/vehicle/IC414,http://irail.be/stations/NMBS/008844271,IC,2017-05-31T16:47:00,2017-05-31T16:47:00,71,71
http://irail.be/vehicle/IC414,NO-URI,IC,2017-05-31T16:48:00,2017-05-31T16:48:00,60,60
http://irail.be/vehicle/IC414,http://irail.be/stations/NMBS/008844255,IC,2017-05-31T16:49:00,2017-05-31T16:49:00,58,58
http://irail.be/vehicle/IC414,http://irail.be/stations/NMBS/008844230,IC,2017-05-31T16:49:00,2017-05-31T16:49:00,217,217
http://irail.be/vehicle/IC414,http://irail.be/stations/NMBS/008844206,IC,2017-05-31T16:54:00,2017-05-31T16:53:00,217,217
http://irail.be/vehicle/IC414,http://irail.be/stations/NMBS/008844008,IC,2017-05-31T17:02:00,2017-05-31T17:00:00,70,135
http://irail.be/vehicle/IC414,http://irail.be/stations/NMBS/008844057,IC,2017-05-31T17:03:00,2017-05-31T17:03:00,70,70
http://irail.be/vehicle/IC414,NO-URI,IC,2017-05-31T17:05:00,2017-05-31T17:05:00,113,113
http://irail.be/vehicle/IC414,http://irail.be/stations/NMBS/008844545,IC,2017-05-31T17:10:00,2017-05-31T17:09:00,189,189
http://irail.be/vehicle/IC414,http://irail.be/stations/NMBS/008844503,IC,2017-05-31T17:16:00,2017-05-31T17:16:00,,189
http://irail.be/vehicle/IC414,http://irail.be/stations/NMBS/008896008,IC,2017-08-22T14:16:00,2017-08-22T14:16:00,40,
http://irail.be/vehicle/IC414,http://irail.be/stations/NMBS/008896115,IC,2017-08-22T14:22:00,2017-08-22T14:21:00,66,66
http://irail.be/vehicle/IC414,http://irail.be/stations/NMBS/008896149,IC,2017-08-22T14:28:00,2017-08-22T14:27:00,111,104
http://irail.be/vehicle/IC414,http://irail.be/stations/NMBS/008892106,IC,2017-08-22T14:38:00,2017-08-22T14:37:00,74,22
http://irail.be/vehicle/IC414,NO-URI,IC,2017-08-22T14:40:00,2017-08-22T14:40:00,74,74
http://irail.be/vehicle/IC414,http://irail.be/stations/NMBS/008892080,IC,2017-08-22T14:45:00,2017-08-22T14:44:00,25,8
http://irail.be/vehicle/IC414,http://irail.be/stations/NMBS/008892007,IC,2017-08-22T14:54:00,2017-08-22T14:51:00,38,76
http://irail.be/vehicle/IC414,http://irail.be/stations/NMBS/008814001,IC,2017-08-22T15:27:00,2017-08-22T15:24:00,229,247
http://irail.be/vehicle/IC414,http://irail.be/stations/NMBS/008813037,IC,2017-08-22T15:29:00,2017-08-22T15:29:00,252,252
http://irail.be/vehicle/IC414,http://irail.be/stations/NMBS/008813003,IC,2017-08-22T15:31:00,2017-08-22T15:30:00,303,264
http://irail.be/vehicle/IC414,http://irail.be/stations/NMBS/008813045,IC,2017-08-22T15:33:00,2017-08-22T15:33:00,289,289
http://irail.be/vehicle/IC414,http://irail.be/stations/NMBS/008812005,IC,2017-08-22T15:38:00,2017-08-22T15:35:00,245,285
http://irail.be/vehicle/IC414,http://irail.be/stations/NMBS/008811007,IC,2017-08-22T15:41:00,2017-08-22T15:41:00,216,216
http://irail.be/vehicle/IC414,http://irail.be/stations/NMBS/008811130,IC,2017-08-22T15:42:00,2017-08-22T15:42:00,241,241
http://irail.be/vehicle/IC414,http://irail.be/stations/NMBS/008811213,IC,2017-08-22T15:43:00,2017-08-22T15:43:00,231,231
http://irail.be/vehicle/IC414,http://irail.be/stations/NMBS/008811221,IC,2017-08-22T15:44:00,2017-08-22T15:44:00,242,242
http://irail.be/vehicle/IC414,http://irail.be/stations/NMBS/008811247,IC,2017-08-22T15:45:00,2017-08-22T15:45:00,205,205
http://irail.be/vehicle/IC414,http://irail.be/stations/NMBS/008811254,IC,2017-08-22T15:46:00,2017-08-22T15:46:00,115,115
http://irail.be/vehicle/IC414,http://irail.be/stations/NMBS/008811262,IC,2017-08-22T15:48:00,2017-08-22T15:48:00,115,115
http://irail.be/vehicle/IC414,http://irail.be/stations/NMBS/008811270,IC,2017-08-22T15:49:00,2017-08-22T15:49:00,293,293
http://irail.be/vehicle/IC414,http://irail.be/stations/NMBS/008811288,IC,2017-08-22T15:50:00,2017-08-22T15:50:00,367,367
http://irail.be/vehicle/IC414,http://irail.be/stations/NMBS/008833001,IC,2017-08-22T15:57:00,2017-08-22T15:53:00,360,410
http://irail.be/vehicle/IC414,http://irail.be/stations/NMBS/008841202,IC,2017-08-22T16:24:00,2017-08-22T16:24:00,280,280
http://irail.be/vehicle/IC414,http://irail.be/stations/NMBS/008841004,IC,2017-08-22T16:34:00,2017-08-22T16:31:00,245,264
http://irail.be/vehicle/IC414,http://irail.be/stations/NMBS/008842002,IC,2017-08-22T16:41:00,2017-08-22T16:37:00,119,119
http://irail.be/vehicle/IC414,http://irail.be/stations/NMBS/008842036,IC,2017-08-22T16:43:00,2017-08-22T16:43:00,119,119
http://irail.be/vehicle/IC414,http://irail.be/stations/NMBS/008844271,IC,2017-08-22T16:47:00,2017-08-22T16:47:00,96,96
http://irail.be/vehicle/IC414,NO-URI,IC,2017-08-22T16:48:00,2017-08-22T16:48:00,105,105
http://irail.be/vehicle/IC414,http://irail.be/stations/NMBS/008844255,IC,2017-08-22T16:49:00,2017-08-22T16:49:00,108,108
http://irail.be/vehicle/IC414,http://irail.be/stations/NMBS/008844230,IC,2017-08-22T16:49:00,2017-08-22T16:49:00,194,194
http://irail.be/vehicle/IC414,http://irail.be/stations/NMBS/008844206,IC,2017-08-22T16:54:00,2017-08-22T16:53:00,194,194
http://irail.be/vehicle/IC414,http://irail.be/stations/NMBS/008844008,IC,2017-08-22T17:02:00,2017-08-22T17:00:00,260,123
http://irail.be/vehicle/IC414,http://irail.be/stations/NMBS/008844057,IC,2017-08-22T17:03:00,2017-08-22T17:03:00,260,260
http://irail.be/vehicle/IC414,NO-URI,IC,2017-08-22T17:05:00,2017-08-22T17:05:00,300,300
http://irail.be/vehicle/IC414,http://irail.be/stations/NMBS/008844545,IC,2017-08-22T17:10:00,2017-08-22T17:09:00,333,333
http://irail.be/vehicle/IC414,http://irail.be/stations/NMBS/008844503,IC,2017-08-22T17:16:00,2017-08-22T17:16:00,,333
http://irail.be/vehicle/IC414,http://irail.be/stations/NMBS/008896008,IC,2017-09-19T14:16:00,2017-09-19T14:16:00,58,
http://irail.be/vehicle/IC414,http://irail.be/stations/NMBS/008896115,IC,2017-09-19T14:22:00,2017-09-19T14:21:00,68,68
http://irail.be/vehicle/IC414,http://irail.be/stations/NMBS/008896149,IC,2017-09-19T14:28:00,2017-09-19T14:27:00,101,90
http://irail.be/vehicle/IC414,http://irail.be/stations/NMBS/008892106,IC,2017-09-19T14:38:00,2017-09-19T14:37:00,58,11
http://irail.be/vehicle/IC414,NO-URI,IC,2017-09-19T14:40:00,2017-09-19T14:40:00,58,58
http://irail.be/vehicle/IC414,http://irail.be/stations/NMBS/008892080,IC,2017-09-19T14:45:00,2017-09-19T14:44:00,-8,-30
http://irail.be/vehicle/IC414,http://irail.be/stations/NMBS/008892007,IC,2017-09-19T14:54:00,2017-09-19T14:51:00,40,49
http://irail.be/vehicle/IC414,http://irail.be/stations/NMBS/008814001,IC,2017-09-19T15:27:00,2017-09-19T15:24:00,136,157
http://irail.be/vehicle/IC414,http://irail.be/stations/NMBS/008813037,IC,2017-09-19T15:29:00,2017-09-19T15:29:00,152,152
http://irail.be/vehicle/IC414,http://irail.be/stations/NMBS/008813003,IC,2017-09-19T15:31:00,2017-09-19T15:30:00,151,156
http://irail.be/vehicle/IC414,http://irail.be/stations/NMBS/008813045,IC,2017-09-19T15:33:00,2017-09-19T15:33:00,142,142
http://irail.be/vehicle/IC414,http://irail.be/stations/NMBS/008812005,IC,2017-09-19T15:38:00,2017-09-19T15:35:00,92,135
http://irail.be/vehicle/IC414,http://irail.be/stations/NMBS/008811007,IC,2017-09-19T15:41:00,2017-09-19T15:41:00,83,83
http://irail.be/vehicle/IC414,http://irail.be/stations/NMBS/008811130,IC,2017-09-19T15:42:00,2017-09-19T15:42:00,113,113
http://irail.be/vehicle/IC414,http://irail.be/stations/NMBS/008811213,IC,2017-09-19T15:43:00,2017-09-19T15:43:00,101,101
http://irail.be/vehicle/IC414,http://irail.be/stations/NMBS/008811221,IC,2017-09-19T15:44:00,2017-09-19T15:44:00,111,111
http://irail.be/vehicle/IC414,http://irail.be/stations/NMBS/008811247,IC,2017-09-19T15:45:00,2017-09-19T15:45:00,71,71
http://irail.be/vehicle/IC414,http://irail.be/stations/NMBS/008811254,IC,2017-09-19T15:46:00,2017-09-19T15:46:00,-18,-18
http://irail.be/vehicle/IC414,http://irail.be/stations/NMBS/008811262,IC,2017-09-19T15:48:00,2017-09-19T15:48:00,-18,-18
http://irail.be/vehicle/IC414,http://irail.be/stations/NMBS/008811270,IC,2017-09-19T15:49:00,2017-09-19T15:49:00,58,58
http://irail.be/vehicle/IC414,http://irail.be/stations/NMBS/008811288,IC,2017-09-19T15:50:00,2017-09-19T15:50:00,67,67
http://irail.be/vehicle/IC414,http://irail.be/stations/NMBS/008833001,IC,2017-09-19T15:57:00,2017-09-19T15:53:00,80,58
http://irail.be/vehicle/IC414,http://irail.be/stations/NMBS/008841202,IC,2017-09-19T16:24:00,2017-09-19T16:24:00,54,54
http://irail.be/vehicle/IC414,http://irail.be/stations/NMBS/008841004,IC,2017-09-19T16:34:00,2017-09-19T16:31:00,189,194
http://irail.be/vehicle/IC414,http://irail.be/stations/NMBS/008842002,IC,2017-09-19T16:41:00,2017-09-19T16:37:00,54,54
http://irail.be/vehicle/IC414,http://irail.be/stations/NMBS/008842036,IC,2017-09-19T16:43:00,2017-09-19T16:43:00,54,54
http://irail.be/vehicle/IC414,http://irail.be/stations/NMBS/008844271,IC,2017-09-19T16:47:00,2017-09-19T16:47:00,32,32
http://irail.be/vehicle/IC414,NO-URI,IC,2017-09-19T16:48:00,2017-09-19T16:48:00,17,17
http://irail.be/vehicle/IC414,http://irail.be/stations/NMBS/008844255,IC,2017-09-19T16:49:00,2017-09-19T16:49:00,11,11
http://irail.be/vehicle/IC414,http://irail.be/stations/NMBS/008844230,IC,2017-09-19T16:49:00,2017-09-19T16:49:00,402,402
http://irail.be/vehicle/IC414,http://irail.be/stations/NMBS/008844206,IC,2017-09-19T16:54:00,2017-09-19T16:53:00,402,402
http://irail.be/vehicle/IC414,http://irail.be/stations/NMBS/008844008,IC,2017-09-19T17:02:00,2017-09-19T17:00:00,215,314
http://irail.be/vehicle/IC414,http://irail.be/stations/NMBS/008844057,IC,2017-09-19T17:03:00,2017-09-19T17:03:00,215,215
http://irail.be/vehicle/IC414,NO-URI,IC,2017-09-19T17:05:00,2017-09-19T17:05:00,257,257
http://irail.be/vehicle/IC414,http://irail.be/stations/NMBS/008844545,IC,2017-09-19T17:10:00,2017-09-19T17:09:00,301,301
http://irail.be/vehicle/IC414,http://irail.be/stations/NMBS/008844503,IC,2017-09-19T17:16:00,2017-09-19T17:16:00,,301
http://irail.be/vehicle/IC414,http://irail.be/stations/NMBS/008896008,IC,2017-01-19T14:16:00,2017-01-19T14:16:00,43,
http://irail.be/vehicle/IC414,http://irail.be/stations/NMBS/008896115,IC,2017-01-19T14:22:00,2017-01-19T14:21:00,102,102
http://irail.be/vehicle/IC414,http://irail.be/stations/NMBS/008896149,IC,2017-01-19T14:28:00,2017-01-19T14:27:00,117,102
http://irail.be/vehicle/IC414,http://irail.be/stations/NMBS/008892106,IC,2017-01-19T14:38:00,2017-01-19T14:37:00,86,41
http://irail.be/vehicle/IC414,NO-URI,IC,2017-01-19T14:40:00,2017-01-19T14:40:00,86,86
http://irail.be/vehicle/IC414,http://irail.be/stations/NMBS/008892080,IC,2017-01-19T14:45:00,2017-01-19T14:44:00,48,24
http://irail.be/vehicle/IC414,http://irail.be/stations/NMBS/008892007,IC,2017-01-19T14:54:00,2017-01-19T14:51:00,90,149
http://irail.be/vehicle/IC414,http://irail.be/stations/NMBS/008814001,IC,2017-01-19T15:27:00,2017-01-19T15:24:00,75,69
http://irail.be/vehicle/IC414,http://irail.be/stations/NMBS/008813037,IC,2017-01-19T15:29:00,2017-01-19T15:29:00,83,83
http://irail.be/vehicle/IC414,http://irail.be/stations/NMBS/008813003,IC,2017-01-19T15:31:00,2017-01-19T15:30:00,191,116
http://irail.be/vehicle/IC414,http://irail.be/stations/NMBS/008813045,IC,2017-01-19T15:33:00,2017-01-19T15:33:00,183,183
http://irail.be/vehicle/IC414,http://irail.be/stations/NMBS/008812005,IC,2017-01-19T15:38:00,2017-01-19T15:35:00,126,172
http://irail.be/vehicle/IC414,http://irail.be/stations/NMBS/008811007,IC,2017-01-19T15:41:00,2017-01-19T15:41:00,101,101
http://irail.be/vehicle/IC414,http://irail.be/stations/NMBS/008811130,IC,2017-01-19T15:42:00,2017-01-19T15:42:00,114,114
http://irail.be/vehicle/IC414,http://irail.be/stations/NMBS/008811213,IC,2017-01-19T15:43:00,2017-01-19T15:43:00,122,122
http://irail.be/vehicle/IC414,http://irail.be/stations/NMBS/008811221,IC,2017-01-19T15:44:00,2017-01-19T15:44:00,133,133
http://irail.be/vehicle/IC414,http://irail.be/stations/NMBS/008811247,IC,2017-01-19T15:45:00,2017-01-19T15:45:00,93,93
http://irail.be/vehicle/IC414,http://irail.be/stations/NMBS/008811254,IC,2017-01-19T15:46:00,2017-01-19T15:46:00,3,3
http://irail.be/vehicle/IC414,http://irail.be/stations/NMBS/008811262,IC,2017-01-19T15:48:00,2017-01-19T15:48:00,3,3
http://irail.be/vehicle/IC414,http://irail.be/stations/NMBS/008811270,IC,2017-01-19T15:49:00,2017-01-19T15:49:00,80,80
http://irail.be/vehicle/IC414,http://irail.be/stations/NMBS/008811288,IC,2017-01-19T15:50:00,2017-01-19T15:50:00,93,93
http://irail.be/vehicle/IC414,http://irail.be/stations/NMBS/008833001,IC,2017-01-19T15:57:00,2017-01-19T15:53:00,30,88
http://irail.be/vehicle/IC414,http://irail.be/stations/NMBS/008841202,IC,2017-01-19T16:24:00,2017-01-19T16:24:00,-20,-20
http://irail.be/vehicle/IC414,http://irail.be/stations/NMBS/008841004,IC,2017-01-19T16:34:00,2017-01-19T16:31:00,55,110
http://irail.be/vehicle/IC414,http://irail.be/stations/NMBS/008842002,IC,2017-01-19T16:41:00,2017-01-19T16:37:00,104,104
http://irail.be/vehicle/IC414,http://irail.be/stations/NMBS/008842036,IC,2017-01-19T16:43:00,2017-01-19T16:43:00,104,104
http://irail.be/vehicle/IC414,http://irail.be/stations/NMBS/008844271,IC,2017-01-19T16:47:00,2017-01-19T16:47:00,103,103
http://irail.be/vehicle/IC414,NO-URI,IC,2017-01-19T16:48:00,2017-01-19T16:48:00,139,139
http://irail.be/vehicle/IC414,http://irail.be/stations/NMBS/008844255,IC,2017-01-19T16:49:00,2017-01-19T16:49:00,140,140
http://irail.be/vehicle/IC414,http://irail.be/stations/NMBS/008844230,IC,2017-01-19T16:49:00,2017-01-19T16:49:00,201,201
http://irail.be/vehicle/IC414,http://irail.be/stations/NMBS/008844206,IC,2017-01-19T16:54:00,2017-01-19T16:53:00,201,201
http://irail.be/vehicle/IC414,http://irail.be/stations/NMBS/008844008,IC,2017-01-19T17:02:00,2017-01-19T17:00:00,71,147
http://irail.be/vehicle/IC414,http://irail.be/stations/NMBS/008844057,IC,2017-01-19T17:03:00,2017-01-19T17:03:00,71,71
http://irail.be/vehicle/IC414,NO-URI,IC,2017-01-19T17:05:00,2017-01-19T17:05:00,110,110
http://irail.be/vehicle/IC414,http://irail.be/stations/NMBS/008844545,IC,2017-01-19T17:10:00,2017-01-19T17:09:00,135,135
http://irail.be/vehicle/IC414,http://irail.be/stations/NMBS/008844503,IC,2017-01-19T17:16:00,2017-01-19T17:16:00,,135
http://irail.be/vehicle/IC414,http://irail.be/stations/NMBS/008896008,IC,2017-01-04T14:16:00,2017-01-04T14:16:00,80,
http://irail.be/vehicle/IC414,http://irail.be/stations/NMBS/008896115,IC,2017-01-04T14:22:00,2017-01-04T14:21:00,312,312
http://irail.be/vehicle/IC414,http://irail.be/stations/NMBS/008896149,IC,2017-01-04T14:28:00,2017-01-04T14:27:00,323,312
http://irail.be/vehicle/IC414,http://irail.be/stations/NMBS/008892106,IC,2017-01-04T14:38:00,2017-01-04T14:37:00,276,248
http://irail.be/vehicle/IC414,NO-URI,IC,2017-01-04T14:40:00,2017-01-04T14:40:00,276,276
http://irail.be/vehicle/IC414,http://irail.be/stations/NMBS/008892080,IC,2017-01-04T14:45:00,2017-01-04T14:44:00,236,208
http://irail.be/vehicle/IC414,http://irail.be/stations/NMBS/008892007,IC,2017-01-04T14:54:00,2017-01-04T14:51:00,257,288
http://irail.be/vehicle/IC414,http://irail.be/stations/NMBS/008814001,IC,2017-01-04T15:27:00,2017-01-04T15:24:00,123,169
http://irail.be/vehicle/IC414,http://irail.be/stations/NMBS/008813037,IC,2017-01-04T15:29:00,2017-01-04T15:29:00,116,116
http://irail.be/vehicle/IC414,http://irail.be/stations/NMBS/008813003,IC,2017-01-04T15:31:00,2017-01-04T15:30:00,116,115
http://irail.be/vehicle/IC414,http://irail.be/stations/NMBS/008813045,IC,2017-01-04T15:33:00,2017-01-04T15:33:00,91,91
http://irail.be/vehicle/IC414,http://irail.be/stations/NMBS/008812005,IC,2017-01-04T15:38:00,2017-01-04T15:35:00,47,78
http://irail.be/vehicle/IC414,http://irail.be/stations/NMBS/008811007,IC,2017-01-04T15:41:00,2017-01-04T15:41:00,11,11
http://irail.be/vehicle/IC414,http://irail.be/stations/NMBS/008811130,IC,2017-01-04T15:42:00,2017-01-04T15:42:00,12,12
http://irail.be/vehicle/IC414,http://irail.be/stations/NMBS/008811213,IC,2017-01-04T15:43:00,2017-01-04T15:43:00,21,21
http://irail.be/vehicle/IC414,http://irail.be/stations/NMBS/008811221,IC,2017-01-04T15:44:00,2017-01-04T15:44:00,34,34
http://irail.be/vehicle/IC414,http://irail.be/stations/NMBS/008811247,IC,2017-01-04T15:45:00,2017-01-04T15:45:00,-7,-7
http://irail.be/vehicle/IC414,http://irail.be/stations/NMBS/008811254,IC,2017-01-04T15:46:00,2017-01-04T15:46:00,-97,-97
http://irail.be/vehicle/IC414,http://irail.be/stations/NMBS/008811262,IC,2017-01-04T15:48:00,2017-01-04T15:48:00,-97,-97
http://irail.be/vehicle/IC414,http://irail.be/stations/NMBS/008811270,IC,2017-01-04T15:49:00,2017-01-04T15:49:00,-18,-18
http://irail.be/vehicle/IC414,http://irail.be/stations/NMBS/008811288,IC,2017-01-04T15:50:00,2017-01-04T15:50:00,-6,-6
http://irail.be/vehicle/IC414,http://irail.be/stations/NMBS/008833001,IC,2017-01-04T15:57:00,2017-01-04T15:53:00,20,-11
http://irail.be/vehicle/IC414,http://irail.be/stations/NMBS/008841202,IC,2017-01-04T16:24:00,2017-01-04T16:24:00,-53,-53
http://irail.be/vehicle/IC414,http://irail.be/stations/NMBS/008841004,IC,2017-01-04T16:34:00,2017-01-04T16:31:00,12,65
http://irail.be/vehicle/IC414,http://irail.be/stations/NMBS/008842002,IC,2017-01-04T16:41:00,2017-01-04T16:37:00,15,15
http://irail.be/vehicle/IC414,http://irail.be/stations/NMBS/008842036,IC,2017-01-04T16:43:00,2017-01-04T16:43:00,15,15
http://irail.be/vehicle/IC414,http://irail.be/stations/NMBS/008844271,IC,2017-01-04T16:47:00,2017-01-04T16:47:00,-5,-5
http://irail.be/vehicle/IC414,NO-URI,IC,2017-01-04T16:48:00,2017-01-04T16:48:00,55,55
http://irail.be/vehicle/IC414,http://irail.be/stations/NMBS/008844255,IC,2017-01-04T16:49:00,2017-01-04T16:49:00,62,62
http://irail.be/vehicle/IC414,http://irail.be/stations/NMBS/008844230,IC,2017-01-04T16:49:00,2017-01-04T16:49:00,110,110
http://irail.be/vehicle/IC414,http://irail.be/stations/NMBS/008844206,IC,2017-01-04T16:54:00,2017-01-04T16:53:00,110,110
http://irail.be/vehicle/IC414,http://irail.be/stations/NMBS/008844008,IC,2017-01-04T17:02:00,2017-01-04T17:00:00,110,192
http://irail.be/vehicle/IC414,http://irail.be/stations/NMBS/008844057,IC,2017-01-04T17:03:00,2017-01-04T17:03:00,110,110
http://irail.be/vehicle/IC414,NO-URI,IC,2017-01-04T17:05:00,2017-01-04T17:05:00,118,118
http://irail.be/vehicle/IC414,http://irail.be/stations/NMBS/008844545,IC,2017-01-04T17:10:00,2017-01-04T17:09:00,98,98
http://irail.be/vehicle/IC414,http://irail.be/stations/NMBS/008844503,IC,2017-01-04T17:16:00,2017-01-04T17:16:00,,98
http://irail.be/vehicle/IC414,http://irail.be/stations/NMBS/008896008,IC,2017-06-12T14:16:00,2017-06-12T14:16:00,111,
http://irail.be/vehicle/IC414,http://irail.be/stations/NMBS/008896115,IC,2017-06-12T14:22:00,2017-06-12T14:21:00,148,148
http://irail.be/vehicle/IC414,http://irail.be/stations/NMBS/008896149,IC,2017-06-12T14:28:00,2017-06-12T14:27:00,137,161
http://irail.be/vehicle/IC414,http://irail.be/stations/NMBS/008892106,IC,2017-06-12T14:38:00,2017-06-12T14:37:00,53,30
http://irail.be/vehicle/IC414,NO-URI,IC,2017-06-12T14:40:00,2017-06-12T14:40:00,53,53
http://irail.be/vehicle/IC414,http://irail.be/stations/NMBS/008892080,IC,2017-06-12T14:45:00,2017-06-12T14:44:00,13,-18
http://irail.be/vehicle/IC414,http://irail.be/stations/NMBS/008892007,IC,2017-06-12T14:54:00,2017-06-12T14:51:00,34,65
http://irail.be/vehicle/IC414,http://irail.be/stations/NMBS/008814001,IC,2017-06-12T15:27:00,2017-06-12T15:24:00,106,164
http://irail.be/vehicle/IC414,http://irail.be/stations/NMBS/008813037,IC,2017-06-12T15:29:00,2017-06-12T15:29:00,121,121
http://irail.be/vehicle/IC414,http://irail.be/stations/NMBS/008813003,IC,2017-06-12T15:31:00,2017-06-12T15:30:00,186,155
http://irail.be/vehicle/IC414,http://irail.be/stations/NMBS/008813045,IC,2017-06-12T15:33:00,2017-06-12T15:33:00,183,183
http://irail.be/vehicle/IC414,http://irail.be/stations/NMBS/008812005,IC,2017-06-12T15:38:00,2017-06-12T15:35:00,134,177
http://irail.be/vehicle/IC414,http://irail.be/stations/NMBS/008811007,IC,2017-06-12T15:41:00,2017-06-12T15:41:00,155,155
http://irail.be/vehicle/IC414,http://irail.be/stations/NMBS/008811130,IC,2017-06-12T15:42:00,2017-06-12T15:42:00,191,191
http://irail.be/vehicle/IC414,http://irail.be/stations/NMBS/008811213,IC,2017-06-12T15:43:00,2017-06-12T15:43:00,177,177
http://irail.be/vehicle/IC414,http://irail.be/stations/NMBS/008811221,IC,2017-06-12T15:44:00,2017-06-12T15:44:00,187,187
http://irail.be/vehicle/IC414,http://irail.be/stations/NMBS/008811247,IC,2017-06-12T15:45:00,2017-06-12T15:45:00,146,146
http://irail.be/vehicle/IC414,http://irail.be/stations/NMBS/008811254,IC,2017-06-12T15:46:00,2017-06-12T15:46:00,56,56
http://irail.be/vehicle/IC414,http://irail.be/stations/NMBS/008811262,IC,2017-06-12T15:48:00,2017-06-12T15:48:00,56,56
http://irail.be/vehicle/IC414,http://irail.be/stations/NMBS/008811270,IC,2017-06-12T15:49:00,2017-06-12T15:49:00,133,133
http://irail.be/vehicle/IC414,http://irail.be/stations/NMBS/008811288,IC,2017-06-12T15:50:00,2017-06-12T15:50:00,145,145
http://irail.be/vehicle/IC414,http://irail.be/stations/NMBS/008833001,IC,2017-06-12T15:57:00,2017-06-12T15:53:00,13,124
http://irail.be/vehicle/IC414,http://irail.be/stations/NMBS/008841202,IC,2017-06-12T16:24:00,2017-06-12T16:24:00,-115,-115
http://irail.be/vehicle/IC414,http://irail.be/stations/NMBS/008841004,IC,2017-06-12T16:34:00,2017-06-12T16:31:00,15,12
http://irail.be/vehicle/IC414,http://irail.be/stations/NMBS/008842002,IC,2017-06-12T16:41:00,2017-06-12T16:37:00,289,289
http://irail.be/vehicle/IC414,http://irail.be/stations/NMBS/008842036,IC,2017-06-12T16:43:00,2017-06-12T16:43:00,289,289
http://irail.be/vehicle/IC414,http://irail.be/stations/NMBS/008844271,IC,2017-06-12T16:47:00,2017-06-12T16:47:00,277,277
http://irail.be/vehicle/IC414,NO-URI,IC,2017-06-12T16:48:00,2017-06-12T16:48:00,260,260
http://irail.be/vehicle/IC414,http://irail.be/stations/NMBS/008844255,IC,2017-06-12T16:49:00,2017-06-12T16:49:00,256,256
http://irail.be/vehicle/IC414,http://irail.be/stations/NMBS/008844230,IC,2017-06-12T16:49:00,2017-06-12T16:49:00,275,275
http://irail.be/vehicle/IC414,http://irail.be/stations/NMBS/008844206,IC,2017-06-12T16:54:00,2017-06-12T16:53:00,275,275
http://irail.be/vehicle/IC414,http://irail.be/stations/NMBS/008844008,IC,2017-06-12T17:02:00,2017-06-12T17:00:00,109,213
http://irail.be/vehicle/IC414,http://irail.be/stations/NMBS/008844057,IC,2017-06-12T17:03:00,2017-06-12T17:03:00,109,109
http://irail.be/vehicle/IC414,NO-URI,IC,2017-06-12T17:05:00,2017-06-12T17:05:00,130,130
http://irail.be/vehicle/IC414,http://irail.be/stations/NMBS/008844545,IC,2017-06-12T17:10:00,2017-06-12T17:09:00,118,118
http://irail.be/vehicle/IC414,http://irail.be/stations/NMBS/008844503,IC,2017-06-12T17:16:00,2017-06-12T17:16:00,,118
http://irail.be/vehicle/IC414,http://irail.be/stations/NMBS/008896008,IC,2017-06-20T14:16:00,2017-06-20T14:16:00,49,
http://irail.be/vehicle/IC414,http://irail.be/stations/NMBS/008896115,IC,2017-06-20T14:22:00,2017-06-20T14:21:00,69,69
http://irail.be/vehicle/IC414,http://irail.be/stations/NMBS/008896149,IC,2017-06-20T14:28:00,2017-06-20T14:27:00,68,74
http://irail.be/vehicle/IC414,http://irail.be/stations/NMBS/008892106,IC,2017-06-20T14:38:00,2017-06-20T14:37:00,76,10
http://irail.be/vehicle/IC414,NO-URI,IC,2017-06-20T14:40:00,2017-06-20T14:40:00,76,76
http://irail.be/vehicle/IC414,http://irail.be/stations/NMBS/008892080,IC,2017-06-20T14:45:00,2017-06-20T14:44:00,25,-4
http://irail.be/vehicle/IC414,http://irail.be/stations/NMBS/008892007,IC,2017-06-20T14:54:00,2017-06-20T14:51:00,25,38
http://irail.be/vehicle/IC414,http://irail.be/stations/NMBS/008814001,IC,2017-06-20T15:27:00,2017-06-20T15:24:00,181,70
http://irail.be/vehicle/IC414,http://irail.be/stations/NMBS/008813037,IC,2017-06-20T15:29:00,2017-06-20T15:29:00,195,195
http://irail.be/vehicle/IC414,http://irail.be/stations/NMBS/008813003,IC,2017-06-20T15:31:00,2017-06-20T15:30:00,220,195
http://irail.be/vehicle/IC414,http://irail.be/stations/NMBS/008813045,IC,2017-06-20T15:33:00,2017-06-20T15:33:00,199,199
http://irail.be/vehicle/IC414,http://irail.be/stations/NMBS/008812005,IC,2017-06-20T15:38:00,2017-06-20T15:35:00,141,192
http://irail.be/vehicle/IC414,http://irail.be/stations/NMBS/008811007,IC,2017-06-20T15:41:00,2017-06-20T15:41:00,105,105
http://irail.be/vehicle/IC414,http://irail.be/stations/NMBS/008811130,IC,2017-06-20T15:42:00,2017-06-20T15:42:00,120,120
http://irail.be/vehicle/IC414,http://irail.be/stations/NMBS/008811213,IC,2017-06-20T15:43:00,2017-06-20T15:43:00,107,107
http://irail.be/vehicle/IC414,http://irail.be/stations/NMBS/008811221,IC,2017-06-20T15:44:00,2017-06-20T15:44:00,115,115
http://irail.be/vehicle/IC414,http://irail.be/stations/NMBS/008811247,IC,2017-06-20T15:45:00,2017-06-20T15:45:00,75,75
http://irail.be/vehicle/IC414,http://irail.be/stations/NMBS/008811254,IC,2017-06-20T15:46:00,2017-06-20T15:46:00,-16,-16
http://irail.be/vehicle/IC414,http://irail.be/stations/NMBS/008811262,IC,2017-06-20T15:48:00,2017-06-20T15:48:00,-16,-16
http://irail.be/vehicle/IC414,http://irail.be/stations/NMBS/008811270,IC,2017-06-20T15:49:00,2017-06-20T15:49:00,61,61
http://irail.be/vehicle/IC414,http://irail.be/stations/NMBS/008811288,IC,2017-06-20T15:50:00,2017-06-20T15:50:00,72,72
http://irail.be/vehicle/IC414,http://irail.be/stations/NMBS/008833001,IC,2017-06-20T15:57:00,2017-06-20T15:53:00,25,53
http://irail.be/vehicle/IC414,http://irail.be/stations/NMBS/008841202,IC,2017-06-20T16:24:00,2017-06-20T16:24:00,-79,-79
http://irail.be/vehicle/IC414,http://irail.be/stations/NMBS/008841004,IC,2017-06-20T16:34:00,2017-06-20T16:31:00,22,41
http://irail.be/vehicle/IC414,http://irail.be/stations/NMBS/008842002,IC,2017-06-20T16:41:00,2017-06-20T16:37:00,23,23
http://irail.be/vehicle/IC414,http://irail.be/stations/NMBS/008842036,IC,2017-06-20T16:43:00,2017-06-20T16:43:00,23,23
http://irail.be/vehicle/IC414,http://irail.be/stations/NMBS/008844271,IC,2017-06-20T16:47:00,2017-06-20T16:47:00,4,4
http://irail.be/vehicle/IC414,NO-URI,IC,2017-06-20T16:48:00,2017-06-20T16:48:00,21,21
http://irail.be/vehicle/IC414,http://irail.be/stations/NMBS/008844255,IC,2017-06-20T16:49:00,2017-06-20T16:49:00,21,21
http://irail.be/vehicle/IC414,http://irail.be/stations/NMBS/008844230,IC,2017-06-20T16:49:00,2017-06-20T16:49:00,58,58
http://irail.be/vehicle/IC414,http://irail.be/stations/NMBS/008844206,IC,2017-06-20T16:54:00,2017-06-20T16:53:00,58,58
http://irail.be/vehicle/IC414,http://irail.be/stations/NMBS/008844008,IC,2017-06-20T17:02:00,2017-06-20T17:00:00,23,-28
http://irail.be/vehicle/IC414,http://irail.be/stations/NMBS/008844057,IC,2017-06-20T17:03:00,2017-06-20T17:03:00,23,23
http://irail.be/vehicle/IC414,NO-URI,IC,2017-06-20T17:05:00,2017-06-20T17:05:00,52,52
http://irail.be/vehicle/IC414,http://irail.be/stations/NMBS/008844545,IC,2017-06-20T17:10:00,2017-06-20T17:09:00,247,247
http://irail.be/vehicle/IC414,http://irail.be/stations/NMBS/008844503,IC,2017-06-20T17:16:00,2017-06-20T17:16:00,,247
http://irail.be/vehicle/IC414,http://irail.be/stations/NMBS/008896008,IC,2017-01-09T14:16:00,2017-01-09T14:16:00,42,
http://irail.be/vehicle/IC414,http://irail.be/stations/NMBS/008896115,IC,2017-01-09T14:22:00,2017-01-09T14:21:00,155,155
http://irail.be/vehicle/IC414,http://irail.be/stations/NMBS/008896149,IC,2017-01-09T14:28:00,2017-01-09T14:27:00,152,155
http://irail.be/vehicle/IC414,http://irail.be/stations/NMBS/008892106,IC,2017-01-09T14:38:00,2017-01-09T14:37:00,135,88
http://irail.be/vehicle/IC414,NO-URI,IC,2017-01-09T14:40:00,2017-01-09T14:40:00,135,135
http://irail.be/vehicle/IC414,http://irail.be/stations/NMBS/008892080,IC,2017-01-09T14:45:00,2017-01-09T14:44:00,110,87
http://irail.be/vehicle/IC414,http://irail.be/stations/NMBS/008892007,IC,2017-01-09T14:54:00,2017-01-09T14:51:00,132,189
http://irail.be/vehicle/IC414,http://irail.be/stations/NMBS/008814001,IC,2017-01-09T15:27:00,2017-01-09T15:24:00,145,192
http://irail.be/vehicle/IC414,http://irail.be/stations/NMBS/008813037,IC,2017-01-09T15:29:00,2017-01-09T15:29:00,139,139
http://irail.be/vehicle/IC414,http://irail.be/stations/NMBS/008813003,IC,2017-01-09T15:31:00,2017-01-09T15:30:00,261,206
http://irail.be/vehicle/IC414,http://irail.be/stations/NMBS/008813045,IC,2017-01-09T15:33:00,2017-01-09T15:33:00,242,242
http://irail.be/vehicle/IC414,http://irail.be/stations/NMBS/008812005,IC,2017-01-09T15:38:00,2017-01-09T15:35:00,195,229
http://irail.be/vehicle/IC414,http://irail.be/stations/NMBS/008811007,IC,2017-01-09T15:41:00,2017-01-09T15:41:00,174,174
http://irail.be/vehicle/IC414,http://irail.be/stations/NMBS/008811130,IC,2017-01-09T15:42:00,2017-01-09T15:42:00,172,172
http://irail.be/vehicle/IC414,http://irail.be/stations/NMBS/008811213,IC,2017-01-09T15:43:00,2017-01-09T15:43:00,179,179
http://irail.be/vehicle/IC414,http://irail.be/stations/NMBS/008811221,IC,2017-01-09T15:44:00,2017-01-09T15:44:00,189,189
http://irail.be/vehicle/IC414,http://irail.be/stations/NMBS/008811247,IC,2017-01-09T15:45:00,2017-01-09T15:45:00,150,150
http://irail.be/vehicle/IC414,http://irail.be/stations/NMBS/008811254,IC,2017-01-09T15:46:00,2017-01-09T15:46:00,60,60
http://irail.be/vehicle/IC414,http://irail.be/stations/NMBS/008811262,IC,2017-01-09T15:48:00,2017-01-09T15:48:00,60,60
http://irail.be/vehicle/IC414,http://irail.be/stations/NMBS/008811270,IC,2017-01-09T15:49:00,2017-01-09T15:49:00,135,135
http://irail.be/vehicle/IC414,http://irail.be/stations/NMBS/008811288,IC,2017-01-09T15:50:00,2017-01-09T15:50:00,147,147
http://irail.be/vehicle/IC414,http://irail.be/stations/NMBS/008833001,IC,2017-01-09T15:57:00,2017-01-09T15:53:00,18,139
http://irail.be/vehicle/IC414,http://irail.be/stations/NMBS/008841202,IC,2017-01-09T16:24:00,2017-01-09T16:24:00,-90,-90
http://irail.be/vehicle/IC414,http://irail.be/stations/NMBS/008841004,IC,2017-01-09T16:34:00,2017-01-09T16:31:00,102,4
http://irail.be/vehicle/IC414,http://irail.be/stations/NMBS/008842002,IC,2017-01-09T16:41:00,2017-01-09T16:37:00,-11,-11
http://irail.be/vehicle/IC414,http://irail.be/stations/NMBS/008842036,IC,2017-01-09T16:43:00,2017-01-09T16:43:00,-11,-11
http://irail.be/vehicle/IC414,http://irail.be/stations/NMBS/008844271,IC,2017-01-09T16:47:00,2017-01-09T16:47:00,-37,-37
http://irail.be/vehicle/IC414,NO-URI,IC,2017-01-09T16:48:00,2017-01-09T16:48:00,-9,-9
http://irail.be/vehicle/IC414,http://irail.be/stations/NMBS/008844255,IC,2017-01-09T16:49:00,2017-01-09T16:49:00,-6,-6
http://irail.be/vehicle/IC414,http://irail.be/stations/NMBS/008844230,IC,2017-01-09T16:49:00,2017-01-09T16:49:00,96,96
http://irail.be/vehicle/IC414,http://irail.be/stations/NMBS/008844206,IC,2017-01-09T16:54:00,2017-01-09T16:53:00,96,96
http://irail.be/vehicle/IC414,http://irail.be/stations/NMBS/008844008,IC,2017-01-09T17:02:00,2017-01-09T17:00:00,3,25
http://irail.be/vehicle/IC414,http://irail.be/stations/NMBS/008844057,IC,2017-01-09T17:03:00,2017-01-09T17:03:00,3,3
http://irail.be/vehicle/IC414,NO-URI,IC,2017-01-09T17:05:00,2017-01-09T17:05:00,16,16
http://irail.be/vehicle/IC414,http://irail.be/stations/NMBS/008844545,IC,2017-01-09T17:10:00,2017-01-09T17:09:00,17,17
http://irail.be/vehicle/IC414,http://irail.be/stations/NMBS/008844503,IC,2017-01-09T17:16:00,2017-01-09T17:16:00,,17
http://irail.be/vehicle/IC414,http://irail.be/stations/NMBS/008896008,IC,2017-01-13T14:16:00,2017-01-13T14:16:00,67,
http://irail.be/vehicle/IC414,http://irail.be/stations/NMBS/008896115,IC,2017-01-13T14:22:00,2017-01-13T14:21:00,131,131
http://irail.be/vehicle/IC414,http://irail.be/stations/NMBS/008896149,IC,2017-01-13T14:28:00,2017-01-13T14:27:00,133,131
http://irail.be/vehicle/IC414,http://irail.be/stations/NMBS/008892106,IC,2017-01-13T14:38:00,2017-01-13T14:37:00,106,79
http://irail.be/vehicle/IC414,NO-URI,IC,2017-01-13T14:40:00,2017-01-13T14:40:00,106,106
http://irail.be/vehicle/IC414,http://irail.be/stations/NMBS/008892080,IC,2017-01-13T14:45:00,2017-01-13T14:44:00,54,65
http://irail.be/vehicle/IC414,http://irail.be/stations/NMBS/008892007,IC,2017-01-13T14:54:00,2017-01-13T14:51:00,382,153
http://irail.be/vehicle/IC414,http://irail.be/stations/NMBS/008814001,IC,2017-01-13T15:27:00,2017-01-13T15:24:00,556,478
http://irail.be/vehicle/IC414,http://irail.be/stations/NMBS/008813037,IC,2017-01-13T15:29:00,2017-01-13T15:29:00,563,563
http://irail.be/vehicle/IC414,http://irail.be/stations/NMBS/008813003,IC,2017-01-13T15:31:00,2017-01-13T15:30:00,678,630
http://irail.be/vehicle/IC414,http://irail.be/stations/NMBS/008813045,IC,2017-01-13T15:33:00,2017-01-13T15:33:00,660,660
http://irail.be/vehicle/IC414,http://irail.be/stations/NMBS/008812005,IC,2017-01-13T15:38:00,2017-01-13T15:35:00,699,759
http://irail.be/vehicle/IC414,http://irail.be/stations/NMBS/008811007,IC,2017-01-13T15:41:00,2017-01-13T15:41:00,673,673
http://irail.be/vehicle/IC414,http://irail.be/stations/NMBS/008811130,IC,2017-01-13T15:42:00,2017-01-13T15:42:00,683,683
http://irail.be/vehicle/IC414,http://irail.be/stations/NMBS/008811213,IC,2017-01-13T15:43:00,2017-01-13T15:43:00,693,693
http://irail.be/vehicle/IC414,http://irail.be/stations/NMBS/008811221,IC,2017-01-13T15:44:00,2017-01-13T15:44:00,704,704
http://irail.be/vehicle/IC414,http://irail.be/stations/NMBS/008811247,IC,2017-01-13T15:45:00,2017-01-13T15:45:00,665,665
http://irail.be/vehicle/IC414,http://irail.be/stations/NMBS/008811254,IC,2017-01-13T15:46:00,2017-01-13T15:46:00,575,575
http://irail.be/vehicle/IC414,http://irail.be/stations/NMBS/008811262,IC,2017-01-13T15:48:00,2017-01-13T15:48:00,575,575
http://irail.be/vehicle/IC414,http://irail.be/stations/NMBS/008811270,IC,2017-01-13T15:49:00,2017-01-13T15:49:00,649,649
http://irail.be/vehicle/IC414,http://irail.be/stations/NMBS/008811288,IC,2017-01-13T15:50:00,2017-01-13T15:50:00,659,659
http://irail.be/vehicle/IC414,http://irail.be/stations/NMBS/008833001,IC,2017-01-13T15:57:00,2017-01-13T15:53:00,492,639
http://irail.be/vehicle/IC414,http://irail.be/stations/NMBS/008841202,IC,2017-01-13T16:24:00,2017-01-13T16:24:00,356,356
http://irail.be/vehicle/IC414,http://irail.be/stations/NMBS/008841004,IC,2017-01-13T16:34:00,2017-01-13T16:31:00,230,295
http://irail.be/vehicle/IC414,http://irail.be/stations/NMBS/008842002,IC,2017-01-13T16:41:00,2017-01-13T16:37:00,65,65
http://irail.be/vehicle/IC414,http://irail.be/stations/NMBS/008842036,IC,2017-01-13T16:43:00,2017-01-13T16:43:00,65,65
http://irail.be/vehicle/IC414,http://irail.be/stations/NMBS/008844271,IC,2017-01-13T16:47:00,2017-01-13T16:47:00,45,45
http://irail.be/vehicle/IC414,NO-URI,IC,2017-01-13T16:48:00,2017-01-13T16:48:00,59,59
http://irail.be/vehicle/IC414,http://irail.be/stations/NMBS/008844255,IC,2017-01-13T16:49:00,2017-01-13T16:49:00,59,59
http://irail.be/vehicle/IC414,http://irail.be/stations/NMBS/008844230,IC,2017-01-13T16:49:00,2017-01-13T16:49:00,121,121
http://irail.be/vehicle/IC414,http://irail.be/stations/NMBS/008844206,IC,2017-01-13T16:54:00,2017-01-13T16:53:00,121,121
http://irail.be/vehicle/IC414,http://irail.be/stations/NMBS/008844008,IC,2017-01-13T17:02:00,2017-01-13T17:00:00,-33,60
http://irail.be/vehicle/IC414,http://irail.be/stations/NMBS/008844057,IC,2017-01-13T17:03:00,2017-01-13T17:03:00,-33,-33
http://irail.be/vehicle/IC414,NO-URI,IC,2017-01-13T17:05:00,2017-01-13T17:05:00,-12,-12
http://irail.be/vehicle/IC414,http://irail.be/stations/NMBS/008844545,IC,2017-01-13T17:10:00,2017-01-13T17:09:00,-29,-29
http://irail.be/vehicle/IC414,http://irail.be/stations/NMBS/008844503,IC,2017-01-13T17:16:00,2017-01-13T17:16:00,,-29
http://irail.be/vehicle/IC414,http://irail.be/stations/NMBS/008896008,IC,2017-11-29T14:16:00,2017-11-29T14:16:00,667,
http://irail.be/vehicle/IC414,http://irail.be/stations/NMBS/008896115,IC,2017-11-29T14:22:00,2017-11-29T14:21:00,703,703
http://irail.be/vehicle/IC414,http://irail.be/stations/NMBS/008896149,IC,2017-11-29T14:28:00,2017-11-29T14:27:00,755,737
http://irail.be/vehicle/IC414,http://irail.be/stations/NMBS/008892106,IC,2017-11-29T14:38:00,2017-11-29T14:37:00,720,657
http://irail.be/vehicle/IC414,NO-URI,IC,2017-11-29T14:40:00,2017-11-29T14:40:00,720,720
http://irail.be/vehicle/IC414,http://irail.be/stations/NMBS/008892080,IC,2017-11-29T14:45:00,2017-11-29T14:44:00,655,628
http://irail.be/vehicle/IC414,http://irail.be/stations/NMBS/008892007,IC,2017-11-29T14:54:00,2017-11-29T14:51:00,797,693
http://irail.be/vehicle/IC414,http://irail.be/stations/NMBS/008814001,IC,2017-11-29T15:27:00,2017-11-29T15:24:00,888,876
http://irail.be/vehicle/IC414,http://irail.be/stations/NMBS/008813037,IC,2017-11-29T15:29:00,2017-11-29T15:29:00,903,903
http://irail.be/vehicle/IC414,http://irail.be/stations/NMBS/008813003,IC,2017-11-29T15:31:00,2017-11-29T15:30:00,976,909
http://irail.be/vehicle/IC414,http://irail.be/stations/NMBS/008813045,IC,2017-11-29T15:33:00,2017-11-29T15:33:00,974,974
http://irail.be/vehicle/IC414,http://irail.be/stations/NMBS/008812005,IC,2017-11-29T15:38:00,2017-11-29T15:35:00,948,970
http://irail.be/vehicle/IC414,http://irail.be/stations/NMBS/008811007,IC,2017-11-29T15:41:00,2017-11-29T15:41:00,935,935
http://irail.be/vehicle/IC414,http://irail.be/stations/NMBS/008811130,IC,2017-11-29T15:42:00,2017-11-29T15:42:00,973,973
http://irail.be/vehicle/IC414,http://irail.be/stations/NMBS/008811213,IC,2017-11-29T15:43:00,2017-11-29T15:43:00,962,962
http://irail.be/vehicle/IC414,http://irail.be/stations/NMBS/008811221,IC,2017-11-29T15:44:00,2017-11-29T15:44:00,971,971
http://irail.be/vehicle/IC414,http://irail.be/stations/NMBS/008811247,IC,2017-11-29T15:45:00,2017-11-29T15:45:00,933,933
http://irail.be/vehicle/IC414,http://irail.be/stations/NMBS/008811254,IC,2017-11-29T15:46:00,2017-11-29T15:46:00,844,844
http://irail.be/vehicle/IC414,http://irail.be/stations/NMBS/008811262,IC,2017-11-29T15:48:00,2017-11-29T15:48:00,844,844
http://irail.be/vehicle/IC414,http://irail.be/stations/NMBS/008811270,IC,2017-11-29T15:49:00,2017-11-29T15:49:00,924,924
http://irail.be/vehicle/IC414,http://irail.be/stations/NMBS/008811288,IC,2017-11-29T15:50:00,2017-11-29T15:50:00,937,937
http://irail.be/vehicle/IC414,http://irail.be/stations/NMBS/008833001,IC,2017-11-29T15:57:00,2017-11-29T15:53:00,867,957
http://irail.be/vehicle/IC414,http://irail.be/stations/NMBS/008841202,IC,2017-11-29T16:24:00,2017-11-29T16:24:00,800,800
http://irail.be/vehicle/IC414,http://irail.be/stations/NMBS/008841004,IC,2017-11-29T16:34:00,2017-11-29T16:31:00,886,833
http://irail.be/vehicle/IC414,http://irail.be/stations/NMBS/008842002,IC,2017-11-29T16:41:00,2017-11-29T16:37:00,787,787
http://irail.be/vehicle/IC414,http://irail.be/stations/NMBS/008842036,IC,2017-11-29T16:43:00,2017-11-29T16:43:00,787,787
http://irail.be/vehicle/IC414,http://irail.be/stations/NMBS/008844271,IC,2017-11-29T16:47:00,2017-11-29T16:47:00,772,772
http://irail.be/vehicle/IC414,NO-URI,IC,2017-11-29T16:48:00,2017-11-29T16:48:00,794,794
http://irail.be/vehicle/IC414,http://irail.be/stations/NMBS/008844255,IC,2017-11-29T16:49:00,2017-11-29T16:49:00,825,825
http://irail.be/vehicle/IC414,http://irail.be/stations/NMBS/008844230,IC,2017-11-29T16:49:00,2017-11-29T16:49:00,930,930
http://irail.be/vehicle/IC414,http://irail.be/stations/NMBS/008844206,IC,2017-11-29T16:54:00,2017-11-29T16:53:00,930,930
http://irail.be/vehicle/IC414,http://irail.be/stations/NMBS/008844008,IC,2017-11-29T17:02:00,2017-11-29T17:00:00,786,859
http://irail.be/vehicle/IC414,http://irail.be/stations/NMBS/008844057,IC,2017-11-29T17:03:00,2017-11-29T17:03:00,786,786
http://irail.be/vehicle/IC414,NO-URI,IC,2017-11-29T17:05:00,2017-11-29T17:05:00,842,842
http://irail.be/vehicle/IC414,http://irail.be/stations/NMBS/008844545,IC,2017-11-29T17:10:00,2017-11-29T17:09:00,915,915
http://irail.be/vehicle/IC414,http://irail.be/stations/NMBS/008844503,IC,2017-11-29T17:16:00,2017-11-29T17:16:00,,915
http://irail.be/vehicle/IC414,http://irail.be/stations/NMBS/008896008,IC,2017-02-28T14:16:00,2017-02-28T14:16:00,82,
http://irail.be/vehicle/IC414,http://irail.be/stations/NMBS/008896115,IC,2017-02-28T14:22:00,2017-02-28T14:21:00,176,176
http://irail.be/vehicle/IC414,http://irail.be/stations/NMBS/008896149,IC,2017-02-28T14:28:00,2017-02-28T14:27:00,179,176
http://irail.be/vehicle/IC414,http://irail.be/stations/NMBS/008892106,IC,2017-02-28T14:38:00,2017-02-28T14:37:00,150,103
http://irail.be/vehicle/IC414,NO-URI,IC,2017-02-28T14:40:00,2017-02-28T14:40:00,150,150
http://irail.be/vehicle/IC414,http://irail.be/stations/NMBS/008892080,IC,2017-02-28T14:45:00,2017-02-28T14:44:00,105,97
http://irail.be/vehicle/IC414,http://irail.be/stations/NMBS/008892007,IC,2017-02-28T14:54:00,2017-02-28T14:51:00,196,178
http://irail.be/vehicle/IC414,http://irail.be/stations/NMBS/008814001,IC,2017-02-28T15:27:00,2017-02-28T15:24:00,302,311
http://irail.be/vehicle/IC414,http://irail.be/stations/NMBS/008813037,IC,2017-02-28T15:29:00,2017-02-28T15:29:00,302,302
http://irail.be/vehicle/IC414,http://irail.be/stations/NMBS/008813003,IC,2017-02-28T15:31:00,2017-02-28T15:30:00,319,303
http://irail.be/vehicle/IC414,http://irail.be/stations/NMBS/008813045,IC,2017-02-28T15:33:00,2017-02-28T15:33:00,294,294
http://irail.be/vehicle/IC414,http://irail.be/stations/NMBS/008812005,IC,2017-02-28T15:38:00,2017-02-28T15:35:00,249,279
http://irail.be/vehicle/IC414,http://irail.be/stations/NMBS/008811007,IC,2017-02-28T15:41:00,2017-02-28T15:41:00,222,222
http://irail.be/vehicle/IC414,http://irail.be/stations/NMBS/008811130,IC,2017-02-28T15:42:00,2017-02-28T15:42:00,232,232
http://irail.be/vehicle/IC414,http://irail.be/stations/NMBS/008811213,IC,2017-02-28T15:43:00,2017-02-28T15:43:00,241,241
http://irail.be/vehicle/IC414,http://irail.be/stations/NMBS/008811221,IC,2017-02-28T15:44:00,2017-02-28T15:44:00,251,251
http://irail.be/vehicle/IC414,http://irail.be/stations/NMBS/008811247,IC,2017-02-28T15:45:00,2017-02-28T15:45:00,210,210
http://irail.be/vehicle/IC414,http://irail.be/stations/NMBS/008811254,IC,2017-02-28T15:46:00,2017-02-28T15:46:00,120,120
http://irail.be/vehicle/IC414,http://irail.be/stations/NMBS/008811262,IC,2017-02-28T15:48:00,2017-02-28T15:48:00,120,120
http://irail.be/vehicle/IC414,http://irail.be/stations/NMBS/008811270,IC,2017-02-28T15:49:00,2017-02-28T15:49:00,196,196
http://irail.be/vehicle/IC414,http://irail.be/stations/NMBS/008811288,IC,2017-02-28T15:50:00,2017-02-28T15:50:00,207,207
http://irail.be/vehicle/IC414,http://irail.be/stations/NMBS/008833001,IC,2017-02-28T15:57:00,2017-02-28T15:53:00,64,189
http://irail.be/vehicle/IC414,http://irail.be/stations/NMBS/008841202,IC,2017-02-28T16:24:00,2017-02-28T16:24:00,54,54
http://irail.be/vehicle/IC414,http://irail.be/stations/NMBS/008841004,IC,2017-02-28T16:34:00,2017-02-28T16:31:00,153,175
http://irail.be/vehicle/IC414,http://irail.be/stations/NMBS/008842002,IC,2017-02-28T16:41:00,2017-02-28T16:37:00,127,127
http://irail.be/vehicle/IC414,http://irail.be/stations/NMBS/008842036,IC,2017-02-28T16:43:00,2017-02-28T16:43:00,127,127
http://irail.be/vehicle/IC414,http://irail.be/stations/NMBS/008844271,IC,2017-02-28T16:47:00,2017-02-28T16:47:00,119,119
http://irail.be/vehicle/IC414,NO-URI,IC,2017-02-28T16:48:00,2017-02-28T16:48:00,143,143
http://irail.be/vehicle/IC414,http://irail.be/stations/NMBS/008844255,IC,2017-02-28T16:49:00,2017-02-28T16:49:00,140,140
http://irail.be/vehicle/IC414,http://irail.be/stations/NMBS/008844230,IC,2017-02-28T16:49:00,2017-02-28T16:49:00,362,362
http://irail.be/vehicle/IC414,http://irail.be/stations/NMBS/008844206,IC,2017-02-28T16:54:00,2017-02-28T16:53:00,362,362
http://irail.be/vehicle/IC414,http://irail.be/stations/NMBS/008844008,IC,2017-02-28T17:02:00,2017-02-28T17:00:00,336,387
http://irail.be/vehicle/IC414,http://irail.be/stations/NMBS/008844057,IC,2017-02-28T17:03:00,2017-02-28T17:03:00,336,336
http://irail.be/vehicle/IC414,NO-URI,IC,2017-02-28T17:05:00,2017-02-28T17:05:00,359,359
http://irail.be/vehicle/IC414,http://irail.be/stations/NMBS/008844545,IC,2017-02-28T17:10:00,2017-02-28T17:09:00,352,352
http://irail.be/vehicle/IC414,http://irail.be/stations/NMBS/008844503,IC,2017-02-28T17:16:00,2017-02-28T17:16:00,,352
http://irail.be/vehicle/IC414,http://irail.be/stations/NMBS/008896008,IC,2017-03-21T14:16:00,2017-03-21T14:16:00,70,
http://irail.be/vehicle/IC414,http://irail.be/stations/NMBS/008896115,IC,2017-03-21T14:22:00,2017-03-21T14:21:00,179,179
http://irail.be/vehicle/IC414,http://irail.be/stations/NMBS/008896149,IC,2017-03-21T14:28:00,2017-03-21T14:27:00,171,179
http://irail.be/vehicle/IC414,http://irail.be/stations/NMBS/008892106,IC,2017-03-21T14:38:00,2017-03-21T14:37:00,95,74
http://irail.be/vehicle/IC414,NO-URI,IC,2017-03-21T14:40:00,2017-03-21T14:40:00,95,95
http://irail.be/vehicle/IC414,http://irail.be/stations/NMBS/008892080,IC,2017-03-21T14:45:00,2017-03-21T14:44:00,50,20
http://irail.be/vehicle/IC414,http://irail.be/stations/NMBS/008892007,IC,2017-03-21T14:54:00,2017-03-21T14:51:00,32,97
http://irail.be/vehicle/IC414,http://irail.be/stations/NMBS/008814001,IC,2017-03-21T15:27:00,2017-03-21T15:24:00,225,232
http://irail.be/vehicle/IC414,http://irail.be/stations/NMBS/008813037,IC,2017-03-21T15:29:00,2017-03-21T15:29:00,245,245
http://irail.be/vehicle/IC414,http://irail.be/stations/NMBS/008813003,IC,2017-03-21T15:31:00,2017-03-21T15:30:00,399,324
http://irail.be/vehicle/IC414,http://irail.be/stations/NMBS/008813045,IC,2017-03-21T15:33:00,2017-03-21T15:33:00,379,379
http://irail.be/vehicle/IC414,http://irail.be/stations/NMBS/008812005,IC,2017-03-21T15:38:00,2017-03-21T15:35:00,351,369
http://irail.be/vehicle/IC414,http://irail.be/stations/NMBS/008811007,IC,2017-03-21T15:41:00,2017-03-21T15:41:00,341,341
http://irail.be/vehicle/IC414,http://irail.be/stations/NMBS/008811130,IC,2017-03-21T15:42:00,2017-03-21T15:42:00,357,357
http://irail.be/vehicle/IC414,http://irail.be/stations/NMBS/008811213,IC,2017-03-21T15:43:00,2017-03-21T15:43:00,364,364
http://irail.be/vehicle/IC414,http://irail.be/stations/NMBS/008811221,IC,2017-03-21T15:44:00,2017-03-21T15:44:00,375,375
http://irail.be/vehicle/IC414,http://irail.be/stations/NMBS/008811247,IC,2017-03-21T15:45:00,2017-03-21T15:45:00,334,334
http://irail.be/vehicle/IC414,http://irail.be/stations/NMBS/008811254,IC,2017-03-21T15:46:00,2017-03-21T15:46:00,243,243
http://irail.be/vehicle/IC414,http://irail.be/stations/NMBS/008811262,IC,2017-03-21T15:48:00,2017-03-21T15:48:00,243,243
http://irail.be/vehicle/IC414,http://irail.be/stations/NMBS/008811270,IC,2017-03-21T15:49:00,2017-03-21T15:49:00,320,320
http://irail.be/vehicle/IC414,http://irail.be/stations/NMBS/008811288,IC,2017-03-21T15:50:00,2017-03-21T15:50:00,332,332
http://irail.be/vehicle/IC414,http://irail.be/stations/NMBS/008833001,IC,2017-03-21T15:57:00,2017-03-21T15:53:00,297,335
http://irail.be/vehicle/IC414,http://irail.be/stations/NMBS/008841202,IC,2017-03-21T16:24:00,2017-03-21T16:24:00,217,217
http://irail.be/vehicle/IC414,http://irail.be/stations/NMBS/008841004,IC,2017-03-21T16:34:00,2017-03-21T16:31:00,193,232
http://irail.be/vehicle/IC414,http://irail.be/stations/NMBS/008842002,IC,2017-03-21T16:41:00,2017-03-21T16:37:00,105,105
http://irail.be/vehicle/IC414,http://irail.be/stations/NMBS/008842036,IC,2017-03-21T16:43:00,2017-03-21T16:43:00,105,105
http://irail.be/vehicle/IC414,http://irail.be/stations/NMBS/008844271,IC,2017-03-21T16:47:00,2017-03-21T16:47:00,86,86
http://irail.be/vehicle/IC414,NO-URI,IC,2017-03-21T16:48:00,2017-03-21T16:48:00,75,75
http://irail.be/vehicle/IC414,http://irail.be/stations/NMBS/008844255,IC,2017-03-21T16:49:00,2017-03-21T16:49:00,73,73
http://irail.be/vehicle/IC414,http://irail.be/stations/NMBS/008844230,IC,2017-03-21T16:49:00,2017-03-21T16:49:00,149,149
http://irail.be/vehicle/IC414,http://irail.be/stations/NMBS/008844206,IC,2017-03-21T16:54:00,2017-03-21T16:53:00,149,149
http://irail.be/vehicle/IC414,http://irail.be/stations/NMBS/008844008,IC,2017-03-21T17:02:00,2017-03-21T17:00:00,36,66
http://irail.be/vehicle/IC414,http://irail.be/stations/NMBS/008844057,IC,2017-03-21T17:03:00,2017-03-21T17:03:00,36,36
http://irail.be/vehicle/IC414,NO-URI,IC,2017-03-21T17:05:00,2017-03-21T17:05:00,50,50
http://irail.be/vehicle/IC414,http://irail.be/stations/NMBS/008844545,IC,2017-03-21T17:10:00,2017-03-21T17:09:00,17,17
http://irail.be/vehicle/IC414,http://irail.be/stations/NMBS/008844503,IC,2017-03-21T17:16:00,2017-03-21T17:16:00,,17
http://irail.be/vehicle/IC414,http://irail.be/stations/NMBS/008896008,IC,2017-10-02T14:16:00,2017-10-02T14:16:00,52,
http://irail.be/vehicle/IC414,http://irail.be/stations/NMBS/008896115,IC,2017-10-02T14:22:00,2017-10-02T14:21:00,104,104
http://irail.be/vehicle/IC414,http://irail.be/stations/NMBS/008896149,IC,2017-10-02T14:28:00,2017-10-02T14:27:00,215,140
http://irail.be/vehicle/IC414,http://irail.be/stations/NMBS/008892106,IC,2017-10-02T14:38:00,2017-10-02T14:37:00,183,117
http://irail.be/vehicle/IC414,NO-URI,IC,2017-10-02T14:40:00,2017-10-02T14:40:00,183,183
http://irail.be/vehicle/IC414,http://irail.be/stations/NMBS/008892080,IC,2017-10-02T14:45:00,2017-10-02T14:44:00,137,99
http://irail.be/vehicle/IC414,http://irail.be/stations/NMBS/008892007,IC,2017-10-02T14:54:00,2017-10-02T14:51:00,622,205
http://irail.be/vehicle/IC414,http://irail.be/stations/NMBS/008814001,IC,2017-10-02T15:27:00,2017-10-02T15:24:00,838,812
http://irail.be/vehicle/IC414,http://irail.be/stations/NMBS/008813037,IC,2017-10-02T15:29:00,2017-10-02T15:29:00,851,851
http://irail.be/vehicle/IC414,http://irail.be/stations/NMBS/008813003,IC,2017-10-02T15:31:00,2017-10-02T15:30:00,941,854
http://irail.be/vehicle/IC414,http://irail.be/stations/NMBS/008813045,IC,2017-10-02T15:33:00,2017-10-02T15:33:00,928,928
http://irail.be/vehicle/IC414,http://irail.be/stations/NMBS/008812005,IC,2017-10-02T15:38:00,2017-10-02T15:35:00,913,921
http://irail.be/vehicle/IC414,http://irail.be/stations/NMBS/008811007,IC,2017-10-02T15:41:00,2017-10-02T15:41:00,886,886
http://irail.be/vehicle/IC414,http://irail.be/stations/NMBS/008811130,IC,2017-10-02T15:42:00,2017-10-02T15:42:00,920,920
http://irail.be/vehicle/IC414,http://irail.be/stations/NMBS/008811213,IC,2017-10-02T15:43:00,2017-10-02T15:43:00,915,915
http://irail.be/vehicle/IC414,http://irail.be/stations/NMBS/008811221,IC,2017-10-02T15:44:00,2017-10-02T15:44:00,926,926
http://irail.be/vehicle/IC414,http://irail.be/stations/NMBS/008811247,IC,2017-10-02T15:45:00,2017-10-02T15:45:00,887,887
http://irail.be/vehicle/IC414,http://irail.be/stations/NMBS/008811254,IC,2017-10-02T15:46:00,2017-10-02T15:46:00,797,797
http://irail.be/vehicle/IC414,http://irail.be/stations/NMBS/008811262,IC,2017-10-02T15:48:00,2017-10-02T15:48:00,797,797
http://irail.be/vehicle/IC414,http://irail.be/stations/NMBS/008811270,IC,2017-10-02T15:49:00,2017-10-02T15:49:00,877,877
http://irail.be/vehicle/IC414,http://irail.be/stations/NMBS/008811288,IC,2017-10-02T15:50:00,2017-10-02T15:50:00,887,887
http://irail.be/vehicle/IC414,http://irail.be/stations/NMBS/008833001,IC,2017-10-02T15:57:00,2017-10-02T15:53:00,871,899
http://irail.be/vehicle/IC414,http://irail.be/stations/NMBS/008841202,IC,2017-10-02T16:24:00,2017-10-02T16:24:00,950,950
http://irail.be/vehicle/IC414,http://irail.be/stations/NMBS/008841004,IC,2017-10-02T16:34:00,2017-10-02T16:31:00,992,965
http://irail.be/vehicle/IC414,http://irail.be/stations/NMBS/008842002,IC,2017-10-02T16:41:00,2017-10-02T16:37:00,896,896
http://irail.be/vehicle/IC414,http://irail.be/stations/NMBS/008842036,IC,2017-10-02T16:43:00,2017-10-02T16:43:00,896,896
http://irail.be/vehicle/IC414,http://irail.be/stations/NMBS/008844271,IC,2017-10-02T16:47:00,2017-10-02T16:47:00,878,878
http://irail.be/vehicle/IC414,NO-URI,IC,2017-10-02T16:48:00,2017-10-02T16:48:00,881,881
http://irail.be/vehicle/IC414,http://irail.be/stations/NMBS/008844255,IC,2017-10-02T16:49:00,2017-10-02T16:49:00,876,876
http://irail.be/vehicle/IC414,http://irail.be/stations/NMBS/008844230,IC,2017-10-02T16:49:00,2017-10-02T16:49:00,987,987
http://irail.be/vehicle/IC414,http://irail.be/stations/NMBS/008844206,IC,2017-10-02T16:54:00,2017-10-02T16:53:00,987,987
http://irail.be/vehicle/IC414,http://irail.be/stations/NMBS/008844008,IC,2017-10-02T17:02:00,2017-10-02T17:00:00,848,926
http://irail.be/vehicle/IC414,http://irail.be/stations/NMBS/008844057,IC,2017-10-02T17:03:00,2017-10-02T17:03:00,848,848
http://irail.be/vehicle/IC414,NO-URI,IC,2017-10-02T17:05:00,2017-10-02T17:05:00,881,881
http://irail.be/vehicle/IC414,http://irail.be/stations/NMBS/008844545,IC,2017-10-02T17:10:00,2017-10-02T17:09:00,994,994
http://irail.be/vehicle/IC414,http://irail.be/stations/NMBS/008844503,IC,2017-10-02T17:16:00,2017-10-02T17:16:00,,994
http://irail.be/vehicle/IC414,http://irail.be/stations/NMBS/008896008,IC,2017-04-04T14:16:00,2017-04-04T14:16:00,36,
http://irail.be/vehicle/IC414,http://irail.be/stations/NMBS/008896115,IC,2017-04-04T14:22:00,2017-04-04T14:21:00,33,33
http://irail.be/vehicle/IC414,http://irail.be/stations/NMBS/008896149,IC,2017-04-04T14:28:00,2017-04-04T14:27:00,89,33
http://irail.be/vehicle/IC414,http://irail.be/stations/NMBS/008892106,IC,2017-04-04T14:38:00,2017-04-04T14:37:00,145,44
http://irail.be/vehicle/IC414,NO-URI,IC,2017-04-04T14:40:00,2017-04-04T14:40:00,145,145
http://irail.be/vehicle/IC414,http://irail.be/stations/NMBS/008892080,IC,2017-04-04T14:45:00,2017-04-04T14:44:00,119,92
http://irail.be/vehicle/IC414,http://irail.be/stations/NMBS/008892007,IC,2017-04-04T14:54:00,2017-04-04T14:51:00,118,153
http://irail.be/vehicle/IC414,http://irail.be/stations/NMBS/008814001,IC,2017-04-04T15:27:00,2017-04-04T15:24:00,174,177
http://irail.be/vehicle/IC414,http://irail.be/stations/NMBS/008813037,IC,2017-04-04T15:29:00,2017-04-04T15:29:00,164,164
http://irail.be/vehicle/IC414,http://irail.be/stations/NMBS/008813003,IC,2017-04-04T15:31:00,2017-04-04T15:30:00,177,170
http://irail.be/vehicle/IC414,http://irail.be/stations/NMBS/008813045,IC,2017-04-04T15:33:00,2017-04-04T15:33:00,159,159
http://irail.be/vehicle/IC414,http://irail.be/stations/NMBS/008812005,IC,2017-04-04T15:38:00,2017-04-04T15:35:00,127,154
http://irail.be/vehicle/IC414,http://irail.be/stations/NMBS/008811007,IC,2017-04-04T15:41:00,2017-04-04T15:41:00,106,106
http://irail.be/vehicle/IC414,http://irail.be/stations/NMBS/008811130,IC,2017-04-04T15:42:00,2017-04-04T15:42:00,123,123
http://irail.be/vehicle/IC414,http://irail.be/stations/NMBS/008811213,IC,2017-04-04T15:43:00,2017-04-04T15:43:00,110,110
http://irail.be/vehicle/IC414,http://irail.be/stations/NMBS/008811221,IC,2017-04-04T15:44:00,2017-04-04T15:44:00,118,118
http://irail.be/vehicle/IC414,http://irail.be/stations/NMBS/008811247,IC,2017-04-04T15:45:00,2017-04-04T15:45:00,79,79
http://irail.be/vehicle/IC414,http://irail.be/stations/NMBS/008811254,IC,2017-04-04T15:46:00,2017-04-04T15:46:00,-12,-12
http://irail.be/vehicle/IC414,http://irail.be/stations/NMBS/008811262,IC,2017-04-04T15:48:00,2017-04-04T15:48:00,-12,-12
http://irail.be/vehicle/IC414,http://irail.be/stations/NMBS/008811270,IC,2017-04-04T15:49:00,2017-04-04T15:49:00,69,69
http://irail.be/vehicle/IC414,http://irail.be/stations/NMBS/008811288,IC,2017-04-04T15:50:00,2017-04-04T15:50:00,84,84
http://irail.be/vehicle/IC414,http://irail.be/stations/NMBS/008833001,IC,2017-04-04T15:57:00,2017-04-04T15:53:00,31,97
http://irail.be/vehicle/IC414,http://irail.be/stations/NMBS/008841202,IC,2017-04-04T16:24:00,2017-04-04T16:24:00,-74,-74
http://irail.be/vehicle/IC414,http://irail.be/stations/NMBS/008841004,IC,2017-04-04T16:34:00,2017-04-04T16:31:00,19,21
http://irail.be/vehicle/IC414,http://irail.be/stations/NMBS/008842002,IC,2017-04-04T16:41:00,2017-04-04T16:37:00,24,24
http://irail.be/vehicle/IC414,http://irail.be/stations/NMBS/008842036,IC,2017-04-04T16:43:00,2017-04-04T16:43:00,24,24
http://irail.be/vehicle/IC414,http://irail.be/stations/NMBS/008844271,IC,2017-04-04T16:47:00,2017-04-04T16:47:00,-2,-2
http://irail.be/vehicle/IC414,NO-URI,IC,2017-04-04T16:48:00,2017-04-04T16:48:00,-16,-16
http://irail.be/vehicle/IC414,http://irail.be/stations/NMBS/008844255,IC,2017-04-04T16:49:00,2017-04-04T16:49:00,-19,-19
http://irail.be/vehicle/IC414,http://irail.be/stations/NMBS/008844230,IC,2017-04-04T16:49:00,2017-04-04T16:49:00,54,54
http://irail.be/vehicle/IC414,http://irail.be/stations/NMBS/008844206,IC,2017-04-04T16:54:00,2017-04-04T16:53:00,54,54
http://irail.be/vehicle/IC414,http://irail.be/stations/NMBS/008844008,IC,2017-04-04T17:02:00,2017-04-04T17:00:00,-4,9
http://irail.be/vehicle/IC414,http://irail.be/stations/NMBS/008844057,IC,2017-04-04T17:03:00,2017-04-04T17:03:00,-4,-4
http://irail.be/vehicle/IC414,NO-URI,IC,2017-04-04T17:05:00,2017-04-04T17:05:00,56,56
http://irail.be/vehicle/IC414,http://irail.be/stations/NMBS/008844545,IC,2017-04-04T17:10:00,2017-04-04T17:09:00,71,71
http://irail.be/vehicle/IC414,http://irail.be/stations/NMBS/008844503,IC,2017-04-04T17:16:00,2017-04-04T17:16:00,,71
http://irail.be/vehicle/IC414,http://irail.be/stations/NMBS/008896008,IC,2017-05-24T14:16:00,2017-05-24T14:16:00,65,
http://irail.be/vehicle/IC414,http://irail.be/stations/NMBS/008896115,IC,2017-05-24T14:22:00,2017-05-24T14:21:00,169,169
http://irail.be/vehicle/IC414,http://irail.be/stations/NMBS/008896149,IC,2017-05-24T14:28:00,2017-05-24T14:27:00,241,217
http://irail.be/vehicle/IC414,http://irail.be/stations/NMBS/008892106,IC,2017-05-24T14:38:00,2017-05-24T14:37:00,222,147
http://irail.be/vehicle/IC414,NO-URI,IC,2017-05-24T14:40:00,2017-05-24T14:40:00,222,222
http://irail.be/vehicle/IC414,http://irail.be/stations/NMBS/008892080,IC,2017-05-24T14:45:00,2017-05-24T14:44:00,190,145
http://irail.be/vehicle/IC414,http://irail.be/stations/NMBS/008892007,IC,2017-05-24T14:54:00,2017-05-24T14:51:00,253,264
http://irail.be/vehicle/IC414,http://irail.be/stations/NMBS/008814001,IC,2017-05-24T15:27:00,2017-05-24T15:24:00,188,273
http://irail.be/vehicle/IC414,http://irail.be/stations/NMBS/008813037,IC,2017-05-24T15:29:00,2017-05-24T15:29:00,227,227
http://irail.be/vehicle/IC414,http://irail.be/stations/NMBS/008813003,IC,2017-05-24T15:31:00,2017-05-24T15:30:00,251,230
http://irail.be/vehicle/IC414,http://irail.be/stations/NMBS/008813045,IC,2017-05-24T15:33:00,2017-05-24T15:33:00,232,232
http://irail.be/vehicle/IC414,http://irail.be/stations/NMBS/008812005,IC,2017-05-24T15:38:00,2017-05-24T15:35:00,182,227
http://irail.be/vehicle/IC414,http://irail.be/stations/NMBS/008811007,IC,2017-05-24T15:41:00,2017-05-24T15:41:00,206,206
http://irail.be/vehicle/IC414,http://irail.be/stations/NMBS/008811130,IC,2017-05-24T15:42:00,2017-05-24T15:42:00,235,235
http://irail.be/vehicle/IC414,http://irail.be/stations/NMBS/008811213,IC,2017-05-24T15:43:00,2017-05-24T15:43:00,226,226
http://irail.be/vehicle/IC414,http://irail.be/stations/NMBS/008811221,IC,2017-05-24T15:44:00,2017-05-24T15:44:00,235,235
http://irail.be/vehicle/IC414,http://irail.be/stations/NMBS/008811247,IC,2017-05-24T15:45:00,2017-05-24T15:45:00,195,195
http://irail.be/vehicle/IC414,http://irail.be/stations/NMBS/008811254,IC,2017-05-24T15:46:00,2017-05-24T15:46:00,104,104
http://irail.be/vehicle/IC414,http://irail.be/stations/NMBS/008811262,IC,2017-05-24T15:48:00,2017-05-24T15:48:00,104,104
http://irail.be/vehicle/IC414,http://irail.be/stations/NMBS/008811270,IC,2017-05-24T15:49:00,2017-05-24T15:49:00,182,182
http://irail.be/vehicle/IC414,http://irail.be/stations/NMBS/008811288,IC,2017-05-24T15:50:00,2017-05-24T15:50:00,192,192
http://irail.be/vehicle/IC414,http://irail.be/stations/NMBS/008833001,IC,2017-05-24T15:57:00,2017-05-24T15:53:00,104,189
http://irail.be/vehicle/IC414,http://irail.be/stations/NMBS/008841202,IC,2017-05-24T16:24:00,2017-05-24T16:24:00,338,338
http://irail.be/vehicle/IC414,http://irail.be/stations/NMBS/008841004,IC,2017-05-24T16:34:00,2017-05-24T16:31:00,585,476
http://irail.be/vehicle/IC414,http://irail.be/stations/NMBS/008842002,IC,2017-05-24T16:41:00,2017-05-24T16:37:00,448,448
http://irail.be/vehicle/IC414,http://irail.be/stations/NMBS/008842036,IC,2017-05-24T16:43:00,2017-05-24T16:43:00,448,448
http://irail.be/vehicle/IC414,http://irail.be/stations/NMBS/008844271,IC,2017-05-24T16:47:00,2017-05-24T16:47:00,423,423
http://irail.be/vehicle/IC414,NO-URI,IC,2017-05-24T16:48:00,2017-05-24T16:48:00,404,404
http://irail.be/vehicle/IC414,http://irail.be/stations/NMBS/008844255,IC,2017-05-24T16:49:00,2017-05-24T16:49:00,399,399
http://irail.be/vehicle/IC414,http://irail.be/stations/NMBS/008844230,IC,2017-05-24T16:49:00,2017-05-24T16:49:00,449,449
http://irail.be/vehicle/IC414,http://irail.be/stations/NMBS/008844206,IC,2017-05-24T16:54:00,2017-05-24T16:53:00,449,449
http://irail.be/vehicle/IC414,http://irail.be/stations/NMBS/008844008,IC,2017-05-24T17:02:00,2017-05-24T17:00:00,303,400
http://irail.be/vehicle/IC414,http://irail.be/stations/NMBS/008844057,IC,2017-05-24T17:03:00,2017-05-24T17:03:00,303,303
http://irail.be/vehicle/IC414,NO-URI,IC,2017-05-24T17:05:00,2017-05-24T17:05:00,316,316
http://irail.be/vehicle/IC414,http://irail.be/stations/NMBS/008844545,IC,2017-05-24T17:10:00,2017-05-24T17:09:00,311,311
http://irail.be/vehicle/IC414,http://irail.be/stations/NMBS/008844503,IC,2017-05-24T17:16:00,2017-05-24T17:16:00,,311
http://irail.be/vehicle/IC414,http://irail.be/stations/NMBS/008896008,IC,2017-10-16T14:16:00,2017-10-16T14:16:00,37,
http://irail.be/vehicle/IC414,http://irail.be/stations/NMBS/008896115,IC,2017-10-16T14:22:00,2017-10-16T14:21:00,54,54
http://irail.be/vehicle/IC414,http://irail.be/stations/NMBS/008896149,IC,2017-10-16T14:28:00,2017-10-16T14:27:00,72,68
http://irail.be/vehicle/IC414,http://irail.be/stations/NMBS/008892106,IC,2017-10-16T14:38:00,2017-10-16T14:37:00,80,-31
http://irail.be/vehicle/IC414,NO-URI,IC,2017-10-16T14:40:00,2017-10-16T14:40:00,80,80
http://irail.be/vehicle/IC414,http://irail.be/stations/NMBS/008892080,IC,2017-10-16T14:45:00,2017-10-16T14:44:00,29,-4
http://irail.be/vehicle/IC414,http://irail.be/stations/NMBS/008892007,IC,2017-10-16T14:54:00,2017-10-16T14:51:00,39,43
http://irail.be/vehicle/IC414,http://irail.be/stations/NMBS/008814001,IC,2017-10-16T15:27:00,2017-10-16T15:24:00,49,52
http://irail.be/vehicle/IC414,http://irail.be/stations/NMBS/008813037,IC,2017-10-16T15:29:00,2017-10-16T15:29:00,104,104
http://irail.be/vehicle/IC414,http://irail.be/stations/NMBS/008813003,IC,2017-10-16T15:31:00,2017-10-16T15:30:00,217,172
http://irail.be/vehicle/IC414,http://irail.be/stations/NMBS/008813045,IC,2017-10-16T15:33:00,2017-10-16T15:33:00,200,200
http://irail.be/vehicle/IC414,http://irail.be/stations/NMBS/008812005,IC,2017-10-16T15:38:00,2017-10-16T15:35:00,148,193
http://irail.be/vehicle/IC414,http://irail.be/stations/NMBS/008811007,IC,2017-10-16T15:41:00,2017-10-16T15:41:00,120,120
http://irail.be/vehicle/IC414,http://irail.be/stations/NMBS/008811130,IC,2017-10-16T15:42:00,2017-10-16T15:42:00,138,138
http://irail.be/vehicle/IC414,http://irail.be/stations/NMBS/008811213,IC,2017-10-16T15:43:00,2017-10-16T15:43:00,124,124
http://irail.be/vehicle/IC414,http://irail.be/stations/NMBS/008811221,IC,2017-10-16T15:44:00,2017-10-16T15:44:00,131,131
http://irail.be/vehicle/IC414,http://irail.be/stations/NMBS/008811247,IC,2017-10-16T15:45:00,2017-10-16T15:45:00,91,91
http://irail.be/vehicle/IC414,http://irail.be/stations/NMBS/008811254,IC,2017-10-16T15:46:00,2017-10-16T15:46:00,1,1
http://irail.be/vehicle/IC414,http://irail.be/stations/NMBS/008811262,IC,2017-10-16T15:48:00,2017-10-16T15:48:00,1,1
http://irail.be/vehicle/IC414,http://irail.be/stations/NMBS/008811270,IC,2017-10-16T15:49:00,2017-10-16T15:49:00,76,76
http://irail.be/vehicle/IC414,http://irail.be/stations/NMBS/008811288,IC,2017-10-16T15:50:00,2017-10-16T15:50:00,87,87
http://irail.be/vehicle/IC414,http://irail.be/stations/NMBS/008833001,IC,2017-10-16T15:57:00,2017-10-16T15:53:00,79,91
http://irail.be/vehicle/IC414,http://irail.be/stations/NMBS/008841202,IC,2017-10-16T16:24:00,2017-10-16T16:24:00,-56,-56
http://irail.be/vehicle/IC414,http://irail.be/stations/NMBS/008841004,IC,2017-10-16T16:34:00,2017-10-16T16:31:00,96,98
http://irail.be/vehicle/IC414,http://irail.be/stations/NMBS/008842002,IC,2017-10-16T16:41:00,2017-10-16T16:37:00,307,307
http://irail.be/vehicle/IC414,http://irail.be/stations/NMBS/008842036,IC,2017-10-16T16:43:00,2017-10-16T16:43:00,307,307
http://irail.be/vehicle/IC414,http://irail.be/stations/NMBS/008844271,IC,2017-10-16T16:47:00,2017-10-16T16:47:00,277,277
http://irail.be/vehicle/IC414,NO-URI,IC,2017-10-16T16:48:00,2017-10-16T16:48:00,257,257
http://irail.be/vehicle/IC414,http://irail.be/stations/NMBS/008844255,IC,2017-10-16T16:49:00,2017-10-16T16:49:00,251,251
http://irail.be/vehicle/IC414,http://irail.be/stations/NMBS/008844230,IC,2017-10-16T16:49:00,2017-10-16T16:49:00,361,361
http://irail.be/vehicle/IC414,http://irail.be/stations/NMBS/008844206,IC,2017-10-16T16:54:00,2017-10-16T16:53:00,361,361
http://irail.be/vehicle/IC414,http://irail.be/stations/NMBS/008844008,IC,2017-10-16T17:02:00,2017-10-16T17:00:00,164,266
http://irail.be/vehicle/IC414,http://irail.be/stations/NMBS/008844057,IC,2017-10-16T17:03:00,2017-10-16T17:03:00,164,164
http://irail.be/vehicle/IC414,NO-URI,IC,2017-10-16T17:05:00,2017-10-16T17:05:00,190,190
http://irail.be/vehicle/IC414,http://irail.be/stations/NMBS/008844545,IC,2017-10-16T17:10:00,2017-10-16T17:09:00,247,247
http://irail.be/vehicle/IC414,http://irail.be/stations/NMBS/008844503,IC,2017-10-16T17:16:00,2017-10-16T17:16:00,,247
http://irail.be/vehicle/IC414,http://irail.be/stations/NMBS/008896008,IC,2017-07-13T14:16:00,2017-07-13T14:16:00,51,
http://irail.be/vehicle/IC414,http://irail.be/stations/NMBS/008896115,IC,2017-07-13T14:22:00,2017-07-13T14:21:00,88,88
http://irail.be/vehicle/IC414,http://irail.be/stations/NMBS/008896149,IC,2017-07-13T14:28:00,2017-07-13T14:27:00,111,106
http://irail.be/vehicle/IC414,http://irail.be/stations/NMBS/008892106,IC,2017-07-13T14:38:00,2017-07-13T14:37:00,113,41
http://irail.be/vehicle/IC414,NO-URI,IC,2017-07-13T14:40:00,2017-07-13T14:40:00,113,113
http://irail.be/vehicle/IC414,http://irail.be/stations/NMBS/008892080,IC,2017-07-13T14:45:00,2017-07-13T14:44:00,45,19
http://irail.be/vehicle/IC414,http://irail.be/stations/NMBS/008892007,IC,2017-07-13T14:54:00,2017-07-13T14:51:00,51,73
http://irail.be/vehicle/IC414,http://irail.be/stations/NMBS/008814001,IC,2017-07-13T15:27:00,2017-07-13T15:24:00,208,212
http://irail.be/vehicle/IC414,http://irail.be/stations/NMBS/008813037,IC,2017-07-13T15:29:00,2017-07-13T15:29:00,240,240
http://irail.be/vehicle/IC414,http://irail.be/stations/NMBS/008813003,IC,2017-07-13T15:31:00,2017-07-13T15:30:00,268,245
http://irail.be/vehicle/IC414,http://irail.be/stations/NMBS/008813045,IC,2017-07-13T15:33:00,2017-07-13T15:33:00,263,263
http://irail.be/vehicle/IC414,http://irail.be/stations/NMBS/008812005,IC,2017-07-13T15:38:00,2017-07-13T15:35:00,245,258
http://irail.be/vehicle/IC414,http://irail.be/stations/NMBS/008811007,IC,2017-07-13T15:41:00,2017-07-13T15:41:00,235,235
http://irail.be/vehicle/IC414,http://irail.be/stations/NMBS/008811130,IC,2017-07-13T15:42:00,2017-07-13T15:42:00,268,268
http://irail.be/vehicle/IC414,http://irail.be/stations/NMBS/008811213,IC,2017-07-13T15:43:00,2017-07-13T15:43:00,258,258
http://irail.be/vehicle/IC414,http://irail.be/stations/NMBS/008811221,IC,2017-07-13T15:44:00,2017-07-13T15:44:00,266,266
http://irail.be/vehicle/IC414,http://irail.be/stations/NMBS/008811247,IC,2017-07-13T15:45:00,2017-07-13T15:45:00,227,227
http://irail.be/vehicle/IC414,http://irail.be/stations/NMBS/008811254,IC,2017-07-13T15:46:00,2017-07-13T15:46:00,137,137
http://irail.be/vehicle/IC414,http://irail.be/stations/NMBS/008811262,IC,2017-07-13T15:48:00,2017-07-13T15:48:00,137,137
http://irail.be/vehicle/IC414,http://irail.be/stations/NMBS/008811270,IC,2017-07-13T15:49:00,2017-07-13T15:49:00,218,218
http://irail.be/vehicle/IC414,http://irail.be/stations/NMBS/008811288,IC,2017-07-13T15:50:00,2017-07-13T15:50:00,231,231
http://irail.be/vehicle/IC414,http://irail.be/stations/NMBS/008833001,IC,2017-07-13T15:57:00,2017-07-13T15:53:00,109,214
http://irail.be/vehicle/IC414,http://irail.be/stations/NMBS/008841202,IC,2017-07-13T16:24:00,2017-07-13T16:24:00,2,2
http://irail.be/vehicle/IC414,http://irail.be/stations/NMBS/008841004,IC,2017-07-13T16:34:00,2017-07-13T16:31:00,132,159
http://irail.be/vehicle/IC414,http://irail.be/stations/NMBS/008842002,IC,2017-07-13T16:41:00,2017-07-13T16:37:00,80,80
http://irail.be/vehicle/IC414,http://irail.be/stations/NMBS/008842036,IC,2017-07-13T16:43:00,2017-07-13T16:43:00,80,80
http://irail.be/vehicle/IC414,http://irail.be/stations/NMBS/008844271,IC,2017-07-13T16:47:00,2017-07-13T16:47:00,68,68
http://irail.be/vehicle/IC414,NO-URI,IC,2017-07-13T16:48:00,2017-07-13T16:48:00,90,90
http://irail.be/vehicle/IC414,http://irail.be/stations/NMBS/008844255,IC,2017-07-13T16:49:00,2017-07-13T16:49:00,90,90
http://irail.be/vehicle/IC414,http://irail.be/stations/NMBS/008844230,IC,2017-07-13T16:49:00,2017-07-13T16:49:00,161,161
http://irail.be/vehicle/IC414,http://irail.be/stations/NMBS/008844206,IC,2017-07-13T16:54:00,2017-07-13T16:53:00,161,161
http://irail.be/vehicle/IC414,http://irail.be/stations/NMBS/008844008,IC,2017-07-13T17:02:00,2017-07-13T17:00:00,105,148
http://irail.be/vehicle/IC414,http://irail.be/stations/NMBS/008844057,IC,2017-07-13T17:03:00,2017-07-13T17:03:00,110,110
http://irail.be/vehicle/IC414,NO-URI,IC,2017-07-13T17:05:00,2017-07-13T17:05:00,110,110
http://irail.be/vehicle/IC414,http://irail.be/stations/NMBS/008844545,IC,2017-07-13T17:10:00,2017-07-13T17:09:00,359,359
http://irail.be/vehicle/IC414,http://irail.be/stations/NMBS/008844503,IC,2017-07-13T17:16:00,2017-07-13T17:16:00,,359
http://irail.be/vehicle/IC414,http://irail.be/stations/NMBS/008896008,IC,2017-02-10T14:16:00,2017-02-10T14:16:00,59,
http://irail.be/vehicle/IC414,http://irail.be/stations/NMBS/008896115,IC,2017-02-10T14:22:00,2017-02-10T14:21:00,64,64
http://irail.be/vehicle/IC414,http://irail.be/stations/NMBS/008896149,IC,2017-02-10T14:28:00,2017-02-10T14:27:00,72,64
http://irail.be/vehicle/IC414,http://irail.be/stations/NMBS/008892106,IC,2017-02-10T14:38:00,2017-02-10T14:37:00,86,-21
http://irail.be/vehicle/IC414,NO-URI,IC,2017-02-10T14:40:00,2017-02-10T14:40:00,86,86
http://irail.be/vehicle/IC414,http://irail.be/stations/NMBS/008892080,IC,2017-02-10T14:45:00,2017-02-10T14:44:00,52,-5
http://irail.be/vehicle/IC414,http://irail.be/stations/NMBS/008892007,IC,2017-02-10T14:54:00,2017-02-10T14:51:00,70,92
http://irail.be/vehicle/IC414,http://irail.be/stations/NMBS/008814001,IC,2017-02-10T15:27:00,2017-02-10T15:24:00,141,156
http://irail.be/vehicle/IC414,http://irail.be/stations/NMBS/008813037,IC,2017-02-10T15:29:00,2017-02-10T15:29:00,146,146
http://irail.be/vehicle/IC414,http://irail.be/stations/NMBS/008813003,IC,2017-02-10T15:31:00,2017-02-10T15:30:00,180,147
http://irail.be/vehicle/IC414,http://irail.be/stations/NMBS/008813045,IC,2017-02-10T15:33:00,2017-02-10T15:33:00,158,158
http://irail.be/vehicle/IC414,http://irail.be/stations/NMBS/008812005,IC,2017-02-10T15:38:00,2017-02-10T15:35:00,120,146
http://irail.be/vehicle/IC414,http://irail.be/stations/NMBS/008811007,IC,2017-02-10T15:41:00,2017-02-10T15:41:00,106,106
http://irail.be/vehicle/IC414,http://irail.be/stations/NMBS/008811130,IC,2017-02-10T15:42:00,2017-02-10T15:42:00,124,124
http://irail.be/vehicle/IC414,http://irail.be/stations/NMBS/008811213,IC,2017-02-10T15:43:00,2017-02-10T15:43:00,133,133
http://irail.be/vehicle/IC414,http://irail.be/stations/NMBS/008811221,IC,2017-02-10T15:44:00,2017-02-10T15:44:00,145,145
http://irail.be/vehicle/IC414,http://irail.be/stations/NMBS/008811247,IC,2017-02-10T15:45:00,2017-02-10T15:45:00,114,114
http://irail.be/vehicle/IC414,http://irail.be/stations/NMBS/008811254,IC,2017-02-10T15:46:00,2017-02-10T15:46:00,25,25
http://irail.be/vehicle/IC414,http://irail.be/stations/NMBS/008811262,IC,2017-02-10T15:48:00,2017-02-10T15:48:00,25,25
http://irail.be/vehicle/IC414,http://irail.be/stations/NMBS/008811270,IC,2017-02-10T15:49:00,2017-02-10T15:49:00,111,111
http://irail.be/vehicle/IC414,http://irail.be/stations/NMBS/008811288,IC,2017-02-10T15:50:00,2017-02-10T15:50:00,125,125
http://irail.be/vehicle/IC414,http://irail.be/stations/NMBS/008833001,IC,2017-02-10T15:57:00,2017-02-10T15:53:00,44,128
http://irail.be/vehicle/IC414,http://irail.be/stations/NMBS/008841202,IC,2017-02-10T16:24:00,2017-02-10T16:24:00,27,27
http://irail.be/vehicle/IC414,http://irail.be/stations/NMBS/008841004,IC,2017-02-10T16:34:00,2017-02-10T16:31:00,121,162
http://irail.be/vehicle/IC414,http://irail.be/stations/NMBS/008842002,IC,2017-02-10T16:41:00,2017-02-10T16:37:00,60,60
http://irail.be/vehicle/IC414,http://irail.be/stations/NMBS/008842036,IC,2017-02-10T16:43:00,2017-02-10T16:43:00,60,60
http://irail.be/vehicle/IC414,http://irail.be/stations/NMBS/008844271,IC,2017-02-10T16:47:00,2017-02-10T16:47:00,49,49
http://irail.be/vehicle/IC414,NO-URI,IC,2017-02-10T16:48:00,2017-02-10T16:48:00,59,59
http://irail.be/vehicle/IC414,http://irail.be/stations/NMBS/008844255,IC,2017-02-10T16:49:00,2017-02-10T16:49:00,57,57
http://irail.be/vehicle/IC414,http://irail.be/stations/NMBS/008844230,IC,2017-02-10T16:49:00,2017-02-10T16:49:00,192,192
http://irail.be/vehicle/IC414,http://irail.be/stations/NMBS/008844206,IC,2017-02-10T16:54:00,2017-02-10T16:53:00,192,192
http://irail.be/vehicle/IC414,http://irail.be/stations/NMBS/008844008,IC,2017-02-10T17:02:00,2017-02-10T17:00:00,79,127
http://irail.be/vehicle/IC414,http://irail.be/stations/NMBS/008844057,IC,2017-02-10T17:03:00,2017-02-10T17:03:00,79,79
http://irail.be/vehicle/IC414,NO-URI,IC,2017-02-10T17:05:00,2017-02-10T17:05:00,99,99
http://irail.be/vehicle/IC414,http://irail.be/stations/NMBS/008844545,IC,2017-02-10T17:10:00,2017-02-10T17:09:00,170,170
http://irail.be/vehicle/IC414,http://irail.be/stations/NMBS/008844503,IC,2017-02-10T17:16:00,2017-02-10T17:16:00,,170
http://irail.be/vehicle/IC414,http://irail.be/stations/NMBS/008896008,IC,2017-05-11T14:16:00,2017-05-11T14:16:00,51,
http://irail.be/vehicle/IC414,http://irail.be/stations/NMBS/008896115,IC,2017-05-11T14:22:00,2017-05-11T14:21:00,68,68
http://irail.be/vehicle/IC414,http://irail.be/stations/NMBS/008896149,IC,2017-05-11T14:28:00,2017-05-11T14:27:00,82,87
http://irail.be/vehicle/IC414,http://irail.be/stations/NMBS/008892106,IC,2017-05-11T14:38:00,2017-05-11T14:37:00,71,-12
http://irail.be/vehicle/IC414,NO-URI,IC,2017-05-11T14:40:00,2017-05-11T14:40:00,71,71
http://irail.be/vehicle/IC414,http://irail.be/stations/NMBS/008892080,IC,2017-05-11T14:45:00,2017-05-11T14:44:00,36,-16
http://irail.be/vehicle/IC414,http://irail.be/stations/NMBS/008892007,IC,2017-05-11T14:54:00,2017-05-11T14:51:00,67,86
http://irail.be/vehicle/IC414,http://irail.be/stations/NMBS/008814001,IC,2017-05-11T15:27:00,2017-05-11T15:24:00,34,41
http://irail.be/vehicle/IC414,http://irail.be/stations/NMBS/008813037,IC,2017-05-11T15:29:00,2017-05-11T15:29:00,70,70
http://irail.be/vehicle/IC414,http://irail.be/stations/NMBS/008813003,IC,2017-05-11T15:31:00,2017-05-11T15:30:00,218,175
http://irail.be/vehicle/IC414,http://irail.be/stations/NMBS/008813045,IC,2017-05-11T15:33:00,2017-05-11T15:33:00,208,208
http://irail.be/vehicle/IC414,http://irail.be/stations/NMBS/008812005,IC,2017-05-11T15:38:00,2017-05-11T15:35:00,162,198
http://irail.be/vehicle/IC414,http://irail.be/stations/NMBS/008811007,IC,2017-05-11T15:41:00,2017-05-11T15:41:00,146,146
http://irail.be/vehicle/IC414,http://irail.be/stations/NMBS/008811130,IC,2017-05-11T15:42:00,2017-05-11T15:42:00,170,170
http://irail.be/vehicle/IC414,http://irail.be/stations/NMBS/008811213,IC,2017-05-11T15:43:00,2017-05-11T15:43:00,163,163
http://irail.be/vehicle/IC414,http://irail.be/stations/NMBS/008811221,IC,2017-05-11T15:44:00,2017-05-11T15:44:00,172,172
http://irail.be/vehicle/IC414,http://irail.be/stations/NMBS/008811247,IC,2017-05-11T15:45:00,2017-05-11T15:45:00,135,135
http://irail.be/vehicle/IC414,http://irail.be/stations/NMBS/008811254,IC,2017-05-11T15:46:00,2017-05-11T15:46:00,45,45
http://irail.be/vehicle/IC414,http://irail.be/stations/NMBS/008811262,IC,2017-05-11T15:48:00,2017-05-11T15:48:00,45,45
http://irail.be/vehicle/IC414,http://irail.be/stations/NMBS/008811270,IC,2017-05-11T15:49:00,2017-05-11T15:49:00,124,124
http://irail.be/vehicle/IC414,http://irail.be/stations/NMBS/008811288,IC,2017-05-11T15:50:00,2017-05-11T15:50:00,135,135
http://irail.be/vehicle/IC414,http://irail.be/stations/NMBS/008833001,IC,2017-05-11T15:57:00,2017-05-11T15:53:00,153,146
http://irail.be/vehicle/IC414,http://irail.be/stations/NMBS/008841202,IC,2017-05-11T16:24:00,2017-05-11T16:24:00,152,152
http://irail.be/vehicle/IC414,http://irail.be/stations/NMBS/008841004,IC,2017-05-11T16:34:00,2017-05-11T16:31:00,257,278
http://irail.be/vehicle/IC414,http://irail.be/stations/NMBS/008842002,IC,2017-05-11T16:41:00,2017-05-11T16:37:00,174,174
http://irail.be/vehicle/IC414,http://irail.be/stations/NMBS/008842036,IC,2017-05-11T16:43:00,2017-05-11T16:43:00,174,174
http://irail.be/vehicle/IC414,http://irail.be/stations/NMBS/008844271,IC,2017-05-11T16:47:00,2017-05-11T16:47:00,153,153
http://irail.be/vehicle/IC414,NO-URI,IC,2017-05-11T16:48:00,2017-05-11T16:48:00,138,138
http://irail.be/vehicle/IC414,http://irail.be/stations/NMBS/008844255,IC,2017-05-11T16:49:00,2017-05-11T16:49:00,132,132
http://irail.be/vehicle/IC414,http://irail.be/stations/NMBS/008844230,IC,2017-05-11T16:49:00,2017-05-11T16:49:00,175,175
http://irail.be/vehicle/IC414,http://irail.be/stations/NMBS/008844206,IC,2017-05-11T16:54:00,2017-05-11T16:53:00,175,175
http://irail.be/vehicle/IC414,http://irail.be/stations/NMBS/008844008,IC,2017-05-11T17:02:00,2017-05-11T17:00:00,27,94
http://irail.be/vehicle/IC414,http://irail.be/stations/NMBS/008844057,IC,2017-05-11T17:03:00,2017-05-11T17:03:00,27,27
http://irail.be/vehicle/IC414,NO-URI,IC,2017-05-11T17:05:00,2017-05-11T17:05:00,52,52
http://irail.be/vehicle/IC414,http://irail.be/stations/NMBS/008844545,IC,2017-05-11T17:10:00,2017-05-11T17:09:00,61,61
http://irail.be/vehicle/IC414,http://irail.be/stations/NMBS/008844503,IC,2017-05-11T17:16:00,2017-05-11T17:16:00,,61
http://irail.be/vehicle/IC414,http://irail.be/stations/NMBS/008896008,IC,2017-08-23T14:16:00,2017-08-23T14:16:00,76,
http://irail.be/vehicle/IC414,http://irail.be/stations/NMBS/008896115,IC,2017-08-23T14:22:00,2017-08-23T14:21:00,99,99
http://irail.be/vehicle/IC414,http://irail.be/stations/NMBS/008896149,IC,2017-08-23T14:28:00,2017-08-23T14:27:00,145,117
http://irail.be/vehicle/IC414,http://irail.be/stations/NMBS/008892106,IC,2017-08-23T14:38:00,2017-08-23T14:37:00,96,39
http://irail.be/vehicle/IC414,NO-URI,IC,2017-08-23T14:40:00,2017-08-23T14:40:00,96,96
http://irail.be/vehicle/IC414,http://irail.be/stations/NMBS/008892080,IC,2017-08-23T14:45:00,2017-08-23T14:44:00,53,9
http://irail.be/vehicle/IC414,http://irail.be/stations/NMBS/008892007,IC,2017-08-23T14:54:00,2017-08-23T14:51:00,156,84
http://irail.be/vehicle/IC414,http://irail.be/stations/NMBS/008814001,IC,2017-08-23T15:27:00,2017-08-23T15:24:00,229,211
http://irail.be/vehicle/IC414,http://irail.be/stations/NMBS/008813037,IC,2017-08-23T15:29:00,2017-08-23T15:29:00,245,245
http://irail.be/vehicle/IC414,http://irail.be/stations/NMBS/008813003,IC,2017-08-23T15:31:00,2017-08-23T15:30:00,405,361
http://irail.be/vehicle/IC414,http://irail.be/stations/NMBS/008813045,IC,2017-08-23T15:33:00,2017-08-23T15:33:00,389,389
http://irail.be/vehicle/IC414,http://irail.be/stations/NMBS/008812005,IC,2017-08-23T15:38:00,2017-08-23T15:35:00,336,383
http://irail.be/vehicle/IC414,http://irail.be/stations/NMBS/008811007,IC,2017-08-23T15:41:00,2017-08-23T15:41:00,362,362
http://irail.be/vehicle/IC414,http://irail.be/stations/NMBS/008811130,IC,2017-08-23T15:42:00,2017-08-23T15:42:00,388,388
http://irail.be/vehicle/IC414,http://irail.be/stations/NMBS/008811213,IC,2017-08-23T15:43:00,2017-08-23T15:43:00,375,375
http://irail.be/vehicle/IC414,http://irail.be/stations/NMBS/008811221,IC,2017-08-23T15:44:00,2017-08-23T15:44:00,384,384
http://irail.be/vehicle/IC414,http://irail.be/stations/NMBS/008811247,IC,2017-08-23T15:45:00,2017-08-23T15:45:00,344,344
http://irail.be/vehicle/IC414,http://irail.be/stations/NMBS/008811254,IC,2017-08-23T15:46:00,2017-08-23T15:46:00,253,253
http://irail.be/vehicle/IC414,http://irail.be/stations/NMBS/008811262,IC,2017-08-23T15:48:00,2017-08-23T15:48:00,253,253
http://irail.be/vehicle/IC414,http://irail.be/stations/NMBS/008811270,IC,2017-08-23T15:49:00,2017-08-23T15:49:00,331,331
http://irail.be/vehicle/IC414,http://irail.be/stations/NMBS/008811288,IC,2017-08-23T15:50:00,2017-08-23T15:50:00,343,343
http://irail.be/vehicle/IC414,http://irail.be/stations/NMBS/008833001,IC,2017-08-23T15:57:00,2017-08-23T15:53:00,248,338
http://irail.be/vehicle/IC414,http://irail.be/stations/NMBS/008841202,IC,2017-08-23T16:24:00,2017-08-23T16:24:00,127,127
http://irail.be/vehicle/IC414,http://irail.be/stations/NMBS/008841004,IC,2017-08-23T16:34:00,2017-08-23T16:31:00,38,85
http://irail.be/vehicle/IC414,http://irail.be/stations/NMBS/008842002,IC,2017-08-23T16:41:00,2017-08-23T16:37:00,75,75
http://irail.be/vehicle/IC414,http://irail.be/stations/NMBS/008842036,IC,2017-08-23T16:43:00,2017-08-23T16:43:00,75,75
http://irail.be/vehicle/IC414,http://irail.be/stations/NMBS/008844271,IC,2017-08-23T16:47:00,2017-08-23T16:47:00,48,48
http://irail.be/vehicle/IC414,NO-URI,IC,2017-08-23T16:48:00,2017-08-23T16:48:00,36,36
http://irail.be/vehicle/IC414,http://irail.be/stations/NMBS/008844255,IC,2017-08-23T16:49:00,2017-08-23T16:49:00,30,30
http://irail.be/vehicle/IC414,http://irail.be/stations/NMBS/008844230,IC,2017-08-23T16:49:00,2017-08-23T16:49:00,116,116
http://irail.be/vehicle/IC414,http://irail.be/stations/NMBS/008844206,IC,2017-08-23T16:54:00,2017-08-23T16:53:00,116,116
http://irail.be/vehicle/IC414,http://irail.be/stations/NMBS/008844008,IC,2017-08-23T17:02:00,2017-08-23T17:00:00,-14,48
http://irail.be/vehicle/IC414,http://irail.be/stations/NMBS/008844057,IC,2017-08-23T17:03:00,2017-08-23T17:03:00,-14,-14
http://irail.be/vehicle/IC414,NO-URI,IC,2017-08-23T17:05:00,2017-08-23T17:05:00,-18,-18
http://irail.be/vehicle/IC414,http://irail.be/stations/NMBS/008844545,IC,2017-08-23T17:10:00,2017-08-23T17:09:00,-47,-47
http://irail.be/vehicle/IC414,http://irail.be/stations/NMBS/008844503,IC,2017-08-23T17:16:00,2017-08-23T17:16:00,,-47
http://irail.be/vehicle/IC414,http://irail.be/stations/NMBS/008896008,IC,2017-05-18T14:16:00,2017-05-18T14:16:00,58,
http://irail.be/vehicle/IC414,http://irail.be/stations/NMBS/008896115,IC,2017-05-18T14:22:00,2017-05-18T14:21:00,70,70
http://irail.be/vehicle/IC414,http://irail.be/stations/NMBS/008896149,IC,2017-05-18T14:28:00,2017-05-18T14:27:00,85,94
http://irail.be/vehicle/IC414,http://irail.be/stations/NMBS/008892106,IC,2017-05-18T14:38:00,2017-05-18T14:37:00,101,-10
http://irail.be/vehicle/IC414,NO-URI,IC,2017-05-18T14:40:00,2017-05-18T14:40:00,101,101
http://irail.be/vehicle/IC414,http://irail.be/stations/NMBS/008892080,IC,2017-05-18T14:45:00,2017-05-18T14:44:00,37,23
http://irail.be/vehicle/IC414,http://irail.be/stations/NMBS/008892007,IC,2017-05-18T14:54:00,2017-05-18T14:51:00,75,77
http://irail.be/vehicle/IC414,http://irail.be/stations/NMBS/008814001,IC,2017-05-18T15:27:00,2017-05-18T15:24:00,361,438
http://irail.be/vehicle/IC414,http://irail.be/stations/NMBS/008813037,IC,2017-05-18T15:29:00,2017-05-18T15:29:00,398,398
http://irail.be/vehicle/IC414,http://irail.be/stations/NMBS/008813003,IC,2017-05-18T15:31:00,2017-05-18T15:30:00,529,400
http://irail.be/vehicle/IC414,http://irail.be/stations/NMBS/008813045,IC,2017-05-18T15:33:00,2017-05-18T15:33:00,509,509
http://irail.be/vehicle/IC414,http://irail.be/stations/NMBS/008812005,IC,2017-05-18T15:38:00,2017-05-18T15:35:00,465,502
http://irail.be/vehicle/IC414,http://irail.be/stations/NMBS/008811007,IC,2017-05-18T15:41:00,2017-05-18T15:41:00,432,432
http://irail.be/vehicle/IC414,http://irail.be/stations/NMBS/008811130,IC,2017-05-18T15:42:00,2017-05-18T15:42:00,447,447
http://irail.be/vehicle/IC414,http://irail.be/stations/NMBS/008811213,IC,2017-05-18T15:43:00,2017-05-18T15:43:00,435,435
http://irail.be/vehicle/IC414,http://irail.be/stations/NMBS/008811221,IC,2017-05-18T15:44:00,2017-05-18T15:44:00,445,445
http://irail.be/vehicle/IC414,http://irail.be/stations/NMBS/008811247,IC,2017-05-18T15:45:00,2017-05-18T15:45:00,411,411
http://irail.be/vehicle/IC414,http://irail.be/stations/NMBS/008811254,IC,2017-05-18T15:46:00,2017-05-18T15:46:00,336,336
http://irail.be/vehicle/IC414,http://irail.be/stations/NMBS/008811262,IC,2017-05-18T15:48:00,2017-05-18T15:48:00,336,336
http://irail.be/vehicle/IC414,http://irail.be/stations/NMBS/008811270,IC,2017-05-18T15:49:00,2017-05-18T15:49:00,453,453
http://irail.be/vehicle/IC414,http://irail.be/stations/NMBS/008811288,IC,2017-05-18T15:50:00,2017-05-18T15:50:00,483,483
http://irail.be/vehicle/IC414,http://irail.be/stations/NMBS/008833001,IC,2017-05-18T15:57:00,2017-05-18T15:53:00,491,598
http://irail.be/vehicle/IC414,http://irail.be/stations/NMBS/008841202,IC,2017-05-18T16:24:00,2017-05-18T16:24:00,374,374
http://irail.be/vehicle/IC414,http://irail.be/stations/NMBS/008841004,IC,2017-05-18T16:34:00,2017-05-18T16:31:00,424,475
http://irail.be/vehicle/IC414,http://irail.be/stations/NMBS/008842002,IC,2017-05-18T16:41:00,2017-05-18T16:37:00,278,278
http://irail.be/vehicle/IC414,http://irail.be/stations/NMBS/008842036,IC,2017-05-18T16:43:00,2017-05-18T16:43:00,278,278
http://irail.be/vehicle/IC414,http://irail.be/stations/NMBS/008844271,IC,2017-05-18T16:47:00,2017-05-18T16:47:00,249,249
http://irail.be/vehicle/IC414,NO-URI,IC,2017-05-18T16:48:00,2017-05-18T16:48:00,235,235
http://irail.be/vehicle/IC414,http://irail.be/stations/NMBS/008844255,IC,2017-05-18T16:49:00,2017-05-18T16:49:00,230,230
http://irail.be/vehicle/IC414,http://irail.be/stations/NMBS/008844230,IC,2017-05-18T16:49:00,2017-05-18T16:49:00,371,371
http://irail.be/vehicle/IC414,http://irail.be/stations/NMBS/008844206,IC,2017-05-18T16:54:00,2017-05-18T16:53:00,371,371
http://irail.be/vehicle/IC414,http://irail.be/stations/NMBS/008844008,IC,2017-05-18T17:02:00,2017-05-18T17:00:00,318,380
http://irail.be/vehicle/IC414,http://irail.be/stations/NMBS/008844057,IC,2017-05-18T17:03:00,2017-05-18T17:03:00,318,318
http://irail.be/vehicle/IC414,NO-URI,IC,2017-05-18T17:05:00,2017-05-18T17:05:00,340,340
http://irail.be/vehicle/IC414,http://irail.be/stations/NMBS/008844545,IC,2017-05-18T17:10:00,2017-05-18T17:09:00,433,433
http://irail.be/vehicle/IC414,http://irail.be/stations/NMBS/008844503,IC,2017-05-18T17:16:00,2017-05-18T17:16:00,,433
http://irail.be/vehicle/IC414,http://irail.be/stations/NMBS/008896008,IC,2017-12-27T14:16:00,2017-12-27T14:16:00,39,
http://irail.be/vehicle/IC414,http://irail.be/stations/NMBS/008896115,IC,2017-12-27T14:22:00,2017-12-27T14:21:00,39,39
http://irail.be/vehicle/IC414,http://irail.be/stations/NMBS/008896149,IC,2017-12-27T14:28:00,2017-12-27T14:27:00,80,75
http://irail.be/vehicle/IC414,http://irail.be/stations/NMBS/008892106,IC,2017-12-27T14:38:00,2017-12-27T14:37:00,85,-17
http://irail.be/vehicle/IC414,NO-URI,IC,2017-12-27T14:40:00,2017-12-27T14:40:00,85,85
http://irail.be/vehicle/IC414,http://irail.be/stations/NMBS/008892080,IC,2017-12-27T14:44:00,2017-12-27T14:43:00,81,60
http://irail.be/vehicle/IC414,http://irail.be/stations/NMBS/008892007,IC,2017-12-27T14:54:00,2017-12-27T14:52:00,125,40
http://irail.be/vehicle/IC414,http://irail.be/stations/NMBS/008814001,IC,2017-12-27T15:27:00,2017-12-27T15:24:00,75,102
http://irail.be/vehicle/IC414,http://irail.be/stations/NMBS/008813037,IC,2017-12-27T15:29:00,2017-12-27T15:29:00,122,122
http://irail.be/vehicle/IC414,http://irail.be/stations/NMBS/008813003,IC,2017-12-27T15:31:00,2017-12-27T15:30:00,162,127
http://irail.be/vehicle/IC414,http://irail.be/stations/NMBS/008813045,IC,2017-12-27T15:33:00,2017-12-27T15:33:00,147,147
http://irail.be/vehicle/IC414,http://irail.be/stations/NMBS/008812005,IC,2017-12-27T15:37:00,2017-12-27T15:35:00,157,141
http://irail.be/vehicle/IC414,http://irail.be/stations/NMBS/008811007,IC,2017-12-27T15:40:00,2017-12-27T15:40:00,128,128
http://irail.be/vehicle/IC414,http://irail.be/stations/NMBS/008811130,IC,2017-12-27T15:41:00,2017-12-27T15:41:00,145,145
http://irail.be/vehicle/IC414,http://irail.be/stations/NMBS/008811213,IC,2017-12-27T15:42:00,2017-12-27T15:42:00,130,130
http://irail.be/vehicle/IC414,http://irail.be/stations/NMBS/008811221,IC,2017-12-27T15:43:00,2017-12-27T15:43:00,100,100
http://irail.be/vehicle/IC414,http://irail.be/stations/NMBS/008811247,IC,2017-12-27T15:44:00,2017-12-27T15:44:00,99,99
http://irail.be/vehicle/IC414,http://irail.be/stations/NMBS/008811254,IC,2017-12-27T15:45:00,2017-12-27T15:45:00,10,10
http://irail.be/vehicle/IC414,http://irail.be/stations/NMBS/008811262,IC,2017-12-27T15:47:00,2017-12-27T15:47:00,10,10
http://irail.be/vehicle/IC414,http://irail.be/stations/NMBS/008811270,IC,2017-12-27T15:48:00,2017-12-27T15:48:00,85,85
http://irail.be/vehicle/IC414,http://irail.be/stations/NMBS/008811288,IC,2017-12-27T15:49:00,2017-12-27T15:49:00,96,96
http://irail.be/vehicle/IC414,http://irail.be/stations/NMBS/008833001,IC,2017-12-27T15:56:00,2017-12-27T15:52:00,31,99
http://irail.be/vehicle/IC414,http://irail.be/stations/NMBS/008841202,IC,2017-12-27T16:22:00,2017-12-27T16:22:00,100,100
http://irail.be/vehicle/IC414,http://irail.be/stations/NMBS/008841004,IC,2017-12-27T16:36:00,2017-12-27T16:29:00,15,258
http://irail.be/vehicle/IC414,http://irail.be/stations/NMBS/008842002,IC,2017-12-27T16:41:00,2017-12-27T16:39:00,46,46
http://irail.be/vehicle/IC414,http://irail.be/stations/NMBS/008842036,IC,2017-12-27T16:43:00,2017-12-27T16:43:00,46,46
http://irail.be/vehicle/IC414,http://irail.be/stations/NMBS/008844271,IC,2017-12-27T16:47:00,2017-12-27T16:47:00,20,20
http://irail.be/vehicle/IC414,NO-URI,IC,2017-12-27T16:48:00,2017-12-27T16:48:00,49,49
http://irail.be/vehicle/IC414,http://irail.be/stations/NMBS/008844255,IC,2017-12-27T16:49:00,2017-12-27T16:49:00,84,84
http://irail.be/vehicle/IC414,http://irail.be/stations/NMBS/008844230,IC,2017-12-27T16:49:00,2017-12-27T16:49:00,179,179
http://irail.be/vehicle/IC414,http://irail.be/stations/NMBS/008844206,IC,2017-12-27T16:54:00,2017-12-27T16:53:00,179,179
http://irail.be/vehicle/IC414,http://irail.be/stations/NMBS/008844008,IC,2017-12-27T17:02:00,2017-12-27T17:00:00,22,109
http://irail.be/vehicle/IC414,http://irail.be/stations/NMBS/008844057,IC,2017-12-27T17:03:00,2017-12-27T17:03:00,22,22
http://irail.be/vehicle/IC414,http://irail.be/stations/NMBS/008844545,IC,2017-12-27T17:09:00,2017-12-27T17:08:00,164,164
http://irail.be/vehicle/IC414,http://irail.be/stations/NMBS/008844503,IC,2017-12-27T17:14:00,2017-12-27T17:14:00,,164
http://irail.be/vehicle/IC414,http://irail.be/stations/NMBS/008896008,IC,2017-04-28T14:16:00,2017-04-28T14:16:00,894,
http://irail.be/vehicle/IC414,http://irail.be/stations/NMBS/008896115,IC,2017-04-28T14:22:00,2017-04-28T14:21:00,991,991
http://irail.be/vehicle/IC414,http://irail.be/stations/NMBS/008896149,IC,2017-04-28T14:28:00,2017-04-28T14:27:00,994,991
http://irail.be/vehicle/IC414,http://irail.be/stations/NMBS/008892106,IC,2017-04-28T14:38:00,2017-04-28T14:37:00,973,920
http://irail.be/vehicle/IC414,NO-URI,IC,2017-04-28T14:40:00,2017-04-28T14:40:00,973,973
http://irail.be/vehicle/IC414,http://irail.be/stations/NMBS/008892080,IC,2017-04-28T14:45:00,2017-04-28T14:44:00,982,927
http://irail.be/vehicle/IC414,http://irail.be/stations/NMBS/008892007,IC,2017-04-28T14:54:00,2017-04-28T14:51:00,1152,1182
http://irail.be/vehicle/IC414,http://irail.be/stations/NMBS/008814001,IC,2017-04-28T15:27:00,2017-04-28T15:24:00,1418,1341
http://irail.be/vehicle/IC414,http://irail.be/stations/NMBS/008813037,IC,2017-04-28T15:29:00,2017-04-28T15:29:00,1439,1439
http://irail.be/vehicle/IC414,http://irail.be/stations/NMBS/008813003,IC,2017-04-28T15:31:00,2017-04-28T15:30:00,1689,1597
http://irail.be/vehicle/IC414,http://irail.be/stations/NMBS/008813045,IC,2017-04-28T15:33:00,2017-04-28T15:33:00,1674,1674
http://irail.be/vehicle/IC414,http://irail.be/stations/NMBS/008812005,IC,2017-04-28T15:38:00,2017-04-28T15:35:00,1637,1668
http://irail.be/vehicle/IC414,http://irail.be/stations/NMBS/008811007,IC,2017-04-28T15:41:00,2017-04-28T15:41:00,1633,1633
http://irail.be/vehicle/IC414,http://irail.be/stations/NMBS/008811130,IC,2017-04-28T15:42:45,2017-04-28T15:42:00,1804,1804
http://irail.be/vehicle/IC414,http://irail.be/stations/NMBS/008811213,IC,2017-04-28T15:43:00,2017-04-28T15:43:00,1871,1871
http://irail.be/vehicle/IC414,http://irail.be/stations/NMBS/008811221,IC,2017-04-28T15:44:00,2017-04-28T15:44:00,1901,1901
http://irail.be/vehicle/IC414,http://irail.be/stations/NMBS/008811247,IC,2017-04-28T15:45:00,2017-04-28T15:45:00,1873,1873
http://irail.be/vehicle/IC414,http://irail.be/stations/NMBS/008811254,IC,2017-04-28T15:46:00,2017-04-28T15:46:00,1783,1783
http://irail.be/vehicle/IC414,http://irail.be/stations/NMBS/008811262,IC,2017-04-28T15:48:00,2017-04-28T15:48:00,1783,1783
http://irail.be/vehicle/IC414,http://irail.be/stations/NMBS/008811270,IC,2017-04-28T15:49:00,2017-04-28T15:49:00,1864,1864
http://irail.be/vehicle/IC414,http://irail.be/stations/NMBS/008811288,IC,2017-04-28T15:50:00,2017-04-28T15:50:00,1875,1875
http://irail.be/vehicle/IC414,http://irail.be/stations/NMBS/008833001,IC,2017-04-28T15:57:00,2017-04-28T15:53:00,1753,1877
http://irail.be/vehicle/IC414,http://irail.be/stations/NMBS/008841202,IC,2017-04-28T16:24:00,2017-04-28T16:24:00,1872,1872
http://irail.be/vehicle/IC414,http://irail.be/stations/NMBS/008841004,IC,2017-04-28T16:34:00,2017-04-28T16:31:00,1849,1853
http://irail.be/vehicle/IC414,http://irail.be/stations/NMBS/008842002,IC,2017-04-28T16:41:00,2017-04-28T16:37:00,1815,1815
http://irail.be/vehicle/IC414,http://irail.be/stations/NMBS/008842036,IC,2017-04-28T16:43:00,2017-04-28T16:43:00,1815,1815
http://irail.be/vehicle/IC414,http://irail.be/stations/NMBS/008844271,IC,2017-04-28T16:47:00,2017-04-28T16:47:00,1797,1797
http://irail.be/vehicle/IC414,NO-URI,IC,2017-04-28T16:48:00,2017-04-28T16:48:00,1787,1787
http://irail.be/vehicle/IC414,http://irail.be/stations/NMBS/008844255,IC,2017-04-28T16:49:00,2017-04-28T16:49:00,1786,1786
http://irail.be/vehicle/IC414,http://irail.be/stations/NMBS/008844230,IC,2017-04-28T16:49:00,2017-04-28T16:49:00,1829,1829
http://irail.be/vehicle/IC414,http://irail.be/stations/NMBS/008844206,IC,2017-04-28T16:54:00,2017-04-28T16:53:00,1829,1829
http://irail.be/vehicle/IC414,http://irail.be/stations/NMBS/008844008,IC,2017-04-28T17:02:00,2017-04-28T17:00:00,1783,1790
http://irail.be/vehicle/IC414,http://irail.be/stations/NMBS/008844057,IC,2017-04-28T17:03:00,2017-04-28T17:03:00,1783,1783
http://irail.be/vehicle/IC414,NO-URI,IC,2017-04-28T17:05:00,2017-04-28T17:05:00,1803,1803
http://irail.be/vehicle/IC414,http://irail.be/stations/NMBS/008844545,IC,2017-04-28T17:10:00,2017-04-28T17:09:00,1812,1812
http://irail.be/vehicle/IC414,http://irail.be/stations/NMBS/008844503,IC,2017-04-28T17:16:00,2017-04-28T17:16:00,,1812
http://irail.be/vehicle/IC414,http://irail.be/stations/NMBS/008896008,IC,2017-05-15T14:16:00,2017-05-15T14:16:00,59,
http://irail.be/vehicle/IC414,http://irail.be/stations/NMBS/008896115,IC,2017-05-15T14:22:00,2017-05-15T14:21:00,100,100
http://irail.be/vehicle/IC414,http://irail.be/stations/NMBS/008896149,IC,2017-05-15T14:28:00,2017-05-15T14:27:00,136,124
http://irail.be/vehicle/IC414,http://irail.be/stations/NMBS/008892106,IC,2017-05-15T14:38:00,2017-05-15T14:37:00,153,45
http://irail.be/vehicle/IC414,NO-URI,IC,2017-05-15T14:40:00,2017-05-15T14:40:00,153,153
http://irail.be/vehicle/IC414,http://irail.be/stations/NMBS/008892080,IC,2017-05-15T14:45:00,2017-05-15T14:44:00,108,81
http://irail.be/vehicle/IC414,http://irail.be/stations/NMBS/008892007,IC,2017-05-15T14:54:00,2017-05-15T14:51:00,115,163
http://irail.be/vehicle/IC414,http://irail.be/stations/NMBS/008814001,IC,2017-05-15T15:27:00,2017-05-15T15:24:00,251,267
http://irail.be/vehicle/IC414,http://irail.be/stations/NMBS/008813037,IC,2017-05-15T15:29:00,2017-05-15T15:29:00,286,286
http://irail.be/vehicle/IC414,http://irail.be/stations/NMBS/008813003,IC,2017-05-15T15:31:00,2017-05-15T15:30:00,315,290
http://irail.be/vehicle/IC414,http://irail.be/stations/NMBS/008813045,IC,2017-05-15T15:33:00,2017-05-15T15:33:00,302,302
http://irail.be/vehicle/IC414,http://irail.be/stations/NMBS/008812005,IC,2017-05-15T15:38:00,2017-05-15T15:35:00,234,294
http://irail.be/vehicle/IC414,http://irail.be/stations/NMBS/008811007,IC,2017-05-15T15:41:00,2017-05-15T15:41:00,209,209
http://irail.be/vehicle/IC414,http://irail.be/stations/NMBS/008811130,IC,2017-05-15T15:42:00,2017-05-15T15:42:00,226,226
http://irail.be/vehicle/IC414,http://irail.be/stations/NMBS/008811213,IC,2017-05-15T15:43:00,2017-05-15T15:43:00,213,213
http://irail.be/vehicle/IC414,http://irail.be/stations/NMBS/008811221,IC,2017-05-15T15:44:00,2017-05-15T15:44:00,221,221
http://irail.be/vehicle/IC414,http://irail.be/stations/NMBS/008811247,IC,2017-05-15T15:45:00,2017-05-15T15:45:00,180,180
http://irail.be/vehicle/IC414,http://irail.be/stations/NMBS/008811254,IC,2017-05-15T15:46:00,2017-05-15T15:46:00,91,91
http://irail.be/vehicle/IC414,http://irail.be/stations/NMBS/008811262,IC,2017-05-15T15:48:00,2017-05-15T15:48:00,91,91
http://irail.be/vehicle/IC414,http://irail.be/stations/NMBS/008811270,IC,2017-05-15T15:49:00,2017-05-15T15:49:00,168,168
http://irail.be/vehicle/IC414,http://irail.be/stations/NMBS/008811288,IC,2017-05-15T15:50:00,2017-05-15T15:50:00,180,180
http://irail.be/vehicle/IC414,http://irail.be/stations/NMBS/008833001,IC,2017-05-15T15:57:00,2017-05-15T15:53:00,70,175
http://irail.be/vehicle/IC414,http://irail.be/stations/NMBS/008841202,IC,2017-05-15T16:24:00,2017-05-15T16:24:00,-81,-81
http://irail.be/vehicle/IC414,http://irail.be/stations/NMBS/008841004,IC,2017-05-15T16:34:00,2017-05-15T16:31:00,15,-8
http://irail.be/vehicle/IC414,http://irail.be/stations/NMBS/008842002,IC,2017-05-15T16:41:00,2017-05-15T16:37:00,94,94
http://irail.be/vehicle/IC414,http://irail.be/stations/NMBS/008842036,IC,2017-05-15T16:43:00,2017-05-15T16:43:00,94,94
http://irail.be/vehicle/IC414,http://irail.be/stations/NMBS/008844271,IC,2017-05-15T16:47:00,2017-05-15T16:47:00,75,75
http://irail.be/vehicle/IC414,NO-URI,IC,2017-05-15T16:48:00,2017-05-15T16:48:00,64,64
http://irail.be/vehicle/IC414,http://irail.be/stations/NMBS/008844255,IC,2017-05-15T16:49:00,2017-05-15T16:49:00,61,61
http://irail.be/vehicle/IC414,http://irail.be/stations/NMBS/008844230,IC,2017-05-15T16:49:00,2017-05-15T16:49:00,121,121
http://irail.be/vehicle/IC414,http://irail.be/stations/NMBS/008844206,IC,2017-05-15T16:54:00,2017-05-15T16:53:00,121,121
http://irail.be/vehicle/IC414,http://irail.be/stations/NMBS/008844008,IC,2017-05-15T17:02:00,2017-05-15T17:00:00,3,75
http://irail.be/vehicle/IC414,http://irail.be/stations/NMBS/008844057,IC,2017-05-15T17:03:00,2017-05-15T17:03:00,3,3
http://irail.be/vehicle/IC414,NO-URI,IC,2017-05-15T17:05:00,2017-05-15T17:05:00,32,32
http://irail.be/vehicle/IC414,http://irail.be/stations/NMBS/008844545,IC,2017-05-15T17:10:00,2017-05-15T17:09:00,-12,-12
http://irail.be/vehicle/IC414,http://irail.be/stations/NMBS/008844503,IC,2017-05-15T17:16:00,2017-05-15T17:16:00,,-12
http://irail.be/vehicle/IC414,http://irail.be/stations/NMBS/008896008,IC,2017-10-17T14:16:00,2017-10-17T14:16:00,60,
http://irail.be/vehicle/IC414,http://irail.be/stations/NMBS/008896115,IC,2017-10-17T14:22:00,2017-10-17T14:21:00,50,50
http://irail.be/vehicle/IC414,http://irail.be/stations/NMBS/008896149,IC,2017-10-17T14:28:00,2017-10-17T14:27:00,94,94
http://irail.be/vehicle/IC414,http://irail.be/stations/NMBS/008892106,IC,2017-10-17T14:38:00,2017-10-17T14:37:00,96,6
http://irail.be/vehicle/IC414,NO-URI,IC,2017-10-17T14:40:00,2017-10-17T14:40:00,96,96
http://irail.be/vehicle/IC414,http://irail.be/stations/NMBS/008892080,IC,2017-10-17T14:45:00,2017-10-17T14:44:00,28,15
http://irail.be/vehicle/IC414,http://irail.be/stations/NMBS/008892007,IC,2017-10-17T14:54:00,2017-10-17T14:51:00,53,81
http://irail.be/vehicle/IC414,http://irail.be/stations/NMBS/008814001,IC,2017-10-17T15:27:00,2017-10-17T15:24:00,365,261
http://irail.be/vehicle/IC414,http://irail.be/stations/NMBS/008813037,IC,2017-10-17T15:29:00,2017-10-17T15:29:00,385,385
http://irail.be/vehicle/IC414,http://irail.be/stations/NMBS/008813003,IC,2017-10-17T15:31:00,2017-10-17T15:30:00,404,387
http://irail.be/vehicle/IC414,http://irail.be/stations/NMBS/008813045,IC,2017-10-17T15:33:00,2017-10-17T15:33:00,386,386
http://irail.be/vehicle/IC414,http://irail.be/stations/NMBS/008812005,IC,2017-10-17T15:38:00,2017-10-17T15:35:00,378,410
http://irail.be/vehicle/IC414,http://irail.be/stations/NMBS/008811007,IC,2017-10-17T15:41:00,2017-10-17T15:41:00,345,345
http://irail.be/vehicle/IC414,http://irail.be/stations/NMBS/008811130,IC,2017-10-17T15:42:00,2017-10-17T15:42:00,390,390
http://irail.be/vehicle/IC414,http://irail.be/stations/NMBS/008811213,IC,2017-10-17T15:43:00,2017-10-17T15:43:00,377,377
http://irail.be/vehicle/IC414,http://irail.be/stations/NMBS/008811221,IC,2017-10-17T15:44:00,2017-10-17T15:44:00,382,382
http://irail.be/vehicle/IC414,http://irail.be/stations/NMBS/008811247,IC,2017-10-17T15:45:00,2017-10-17T15:45:00,330,330
http://irail.be/vehicle/IC414,http://irail.be/stations/NMBS/008811254,IC,2017-10-17T15:46:00,2017-10-17T15:46:00,232,232
http://irail.be/vehicle/IC414,http://irail.be/stations/NMBS/008811262,IC,2017-10-17T15:48:00,2017-10-17T15:48:00,232,232
http://irail.be/vehicle/IC414,http://irail.be/stations/NMBS/008811270,IC,2017-10-17T15:49:00,2017-10-17T15:49:00,277,277
http://irail.be/vehicle/IC414,http://irail.be/stations/NMBS/008811288,IC,2017-10-17T15:50:00,2017-10-17T15:50:00,283,283
http://irail.be/vehicle/IC414,http://irail.be/stations/NMBS/008833001,IC,2017-10-17T15:57:00,2017-10-17T15:53:00,220,290
http://irail.be/vehicle/IC414,http://irail.be/stations/NMBS/008841202,IC,2017-10-17T16:24:00,2017-10-17T16:24:00,33,33
http://irail.be/vehicle/IC414,http://irail.be/stations/NMBS/008841004,IC,2017-10-17T16:34:00,2017-10-17T16:31:00,96,130
http://irail.be/vehicle/IC414,http://irail.be/stations/NMBS/008842002,IC,2017-10-17T16:41:00,2017-10-17T16:37:00,24,24
http://irail.be/vehicle/IC414,http://irail.be/stations/NMBS/008842036,IC,2017-10-17T16:43:00,2017-10-17T16:43:00,24,24
http://irail.be/vehicle/IC414,http://irail.be/stations/NMBS/008844271,IC,2017-10-17T16:47:00,2017-10-17T16:47:00,9,9
http://irail.be/vehicle/IC414,NO-URI,IC,2017-10-17T16:48:00,2017-10-17T16:48:00,20,20
http://irail.be/vehicle/IC414,http://irail.be/stations/NMBS/008844255,IC,2017-10-17T16:49:00,2017-10-17T16:49:00,20,20
http://irail.be/vehicle/IC414,http://irail.be/stations/NMBS/008844230,IC,2017-10-17T16:49:00,2017-10-17T16:49:00,212,212
http://irail.be/vehicle/IC414,http://irail.be/stations/NMBS/008844206,IC,2017-10-17T16:54:00,2017-10-17T16:53:00,212,212
http://irail.be/vehicle/IC414,http://irail.be/stations/NMBS/008844008,IC,2017-10-17T17:02:00,2017-10-17T17:00:00,41,137
http://irail.be/vehicle/IC414,http://irail.be/stations/NMBS/008844057,IC,2017-10-17T17:03:00,2017-10-17T17:03:00,41,41
http://irail.be/vehicle/IC414,NO-URI,IC,2017-10-17T17:05:00,2017-10-17T17:05:00,76,76
http://irail.be/vehicle/IC414,http://irail.be/stations/NMBS/008844545,IC,2017-10-17T17:10:00,2017-10-17T17:09:00,200,200
http://irail.be/vehicle/IC414,http://irail.be/stations/NMBS/008844503,IC,2017-10-17T17:16:00,2017-10-17T17:16:00,,200
http://irail.be/vehicle/IC414,http://irail.be/stations/NMBS/008896008,IC,2017-02-07T14:16:00,2017-02-07T14:16:00,105,
http://irail.be/vehicle/IC414,http://irail.be/stations/NMBS/008896115,IC,2017-02-07T14:22:00,2017-02-07T14:21:00,178,178
http://irail.be/vehicle/IC414,http://irail.be/stations/NMBS/008896149,IC,2017-02-07T14:28:00,2017-02-07T14:27:00,205,178
http://irail.be/vehicle/IC414,http://irail.be/stations/NMBS/008892106,IC,2017-02-07T14:38:00,2017-02-07T14:37:00,177,115
http://irail.be/vehicle/IC414,NO-URI,IC,2017-02-07T14:40:00,2017-02-07T14:40:00,177,177
http://irail.be/vehicle/IC414,http://irail.be/stations/NMBS/008892080,IC,2017-02-07T14:45:00,2017-02-07T14:44:00,98,95
http://irail.be/vehicle/IC414,http://irail.be/stations/NMBS/008892007,IC,2017-02-07T14:54:00,2017-02-07T14:51:00,101,144
http://irail.be/vehicle/IC414,http://irail.be/stations/NMBS/008814001,IC,2017-02-07T15:27:00,2017-02-07T15:24:00,252,279
http://irail.be/vehicle/IC414,http://irail.be/stations/NMBS/008813037,IC,2017-02-07T15:29:00,2017-02-07T15:29:00,256,256
http://irail.be/vehicle/IC414,http://irail.be/stations/NMBS/008813003,IC,2017-02-07T15:31:00,2017-02-07T15:30:00,274,260
http://irail.be/vehicle/IC414,http://irail.be/stations/NMBS/008813045,IC,2017-02-07T15:33:00,2017-02-07T15:33:00,264,264
http://irail.be/vehicle/IC414,http://irail.be/stations/NMBS/008812005,IC,2017-02-07T15:38:00,2017-02-07T15:35:00,222,256
http://irail.be/vehicle/IC414,http://irail.be/stations/NMBS/008811007,IC,2017-02-07T15:41:00,2017-02-07T15:41:00,203,203
http://irail.be/vehicle/IC414,http://irail.be/stations/NMBS/008811130,IC,2017-02-07T15:42:00,2017-02-07T15:42:00,213,213
http://irail.be/vehicle/IC414,http://irail.be/stations/NMBS/008811213,IC,2017-02-07T15:43:00,2017-02-07T15:43:00,221,221
http://irail.be/vehicle/IC414,http://irail.be/stations/NMBS/008811221,IC,2017-02-07T15:44:00,2017-02-07T15:44:00,233,233
http://irail.be/vehicle/IC414,http://irail.be/stations/NMBS/008811247,IC,2017-02-07T15:45:00,2017-02-07T15:45:00,194,194
http://irail.be/vehicle/IC414,http://irail.be/stations/NMBS/008811254,IC,2017-02-07T15:46:00,2017-02-07T15:46:00,104,104
http://irail.be/vehicle/IC414,http://irail.be/stations/NMBS/008811262,IC,2017-02-07T15:48:00,2017-02-07T15:48:00,104,104
http://irail.be/vehicle/IC414,http://irail.be/stations/NMBS/008811270,IC,2017-02-07T15:49:00,2017-02-07T15:49:00,185,185
http://irail.be/vehicle/IC414,http://irail.be/stations/NMBS/008811288,IC,2017-02-07T15:50:00,2017-02-07T15:50:00,198,198
http://irail.be/vehicle/IC414,http://irail.be/stations/NMBS/008833001,IC,2017-02-07T15:57:00,2017-02-07T15:53:00,65,184
http://irail.be/vehicle/IC414,http://irail.be/stations/NMBS/008841202,IC,2017-02-07T16:24:00,2017-02-07T16:24:00,35,35
http://irail.be/vehicle/IC414,http://irail.be/stations/NMBS/008841004,IC,2017-02-07T16:34:00,2017-02-07T16:31:00,188,127
http://irail.be/vehicle/IC414,http://irail.be/stations/NMBS/008842002,IC,2017-02-07T16:41:00,2017-02-07T16:37:00,99,99
http://irail.be/vehicle/IC414,http://irail.be/stations/NMBS/008842036,IC,2017-02-07T16:43:00,2017-02-07T16:43:00,99,99
http://irail.be/vehicle/IC414,http://irail.be/stations/NMBS/008844271,IC,2017-02-07T16:47:00,2017-02-07T16:47:00,91,91
http://irail.be/vehicle/IC414,NO-URI,IC,2017-02-07T16:48:00,2017-02-07T16:48:00,94,94
http://irail.be/vehicle/IC414,http://irail.be/stations/NMBS/008844255,IC,2017-02-07T16:49:00,2017-02-07T16:49:00,90,90
http://irail.be/vehicle/IC414,http://irail.be/stations/NMBS/008844230,IC,2017-02-07T16:49:00,2017-02-07T16:49:00,310,310
http://irail.be/vehicle/IC414,http://irail.be/stations/NMBS/008844206,IC,2017-02-07T16:54:00,2017-02-07T16:53:00,310,310
http://irail.be/vehicle/IC414,http://irail.be/stations/NMBS/008844008,IC,2017-02-07T17:02:00,2017-02-07T17:00:00,196,270
http://irail.be/vehicle/IC414,http://irail.be/stations/NMBS/008844057,IC,2017-02-07T17:03:00,2017-02-07T17:03:00,196,196
http://irail.be/vehicle/IC414,NO-URI,IC,2017-02-07T17:05:00,2017-02-07T17:05:00,234,234
http://irail.be/vehicle/IC414,http://irail.be/stations/NMBS/008844545,IC,2017-02-07T17:10:00,2017-02-07T17:09:00,336,336
http://irail.be/vehicle/IC414,http://irail.be/stations/NMBS/008844503,IC,2017-02-07T17:16:00,2017-02-07T17:16:00,,336
http://irail.be/vehicle/IC414,http://irail.be/stations/NMBS/008896008,IC,2017-09-06T14:16:00,2017-09-06T14:16:00,42,
http://irail.be/vehicle/IC414,http://irail.be/stations/NMBS/008896115,IC,2017-09-06T14:22:00,2017-09-06T14:21:00,49,49
http://irail.be/vehicle/IC414,http://irail.be/stations/NMBS/008896149,IC,2017-09-06T14:28:00,2017-09-06T14:27:00,112,95
http://irail.be/vehicle/IC414,http://irail.be/stations/NMBS/008892106,IC,2017-09-06T14:38:00,2017-09-06T14:37:00,65,36
http://irail.be/vehicle/IC414,NO-URI,IC,2017-09-06T14:40:00,2017-09-06T14:40:00,65,65
http://irail.be/vehicle/IC414,http://irail.be/stations/NMBS/008892080,IC,2017-09-06T14:45:00,2017-09-06T14:44:00,19,3
http://irail.be/vehicle/IC414,http://irail.be/stations/NMBS/008892007,IC,2017-09-06T14:54:00,2017-09-06T14:51:00,102,103
http://irail.be/vehicle/IC414,http://irail.be/stations/NMBS/008814001,IC,2017-09-06T15:27:00,2017-09-06T15:24:00,162,153
http://irail.be/vehicle/IC414,http://irail.be/stations/NMBS/008813037,IC,2017-09-06T15:29:00,2017-09-06T15:29:00,275,275
http://irail.be/vehicle/IC414,http://irail.be/stations/NMBS/008813003,IC,2017-09-06T15:31:00,2017-09-06T15:30:00,327,296
http://irail.be/vehicle/IC414,http://irail.be/stations/NMBS/008813045,IC,2017-09-06T15:33:00,2017-09-06T15:33:00,311,311
http://irail.be/vehicle/IC414,http://irail.be/stations/NMBS/008812005,IC,2017-09-06T15:38:00,2017-09-06T15:35:00,272,298
http://irail.be/vehicle/IC414,http://irail.be/stations/NMBS/008811007,IC,2017-09-06T15:41:00,2017-09-06T15:41:00,252,252
http://irail.be/vehicle/IC414,http://irail.be/stations/NMBS/008811130,IC,2017-09-06T15:42:00,2017-09-06T15:42:00,270,270
http://irail.be/vehicle/IC414,http://irail.be/stations/NMBS/008811213,IC,2017-09-06T15:43:00,2017-09-06T15:43:00,259,259
http://irail.be/vehicle/IC414,http://irail.be/stations/NMBS/008811221,IC,2017-09-06T15:44:00,2017-09-06T15:44:00,266,266
http://irail.be/vehicle/IC414,http://irail.be/stations/NMBS/008811247,IC,2017-09-06T15:45:00,2017-09-06T15:45:00,226,226
http://irail.be/vehicle/IC414,http://irail.be/stations/NMBS/008811254,IC,2017-09-06T15:46:00,2017-09-06T15:46:00,136,136
http://irail.be/vehicle/IC414,http://irail.be/stations/NMBS/008811262,IC,2017-09-06T15:48:00,2017-09-06T15:48:00,136,136
http://irail.be/vehicle/IC414,http://irail.be/stations/NMBS/008811270,IC,2017-09-06T15:49:00,2017-09-06T15:49:00,214,214
http://irail.be/vehicle/IC414,http://irail.be/stations/NMBS/008811288,IC,2017-09-06T15:50:00,2017-09-06T15:50:00,228,228
http://irail.be/vehicle/IC414,http://irail.be/stations/NMBS/008833001,IC,2017-09-06T15:57:00,2017-09-06T15:53:00,244,355
http://irail.be/vehicle/IC414,http://irail.be/stations/NMBS/008841202,IC,2017-09-06T16:24:00,2017-09-06T16:24:00,111,111
http://irail.be/vehicle/IC414,http://irail.be/stations/NMBS/008841004,IC,2017-09-06T16:34:00,2017-09-06T16:31:00,22,63
http://irail.be/vehicle/IC414,http://irail.be/stations/NMBS/008842002,IC,2017-09-06T16:41:00,2017-09-06T16:37:00,32,32
http://irail.be/vehicle/IC414,http://irail.be/stations/NMBS/008842036,IC,2017-09-06T16:43:00,2017-09-06T16:43:00,32,32
http://irail.be/vehicle/IC414,http://irail.be/stations/NMBS/008844271,IC,2017-09-06T16:47:00,2017-09-06T16:47:00,10,10
http://irail.be/vehicle/IC414,NO-URI,IC,2017-09-06T16:48:00,2017-09-06T16:48:00,23,23
http://irail.be/vehicle/IC414,http://irail.be/stations/NMBS/008844255,IC,2017-09-06T16:49:00,2017-09-06T16:49:00,23,23
http://irail.be/vehicle/IC414,http://irail.be/stations/NMBS/008844230,IC,2017-09-06T16:49:00,2017-09-06T16:49:00,122,122
http://irail.be/vehicle/IC414,http://irail.be/stations/NMBS/008844206,IC,2017-09-06T16:54:00,2017-09-06T16:53:00,122,122
http://irail.be/vehicle/IC414,http://irail.be/stations/NMBS/008844008,IC,2017-09-06T17:02:00,2017-09-06T17:00:00,31,51
http://irail.be/vehicle/IC414,http://irail.be/stations/NMBS/008844057,IC,2017-09-06T17:03:00,2017-09-06T17:03:00,38,38
http://irail.be/vehicle/IC414,NO-URI,IC,2017-09-06T17:05:00,2017-09-06T17:05:00,68,68
http://irail.be/vehicle/IC414,http://irail.be/stations/NMBS/008844545,IC,2017-09-06T17:10:00,2017-09-06T17:09:00,94,94
http://irail.be/vehicle/IC414,http://irail.be/stations/NMBS/008844503,IC,2017-09-06T17:16:00,2017-09-06T17:16:00,,94
http://irail.be/vehicle/IC414,http://irail.be/stations/NMBS/008896008,IC,2017-06-22T14:16:00,2017-06-22T14:16:00,59,
http://irail.be/vehicle/IC414,http://irail.be/stations/NMBS/008896115,IC,2017-06-22T14:22:00,2017-06-22T14:21:00,115,115
http://irail.be/vehicle/IC414,http://irail.be/stations/NMBS/008896149,IC,2017-06-22T14:28:00,2017-06-22T14:27:00,168,152
http://irail.be/vehicle/IC414,http://irail.be/stations/NMBS/008892106,IC,2017-06-22T14:38:00,2017-06-22T14:37:00,181,102
http://irail.be/vehicle/IC414,NO-URI,IC,2017-06-22T14:40:00,2017-06-22T14:40:00,181,181
http://irail.be/vehicle/IC414,http://irail.be/stations/NMBS/008892080,IC,2017-06-22T14:45:00,2017-06-22T14:44:00,564,484
http://irail.be/vehicle/IC414,http://irail.be/stations/NMBS/008892007,IC,2017-06-22T14:54:00,2017-06-22T14:51:00,652,684
http://irail.be/vehicle/IC414,http://irail.be/stations/NMBS/008814001,IC,2017-06-22T15:27:00,2017-06-22T15:24:00,730,732
http://irail.be/vehicle/IC414,http://irail.be/stations/NMBS/008813037,IC,2017-06-22T15:29:00,2017-06-22T15:29:00,747,747
http://irail.be/vehicle/IC414,http://irail.be/stations/NMBS/008813003,IC,2017-06-22T15:31:00,2017-06-22T15:30:00,787,752
http://irail.be/vehicle/IC414,http://irail.be/stations/NMBS/008813045,IC,2017-06-22T15:33:00,2017-06-22T15:33:00,773,773
http://irail.be/vehicle/IC414,http://irail.be/stations/NMBS/008812005,IC,2017-06-22T15:38:00,2017-06-22T15:35:00,821,765
http://irail.be/vehicle/IC414,http://irail.be/stations/NMBS/008811007,IC,2017-06-22T15:41:00,2017-06-22T15:41:00,798,798
http://irail.be/vehicle/IC414,http://irail.be/stations/NMBS/008811130,IC,2017-06-22T15:42:00,2017-06-22T15:42:00,818,818
http://irail.be/vehicle/IC414,http://irail.be/stations/NMBS/008811213,IC,2017-06-22T15:43:00,2017-06-22T15:43:00,805,805
http://irail.be/vehicle/IC414,http://irail.be/stations/NMBS/008811221,IC,2017-06-22T15:44:00,2017-06-22T15:44:00,812,812
http://irail.be/vehicle/IC414,http://irail.be/stations/NMBS/008811247,IC,2017-06-22T15:45:00,2017-06-22T15:45:00,771,771
http://irail.be/vehicle/IC414,http://irail.be/stations/NMBS/008811254,IC,2017-06-22T15:46:00,2017-06-22T15:46:00,680,680
http://irail.be/vehicle/IC414,http://irail.be/stations/NMBS/008811262,IC,2017-06-22T15:48:00,2017-06-22T15:48:00,680,680
http://irail.be/vehicle/IC414,http://irail.be/stations/NMBS/008811270,IC,2017-06-22T15:49:00,2017-06-22T15:49:00,752,752
http://irail.be/vehicle/IC414,http://irail.be/stations/NMBS/008811288,IC,2017-06-22T15:50:00,2017-06-22T15:50:00,763,763
http://irail.be/vehicle/IC414,http://irail.be/stations/NMBS/008833001,IC,2017-06-22T15:57:00,2017-06-22T15:53:00,632,746
http://irail.be/vehicle/IC414,http://irail.be/stations/NMBS/008841202,IC,2017-06-22T16:24:00,2017-06-22T16:24:00,487,487
http://irail.be/vehicle/IC414,http://irail.be/stations/NMBS/008841004,IC,2017-06-22T16:34:00,2017-06-22T16:31:00,589,443
http://irail.be/vehicle/IC414,http://irail.be/stations/NMBS/008842002,IC,2017-06-22T16:41:00,2017-06-22T16:37:00,473,473
http://irail.be/vehicle/IC414,http://irail.be/stations/NMBS/008842036,IC,2017-06-22T16:43:00,2017-06-22T16:43:00,473,473
http://irail.be/vehicle/IC414,http://irail.be/stations/NMBS/008844271,IC,2017-06-22T16:47:00,2017-06-22T16:47:00,443,443
http://irail.be/vehicle/IC414,NO-URI,IC,2017-06-22T16:48:00,2017-06-22T16:48:00,429,429
http://irail.be/vehicle/IC414,http://irail.be/stations/NMBS/008844255,IC,2017-06-22T16:49:00,2017-06-22T16:49:00,427,427
http://irail.be/vehicle/IC414,http://irail.be/stations/NMBS/008844230,IC,2017-06-22T16:49:00,2017-06-22T16:49:00,919,919
http://irail.be/vehicle/IC414,http://irail.be/stations/NMBS/008844206,IC,2017-06-22T16:54:00,2017-06-22T16:53:00,919,919
http://irail.be/vehicle/IC414,http://irail.be/stations/NMBS/008844008,IC,2017-06-22T17:02:00,2017-06-22T17:00:00,899,927
http://irail.be/vehicle/IC414,http://irail.be/stations/NMBS/008844057,IC,2017-06-22T17:03:00,2017-06-22T17:03:00,904,904
http://irail.be/vehicle/IC414,NO-URI,IC,2017-06-22T17:05:00,2017-06-22T17:05:00,930,930
http://irail.be/vehicle/IC414,http://irail.be/stations/NMBS/008844545,IC,2017-06-22T17:10:00,2017-06-22T17:09:00,1077,1077
http://irail.be/vehicle/IC414,http://irail.be/stations/NMBS/008844503,IC,2017-06-22T17:16:00,2017-06-22T17:16:00,,1077
http://irail.be/vehicle/IC414,http://irail.be/stations/NMBS/008896008,IC,2017-11-16T14:16:00,2017-11-16T14:16:00,60,
http://irail.be/vehicle/IC414,http://irail.be/stations/NMBS/008896115,IC,2017-11-16T14:22:00,2017-11-16T14:21:00,61,61
http://irail.be/vehicle/IC414,http://irail.be/stations/NMBS/008896149,IC,2017-11-16T14:28:00,2017-11-16T14:27:00,86,82
http://irail.be/vehicle/IC414,http://irail.be/stations/NMBS/008892106,IC,2017-11-16T14:38:00,2017-11-16T14:37:00,67,-15
http://irail.be/vehicle/IC414,NO-URI,IC,2017-11-16T14:40:00,2017-11-16T14:40:00,67,67
http://irail.be/vehicle/IC414,http://irail.be/stations/NMBS/008892080,IC,2017-11-16T14:45:00,2017-11-16T14:44:00,31,-22
http://irail.be/vehicle/IC414,http://irail.be/stations/NMBS/008892007,IC,2017-11-16T14:54:00,2017-11-16T14:51:00,63,80
http://irail.be/vehicle/IC414,http://irail.be/stations/NMBS/008814001,IC,2017-11-16T15:27:00,2017-11-16T15:24:00,127,124
http://irail.be/vehicle/IC414,http://irail.be/stations/NMBS/008813037,IC,2017-11-16T15:29:00,2017-11-16T15:29:00,144,144
http://irail.be/vehicle/IC414,http://irail.be/stations/NMBS/008813003,IC,2017-11-16T15:31:00,2017-11-16T15:30:00,189,164
http://irail.be/vehicle/IC414,http://irail.be/stations/NMBS/008813045,IC,2017-11-16T15:33:00,2017-11-16T15:33:00,164,164
http://irail.be/vehicle/IC414,http://irail.be/stations/NMBS/008812005,IC,2017-11-16T15:38:00,2017-11-16T15:35:00,148,182
http://irail.be/vehicle/IC414,http://irail.be/stations/NMBS/008811007,IC,2017-11-16T15:41:00,2017-11-16T15:41:00,115,115
http://irail.be/vehicle/IC414,http://irail.be/stations/NMBS/008811130,IC,2017-11-16T15:42:00,2017-11-16T15:42:00,137,137
http://irail.be/vehicle/IC414,http://irail.be/stations/NMBS/008811213,IC,2017-11-16T15:43:00,2017-11-16T15:43:00,125,125
http://irail.be/vehicle/IC414,http://irail.be/stations/NMBS/008811221,IC,2017-11-16T15:44:00,2017-11-16T15:44:00,132,132
http://irail.be/vehicle/IC414,http://irail.be/stations/NMBS/008811247,IC,2017-11-16T15:45:00,2017-11-16T15:45:00,92,92
http://irail.be/vehicle/IC414,http://irail.be/stations/NMBS/008811254,IC,2017-11-16T15:46:00,2017-11-16T15:46:00,2,2
http://irail.be/vehicle/IC414,http://irail.be/stations/NMBS/008811262,IC,2017-11-16T15:48:00,2017-11-16T15:48:00,2,2
http://irail.be/vehicle/IC414,http://irail.be/stations/NMBS/008811270,IC,2017-11-16T15:49:00,2017-11-16T15:49:00,79,79
http://irail.be/vehicle/IC414,http://irail.be/stations/NMBS/008811288,IC,2017-11-16T15:50:00,2017-11-16T15:50:00,92,92
http://irail.be/vehicle/IC414,http://irail.be/stations/NMBS/008833001,IC,2017-11-16T15:57:00,2017-11-16T15:53:00,18,78
http://irail.be/vehicle/IC414,http://irail.be/stations/NMBS/008841202,IC,2017-11-16T16:24:00,2017-11-16T16:24:00,-82,-82
http://irail.be/vehicle/IC414,http://irail.be/stations/NMBS/008841004,IC,2017-11-16T16:34:00,2017-11-16T16:31:00,-2,-101
http://irail.be/vehicle/IC414,http://irail.be/stations/NMBS/008842002,IC,2017-11-16T16:41:00,2017-11-16T16:37:00,208,208
http://irail.be/vehicle/IC414,http://irail.be/stations/NMBS/008842036,IC,2017-11-16T16:43:00,2017-11-16T16:43:00,208,208
http://irail.be/vehicle/IC414,http://irail.be/stations/NMBS/008844271,IC,2017-11-16T16:47:00,2017-11-16T16:47:00,195,195
http://irail.be/vehicle/IC414,NO-URI,IC,2017-11-16T16:48:00,2017-11-16T16:48:00,183,183
http://irail.be/vehicle/IC414,http://irail.be/stations/NMBS/008844255,IC,2017-11-16T16:49:00,2017-11-16T16:49:00,177,177
http://irail.be/vehicle/IC414,http://irail.be/stations/NMBS/008844230,IC,2017-11-16T16:49:00,2017-11-16T16:49:00,240,240
http://irail.be/vehicle/IC414,http://irail.be/stations/NMBS/008844206,IC,2017-11-16T16:54:00,2017-11-16T16:53:00,240,240
http://irail.be/vehicle/IC414,http://irail.be/stations/NMBS/008844008,IC,2017-11-16T17:02:00,2017-11-16T17:00:00,51,159
http://irail.be/vehicle/IC414,http://irail.be/stations/NMBS/008844057,IC,2017-11-16T17:03:00,2017-11-16T17:03:00,51,51
http://irail.be/vehicle/IC414,NO-URI,IC,2017-11-16T17:05:00,2017-11-16T17:05:00,49,49
http://irail.be/vehicle/IC414,http://irail.be/stations/NMBS/008844545,IC,2017-11-16T17:10:00,2017-11-16T17:09:00,98,98
http://irail.be/vehicle/IC414,http://irail.be/stations/NMBS/008844503,IC,2017-11-16T17:16:00,2017-11-16T17:16:00,,98
http://irail.be/vehicle/IC414,http://irail.be/stations/NMBS/008896008,IC,2017-12-06T14:16:00,2017-12-06T14:16:00,44,
http://irail.be/vehicle/IC414,http://irail.be/stations/NMBS/008896115,IC,2017-12-06T14:22:00,2017-12-06T14:21:00,85,85
http://irail.be/vehicle/IC414,http://irail.be/stations/NMBS/008896149,IC,2017-12-06T14:28:00,2017-12-06T14:27:00,137,136
http://irail.be/vehicle/IC414,http://irail.be/stations/NMBS/008892106,IC,2017-12-06T14:38:00,2017-12-06T14:37:00,114,45
http://irail.be/vehicle/IC414,NO-URI,IC,2017-12-06T14:40:00,2017-12-06T14:40:00,114,114
http://irail.be/vehicle/IC414,http://irail.be/stations/NMBS/008892080,IC,2017-12-06T14:45:00,2017-12-06T14:44:00,62,48
http://irail.be/vehicle/IC414,http://irail.be/stations/NMBS/008892007,IC,2017-12-06T14:54:00,2017-12-06T14:51:00,65,102
http://irail.be/vehicle/IC414,http://irail.be/stations/NMBS/008814001,IC,2017-12-06T15:27:00,2017-12-06T15:24:00,80,70
http://irail.be/vehicle/IC414,http://irail.be/stations/NMBS/008813037,IC,2017-12-06T15:29:00,2017-12-06T15:29:00,112,112
http://irail.be/vehicle/IC414,http://irail.be/stations/NMBS/008813003,IC,2017-12-06T15:31:00,2017-12-06T15:30:00,222,196
http://irail.be/vehicle/IC414,http://irail.be/stations/NMBS/008813045,IC,2017-12-06T15:33:00,2017-12-06T15:33:00,210,210
http://irail.be/vehicle/IC414,http://irail.be/stations/NMBS/008812005,IC,2017-12-06T15:38:00,2017-12-06T15:35:00,174,206
http://irail.be/vehicle/IC414,http://irail.be/stations/NMBS/008811007,IC,2017-12-06T15:41:00,2017-12-06T15:41:00,160,160
http://irail.be/vehicle/IC414,http://irail.be/stations/NMBS/008811130,IC,2017-12-06T15:42:00,2017-12-06T15:42:00,229,229
http://irail.be/vehicle/IC414,http://irail.be/stations/NMBS/008811213,IC,2017-12-06T15:43:00,2017-12-06T15:43:00,225,225
http://irail.be/vehicle/IC414,http://irail.be/stations/NMBS/008811221,IC,2017-12-06T15:44:00,2017-12-06T15:44:00,234,234
http://irail.be/vehicle/IC414,http://irail.be/stations/NMBS/008811247,IC,2017-12-06T15:45:00,2017-12-06T15:45:00,196,196
http://irail.be/vehicle/IC414,http://irail.be/stations/NMBS/008811254,IC,2017-12-06T15:46:00,2017-12-06T15:46:00,106,106
http://irail.be/vehicle/IC414,http://irail.be/stations/NMBS/008811262,IC,2017-12-06T15:48:00,2017-12-06T15:48:00,106,106
http://irail.be/vehicle/IC414,http://irail.be/stations/NMBS/008811270,IC,2017-12-06T15:49:00,2017-12-06T15:49:00,188,188
http://irail.be/vehicle/IC414,http://irail.be/stations/NMBS/008811288,IC,2017-12-06T15:50:00,2017-12-06T15:50:00,203,203
http://irail.be/vehicle/IC414,http://irail.be/stations/NMBS/008833001,IC,2017-12-06T15:57:00,2017-12-06T15:53:00,67,196
http://irail.be/vehicle/IC414,http://irail.be/stations/NMBS/008841202,IC,2017-12-06T16:24:00,2017-12-06T16:24:00,123,123
http://irail.be/vehicle/IC414,http://irail.be/stations/NMBS/008841004,IC,2017-12-06T16:34:00,2017-12-06T16:31:00,238,234
http://irail.be/vehicle/IC414,http://irail.be/stations/NMBS/008842002,IC,2017-12-06T16:41:00,2017-12-06T16:37:00,162,162
http://irail.be/vehicle/IC414,http://irail.be/stations/NMBS/008842036,IC,2017-12-06T16:43:00,2017-12-06T16:43:00,162,162
http://irail.be/vehicle/IC414,http://irail.be/stations/NMBS/008844271,IC,2017-12-06T16:47:00,2017-12-06T16:47:00,155,155
http://irail.be/vehicle/IC414,NO-URI,IC,2017-12-06T16:48:00,2017-12-06T16:48:00,220,220
http://irail.be/vehicle/IC414,http://irail.be/stations/NMBS/008844255,IC,2017-12-06T16:49:00,2017-12-06T16:49:00,254,254
http://irail.be/vehicle/IC414,http://irail.be/stations/NMBS/008844230,IC,2017-12-06T16:49:00,2017-12-06T16:49:00,404,404
http://irail.be/vehicle/IC414,http://irail.be/stations/NMBS/008844206,IC,2017-12-06T16:54:00,2017-12-06T16:53:00,404,404
http://irail.be/vehicle/IC414,http://irail.be/stations/NMBS/008844008,IC,2017-12-06T17:02:00,2017-12-06T17:00:00,740,450
http://irail.be/vehicle/IC414,http://irail.be/stations/NMBS/008844057,IC,2017-12-06T17:03:00,2017-12-06T17:03:00,740,740
http://irail.be/vehicle/IC414,NO-URI,IC,2017-12-06T17:05:00,2017-12-06T17:05:00,807,807
http://irail.be/vehicle/IC414,http://irail.be/stations/NMBS/008844545,IC,2017-12-06T17:10:00,2017-12-06T17:09:00,1024,1024
http://irail.be/vehicle/IC414,http://irail.be/stations/NMBS/008844503,IC,2017-12-06T17:16:00,2017-12-06T17:16:00,,1024
http://irail.be/vehicle/IC414,http://irail.be/stations/NMBS/008896008,IC,2017-04-05T14:16:00,2017-04-05T14:16:00,66,
http://irail.be/vehicle/IC414,http://irail.be/stations/NMBS/008896115,IC,2017-04-05T14:22:00,2017-04-05T14:21:00,178,178
http://irail.be/vehicle/IC414,http://irail.be/stations/NMBS/008896149,IC,2017-04-05T14:28:00,2017-04-05T14:27:00,197,178
http://irail.be/vehicle/IC414,http://irail.be/stations/NMBS/008892106,IC,2017-04-05T14:38:00,2017-04-05T14:37:00,217,108
http://irail.be/vehicle/IC414,NO-URI,IC,2017-04-05T14:40:00,2017-04-05T14:40:00,217,217
http://irail.be/vehicle/IC414,http://irail.be/stations/NMBS/008892080,IC,2017-04-05T14:45:00,2017-04-05T14:44:00,192,154
http://irail.be/vehicle/IC414,http://irail.be/stations/NMBS/008892007,IC,2017-04-05T14:54:00,2017-04-05T14:51:00,220,251
http://irail.be/vehicle/IC414,http://irail.be/stations/NMBS/008814001,IC,2017-04-05T15:27:00,2017-04-05T15:24:00,154,182
http://irail.be/vehicle/IC414,http://irail.be/stations/NMBS/008813037,IC,2017-04-05T15:29:00,2017-04-05T15:29:00,157,157
http://irail.be/vehicle/IC414,http://irail.be/stations/NMBS/008813003,IC,2017-04-05T15:31:00,2017-04-05T15:30:00,167,161
http://irail.be/vehicle/IC414,http://irail.be/stations/NMBS/008813045,IC,2017-04-05T15:33:00,2017-04-05T15:33:00,149,149
http://irail.be/vehicle/IC414,http://irail.be/stations/NMBS/008812005,IC,2017-04-05T15:38:00,2017-04-05T15:35:00,109,146
http://irail.be/vehicle/IC414,http://irail.be/stations/NMBS/008811007,IC,2017-04-05T15:41:00,2017-04-05T15:41:00,81,81
http://irail.be/vehicle/IC414,http://irail.be/stations/NMBS/008811130,IC,2017-04-05T15:42:00,2017-04-05T15:42:00,112,112
http://irail.be/vehicle/IC414,http://irail.be/stations/NMBS/008811213,IC,2017-04-05T15:43:00,2017-04-05T15:43:00,103,103
http://irail.be/vehicle/IC414,http://irail.be/stations/NMBS/008811221,IC,2017-04-05T15:44:00,2017-04-05T15:44:00,112,112
http://irail.be/vehicle/IC414,http://irail.be/stations/NMBS/008811247,IC,2017-04-05T15:45:00,2017-04-05T15:45:00,74,74
http://irail.be/vehicle/IC414,http://irail.be/stations/NMBS/008811254,IC,2017-04-05T15:46:00,2017-04-05T15:46:00,-15,-15
http://irail.be/vehicle/IC414,http://irail.be/stations/NMBS/008811262,IC,2017-04-05T15:48:00,2017-04-05T15:48:00,-15,-15
http://irail.be/vehicle/IC414,http://irail.be/stations/NMBS/008811270,IC,2017-04-05T15:49:00,2017-04-05T15:49:00,17,17
http://irail.be/vehicle/IC414,http://irail.be/stations/NMBS/008811288,IC,2017-04-05T15:50:00,2017-04-05T15:50:00,24,24
http://irail.be/vehicle/IC414,http://irail.be/stations/NMBS/008833001,IC,2017-04-05T15:57:00,2017-04-05T15:53:00,0,0
http://irail.be/vehicle/IC414,http://irail.be/stations/NMBS/008841202,IC,2017-04-05T16:24:00,2017-04-05T16:24:00,0,0
http://irail.be/vehicle/IC414,http://irail.be/stations/NMBS/008841004,IC,2017-04-05T16:34:00,2017-04-05T16:31:00,0,0
http://irail.be/vehicle/IC414,http://irail.be/stations/NMBS/008842002,IC,2017-04-05T16:41:00,2017-04-05T16:37:00,0,7
http://irail.be/vehicle/IC414,http://irail.be/stations/NMBS/008842036,IC,2017-04-05T16:43:00,2017-04-05T16:43:00,0,0
http://irail.be/vehicle/IC414,http://irail.be/stations/NMBS/008844271,IC,2017-04-05T16:47:00,2017-04-05T16:47:00,0,0
http://irail.be/vehicle/IC414,NO-URI,IC,2017-04-05T16:48:00,2017-04-05T16:48:00,0,0
http://irail.be/vehicle/IC414,http://irail.be/stations/NMBS/008844255,IC,2017-04-05T16:49:00,2017-04-05T16:49:00,0,0
http://irail.be/vehicle/IC414,http://irail.be/stations/NMBS/008844230,IC,2017-04-05T16:49:00,2017-04-05T16:49:00,54,54
http://irail.be/vehicle/IC414,http://irail.be/stations/NMBS/008844206,IC,2017-04-05T16:54:00,2017-04-05T16:53:00,21,21
http://irail.be/vehicle/IC414,http://irail.be/stations/NMBS/008844008,IC,2017-04-05T17:02:00,2017-04-05T17:00:00,0,0
http://irail.be/vehicle/IC414,http://irail.be/stations/NMBS/008844057,IC,2017-04-05T17:03:00,2017-04-05T17:03:00,5,5
http://irail.be/vehicle/IC414,NO-URI,IC,2017-04-05T17:05:00,2017-04-05T17:05:00,0,0
http://irail.be/vehicle/IC414,http://irail.be/stations/NMBS/008844545,IC,2017-04-05T17:10:00,2017-04-05T17:09:00,30,30
http://irail.be/vehicle/IC414,http://irail.be/stations/NMBS/008844503,IC,2017-04-05T17:16:00,2017-04-05T17:16:00,,0
http://irail.be/vehicle/IC414,http://irail.be/stations/NMBS/008896008,IC,2017-05-17T14:16:00,2017-05-17T14:16:00,51,
http://irail.be/vehicle/IC414,http://irail.be/stations/NMBS/008896115,IC,2017-05-17T14:22:00,2017-05-17T14:21:00,205,205
http://irail.be/vehicle/IC414,http://irail.be/stations/NMBS/008896149,IC,2017-05-17T14:28:00,2017-05-17T14:27:00,278,237
http://irail.be/vehicle/IC414,http://irail.be/stations/NMBS/008892106,IC,2017-05-17T14:38:00,2017-05-17T14:37:00,329,205
http://irail.be/vehicle/IC414,NO-URI,IC,2017-05-17T14:40:00,2017-05-17T14:40:00,329,329
http://irail.be/vehicle/IC414,http://irail.be/stations/NMBS/008892080,IC,2017-05-17T14:45:00,2017-05-17T14:44:00,308,281
http://irail.be/vehicle/IC414,http://irail.be/stations/NMBS/008892007,IC,2017-05-17T14:54:00,2017-05-17T14:51:00,398,390
http://irail.be/vehicle/IC414,http://irail.be/stations/NMBS/008814001,IC,2017-05-17T15:27:00,2017-05-17T15:24:00,342,369
http://irail.be/vehicle/IC414,http://irail.be/stations/NMBS/008813037,IC,2017-05-17T15:29:00,2017-05-17T15:29:00,377,377
http://irail.be/vehicle/IC414,http://irail.be/stations/NMBS/008813003,IC,2017-05-17T15:31:00,2017-05-17T15:30:00,430,382
http://irail.be/vehicle/IC414,http://irail.be/stations/NMBS/008813045,IC,2017-05-17T15:33:00,2017-05-17T15:33:00,421,421
http://irail.be/vehicle/IC414,http://irail.be/stations/NMBS/008812005,IC,2017-05-17T15:38:00,2017-05-17T15:35:00,443,453
http://irail.be/vehicle/IC414,http://irail.be/stations/NMBS/008811007,IC,2017-05-17T15:41:00,2017-05-17T15:41:00,423,423
http://irail.be/vehicle/IC414,http://irail.be/stations/NMBS/008811130,IC,2017-05-17T15:42:00,2017-05-17T15:42:00,451,451
http://irail.be/vehicle/IC414,http://irail.be/stations/NMBS/008811213,IC,2017-05-17T15:43:00,2017-05-17T15:43:00,441,441
http://irail.be/vehicle/IC414,http://irail.be/stations/NMBS/008811221,IC,2017-05-17T15:44:00,2017-05-17T15:44:00,450,450
http://irail.be/vehicle/IC414,http://irail.be/stations/NMBS/008811247,IC,2017-05-17T15:45:00,2017-05-17T15:45:00,411,411
http://irail.be/vehicle/IC414,http://irail.be/stations/NMBS/008811254,IC,2017-05-17T15:46:00,2017-05-17T15:46:00,321,321
http://irail.be/vehicle/IC414,http://irail.be/stations/NMBS/008811262,IC,2017-05-17T15:48:00,2017-05-17T15:48:00,321,321
http://irail.be/vehicle/IC414,http://irail.be/stations/NMBS/008811270,IC,2017-05-17T15:49:00,2017-05-17T15:49:00,400,400
http://irail.be/vehicle/IC414,http://irail.be/stations/NMBS/008811288,IC,2017-05-17T15:50:00,2017-05-17T15:50:00,416,416
http://irail.be/vehicle/IC414,http://irail.be/stations/NMBS/008833001,IC,2017-05-17T15:57:00,2017-05-17T15:53:00,318,428
http://irail.be/vehicle/IC414,http://irail.be/stations/NMBS/008841202,IC,2017-05-17T16:24:00,2017-05-17T16:24:00,280,280
http://irail.be/vehicle/IC414,http://irail.be/stations/NMBS/008841004,IC,2017-05-17T16:34:00,2017-05-17T16:31:00,429,463
http://irail.be/vehicle/IC414,http://irail.be/stations/NMBS/008842002,IC,2017-05-17T16:41:00,2017-05-17T16:37:00,302,302
http://irail.be/vehicle/IC414,http://irail.be/stations/NMBS/008842036,IC,2017-05-17T16:43:00,2017-05-17T16:43:00,302,302
http://irail.be/vehicle/IC414,http://irail.be/stations/NMBS/008844271,IC,2017-05-17T16:47:00,2017-05-17T16:47:00,275,275
http://irail.be/vehicle/IC414,NO-URI,IC,2017-05-17T16:48:00,2017-05-17T16:48:00,263,263
http://irail.be/vehicle/IC414,http://irail.be/stations/NMBS/008844255,IC,2017-05-17T16:49:00,2017-05-17T16:49:00,259,259
http://irail.be/vehicle/IC414,http://irail.be/stations/NMBS/008844230,IC,2017-05-17T16:49:00,2017-05-17T16:49:00,353,353
http://irail.be/vehicle/IC414,http://irail.be/stations/NMBS/008844206,IC,2017-05-17T16:54:00,2017-05-17T16:53:00,353,353
http://irail.be/vehicle/IC414,http://irail.be/stations/NMBS/008844008,IC,2017-05-17T17:02:00,2017-05-17T17:00:00,230,288
http://irail.be/vehicle/IC414,http://irail.be/stations/NMBS/008844057,IC,2017-05-17T17:03:00,2017-05-17T17:03:00,230,230
http://irail.be/vehicle/IC414,NO-URI,IC,2017-05-17T17:05:00,2017-05-17T17:05:00,254,254
http://irail.be/vehicle/IC414,http://irail.be/stations/NMBS/008844545,IC,2017-05-17T17:10:00,2017-05-17T17:09:00,358,358
http://irail.be/vehicle/IC414,http://irail.be/stations/NMBS/008844503,IC,2017-05-17T17:16:00,2017-05-17T17:16:00,,358
http://irail.be/vehicle/IC414,http://irail.be/stations/NMBS/008896008,IC,2017-11-13T14:16:00,2017-11-13T14:16:00,548,
http://irail.be/vehicle/IC414,http://irail.be/stations/NMBS/008896115,IC,2017-11-13T14:22:00,2017-11-13T14:21:00,479,479
http://irail.be/vehicle/IC414,http://irail.be/stations/NMBS/008896149,IC,2017-11-13T14:28:00,2017-11-13T14:27:00,474,485
http://irail.be/vehicle/IC414,http://irail.be/stations/NMBS/008892106,IC,2017-11-13T14:38:00,2017-11-13T14:37:00,386,364
http://irail.be/vehicle/IC414,NO-URI,IC,2017-11-13T14:40:00,2017-11-13T14:40:00,386,386
http://irail.be/vehicle/IC414,http://irail.be/stations/NMBS/008892080,IC,2017-11-13T14:45:00,2017-11-13T14:44:00,265,284
http://irail.be/vehicle/IC414,http://irail.be/stations/NMBS/008892007,IC,2017-11-13T14:54:00,2017-11-13T14:51:00,217,274
http://irail.be/vehicle/IC414,http://irail.be/stations/NMBS/008814001,IC,2017-11-13T15:27:00,2017-11-13T15:24:00,72,101
http://irail.be/vehicle/IC414,http://irail.be/stations/NMBS/008813037,IC,2017-11-13T15:29:00,2017-11-13T15:29:00,96,96
http://irail.be/vehicle/IC414,http://irail.be/stations/NMBS/008813003,IC,2017-11-13T15:31:00,2017-11-13T15:30:00,209,174
http://irail.be/vehicle/IC414,http://irail.be/stations/NMBS/008813045,IC,2017-11-13T15:33:00,2017-11-13T15:33:00,186,186
http://irail.be/vehicle/IC414,http://irail.be/stations/NMBS/008812005,IC,2017-11-13T15:38:00,2017-11-13T15:35:00,187,181
http://irail.be/vehicle/IC414,http://irail.be/stations/NMBS/008811007,IC,2017-11-13T15:41:00,2017-11-13T15:41:00,147,147
http://irail.be/vehicle/IC414,http://irail.be/stations/NMBS/008811130,IC,2017-11-13T15:42:00,2017-11-13T15:42:00,163,163
http://irail.be/vehicle/IC414,http://irail.be/stations/NMBS/008811213,IC,2017-11-13T15:43:00,2017-11-13T15:43:00,149,149
http://irail.be/vehicle/IC414,http://irail.be/stations/NMBS/008811221,IC,2017-11-13T15:44:00,2017-11-13T15:44:00,157,157
http://irail.be/vehicle/IC414,http://irail.be/stations/NMBS/008811247,IC,2017-11-13T15:45:00,2017-11-13T15:45:00,119,119
http://irail.be/vehicle/IC414,http://irail.be/stations/NMBS/008811254,IC,2017-11-13T15:46:00,2017-11-13T15:46:00,28,28
http://irail.be/vehicle/IC414,http://irail.be/stations/NMBS/008811262,IC,2017-11-13T15:48:00,2017-11-13T15:48:00,28,28
http://irail.be/vehicle/IC414,http://irail.be/stations/NMBS/008811270,IC,2017-11-13T15:49:00,2017-11-13T15:49:00,105,105
http://irail.be/vehicle/IC414,http://irail.be/stations/NMBS/008811288,IC,2017-11-13T15:50:00,2017-11-13T15:50:00,117,117
http://irail.be/vehicle/IC414,http://irail.be/stations/NMBS/008833001,IC,2017-11-13T15:57:00,2017-11-13T15:53:00,65,111
http://irail.be/vehicle/IC414,http://irail.be/stations/NMBS/008841202,IC,2017-11-13T16:24:00,2017-11-13T16:24:00,-50,-50
http://irail.be/vehicle/IC414,http://irail.be/stations/NMBS/008841004,IC,2017-11-13T16:34:00,2017-11-13T16:31:00,363,313
http://irail.be/vehicle/IC414,http://irail.be/stations/NMBS/008842002,IC,2017-11-13T16:41:00,2017-11-13T16:37:00,306,306
http://irail.be/vehicle/IC414,http://irail.be/stations/NMBS/008842036,IC,2017-11-13T16:43:00,2017-11-13T16:43:00,306,306
http://irail.be/vehicle/IC414,http://irail.be/stations/NMBS/008844271,IC,2017-11-13T16:47:00,2017-11-13T16:47:00,297,297
http://irail.be/vehicle/IC414,NO-URI,IC,2017-11-13T16:48:00,2017-11-13T16:48:00,292,292
http://irail.be/vehicle/IC414,http://irail.be/stations/NMBS/008844255,IC,2017-11-13T16:49:00,2017-11-13T16:49:00,373,373
http://irail.be/vehicle/IC414,http://irail.be/stations/NMBS/008844230,IC,2017-11-13T16:49:00,2017-11-13T16:49:00,852,852
http://irail.be/vehicle/IC414,http://irail.be/stations/NMBS/008844206,IC,2017-11-13T16:54:00,2017-11-13T16:53:00,852,852
http://irail.be/vehicle/IC414,http://irail.be/stations/NMBS/008844008,IC,2017-11-13T17:02:00,2017-11-13T17:00:00,809,882
http://irail.be/vehicle/IC414,http://irail.be/stations/NMBS/008844057,IC,2017-11-13T17:03:00,2017-11-13T17:03:00,809,809
http://irail.be/vehicle/IC414,NO-URI,IC,2017-11-13T17:05:00,2017-11-13T17:05:00,802,802
http://irail.be/vehicle/IC414,http://irail.be/stations/NMBS/008844545,IC,2017-11-13T17:10:00,2017-11-13T17:09:00,834,834
http://irail.be/vehicle/IC414,http://irail.be/stations/NMBS/008844503,IC,2017-11-13T17:16:00,2017-11-13T17:16:00,,834
http://irail.be/vehicle/IC414,http://irail.be/stations/NMBS/008896008,IC,2017-01-26T14:16:00,2017-01-26T14:16:00,171,
http://irail.be/vehicle/IC414,http://irail.be/stations/NMBS/008896115,IC,2017-01-26T14:22:00,2017-01-26T14:21:00,244,244
http://irail.be/vehicle/IC414,http://irail.be/stations/NMBS/008896149,IC,2017-01-26T14:28:00,2017-01-26T14:27:00,269,244
http://irail.be/vehicle/IC414,http://irail.be/stations/NMBS/008892106,IC,2017-01-26T14:38:00,2017-01-26T14:37:00,235,177
http://irail.be/vehicle/IC414,NO-URI,IC,2017-01-26T14:40:00,2017-01-26T14:40:00,235,235
http://irail.be/vehicle/IC414,http://irail.be/stations/NMBS/008892080,IC,2017-01-26T14:45:00,2017-01-26T14:44:00,181,160
http://irail.be/vehicle/IC414,http://irail.be/stations/NMBS/008892007,IC,2017-01-26T14:54:00,2017-01-26T14:51:00,226,236
http://irail.be/vehicle/IC414,http://irail.be/stations/NMBS/008814001,IC,2017-01-26T15:27:00,2017-01-26T15:24:00,334,294
http://irail.be/vehicle/IC414,http://irail.be/stations/NMBS/008813037,IC,2017-01-26T15:29:00,2017-01-26T15:29:00,326,326
http://irail.be/vehicle/IC414,http://irail.be/stations/NMBS/008813003,IC,2017-01-26T15:31:00,2017-01-26T15:30:00,360,328
http://irail.be/vehicle/IC414,http://irail.be/stations/NMBS/008813045,IC,2017-01-26T15:33:00,2017-01-26T15:33:00,340,340
http://irail.be/vehicle/IC414,http://irail.be/stations/NMBS/008812005,IC,2017-01-26T15:38:00,2017-01-26T15:35:00,295,327
http://irail.be/vehicle/IC414,http://irail.be/stations/NMBS/008811007,IC,2017-01-26T15:41:00,2017-01-26T15:41:00,261,261
http://irail.be/vehicle/IC414,http://irail.be/stations/NMBS/008811130,IC,2017-01-26T15:42:00,2017-01-26T15:42:00,255,255
http://irail.be/vehicle/IC414,http://irail.be/stations/NMBS/008811213,IC,2017-01-26T15:43:00,2017-01-26T15:43:00,262,262
http://irail.be/vehicle/IC414,http://irail.be/stations/NMBS/008811221,IC,2017-01-26T15:44:00,2017-01-26T15:44:00,272,272
http://irail.be/vehicle/IC414,http://irail.be/stations/NMBS/008811247,IC,2017-01-26T15:45:00,2017-01-26T15:45:00,232,232
http://irail.be/vehicle/IC414,http://irail.be/stations/NMBS/008811254,IC,2017-01-26T15:46:00,2017-01-26T15:46:00,141,141
http://irail.be/vehicle/IC414,http://irail.be/stations/NMBS/008811262,IC,2017-01-26T15:48:00,2017-01-26T15:48:00,141,141
http://irail.be/vehicle/IC414,http://irail.be/stations/NMBS/008811270,IC,2017-01-26T15:49:00,2017-01-26T15:49:00,217,217
http://irail.be/vehicle/IC414,http://irail.be/stations/NMBS/008811288,IC,2017-01-26T15:50:00,2017-01-26T15:50:00,229,229
http://irail.be/vehicle/IC414,http://irail.be/stations/NMBS/008833001,IC,2017-01-26T15:57:00,2017-01-26T15:53:00,65,208
http://irail.be/vehicle/IC414,http://irail.be/stations/NMBS/008841202,IC,2017-01-26T16:24:00,2017-01-26T16:24:00,-53,-53
http://irail.be/vehicle/IC414,http://irail.be/stations/NMBS/008841004,IC,2017-01-26T16:34:00,2017-01-26T16:31:00,12,32
http://irail.be/vehicle/IC414,http://irail.be/stations/NMBS/008842002,IC,2017-01-26T16:41:00,2017-01-26T16:37:00,62,62
http://irail.be/vehicle/IC414,http://irail.be/stations/NMBS/008842036,IC,2017-01-26T16:43:00,2017-01-26T16:43:00,62,62
http://irail.be/vehicle/IC414,http://irail.be/stations/NMBS/008844271,IC,2017-01-26T16:47:00,2017-01-26T16:47:00,35,35
http://irail.be/vehicle/IC414,NO-URI,IC,2017-01-26T16:48:00,2017-01-26T16:48:00,14,14
http://irail.be/vehicle/IC414,http://irail.be/stations/NMBS/008844255,IC,2017-01-26T16:49:00,2017-01-26T16:49:00,11,11
http://irail.be/vehicle/IC414,http://irail.be/stations/NMBS/008844230,IC,2017-01-26T16:49:00,2017-01-26T16:49:00,85,85
http://irail.be/vehicle/IC414,http://irail.be/stations/NMBS/008844206,IC,2017-01-26T16:54:00,2017-01-26T16:53:00,85,85
http://irail.be/vehicle/IC414,http://irail.be/stations/NMBS/008844008,IC,2017-01-26T17:02:00,2017-01-26T17:00:00,-2,13
http://irail.be/vehicle/IC414,http://irail.be/stations/NMBS/008844057,IC,2017-01-26T17:03:00,2017-01-26T17:03:00,-2,-2
http://irail.be/vehicle/IC414,NO-URI,IC,2017-01-26T17:05:00,2017-01-26T17:05:00,10,10
http://irail.be/vehicle/IC414,http://irail.be/stations/NMBS/008844545,IC,2017-01-26T17:10:00,2017-01-26T17:09:00,5,5
http://irail.be/vehicle/IC414,http://irail.be/stations/NMBS/008844503,IC,2017-01-26T17:16:00,2017-01-26T17:16:00,,5
http://irail.be/vehicle/IC414,http://irail.be/stations/NMBS/008896008,IC,2017-04-12T14:16:00,2017-04-12T14:16:00,54,
http://irail.be/vehicle/IC414,http://irail.be/stations/NMBS/008896115,IC,2017-04-12T14:22:00,2017-04-12T14:21:00,106,106
http://irail.be/vehicle/IC414,http://irail.be/stations/NMBS/008896149,IC,2017-04-12T14:28:00,2017-04-12T14:27:00,152,106
http://irail.be/vehicle/IC414,http://irail.be/stations/NMBS/008892106,IC,2017-04-12T14:38:00,2017-04-12T14:37:00,128,76
http://irail.be/vehicle/IC414,NO-URI,IC,2017-04-12T14:40:00,2017-04-12T14:40:00,128,128
http://irail.be/vehicle/IC414,http://irail.be/stations/NMBS/008892080,IC,2017-04-12T14:45:00,2017-04-12T14:44:00,83,52
http://irail.be/vehicle/IC414,http://irail.be/stations/NMBS/008892007,IC,2017-04-12T14:54:00,2017-04-12T14:51:00,53,114
http://irail.be/vehicle/IC414,http://irail.be/stations/NMBS/008814001,IC,2017-04-12T15:27:00,2017-04-12T15:24:00,233,276
http://irail.be/vehicle/IC414,http://irail.be/stations/NMBS/008813037,IC,2017-04-12T15:29:00,2017-04-12T15:29:00,232,232
http://irail.be/vehicle/IC414,http://irail.be/stations/NMBS/008813003,IC,2017-04-12T15:31:00,2017-04-12T15:30:00,243,235
http://irail.be/vehicle/IC414,http://irail.be/stations/NMBS/008813045,IC,2017-04-12T15:33:00,2017-04-12T15:33:00,224,224
http://irail.be/vehicle/IC414,http://irail.be/stations/NMBS/008812005,IC,2017-04-12T15:38:00,2017-04-12T15:35:00,280,304
http://irail.be/vehicle/IC414,http://irail.be/stations/NMBS/008811007,IC,2017-04-12T15:41:00,2017-04-12T15:41:00,242,242
http://irail.be/vehicle/IC414,http://irail.be/stations/NMBS/008811130,IC,2017-04-12T15:42:00,2017-04-12T15:42:00,255,255
http://irail.be/vehicle/IC414,http://irail.be/stations/NMBS/008811213,IC,2017-04-12T15:43:00,2017-04-12T15:43:00,241,241
http://irail.be/vehicle/IC414,http://irail.be/stations/NMBS/008811221,IC,2017-04-12T15:44:00,2017-04-12T15:44:00,251,251
http://irail.be/vehicle/IC414,http://irail.be/stations/NMBS/008811247,IC,2017-04-12T15:45:00,2017-04-12T15:45:00,212,212
http://irail.be/vehicle/IC414,http://irail.be/stations/NMBS/008811254,IC,2017-04-12T15:46:00,2017-04-12T15:46:00,123,123
http://irail.be/vehicle/IC414,http://irail.be/stations/NMBS/008811262,IC,2017-04-12T15:48:00,2017-04-12T15:48:00,123,123
http://irail.be/vehicle/IC414,http://irail.be/stations/NMBS/008811270,IC,2017-04-12T15:49:00,2017-04-12T15:49:00,201,201
http://irail.be/vehicle/IC414,http://irail.be/stations/NMBS/008811288,IC,2017-04-12T15:50:00,2017-04-12T15:50:00,211,211
http://irail.be/vehicle/IC414,http://irail.be/stations/NMBS/008833001,IC,2017-04-12T15:57:00,2017-04-12T15:53:00,169,202
http://irail.be/vehicle/IC414,http://irail.be/stations/NMBS/008841202,IC,2017-04-12T16:24:00,2017-04-12T16:24:00,97,97
http://irail.be/vehicle/IC414,http://irail.be/stations/NMBS/008841004,IC,2017-04-12T16:46:00,2017-04-12T16:31:00,189,226
http://irail.be/vehicle/IC414,http://irail.be/stations/NMBS/008842002,IC,2017-04-12T16:50:00,2017-04-12T16:49:00,317,317
http://irail.be/vehicle/IC414,http://irail.be/stations/NMBS/008842036,IC,2017-04-12T16:52:00,2017-04-12T16:52:00,317,317
http://irail.be/vehicle/IC414,http://irail.be/stations/NMBS/008844271,IC,2017-04-12T16:56:00,2017-04-12T16:56:00,295,295
http://irail.be/vehicle/IC414,NO-URI,IC,2017-04-12T16:57:00,2017-04-12T16:57:00,292,292
http://irail.be/vehicle/IC414,http://irail.be/stations/NMBS/008844255,IC,2017-04-12T16:58:00,2017-04-12T16:58:00,287,287
http://irail.be/vehicle/IC414,http://irail.be/stations/NMBS/008844230,IC,2017-04-12T16:58:00,2017-04-12T16:58:00,344,344
http://irail.be/vehicle/IC414,http://irail.be/stations/NMBS/008844206,IC,2017-04-12T17:03:00,2017-04-12T17:02:00,344,344
http://irail.be/vehicle/IC414,http://irail.be/stations/NMBS/008844008,IC,2017-04-12T17:11:00,2017-04-12T17:09:00,247,274
http://irail.be/vehicle/IC414,http://irail.be/stations/NMBS/008844057,IC,2017-04-12T17:12:00,2017-04-12T17:12:00,247,247
http://irail.be/vehicle/IC414,NO-URI,IC,2017-04-12T17:14:00,2017-04-12T17:14:00,288,288
http://irail.be/vehicle/IC414,http://irail.be/stations/NMBS/008844545,IC,2017-04-12T17:19:00,2017-04-12T17:18:00,1010,1010
http://irail.be/vehicle/IC414,http://irail.be/stations/NMBS/008844503,IC,2017-04-12T17:25:00,2017-04-12T17:25:00,,1010
http://irail.be/vehicle/IC414,http://irail.be/stations/NMBS/008896008,IC,2017-06-16T14:16:00,2017-06-16T14:16:00,901,
http://irail.be/vehicle/IC414,http://irail.be/stations/NMBS/008896115,IC,2017-06-16T14:22:00,2017-06-16T14:21:00,971,971
http://irail.be/vehicle/IC414,http://irail.be/stations/NMBS/008896149,IC,2017-06-16T14:28:00,2017-06-16T14:27:00,1007,1004
http://irail.be/vehicle/IC414,http://irail.be/stations/NMBS/008892106,IC,2017-06-16T14:38:00,2017-06-16T14:37:00,1050,934
http://irail.be/vehicle/IC414,NO-URI,IC,2017-06-16T14:40:00,2017-06-16T14:40:00,1050,1050
http://irail.be/vehicle/IC414,http://irail.be/stations/NMBS/008892080,IC,2017-06-16T14:45:00,2017-06-16T14:44:00,1219,1152
http://irail.be/vehicle/IC414,http://irail.be/stations/NMBS/008892007,IC,2017-06-16T14:54:00,2017-06-16T14:51:00,1221,1293
http://irail.be/vehicle/IC414,http://irail.be/stations/NMBS/008814001,IC,2017-06-16T15:27:00,2017-06-16T15:24:00,1352,1330
http://irail.be/vehicle/IC414,http://irail.be/stations/NMBS/008813037,IC,2017-06-16T15:29:00,2017-06-16T15:29:00,1416,1416
http://irail.be/vehicle/IC414,http://irail.be/stations/NMBS/008813003,IC,2017-06-16T15:31:00,2017-06-16T15:30:00,1631,1595
http://irail.be/vehicle/IC414,http://irail.be/stations/NMBS/008813045,IC,2017-06-16T15:33:00,2017-06-16T15:33:00,1617,1617
http://irail.be/vehicle/IC414,http://irail.be/stations/NMBS/008812005,IC,2017-06-16T15:38:00,2017-06-16T15:35:00,1617,1638
http://irail.be/vehicle/IC414,http://irail.be/stations/NMBS/008811007,IC,2017-06-16T15:41:00,2017-06-16T15:41:00,1818,1818
http://irail.be/vehicle/IC414,http://irail.be/stations/NMBS/008811130,IC,2017-06-16T15:43:26,2017-06-16T15:42:00,1903,1903
http://irail.be/vehicle/IC414,http://irail.be/stations/NMBS/008811213,IC,2017-06-16T15:43:00,2017-06-16T15:43:00,1940,1940
http://irail.be/vehicle/IC414,http://irail.be/stations/NMBS/008811221,IC,2017-06-16T15:44:00,2017-06-16T15:44:00,1969,1969
http://irail.be/vehicle/IC414,http://irail.be/stations/NMBS/008811247,IC,2017-06-16T15:45:00,2017-06-16T15:45:00,1930,1930
http://irail.be/vehicle/IC414,http://irail.be/stations/NMBS/008811254,IC,2017-06-16T15:46:00,2017-06-16T15:46:00,1834,1834
http://irail.be/vehicle/IC414,http://irail.be/stations/NMBS/008811262,IC,2017-06-16T15:48:00,2017-06-16T15:48:00,1834,1834
http://irail.be/vehicle/IC414,http://irail.be/stations/NMBS/008811270,IC,2017-06-16T15:49:00,2017-06-16T15:49:00,1876,1876
http://irail.be/vehicle/IC414,http://irail.be/stations/NMBS/008811288,IC,2017-06-16T15:50:00,2017-06-16T15:50:00,1887,1887
http://irail.be/vehicle/IC414,http://irail.be/stations/NMBS/008833001,IC,2017-06-16T15:57:00,2017-06-16T15:53:00,1722,1882
http://irail.be/vehicle/IC414,http://irail.be/stations/NMBS/008841202,IC,2017-06-16T16:24:00,2017-06-16T16:24:00,1567,1567
http://irail.be/vehicle/IC414,http://irail.be/stations/NMBS/008841004,IC,2017-06-16T16:34:00,2017-06-16T16:31:00,1608,1684
http://irail.be/vehicle/IC414,http://irail.be/stations/NMBS/008842002,IC,2017-06-16T16:41:00,2017-06-16T16:37:00,1424,1424
http://irail.be/vehicle/IC414,http://irail.be/stations/NMBS/008842036,IC,2017-06-16T16:43:00,2017-06-16T16:43:00,1424,1424
http://irail.be/vehicle/IC414,http://irail.be/stations/NMBS/008844271,IC,2017-06-16T16:47:00,2017-06-16T16:47:00,1402,1402
http://irail.be/vehicle/IC414,NO-URI,IC,2017-06-16T16:48:00,2017-06-16T16:48:00,1463,1463
http://irail.be/vehicle/IC414,http://irail.be/stations/NMBS/008844255,IC,2017-06-16T16:49:00,2017-06-16T16:49:00,1466,1466
http://irail.be/vehicle/IC414,http://irail.be/stations/NMBS/008844230,IC,2017-06-16T16:49:00,2017-06-16T16:49:00,1525,1525
http://irail.be/vehicle/IC414,http://irail.be/stations/NMBS/008844206,IC,2017-06-16T16:54:00,2017-06-16T16:53:00,1525,1525
http://irail.be/vehicle/IC414,http://irail.be/stations/NMBS/008844008,IC,2017-06-16T17:02:00,2017-06-16T17:00:00,1402,1470
http://irail.be/vehicle/IC414,http://irail.be/stations/NMBS/008844057,IC,2017-06-16T17:03:00,2017-06-16T17:03:00,1402,1402
http://irail.be/vehicle/IC414,NO-URI,IC,2017-06-16T17:05:00,2017-06-16T17:05:00,1406,1406
http://irail.be/vehicle/IC414,http://irail.be/stations/NMBS/008844545,IC,2017-06-16T17:10:00,2017-06-16T17:09:00,1307,1307
http://irail.be/vehicle/IC414,http://irail.be/stations/NMBS/008844503,IC,2017-06-16T17:16:00,2017-06-16T17:16:00,,1307
http://irail.be/vehicle/IC414,http://irail.be/stations/NMBS/008896008,IC,2017-11-20T14:16:00,2017-11-20T14:16:00,203,
http://irail.be/vehicle/IC414,http://irail.be/stations/NMBS/008896115,IC,2017-11-20T14:22:00,2017-11-20T14:21:00,255,255
http://irail.be/vehicle/IC414,http://irail.be/stations/NMBS/008896149,IC,2017-11-20T14:28:00,2017-11-20T14:27:00,282,283
http://irail.be/vehicle/IC414,http://irail.be/stations/NMBS/008892106,IC,2017-11-20T14:38:00,2017-11-20T14:37:00,227,189
http://irail.be/vehicle/IC414,NO-URI,IC,2017-11-20T14:40:00,2017-11-20T14:40:00,227,227
http://irail.be/vehicle/IC414,http://irail.be/stations/NMBS/008892080,IC,2017-11-20T14:45:00,2017-11-20T14:44:00,170,142
http://irail.be/vehicle/IC414,http://irail.be/stations/NMBS/008892007,IC,2017-11-20T14:54:00,2017-11-20T14:51:00,219,220
http://irail.be/vehicle/IC414,http://irail.be/stations/NMBS/008814001,IC,2017-11-20T15:27:00,2017-11-20T15:24:00,533,263
http://irail.be/vehicle/IC414,http://irail.be/stations/NMBS/008813037,IC,2017-11-20T15:29:00,2017-11-20T15:29:00,570,570
http://irail.be/vehicle/IC414,http://irail.be/stations/NMBS/008813003,IC,2017-11-20T15:31:00,2017-11-20T15:30:00,667,610
http://irail.be/vehicle/IC414,http://irail.be/stations/NMBS/008813045,IC,2017-11-20T15:33:00,2017-11-20T15:33:00,651,651
http://irail.be/vehicle/IC414,http://irail.be/stations/NMBS/008812005,IC,2017-11-20T15:38:00,2017-11-20T15:35:00,569,642
http://irail.be/vehicle/IC414,http://irail.be/stations/NMBS/008811007,IC,2017-11-20T15:41:00,2017-11-20T15:41:00,538,538
http://irail.be/vehicle/IC414,http://irail.be/stations/NMBS/008811130,IC,2017-11-20T15:42:00,2017-11-20T15:42:00,555,555
http://irail.be/vehicle/IC414,http://irail.be/stations/NMBS/008811213,IC,2017-11-20T15:43:00,2017-11-20T15:43:00,541,541
http://irail.be/vehicle/IC414,http://irail.be/stations/NMBS/008811221,IC,2017-11-20T15:44:00,2017-11-20T15:44:00,548,548
http://irail.be/vehicle/IC414,http://irail.be/stations/NMBS/008811247,IC,2017-11-20T15:45:00,2017-11-20T15:45:00,507,507
http://irail.be/vehicle/IC414,http://irail.be/stations/NMBS/008811254,IC,2017-11-20T15:46:00,2017-11-20T15:46:00,416,416
http://irail.be/vehicle/IC414,http://irail.be/stations/NMBS/008811262,IC,2017-11-20T15:48:00,2017-11-20T15:48:00,416,416
http://irail.be/vehicle/IC414,http://irail.be/stations/NMBS/008811270,IC,2017-11-20T15:49:00,2017-11-20T15:49:00,490,490
http://irail.be/vehicle/IC414,http://irail.be/stations/NMBS/008811288,IC,2017-11-20T15:50:00,2017-11-20T15:50:00,500,500
http://irail.be/vehicle/IC414,http://irail.be/stations/NMBS/008833001,IC,2017-11-20T15:57:00,2017-11-20T15:53:00,446,489
http://irail.be/vehicle/IC414,http://irail.be/stations/NMBS/008841202,IC,2017-11-20T16:24:00,2017-11-20T16:24:00,321,321
http://irail.be/vehicle/IC414,http://irail.be/stations/NMBS/008841004,IC,2017-11-20T16:34:00,2017-11-20T16:31:00,202,274
http://irail.be/vehicle/IC414,http://irail.be/stations/NMBS/008842002,IC,2017-11-20T16:41:00,2017-11-20T16:37:00,123,123
http://irail.be/vehicle/IC414,http://irail.be/stations/NMBS/008842036,IC,2017-11-20T16:43:00,2017-11-20T16:43:00,123,123
http://irail.be/vehicle/IC414,http://irail.be/stations/NMBS/008844271,IC,2017-11-20T16:47:00,2017-11-20T16:47:00,96,96
http://irail.be/vehicle/IC414,NO-URI,IC,2017-11-20T16:48:00,2017-11-20T16:48:00,105,105
http://irail.be/vehicle/IC414,http://irail.be/stations/NMBS/008844255,IC,2017-11-20T16:49:00,2017-11-20T16:49:00,133,133
http://irail.be/vehicle/IC414,http://irail.be/stations/NMBS/008844230,IC,2017-11-20T16:49:00,2017-11-20T16:49:00,211,211
http://irail.be/vehicle/IC414,http://irail.be/stations/NMBS/008844206,IC,2017-11-20T16:54:00,2017-11-20T16:53:00,211,211
http://irail.be/vehicle/IC414,http://irail.be/stations/NMBS/008844008,IC,2017-11-20T17:02:00,2017-11-20T17:00:00,43,138
http://irail.be/vehicle/IC414,http://irail.be/stations/NMBS/008844057,IC,2017-11-20T17:03:00,2017-11-20T17:03:00,43,43
http://irail.be/vehicle/IC414,NO-URI,IC,2017-11-20T17:05:00,2017-11-20T17:05:00,52,52
http://irail.be/vehicle/IC414,http://irail.be/stations/NMBS/008844545,IC,2017-11-20T17:10:00,2017-11-20T17:09:00,72,72
http://irail.be/vehicle/IC414,http://irail.be/stations/NMBS/008844503,IC,2017-11-20T17:16:00,2017-11-20T17:16:00,,72
http://irail.be/vehicle/IC414,http://irail.be/stations/NMBS/008896008,IC,2017-12-26T14:16:00,2017-12-26T14:16:00,66,
http://irail.be/vehicle/IC414,http://irail.be/stations/NMBS/008896115,IC,2017-12-26T14:22:00,2017-12-26T14:21:00,136,136
http://irail.be/vehicle/IC414,http://irail.be/stations/NMBS/008896149,IC,2017-12-26T14:28:00,2017-12-26T14:27:00,203,168
http://irail.be/vehicle/IC414,http://irail.be/stations/NMBS/008892106,IC,2017-12-26T14:38:00,2017-12-26T14:37:00,277,115
http://irail.be/vehicle/IC414,NO-URI,IC,2017-12-26T14:40:00,2017-12-26T14:40:00,277,277
http://irail.be/vehicle/IC414,http://irail.be/stations/NMBS/008892080,IC,2017-12-26T14:44:00,2017-12-26T14:43:00,378,372
http://irail.be/vehicle/IC414,http://irail.be/stations/NMBS/008892007,IC,2017-12-26T14:54:00,2017-12-26T14:52:00,448,412
http://irail.be/vehicle/IC414,http://irail.be/stations/NMBS/008814001,IC,2017-12-26T15:27:00,2017-12-26T15:24:00,420,453
http://irail.be/vehicle/IC414,http://irail.be/stations/NMBS/008813037,IC,2017-12-26T15:29:00,2017-12-26T15:29:00,454,454
http://irail.be/vehicle/IC414,http://irail.be/stations/NMBS/008813003,IC,2017-12-26T15:31:00,2017-12-26T15:30:00,477,457
http://irail.be/vehicle/IC414,http://irail.be/stations/NMBS/008813045,IC,2017-12-26T15:33:00,2017-12-26T15:33:00,455,455
http://irail.be/vehicle/IC414,http://irail.be/stations/NMBS/008812005,IC,2017-12-26T15:37:00,2017-12-26T15:35:00,441,447
http://irail.be/vehicle/IC414,http://irail.be/stations/NMBS/008811007,IC,2017-12-26T15:40:00,2017-12-26T15:40:00,399,399
http://irail.be/vehicle/IC414,http://irail.be/stations/NMBS/008811130,IC,2017-12-26T15:41:00,2017-12-26T15:41:00,422,422
http://irail.be/vehicle/IC414,http://irail.be/stations/NMBS/008811213,IC,2017-12-26T15:42:00,2017-12-26T15:42:00,410,410
http://irail.be/vehicle/IC414,http://irail.be/stations/NMBS/008811221,IC,2017-12-26T15:43:00,2017-12-26T15:43:00,377,377
http://irail.be/vehicle/IC414,http://irail.be/stations/NMBS/008811247,IC,2017-12-26T15:44:00,2017-12-26T15:44:00,364,364
http://irail.be/vehicle/IC414,http://irail.be/stations/NMBS/008811254,IC,2017-12-26T15:45:00,2017-12-26T15:45:00,265,265
http://irail.be/vehicle/IC414,http://irail.be/stations/NMBS/008811262,IC,2017-12-26T15:47:00,2017-12-26T15:47:00,265,265
http://irail.be/vehicle/IC414,http://irail.be/stations/NMBS/008811270,IC,2017-12-26T15:48:00,2017-12-26T15:48:00,310,310
http://irail.be/vehicle/IC414,http://irail.be/stations/NMBS/008811288,IC,2017-12-26T15:49:00,2017-12-26T15:49:00,321,321
http://irail.be/vehicle/IC414,http://irail.be/stations/NMBS/008833001,IC,2017-12-26T15:56:00,2017-12-26T15:52:00,296,438
http://irail.be/vehicle/IC414,http://irail.be/stations/NMBS/008841202,IC,2017-12-26T16:22:00,2017-12-26T16:22:00,274,274
http://irail.be/vehicle/IC414,http://irail.be/stations/NMBS/008841004,IC,2017-12-26T16:36:00,2017-12-26T16:29:00,181,391
http://irail.be/vehicle/IC414,http://irail.be/stations/NMBS/008842002,IC,2017-12-26T16:41:00,2017-12-26T16:39:00,107,107
http://irail.be/vehicle/IC414,http://irail.be/stations/NMBS/008842036,IC,2017-12-26T16:43:00,2017-12-26T16:43:00,107,107
http://irail.be/vehicle/IC414,http://irail.be/stations/NMBS/008844271,IC,2017-12-26T16:47:00,2017-12-26T16:47:00,70,70
http://irail.be/vehicle/IC414,NO-URI,IC,2017-12-26T16:48:00,2017-12-26T16:48:00,90,90
http://irail.be/vehicle/IC414,http://irail.be/stations/NMBS/008844255,IC,2017-12-26T16:49:00,2017-12-26T16:49:00,118,118
http://irail.be/vehicle/IC414,http://irail.be/stations/NMBS/008844230,IC,2017-12-26T16:49:00,2017-12-26T16:49:00,290,290
http://irail.be/vehicle/IC414,http://irail.be/stations/NMBS/008844206,IC,2017-12-26T16:54:00,2017-12-26T16:53:00,290,290
http://irail.be/vehicle/IC414,http://irail.be/stations/NMBS/008844008,IC,2017-12-26T17:02:00,2017-12-26T17:00:00,112,186
http://irail.be/vehicle/IC414,http://irail.be/stations/NMBS/008844057,IC,2017-12-26T17:03:00,2017-12-26T17:03:00,112,112
http://irail.be/vehicle/IC414,http://irail.be/stations/NMBS/008844545,IC,2017-12-26T17:09:00,2017-12-26T17:08:00,140,140
http://irail.be/vehicle/IC414,http://irail.be/stations/NMBS/008844503,IC,2017-12-26T17:14:00,2017-12-26T17:14:00,,140
http://irail.be/vehicle/IC414,http://irail.be/stations/NMBS/008896008,IC,2017-02-16T14:16:00,2017-02-16T14:16:00,83,
http://irail.be/vehicle/IC414,http://irail.be/stations/NMBS/008896115,IC,2017-02-16T14:22:00,2017-02-16T14:21:00,109,109
http://irail.be/vehicle/IC414,http://irail.be/stations/NMBS/008896149,IC,2017-02-16T14:28:00,2017-02-16T14:27:00,97,109
http://irail.be/vehicle/IC414,http://irail.be/stations/NMBS/008892106,IC,2017-02-16T14:38:00,2017-02-16T14:37:00,128,38
http://irail.be/vehicle/IC414,NO-URI,IC,2017-02-16T14:40:00,2017-02-16T14:40:00,128,128
http://irail.be/vehicle/IC414,http://irail.be/stations/NMBS/008892080,IC,2017-02-16T14:45:00,2017-02-16T14:44:00,54,23
http://irail.be/vehicle/IC414,http://irail.be/stations/NMBS/008892007,IC,2017-02-16T14:54:00,2017-02-16T14:51:00,67,86
http://irail.be/vehicle/IC414,http://irail.be/stations/NMBS/008814001,IC,2017-02-16T15:27:00,2017-02-16T15:24:00,131,115
http://irail.be/vehicle/IC414,http://irail.be/stations/NMBS/008813037,IC,2017-02-16T15:29:00,2017-02-16T15:29:00,155,155
http://irail.be/vehicle/IC414,http://irail.be/stations/NMBS/008813003,IC,2017-02-16T15:31:00,2017-02-16T15:30:00,219,157
http://irail.be/vehicle/IC414,http://irail.be/stations/NMBS/008813045,IC,2017-02-16T15:33:00,2017-02-16T15:33:00,192,192
http://irail.be/vehicle/IC414,http://irail.be/stations/NMBS/008812005,IC,2017-02-16T15:38:00,2017-02-16T15:35:00,149,181
http://irail.be/vehicle/IC414,http://irail.be/stations/NMBS/008811007,IC,2017-02-16T15:41:00,2017-02-16T15:41:00,133,133
http://irail.be/vehicle/IC414,http://irail.be/stations/NMBS/008811130,IC,2017-02-16T15:42:00,2017-02-16T15:42:00,141,141
http://irail.be/vehicle/IC414,http://irail.be/stations/NMBS/008811213,IC,2017-02-16T15:43:00,2017-02-16T15:43:00,149,149
http://irail.be/vehicle/IC414,http://irail.be/stations/NMBS/008811221,IC,2017-02-16T15:44:00,2017-02-16T15:44:00,161,161
http://irail.be/vehicle/IC414,http://irail.be/stations/NMBS/008811247,IC,2017-02-16T15:45:00,2017-02-16T15:45:00,123,123
http://irail.be/vehicle/IC414,http://irail.be/stations/NMBS/008811254,IC,2017-02-16T15:46:00,2017-02-16T15:46:00,33,33
http://irail.be/vehicle/IC414,http://irail.be/stations/NMBS/008811262,IC,2017-02-16T15:48:00,2017-02-16T15:48:00,33,33
http://irail.be/vehicle/IC414,http://irail.be/stations/NMBS/008811270,IC,2017-02-16T15:49:00,2017-02-16T15:49:00,112,112
http://irail.be/vehicle/IC414,http://irail.be/stations/NMBS/008811288,IC,2017-02-16T15:50:00,2017-02-16T15:50:00,125,125
http://irail.be/vehicle/IC414,http://irail.be/stations/NMBS/008833001,IC,2017-02-16T15:57:00,2017-02-16T15:53:00,33,106
http://irail.be/vehicle/IC414,http://irail.be/stations/NMBS/008841202,IC,2017-02-16T16:24:00,2017-02-16T16:24:00,-39,-39
http://irail.be/vehicle/IC414,http://irail.be/stations/NMBS/008841004,IC,2017-02-16T16:34:00,2017-02-16T16:31:00,28,56
http://irail.be/vehicle/IC414,http://irail.be/stations/NMBS/008842002,IC,2017-02-16T16:41:00,2017-02-16T16:37:00,64,64
http://irail.be/vehicle/IC414,http://irail.be/stations/NMBS/008842036,IC,2017-02-16T16:43:00,2017-02-16T16:43:00,64,64
http://irail.be/vehicle/IC414,http://irail.be/stations/NMBS/008844271,IC,2017-02-16T16:47:00,2017-02-16T16:47:00,50,50
http://irail.be/vehicle/IC414,NO-URI,IC,2017-02-16T16:48:00,2017-02-16T16:48:00,66,66
http://irail.be/vehicle/IC414,http://irail.be/stations/NMBS/008844255,IC,2017-02-16T16:49:00,2017-02-16T16:49:00,65,65
http://irail.be/vehicle/IC414,http://irail.be/stations/NMBS/008844230,IC,2017-02-16T16:49:00,2017-02-16T16:49:00,117,117
http://irail.be/vehicle/IC414,http://irail.be/stations/NMBS/008844206,IC,2017-02-16T16:54:00,2017-02-16T16:53:00,117,117
http://irail.be/vehicle/IC414,http://irail.be/stations/NMBS/008844008,IC,2017-02-16T17:02:00,2017-02-16T17:00:00,115,68
http://irail.be/vehicle/IC414,http://irail.be/stations/NMBS/008844057,IC,2017-02-16T17:03:00,2017-02-16T17:03:00,115,115
http://irail.be/vehicle/IC414,NO-URI,IC,2017-02-16T17:05:00,2017-02-16T17:05:00,131,131
http://irail.be/vehicle/IC414,http://irail.be/stations/NMBS/008844545,IC,2017-02-16T17:10:00,2017-02-16T17:09:00,150,150
http://irail.be/vehicle/IC414,http://irail.be/stations/NMBS/008844503,IC,2017-02-16T17:16:00,2017-02-16T17:16:00,,150
http://irail.be/vehicle/IC414,http://irail.be/stations/NMBS/008896008,IC,2017-04-18T14:16:00,2017-04-18T14:16:00,118,
http://irail.be/vehicle/IC414,http://irail.be/stations/NMBS/008896115,IC,2017-04-18T14:22:00,2017-04-18T14:21:00,168,110
http://irail.be/vehicle/IC414,http://irail.be/stations/NMBS/008896149,IC,2017-04-18T14:28:00,2017-04-18T14:27:00,190,168
http://irail.be/vehicle/IC414,http://irail.be/stations/NMBS/008892106,IC,2017-04-18T14:38:00,2017-04-18T14:37:00,159,102
http://irail.be/vehicle/IC414,NO-URI,IC,2017-04-18T14:40:00,2017-04-18T14:40:00,159,159
http://irail.be/vehicle/IC414,http://irail.be/stations/NMBS/008892080,IC,2017-04-18T14:45:00,2017-04-18T14:44:00,85,72
http://irail.be/vehicle/IC414,http://irail.be/stations/NMBS/008892007,IC,2017-04-18T14:54:00,2017-04-18T14:51:00,116,146
http://irail.be/vehicle/IC414,http://irail.be/stations/NMBS/008814001,IC,2017-04-18T15:27:00,2017-04-18T15:24:00,256,240
http://irail.be/vehicle/IC414,http://irail.be/stations/NMBS/008813037,IC,2017-04-18T15:29:00,2017-04-18T15:29:00,245,245
http://irail.be/vehicle/IC414,http://irail.be/stations/NMBS/008813003,IC,2017-04-18T15:31:00,2017-04-18T15:30:00,302,246
http://irail.be/vehicle/IC414,http://irail.be/stations/NMBS/008813045,IC,2017-04-18T15:33:00,2017-04-18T15:33:00,288,288
http://irail.be/vehicle/IC414,http://irail.be/stations/NMBS/008812005,IC,2017-04-18T15:38:00,2017-04-18T15:35:00,242,283
http://irail.be/vehicle/IC414,http://irail.be/stations/NMBS/008811007,IC,2017-04-18T15:41:00,2017-04-18T15:41:00,218,218
http://irail.be/vehicle/IC414,http://irail.be/stations/NMBS/008811130,IC,2017-04-18T15:42:00,2017-04-18T15:42:00,254,254
http://irail.be/vehicle/IC414,http://irail.be/stations/NMBS/008811213,IC,2017-04-18T15:43:00,2017-04-18T15:43:00,248,248
http://irail.be/vehicle/IC414,http://irail.be/stations/NMBS/008811221,IC,2017-04-18T15:44:00,2017-04-18T15:44:00,256,256
http://irail.be/vehicle/IC414,http://irail.be/stations/NMBS/008811247,IC,2017-04-18T15:45:00,2017-04-18T15:45:00,216,216
http://irail.be/vehicle/IC414,http://irail.be/stations/NMBS/008811254,IC,2017-04-18T15:46:00,2017-04-18T15:46:00,126,126
http://irail.be/vehicle/IC414,http://irail.be/stations/NMBS/008811262,IC,2017-04-18T15:48:00,2017-04-18T15:48:00,126,126
http://irail.be/vehicle/IC414,http://irail.be/stations/NMBS/008811270,IC,2017-04-18T15:49:00,2017-04-18T15:49:00,203,203
http://irail.be/vehicle/IC414,http://irail.be/stations/NMBS/008811288,IC,2017-04-18T15:50:00,2017-04-18T15:50:00,215,215
http://irail.be/vehicle/IC414,http://irail.be/stations/NMBS/008833001,IC,2017-04-18T15:57:00,2017-04-18T15:53:00,57,198
http://irail.be/vehicle/IC414,http://irail.be/stations/NMBS/008841202,IC,2017-04-18T16:24:00,2017-04-18T16:24:00,-30,-30
http://irail.be/vehicle/IC414,http://irail.be/stations/NMBS/008841004,IC,2017-04-18T16:34:00,2017-04-18T16:31:00,90,83
http://irail.be/vehicle/IC414,http://irail.be/stations/NMBS/008842002,IC,2017-04-18T16:41:00,2017-04-18T16:37:00,63,63
http://irail.be/vehicle/IC414,http://irail.be/stations/NMBS/008842036,IC,2017-04-18T16:43:00,2017-04-18T16:43:00,63,63
http://irail.be/vehicle/IC414,http://irail.be/stations/NMBS/008844271,IC,2017-04-18T16:47:00,2017-04-18T16:47:00,224,224
http://irail.be/vehicle/IC414,NO-URI,IC,2017-04-18T16:48:00,2017-04-18T16:48:00,238,238
http://irail.be/vehicle/IC414,http://irail.be/stations/NMBS/008844255,IC,2017-04-18T16:49:00,2017-04-18T16:49:00,232,232
http://irail.be/vehicle/IC414,http://irail.be/stations/NMBS/008844230,IC,2017-04-18T16:49:00,2017-04-18T16:49:00,278,278
http://irail.be/vehicle/IC414,http://irail.be/stations/NMBS/008844206,IC,2017-04-18T16:54:00,2017-04-18T16:53:00,278,278
http://irail.be/vehicle/IC414,http://irail.be/stations/NMBS/008844008,IC,2017-04-18T17:02:00,2017-04-18T17:00:00,179,217
http://irail.be/vehicle/IC414,http://irail.be/stations/NMBS/008844057,IC,2017-04-18T17:03:00,2017-04-18T17:03:00,179,179
http://irail.be/vehicle/IC414,NO-URI,IC,2017-04-18T17:05:00,2017-04-18T17:05:00,198,198
http://irail.be/vehicle/IC414,http://irail.be/stations/NMBS/008844545,IC,2017-04-18T17:10:00,2017-04-18T17:09:00,179,179
http://irail.be/vehicle/IC414,http://irail.be/stations/NMBS/008844503,IC,2017-04-18T17:16:00,2017-04-18T17:16:00,,179
http://irail.be/vehicle/IC414,http://irail.be/stations/NMBS/008896008,IC,2017-12-15T14:16:00,2017-12-15T14:16:00,953,
http://irail.be/vehicle/IC414,http://irail.be/stations/NMBS/008896115,IC,2017-12-15T14:22:00,2017-12-15T14:21:00,974,974
http://irail.be/vehicle/IC414,http://irail.be/stations/NMBS/008896149,IC,2017-12-15T14:28:00,2017-12-15T14:27:00,992,993
http://irail.be/vehicle/IC414,http://irail.be/stations/NMBS/008892106,IC,2017-12-15T14:38:00,2017-12-15T14:37:00,1022,896
http://irail.be/vehicle/IC414,NO-URI,IC,2017-12-15T14:40:00,2017-12-15T14:40:00,1022,1022
http://irail.be/vehicle/IC414,http://irail.be/stations/NMBS/008892080,IC,2017-12-15T14:44:00,2017-12-15T14:43:00,1016,992
http://irail.be/vehicle/IC414,http://irail.be/stations/NMBS/008892007,IC,2017-12-15T14:54:00,2017-12-15T14:52:00,1075,1004
http://irail.be/vehicle/IC414,http://irail.be/stations/NMBS/008814001,IC,2017-12-15T15:27:00,2017-12-15T15:24:00,1001,1036
http://irail.be/vehicle/IC414,http://irail.be/stations/NMBS/008813037,IC,2017-12-15T15:29:00,2017-12-15T15:29:00,1009,1009
http://irail.be/vehicle/IC414,http://irail.be/stations/NMBS/008813003,IC,2017-12-15T15:31:00,2017-12-15T15:30:00,1106,1012
http://irail.be/vehicle/IC414,http://irail.be/stations/NMBS/008813045,IC,2017-12-15T15:33:00,2017-12-15T15:33:00,1085,1085
http://irail.be/vehicle/IC414,http://irail.be/stations/NMBS/008812005,IC,2017-12-15T15:37:00,2017-12-15T15:35:00,1166,1148
http://irail.be/vehicle/IC414,http://irail.be/stations/NMBS/008811007,IC,2017-12-15T15:40:00,2017-12-15T15:40:00,1135,1135
http://irail.be/vehicle/IC414,http://irail.be/stations/NMBS/008811130,IC,2017-12-15T15:41:00,2017-12-15T15:41:00,1162,1162
http://irail.be/vehicle/IC414,http://irail.be/stations/NMBS/008811213,IC,2017-12-15T15:42:00,2017-12-15T15:42:00,1149,1149
http://irail.be/vehicle/IC414,http://irail.be/stations/NMBS/008811221,IC,2017-12-15T15:43:00,2017-12-15T15:43:00,1120,1120
http://irail.be/vehicle/IC414,http://irail.be/stations/NMBS/008811247,IC,2017-12-15T15:44:00,2017-12-15T15:44:00,1118,1118
http://irail.be/vehicle/IC414,http://irail.be/stations/NMBS/008811254,IC,2017-12-15T15:45:00,2017-12-15T15:45:00,1028,1028
http://irail.be/vehicle/IC414,http://irail.be/stations/NMBS/008811262,IC,2017-12-15T15:47:00,2017-12-15T15:47:00,1028,1028
http://irail.be/vehicle/IC414,http://irail.be/stations/NMBS/008811270,IC,2017-12-15T15:48:00,2017-12-15T15:48:00,1103,1103
http://irail.be/vehicle/IC414,http://irail.be/stations/NMBS/008811288,IC,2017-12-15T15:49:00,2017-12-15T15:49:00,1114,1114
http://irail.be/vehicle/IC414,http://irail.be/stations/NMBS/008833001,IC,2017-12-15T15:56:00,2017-12-15T15:52:00,1009,1099
http://irail.be/vehicle/IC414,http://irail.be/stations/NMBS/008841202,IC,2017-12-15T16:22:00,2017-12-15T16:22:00,926,926
http://irail.be/vehicle/IC414,http://irail.be/stations/NMBS/008841004,IC,2017-12-15T16:36:00,2017-12-15T16:29:00,578,876
http://irail.be/vehicle/IC414,http://irail.be/stations/NMBS/008842002,IC,2017-12-15T16:41:00,2017-12-15T16:39:00,545,545
http://irail.be/vehicle/IC414,http://irail.be/stations/NMBS/008842036,IC,2017-12-15T16:43:00,2017-12-15T16:43:00,545,545
http://irail.be/vehicle/IC414,http://irail.be/stations/NMBS/008844271,IC,2017-12-15T16:47:00,2017-12-15T16:47:00,520,520
http://irail.be/vehicle/IC414,NO-URI,IC,2017-12-15T16:48:00,2017-12-15T16:48:00,555,555
http://irail.be/vehicle/IC414,http://irail.be/stations/NMBS/008844255,IC,2017-12-15T16:49:00,2017-12-15T16:49:00,582,582
http://irail.be/vehicle/IC414,http://irail.be/stations/NMBS/008844230,IC,2017-12-15T16:49:00,2017-12-15T16:49:00,642,642
http://irail.be/vehicle/IC414,http://irail.be/stations/NMBS/008844206,IC,2017-12-15T16:54:00,2017-12-15T16:53:00,642,642
http://irail.be/vehicle/IC414,http://irail.be/stations/NMBS/008844008,IC,2017-12-15T17:02:00,2017-12-15T17:00:00,488,582
http://irail.be/vehicle/IC414,http://irail.be/stations/NMBS/008844057,IC,2017-12-15T17:03:00,2017-12-15T17:03:00,488,488
http://irail.be/vehicle/IC414,http://irail.be/stations/NMBS/008844545,IC,2017-12-15T17:09:00,2017-12-15T17:08:00,736,736
http://irail.be/vehicle/IC414,http://irail.be/stations/NMBS/008844503,IC,2017-12-15T17:14:00,2017-12-15T17:14:00,,736
http://irail.be/vehicle/IC414,http://irail.be/stations/NMBS/008896008,IC,2017-07-10T14:16:00,2017-07-10T14:16:00,66,
http://irail.be/vehicle/IC414,http://irail.be/stations/NMBS/008896115,IC,2017-07-10T14:22:00,2017-07-10T14:21:00,90,90
http://irail.be/vehicle/IC414,http://irail.be/stations/NMBS/008896149,IC,2017-07-10T14:28:00,2017-07-10T14:27:00,184,116
http://irail.be/vehicle/IC414,http://irail.be/stations/NMBS/008892106,IC,2017-07-10T14:38:00,2017-07-10T14:37:00,183,86
http://irail.be/vehicle/IC414,NO-URI,IC,2017-07-10T14:39:00,2017-07-10T14:39:00,183,183
http://irail.be/vehicle/IC414,http://irail.be/stations/NMBS/008892080,IC,2017-07-10T14:45:00,2017-07-10T14:44:00,91,93
http://irail.be/vehicle/IC414,http://irail.be/stations/NMBS/008892007,IC,2017-07-10T14:54:00,2017-07-10T14:51:00,227,131
http://irail.be/vehicle/IC414,http://irail.be/stations/NMBS/008814001,IC,2017-07-10T15:27:00,2017-07-10T15:24:00,201,171
http://irail.be/vehicle/IC414,http://irail.be/stations/NMBS/008813037,IC,2017-07-10T15:29:00,2017-07-10T15:29:00,221,221
http://irail.be/vehicle/IC414,http://irail.be/stations/NMBS/008813003,IC,2017-07-10T15:31:00,2017-07-10T15:30:00,284,221
http://irail.be/vehicle/IC414,http://irail.be/stations/NMBS/008813045,IC,2017-07-10T15:33:00,2017-07-10T15:33:00,265,265
http://irail.be/vehicle/IC414,http://irail.be/stations/NMBS/008812005,IC,2017-07-10T15:38:00,2017-07-10T15:35:00,205,257
http://irail.be/vehicle/IC414,http://irail.be/stations/NMBS/008811007,IC,2017-07-10T15:41:00,2017-07-10T15:41:00,180,180
http://irail.be/vehicle/IC414,http://irail.be/stations/NMBS/008811130,IC,2017-07-10T15:42:00,2017-07-10T15:42:00,202,202
http://irail.be/vehicle/IC414,http://irail.be/stations/NMBS/008811213,IC,2017-07-10T15:43:00,2017-07-10T15:43:00,186,186
http://irail.be/vehicle/IC414,http://irail.be/stations/NMBS/008811221,IC,2017-07-10T15:44:00,2017-07-10T15:44:00,193,193
http://irail.be/vehicle/IC414,http://irail.be/stations/NMBS/008811247,IC,2017-07-10T15:45:00,2017-07-10T15:45:00,151,151
http://irail.be/vehicle/IC414,http://irail.be/stations/NMBS/008811254,IC,2017-07-10T15:47:00,2017-07-10T15:47:00,62,62
http://irail.be/vehicle/IC414,http://irail.be/stations/NMBS/008811262,IC,2017-07-10T15:48:00,2017-07-10T15:48:00,62,62
http://irail.be/vehicle/IC414,http://irail.be/stations/NMBS/008811270,IC,2017-07-10T15:49:00,2017-07-10T15:49:00,139,139
http://irail.be/vehicle/IC414,http://irail.be/stations/NMBS/008811288,IC,2017-07-10T15:50:00,2017-07-10T15:50:00,149,149
http://irail.be/vehicle/IC414,http://irail.be/stations/NMBS/008833001,IC,2017-07-10T15:57:00,2017-07-10T15:53:00,99,141
http://irail.be/vehicle/IC414,http://irail.be/stations/NMBS/008841202,IC,2017-07-10T16:24:00,2017-07-10T16:24:00,-21,-21
http://irail.be/vehicle/IC414,http://irail.be/stations/NMBS/008841004,IC,2017-07-10T16:34:00,2017-07-10T16:31:00,28,30
http://irail.be/vehicle/IC414,http://irail.be/stations/NMBS/008842002,IC,2017-07-10T16:41:00,2017-07-10T16:37:00,9,9
http://irail.be/vehicle/IC414,http://irail.be/stations/NMBS/008842036,IC,2017-07-10T16:43:00,2017-07-10T16:43:00,9,9
http://irail.be/vehicle/IC414,http://irail.be/stations/NMBS/008844271,IC,2017-07-10T16:46:00,2017-07-10T16:46:00,23,23
http://irail.be/vehicle/IC414,NO-URI,IC,2017-07-10T16:48:00,2017-07-10T16:48:00,45,45
http://irail.be/vehicle/IC414,http://irail.be/stations/NMBS/008844255,IC,2017-07-10T16:49:00,2017-07-10T16:49:00,13,13
http://irail.be/vehicle/IC414,http://irail.be/stations/NMBS/008844230,IC,2017-07-10T16:50:00,2017-07-10T16:50:00,103,103
http://irail.be/vehicle/IC414,http://irail.be/stations/NMBS/008844206,IC,2017-07-10T16:54:00,2017-07-10T16:53:00,103,103
http://irail.be/vehicle/IC414,http://irail.be/stations/NMBS/008844008,IC,2017-07-10T17:02:00,2017-07-10T17:00:00,55,40
http://irail.be/vehicle/IC414,http://irail.be/stations/NMBS/008844057,IC,2017-07-10T17:03:00,2017-07-10T17:03:00,60,60
http://irail.be/vehicle/IC414,NO-URI,IC,2017-07-10T17:05:00,2017-07-10T17:05:00,60,60
http://irail.be/vehicle/IC414,http://irail.be/stations/NMBS/008844545,IC,2017-07-10T17:10:00,2017-07-10T17:09:00,198,198
http://irail.be/vehicle/IC414,http://irail.be/stations/NMBS/008844503,IC,2017-07-10T17:16:00,2017-07-10T17:16:00,,198
http://irail.be/vehicle/IC414,http://irail.be/stations/NMBS/008896008,IC,2017-04-06T14:16:00,2017-04-06T14:16:00,96,
http://irail.be/vehicle/IC414,http://irail.be/stations/NMBS/008896115,IC,2017-04-06T14:22:00,2017-04-06T14:21:00,175,175
http://irail.be/vehicle/IC414,http://irail.be/stations/NMBS/008896149,IC,2017-04-06T14:28:00,2017-04-06T14:27:00,220,175
http://irail.be/vehicle/IC414,http://irail.be/stations/NMBS/008892106,IC,2017-04-06T14:38:00,2017-04-06T14:37:00,199,130
http://irail.be/vehicle/IC414,NO-URI,IC,2017-04-06T14:40:00,2017-04-06T14:40:00,199,199
http://irail.be/vehicle/IC414,http://irail.be/stations/NMBS/008892080,IC,2017-04-06T14:45:00,2017-04-06T14:44:00,150,140
http://irail.be/vehicle/IC414,http://irail.be/stations/NMBS/008892007,IC,2017-04-06T14:54:00,2017-04-06T14:51:00,182,213
http://irail.be/vehicle/IC414,http://irail.be/stations/NMBS/008814001,IC,2017-04-06T15:27:00,2017-04-06T15:24:00,179,147
http://irail.be/vehicle/IC414,http://irail.be/stations/NMBS/008813037,IC,2017-04-06T15:29:00,2017-04-06T15:29:00,180,180
http://irail.be/vehicle/IC414,http://irail.be/stations/NMBS/008813003,IC,2017-04-06T15:31:00,2017-04-06T15:30:00,205,181
http://irail.be/vehicle/IC414,http://irail.be/stations/NMBS/008813045,IC,2017-04-06T15:33:00,2017-04-06T15:33:00,188,188
http://irail.be/vehicle/IC414,http://irail.be/stations/NMBS/008812005,IC,2017-04-06T15:38:00,2017-04-06T15:35:00,122,177
http://irail.be/vehicle/IC414,http://irail.be/stations/NMBS/008811007,IC,2017-04-06T15:41:00,2017-04-06T15:41:00,116,116
http://irail.be/vehicle/IC414,http://irail.be/stations/NMBS/008811130,IC,2017-04-06T15:42:00,2017-04-06T15:42:00,131,131
http://irail.be/vehicle/IC414,http://irail.be/stations/NMBS/008811213,IC,2017-04-06T15:43:00,2017-04-06T15:43:00,123,123
http://irail.be/vehicle/IC414,http://irail.be/stations/NMBS/008811221,IC,2017-04-06T15:44:00,2017-04-06T15:44:00,131,131
http://irail.be/vehicle/IC414,http://irail.be/stations/NMBS/008811247,IC,2017-04-06T15:45:00,2017-04-06T15:45:00,90,90
http://irail.be/vehicle/IC414,http://irail.be/stations/NMBS/008811254,IC,2017-04-06T15:46:00,2017-04-06T15:46:00,2,2
http://irail.be/vehicle/IC414,http://irail.be/stations/NMBS/008811262,IC,2017-04-06T15:48:00,2017-04-06T15:48:00,2,2
http://irail.be/vehicle/IC414,http://irail.be/stations/NMBS/008811270,IC,2017-04-06T15:49:00,2017-04-06T15:49:00,80,80
http://irail.be/vehicle/IC414,http://irail.be/stations/NMBS/008811288,IC,2017-04-06T15:50:00,2017-04-06T15:50:00,89,89
http://irail.be/vehicle/IC414,http://irail.be/stations/NMBS/008833001,IC,2017-04-06T15:57:00,2017-04-06T15:53:00,30,70
http://irail.be/vehicle/IC414,http://irail.be/stations/NMBS/008841202,IC,2017-04-06T16:24:00,2017-04-06T16:24:00,81,81
http://irail.be/vehicle/IC414,http://irail.be/stations/NMBS/008841004,IC,2017-04-06T16:34:00,2017-04-06T16:31:00,204,221
http://irail.be/vehicle/IC414,http://irail.be/stations/NMBS/008842002,IC,2017-04-06T16:41:00,2017-04-06T16:37:00,127,127
http://irail.be/vehicle/IC414,http://irail.be/stations/NMBS/008842036,IC,2017-04-06T16:43:00,2017-04-06T16:43:00,127,127
http://irail.be/vehicle/IC414,http://irail.be/stations/NMBS/008844271,IC,2017-04-06T16:47:00,2017-04-06T16:47:00,100,100
http://irail.be/vehicle/IC414,NO-URI,IC,2017-04-06T16:48:00,2017-04-06T16:48:00,79,79
http://irail.be/vehicle/IC414,http://irail.be/stations/NMBS/008844255,IC,2017-04-06T16:49:00,2017-04-06T16:49:00,75,75
http://irail.be/vehicle/IC414,http://irail.be/stations/NMBS/008844230,IC,2017-04-06T16:49:00,2017-04-06T16:49:00,142,142
http://irail.be/vehicle/IC414,http://irail.be/stations/NMBS/008844206,IC,2017-04-06T16:54:00,2017-04-06T16:53:00,142,142
http://irail.be/vehicle/IC414,http://irail.be/stations/NMBS/008844008,IC,2017-04-06T17:02:00,2017-04-06T17:00:00,24,82
http://irail.be/vehicle/IC414,http://irail.be/stations/NMBS/008844057,IC,2017-04-06T17:03:00,2017-04-06T17:03:00,24,24
http://irail.be/vehicle/IC414,NO-URI,IC,2017-04-06T17:05:00,2017-04-06T17:05:00,56,56
http://irail.be/vehicle/IC414,http://irail.be/stations/NMBS/008844545,IC,2017-04-06T17:10:00,2017-04-06T17:09:00,42,42
http://irail.be/vehicle/IC414,http://irail.be/stations/NMBS/008844503,IC,2017-04-06T17:16:00,2017-04-06T17:16:00,,42
http://irail.be/vehicle/IC414,http://irail.be/stations/NMBS/008896008,IC,2017-09-07T14:16:00,2017-09-07T14:16:00,64,
http://irail.be/vehicle/IC414,http://irail.be/stations/NMBS/008896115,IC,2017-09-07T14:22:00,2017-09-07T14:21:00,133,133
http://irail.be/vehicle/IC414,http://irail.be/stations/NMBS/008896149,IC,2017-09-07T14:28:00,2017-09-07T14:27:00,203,148
http://irail.be/vehicle/IC414,http://irail.be/stations/NMBS/008892106,IC,2017-09-07T14:38:00,2017-09-07T14:37:00,174,112
http://irail.be/vehicle/IC414,NO-URI,IC,2017-09-07T14:40:00,2017-09-07T14:40:00,174,174
http://irail.be/vehicle/IC414,http://irail.be/stations/NMBS/008892080,IC,2017-09-07T14:45:00,2017-09-07T14:44:00,115,97
http://irail.be/vehicle/IC414,http://irail.be/stations/NMBS/008892007,IC,2017-09-07T14:54:00,2017-09-07T14:51:00,139,165
http://irail.be/vehicle/IC414,http://irail.be/stations/NMBS/008814001,IC,2017-09-07T15:27:00,2017-09-07T15:24:00,252,219
http://irail.be/vehicle/IC414,http://irail.be/stations/NMBS/008813037,IC,2017-09-07T15:29:00,2017-09-07T15:29:00,278,278
http://irail.be/vehicle/IC414,http://irail.be/stations/NMBS/008813003,IC,2017-09-07T15:31:00,2017-09-07T15:30:00,404,372
http://irail.be/vehicle/IC414,http://irail.be/stations/NMBS/008813045,IC,2017-09-07T15:33:00,2017-09-07T15:33:00,389,389
http://irail.be/vehicle/IC414,http://irail.be/stations/NMBS/008812005,IC,2017-09-07T15:38:00,2017-09-07T15:35:00,388,437
http://irail.be/vehicle/IC414,http://irail.be/stations/NMBS/008811007,IC,2017-09-07T15:41:00,2017-09-07T15:41:00,409,409
http://irail.be/vehicle/IC414,http://irail.be/stations/NMBS/008811130,IC,2017-09-07T15:42:00,2017-09-07T15:42:00,453,453
http://irail.be/vehicle/IC414,http://irail.be/stations/NMBS/008811213,IC,2017-09-07T15:43:00,2017-09-07T15:43:00,446,446
http://irail.be/vehicle/IC414,http://irail.be/stations/NMBS/008811221,IC,2017-09-07T15:44:00,2017-09-07T15:44:00,453,453
http://irail.be/vehicle/IC414,http://irail.be/stations/NMBS/008811247,IC,2017-09-07T15:45:00,2017-09-07T15:45:00,414,414
http://irail.be/vehicle/IC414,http://irail.be/stations/NMBS/008811254,IC,2017-09-07T15:46:00,2017-09-07T15:46:00,323,323
http://irail.be/vehicle/IC414,http://irail.be/stations/NMBS/008811262,IC,2017-09-07T15:48:00,2017-09-07T15:48:00,323,323
http://irail.be/vehicle/IC414,http://irail.be/stations/NMBS/008811270,IC,2017-09-07T15:49:00,2017-09-07T15:49:00,401,401
http://irail.be/vehicle/IC414,http://irail.be/stations/NMBS/008811288,IC,2017-09-07T15:50:00,2017-09-07T15:50:00,419,419
http://irail.be/vehicle/IC414,http://irail.be/stations/NMBS/008833001,IC,2017-09-07T15:57:00,2017-09-07T15:53:00,436,573
http://irail.be/vehicle/IC414,http://irail.be/stations/NMBS/008841202,IC,2017-09-07T16:24:00,2017-09-07T16:24:00,344,344
http://irail.be/vehicle/IC414,http://irail.be/stations/NMBS/008841004,IC,2017-09-07T16:34:00,2017-09-07T16:31:00,472,516
http://irail.be/vehicle/IC414,http://irail.be/stations/NMBS/008842002,IC,2017-09-07T16:41:00,2017-09-07T16:37:00,357,357
http://irail.be/vehicle/IC414,http://irail.be/stations/NMBS/008842036,IC,2017-09-07T16:43:00,2017-09-07T16:43:00,357,357
http://irail.be/vehicle/IC414,http://irail.be/stations/NMBS/008844271,IC,2017-09-07T16:47:00,2017-09-07T16:47:00,345,345
http://irail.be/vehicle/IC414,NO-URI,IC,2017-09-07T16:48:00,2017-09-07T16:48:00,335,335
http://irail.be/vehicle/IC414,http://irail.be/stations/NMBS/008844255,IC,2017-09-07T16:49:00,2017-09-07T16:49:00,332,332
http://irail.be/vehicle/IC414,http://irail.be/stations/NMBS/008844230,IC,2017-09-07T16:49:00,2017-09-07T16:49:00,381,381
http://irail.be/vehicle/IC414,http://irail.be/stations/NMBS/008844206,IC,2017-09-07T16:54:00,2017-09-07T16:53:00,381,381
http://irail.be/vehicle/IC414,http://irail.be/stations/NMBS/008844008,IC,2017-09-07T17:02:00,2017-09-07T17:00:00,445,309
http://irail.be/vehicle/IC414,http://irail.be/stations/NMBS/008844057,IC,2017-09-07T17:03:00,2017-09-07T17:03:00,452,452
http://irail.be/vehicle/IC414,NO-URI,IC,2017-09-07T17:05:00,2017-09-07T17:05:00,492,492
http://irail.be/vehicle/IC414,http://irail.be/stations/NMBS/008844545,IC,2017-09-07T17:10:00,2017-09-07T17:09:00,560,560
http://irail.be/vehicle/IC414,http://irail.be/stations/NMBS/008844503,IC,2017-09-07T17:16:00,2017-09-07T17:16:00,,560
http://irail.be/vehicle/IC414,http://irail.be/stations/NMBS/008896008,IC,2017-07-25T14:16:00,2017-07-25T14:16:00,60,
http://irail.be/vehicle/IC414,http://irail.be/stations/NMBS/008896115,IC,2017-07-25T14:22:00,2017-07-25T14:21:00,64,64
http://irail.be/vehicle/IC414,http://irail.be/stations/NMBS/008896149,IC,2017-07-25T14:28:00,2017-07-25T14:27:00,66,71
http://irail.be/vehicle/IC414,http://irail.be/stations/NMBS/008892106,IC,2017-07-25T14:38:00,2017-07-25T14:37:00,84,29
http://irail.be/vehicle/IC414,NO-URI,IC,2017-07-25T14:40:00,2017-07-25T14:40:00,84,84
http://irail.be/vehicle/IC414,http://irail.be/stations/NMBS/008892080,IC,2017-07-25T14:45:00,2017-07-25T14:44:00,21,8
http://irail.be/vehicle/IC414,http://irail.be/stations/NMBS/008892007,IC,2017-07-25T14:54:00,2017-07-25T14:51:00,14,31
http://irail.be/vehicle/IC414,http://irail.be/stations/NMBS/008814001,IC,2017-07-25T15:27:00,2017-07-25T15:24:00,525,406
http://irail.be/vehicle/IC414,http://irail.be/stations/NMBS/008813037,IC,2017-07-25T15:29:00,2017-07-25T15:29:00,547,547
http://irail.be/vehicle/IC414,http://irail.be/stations/NMBS/008813003,IC,2017-07-25T15:31:00,2017-07-25T15:30:00,668,612
http://irail.be/vehicle/IC414,http://irail.be/stations/NMBS/008813045,IC,2017-07-25T15:33:00,2017-07-25T15:33:00,660,660
http://irail.be/vehicle/IC414,http://irail.be/stations/NMBS/008812005,IC,2017-07-25T15:38:00,2017-07-25T15:35:00,633,656
http://irail.be/vehicle/IC414,http://irail.be/stations/NMBS/008811007,IC,2017-07-25T15:41:00,2017-07-25T15:41:00,614,614
http://irail.be/vehicle/IC414,http://irail.be/stations/NMBS/008811130,IC,2017-07-25T15:42:00,2017-07-25T15:42:00,641,641
http://irail.be/vehicle/IC414,http://irail.be/stations/NMBS/008811213,IC,2017-07-25T15:43:00,2017-07-25T15:43:00,629,629
http://irail.be/vehicle/IC414,http://irail.be/stations/NMBS/008811221,IC,2017-07-25T15:44:00,2017-07-25T15:44:00,637,637
http://irail.be/vehicle/IC414,http://irail.be/stations/NMBS/008811247,IC,2017-07-25T15:45:00,2017-07-25T15:45:00,598,598
http://irail.be/vehicle/IC414,http://irail.be/stations/NMBS/008811254,IC,2017-07-25T15:46:00,2017-07-25T15:46:00,507,507
http://irail.be/vehicle/IC414,http://irail.be/stations/NMBS/008811262,IC,2017-07-25T15:48:00,2017-07-25T15:48:00,507,507
http://irail.be/vehicle/IC414,http://irail.be/stations/NMBS/008811270,IC,2017-07-25T15:49:00,2017-07-25T15:49:00,583,583
http://irail.be/vehicle/IC414,http://irail.be/stations/NMBS/008811288,IC,2017-07-25T15:50:00,2017-07-25T15:50:00,593,593
http://irail.be/vehicle/IC414,http://irail.be/stations/NMBS/008833001,IC,2017-07-25T15:57:00,2017-07-25T15:53:00,473,585
http://irail.be/vehicle/IC414,http://irail.be/stations/NMBS/008841202,IC,2017-07-25T16:24:00,2017-07-25T16:24:00,338,338
http://irail.be/vehicle/IC414,http://irail.be/stations/NMBS/008841004,IC,2017-07-25T16:34:00,2017-07-25T16:31:00,287,324
http://irail.be/vehicle/IC414,http://irail.be/stations/NMBS/008842002,IC,2017-07-25T16:41:00,2017-07-25T16:37:00,260,260
http://irail.be/vehicle/IC414,http://irail.be/stations/NMBS/008842036,IC,2017-07-25T16:43:00,2017-07-25T16:43:00,260,260
http://irail.be/vehicle/IC414,http://irail.be/stations/NMBS/008844271,IC,2017-07-25T16:47:00,2017-07-25T16:47:00,240,240
http://irail.be/vehicle/IC414,NO-URI,IC,2017-07-25T16:48:00,2017-07-25T16:48:00,225,225
http://irail.be/vehicle/IC414,http://irail.be/stations/NMBS/008844255,IC,2017-07-25T16:49:00,2017-07-25T16:49:00,221,221
http://irail.be/vehicle/IC414,http://irail.be/stations/NMBS/008844230,IC,2017-07-25T16:49:00,2017-07-25T16:49:00,272,272
http://irail.be/vehicle/IC414,http://irail.be/stations/NMBS/008844206,IC,2017-07-25T16:54:00,2017-07-25T16:53:00,272,272
http://irail.be/vehicle/IC414,http://irail.be/stations/NMBS/008844008,IC,2017-07-25T17:02:00,2017-07-25T17:00:00,103,184
http://irail.be/vehicle/IC414,http://irail.be/stations/NMBS/008844057,IC,2017-07-25T17:03:00,2017-07-25T17:03:00,103,103
http://irail.be/vehicle/IC414,NO-URI,IC,2017-07-25T17:05:00,2017-07-25T17:05:00,134,134
http://irail.be/vehicle/IC414,http://irail.be/stations/NMBS/008844545,IC,2017-07-25T17:10:00,2017-07-25T17:09:00,241,241
http://irail.be/vehicle/IC414,http://irail.be/stations/NMBS/008844503,IC,2017-07-25T17:16:00,2017-07-25T17:16:00,,241
http://irail.be/vehicle/IC414,http://irail.be/stations/NMBS/008896008,IC,2017-08-25T14:16:00,2017-08-25T14:16:00,287,
http://irail.be/vehicle/IC414,http://irail.be/stations/NMBS/008896115,IC,2017-08-25T14:22:00,2017-08-25T14:21:00,296,296
http://irail.be/vehicle/IC414,http://irail.be/stations/NMBS/008896149,IC,2017-08-25T14:28:00,2017-08-25T14:27:00,312,300
http://irail.be/vehicle/IC414,http://irail.be/stations/NMBS/008892106,IC,2017-08-25T14:38:00,2017-08-25T14:37:00,253,202
http://irail.be/vehicle/IC414,NO-URI,IC,2017-08-25T14:40:00,2017-08-25T14:40:00,253,253
http://irail.be/vehicle/IC414,http://irail.be/stations/NMBS/008892080,IC,2017-08-25T14:45:00,2017-08-25T14:44:00,168,169
http://irail.be/vehicle/IC414,http://irail.be/stations/NMBS/008892007,IC,2017-08-25T14:54:00,2017-08-25T14:51:00,201,218
http://irail.be/vehicle/IC414,http://irail.be/stations/NMBS/008814001,IC,2017-08-25T15:27:00,2017-08-25T15:24:00,292,184
http://irail.be/vehicle/IC414,http://irail.be/stations/NMBS/008813037,IC,2017-08-25T15:29:00,2017-08-25T15:29:00,309,309
http://irail.be/vehicle/IC414,http://irail.be/stations/NMBS/008813003,IC,2017-08-25T15:31:00,2017-08-25T15:30:00,322,308
http://irail.be/vehicle/IC414,http://irail.be/stations/NMBS/008813045,IC,2017-08-25T15:33:00,2017-08-25T15:33:00,309,309
http://irail.be/vehicle/IC414,http://irail.be/stations/NMBS/008812005,IC,2017-08-25T15:38:00,2017-08-25T15:35:00,273,299
http://irail.be/vehicle/IC414,http://irail.be/stations/NMBS/008811007,IC,2017-08-25T15:41:00,2017-08-25T15:41:00,249,249
http://irail.be/vehicle/IC414,http://irail.be/stations/NMBS/008811130,IC,2017-08-25T15:42:00,2017-08-25T15:42:00,279,279
http://irail.be/vehicle/IC414,http://irail.be/stations/NMBS/008811213,IC,2017-08-25T15:43:00,2017-08-25T15:43:00,268,268
http://irail.be/vehicle/IC414,http://irail.be/stations/NMBS/008811221,IC,2017-08-25T15:44:00,2017-08-25T15:44:00,276,276
http://irail.be/vehicle/IC414,http://irail.be/stations/NMBS/008811247,IC,2017-08-25T15:45:00,2017-08-25T15:45:00,238,238
http://irail.be/vehicle/IC414,http://irail.be/stations/NMBS/008811254,IC,2017-08-25T15:46:00,2017-08-25T15:46:00,149,149
http://irail.be/vehicle/IC414,http://irail.be/stations/NMBS/008811262,IC,2017-08-25T15:48:00,2017-08-25T15:48:00,149,149
http://irail.be/vehicle/IC414,http://irail.be/stations/NMBS/008811270,IC,2017-08-25T15:49:00,2017-08-25T15:49:00,227,227
http://irail.be/vehicle/IC414,http://irail.be/stations/NMBS/008811288,IC,2017-08-25T15:50:00,2017-08-25T15:50:00,238,238
http://irail.be/vehicle/IC414,http://irail.be/stations/NMBS/008833001,IC,2017-08-25T15:57:00,2017-08-25T15:53:00,270,239
http://irail.be/vehicle/IC414,http://irail.be/stations/NMBS/008841202,IC,2017-08-25T16:24:00,2017-08-25T16:24:00,143,143
http://irail.be/vehicle/IC414,http://irail.be/stations/NMBS/008841004,IC,2017-08-25T16:34:00,2017-08-25T16:31:00,78,100
http://irail.be/vehicle/IC414,http://irail.be/stations/NMBS/008842002,IC,2017-08-25T16:41:00,2017-08-25T16:37:00,-4,-4
http://irail.be/vehicle/IC414,http://irail.be/stations/NMBS/008842036,IC,2017-08-25T16:43:00,2017-08-25T16:43:00,-4,-4
http://irail.be/vehicle/IC414,http://irail.be/stations/NMBS/008844271,IC,2017-08-25T16:47:00,2017-08-25T16:47:00,-13,-13
http://irail.be/vehicle/IC414,NO-URI,IC,2017-08-25T16:48:00,2017-08-25T16:48:00,-15,-15
http://irail.be/vehicle/IC414,http://irail.be/stations/NMBS/008844255,IC,2017-08-25T16:49:00,2017-08-25T16:49:00,-21,-21
http://irail.be/vehicle/IC414,http://irail.be/stations/NMBS/008844230,IC,2017-08-25T16:49:00,2017-08-25T16:49:00,27,27
http://irail.be/vehicle/IC414,http://irail.be/stations/NMBS/008844206,IC,2017-08-25T16:54:00,2017-08-25T16:53:00,27,27
http://irail.be/vehicle/IC414,http://irail.be/stations/NMBS/008844008,IC,2017-08-25T17:02:00,2017-08-25T17:00:00,9,-55
http://irail.be/vehicle/IC414,http://irail.be/stations/NMBS/008844057,IC,2017-08-25T17:03:00,2017-08-25T17:03:00,9,9
http://irail.be/vehicle/IC414,NO-URI,IC,2017-08-25T17:05:00,2017-08-25T17:05:00,32,32
http://irail.be/vehicle/IC414,http://irail.be/stations/NMBS/008844545,IC,2017-08-25T17:10:00,2017-08-25T17:09:00,47,47
http://irail.be/vehicle/IC414,http://irail.be/stations/NMBS/008844503,IC,2017-08-25T17:16:00,2017-08-25T17:16:00,,47
http://irail.be/vehicle/IC414,http://irail.be/stations/NMBS/008896008,IC,2017-11-17T14:16:00,2017-11-17T14:16:00,119,
http://irail.be/vehicle/IC414,http://irail.be/stations/NMBS/008896115,IC,2017-11-17T14:22:00,2017-11-17T14:21:00,144,144
http://irail.be/vehicle/IC414,http://irail.be/stations/NMBS/008896149,IC,2017-11-17T14:28:00,2017-11-17T14:27:00,198,196
http://irail.be/vehicle/IC414,http://irail.be/stations/NMBS/008892106,IC,2017-11-17T14:38:00,2017-11-17T14:37:00,174,131
http://irail.be/vehicle/IC414,NO-URI,IC,2017-11-17T14:40:00,2017-11-17T14:40:00,174,174
http://irail.be/vehicle/IC414,http://irail.be/stations/NMBS/008892080,IC,2017-11-17T14:45:00,2017-11-17T14:44:00,131,109
http://irail.be/vehicle/IC414,http://irail.be/stations/NMBS/008892007,IC,2017-11-17T14:54:00,2017-11-17T14:51:00,176,194
http://irail.be/vehicle/IC414,http://irail.be/stations/NMBS/008814001,IC,2017-11-17T15:27:00,2017-11-17T15:24:00,165,180
http://irail.be/vehicle/IC414,http://irail.be/stations/NMBS/008813037,IC,2017-11-17T15:29:00,2017-11-17T15:29:00,187,187
http://irail.be/vehicle/IC414,http://irail.be/stations/NMBS/008813003,IC,2017-11-17T15:31:00,2017-11-17T15:30:00,276,192
http://irail.be/vehicle/IC414,http://irail.be/stations/NMBS/008813045,IC,2017-11-17T15:33:00,2017-11-17T15:33:00,259,259
http://irail.be/vehicle/IC414,http://irail.be/stations/NMBS/008812005,IC,2017-11-17T15:38:00,2017-11-17T15:35:00,256,257
http://irail.be/vehicle/IC414,http://irail.be/stations/NMBS/008811007,IC,2017-11-17T15:41:00,2017-11-17T15:41:00,238,238
http://irail.be/vehicle/IC414,http://irail.be/stations/NMBS/008811130,IC,2017-11-17T15:42:00,2017-11-17T15:42:00,259,259
http://irail.be/vehicle/IC414,http://irail.be/stations/NMBS/008811213,IC,2017-11-17T15:43:00,2017-11-17T15:43:00,245,245
http://irail.be/vehicle/IC414,http://irail.be/stations/NMBS/008811221,IC,2017-11-17T15:44:00,2017-11-17T15:44:00,254,254
http://irail.be/vehicle/IC414,http://irail.be/stations/NMBS/008811247,IC,2017-11-17T15:45:00,2017-11-17T15:45:00,219,219
http://irail.be/vehicle/IC414,http://irail.be/stations/NMBS/008811254,IC,2017-11-17T15:46:00,2017-11-17T15:46:00,128,128
http://irail.be/vehicle/IC414,http://irail.be/stations/NMBS/008811262,IC,2017-11-17T15:48:00,2017-11-17T15:48:00,128,128
http://irail.be/vehicle/IC414,http://irail.be/stations/NMBS/008811270,IC,2017-11-17T15:49:00,2017-11-17T15:49:00,206,206
http://irail.be/vehicle/IC414,http://irail.be/stations/NMBS/008811288,IC,2017-11-17T15:50:00,2017-11-17T15:50:00,218,218
http://irail.be/vehicle/IC414,http://irail.be/stations/NMBS/008833001,IC,2017-11-17T15:57:00,2017-11-17T15:53:00,85,198
http://irail.be/vehicle/IC414,http://irail.be/stations/NMBS/008841202,IC,2017-11-17T16:24:00,2017-11-17T16:24:00,51,51
http://irail.be/vehicle/IC414,http://irail.be/stations/NMBS/008841004,IC,2017-11-17T16:34:00,2017-11-17T16:31:00,112,104
http://irail.be/vehicle/IC414,http://irail.be/stations/NMBS/008842002,IC,2017-11-17T16:41:00,2017-11-17T16:37:00,113,113
http://irail.be/vehicle/IC414,http://irail.be/stations/NMBS/008842036,IC,2017-11-17T16:43:00,2017-11-17T16:43:00,113,113
http://irail.be/vehicle/IC414,http://irail.be/stations/NMBS/008844271,IC,2017-11-17T16:47:00,2017-11-17T16:47:00,84,84
http://irail.be/vehicle/IC414,NO-URI,IC,2017-11-17T16:48:00,2017-11-17T16:48:00,74,74
http://irail.be/vehicle/IC414,http://irail.be/stations/NMBS/008844255,IC,2017-11-17T16:49:00,2017-11-17T16:49:00,75,75
http://irail.be/vehicle/IC414,http://irail.be/stations/NMBS/008844230,IC,2017-11-17T16:49:00,2017-11-17T16:49:00,152,152
http://irail.be/vehicle/IC414,http://irail.be/stations/NMBS/008844206,IC,2017-11-17T16:54:00,2017-11-17T16:53:00,152,152
http://irail.be/vehicle/IC414,http://irail.be/stations/NMBS/008844008,IC,2017-11-17T17:02:00,2017-11-17T17:00:00,4,64
http://irail.be/vehicle/IC414,http://irail.be/stations/NMBS/008844057,IC,2017-11-17T17:03:00,2017-11-17T17:03:00,4,4
http://irail.be/vehicle/IC414,NO-URI,IC,2017-11-17T17:05:00,2017-11-17T17:05:00,-3,-3
http://irail.be/vehicle/IC414,http://irail.be/stations/NMBS/008844545,IC,2017-11-17T17:10:00,2017-11-17T17:09:00,69,69
http://irail.be/vehicle/IC414,http://irail.be/stations/NMBS/008844503,IC,2017-11-17T17:16:00,2017-11-17T17:16:00,,69
http://irail.be/vehicle/IC414,http://irail.be/stations/NMBS/008896008,IC,2017-11-07T14:16:00,2017-11-07T14:16:00,99,
http://irail.be/vehicle/IC414,http://irail.be/stations/NMBS/008896115,IC,2017-11-07T14:22:00,2017-11-07T14:21:00,104,104
http://irail.be/vehicle/IC414,http://irail.be/stations/NMBS/008896149,IC,2017-11-07T14:28:00,2017-11-07T14:27:00,137,131
http://irail.be/vehicle/IC414,http://irail.be/stations/NMBS/008892106,IC,2017-11-07T14:38:00,2017-11-07T14:37:00,119,36
http://irail.be/vehicle/IC414,NO-URI,IC,2017-11-07T14:40:00,2017-11-07T14:40:00,119,119
http://irail.be/vehicle/IC414,http://irail.be/stations/NMBS/008892080,IC,2017-11-07T14:45:00,2017-11-07T14:44:00,60,32
http://irail.be/vehicle/IC414,http://irail.be/stations/NMBS/008892007,IC,2017-11-07T14:54:00,2017-11-07T14:51:00,209,86
http://irail.be/vehicle/IC414,http://irail.be/stations/NMBS/008814001,IC,2017-11-07T15:27:00,2017-11-07T15:24:00,274,314
http://irail.be/vehicle/IC414,http://irail.be/stations/NMBS/008813037,IC,2017-11-07T15:29:00,2017-11-07T15:29:00,302,302
http://irail.be/vehicle/IC414,http://irail.be/stations/NMBS/008813003,IC,2017-11-07T15:31:00,2017-11-07T15:30:00,376,319
http://irail.be/vehicle/IC414,http://irail.be/stations/NMBS/008813045,IC,2017-11-07T15:33:00,2017-11-07T15:33:00,371,371
http://irail.be/vehicle/IC414,http://irail.be/stations/NMBS/008812005,IC,2017-11-07T15:38:00,2017-11-07T15:35:00,379,414
http://irail.be/vehicle/IC414,http://irail.be/stations/NMBS/008811007,IC,2017-11-07T15:41:00,2017-11-07T15:41:00,358,358
http://irail.be/vehicle/IC414,http://irail.be/stations/NMBS/008811130,IC,2017-11-07T15:42:00,2017-11-07T15:42:00,382,382
http://irail.be/vehicle/IC414,http://irail.be/stations/NMBS/008811213,IC,2017-11-07T15:43:00,2017-11-07T15:43:00,369,369
http://irail.be/vehicle/IC414,http://irail.be/stations/NMBS/008811221,IC,2017-11-07T15:44:00,2017-11-07T15:44:00,377,377
http://irail.be/vehicle/IC414,http://irail.be/stations/NMBS/008811247,IC,2017-11-07T15:45:00,2017-11-07T15:45:00,338,338
http://irail.be/vehicle/IC414,http://irail.be/stations/NMBS/008811254,IC,2017-11-07T15:46:00,2017-11-07T15:46:00,248,248
http://irail.be/vehicle/IC414,http://irail.be/stations/NMBS/008811262,IC,2017-11-07T15:48:00,2017-11-07T15:48:00,248,248
http://irail.be/vehicle/IC414,http://irail.be/stations/NMBS/008811270,IC,2017-11-07T15:49:00,2017-11-07T15:49:00,328,328
http://irail.be/vehicle/IC414,http://irail.be/stations/NMBS/008811288,IC,2017-11-07T15:50:00,2017-11-07T15:50:00,340,340
http://irail.be/vehicle/IC414,http://irail.be/stations/NMBS/008833001,IC,2017-11-07T15:57:00,2017-11-07T15:53:00,199,325
http://irail.be/vehicle/IC414,http://irail.be/stations/NMBS/008841202,IC,2017-11-07T16:24:00,2017-11-07T16:24:00,80,80
http://irail.be/vehicle/IC414,http://irail.be/stations/NMBS/008841004,IC,2017-11-07T16:34:00,2017-11-07T16:31:00,23,67
http://irail.be/vehicle/IC414,http://irail.be/stations/NMBS/008842002,IC,2017-11-07T16:41:00,2017-11-07T16:37:00,22,22
http://irail.be/vehicle/IC414,http://irail.be/stations/NMBS/008842036,IC,2017-11-07T16:43:00,2017-11-07T16:43:00,22,22
http://irail.be/vehicle/IC414,http://irail.be/stations/NMBS/008844271,IC,2017-11-07T16:47:00,2017-11-07T16:47:00,24,24
http://irail.be/vehicle/IC414,NO-URI,IC,2017-11-07T16:48:00,2017-11-07T16:48:00,52,52
http://irail.be/vehicle/IC414,http://irail.be/stations/NMBS/008844255,IC,2017-11-07T16:49:00,2017-11-07T16:49:00,53,53
http://irail.be/vehicle/IC414,http://irail.be/stations/NMBS/008844230,IC,2017-11-07T16:49:00,2017-11-07T16:49:00,113,113
http://irail.be/vehicle/IC414,http://irail.be/stations/NMBS/008844206,IC,2017-11-07T16:54:00,2017-11-07T16:53:00,113,113
http://irail.be/vehicle/IC414,http://irail.be/stations/NMBS/008844008,IC,2017-11-07T17:02:00,2017-11-07T17:00:00,-2,65
http://irail.be/vehicle/IC414,http://irail.be/stations/NMBS/008844057,IC,2017-11-07T17:03:00,2017-11-07T17:03:00,-2,-2
http://irail.be/vehicle/IC414,NO-URI,IC,2017-11-07T17:05:00,2017-11-07T17:05:00,19,19
http://irail.be/vehicle/IC414,http://irail.be/stations/NMBS/008844545,IC,2017-11-07T17:10:00,2017-11-07T17:09:00,84,84
http://irail.be/vehicle/IC414,http://irail.be/stations/NMBS/008844503,IC,2017-11-07T17:16:00,2017-11-07T17:16:00,,84
http://irail.be/vehicle/IC414,http://irail.be/stations/NMBS/008896008,IC,2017-01-05T14:16:00,2017-01-05T14:16:00,155,
http://irail.be/vehicle/IC414,http://irail.be/stations/NMBS/008896115,IC,2017-01-05T14:22:00,2017-01-05T14:21:00,193,193
http://irail.be/vehicle/IC414,http://irail.be/stations/NMBS/008896149,IC,2017-01-05T14:28:00,2017-01-05T14:27:00,207,193
http://irail.be/vehicle/IC414,http://irail.be/stations/NMBS/008892106,IC,2017-01-05T14:38:00,2017-01-05T14:37:00,184,116
http://irail.be/vehicle/IC414,NO-URI,IC,2017-01-05T14:40:00,2017-01-05T14:40:00,184,184
http://irail.be/vehicle/IC414,http://irail.be/stations/NMBS/008892080,IC,2017-01-05T14:45:00,2017-01-05T14:44:00,131,119
http://irail.be/vehicle/IC414,http://irail.be/stations/NMBS/008892007,IC,2017-01-05T14:54:00,2017-01-05T14:51:00,175,177
http://irail.be/vehicle/IC414,http://irail.be/stations/NMBS/008814001,IC,2017-01-05T15:27:00,2017-01-05T15:24:00,1011,1053
http://irail.be/vehicle/IC414,http://irail.be/stations/NMBS/008813037,IC,2017-01-05T15:29:00,2017-01-05T15:29:00,1079,1079
http://irail.be/vehicle/IC414,http://irail.be/stations/NMBS/008813003,IC,2017-01-05T15:31:00,2017-01-05T15:30:00,1255,1214
http://irail.be/vehicle/IC414,http://irail.be/stations/NMBS/008813045,IC,2017-01-05T15:33:00,2017-01-05T15:33:00,1237,1237
http://irail.be/vehicle/IC414,http://irail.be/stations/NMBS/008812005,IC,2017-01-05T15:38:00,2017-01-05T15:35:00,1265,1299
http://irail.be/vehicle/IC414,http://irail.be/stations/NMBS/008811007,IC,2017-01-05T15:41:00,2017-01-05T15:41:00,1236,1236
http://irail.be/vehicle/IC414,http://irail.be/stations/NMBS/008811130,IC,2017-01-05T15:42:00,2017-01-05T15:42:00,1254,1254
http://irail.be/vehicle/IC414,http://irail.be/stations/NMBS/008811213,IC,2017-01-05T15:43:00,2017-01-05T15:43:00,1294,1294
http://irail.be/vehicle/IC414,http://irail.be/stations/NMBS/008811221,IC,2017-01-05T15:44:00,2017-01-05T15:44:00,1332,1332
http://irail.be/vehicle/IC414,http://irail.be/stations/NMBS/008811247,IC,2017-01-05T15:45:00,2017-01-05T15:45:00,1301,1301
http://irail.be/vehicle/IC414,http://irail.be/stations/NMBS/008811254,IC,2017-01-05T15:46:00,2017-01-05T15:46:00,1213,1213
http://irail.be/vehicle/IC414,http://irail.be/stations/NMBS/008811262,IC,2017-01-05T15:48:00,2017-01-05T15:48:00,1213,1213
http://irail.be/vehicle/IC414,http://irail.be/stations/NMBS/008811270,IC,2017-01-05T15:49:00,2017-01-05T15:49:00,1288,1288
http://irail.be/vehicle/IC414,http://irail.be/stations/NMBS/008811288,IC,2017-01-05T15:50:00,2017-01-05T15:50:00,1325,1325
http://irail.be/vehicle/IC414,http://irail.be/stations/NMBS/008833001,IC,2017-01-05T15:57:00,2017-01-05T15:53:00,1248,1363
http://irail.be/vehicle/IC414,http://irail.be/stations/NMBS/008841202,IC,2017-01-05T16:24:00,2017-01-05T16:24:00,1116,1116
http://irail.be/vehicle/IC414,http://irail.be/stations/NMBS/008841004,IC,2017-01-05T16:34:00,2017-01-05T16:31:00,998,1056
http://irail.be/vehicle/IC414,http://irail.be/stations/NMBS/008842002,IC,2017-01-05T16:41:00,2017-01-05T16:37:00,899,899
http://irail.be/vehicle/IC414,http://irail.be/stations/NMBS/008842036,IC,2017-01-05T16:43:00,2017-01-05T16:43:00,899,899
http://irail.be/vehicle/IC414,http://irail.be/stations/NMBS/008844271,IC,2017-01-05T16:47:00,2017-01-05T16:47:00,868,868
http://irail.be/vehicle/IC414,NO-URI,IC,2017-01-05T16:48:00,2017-01-05T16:48:00,854,854
http://irail.be/vehicle/IC414,http://irail.be/stations/NMBS/008844255,IC,2017-01-05T16:49:00,2017-01-05T16:49:00,849,849
http://irail.be/vehicle/IC414,http://irail.be/stations/NMBS/008844230,IC,2017-01-05T16:49:00,2017-01-05T16:49:00,901,901
http://irail.be/vehicle/IC414,http://irail.be/stations/NMBS/008844206,IC,2017-01-05T16:54:00,2017-01-05T16:53:00,901,901
http://irail.be/vehicle/IC414,http://irail.be/stations/NMBS/008844008,IC,2017-01-05T17:02:00,2017-01-05T17:00:00,745,816
http://irail.be/vehicle/IC414,http://irail.be/stations/NMBS/008844057,IC,2017-01-05T17:03:00,2017-01-05T17:03:00,745,745
http://irail.be/vehicle/IC414,NO-URI,IC,2017-01-05T17:05:00,2017-01-05T17:05:00,769,769
http://irail.be/vehicle/IC414,http://irail.be/stations/NMBS/008844545,IC,2017-01-05T17:10:00,2017-01-05T17:09:00,731,731
http://irail.be/vehicle/IC414,http://irail.be/stations/NMBS/008844503,IC,2017-01-05T17:16:00,2017-01-05T17:16:00,,731
http://irail.be/vehicle/IC414,http://irail.be/stations/NMBS/008896008,IC,2017-08-28T14:16:00,2017-08-28T14:16:00,56,
http://irail.be/vehicle/IC414,http://irail.be/stations/NMBS/008896115,IC,2017-08-28T14:22:00,2017-08-28T14:21:00,165,165
http://irail.be/vehicle/IC414,http://irail.be/stations/NMBS/008896149,IC,2017-08-28T14:28:00,2017-08-28T14:27:00,244,203
http://irail.be/vehicle/IC414,http://irail.be/stations/NMBS/008892106,IC,2017-08-28T14:38:00,2017-08-28T14:37:00,211,150
http://irail.be/vehicle/IC414,NO-URI,IC,2017-08-28T14:40:00,2017-08-28T14:40:00,211,211
http://irail.be/vehicle/IC414,http://irail.be/stations/NMBS/008892080,IC,2017-08-28T14:45:00,2017-08-28T14:44:00,141,127
http://irail.be/vehicle/IC414,http://irail.be/stations/NMBS/008892007,IC,2017-08-28T14:54:00,2017-08-28T14:51:00,212,206
http://irail.be/vehicle/IC414,http://irail.be/stations/NMBS/008814001,IC,2017-08-28T15:27:00,2017-08-28T15:24:00,133,171
http://irail.be/vehicle/IC414,http://irail.be/stations/NMBS/008813037,IC,2017-08-28T15:29:00,2017-08-28T15:29:00,139,139
http://irail.be/vehicle/IC414,http://irail.be/stations/NMBS/008813003,IC,2017-08-28T15:31:00,2017-08-28T15:30:00,180,163
http://irail.be/vehicle/IC414,http://irail.be/stations/NMBS/008813045,IC,2017-08-28T15:33:00,2017-08-28T15:33:00,163,163
http://irail.be/vehicle/IC414,http://irail.be/stations/NMBS/008812005,IC,2017-08-28T15:38:00,2017-08-28T15:35:00,113,157
http://irail.be/vehicle/IC414,http://irail.be/stations/NMBS/008811007,IC,2017-08-28T15:41:00,2017-08-28T15:41:00,79,79
http://irail.be/vehicle/IC414,http://irail.be/stations/NMBS/008811130,IC,2017-08-28T15:42:00,2017-08-28T15:42:00,93,93
http://irail.be/vehicle/IC414,http://irail.be/stations/NMBS/008811213,IC,2017-08-28T15:43:00,2017-08-28T15:43:00,81,81
http://irail.be/vehicle/IC414,http://irail.be/stations/NMBS/008811221,IC,2017-08-28T15:44:00,2017-08-28T15:44:00,87,87
http://irail.be/vehicle/IC414,http://irail.be/stations/NMBS/008811247,IC,2017-08-28T15:45:00,2017-08-28T15:45:00,40,40
http://irail.be/vehicle/IC414,http://irail.be/stations/NMBS/008811254,IC,2017-08-28T15:46:00,2017-08-28T15:46:00,-57,-57
http://irail.be/vehicle/IC414,http://irail.be/stations/NMBS/008811262,IC,2017-08-28T15:48:00,2017-08-28T15:48:00,-57,-57
http://irail.be/vehicle/IC414,http://irail.be/stations/NMBS/008811270,IC,2017-08-28T15:49:00,2017-08-28T15:49:00,-9,-9
http://irail.be/vehicle/IC414,http://irail.be/stations/NMBS/008811288,IC,2017-08-28T15:50:00,2017-08-28T15:50:00,3,3
http://irail.be/vehicle/IC414,http://irail.be/stations/NMBS/008833001,IC,2017-08-28T15:57:00,2017-08-28T15:53:00,0,17
http://irail.be/vehicle/IC414,http://irail.be/stations/NMBS/008841202,IC,2017-08-28T16:24:00,2017-08-28T16:24:00,-172,-172
http://irail.be/vehicle/IC414,http://irail.be/stations/NMBS/008841004,IC,2017-08-28T16:34:00,2017-08-28T16:31:00,-5,-65
http://irail.be/vehicle/IC414,http://irail.be/stations/NMBS/008842002,IC,2017-08-28T16:41:00,2017-08-28T16:37:00,23,23
http://irail.be/vehicle/IC414,http://irail.be/stations/NMBS/008842036,IC,2017-08-28T16:43:00,2017-08-28T16:43:00,23,23
http://irail.be/vehicle/IC414,http://irail.be/stations/NMBS/008844271,IC,2017-08-28T16:47:00,2017-08-28T16:47:00,-12,-12
http://irail.be/vehicle/IC414,NO-URI,IC,2017-08-28T16:48:00,2017-08-28T16:48:00,-21,-21
http://irail.be/vehicle/IC414,http://irail.be/stations/NMBS/008844255,IC,2017-08-28T16:49:00,2017-08-28T16:49:00,-22,-22
http://irail.be/vehicle/IC414,http://irail.be/stations/NMBS/008844230,IC,2017-08-28T16:49:00,2017-08-28T16:49:00,1362,1362
http://irail.be/vehicle/IC414,http://irail.be/stations/NMBS/008844206,IC,2017-08-28T16:54:00,2017-08-28T16:53:00,1362,1362
http://irail.be/vehicle/IC414,http://irail.be/stations/NMBS/008844008,IC,2017-08-28T17:02:00,2017-08-28T17:00:00,1233,1308
http://irail.be/vehicle/IC414,http://irail.be/stations/NMBS/008844057,IC,2017-08-28T17:03:00,2017-08-28T17:03:00,1233,1233
http://irail.be/vehicle/IC414,NO-URI,IC,2017-08-28T17:05:00,2017-08-28T17:05:00,1249,1249
http://irail.be/vehicle/IC414,http://irail.be/stations/NMBS/008844545,IC,2017-08-28T17:10:00,2017-08-28T17:09:00,1234,1234
http://irail.be/vehicle/IC414,http://irail.be/stations/NMBS/008844503,IC,2017-08-28T17:16:00,2017-08-28T17:16:00,,1234
http://irail.be/vehicle/IC414,http://irail.be/stations/NMBS/008896008,IC,2017-01-30T14:16:00,2017-01-30T14:16:00,71,
http://irail.be/vehicle/IC414,http://irail.be/stations/NMBS/008896115,IC,2017-01-30T14:22:00,2017-01-30T14:21:00,74,74
http://irail.be/vehicle/IC414,http://irail.be/stations/NMBS/008896149,IC,2017-01-30T14:28:00,2017-01-30T14:27:00,69,74
http://irail.be/vehicle/IC414,http://irail.be/stations/NMBS/008892106,IC,2017-01-30T14:38:00,2017-01-30T14:37:00,42,-19
http://irail.be/vehicle/IC414,NO-URI,IC,2017-01-30T14:40:00,2017-01-30T14:40:00,42,42
http://irail.be/vehicle/IC414,http://irail.be/stations/NMBS/008892080,IC,2017-01-30T14:45:00,2017-01-30T14:44:00,3,-30
http://irail.be/vehicle/IC414,http://irail.be/stations/NMBS/008892007,IC,2017-01-30T14:54:00,2017-01-30T14:51:00,49,49
http://irail.be/vehicle/IC414,http://irail.be/stations/NMBS/008814001,IC,2017-01-30T15:27:00,2017-01-30T15:24:00,118,108
http://irail.be/vehicle/IC414,http://irail.be/stations/NMBS/008813037,IC,2017-01-30T15:29:00,2017-01-30T15:29:00,121,121
http://irail.be/vehicle/IC414,http://irail.be/stations/NMBS/008813003,IC,2017-01-30T15:31:00,2017-01-30T15:30:00,221,187
http://irail.be/vehicle/IC414,http://irail.be/stations/NMBS/008813045,IC,2017-01-30T15:33:00,2017-01-30T15:33:00,198,198
http://irail.be/vehicle/IC414,http://irail.be/stations/NMBS/008812005,IC,2017-01-30T15:38:00,2017-01-30T15:35:00,127,187
http://irail.be/vehicle/IC414,http://irail.be/stations/NMBS/008811007,IC,2017-01-30T15:41:00,2017-01-30T15:41:00,91,91
http://irail.be/vehicle/IC414,http://irail.be/stations/NMBS/008811130,IC,2017-01-30T15:42:00,2017-01-30T15:42:00,93,93
http://irail.be/vehicle/IC414,http://irail.be/stations/NMBS/008811213,IC,2017-01-30T15:43:00,2017-01-30T15:43:00,101,101
http://irail.be/vehicle/IC414,http://irail.be/stations/NMBS/008811221,IC,2017-01-30T15:44:00,2017-01-30T15:44:00,112,112
http://irail.be/vehicle/IC414,http://irail.be/stations/NMBS/008811247,IC,2017-01-30T15:45:00,2017-01-30T15:45:00,72,72
http://irail.be/vehicle/IC414,http://irail.be/stations/NMBS/008811254,IC,2017-01-30T15:46:00,2017-01-30T15:46:00,-18,-18
http://irail.be/vehicle/IC414,http://irail.be/stations/NMBS/008811262,IC,2017-01-30T15:48:00,2017-01-30T15:48:00,-18,-18
http://irail.be/vehicle/IC414,http://irail.be/stations/NMBS/008811270,IC,2017-01-30T15:49:00,2017-01-30T15:49:00,60,60
http://irail.be/vehicle/IC414,http://irail.be/stations/NMBS/008811288,IC,2017-01-30T15:50:00,2017-01-30T15:50:00,72,72
http://irail.be/vehicle/IC414,http://irail.be/stations/NMBS/008833001,IC,2017-01-30T15:57:00,2017-01-30T15:53:00,37,60
http://irail.be/vehicle/IC414,http://irail.be/stations/NMBS/008841202,IC,2017-01-30T16:24:00,2017-01-30T16:24:00,-104,-104
http://irail.be/vehicle/IC414,http://irail.be/stations/NMBS/008841004,IC,2017-01-30T16:34:00,2017-01-30T16:31:00,602,-27
http://irail.be/vehicle/IC414,http://irail.be/stations/NMBS/008842002,IC,2017-01-30T16:41:00,2017-01-30T16:37:00,530,530
http://irail.be/vehicle/IC414,http://irail.be/stations/NMBS/008842036,IC,2017-01-30T16:43:00,2017-01-30T16:43:00,530,530
http://irail.be/vehicle/IC414,http://irail.be/stations/NMBS/008844271,IC,2017-01-30T16:47:00,2017-01-30T16:47:00,515,515
http://irail.be/vehicle/IC414,NO-URI,IC,2017-01-30T16:48:00,2017-01-30T16:48:00,503,503
http://irail.be/vehicle/IC414,http://irail.be/stations/NMBS/008844255,IC,2017-01-30T16:49:00,2017-01-30T16:49:00,498,498
http://irail.be/vehicle/IC414,http://irail.be/stations/NMBS/008844230,IC,2017-01-30T16:49:00,2017-01-30T16:49:00,530,530
http://irail.be/vehicle/IC414,http://irail.be/stations/NMBS/008844206,IC,2017-01-30T16:54:00,2017-01-30T16:53:00,530,530
http://irail.be/vehicle/IC414,http://irail.be/stations/NMBS/008844008,IC,2017-01-30T17:02:00,2017-01-30T17:00:00,417,487
http://irail.be/vehicle/IC414,http://irail.be/stations/NMBS/008844057,IC,2017-01-30T17:03:00,2017-01-30T17:03:00,417,417
http://irail.be/vehicle/IC414,NO-URI,IC,2017-01-30T17:05:00,2017-01-30T17:05:00,443,443
http://irail.be/vehicle/IC414,http://irail.be/stations/NMBS/008844545,IC,2017-01-30T17:10:00,2017-01-30T17:09:00,454,454
http://irail.be/vehicle/IC414,http://irail.be/stations/NMBS/008844503,IC,2017-01-30T17:16:00,2017-01-30T17:16:00,,454
http://irail.be/vehicle/IC414,http://irail.be/stations/NMBS/008896008,IC,2017-08-03T14:16:00,2017-08-03T14:16:00,72,
http://irail.be/vehicle/IC414,http://irail.be/stations/NMBS/008896115,IC,2017-08-03T14:22:00,2017-08-03T14:21:00,131,131
http://irail.be/vehicle/IC414,http://irail.be/stations/NMBS/008896149,IC,2017-08-03T14:28:00,2017-08-03T14:27:00,181,187
http://irail.be/vehicle/IC414,http://irail.be/stations/NMBS/008892106,IC,2017-08-03T14:38:00,2017-08-03T14:37:00,146,74
http://irail.be/vehicle/IC414,NO-URI,IC,2017-08-03T14:40:00,2017-08-03T14:40:00,146,146
http://irail.be/vehicle/IC414,http://irail.be/stations/NMBS/008892080,IC,2017-08-03T14:45:00,2017-08-03T14:44:00,72,56
http://irail.be/vehicle/IC414,http://irail.be/stations/NMBS/008892007,IC,2017-08-03T14:54:00,2017-08-03T14:51:00,68,117
http://irail.be/vehicle/IC414,http://irail.be/stations/NMBS/008814001,IC,2017-08-03T15:27:00,2017-08-03T15:24:00,175,218
http://irail.be/vehicle/IC414,http://irail.be/stations/NMBS/008813037,IC,2017-08-03T15:29:00,2017-08-03T15:29:00,199,199
http://irail.be/vehicle/IC414,http://irail.be/stations/NMBS/008813003,IC,2017-08-03T15:31:00,2017-08-03T15:30:00,239,213
http://irail.be/vehicle/IC414,http://irail.be/stations/NMBS/008813045,IC,2017-08-03T15:33:00,2017-08-03T15:33:00,243,243
http://irail.be/vehicle/IC414,http://irail.be/stations/NMBS/008812005,IC,2017-08-03T15:38:00,2017-08-03T15:35:00,262,254
http://irail.be/vehicle/IC414,http://irail.be/stations/NMBS/008811007,IC,2017-08-03T15:41:00,2017-08-03T15:41:00,235,235
http://irail.be/vehicle/IC414,http://irail.be/stations/NMBS/008811130,IC,2017-08-03T15:42:00,2017-08-03T15:42:00,270,270
http://irail.be/vehicle/IC414,http://irail.be/stations/NMBS/008811213,IC,2017-08-03T15:43:00,2017-08-03T15:43:00,262,262
http://irail.be/vehicle/IC414,http://irail.be/stations/NMBS/008811221,IC,2017-08-03T15:44:00,2017-08-03T15:44:00,272,272
http://irail.be/vehicle/IC414,http://irail.be/stations/NMBS/008811247,IC,2017-08-03T15:45:00,2017-08-03T15:45:00,235,235
http://irail.be/vehicle/IC414,http://irail.be/stations/NMBS/008811254,IC,2017-08-03T15:46:00,2017-08-03T15:46:00,146,146
http://irail.be/vehicle/IC414,http://irail.be/stations/NMBS/008811262,IC,2017-08-03T15:48:00,2017-08-03T15:48:00,146,146
http://irail.be/vehicle/IC414,http://irail.be/stations/NMBS/008811270,IC,2017-08-03T15:49:00,2017-08-03T15:49:00,229,229
http://irail.be/vehicle/IC414,http://irail.be/stations/NMBS/008811288,IC,2017-08-03T15:50:00,2017-08-03T15:50:00,241,241
http://irail.be/vehicle/IC414,http://irail.be/stations/NMBS/008833001,IC,2017-08-03T15:57:00,2017-08-03T15:53:00,147,249
http://irail.be/vehicle/IC414,http://irail.be/stations/NMBS/008841202,IC,2017-08-03T16:24:00,2017-08-03T16:24:00,117,117
http://irail.be/vehicle/IC414,http://irail.be/stations/NMBS/008841004,IC,2017-08-03T16:34:00,2017-08-03T16:31:00,316,341
http://irail.be/vehicle/IC414,http://irail.be/stations/NMBS/008842002,IC,2017-08-03T16:41:00,2017-08-03T16:37:00,236,236
http://irail.be/vehicle/IC414,http://irail.be/stations/NMBS/008842036,IC,2017-08-03T16:43:00,2017-08-03T16:43:00,236,236
http://irail.be/vehicle/IC414,http://irail.be/stations/NMBS/008844271,IC,2017-08-03T16:47:00,2017-08-03T16:47:00,213,213
http://irail.be/vehicle/IC414,NO-URI,IC,2017-08-03T16:48:00,2017-08-03T16:48:00,241,241
http://irail.be/vehicle/IC414,http://irail.be/stations/NMBS/008844255,IC,2017-08-03T16:49:00,2017-08-03T16:49:00,245,245
http://irail.be/vehicle/IC414,http://irail.be/stations/NMBS/008844230,IC,2017-08-03T16:49:00,2017-08-03T16:49:00,351,351
http://irail.be/vehicle/IC414,http://irail.be/stations/NMBS/008844206,IC,2017-08-03T16:54:00,2017-08-03T16:53:00,351,351
http://irail.be/vehicle/IC414,http://irail.be/stations/NMBS/008844008,IC,2017-08-03T17:02:00,2017-08-03T17:00:00,210,279
http://irail.be/vehicle/IC414,http://irail.be/stations/NMBS/008844057,IC,2017-08-03T17:03:00,2017-08-03T17:03:00,210,210
http://irail.be/vehicle/IC414,NO-URI,IC,2017-08-03T17:05:00,2017-08-03T17:05:00,221,221
http://irail.be/vehicle/IC414,http://irail.be/stations/NMBS/008844545,IC,2017-08-03T17:10:00,2017-08-03T17:09:00,379,379
http://irail.be/vehicle/IC414,http://irail.be/stations/NMBS/008844503,IC,2017-08-03T17:16:00,2017-08-03T17:16:00,,379
http://irail.be/vehicle/IC414,http://irail.be/stations/NMBS/008896008,IC,2017-04-10T14:16:00,2017-04-10T14:16:00,60,
http://irail.be/vehicle/IC414,http://irail.be/stations/NMBS/008896115,IC,2017-04-10T14:22:00,2017-04-10T14:21:00,37,37
http://irail.be/vehicle/IC414,http://irail.be/stations/NMBS/008896149,IC,2017-04-10T14:28:00,2017-04-10T14:27:00,23,37
http://irail.be/vehicle/IC414,http://irail.be/stations/NMBS/008892106,IC,2017-04-10T14:38:00,2017-04-10T14:37:00,89,-73
http://irail.be/vehicle/IC414,NO-URI,IC,2017-04-10T14:40:00,2017-04-10T14:40:00,89,89
http://irail.be/vehicle/IC414,http://irail.be/stations/NMBS/008892080,IC,2017-04-10T14:45:00,2017-04-10T14:44:00,22,-3
http://irail.be/vehicle/IC414,http://irail.be/stations/NMBS/008892007,IC,2017-04-10T14:54:00,2017-04-10T14:51:00,47,48
http://irail.be/vehicle/IC414,http://irail.be/stations/NMBS/008814001,IC,2017-04-10T15:27:00,2017-04-10T15:24:00,146,172
http://irail.be/vehicle/IC414,http://irail.be/stations/NMBS/008813037,IC,2017-04-10T15:29:00,2017-04-10T15:29:00,155,155
http://irail.be/vehicle/IC414,http://irail.be/stations/NMBS/008813003,IC,2017-04-10T15:31:00,2017-04-10T15:30:00,166,162
http://irail.be/vehicle/IC414,http://irail.be/stations/NMBS/008813045,IC,2017-04-10T15:33:00,2017-04-10T15:33:00,157,157
http://irail.be/vehicle/IC414,http://irail.be/stations/NMBS/008812005,IC,2017-04-10T15:38:00,2017-04-10T15:35:00,90,152
http://irail.be/vehicle/IC414,http://irail.be/stations/NMBS/008811007,IC,2017-04-10T15:41:00,2017-04-10T15:41:00,77,77
http://irail.be/vehicle/IC414,http://irail.be/stations/NMBS/008811130,IC,2017-04-10T15:42:00,2017-04-10T15:42:00,98,98
http://irail.be/vehicle/IC414,http://irail.be/stations/NMBS/008811213,IC,2017-04-10T15:43:00,2017-04-10T15:43:00,88,88
http://irail.be/vehicle/IC414,http://irail.be/stations/NMBS/008811221,IC,2017-04-10T15:44:00,2017-04-10T15:44:00,96,96
http://irail.be/vehicle/IC414,http://irail.be/stations/NMBS/008811247,IC,2017-04-10T15:45:00,2017-04-10T15:45:00,54,54
http://irail.be/vehicle/IC414,http://irail.be/stations/NMBS/008811254,IC,2017-04-10T15:46:00,2017-04-10T15:46:00,-35,-35
http://irail.be/vehicle/IC414,http://irail.be/stations/NMBS/008811262,IC,2017-04-10T15:48:00,2017-04-10T15:48:00,-35,-35
http://irail.be/vehicle/IC414,http://irail.be/stations/NMBS/008811270,IC,2017-04-10T15:49:00,2017-04-10T15:49:00,43,43
http://irail.be/vehicle/IC414,http://irail.be/stations/NMBS/008811288,IC,2017-04-10T15:50:00,2017-04-10T15:50:00,55,55
http://irail.be/vehicle/IC414,http://irail.be/stations/NMBS/008833001,IC,2017-04-10T15:57:00,2017-04-10T15:53:00,22,46
http://irail.be/vehicle/IC414,http://irail.be/stations/NMBS/008841202,IC,2017-04-10T16:24:00,2017-04-10T16:24:00,-14,-14
http://irail.be/vehicle/IC414,http://irail.be/stations/NMBS/008841004,IC,2017-04-10T16:46:00,2017-04-10T16:31:00,68,83
http://irail.be/vehicle/IC414,http://irail.be/stations/NMBS/008842002,IC,2017-04-10T16:50:00,2017-04-10T16:49:00,231,231
http://irail.be/vehicle/IC414,http://irail.be/stations/NMBS/008842036,IC,2017-04-10T16:52:00,2017-04-10T16:52:00,231,231
http://irail.be/vehicle/IC414,http://irail.be/stations/NMBS/008844271,IC,2017-04-10T16:56:00,2017-04-10T16:56:00,240,240
http://irail.be/vehicle/IC414,NO-URI,IC,2017-04-10T16:57:00,2017-04-10T16:57:00,248,248
http://irail.be/vehicle/IC414,http://irail.be/stations/NMBS/008844255,IC,2017-04-10T16:58:00,2017-04-10T16:58:00,242,242
http://irail.be/vehicle/IC414,http://irail.be/stations/NMBS/008844230,IC,2017-04-10T16:58:00,2017-04-10T16:58:00,289,289
http://irail.be/vehicle/IC414,http://irail.be/stations/NMBS/008844206,IC,2017-04-10T17:03:00,2017-04-10T17:02:00,289,289
http://irail.be/vehicle/IC414,http://irail.be/stations/NMBS/008844008,IC,2017-04-10T17:11:00,2017-04-10T17:09:00,134,226
http://irail.be/vehicle/IC414,http://irail.be/stations/NMBS/008844057,IC,2017-04-10T17:12:00,2017-04-10T17:12:00,134,134
http://irail.be/vehicle/IC414,NO-URI,IC,2017-04-10T17:14:00,2017-04-10T17:14:00,172,172
http://irail.be/vehicle/IC414,http://irail.be/stations/NMBS/008844545,IC,2017-04-10T17:19:00,2017-04-10T17:18:00,173,173
http://irail.be/vehicle/IC414,http://irail.be/stations/NMBS/008844503,IC,2017-04-10T17:25:00,2017-04-10T17:25:00,,173
http://irail.be/vehicle/IC414,http://irail.be/stations/NMBS/008896008,IC,2017-12-13T14:16:00,2017-12-13T14:16:00,57,
http://irail.be/vehicle/IC414,http://irail.be/stations/NMBS/008896115,IC,2017-12-13T14:22:00,2017-12-13T14:21:00,62,62
http://irail.be/vehicle/IC414,http://irail.be/stations/NMBS/008896149,IC,2017-12-13T14:28:00,2017-12-13T14:27:00,140,117
http://irail.be/vehicle/IC414,http://irail.be/stations/NMBS/008892106,IC,2017-12-13T14:38:00,2017-12-13T14:37:00,111,63
http://irail.be/vehicle/IC414,NO-URI,IC,2017-12-13T14:40:00,2017-12-13T14:40:00,111,111
http://irail.be/vehicle/IC414,http://irail.be/stations/NMBS/008892080,IC,2017-12-13T14:44:00,2017-12-13T14:43:00,130,104
http://irail.be/vehicle/IC414,http://irail.be/stations/NMBS/008892007,IC,2017-12-13T14:54:00,2017-12-13T14:52:00,221,120
http://irail.be/vehicle/IC414,http://irail.be/stations/NMBS/008814001,IC,2017-12-13T15:27:00,2017-12-13T15:24:00,145,168
http://irail.be/vehicle/IC414,http://irail.be/stations/NMBS/008813037,IC,2017-12-13T15:29:00,2017-12-13T15:29:00,185,185
http://irail.be/vehicle/IC414,http://irail.be/stations/NMBS/008813003,IC,2017-12-13T15:31:00,2017-12-13T15:30:00,351,282
http://irail.be/vehicle/IC414,http://irail.be/stations/NMBS/008813045,IC,2017-12-13T15:33:00,2017-12-13T15:33:00,335,335
http://irail.be/vehicle/IC414,http://irail.be/stations/NMBS/008812005,IC,2017-12-13T15:37:00,2017-12-13T15:35:00,318,327
http://irail.be/vehicle/IC414,http://irail.be/stations/NMBS/008811007,IC,2017-12-13T15:40:00,2017-12-13T15:40:00,290,290
http://irail.be/vehicle/IC414,http://irail.be/stations/NMBS/008811130,IC,2017-12-13T15:41:00,2017-12-13T15:41:00,321,321
http://irail.be/vehicle/IC414,http://irail.be/stations/NMBS/008811213,IC,2017-12-13T15:42:00,2017-12-13T15:42:00,445,445
http://irail.be/vehicle/IC414,http://irail.be/stations/NMBS/008811221,IC,2017-12-13T15:43:00,2017-12-13T15:43:00,436,436
http://irail.be/vehicle/IC414,http://irail.be/stations/NMBS/008811247,IC,2017-12-13T15:44:00,2017-12-13T15:44:00,441,441
http://irail.be/vehicle/IC414,http://irail.be/stations/NMBS/008811254,IC,2017-12-13T15:45:00,2017-12-13T15:45:00,351,351
http://irail.be/vehicle/IC414,http://irail.be/stations/NMBS/008811262,IC,2017-12-13T15:47:00,2017-12-13T15:47:00,351,351
http://irail.be/vehicle/IC414,http://irail.be/stations/NMBS/008811270,IC,2017-12-13T15:48:00,2017-12-13T15:48:00,429,429
http://irail.be/vehicle/IC414,http://irail.be/stations/NMBS/008811288,IC,2017-12-13T15:49:00,2017-12-13T15:49:00,443,443
http://irail.be/vehicle/IC414,http://irail.be/stations/NMBS/008833001,IC,2017-12-13T15:56:00,2017-12-13T15:52:00,314,432
http://irail.be/vehicle/IC414,http://irail.be/stations/NMBS/008841202,IC,2017-12-13T16:22:00,2017-12-13T16:22:00,263,263
http://irail.be/vehicle/IC414,http://irail.be/stations/NMBS/008841004,IC,2017-12-13T16:36:00,2017-12-13T16:29:00,9,226
http://irail.be/vehicle/IC414,http://irail.be/stations/NMBS/008842002,IC,2017-12-13T16:41:00,2017-12-13T16:39:00,43,43
http://irail.be/vehicle/IC414,http://irail.be/stations/NMBS/008842036,IC,2017-12-13T16:43:00,2017-12-13T16:43:00,43,43
http://irail.be/vehicle/IC414,http://irail.be/stations/NMBS/008844271,IC,2017-12-13T16:47:00,2017-12-13T16:47:00,27,27
http://irail.be/vehicle/IC414,NO-URI,IC,2017-12-13T16:48:00,2017-12-13T16:48:00,42,42
http://irail.be/vehicle/IC414,http://irail.be/stations/NMBS/008844255,IC,2017-12-13T16:49:00,2017-12-13T16:49:00,70,70
http://irail.be/vehicle/IC414,http://irail.be/stations/NMBS/008844230,IC,2017-12-13T16:49:00,2017-12-13T16:49:00,168,168
http://irail.be/vehicle/IC414,http://irail.be/stations/NMBS/008844206,IC,2017-12-13T16:54:00,2017-12-13T16:53:00,168,168
http://irail.be/vehicle/IC414,http://irail.be/stations/NMBS/008844008,IC,2017-12-13T17:02:00,2017-12-13T17:00:00,35,97
http://irail.be/vehicle/IC414,http://irail.be/stations/NMBS/008844057,IC,2017-12-13T17:03:00,2017-12-13T17:03:00,35,35
http://irail.be/vehicle/IC414,http://irail.be/stations/NMBS/008844545,IC,2017-12-13T17:09:00,2017-12-13T17:08:00,332,332
http://irail.be/vehicle/IC414,http://irail.be/stations/NMBS/008844503,IC,2017-12-13T17:14:00,2017-12-13T17:14:00,,332
http://irail.be/vehicle/IC414,http://irail.be/stations/NMBS/008896008,IC,2017-11-28T14:16:00,2017-11-28T14:16:00,61,
http://irail.be/vehicle/IC414,http://irail.be/stations/NMBS/008896115,IC,2017-11-28T14:22:00,2017-11-28T14:21:00,66,66
http://irail.be/vehicle/IC414,http://irail.be/stations/NMBS/008896149,IC,2017-11-28T14:28:00,2017-11-28T14:27:00,67,71
http://irail.be/vehicle/IC414,http://irail.be/stations/NMBS/008892106,IC,2017-11-28T14:38:00,2017-11-28T14:37:00,62,-30
http://irail.be/vehicle/IC414,NO-URI,IC,2017-11-28T14:40:00,2017-11-28T14:40:00,62,62
http://irail.be/vehicle/IC414,http://irail.be/stations/NMBS/008892080,IC,2017-11-28T14:45:00,2017-11-28T14:44:00,42,14
http://irail.be/vehicle/IC414,http://irail.be/stations/NMBS/008892007,IC,2017-11-28T14:54:00,2017-11-28T14:51:00,33,98
http://irail.be/vehicle/IC414,http://irail.be/stations/NMBS/008814001,IC,2017-11-28T15:27:00,2017-11-28T15:24:00,144,128
http://irail.be/vehicle/IC414,http://irail.be/stations/NMBS/008813037,IC,2017-11-28T15:29:00,2017-11-28T15:29:00,174,174
http://irail.be/vehicle/IC414,http://irail.be/stations/NMBS/008813003,IC,2017-11-28T15:31:00,2017-11-28T15:30:00,306,269
http://irail.be/vehicle/IC414,http://irail.be/stations/NMBS/008813045,IC,2017-11-28T15:33:00,2017-11-28T15:33:00,304,304
http://irail.be/vehicle/IC414,http://irail.be/stations/NMBS/008812005,IC,2017-11-28T15:38:00,2017-11-28T15:35:00,277,298
http://irail.be/vehicle/IC414,http://irail.be/stations/NMBS/008811007,IC,2017-11-28T15:41:00,2017-11-28T15:41:00,257,257
http://irail.be/vehicle/IC414,http://irail.be/stations/NMBS/008811130,IC,2017-11-28T15:42:00,2017-11-28T15:42:00,316,316
http://irail.be/vehicle/IC414,http://irail.be/stations/NMBS/008811213,IC,2017-11-28T15:43:00,2017-11-28T15:43:00,307,307
http://irail.be/vehicle/IC414,http://irail.be/stations/NMBS/008811221,IC,2017-11-28T15:44:00,2017-11-28T15:44:00,315,315
http://irail.be/vehicle/IC414,http://irail.be/stations/NMBS/008811247,IC,2017-11-28T15:45:00,2017-11-28T15:45:00,279,279
http://irail.be/vehicle/IC414,http://irail.be/stations/NMBS/008811254,IC,2017-11-28T15:46:00,2017-11-28T15:46:00,189,189
http://irail.be/vehicle/IC414,http://irail.be/stations/NMBS/008811262,IC,2017-11-28T15:48:00,2017-11-28T15:48:00,189,189
http://irail.be/vehicle/IC414,http://irail.be/stations/NMBS/008811270,IC,2017-11-28T15:49:00,2017-11-28T15:49:00,270,270
http://irail.be/vehicle/IC414,http://irail.be/stations/NMBS/008811288,IC,2017-11-28T15:50:00,2017-11-28T15:50:00,281,281
http://irail.be/vehicle/IC414,http://irail.be/stations/NMBS/008833001,IC,2017-11-28T15:57:00,2017-11-28T15:53:00,214,282
http://irail.be/vehicle/IC414,http://irail.be/stations/NMBS/008841202,IC,2017-11-28T16:24:00,2017-11-28T16:24:00,143,143
http://irail.be/vehicle/IC414,http://irail.be/stations/NMBS/008841004,IC,2017-11-28T16:34:00,2017-11-28T16:31:00,124,131
http://irail.be/vehicle/IC414,http://irail.be/stations/NMBS/008842002,IC,2017-11-28T16:41:00,2017-11-28T16:37:00,43,43
http://irail.be/vehicle/IC414,http://irail.be/stations/NMBS/008842036,IC,2017-11-28T16:43:00,2017-11-28T16:43:00,43,43
http://irail.be/vehicle/IC414,http://irail.be/stations/NMBS/008844271,IC,2017-11-28T16:47:00,2017-11-28T16:47:00,26,26
http://irail.be/vehicle/IC414,NO-URI,IC,2017-11-28T16:48:00,2017-11-28T16:48:00,71,71
http://irail.be/vehicle/IC414,http://irail.be/stations/NMBS/008844255,IC,2017-11-28T16:49:00,2017-11-28T16:49:00,101,101
http://irail.be/vehicle/IC414,http://irail.be/stations/NMBS/008844230,IC,2017-11-28T16:49:00,2017-11-28T16:49:00,276,276
http://irail.be/vehicle/IC414,http://irail.be/stations/NMBS/008844206,IC,2017-11-28T16:54:00,2017-11-28T16:53:00,276,276
http://irail.be/vehicle/IC414,http://irail.be/stations/NMBS/008844008,IC,2017-11-28T17:02:00,2017-11-28T17:00:00,125,213
http://irail.be/vehicle/IC414,http://irail.be/stations/NMBS/008844057,IC,2017-11-28T17:03:00,2017-11-28T17:03:00,125,125
http://irail.be/vehicle/IC414,NO-URI,IC,2017-11-28T17:05:00,2017-11-28T17:05:00,131,131
http://irail.be/vehicle/IC414,http://irail.be/stations/NMBS/008844545,IC,2017-11-28T17:10:00,2017-11-28T17:09:00,150,150
http://irail.be/vehicle/IC414,http://irail.be/stations/NMBS/008844503,IC,2017-11-28T17:16:00,2017-11-28T17:16:00,,150
http://irail.be/vehicle/IC414,http://irail.be/stations/NMBS/008896008,IC,2017-10-12T14:16:00,2017-10-12T14:16:00,50,
http://irail.be/vehicle/IC414,http://irail.be/stations/NMBS/008896115,IC,2017-10-12T14:22:00,2017-10-12T14:21:00,83,83
http://irail.be/vehicle/IC414,http://irail.be/stations/NMBS/008896149,IC,2017-10-12T14:28:00,2017-10-12T14:27:00,110,96
http://irail.be/vehicle/IC414,http://irail.be/stations/NMBS/008892106,IC,2017-10-12T14:38:00,2017-10-12T14:37:00,90,30
http://irail.be/vehicle/IC414,NO-URI,IC,2017-10-12T14:40:00,2017-10-12T14:40:00,90,90
http://irail.be/vehicle/IC414,http://irail.be/stations/NMBS/008892080,IC,2017-10-12T14:45:00,2017-10-12T14:44:00,29,14
http://irail.be/vehicle/IC414,http://irail.be/stations/NMBS/008892007,IC,2017-10-12T14:54:00,2017-10-12T14:51:00,59,50
http://irail.be/vehicle/IC414,http://irail.be/stations/NMBS/008814001,IC,2017-10-12T15:27:00,2017-10-12T15:24:00,243,201
http://irail.be/vehicle/IC414,http://irail.be/stations/NMBS/008813037,IC,2017-10-12T15:29:00,2017-10-12T15:29:00,258,258
http://irail.be/vehicle/IC414,http://irail.be/stations/NMBS/008813003,IC,2017-10-12T15:31:00,2017-10-12T15:30:00,352,288
http://irail.be/vehicle/IC414,http://irail.be/stations/NMBS/008813045,IC,2017-10-12T15:33:00,2017-10-12T15:33:00,343,343
http://irail.be/vehicle/IC414,http://irail.be/stations/NMBS/008812005,IC,2017-10-12T15:38:00,2017-10-12T15:35:00,319,339
http://irail.be/vehicle/IC414,http://irail.be/stations/NMBS/008811007,IC,2017-10-12T15:41:00,2017-10-12T15:41:00,289,289
http://irail.be/vehicle/IC414,http://irail.be/stations/NMBS/008811130,IC,2017-10-12T15:42:00,2017-10-12T15:42:00,309,309
http://irail.be/vehicle/IC414,http://irail.be/stations/NMBS/008811213,IC,2017-10-12T15:43:00,2017-10-12T15:43:00,295,295
http://irail.be/vehicle/IC414,http://irail.be/stations/NMBS/008811221,IC,2017-10-12T15:44:00,2017-10-12T15:44:00,304,304
http://irail.be/vehicle/IC414,http://irail.be/stations/NMBS/008811247,IC,2017-10-12T15:45:00,2017-10-12T15:45:00,266,266
http://irail.be/vehicle/IC414,http://irail.be/stations/NMBS/008811254,IC,2017-10-12T15:46:00,2017-10-12T15:46:00,176,176
http://irail.be/vehicle/IC414,http://irail.be/stations/NMBS/008811262,IC,2017-10-12T15:48:00,2017-10-12T15:48:00,176,176
http://irail.be/vehicle/IC414,http://irail.be/stations/NMBS/008811270,IC,2017-10-12T15:49:00,2017-10-12T15:49:00,257,257
http://irail.be/vehicle/IC414,http://irail.be/stations/NMBS/008811288,IC,2017-10-12T15:50:00,2017-10-12T15:50:00,268,268
http://irail.be/vehicle/IC414,http://irail.be/stations/NMBS/008833001,IC,2017-10-12T15:57:00,2017-10-12T15:53:00,127,252
http://irail.be/vehicle/IC414,http://irail.be/stations/NMBS/008841202,IC,2017-10-12T16:24:00,2017-10-12T16:24:00,77,77
http://irail.be/vehicle/IC414,http://irail.be/stations/NMBS/008841004,IC,2017-10-12T16:34:00,2017-10-12T16:31:00,52,71
http://irail.be/vehicle/IC414,http://irail.be/stations/NMBS/008842002,IC,2017-10-12T16:41:00,2017-10-12T16:37:00,37,37
http://irail.be/vehicle/IC414,http://irail.be/stations/NMBS/008842036,IC,2017-10-12T16:43:00,2017-10-12T16:43:00,37,37
http://irail.be/vehicle/IC414,http://irail.be/stations/NMBS/008844271,IC,2017-10-12T16:47:00,2017-10-12T16:47:00,8,8
http://irail.be/vehicle/IC414,NO-URI,IC,2017-10-12T16:48:00,2017-10-12T16:48:00,22,22
http://irail.be/vehicle/IC414,http://irail.be/stations/NMBS/008844255,IC,2017-10-12T16:49:00,2017-10-12T16:49:00,21,21
http://irail.be/vehicle/IC414,http://irail.be/stations/NMBS/008844230,IC,2017-10-12T16:49:00,2017-10-12T16:49:00,209,209
http://irail.be/vehicle/IC414,http://irail.be/stations/NMBS/008844206,IC,2017-10-12T16:54:00,2017-10-12T16:53:00,209,209
http://irail.be/vehicle/IC414,http://irail.be/stations/NMBS/008844008,IC,2017-10-12T17:02:00,2017-10-12T17:00:00,80,161
http://irail.be/vehicle/IC414,http://irail.be/stations/NMBS/008844057,IC,2017-10-12T17:03:00,2017-10-12T17:03:00,80,80
http://irail.be/vehicle/IC414,NO-URI,IC,2017-10-12T17:05:00,2017-10-12T17:05:00,116,116
http://irail.be/vehicle/IC414,http://irail.be/stations/NMBS/008844545,IC,2017-10-12T17:10:00,2017-10-12T17:09:00,224,224
http://irail.be/vehicle/IC414,http://irail.be/stations/NMBS/008844503,IC,2017-10-12T17:16:00,2017-10-12T17:16:00,,224
http://irail.be/vehicle/IC414,http://irail.be/stations/NMBS/008896008,IC,2017-10-13T14:16:00,2017-10-13T14:16:00,85,
http://irail.be/vehicle/IC414,http://irail.be/stations/NMBS/008896115,IC,2017-10-13T14:22:00,2017-10-13T14:21:00,112,112
http://irail.be/vehicle/IC414,http://irail.be/stations/NMBS/008896149,IC,2017-10-13T14:28:00,2017-10-13T14:27:00,140,137
http://irail.be/vehicle/IC414,http://irail.be/stations/NMBS/008892106,IC,2017-10-13T14:38:00,2017-10-13T14:37:00,148,42
http://irail.be/vehicle/IC414,NO-URI,IC,2017-10-13T14:40:00,2017-10-13T14:40:00,148,148
http://irail.be/vehicle/IC414,http://irail.be/stations/NMBS/008892080,IC,2017-10-13T14:45:00,2017-10-13T14:44:00,104,78
http://irail.be/vehicle/IC414,http://irail.be/stations/NMBS/008892007,IC,2017-10-13T14:54:00,2017-10-13T14:51:00,268,154
http://irail.be/vehicle/IC414,http://irail.be/stations/NMBS/008814001,IC,2017-10-13T15:27:00,2017-10-13T15:24:00,513,455
http://irail.be/vehicle/IC414,http://irail.be/stations/NMBS/008813037,IC,2017-10-13T15:29:00,2017-10-13T15:29:00,534,534
http://irail.be/vehicle/IC414,http://irail.be/stations/NMBS/008813003,IC,2017-10-13T15:31:00,2017-10-13T15:30:00,623,581
http://irail.be/vehicle/IC414,http://irail.be/stations/NMBS/008813045,IC,2017-10-13T15:33:00,2017-10-13T15:33:00,602,602
http://irail.be/vehicle/IC414,http://irail.be/stations/NMBS/008812005,IC,2017-10-13T15:38:00,2017-10-13T15:35:00,681,606
http://irail.be/vehicle/IC414,http://irail.be/stations/NMBS/008811007,IC,2017-10-13T15:41:00,2017-10-13T15:41:00,646,646
http://irail.be/vehicle/IC414,http://irail.be/stations/NMBS/008811130,IC,2017-10-13T15:42:00,2017-10-13T15:42:00,661,661
http://irail.be/vehicle/IC414,http://irail.be/stations/NMBS/008811213,IC,2017-10-13T15:43:00,2017-10-13T15:43:00,648,648
http://irail.be/vehicle/IC414,http://irail.be/stations/NMBS/008811221,IC,2017-10-13T15:44:00,2017-10-13T15:44:00,654,654
http://irail.be/vehicle/IC414,http://irail.be/stations/NMBS/008811247,IC,2017-10-13T15:45:00,2017-10-13T15:45:00,605,605
http://irail.be/vehicle/IC414,http://irail.be/stations/NMBS/008811254,IC,2017-10-13T15:46:00,2017-10-13T15:46:00,506,506
http://irail.be/vehicle/IC414,http://irail.be/stations/NMBS/008811262,IC,2017-10-13T15:48:00,2017-10-13T15:48:00,506,506
http://irail.be/vehicle/IC414,http://irail.be/stations/NMBS/008811270,IC,2017-10-13T15:49:00,2017-10-13T15:49:00,547,547
http://irail.be/vehicle/IC414,http://irail.be/stations/NMBS/008811288,IC,2017-10-13T15:50:00,2017-10-13T15:50:00,555,555
http://irail.be/vehicle/IC414,http://irail.be/stations/NMBS/008833001,IC,2017-10-13T15:57:00,2017-10-13T15:53:00,437,536
http://irail.be/vehicle/IC414,http://irail.be/stations/NMBS/008841202,IC,2017-10-13T16:24:00,2017-10-13T16:24:00,278,278
http://irail.be/vehicle/IC414,http://irail.be/stations/NMBS/008841004,IC,2017-10-13T16:34:00,2017-10-13T16:31:00,256,308
http://irail.be/vehicle/IC414,http://irail.be/stations/NMBS/008842002,IC,2017-10-13T16:41:00,2017-10-13T16:37:00,343,343
http://irail.be/vehicle/IC414,http://irail.be/stations/NMBS/008842036,IC,2017-10-13T16:43:00,2017-10-13T16:43:00,343,343
http://irail.be/vehicle/IC414,http://irail.be/stations/NMBS/008844271,IC,2017-10-13T16:47:00,2017-10-13T16:47:00,312,312
http://irail.be/vehicle/IC414,NO-URI,IC,2017-10-13T16:48:00,2017-10-13T16:48:00,424,424
http://irail.be/vehicle/IC414,http://irail.be/stations/NMBS/008844255,IC,2017-10-13T16:49:00,2017-10-13T16:49:00,501,501
http://irail.be/vehicle/IC414,http://irail.be/stations/NMBS/008844230,IC,2017-10-13T16:49:00,2017-10-13T16:49:00,840,840
http://irail.be/vehicle/IC414,http://irail.be/stations/NMBS/008844206,IC,2017-10-13T16:54:00,2017-10-13T16:53:00,840,840
http://irail.be/vehicle/IC414,http://irail.be/stations/NMBS/008844008,IC,2017-10-13T17:02:00,2017-10-13T17:00:00,683,768
http://irail.be/vehicle/IC414,http://irail.be/stations/NMBS/008844057,IC,2017-10-13T17:03:00,2017-10-13T17:03:00,683,683
http://irail.be/vehicle/IC414,NO-URI,IC,2017-10-13T17:05:00,2017-10-13T17:05:00,706,706
http://irail.be/vehicle/IC414,http://irail.be/stations/NMBS/008844545,IC,2017-10-13T17:10:00,2017-10-13T17:09:00,823,823
http://irail.be/vehicle/IC414,http://irail.be/stations/NMBS/008844503,IC,2017-10-13T17:16:00,2017-10-13T17:16:00,,823
http://irail.be/vehicle/IC414,http://irail.be/stations/NMBS/008896008,IC,2017-02-20T14:16:00,2017-02-20T14:16:00,1313,
http://irail.be/vehicle/IC414,http://irail.be/stations/NMBS/008896115,IC,2017-02-20T14:22:00,2017-02-20T14:21:00,1295,1295
http://irail.be/vehicle/IC414,http://irail.be/stations/NMBS/008896149,IC,2017-02-20T14:28:00,2017-02-20T14:27:00,1297,1295
http://irail.be/vehicle/IC414,http://irail.be/stations/NMBS/008892106,IC,2017-02-20T14:38:00,2017-02-20T14:37:00,1247,1200
http://irail.be/vehicle/IC414,NO-URI,IC,2017-02-20T14:40:00,2017-02-20T14:40:00,1247,1247
http://irail.be/vehicle/IC414,http://irail.be/stations/NMBS/008892080,IC,2017-02-20T14:45:00,2017-02-20T14:44:00,1222,1192
http://irail.be/vehicle/IC414,http://irail.be/stations/NMBS/008892007,IC,2017-02-20T14:54:00,2017-02-20T14:51:00,1223,1268
http://irail.be/vehicle/IC414,http://irail.be/stations/NMBS/008814001,IC,2017-02-20T15:27:00,2017-02-20T15:24:00,1655,1630
http://irail.be/vehicle/IC414,http://irail.be/stations/NMBS/008813037,IC,2017-02-20T15:29:00,2017-02-20T15:29:00,1740,1740
http://irail.be/vehicle/IC414,http://irail.be/stations/NMBS/008813003,IC,2017-02-20T15:31:00,2017-02-20T15:30:00,1925,1876
http://irail.be/vehicle/IC414,http://irail.be/stations/NMBS/008813045,IC,2017-02-20T15:33:00,2017-02-20T15:33:00,1912,1912
http://irail.be/vehicle/IC414,http://irail.be/stations/NMBS/008812005,IC,2017-02-20T15:38:00,2017-02-20T15:35:00,1964,1945
http://irail.be/vehicle/IC414,http://irail.be/stations/NMBS/008811007,IC,2017-02-20T15:41:00,2017-02-20T15:41:00,1961,1961
http://irail.be/vehicle/IC414,http://irail.be/stations/NMBS/008811130,IC,2017-02-20T15:42:00,2017-02-20T15:42:00,1961,1961
http://irail.be/vehicle/IC414,http://irail.be/stations/NMBS/008811213,IC,2017-02-20T15:43:00,2017-02-20T15:43:00,1969,1969
http://irail.be/vehicle/IC414,http://irail.be/stations/NMBS/008811221,IC,2017-02-20T15:44:00,2017-02-20T15:44:00,1980,1980
http://irail.be/vehicle/IC414,http://irail.be/stations/NMBS/008811247,IC,2017-02-20T15:45:00,2017-02-20T15:45:00,1942,1942
http://irail.be/vehicle/IC414,http://irail.be/stations/NMBS/008811254,IC,2017-02-20T15:46:00,2017-02-20T15:46:00,1852,1852
http://irail.be/vehicle/IC414,http://irail.be/stations/NMBS/008811262,IC,2017-02-20T15:48:00,2017-02-20T15:48:00,1852,1852
http://irail.be/vehicle/IC414,http://irail.be/stations/NMBS/008811270,IC,2017-02-20T15:49:00,2017-02-20T15:49:00,1935,1935
http://irail.be/vehicle/IC414,http://irail.be/stations/NMBS/008811288,IC,2017-02-20T15:50:00,2017-02-20T15:50:00,1947,1947
http://irail.be/vehicle/IC414,http://irail.be/stations/NMBS/008833001,IC,2017-02-20T15:57:00,2017-02-20T15:53:00,1916,2005
http://irail.be/vehicle/IC414,http://irail.be/stations/NMBS/008841202,IC,2017-02-20T16:24:00,2017-02-20T16:24:00,1884,1884
http://irail.be/vehicle/IC414,http://irail.be/stations/NMBS/008841004,IC,2017-02-20T16:34:00,2017-02-20T16:31:00,1957,1891
http://irail.be/vehicle/IC414,http://irail.be/stations/NMBS/008842002,IC,2017-02-20T16:41:00,2017-02-20T16:37:00,1866,1866
http://irail.be/vehicle/IC414,http://irail.be/stations/NMBS/008842036,IC,2017-02-20T16:43:00,2017-02-20T16:43:00,1866,1866
http://irail.be/vehicle/IC414,http://irail.be/stations/NMBS/008844271,IC,2017-02-20T16:47:00,2017-02-20T16:47:00,1861,1861
http://irail.be/vehicle/IC414,NO-URI,IC,2017-02-20T16:48:00,2017-02-20T16:48:00,1866,1866
http://irail.be/vehicle/IC414,http://irail.be/stations/NMBS/008844255,IC,2017-02-20T16:49:00,2017-02-20T16:49:00,1863,1863
http://irail.be/vehicle/IC414,http://irail.be/stations/NMBS/008844230,IC,2017-02-20T16:49:00,2017-02-20T16:49:00,1959,1959
http://irail.be/vehicle/IC414,http://irail.be/stations/NMBS/008844206,IC,2017-02-20T16:54:00,2017-02-20T16:53:00,1959,1959
http://irail.be/vehicle/IC414,http://irail.be/stations/NMBS/008844008,IC,2017-02-20T17:02:00,2017-02-20T17:00:00,1864,1902
http://irail.be/vehicle/IC414,http://irail.be/stations/NMBS/008844057,IC,2017-02-20T17:03:00,2017-02-20T17:03:00,1864,1864
http://irail.be/vehicle/IC414,NO-URI,IC,2017-02-20T17:05:00,2017-02-20T17:05:00,1894,1894
http://irail.be/vehicle/IC414,http://irail.be/stations/NMBS/008844545,IC,2017-02-20T17:10:00,2017-02-20T17:09:00,2009,2009
http://irail.be/vehicle/IC414,http://irail.be/stations/NMBS/008844503,IC,2017-02-20T17:16:00,2017-02-20T17:16:00,,2009
http://irail.be/vehicle/IC414,http://irail.be/stations/NMBS/008896008,IC,2017-09-08T14:16:00,2017-09-08T14:16:00,53,
http://irail.be/vehicle/IC414,http://irail.be/stations/NMBS/008896115,IC,2017-09-08T14:22:00,2017-09-08T14:21:00,171,171
http://irail.be/vehicle/IC414,http://irail.be/stations/NMBS/008896149,IC,2017-09-08T14:28:00,2017-09-08T14:27:00,333,288
http://irail.be/vehicle/IC414,http://irail.be/stations/NMBS/008892106,IC,2017-09-08T14:38:00,2017-09-08T14:37:00,345,271
http://irail.be/vehicle/IC414,NO-URI,IC,2017-09-08T14:40:00,2017-09-08T14:40:00,345,345
http://irail.be/vehicle/IC414,http://irail.be/stations/NMBS/008892080,IC,2017-09-08T14:45:00,2017-09-08T14:44:00,309,300
http://irail.be/vehicle/IC414,http://irail.be/stations/NMBS/008892007,IC,2017-09-08T14:54:00,2017-09-08T14:51:00,332,372
http://irail.be/vehicle/IC414,http://irail.be/stations/NMBS/008814001,IC,2017-09-08T15:27:00,2017-09-08T15:24:00,532,493
http://irail.be/vehicle/IC414,http://irail.be/stations/NMBS/008813037,IC,2017-09-08T15:29:00,2017-09-08T15:29:00,545,545
http://irail.be/vehicle/IC414,http://irail.be/stations/NMBS/008813003,IC,2017-09-08T15:31:00,2017-09-08T15:30:00,690,601
http://irail.be/vehicle/IC414,http://irail.be/stations/NMBS/008813045,IC,2017-09-08T15:33:00,2017-09-08T15:33:00,683,683
http://irail.be/vehicle/IC414,http://irail.be/stations/NMBS/008812005,IC,2017-09-08T15:38:00,2017-09-08T15:35:00,632,675
http://irail.be/vehicle/IC414,http://irail.be/stations/NMBS/008811007,IC,2017-09-08T15:41:00,2017-09-08T15:41:00,618,618
http://irail.be/vehicle/IC414,http://irail.be/stations/NMBS/008819406,IC,2017-09-08T15:47:09,2017-09-08T15:47:09,657,657
http://irail.be/vehicle/IC414,http://irail.be/stations/NMBS/008811247,IC,2017-09-08T15:45:00,2017-09-08T15:50:07,959,959
http://irail.be/vehicle/IC414,http://irail.be/stations/NMBS/008811254,IC,2017-09-08T15:46:00,2017-09-08T15:46:00,882,882
http://irail.be/vehicle/IC414,http://irail.be/stations/NMBS/008811262,IC,2017-09-08T15:48:00,2017-09-08T15:48:00,882,882
http://irail.be/vehicle/IC414,http://irail.be/stations/NMBS/008811270,IC,2017-09-08T15:49:00,2017-09-08T15:49:00,966,966
http://irail.be/vehicle/IC414,http://irail.be/stations/NMBS/008811288,IC,2017-09-08T15:50:00,2017-09-08T15:50:00,987,987
http://irail.be/vehicle/IC414,http://irail.be/stations/NMBS/008833001,IC,2017-09-08T15:57:00,2017-09-08T15:53:00,1226,1232
http://irail.be/vehicle/IC414,http://irail.be/stations/NMBS/008841202,IC,2017-09-08T16:24:00,2017-09-08T16:24:00,1074,1074
http://irail.be/vehicle/IC414,http://irail.be/stations/NMBS/008841004,IC,2017-09-08T16:34:00,2017-09-08T16:31:00,1143,1155
http://irail.be/vehicle/IC414,http://irail.be/stations/NMBS/008842002,IC,2017-09-08T16:41:00,2017-09-08T16:37:00,1011,1011
http://irail.be/vehicle/IC414,http://irail.be/stations/NMBS/008842036,IC,2017-09-08T16:43:00,2017-09-08T16:43:00,1011,1011
http://irail.be/vehicle/IC414,http://irail.be/stations/NMBS/008844271,IC,2017-09-08T16:47:00,2017-09-08T16:47:00,1012,1012
http://irail.be/vehicle/IC414,NO-URI,IC,2017-09-08T16:48:00,2017-09-08T16:48:00,1024,1024
http://irail.be/vehicle/IC414,http://irail.be/stations/NMBS/008844255,IC,2017-09-08T16:49:00,2017-09-08T16:49:00,1023,1023
http://irail.be/vehicle/IC414,http://irail.be/stations/NMBS/008844230,IC,2017-09-08T16:49:00,2017-09-08T16:49:00,1070,1070
http://irail.be/vehicle/IC414,http://irail.be/stations/NMBS/008844206,IC,2017-09-08T16:54:00,2017-09-08T16:53:00,1070,1070
http://irail.be/vehicle/IC414,http://irail.be/stations/NMBS/008844008,IC,2017-09-08T17:02:00,2017-09-08T17:00:00,940,1012
http://irail.be/vehicle/IC414,http://irail.be/stations/NMBS/008844057,IC,2017-09-08T17:03:00,2017-09-08T17:03:00,940,940
http://irail.be/vehicle/IC414,NO-URI,IC,2017-09-08T17:05:00,2017-09-08T17:05:00,977,977
http://irail.be/vehicle/IC414,http://irail.be/stations/NMBS/008844545,IC,2017-09-08T17:10:00,2017-09-08T17:09:00,1133,1133
http://irail.be/vehicle/IC414,http://irail.be/stations/NMBS/008844503,IC,2017-09-08T17:16:00,2017-09-08T17:16:00,,1133
http://irail.be/vehicle/IC414,http://irail.be/stations/NMBS/008896008,IC,2017-10-05T14:16:00,2017-10-05T14:16:00,693,
http://irail.be/vehicle/IC414,http://irail.be/stations/NMBS/008896115,IC,2017-10-05T14:22:00,2017-10-05T14:21:00,709,709
http://irail.be/vehicle/IC414,http://irail.be/stations/NMBS/008896149,IC,2017-10-05T14:28:00,2017-10-05T14:27:00,760,736
http://irail.be/vehicle/IC414,http://irail.be/stations/NMBS/008892106,IC,2017-10-05T14:38:00,2017-10-05T14:37:00,728,671
http://irail.be/vehicle/IC414,NO-URI,IC,2017-10-05T14:40:00,2017-10-05T14:40:00,728,728
http://irail.be/vehicle/IC414,http://irail.be/stations/NMBS/008892080,IC,2017-10-05T14:45:00,2017-10-05T14:44:00,793,651
http://irail.be/vehicle/IC414,http://irail.be/stations/NMBS/008892007,IC,2017-10-05T14:54:00,2017-10-05T14:51:00,798,846
http://irail.be/vehicle/IC414,http://irail.be/stations/NMBS/008814001,IC,2017-10-05T15:27:00,2017-10-05T15:24:00,1044,1027
http://irail.be/vehicle/IC414,http://irail.be/stations/NMBS/008813037,IC,2017-10-05T15:29:00,2017-10-05T15:29:00,1042,1042
http://irail.be/vehicle/IC414,http://irail.be/stations/NMBS/008813003,IC,2017-10-05T15:31:00,2017-10-05T15:30:00,1086,1064
http://irail.be/vehicle/IC414,http://irail.be/stations/NMBS/008813045,IC,2017-10-05T15:33:00,2017-10-05T15:33:00,1066,1066
http://irail.be/vehicle/IC414,http://irail.be/stations/NMBS/008812005,IC,2017-10-05T15:38:00,2017-10-05T15:35:00,1007,1050
http://irail.be/vehicle/IC414,http://irail.be/stations/NMBS/008811007,IC,2017-10-05T15:41:00,2017-10-05T15:41:00,989,989
http://irail.be/vehicle/IC414,http://irail.be/stations/NMBS/008811130,IC,2017-10-05T15:42:00,2017-10-05T15:42:00,1034,1034
http://irail.be/vehicle/IC414,http://irail.be/stations/NMBS/008811213,IC,2017-10-05T15:43:00,2017-10-05T15:43:00,1045,1045
http://irail.be/vehicle/IC414,http://irail.be/stations/NMBS/008811221,IC,2017-10-05T15:44:00,2017-10-05T15:44:00,1062,1062
http://irail.be/vehicle/IC414,http://irail.be/stations/NMBS/008811247,IC,2017-10-05T15:45:00,2017-10-05T15:45:00,1023,1023
http://irail.be/vehicle/IC414,http://irail.be/stations/NMBS/008811254,IC,2017-10-05T15:46:00,2017-10-05T15:46:00,933,933
http://irail.be/vehicle/IC414,http://irail.be/stations/NMBS/008811262,IC,2017-10-05T15:48:00,2017-10-05T15:48:00,933,933
http://irail.be/vehicle/IC414,http://irail.be/stations/NMBS/008811270,IC,2017-10-05T15:49:00,2017-10-05T15:49:00,1013,1013
http://irail.be/vehicle/IC414,http://irail.be/stations/NMBS/008811288,IC,2017-10-05T15:50:00,2017-10-05T15:50:00,1037,1037
http://irail.be/vehicle/IC414,http://irail.be/stations/NMBS/008833001,IC,2017-10-05T15:57:00,2017-10-05T15:53:00,943,1057
http://irail.be/vehicle/IC414,http://irail.be/stations/NMBS/008841202,IC,2017-10-05T16:24:00,2017-10-05T16:24:00,805,805
http://irail.be/vehicle/IC414,http://irail.be/stations/NMBS/008841004,IC,2017-10-05T16:34:00,2017-10-05T16:31:00,739,742
http://irail.be/vehicle/IC414,http://irail.be/stations/NMBS/008842002,IC,2017-10-05T16:41:00,2017-10-05T16:37:00,570,570
http://irail.be/vehicle/IC414,http://irail.be/stations/NMBS/008842036,IC,2017-10-05T16:43:00,2017-10-05T16:43:00,570,570
http://irail.be/vehicle/IC414,http://irail.be/stations/NMBS/008844271,IC,2017-10-05T16:47:00,2017-10-05T16:47:00,541,541
http://irail.be/vehicle/IC414,NO-URI,IC,2017-10-05T16:48:00,2017-10-05T16:48:00,520,520
http://irail.be/vehicle/IC414,http://irail.be/stations/NMBS/008844255,IC,2017-10-05T16:49:00,2017-10-05T16:49:00,514,514
http://irail.be/vehicle/IC414,http://irail.be/stations/NMBS/008844230,IC,2017-10-05T16:49:00,2017-10-05T16:49:00,543,543
http://irail.be/vehicle/IC414,http://irail.be/stations/NMBS/008844206,IC,2017-10-05T16:54:00,2017-10-05T16:53:00,543,543
http://irail.be/vehicle/IC414,http://irail.be/stations/NMBS/008844008,IC,2017-10-05T17:02:00,2017-10-05T17:00:00,379,460
http://irail.be/vehicle/IC414,http://irail.be/stations/NMBS/008844057,IC,2017-10-05T17:03:00,2017-10-05T17:03:00,379,379
http://irail.be/vehicle/IC414,NO-URI,IC,2017-10-05T17:05:00,2017-10-05T17:05:00,400,400
http://irail.be/vehicle/IC414,http://irail.be/stations/NMBS/008844545,IC,2017-10-05T17:10:00,2017-10-05T17:09:00,383,383
http://irail.be/vehicle/IC414,http://irail.be/stations/NMBS/008844503,IC,2017-10-05T17:16:00,2017-10-05T17:16:00,,383
http://irail.be/vehicle/IC414,http://irail.be/stations/NMBS/008896008,IC,2017-12-21T14:16:00,2017-12-21T14:16:00,59,
http://irail.be/vehicle/IC414,http://irail.be/stations/NMBS/008896115,IC,2017-12-21T14:22:00,2017-12-21T14:21:00,80,80
http://irail.be/vehicle/IC414,http://irail.be/stations/NMBS/008896149,IC,2017-12-21T14:28:00,2017-12-21T14:27:00,107,91
http://irail.be/vehicle/IC414,http://irail.be/stations/NMBS/008892106,IC,2017-12-21T14:38:00,2017-12-21T14:37:00,42,3
http://irail.be/vehicle/IC414,NO-URI,IC,2017-12-21T14:40:00,2017-12-21T14:40:00,42,42
http://irail.be/vehicle/IC414,http://irail.be/stations/NMBS/008892080,IC,2017-12-21T14:44:00,2017-12-21T14:43:00,12,-4
http://irail.be/vehicle/IC414,http://irail.be/stations/NMBS/008892007,IC,2017-12-21T14:54:00,2017-12-21T14:52:00,123,51
http://irail.be/vehicle/IC414,http://irail.be/stations/NMBS/008814001,IC,2017-12-21T15:27:00,2017-12-21T15:24:00,107,121
http://irail.be/vehicle/IC414,http://irail.be/stations/NMBS/008813037,IC,2017-12-21T15:29:00,2017-12-21T15:29:00,145,145
http://irail.be/vehicle/IC414,http://irail.be/stations/NMBS/008813003,IC,2017-12-21T15:31:00,2017-12-21T15:30:00,180,152
http://irail.be/vehicle/IC414,http://irail.be/stations/NMBS/008813045,IC,2017-12-21T15:33:00,2017-12-21T15:33:00,173,173
http://irail.be/vehicle/IC414,http://irail.be/stations/NMBS/008812005,IC,2017-12-21T15:37:00,2017-12-21T15:35:00,189,169
http://irail.be/vehicle/IC414,http://irail.be/stations/NMBS/008811007,IC,2017-12-21T15:40:00,2017-12-21T15:40:00,169,169
http://irail.be/vehicle/IC414,http://irail.be/stations/NMBS/008811130,IC,2017-12-21T15:41:00,2017-12-21T15:41:00,215,215
http://irail.be/vehicle/IC414,http://irail.be/stations/NMBS/008811213,IC,2017-12-21T15:42:00,2017-12-21T15:42:00,206,206
http://irail.be/vehicle/IC414,http://irail.be/stations/NMBS/008811221,IC,2017-12-21T15:43:00,2017-12-21T15:43:00,176,176
http://irail.be/vehicle/IC414,http://irail.be/stations/NMBS/008811247,IC,2017-12-21T15:44:00,2017-12-21T15:44:00,175,175
http://irail.be/vehicle/IC414,http://irail.be/stations/NMBS/008811254,IC,2017-12-21T15:45:00,2017-12-21T15:45:00,85,85
http://irail.be/vehicle/IC414,http://irail.be/stations/NMBS/008811262,IC,2017-12-21T15:47:00,2017-12-21T15:47:00,85,85
http://irail.be/vehicle/IC414,http://irail.be/stations/NMBS/008811270,IC,2017-12-21T15:48:00,2017-12-21T15:48:00,163,163
http://irail.be/vehicle/IC414,http://irail.be/stations/NMBS/008811288,IC,2017-12-21T15:49:00,2017-12-21T15:49:00,175,175
http://irail.be/vehicle/IC414,http://irail.be/stations/NMBS/008833001,IC,2017-12-21T15:56:00,2017-12-21T15:52:00,126,176
http://irail.be/vehicle/IC414,http://irail.be/stations/NMBS/008841202,IC,2017-12-21T16:22:00,2017-12-21T16:22:00,59,59
http://irail.be/vehicle/IC414,http://irail.be/stations/NMBS/008841004,IC,2017-12-21T16:36:00,2017-12-21T16:29:00,15,214
http://irail.be/vehicle/IC414,http://irail.be/stations/NMBS/008842002,IC,2017-12-21T16:41:00,2017-12-21T16:39:00,161,161
http://irail.be/vehicle/IC414,http://irail.be/stations/NMBS/008842036,IC,2017-12-21T16:43:00,2017-12-21T16:43:00,161,161
http://irail.be/vehicle/IC414,http://irail.be/stations/NMBS/008844271,IC,2017-12-21T16:47:00,2017-12-21T16:47:00,143,143
http://irail.be/vehicle/IC414,NO-URI,IC,2017-12-21T16:48:00,2017-12-21T16:48:00,196,196
http://irail.be/vehicle/IC414,http://irail.be/stations/NMBS/008844255,IC,2017-12-21T16:49:00,2017-12-21T16:49:00,228,228
http://irail.be/vehicle/IC414,http://irail.be/stations/NMBS/008844230,IC,2017-12-21T16:49:00,2017-12-21T16:49:00,357,357
http://irail.be/vehicle/IC414,http://irail.be/stations/NMBS/008844206,IC,2017-12-21T16:54:00,2017-12-21T16:53:00,357,357
http://irail.be/vehicle/IC414,http://irail.be/stations/NMBS/008844008,IC,2017-12-21T17:02:00,2017-12-21T17:00:00,216,297
http://irail.be/vehicle/IC414,http://irail.be/stations/NMBS/008844057,IC,2017-12-21T17:03:00,2017-12-21T17:03:00,216,216
http://irail.be/vehicle/IC414,http://irail.be/stations/NMBS/008844545,IC,2017-12-21T17:09:00,2017-12-21T17:08:00,463,463
http://irail.be/vehicle/IC414,http://irail.be/stations/NMBS/008844503,IC,2017-12-21T17:14:00,2017-12-21T17:14:00,,463
http://irail.be/vehicle/IC414,http://irail.be/stations/NMBS/008896008,IC,2017-03-31T14:16:00,2017-03-31T14:16:00,44,
http://irail.be/vehicle/IC414,http://irail.be/stations/NMBS/008896115,IC,2017-03-31T14:22:00,2017-03-31T14:21:00,147,147
http://irail.be/vehicle/IC414,http://irail.be/stations/NMBS/008896149,IC,2017-03-31T14:28:00,2017-03-31T14:27:00,171,147
http://irail.be/vehicle/IC414,http://irail.be/stations/NMBS/008892106,IC,2017-03-31T14:38:00,2017-03-31T14:37:00,130,88
http://irail.be/vehicle/IC414,NO-URI,IC,2017-03-31T14:40:00,2017-03-31T14:40:00,130,130
http://irail.be/vehicle/IC414,http://irail.be/stations/NMBS/008892080,IC,2017-03-31T14:45:00,2017-03-31T14:44:00,129,108
http://irail.be/vehicle/IC414,http://irail.be/stations/NMBS/008892007,IC,2017-03-31T14:54:00,2017-03-31T14:51:00,165,203
http://irail.be/vehicle/IC414,http://irail.be/stations/NMBS/008814001,IC,2017-03-31T15:27:00,2017-03-31T15:24:00,197,252
http://irail.be/vehicle/IC414,http://irail.be/stations/NMBS/008813037,IC,2017-03-31T15:29:00,2017-03-31T15:29:00,203,203
http://irail.be/vehicle/IC414,http://irail.be/stations/NMBS/008813003,IC,2017-03-31T15:31:00,2017-03-31T15:30:00,254,210
http://irail.be/vehicle/IC414,http://irail.be/stations/NMBS/008813045,IC,2017-03-31T15:33:00,2017-03-31T15:33:00,247,247
http://irail.be/vehicle/IC414,http://irail.be/stations/NMBS/008812005,IC,2017-03-31T15:38:00,2017-03-31T15:35:00,210,236
http://irail.be/vehicle/IC414,http://irail.be/stations/NMBS/008811007,IC,2017-03-31T15:41:00,2017-03-31T15:41:00,203,203
http://irail.be/vehicle/IC414,http://irail.be/stations/NMBS/008811130,IC,2017-03-31T15:42:00,2017-03-31T15:42:00,230,230
http://irail.be/vehicle/IC414,http://irail.be/stations/NMBS/008811213,IC,2017-03-31T15:43:00,2017-03-31T15:43:00,215,215
http://irail.be/vehicle/IC414,http://irail.be/stations/NMBS/008811221,IC,2017-03-31T15:44:00,2017-03-31T15:44:00,228,228
http://irail.be/vehicle/IC414,http://irail.be/stations/NMBS/008811247,IC,2017-03-31T15:45:00,2017-03-31T15:45:00,189,189
http://irail.be/vehicle/IC414,http://irail.be/stations/NMBS/008811254,IC,2017-03-31T15:46:00,2017-03-31T15:46:00,101,101
http://irail.be/vehicle/IC414,http://irail.be/stations/NMBS/008811262,IC,2017-03-31T15:48:00,2017-03-31T15:48:00,101,101
http://irail.be/vehicle/IC414,http://irail.be/stations/NMBS/008811270,IC,2017-03-31T15:49:00,2017-03-31T15:49:00,182,182
http://irail.be/vehicle/IC414,http://irail.be/stations/NMBS/008811288,IC,2017-03-31T15:50:00,2017-03-31T15:50:00,197,197
http://irail.be/vehicle/IC414,http://irail.be/stations/NMBS/008833001,IC,2017-03-31T15:57:00,2017-03-31T15:53:00,171,225
http://irail.be/vehicle/IC414,http://irail.be/stations/NMBS/008841202,IC,2017-03-31T16:24:00,2017-03-31T16:24:00,35,35
http://irail.be/vehicle/IC414,http://irail.be/stations/NMBS/008841004,IC,2017-03-31T16:34:00,2017-03-31T16:31:00,-1,31
http://irail.be/vehicle/IC414,http://irail.be/stations/NMBS/008842002,IC,2017-03-31T16:41:00,2017-03-31T16:37:00,-16,-16
http://irail.be/vehicle/IC414,http://irail.be/stations/NMBS/008842036,IC,2017-03-31T16:43:00,2017-03-31T16:43:00,-16,-16
http://irail.be/vehicle/IC414,http://irail.be/stations/NMBS/008844271,IC,2017-03-31T16:47:00,2017-03-31T16:47:00,-28,-28
http://irail.be/vehicle/IC414,NO-URI,IC,2017-03-31T16:48:00,2017-03-31T16:48:00,-33,-33
http://irail.be/vehicle/IC414,http://irail.be/stations/NMBS/008844255,IC,2017-03-31T16:49:00,2017-03-31T16:49:00,-30,-30
http://irail.be/vehicle/IC414,http://irail.be/stations/NMBS/008844230,IC,2017-03-31T16:49:00,2017-03-31T16:49:00,287,287
http://irail.be/vehicle/IC414,http://irail.be/stations/NMBS/008844206,IC,2017-03-31T16:54:00,2017-03-31T16:53:00,287,287
http://irail.be/vehicle/IC414,http://irail.be/stations/NMBS/008844008,IC,2017-03-31T17:02:00,2017-03-31T17:00:00,216,234
http://irail.be/vehicle/IC414,http://irail.be/stations/NMBS/008844057,IC,2017-03-31T17:03:00,2017-03-31T17:03:00,216,216
http://irail.be/vehicle/IC414,NO-URI,IC,2017-03-31T17:05:00,2017-03-31T17:05:00,226,226
http://irail.be/vehicle/IC414,http://irail.be/stations/NMBS/008844545,IC,2017-03-31T17:10:00,2017-03-31T17:09:00,355,355
http://irail.be/vehicle/IC414,http://irail.be/stations/NMBS/008844503,IC,2017-03-31T17:16:00,2017-03-31T17:16:00,,355
http://irail.be/vehicle/IC414,http://irail.be/stations/NMBS/008896008,IC,2017-08-04T14:16:00,2017-08-04T14:16:00,120,
http://irail.be/vehicle/IC414,http://irail.be/stations/NMBS/008896115,IC,2017-08-04T14:22:00,2017-08-04T14:21:00,129,129
http://irail.be/vehicle/IC414,http://irail.be/stations/NMBS/008896149,IC,2017-08-04T14:28:00,2017-08-04T14:27:00,158,155
http://irail.be/vehicle/IC414,http://irail.be/stations/NMBS/008892106,IC,2017-08-04T14:38:00,2017-08-04T14:37:00,137,50
http://irail.be/vehicle/IC414,NO-URI,IC,2017-08-04T14:40:00,2017-08-04T14:40:00,137,137
http://irail.be/vehicle/IC414,http://irail.be/stations/NMBS/008892080,IC,2017-08-04T14:45:00,2017-08-04T14:44:00,63,45
http://irail.be/vehicle/IC414,http://irail.be/stations/NMBS/008892007,IC,2017-08-04T14:54:00,2017-08-04T14:51:00,162,107
http://irail.be/vehicle/IC414,http://irail.be/stations/NMBS/008814001,IC,2017-08-04T15:27:00,2017-08-04T15:24:00,674,212
http://irail.be/vehicle/IC414,http://irail.be/stations/NMBS/008813037,IC,2017-08-04T15:29:00,2017-08-04T15:29:00,684,684
http://irail.be/vehicle/IC414,http://irail.be/stations/NMBS/008813003,IC,2017-08-04T15:31:00,2017-08-04T15:30:00,747,707
http://irail.be/vehicle/IC414,http://irail.be/stations/NMBS/008813045,IC,2017-08-04T15:33:00,2017-08-04T15:33:00,724,724
http://irail.be/vehicle/IC414,http://irail.be/stations/NMBS/008812005,IC,2017-08-04T15:38:00,2017-08-04T15:35:00,667,718
http://irail.be/vehicle/IC414,http://irail.be/stations/NMBS/008811007,IC,2017-08-04T15:41:00,2017-08-04T15:41:00,644,644
http://irail.be/vehicle/IC414,http://irail.be/stations/NMBS/008811130,IC,2017-08-04T15:42:00,2017-08-04T15:42:00,662,662
http://irail.be/vehicle/IC414,http://irail.be/stations/NMBS/008811213,IC,2017-08-04T15:43:00,2017-08-04T15:43:00,648,648
http://irail.be/vehicle/IC414,http://irail.be/stations/NMBS/008811221,IC,2017-08-04T15:44:00,2017-08-04T15:44:00,656,656
http://irail.be/vehicle/IC414,http://irail.be/stations/NMBS/008811247,IC,2017-08-04T15:45:00,2017-08-04T15:45:00,617,617
http://irail.be/vehicle/IC414,http://irail.be/stations/NMBS/008811254,IC,2017-08-04T15:46:00,2017-08-04T15:46:00,527,527
http://irail.be/vehicle/IC414,http://irail.be/stations/NMBS/008811262,IC,2017-08-04T15:48:00,2017-08-04T15:48:00,527,527
http://irail.be/vehicle/IC414,http://irail.be/stations/NMBS/008811270,IC,2017-08-04T15:49:00,2017-08-04T15:49:00,601,601
http://irail.be/vehicle/IC414,http://irail.be/stations/NMBS/008811288,IC,2017-08-04T15:50:00,2017-08-04T15:50:00,612,612
http://irail.be/vehicle/IC414,http://irail.be/stations/NMBS/008833001,IC,2017-08-04T15:57:00,2017-08-04T15:53:00,445,593
http://irail.be/vehicle/IC414,http://irail.be/stations/NMBS/008841202,IC,2017-08-04T16:24:00,2017-08-04T16:24:00,278,278
http://irail.be/vehicle/IC414,http://irail.be/stations/NMBS/008841004,IC,2017-08-04T16:34:00,2017-08-04T16:31:00,192,218
http://irail.be/vehicle/IC414,http://irail.be/stations/NMBS/008842002,IC,2017-08-04T16:41:00,2017-08-04T16:37:00,107,107
http://irail.be/vehicle/IC414,http://irail.be/stations/NMBS/008842036,IC,2017-08-04T16:43:00,2017-08-04T16:43:00,107,107
http://irail.be/vehicle/IC414,http://irail.be/stations/NMBS/008844271,IC,2017-08-04T16:47:00,2017-08-04T16:47:00,78,78
http://irail.be/vehicle/IC414,NO-URI,IC,2017-08-04T16:48:00,2017-08-04T16:48:00,100,100
http://irail.be/vehicle/IC414,http://irail.be/stations/NMBS/008844255,IC,2017-08-04T16:49:00,2017-08-04T16:49:00,98,98
http://irail.be/vehicle/IC414,http://irail.be/stations/NMBS/008844230,IC,2017-08-04T16:49:00,2017-08-04T16:49:00,153,153
http://irail.be/vehicle/IC414,http://irail.be/stations/NMBS/008844206,IC,2017-08-04T16:54:00,2017-08-04T16:53:00,153,153
http://irail.be/vehicle/IC414,http://irail.be/stations/NMBS/008844008,IC,2017-08-04T17:02:00,2017-08-04T17:00:00,14,76
http://irail.be/vehicle/IC414,http://irail.be/stations/NMBS/008844057,IC,2017-08-04T17:03:00,2017-08-04T17:03:00,14,14
http://irail.be/vehicle/IC414,NO-URI,IC,2017-08-04T17:05:00,2017-08-04T17:05:00,15,15
http://irail.be/vehicle/IC414,http://irail.be/stations/NMBS/008844545,IC,2017-08-04T17:10:00,2017-08-04T17:09:00,27,27
http://irail.be/vehicle/IC414,http://irail.be/stations/NMBS/008844503,IC,2017-08-04T17:16:00,2017-08-04T17:16:00,,27
http://irail.be/vehicle/IC414,http://irail.be/stations/NMBS/008896008,IC,2017-05-04T14:16:00,2017-05-04T14:16:00,90,
http://irail.be/vehicle/IC414,http://irail.be/stations/NMBS/008896115,IC,2017-05-04T14:22:00,2017-05-04T14:21:00,194,194
http://irail.be/vehicle/IC414,http://irail.be/stations/NMBS/008896149,IC,2017-05-04T14:28:00,2017-05-04T14:27:00,238,220
http://irail.be/vehicle/IC414,http://irail.be/stations/NMBS/008892106,IC,2017-05-04T14:38:00,2017-05-04T14:37:00,226,145
http://irail.be/vehicle/IC414,NO-URI,IC,2017-05-04T14:40:00,2017-05-04T14:40:00,226,226
http://irail.be/vehicle/IC414,http://irail.be/stations/NMBS/008892080,IC,2017-05-04T14:45:00,2017-05-04T14:44:00,152,141
http://irail.be/vehicle/IC414,http://irail.be/stations/NMBS/008892007,IC,2017-05-04T14:54:00,2017-05-04T14:51:00,174,186
http://irail.be/vehicle/IC414,http://irail.be/stations/NMBS/008814001,IC,2017-05-04T15:27:00,2017-05-04T15:24:00,155,147
http://irail.be/vehicle/IC414,http://irail.be/stations/NMBS/008813037,IC,2017-05-04T15:29:00,2017-05-04T15:29:00,197,197
http://irail.be/vehicle/IC414,http://irail.be/stations/NMBS/008813003,IC,2017-05-04T15:31:00,2017-05-04T15:30:00,303,201
http://irail.be/vehicle/IC414,http://irail.be/stations/NMBS/008813045,IC,2017-05-04T15:33:00,2017-05-04T15:33:00,281,281
http://irail.be/vehicle/IC414,http://irail.be/stations/NMBS/008812005,IC,2017-05-04T15:38:00,2017-05-04T15:35:00,234,274
http://irail.be/vehicle/IC414,http://irail.be/stations/NMBS/008811007,IC,2017-05-04T15:41:00,2017-05-04T15:41:00,211,211
http://irail.be/vehicle/IC414,http://irail.be/stations/NMBS/008811130,IC,2017-05-04T15:42:00,2017-05-04T15:42:00,233,233
http://irail.be/vehicle/IC414,http://irail.be/stations/NMBS/008811213,IC,2017-05-04T15:43:00,2017-05-04T15:43:00,220,220
http://irail.be/vehicle/IC414,http://irail.be/stations/NMBS/008811221,IC,2017-05-04T15:44:00,2017-05-04T15:44:00,229,229
http://irail.be/vehicle/IC414,http://irail.be/stations/NMBS/008811247,IC,2017-05-04T15:45:00,2017-05-04T15:45:00,189,189
http://irail.be/vehicle/IC414,http://irail.be/stations/NMBS/008811254,IC,2017-05-04T15:46:00,2017-05-04T15:46:00,98,98
http://irail.be/vehicle/IC414,http://irail.be/stations/NMBS/008811262,IC,2017-05-04T15:48:00,2017-05-04T15:48:00,98,98
http://irail.be/vehicle/IC414,http://irail.be/stations/NMBS/008811270,IC,2017-05-04T15:49:00,2017-05-04T15:49:00,175,175
http://irail.be/vehicle/IC414,http://irail.be/stations/NMBS/008811288,IC,2017-05-04T15:50:00,2017-05-04T15:50:00,185,185
http://irail.be/vehicle/IC414,http://irail.be/stations/NMBS/008833001,IC,2017-05-04T15:57:00,2017-05-04T15:53:00,93,188
http://irail.be/vehicle/IC414,http://irail.be/stations/NMBS/008841202,IC,2017-05-04T16:24:00,2017-05-04T16:24:00,46,46
http://irail.be/vehicle/IC414,http://irail.be/stations/NMBS/008841004,IC,2017-05-04T16:34:00,2017-05-04T16:31:00,143,72
http://irail.be/vehicle/IC414,http://irail.be/stations/NMBS/008842002,IC,2017-05-04T16:41:00,2017-05-04T16:37:00,59,59
http://irail.be/vehicle/IC414,http://irail.be/stations/NMBS/008842036,IC,2017-05-04T16:43:00,2017-05-04T16:43:00,59,59
http://irail.be/vehicle/IC414,http://irail.be/stations/NMBS/008844271,IC,2017-05-04T16:47:00,2017-05-04T16:47:00,32,32
http://irail.be/vehicle/IC414,NO-URI,IC,2017-05-04T16:48:00,2017-05-04T16:48:00,77,77
http://irail.be/vehicle/IC414,http://irail.be/stations/NMBS/008844255,IC,2017-05-04T16:49:00,2017-05-04T16:49:00,80,80
http://irail.be/vehicle/IC414,http://irail.be/stations/NMBS/008844230,IC,2017-05-04T16:49:00,2017-05-04T16:49:00,305,305
http://irail.be/vehicle/IC414,http://irail.be/stations/NMBS/008844206,IC,2017-05-04T16:54:00,2017-05-04T16:53:00,305,305
http://irail.be/vehicle/IC414,http://irail.be/stations/NMBS/008844008,IC,2017-05-04T17:02:00,2017-05-04T17:00:00,143,219
http://irail.be/vehicle/IC414,http://irail.be/stations/NMBS/008844057,IC,2017-05-04T17:03:00,2017-05-04T17:03:00,143,143
http://irail.be/vehicle/IC414,NO-URI,IC,2017-05-04T17:05:00,2017-05-04T17:05:00,156,156
http://irail.be/vehicle/IC414,http://irail.be/stations/NMBS/008844545,IC,2017-05-04T17:10:00,2017-05-04T17:09:00,218,218
http://irail.be/vehicle/IC414,http://irail.be/stations/NMBS/008844503,IC,2017-05-04T17:16:00,2017-05-04T17:16:00,,218
http://irail.be/vehicle/IC414,http://irail.be/stations/NMBS/008896008,IC,2017-02-01T14:16:00,2017-02-01T14:16:00,48,
http://irail.be/vehicle/IC414,http://irail.be/stations/NMBS/008896115,IC,2017-02-01T14:22:00,2017-02-01T14:21:00,136,136
http://irail.be/vehicle/IC414,http://irail.be/stations/NMBS/008896149,IC,2017-02-01T14:28:00,2017-02-01T14:27:00,137,136
http://irail.be/vehicle/IC414,http://irail.be/stations/NMBS/008892106,IC,2017-02-01T14:38:00,2017-02-01T14:37:00,99,45
http://irail.be/vehicle/IC414,NO-URI,IC,2017-02-01T14:40:00,2017-02-01T14:40:00,99,99
http://irail.be/vehicle/IC414,http://irail.be/stations/NMBS/008892080,IC,2017-02-01T14:45:00,2017-02-01T14:44:00,60,20
http://irail.be/vehicle/IC414,http://irail.be/stations/NMBS/008892007,IC,2017-02-01T14:54:00,2017-02-01T14:51:00,118,137
http://irail.be/vehicle/IC414,http://irail.be/stations/NMBS/008814001,IC,2017-02-01T15:27:00,2017-02-01T15:24:00,43,51
http://irail.be/vehicle/IC414,http://irail.be/stations/NMBS/008813037,IC,2017-02-01T15:29:00,2017-02-01T15:29:00,42,42
http://irail.be/vehicle/IC414,http://irail.be/stations/NMBS/008813003,IC,2017-02-01T15:31:00,2017-02-01T15:30:00,116,95
http://irail.be/vehicle/IC414,http://irail.be/stations/NMBS/008813045,IC,2017-02-01T15:33:00,2017-02-01T15:33:00,99,99
http://irail.be/vehicle/IC414,http://irail.be/stations/NMBS/008812005,IC,2017-02-01T15:38:00,2017-02-01T15:35:00,219,170
http://irail.be/vehicle/IC414,http://irail.be/stations/NMBS/008811007,IC,2017-02-01T15:41:00,2017-02-01T15:41:00,237,237
http://irail.be/vehicle/IC414,http://irail.be/stations/NMBS/008811130,IC,2017-02-01T15:42:00,2017-02-01T15:42:00,237,237
http://irail.be/vehicle/IC414,http://irail.be/stations/NMBS/008811213,IC,2017-02-01T15:43:00,2017-02-01T15:43:00,244,244
http://irail.be/vehicle/IC414,http://irail.be/stations/NMBS/008811221,IC,2017-02-01T15:44:00,2017-02-01T15:44:00,256,256
http://irail.be/vehicle/IC414,http://irail.be/stations/NMBS/008811247,IC,2017-02-01T15:45:00,2017-02-01T15:45:00,215,215
http://irail.be/vehicle/IC414,http://irail.be/stations/NMBS/008811254,IC,2017-02-01T15:46:00,2017-02-01T15:46:00,124,124
http://irail.be/vehicle/IC414,http://irail.be/stations/NMBS/008811262,IC,2017-02-01T15:48:00,2017-02-01T15:48:00,124,124
http://irail.be/vehicle/IC414,http://irail.be/stations/NMBS/008811270,IC,2017-02-01T15:49:00,2017-02-01T15:49:00,202,202
http://irail.be/vehicle/IC414,http://irail.be/stations/NMBS/008811288,IC,2017-02-01T15:50:00,2017-02-01T15:50:00,214,214
http://irail.be/vehicle/IC414,http://irail.be/stations/NMBS/008833001,IC,2017-02-01T15:57:00,2017-02-01T15:53:00,139,219
http://irail.be/vehicle/IC414,http://irail.be/stations/NMBS/008841202,IC,2017-02-01T16:24:00,2017-02-01T16:24:00,-9,-9
http://irail.be/vehicle/IC414,http://irail.be/stations/NMBS/008841004,IC,2017-02-01T16:34:00,2017-02-01T16:31:00,201,77
http://irail.be/vehicle/IC414,http://irail.be/stations/NMBS/008842002,IC,2017-02-01T16:41:00,2017-02-01T16:37:00,267,267
http://irail.be/vehicle/IC414,http://irail.be/stations/NMBS/008842036,IC,2017-02-01T16:43:00,2017-02-01T16:43:00,267,267
http://irail.be/vehicle/IC414,http://irail.be/stations/NMBS/008844271,IC,2017-02-01T16:47:00,2017-02-01T16:47:00,232,232
http://irail.be/vehicle/IC414,NO-URI,IC,2017-02-01T16:48:00,2017-02-01T16:48:00,158,158
http://irail.be/vehicle/IC414,http://irail.be/stations/NMBS/008844255,IC,2017-02-01T16:49:00,2017-02-01T16:49:00,152,152
http://irail.be/vehicle/IC414,http://irail.be/stations/NMBS/008844230,IC,2017-02-01T16:49:00,2017-02-01T16:49:00,54,54
http://irail.be/vehicle/IC414,http://irail.be/stations/NMBS/008844206,IC,2017-02-01T16:54:00,2017-02-01T16:53:00,54,54
http://irail.be/vehicle/IC414,http://irail.be/stations/NMBS/008844008,IC,2017-02-01T17:02:00,2017-02-01T17:00:00,-19,-31
http://irail.be/vehicle/IC414,http://irail.be/stations/NMBS/008844057,IC,2017-02-01T17:03:00,2017-02-01T17:03:00,-19,-19
http://irail.be/vehicle/IC414,NO-URI,IC,2017-02-01T17:05:00,2017-02-01T17:05:00,-10,-10
http://irail.be/vehicle/IC414,http://irail.be/stations/NMBS/008844545,IC,2017-02-01T17:10:00,2017-02-01T17:09:00,95,95
http://irail.be/vehicle/IC414,http://irail.be/stations/NMBS/008844503,IC,2017-02-01T17:16:00,2017-02-01T17:16:00,,95
http://irail.be/vehicle/IC414,http://irail.be/stations/NMBS/008896008,IC,2017-06-28T14:16:00,2017-06-28T14:16:00,631,
http://irail.be/vehicle/IC414,http://irail.be/stations/NMBS/008896115,IC,2017-06-28T14:22:00,2017-06-28T14:21:00,639,639
http://irail.be/vehicle/IC414,http://irail.be/stations/NMBS/008896149,IC,2017-06-28T14:28:00,2017-06-28T14:27:00,726,675
http://irail.be/vehicle/IC414,http://irail.be/stations/NMBS/008892106,IC,2017-06-28T14:38:00,2017-06-28T14:37:00,686,633
http://irail.be/vehicle/IC414,NO-URI,IC,2017-06-28T14:40:00,2017-06-28T14:40:00,686,686
http://irail.be/vehicle/IC414,http://irail.be/stations/NMBS/008892080,IC,2017-06-28T14:45:00,2017-06-28T14:44:00,627,607
http://irail.be/vehicle/IC414,http://irail.be/stations/NMBS/008892007,IC,2017-06-28T14:54:00,2017-06-28T14:51:00,830,662
http://irail.be/vehicle/IC414,http://irail.be/stations/NMBS/008814001,IC,2017-06-28T15:27:00,2017-06-28T15:24:00,1117,1107
http://irail.be/vehicle/IC414,http://irail.be/stations/NMBS/008813037,IC,2017-06-28T15:29:00,2017-06-28T15:29:00,1123,1123
http://irail.be/vehicle/IC414,http://irail.be/stations/NMBS/008813003,IC,2017-06-28T15:31:00,2017-06-28T15:30:00,1305,1235
http://irail.be/vehicle/IC414,http://irail.be/stations/NMBS/008813045,IC,2017-06-28T15:33:00,2017-06-28T15:33:00,1301,1301
http://irail.be/vehicle/IC414,http://irail.be/stations/NMBS/008812005,IC,2017-06-28T15:38:00,2017-06-28T15:35:00,1281,1297
http://irail.be/vehicle/IC414,http://irail.be/stations/NMBS/008811007,IC,2017-06-28T15:41:00,2017-06-28T15:41:00,1323,1323
http://irail.be/vehicle/IC414,http://irail.be/stations/NMBS/008811130,IC,2017-06-28T15:42:00,2017-06-28T15:42:00,1350,1350
http://irail.be/vehicle/IC414,http://irail.be/stations/NMBS/008811213,IC,2017-06-28T15:43:00,2017-06-28T15:43:00,1338,1338
http://irail.be/vehicle/IC414,http://irail.be/stations/NMBS/008811221,IC,2017-06-28T15:44:00,2017-06-28T15:44:00,1347,1347
http://irail.be/vehicle/IC414,http://irail.be/stations/NMBS/008811247,IC,2017-06-28T15:45:00,2017-06-28T15:45:00,1305,1305
http://irail.be/vehicle/IC414,http://irail.be/stations/NMBS/008811254,IC,2017-06-28T15:46:00,2017-06-28T15:46:00,1216,1216
http://irail.be/vehicle/IC414,http://irail.be/stations/NMBS/008811262,IC,2017-06-28T15:48:00,2017-06-28T15:48:00,1216,1216
http://irail.be/vehicle/IC414,http://irail.be/stations/NMBS/008811270,IC,2017-06-28T15:49:00,2017-06-28T15:49:00,1291,1291
http://irail.be/vehicle/IC414,http://irail.be/stations/NMBS/008811288,IC,2017-06-28T15:50:00,2017-06-28T15:50:00,1301,1301
http://irail.be/vehicle/IC414,http://irail.be/stations/NMBS/008833001,IC,2017-06-28T15:57:00,2017-06-28T15:53:00,1314,1291
http://irail.be/vehicle/IC414,http://irail.be/stations/NMBS/008841202,IC,2017-06-28T16:24:00,2017-06-28T16:24:00,1193,1193
http://irail.be/vehicle/IC414,http://irail.be/stations/NMBS/008841004,IC,2017-06-28T16:34:00,2017-06-28T16:31:00,1244,1188
http://irail.be/vehicle/IC414,http://irail.be/stations/NMBS/008842002,IC,2017-06-28T16:41:00,2017-06-28T16:37:00,1133,1133
http://irail.be/vehicle/IC414,http://irail.be/stations/NMBS/008842036,IC,2017-06-28T16:43:00,2017-06-28T16:43:00,1133,1133
http://irail.be/vehicle/IC414,http://irail.be/stations/NMBS/008844271,IC,2017-06-28T16:47:00,2017-06-28T16:47:00,1125,1125
http://irail.be/vehicle/IC414,NO-URI,IC,2017-06-28T16:48:00,2017-06-28T16:48:00,1152,1152
http://irail.be/vehicle/IC414,http://irail.be/stations/NMBS/008844255,IC,2017-06-28T16:49:00,2017-06-28T16:49:00,1154,1154
http://irail.be/vehicle/IC414,http://irail.be/stations/NMBS/008844230,IC,2017-06-28T16:49:00,2017-06-28T16:49:00,1220,1220
http://irail.be/vehicle/IC414,http://irail.be/stations/NMBS/008844206,IC,2017-06-28T16:54:00,2017-06-28T16:53:00,1220,1220
http://irail.be/vehicle/IC414,http://irail.be/stations/NMBS/008844008,IC,2017-06-28T17:02:00,2017-06-28T17:00:00,1132,1159
http://irail.be/vehicle/IC414,http://irail.be/stations/NMBS/008844057,IC,2017-06-28T17:03:00,2017-06-28T17:03:00,1153,1153
http://irail.be/vehicle/IC414,NO-URI,IC,2017-06-28T17:05:00,2017-06-28T17:05:00,1254,1254
http://irail.be/vehicle/IC414,http://irail.be/stations/NMBS/008844545,IC,2017-06-28T17:10:00,2017-06-28T17:09:00,1545,1545
http://irail.be/vehicle/IC414,http://irail.be/stations/NMBS/008844503,IC,2017-06-28T17:16:00,2017-06-28T17:16:00,,1545
http://irail.be/vehicle/IC414,http://irail.be/stations/NMBS/008896008,IC,2017-05-16T14:16:00,2017-05-16T14:16:00,68,
http://irail.be/vehicle/IC414,http://irail.be/stations/NMBS/008896115,IC,2017-05-16T14:22:00,2017-05-16T14:21:00,89,89
http://irail.be/vehicle/IC414,http://irail.be/stations/NMBS/008896149,IC,2017-05-16T14:28:00,2017-05-16T14:27:00,134,111
http://irail.be/vehicle/IC414,http://irail.be/stations/NMBS/008892106,IC,2017-05-16T14:38:00,2017-05-16T14:37:00,149,89
http://irail.be/vehicle/IC414,NO-URI,IC,2017-05-16T14:40:00,2017-05-16T14:40:00,149,149
http://irail.be/vehicle/IC414,http://irail.be/stations/NMBS/008892080,IC,2017-05-16T14:45:00,2017-05-16T14:44:00,69,65
http://irail.be/vehicle/IC414,http://irail.be/stations/NMBS/008892007,IC,2017-05-16T14:54:00,2017-05-16T14:51:00,85,97
http://irail.be/vehicle/IC414,http://irail.be/stations/NMBS/008814001,IC,2017-05-16T15:27:00,2017-05-16T15:24:00,115,170
http://irail.be/vehicle/IC414,http://irail.be/stations/NMBS/008813037,IC,2017-05-16T15:29:00,2017-05-16T15:29:00,159,159
http://irail.be/vehicle/IC414,http://irail.be/stations/NMBS/008813003,IC,2017-05-16T15:31:00,2017-05-16T15:30:00,220,166
http://irail.be/vehicle/IC414,http://irail.be/stations/NMBS/008813045,IC,2017-05-16T15:33:00,2017-05-16T15:33:00,202,202
http://irail.be/vehicle/IC414,http://irail.be/stations/NMBS/008812005,IC,2017-05-16T15:38:00,2017-05-16T15:35:00,189,197
http://irail.be/vehicle/IC414,http://irail.be/stations/NMBS/008811007,IC,2017-05-16T15:41:00,2017-05-16T15:41:00,156,156
http://irail.be/vehicle/IC414,http://irail.be/stations/NMBS/008811130,IC,2017-05-16T15:42:00,2017-05-16T15:42:00,182,182
http://irail.be/vehicle/IC414,http://irail.be/stations/NMBS/008811213,IC,2017-05-16T15:43:00,2017-05-16T15:43:00,170,170
http://irail.be/vehicle/IC414,http://irail.be/stations/NMBS/008811221,IC,2017-05-16T15:44:00,2017-05-16T15:44:00,179,179
http://irail.be/vehicle/IC414,http://irail.be/stations/NMBS/008811247,IC,2017-05-16T15:45:00,2017-05-16T15:45:00,140,140
http://irail.be/vehicle/IC414,http://irail.be/stations/NMBS/008811254,IC,2017-05-16T15:46:00,2017-05-16T15:46:00,50,50
http://irail.be/vehicle/IC414,http://irail.be/stations/NMBS/008811262,IC,2017-05-16T15:48:00,2017-05-16T15:48:00,50,50
http://irail.be/vehicle/IC414,http://irail.be/stations/NMBS/008811270,IC,2017-05-16T15:49:00,2017-05-16T15:49:00,134,134
http://irail.be/vehicle/IC414,http://irail.be/stations/NMBS/008811288,IC,2017-05-16T15:50:00,2017-05-16T15:50:00,146,146
http://irail.be/vehicle/IC414,http://irail.be/stations/NMBS/008833001,IC,2017-05-16T15:57:00,2017-05-16T15:53:00,62,159
http://irail.be/vehicle/IC414,http://irail.be/stations/NMBS/008841202,IC,2017-05-16T16:24:00,2017-05-16T16:24:00,30,30
http://irail.be/vehicle/IC414,http://irail.be/stations/NMBS/008841004,IC,2017-05-16T16:34:00,2017-05-16T16:31:00,148,204
http://irail.be/vehicle/IC414,http://irail.be/stations/NMBS/008842002,IC,2017-05-16T16:41:00,2017-05-16T16:37:00,59,59
http://irail.be/vehicle/IC414,http://irail.be/stations/NMBS/008842036,IC,2017-05-16T16:43:00,2017-05-16T16:43:00,59,59
http://irail.be/vehicle/IC414,http://irail.be/stations/NMBS/008844271,IC,2017-05-16T16:47:00,2017-05-16T16:47:00,34,34
http://irail.be/vehicle/IC414,NO-URI,IC,2017-05-16T16:48:00,2017-05-16T16:48:00,65,65
http://irail.be/vehicle/IC414,http://irail.be/stations/NMBS/008844255,IC,2017-05-16T16:49:00,2017-05-16T16:49:00,68,68
http://irail.be/vehicle/IC414,http://irail.be/stations/NMBS/008844230,IC,2017-05-16T16:49:00,2017-05-16T16:49:00,287,287
http://irail.be/vehicle/IC414,http://irail.be/stations/NMBS/008844206,IC,2017-05-16T16:54:00,2017-05-16T16:53:00,287,287
http://irail.be/vehicle/IC414,http://irail.be/stations/NMBS/008844008,IC,2017-05-16T17:02:00,2017-05-16T17:00:00,172,230
http://irail.be/vehicle/IC414,http://irail.be/stations/NMBS/008844057,IC,2017-05-16T17:03:00,2017-05-16T17:03:00,172,172
http://irail.be/vehicle/IC414,NO-URI,IC,2017-05-16T17:05:00,2017-05-16T17:05:00,207,207
http://irail.be/vehicle/IC414,http://irail.be/stations/NMBS/008844545,IC,2017-05-16T17:10:00,2017-05-16T17:09:00,229,229
http://irail.be/vehicle/IC414,http://irail.be/stations/NMBS/008844503,IC,2017-05-16T17:16:00,2017-05-16T17:16:00,,229
http://irail.be/vehicle/IC414,http://irail.be/stations/NMBS/008896008,IC,2017-03-17T14:16:00,2017-03-17T14:16:00,58,
http://irail.be/vehicle/IC414,http://irail.be/stations/NMBS/008896115,IC,2017-03-17T14:22:00,2017-03-17T14:21:00,69,69
http://irail.be/vehicle/IC414,http://irail.be/stations/NMBS/008896149,IC,2017-03-17T14:28:00,2017-03-17T14:27:00,97,69
http://irail.be/vehicle/IC414,http://irail.be/stations/NMBS/008892106,IC,2017-03-17T14:38:00,2017-03-17T14:37:00,64,13
http://irail.be/vehicle/IC414,NO-URI,IC,2017-03-17T14:40:00,2017-03-17T14:40:00,64,64
http://irail.be/vehicle/IC414,http://irail.be/stations/NMBS/008892080,IC,2017-03-17T14:45:00,2017-03-17T14:44:00,45,-15
http://irail.be/vehicle/IC414,http://irail.be/stations/NMBS/008892007,IC,2017-03-17T14:54:00,2017-03-17T14:51:00,87,95
http://irail.be/vehicle/IC414,http://irail.be/stations/NMBS/008814001,IC,2017-03-17T15:27:00,2017-03-17T15:24:00,85,48
http://irail.be/vehicle/IC414,http://irail.be/stations/NMBS/008813037,IC,2017-03-17T15:29:00,2017-03-17T15:29:00,81,81
http://irail.be/vehicle/IC414,http://irail.be/stations/NMBS/008813003,IC,2017-03-17T15:31:00,2017-03-17T15:30:00,101,81
http://irail.be/vehicle/IC414,http://irail.be/stations/NMBS/008813045,IC,2017-03-17T15:33:00,2017-03-17T15:33:00,86,86
http://irail.be/vehicle/IC414,http://irail.be/stations/NMBS/008812005,IC,2017-03-17T15:38:00,2017-03-17T15:35:00,47,69
http://irail.be/vehicle/IC414,http://irail.be/stations/NMBS/008811007,IC,2017-03-17T15:41:00,2017-03-17T15:41:00,21,21
http://irail.be/vehicle/IC414,http://irail.be/stations/NMBS/008811130,IC,2017-03-17T15:42:00,2017-03-17T15:42:00,18,18
http://irail.be/vehicle/IC414,http://irail.be/stations/NMBS/008811213,IC,2017-03-17T15:43:00,2017-03-17T15:43:00,26,26
http://irail.be/vehicle/IC414,http://irail.be/stations/NMBS/008811221,IC,2017-03-17T15:44:00,2017-03-17T15:44:00,37,37
http://irail.be/vehicle/IC414,http://irail.be/stations/NMBS/008811247,IC,2017-03-17T15:45:00,2017-03-17T15:45:00,-2,-2
http://irail.be/vehicle/IC414,http://irail.be/stations/NMBS/008811254,IC,2017-03-17T15:46:00,2017-03-17T15:46:00,-94,-94
http://irail.be/vehicle/IC414,http://irail.be/stations/NMBS/008811262,IC,2017-03-17T15:48:00,2017-03-17T15:48:00,-94,-94
http://irail.be/vehicle/IC414,http://irail.be/stations/NMBS/008811270,IC,2017-03-17T15:49:00,2017-03-17T15:49:00,-15,-15
http://irail.be/vehicle/IC414,http://irail.be/stations/NMBS/008811288,IC,2017-03-17T15:50:00,2017-03-17T15:50:00,-5,-5
http://irail.be/vehicle/IC414,http://irail.be/stations/NMBS/008833001,IC,2017-03-17T15:57:00,2017-03-17T15:53:00,42,8
http://irail.be/vehicle/IC414,http://irail.be/stations/NMBS/008841202,IC,2017-03-17T16:24:00,2017-03-17T16:24:00,39,39
http://irail.be/vehicle/IC414,http://irail.be/stations/NMBS/008841004,IC,2017-03-17T16:34:00,2017-03-17T16:31:00,162,216
http://irail.be/vehicle/IC414,http://irail.be/stations/NMBS/008842002,IC,2017-03-17T16:41:00,2017-03-17T16:37:00,87,87
http://irail.be/vehicle/IC414,http://irail.be/stations/NMBS/008842036,IC,2017-03-17T16:43:00,2017-03-17T16:43:00,87,87
http://irail.be/vehicle/IC414,http://irail.be/stations/NMBS/008844271,IC,2017-03-17T16:47:00,2017-03-17T16:47:00,77,77
http://irail.be/vehicle/IC414,NO-URI,IC,2017-03-17T16:48:00,2017-03-17T16:48:00,60,60
http://irail.be/vehicle/IC414,http://irail.be/stations/NMBS/008844255,IC,2017-03-17T16:49:00,2017-03-17T16:49:00,56,56
http://irail.be/vehicle/IC414,http://irail.be/stations/NMBS/008844230,IC,2017-03-17T16:49:00,2017-03-17T16:49:00,114,114
http://irail.be/vehicle/IC414,http://irail.be/stations/NMBS/008844206,IC,2017-03-17T16:54:00,2017-03-17T16:53:00,114,114
http://irail.be/vehicle/IC414,http://irail.be/stations/NMBS/008844008,IC,2017-03-17T17:02:00,2017-03-17T17:00:00,2,37
http://irail.be/vehicle/IC414,http://irail.be/stations/NMBS/008844057,IC,2017-03-17T17:03:00,2017-03-17T17:03:00,2,2
http://irail.be/vehicle/IC414,NO-URI,IC,2017-03-17T17:05:00,2017-03-17T17:05:00,32,32
http://irail.be/vehicle/IC414,http://irail.be/stations/NMBS/008844545,IC,2017-03-17T17:10:00,2017-03-17T17:09:00,63,63
http://irail.be/vehicle/IC414,http://irail.be/stations/NMBS/008844503,IC,2017-03-17T17:16:00,2017-03-17T17:16:00,,63
http://irail.be/vehicle/IC414,http://irail.be/stations/NMBS/008896008,IC,2017-07-26T14:16:00,2017-07-26T14:16:00,74,
http://irail.be/vehicle/IC414,http://irail.be/stations/NMBS/008896115,IC,2017-07-26T14:22:00,2017-07-26T14:21:00,95,95
http://irail.be/vehicle/IC414,http://irail.be/stations/NMBS/008896149,IC,2017-07-26T14:28:00,2017-07-26T14:27:00,119,115
http://irail.be/vehicle/IC414,http://irail.be/stations/NMBS/008892106,IC,2017-07-26T14:38:00,2017-07-26T14:37:00,98,27
http://irail.be/vehicle/IC414,NO-URI,IC,2017-07-26T14:40:00,2017-07-26T14:40:00,98,98
http://irail.be/vehicle/IC414,http://irail.be/stations/NMBS/008892080,IC,2017-07-26T14:45:00,2017-07-26T14:44:00,57,25
http://irail.be/vehicle/IC414,http://irail.be/stations/NMBS/008892007,IC,2017-07-26T14:54:00,2017-07-26T14:51:00,116,128
http://irail.be/vehicle/IC414,http://irail.be/stations/NMBS/008814001,IC,2017-07-26T15:27:00,2017-07-26T15:24:00,103,147
http://irail.be/vehicle/IC414,http://irail.be/stations/NMBS/008813037,IC,2017-07-26T15:29:00,2017-07-26T15:29:00,131,131
http://irail.be/vehicle/IC414,http://irail.be/stations/NMBS/008813003,IC,2017-07-26T15:31:00,2017-07-26T15:30:00,170,135
http://irail.be/vehicle/IC414,http://irail.be/stations/NMBS/008813045,IC,2017-07-26T15:33:00,2017-07-26T15:33:00,167,167
http://irail.be/vehicle/IC414,http://irail.be/stations/NMBS/008812005,IC,2017-07-26T15:38:00,2017-07-26T15:35:00,182,164
http://irail.be/vehicle/IC414,http://irail.be/stations/NMBS/008811007,IC,2017-07-26T15:41:00,2017-07-26T15:41:00,167,167
http://irail.be/vehicle/IC414,http://irail.be/stations/NMBS/008811130,IC,2017-07-26T15:42:00,2017-07-26T15:42:00,200,200
http://irail.be/vehicle/IC414,http://irail.be/stations/NMBS/008811213,IC,2017-07-26T15:43:00,2017-07-26T15:43:00,191,191
http://irail.be/vehicle/IC414,http://irail.be/stations/NMBS/008811221,IC,2017-07-26T15:44:00,2017-07-26T15:44:00,200,200
http://irail.be/vehicle/IC414,http://irail.be/stations/NMBS/008811247,IC,2017-07-26T15:45:00,2017-07-26T15:45:00,158,158
http://irail.be/vehicle/IC414,http://irail.be/stations/NMBS/008811254,IC,2017-07-26T15:46:00,2017-07-26T15:46:00,68,68
http://irail.be/vehicle/IC414,http://irail.be/stations/NMBS/008811262,IC,2017-07-26T15:48:00,2017-07-26T15:48:00,68,68
http://irail.be/vehicle/IC414,http://irail.be/stations/NMBS/008811270,IC,2017-07-26T15:49:00,2017-07-26T15:49:00,147,147
http://irail.be/vehicle/IC414,http://irail.be/stations/NMBS/008811288,IC,2017-07-26T15:50:00,2017-07-26T15:50:00,159,159
http://irail.be/vehicle/IC414,http://irail.be/stations/NMBS/008833001,IC,2017-07-26T15:57:00,2017-07-26T15:53:00,123,152
http://irail.be/vehicle/IC414,http://irail.be/stations/NMBS/008841202,IC,2017-07-26T16:24:00,2017-07-26T16:24:00,338,338
http://irail.be/vehicle/IC414,http://irail.be/stations/NMBS/008841004,IC,2017-07-26T16:34:00,2017-07-26T16:31:00,268,301
http://irail.be/vehicle/IC414,http://irail.be/stations/NMBS/008842002,IC,2017-07-26T16:41:00,2017-07-26T16:37:00,283,283
http://irail.be/vehicle/IC414,http://irail.be/stations/NMBS/008842036,IC,2017-07-26T16:43:00,2017-07-26T16:43:00,283,283
http://irail.be/vehicle/IC414,http://irail.be/stations/NMBS/008844271,IC,2017-07-26T16:47:00,2017-07-26T16:47:00,282,282
http://irail.be/vehicle/IC414,NO-URI,IC,2017-07-26T16:48:00,2017-07-26T16:48:00,303,303
http://irail.be/vehicle/IC414,http://irail.be/stations/NMBS/008844255,IC,2017-07-26T16:49:00,2017-07-26T16:49:00,307,307
http://irail.be/vehicle/IC414,http://irail.be/stations/NMBS/008844230,IC,2017-07-26T16:49:00,2017-07-26T16:49:00,633,633
http://irail.be/vehicle/IC414,http://irail.be/stations/NMBS/008844206,IC,2017-07-26T16:54:00,2017-07-26T16:53:00,633,633
http://irail.be/vehicle/IC414,http://irail.be/stations/NMBS/008844008,IC,2017-07-26T17:02:00,2017-07-26T17:00:00,533,570
http://irail.be/vehicle/IC414,http://irail.be/stations/NMBS/008844057,IC,2017-07-26T17:03:00,2017-07-26T17:03:00,533,533
http://irail.be/vehicle/IC414,NO-URI,IC,2017-07-26T17:05:00,2017-07-26T17:05:00,591,591
http://irail.be/vehicle/IC414,http://irail.be/stations/NMBS/008844545,IC,2017-07-26T17:10:00,2017-07-26T17:09:00,741,741
http://irail.be/vehicle/IC414,http://irail.be/stations/NMBS/008844503,IC,2017-07-26T17:16:00,2017-07-26T17:16:00,,741
http://irail.be/vehicle/IC414,http://irail.be/stations/NMBS/008896008,IC,2017-08-07T14:16:00,2017-08-07T14:16:00,964,
http://irail.be/vehicle/IC414,http://irail.be/stations/NMBS/008896115,IC,2017-08-07T14:22:00,2017-08-07T14:21:00,962,962
http://irail.be/vehicle/IC414,http://irail.be/stations/NMBS/008896149,IC,2017-08-07T14:28:00,2017-08-07T14:27:00,1021,1010
http://irail.be/vehicle/IC414,http://irail.be/stations/NMBS/008892106,IC,2017-08-07T14:38:00,2017-08-07T14:37:00,944,930
http://irail.be/vehicle/IC414,NO-URI,IC,2017-08-07T14:40:00,2017-08-07T14:40:00,944,944
http://irail.be/vehicle/IC414,http://irail.be/stations/NMBS/008892080,IC,2017-08-07T14:45:00,2017-08-07T14:44:00,849,853
http://irail.be/vehicle/IC414,http://irail.be/stations/NMBS/008892007,IC,2017-08-07T14:54:00,2017-08-07T14:51:00,855,886
http://irail.be/vehicle/IC414,http://irail.be/stations/NMBS/008814001,IC,2017-08-07T15:27:00,2017-08-07T15:24:00,1058,1110
http://irail.be/vehicle/IC414,http://irail.be/stations/NMBS/008813037,IC,2017-08-07T15:29:00,2017-08-07T15:29:00,1070,1070
http://irail.be/vehicle/IC414,http://irail.be/stations/NMBS/008813003,IC,2017-08-07T15:31:00,2017-08-07T15:30:00,1287,1151
http://irail.be/vehicle/IC414,http://irail.be/stations/NMBS/008813045,IC,2017-08-07T15:33:00,2017-08-07T15:33:00,1266,1266
http://irail.be/vehicle/IC414,http://irail.be/stations/NMBS/008812005,IC,2017-08-07T15:38:00,2017-08-07T15:35:00,1201,1258
http://irail.be/vehicle/IC414,http://irail.be/stations/NMBS/008811007,IC,2017-08-07T15:41:00,2017-08-07T15:41:00,1170,1170
http://irail.be/vehicle/IC414,http://irail.be/stations/NMBS/008811130,IC,2017-08-07T15:42:00,2017-08-07T15:42:00,1187,1187
http://irail.be/vehicle/IC414,http://irail.be/stations/NMBS/008811213,IC,2017-08-07T15:43:00,2017-08-07T15:43:00,1172,1172
http://irail.be/vehicle/IC414,http://irail.be/stations/NMBS/008811221,IC,2017-08-07T15:44:00,2017-08-07T15:44:00,1179,1179
http://irail.be/vehicle/IC414,http://irail.be/stations/NMBS/008811247,IC,2017-08-07T15:45:00,2017-08-07T15:45:00,1138,1138
http://irail.be/vehicle/IC414,http://irail.be/stations/NMBS/008811254,IC,2017-08-07T15:46:00,2017-08-07T15:46:00,1048,1048
http://irail.be/vehicle/IC414,http://irail.be/stations/NMBS/008811262,IC,2017-08-07T15:48:00,2017-08-07T15:48:00,1048,1048
http://irail.be/vehicle/IC414,http://irail.be/stations/NMBS/008811270,IC,2017-08-07T15:49:00,2017-08-07T15:49:00,1124,1124
http://irail.be/vehicle/IC414,http://irail.be/stations/NMBS/008811288,IC,2017-08-07T15:50:00,2017-08-07T15:50:00,1134,1134
http://irail.be/vehicle/IC414,http://irail.be/stations/NMBS/008833001,IC,2017-08-07T15:57:00,2017-08-07T15:53:00,1011,1115
http://irail.be/vehicle/IC414,http://irail.be/stations/NMBS/008841202,IC,2017-08-07T16:24:00,2017-08-07T16:24:00,856,856
http://irail.be/vehicle/IC414,http://irail.be/stations/NMBS/008841004,IC,2017-08-07T16:34:00,2017-08-07T16:31:00,767,813
http://irail.be/vehicle/IC414,http://irail.be/stations/NMBS/008842002,IC,2017-08-07T16:41:00,2017-08-07T16:37:00,585,585
http://irail.be/vehicle/IC414,http://irail.be/stations/NMBS/008842036,IC,2017-08-07T16:43:00,2017-08-07T16:43:00,585,585
http://irail.be/vehicle/IC414,http://irail.be/stations/NMBS/008844271,IC,2017-08-07T16:47:00,2017-08-07T16:47:00,554,554
http://irail.be/vehicle/IC414,NO-URI,IC,2017-08-07T16:48:00,2017-08-07T16:48:00,532,532
http://irail.be/vehicle/IC414,http://irail.be/stations/NMBS/008844255,IC,2017-08-07T16:49:00,2017-08-07T16:49:00,526,526
http://irail.be/vehicle/IC414,http://irail.be/stations/NMBS/008844230,IC,2017-08-07T16:49:00,2017-08-07T16:49:00,585,585
http://irail.be/vehicle/IC414,http://irail.be/stations/NMBS/008844206,IC,2017-08-07T16:54:00,2017-08-07T16:53:00,585,585
http://irail.be/vehicle/IC414,http://irail.be/stations/NMBS/008844008,IC,2017-08-07T17:02:00,2017-08-07T17:00:00,395,505
http://irail.be/vehicle/IC414,http://irail.be/stations/NMBS/008844057,IC,2017-08-07T17:03:00,2017-08-07T17:03:00,395,395
http://irail.be/vehicle/IC414,NO-URI,IC,2017-08-07T17:05:00,2017-08-07T17:05:00,392,392
http://irail.be/vehicle/IC414,http://irail.be/stations/NMBS/008844545,IC,2017-08-07T17:10:00,2017-08-07T17:09:00,309,309
http://irail.be/vehicle/IC414,http://irail.be/stations/NMBS/008844503,IC,2017-08-07T17:16:00,2017-08-07T17:16:00,,309
http://irail.be/vehicle/IC414,http://irail.be/stations/NMBS/008896008,IC,2017-12-04T14:16:00,2017-12-04T14:16:00,39,
http://irail.be/vehicle/IC414,http://irail.be/stations/NMBS/008896115,IC,2017-12-04T14:22:00,2017-12-04T14:21:00,62,62
http://irail.be/vehicle/IC414,http://irail.be/stations/NMBS/008896149,IC,2017-12-04T14:28:00,2017-12-04T14:27:00,82,72
http://irail.be/vehicle/IC414,http://irail.be/stations/NMBS/008892106,IC,2017-12-04T14:38:00,2017-12-04T14:37:00,56,-21
http://irail.be/vehicle/IC414,NO-URI,IC,2017-12-04T14:40:00,2017-12-04T14:40:00,56,56
http://irail.be/vehicle/IC414,http://irail.be/stations/NMBS/008892080,IC,2017-12-04T14:45:00,2017-12-04T14:44:00,12,-42
http://irail.be/vehicle/IC414,http://irail.be/stations/NMBS/008892007,IC,2017-12-04T14:54:00,2017-12-04T14:51:00,28,54
http://irail.be/vehicle/IC414,http://irail.be/stations/NMBS/008814001,IC,2017-12-04T15:27:00,2017-12-04T15:24:00,77,150
http://irail.be/vehicle/IC414,http://irail.be/stations/NMBS/008813037,IC,2017-12-04T15:29:00,2017-12-04T15:29:00,101,101
http://irail.be/vehicle/IC414,http://irail.be/stations/NMBS/008813003,IC,2017-12-04T15:31:00,2017-12-04T15:30:00,261,214
http://irail.be/vehicle/IC414,http://irail.be/stations/NMBS/008813045,IC,2017-12-04T15:33:00,2017-12-04T15:33:00,240,240
http://irail.be/vehicle/IC414,http://irail.be/stations/NMBS/008812005,IC,2017-12-04T15:38:00,2017-12-04T15:35:00,186,253
http://irail.be/vehicle/IC414,http://irail.be/stations/NMBS/008811007,IC,2017-12-04T15:41:00,2017-12-04T15:41:00,154,154
http://irail.be/vehicle/IC414,http://irail.be/stations/NMBS/008811130,IC,2017-12-04T15:42:00,2017-12-04T15:42:00,172,172
http://irail.be/vehicle/IC414,http://irail.be/stations/NMBS/008811213,IC,2017-12-04T15:43:00,2017-12-04T15:43:00,157,157
http://irail.be/vehicle/IC414,http://irail.be/stations/NMBS/008811221,IC,2017-12-04T15:44:00,2017-12-04T15:44:00,166,166
http://irail.be/vehicle/IC414,http://irail.be/stations/NMBS/008811247,IC,2017-12-04T15:45:00,2017-12-04T15:45:00,127,127
http://irail.be/vehicle/IC414,http://irail.be/stations/NMBS/008811254,IC,2017-12-04T15:46:00,2017-12-04T15:46:00,36,36
http://irail.be/vehicle/IC414,http://irail.be/stations/NMBS/008811262,IC,2017-12-04T15:48:00,2017-12-04T15:48:00,36,36
http://irail.be/vehicle/IC414,http://irail.be/stations/NMBS/008811270,IC,2017-12-04T15:49:00,2017-12-04T15:49:00,116,116
http://irail.be/vehicle/IC414,http://irail.be/stations/NMBS/008811288,IC,2017-12-04T15:50:00,2017-12-04T15:50:00,126,126
http://irail.be/vehicle/IC414,http://irail.be/stations/NMBS/008833001,IC,2017-12-04T15:57:00,2017-12-04T15:53:00,49,131
http://irail.be/vehicle/IC414,http://irail.be/stations/NMBS/008841202,IC,2017-12-04T16:24:00,2017-12-04T16:24:00,-55,-55
http://irail.be/vehicle/IC414,http://irail.be/stations/NMBS/008841004,IC,2017-12-04T16:34:00,2017-12-04T16:31:00,33,56
http://irail.be/vehicle/IC414,http://irail.be/stations/NMBS/008842002,IC,2017-12-04T16:41:00,2017-12-04T16:37:00,205,205
http://irail.be/vehicle/IC414,http://irail.be/stations/NMBS/008842036,IC,2017-12-04T16:43:00,2017-12-04T16:43:00,205,205
http://irail.be/vehicle/IC414,http://irail.be/stations/NMBS/008844271,IC,2017-12-04T16:47:00,2017-12-04T16:47:00,178,178
http://irail.be/vehicle/IC414,NO-URI,IC,2017-12-04T16:48:00,2017-12-04T16:48:00,231,231
http://irail.be/vehicle/IC414,http://irail.be/stations/NMBS/008844255,IC,2017-12-04T16:49:00,2017-12-04T16:49:00,267,267
http://irail.be/vehicle/IC414,http://irail.be/stations/NMBS/008844230,IC,2017-12-04T16:49:00,2017-12-04T16:49:00,348,348
http://irail.be/vehicle/IC414,http://irail.be/stations/NMBS/008844206,IC,2017-12-04T16:54:00,2017-12-04T16:53:00,348,348
http://irail.be/vehicle/IC414,http://irail.be/stations/NMBS/008844008,IC,2017-12-04T17:02:00,2017-12-04T17:00:00,623,437
http://irail.be/vehicle/IC414,http://irail.be/stations/NMBS/008844057,IC,2017-12-04T17:03:00,2017-12-04T17:03:00,623,623
http://irail.be/vehicle/IC414,NO-URI,IC,2017-12-04T17:05:00,2017-12-04T17:05:00,640,640
http://irail.be/vehicle/IC414,http://irail.be/stations/NMBS/008844545,IC,2017-12-04T17:10:00,2017-12-04T17:09:00,754,754
http://irail.be/vehicle/IC414,http://irail.be/stations/NMBS/008844503,IC,2017-12-04T17:16:00,2017-12-04T17:16:00,,754
http://irail.be/vehicle/IC414,http://irail.be/stations/NMBS/008896008,IC,2017-06-29T14:16:00,2017-06-29T14:16:00,69,
http://irail.be/vehicle/IC414,http://irail.be/stations/NMBS/008896115,IC,2017-06-29T14:22:00,2017-06-29T14:21:00,88,88
http://irail.be/vehicle/IC414,http://irail.be/stations/NMBS/008896149,IC,2017-06-29T14:28:00,2017-06-29T14:27:00,135,102
http://irail.be/vehicle/IC414,http://irail.be/stations/NMBS/008892106,IC,2017-06-29T14:38:00,2017-06-29T14:37:00,86,31
http://irail.be/vehicle/IC414,NO-URI,IC,2017-06-29T14:40:00,2017-06-29T14:40:00,86,86
http://irail.be/vehicle/IC414,http://irail.be/stations/NMBS/008892080,IC,2017-06-29T14:45:00,2017-06-29T14:44:00,63,2
http://irail.be/vehicle/IC414,http://irail.be/stations/NMBS/008892007,IC,2017-06-29T14:54:00,2017-06-29T14:51:00,111,102
http://irail.be/vehicle/IC414,http://irail.be/stations/NMBS/008814001,IC,2017-06-29T15:27:00,2017-06-29T15:24:00,65,60
http://irail.be/vehicle/IC414,http://irail.be/stations/NMBS/008813037,IC,2017-06-29T15:29:00,2017-06-29T15:29:00,79,79
http://irail.be/vehicle/IC414,http://irail.be/stations/NMBS/008813003,IC,2017-06-29T15:31:00,2017-06-29T15:30:00,134,81
http://irail.be/vehicle/IC414,http://irail.be/stations/NMBS/008813045,IC,2017-06-29T15:33:00,2017-06-29T15:33:00,123,123
http://irail.be/vehicle/IC414,http://irail.be/stations/NMBS/008812005,IC,2017-06-29T15:38:00,2017-06-29T15:35:00,71,114
http://irail.be/vehicle/IC414,http://irail.be/stations/NMBS/008811007,IC,2017-06-29T15:41:00,2017-06-29T15:41:00,43,43
http://irail.be/vehicle/IC414,http://irail.be/stations/NMBS/008811130,IC,2017-06-29T15:42:00,2017-06-29T15:42:00,65,65
http://irail.be/vehicle/IC414,http://irail.be/stations/NMBS/008811213,IC,2017-06-29T15:43:00,2017-06-29T15:43:00,54,54
http://irail.be/vehicle/IC414,http://irail.be/stations/NMBS/008811221,IC,2017-06-29T15:44:00,2017-06-29T15:44:00,63,63
http://irail.be/vehicle/IC414,http://irail.be/stations/NMBS/008811247,IC,2017-06-29T15:45:00,2017-06-29T15:45:00,23,23
http://irail.be/vehicle/IC414,http://irail.be/stations/NMBS/008811254,IC,2017-06-29T15:46:00,2017-06-29T15:46:00,-67,-67
http://irail.be/vehicle/IC414,http://irail.be/stations/NMBS/008811262,IC,2017-06-29T15:48:00,2017-06-29T15:48:00,-67,-67
http://irail.be/vehicle/IC414,http://irail.be/stations/NMBS/008811270,IC,2017-06-29T15:49:00,2017-06-29T15:49:00,10,10
http://irail.be/vehicle/IC414,http://irail.be/stations/NMBS/008811288,IC,2017-06-29T15:50:00,2017-06-29T15:50:00,21,21
http://irail.be/vehicle/IC414,http://irail.be/stations/NMBS/008833001,IC,2017-06-29T15:57:00,2017-06-29T15:53:00,293,383
http://irail.be/vehicle/IC414,http://irail.be/stations/NMBS/008841202,IC,2017-06-29T16:24:00,2017-06-29T16:24:00,285,285
http://irail.be/vehicle/IC414,http://irail.be/stations/NMBS/008841004,IC,2017-06-29T16:34:00,2017-06-29T16:31:00,367,342
http://irail.be/vehicle/IC414,http://irail.be/stations/NMBS/008842002,IC,2017-06-29T16:41:00,2017-06-29T16:37:00,234,234
http://irail.be/vehicle/IC414,http://irail.be/stations/NMBS/008842036,IC,2017-06-29T16:43:00,2017-06-29T16:43:00,234,234
http://irail.be/vehicle/IC414,http://irail.be/stations/NMBS/008844271,IC,2017-06-29T16:47:00,2017-06-29T16:47:00,213,213
http://irail.be/vehicle/IC414,NO-URI,IC,2017-06-29T16:48:00,2017-06-29T16:48:00,195,195
http://irail.be/vehicle/IC414,http://irail.be/stations/NMBS/008844255,IC,2017-06-29T16:49:00,2017-06-29T16:49:00,189,189
http://irail.be/vehicle/IC414,http://irail.be/stations/NMBS/008844230,IC,2017-06-29T16:49:00,2017-06-29T16:49:00,246,246
http://irail.be/vehicle/IC414,http://irail.be/stations/NMBS/008844206,IC,2017-06-29T16:54:00,2017-06-29T16:53:00,246,246
http://irail.be/vehicle/IC414,http://irail.be/stations/NMBS/008844008,IC,2017-06-29T17:02:00,2017-06-29T17:00:00,450,166
http://irail.be/vehicle/IC414,http://irail.be/stations/NMBS/008844057,IC,2017-06-29T17:03:00,2017-06-29T17:03:00,471,471
http://irail.be/vehicle/IC414,NO-URI,IC,2017-06-29T17:05:00,2017-06-29T17:05:00,513,513
http://irail.be/vehicle/IC414,http://irail.be/stations/NMBS/008844545,IC,2017-06-29T17:10:00,2017-06-29T17:09:00,662,662
http://irail.be/vehicle/IC414,http://irail.be/stations/NMBS/008844503,IC,2017-06-29T17:16:00,2017-06-29T17:16:00,,662
http://irail.be/vehicle/IC414,http://irail.be/stations/NMBS/008896008,IC,2017-04-19T14:16:00,2017-04-19T14:16:00,105,
http://irail.be/vehicle/IC414,http://irail.be/stations/NMBS/008896115,IC,2017-04-19T14:22:00,2017-04-19T14:21:00,152,152
http://irail.be/vehicle/IC414,http://irail.be/stations/NMBS/008896149,IC,2017-04-19T14:28:00,2017-04-19T14:27:00,162,152
http://irail.be/vehicle/IC414,http://irail.be/stations/NMBS/008892106,IC,2017-04-19T14:38:00,2017-04-19T14:37:00,141,69
http://irail.be/vehicle/IC414,NO-URI,IC,2017-04-19T14:40:00,2017-04-19T14:40:00,141,141
http://irail.be/vehicle/IC414,http://irail.be/stations/NMBS/008892080,IC,2017-04-19T14:45:00,2017-04-19T14:44:00,76,71
http://irail.be/vehicle/IC414,http://irail.be/stations/NMBS/008892007,IC,2017-04-19T14:54:00,2017-04-19T14:51:00,64,116
http://irail.be/vehicle/IC414,http://irail.be/stations/NMBS/008814001,IC,2017-04-19T15:27:00,2017-04-19T15:24:00,174,103
http://irail.be/vehicle/IC414,http://irail.be/stations/NMBS/008813037,IC,2017-04-19T15:29:00,2017-04-19T15:29:00,170,170
http://irail.be/vehicle/IC414,http://irail.be/stations/NMBS/008813003,IC,2017-04-19T15:31:00,2017-04-19T15:30:00,181,175
http://irail.be/vehicle/IC414,http://irail.be/stations/NMBS/008813045,IC,2017-04-19T15:33:00,2017-04-19T15:33:00,169,169
http://irail.be/vehicle/IC414,http://irail.be/stations/NMBS/008812005,IC,2017-04-19T15:38:00,2017-04-19T15:35:00,117,164
http://irail.be/vehicle/IC414,http://irail.be/stations/NMBS/008811007,IC,2017-04-19T15:41:00,2017-04-19T15:41:00,95,95
http://irail.be/vehicle/IC414,http://irail.be/stations/NMBS/008811130,IC,2017-04-19T15:42:00,2017-04-19T15:42:00,119,119
http://irail.be/vehicle/IC414,http://irail.be/stations/NMBS/008811213,IC,2017-04-19T15:43:00,2017-04-19T15:43:00,110,110
http://irail.be/vehicle/IC414,http://irail.be/stations/NMBS/008811221,IC,2017-04-19T15:44:00,2017-04-19T15:44:00,119,119
http://irail.be/vehicle/IC414,http://irail.be/stations/NMBS/008811247,IC,2017-04-19T15:45:00,2017-04-19T15:45:00,81,81
http://irail.be/vehicle/IC414,http://irail.be/stations/NMBS/008811254,IC,2017-04-19T15:46:00,2017-04-19T15:46:00,-8,-8
http://irail.be/vehicle/IC414,http://irail.be/stations/NMBS/008811262,IC,2017-04-19T15:48:00,2017-04-19T15:48:00,-8,-8
http://irail.be/vehicle/IC414,http://irail.be/stations/NMBS/008811270,IC,2017-04-19T15:49:00,2017-04-19T15:49:00,74,74
http://irail.be/vehicle/IC414,http://irail.be/stations/NMBS/008811288,IC,2017-04-19T15:50:00,2017-04-19T15:50:00,87,87
http://irail.be/vehicle/IC414,http://irail.be/stations/NMBS/008833001,IC,2017-04-19T15:57:00,2017-04-19T15:53:00,41,95
http://irail.be/vehicle/IC414,http://irail.be/stations/NMBS/008841202,IC,2017-04-19T16:24:00,2017-04-19T16:24:00,-4,-4
http://irail.be/vehicle/IC414,http://irail.be/stations/NMBS/008841004,IC,2017-04-19T16:34:00,2017-04-19T16:31:00,142,126
http://irail.be/vehicle/IC414,http://irail.be/stations/NMBS/008842002,IC,2017-04-19T16:41:00,2017-04-19T16:37:00,291,291
http://irail.be/vehicle/IC414,http://irail.be/stations/NMBS/008842036,IC,2017-04-19T16:43:00,2017-04-19T16:43:00,291,291
http://irail.be/vehicle/IC414,http://irail.be/stations/NMBS/008844271,IC,2017-04-19T16:47:00,2017-04-19T16:47:00,268,268
http://irail.be/vehicle/IC414,NO-URI,IC,2017-04-19T16:48:00,2017-04-19T16:48:00,271,271
http://irail.be/vehicle/IC414,http://irail.be/stations/NMBS/008844255,IC,2017-04-19T16:49:00,2017-04-19T16:49:00,267,267
http://irail.be/vehicle/IC414,http://irail.be/stations/NMBS/008844230,IC,2017-04-19T16:49:00,2017-04-19T16:49:00,294,294
http://irail.be/vehicle/IC414,http://irail.be/stations/NMBS/008844206,IC,2017-04-19T16:54:00,2017-04-19T16:53:00,294,294
http://irail.be/vehicle/IC414,http://irail.be/stations/NMBS/008844008,IC,2017-04-19T17:02:00,2017-04-19T17:00:00,157,235
http://irail.be/vehicle/IC414,http://irail.be/stations/NMBS/008844057,IC,2017-04-19T17:03:00,2017-04-19T17:03:00,157,157
http://irail.be/vehicle/IC414,NO-URI,IC,2017-04-19T17:05:00,2017-04-19T17:05:00,185,185
http://irail.be/vehicle/IC414,http://irail.be/stations/NMBS/008844545,IC,2017-04-19T17:10:00,2017-04-19T17:09:00,222,222
http://irail.be/vehicle/IC414,http://irail.be/stations/NMBS/008844503,IC,2017-04-19T17:16:00,2017-04-19T17:16:00,,222
http://irail.be/vehicle/IC414,http://irail.be/stations/NMBS/008896008,IC,2017-06-26T14:16:00,2017-06-26T14:16:00,40,
http://irail.be/vehicle/IC414,http://irail.be/stations/NMBS/008896115,IC,2017-06-26T14:22:00,2017-06-26T14:21:00,11,11
http://irail.be/vehicle/IC414,http://irail.be/stations/NMBS/008896149,IC,2017-06-26T14:28:00,2017-06-26T14:27:00,27,24
http://irail.be/vehicle/IC414,http://irail.be/stations/NMBS/008892106,IC,2017-06-26T14:38:00,2017-06-26T14:37:00,65,-36
http://irail.be/vehicle/IC414,NO-URI,IC,2017-06-26T14:40:00,2017-06-26T14:40:00,65,65
http://irail.be/vehicle/IC414,http://irail.be/stations/NMBS/008892080,IC,2017-06-26T14:45:00,2017-06-26T14:44:00,21,-28
http://irail.be/vehicle/IC414,http://irail.be/stations/NMBS/008892007,IC,2017-06-26T14:54:00,2017-06-26T14:51:00,184,74
http://irail.be/vehicle/IC414,http://irail.be/stations/NMBS/008814001,IC,2017-06-26T15:27:00,2017-06-26T15:24:00,207,287
http://irail.be/vehicle/IC414,http://irail.be/stations/NMBS/008813037,IC,2017-06-26T15:29:00,2017-06-26T15:29:00,223,223
http://irail.be/vehicle/IC414,http://irail.be/stations/NMBS/008813003,IC,2017-06-26T15:31:00,2017-06-26T15:30:00,258,227
http://irail.be/vehicle/IC414,http://irail.be/stations/NMBS/008813045,IC,2017-06-26T15:33:00,2017-06-26T15:33:00,242,242
http://irail.be/vehicle/IC414,http://irail.be/stations/NMBS/008812005,IC,2017-06-26T15:38:00,2017-06-26T15:35:00,206,235
http://irail.be/vehicle/IC414,http://irail.be/stations/NMBS/008811007,IC,2017-06-26T15:41:00,2017-06-26T15:41:00,236,236
http://irail.be/vehicle/IC414,http://irail.be/stations/NMBS/008811130,IC,2017-06-26T15:42:00,2017-06-26T15:42:00,267,267
http://irail.be/vehicle/IC414,http://irail.be/stations/NMBS/008811213,IC,2017-06-26T15:43:00,2017-06-26T15:43:00,257,257
http://irail.be/vehicle/IC414,http://irail.be/stations/NMBS/008811221,IC,2017-06-26T15:44:00,2017-06-26T15:44:00,263,263
http://irail.be/vehicle/IC414,http://irail.be/stations/NMBS/008811247,IC,2017-06-26T15:45:00,2017-06-26T15:45:00,222,222
http://irail.be/vehicle/IC414,http://irail.be/stations/NMBS/008811254,IC,2017-06-26T15:46:00,2017-06-26T15:46:00,132,132
http://irail.be/vehicle/IC414,http://irail.be/stations/NMBS/008811262,IC,2017-06-26T15:48:00,2017-06-26T15:48:00,132,132
http://irail.be/vehicle/IC414,http://irail.be/stations/NMBS/008811270,IC,2017-06-26T15:49:00,2017-06-26T15:49:00,207,207
http://irail.be/vehicle/IC414,http://irail.be/stations/NMBS/008811288,IC,2017-06-26T15:50:00,2017-06-26T15:50:00,217,217
http://irail.be/vehicle/IC414,http://irail.be/stations/NMBS/008833001,IC,2017-06-26T15:57:00,2017-06-26T15:53:00,61,212
http://irail.be/vehicle/IC414,http://irail.be/stations/NMBS/008841202,IC,2017-06-26T16:24:00,2017-06-26T16:24:00,6,6
http://irail.be/vehicle/IC414,http://irail.be/stations/NMBS/008841004,IC,2017-06-26T16:34:00,2017-06-26T16:31:00,84,108
http://irail.be/vehicle/IC414,http://irail.be/stations/NMBS/008842002,IC,2017-06-26T16:41:00,2017-06-26T16:37:00,272,272
http://irail.be/vehicle/IC414,http://irail.be/stations/NMBS/008842036,IC,2017-06-26T16:43:00,2017-06-26T16:43:00,272,272
http://irail.be/vehicle/IC414,http://irail.be/stations/NMBS/008844271,IC,2017-06-26T16:47:00,2017-06-26T16:47:00,251,251
http://irail.be/vehicle/IC414,NO-URI,IC,2017-06-26T16:48:00,2017-06-26T16:48:00,242,242
http://irail.be/vehicle/IC414,http://irail.be/stations/NMBS/008844255,IC,2017-06-26T16:49:00,2017-06-26T16:49:00,236,236
http://irail.be/vehicle/IC414,http://irail.be/stations/NMBS/008844230,IC,2017-06-26T16:49:00,2017-06-26T16:49:00,285,285
http://irail.be/vehicle/IC414,http://irail.be/stations/NMBS/008844206,IC,2017-06-26T16:54:00,2017-06-26T16:53:00,285,285
http://irail.be/vehicle/IC414,http://irail.be/stations/NMBS/008844008,IC,2017-06-26T17:02:00,2017-06-26T17:00:00,93,197
http://irail.be/vehicle/IC414,http://irail.be/stations/NMBS/008844057,IC,2017-06-26T17:03:00,2017-06-26T17:03:00,98,98
http://irail.be/vehicle/IC414,NO-URI,IC,2017-06-26T17:05:00,2017-06-26T17:05:00,132,132
http://irail.be/vehicle/IC414,http://irail.be/stations/NMBS/008844545,IC,2017-06-26T17:10:00,2017-06-26T17:09:00,231,231
http://irail.be/vehicle/IC414,http://irail.be/stations/NMBS/008844503,IC,2017-06-26T17:16:00,2017-06-26T17:16:00,,231
http://irail.be/vehicle/IC414,http://irail.be/stations/NMBS/008896008,IC,2017-10-11T14:16:00,2017-10-11T14:16:00,76,
http://irail.be/vehicle/IC414,http://irail.be/stations/NMBS/008896115,IC,2017-10-11T14:22:00,2017-10-11T14:21:00,67,67
http://irail.be/vehicle/IC414,http://irail.be/stations/NMBS/008896149,IC,2017-10-11T14:28:00,2017-10-11T14:27:00,97,82
http://irail.be/vehicle/IC414,http://irail.be/stations/NMBS/008892106,IC,2017-10-11T14:38:00,2017-10-11T14:37:00,83,-5
http://irail.be/vehicle/IC414,NO-URI,IC,2017-10-11T14:40:00,2017-10-11T14:40:00,83,83
http://irail.be/vehicle/IC414,http://irail.be/stations/NMBS/008892080,IC,2017-10-11T14:45:00,2017-10-11T14:44:00,20,-3
http://irail.be/vehicle/IC414,http://irail.be/stations/NMBS/008892007,IC,2017-10-11T14:54:00,2017-10-11T14:51:00,49,57
http://irail.be/vehicle/IC414,http://irail.be/stations/NMBS/008814001,IC,2017-10-11T15:27:00,2017-10-11T15:24:00,547,484
http://irail.be/vehicle/IC414,http://irail.be/stations/NMBS/008813037,IC,2017-10-11T15:29:00,2017-10-11T15:29:00,565,565
http://irail.be/vehicle/IC414,http://irail.be/stations/NMBS/008813003,IC,2017-10-11T15:31:00,2017-10-11T15:30:00,725,683
http://irail.be/vehicle/IC414,http://irail.be/stations/NMBS/008813045,IC,2017-10-11T15:33:00,2017-10-11T15:33:00,706,706
http://irail.be/vehicle/IC414,http://irail.be/stations/NMBS/008812005,IC,2017-10-11T15:38:00,2017-10-11T15:35:00,689,696
http://irail.be/vehicle/IC414,http://irail.be/stations/NMBS/008811007,IC,2017-10-11T15:41:00,2017-10-11T15:41:00,711,711
http://irail.be/vehicle/IC414,http://irail.be/stations/NMBS/008811130,IC,2017-10-11T15:42:00,2017-10-11T15:42:00,738,738
http://irail.be/vehicle/IC414,http://irail.be/stations/NMBS/008811213,IC,2017-10-11T15:43:00,2017-10-11T15:43:00,727,727
http://irail.be/vehicle/IC414,http://irail.be/stations/NMBS/008811221,IC,2017-10-11T15:44:00,2017-10-11T15:44:00,734,734
http://irail.be/vehicle/IC414,http://irail.be/stations/NMBS/008811247,IC,2017-10-11T15:45:00,2017-10-11T15:45:00,694,694
http://irail.be/vehicle/IC414,http://irail.be/stations/NMBS/008811254,IC,2017-10-11T15:46:00,2017-10-11T15:46:00,604,604
http://irail.be/vehicle/IC414,http://irail.be/stations/NMBS/008811262,IC,2017-10-11T15:48:00,2017-10-11T15:48:00,604,604
http://irail.be/vehicle/IC414,http://irail.be/stations/NMBS/008811270,IC,2017-10-11T15:49:00,2017-10-11T15:49:00,678,678
http://irail.be/vehicle/IC414,http://irail.be/stations/NMBS/008811288,IC,2017-10-11T15:50:00,2017-10-11T15:50:00,691,691
http://irail.be/vehicle/IC414,http://irail.be/stations/NMBS/008833001,IC,2017-10-11T15:57:00,2017-10-11T15:53:00,592,685
http://irail.be/vehicle/IC414,http://irail.be/stations/NMBS/008841202,IC,2017-10-11T16:24:00,2017-10-11T16:24:00,446,446
http://irail.be/vehicle/IC414,http://irail.be/stations/NMBS/008841004,IC,2017-10-11T16:34:00,2017-10-11T16:31:00,355,398
http://irail.be/vehicle/IC414,http://irail.be/stations/NMBS/008842002,IC,2017-10-11T16:41:00,2017-10-11T16:37:00,268,268
http://irail.be/vehicle/IC414,http://irail.be/stations/NMBS/008842036,IC,2017-10-11T16:43:00,2017-10-11T16:43:00,268,268
http://irail.be/vehicle/IC414,http://irail.be/stations/NMBS/008844271,IC,2017-10-11T16:47:00,2017-10-11T16:47:00,242,242
http://irail.be/vehicle/IC414,NO-URI,IC,2017-10-11T16:48:00,2017-10-11T16:48:00,225,225
http://irail.be/vehicle/IC414,http://irail.be/stations/NMBS/008844255,IC,2017-10-11T16:49:00,2017-10-11T16:49:00,218,218
http://irail.be/vehicle/IC414,http://irail.be/stations/NMBS/008844230,IC,2017-10-11T16:49:00,2017-10-11T16:49:00,253,253
http://irail.be/vehicle/IC414,http://irail.be/stations/NMBS/008844206,IC,2017-10-11T16:54:00,2017-10-11T16:53:00,253,253
http://irail.be/vehicle/IC414,http://irail.be/stations/NMBS/008844008,IC,2017-10-11T17:02:00,2017-10-11T17:00:00,60,176
http://irail.be/vehicle/IC414,http://irail.be/stations/NMBS/008844057,IC,2017-10-11T17:03:00,2017-10-11T17:03:00,60,60
http://irail.be/vehicle/IC414,NO-URI,IC,2017-10-11T17:05:00,2017-10-11T17:05:00,83,83
http://irail.be/vehicle/IC414,http://irail.be/stations/NMBS/008844545,IC,2017-10-11T17:10:00,2017-10-11T17:09:00,262,262
http://irail.be/vehicle/IC414,http://irail.be/stations/NMBS/008844503,IC,2017-10-11T17:16:00,2017-10-11T17:16:00,,262
http://irail.be/vehicle/IC414,http://irail.be/stations/NMBS/008896008,IC,2017-02-15T14:16:00,2017-02-15T14:16:00,61,
http://irail.be/vehicle/IC414,http://irail.be/stations/NMBS/008896115,IC,2017-02-15T14:22:00,2017-02-15T14:21:00,67,67
http://irail.be/vehicle/IC414,http://irail.be/stations/NMBS/008896149,IC,2017-02-15T14:28:00,2017-02-15T14:27:00,102,67
http://irail.be/vehicle/IC414,http://irail.be/stations/NMBS/008892106,IC,2017-02-15T14:38:00,2017-02-15T14:37:00,140,53
http://irail.be/vehicle/IC414,NO-URI,IC,2017-02-15T14:40:00,2017-02-15T14:40:00,140,140
http://irail.be/vehicle/IC414,http://irail.be/stations/NMBS/008892080,IC,2017-02-15T14:45:00,2017-02-15T14:44:00,53,35
http://irail.be/vehicle/IC414,http://irail.be/stations/NMBS/008892007,IC,2017-02-15T14:54:00,2017-02-15T14:51:00,142,64
http://irail.be/vehicle/IC414,http://irail.be/stations/NMBS/008814001,IC,2017-02-15T15:27:00,2017-02-15T15:24:00,97,138
http://irail.be/vehicle/IC414,http://irail.be/stations/NMBS/008813037,IC,2017-02-15T15:29:00,2017-02-15T15:29:00,92,92
http://irail.be/vehicle/IC414,http://irail.be/stations/NMBS/008813003,IC,2017-02-15T15:31:00,2017-02-15T15:30:00,130,95
http://irail.be/vehicle/IC414,http://irail.be/stations/NMBS/008813045,IC,2017-02-15T15:33:00,2017-02-15T15:33:00,110,110
http://irail.be/vehicle/IC414,http://irail.be/stations/NMBS/008812005,IC,2017-02-15T15:38:00,2017-02-15T15:35:00,47,100
http://irail.be/vehicle/IC414,http://irail.be/stations/NMBS/008811007,IC,2017-02-15T15:41:00,2017-02-15T15:41:00,18,18
http://irail.be/vehicle/IC414,http://irail.be/stations/NMBS/008811130,IC,2017-02-15T15:42:00,2017-02-15T15:42:00,12,12
http://irail.be/vehicle/IC414,http://irail.be/stations/NMBS/008811213,IC,2017-02-15T15:43:00,2017-02-15T15:43:00,19,19
http://irail.be/vehicle/IC414,http://irail.be/stations/NMBS/008811221,IC,2017-02-15T15:44:00,2017-02-15T15:44:00,31,31
http://irail.be/vehicle/IC414,http://irail.be/stations/NMBS/008811247,IC,2017-02-15T15:45:00,2017-02-15T15:45:00,-8,-8
http://irail.be/vehicle/IC414,http://irail.be/stations/NMBS/008811254,IC,2017-02-15T15:46:00,2017-02-15T15:46:00,-98,-98
http://irail.be/vehicle/IC414,http://irail.be/stations/NMBS/008811262,IC,2017-02-15T15:48:00,2017-02-15T15:48:00,-98,-98
http://irail.be/vehicle/IC414,http://irail.be/stations/NMBS/008811270,IC,2017-02-15T15:49:00,2017-02-15T15:49:00,-21,-21
http://irail.be/vehicle/IC414,http://irail.be/stations/NMBS/008811288,IC,2017-02-15T15:50:00,2017-02-15T15:50:00,-8,-8
http://irail.be/vehicle/IC414,http://irail.be/stations/NMBS/008833001,IC,2017-02-15T15:57:00,2017-02-15T15:53:00,28,11
http://irail.be/vehicle/IC414,http://irail.be/stations/NMBS/008841202,IC,2017-02-15T16:24:00,2017-02-15T16:24:00,-56,-56
http://irail.be/vehicle/IC414,http://irail.be/stations/NMBS/008841004,IC,2017-02-15T16:34:00,2017-02-15T16:31:00,17,64
http://irail.be/vehicle/IC414,http://irail.be/stations/NMBS/008842002,IC,2017-02-15T16:41:00,2017-02-15T16:37:00,98,98
http://irail.be/vehicle/IC414,http://irail.be/stations/NMBS/008842036,IC,2017-02-15T16:43:00,2017-02-15T16:43:00,98,98
http://irail.be/vehicle/IC414,http://irail.be/stations/NMBS/008844271,IC,2017-02-15T16:47:00,2017-02-15T16:47:00,94,94
http://irail.be/vehicle/IC414,NO-URI,IC,2017-02-15T16:48:00,2017-02-15T16:48:00,424,424
http://irail.be/vehicle/IC414,http://irail.be/stations/NMBS/008844255,IC,2017-02-15T16:49:00,2017-02-15T16:49:00,453,453
http://irail.be/vehicle/IC414,http://irail.be/stations/NMBS/008844230,IC,2017-02-15T16:49:00,2017-02-15T16:49:00,759,759
http://irail.be/vehicle/IC414,http://irail.be/stations/NMBS/008844206,IC,2017-02-15T16:54:00,2017-02-15T16:53:00,759,759
http://irail.be/vehicle/IC414,http://irail.be/stations/NMBS/008844008,IC,2017-02-15T17:02:00,2017-02-15T17:00:00,1160,743
http://irail.be/vehicle/IC414,http://irail.be/stations/NMBS/008844057,IC,2017-02-15T17:03:00,2017-02-15T17:03:00,1160,1160
http://irail.be/vehicle/IC414,NO-URI,IC,2017-02-15T17:05:00,2017-02-15T17:05:00,1197,1197
http://irail.be/vehicle/IC414,http://irail.be/stations/NMBS/008844545,IC,2017-02-15T17:10:00,2017-02-15T17:09:00,1280,1280
http://irail.be/vehicle/IC414,http://irail.be/stations/NMBS/008844503,IC,2017-02-15T17:16:00,2017-02-15T17:16:00,,1280
http://irail.be/vehicle/IC414,http://irail.be/stations/NMBS/008896008,IC,2017-09-25T14:16:00,2017-09-25T14:16:00,168,
http://irail.be/vehicle/IC414,http://irail.be/stations/NMBS/008896115,IC,2017-09-25T14:22:00,2017-09-25T14:21:00,209,209
http://irail.be/vehicle/IC414,http://irail.be/stations/NMBS/008896149,IC,2017-09-25T14:28:00,2017-09-25T14:27:00,287,262
http://irail.be/vehicle/IC414,http://irail.be/stations/NMBS/008892106,IC,2017-09-25T14:38:00,2017-09-25T14:37:00,254,213
http://irail.be/vehicle/IC414,NO-URI,IC,2017-09-25T14:40:00,2017-09-25T14:40:00,254,254
http://irail.be/vehicle/IC414,http://irail.be/stations/NMBS/008892080,IC,2017-09-25T14:45:00,2017-09-25T14:44:00,213,196
http://irail.be/vehicle/IC414,http://irail.be/stations/NMBS/008892007,IC,2017-09-25T14:54:00,2017-09-25T14:51:00,233,290
http://irail.be/vehicle/IC414,http://irail.be/stations/NMBS/008814001,IC,2017-09-25T15:27:00,2017-09-25T15:24:00,246,289
http://irail.be/vehicle/IC414,http://irail.be/stations/NMBS/008813037,IC,2017-09-25T15:29:00,2017-09-25T15:29:00,263,263
http://irail.be/vehicle/IC414,http://irail.be/stations/NMBS/008813003,IC,2017-09-25T15:31:00,2017-09-25T15:30:00,341,280
http://irail.be/vehicle/IC414,http://irail.be/stations/NMBS/008813045,IC,2017-09-25T15:33:00,2017-09-25T15:33:00,322,322
http://irail.be/vehicle/IC414,http://irail.be/stations/NMBS/008812005,IC,2017-09-25T15:38:00,2017-09-25T15:35:00,362,312
http://irail.be/vehicle/IC414,http://irail.be/stations/NMBS/008811007,IC,2017-09-25T15:41:00,2017-09-25T15:41:00,496,496
http://irail.be/vehicle/IC414,http://irail.be/stations/NMBS/008811130,IC,2017-09-25T15:42:00,2017-09-25T15:42:00,524,524
http://irail.be/vehicle/IC414,http://irail.be/stations/NMBS/008811213,IC,2017-09-25T15:43:00,2017-09-25T15:43:00,512,512
http://irail.be/vehicle/IC414,http://irail.be/stations/NMBS/008811221,IC,2017-09-25T15:44:00,2017-09-25T15:44:00,521,521
http://irail.be/vehicle/IC414,http://irail.be/stations/NMBS/008811247,IC,2017-09-25T15:45:00,2017-09-25T15:45:00,485,485
http://irail.be/vehicle/IC414,http://irail.be/stations/NMBS/008811254,IC,2017-09-25T15:46:00,2017-09-25T15:46:00,396,396
http://irail.be/vehicle/IC414,http://irail.be/stations/NMBS/008811262,IC,2017-09-25T15:48:00,2017-09-25T15:48:00,396,396
http://irail.be/vehicle/IC414,http://irail.be/stations/NMBS/008811270,IC,2017-09-25T15:49:00,2017-09-25T15:49:00,485,485
http://irail.be/vehicle/IC414,http://irail.be/stations/NMBS/008811288,IC,2017-09-25T15:50:00,2017-09-25T15:50:00,499,499
http://irail.be/vehicle/IC414,http://irail.be/stations/NMBS/008833001,IC,2017-09-25T15:57:00,2017-09-25T15:53:00,422,516
http://irail.be/vehicle/IC414,http://irail.be/stations/NMBS/008841202,IC,2017-09-25T16:24:00,2017-09-25T16:24:00,360,360
http://irail.be/vehicle/IC414,http://irail.be/stations/NMBS/008841004,IC,2017-09-25T16:34:00,2017-09-25T16:31:00,543,449
http://irail.be/vehicle/IC414,http://irail.be/stations/NMBS/008842002,IC,2017-09-25T16:41:00,2017-09-25T16:37:00,413,413
http://irail.be/vehicle/IC414,http://irail.be/stations/NMBS/008842036,IC,2017-09-25T16:43:00,2017-09-25T16:43:00,413,413
http://irail.be/vehicle/IC414,http://irail.be/stations/NMBS/008844271,IC,2017-09-25T16:47:00,2017-09-25T16:47:00,383,383
http://irail.be/vehicle/IC414,NO-URI,IC,2017-09-25T16:48:00,2017-09-25T16:48:00,375,375
http://irail.be/vehicle/IC414,http://irail.be/stations/NMBS/008844255,IC,2017-09-25T16:49:00,2017-09-25T16:49:00,373,373
http://irail.be/vehicle/IC414,http://irail.be/stations/NMBS/008844230,IC,2017-09-25T16:49:00,2017-09-25T16:49:00,478,478
http://irail.be/vehicle/IC414,http://irail.be/stations/NMBS/008844206,IC,2017-09-25T16:54:00,2017-09-25T16:53:00,478,478
http://irail.be/vehicle/IC414,http://irail.be/stations/NMBS/008844008,IC,2017-09-25T17:02:00,2017-09-25T17:00:00,328,398
http://irail.be/vehicle/IC414,http://irail.be/stations/NMBS/008844057,IC,2017-09-25T17:03:00,2017-09-25T17:03:00,328,328
http://irail.be/vehicle/IC414,NO-URI,IC,2017-09-25T17:05:00,2017-09-25T17:05:00,356,356
http://irail.be/vehicle/IC414,http://irail.be/stations/NMBS/008844545,IC,2017-09-25T17:10:00,2017-09-25T17:09:00,445,445
http://irail.be/vehicle/IC414,http://irail.be/stations/NMBS/008844503,IC,2017-09-25T17:16:00,2017-09-25T17:16:00,,445
http://irail.be/vehicle/IC414,http://irail.be/stations/NMBS/008896008,IC,2017-04-03T14:16:00,2017-04-03T14:16:00,66,
http://irail.be/vehicle/IC414,http://irail.be/stations/NMBS/008896115,IC,2017-04-03T14:22:00,2017-04-03T14:21:00,120,120
http://irail.be/vehicle/IC414,http://irail.be/stations/NMBS/008896149,IC,2017-04-03T14:28:00,2017-04-03T14:27:00,117,120
http://irail.be/vehicle/IC414,http://irail.be/stations/NMBS/008892106,IC,2017-04-03T14:38:00,2017-04-03T14:37:00,48,9
http://irail.be/vehicle/IC414,NO-URI,IC,2017-04-03T14:40:00,2017-04-03T14:40:00,48,48
http://irail.be/vehicle/IC414,http://irail.be/stations/NMBS/008892080,IC,2017-04-03T14:45:00,2017-04-03T14:44:00,41,-38
http://irail.be/vehicle/IC414,http://irail.be/stations/NMBS/008892007,IC,2017-04-03T14:54:00,2017-04-03T14:51:00,24,50
http://irail.be/vehicle/IC414,http://irail.be/stations/NMBS/008814001,IC,2017-04-03T15:27:00,2017-04-03T15:24:00,562,570
http://irail.be/vehicle/IC414,http://irail.be/stations/NMBS/008813037,IC,2017-04-03T15:29:00,2017-04-03T15:29:00,561,561
http://irail.be/vehicle/IC414,http://irail.be/stations/NMBS/008813003,IC,2017-04-03T15:31:00,2017-04-03T15:30:00,644,625
http://irail.be/vehicle/IC414,http://irail.be/stations/NMBS/008813045,IC,2017-04-03T15:33:00,2017-04-03T15:33:00,629,629
http://irail.be/vehicle/IC414,http://irail.be/stations/NMBS/008812005,IC,2017-04-03T15:38:00,2017-04-03T15:35:00,577,618
http://irail.be/vehicle/IC414,http://irail.be/stations/NMBS/008811007,IC,2017-04-03T15:41:00,2017-04-03T15:41:00,552,552
http://irail.be/vehicle/IC414,http://irail.be/stations/NMBS/008811130,IC,2017-04-03T15:42:00,2017-04-03T15:42:00,572,572
http://irail.be/vehicle/IC414,http://irail.be/stations/NMBS/008811213,IC,2017-04-03T15:43:00,2017-04-03T15:43:00,564,564
http://irail.be/vehicle/IC414,http://irail.be/stations/NMBS/008811221,IC,2017-04-03T15:44:00,2017-04-03T15:44:00,573,573
http://irail.be/vehicle/IC414,http://irail.be/stations/NMBS/008811247,IC,2017-04-03T15:45:00,2017-04-03T15:45:00,534,534
http://irail.be/vehicle/IC414,http://irail.be/stations/NMBS/008811254,IC,2017-04-03T15:46:00,2017-04-03T15:46:00,444,444
http://irail.be/vehicle/IC414,http://irail.be/stations/NMBS/008811262,IC,2017-04-03T15:48:00,2017-04-03T15:48:00,444,444
http://irail.be/vehicle/IC414,http://irail.be/stations/NMBS/008811270,IC,2017-04-03T15:49:00,2017-04-03T15:49:00,519,519
http://irail.be/vehicle/IC414,http://irail.be/stations/NMBS/008811288,IC,2017-04-03T15:50:00,2017-04-03T15:50:00,531,531
http://irail.be/vehicle/IC414,http://irail.be/stations/NMBS/008833001,IC,2017-04-03T15:57:00,2017-04-03T15:53:00,360,512
http://irail.be/vehicle/IC414,http://irail.be/stations/NMBS/008841202,IC,2017-04-03T16:24:00,2017-04-03T16:24:00,282,282
http://irail.be/vehicle/IC414,http://irail.be/stations/NMBS/008841004,IC,2017-04-03T16:34:00,2017-04-03T16:31:00,357,392
http://irail.be/vehicle/IC414,http://irail.be/stations/NMBS/008842002,IC,2017-04-03T16:41:00,2017-04-03T16:37:00,240,240
http://irail.be/vehicle/IC414,http://irail.be/stations/NMBS/008842036,IC,2017-04-03T16:43:00,2017-04-03T16:43:00,240,240
http://irail.be/vehicle/IC414,http://irail.be/stations/NMBS/008844271,IC,2017-04-03T16:47:00,2017-04-03T16:47:00,209,209
http://irail.be/vehicle/IC414,NO-URI,IC,2017-04-03T16:48:00,2017-04-03T16:48:00,193,193
http://irail.be/vehicle/IC414,http://irail.be/stations/NMBS/008844255,IC,2017-04-03T16:49:00,2017-04-03T16:49:00,187,187
http://irail.be/vehicle/IC414,http://irail.be/stations/NMBS/008844230,IC,2017-04-03T16:49:00,2017-04-03T16:49:00,232,232
http://irail.be/vehicle/IC414,http://irail.be/stations/NMBS/008844206,IC,2017-04-03T16:54:00,2017-04-03T16:53:00,232,232
http://irail.be/vehicle/IC414,http://irail.be/stations/NMBS/008844008,IC,2017-04-03T17:02:00,2017-04-03T17:00:00,60,154
http://irail.be/vehicle/IC414,http://irail.be/stations/NMBS/008844057,IC,2017-04-03T17:03:00,2017-04-03T17:03:00,60,60
http://irail.be/vehicle/IC414,NO-URI,IC,2017-04-03T17:05:00,2017-04-03T17:05:00,108,108
http://irail.be/vehicle/IC414,http://irail.be/stations/NMBS/008844545,IC,2017-04-03T17:10:00,2017-04-03T17:09:00,88,88
http://irail.be/vehicle/IC414,http://irail.be/stations/NMBS/008844503,IC,2017-04-03T17:16:00,2017-04-03T17:16:00,,88
http://irail.be/vehicle/IC414,http://irail.be/stations/NMBS/008896008,IC,2017-11-24T14:16:00,2017-11-24T14:16:00,63,
http://irail.be/vehicle/IC414,http://irail.be/stations/NMBS/008896115,IC,2017-11-24T14:22:00,2017-11-24T14:21:00,111,111
http://irail.be/vehicle/IC414,http://irail.be/stations/NMBS/008896149,IC,2017-11-24T14:28:00,2017-11-24T14:27:00,122,126
http://irail.be/vehicle/IC414,http://irail.be/stations/NMBS/008892106,IC,2017-11-24T14:38:00,2017-11-24T14:37:00,110,16
http://irail.be/vehicle/IC414,NO-URI,IC,2017-11-24T14:40:00,2017-11-24T14:40:00,110,110
http://irail.be/vehicle/IC414,http://irail.be/stations/NMBS/008892080,IC,2017-11-24T14:45:00,2017-11-24T14:44:00,34,13
http://irail.be/vehicle/IC414,http://irail.be/stations/NMBS/008892007,IC,2017-11-24T14:54:00,2017-11-24T14:51:00,90,87
http://irail.be/vehicle/IC414,http://irail.be/stations/NMBS/008814001,IC,2017-11-24T15:27:00,2017-11-24T15:24:00,235,150
http://irail.be/vehicle/IC414,http://irail.be/stations/NMBS/008813037,IC,2017-11-24T15:29:00,2017-11-24T15:29:00,244,244
http://irail.be/vehicle/IC414,http://irail.be/stations/NMBS/008813003,IC,2017-11-24T15:31:00,2017-11-24T15:30:00,311,246
http://irail.be/vehicle/IC414,http://irail.be/stations/NMBS/008813045,IC,2017-11-24T15:33:00,2017-11-24T15:33:00,291,291
http://irail.be/vehicle/IC414,http://irail.be/stations/NMBS/008812005,IC,2017-11-24T15:38:00,2017-11-24T15:35:00,235,283
http://irail.be/vehicle/IC414,http://irail.be/stations/NMBS/008811007,IC,2017-11-24T15:41:00,2017-11-24T15:41:00,197,197
http://irail.be/vehicle/IC414,http://irail.be/stations/NMBS/008811130,IC,2017-11-24T15:42:00,2017-11-24T15:42:00,215,215
http://irail.be/vehicle/IC414,http://irail.be/stations/NMBS/008811213,IC,2017-11-24T15:43:00,2017-11-24T15:43:00,200,200
http://irail.be/vehicle/IC414,http://irail.be/stations/NMBS/008811221,IC,2017-11-24T15:44:00,2017-11-24T15:44:00,207,207
http://irail.be/vehicle/IC414,http://irail.be/stations/NMBS/008811247,IC,2017-11-24T15:45:00,2017-11-24T15:45:00,165,165
http://irail.be/vehicle/IC414,http://irail.be/stations/NMBS/008811254,IC,2017-11-24T15:46:00,2017-11-24T15:46:00,74,74
http://irail.be/vehicle/IC414,http://irail.be/stations/NMBS/008811262,IC,2017-11-24T15:48:00,2017-11-24T15:48:00,74,74
http://irail.be/vehicle/IC414,http://irail.be/stations/NMBS/008811270,IC,2017-11-24T15:49:00,2017-11-24T15:49:00,148,148
http://irail.be/vehicle/IC414,http://irail.be/stations/NMBS/008811288,IC,2017-11-24T15:50:00,2017-11-24T15:50:00,159,159
http://irail.be/vehicle/IC414,http://irail.be/stations/NMBS/008833001,IC,2017-11-24T15:57:00,2017-11-24T15:53:00,56,146
http://irail.be/vehicle/IC414,http://irail.be/stations/NMBS/008841202,IC,2017-11-24T16:24:00,2017-11-24T16:24:00,-112,-112
http://irail.be/vehicle/IC414,http://irail.be/stations/NMBS/008841004,IC,2017-11-24T16:34:00,2017-11-24T16:31:00,58,-169
http://irail.be/vehicle/IC414,http://irail.be/stations/NMBS/008842002,IC,2017-11-24T16:41:00,2017-11-24T16:37:00,12,12
http://irail.be/vehicle/IC414,http://irail.be/stations/NMBS/008842036,IC,2017-11-24T16:43:00,2017-11-24T16:43:00,12,12
http://irail.be/vehicle/IC414,http://irail.be/stations/NMBS/008844271,IC,2017-11-24T16:47:00,2017-11-24T16:47:00,-11,-11
http://irail.be/vehicle/IC414,NO-URI,IC,2017-11-24T16:48:00,2017-11-24T16:48:00,10,10
http://irail.be/vehicle/IC414,http://irail.be/stations/NMBS/008844255,IC,2017-11-24T16:49:00,2017-11-24T16:49:00,58,58
http://irail.be/vehicle/IC414,http://irail.be/stations/NMBS/008844230,IC,2017-11-24T16:49:00,2017-11-24T16:49:00,387,387
http://irail.be/vehicle/IC414,http://irail.be/stations/NMBS/008844206,IC,2017-11-24T16:54:00,2017-11-24T16:53:00,387,387
http://irail.be/vehicle/IC414,http://irail.be/stations/NMBS/008844008,IC,2017-11-24T17:02:00,2017-11-24T17:00:00,223,310
http://irail.be/vehicle/IC414,http://irail.be/stations/NMBS/008844057,IC,2017-11-24T17:03:00,2017-11-24T17:03:00,223,223
http://irail.be/vehicle/IC414,NO-URI,IC,2017-11-24T17:05:00,2017-11-24T17:05:00,221,221
http://irail.be/vehicle/IC414,http://irail.be/stations/NMBS/008844545,IC,2017-11-24T17:10:00,2017-11-24T17:09:00,202,202
http://irail.be/vehicle/IC414,http://irail.be/stations/NMBS/008844503,IC,2017-11-24T17:16:00,2017-11-24T17:16:00,,202
http://irail.be/vehicle/IC414,http://irail.be/stations/NMBS/008896008,IC,2017-03-15T14:16:00,2017-03-15T14:16:00,52,
http://irail.be/vehicle/IC414,http://irail.be/stations/NMBS/008896115,IC,2017-03-15T14:22:00,2017-03-15T14:21:00,115,115
http://irail.be/vehicle/IC414,http://irail.be/stations/NMBS/008896149,IC,2017-03-15T14:28:00,2017-03-15T14:27:00,126,115
http://irail.be/vehicle/IC414,http://irail.be/stations/NMBS/008892106,IC,2017-03-15T14:38:00,2017-03-15T14:37:00,94,56
http://irail.be/vehicle/IC414,NO-URI,IC,2017-03-15T14:40:00,2017-03-15T14:40:00,94,94
http://irail.be/vehicle/IC414,http://irail.be/stations/NMBS/008892080,IC,2017-03-15T14:45:00,2017-03-15T14:44:00,50,43
http://irail.be/vehicle/IC414,http://irail.be/stations/NMBS/008892007,IC,2017-03-15T14:54:00,2017-03-15T14:51:00,91,140
http://irail.be/vehicle/IC414,http://irail.be/stations/NMBS/008814001,IC,2017-03-15T15:27:00,2017-03-15T15:24:00,59,65
http://irail.be/vehicle/IC414,http://irail.be/stations/NMBS/008813037,IC,2017-03-15T15:29:00,2017-03-15T15:29:00,64,64
http://irail.be/vehicle/IC414,http://irail.be/stations/NMBS/008813003,IC,2017-03-15T15:31:00,2017-03-15T15:30:00,136,119
http://irail.be/vehicle/IC414,http://irail.be/stations/NMBS/008813045,IC,2017-03-15T15:33:00,2017-03-15T15:33:00,128,128
http://irail.be/vehicle/IC414,http://irail.be/stations/NMBS/008812005,IC,2017-03-15T15:38:00,2017-03-15T15:35:00,60,118
http://irail.be/vehicle/IC414,http://irail.be/stations/NMBS/008811007,IC,2017-03-15T15:40:24,2017-03-15T15:40:24,61,61
http://irail.be/vehicle/IC414,http://irail.be/stations/NMBS/008811130,IC,2017-03-15T15:42:00,2017-03-15T15:42:00,43,43
http://irail.be/vehicle/IC414,http://irail.be/stations/NMBS/008811213,IC,2017-03-15T15:43:00,2017-03-15T15:43:00,54,54
http://irail.be/vehicle/IC414,http://irail.be/stations/NMBS/008811221,IC,2017-03-15T15:44:00,2017-03-15T15:44:00,63,63
http://irail.be/vehicle/IC414,http://irail.be/stations/NMBS/008811247,IC,2017-03-15T15:45:00,2017-03-15T15:45:00,25,25
http://irail.be/vehicle/IC414,http://irail.be/stations/NMBS/008811254,IC,2017-03-15T15:46:00,2017-03-15T15:46:00,-64,-64
http://irail.be/vehicle/IC414,http://irail.be/stations/NMBS/008811262,IC,2017-03-15T15:48:00,2017-03-15T15:48:00,-64,-64
http://irail.be/vehicle/IC414,http://irail.be/stations/NMBS/008811270,IC,2017-03-15T15:49:00,2017-03-15T15:49:00,19,19
http://irail.be/vehicle/IC414,http://irail.be/stations/NMBS/008811288,IC,2017-03-15T15:50:00,2017-03-15T15:50:00,33,33
http://irail.be/vehicle/IC414,http://irail.be/stations/NMBS/008833001,IC,2017-03-15T15:57:00,2017-03-15T15:53:00,22,19
http://irail.be/vehicle/IC414,http://irail.be/stations/NMBS/008841202,IC,2017-03-15T16:24:00,2017-03-15T16:24:00,-55,-55
http://irail.be/vehicle/IC414,http://irail.be/stations/NMBS/008841004,IC,2017-03-15T16:34:00,2017-03-15T16:31:00,34,102
http://irail.be/vehicle/IC414,http://irail.be/stations/NMBS/008842002,IC,2017-03-15T16:41:00,2017-03-15T16:37:00,27,27
http://irail.be/vehicle/IC414,http://irail.be/stations/NMBS/008842036,IC,2017-03-15T16:43:00,2017-03-15T16:43:00,27,27
http://irail.be/vehicle/IC414,http://irail.be/stations/NMBS/008844271,IC,2017-03-15T16:47:00,2017-03-15T16:47:00,30,30
http://irail.be/vehicle/IC414,NO-URI,IC,2017-03-15T16:48:00,2017-03-15T16:48:00,52,52
http://irail.be/vehicle/IC414,http://irail.be/stations/NMBS/008844255,IC,2017-03-15T16:49:00,2017-03-15T16:49:00,52,52
http://irail.be/vehicle/IC414,http://irail.be/stations/NMBS/008844230,IC,2017-03-15T16:49:00,2017-03-15T16:49:00,118,118
http://irail.be/vehicle/IC414,http://irail.be/stations/NMBS/008844206,IC,2017-03-15T16:54:00,2017-03-15T16:53:00,118,118
http://irail.be/vehicle/IC414,http://irail.be/stations/NMBS/008844008,IC,2017-03-15T17:02:00,2017-03-15T17:00:00,53,122
http://irail.be/vehicle/IC414,http://irail.be/stations/NMBS/008844057,IC,2017-03-15T17:03:00,2017-03-15T17:03:00,53,53
http://irail.be/vehicle/IC414,NO-URI,IC,2017-03-15T17:05:00,2017-03-15T17:05:00,83,83
http://irail.be/vehicle/IC414,http://irail.be/stations/NMBS/008844545,IC,2017-03-15T17:10:00,2017-03-15T17:09:00,94,94
http://irail.be/vehicle/IC414,http://irail.be/stations/NMBS/008844503,IC,2017-03-15T17:16:00,2017-03-15T17:16:00,,94
http://irail.be/vehicle/IC414,http://irail.be/stations/NMBS/008896008,IC,2017-11-14T14:16:00,2017-11-14T14:16:00,36,
http://irail.be/vehicle/IC414,http://irail.be/stations/NMBS/008896115,IC,2017-11-14T14:22:00,2017-11-14T14:21:00,26,26
http://irail.be/vehicle/IC414,http://irail.be/stations/NMBS/008896149,IC,2017-11-14T14:28:00,2017-11-14T14:27:00,56,32
http://irail.be/vehicle/IC414,http://irail.be/stations/NMBS/008892106,IC,2017-11-14T14:38:00,2017-11-14T14:37:00,21,-49
http://irail.be/vehicle/IC414,NO-URI,IC,2017-11-14T14:40:00,2017-11-14T14:40:00,21,21
http://irail.be/vehicle/IC414,http://irail.be/stations/NMBS/008892080,IC,2017-11-14T14:45:00,2017-11-14T14:44:00,47,-65
http://irail.be/vehicle/IC414,http://irail.be/stations/NMBS/008892007,IC,2017-11-14T14:54:00,2017-11-14T14:51:00,310,83
http://irail.be/vehicle/IC414,http://irail.be/stations/NMBS/008814001,IC,2017-11-14T15:27:00,2017-11-14T15:24:00,378,367
http://irail.be/vehicle/IC414,http://irail.be/stations/NMBS/008813037,IC,2017-11-14T15:29:00,2017-11-14T15:29:00,407,407
http://irail.be/vehicle/IC414,http://irail.be/stations/NMBS/008813003,IC,2017-11-14T15:31:00,2017-11-14T15:30:00,460,411
http://irail.be/vehicle/IC414,http://irail.be/stations/NMBS/008813045,IC,2017-11-14T15:33:00,2017-11-14T15:33:00,445,445
http://irail.be/vehicle/IC414,http://irail.be/stations/NMBS/008812005,IC,2017-11-14T15:38:00,2017-11-14T15:35:00,446,474
http://irail.be/vehicle/IC414,http://irail.be/stations/NMBS/008811007,IC,2017-11-14T15:41:00,2017-11-14T15:41:00,425,425
http://irail.be/vehicle/IC414,http://irail.be/stations/NMBS/008811130,IC,2017-11-14T15:42:00,2017-11-14T15:42:00,446,446
http://irail.be/vehicle/IC414,http://irail.be/stations/NMBS/008811213,IC,2017-11-14T15:43:00,2017-11-14T15:43:00,432,432
http://irail.be/vehicle/IC414,http://irail.be/stations/NMBS/008811221,IC,2017-11-14T15:44:00,2017-11-14T15:44:00,442,442
http://irail.be/vehicle/IC414,http://irail.be/stations/NMBS/008811247,IC,2017-11-14T15:45:00,2017-11-14T15:45:00,401,401
http://irail.be/vehicle/IC414,http://irail.be/stations/NMBS/008811254,IC,2017-11-14T15:46:00,2017-11-14T15:46:00,311,311
http://irail.be/vehicle/IC414,http://irail.be/stations/NMBS/008811262,IC,2017-11-14T15:48:00,2017-11-14T15:48:00,311,311
http://irail.be/vehicle/IC414,http://irail.be/stations/NMBS/008811270,IC,2017-11-14T15:49:00,2017-11-14T15:49:00,387,387
http://irail.be/vehicle/IC414,http://irail.be/stations/NMBS/008811288,IC,2017-11-14T15:50:00,2017-11-14T15:50:00,400,400
http://irail.be/vehicle/IC414,http://irail.be/stations/NMBS/008833001,IC,2017-11-14T15:57:00,2017-11-14T15:53:00,333,398
http://irail.be/vehicle/IC414,http://irail.be/stations/NMBS/008841202,IC,2017-11-14T16:24:00,2017-11-14T16:24:00,219,219
http://irail.be/vehicle/IC414,http://irail.be/stations/NMBS/008841004,IC,2017-11-14T16:34:00,2017-11-14T16:31:00,149,183
http://irail.be/vehicle/IC414,http://irail.be/stations/NMBS/008842002,IC,2017-11-14T16:41:00,2017-11-14T16:37:00,68,68
http://irail.be/vehicle/IC414,http://irail.be/stations/NMBS/008842036,IC,2017-11-14T16:43:00,2017-11-14T16:43:00,68,68
http://irail.be/vehicle/IC414,http://irail.be/stations/NMBS/008844271,IC,2017-11-14T16:47:00,2017-11-14T16:47:00,58,58
http://irail.be/vehicle/IC414,NO-URI,IC,2017-11-14T16:48:00,2017-11-14T16:48:00,70,70
http://irail.be/vehicle/IC414,http://irail.be/stations/NMBS/008844255,IC,2017-11-14T16:49:00,2017-11-14T16:49:00,72,72
http://irail.be/vehicle/IC414,http://irail.be/stations/NMBS/008844230,IC,2017-11-14T16:49:00,2017-11-14T16:49:00,369,369
http://irail.be/vehicle/IC414,http://irail.be/stations/NMBS/008844206,IC,2017-11-14T16:54:00,2017-11-14T16:53:00,369,369
http://irail.be/vehicle/IC414,http://irail.be/stations/NMBS/008844008,IC,2017-11-14T17:02:00,2017-11-14T17:00:00,217,306
http://irail.be/vehicle/IC414,http://irail.be/stations/NMBS/008844057,IC,2017-11-14T17:03:00,2017-11-14T17:03:00,217,217
http://irail.be/vehicle/IC414,NO-URI,IC,2017-11-14T17:05:00,2017-11-14T17:05:00,229,229
http://irail.be/vehicle/IC414,http://irail.be/stations/NMBS/008844545,IC,2017-11-14T17:10:00,2017-11-14T17:09:00,258,258
http://irail.be/vehicle/IC414,http://irail.be/stations/NMBS/008844503,IC,2017-11-14T17:16:00,2017-11-14T17:16:00,,258
http://irail.be/vehicle/IC414,http://irail.be/stations/NMBS/008896008,IC,2017-07-06T14:16:00,2017-07-06T14:16:00,76,
http://irail.be/vehicle/IC414,http://irail.be/stations/NMBS/008896115,IC,2017-07-06T14:22:00,2017-07-06T14:21:00,141,141
http://irail.be/vehicle/IC414,http://irail.be/stations/NMBS/008896149,IC,2017-07-06T14:28:00,2017-07-06T14:27:00,251,165
http://irail.be/vehicle/IC414,http://irail.be/stations/NMBS/008892106,IC,2017-07-06T14:38:00,2017-07-06T14:37:00,204,147
http://irail.be/vehicle/IC414,NO-URI,IC,2017-07-06T14:40:00,2017-07-06T14:40:00,204,204
http://irail.be/vehicle/IC414,http://irail.be/stations/NMBS/008892080,IC,2017-07-06T14:45:00,2017-07-06T14:44:00,146,127
http://irail.be/vehicle/IC414,http://irail.be/stations/NMBS/008892007,IC,2017-07-06T14:54:00,2017-07-06T14:51:00,182,185
http://irail.be/vehicle/IC414,http://irail.be/stations/NMBS/008814001,IC,2017-07-06T15:27:00,2017-07-06T15:24:00,564,626
http://irail.be/vehicle/IC414,http://irail.be/stations/NMBS/008813037,IC,2017-07-06T15:29:00,2017-07-06T15:29:00,583,583
http://irail.be/vehicle/IC414,http://irail.be/stations/NMBS/008813003,IC,2017-07-06T15:31:00,2017-07-06T15:30:00,615,594
http://irail.be/vehicle/IC414,http://irail.be/stations/NMBS/008813045,IC,2017-07-06T15:33:00,2017-07-06T15:33:00,601,601
http://irail.be/vehicle/IC414,http://irail.be/stations/NMBS/008812005,IC,2017-07-06T15:38:00,2017-07-06T15:35:00,662,634
http://irail.be/vehicle/IC414,http://irail.be/stations/NMBS/008811007,IC,2017-07-06T15:41:00,2017-07-06T15:41:00,639,639
http://irail.be/vehicle/IC414,http://irail.be/stations/NMBS/008811130,IC,2017-07-06T15:42:00,2017-07-06T15:42:00,659,659
http://irail.be/vehicle/IC414,http://irail.be/stations/NMBS/008811213,IC,2017-07-06T15:43:00,2017-07-06T15:43:00,648,648
http://irail.be/vehicle/IC414,http://irail.be/stations/NMBS/008811221,IC,2017-07-06T15:44:00,2017-07-06T15:44:00,656,656
http://irail.be/vehicle/IC414,http://irail.be/stations/NMBS/008811247,IC,2017-07-06T15:45:00,2017-07-06T15:45:00,616,616
http://irail.be/vehicle/IC414,http://irail.be/stations/NMBS/008811254,IC,2017-07-06T15:46:00,2017-07-06T15:46:00,526,526
http://irail.be/vehicle/IC414,http://irail.be/stations/NMBS/008811262,IC,2017-07-06T15:48:00,2017-07-06T15:48:00,526,526
http://irail.be/vehicle/IC414,http://irail.be/stations/NMBS/008811270,IC,2017-07-06T15:49:00,2017-07-06T15:49:00,603,603
http://irail.be/vehicle/IC414,http://irail.be/stations/NMBS/008811288,IC,2017-07-06T15:50:00,2017-07-06T15:50:00,613,613
http://irail.be/vehicle/IC414,http://irail.be/stations/NMBS/008833001,IC,2017-07-06T15:57:00,2017-07-06T15:53:00,545,619
http://irail.be/vehicle/IC414,http://irail.be/stations/NMBS/008841202,IC,2017-07-06T16:24:00,2017-07-06T16:24:00,410,410
http://irail.be/vehicle/IC414,http://irail.be/stations/NMBS/008841004,IC,2017-07-06T16:34:00,2017-07-06T16:31:00,287,357
http://irail.be/vehicle/IC414,http://irail.be/stations/NMBS/008842002,IC,2017-07-06T16:41:00,2017-07-06T16:37:00,152,152
http://irail.be/vehicle/IC414,http://irail.be/stations/NMBS/008842036,IC,2017-07-06T16:43:00,2017-07-06T16:43:00,152,152
http://irail.be/vehicle/IC414,http://irail.be/stations/NMBS/008844271,IC,2017-07-06T16:47:00,2017-07-06T16:47:00,131,131
http://irail.be/vehicle/IC414,NO-URI,IC,2017-07-06T16:48:00,2017-07-06T16:48:00,123,123
http://irail.be/vehicle/IC414,http://irail.be/stations/NMBS/008844255,IC,2017-07-06T16:49:00,2017-07-06T16:49:00,121,121
http://irail.be/vehicle/IC414,http://irail.be/stations/NMBS/008844230,IC,2017-07-06T16:49:00,2017-07-06T16:49:00,179,179
http://irail.be/vehicle/IC414,http://irail.be/stations/NMBS/008844206,IC,2017-07-06T16:54:00,2017-07-06T16:53:00,179,179
http://irail.be/vehicle/IC414,http://irail.be/stations/NMBS/008844008,IC,2017-07-06T17:02:00,2017-07-06T17:00:00,457,116
http://irail.be/vehicle/IC414,http://irail.be/stations/NMBS/008844057,IC,2017-07-06T17:03:00,2017-07-06T17:03:00,457,457
http://irail.be/vehicle/IC414,NO-URI,IC,2017-07-06T17:05:00,2017-07-06T17:05:00,497,497
http://irail.be/vehicle/IC414,http://irail.be/stations/NMBS/008844545,IC,2017-07-06T17:10:00,2017-07-06T17:09:00,618,618
http://irail.be/vehicle/IC414,http://irail.be/stations/NMBS/008844503,IC,2017-07-06T17:16:00,2017-07-06T17:16:00,,618
http://irail.be/vehicle/IC414,http://irail.be/stations/NMBS/008896008,IC,2017-01-17T14:16:00,2017-01-17T14:16:00,37,
http://irail.be/vehicle/IC414,http://irail.be/stations/NMBS/008896115,IC,2017-01-17T14:22:00,2017-01-17T14:21:00,120,120
http://irail.be/vehicle/IC414,http://irail.be/stations/NMBS/008896149,IC,2017-01-17T14:28:00,2017-01-17T14:27:00,111,120
http://irail.be/vehicle/IC414,http://irail.be/stations/NMBS/008892106,IC,2017-01-17T14:38:00,2017-01-17T14:37:00,117,52
http://irail.be/vehicle/IC414,NO-URI,IC,2017-01-17T14:40:00,2017-01-17T14:40:00,117,117
http://irail.be/vehicle/IC414,http://irail.be/stations/NMBS/008892080,IC,2017-01-17T14:45:00,2017-01-17T14:44:00,102,94
http://irail.be/vehicle/IC414,http://irail.be/stations/NMBS/008892007,IC,2017-01-17T14:54:00,2017-01-17T14:51:00,138,190
http://irail.be/vehicle/IC414,http://irail.be/stations/NMBS/008814001,IC,2017-01-17T15:27:00,2017-01-17T15:24:00,171,177
http://irail.be/vehicle/IC414,http://irail.be/stations/NMBS/008813037,IC,2017-01-17T15:29:00,2017-01-17T15:29:00,178,178
http://irail.be/vehicle/IC414,http://irail.be/stations/NMBS/008813003,IC,2017-01-17T15:31:00,2017-01-17T15:30:00,195,185
http://irail.be/vehicle/IC414,http://irail.be/stations/NMBS/008813045,IC,2017-01-17T15:33:00,2017-01-17T15:33:00,185,185
http://irail.be/vehicle/IC414,http://irail.be/stations/NMBS/008812005,IC,2017-01-17T15:38:00,2017-01-17T15:35:00,130,177
http://irail.be/vehicle/IC414,http://irail.be/stations/NMBS/008811007,IC,2017-01-17T15:41:00,2017-01-17T15:41:00,103,103
http://irail.be/vehicle/IC414,http://irail.be/stations/NMBS/008811130,IC,2017-01-17T15:42:00,2017-01-17T15:42:00,128,128
http://irail.be/vehicle/IC414,http://irail.be/stations/NMBS/008811213,IC,2017-01-17T15:43:00,2017-01-17T15:43:00,139,139
http://irail.be/vehicle/IC414,http://irail.be/stations/NMBS/008811221,IC,2017-01-17T15:44:00,2017-01-17T15:44:00,152,152
http://irail.be/vehicle/IC414,http://irail.be/stations/NMBS/008811247,IC,2017-01-17T15:45:00,2017-01-17T15:45:00,117,117
http://irail.be/vehicle/IC414,http://irail.be/stations/NMBS/008811254,IC,2017-01-17T15:46:00,2017-01-17T15:46:00,29,29
http://irail.be/vehicle/IC414,http://irail.be/stations/NMBS/008811262,IC,2017-01-17T15:48:00,2017-01-17T15:48:00,29,29
http://irail.be/vehicle/IC414,http://irail.be/stations/NMBS/008811270,IC,2017-01-17T15:49:00,2017-01-17T15:49:00,113,113
http://irail.be/vehicle/IC414,http://irail.be/stations/NMBS/008811288,IC,2017-01-17T15:50:00,2017-01-17T15:50:00,126,126
http://irail.be/vehicle/IC414,http://irail.be/stations/NMBS/008833001,IC,2017-01-17T15:57:00,2017-01-17T15:53:00,9,123
http://irail.be/vehicle/IC414,http://irail.be/stations/NMBS/008841202,IC,2017-01-17T16:24:00,2017-01-17T16:24:00,26,26
http://irail.be/vehicle/IC414,http://irail.be/stations/NMBS/008841004,IC,2017-01-17T16:34:00,2017-01-17T16:31:00,46,138
http://irail.be/vehicle/IC414,http://irail.be/stations/NMBS/008842002,IC,2017-01-17T16:41:00,2017-01-17T16:37:00,25,25
http://irail.be/vehicle/IC414,http://irail.be/stations/NMBS/008842036,IC,2017-01-17T16:43:00,2017-01-17T16:43:00,25,25
http://irail.be/vehicle/IC414,http://irail.be/stations/NMBS/008844271,IC,2017-01-17T16:47:00,2017-01-17T16:47:00,7,7
http://irail.be/vehicle/IC414,NO-URI,IC,2017-01-17T16:48:00,2017-01-17T16:48:00,4,4
http://irail.be/vehicle/IC414,http://irail.be/stations/NMBS/008844255,IC,2017-01-17T16:49:00,2017-01-17T16:49:00,2,2
http://irail.be/vehicle/IC414,http://irail.be/stations/NMBS/008844230,IC,2017-01-17T16:49:00,2017-01-17T16:49:00,95,95
http://irail.be/vehicle/IC414,http://irail.be/stations/NMBS/008844206,IC,2017-01-17T16:54:00,2017-01-17T16:53:00,95,95
http://irail.be/vehicle/IC414,http://irail.be/stations/NMBS/008844008,IC,2017-01-17T17:02:00,2017-01-17T17:00:00,-4,24
http://irail.be/vehicle/IC414,http://irail.be/stations/NMBS/008844057,IC,2017-01-17T17:03:00,2017-01-17T17:03:00,-4,-4
http://irail.be/vehicle/IC414,NO-URI,IC,2017-01-17T17:05:00,2017-01-17T17:05:00,19,19
http://irail.be/vehicle/IC414,http://irail.be/stations/NMBS/008844545,IC,2017-01-17T17:10:00,2017-01-17T17:09:00,68,68
http://irail.be/vehicle/IC414,http://irail.be/stations/NMBS/008844503,IC,2017-01-17T17:16:00,2017-01-17T17:16:00,,68
http://irail.be/vehicle/IC414,http://irail.be/stations/NMBS/008896008,IC,2017-10-23T14:16:00,2017-10-23T14:16:00,78,
http://irail.be/vehicle/IC414,http://irail.be/stations/NMBS/008896115,IC,2017-10-23T14:22:00,2017-10-23T14:21:00,106,106
http://irail.be/vehicle/IC414,http://irail.be/stations/NMBS/008896149,IC,2017-10-23T14:28:00,2017-10-23T14:27:00,159,133
http://irail.be/vehicle/IC414,http://irail.be/stations/NMBS/008892106,IC,2017-10-23T14:38:00,2017-10-23T14:37:00,139,64
http://irail.be/vehicle/IC414,NO-URI,IC,2017-10-23T14:40:00,2017-10-23T14:40:00,139,139
http://irail.be/vehicle/IC414,http://irail.be/stations/NMBS/008892080,IC,2017-10-23T14:45:00,2017-10-23T14:44:00,79,79
http://irail.be/vehicle/IC414,http://irail.be/stations/NMBS/008892007,IC,2017-10-23T14:54:00,2017-10-23T14:51:00,127,133
http://irail.be/vehicle/IC414,http://irail.be/stations/NMBS/008814001,IC,2017-10-23T15:27:00,2017-10-23T15:24:00,370,365
http://irail.be/vehicle/IC414,http://irail.be/stations/NMBS/008813037,IC,2017-10-23T15:29:00,2017-10-23T15:29:00,397,397
http://irail.be/vehicle/IC414,http://irail.be/stations/NMBS/008813003,IC,2017-10-23T15:31:00,2017-10-23T15:30:00,427,401
http://irail.be/vehicle/IC414,http://irail.be/stations/NMBS/008813045,IC,2017-10-23T15:33:00,2017-10-23T15:33:00,418,418
http://irail.be/vehicle/IC414,http://irail.be/stations/NMBS/008812005,IC,2017-10-23T15:38:00,2017-10-23T15:35:00,357,412
http://irail.be/vehicle/IC414,http://irail.be/stations/NMBS/008811007,IC,2017-10-23T15:41:00,2017-10-23T15:41:00,332,332
http://irail.be/vehicle/IC414,http://irail.be/stations/NMBS/008811130,IC,2017-10-23T15:42:00,2017-10-23T15:42:00,362,362
http://irail.be/vehicle/IC414,http://irail.be/stations/NMBS/008811213,IC,2017-10-23T15:43:00,2017-10-23T15:43:00,349,349
http://irail.be/vehicle/IC414,http://irail.be/stations/NMBS/008811221,IC,2017-10-23T15:44:00,2017-10-23T15:44:00,358,358
http://irail.be/vehicle/IC414,http://irail.be/stations/NMBS/008811247,IC,2017-10-23T15:45:00,2017-10-23T15:45:00,318,318
http://irail.be/vehicle/IC414,http://irail.be/stations/NMBS/008811254,IC,2017-10-23T15:46:00,2017-10-23T15:46:00,228,228
http://irail.be/vehicle/IC414,http://irail.be/stations/NMBS/008811262,IC,2017-10-23T15:48:00,2017-10-23T15:48:00,228,228
http://irail.be/vehicle/IC414,http://irail.be/stations/NMBS/008811270,IC,2017-10-23T15:49:00,2017-10-23T15:49:00,306,306
http://irail.be/vehicle/IC414,http://irail.be/stations/NMBS/008811288,IC,2017-10-23T15:50:00,2017-10-23T15:50:00,319,319
http://irail.be/vehicle/IC414,http://irail.be/stations/NMBS/008833001,IC,2017-10-23T15:57:00,2017-10-23T15:53:00,244,324
http://irail.be/vehicle/IC414,http://irail.be/stations/NMBS/008841202,IC,2017-10-23T16:24:00,2017-10-23T16:24:00,137,137
http://irail.be/vehicle/IC414,http://irail.be/stations/NMBS/008841004,IC,2017-10-23T16:34:00,2017-10-23T16:31:00,223,266
http://irail.be/vehicle/IC414,http://irail.be/stations/NMBS/008842002,IC,2017-10-23T16:41:00,2017-10-23T16:37:00,94,94
http://irail.be/vehicle/IC414,http://irail.be/stations/NMBS/008842036,IC,2017-10-23T16:43:00,2017-10-23T16:43:00,94,94
http://irail.be/vehicle/IC414,http://irail.be/stations/NMBS/008844271,IC,2017-10-23T16:47:00,2017-10-23T16:47:00,88,88
http://irail.be/vehicle/IC414,NO-URI,IC,2017-10-23T16:48:00,2017-10-23T16:48:00,104,104
http://irail.be/vehicle/IC414,http://irail.be/stations/NMBS/008844255,IC,2017-10-23T16:49:00,2017-10-23T16:49:00,103,103
http://irail.be/vehicle/IC414,http://irail.be/stations/NMBS/008844230,IC,2017-10-23T16:49:00,2017-10-23T16:49:00,156,156
http://irail.be/vehicle/IC414,http://irail.be/stations/NMBS/008844206,IC,2017-10-23T16:54:00,2017-10-23T16:53:00,156,156
http://irail.be/vehicle/IC414,http://irail.be/stations/NMBS/008844008,IC,2017-10-23T17:02:00,2017-10-23T17:00:00,221,110
http://irail.be/vehicle/IC414,http://irail.be/stations/NMBS/008844057,IC,2017-10-23T17:03:00,2017-10-23T17:03:00,221,221
http://irail.be/vehicle/IC414,NO-URI,IC,2017-10-23T17:05:00,2017-10-23T17:05:00,249,249
http://irail.be/vehicle/IC414,http://irail.be/stations/NMBS/008844545,IC,2017-10-23T17:10:00,2017-10-23T17:09:00,276,276
http://irail.be/vehicle/IC414,http://irail.be/stations/NMBS/008844503,IC,2017-10-23T17:16:00,2017-10-23T17:16:00,,276
http://irail.be/vehicle/IC414,http://irail.be/stations/NMBS/008896008,IC,2017-10-24T14:16:00,2017-10-24T14:16:00,118,
http://irail.be/vehicle/IC414,http://irail.be/stations/NMBS/008896115,IC,2017-10-24T14:22:00,2017-10-24T14:21:00,128,128
http://irail.be/vehicle/IC414,http://irail.be/stations/NMBS/008896149,IC,2017-10-24T14:28:00,2017-10-24T14:27:00,153,152
http://irail.be/vehicle/IC414,http://irail.be/stations/NMBS/008892106,IC,2017-10-24T14:38:00,2017-10-24T14:37:00,92,49
http://irail.be/vehicle/IC414,NO-URI,IC,2017-10-24T14:40:00,2017-10-24T14:40:00,92,92
http://irail.be/vehicle/IC414,http://irail.be/stations/NMBS/008892080,IC,2017-10-24T14:45:00,2017-10-24T14:44:00,7,3
http://irail.be/vehicle/IC414,http://irail.be/stations/NMBS/008892007,IC,2017-10-24T14:54:00,2017-10-24T14:51:00,111,37
http://irail.be/vehicle/IC414,http://irail.be/stations/NMBS/008814001,IC,2017-10-24T15:27:00,2017-10-24T15:24:00,143,199
http://irail.be/vehicle/IC414,http://irail.be/stations/NMBS/008813037,IC,2017-10-24T15:29:00,2017-10-24T15:29:00,157,157
http://irail.be/vehicle/IC414,http://irail.be/stations/NMBS/008813003,IC,2017-10-24T15:31:00,2017-10-24T15:30:00,223,160
http://irail.be/vehicle/IC414,http://irail.be/stations/NMBS/008813045,IC,2017-10-24T15:33:00,2017-10-24T15:33:00,211,211
http://irail.be/vehicle/IC414,http://irail.be/stations/NMBS/008812005,IC,2017-10-24T15:38:00,2017-10-24T15:35:00,267,203
http://irail.be/vehicle/IC414,http://irail.be/stations/NMBS/008811007,IC,2017-10-24T15:41:00,2017-10-24T15:41:00,244,244
http://irail.be/vehicle/IC414,http://irail.be/stations/NMBS/008811130,IC,2017-10-24T15:42:00,2017-10-24T15:42:00,263,263
http://irail.be/vehicle/IC414,http://irail.be/stations/NMBS/008811213,IC,2017-10-24T15:43:00,2017-10-24T15:43:00,250,250
http://irail.be/vehicle/IC414,http://irail.be/stations/NMBS/008811221,IC,2017-10-24T15:44:00,2017-10-24T15:44:00,258,258
http://irail.be/vehicle/IC414,http://irail.be/stations/NMBS/008811247,IC,2017-10-24T15:45:00,2017-10-24T15:45:00,224,224
http://irail.be/vehicle/IC414,http://irail.be/stations/NMBS/008811254,IC,2017-10-24T15:46:00,2017-10-24T15:46:00,135,135
http://irail.be/vehicle/IC414,http://irail.be/stations/NMBS/008811262,IC,2017-10-24T15:48:00,2017-10-24T15:48:00,135,135
http://irail.be/vehicle/IC414,http://irail.be/stations/NMBS/008811270,IC,2017-10-24T15:49:00,2017-10-24T15:49:00,217,217
http://irail.be/vehicle/IC414,http://irail.be/stations/NMBS/008811288,IC,2017-10-24T15:50:00,2017-10-24T15:50:00,233,233
http://irail.be/vehicle/IC414,http://irail.be/stations/NMBS/008833001,IC,2017-10-24T15:57:00,2017-10-24T15:53:00,134,240
http://irail.be/vehicle/IC414,http://irail.be/stations/NMBS/008841202,IC,2017-10-24T16:24:00,2017-10-24T16:24:00,130,130
http://irail.be/vehicle/IC414,http://irail.be/stations/NMBS/008841004,IC,2017-10-24T16:34:00,2017-10-24T16:31:00,393,322
http://irail.be/vehicle/IC414,http://irail.be/stations/NMBS/008842002,IC,2017-10-24T16:41:00,2017-10-24T16:37:00,244,244
http://irail.be/vehicle/IC414,http://irail.be/stations/NMBS/008842036,IC,2017-10-24T16:43:00,2017-10-24T16:43:00,244,244
http://irail.be/vehicle/IC414,http://irail.be/stations/NMBS/008844271,IC,2017-10-24T16:47:00,2017-10-24T16:47:00,229,229
http://irail.be/vehicle/IC414,NO-URI,IC,2017-10-24T16:48:00,2017-10-24T16:48:00,228,228
http://irail.be/vehicle/IC414,http://irail.be/stations/NMBS/008844255,IC,2017-10-24T16:49:00,2017-10-24T16:49:00,228,228
http://irail.be/vehicle/IC414,http://irail.be/stations/NMBS/008844230,IC,2017-10-24T16:49:00,2017-10-24T16:49:00,316,316
http://irail.be/vehicle/IC414,http://irail.be/stations/NMBS/008844206,IC,2017-10-24T16:54:00,2017-10-24T16:53:00,316,316
http://irail.be/vehicle/IC414,http://irail.be/stations/NMBS/008844008,IC,2017-10-24T17:02:00,2017-10-24T17:00:00,161,258
http://irail.be/vehicle/IC414,http://irail.be/stations/NMBS/008844057,IC,2017-10-24T17:03:00,2017-10-24T17:03:00,161,161
http://irail.be/vehicle/IC414,NO-URI,IC,2017-10-24T17:05:00,2017-10-24T17:05:00,181,181
http://irail.be/vehicle/IC414,http://irail.be/stations/NMBS/008844545,IC,2017-10-24T17:10:00,2017-10-24T17:09:00,224,224
http://irail.be/vehicle/IC414,http://irail.be/stations/NMBS/008844503,IC,2017-10-24T17:16:00,2017-10-24T17:16:00,,224
http://irail.be/vehicle/IC414,http://irail.be/stations/NMBS/008896008,IC,2017-04-14T14:16:00,2017-04-14T14:16:00,57,
http://irail.be/vehicle/IC414,http://irail.be/stations/NMBS/008896115,IC,2017-04-14T14:22:00,2017-04-14T14:21:00,6,6
http://irail.be/vehicle/IC414,http://irail.be/stations/NMBS/008896149,IC,2017-04-14T14:28:00,2017-04-14T14:27:00,135,0
http://irail.be/vehicle/IC414,http://irail.be/stations/NMBS/008892106,IC,2017-04-14T14:38:00,2017-04-14T14:37:00,84,49
http://irail.be/vehicle/IC414,NO-URI,IC,2017-04-14T14:40:00,2017-04-14T14:40:00,84,84
http://irail.be/vehicle/IC414,http://irail.be/stations/NMBS/008892080,IC,2017-04-14T14:45:00,2017-04-14T14:44:00,-5,-10
http://irail.be/vehicle/IC414,http://irail.be/stations/NMBS/008892007,IC,2017-04-14T14:54:00,2017-04-14T14:51:00,45,27
http://irail.be/vehicle/IC414,http://irail.be/stations/NMBS/008814001,IC,2017-04-14T15:27:00,2017-04-14T15:24:00,66,58
http://irail.be/vehicle/IC414,http://irail.be/stations/NMBS/008813037,IC,2017-04-14T15:29:00,2017-04-14T15:29:00,70,70
http://irail.be/vehicle/IC414,http://irail.be/stations/NMBS/008813003,IC,2017-04-14T15:31:00,2017-04-14T15:30:00,197,175
http://irail.be/vehicle/IC414,http://irail.be/stations/NMBS/008813045,IC,2017-04-14T15:33:00,2017-04-14T15:33:00,177,177
http://irail.be/vehicle/IC414,http://irail.be/stations/NMBS/008812005,IC,2017-04-14T15:38:00,2017-04-14T15:35:00,162,171
http://irail.be/vehicle/IC414,http://irail.be/stations/NMBS/008811007,IC,2017-04-14T15:41:00,2017-04-14T15:41:00,129,129
http://irail.be/vehicle/IC414,http://irail.be/stations/NMBS/008811130,IC,2017-04-14T15:42:00,2017-04-14T15:42:00,147,147
http://irail.be/vehicle/IC414,http://irail.be/stations/NMBS/008811213,IC,2017-04-14T15:43:00,2017-04-14T15:43:00,132,132
http://irail.be/vehicle/IC414,http://irail.be/stations/NMBS/008811221,IC,2017-04-14T15:44:00,2017-04-14T15:44:00,141,141
http://irail.be/vehicle/IC414,http://irail.be/stations/NMBS/008811247,IC,2017-04-14T15:45:00,2017-04-14T15:45:00,100,100
http://irail.be/vehicle/IC414,http://irail.be/stations/NMBS/008811254,IC,2017-04-14T15:46:00,2017-04-14T15:46:00,9,9
http://irail.be/vehicle/IC414,http://irail.be/stations/NMBS/008811262,IC,2017-04-14T15:48:00,2017-04-14T15:48:00,9,9
http://irail.be/vehicle/IC414,http://irail.be/stations/NMBS/008811270,IC,2017-04-14T15:49:00,2017-04-14T15:49:00,86,86
http://irail.be/vehicle/IC414,http://irail.be/stations/NMBS/008811288,IC,2017-04-14T15:50:00,2017-04-14T15:50:00,96,96
http://irail.be/vehicle/IC414,http://irail.be/stations/NMBS/008833001,IC,2017-04-14T15:57:00,2017-04-14T15:53:00,68,95
http://irail.be/vehicle/IC414,http://irail.be/stations/NMBS/008841202,IC,2017-04-14T16:24:00,2017-04-14T16:24:00,58,58
http://irail.be/vehicle/IC414,http://irail.be/stations/NMBS/008841004,IC,2017-04-14T16:34:00,2017-04-14T16:31:00,278,337
http://irail.be/vehicle/IC414,http://irail.be/stations/NMBS/008842002,IC,2017-04-14T16:41:00,2017-04-14T16:37:00,146,146
http://irail.be/vehicle/IC414,http://irail.be/stations/NMBS/008842036,IC,2017-04-14T16:43:00,2017-04-14T16:43:00,146,146
http://irail.be/vehicle/IC414,http://irail.be/stations/NMBS/008844271,IC,2017-04-14T16:47:00,2017-04-14T16:47:00,116,116
http://irail.be/vehicle/IC414,NO-URI,IC,2017-04-14T16:48:00,2017-04-14T16:48:00,108,108
http://irail.be/vehicle/IC414,http://irail.be/stations/NMBS/008844255,IC,2017-04-14T16:49:00,2017-04-14T16:49:00,108,108
http://irail.be/vehicle/IC414,http://irail.be/stations/NMBS/008844230,IC,2017-04-14T16:49:00,2017-04-14T16:49:00,187,187
http://irail.be/vehicle/IC414,http://irail.be/stations/NMBS/008844206,IC,2017-04-14T16:54:00,2017-04-14T16:53:00,187,187
http://irail.be/vehicle/IC414,http://irail.be/stations/NMBS/008844008,IC,2017-04-14T17:02:00,2017-04-14T17:00:00,29,120
http://irail.be/vehicle/IC414,http://irail.be/stations/NMBS/008844057,IC,2017-04-14T17:03:00,2017-04-14T17:03:00,29,29
http://irail.be/vehicle/IC414,NO-URI,IC,2017-04-14T17:05:00,2017-04-14T17:05:00,44,44
http://irail.be/vehicle/IC414,http://irail.be/stations/NMBS/008844545,IC,2017-04-14T17:10:00,2017-04-14T17:09:00,-12,-12
http://irail.be/vehicle/IC414,http://irail.be/stations/NMBS/008844503,IC,2017-04-14T17:16:00,2017-04-14T17:16:00,,-12
http://irail.be/vehicle/IC414,http://irail.be/stations/NMBS/008896008,IC,2017-10-19T14:16:00,2017-10-19T14:16:00,47,
http://irail.be/vehicle/IC414,http://irail.be/stations/NMBS/008896115,IC,2017-10-19T14:22:00,2017-10-19T14:21:00,95,95
http://irail.be/vehicle/IC414,http://irail.be/stations/NMBS/008896149,IC,2017-10-19T14:28:00,2017-10-19T14:27:00,118,105
http://irail.be/vehicle/IC414,http://irail.be/stations/NMBS/008892106,IC,2017-10-19T14:38:00,2017-10-19T14:37:00,85,10
http://irail.be/vehicle/IC414,NO-URI,IC,2017-10-19T14:40:00,2017-10-19T14:40:00,85,85
http://irail.be/vehicle/IC414,http://irail.be/stations/NMBS/008892080,IC,2017-10-19T14:45:00,2017-10-19T14:44:00,30,-13
http://irail.be/vehicle/IC414,http://irail.be/stations/NMBS/008892007,IC,2017-10-19T14:54:00,2017-10-19T14:51:00,94,88
http://irail.be/vehicle/IC414,http://irail.be/stations/NMBS/008814001,IC,2017-10-19T15:27:00,2017-10-19T15:24:00,135,192
http://irail.be/vehicle/IC414,http://irail.be/stations/NMBS/008813037,IC,2017-10-19T15:29:00,2017-10-19T15:29:00,141,141
http://irail.be/vehicle/IC414,http://irail.be/stations/NMBS/008813003,IC,2017-10-19T15:31:00,2017-10-19T15:30:00,162,142
http://irail.be/vehicle/IC414,http://irail.be/stations/NMBS/008813045,IC,2017-10-19T15:33:00,2017-10-19T15:33:00,140,140
http://irail.be/vehicle/IC414,http://irail.be/stations/NMBS/008812005,IC,2017-10-19T15:38:00,2017-10-19T15:35:00,96,134
http://irail.be/vehicle/IC414,http://irail.be/stations/NMBS/008811007,IC,2017-10-19T15:41:00,2017-10-19T15:41:00,64,64
http://irail.be/vehicle/IC414,http://irail.be/stations/NMBS/008811130,IC,2017-10-19T15:42:00,2017-10-19T15:42:00,81,81
http://irail.be/vehicle/IC414,http://irail.be/stations/NMBS/008811213,IC,2017-10-19T15:43:00,2017-10-19T15:43:00,68,68
http://irail.be/vehicle/IC414,http://irail.be/stations/NMBS/008811221,IC,2017-10-19T15:44:00,2017-10-19T15:44:00,76,76
http://irail.be/vehicle/IC414,http://irail.be/stations/NMBS/008811247,IC,2017-10-19T15:45:00,2017-10-19T15:45:00,37,37
http://irail.be/vehicle/IC414,http://irail.be/stations/NMBS/008811254,IC,2017-10-19T15:46:00,2017-10-19T15:46:00,-54,-54
http://irail.be/vehicle/IC414,http://irail.be/stations/NMBS/008811262,IC,2017-10-19T15:48:00,2017-10-19T15:48:00,-54,-54
http://irail.be/vehicle/IC414,http://irail.be/stations/NMBS/008811270,IC,2017-10-19T15:49:00,2017-10-19T15:49:00,23,23
http://irail.be/vehicle/IC414,http://irail.be/stations/NMBS/008811288,IC,2017-10-19T15:50:00,2017-10-19T15:50:00,35,35
http://irail.be/vehicle/IC414,http://irail.be/stations/NMBS/008833001,IC,2017-10-19T15:57:00,2017-10-19T15:53:00,49,33
http://irail.be/vehicle/IC414,http://irail.be/stations/NMBS/008841202,IC,2017-10-19T16:24:00,2017-10-19T16:24:00,-105,-105
http://irail.be/vehicle/IC414,http://irail.be/stations/NMBS/008841004,IC,2017-10-19T16:34:00,2017-10-19T16:31:00,18,-158
http://irail.be/vehicle/IC414,http://irail.be/stations/NMBS/008842002,IC,2017-10-19T16:41:00,2017-10-19T16:37:00,23,23
http://irail.be/vehicle/IC414,http://irail.be/stations/NMBS/008842036,IC,2017-10-19T16:43:00,2017-10-19T16:43:00,23,23
http://irail.be/vehicle/IC414,http://irail.be/stations/NMBS/008844271,IC,2017-10-19T16:47:00,2017-10-19T16:47:00,0,0
http://irail.be/vehicle/IC414,NO-URI,IC,2017-10-19T16:48:00,2017-10-19T16:48:00,21,21
http://irail.be/vehicle/IC414,http://irail.be/stations/NMBS/008844255,IC,2017-10-19T16:49:00,2017-10-19T16:49:00,23,23
http://irail.be/vehicle/IC414,http://irail.be/stations/NMBS/008844230,IC,2017-10-19T16:49:00,2017-10-19T16:49:00,67,67
http://irail.be/vehicle/IC414,http://irail.be/stations/NMBS/008844206,IC,2017-10-19T16:54:00,2017-10-19T16:53:00,67,67
http://irail.be/vehicle/IC414,http://irail.be/stations/NMBS/008844008,IC,2017-10-19T17:02:00,2017-10-19T17:00:00,-6,1
http://irail.be/vehicle/IC414,http://irail.be/stations/NMBS/008844057,IC,2017-10-19T17:03:00,2017-10-19T17:03:00,-6,-6
http://irail.be/vehicle/IC414,NO-URI,IC,2017-10-19T17:05:00,2017-10-19T17:05:00,23,23
http://irail.be/vehicle/IC414,http://irail.be/stations/NMBS/008844545,IC,2017-10-19T17:10:00,2017-10-19T17:09:00,141,141
http://irail.be/vehicle/IC414,http://irail.be/stations/NMBS/008844503,IC,2017-10-19T17:16:00,2017-10-19T17:16:00,,141
http://irail.be/vehicle/IC414,http://irail.be/stations/NMBS/008896008,IC,2017-06-27T14:16:00,2017-06-27T14:16:00,136,
http://irail.be/vehicle/IC414,http://irail.be/stations/NMBS/008896115,IC,2017-06-27T14:22:00,2017-06-27T14:21:00,167,167
http://irail.be/vehicle/IC414,http://irail.be/stations/NMBS/008896149,IC,2017-06-27T14:28:00,2017-06-27T14:27:00,179,183
http://irail.be/vehicle/IC414,http://irail.be/stations/NMBS/008892106,IC,2017-06-27T14:38:00,2017-06-27T14:37:00,155,95
http://irail.be/vehicle/IC414,NO-URI,IC,2017-06-27T14:40:00,2017-06-27T14:40:00,155,155
http://irail.be/vehicle/IC414,http://irail.be/stations/NMBS/008892080,IC,2017-06-27T14:45:00,2017-06-27T14:44:00,83,65
http://irail.be/vehicle/IC414,http://irail.be/stations/NMBS/008892007,IC,2017-06-27T14:54:00,2017-06-27T14:51:00,69,106
http://irail.be/vehicle/IC414,http://irail.be/stations/NMBS/008814001,IC,2017-06-27T15:27:00,2017-06-27T15:24:00,134,61
http://irail.be/vehicle/IC414,http://irail.be/stations/NMBS/008813037,IC,2017-06-27T15:29:00,2017-06-27T15:29:00,150,150
http://irail.be/vehicle/IC414,http://irail.be/stations/NMBS/008813003,IC,2017-06-27T15:31:00,2017-06-27T15:30:00,166,154
http://irail.be/vehicle/IC414,http://irail.be/stations/NMBS/008813045,IC,2017-06-27T15:33:00,2017-06-27T15:33:00,143,143
http://irail.be/vehicle/IC414,http://irail.be/stations/NMBS/008812005,IC,2017-06-27T15:38:00,2017-06-27T15:35:00,232,136
http://irail.be/vehicle/IC414,http://irail.be/stations/NMBS/008811007,IC,2017-06-27T15:41:00,2017-06-27T15:41:00,203,203
http://irail.be/vehicle/IC414,http://irail.be/stations/NMBS/008811130,IC,2017-06-27T15:42:00,2017-06-27T15:42:00,226,226
http://irail.be/vehicle/IC414,http://irail.be/stations/NMBS/008811213,IC,2017-06-27T15:43:00,2017-06-27T15:43:00,213,213
http://irail.be/vehicle/IC414,http://irail.be/stations/NMBS/008811221,IC,2017-06-27T15:44:00,2017-06-27T15:44:00,222,222
http://irail.be/vehicle/IC414,http://irail.be/stations/NMBS/008811247,IC,2017-06-27T15:45:00,2017-06-27T15:45:00,183,183
http://irail.be/vehicle/IC414,http://irail.be/stations/NMBS/008811254,IC,2017-06-27T15:46:00,2017-06-27T15:46:00,93,93
http://irail.be/vehicle/IC414,http://irail.be/stations/NMBS/008811262,IC,2017-06-27T15:48:00,2017-06-27T15:48:00,93,93
http://irail.be/vehicle/IC414,http://irail.be/stations/NMBS/008811270,IC,2017-06-27T15:49:00,2017-06-27T15:49:00,172,172
http://irail.be/vehicle/IC414,http://irail.be/stations/NMBS/008811288,IC,2017-06-27T15:50:00,2017-06-27T15:50:00,187,187
http://irail.be/vehicle/IC414,http://irail.be/stations/NMBS/008833001,IC,2017-06-27T15:57:00,2017-06-27T15:53:00,113,201
http://irail.be/vehicle/IC414,http://irail.be/stations/NMBS/008841202,IC,2017-06-27T16:24:00,2017-06-27T16:24:00,23,23
http://irail.be/vehicle/IC414,http://irail.be/stations/NMBS/008841004,IC,2017-06-27T16:34:00,2017-06-27T16:31:00,193,176
http://irail.be/vehicle/IC414,http://irail.be/stations/NMBS/008842002,IC,2017-06-27T16:41:00,2017-06-27T16:37:00,157,157
http://irail.be/vehicle/IC414,http://irail.be/stations/NMBS/008842036,IC,2017-06-27T16:43:00,2017-06-27T16:43:00,157,157
http://irail.be/vehicle/IC414,http://irail.be/stations/NMBS/008844271,IC,2017-06-27T16:47:00,2017-06-27T16:47:00,137,137
http://irail.be/vehicle/IC414,NO-URI,IC,2017-06-27T16:48:00,2017-06-27T16:48:00,125,125
http://irail.be/vehicle/IC414,http://irail.be/stations/NMBS/008844255,IC,2017-06-27T16:49:00,2017-06-27T16:49:00,123,123
http://irail.be/vehicle/IC414,http://irail.be/stations/NMBS/008844230,IC,2017-06-27T16:49:00,2017-06-27T16:49:00,391,391
http://irail.be/vehicle/IC414,http://irail.be/stations/NMBS/008844206,IC,2017-06-27T16:54:00,2017-06-27T16:53:00,391,391
http://irail.be/vehicle/IC414,http://irail.be/stations/NMBS/008844008,IC,2017-06-27T17:02:00,2017-06-27T17:00:00,237,312
http://irail.be/vehicle/IC414,http://irail.be/stations/NMBS/008844057,IC,2017-06-27T17:03:00,2017-06-27T17:03:00,258,258
http://irail.be/vehicle/IC414,NO-URI,IC,2017-06-27T17:05:00,2017-06-27T17:05:00,306,306
http://irail.be/vehicle/IC414,http://irail.be/stations/NMBS/008844545,IC,2017-06-27T17:10:00,2017-06-27T17:09:00,602,602
http://irail.be/vehicle/IC414,http://irail.be/stations/NMBS/008844503,IC,2017-06-27T17:16:00,2017-06-27T17:16:00,,602
http://irail.be/vehicle/IC414,http://irail.be/stations/NMBS/008896008,IC,2017-08-14T14:16:00,2017-08-14T14:16:00,58,
http://irail.be/vehicle/IC414,http://irail.be/stations/NMBS/008896115,IC,2017-08-14T14:22:00,2017-08-14T14:21:00,78,78
http://irail.be/vehicle/IC414,http://irail.be/stations/NMBS/008896149,IC,2017-08-14T14:28:00,2017-08-14T14:27:00,96,79
http://irail.be/vehicle/IC414,http://irail.be/stations/NMBS/008892106,IC,2017-08-14T14:38:00,2017-08-14T14:37:00,80,-14
http://irail.be/vehicle/IC414,NO-URI,IC,2017-08-14T14:40:00,2017-08-14T14:40:00,80,80
http://irail.be/vehicle/IC414,http://irail.be/stations/NMBS/008892080,IC,2017-08-14T14:45:00,2017-08-14T14:44:00,-9,-22
http://irail.be/vehicle/IC414,http://irail.be/stations/NMBS/008892007,IC,2017-08-14T14:54:00,2017-08-14T14:51:00,67,41
http://irail.be/vehicle/IC414,http://irail.be/stations/NMBS/008814001,IC,2017-08-14T15:27:00,2017-08-14T15:24:00,139,168
http://irail.be/vehicle/IC414,http://irail.be/stations/NMBS/008813037,IC,2017-08-14T15:29:00,2017-08-14T15:29:00,156,156
http://irail.be/vehicle/IC414,http://irail.be/stations/NMBS/008813003,IC,2017-08-14T15:31:00,2017-08-14T15:30:00,193,165
http://irail.be/vehicle/IC414,http://irail.be/stations/NMBS/008813045,IC,2017-08-14T15:33:00,2017-08-14T15:33:00,170,170
http://irail.be/vehicle/IC414,http://irail.be/stations/NMBS/008812005,IC,2017-08-14T15:38:00,2017-08-14T15:35:00,185,226
http://irail.be/vehicle/IC414,http://irail.be/stations/NMBS/008811007,IC,2017-08-14T15:41:00,2017-08-14T15:41:00,149,149
http://irail.be/vehicle/IC414,http://irail.be/stations/NMBS/008811130,IC,2017-08-14T15:42:00,2017-08-14T15:42:00,176,176
http://irail.be/vehicle/IC414,http://irail.be/stations/NMBS/008811213,IC,2017-08-14T15:43:00,2017-08-14T15:43:00,163,163
http://irail.be/vehicle/IC414,http://irail.be/stations/NMBS/008811221,IC,2017-08-14T15:44:00,2017-08-14T15:44:00,171,171
http://irail.be/vehicle/IC414,http://irail.be/stations/NMBS/008811247,IC,2017-08-14T15:45:00,2017-08-14T15:45:00,198,198
http://irail.be/vehicle/IC414,http://irail.be/stations/NMBS/008811254,IC,2017-08-14T15:46:00,2017-08-14T15:46:00,141,141
http://irail.be/vehicle/IC414,http://irail.be/stations/NMBS/008811262,IC,2017-08-14T15:48:00,2017-08-14T15:48:00,141,141
http://irail.be/vehicle/IC414,http://irail.be/stations/NMBS/008811270,IC,2017-08-14T15:49:00,2017-08-14T15:49:00,219,219
http://irail.be/vehicle/IC414,http://irail.be/stations/NMBS/008811288,IC,2017-08-14T15:50:00,2017-08-14T15:50:00,230,230
http://irail.be/vehicle/IC414,http://irail.be/stations/NMBS/008833001,IC,2017-08-14T15:57:00,2017-08-14T15:53:00,154,212
http://irail.be/vehicle/IC414,http://irail.be/stations/NMBS/008841202,IC,2017-08-14T16:24:00,2017-08-14T16:24:00,41,41
http://irail.be/vehicle/IC414,http://irail.be/stations/NMBS/008841004,IC,2017-08-14T16:34:00,2017-08-14T16:31:00,300,282
http://irail.be/vehicle/IC414,http://irail.be/stations/NMBS/008842002,IC,2017-08-14T16:41:00,2017-08-14T16:37:00,150,150
http://irail.be/vehicle/IC414,http://irail.be/stations/NMBS/008842036,IC,2017-08-14T16:43:00,2017-08-14T16:43:00,150,150
http://irail.be/vehicle/IC414,http://irail.be/stations/NMBS/008844271,IC,2017-08-14T16:47:00,2017-08-14T16:47:00,119,119
http://irail.be/vehicle/IC414,NO-URI,IC,2017-08-14T16:48:00,2017-08-14T16:48:00,122,122
http://irail.be/vehicle/IC414,http://irail.be/stations/NMBS/008844255,IC,2017-08-14T16:49:00,2017-08-14T16:49:00,120,120
http://irail.be/vehicle/IC414,http://irail.be/stations/NMBS/008844230,IC,2017-08-14T16:49:00,2017-08-14T16:49:00,170,170
http://irail.be/vehicle/IC414,http://irail.be/stations/NMBS/008844206,IC,2017-08-14T16:54:00,2017-08-14T16:53:00,170,170
http://irail.be/vehicle/IC414,http://irail.be/stations/NMBS/008844008,IC,2017-08-14T17:02:00,2017-08-14T17:00:00,-19,70
http://irail.be/vehicle/IC414,http://irail.be/stations/NMBS/008844057,IC,2017-08-14T17:03:00,2017-08-14T17:03:00,-19,-19
http://irail.be/vehicle/IC414,NO-URI,IC,2017-08-14T17:05:00,2017-08-14T17:05:00,-24,-24
http://irail.be/vehicle/IC414,http://irail.be/stations/NMBS/008844545,IC,2017-08-14T17:10:00,2017-08-14T17:09:00,-53,-53
http://irail.be/vehicle/IC414,http://irail.be/stations/NMBS/008844503,IC,2017-08-14T17:16:00,2017-08-14T17:16:00,,-53
http://irail.be/vehicle/IC414,http://irail.be/stations/NMBS/008896008,IC,2017-01-16T14:16:00,2017-01-16T14:16:00,58,
http://irail.be/vehicle/IC414,http://irail.be/stations/NMBS/008896115,IC,2017-01-16T14:22:00,2017-01-16T14:21:00,70,70
http://irail.be/vehicle/IC414,http://irail.be/stations/NMBS/008896149,IC,2017-01-16T14:28:00,2017-01-16T14:27:00,94,70
http://irail.be/vehicle/IC414,http://irail.be/stations/NMBS/008892106,IC,2017-01-16T14:38:00,2017-01-16T14:37:00,58,-7
http://irail.be/vehicle/IC414,NO-URI,IC,2017-01-16T14:40:00,2017-01-16T14:40:00,58,58
http://irail.be/vehicle/IC414,http://irail.be/stations/NMBS/008892080,IC,2017-01-16T14:45:00,2017-01-16T14:44:00,68,-32
http://irail.be/vehicle/IC414,http://irail.be/stations/NMBS/008892007,IC,2017-01-16T14:54:00,2017-01-16T14:51:00,147,142
http://irail.be/vehicle/IC414,http://irail.be/stations/NMBS/008814001,IC,2017-01-16T15:27:00,2017-01-16T15:24:00,392,188
http://irail.be/vehicle/IC414,http://irail.be/stations/NMBS/008813037,IC,2017-01-16T15:29:00,2017-01-16T15:29:00,389,389
http://irail.be/vehicle/IC414,http://irail.be/stations/NMBS/008813003,IC,2017-01-16T15:31:00,2017-01-16T15:30:00,403,391
http://irail.be/vehicle/IC414,http://irail.be/stations/NMBS/008813045,IC,2017-01-16T15:33:00,2017-01-16T15:33:00,387,387
http://irail.be/vehicle/IC414,http://irail.be/stations/NMBS/008812005,IC,2017-01-16T15:38:00,2017-01-16T15:35:00,346,378
http://irail.be/vehicle/IC414,http://irail.be/stations/NMBS/008811007,IC,2017-01-16T15:41:00,2017-01-16T15:41:00,331,331
http://irail.be/vehicle/IC414,http://irail.be/stations/NMBS/008811130,IC,2017-01-16T15:42:00,2017-01-16T15:42:00,354,354
http://irail.be/vehicle/IC414,http://irail.be/stations/NMBS/008811213,IC,2017-01-16T15:43:00,2017-01-16T15:43:00,364,364
http://irail.be/vehicle/IC414,http://irail.be/stations/NMBS/008811221,IC,2017-01-16T15:44:00,2017-01-16T15:44:00,374,374
http://irail.be/vehicle/IC414,http://irail.be/stations/NMBS/008811247,IC,2017-01-16T15:45:00,2017-01-16T15:45:00,337,337
http://irail.be/vehicle/IC414,http://irail.be/stations/NMBS/008811254,IC,2017-01-16T15:46:00,2017-01-16T15:46:00,249,249
http://irail.be/vehicle/IC414,http://irail.be/stations/NMBS/008811262,IC,2017-01-16T15:48:00,2017-01-16T15:48:00,249,249
http://irail.be/vehicle/IC414,http://irail.be/stations/NMBS/008811270,IC,2017-01-16T15:49:00,2017-01-16T15:49:00,328,328
http://irail.be/vehicle/IC414,http://irail.be/stations/NMBS/008811288,IC,2017-01-16T15:50:00,2017-01-16T15:50:00,339,339
http://irail.be/vehicle/IC414,http://irail.be/stations/NMBS/008833001,IC,2017-01-16T15:57:00,2017-01-16T15:53:00,235,333
http://irail.be/vehicle/IC414,http://irail.be/stations/NMBS/008841202,IC,2017-01-16T16:24:00,2017-01-16T16:24:00,126,126
http://irail.be/vehicle/IC414,http://irail.be/stations/NMBS/008841004,IC,2017-01-16T16:34:00,2017-01-16T16:31:00,109,142
http://irail.be/vehicle/IC414,http://irail.be/stations/NMBS/008842002,IC,2017-01-16T16:41:00,2017-01-16T16:37:00,25,25
http://irail.be/vehicle/IC414,http://irail.be/stations/NMBS/008842036,IC,2017-01-16T16:43:00,2017-01-16T16:43:00,25,25
http://irail.be/vehicle/IC414,http://irail.be/stations/NMBS/008844271,IC,2017-01-16T16:47:00,2017-01-16T16:47:00,-3,-3
http://irail.be/vehicle/IC414,NO-URI,IC,2017-01-16T16:48:00,2017-01-16T16:48:00,-10,-10
http://irail.be/vehicle/IC414,http://irail.be/stations/NMBS/008844255,IC,2017-01-16T16:49:00,2017-01-16T16:49:00,-10,-10
http://irail.be/vehicle/IC414,http://irail.be/stations/NMBS/008844230,IC,2017-01-16T16:49:00,2017-01-16T16:49:00,220,220
http://irail.be/vehicle/IC414,http://irail.be/stations/NMBS/008844206,IC,2017-01-16T16:54:00,2017-01-16T16:53:00,220,220
http://irail.be/vehicle/IC414,http://irail.be/stations/NMBS/008844008,IC,2017-01-16T17:02:00,2017-01-16T17:00:00,140,167
http://irail.be/vehicle/IC414,http://irail.be/stations/NMBS/008844057,IC,2017-01-16T17:03:00,2017-01-16T17:03:00,140,140
http://irail.be/vehicle/IC414,NO-URI,IC,2017-01-16T17:05:00,2017-01-16T17:05:00,156,156
http://irail.be/vehicle/IC414,http://irail.be/stations/NMBS/008844545,IC,2017-01-16T17:10:00,2017-01-16T17:09:00,216,216
http://irail.be/vehicle/IC414,http://irail.be/stations/NMBS/008844503,IC,2017-01-16T17:16:00,2017-01-16T17:16:00,,216
http://irail.be/vehicle/IC414,http://irail.be/stations/NMBS/008896008,IC,2017-02-22T14:16:00,2017-02-22T14:16:00,74,
http://irail.be/vehicle/IC414,http://irail.be/stations/NMBS/008896115,IC,2017-02-22T14:22:00,2017-02-22T14:21:00,173,173
http://irail.be/vehicle/IC414,http://irail.be/stations/NMBS/008896149,IC,2017-02-22T14:28:00,2017-02-22T14:27:00,225,173
http://irail.be/vehicle/IC414,http://irail.be/stations/NMBS/008892106,IC,2017-02-22T14:38:00,2017-02-22T14:37:00,260,148
http://irail.be/vehicle/IC414,NO-URI,IC,2017-02-22T14:40:00,2017-02-22T14:40:00,260,260
http://irail.be/vehicle/IC414,http://irail.be/stations/NMBS/008892080,IC,2017-02-22T14:45:00,2017-02-22T14:44:00,197,196
http://irail.be/vehicle/IC414,http://irail.be/stations/NMBS/008892007,IC,2017-02-22T14:54:00,2017-02-22T14:51:00,212,264
http://irail.be/vehicle/IC414,http://irail.be/stations/NMBS/008814001,IC,2017-02-22T15:27:00,2017-02-22T15:24:00,177,234
http://irail.be/vehicle/IC414,http://irail.be/stations/NMBS/008813037,IC,2017-02-22T15:29:00,2017-02-22T15:29:00,192,192
http://irail.be/vehicle/IC414,http://irail.be/stations/NMBS/008813003,IC,2017-02-22T15:31:00,2017-02-22T15:30:00,207,198
http://irail.be/vehicle/IC414,http://irail.be/stations/NMBS/008813045,IC,2017-02-22T15:33:00,2017-02-22T15:33:00,193,193
http://irail.be/vehicle/IC414,http://irail.be/stations/NMBS/008812005,IC,2017-02-22T15:38:00,2017-02-22T15:35:00,132,182
http://irail.be/vehicle/IC414,http://irail.be/stations/NMBS/008811007,IC,2017-02-22T15:41:00,2017-02-22T15:41:00,113,113
http://irail.be/vehicle/IC414,http://irail.be/stations/NMBS/008811130,IC,2017-02-22T15:42:00,2017-02-22T15:42:00,111,111
http://irail.be/vehicle/IC414,http://irail.be/stations/NMBS/008811213,IC,2017-02-22T15:43:00,2017-02-22T15:43:00,118,118
http://irail.be/vehicle/IC414,http://irail.be/stations/NMBS/008811221,IC,2017-02-22T15:44:00,2017-02-22T15:44:00,128,128
http://irail.be/vehicle/IC414,http://irail.be/stations/NMBS/008811247,IC,2017-02-22T15:45:00,2017-02-22T15:45:00,88,88
http://irail.be/vehicle/IC414,http://irail.be/stations/NMBS/008811254,IC,2017-02-22T15:46:00,2017-02-22T15:46:00,-2,-2
http://irail.be/vehicle/IC414,http://irail.be/stations/NMBS/008811262,IC,2017-02-22T15:48:00,2017-02-22T15:48:00,-2,-2
http://irail.be/vehicle/IC414,http://irail.be/stations/NMBS/008811270,IC,2017-02-22T15:49:00,2017-02-22T15:49:00,75,75
http://irail.be/vehicle/IC414,http://irail.be/stations/NMBS/008811288,IC,2017-02-22T15:50:00,2017-02-22T15:50:00,288,288
http://irail.be/vehicle/IC414,http://irail.be/stations/NMBS/008833001,IC,2017-02-22T15:57:00,2017-02-22T15:53:00,493,505
http://irail.be/vehicle/IC414,http://irail.be/stations/NMBS/008841202,IC,2017-02-22T16:24:00,2017-02-22T16:24:00,433,433
http://irail.be/vehicle/IC414,http://irail.be/stations/NMBS/008841004,IC,2017-02-22T16:34:00,2017-02-22T16:31:00,340,383
http://irail.be/vehicle/IC414,http://irail.be/stations/NMBS/008842002,IC,2017-02-22T16:41:00,2017-02-22T16:37:00,362,362
http://irail.be/vehicle/IC414,http://irail.be/stations/NMBS/008842036,IC,2017-02-22T16:43:00,2017-02-22T16:43:00,362,362
http://irail.be/vehicle/IC414,http://irail.be/stations/NMBS/008844271,IC,2017-02-22T16:47:00,2017-02-22T16:47:00,375,375
http://irail.be/vehicle/IC414,NO-URI,IC,2017-02-22T16:48:00,2017-02-22T16:48:00,381,381
http://irail.be/vehicle/IC414,http://irail.be/stations/NMBS/008844255,IC,2017-02-22T16:49:00,2017-02-22T16:49:00,655,655
http://irail.be/vehicle/IC414,http://irail.be/stations/NMBS/008844230,IC,2017-02-22T16:49:00,2017-02-22T16:49:00,928,928
http://irail.be/vehicle/IC414,http://irail.be/stations/NMBS/008844206,IC,2017-02-22T16:54:00,2017-02-22T16:53:00,928,928
http://irail.be/vehicle/IC414,http://irail.be/stations/NMBS/008844008,IC,2017-02-22T17:02:00,2017-02-22T17:00:00,797,874
http://irail.be/vehicle/IC414,http://irail.be/stations/NMBS/008844057,IC,2017-02-22T17:03:00,2017-02-22T17:03:00,797,797
http://irail.be/vehicle/IC414,NO-URI,IC,2017-02-22T17:05:00,2017-02-22T17:05:00,818,818
http://irail.be/vehicle/IC414,http://irail.be/stations/NMBS/008844545,IC,2017-02-22T17:10:00,2017-02-22T17:09:00,850,850
http://irail.be/vehicle/IC414,http://irail.be/stations/NMBS/008844503,IC,2017-02-22T17:16:00,2017-02-22T17:16:00,,850
http://irail.be/vehicle/IC414,http://irail.be/stations/NMBS/008896008,IC,2017-08-16T14:16:00,2017-08-16T14:16:00,125,
http://irail.be/vehicle/IC414,http://irail.be/stations/NMBS/008896115,IC,2017-08-16T14:22:00,2017-08-16T14:21:00,130,130
http://irail.be/vehicle/IC414,http://irail.be/stations/NMBS/008896149,IC,2017-08-16T14:28:00,2017-08-16T14:27:00,192,180
http://irail.be/vehicle/IC414,http://irail.be/stations/NMBS/008892106,IC,2017-08-16T14:38:00,2017-08-16T14:37:00,189,119
http://irail.be/vehicle/IC414,NO-URI,IC,2017-08-16T14:40:00,2017-08-16T14:40:00,189,189
http://irail.be/vehicle/IC414,http://irail.be/stations/NMBS/008892080,IC,2017-08-16T14:45:00,2017-08-16T14:44:00,149,130
http://irail.be/vehicle/IC414,http://irail.be/stations/NMBS/008892007,IC,2017-08-16T14:54:00,2017-08-16T14:51:00,178,202
http://irail.be/vehicle/IC414,http://irail.be/stations/NMBS/008814001,IC,2017-08-16T15:27:00,2017-08-16T15:24:00,1064,1040
http://irail.be/vehicle/IC414,http://irail.be/stations/NMBS/008813037,IC,2017-08-16T15:29:00,2017-08-16T15:29:00,1083,1083
http://irail.be/vehicle/IC414,http://irail.be/stations/NMBS/008813003,IC,2017-08-16T15:31:00,2017-08-16T15:30:00,1103,1092
http://irail.be/vehicle/IC414,http://irail.be/stations/NMBS/008813045,IC,2017-08-16T15:33:00,2017-08-16T15:33:00,1093,1093
http://irail.be/vehicle/IC414,http://irail.be/stations/NMBS/008812005,IC,2017-08-16T15:38:00,2017-08-16T15:35:00,1076,1091
http://irail.be/vehicle/IC414,http://irail.be/stations/NMBS/008811007,IC,2017-08-16T15:41:00,2017-08-16T15:41:00,1192,1192
http://irail.be/vehicle/IC414,http://irail.be/stations/NMBS/008811130,IC,2017-08-16T15:42:00,2017-08-16T15:42:00,1222,1222
http://irail.be/vehicle/IC414,http://irail.be/stations/NMBS/008811213,IC,2017-08-16T15:43:00,2017-08-16T15:43:00,1210,1210
http://irail.be/vehicle/IC414,http://irail.be/stations/NMBS/008811221,IC,2017-08-16T15:44:00,2017-08-16T15:44:00,1218,1218
http://irail.be/vehicle/IC414,http://irail.be/stations/NMBS/008811247,IC,2017-08-16T15:45:00,2017-08-16T15:45:00,1180,1180
http://irail.be/vehicle/IC414,http://irail.be/stations/NMBS/008811254,IC,2017-08-16T15:46:00,2017-08-16T15:46:00,1090,1090
http://irail.be/vehicle/IC414,http://irail.be/stations/NMBS/008811262,IC,2017-08-16T15:48:00,2017-08-16T15:48:00,1090,1090
http://irail.be/vehicle/IC414,http://irail.be/stations/NMBS/008811270,IC,2017-08-16T15:49:00,2017-08-16T15:49:00,1169,1169
http://irail.be/vehicle/IC414,http://irail.be/stations/NMBS/008811288,IC,2017-08-16T15:50:00,2017-08-16T15:50:00,1184,1184
http://irail.be/vehicle/IC414,http://irail.be/stations/NMBS/008833001,IC,2017-08-16T15:57:00,2017-08-16T15:53:00,1136,1203
http://irail.be/vehicle/IC414,http://irail.be/stations/NMBS/008841202,IC,2017-08-16T16:24:00,2017-08-16T16:24:00,999,999
http://irail.be/vehicle/IC414,http://irail.be/stations/NMBS/008841004,IC,2017-08-16T16:34:00,2017-08-16T16:31:00,1142,1017
http://irail.be/vehicle/IC414,http://irail.be/stations/NMBS/008842002,IC,2017-08-16T16:41:00,2017-08-16T16:37:00,1104,1104
http://irail.be/vehicle/IC414,http://irail.be/stations/NMBS/008842036,IC,2017-08-16T16:43:00,2017-08-16T16:43:00,1104,1104
http://irail.be/vehicle/IC414,http://irail.be/stations/NMBS/008844271,IC,2017-08-16T16:47:00,2017-08-16T16:47:00,1073,1073
http://irail.be/vehicle/IC414,NO-URI,IC,2017-08-16T16:48:00,2017-08-16T16:48:00,1091,1091
http://irail.be/vehicle/IC414,http://irail.be/stations/NMBS/008844255,IC,2017-08-16T16:49:00,2017-08-16T16:49:00,1092,1092
http://irail.be/vehicle/IC414,http://irail.be/stations/NMBS/008844230,IC,2017-08-16T16:49:00,2017-08-16T16:49:00,1178,1178
http://irail.be/vehicle/IC414,http://irail.be/stations/NMBS/008844206,IC,2017-08-16T16:54:00,2017-08-16T16:53:00,1178,1178
http://irail.be/vehicle/IC414,http://irail.be/stations/NMBS/008844008,IC,2017-08-16T17:02:00,2017-08-16T17:00:00,1020,1097
http://irail.be/vehicle/IC414,http://irail.be/stations/NMBS/008844057,IC,2017-08-16T17:03:00,2017-08-16T17:03:00,1020,1020
http://irail.be/vehicle/IC414,NO-URI,IC,2017-08-16T17:05:00,2017-08-16T17:05:00,1018,1018
http://irail.be/vehicle/IC414,http://irail.be/stations/NMBS/008844545,IC,2017-08-16T17:10:00,2017-08-16T17:09:00,1056,1056
http://irail.be/vehicle/IC414,http://irail.be/stations/NMBS/008844503,IC,2017-08-16T17:16:00,2017-08-16T17:16:00,,1056
http://irail.be/vehicle/IC414,http://irail.be/stations/NMBS/008896008,IC,2017-03-10T14:16:00,2017-03-10T14:16:00,64,
http://irail.be/vehicle/IC414,http://irail.be/stations/NMBS/008896115,IC,2017-03-10T14:22:00,2017-03-10T14:21:00,111,111
http://irail.be/vehicle/IC414,http://irail.be/stations/NMBS/008896149,IC,2017-03-10T14:28:00,2017-03-10T14:27:00,145,111
http://irail.be/vehicle/IC414,http://irail.be/stations/NMBS/008892106,IC,2017-03-10T14:38:00,2017-03-10T14:37:00,112,71
http://irail.be/vehicle/IC414,NO-URI,IC,2017-03-10T14:40:00,2017-03-10T14:40:00,112,112
http://irail.be/vehicle/IC414,http://irail.be/stations/NMBS/008892080,IC,2017-03-10T14:45:00,2017-03-10T14:44:00,76,50
http://irail.be/vehicle/IC414,http://irail.be/stations/NMBS/008892007,IC,2017-03-10T14:54:00,2017-03-10T14:51:00,80,123
http://irail.be/vehicle/IC414,http://irail.be/stations/NMBS/008814001,IC,2017-03-10T15:27:00,2017-03-10T15:24:00,294,304
http://irail.be/vehicle/IC414,http://irail.be/stations/NMBS/008813037,IC,2017-03-10T15:29:00,2017-03-10T15:29:00,322,322
http://irail.be/vehicle/IC414,http://irail.be/stations/NMBS/008813003,IC,2017-03-10T15:31:00,2017-03-10T15:30:00,349,327
http://irail.be/vehicle/IC414,http://irail.be/stations/NMBS/008813045,IC,2017-03-10T15:33:00,2017-03-10T15:33:00,334,334
http://irail.be/vehicle/IC414,http://irail.be/stations/NMBS/008812005,IC,2017-03-10T15:38:00,2017-03-10T15:35:00,278,322
http://irail.be/vehicle/IC414,http://irail.be/stations/NMBS/008811007,IC,2017-03-10T15:41:00,2017-03-10T15:41:00,265,265
http://irail.be/vehicle/IC414,http://irail.be/stations/NMBS/008811130,IC,2017-03-10T15:42:00,2017-03-10T15:42:00,264,264
http://irail.be/vehicle/IC414,http://irail.be/stations/NMBS/008811213,IC,2017-03-10T15:43:00,2017-03-10T15:43:00,271,271
http://irail.be/vehicle/IC414,http://irail.be/stations/NMBS/008811221,IC,2017-03-10T15:44:00,2017-03-10T15:44:00,281,281
http://irail.be/vehicle/IC414,http://irail.be/stations/NMBS/008811247,IC,2017-03-10T15:45:00,2017-03-10T15:45:00,244,244
http://irail.be/vehicle/IC414,http://irail.be/stations/NMBS/008811254,IC,2017-03-10T15:46:00,2017-03-10T15:46:00,155,155
http://irail.be/vehicle/IC414,http://irail.be/stations/NMBS/008811262,IC,2017-03-10T15:48:00,2017-03-10T15:48:00,155,155
http://irail.be/vehicle/IC414,http://irail.be/stations/NMBS/008811270,IC,2017-03-10T15:49:00,2017-03-10T15:49:00,237,237
http://irail.be/vehicle/IC414,http://irail.be/stations/NMBS/008811288,IC,2017-03-10T15:50:00,2017-03-10T15:50:00,249,249
http://irail.be/vehicle/IC414,http://irail.be/stations/NMBS/008833001,IC,2017-03-10T15:57:00,2017-03-10T15:53:00,176,242
http://irail.be/vehicle/IC414,http://irail.be/stations/NMBS/008841202,IC,2017-03-10T16:24:00,2017-03-10T16:24:00,138,138
http://irail.be/vehicle/IC414,http://irail.be/stations/NMBS/008841004,IC,2017-03-10T16:34:00,2017-03-10T16:31:00,260,249
http://irail.be/vehicle/IC414,http://irail.be/stations/NMBS/008842002,IC,2017-03-10T16:41:00,2017-03-10T16:37:00,179,179
http://irail.be/vehicle/IC414,http://irail.be/stations/NMBS/008842036,IC,2017-03-10T16:43:00,2017-03-10T16:43:00,179,179
http://irail.be/vehicle/IC414,http://irail.be/stations/NMBS/008844271,IC,2017-03-10T16:47:00,2017-03-10T16:47:00,190,190
http://irail.be/vehicle/IC414,NO-URI,IC,2017-03-10T16:48:00,2017-03-10T16:48:00,218,218
http://irail.be/vehicle/IC414,http://irail.be/stations/NMBS/008844255,IC,2017-03-10T16:49:00,2017-03-10T16:49:00,219,219
http://irail.be/vehicle/IC414,http://irail.be/stations/NMBS/008844230,IC,2017-03-10T16:49:00,2017-03-10T16:49:00,332,332
http://irail.be/vehicle/IC414,http://irail.be/stations/NMBS/008844206,IC,2017-03-10T16:54:00,2017-03-10T16:53:00,332,332
http://irail.be/vehicle/IC414,http://irail.be/stations/NMBS/008844008,IC,2017-03-10T17:02:00,2017-03-10T17:00:00,214,300
http://irail.be/vehicle/IC414,http://irail.be/stations/NMBS/008844057,IC,2017-03-10T17:03:00,2017-03-10T17:03:00,214,214
http://irail.be/vehicle/IC414,NO-URI,IC,2017-03-10T17:05:00,2017-03-10T17:05:00,248,248
http://irail.be/vehicle/IC414,http://irail.be/stations/NMBS/008844545,IC,2017-03-10T17:10:00,2017-03-10T17:09:00,349,349
http://irail.be/vehicle/IC414,http://irail.be/stations/NMBS/008844503,IC,2017-03-10T17:16:00,2017-03-10T17:16:00,,349
http://irail.be/vehicle/IC414,http://irail.be/stations/NMBS/008896008,IC,2017-10-25T14:16:00,2017-10-25T14:16:00,62,
http://irail.be/vehicle/IC414,http://irail.be/stations/NMBS/008896115,IC,2017-10-25T14:22:00,2017-10-25T14:21:00,78,78
http://irail.be/vehicle/IC414,http://irail.be/stations/NMBS/008896149,IC,2017-10-25T14:28:00,2017-10-25T14:27:00,107,99
http://irail.be/vehicle/IC414,http://irail.be/stations/NMBS/008892106,IC,2017-10-25T14:38:00,2017-10-25T14:37:00,102,46
http://irail.be/vehicle/IC414,NO-URI,IC,2017-10-25T14:40:00,2017-10-25T14:40:00,102,102
http://irail.be/vehicle/IC414,http://irail.be/stations/NMBS/008892080,IC,2017-10-25T14:45:00,2017-10-25T14:44:00,44,15
http://irail.be/vehicle/IC414,http://irail.be/stations/NMBS/008892007,IC,2017-10-25T14:54:00,2017-10-25T14:51:00,42,77
http://irail.be/vehicle/IC414,http://irail.be/stations/NMBS/008814001,IC,2017-10-25T15:27:00,2017-10-25T15:24:00,98,169
http://irail.be/vehicle/IC414,http://irail.be/stations/NMBS/008813037,IC,2017-10-25T15:29:00,2017-10-25T15:29:00,111,111
http://irail.be/vehicle/IC414,http://irail.be/stations/NMBS/008813003,IC,2017-10-25T15:31:00,2017-10-25T15:30:00,225,168
http://irail.be/vehicle/IC414,http://irail.be/stations/NMBS/008813045,IC,2017-10-25T15:33:00,2017-10-25T15:33:00,205,205
http://irail.be/vehicle/IC414,http://irail.be/stations/NMBS/008812005,IC,2017-10-25T15:38:00,2017-10-25T15:35:00,162,201
http://irail.be/vehicle/IC414,http://irail.be/stations/NMBS/008811007,IC,2017-10-25T15:41:00,2017-10-25T15:41:00,222,222
http://irail.be/vehicle/IC414,http://irail.be/stations/NMBS/008811130,IC,2017-10-25T15:42:00,2017-10-25T15:42:00,248,248
http://irail.be/vehicle/IC414,http://irail.be/stations/NMBS/008811213,IC,2017-10-25T15:43:00,2017-10-25T15:43:00,234,234
http://irail.be/vehicle/IC414,http://irail.be/stations/NMBS/008811221,IC,2017-10-25T15:44:00,2017-10-25T15:44:00,243,243
http://irail.be/vehicle/IC414,http://irail.be/stations/NMBS/008811247,IC,2017-10-25T15:45:00,2017-10-25T15:45:00,203,203
http://irail.be/vehicle/IC414,http://irail.be/stations/NMBS/008811254,IC,2017-10-25T15:46:00,2017-10-25T15:46:00,113,113
http://irail.be/vehicle/IC414,http://irail.be/stations/NMBS/008811262,IC,2017-10-25T15:48:00,2017-10-25T15:48:00,113,113
http://irail.be/vehicle/IC414,http://irail.be/stations/NMBS/008811270,IC,2017-10-25T15:49:00,2017-10-25T15:49:00,193,193
http://irail.be/vehicle/IC414,http://irail.be/stations/NMBS/008811288,IC,2017-10-25T15:50:00,2017-10-25T15:50:00,204,204
http://irail.be/vehicle/IC414,http://irail.be/stations/NMBS/008833001,IC,2017-10-25T15:57:00,2017-10-25T15:53:00,70,210
http://irail.be/vehicle/IC414,http://irail.be/stations/NMBS/008841202,IC,2017-10-25T16:24:00,2017-10-25T16:24:00,-48,-48
http://irail.be/vehicle/IC414,http://irail.be/stations/NMBS/008841004,IC,2017-10-25T16:34:00,2017-10-25T16:31:00,36,48
http://irail.be/vehicle/IC414,http://irail.be/stations/NMBS/008842002,IC,2017-10-25T16:41:00,2017-10-25T16:37:00,66,66
http://irail.be/vehicle/IC414,http://irail.be/stations/NMBS/008842036,IC,2017-10-25T16:43:00,2017-10-25T16:43:00,66,66
http://irail.be/vehicle/IC414,http://irail.be/stations/NMBS/008844271,IC,2017-10-25T16:47:00,2017-10-25T16:47:00,41,41
http://irail.be/vehicle/IC414,NO-URI,IC,2017-10-25T16:48:00,2017-10-25T16:48:00,65,65
http://irail.be/vehicle/IC414,http://irail.be/stations/NMBS/008844255,IC,2017-10-25T16:49:00,2017-10-25T16:49:00,64,64
http://irail.be/vehicle/IC414,http://irail.be/stations/NMBS/008844230,IC,2017-10-25T16:49:00,2017-10-25T16:49:00,107,107
http://irail.be/vehicle/IC414,http://irail.be/stations/NMBS/008844206,IC,2017-10-25T16:54:00,2017-10-25T16:53:00,107,107
http://irail.be/vehicle/IC414,http://irail.be/stations/NMBS/008844008,IC,2017-10-25T17:02:00,2017-10-25T17:00:00,-9,16
http://irail.be/vehicle/IC414,http://irail.be/stations/NMBS/008844057,IC,2017-10-25T17:03:00,2017-10-25T17:03:00,-9,-9
http://irail.be/vehicle/IC414,NO-URI,IC,2017-10-25T17:05:00,2017-10-25T17:05:00,-7,-7
http://irail.be/vehicle/IC414,http://irail.be/stations/NMBS/008844545,IC,2017-10-25T17:10:00,2017-10-25T17:09:00,33,33
http://irail.be/vehicle/IC414,http://irail.be/stations/NMBS/008844503,IC,2017-10-25T17:16:00,2017-10-25T17:16:00,,33
http://irail.be/vehicle/IC414,http://irail.be/stations/NMBS/008896008,IC,2017-10-06T14:16:00,2017-10-06T14:16:00,48,
http://irail.be/vehicle/IC414,http://irail.be/stations/NMBS/008896115,IC,2017-10-06T14:22:00,2017-10-06T14:21:00,77,77
http://irail.be/vehicle/IC414,http://irail.be/stations/NMBS/008896149,IC,2017-10-06T14:28:00,2017-10-06T14:27:00,91,93
http://irail.be/vehicle/IC414,http://irail.be/stations/NMBS/008892106,IC,2017-10-06T14:38:00,2017-10-06T14:37:00,66,-10
http://irail.be/vehicle/IC414,NO-URI,IC,2017-10-06T14:40:00,2017-10-06T14:40:00,66,66
http://irail.be/vehicle/IC414,http://irail.be/stations/NMBS/008892080,IC,2017-10-06T14:45:00,2017-10-06T14:44:00,20,5
http://irail.be/vehicle/IC414,http://irail.be/stations/NMBS/008892007,IC,2017-10-06T14:54:00,2017-10-06T14:51:00,115,102
http://irail.be/vehicle/IC414,http://irail.be/stations/NMBS/008814001,IC,2017-10-06T15:27:00,2017-10-06T15:24:00,280,272
http://irail.be/vehicle/IC414,http://irail.be/stations/NMBS/008813037,IC,2017-10-06T15:29:00,2017-10-06T15:29:00,295,295
http://irail.be/vehicle/IC414,http://irail.be/stations/NMBS/008813003,IC,2017-10-06T15:31:00,2017-10-06T15:30:00,442,354
http://irail.be/vehicle/IC414,http://irail.be/stations/NMBS/008813045,IC,2017-10-06T15:33:00,2017-10-06T15:33:00,428,428
http://irail.be/vehicle/IC414,http://irail.be/stations/NMBS/008812005,IC,2017-10-06T15:38:00,2017-10-06T15:35:00,531,515
http://irail.be/vehicle/IC414,http://irail.be/stations/NMBS/008811007,IC,2017-10-06T15:41:00,2017-10-06T15:41:00,567,567
http://irail.be/vehicle/IC414,http://irail.be/stations/NMBS/008811130,IC,2017-10-06T15:42:00,2017-10-06T15:42:00,649,649
http://irail.be/vehicle/IC414,http://irail.be/stations/NMBS/008811213,IC,2017-10-06T15:43:00,2017-10-06T15:43:00,641,641
http://irail.be/vehicle/IC414,http://irail.be/stations/NMBS/008811221,IC,2017-10-06T15:44:00,2017-10-06T15:44:00,651,651
http://irail.be/vehicle/IC414,http://irail.be/stations/NMBS/008811247,IC,2017-10-06T15:45:00,2017-10-06T15:45:00,613,613
http://irail.be/vehicle/IC414,http://irail.be/stations/NMBS/008811254,IC,2017-10-06T15:46:00,2017-10-06T15:46:00,523,523
http://irail.be/vehicle/IC414,http://irail.be/stations/NMBS/008811262,IC,2017-10-06T15:48:00,2017-10-06T15:48:00,523,523
http://irail.be/vehicle/IC414,http://irail.be/stations/NMBS/008811270,IC,2017-10-06T15:49:00,2017-10-06T15:49:00,601,601
http://irail.be/vehicle/IC414,http://irail.be/stations/NMBS/008811288,IC,2017-10-06T15:50:00,2017-10-06T15:50:00,612,612
http://irail.be/vehicle/IC414,http://irail.be/stations/NMBS/008833001,IC,2017-10-06T15:57:00,2017-10-06T15:53:00,589,621
http://irail.be/vehicle/IC414,http://irail.be/stations/NMBS/008841202,IC,2017-10-06T16:24:00,2017-10-06T16:24:00,535,535
http://irail.be/vehicle/IC414,http://irail.be/stations/NMBS/008841004,IC,2017-10-06T16:34:00,2017-10-06T16:31:00,493,518
http://irail.be/vehicle/IC414,http://irail.be/stations/NMBS/008842002,IC,2017-10-06T16:41:00,2017-10-06T16:37:00,424,424
http://irail.be/vehicle/IC414,http://irail.be/stations/NMBS/008842036,IC,2017-10-06T16:43:00,2017-10-06T16:43:00,424,424
http://irail.be/vehicle/IC414,http://irail.be/stations/NMBS/008844271,IC,2017-10-06T16:47:00,2017-10-06T16:47:00,432,432
http://irail.be/vehicle/IC414,NO-URI,IC,2017-10-06T16:48:00,2017-10-06T16:48:00,445,445
http://irail.be/vehicle/IC414,http://irail.be/stations/NMBS/008844255,IC,2017-10-06T16:49:00,2017-10-06T16:49:00,441,441
http://irail.be/vehicle/IC414,http://irail.be/stations/NMBS/008844230,IC,2017-10-06T16:49:00,2017-10-06T16:49:00,512,512
http://irail.be/vehicle/IC414,http://irail.be/stations/NMBS/008844206,IC,2017-10-06T16:54:00,2017-10-06T16:53:00,512,512
http://irail.be/vehicle/IC414,http://irail.be/stations/NMBS/008844008,IC,2017-10-06T17:02:00,2017-10-06T17:00:00,407,472
http://irail.be/vehicle/IC414,http://irail.be/stations/NMBS/008844057,IC,2017-10-06T17:03:00,2017-10-06T17:03:00,407,407
http://irail.be/vehicle/IC414,NO-URI,IC,2017-10-06T17:05:00,2017-10-06T17:05:00,450,450
http://irail.be/vehicle/IC414,http://irail.be/stations/NMBS/008844545,IC,2017-10-06T17:10:00,2017-10-06T17:09:00,594,594
http://irail.be/vehicle/IC414,http://irail.be/stations/NMBS/008844503,IC,2017-10-06T17:16:00,2017-10-06T17:16:00,,594
http://irail.be/vehicle/IC414,http://irail.be/stations/NMBS/008896008,IC,2017-05-02T14:16:00,2017-05-02T14:16:00,99,
http://irail.be/vehicle/IC414,http://irail.be/stations/NMBS/008896115,IC,2017-05-02T14:22:00,2017-05-02T14:21:00,157,157
http://irail.be/vehicle/IC414,http://irail.be/stations/NMBS/008896149,IC,2017-05-02T14:28:00,2017-05-02T14:27:00,150,157
http://irail.be/vehicle/IC414,http://irail.be/stations/NMBS/008892106,IC,2017-05-02T14:38:00,2017-05-02T14:37:00,119,59
http://irail.be/vehicle/IC414,NO-URI,IC,2017-05-02T14:40:00,2017-05-02T14:40:00,119,119
http://irail.be/vehicle/IC414,http://irail.be/stations/NMBS/008892080,IC,2017-05-02T14:45:00,2017-05-02T14:44:00,50,39
http://irail.be/vehicle/IC414,http://irail.be/stations/NMBS/008892007,IC,2017-05-02T14:54:00,2017-05-02T14:51:00,56,93
http://irail.be/vehicle/IC414,http://irail.be/stations/NMBS/008814001,IC,2017-05-02T15:27:00,2017-05-02T15:24:00,122,57
http://irail.be/vehicle/IC414,http://irail.be/stations/NMBS/008813037,IC,2017-05-02T15:29:00,2017-05-02T15:29:00,158,158
http://irail.be/vehicle/IC414,http://irail.be/stations/NMBS/008813003,IC,2017-05-02T15:31:00,2017-05-02T15:30:00,306,161
http://irail.be/vehicle/IC414,http://irail.be/stations/NMBS/008813045,IC,2017-05-02T15:33:00,2017-05-02T15:33:00,290,290
http://irail.be/vehicle/IC414,http://irail.be/stations/NMBS/008812005,IC,2017-05-02T15:38:00,2017-05-02T15:35:00,286,284
http://irail.be/vehicle/IC414,http://irail.be/stations/NMBS/008811007,IC,2017-05-02T15:41:00,2017-05-02T15:41:00,270,270
http://irail.be/vehicle/IC414,http://irail.be/stations/NMBS/008811130,IC,2017-05-02T15:42:00,2017-05-02T15:42:00,299,299
http://irail.be/vehicle/IC414,http://irail.be/stations/NMBS/008811213,IC,2017-05-02T15:43:00,2017-05-02T15:43:00,291,291
http://irail.be/vehicle/IC414,http://irail.be/stations/NMBS/008811221,IC,2017-05-02T15:44:00,2017-05-02T15:44:00,299,299
http://irail.be/vehicle/IC414,http://irail.be/stations/NMBS/008811247,IC,2017-05-02T15:45:00,2017-05-02T15:45:00,259,259
http://irail.be/vehicle/IC414,http://irail.be/stations/NMBS/008811254,IC,2017-05-02T15:46:00,2017-05-02T15:46:00,169,169
http://irail.be/vehicle/IC414,http://irail.be/stations/NMBS/008811262,IC,2017-05-02T15:48:00,2017-05-02T15:48:00,169,169
http://irail.be/vehicle/IC414,http://irail.be/stations/NMBS/008811270,IC,2017-05-02T15:49:00,2017-05-02T15:49:00,245,245
http://irail.be/vehicle/IC414,http://irail.be/stations/NMBS/008811288,IC,2017-05-02T15:50:00,2017-05-02T15:50:00,257,257
http://irail.be/vehicle/IC414,http://irail.be/stations/NMBS/008833001,IC,2017-05-02T15:57:00,2017-05-02T15:53:00,147,237
http://irail.be/vehicle/IC414,http://irail.be/stations/NMBS/008841202,IC,2017-05-02T16:24:00,2017-05-02T16:24:00,65,65
http://irail.be/vehicle/IC414,http://irail.be/stations/NMBS/008841004,IC,2017-05-02T16:34:00,2017-05-02T16:31:00,127,139
http://irail.be/vehicle/IC414,http://irail.be/stations/NMBS/008842002,IC,2017-05-02T16:41:00,2017-05-02T16:37:00,108,108
http://irail.be/vehicle/IC414,http://irail.be/stations/NMBS/008842036,IC,2017-05-02T16:43:00,2017-05-02T16:43:00,108,108
http://irail.be/vehicle/IC414,http://irail.be/stations/NMBS/008844271,IC,2017-05-02T16:47:00,2017-05-02T16:47:00,86,86
http://irail.be/vehicle/IC414,NO-URI,IC,2017-05-02T16:48:00,2017-05-02T16:48:00,85,85
http://irail.be/vehicle/IC414,http://irail.be/stations/NMBS/008844255,IC,2017-05-02T16:49:00,2017-05-02T16:49:00,81,81
http://irail.be/vehicle/IC414,http://irail.be/stations/NMBS/008844230,IC,2017-05-02T16:49:00,2017-05-02T16:49:00,330,330
http://irail.be/vehicle/IC414,http://irail.be/stations/NMBS/008844206,IC,2017-05-02T16:54:00,2017-05-02T16:53:00,330,330
http://irail.be/vehicle/IC414,http://irail.be/stations/NMBS/008844008,IC,2017-05-02T17:02:00,2017-05-02T17:00:00,193,268
http://irail.be/vehicle/IC414,http://irail.be/stations/NMBS/008844057,IC,2017-05-02T17:03:00,2017-05-02T17:03:00,193,193
http://irail.be/vehicle/IC414,NO-URI,IC,2017-05-02T17:05:00,2017-05-02T17:05:00,214,214
http://irail.be/vehicle/IC414,http://irail.be/stations/NMBS/008844545,IC,2017-05-02T17:10:00,2017-05-02T17:09:00,218,218
http://irail.be/vehicle/IC414,http://irail.be/stations/NMBS/008844503,IC,2017-05-02T17:16:00,2017-05-02T17:16:00,,218
http://irail.be/vehicle/IC414,http://irail.be/stations/NMBS/008896008,IC,2017-03-29T14:16:00,2017-03-29T14:16:00,123,
http://irail.be/vehicle/IC414,http://irail.be/stations/NMBS/008896115,IC,2017-03-29T14:22:00,2017-03-29T14:21:00,169,169
http://irail.be/vehicle/IC414,http://irail.be/stations/NMBS/008896149,IC,2017-03-29T14:28:00,2017-03-29T14:27:00,194,169
http://irail.be/vehicle/IC414,http://irail.be/stations/NMBS/008892106,IC,2017-03-29T14:38:00,2017-03-29T14:37:00,143,97
http://irail.be/vehicle/IC414,NO-URI,IC,2017-03-29T14:40:00,2017-03-29T14:40:00,143,143
http://irail.be/vehicle/IC414,http://irail.be/stations/NMBS/008892080,IC,2017-03-29T14:45:00,2017-03-29T14:44:00,114,80
http://irail.be/vehicle/IC414,http://irail.be/stations/NMBS/008892007,IC,2017-03-29T14:54:00,2017-03-29T14:51:00,119,148
http://irail.be/vehicle/IC414,http://irail.be/stations/NMBS/008814001,IC,2017-03-29T15:27:00,2017-03-29T15:24:00,407,361
http://irail.be/vehicle/IC414,http://irail.be/stations/NMBS/008813037,IC,2017-03-29T15:29:00,2017-03-29T15:29:00,408,408
http://irail.be/vehicle/IC414,http://irail.be/stations/NMBS/008813003,IC,2017-03-29T15:31:00,2017-03-29T15:30:00,446,412
http://irail.be/vehicle/IC414,http://irail.be/stations/NMBS/008813045,IC,2017-03-29T15:33:00,2017-03-29T15:33:00,438,438
http://irail.be/vehicle/IC414,http://irail.be/stations/NMBS/008812005,IC,2017-03-29T15:38:00,2017-03-29T15:35:00,361,423
http://irail.be/vehicle/IC414,http://irail.be/stations/NMBS/008811007,IC,2017-03-29T15:41:00,2017-03-29T15:41:00,361,361
http://irail.be/vehicle/IC414,http://irail.be/stations/NMBS/008811130,IC,2017-03-29T15:42:00,2017-03-29T15:42:00,380,380
http://irail.be/vehicle/IC414,http://irail.be/stations/NMBS/008811213,IC,2017-03-29T15:43:00,2017-03-29T15:43:00,367,367
http://irail.be/vehicle/IC414,http://irail.be/stations/NMBS/008811221,IC,2017-03-29T15:44:00,2017-03-29T15:44:00,376,376
http://irail.be/vehicle/IC414,http://irail.be/stations/NMBS/008811247,IC,2017-03-29T15:45:00,2017-03-29T15:45:00,336,336
http://irail.be/vehicle/IC414,http://irail.be/stations/NMBS/008811254,IC,2017-03-29T15:46:00,2017-03-29T15:46:00,244,244
http://irail.be/vehicle/IC414,http://irail.be/stations/NMBS/008811262,IC,2017-03-29T15:48:00,2017-03-29T15:48:00,244,244
http://irail.be/vehicle/IC414,http://irail.be/stations/NMBS/008811270,IC,2017-03-29T15:49:00,2017-03-29T15:49:00,319,319
http://irail.be/vehicle/IC414,http://irail.be/stations/NMBS/008811288,IC,2017-03-29T15:50:00,2017-03-29T15:50:00,330,330
http://irail.be/vehicle/IC414,http://irail.be/stations/NMBS/008833001,IC,2017-03-29T15:57:00,2017-03-29T15:53:00,157,305
http://irail.be/vehicle/IC414,http://irail.be/stations/NMBS/008841202,IC,2017-03-29T16:24:00,2017-03-29T16:24:00,18,18
http://irail.be/vehicle/IC414,http://irail.be/stations/NMBS/008841004,IC,2017-03-29T16:34:00,2017-03-29T16:31:00,1,-34
http://irail.be/vehicle/IC414,http://irail.be/stations/NMBS/008842002,IC,2017-03-29T16:41:00,2017-03-29T16:37:00,14,14
http://irail.be/vehicle/IC414,http://irail.be/stations/NMBS/008842036,IC,2017-03-29T16:43:00,2017-03-29T16:43:00,14,14
http://irail.be/vehicle/IC414,http://irail.be/stations/NMBS/008844271,IC,2017-03-29T16:47:00,2017-03-29T16:47:00,8,8
http://irail.be/vehicle/IC414,NO-URI,IC,2017-03-29T16:48:00,2017-03-29T16:48:00,-2,-2
http://irail.be/vehicle/IC414,http://irail.be/stations/NMBS/008844255,IC,2017-03-29T16:49:00,2017-03-29T16:49:00,-6,-6
http://irail.be/vehicle/IC414,http://irail.be/stations/NMBS/008844230,IC,2017-03-29T16:49:00,2017-03-29T16:49:00,67,67
http://irail.be/vehicle/IC414,http://irail.be/stations/NMBS/008844206,IC,2017-03-29T16:54:00,2017-03-29T16:53:00,67,67
http://irail.be/vehicle/IC414,http://irail.be/stations/NMBS/008844008,IC,2017-03-29T17:02:00,2017-03-29T17:00:00,15,26
http://irail.be/vehicle/IC414,http://irail.be/stations/NMBS/008844057,IC,2017-03-29T17:03:00,2017-03-29T17:03:00,15,15
http://irail.be/vehicle/IC414,NO-URI,IC,2017-03-29T17:05:00,2017-03-29T17:05:00,33,33
http://irail.be/vehicle/IC414,http://irail.be/stations/NMBS/008844545,IC,2017-03-29T17:10:00,2017-03-29T17:09:00,126,126
http://irail.be/vehicle/IC414,http://irail.be/stations/NMBS/008844503,IC,2017-03-29T17:16:00,2017-03-29T17:16:00,,126
http://irail.be/vehicle/IC414,http://irail.be/stations/NMBS/008896008,IC,2017-04-13T14:16:00,2017-04-13T14:16:00,59,
http://irail.be/vehicle/IC414,http://irail.be/stations/NMBS/008896115,IC,2017-04-13T14:22:00,2017-04-13T14:21:00,112,112
http://irail.be/vehicle/IC414,http://irail.be/stations/NMBS/008896149,IC,2017-04-13T14:28:00,2017-04-13T14:27:00,107,112
http://irail.be/vehicle/IC414,http://irail.be/stations/NMBS/008892106,IC,2017-04-13T14:38:00,2017-04-13T14:37:00,93,6
http://irail.be/vehicle/IC414,NO-URI,IC,2017-04-13T14:40:00,2017-04-13T14:40:00,93,93
http://irail.be/vehicle/IC414,http://irail.be/stations/NMBS/008892080,IC,2017-04-13T14:45:00,2017-04-13T14:44:00,31,20
http://irail.be/vehicle/IC414,http://irail.be/stations/NMBS/008892007,IC,2017-04-13T14:54:00,2017-04-13T14:51:00,217,85
http://irail.be/vehicle/IC414,http://irail.be/stations/NMBS/008814001,IC,2017-04-13T15:27:00,2017-04-13T15:24:00,183,220
http://irail.be/vehicle/IC414,http://irail.be/stations/NMBS/008813037,IC,2017-04-13T15:29:00,2017-04-13T15:29:00,180,180
http://irail.be/vehicle/IC414,http://irail.be/stations/NMBS/008813003,IC,2017-04-13T15:31:00,2017-04-13T15:30:00,223,186
http://irail.be/vehicle/IC414,http://irail.be/stations/NMBS/008813045,IC,2017-04-13T15:33:00,2017-04-13T15:33:00,211,211
http://irail.be/vehicle/IC414,http://irail.be/stations/NMBS/008812005,IC,2017-04-13T15:38:00,2017-04-13T15:35:00,176,204
http://irail.be/vehicle/IC414,http://irail.be/stations/NMBS/008811007,IC,2017-04-13T15:41:00,2017-04-13T15:41:00,162,162
http://irail.be/vehicle/IC414,http://irail.be/stations/NMBS/008811130,IC,2017-04-13T15:42:00,2017-04-13T15:42:00,198,198
http://irail.be/vehicle/IC414,http://irail.be/stations/NMBS/008811213,IC,2017-04-13T15:43:00,2017-04-13T15:43:00,192,192
http://irail.be/vehicle/IC414,http://irail.be/stations/NMBS/008811221,IC,2017-04-13T15:44:00,2017-04-13T15:44:00,202,202
http://irail.be/vehicle/IC414,http://irail.be/stations/NMBS/008811247,IC,2017-04-13T15:45:00,2017-04-13T15:45:00,162,162
http://irail.be/vehicle/IC414,http://irail.be/stations/NMBS/008811254,IC,2017-04-13T15:46:00,2017-04-13T15:46:00,73,73
http://irail.be/vehicle/IC414,http://irail.be/stations/NMBS/008811262,IC,2017-04-13T15:48:00,2017-04-13T15:48:00,73,73
http://irail.be/vehicle/IC414,http://irail.be/stations/NMBS/008811270,IC,2017-04-13T15:49:00,2017-04-13T15:49:00,152,152
http://irail.be/vehicle/IC414,http://irail.be/stations/NMBS/008811288,IC,2017-04-13T15:50:00,2017-04-13T15:50:00,162,162
http://irail.be/vehicle/IC414,http://irail.be/stations/NMBS/008833001,IC,2017-04-13T15:57:00,2017-04-13T15:53:00,99,161
http://irail.be/vehicle/IC414,http://irail.be/stations/NMBS/008841202,IC,2017-04-13T16:24:00,2017-04-13T16:24:00,98,98
http://irail.be/vehicle/IC414,http://irail.be/stations/NMBS/008841004,IC,2017-04-13T16:34:00,2017-04-13T16:31:00,210,267
http://irail.be/vehicle/IC414,http://irail.be/stations/NMBS/008842002,IC,2017-04-13T16:41:00,2017-04-13T16:37:00,100,100
http://irail.be/vehicle/IC414,http://irail.be/stations/NMBS/008842036,IC,2017-04-13T16:43:00,2017-04-13T16:43:00,100,100
http://irail.be/vehicle/IC414,http://irail.be/stations/NMBS/008844271,IC,2017-04-13T16:47:00,2017-04-13T16:47:00,71,71
http://irail.be/vehicle/IC414,NO-URI,IC,2017-04-13T16:48:00,2017-04-13T16:48:00,78,78
http://irail.be/vehicle/IC414,http://irail.be/stations/NMBS/008844255,IC,2017-04-13T16:49:00,2017-04-13T16:49:00,85,85
http://irail.be/vehicle/IC414,http://irail.be/stations/NMBS/008844230,IC,2017-04-13T16:49:00,2017-04-13T16:49:00,189,189
http://irail.be/vehicle/IC414,http://irail.be/stations/NMBS/008844206,IC,2017-04-13T16:54:00,2017-04-13T16:53:00,189,189
http://irail.be/vehicle/IC414,http://irail.be/stations/NMBS/008844008,IC,2017-04-13T17:02:00,2017-04-13T17:00:00,124,139
http://irail.be/vehicle/IC414,http://irail.be/stations/NMBS/008844057,IC,2017-04-13T17:03:00,2017-04-13T17:03:00,124,124
http://irail.be/vehicle/IC414,NO-URI,IC,2017-04-13T17:05:00,2017-04-13T17:05:00,133,133
http://irail.be/vehicle/IC414,http://irail.be/stations/NMBS/008844545,IC,2017-04-13T17:10:00,2017-04-13T17:09:00,194,194
http://irail.be/vehicle/IC414,http://irail.be/stations/NMBS/008844503,IC,2017-04-13T17:16:00,2017-04-13T17:16:00,,194
http://irail.be/vehicle/IC414,http://irail.be/stations/NMBS/008896008,IC,2017-05-05T14:16:00,2017-05-05T14:16:00,53,
http://irail.be/vehicle/IC414,http://irail.be/stations/NMBS/008896115,IC,2017-05-05T14:22:00,2017-05-05T14:21:00,136,136
http://irail.be/vehicle/IC414,http://irail.be/stations/NMBS/008896149,IC,2017-05-05T14:28:00,2017-05-05T14:27:00,174,164
http://irail.be/vehicle/IC414,http://irail.be/stations/NMBS/008892106,IC,2017-05-05T14:38:00,2017-05-05T14:37:00,170,96
http://irail.be/vehicle/IC414,NO-URI,IC,2017-05-05T14:40:00,2017-05-05T14:40:00,170,170
http://irail.be/vehicle/IC414,http://irail.be/stations/NMBS/008892080,IC,2017-05-05T14:45:00,2017-05-05T14:44:00,130,96
http://irail.be/vehicle/IC414,http://irail.be/stations/NMBS/008892007,IC,2017-05-05T14:54:00,2017-05-05T14:51:00,165,208
http://irail.be/vehicle/IC414,http://irail.be/stations/NMBS/008814001,IC,2017-05-05T15:27:00,2017-05-05T15:24:00,148,215
http://irail.be/vehicle/IC414,http://irail.be/stations/NMBS/008813037,IC,2017-05-05T15:29:00,2017-05-05T15:29:00,183,183
http://irail.be/vehicle/IC414,http://irail.be/stations/NMBS/008813003,IC,2017-05-05T15:31:00,2017-05-05T15:30:00,212,187
http://irail.be/vehicle/IC414,http://irail.be/stations/NMBS/008813045,IC,2017-05-05T15:33:00,2017-05-05T15:33:00,194,194
http://irail.be/vehicle/IC414,http://irail.be/stations/NMBS/008812005,IC,2017-05-05T15:38:00,2017-05-05T15:35:00,207,186
http://irail.be/vehicle/IC414,http://irail.be/stations/NMBS/008811007,IC,2017-05-05T15:41:00,2017-05-05T15:41:00,174,174
http://irail.be/vehicle/IC414,http://irail.be/stations/NMBS/008811130,IC,2017-05-05T15:42:00,2017-05-05T15:42:00,196,196
http://irail.be/vehicle/IC414,http://irail.be/stations/NMBS/008811213,IC,2017-05-05T15:43:00,2017-05-05T15:43:00,183,183
http://irail.be/vehicle/IC414,http://irail.be/stations/NMBS/008811221,IC,2017-05-05T15:44:00,2017-05-05T15:44:00,191,191
http://irail.be/vehicle/IC414,http://irail.be/stations/NMBS/008811247,IC,2017-05-05T15:45:00,2017-05-05T15:45:00,150,150
http://irail.be/vehicle/IC414,http://irail.be/stations/NMBS/008811254,IC,2017-05-05T15:46:00,2017-05-05T15:46:00,60,60
http://irail.be/vehicle/IC414,http://irail.be/stations/NMBS/008811262,IC,2017-05-05T15:48:00,2017-05-05T15:48:00,60,60
http://irail.be/vehicle/IC414,http://irail.be/stations/NMBS/008811270,IC,2017-05-05T15:49:00,2017-05-05T15:49:00,137,137
http://irail.be/vehicle/IC414,http://irail.be/stations/NMBS/008811288,IC,2017-05-05T15:50:00,2017-05-05T15:50:00,149,149
http://irail.be/vehicle/IC414,http://irail.be/stations/NMBS/008833001,IC,2017-05-05T15:57:00,2017-05-05T15:53:00,50,148
http://irail.be/vehicle/IC414,http://irail.be/stations/NMBS/008841202,IC,2017-05-05T16:24:00,2017-05-05T16:24:00,-48,-48
http://irail.be/vehicle/IC414,http://irail.be/stations/NMBS/008841004,IC,2017-05-05T16:34:00,2017-05-05T16:31:00,161,94
http://irail.be/vehicle/IC414,http://irail.be/stations/NMBS/008842002,IC,2017-05-05T16:41:00,2017-05-05T16:37:00,108,108
http://irail.be/vehicle/IC414,http://irail.be/stations/NMBS/008842036,IC,2017-05-05T16:43:00,2017-05-05T16:43:00,108,108
http://irail.be/vehicle/IC414,http://irail.be/stations/NMBS/008844271,IC,2017-05-05T16:47:00,2017-05-05T16:47:00,88,88
http://irail.be/vehicle/IC414,NO-URI,IC,2017-05-05T16:48:00,2017-05-05T16:48:00,79,79
http://irail.be/vehicle/IC414,http://irail.be/stations/NMBS/008844255,IC,2017-05-05T16:49:00,2017-05-05T16:49:00,78,78
http://irail.be/vehicle/IC414,http://irail.be/stations/NMBS/008844230,IC,2017-05-05T16:49:00,2017-05-05T16:49:00,511,511
http://irail.be/vehicle/IC414,http://irail.be/stations/NMBS/008844206,IC,2017-05-05T16:54:00,2017-05-05T16:53:00,511,511
http://irail.be/vehicle/IC414,http://irail.be/stations/NMBS/008844008,IC,2017-05-05T17:02:00,2017-05-05T17:00:00,409,455
http://irail.be/vehicle/IC414,http://irail.be/stations/NMBS/008844057,IC,2017-05-05T17:03:00,2017-05-05T17:03:00,409,409
http://irail.be/vehicle/IC414,NO-URI,IC,2017-05-05T17:05:00,2017-05-05T17:05:00,452,452
http://irail.be/vehicle/IC414,http://irail.be/stations/NMBS/008844545,IC,2017-05-05T17:10:00,2017-05-05T17:09:00,483,483
http://irail.be/vehicle/IC414,http://irail.be/stations/NMBS/008844503,IC,2017-05-05T17:16:00,2017-05-05T17:16:00,,483
http://irail.be/vehicle/IC414,http://irail.be/stations/NMBS/008896008,IC,2017-03-22T14:16:00,2017-03-22T14:16:00,46,
http://irail.be/vehicle/IC414,http://irail.be/stations/NMBS/008896115,IC,2017-03-22T14:22:00,2017-03-22T14:21:00,62,62
http://irail.be/vehicle/IC414,http://irail.be/stations/NMBS/008896149,IC,2017-03-22T14:28:00,2017-03-22T14:27:00,70,62
http://irail.be/vehicle/IC414,http://irail.be/stations/NMBS/008892106,IC,2017-03-22T14:38:00,2017-03-22T14:37:00,25,-32
http://irail.be/vehicle/IC414,NO-URI,IC,2017-03-22T14:40:00,2017-03-22T14:40:00,25,25
http://irail.be/vehicle/IC414,http://irail.be/stations/NMBS/008892080,IC,2017-03-22T14:45:00,2017-03-22T14:44:00,14,-52
http://irail.be/vehicle/IC414,http://irail.be/stations/NMBS/008892007,IC,2017-03-22T14:54:00,2017-03-22T14:51:00,82,68
http://irail.be/vehicle/IC414,http://irail.be/stations/NMBS/008814001,IC,2017-03-22T15:27:00,2017-03-22T15:24:00,155,167
http://irail.be/vehicle/IC414,http://irail.be/stations/NMBS/008813037,IC,2017-03-22T15:29:00,2017-03-22T15:29:00,152,152
http://irail.be/vehicle/IC414,http://irail.be/stations/NMBS/008813003,IC,2017-03-22T15:31:00,2017-03-22T15:30:00,180,156
http://irail.be/vehicle/IC414,http://irail.be/stations/NMBS/008813045,IC,2017-03-22T15:33:00,2017-03-22T15:33:00,164,164
http://irail.be/vehicle/IC414,http://irail.be/stations/NMBS/008812005,IC,2017-03-22T15:38:00,2017-03-22T15:35:00,99,152
http://irail.be/vehicle/IC414,http://irail.be/stations/NMBS/008811007,IC,2017-03-22T15:41:00,2017-03-22T15:41:00,70,70
http://irail.be/vehicle/IC414,http://irail.be/stations/NMBS/008811130,IC,2017-03-22T15:42:00,2017-03-22T15:42:00,73,73
http://irail.be/vehicle/IC414,http://irail.be/stations/NMBS/008811213,IC,2017-03-22T15:43:00,2017-03-22T15:43:00,80,80
http://irail.be/vehicle/IC414,http://irail.be/stations/NMBS/008811221,IC,2017-03-22T15:44:00,2017-03-22T15:44:00,90,90
http://irail.be/vehicle/IC414,http://irail.be/stations/NMBS/008811247,IC,2017-03-22T15:45:00,2017-03-22T15:45:00,51,51
http://irail.be/vehicle/IC414,http://irail.be/stations/NMBS/008811254,IC,2017-03-22T15:46:00,2017-03-22T15:46:00,-39,-39
http://irail.be/vehicle/IC414,http://irail.be/stations/NMBS/008811262,IC,2017-03-22T15:48:00,2017-03-22T15:48:00,-39,-39
http://irail.be/vehicle/IC414,http://irail.be/stations/NMBS/008811270,IC,2017-03-22T15:49:00,2017-03-22T15:49:00,40,40
http://irail.be/vehicle/IC414,http://irail.be/stations/NMBS/008811288,IC,2017-03-22T15:50:00,2017-03-22T15:50:00,54,54
http://irail.be/vehicle/IC414,http://irail.be/stations/NMBS/008833001,IC,2017-03-22T15:57:00,2017-03-22T15:53:00,19,61
http://irail.be/vehicle/IC414,http://irail.be/stations/NMBS/008841202,IC,2017-03-22T16:24:00,2017-03-22T16:24:00,-52,-52
http://irail.be/vehicle/IC414,http://irail.be/stations/NMBS/008841004,IC,2017-03-22T16:34:00,2017-03-22T16:31:00,9,63
http://irail.be/vehicle/IC414,http://irail.be/stations/NMBS/008842002,IC,2017-03-22T16:41:00,2017-03-22T16:37:00,33,33
http://irail.be/vehicle/IC414,http://irail.be/stations/NMBS/008842036,IC,2017-03-22T16:43:00,2017-03-22T16:43:00,33,33
http://irail.be/vehicle/IC414,http://irail.be/stations/NMBS/008844271,IC,2017-03-22T16:47:00,2017-03-22T16:47:00,24,24
http://irail.be/vehicle/IC414,NO-URI,IC,2017-03-22T16:48:00,2017-03-22T16:48:00,36,36
http://irail.be/vehicle/IC414,http://irail.be/stations/NMBS/008844255,IC,2017-03-22T16:49:00,2017-03-22T16:49:00,36,36
http://irail.be/vehicle/IC414,http://irail.be/stations/NMBS/008844230,IC,2017-03-22T16:49:00,2017-03-22T16:49:00,142,142
http://irail.be/vehicle/IC414,http://irail.be/stations/NMBS/008844206,IC,2017-03-22T16:54:00,2017-03-22T16:53:00,142,142
http://irail.be/vehicle/IC414,http://irail.be/stations/NMBS/008844008,IC,2017-03-22T17:02:00,2017-03-22T17:00:00,138,79
http://irail.be/vehicle/IC414,http://irail.be/stations/NMBS/008844057,IC,2017-03-22T17:03:00,2017-03-22T17:03:00,138,138
http://irail.be/vehicle/IC414,NO-URI,IC,2017-03-22T17:05:00,2017-03-22T17:05:00,170,170
http://irail.be/vehicle/IC414,http://irail.be/stations/NMBS/008844545,IC,2017-03-22T17:10:00,2017-03-22T17:09:00,157,157
http://irail.be/vehicle/IC414,http://irail.be/stations/NMBS/008844503,IC,2017-03-22T17:16:00,2017-03-22T17:16:00,,157
http://irail.be/vehicle/IC414,http://irail.be/stations/NMBS/008896008,IC,2017-09-27T14:16:00,2017-09-27T14:16:00,66,
http://irail.be/vehicle/IC414,http://irail.be/stations/NMBS/008896115,IC,2017-09-27T14:22:00,2017-09-27T14:21:00,54,54
http://irail.be/vehicle/IC414,http://irail.be/stations/NMBS/008896149,IC,2017-09-27T14:28:00,2017-09-27T14:27:00,151,124
http://irail.be/vehicle/IC414,http://irail.be/stations/NMBS/008892106,IC,2017-09-27T14:38:00,2017-09-27T14:37:00,134,67
http://irail.be/vehicle/IC414,NO-URI,IC,2017-09-27T14:40:00,2017-09-27T14:40:00,134,134
http://irail.be/vehicle/IC414,http://irail.be/stations/NMBS/008892080,IC,2017-09-27T14:45:00,2017-09-27T14:44:00,91,70
http://irail.be/vehicle/IC414,http://irail.be/stations/NMBS/008892007,IC,2017-09-27T14:54:00,2017-09-27T14:51:00,139,159
http://irail.be/vehicle/IC414,http://irail.be/stations/NMBS/008814001,IC,2017-09-27T15:27:00,2017-09-27T15:24:00,575,589
http://irail.be/vehicle/IC414,http://irail.be/stations/NMBS/008813037,IC,2017-09-27T15:29:00,2017-09-27T15:29:00,592,592
http://irail.be/vehicle/IC414,http://irail.be/stations/NMBS/008813003,IC,2017-09-27T15:31:00,2017-09-27T15:30:00,717,672
http://irail.be/vehicle/IC414,http://irail.be/stations/NMBS/008813045,IC,2017-09-27T15:33:00,2017-09-27T15:33:00,698,698
http://irail.be/vehicle/IC414,http://irail.be/stations/NMBS/008812005,IC,2017-09-27T15:38:00,2017-09-27T15:35:00,634,692
http://irail.be/vehicle/IC414,http://irail.be/stations/NMBS/008811007,IC,2017-09-27T15:41:00,2017-09-27T15:41:00,619,619
http://irail.be/vehicle/IC414,http://irail.be/stations/NMBS/008811130,IC,2017-09-27T15:42:00,2017-09-27T15:42:00,652,652
http://irail.be/vehicle/IC414,http://irail.be/stations/NMBS/008811213,IC,2017-09-27T15:43:00,2017-09-27T15:43:00,642,642
http://irail.be/vehicle/IC414,http://irail.be/stations/NMBS/008811221,IC,2017-09-27T15:44:00,2017-09-27T15:44:00,651,651
http://irail.be/vehicle/IC414,http://irail.be/stations/NMBS/008811247,IC,2017-09-27T15:45:00,2017-09-27T15:45:00,610,610
http://irail.be/vehicle/IC414,http://irail.be/stations/NMBS/008811254,IC,2017-09-27T15:46:00,2017-09-27T15:46:00,520,520
http://irail.be/vehicle/IC414,http://irail.be/stations/NMBS/008811262,IC,2017-09-27T15:48:00,2017-09-27T15:48:00,520,520
http://irail.be/vehicle/IC414,http://irail.be/stations/NMBS/008811270,IC,2017-09-27T15:49:00,2017-09-27T15:49:00,596,596
http://irail.be/vehicle/IC414,http://irail.be/stations/NMBS/008811288,IC,2017-09-27T15:50:00,2017-09-27T15:50:00,607,607
http://irail.be/vehicle/IC414,http://irail.be/stations/NMBS/008833001,IC,2017-09-27T15:57:00,2017-09-27T15:53:00,543,620
http://irail.be/vehicle/IC414,http://irail.be/stations/NMBS/008841202,IC,2017-09-27T16:24:00,2017-09-27T16:24:00,385,385
http://irail.be/vehicle/IC414,http://irail.be/stations/NMBS/008841004,IC,2017-09-27T16:34:00,2017-09-27T16:31:00,419,464
http://irail.be/vehicle/IC414,http://irail.be/stations/NMBS/008842002,IC,2017-09-27T16:41:00,2017-09-27T16:37:00,252,252
http://irail.be/vehicle/IC414,http://irail.be/stations/NMBS/008842036,IC,2017-09-27T16:43:00,2017-09-27T16:43:00,252,252
http://irail.be/vehicle/IC414,http://irail.be/stations/NMBS/008844271,IC,2017-09-27T16:47:00,2017-09-27T16:47:00,224,224
http://irail.be/vehicle/IC414,NO-URI,IC,2017-09-27T16:48:00,2017-09-27T16:48:00,204,204
http://irail.be/vehicle/IC414,http://irail.be/stations/NMBS/008844255,IC,2017-09-27T16:49:00,2017-09-27T16:49:00,201,201
http://irail.be/vehicle/IC414,http://irail.be/stations/NMBS/008844230,IC,2017-09-27T16:49:00,2017-09-27T16:49:00,230,230
http://irail.be/vehicle/IC414,http://irail.be/stations/NMBS/008844206,IC,2017-09-27T16:54:00,2017-09-27T16:53:00,230,230
http://irail.be/vehicle/IC414,http://irail.be/stations/NMBS/008844008,IC,2017-09-27T17:02:00,2017-09-27T17:00:00,69,132
http://irail.be/vehicle/IC414,http://irail.be/stations/NMBS/008844057,IC,2017-09-27T17:03:00,2017-09-27T17:03:00,76,76
http://irail.be/vehicle/IC414,NO-URI,IC,2017-09-27T17:05:00,2017-09-27T17:05:00,103,103
http://irail.be/vehicle/IC414,http://irail.be/stations/NMBS/008844545,IC,2017-09-27T17:10:00,2017-09-27T17:09:00,109,109
http://irail.be/vehicle/IC414,http://irail.be/stations/NMBS/008844503,IC,2017-09-27T17:16:00,2017-09-27T17:16:00,,109
http://irail.be/vehicle/IC414,http://irail.be/stations/NMBS/008896008,IC,2017-09-28T14:16:00,2017-09-28T14:16:00,186,
http://irail.be/vehicle/IC414,http://irail.be/stations/NMBS/008896115,IC,2017-09-28T14:22:00,2017-09-28T14:21:00,145,145
http://irail.be/vehicle/IC414,http://irail.be/stations/NMBS/008896149,IC,2017-09-28T14:28:00,2017-09-28T14:27:00,146,151
http://irail.be/vehicle/IC414,http://irail.be/stations/NMBS/008892106,IC,2017-09-28T14:38:00,2017-09-28T14:37:00,64,43
http://irail.be/vehicle/IC414,NO-URI,IC,2017-09-28T14:40:00,2017-09-28T14:40:00,64,64
http://irail.be/vehicle/IC414,http://irail.be/stations/NMBS/008892080,IC,2017-09-28T14:45:00,2017-09-28T14:44:00,79,-20
http://irail.be/vehicle/IC414,http://irail.be/stations/NMBS/008892007,IC,2017-09-28T14:54:00,2017-09-28T14:51:00,65,93
http://irail.be/vehicle/IC414,http://irail.be/stations/NMBS/008814001,IC,2017-09-28T15:27:00,2017-09-28T15:24:00,181,231
http://irail.be/vehicle/IC414,http://irail.be/stations/NMBS/008813037,IC,2017-09-28T15:29:00,2017-09-28T15:29:00,199,199
http://irail.be/vehicle/IC414,http://irail.be/stations/NMBS/008813003,IC,2017-09-28T15:31:00,2017-09-28T15:30:00,254,206
http://irail.be/vehicle/IC414,http://irail.be/stations/NMBS/008813045,IC,2017-09-28T15:33:00,2017-09-28T15:33:00,240,240
http://irail.be/vehicle/IC414,http://irail.be/stations/NMBS/008812005,IC,2017-09-28T15:38:00,2017-09-28T15:35:00,258,234
http://irail.be/vehicle/IC414,http://irail.be/stations/NMBS/008811007,IC,2017-09-28T15:41:00,2017-09-28T15:41:00,222,222
http://irail.be/vehicle/IC414,http://irail.be/stations/NMBS/008811130,IC,2017-09-28T15:42:00,2017-09-28T15:42:00,238,238
http://irail.be/vehicle/IC414,http://irail.be/stations/NMBS/008811213,IC,2017-09-28T15:43:00,2017-09-28T15:43:00,228,228
http://irail.be/vehicle/IC414,http://irail.be/stations/NMBS/008811221,IC,2017-09-28T15:44:00,2017-09-28T15:44:00,236,236
http://irail.be/vehicle/IC414,http://irail.be/stations/NMBS/008811247,IC,2017-09-28T15:45:00,2017-09-28T15:45:00,196,196
http://irail.be/vehicle/IC414,http://irail.be/stations/NMBS/008811254,IC,2017-09-28T15:46:00,2017-09-28T15:46:00,105,105
http://irail.be/vehicle/IC414,http://irail.be/stations/NMBS/008811262,IC,2017-09-28T15:48:00,2017-09-28T15:48:00,105,105
http://irail.be/vehicle/IC414,http://irail.be/stations/NMBS/008811270,IC,2017-09-28T15:49:00,2017-09-28T15:49:00,182,182
http://irail.be/vehicle/IC414,http://irail.be/stations/NMBS/008811288,IC,2017-09-28T15:50:00,2017-09-28T15:50:00,194,194
http://irail.be/vehicle/IC414,http://irail.be/stations/NMBS/008833001,IC,2017-09-28T15:57:00,2017-09-28T15:53:00,526,192
http://irail.be/vehicle/IC414,http://irail.be/stations/NMBS/008841202,IC,2017-09-28T16:24:00,2017-09-28T16:24:00,384,384
http://irail.be/vehicle/IC414,http://irail.be/stations/NMBS/008841004,IC,2017-09-28T16:34:00,2017-09-28T16:31:00,475,468
http://irail.be/vehicle/IC414,http://irail.be/stations/NMBS/008842002,IC,2017-09-28T16:41:00,2017-09-28T16:37:00,379,379
http://irail.be/vehicle/IC414,http://irail.be/stations/NMBS/008842036,IC,2017-09-28T16:43:00,2017-09-28T16:43:00,379,379
http://irail.be/vehicle/IC414,http://irail.be/stations/NMBS/008844271,IC,2017-09-28T16:47:00,2017-09-28T16:47:00,350,350
http://irail.be/vehicle/IC414,NO-URI,IC,2017-09-28T16:48:00,2017-09-28T16:48:00,333,333
http://irail.be/vehicle/IC414,http://irail.be/stations/NMBS/008844255,IC,2017-09-28T16:49:00,2017-09-28T16:49:00,386,386
http://irail.be/vehicle/IC414,http://irail.be/stations/NMBS/008844230,IC,2017-09-28T16:49:00,2017-09-28T16:49:00,721,721
http://irail.be/vehicle/IC414,http://irail.be/stations/NMBS/008844206,IC,2017-09-28T16:54:00,2017-09-28T16:53:00,721,721
http://irail.be/vehicle/IC414,http://irail.be/stations/NMBS/008844008,IC,2017-09-28T17:02:00,2017-09-28T17:00:00,545,633
http://irail.be/vehicle/IC414,http://irail.be/stations/NMBS/008844057,IC,2017-09-28T17:03:00,2017-09-28T17:03:00,552,552
http://irail.be/vehicle/IC414,NO-URI,IC,2017-09-28T17:05:00,2017-09-28T17:05:00,567,567
http://irail.be/vehicle/IC414,http://irail.be/stations/NMBS/008844545,IC,2017-09-28T17:10:00,2017-09-28T17:09:00,597,597
http://irail.be/vehicle/IC414,http://irail.be/stations/NMBS/008844503,IC,2017-09-28T17:16:00,2017-09-28T17:16:00,,597
http://irail.be/vehicle/IC414,http://irail.be/stations/NMBS/008896008,IC,2017-08-10T14:16:00,2017-08-10T14:16:00,49,
http://irail.be/vehicle/IC414,http://irail.be/stations/NMBS/008896115,IC,2017-08-10T14:22:00,2017-08-10T14:21:00,41,41
http://irail.be/vehicle/IC414,http://irail.be/stations/NMBS/008896149,IC,2017-08-10T14:28:00,2017-08-10T14:27:00,105,74
http://irail.be/vehicle/IC414,http://irail.be/stations/NMBS/008892106,IC,2017-08-10T14:38:00,2017-08-10T14:37:00,80,27
http://irail.be/vehicle/IC414,NO-URI,IC,2017-08-10T14:40:00,2017-08-10T14:40:00,80,80
http://irail.be/vehicle/IC414,http://irail.be/stations/NMBS/008892080,IC,2017-08-10T14:45:00,2017-08-10T14:44:00,69,12
http://irail.be/vehicle/IC414,http://irail.be/stations/NMBS/008892007,IC,2017-08-10T14:54:00,2017-08-10T14:51:00,226,83
http://irail.be/vehicle/IC414,http://irail.be/stations/NMBS/008814001,IC,2017-08-10T15:27:00,2017-08-10T15:24:00,110,105
http://irail.be/vehicle/IC414,http://irail.be/stations/NMBS/008813037,IC,2017-08-10T15:29:00,2017-08-10T15:29:00,138,138
http://irail.be/vehicle/IC414,http://irail.be/stations/NMBS/008813003,IC,2017-08-10T15:31:00,2017-08-10T15:30:00,181,148
http://irail.be/vehicle/IC414,http://irail.be/stations/NMBS/008813045,IC,2017-08-10T15:33:00,2017-08-10T15:33:00,168,168
http://irail.be/vehicle/IC414,http://irail.be/stations/NMBS/008812005,IC,2017-08-10T15:38:00,2017-08-10T15:35:00,136,163
http://irail.be/vehicle/IC414,http://irail.be/stations/NMBS/008811007,IC,2017-08-10T15:41:00,2017-08-10T15:41:00,125,125
http://irail.be/vehicle/IC414,http://irail.be/stations/NMBS/008811130,IC,2017-08-10T15:42:00,2017-08-10T15:42:00,153,153
http://irail.be/vehicle/IC414,http://irail.be/stations/NMBS/008811213,IC,2017-08-10T15:43:00,2017-08-10T15:43:00,141,141
http://irail.be/vehicle/IC414,http://irail.be/stations/NMBS/008811221,IC,2017-08-10T15:44:00,2017-08-10T15:44:00,150,150
http://irail.be/vehicle/IC414,http://irail.be/stations/NMBS/008811247,IC,2017-08-10T15:45:00,2017-08-10T15:45:00,109,109
http://irail.be/vehicle/IC414,http://irail.be/stations/NMBS/008811254,IC,2017-08-10T15:46:00,2017-08-10T15:46:00,18,18
http://irail.be/vehicle/IC414,http://irail.be/stations/NMBS/008811262,IC,2017-08-10T15:48:00,2017-08-10T15:48:00,18,18
http://irail.be/vehicle/IC414,http://irail.be/stations/NMBS/008811270,IC,2017-08-10T15:49:00,2017-08-10T15:49:00,93,93
http://irail.be/vehicle/IC414,http://irail.be/stations/NMBS/008811288,IC,2017-08-10T15:50:00,2017-08-10T15:50:00,103,103
http://irail.be/vehicle/IC414,http://irail.be/stations/NMBS/008833001,IC,2017-08-10T15:57:00,2017-08-10T15:53:00,81,109
http://irail.be/vehicle/IC414,http://irail.be/stations/NMBS/008841202,IC,2017-08-10T16:24:00,2017-08-10T16:24:00,-15,-15
http://irail.be/vehicle/IC414,http://irail.be/stations/NMBS/008841004,IC,2017-08-10T16:34:00,2017-08-10T16:31:00,73,110
http://irail.be/vehicle/IC414,http://irail.be/stations/NMBS/008842002,IC,2017-08-10T16:41:00,2017-08-10T16:37:00,32,32
http://irail.be/vehicle/IC414,http://irail.be/stations/NMBS/008842036,IC,2017-08-10T16:43:00,2017-08-10T16:43:00,32,32
http://irail.be/vehicle/IC414,http://irail.be/stations/NMBS/008844271,IC,2017-08-10T16:47:00,2017-08-10T16:47:00,26,26
http://irail.be/vehicle/IC414,NO-URI,IC,2017-08-10T16:48:00,2017-08-10T16:48:00,50,50
http://irail.be/vehicle/IC414,http://irail.be/stations/NMBS/008844255,IC,2017-08-10T16:49:00,2017-08-10T16:49:00,50,50
http://irail.be/vehicle/IC414,http://irail.be/stations/NMBS/008844230,IC,2017-08-10T16:49:00,2017-08-10T16:49:00,138,138
http://irail.be/vehicle/IC414,http://irail.be/stations/NMBS/008844206,IC,2017-08-10T16:54:00,2017-08-10T16:53:00,138,138
http://irail.be/vehicle/IC414,http://irail.be/stations/NMBS/008844008,IC,2017-08-10T17:02:00,2017-08-10T17:00:00,-3,71
http://irail.be/vehicle/IC414,http://irail.be/stations/NMBS/008844057,IC,2017-08-10T17:03:00,2017-08-10T17:03:00,-3,-3
http://irail.be/vehicle/IC414,NO-URI,IC,2017-08-10T17:05:00,2017-08-10T17:05:00,24,24
http://irail.be/vehicle/IC414,http://irail.be/stations/NMBS/008844545,IC,2017-08-10T17:10:00,2017-08-10T17:09:00,37,37
http://irail.be/vehicle/IC414,http://irail.be/stations/NMBS/008844503,IC,2017-08-10T17:16:00,2017-08-10T17:16:00,,37
http://irail.be/vehicle/IC414,http://irail.be/stations/NMBS/008896008,IC,2017-06-02T14:16:00,2017-06-02T14:16:00,49,
http://irail.be/vehicle/IC414,http://irail.be/stations/NMBS/008896115,IC,2017-06-02T14:22:00,2017-06-02T14:21:00,141,141
http://irail.be/vehicle/IC414,http://irail.be/stations/NMBS/008896149,IC,2017-06-02T14:28:00,2017-06-02T14:27:00,142,145
http://irail.be/vehicle/IC414,http://irail.be/stations/NMBS/008892106,IC,2017-06-02T14:38:00,2017-06-02T14:37:00,83,36
http://irail.be/vehicle/IC414,NO-URI,IC,2017-06-02T14:40:00,2017-06-02T14:40:00,83,83
http://irail.be/vehicle/IC414,http://irail.be/stations/NMBS/008892080,IC,2017-06-02T14:45:00,2017-06-02T14:44:00,21,-19
http://irail.be/vehicle/IC414,http://irail.be/stations/NMBS/008892007,IC,2017-06-02T14:54:00,2017-06-02T14:51:00,118,66
http://irail.be/vehicle/IC414,http://irail.be/stations/NMBS/008814001,IC,2017-06-02T15:27:00,2017-06-02T15:24:00,135,96
http://irail.be/vehicle/IC414,http://irail.be/stations/NMBS/008813037,IC,2017-06-02T15:29:00,2017-06-02T15:29:00,152,152
http://irail.be/vehicle/IC414,http://irail.be/stations/NMBS/008813003,IC,2017-06-02T15:31:00,2017-06-02T15:30:00,195,155
http://irail.be/vehicle/IC414,http://irail.be/stations/NMBS/008813045,IC,2017-06-02T15:33:00,2017-06-02T15:33:00,177,177
http://irail.be/vehicle/IC414,http://irail.be/stations/NMBS/008812005,IC,2017-06-02T15:38:00,2017-06-02T15:35:00,203,171
http://irail.be/vehicle/IC414,http://irail.be/stations/NMBS/008811007,IC,2017-06-02T15:41:00,2017-06-02T15:41:00,183,183
http://irail.be/vehicle/IC414,http://irail.be/stations/NMBS/008811130,IC,2017-06-02T15:42:00,2017-06-02T15:42:00,207,207
http://irail.be/vehicle/IC414,http://irail.be/stations/NMBS/008811213,IC,2017-06-02T15:43:00,2017-06-02T15:43:00,194,194
http://irail.be/vehicle/IC414,http://irail.be/stations/NMBS/008811221,IC,2017-06-02T15:44:00,2017-06-02T15:44:00,203,203
http://irail.be/vehicle/IC414,http://irail.be/stations/NMBS/008811247,IC,2017-06-02T15:45:00,2017-06-02T15:45:00,163,163
http://irail.be/vehicle/IC414,http://irail.be/stations/NMBS/008811254,IC,2017-06-02T15:46:00,2017-06-02T15:46:00,73,73
http://irail.be/vehicle/IC414,http://irail.be/stations/NMBS/008811262,IC,2017-06-02T15:48:00,2017-06-02T15:48:00,73,73
http://irail.be/vehicle/IC414,http://irail.be/stations/NMBS/008811270,IC,2017-06-02T15:49:00,2017-06-02T15:49:00,150,150
http://irail.be/vehicle/IC414,http://irail.be/stations/NMBS/008811288,IC,2017-06-02T15:50:00,2017-06-02T15:50:00,162,162
http://irail.be/vehicle/IC414,http://irail.be/stations/NMBS/008833001,IC,2017-06-02T15:57:00,2017-06-02T15:53:00,26,144
http://irail.be/vehicle/IC414,http://irail.be/stations/NMBS/008841202,IC,2017-06-02T16:24:00,2017-06-02T16:24:00,-25,-25
http://irail.be/vehicle/IC414,http://irail.be/stations/NMBS/008841004,IC,2017-06-02T16:34:00,2017-06-02T16:31:00,54,70
http://irail.be/vehicle/IC414,http://irail.be/stations/NMBS/008842002,IC,2017-06-02T16:41:00,2017-06-02T16:37:00,13,13
http://irail.be/vehicle/IC414,http://irail.be/stations/NMBS/008842036,IC,2017-06-02T16:43:00,2017-06-02T16:43:00,13,13
http://irail.be/vehicle/IC414,http://irail.be/stations/NMBS/008844271,IC,2017-06-02T16:47:00,2017-06-02T16:47:00,-3,-3
http://irail.be/vehicle/IC414,NO-URI,IC,2017-06-02T16:48:00,2017-06-02T16:48:00,55,55
http://irail.be/vehicle/IC414,http://irail.be/stations/NMBS/008844255,IC,2017-06-02T16:49:00,2017-06-02T16:49:00,64,64
http://irail.be/vehicle/IC414,http://irail.be/stations/NMBS/008844230,IC,2017-06-02T16:49:00,2017-06-02T16:49:00,163,163
http://irail.be/vehicle/IC414,http://irail.be/stations/NMBS/008844206,IC,2017-06-02T16:54:00,2017-06-02T16:53:00,163,163
http://irail.be/vehicle/IC414,http://irail.be/stations/NMBS/008844008,IC,2017-06-02T17:02:00,2017-06-02T17:00:00,49,91
http://irail.be/vehicle/IC414,http://irail.be/stations/NMBS/008844057,IC,2017-06-02T17:03:00,2017-06-02T17:03:00,49,49
http://irail.be/vehicle/IC414,NO-URI,IC,2017-06-02T17:05:00,2017-06-02T17:05:00,65,65
http://irail.be/vehicle/IC414,http://irail.be/stations/NMBS/008844545,IC,2017-06-02T17:10:00,2017-06-02T17:09:00,145,145
http://irail.be/vehicle/IC414,http://irail.be/stations/NMBS/008844503,IC,2017-06-02T17:16:00,2017-06-02T17:16:00,,145
http://irail.be/vehicle/IC414,http://irail.be/stations/NMBS/008896008,IC,2017-01-06T14:16:00,2017-01-06T14:16:00,434,
http://irail.be/vehicle/IC414,http://irail.be/stations/NMBS/008896115,IC,2017-01-06T14:22:00,2017-01-06T14:21:00,501,501
http://irail.be/vehicle/IC414,http://irail.be/stations/NMBS/008896149,IC,2017-01-06T14:28:00,2017-01-06T14:27:00,490,501
http://irail.be/vehicle/IC414,http://irail.be/stations/NMBS/008892106,IC,2017-01-06T14:38:00,2017-01-06T14:37:00,433,384
http://irail.be/vehicle/IC414,NO-URI,IC,2017-01-06T14:40:00,2017-01-06T14:40:00,433,433
http://irail.be/vehicle/IC414,http://irail.be/stations/NMBS/008892080,IC,2017-01-06T14:45:00,2017-01-06T14:44:00,468,356
http://irail.be/vehicle/IC414,http://irail.be/stations/NMBS/008892007,IC,2017-01-06T14:54:00,2017-01-06T14:51:00,454,455
http://irail.be/vehicle/IC414,http://irail.be/stations/NMBS/008814001,IC,2017-01-06T15:27:00,2017-01-06T15:24:00,379,377
http://irail.be/vehicle/IC414,http://irail.be/stations/NMBS/008813037,IC,2017-01-06T15:29:00,2017-01-06T15:29:00,383,383
http://irail.be/vehicle/IC414,http://irail.be/stations/NMBS/008813003,IC,2017-01-06T15:31:00,2017-01-06T15:30:00,419,385
http://irail.be/vehicle/IC414,http://irail.be/stations/NMBS/008813045,IC,2017-01-06T15:33:00,2017-01-06T15:33:00,414,414
http://irail.be/vehicle/IC414,http://irail.be/stations/NMBS/008812005,IC,2017-01-06T15:38:00,2017-01-06T15:35:00,369,403
http://irail.be/vehicle/IC414,http://irail.be/stations/NMBS/008811007,IC,2017-01-06T15:41:00,2017-01-06T15:41:00,350,350
http://irail.be/vehicle/IC414,http://irail.be/stations/NMBS/008811130,IC,2017-01-06T15:42:00,2017-01-06T15:42:00,363,363
http://irail.be/vehicle/IC414,http://irail.be/stations/NMBS/008811213,IC,2017-01-06T15:43:00,2017-01-06T15:43:00,372,372
http://irail.be/vehicle/IC414,http://irail.be/stations/NMBS/008811221,IC,2017-01-06T15:44:00,2017-01-06T15:44:00,383,383
http://irail.be/vehicle/IC414,http://irail.be/stations/NMBS/008811247,IC,2017-01-06T15:45:00,2017-01-06T15:45:00,344,344
http://irail.be/vehicle/IC414,http://irail.be/stations/NMBS/008811254,IC,2017-01-06T15:46:00,2017-01-06T15:46:00,254,254
http://irail.be/vehicle/IC414,http://irail.be/stations/NMBS/008811262,IC,2017-01-06T15:48:00,2017-01-06T15:48:00,254,254
http://irail.be/vehicle/IC414,http://irail.be/stations/NMBS/008811270,IC,2017-01-06T15:49:00,2017-01-06T15:49:00,334,334
http://irail.be/vehicle/IC414,http://irail.be/stations/NMBS/008811288,IC,2017-01-06T15:50:00,2017-01-06T15:50:00,348,348
http://irail.be/vehicle/IC414,http://irail.be/stations/NMBS/008833001,IC,2017-01-06T15:57:00,2017-01-06T15:53:00,203,344
http://irail.be/vehicle/IC414,http://irail.be/stations/NMBS/008841202,IC,2017-01-06T16:24:00,2017-01-06T16:24:00,132,132
http://irail.be/vehicle/IC414,http://irail.be/stations/NMBS/008841004,IC,2017-01-06T16:34:00,2017-01-06T16:31:00,92,131
http://irail.be/vehicle/IC414,http://irail.be/stations/NMBS/008842002,IC,2017-01-06T16:41:00,2017-01-06T16:37:00,59,59
http://irail.be/vehicle/IC414,http://irail.be/stations/NMBS/008842036,IC,2017-01-06T16:43:00,2017-01-06T16:43:00,59,59
http://irail.be/vehicle/IC414,http://irail.be/stations/NMBS/008844271,IC,2017-01-06T16:47:00,2017-01-06T16:47:00,44,44
http://irail.be/vehicle/IC414,NO-URI,IC,2017-01-06T16:48:00,2017-01-06T16:48:00,123,123
http://irail.be/vehicle/IC414,http://irail.be/stations/NMBS/008844255,IC,2017-01-06T16:49:00,2017-01-06T16:49:00,123,123
http://irail.be/vehicle/IC414,http://irail.be/stations/NMBS/008844230,IC,2017-01-06T16:49:00,2017-01-06T16:49:00,194,194
http://irail.be/vehicle/IC414,http://irail.be/stations/NMBS/008844206,IC,2017-01-06T16:54:00,2017-01-06T16:53:00,194,194
http://irail.be/vehicle/IC414,http://irail.be/stations/NMBS/008844008,IC,2017-01-06T17:02:00,2017-01-06T17:00:00,100,126
http://irail.be/vehicle/IC414,http://irail.be/stations/NMBS/008844057,IC,2017-01-06T17:03:00,2017-01-06T17:03:00,100,100
http://irail.be/vehicle/IC414,NO-URI,IC,2017-01-06T17:05:00,2017-01-06T17:05:00,125,125
http://irail.be/vehicle/IC414,http://irail.be/stations/NMBS/008844545,IC,2017-01-06T17:10:00,2017-01-06T17:09:00,125,125
http://irail.be/vehicle/IC414,http://irail.be/stations/NMBS/008844503,IC,2017-01-06T17:16:00,2017-01-06T17:16:00,,125
http://irail.be/vehicle/IC414,http://irail.be/stations/NMBS/008896008,IC,2017-04-26T14:16:00,2017-04-26T14:16:00,75,
http://irail.be/vehicle/IC414,http://irail.be/stations/NMBS/008896115,IC,2017-04-26T14:22:00,2017-04-26T14:21:00,177,177
http://irail.be/vehicle/IC414,http://irail.be/stations/NMBS/008896149,IC,2017-04-26T14:28:00,2017-04-26T14:27:00,181,177
http://irail.be/vehicle/IC414,http://irail.be/stations/NMBS/008892106,IC,2017-04-26T14:38:00,2017-04-26T14:37:00,200,155
http://irail.be/vehicle/IC414,NO-URI,IC,2017-04-26T14:40:00,2017-04-26T14:40:00,200,200
http://irail.be/vehicle/IC414,http://irail.be/stations/NMBS/008892080,IC,2017-04-26T14:45:00,2017-04-26T14:44:00,160,141
http://irail.be/vehicle/IC414,http://irail.be/stations/NMBS/008892007,IC,2017-04-26T14:54:00,2017-04-26T14:51:00,159,210
http://irail.be/vehicle/IC414,http://irail.be/stations/NMBS/008814001,IC,2017-04-26T15:27:00,2017-04-26T15:24:00,212,212
http://irail.be/vehicle/IC414,http://irail.be/stations/NMBS/008813037,IC,2017-04-26T15:29:00,2017-04-26T15:29:00,204,204
http://irail.be/vehicle/IC414,http://irail.be/stations/NMBS/008813003,IC,2017-04-26T15:31:00,2017-04-26T15:30:00,256,205
http://irail.be/vehicle/IC414,http://irail.be/stations/NMBS/008813045,IC,2017-04-26T15:33:00,2017-04-26T15:33:00,234,234
http://irail.be/vehicle/IC414,http://irail.be/stations/NMBS/008812005,IC,2017-04-26T15:38:00,2017-04-26T15:35:00,176,229
http://irail.be/vehicle/IC414,http://irail.be/stations/NMBS/008811007,IC,2017-04-26T15:41:00,2017-04-26T15:41:00,164,164
http://irail.be/vehicle/IC414,http://irail.be/stations/NMBS/008811130,IC,2017-04-26T15:42:00,2017-04-26T15:42:00,205,205
http://irail.be/vehicle/IC414,http://irail.be/stations/NMBS/008811213,IC,2017-04-26T15:43:00,2017-04-26T15:43:00,210,210
http://irail.be/vehicle/IC414,http://irail.be/stations/NMBS/008811221,IC,2017-04-26T15:44:00,2017-04-26T15:44:00,228,228
http://irail.be/vehicle/IC414,http://irail.be/stations/NMBS/008811247,IC,2017-04-26T15:45:00,2017-04-26T15:45:00,199,199
http://irail.be/vehicle/IC414,http://irail.be/stations/NMBS/008811254,IC,2017-04-26T15:46:00,2017-04-26T15:46:00,112,112
http://irail.be/vehicle/IC414,http://irail.be/stations/NMBS/008811262,IC,2017-04-26T15:48:00,2017-04-26T15:48:00,112,112
http://irail.be/vehicle/IC414,http://irail.be/stations/NMBS/008811270,IC,2017-04-26T15:49:00,2017-04-26T15:49:00,193,193
http://irail.be/vehicle/IC414,http://irail.be/stations/NMBS/008811288,IC,2017-04-26T15:50:00,2017-04-26T15:50:00,205,205
http://irail.be/vehicle/IC414,http://irail.be/stations/NMBS/008833001,IC,2017-04-26T15:57:00,2017-04-26T15:53:00,143,204
http://irail.be/vehicle/IC414,http://irail.be/stations/NMBS/008841202,IC,2017-04-26T16:24:00,2017-04-26T16:24:00,269,269
http://irail.be/vehicle/IC414,http://irail.be/stations/NMBS/008841004,IC,2017-04-26T16:34:00,2017-04-26T16:31:00,396,358
http://irail.be/vehicle/IC414,http://irail.be/stations/NMBS/008842002,IC,2017-04-26T16:41:00,2017-04-26T16:37:00,301,301
http://irail.be/vehicle/IC414,http://irail.be/stations/NMBS/008842036,IC,2017-04-26T16:43:00,2017-04-26T16:43:00,301,301
http://irail.be/vehicle/IC414,http://irail.be/stations/NMBS/008844271,IC,2017-04-26T16:47:00,2017-04-26T16:47:00,297,297
http://irail.be/vehicle/IC414,NO-URI,IC,2017-04-26T16:48:00,2017-04-26T16:48:00,292,292
http://irail.be/vehicle/IC414,http://irail.be/stations/NMBS/008844255,IC,2017-04-26T16:49:00,2017-04-26T16:49:00,285,285
http://irail.be/vehicle/IC414,http://irail.be/stations/NMBS/008844230,IC,2017-04-26T16:49:00,2017-04-26T16:49:00,307,307
http://irail.be/vehicle/IC414,http://irail.be/stations/NMBS/008844206,IC,2017-04-26T16:54:00,2017-04-26T16:53:00,307,307
http://irail.be/vehicle/IC414,http://irail.be/stations/NMBS/008844008,IC,2017-04-26T17:02:00,2017-04-26T17:00:00,264,335
http://irail.be/vehicle/IC414,http://irail.be/stations/NMBS/008844057,IC,2017-04-26T17:03:00,2017-04-26T17:03:00,264,264
http://irail.be/vehicle/IC414,NO-URI,IC,2017-04-26T17:05:00,2017-04-26T17:05:00,277,277
http://irail.be/vehicle/IC414,http://irail.be/stations/NMBS/008844545,IC,2017-04-26T17:10:00,2017-04-26T17:09:00,248,248
http://irail.be/vehicle/IC414,http://irail.be/stations/NMBS/008844503,IC,2017-04-26T17:16:00,2017-04-26T17:16:00,,248
http://irail.be/vehicle/IC414,http://irail.be/stations/NMBS/008896008,IC,2017-06-13T14:16:00,2017-06-13T14:16:00,52,
http://irail.be/vehicle/IC414,http://irail.be/stations/NMBS/008896115,IC,2017-06-13T14:22:00,2017-06-13T14:21:00,25,25
http://irail.be/vehicle/IC414,http://irail.be/stations/NMBS/008896149,IC,2017-06-13T14:28:00,2017-06-13T14:27:00,46,39
http://irail.be/vehicle/IC414,http://irail.be/stations/NMBS/008892106,IC,2017-06-13T14:38:00,2017-06-13T14:37:00,-54,-57
http://irail.be/vehicle/IC414,NO-URI,IC,2017-06-13T14:40:00,2017-06-13T14:40:00,-54,-54
http://irail.be/vehicle/IC414,http://irail.be/stations/NMBS/008892080,IC,2017-06-13T14:45:00,2017-06-13T14:44:00,-48,-119
http://irail.be/vehicle/IC414,http://irail.be/stations/NMBS/008892007,IC,2017-06-13T14:54:00,2017-06-13T14:51:00,-2,-7
http://irail.be/vehicle/IC414,http://irail.be/stations/NMBS/008814001,IC,2017-06-13T15:27:00,2017-06-13T15:24:00,214,234
http://irail.be/vehicle/IC414,http://irail.be/stations/NMBS/008813037,IC,2017-06-13T15:29:00,2017-06-13T15:29:00,229,229
http://irail.be/vehicle/IC414,http://irail.be/stations/NMBS/008813003,IC,2017-06-13T15:31:00,2017-06-13T15:30:00,242,230
http://irail.be/vehicle/IC414,http://irail.be/stations/NMBS/008813045,IC,2017-06-13T15:33:00,2017-06-13T15:33:00,240,240
http://irail.be/vehicle/IC414,http://irail.be/stations/NMBS/008812005,IC,2017-06-13T15:38:00,2017-06-13T15:35:00,226,234
http://irail.be/vehicle/IC414,http://irail.be/stations/NMBS/008811007,IC,2017-06-13T15:41:00,2017-06-13T15:41:00,212,212
http://irail.be/vehicle/IC414,http://irail.be/stations/NMBS/008811130,IC,2017-06-13T15:42:00,2017-06-13T15:42:00,230,230
http://irail.be/vehicle/IC414,http://irail.be/stations/NMBS/008811213,IC,2017-06-13T15:43:00,2017-06-13T15:43:00,216,216
http://irail.be/vehicle/IC414,http://irail.be/stations/NMBS/008811221,IC,2017-06-13T15:44:00,2017-06-13T15:44:00,226,226
http://irail.be/vehicle/IC414,http://irail.be/stations/NMBS/008811247,IC,2017-06-13T15:45:00,2017-06-13T15:45:00,188,188
http://irail.be/vehicle/IC414,http://irail.be/stations/NMBS/008811254,IC,2017-06-13T15:46:00,2017-06-13T15:46:00,98,98
http://irail.be/vehicle/IC414,http://irail.be/stations/NMBS/008811262,IC,2017-06-13T15:48:00,2017-06-13T15:48:00,98,98
http://irail.be/vehicle/IC414,http://irail.be/stations/NMBS/008811270,IC,2017-06-13T15:49:00,2017-06-13T15:49:00,182,182
http://irail.be/vehicle/IC414,http://irail.be/stations/NMBS/008811288,IC,2017-06-13T15:50:00,2017-06-13T15:50:00,195,195
http://irail.be/vehicle/IC414,http://irail.be/stations/NMBS/008833001,IC,2017-06-13T15:57:00,2017-06-13T15:53:00,86,184
http://irail.be/vehicle/IC414,http://irail.be/stations/NMBS/008841202,IC,2017-06-13T16:24:00,2017-06-13T16:24:00,37,37
http://irail.be/vehicle/IC414,http://irail.be/stations/NMBS/008841004,IC,2017-06-13T16:34:00,2017-06-13T16:31:00,181,150
http://irail.be/vehicle/IC414,http://irail.be/stations/NMBS/008842002,IC,2017-06-13T16:41:00,2017-06-13T16:37:00,75,75
http://irail.be/vehicle/IC414,http://irail.be/stations/NMBS/008842036,IC,2017-06-13T16:43:00,2017-06-13T16:43:00,75,75
http://irail.be/vehicle/IC414,http://irail.be/stations/NMBS/008844271,IC,2017-06-13T16:47:00,2017-06-13T16:47:00,64,64
http://irail.be/vehicle/IC414,NO-URI,IC,2017-06-13T16:48:00,2017-06-13T16:48:00,75,75
http://irail.be/vehicle/IC414,http://irail.be/stations/NMBS/008844255,IC,2017-06-13T16:49:00,2017-06-13T16:49:00,77,77
http://irail.be/vehicle/IC414,http://irail.be/stations/NMBS/008844230,IC,2017-06-13T16:49:00,2017-06-13T16:49:00,111,111
http://irail.be/vehicle/IC414,http://irail.be/stations/NMBS/008844206,IC,2017-06-13T16:54:00,2017-06-13T16:53:00,111,111
http://irail.be/vehicle/IC414,http://irail.be/stations/NMBS/008844008,IC,2017-06-13T17:02:00,2017-06-13T17:00:00,16,74
http://irail.be/vehicle/IC414,http://irail.be/stations/NMBS/008844057,IC,2017-06-13T17:03:00,2017-06-13T17:03:00,16,16
http://irail.be/vehicle/IC414,NO-URI,IC,2017-06-13T17:05:00,2017-06-13T17:05:00,37,37
http://irail.be/vehicle/IC414,http://irail.be/stations/NMBS/008844545,IC,2017-06-13T17:10:00,2017-06-13T17:09:00,0,0
http://irail.be/vehicle/IC414,http://irail.be/stations/NMBS/008844503,IC,2017-06-13T17:16:00,2017-06-13T17:16:00,,0
http://irail.be/vehicle/IC414,http://irail.be/stations/NMBS/008896008,IC,2017-10-26T14:16:00,2017-10-26T14:16:00,889,
http://irail.be/vehicle/IC414,http://irail.be/stations/NMBS/008896115,IC,2017-10-26T14:22:00,2017-10-26T14:21:00,930,930
http://irail.be/vehicle/IC414,http://irail.be/stations/NMBS/008896149,IC,2017-10-26T14:28:00,2017-10-26T14:27:00,979,958
http://irail.be/vehicle/IC414,http://irail.be/stations/NMBS/008892106,IC,2017-10-26T14:38:00,2017-10-26T14:37:00,940,875
http://irail.be/vehicle/IC414,NO-URI,IC,2017-10-26T14:40:00,2017-10-26T14:40:00,940,940
http://irail.be/vehicle/IC414,http://irail.be/stations/NMBS/008892080,IC,2017-10-26T14:45:00,2017-10-26T14:44:00,866,848
http://irail.be/vehicle/IC414,http://irail.be/stations/NMBS/008892007,IC,2017-10-26T14:54:00,2017-10-26T14:51:00,965,955
http://irail.be/vehicle/IC414,http://irail.be/stations/NMBS/008814001,IC,2017-10-26T15:27:00,2017-10-26T15:24:00,977,978
http://irail.be/vehicle/IC414,http://irail.be/stations/NMBS/008813037,IC,2017-10-26T15:29:00,2017-10-26T15:29:00,973,973
http://irail.be/vehicle/IC414,http://irail.be/stations/NMBS/008813003,IC,2017-10-26T15:31:00,2017-10-26T15:30:00,1070,988
http://irail.be/vehicle/IC414,http://irail.be/stations/NMBS/008813045,IC,2017-10-26T15:33:00,2017-10-26T15:33:00,1050,1050
http://irail.be/vehicle/IC414,http://irail.be/stations/NMBS/008812005,IC,2017-10-26T15:38:00,2017-10-26T15:35:00,998,1035
http://irail.be/vehicle/IC414,http://irail.be/stations/NMBS/008811007,IC,2017-10-26T15:41:00,2017-10-26T15:41:00,969,969
http://irail.be/vehicle/IC414,http://irail.be/stations/NMBS/008811130,IC,2017-10-26T15:42:00,2017-10-26T15:42:00,998,998
http://irail.be/vehicle/IC414,http://irail.be/stations/NMBS/008811213,IC,2017-10-26T15:43:00,2017-10-26T15:43:00,987,987
http://irail.be/vehicle/IC414,http://irail.be/stations/NMBS/008811221,IC,2017-10-26T15:44:00,2017-10-26T15:44:00,994,994
http://irail.be/vehicle/IC414,http://irail.be/stations/NMBS/008811247,IC,2017-10-26T15:45:00,2017-10-26T15:45:00,953,953
http://irail.be/vehicle/IC414,http://irail.be/stations/NMBS/008811254,IC,2017-10-26T15:46:00,2017-10-26T15:46:00,864,864
http://irail.be/vehicle/IC414,http://irail.be/stations/NMBS/008811262,IC,2017-10-26T15:48:00,2017-10-26T15:48:00,864,864
http://irail.be/vehicle/IC414,http://irail.be/stations/NMBS/008811270,IC,2017-10-26T15:49:00,2017-10-26T15:49:00,941,941
http://irail.be/vehicle/IC414,http://irail.be/stations/NMBS/008811288,IC,2017-10-26T15:50:00,2017-10-26T15:50:00,952,952
http://irail.be/vehicle/IC414,http://irail.be/stations/NMBS/008833001,IC,2017-10-26T15:57:00,2017-10-26T15:53:00,888,952
http://irail.be/vehicle/IC414,http://irail.be/stations/NMBS/008841202,IC,2017-10-26T16:24:00,2017-10-26T16:24:00,742,742
http://irail.be/vehicle/IC414,http://irail.be/stations/NMBS/008841004,IC,2017-10-26T16:34:00,2017-10-26T16:31:00,815,688
http://irail.be/vehicle/IC414,http://irail.be/stations/NMBS/008842002,IC,2017-10-26T16:41:00,2017-10-26T16:37:00,722,722
http://irail.be/vehicle/IC414,http://irail.be/stations/NMBS/008842036,IC,2017-10-26T16:43:00,2017-10-26T16:43:00,722,722
http://irail.be/vehicle/IC414,http://irail.be/stations/NMBS/008844271,IC,2017-10-26T16:47:00,2017-10-26T16:47:00,698,698
http://irail.be/vehicle/IC414,NO-URI,IC,2017-10-26T16:48:00,2017-10-26T16:48:00,679,679
http://irail.be/vehicle/IC414,http://irail.be/stations/NMBS/008844255,IC,2017-10-26T16:49:00,2017-10-26T16:49:00,675,675
http://irail.be/vehicle/IC414,http://irail.be/stations/NMBS/008844230,IC,2017-10-26T16:49:00,2017-10-26T16:49:00,754,754
http://irail.be/vehicle/IC414,http://irail.be/stations/NMBS/008844206,IC,2017-10-26T16:54:00,2017-10-26T16:53:00,754,754
http://irail.be/vehicle/IC414,http://irail.be/stations/NMBS/008844008,IC,2017-10-26T17:02:00,2017-10-26T17:00:00,580,668
http://irail.be/vehicle/IC414,http://irail.be/stations/NMBS/008844057,IC,2017-10-26T17:03:00,2017-10-26T17:03:00,580,580
http://irail.be/vehicle/IC414,NO-URI,IC,2017-10-26T17:05:00,2017-10-26T17:05:00,583,583
http://irail.be/vehicle/IC414,http://irail.be/stations/NMBS/008844545,IC,2017-10-26T17:10:00,2017-10-26T17:09:00,593,593
http://irail.be/vehicle/IC414,http://irail.be/stations/NMBS/008844503,IC,2017-10-26T17:16:00,2017-10-26T17:16:00,,593
http://irail.be/vehicle/IC414,http://irail.be/stations/NMBS/008896008,IC,2017-03-03T14:16:00,2017-03-03T14:16:00,56,
http://irail.be/vehicle/IC414,http://irail.be/stations/NMBS/008896115,IC,2017-03-03T14:22:00,2017-03-03T14:21:00,63,63
http://irail.be/vehicle/IC414,http://irail.be/stations/NMBS/008896149,IC,2017-03-03T14:28:00,2017-03-03T14:27:00,79,63
http://irail.be/vehicle/IC414,http://irail.be/stations/NMBS/008892106,IC,2017-03-03T14:38:00,2017-03-03T14:37:00,76,-28
http://irail.be/vehicle/IC414,NO-URI,IC,2017-03-03T14:40:00,2017-03-03T14:40:00,76,76
http://irail.be/vehicle/IC414,http://irail.be/stations/NMBS/008892080,IC,2017-03-03T14:45:00,2017-03-03T14:44:00,60,-7
http://irail.be/vehicle/IC414,http://irail.be/stations/NMBS/008892007,IC,2017-03-03T14:54:00,2017-03-03T14:51:00,92,95
http://irail.be/vehicle/IC414,http://irail.be/stations/NMBS/008814001,IC,2017-03-03T15:27:00,2017-03-03T15:24:00,175,189
http://irail.be/vehicle/IC414,http://irail.be/stations/NMBS/008813037,IC,2017-03-03T15:29:00,2017-03-03T15:29:00,168,168
http://irail.be/vehicle/IC414,http://irail.be/stations/NMBS/008813003,IC,2017-03-03T15:31:00,2017-03-03T15:30:00,220,188
http://irail.be/vehicle/IC414,http://irail.be/stations/NMBS/008813045,IC,2017-03-03T15:33:00,2017-03-03T15:33:00,202,202
http://irail.be/vehicle/IC414,http://irail.be/stations/NMBS/008812005,IC,2017-03-03T15:38:00,2017-03-03T15:35:00,209,217
http://irail.be/vehicle/IC414,http://irail.be/stations/NMBS/008811007,IC,2017-03-03T15:41:00,2017-03-03T15:41:00,183,183
http://irail.be/vehicle/IC414,http://irail.be/stations/NMBS/008811130,IC,2017-03-03T15:42:00,2017-03-03T15:42:00,179,179
http://irail.be/vehicle/IC414,http://irail.be/stations/NMBS/008811213,IC,2017-03-03T15:43:00,2017-03-03T15:43:00,186,186
http://irail.be/vehicle/IC414,http://irail.be/stations/NMBS/008811221,IC,2017-03-03T15:44:00,2017-03-03T15:44:00,197,197
http://irail.be/vehicle/IC414,http://irail.be/stations/NMBS/008811247,IC,2017-03-03T15:45:00,2017-03-03T15:45:00,157,157
http://irail.be/vehicle/IC414,http://irail.be/stations/NMBS/008811254,IC,2017-03-03T15:46:00,2017-03-03T15:46:00,68,68
http://irail.be/vehicle/IC414,http://irail.be/stations/NMBS/008811262,IC,2017-03-03T15:48:00,2017-03-03T15:48:00,68,68
http://irail.be/vehicle/IC414,http://irail.be/stations/NMBS/008811270,IC,2017-03-03T15:49:00,2017-03-03T15:49:00,147,147
http://irail.be/vehicle/IC414,http://irail.be/stations/NMBS/008811288,IC,2017-03-03T15:50:00,2017-03-03T15:50:00,164,164
http://irail.be/vehicle/IC414,http://irail.be/stations/NMBS/008833001,IC,2017-03-03T15:57:00,2017-03-03T15:53:00,62,175
http://irail.be/vehicle/IC414,http://irail.be/stations/NMBS/008841202,IC,2017-03-03T16:24:00,2017-03-03T16:24:00,18,18
http://irail.be/vehicle/IC414,http://irail.be/stations/NMBS/008841004,IC,2017-03-03T16:34:00,2017-03-03T16:31:00,127,91
http://irail.be/vehicle/IC414,http://irail.be/stations/NMBS/008842002,IC,2017-03-03T16:41:00,2017-03-03T16:37:00,43,43
http://irail.be/vehicle/IC414,http://irail.be/stations/NMBS/008842036,IC,2017-03-03T16:43:00,2017-03-03T16:43:00,43,43
http://irail.be/vehicle/IC414,http://irail.be/stations/NMBS/008844271,IC,2017-03-03T16:47:00,2017-03-03T16:47:00,16,16
http://irail.be/vehicle/IC414,NO-URI,IC,2017-03-03T16:48:00,2017-03-03T16:48:00,30,30
http://irail.be/vehicle/IC414,http://irail.be/stations/NMBS/008844255,IC,2017-03-03T16:49:00,2017-03-03T16:49:00,35,35
http://irail.be/vehicle/IC414,http://irail.be/stations/NMBS/008844230,IC,2017-03-03T16:49:00,2017-03-03T16:49:00,407,407
http://irail.be/vehicle/IC414,http://irail.be/stations/NMBS/008844206,IC,2017-03-03T16:54:00,2017-03-03T16:53:00,407,407
http://irail.be/vehicle/IC414,http://irail.be/stations/NMBS/008844008,IC,2017-03-03T17:02:00,2017-03-03T17:00:00,314,350
http://irail.be/vehicle/IC414,http://irail.be/stations/NMBS/008844057,IC,2017-03-03T17:03:00,2017-03-03T17:03:00,314,314
http://irail.be/vehicle/IC414,NO-URI,IC,2017-03-03T17:05:00,2017-03-03T17:05:00,333,333
http://irail.be/vehicle/IC414,http://irail.be/stations/NMBS/008844545,IC,2017-03-03T17:10:00,2017-03-03T17:09:00,315,315
http://irail.be/vehicle/IC414,http://irail.be/stations/NMBS/008844503,IC,2017-03-03T17:16:00,2017-03-03T17:16:00,,315
http://irail.be/vehicle/IC414,http://irail.be/stations/NMBS/008896008,IC,2017-03-30T14:16:00,2017-03-30T14:16:00,69,
http://irail.be/vehicle/IC414,http://irail.be/stations/NMBS/008896115,IC,2017-03-30T14:22:00,2017-03-30T14:21:00,96,96
http://irail.be/vehicle/IC414,http://irail.be/stations/NMBS/008896149,IC,2017-03-30T14:28:00,2017-03-30T14:27:00,120,96
http://irail.be/vehicle/IC414,http://irail.be/stations/NMBS/008892106,IC,2017-03-30T14:38:00,2017-03-30T14:37:00,128,41
http://irail.be/vehicle/IC414,NO-URI,IC,2017-03-30T14:40:00,2017-03-30T14:40:00,128,128
http://irail.be/vehicle/IC414,http://irail.be/stations/NMBS/008892080,IC,2017-03-30T14:45:00,2017-03-30T14:44:00,115,79
http://irail.be/vehicle/IC414,http://irail.be/stations/NMBS/008892007,IC,2017-03-30T14:54:00,2017-03-30T14:51:00,141,175
http://irail.be/vehicle/IC414,http://irail.be/stations/NMBS/008814001,IC,2017-03-30T15:27:00,2017-03-30T15:24:00,158,206
http://irail.be/vehicle/IC414,http://irail.be/stations/NMBS/008813037,IC,2017-03-30T15:29:00,2017-03-30T15:29:00,177,177
http://irail.be/vehicle/IC414,http://irail.be/stations/NMBS/008813003,IC,2017-03-30T15:31:00,2017-03-30T15:30:00,213,184
http://irail.be/vehicle/IC414,http://irail.be/stations/NMBS/008813045,IC,2017-03-30T15:33:00,2017-03-30T15:33:00,206,206
http://irail.be/vehicle/IC414,http://irail.be/stations/NMBS/008812005,IC,2017-03-30T15:38:00,2017-03-30T15:35:00,243,194
http://irail.be/vehicle/IC414,http://irail.be/stations/NMBS/008811007,IC,2017-03-30T15:41:00,2017-03-30T15:41:00,229,229
http://irail.be/vehicle/IC414,http://irail.be/stations/NMBS/008811130,IC,2017-03-30T15:42:00,2017-03-30T15:42:00,261,261
http://irail.be/vehicle/IC414,http://irail.be/stations/NMBS/008811213,IC,2017-03-30T15:43:00,2017-03-30T15:43:00,247,247
http://irail.be/vehicle/IC414,http://irail.be/stations/NMBS/008811221,IC,2017-03-30T15:44:00,2017-03-30T15:44:00,258,258
http://irail.be/vehicle/IC414,http://irail.be/stations/NMBS/008811247,IC,2017-03-30T15:45:00,2017-03-30T15:45:00,220,220
http://irail.be/vehicle/IC414,http://irail.be/stations/NMBS/008811254,IC,2017-03-30T15:46:00,2017-03-30T15:46:00,129,129
http://irail.be/vehicle/IC414,http://irail.be/stations/NMBS/008811262,IC,2017-03-30T15:48:00,2017-03-30T15:48:00,129,129
http://irail.be/vehicle/IC414,http://irail.be/stations/NMBS/008811270,IC,2017-03-30T15:49:00,2017-03-30T15:49:00,208,208
http://irail.be/vehicle/IC414,http://irail.be/stations/NMBS/008811288,IC,2017-03-30T15:50:00,2017-03-30T15:50:00,222,222
http://irail.be/vehicle/IC414,http://irail.be/stations/NMBS/008833001,IC,2017-03-30T15:57:00,2017-03-30T15:53:00,106,215
http://irail.be/vehicle/IC414,http://irail.be/stations/NMBS/008841202,IC,2017-03-30T16:24:00,2017-03-30T16:24:00,53,53
http://irail.be/vehicle/IC414,http://irail.be/stations/NMBS/008841004,IC,2017-03-30T16:34:00,2017-03-30T16:31:00,65,156
http://irail.be/vehicle/IC414,http://irail.be/stations/NMBS/008842002,IC,2017-03-30T16:41:00,2017-03-30T16:37:00,-60,-60
http://irail.be/vehicle/IC414,http://irail.be/stations/NMBS/008842036,IC,2017-03-30T16:43:00,2017-03-30T16:43:00,-60,-60
http://irail.be/vehicle/IC414,http://irail.be/stations/NMBS/008844271,IC,2017-03-30T16:47:00,2017-03-30T16:47:00,-71,-71
http://irail.be/vehicle/IC414,NO-URI,IC,2017-03-30T16:48:00,2017-03-30T16:48:00,-81,-81
http://irail.be/vehicle/IC414,http://irail.be/stations/NMBS/008844255,IC,2017-03-30T16:49:00,2017-03-30T16:49:00,-86,-86
http://irail.be/vehicle/IC414,http://irail.be/stations/NMBS/008844230,IC,2017-03-30T16:49:00,2017-03-30T16:49:00,8,8
http://irail.be/vehicle/IC414,http://irail.be/stations/NMBS/008844206,IC,2017-03-30T16:54:00,2017-03-30T16:53:00,8,8
http://irail.be/vehicle/IC414,http://irail.be/stations/NMBS/008844008,IC,2017-03-30T17:02:00,2017-03-30T17:00:00,-1,-29
http://irail.be/vehicle/IC414,http://irail.be/stations/NMBS/008844057,IC,2017-03-30T17:03:00,2017-03-30T17:03:00,-1,-1
http://irail.be/vehicle/IC414,NO-URI,IC,2017-03-30T17:05:00,2017-03-30T17:05:00,20,20
http://irail.be/vehicle/IC414,http://irail.be/stations/NMBS/008844545,IC,2017-03-30T17:10:00,2017-03-30T17:09:00,-21,-21
http://irail.be/vehicle/IC414,http://irail.be/stations/NMBS/008844503,IC,2017-03-30T17:16:00,2017-03-30T17:16:00,,-21
http://irail.be/vehicle/IC414,http://irail.be/stations/NMBS/008896008,IC,2017-03-27T14:16:00,2017-03-27T14:16:00,84,
http://irail.be/vehicle/IC414,http://irail.be/stations/NMBS/008896115,IC,2017-03-27T14:22:00,2017-03-27T14:21:00,143,143
http://irail.be/vehicle/IC414,http://irail.be/stations/NMBS/008896149,IC,2017-03-27T14:28:00,2017-03-27T14:27:00,161,143
http://irail.be/vehicle/IC414,http://irail.be/stations/NMBS/008892106,IC,2017-03-27T14:38:00,2017-03-27T14:37:00,131,81
http://irail.be/vehicle/IC414,NO-URI,IC,2017-03-27T14:40:00,2017-03-27T14:40:00,131,131
http://irail.be/vehicle/IC414,http://irail.be/stations/NMBS/008892080,IC,2017-03-27T14:45:00,2017-03-27T14:44:00,99,72
http://irail.be/vehicle/IC414,http://irail.be/stations/NMBS/008892007,IC,2017-03-27T14:54:00,2017-03-27T14:51:00,137,161
http://irail.be/vehicle/IC414,http://irail.be/stations/NMBS/008814001,IC,2017-03-27T15:27:00,2017-03-27T15:24:00,155,141
http://irail.be/vehicle/IC414,http://irail.be/stations/NMBS/008813037,IC,2017-03-27T15:29:00,2017-03-27T15:29:00,159,159
http://irail.be/vehicle/IC414,http://irail.be/stations/NMBS/008813003,IC,2017-03-27T15:31:00,2017-03-27T15:30:00,252,206
http://irail.be/vehicle/IC414,http://irail.be/stations/NMBS/008813045,IC,2017-03-27T15:33:00,2017-03-27T15:33:00,238,238
http://irail.be/vehicle/IC414,http://irail.be/stations/NMBS/008812005,IC,2017-03-27T15:38:00,2017-03-27T15:35:00,208,229
http://irail.be/vehicle/IC414,http://irail.be/stations/NMBS/008811007,IC,2017-03-27T15:41:00,2017-03-27T15:41:00,199,199
http://irail.be/vehicle/IC414,http://irail.be/stations/NMBS/008811130,IC,2017-03-27T15:42:00,2017-03-27T15:42:00,225,225
http://irail.be/vehicle/IC414,http://irail.be/stations/NMBS/008811213,IC,2017-03-27T15:43:00,2017-03-27T15:43:00,212,212
http://irail.be/vehicle/IC414,http://irail.be/stations/NMBS/008811221,IC,2017-03-27T15:44:00,2017-03-27T15:44:00,223,223
http://irail.be/vehicle/IC414,http://irail.be/stations/NMBS/008811247,IC,2017-03-27T15:45:00,2017-03-27T15:45:00,184,184
http://irail.be/vehicle/IC414,http://irail.be/stations/NMBS/008811254,IC,2017-03-27T15:46:00,2017-03-27T15:46:00,93,93
http://irail.be/vehicle/IC414,http://irail.be/stations/NMBS/008811262,IC,2017-03-27T15:48:00,2017-03-27T15:48:00,93,93
http://irail.be/vehicle/IC414,http://irail.be/stations/NMBS/008811270,IC,2017-03-27T15:49:00,2017-03-27T15:49:00,175,175
http://irail.be/vehicle/IC414,http://irail.be/stations/NMBS/008811288,IC,2017-03-27T15:50:00,2017-03-27T15:50:00,190,190
http://irail.be/vehicle/IC414,http://irail.be/stations/NMBS/008833001,IC,2017-03-27T15:57:00,2017-03-27T15:53:00,162,222
http://irail.be/vehicle/IC414,http://irail.be/stations/NMBS/008841202,IC,2017-03-27T16:24:00,2017-03-27T16:24:00,69,69
http://irail.be/vehicle/IC414,http://irail.be/stations/NMBS/008841004,IC,2017-03-27T16:34:00,2017-03-27T16:31:00,114,196
http://irail.be/vehicle/IC414,http://irail.be/stations/NMBS/008842002,IC,2017-03-27T16:41:00,2017-03-27T16:37:00,140,140
http://irail.be/vehicle/IC414,http://irail.be/stations/NMBS/008842036,IC,2017-03-27T16:43:00,2017-03-27T16:43:00,140,140
http://irail.be/vehicle/IC414,http://irail.be/stations/NMBS/008844271,IC,2017-03-27T16:47:00,2017-03-27T16:47:00,111,111
http://irail.be/vehicle/IC414,NO-URI,IC,2017-03-27T16:48:00,2017-03-27T16:48:00,108,108
http://irail.be/vehicle/IC414,http://irail.be/stations/NMBS/008844255,IC,2017-03-27T16:49:00,2017-03-27T16:49:00,107,107
http://irail.be/vehicle/IC414,http://irail.be/stations/NMBS/008844230,IC,2017-03-27T16:49:00,2017-03-27T16:49:00,339,339
http://irail.be/vehicle/IC414,http://irail.be/stations/NMBS/008844206,IC,2017-03-27T16:54:00,2017-03-27T16:53:00,339,339
http://irail.be/vehicle/IC414,http://irail.be/stations/NMBS/008844008,IC,2017-03-27T17:02:00,2017-03-27T17:00:00,378,430
http://irail.be/vehicle/IC414,http://irail.be/stations/NMBS/008844057,IC,2017-03-27T17:03:00,2017-03-27T17:03:00,378,378
http://irail.be/vehicle/IC414,NO-URI,IC,2017-03-27T17:05:00,2017-03-27T17:05:00,425,425
http://irail.be/vehicle/IC414,http://irail.be/stations/NMBS/008844545,IC,2017-03-27T17:10:00,2017-03-27T17:09:00,504,504
http://irail.be/vehicle/IC414,http://irail.be/stations/NMBS/008844503,IC,2017-03-27T17:16:00,2017-03-27T17:16:00,,504
http://irail.be/vehicle/IC414,http://irail.be/stations/NMBS/008896008,IC,2017-12-19T14:16:00,2017-12-19T14:16:00,47,
http://irail.be/vehicle/IC414,http://irail.be/stations/NMBS/008896115,IC,2017-12-19T14:22:00,2017-12-19T14:21:00,3,3
http://irail.be/vehicle/IC414,http://irail.be/stations/NMBS/008896149,IC,2017-12-19T14:28:00,2017-12-19T14:27:00,2,20
http://irail.be/vehicle/IC414,http://irail.be/stations/NMBS/008892106,IC,2017-12-19T14:38:00,2017-12-19T14:37:00,59,-92
http://irail.be/vehicle/IC414,NO-URI,IC,2017-12-19T14:40:00,2017-12-19T14:40:00,59,59
http://irail.be/vehicle/IC414,http://irail.be/stations/NMBS/008892080,IC,2017-12-19T14:44:00,2017-12-19T14:43:00,21,34
http://irail.be/vehicle/IC414,http://irail.be/stations/NMBS/008892007,IC,2017-12-19T14:54:00,2017-12-19T14:52:00,107,17
http://irail.be/vehicle/IC414,http://irail.be/stations/NMBS/008814001,IC,2017-12-19T15:27:00,2017-12-19T15:24:00,55,40
http://irail.be/vehicle/IC414,http://irail.be/stations/NMBS/008813037,IC,2017-12-19T15:29:00,2017-12-19T15:29:00,99,99
http://irail.be/vehicle/IC414,http://irail.be/stations/NMBS/008813003,IC,2017-12-19T15:31:00,2017-12-19T15:30:00,110,101
http://irail.be/vehicle/IC414,http://irail.be/stations/NMBS/008813045,IC,2017-12-19T15:33:00,2017-12-19T15:33:00,90,90
http://irail.be/vehicle/IC414,http://irail.be/stations/NMBS/008812005,IC,2017-12-19T15:37:00,2017-12-19T15:35:00,107,82
http://irail.be/vehicle/IC414,http://irail.be/stations/NMBS/008811007,IC,2017-12-19T15:40:00,2017-12-19T15:40:00,72,72
http://irail.be/vehicle/IC414,http://irail.be/stations/NMBS/008811130,IC,2017-12-19T15:41:00,2017-12-19T15:41:00,110,110
http://irail.be/vehicle/IC414,http://irail.be/stations/NMBS/008811213,IC,2017-12-19T15:42:00,2017-12-19T15:42:00,106,106
http://irail.be/vehicle/IC414,http://irail.be/stations/NMBS/008811221,IC,2017-12-19T15:43:00,2017-12-19T15:43:00,79,79
http://irail.be/vehicle/IC414,http://irail.be/stations/NMBS/008811247,IC,2017-12-19T15:44:00,2017-12-19T15:44:00,76,76
http://irail.be/vehicle/IC414,http://irail.be/stations/NMBS/008811254,IC,2017-12-19T15:45:00,2017-12-19T15:45:00,-18,-18
http://irail.be/vehicle/IC414,http://irail.be/stations/NMBS/008811262,IC,2017-12-19T15:47:00,2017-12-19T15:47:00,-18,-18
http://irail.be/vehicle/IC414,http://irail.be/stations/NMBS/008811270,IC,2017-12-19T15:48:00,2017-12-19T15:48:00,33,33
http://irail.be/vehicle/IC414,http://irail.be/stations/NMBS/008811288,IC,2017-12-19T15:49:00,2017-12-19T15:49:00,43,43
http://irail.be/vehicle/IC414,http://irail.be/stations/NMBS/008833001,IC,2017-12-19T15:56:00,2017-12-19T15:52:00,24,35
http://irail.be/vehicle/IC414,http://irail.be/stations/NMBS/008841202,IC,2017-12-19T16:22:00,2017-12-19T16:22:00,-89,-89
http://irail.be/vehicle/IC414,http://irail.be/stations/NMBS/008841004,IC,2017-12-19T16:36:00,2017-12-19T16:29:00,12,-119
http://irail.be/vehicle/IC414,http://irail.be/stations/NMBS/008842002,IC,2017-12-19T16:41:00,2017-12-19T16:39:00,-11,-11
http://irail.be/vehicle/IC414,http://irail.be/stations/NMBS/008842036,IC,2017-12-19T16:43:00,2017-12-19T16:43:00,-11,-11
http://irail.be/vehicle/IC414,http://irail.be/stations/NMBS/008844271,IC,2017-12-19T16:47:00,2017-12-19T16:47:00,-46,-46
http://irail.be/vehicle/IC414,NO-URI,IC,2017-12-19T16:48:00,2017-12-19T16:48:00,-26,-26
http://irail.be/vehicle/IC414,http://irail.be/stations/NMBS/008844255,IC,2017-12-19T16:49:00,2017-12-19T16:49:00,15,15
http://irail.be/vehicle/IC414,http://irail.be/stations/NMBS/008844230,IC,2017-12-19T16:49:00,2017-12-19T16:49:00,186,186
http://irail.be/vehicle/IC414,http://irail.be/stations/NMBS/008844206,IC,2017-12-19T16:54:00,2017-12-19T16:53:00,186,186
http://irail.be/vehicle/IC414,http://irail.be/stations/NMBS/008844008,IC,2017-12-19T17:02:00,2017-12-19T17:00:00,-22,82
http://irail.be/vehicle/IC414,http://irail.be/stations/NMBS/008844057,IC,2017-12-19T17:03:00,2017-12-19T17:03:00,-22,-22
http://irail.be/vehicle/IC414,http://irail.be/stations/NMBS/008844545,IC,2017-12-19T17:09:00,2017-12-19T17:08:00,185,185
http://irail.be/vehicle/IC414,http://irail.be/stations/NMBS/008844503,IC,2017-12-19T17:14:00,2017-12-19T17:14:00,,185
http://irail.be/vehicle/IC414,http://irail.be/stations/NMBS/008896008,IC,2017-01-02T14:16:00,2017-01-02T14:16:00,171,
http://irail.be/vehicle/IC414,http://irail.be/stations/NMBS/008896115,IC,2017-01-02T14:22:00,2017-01-02T14:21:00,157,157
http://irail.be/vehicle/IC414,http://irail.be/stations/NMBS/008896149,IC,2017-01-02T14:28:00,2017-01-02T14:27:00,142,157
http://irail.be/vehicle/IC414,http://irail.be/stations/NMBS/008892106,IC,2017-01-02T14:38:00,2017-01-02T14:37:00,86,30
http://irail.be/vehicle/IC414,NO-URI,IC,2017-01-02T14:40:00,2017-01-02T14:40:00,86,86
http://irail.be/vehicle/IC414,http://irail.be/stations/NMBS/008892080,IC,2017-01-02T14:45:00,2017-01-02T14:44:00,34,21
http://irail.be/vehicle/IC414,http://irail.be/stations/NMBS/008892007,IC,2017-01-02T14:54:00,2017-01-02T14:51:00,302,50
http://irail.be/vehicle/IC414,http://irail.be/stations/NMBS/008814001,IC,2017-01-02T15:27:00,2017-01-02T15:24:00,412,225
http://irail.be/vehicle/IC414,http://irail.be/stations/NMBS/008813037,IC,2017-01-02T15:29:00,2017-01-02T15:29:00,420,420
http://irail.be/vehicle/IC414,http://irail.be/stations/NMBS/008813003,IC,2017-01-02T15:31:00,2017-01-02T15:30:00,440,421
http://irail.be/vehicle/IC414,http://irail.be/stations/NMBS/008813045,IC,2017-01-02T15:33:00,2017-01-02T15:33:00,425,425
http://irail.be/vehicle/IC414,http://irail.be/stations/NMBS/008812005,IC,2017-01-02T15:38:00,2017-01-02T15:35:00,411,441
http://irail.be/vehicle/IC414,http://irail.be/stations/NMBS/008811007,IC,2017-01-02T15:41:00,2017-01-02T15:41:00,390,390
http://irail.be/vehicle/IC414,http://irail.be/stations/NMBS/008811130,IC,2017-01-02T15:42:00,2017-01-02T15:42:00,396,396
http://irail.be/vehicle/IC414,http://irail.be/stations/NMBS/008811213,IC,2017-01-02T15:43:00,2017-01-02T15:43:00,403,403
http://irail.be/vehicle/IC414,http://irail.be/stations/NMBS/008811221,IC,2017-01-02T15:44:00,2017-01-02T15:44:00,414,414
http://irail.be/vehicle/IC414,http://irail.be/stations/NMBS/008811247,IC,2017-01-02T15:45:00,2017-01-02T15:45:00,375,375
http://irail.be/vehicle/IC414,http://irail.be/stations/NMBS/008811254,IC,2017-01-02T15:46:00,2017-01-02T15:46:00,286,286
http://irail.be/vehicle/IC414,http://irail.be/stations/NMBS/008811262,IC,2017-01-02T15:48:00,2017-01-02T15:48:00,286,286
http://irail.be/vehicle/IC414,http://irail.be/stations/NMBS/008811270,IC,2017-01-02T15:49:00,2017-01-02T15:49:00,373,373
http://irail.be/vehicle/IC414,http://irail.be/stations/NMBS/008811288,IC,2017-01-02T15:50:00,2017-01-02T15:50:00,390,390
http://irail.be/vehicle/IC414,http://irail.be/stations/NMBS/008833001,IC,2017-01-02T15:57:00,2017-01-02T15:53:00,259,382
http://irail.be/vehicle/IC414,http://irail.be/stations/NMBS/008841202,IC,2017-01-02T16:24:00,2017-01-02T16:24:00,205,205
http://irail.be/vehicle/IC414,http://irail.be/stations/NMBS/008841004,IC,2017-01-02T16:34:00,2017-01-02T16:31:00,166,183
http://irail.be/vehicle/IC414,http://irail.be/stations/NMBS/008842002,IC,2017-01-02T16:41:00,2017-01-02T16:37:00,311,311
http://irail.be/vehicle/IC414,http://irail.be/stations/NMBS/008842036,IC,2017-01-02T16:43:00,2017-01-02T16:43:00,311,311
http://irail.be/vehicle/IC414,http://irail.be/stations/NMBS/008844271,IC,2017-01-02T16:47:00,2017-01-02T16:47:00,297,297
http://irail.be/vehicle/IC414,NO-URI,IC,2017-01-02T16:48:00,2017-01-02T16:48:00,306,306
http://irail.be/vehicle/IC414,http://irail.be/stations/NMBS/008844255,IC,2017-01-02T16:49:00,2017-01-02T16:49:00,302,302
http://irail.be/vehicle/IC414,http://irail.be/stations/NMBS/008844230,IC,2017-01-02T16:49:00,2017-01-02T16:49:00,373,373
http://irail.be/vehicle/IC414,http://irail.be/stations/NMBS/008844206,IC,2017-01-02T16:54:00,2017-01-02T16:53:00,373,373
http://irail.be/vehicle/IC414,http://irail.be/stations/NMBS/008844008,IC,2017-01-02T17:02:00,2017-01-02T17:00:00,295,336
http://irail.be/vehicle/IC414,http://irail.be/stations/NMBS/008844057,IC,2017-01-02T17:03:00,2017-01-02T17:03:00,295,295
http://irail.be/vehicle/IC414,NO-URI,IC,2017-01-02T17:05:00,2017-01-02T17:05:00,327,327
http://irail.be/vehicle/IC414,http://irail.be/stations/NMBS/008844545,IC,2017-01-02T17:10:00,2017-01-02T17:09:00,347,347
http://irail.be/vehicle/IC414,http://irail.be/stations/NMBS/008844503,IC,2017-01-02T17:16:00,2017-01-02T17:16:00,,347
http://irail.be/vehicle/IC414,http://irail.be/stations/NMBS/008896008,IC,2017-01-11T14:16:00,2017-01-11T14:16:00,53,
http://irail.be/vehicle/IC414,http://irail.be/stations/NMBS/008896115,IC,2017-01-11T14:22:00,2017-01-11T14:21:00,99,99
http://irail.be/vehicle/IC414,http://irail.be/stations/NMBS/008896149,IC,2017-01-11T14:28:00,2017-01-11T14:27:00,92,99
http://irail.be/vehicle/IC414,http://irail.be/stations/NMBS/008892106,IC,2017-01-11T14:38:00,2017-01-11T14:37:00,84,-17
http://irail.be/vehicle/IC414,NO-URI,IC,2017-01-11T14:40:00,2017-01-11T14:40:00,84,84
http://irail.be/vehicle/IC414,http://irail.be/stations/NMBS/008892080,IC,2017-01-11T14:45:00,2017-01-11T14:44:00,-3,-17
http://irail.be/vehicle/IC414,http://irail.be/stations/NMBS/008892007,IC,2017-01-11T14:54:00,2017-01-11T14:51:00,101,38
http://irail.be/vehicle/IC414,http://irail.be/stations/NMBS/008814001,IC,2017-01-11T15:27:00,2017-01-11T15:24:00,295,279
http://irail.be/vehicle/IC414,http://irail.be/stations/NMBS/008813037,IC,2017-01-11T15:29:00,2017-01-11T15:29:00,301,301
http://irail.be/vehicle/IC414,http://irail.be/stations/NMBS/008813003,IC,2017-01-11T15:31:00,2017-01-11T15:30:00,299,302
http://irail.be/vehicle/IC414,http://irail.be/stations/NMBS/008813045,IC,2017-01-11T15:33:00,2017-01-11T15:33:00,290,290
http://irail.be/vehicle/IC414,http://irail.be/stations/NMBS/008812005,IC,2017-01-11T15:38:00,2017-01-11T15:35:00,267,277
http://irail.be/vehicle/IC414,http://irail.be/stations/NMBS/008811007,IC,2017-01-11T15:41:00,2017-01-11T15:41:00,245,245
http://irail.be/vehicle/IC414,http://irail.be/stations/NMBS/008811130,IC,2017-01-11T15:42:00,2017-01-11T15:42:00,242,242
http://irail.be/vehicle/IC414,http://irail.be/stations/NMBS/008811213,IC,2017-01-11T15:43:00,2017-01-11T15:43:00,254,254
http://irail.be/vehicle/IC414,http://irail.be/stations/NMBS/008811221,IC,2017-01-11T15:44:00,2017-01-11T15:44:00,269,269
http://irail.be/vehicle/IC414,http://irail.be/stations/NMBS/008811247,IC,2017-01-11T15:45:00,2017-01-11T15:45:00,229,229
http://irail.be/vehicle/IC414,http://irail.be/stations/NMBS/008811254,IC,2017-01-11T15:46:00,2017-01-11T15:46:00,138,138
http://irail.be/vehicle/IC414,http://irail.be/stations/NMBS/008811262,IC,2017-01-11T15:48:00,2017-01-11T15:48:00,138,138
http://irail.be/vehicle/IC414,http://irail.be/stations/NMBS/008811270,IC,2017-01-11T15:49:00,2017-01-11T15:49:00,215,215
http://irail.be/vehicle/IC414,http://irail.be/stations/NMBS/008811288,IC,2017-01-11T15:50:00,2017-01-11T15:50:00,226,226
http://irail.be/vehicle/IC414,http://irail.be/stations/NMBS/008833001,IC,2017-01-11T15:57:00,2017-01-11T15:53:00,158,229
http://irail.be/vehicle/IC414,http://irail.be/stations/NMBS/008841202,IC,2017-01-11T16:24:00,2017-01-11T16:24:00,91,91
http://irail.be/vehicle/IC414,http://irail.be/stations/NMBS/008841004,IC,2017-01-11T16:34:00,2017-01-11T16:31:00,136,178
http://irail.be/vehicle/IC414,http://irail.be/stations/NMBS/008842002,IC,2017-01-11T16:41:00,2017-01-11T16:37:00,113,113
http://irail.be/vehicle/IC414,http://irail.be/stations/NMBS/008842036,IC,2017-01-11T16:43:00,2017-01-11T16:43:00,113,113
http://irail.be/vehicle/IC414,http://irail.be/stations/NMBS/008844271,IC,2017-01-11T16:47:00,2017-01-11T16:47:00,128,128
http://irail.be/vehicle/IC414,NO-URI,IC,2017-01-11T16:48:00,2017-01-11T16:48:00,144,144
http://irail.be/vehicle/IC414,http://irail.be/stations/NMBS/008844255,IC,2017-01-11T16:49:00,2017-01-11T16:49:00,142,142
http://irail.be/vehicle/IC414,http://irail.be/stations/NMBS/008844230,IC,2017-01-11T16:49:00,2017-01-11T16:49:00,170,170
http://irail.be/vehicle/IC414,http://irail.be/stations/NMBS/008844206,IC,2017-01-11T16:54:00,2017-01-11T16:53:00,170,170
http://irail.be/vehicle/IC414,http://irail.be/stations/NMBS/008844008,IC,2017-01-11T17:02:00,2017-01-11T17:00:00,21,81
http://irail.be/vehicle/IC414,http://irail.be/stations/NMBS/008844057,IC,2017-01-11T17:03:00,2017-01-11T17:03:00,21,21
http://irail.be/vehicle/IC414,NO-URI,IC,2017-01-11T17:05:00,2017-01-11T17:05:00,86,86
http://irail.be/vehicle/IC414,http://irail.be/stations/NMBS/008844545,IC,2017-01-11T17:10:00,2017-01-11T17:09:00,113,113
http://irail.be/vehicle/IC414,http://irail.be/stations/NMBS/008844503,IC,2017-01-11T17:16:00,2017-01-11T17:16:00,,113
http://irail.be/vehicle/IC414,http://irail.be/stations/NMBS/008896008,IC,2017-11-03T14:16:00,2017-11-03T14:16:00,43,
http://irail.be/vehicle/IC414,http://irail.be/stations/NMBS/008896115,IC,2017-11-03T14:22:00,2017-11-03T14:21:00,158,158
http://irail.be/vehicle/IC414,http://irail.be/stations/NMBS/008896149,IC,2017-11-03T14:28:00,2017-11-03T14:27:00,143,161
http://irail.be/vehicle/IC414,http://irail.be/stations/NMBS/008892106,IC,2017-11-03T14:38:00,2017-11-03T14:37:00,85,62
http://irail.be/vehicle/IC414,NO-URI,IC,2017-11-03T14:40:00,2017-11-03T14:40:00,85,85
http://irail.be/vehicle/IC414,http://irail.be/stations/NMBS/008892080,IC,2017-11-03T14:45:00,2017-11-03T14:44:00,34,15
http://irail.be/vehicle/IC414,http://irail.be/stations/NMBS/008892007,IC,2017-11-03T14:54:00,2017-11-03T14:51:00,15,60
http://irail.be/vehicle/IC414,http://irail.be/stations/NMBS/008814001,IC,2017-11-03T15:27:00,2017-11-03T15:24:00,79,106
http://irail.be/vehicle/IC414,http://irail.be/stations/NMBS/008813037,IC,2017-11-03T15:29:00,2017-11-03T15:29:00,108,108
http://irail.be/vehicle/IC414,http://irail.be/stations/NMBS/008813003,IC,2017-11-03T15:31:00,2017-11-03T15:30:00,224,165
http://irail.be/vehicle/IC414,http://irail.be/stations/NMBS/008813045,IC,2017-11-03T15:33:00,2017-11-03T15:33:00,206,206
http://irail.be/vehicle/IC414,http://irail.be/stations/NMBS/008812005,IC,2017-11-03T15:38:00,2017-11-03T15:35:00,168,200
http://irail.be/vehicle/IC414,http://irail.be/stations/NMBS/008811007,IC,2017-11-03T15:41:00,2017-11-03T15:41:00,150,150
http://irail.be/vehicle/IC414,http://irail.be/stations/NMBS/008811130,IC,2017-11-03T15:42:00,2017-11-03T15:42:00,186,186
http://irail.be/vehicle/IC414,http://irail.be/stations/NMBS/008811213,IC,2017-11-03T15:43:00,2017-11-03T15:43:00,177,177
http://irail.be/vehicle/IC414,http://irail.be/stations/NMBS/008811221,IC,2017-11-03T15:44:00,2017-11-03T15:44:00,186,186
http://irail.be/vehicle/IC414,http://irail.be/stations/NMBS/008811247,IC,2017-11-03T15:45:00,2017-11-03T15:45:00,150,150
http://irail.be/vehicle/IC414,http://irail.be/stations/NMBS/008811254,IC,2017-11-03T15:46:00,2017-11-03T15:46:00,62,62
http://irail.be/vehicle/IC414,http://irail.be/stations/NMBS/008811262,IC,2017-11-03T15:48:00,2017-11-03T15:48:00,62,62
http://irail.be/vehicle/IC414,http://irail.be/stations/NMBS/008811270,IC,2017-11-03T15:49:00,2017-11-03T15:49:00,146,146
http://irail.be/vehicle/IC414,http://irail.be/stations/NMBS/008811288,IC,2017-11-03T15:50:00,2017-11-03T15:50:00,158,158
http://irail.be/vehicle/IC414,http://irail.be/stations/NMBS/008833001,IC,2017-11-03T15:57:00,2017-11-03T15:53:00,113,151
http://irail.be/vehicle/IC414,http://irail.be/stations/NMBS/008841202,IC,2017-11-03T16:24:00,2017-11-03T16:24:00,17,17
http://irail.be/vehicle/IC414,http://irail.be/stations/NMBS/008841004,IC,2017-11-03T16:34:00,2017-11-03T16:31:00,100,124
http://irail.be/vehicle/IC414,http://irail.be/stations/NMBS/008842002,IC,2017-11-03T16:41:00,2017-11-03T16:37:00,38,38
http://irail.be/vehicle/IC414,http://irail.be/stations/NMBS/008842036,IC,2017-11-03T16:43:00,2017-11-03T16:43:00,38,38
http://irail.be/vehicle/IC414,http://irail.be/stations/NMBS/008844271,IC,2017-11-03T16:47:00,2017-11-03T16:47:00,8,8
http://irail.be/vehicle/IC414,NO-URI,IC,2017-11-03T16:48:00,2017-11-03T16:48:00,-4,-4
http://irail.be/vehicle/IC414,http://irail.be/stations/NMBS/008844255,IC,2017-11-03T16:49:00,2017-11-03T16:49:00,-5,-5
http://irail.be/vehicle/IC414,http://irail.be/stations/NMBS/008844230,IC,2017-11-03T16:49:00,2017-11-03T16:49:00,177,177
http://irail.be/vehicle/IC414,http://irail.be/stations/NMBS/008844206,IC,2017-11-03T16:54:00,2017-11-03T16:53:00,177,177
http://irail.be/vehicle/IC414,http://irail.be/stations/NMBS/008844008,IC,2017-11-03T17:02:00,2017-11-03T17:00:00,34,83
http://irail.be/vehicle/IC414,http://irail.be/stations/NMBS/008844057,IC,2017-11-03T17:03:00,2017-11-03T17:03:00,34,34
http://irail.be/vehicle/IC414,NO-URI,IC,2017-11-03T17:05:00,2017-11-03T17:05:00,34,34
http://irail.be/vehicle/IC414,http://irail.be/stations/NMBS/008844545,IC,2017-11-03T17:10:00,2017-11-03T17:09:00,52,52
http://irail.be/vehicle/IC414,http://irail.be/stations/NMBS/008844503,IC,2017-11-03T17:16:00,2017-11-03T17:16:00,,52
http://irail.be/vehicle/IC414,http://irail.be/stations/NMBS/008896008,IC,2017-06-21T14:16:00,2017-06-21T14:16:00,43,
http://irail.be/vehicle/IC414,http://irail.be/stations/NMBS/008896115,IC,2017-06-21T14:22:00,2017-06-21T14:21:00,49,49
http://irail.be/vehicle/IC414,http://irail.be/stations/NMBS/008896149,IC,2017-06-21T14:28:00,2017-06-21T14:27:00,46,52
http://irail.be/vehicle/IC414,http://irail.be/stations/NMBS/008892106,IC,2017-06-21T14:38:00,2017-06-21T14:37:00,41,-63
http://irail.be/vehicle/IC414,NO-URI,IC,2017-06-21T14:40:00,2017-06-21T14:40:00,41,41
http://irail.be/vehicle/IC414,http://irail.be/stations/NMBS/008892080,IC,2017-06-21T14:45:00,2017-06-21T14:44:00,4,-62
http://irail.be/vehicle/IC414,http://irail.be/stations/NMBS/008892007,IC,2017-06-21T14:54:00,2017-06-21T14:51:00,34,53
http://irail.be/vehicle/IC414,http://irail.be/stations/NMBS/008814001,IC,2017-06-21T15:27:00,2017-06-21T15:24:00,595,522
http://irail.be/vehicle/IC414,http://irail.be/stations/NMBS/008813037,IC,2017-06-21T15:29:00,2017-06-21T15:29:00,633,633
http://irail.be/vehicle/IC414,http://irail.be/stations/NMBS/008813003,IC,2017-06-21T15:31:00,2017-06-21T15:30:00,745,710
http://irail.be/vehicle/IC414,http://irail.be/stations/NMBS/008813045,IC,2017-06-21T15:33:00,2017-06-21T15:33:00,735,735
http://irail.be/vehicle/IC414,http://irail.be/stations/NMBS/008812005,IC,2017-06-21T15:38:00,2017-06-21T15:35:00,687,733
http://irail.be/vehicle/IC414,http://irail.be/stations/NMBS/008811007,IC,2017-06-21T15:41:00,2017-06-21T15:41:00,659,659
http://irail.be/vehicle/IC414,http://irail.be/stations/NMBS/008811130,IC,2017-06-21T15:42:00,2017-06-21T15:42:00,683,683
http://irail.be/vehicle/IC414,http://irail.be/stations/NMBS/008811213,IC,2017-06-21T15:43:00,2017-06-21T15:43:00,670,670
http://irail.be/vehicle/IC414,http://irail.be/stations/NMBS/008811221,IC,2017-06-21T15:44:00,2017-06-21T15:44:00,679,679
http://irail.be/vehicle/IC414,http://irail.be/stations/NMBS/008811247,IC,2017-06-21T15:45:00,2017-06-21T15:45:00,639,639
http://irail.be/vehicle/IC414,http://irail.be/stations/NMBS/008811254,IC,2017-06-21T15:46:00,2017-06-21T15:46:00,549,549
http://irail.be/vehicle/IC414,http://irail.be/stations/NMBS/008811262,IC,2017-06-21T15:48:00,2017-06-21T15:48:00,549,549
http://irail.be/vehicle/IC414,http://irail.be/stations/NMBS/008811270,IC,2017-06-21T15:49:00,2017-06-21T15:49:00,629,629
http://irail.be/vehicle/IC414,http://irail.be/stations/NMBS/008811288,IC,2017-06-21T15:50:00,2017-06-21T15:50:00,640,640
http://irail.be/vehicle/IC414,http://irail.be/stations/NMBS/008833001,IC,2017-06-21T15:57:00,2017-06-21T15:53:00,708,630
http://irail.be/vehicle/IC414,http://irail.be/stations/NMBS/008833050,IC,2017-06-21T16:08:00,2017-06-21T16:07:39,280,280
http://irail.be/vehicle/IC414,http://irail.be/stations/NMBS/008833308,IC,2017-06-21T16:11:00,2017-06-21T16:11:09,358,358
http://irail.be/vehicle/IC414,http://irail.be/stations/NMBS/008833449,IC,2017-06-21T16:12:00,2017-06-21T16:13:53,374,374
http://irail.be/vehicle/IC414,http://irail.be/stations/NMBS/008833670,IC,2017-06-21T16:13:00,2017-06-21T16:13:17,490,490
http://irail.be/vehicle/IC414,http://irail.be/stations/NMBS/008833605,IC,2017-06-21T16:17:00,2017-06-21T16:14:28,512,512
http://irail.be/vehicle/IC414,http://irail.be/stations/NMBS/008841400,IC,2017-06-21T16:26:00,2017-06-21T16:26:12,176,176
http://irail.be/vehicle/IC414,http://irail.be/stations/NMBS/008841434,IC,2017-06-21T16:29:24,2017-06-21T16:29:38,41,41
http://irail.be/vehicle/IC414,http://irail.be/stations/NMBS/008841442,IC,2017-06-21T16:30:30,2017-06-21T16:30:30,57,57
http://irail.be/vehicle/IC414,http://irail.be/stations/NMBS/008841459,IC,2017-06-21T16:32:00,2017-06-21T16:32:00,56,56
http://irail.be/vehicle/IC414,http://irail.be/stations/NMBS/008841467,IC,2017-06-21T16:32:57,2017-06-21T16:32:57,39,39
http://irail.be/vehicle/IC414,http://irail.be/stations/NMBS/008841327,IC,2017-06-21T16:33:57,2017-06-21T16:33:57,15,15
http://irail.be/vehicle/IC414,http://irail.be/stations/NMBS/008841319,IC,2017-06-21T16:24:44,2017-06-21T16:24:44,1135,1135
http://irail.be/vehicle/IC414,http://irail.be/stations/NMBS/008841202,IC,2017-06-21T16:24:00,2017-06-21T16:27:01,1316,1316
http://irail.be/vehicle/IC414,http://irail.be/stations/NMBS/008841004,IC,2017-06-21T16:34:00,2017-06-21T16:31:00,1240,1301
http://irail.be/vehicle/IC414,http://irail.be/stations/NMBS/008842002,IC,2017-06-21T16:41:00,2017-06-21T16:37:00,1075,1075
http://irail.be/vehicle/IC414,http://irail.be/stations/NMBS/008842036,IC,2017-06-21T16:43:00,2017-06-21T16:43:00,1075,1075
http://irail.be/vehicle/IC414,http://irail.be/stations/NMBS/008844271,IC,2017-06-21T16:47:00,2017-06-21T16:47:00,1044,1044
http://irail.be/vehicle/IC414,NO-URI,IC,2017-06-21T16:48:00,2017-06-21T16:48:00,1025,1025
http://irail.be/vehicle/IC414,http://irail.be/stations/NMBS/008844255,IC,2017-06-21T16:49:00,2017-06-21T16:49:00,1020,1020
http://irail.be/vehicle/IC414,http://irail.be/stations/NMBS/008844230,IC,2017-06-21T16:49:00,2017-06-21T16:49:00,1056,1056
http://irail.be/vehicle/IC414,http://irail.be/stations/NMBS/008844206,IC,2017-06-21T16:54:00,2017-06-21T16:53:00,1056,1056
http://irail.be/vehicle/IC414,http://irail.be/stations/NMBS/008844008,IC,2017-06-21T17:02:00,2017-06-21T17:00:00,882,987
http://irail.be/vehicle/IC414,http://irail.be/stations/NMBS/008844057,IC,2017-06-21T17:03:00,2017-06-21T17:03:00,887,887
http://irail.be/vehicle/IC414,NO-URI,IC,2017-06-21T17:05:00,2017-06-21T17:05:00,910,910
http://irail.be/vehicle/IC414,http://irail.be/stations/NMBS/008844545,IC,2017-06-21T17:10:00,2017-06-21T17:09:00,1024,1024
http://irail.be/vehicle/IC414,http://irail.be/stations/NMBS/008844503,IC,2017-06-21T17:16:00,2017-06-21T17:16:00,,1024
http://irail.be/vehicle/IC414,http://irail.be/stations/NMBS/008896008,IC,2017-01-03T14:16:00,2017-01-03T14:16:00,397,
http://irail.be/vehicle/IC414,http://irail.be/stations/NMBS/008896115,IC,2017-01-03T14:22:00,2017-01-03T14:21:00,421,421
http://irail.be/vehicle/IC414,http://irail.be/stations/NMBS/008896149,IC,2017-01-03T14:28:00,2017-01-03T14:27:00,408,421
http://irail.be/vehicle/IC414,http://irail.be/stations/NMBS/008892106,IC,2017-01-03T14:38:00,2017-01-03T14:37:00,352,299
http://irail.be/vehicle/IC414,NO-URI,IC,2017-01-03T14:40:00,2017-01-03T14:40:00,352,352
http://irail.be/vehicle/IC414,http://irail.be/stations/NMBS/008892080,IC,2017-01-03T14:45:00,2017-01-03T14:44:00,246,258
http://irail.be/vehicle/IC414,http://irail.be/stations/NMBS/008892007,IC,2017-01-03T14:54:00,2017-01-03T14:51:00,211,257
http://irail.be/vehicle/IC414,http://irail.be/stations/NMBS/008814001,IC,2017-01-03T15:27:00,2017-01-03T15:24:00,203,91
http://irail.be/vehicle/IC414,http://irail.be/stations/NMBS/008813037,IC,2017-01-03T15:29:00,2017-01-03T15:29:00,201,201
http://irail.be/vehicle/IC414,http://irail.be/stations/NMBS/008813003,IC,2017-01-03T15:31:00,2017-01-03T15:30:00,246,203
http://irail.be/vehicle/IC414,http://irail.be/stations/NMBS/008813045,IC,2017-01-03T15:33:00,2017-01-03T15:33:00,220,220
http://irail.be/vehicle/IC414,http://irail.be/stations/NMBS/008812005,IC,2017-01-03T15:38:00,2017-01-03T15:35:00,158,208
http://irail.be/vehicle/IC414,http://irail.be/stations/NMBS/008811007,IC,2017-01-03T15:41:00,2017-01-03T15:41:00,121,121
http://irail.be/vehicle/IC414,http://irail.be/stations/NMBS/008811130,IC,2017-01-03T15:42:00,2017-01-03T15:42:00,118,118
http://irail.be/vehicle/IC414,http://irail.be/stations/NMBS/008811213,IC,2017-01-03T15:43:00,2017-01-03T15:43:00,126,126
http://irail.be/vehicle/IC414,http://irail.be/stations/NMBS/008811221,IC,2017-01-03T15:44:00,2017-01-03T15:44:00,137,137
http://irail.be/vehicle/IC414,http://irail.be/stations/NMBS/008811247,IC,2017-01-03T15:45:00,2017-01-03T15:45:00,96,96
http://irail.be/vehicle/IC414,http://irail.be/stations/NMBS/008811254,IC,2017-01-03T15:46:00,2017-01-03T15:46:00,6,6
http://irail.be/vehicle/IC414,http://irail.be/stations/NMBS/008811262,IC,2017-01-03T15:48:00,2017-01-03T15:48:00,6,6
http://irail.be/vehicle/IC414,http://irail.be/stations/NMBS/008811270,IC,2017-01-03T15:49:00,2017-01-03T15:49:00,82,82
http://irail.be/vehicle/IC414,http://irail.be/stations/NMBS/008811288,IC,2017-01-03T15:50:00,2017-01-03T15:50:00,95,95
http://irail.be/vehicle/IC414,http://irail.be/stations/NMBS/008833001,IC,2017-01-03T15:57:00,2017-01-03T15:53:00,14,94
http://irail.be/vehicle/IC414,http://irail.be/stations/NMBS/008841202,IC,2017-01-03T16:24:00,2017-01-03T16:24:00,138,138
http://irail.be/vehicle/IC414,http://irail.be/stations/NMBS/008841004,IC,2017-01-03T16:34:00,2017-01-03T16:31:00,251,275
http://irail.be/vehicle/IC414,http://irail.be/stations/NMBS/008842002,IC,2017-01-03T16:41:00,2017-01-03T16:37:00,128,128
http://irail.be/vehicle/IC414,http://irail.be/stations/NMBS/008842036,IC,2017-01-03T16:43:00,2017-01-03T16:43:00,128,128
http://irail.be/vehicle/IC414,http://irail.be/stations/NMBS/008844271,IC,2017-01-03T16:47:00,2017-01-03T16:47:00,100,100
http://irail.be/vehicle/IC414,NO-URI,IC,2017-01-03T16:48:00,2017-01-03T16:48:00,85,85
http://irail.be/vehicle/IC414,http://irail.be/stations/NMBS/008844255,IC,2017-01-03T16:49:00,2017-01-03T16:49:00,80,80
http://irail.be/vehicle/IC414,http://irail.be/stations/NMBS/008844230,IC,2017-01-03T16:49:00,2017-01-03T16:49:00,279,279
http://irail.be/vehicle/IC414,http://irail.be/stations/NMBS/008844206,IC,2017-01-03T16:54:00,2017-01-03T16:53:00,279,279
http://irail.be/vehicle/IC414,http://irail.be/stations/NMBS/008844008,IC,2017-01-03T17:02:00,2017-01-03T17:00:00,288,355
http://irail.be/vehicle/IC414,http://irail.be/stations/NMBS/008844057,IC,2017-01-03T17:03:00,2017-01-03T17:03:00,288,288
http://irail.be/vehicle/IC414,NO-URI,IC,2017-01-03T17:05:00,2017-01-03T17:05:00,313,313
http://irail.be/vehicle/IC414,http://irail.be/stations/NMBS/008844545,IC,2017-01-03T17:10:00,2017-01-03T17:09:00,386,386
http://irail.be/vehicle/IC414,http://irail.be/stations/NMBS/008844503,IC,2017-01-03T17:16:00,2017-01-03T17:16:00,,386
http://irail.be/vehicle/IC414,http://irail.be/stations/NMBS/008896008,IC,2017-12-22T14:16:00,2017-12-22T14:16:00,47,
http://irail.be/vehicle/IC414,http://irail.be/stations/NMBS/008896115,IC,2017-12-22T14:22:00,2017-12-22T14:21:00,62,62
http://irail.be/vehicle/IC414,http://irail.be/stations/NMBS/008896149,IC,2017-12-22T14:28:00,2017-12-22T14:27:00,115,111
http://irail.be/vehicle/IC414,http://irail.be/stations/NMBS/008892106,IC,2017-12-22T14:38:00,2017-12-22T14:37:00,69,18
http://irail.be/vehicle/IC414,NO-URI,IC,2017-12-22T14:40:00,2017-12-22T14:40:00,69,69
http://irail.be/vehicle/IC414,http://irail.be/stations/NMBS/008892080,IC,2017-12-22T14:44:00,2017-12-22T14:43:00,50,32
http://irail.be/vehicle/IC414,http://irail.be/stations/NMBS/008892007,IC,2017-12-22T14:54:00,2017-12-22T14:52:00,93,62
http://irail.be/vehicle/IC414,http://irail.be/stations/NMBS/008814001,IC,2017-12-22T15:27:00,2017-12-22T15:24:00,16,29
http://irail.be/vehicle/IC414,http://irail.be/stations/NMBS/008813037,IC,2017-12-22T15:29:00,2017-12-22T15:29:00,56,56
http://irail.be/vehicle/IC414,http://irail.be/stations/NMBS/008813003,IC,2017-12-22T15:31:00,2017-12-22T15:30:00,96,54
http://irail.be/vehicle/IC414,http://irail.be/stations/NMBS/008813045,IC,2017-12-22T15:33:00,2017-12-22T15:33:00,74,74
http://irail.be/vehicle/IC414,http://irail.be/stations/NMBS/008812005,IC,2017-12-22T15:37:00,2017-12-22T15:35:00,107,65
http://irail.be/vehicle/IC414,http://irail.be/stations/NMBS/008811007,IC,2017-12-22T15:40:00,2017-12-22T15:40:00,75,75
http://irail.be/vehicle/IC414,http://irail.be/stations/NMBS/008811130,IC,2017-12-22T15:41:00,2017-12-22T15:41:00,89,89
http://irail.be/vehicle/IC414,http://irail.be/stations/NMBS/008811213,IC,2017-12-22T15:42:00,2017-12-22T15:42:00,74,74
http://irail.be/vehicle/IC414,http://irail.be/stations/NMBS/008811221,IC,2017-12-22T15:43:00,2017-12-22T15:43:00,45,45
http://irail.be/vehicle/IC414,http://irail.be/stations/NMBS/008811247,IC,2017-12-22T15:44:00,2017-12-22T15:44:00,43,43
http://irail.be/vehicle/IC414,http://irail.be/stations/NMBS/008811254,IC,2017-12-22T15:45:00,2017-12-22T15:45:00,-47,-47
http://irail.be/vehicle/IC414,http://irail.be/stations/NMBS/008811262,IC,2017-12-22T15:47:00,2017-12-22T15:47:00,-47,-47
http://irail.be/vehicle/IC414,http://irail.be/stations/NMBS/008811270,IC,2017-12-22T15:48:00,2017-12-22T15:48:00,28,28
http://irail.be/vehicle/IC414,http://irail.be/stations/NMBS/008811288,IC,2017-12-22T15:49:00,2017-12-22T15:49:00,39,39
http://irail.be/vehicle/IC414,http://irail.be/stations/NMBS/008833001,IC,2017-12-22T15:56:00,2017-12-22T15:52:00,28,28
http://irail.be/vehicle/IC414,http://irail.be/stations/NMBS/008841202,IC,2017-12-22T16:22:00,2017-12-22T16:22:00,-48,-48
http://irail.be/vehicle/IC414,http://irail.be/stations/NMBS/008841004,IC,2017-12-22T16:36:00,2017-12-22T16:29:00,3,67
http://irail.be/vehicle/IC414,http://irail.be/stations/NMBS/008842002,IC,2017-12-22T16:41:00,2017-12-22T16:39:00,93,93
http://irail.be/vehicle/IC414,http://irail.be/stations/NMBS/008842036,IC,2017-12-22T16:43:00,2017-12-22T16:43:00,93,93
http://irail.be/vehicle/IC414,http://irail.be/stations/NMBS/008844271,IC,2017-12-22T16:47:00,2017-12-22T16:47:00,64,64
http://irail.be/vehicle/IC414,NO-URI,IC,2017-12-22T16:48:00,2017-12-22T16:48:00,89,89
http://irail.be/vehicle/IC414,http://irail.be/stations/NMBS/008844255,IC,2017-12-22T16:49:00,2017-12-22T16:49:00,129,129
http://irail.be/vehicle/IC414,http://irail.be/stations/NMBS/008844230,IC,2017-12-22T16:49:00,2017-12-22T16:49:00,226,226
http://irail.be/vehicle/IC414,http://irail.be/stations/NMBS/008844206,IC,2017-12-22T16:54:00,2017-12-22T16:53:00,226,226
http://irail.be/vehicle/IC414,http://irail.be/stations/NMBS/008844008,IC,2017-12-22T17:02:00,2017-12-22T17:00:00,101,133
http://irail.be/vehicle/IC414,http://irail.be/stations/NMBS/008844057,IC,2017-12-22T17:03:00,2017-12-22T17:03:00,101,101
http://irail.be/vehicle/IC414,http://irail.be/stations/NMBS/008844545,IC,2017-12-22T17:09:00,2017-12-22T17:08:00,333,333
http://irail.be/vehicle/IC414,http://irail.be/stations/NMBS/008844503,IC,2017-12-22T17:14:00,2017-12-22T17:14:00,,333
http://irail.be/vehicle/IC414,http://irail.be/stations/NMBS/008896008,IC,2017-05-30T14:16:00,2017-05-30T14:16:00,66,
http://irail.be/vehicle/IC414,http://irail.be/stations/NMBS/008896115,IC,2017-05-30T14:22:00,2017-05-30T14:21:00,125,125
http://irail.be/vehicle/IC414,http://irail.be/stations/NMBS/008896149,IC,2017-05-30T14:28:00,2017-05-30T14:27:00,210,184
http://irail.be/vehicle/IC414,http://irail.be/stations/NMBS/008892106,IC,2017-05-30T14:38:00,2017-05-30T14:37:00,191,129
http://irail.be/vehicle/IC414,NO-URI,IC,2017-05-30T14:40:00,2017-05-30T14:40:00,191,191
http://irail.be/vehicle/IC414,http://irail.be/stations/NMBS/008892080,IC,2017-05-30T14:45:00,2017-05-30T14:44:00,151,127
http://irail.be/vehicle/IC414,http://irail.be/stations/NMBS/008892007,IC,2017-05-30T14:54:00,2017-05-30T14:51:00,166,225
http://irail.be/vehicle/IC414,http://irail.be/stations/NMBS/008814001,IC,2017-05-30T15:27:00,2017-05-30T15:24:00,69,149
http://irail.be/vehicle/IC414,http://irail.be/stations/NMBS/008813037,IC,2017-05-30T15:29:00,2017-05-30T15:29:00,83,83
http://irail.be/vehicle/IC414,http://irail.be/stations/NMBS/008813003,IC,2017-05-30T15:31:00,2017-05-30T15:30:00,180,138
http://irail.be/vehicle/IC414,http://irail.be/stations/NMBS/008813045,IC,2017-05-30T15:33:00,2017-05-30T15:33:00,160,160
http://irail.be/vehicle/IC414,http://irail.be/stations/NMBS/008812005,IC,2017-05-30T15:38:00,2017-05-30T15:35:00,152,153
http://irail.be/vehicle/IC414,http://irail.be/stations/NMBS/008811007,IC,2017-05-30T15:41:00,2017-05-30T15:41:00,123,123
http://irail.be/vehicle/IC414,http://irail.be/stations/NMBS/008811130,IC,2017-05-30T15:42:00,2017-05-30T15:42:00,146,146
http://irail.be/vehicle/IC414,http://irail.be/stations/NMBS/008811213,IC,2017-05-30T15:43:00,2017-05-30T15:43:00,137,137
http://irail.be/vehicle/IC414,http://irail.be/stations/NMBS/008811221,IC,2017-05-30T15:44:00,2017-05-30T15:44:00,147,147
http://irail.be/vehicle/IC414,http://irail.be/stations/NMBS/008811247,IC,2017-05-30T15:45:00,2017-05-30T15:45:00,107,107
http://irail.be/vehicle/IC414,http://irail.be/stations/NMBS/008811254,IC,2017-05-30T15:46:00,2017-05-30T15:46:00,18,18
http://irail.be/vehicle/IC414,http://irail.be/stations/NMBS/008811262,IC,2017-05-30T15:48:00,2017-05-30T15:48:00,18,18
http://irail.be/vehicle/IC414,http://irail.be/stations/NMBS/008811270,IC,2017-05-30T15:49:00,2017-05-30T15:49:00,95,95
http://irail.be/vehicle/IC414,http://irail.be/stations/NMBS/008811288,IC,2017-05-30T15:50:00,2017-05-30T15:50:00,106,106
http://irail.be/vehicle/IC414,http://irail.be/stations/NMBS/008833001,IC,2017-05-30T15:57:00,2017-05-30T15:53:00,16,101
http://irail.be/vehicle/IC414,http://irail.be/stations/NMBS/008841202,IC,2017-05-30T16:24:00,2017-05-30T16:24:00,-78,-78
http://irail.be/vehicle/IC414,http://irail.be/stations/NMBS/008841004,IC,2017-05-30T16:34:00,2017-05-30T16:31:00,67,115
http://irail.be/vehicle/IC414,http://irail.be/stations/NMBS/008842002,IC,2017-05-30T16:41:00,2017-05-30T16:37:00,155,155
http://irail.be/vehicle/IC414,http://irail.be/stations/NMBS/008842036,IC,2017-05-30T16:43:00,2017-05-30T16:43:00,155,155
http://irail.be/vehicle/IC414,http://irail.be/stations/NMBS/008844271,IC,2017-05-30T16:47:00,2017-05-30T16:47:00,140,140
http://irail.be/vehicle/IC414,NO-URI,IC,2017-05-30T16:48:00,2017-05-30T16:48:00,123,123
http://irail.be/vehicle/IC414,http://irail.be/stations/NMBS/008844255,IC,2017-05-30T16:49:00,2017-05-30T16:49:00,118,118
http://irail.be/vehicle/IC414,http://irail.be/stations/NMBS/008844230,IC,2017-05-30T16:49:00,2017-05-30T16:49:00,263,263
http://irail.be/vehicle/IC414,http://irail.be/stations/NMBS/008844206,IC,2017-05-30T16:54:00,2017-05-30T16:53:00,263,263
http://irail.be/vehicle/IC414,http://irail.be/stations/NMBS/008844008,IC,2017-05-30T17:02:00,2017-05-30T17:00:00,158,192
http://irail.be/vehicle/IC414,http://irail.be/stations/NMBS/008844057,IC,2017-05-30T17:03:00,2017-05-30T17:03:00,158,158
http://irail.be/vehicle/IC414,NO-URI,IC,2017-05-30T17:05:00,2017-05-30T17:05:00,182,182
http://irail.be/vehicle/IC414,http://irail.be/stations/NMBS/008844545,IC,2017-05-30T17:10:00,2017-05-30T17:09:00,178,178
http://irail.be/vehicle/IC414,http://irail.be/stations/NMBS/008844503,IC,2017-05-30T17:16:00,2017-05-30T17:16:00,,178
http://irail.be/vehicle/IC414,http://irail.be/stations/NMBS/008896008,IC,2017-05-26T14:16:00,2017-05-26T14:16:00,49,
http://irail.be/vehicle/IC414,http://irail.be/stations/NMBS/008896115,IC,2017-05-26T14:22:00,2017-05-26T14:21:00,96,96
http://irail.be/vehicle/IC414,http://irail.be/stations/NMBS/008896149,IC,2017-05-26T14:28:00,2017-05-26T14:27:00,118,111
http://irail.be/vehicle/IC414,http://irail.be/stations/NMBS/008892106,IC,2017-05-26T14:38:00,2017-05-26T14:37:00,99,36
http://irail.be/vehicle/IC414,NO-URI,IC,2017-05-26T14:40:00,2017-05-26T14:40:00,99,99
http://irail.be/vehicle/IC414,http://irail.be/stations/NMBS/008892080,IC,2017-05-26T14:45:00,2017-05-26T14:44:00,55,27
http://irail.be/vehicle/IC414,http://irail.be/stations/NMBS/008892007,IC,2017-05-26T14:54:00,2017-05-26T14:51:00,61,80
http://irail.be/vehicle/IC414,http://irail.be/stations/NMBS/008895802,IC,2017-05-26T15:11:12,2017-05-26T15:11:12,335,335
http://irail.be/vehicle/IC414,http://irail.be/stations/NMBS/008895836,IC,2017-05-26T15:13:00,2017-05-26T15:12:35,449,449
http://irail.be/vehicle/IC414,http://irail.be/stations/NMBS/008812260,IC,2017-05-26T15:15:00,2017-05-26T15:13:45,425,425
http://irail.be/vehicle/IC414,http://irail.be/stations/NMBS/008812252,IC,2017-05-26T15:17:00,2017-05-26T15:16:51,377,377
http://irail.be/vehicle/IC414,http://irail.be/stations/NMBS/008812245,IC,2017-05-26T15:18:00,2017-05-26T15:18:30,374,374
http://irail.be/vehicle/IC414,http://irail.be/stations/NMBS/008812237,IC,2017-05-26T15:20:00,2017-05-26T15:19:21,405,405
http://irail.be/vehicle/IC414,http://irail.be/stations/NMBS/008812229,IC,2017-05-26T15:21:00,2017-05-26T15:21:00,373,373
http://irail.be/vehicle/IC414,http://irail.be/stations/NMBS/008812211,IC,2017-05-26T15:21:39,2017-05-26T15:21:39,376,376
http://irail.be/vehicle/IC414,http://irail.be/stations/NMBS/008812047,IC,2017-05-26T15:23:09,2017-05-26T15:23:09,376,376
http://irail.be/vehicle/IC414,http://irail.be/stations/NMBS/008815016,IC,2017-05-26T15:25:14,2017-05-26T15:25:14,481,481
http://irail.be/vehicle/IC414,http://irail.be/stations/NMBS/008812013,IC,2017-05-26T15:26:04,2017-05-26T15:26:04,481,481
http://irail.be/vehicle/IC414,http://irail.be/stations/NMBS/008815040,IC,2017-05-26T15:27:07,2017-05-26T15:27:07,485,485
http://irail.be/vehicle/IC414,http://irail.be/stations/NMBS/008814001,IC,2017-05-26T15:27:00,2017-05-26T15:24:00,1124,989
http://irail.be/vehicle/IC414,http://irail.be/stations/NMBS/008813037,IC,2017-05-26T15:29:00,2017-05-26T15:29:00,1150,1150
http://irail.be/vehicle/IC414,http://irail.be/stations/NMBS/008813003,IC,2017-05-26T15:31:00,2017-05-26T15:30:00,1198,1167
http://irail.be/vehicle/IC414,http://irail.be/stations/NMBS/008813045,IC,2017-05-26T15:33:00,2017-05-26T15:33:00,1183,1183
http://irail.be/vehicle/IC414,http://irail.be/stations/NMBS/008812005,IC,2017-05-26T15:38:00,2017-05-26T15:35:00,1219,1169
http://irail.be/vehicle/IC414,http://irail.be/stations/NMBS/008811007,IC,2017-05-26T15:41:00,2017-05-26T15:41:00,1178,1178
http://irail.be/vehicle/IC414,http://irail.be/stations/NMBS/008811130,IC,2017-05-26T15:42:00,2017-05-26T15:42:00,1202,1202
http://irail.be/vehicle/IC414,http://irail.be/stations/NMBS/008811213,IC,2017-05-26T15:43:00,2017-05-26T15:43:00,1410,1410
http://irail.be/vehicle/IC414,http://irail.be/stations/NMBS/008811221,IC,2017-05-26T15:44:00,2017-05-26T15:44:00,1433,1433
http://irail.be/vehicle/IC414,http://irail.be/stations/NMBS/008811247,IC,2017-05-26T15:45:00,2017-05-26T15:45:00,1395,1395
http://irail.be/vehicle/IC414,http://irail.be/stations/NMBS/008811254,IC,2017-05-26T15:46:00,2017-05-26T15:46:00,1306,1306
http://irail.be/vehicle/IC414,http://irail.be/stations/NMBS/008811262,IC,2017-05-26T15:48:00,2017-05-26T15:48:00,1306,1306
http://irail.be/vehicle/IC414,http://irail.be/stations/NMBS/008811270,IC,2017-05-26T15:49:00,2017-05-26T15:49:00,1384,1384
http://irail.be/vehicle/IC414,http://irail.be/stations/NMBS/008811288,IC,2017-05-26T15:50:00,2017-05-26T15:50:00,1395,1395
http://irail.be/vehicle/IC414,http://irail.be/stations/NMBS/008833001,IC,2017-05-26T15:57:00,2017-05-26T15:53:00,1280,1376
http://irail.be/vehicle/IC414,http://irail.be/stations/NMBS/008841202,IC,2017-05-26T16:24:00,2017-05-26T16:24:00,1230,1230
http://irail.be/vehicle/IC414,http://irail.be/stations/NMBS/008841004,IC,2017-05-26T16:34:00,2017-05-26T16:31:00,1192,1255
http://irail.be/vehicle/IC414,http://irail.be/stations/NMBS/008842002,IC,2017-05-26T16:41:00,2017-05-26T16:37:00,1207,1207
http://irail.be/vehicle/IC414,http://irail.be/stations/NMBS/008842036,IC,2017-05-26T16:43:00,2017-05-26T16:43:00,1207,1207
http://irail.be/vehicle/IC414,http://irail.be/stations/NMBS/008844271,IC,2017-05-26T16:47:00,2017-05-26T16:47:00,1178,1178
http://irail.be/vehicle/IC414,NO-URI,IC,2017-05-26T16:48:00,2017-05-26T16:48:00,1159,1159
http://irail.be/vehicle/IC414,http://irail.be/stations/NMBS/008844255,IC,2017-05-26T16:49:00,2017-05-26T16:49:00,1154,1154
http://irail.be/vehicle/IC414,http://irail.be/stations/NMBS/008844230,IC,2017-05-26T16:49:00,2017-05-26T16:49:00,1214,1214
http://irail.be/vehicle/IC414,http://irail.be/stations/NMBS/008844206,IC,2017-05-26T16:54:00,2017-05-26T16:53:00,1214,1214
http://irail.be/vehicle/IC414,http://irail.be/stations/NMBS/008844008,IC,2017-05-26T17:02:00,2017-05-26T17:00:00,1157,1137
http://irail.be/vehicle/IC414,http://irail.be/stations/NMBS/008844057,IC,2017-05-26T17:03:00,2017-05-26T17:03:00,1157,1157
http://irail.be/vehicle/IC414,NO-URI,IC,2017-05-26T17:05:00,2017-05-26T17:05:00,1167,1167
http://irail.be/vehicle/IC414,http://irail.be/stations/NMBS/008844545,IC,2017-05-26T17:10:00,2017-05-26T17:09:00,1180,1180
http://irail.be/vehicle/IC414,http://irail.be/stations/NMBS/008844503,IC,2017-05-26T17:16:00,2017-05-26T17:16:00,,1180
http://irail.be/vehicle/IC414,http://irail.be/stations/NMBS/008896008,IC,2017-11-27T14:16:00,2017-11-27T14:16:00,42,
http://irail.be/vehicle/IC414,http://irail.be/stations/NMBS/008896115,IC,2017-11-27T14:22:00,2017-11-27T14:21:00,82,82
http://irail.be/vehicle/IC414,http://irail.be/stations/NMBS/008896149,IC,2017-11-27T14:28:00,2017-11-27T14:27:00,153,137
http://irail.be/vehicle/IC414,http://irail.be/stations/NMBS/008892106,IC,2017-11-27T14:38:00,2017-11-27T14:37:00,130,84
http://irail.be/vehicle/IC414,NO-URI,IC,2017-11-27T14:40:00,2017-11-27T14:40:00,130,130
http://irail.be/vehicle/IC414,http://irail.be/stations/NMBS/008892080,IC,2017-11-27T14:45:00,2017-11-27T14:44:00,128,111
http://irail.be/vehicle/IC414,http://irail.be/stations/NMBS/008892007,IC,2017-11-27T14:54:00,2017-11-27T14:51:00,154,205
http://irail.be/vehicle/IC414,http://irail.be/stations/NMBS/008814001,IC,2017-11-27T15:27:00,2017-11-27T15:24:00,182,210
http://irail.be/vehicle/IC414,http://irail.be/stations/NMBS/008813037,IC,2017-11-27T15:29:00,2017-11-27T15:29:00,248,248
http://irail.be/vehicle/IC414,http://irail.be/stations/NMBS/008813003,IC,2017-11-27T15:31:00,2017-11-27T15:30:00,281,253
http://irail.be/vehicle/IC414,http://irail.be/stations/NMBS/008813045,IC,2017-11-27T15:33:00,2017-11-27T15:33:00,274,274
http://irail.be/vehicle/IC414,http://irail.be/stations/NMBS/008812005,IC,2017-11-27T15:38:00,2017-11-27T15:35:00,208,269
http://irail.be/vehicle/IC414,http://irail.be/stations/NMBS/008811007,IC,2017-11-27T15:41:00,2017-11-27T15:41:00,190,190
http://irail.be/vehicle/IC414,http://irail.be/stations/NMBS/008811130,IC,2017-11-27T15:42:00,2017-11-27T15:42:00,226,226
http://irail.be/vehicle/IC414,http://irail.be/stations/NMBS/008811213,IC,2017-11-27T15:43:00,2017-11-27T15:43:00,218,218
http://irail.be/vehicle/IC414,http://irail.be/stations/NMBS/008811221,IC,2017-11-27T15:44:00,2017-11-27T15:44:00,227,227
http://irail.be/vehicle/IC414,http://irail.be/stations/NMBS/008811247,IC,2017-11-27T15:45:00,2017-11-27T15:45:00,188,188
http://irail.be/vehicle/IC414,http://irail.be/stations/NMBS/008811254,IC,2017-11-27T15:46:00,2017-11-27T15:46:00,98,98
http://irail.be/vehicle/IC414,http://irail.be/stations/NMBS/008811262,IC,2017-11-27T15:48:00,2017-11-27T15:48:00,98,98
http://irail.be/vehicle/IC414,http://irail.be/stations/NMBS/008811270,IC,2017-11-27T15:49:00,2017-11-27T15:49:00,178,178
http://irail.be/vehicle/IC414,http://irail.be/stations/NMBS/008811288,IC,2017-11-27T15:50:00,2017-11-27T15:50:00,190,190
http://irail.be/vehicle/IC414,http://irail.be/stations/NMBS/008833001,IC,2017-11-27T15:57:00,2017-11-27T15:53:00,123,199
http://irail.be/vehicle/IC414,http://irail.be/stations/NMBS/008841202,IC,2017-11-27T16:24:00,2017-11-27T16:24:00,67,67
http://irail.be/vehicle/IC414,http://irail.be/stations/NMBS/008841004,IC,2017-11-27T16:34:00,2017-11-27T16:31:00,21,55
http://irail.be/vehicle/IC414,http://irail.be/stations/NMBS/008842002,IC,2017-11-27T16:41:00,2017-11-27T16:37:00,58,58
http://irail.be/vehicle/IC414,http://irail.be/stations/NMBS/008842036,IC,2017-11-27T16:43:00,2017-11-27T16:43:00,58,58
http://irail.be/vehicle/IC414,http://irail.be/stations/NMBS/008844271,IC,2017-11-27T16:47:00,2017-11-27T16:47:00,69,69
http://irail.be/vehicle/IC414,NO-URI,IC,2017-11-27T16:48:00,2017-11-27T16:48:00,120,120
http://irail.be/vehicle/IC414,http://irail.be/stations/NMBS/008844255,IC,2017-11-27T16:49:00,2017-11-27T16:49:00,152,152
http://irail.be/vehicle/IC414,http://irail.be/stations/NMBS/008844230,IC,2017-11-27T16:49:00,2017-11-27T16:49:00,373,373
http://irail.be/vehicle/IC414,http://irail.be/stations/NMBS/008844206,IC,2017-11-27T16:54:00,2017-11-27T16:53:00,373,373
http://irail.be/vehicle/IC414,http://irail.be/stations/NMBS/008844008,IC,2017-11-27T17:02:00,2017-11-27T17:00:00,244,347
http://irail.be/vehicle/IC414,http://irail.be/stations/NMBS/008844057,IC,2017-11-27T17:03:00,2017-11-27T17:03:00,244,244
http://irail.be/vehicle/IC414,NO-URI,IC,2017-11-27T17:05:00,2017-11-27T17:05:00,283,283
http://irail.be/vehicle/IC414,http://irail.be/stations/NMBS/008844545,IC,2017-11-27T17:10:00,2017-11-27T17:09:00,582,582
http://irail.be/vehicle/IC414,http://irail.be/stations/NMBS/008844503,IC,2017-11-27T17:16:00,2017-11-27T17:16:00,,582
http://irail.be/vehicle/IC414,http://irail.be/stations/NMBS/008896008,IC,2017-07-11T14:16:00,2017-07-11T14:16:00,65,
http://irail.be/vehicle/IC414,http://irail.be/stations/NMBS/008896115,IC,2017-07-11T14:22:00,2017-07-11T14:21:00,142,142
http://irail.be/vehicle/IC414,http://irail.be/stations/NMBS/008896149,IC,2017-07-11T14:28:00,2017-07-11T14:27:00,202,181
http://irail.be/vehicle/IC414,http://irail.be/stations/NMBS/008892106,IC,2017-07-11T14:38:00,2017-07-11T14:37:00,191,123
http://irail.be/vehicle/IC414,NO-URI,IC,2017-07-11T14:39:00,2017-07-11T14:39:00,191,191
http://irail.be/vehicle/IC414,http://irail.be/stations/NMBS/008892080,IC,2017-07-11T14:45:00,2017-07-11T14:44:00,136,129
http://irail.be/vehicle/IC414,http://irail.be/stations/NMBS/008892007,IC,2017-07-11T14:54:00,2017-07-11T14:51:00,196,218
http://irail.be/vehicle/IC414,http://irail.be/stations/NMBS/008814001,IC,2017-07-11T15:27:00,2017-07-11T15:24:00,181,206
http://irail.be/vehicle/IC414,http://irail.be/stations/NMBS/008813037,IC,2017-07-11T15:29:00,2017-07-11T15:29:00,200,200
http://irail.be/vehicle/IC414,http://irail.be/stations/NMBS/008813003,IC,2017-07-11T15:31:00,2017-07-11T15:30:00,343,250
http://irail.be/vehicle/IC414,http://irail.be/stations/NMBS/008813045,IC,2017-07-11T15:33:00,2017-07-11T15:33:00,336,336
http://irail.be/vehicle/IC414,http://irail.be/stations/NMBS/008812005,IC,2017-07-11T15:38:00,2017-07-11T15:35:00,363,331
http://irail.be/vehicle/IC414,http://irail.be/stations/NMBS/008811007,IC,2017-07-11T15:41:00,2017-07-11T15:41:00,338,338
http://irail.be/vehicle/IC414,http://irail.be/stations/NMBS/008811130,IC,2017-07-11T15:42:00,2017-07-11T15:42:00,366,366
http://irail.be/vehicle/IC414,http://irail.be/stations/NMBS/008811213,IC,2017-07-11T15:43:00,2017-07-11T15:43:00,353,353
http://irail.be/vehicle/IC414,http://irail.be/stations/NMBS/008811221,IC,2017-07-11T15:44:00,2017-07-11T15:44:00,362,362
http://irail.be/vehicle/IC414,http://irail.be/stations/NMBS/008811247,IC,2017-07-11T15:45:00,2017-07-11T15:45:00,321,321
http://irail.be/vehicle/IC414,http://irail.be/stations/NMBS/008811254,IC,2017-07-11T15:47:00,2017-07-11T15:47:00,231,231
http://irail.be/vehicle/IC414,http://irail.be/stations/NMBS/008811262,IC,2017-07-11T15:48:00,2017-07-11T15:48:00,231,231
http://irail.be/vehicle/IC414,http://irail.be/stations/NMBS/008811270,IC,2017-07-11T15:49:00,2017-07-11T15:49:00,309,309
http://irail.be/vehicle/IC414,http://irail.be/stations/NMBS/008811288,IC,2017-07-11T15:50:00,2017-07-11T15:50:00,320,320
http://irail.be/vehicle/IC414,http://irail.be/stations/NMBS/008833001,IC,2017-07-11T15:57:00,2017-07-11T15:53:00,227,307
http://irail.be/vehicle/IC414,http://irail.be/stations/NMBS/008841202,IC,2017-07-11T16:24:00,2017-07-11T16:24:00,166,166
http://irail.be/vehicle/IC414,http://irail.be/stations/NMBS/008841004,IC,2017-07-11T16:34:00,2017-07-11T16:31:00,233,233
http://irail.be/vehicle/IC414,http://irail.be/stations/NMBS/008842002,IC,2017-07-11T16:41:00,2017-07-11T16:37:00,119,119
http://irail.be/vehicle/IC414,http://irail.be/stations/NMBS/008842036,IC,2017-07-11T16:43:00,2017-07-11T16:43:00,119,119
http://irail.be/vehicle/IC414,http://irail.be/stations/NMBS/008844271,IC,2017-07-11T16:46:00,2017-07-11T16:46:00,129,129
http://irail.be/vehicle/IC414,NO-URI,IC,2017-07-11T16:48:00,2017-07-11T16:48:00,110,110
http://irail.be/vehicle/IC414,http://irail.be/stations/NMBS/008844255,IC,2017-07-11T16:49:00,2017-07-11T16:49:00,74,74
http://irail.be/vehicle/IC414,http://irail.be/stations/NMBS/008844230,IC,2017-07-11T16:50:00,2017-07-11T16:50:00,352,352
http://irail.be/vehicle/IC414,http://irail.be/stations/NMBS/008844206,IC,2017-07-11T16:54:00,2017-07-11T16:53:00,352,352
http://irail.be/vehicle/IC414,http://irail.be/stations/NMBS/008844008,IC,2017-07-11T17:02:00,2017-07-11T17:00:00,399,449
http://irail.be/vehicle/IC414,http://irail.be/stations/NMBS/008844057,IC,2017-07-11T17:03:00,2017-07-11T17:03:00,404,404
http://irail.be/vehicle/IC414,NO-URI,IC,2017-07-11T17:05:00,2017-07-11T17:05:00,404,404
http://irail.be/vehicle/IC414,http://irail.be/stations/NMBS/008844545,IC,2017-07-11T17:10:00,2017-07-11T17:09:00,495,495
http://irail.be/vehicle/IC414,http://irail.be/stations/NMBS/008844503,IC,2017-07-11T17:16:00,2017-07-11T17:16:00,,495
http://irail.be/vehicle/IC414,http://irail.be/stations/NMBS/008896008,IC,2017-04-07T14:16:00,2017-04-07T14:16:00,55,
http://irail.be/vehicle/IC414,http://irail.be/stations/NMBS/008896115,IC,2017-04-07T14:22:00,2017-04-07T14:21:00,57,57
http://irail.be/vehicle/IC414,http://irail.be/stations/NMBS/008896149,IC,2017-04-07T14:28:00,2017-04-07T14:27:00,57,57
http://irail.be/vehicle/IC414,http://irail.be/stations/NMBS/008892106,IC,2017-04-07T14:38:00,2017-04-07T14:37:00,77,-33
http://irail.be/vehicle/IC414,NO-URI,IC,2017-04-07T14:40:00,2017-04-07T14:40:00,77,77
http://irail.be/vehicle/IC414,http://irail.be/stations/NMBS/008892080,IC,2017-04-07T14:45:00,2017-04-07T14:44:00,51,-4
http://irail.be/vehicle/IC414,http://irail.be/stations/NMBS/008892007,IC,2017-04-07T14:54:00,2017-04-07T14:51:00,53,82
http://irail.be/vehicle/IC414,http://irail.be/stations/NMBS/008814001,IC,2017-04-07T15:27:00,2017-04-07T15:24:00,246,195
http://irail.be/vehicle/IC414,http://irail.be/stations/NMBS/008813037,IC,2017-04-07T15:29:00,2017-04-07T15:29:00,234,234
http://irail.be/vehicle/IC414,http://irail.be/stations/NMBS/008813003,IC,2017-04-07T15:31:00,2017-04-07T15:30:00,233,234
http://irail.be/vehicle/IC414,http://irail.be/stations/NMBS/008813045,IC,2017-04-07T15:33:00,2017-04-07T15:33:00,216,216
http://irail.be/vehicle/IC414,http://irail.be/stations/NMBS/008812005,IC,2017-04-07T15:38:00,2017-04-07T15:35:00,148,204
http://irail.be/vehicle/IC414,http://irail.be/stations/NMBS/008811007,IC,2017-04-07T15:41:00,2017-04-07T15:41:00,119,119
http://irail.be/vehicle/IC414,http://irail.be/stations/NMBS/008811130,IC,2017-04-07T15:42:00,2017-04-07T15:42:00,136,136
http://irail.be/vehicle/IC414,http://irail.be/stations/NMBS/008811213,IC,2017-04-07T15:43:00,2017-04-07T15:43:00,121,121
http://irail.be/vehicle/IC414,http://irail.be/stations/NMBS/008811221,IC,2017-04-07T15:44:00,2017-04-07T15:44:00,129,129
http://irail.be/vehicle/IC414,http://irail.be/stations/NMBS/008811247,IC,2017-04-07T15:45:00,2017-04-07T15:45:00,86,86
http://irail.be/vehicle/IC414,http://irail.be/stations/NMBS/008811254,IC,2017-04-07T15:46:00,2017-04-07T15:46:00,-2,-2
http://irail.be/vehicle/IC414,http://irail.be/stations/NMBS/008811262,IC,2017-04-07T15:48:00,2017-04-07T15:48:00,-2,-2
http://irail.be/vehicle/IC414,http://irail.be/stations/NMBS/008811270,IC,2017-04-07T15:49:00,2017-04-07T15:49:00,74,74
http://irail.be/vehicle/IC414,http://irail.be/stations/NMBS/008811288,IC,2017-04-07T15:50:00,2017-04-07T15:50:00,86,86
http://irail.be/vehicle/IC414,http://irail.be/stations/NMBS/008833001,IC,2017-04-07T15:57:00,2017-04-07T15:53:00,12,74
http://irail.be/vehicle/IC414,http://irail.be/stations/NMBS/008841202,IC,2017-04-07T16:24:00,2017-04-07T16:24:00,-139,-139
http://irail.be/vehicle/IC414,http://irail.be/stations/NMBS/008841004,IC,2017-04-07T16:34:00,2017-04-07T16:31:00,-2,-73
http://irail.be/vehicle/IC414,http://irail.be/stations/NMBS/008842002,IC,2017-04-07T16:41:00,2017-04-07T16:37:00,19,19
http://irail.be/vehicle/IC414,http://irail.be/stations/NMBS/008842036,IC,2017-04-07T16:43:00,2017-04-07T16:43:00,19,19
http://irail.be/vehicle/IC414,http://irail.be/stations/NMBS/008844271,IC,2017-04-07T16:47:00,2017-04-07T16:47:00,-9,-9
http://irail.be/vehicle/IC414,NO-URI,IC,2017-04-07T16:48:00,2017-04-07T16:48:00,-25,-25
http://irail.be/vehicle/IC414,http://irail.be/stations/NMBS/008844255,IC,2017-04-07T16:49:00,2017-04-07T16:49:00,-27,-27
http://irail.be/vehicle/IC414,http://irail.be/stations/NMBS/008844230,IC,2017-04-07T16:49:00,2017-04-07T16:49:00,111,111
http://irail.be/vehicle/IC414,http://irail.be/stations/NMBS/008844206,IC,2017-04-07T16:54:00,2017-04-07T16:53:00,111,111
http://irail.be/vehicle/IC414,http://irail.be/stations/NMBS/008844008,IC,2017-04-07T17:02:00,2017-04-07T17:00:00,7,44
http://irail.be/vehicle/IC414,http://irail.be/stations/NMBS/008844057,IC,2017-04-07T17:03:00,2017-04-07T17:03:00,7,7
http://irail.be/vehicle/IC414,NO-URI,IC,2017-04-07T17:05:00,2017-04-07T17:05:00,20,20
http://irail.be/vehicle/IC414,http://irail.be/stations/NMBS/008844545,IC,2017-04-07T17:10:00,2017-04-07T17:09:00,52,52
http://irail.be/vehicle/IC414,http://irail.be/stations/NMBS/008844503,IC,2017-04-07T17:16:00,2017-04-07T17:16:00,,52
http://irail.be/vehicle/IC414,http://irail.be/stations/NMBS/008896008,IC,2017-08-11T14:16:00,2017-08-11T14:16:00,47,
http://irail.be/vehicle/IC414,http://irail.be/stations/NMBS/008896115,IC,2017-08-11T14:22:00,2017-08-11T14:21:00,66,66
http://irail.be/vehicle/IC414,http://irail.be/stations/NMBS/008896149,IC,2017-08-11T14:28:00,2017-08-11T14:27:00,109,81
http://irail.be/vehicle/IC414,http://irail.be/stations/NMBS/008892106,IC,2017-08-11T14:38:00,2017-08-11T14:37:00,87,16
http://irail.be/vehicle/IC414,NO-URI,IC,2017-08-11T14:40:00,2017-08-11T14:40:00,87,87
http://irail.be/vehicle/IC414,http://irail.be/stations/NMBS/008892080,IC,2017-08-11T14:45:00,2017-08-11T14:44:00,38,-1
http://irail.be/vehicle/IC414,http://irail.be/stations/NMBS/008892007,IC,2017-08-11T14:54:00,2017-08-11T14:51:00,80,91
http://irail.be/vehicle/IC414,http://irail.be/stations/NMBS/008814001,IC,2017-08-11T15:27:00,2017-08-11T15:24:00,174,143
http://irail.be/vehicle/IC414,http://irail.be/stations/NMBS/008813037,IC,2017-08-11T15:29:00,2017-08-11T15:29:00,192,192
http://irail.be/vehicle/IC414,http://irail.be/stations/NMBS/008813003,IC,2017-08-11T15:31:00,2017-08-11T15:30:00,275,200
http://irail.be/vehicle/IC414,http://irail.be/stations/NMBS/008813045,IC,2017-08-11T15:33:00,2017-08-11T15:33:00,262,262
http://irail.be/vehicle/IC414,http://irail.be/stations/NMBS/008812005,IC,2017-08-11T15:38:00,2017-08-11T15:35:00,224,256
http://irail.be/vehicle/IC414,http://irail.be/stations/NMBS/008811007,IC,2017-08-11T15:41:00,2017-08-11T15:41:00,197,197
http://irail.be/vehicle/IC414,http://irail.be/stations/NMBS/008811130,IC,2017-08-11T15:42:00,2017-08-11T15:42:00,223,223
http://irail.be/vehicle/IC414,http://irail.be/stations/NMBS/008811213,IC,2017-08-11T15:43:00,2017-08-11T15:43:00,211,211
http://irail.be/vehicle/IC414,http://irail.be/stations/NMBS/008811221,IC,2017-08-11T15:44:00,2017-08-11T15:44:00,219,219
http://irail.be/vehicle/IC414,http://irail.be/stations/NMBS/008811247,IC,2017-08-11T15:45:00,2017-08-11T15:45:00,181,181
http://irail.be/vehicle/IC414,http://irail.be/stations/NMBS/008811254,IC,2017-08-11T15:46:00,2017-08-11T15:46:00,90,90
http://irail.be/vehicle/IC414,http://irail.be/stations/NMBS/008811262,IC,2017-08-11T15:48:00,2017-08-11T15:48:00,90,90
http://irail.be/vehicle/IC414,http://irail.be/stations/NMBS/008811270,IC,2017-08-11T15:49:00,2017-08-11T15:49:00,179,179
http://irail.be/vehicle/IC414,http://irail.be/stations/NMBS/008811288,IC,2017-08-11T15:50:00,2017-08-11T15:50:00,191,191
http://irail.be/vehicle/IC414,http://irail.be/stations/NMBS/008833001,IC,2017-08-11T15:57:00,2017-08-11T15:53:00,69,186
http://irail.be/vehicle/IC414,http://irail.be/stations/NMBS/008841202,IC,2017-08-11T16:24:00,2017-08-11T16:24:00,-49,-49
http://irail.be/vehicle/IC414,http://irail.be/stations/NMBS/008841004,IC,2017-08-11T16:34:00,2017-08-11T16:31:00,33,64
http://irail.be/vehicle/IC414,http://irail.be/stations/NMBS/008842002,IC,2017-08-11T16:41:00,2017-08-11T16:37:00,45,45
http://irail.be/vehicle/IC414,http://irail.be/stations/NMBS/008842036,IC,2017-08-11T16:43:00,2017-08-11T16:43:00,45,45
http://irail.be/vehicle/IC414,http://irail.be/stations/NMBS/008844271,IC,2017-08-11T16:47:00,2017-08-11T16:47:00,33,33
http://irail.be/vehicle/IC414,NO-URI,IC,2017-08-11T16:48:00,2017-08-11T16:48:00,26,26
http://irail.be/vehicle/IC414,http://irail.be/stations/NMBS/008844255,IC,2017-08-11T16:49:00,2017-08-11T16:49:00,22,22
http://irail.be/vehicle/IC414,http://irail.be/stations/NMBS/008844230,IC,2017-08-11T16:49:00,2017-08-11T16:49:00,85,85
http://irail.be/vehicle/IC414,http://irail.be/stations/NMBS/008844206,IC,2017-08-11T16:54:00,2017-08-11T16:53:00,85,85
http://irail.be/vehicle/IC414,http://irail.be/stations/NMBS/008844008,IC,2017-08-11T17:02:00,2017-08-11T17:00:00,-30,2
http://irail.be/vehicle/IC414,http://irail.be/stations/NMBS/008844057,IC,2017-08-11T17:03:00,2017-08-11T17:03:00,-30,-30
http://irail.be/vehicle/IC414,NO-URI,IC,2017-08-11T17:05:00,2017-08-11T17:05:00,-13,-13
http://irail.be/vehicle/IC414,http://irail.be/stations/NMBS/008844545,IC,2017-08-11T17:10:00,2017-08-11T17:09:00,1,1
http://irail.be/vehicle/IC414,http://irail.be/stations/NMBS/008844503,IC,2017-08-11T17:16:00,2017-08-11T17:16:00,,1
http://irail.be/vehicle/IC414,http://irail.be/stations/NMBS/008896008,IC,2017-07-20T14:16:00,2017-07-20T14:16:00,176,
http://irail.be/vehicle/IC414,http://irail.be/stations/NMBS/008896115,IC,2017-07-20T14:22:00,2017-07-20T14:21:00,198,198
http://irail.be/vehicle/IC414,http://irail.be/stations/NMBS/008896149,IC,2017-07-20T14:28:00,2017-07-20T14:27:00,242,225
http://irail.be/vehicle/IC414,http://irail.be/stations/NMBS/008892106,IC,2017-07-20T14:38:00,2017-07-20T14:37:00,179,152
http://irail.be/vehicle/IC414,NO-URI,IC,2017-07-20T14:40:00,2017-07-20T14:40:00,179,179
http://irail.be/vehicle/IC414,http://irail.be/stations/NMBS/008892080,IC,2017-07-20T14:45:00,2017-07-20T14:44:00,85,85
http://irail.be/vehicle/IC414,http://irail.be/stations/NMBS/008892007,IC,2017-07-20T14:54:00,2017-07-20T14:51:00,130,134
http://irail.be/vehicle/IC414,http://irail.be/stations/NMBS/008814001,IC,2017-07-20T15:27:00,2017-07-20T15:24:00,148,146
http://irail.be/vehicle/IC414,http://irail.be/stations/NMBS/008813037,IC,2017-07-20T15:29:00,2017-07-20T15:29:00,162,162
http://irail.be/vehicle/IC414,http://irail.be/stations/NMBS/008813003,IC,2017-07-20T15:31:00,2017-07-20T15:30:00,192,164
http://irail.be/vehicle/IC414,http://irail.be/stations/NMBS/008813045,IC,2017-07-20T15:33:00,2017-07-20T15:33:00,172,172
http://irail.be/vehicle/IC414,http://irail.be/stations/NMBS/008812005,IC,2017-07-20T15:38:00,2017-07-20T15:35:00,100,166
http://irail.be/vehicle/IC414,http://irail.be/stations/NMBS/008811007,IC,2017-07-20T15:41:00,2017-07-20T15:41:00,66,66
http://irail.be/vehicle/IC414,http://irail.be/stations/NMBS/008811130,IC,2017-07-20T15:42:00,2017-07-20T15:42:00,94,94
http://irail.be/vehicle/IC414,http://irail.be/stations/NMBS/008811213,IC,2017-07-20T15:43:00,2017-07-20T15:43:00,86,86
http://irail.be/vehicle/IC414,http://irail.be/stations/NMBS/008811221,IC,2017-07-20T15:44:00,2017-07-20T15:44:00,93,93
http://irail.be/vehicle/IC414,http://irail.be/stations/NMBS/008811247,IC,2017-07-20T15:45:00,2017-07-20T15:45:00,46,46
http://irail.be/vehicle/IC414,http://irail.be/stations/NMBS/008811254,IC,2017-07-20T15:46:00,2017-07-20T15:46:00,-52,-52
http://irail.be/vehicle/IC414,http://irail.be/stations/NMBS/008811262,IC,2017-07-20T15:48:00,2017-07-20T15:48:00,-52,-52
http://irail.be/vehicle/IC414,http://irail.be/stations/NMBS/008811270,IC,2017-07-20T15:49:00,2017-07-20T15:49:00,-11,-11
http://irail.be/vehicle/IC414,http://irail.be/stations/NMBS/008811288,IC,2017-07-20T15:50:00,2017-07-20T15:50:00,-3,-3
http://irail.be/vehicle/IC414,http://irail.be/stations/NMBS/008833001,IC,2017-07-20T15:57:00,2017-07-20T15:53:00,18,-9
http://irail.be/vehicle/IC414,http://irail.be/stations/NMBS/008841202,IC,2017-07-20T16:24:00,2017-07-20T16:24:00,-115,-115
http://irail.be/vehicle/IC414,http://irail.be/stations/NMBS/008841004,IC,2017-07-20T16:34:00,2017-07-20T16:31:00,3,-8
http://irail.be/vehicle/IC414,http://irail.be/stations/NMBS/008842002,IC,2017-07-20T16:41:00,2017-07-20T16:37:00,25,25
http://irail.be/vehicle/IC414,http://irail.be/stations/NMBS/008842036,IC,2017-07-20T16:43:00,2017-07-20T16:43:00,25,25
http://irail.be/vehicle/IC414,http://irail.be/stations/NMBS/008844271,IC,2017-07-20T16:47:00,2017-07-20T16:47:00,8,8
http://irail.be/vehicle/IC414,NO-URI,IC,2017-07-20T16:48:00,2017-07-20T16:48:00,27,27
http://irail.be/vehicle/IC414,http://irail.be/stations/NMBS/008844255,IC,2017-07-20T16:49:00,2017-07-20T16:49:00,28,28
http://irail.be/vehicle/IC414,http://irail.be/stations/NMBS/008844230,IC,2017-07-20T16:49:00,2017-07-20T16:49:00,63,63
http://irail.be/vehicle/IC414,http://irail.be/stations/NMBS/008844206,IC,2017-07-20T16:54:00,2017-07-20T16:53:00,63,63
http://irail.be/vehicle/IC414,http://irail.be/stations/NMBS/008844008,IC,2017-07-20T17:02:00,2017-07-20T17:00:00,23,-13
http://irail.be/vehicle/IC414,http://irail.be/stations/NMBS/008844057,IC,2017-07-20T17:03:00,2017-07-20T17:03:00,23,23
http://irail.be/vehicle/IC414,NO-URI,IC,2017-07-20T17:05:00,2017-07-20T17:05:00,55,55
http://irail.be/vehicle/IC414,http://irail.be/stations/NMBS/008844545,IC,2017-07-20T17:10:00,2017-07-20T17:09:00,286,286
http://irail.be/vehicle/IC414,http://irail.be/stations/NMBS/008844503,IC,2017-07-20T17:16:00,2017-07-20T17:16:00,,286
http://irail.be/vehicle/IC414,http://irail.be/stations/NMBS/008896008,IC,2017-12-08T14:16:00,2017-12-08T14:16:00,38,
http://irail.be/vehicle/IC414,http://irail.be/stations/NMBS/008896115,IC,2017-12-08T14:22:00,2017-12-08T14:21:00,42,42
http://irail.be/vehicle/IC414,http://irail.be/stations/NMBS/008896149,IC,2017-12-08T14:28:00,2017-12-08T14:27:00,111,100
http://irail.be/vehicle/IC414,http://irail.be/stations/NMBS/008892106,IC,2017-12-08T14:38:00,2017-12-08T14:37:00,92,34
http://irail.be/vehicle/IC414,NO-URI,IC,2017-12-08T14:40:00,2017-12-08T14:40:00,92,92
http://irail.be/vehicle/IC414,http://irail.be/stations/NMBS/008892080,IC,2017-12-08T14:45:00,2017-12-08T14:44:00,55,42
http://irail.be/vehicle/IC414,http://irail.be/stations/NMBS/008892007,IC,2017-12-08T14:54:00,2017-12-08T14:51:00,280,312
http://irail.be/vehicle/IC414,http://irail.be/stations/NMBS/008814001,IC,2017-12-08T15:27:00,2017-12-08T15:24:00,232,277
http://irail.be/vehicle/IC414,http://irail.be/stations/NMBS/008813037,IC,2017-12-08T15:29:00,2017-12-08T15:29:00,258,258
http://irail.be/vehicle/IC414,http://irail.be/stations/NMBS/008813003,IC,2017-12-08T15:31:00,2017-12-08T15:30:00,295,264
http://irail.be/vehicle/IC414,http://irail.be/stations/NMBS/008813045,IC,2017-12-08T15:33:00,2017-12-08T15:33:00,286,286
http://irail.be/vehicle/IC414,http://irail.be/stations/NMBS/008812005,IC,2017-12-08T15:38:00,2017-12-08T15:35:00,232,280
http://irail.be/vehicle/IC414,http://irail.be/stations/NMBS/008811007,IC,2017-12-08T15:41:00,2017-12-08T15:41:00,222,222
http://irail.be/vehicle/IC414,http://irail.be/stations/NMBS/008811130,IC,2017-12-08T15:42:00,2017-12-08T15:42:00,254,254
http://irail.be/vehicle/IC414,http://irail.be/stations/NMBS/008811213,IC,2017-12-08T15:43:00,2017-12-08T15:43:00,242,242
http://irail.be/vehicle/IC414,http://irail.be/stations/NMBS/008811221,IC,2017-12-08T15:44:00,2017-12-08T15:44:00,251,251
http://irail.be/vehicle/IC414,http://irail.be/stations/NMBS/008811247,IC,2017-12-08T15:45:00,2017-12-08T15:45:00,212,212
http://irail.be/vehicle/IC414,http://irail.be/stations/NMBS/008811254,IC,2017-12-08T15:46:00,2017-12-08T15:46:00,122,122
http://irail.be/vehicle/IC414,http://irail.be/stations/NMBS/008811262,IC,2017-12-08T15:48:00,2017-12-08T15:48:00,122,122
http://irail.be/vehicle/IC414,http://irail.be/stations/NMBS/008811270,IC,2017-12-08T15:49:00,2017-12-08T15:49:00,201,201
http://irail.be/vehicle/IC414,http://irail.be/stations/NMBS/008811288,IC,2017-12-08T15:50:00,2017-12-08T15:50:00,213,213
http://irail.be/vehicle/IC414,http://irail.be/stations/NMBS/008833001,IC,2017-12-08T15:57:00,2017-12-08T15:53:00,187,214
http://irail.be/vehicle/IC414,http://irail.be/stations/NMBS/008841202,IC,2017-12-08T16:24:00,2017-12-08T16:24:00,74,74
http://irail.be/vehicle/IC414,http://irail.be/stations/NMBS/008841004,IC,2017-12-08T16:34:00,2017-12-08T16:31:00,158,189
http://irail.be/vehicle/IC414,http://irail.be/stations/NMBS/008842002,IC,2017-12-08T16:41:00,2017-12-08T16:37:00,291,291
http://irail.be/vehicle/IC414,http://irail.be/stations/NMBS/008842036,IC,2017-12-08T16:43:00,2017-12-08T16:43:00,291,291
http://irail.be/vehicle/IC414,http://irail.be/stations/NMBS/008844271,IC,2017-12-08T16:47:00,2017-12-08T16:47:00,317,317
http://irail.be/vehicle/IC414,NO-URI,IC,2017-12-08T16:48:00,2017-12-08T16:48:00,419,419
http://irail.be/vehicle/IC414,http://irail.be/stations/NMBS/008844255,IC,2017-12-08T16:49:00,2017-12-08T16:49:00,452,452
http://irail.be/vehicle/IC414,http://irail.be/stations/NMBS/008844230,IC,2017-12-08T16:49:00,2017-12-08T16:49:00,528,528
http://irail.be/vehicle/IC414,http://irail.be/stations/NMBS/008844206,IC,2017-12-08T16:54:00,2017-12-08T16:53:00,528,528
http://irail.be/vehicle/IC414,http://irail.be/stations/NMBS/008844008,IC,2017-12-08T17:02:00,2017-12-08T17:00:00,430,485
http://irail.be/vehicle/IC414,http://irail.be/stations/NMBS/008844057,IC,2017-12-08T17:03:00,2017-12-08T17:03:00,430,430
http://irail.be/vehicle/IC414,NO-URI,IC,2017-12-08T17:05:00,2017-12-08T17:05:00,470,470
http://irail.be/vehicle/IC414,http://irail.be/stations/NMBS/008844545,IC,2017-12-08T17:10:00,2017-12-08T17:09:00,608,608
http://irail.be/vehicle/IC414,http://irail.be/stations/NMBS/008844503,IC,2017-12-08T17:16:00,2017-12-08T17:16:00,,608
http://irail.be/vehicle/IC414,http://irail.be/stations/NMBS/008896008,IC,2017-12-01T14:16:00,2017-12-01T14:16:00,43,
http://irail.be/vehicle/IC414,http://irail.be/stations/NMBS/008896115,IC,2017-12-01T14:22:00,2017-12-01T14:21:00,44,44
http://irail.be/vehicle/IC414,http://irail.be/stations/NMBS/008896149,IC,2017-12-01T14:28:00,2017-12-01T14:27:00,90,86
http://irail.be/vehicle/IC414,http://irail.be/stations/NMBS/008892106,IC,2017-12-01T14:38:00,2017-12-01T14:37:00,72,10
http://irail.be/vehicle/IC414,NO-URI,IC,2017-12-01T14:40:00,2017-12-01T14:40:00,72,72
http://irail.be/vehicle/IC414,http://irail.be/stations/NMBS/008892080,IC,2017-12-01T14:45:00,2017-12-01T14:44:00,30,9
http://irail.be/vehicle/IC414,http://irail.be/stations/NMBS/008892007,IC,2017-12-01T14:54:00,2017-12-01T14:51:00,21,78
http://irail.be/vehicle/IC414,http://irail.be/stations/NMBS/008814001,IC,2017-12-01T15:27:00,2017-12-01T15:24:00,99,186
http://irail.be/vehicle/IC414,http://irail.be/stations/NMBS/008813037,IC,2017-12-01T15:29:00,2017-12-01T15:29:00,121,121
http://irail.be/vehicle/IC414,http://irail.be/stations/NMBS/008813003,IC,2017-12-01T15:31:00,2017-12-01T15:30:00,285,245
http://irail.be/vehicle/IC414,http://irail.be/stations/NMBS/008813045,IC,2017-12-01T15:33:00,2017-12-01T15:33:00,262,262
http://irail.be/vehicle/IC414,http://irail.be/stations/NMBS/008812005,IC,2017-12-01T15:38:00,2017-12-01T15:35:00,328,258
http://irail.be/vehicle/IC414,http://irail.be/stations/NMBS/008811007,IC,2017-12-01T15:41:00,2017-12-01T15:41:00,294,294
http://irail.be/vehicle/IC414,http://irail.be/stations/NMBS/008811130,IC,2017-12-01T15:42:00,2017-12-01T15:42:00,304,304
http://irail.be/vehicle/IC414,http://irail.be/stations/NMBS/008811213,IC,2017-12-01T15:43:00,2017-12-01T15:43:00,298,298
http://irail.be/vehicle/IC414,http://irail.be/stations/NMBS/008811221,IC,2017-12-01T15:44:00,2017-12-01T15:44:00,285,285
http://irail.be/vehicle/IC414,http://irail.be/stations/NMBS/008811247,IC,2017-12-01T15:45:00,2017-12-01T15:45:00,284,284
http://irail.be/vehicle/IC414,http://irail.be/stations/NMBS/008811254,IC,2017-12-01T15:46:00,2017-12-01T15:46:00,287,287
http://irail.be/vehicle/IC414,http://irail.be/stations/NMBS/008811262,IC,2017-12-01T15:48:00,2017-12-01T15:48:00,234,234
http://irail.be/vehicle/IC414,http://irail.be/stations/NMBS/008811270,IC,2017-12-01T15:49:00,2017-12-01T15:49:00,251,251
http://irail.be/vehicle/IC414,http://irail.be/stations/NMBS/008811288,IC,2017-12-01T15:50:00,2017-12-01T15:50:00,258,258
http://irail.be/vehicle/IC414,http://irail.be/stations/NMBS/008833001,IC,2017-12-01T15:57:00,2017-12-01T15:53:00,96,216
http://irail.be/vehicle/IC414,http://irail.be/stations/NMBS/008841202,IC,2017-12-01T16:24:00,2017-12-01T16:24:00,0,0
http://irail.be/vehicle/IC414,http://irail.be/stations/NMBS/008841004,IC,2017-12-01T16:34:00,2017-12-01T16:31:00,0,0
http://irail.be/vehicle/IC414,http://irail.be/stations/NMBS/008842002,IC,2017-12-01T16:41:00,2017-12-01T16:37:00,0,6
http://irail.be/vehicle/IC414,http://irail.be/stations/NMBS/008842036,IC,2017-12-01T16:43:00,2017-12-01T16:43:00,0,0
http://irail.be/vehicle/IC414,http://irail.be/stations/NMBS/008844271,IC,2017-12-01T16:47:00,2017-12-01T16:47:00,0,0
http://irail.be/vehicle/IC414,NO-URI,IC,2017-12-01T16:48:00,2017-12-01T16:48:00,0,0
http://irail.be/vehicle/IC414,http://irail.be/stations/NMBS/008844255,IC,2017-12-01T16:49:00,2017-12-01T16:49:00,0,0
http://irail.be/vehicle/IC414,http://irail.be/stations/NMBS/008844230,IC,2017-12-01T16:49:00,2017-12-01T16:49:00,54,54
http://irail.be/vehicle/IC414,http://irail.be/stations/NMBS/008844206,IC,2017-12-01T16:54:00,2017-12-01T16:53:00,20,20
http://irail.be/vehicle/IC414,http://irail.be/stations/NMBS/008844008,IC,2017-12-01T17:02:00,2017-12-01T17:00:00,0,0
http://irail.be/vehicle/IC414,http://irail.be/stations/NMBS/008844057,IC,2017-12-01T17:03:00,2017-12-01T17:03:00,7,7
http://irail.be/vehicle/IC414,NO-URI,IC,2017-12-01T17:05:00,2017-12-01T17:05:00,0,0
http://irail.be/vehicle/IC414,http://irail.be/stations/NMBS/008844545,IC,2017-12-01T17:10:00,2017-12-01T17:09:00,30,30
http://irail.be/vehicle/IC414,http://irail.be/stations/NMBS/008844503,IC,2017-12-01T17:16:00,2017-12-01T17:16:00,,0
http://irail.be/vehicle/IC414,http://irail.be/stations/NMBS/008896008,IC,2017-01-18T14:16:00,2017-01-18T14:16:00,122,
http://irail.be/vehicle/IC414,http://irail.be/stations/NMBS/008896115,IC,2017-01-18T14:22:00,2017-01-18T14:21:00,253,253
http://irail.be/vehicle/IC414,http://irail.be/stations/NMBS/008896149,IC,2017-01-18T14:28:00,2017-01-18T14:27:00,272,253
http://irail.be/vehicle/IC414,http://irail.be/stations/NMBS/008892106,IC,2017-01-18T14:38:00,2017-01-18T14:37:00,286,212
http://irail.be/vehicle/IC414,NO-URI,IC,2017-01-18T14:40:00,2017-01-18T14:40:00,286,286
http://irail.be/vehicle/IC414,http://irail.be/stations/NMBS/008892080,IC,2017-01-18T14:45:00,2017-01-18T14:44:00,326,245
http://irail.be/vehicle/IC414,http://irail.be/stations/NMBS/008892007,IC,2017-01-18T14:54:00,2017-01-18T14:51:00,435,390
http://irail.be/vehicle/IC414,http://irail.be/stations/NMBS/008814001,IC,2017-01-18T15:27:00,2017-01-18T15:24:00,350,347
http://irail.be/vehicle/IC414,http://irail.be/stations/NMBS/008813037,IC,2017-01-18T15:29:00,2017-01-18T15:29:00,361,361
http://irail.be/vehicle/IC414,http://irail.be/stations/NMBS/008813003,IC,2017-01-18T15:31:00,2017-01-18T15:30:00,427,361
http://irail.be/vehicle/IC414,http://irail.be/stations/NMBS/008813045,IC,2017-01-18T15:33:00,2017-01-18T15:33:00,411,411
http://irail.be/vehicle/IC414,http://irail.be/stations/NMBS/008812005,IC,2017-01-18T15:38:00,2017-01-18T15:35:00,389,404
http://irail.be/vehicle/IC414,http://irail.be/stations/NMBS/008811007,IC,2017-01-18T15:41:00,2017-01-18T15:41:00,365,365
http://irail.be/vehicle/IC414,http://irail.be/stations/NMBS/008811130,IC,2017-01-18T15:42:00,2017-01-18T15:42:00,368,368
http://irail.be/vehicle/IC414,http://irail.be/stations/NMBS/008811213,IC,2017-01-18T15:43:00,2017-01-18T15:43:00,375,375
http://irail.be/vehicle/IC414,http://irail.be/stations/NMBS/008811221,IC,2017-01-18T15:44:00,2017-01-18T15:44:00,386,386
http://irail.be/vehicle/IC414,http://irail.be/stations/NMBS/008811247,IC,2017-01-18T15:45:00,2017-01-18T15:45:00,348,348
http://irail.be/vehicle/IC414,http://irail.be/stations/NMBS/008811254,IC,2017-01-18T15:46:00,2017-01-18T15:46:00,258,258
http://irail.be/vehicle/IC414,http://irail.be/stations/NMBS/008811262,IC,2017-01-18T15:48:00,2017-01-18T15:48:00,258,258
http://irail.be/vehicle/IC414,http://irail.be/stations/NMBS/008811270,IC,2017-01-18T15:49:00,2017-01-18T15:49:00,342,342
http://irail.be/vehicle/IC414,http://irail.be/stations/NMBS/008811288,IC,2017-01-18T15:50:00,2017-01-18T15:50:00,356,356
http://irail.be/vehicle/IC414,http://irail.be/stations/NMBS/008833001,IC,2017-01-18T15:57:00,2017-01-18T15:53:00,260,354
http://irail.be/vehicle/IC414,http://irail.be/stations/NMBS/008841202,IC,2017-01-18T16:24:00,2017-01-18T16:24:00,277,277
http://irail.be/vehicle/IC414,http://irail.be/stations/NMBS/008841004,IC,2017-01-18T16:34:00,2017-01-18T16:31:00,342,392
http://irail.be/vehicle/IC414,http://irail.be/stations/NMBS/008842002,IC,2017-01-18T16:41:00,2017-01-18T16:37:00,388,388
http://irail.be/vehicle/IC414,http://irail.be/stations/NMBS/008842036,IC,2017-01-18T16:43:00,2017-01-18T16:43:00,388,388
http://irail.be/vehicle/IC414,http://irail.be/stations/NMBS/008844271,IC,2017-01-18T16:47:00,2017-01-18T16:47:00,362,362
http://irail.be/vehicle/IC414,NO-URI,IC,2017-01-18T16:48:00,2017-01-18T16:48:00,598,598
http://irail.be/vehicle/IC414,http://irail.be/stations/NMBS/008844255,IC,2017-01-18T16:49:00,2017-01-18T16:49:00,622,622
http://irail.be/vehicle/IC414,http://irail.be/stations/NMBS/008844230,IC,2017-01-18T16:49:00,2017-01-18T16:49:00,694,694
http://irail.be/vehicle/IC414,http://irail.be/stations/NMBS/008844206,IC,2017-01-18T16:54:00,2017-01-18T16:53:00,694,694
http://irail.be/vehicle/IC414,http://irail.be/stations/NMBS/008844008,IC,2017-01-18T17:02:00,2017-01-18T17:00:00,521,606
http://irail.be/vehicle/IC414,http://irail.be/stations/NMBS/008844057,IC,2017-01-18T17:03:00,2017-01-18T17:03:00,521,521
http://irail.be/vehicle/IC414,NO-URI,IC,2017-01-18T17:05:00,2017-01-18T17:05:00,549,549
http://irail.be/vehicle/IC414,http://irail.be/stations/NMBS/008844545,IC,2017-01-18T17:10:00,2017-01-18T17:09:00,692,692
http://irail.be/vehicle/IC414,http://irail.be/stations/NMBS/008844503,IC,2017-01-18T17:16:00,2017-01-18T17:16:00,,692
http://irail.be/vehicle/IC414,http://irail.be/stations/NMBS/008896008,IC,2017-09-22T14:16:00,2017-09-22T14:16:00,246,
http://irail.be/vehicle/IC414,http://irail.be/stations/NMBS/008896115,IC,2017-09-22T14:22:00,2017-09-22T14:21:00,240,240
http://irail.be/vehicle/IC414,http://irail.be/stations/NMBS/008896149,IC,2017-09-22T14:28:00,2017-09-22T14:27:00,269,268
http://irail.be/vehicle/IC414,http://irail.be/stations/NMBS/008892106,IC,2017-09-22T14:38:00,2017-09-22T14:37:00,227,175
http://irail.be/vehicle/IC414,NO-URI,IC,2017-09-22T14:40:00,2017-09-22T14:40:00,227,227
http://irail.be/vehicle/IC414,http://irail.be/stations/NMBS/008892080,IC,2017-09-22T14:45:00,2017-09-22T14:44:00,130,132
http://irail.be/vehicle/IC414,http://irail.be/stations/NMBS/008892007,IC,2017-09-22T14:54:00,2017-09-22T14:51:00,281,244
http://irail.be/vehicle/IC414,http://irail.be/stations/NMBS/008814001,IC,2017-09-22T15:27:00,2017-09-22T15:24:00,323,339
http://irail.be/vehicle/IC414,http://irail.be/stations/NMBS/008813037,IC,2017-09-22T15:29:00,2017-09-22T15:29:00,341,341
http://irail.be/vehicle/IC414,http://irail.be/stations/NMBS/008813003,IC,2017-09-22T15:31:00,2017-09-22T15:30:00,374,344
http://irail.be/vehicle/IC414,http://irail.be/stations/NMBS/008813045,IC,2017-09-22T15:33:00,2017-09-22T15:33:00,373,373
http://irail.be/vehicle/IC414,http://irail.be/stations/NMBS/008812005,IC,2017-09-22T15:38:00,2017-09-22T15:35:00,319,369
http://irail.be/vehicle/IC414,http://irail.be/stations/NMBS/008811007,IC,2017-09-22T15:41:00,2017-09-22T15:41:00,311,311
http://irail.be/vehicle/IC414,http://irail.be/stations/NMBS/008811130,IC,2017-09-22T15:42:00,2017-09-22T15:42:00,347,347
http://irail.be/vehicle/IC414,http://irail.be/stations/NMBS/008811213,IC,2017-09-22T15:43:00,2017-09-22T15:43:00,341,341
http://irail.be/vehicle/IC414,http://irail.be/stations/NMBS/008811221,IC,2017-09-22T15:44:00,2017-09-22T15:44:00,351,351
http://irail.be/vehicle/IC414,http://irail.be/stations/NMBS/008811247,IC,2017-09-22T15:45:00,2017-09-22T15:45:00,315,315
http://irail.be/vehicle/IC414,http://irail.be/stations/NMBS/008811254,IC,2017-09-22T15:46:00,2017-09-22T15:46:00,226,226
http://irail.be/vehicle/IC414,http://irail.be/stations/NMBS/008811262,IC,2017-09-22T15:48:00,2017-09-22T15:48:00,226,226
http://irail.be/vehicle/IC414,http://irail.be/stations/NMBS/008811270,IC,2017-09-22T15:49:00,2017-09-22T15:49:00,309,309
http://irail.be/vehicle/IC414,http://irail.be/stations/NMBS/008811288,IC,2017-09-22T15:50:00,2017-09-22T15:50:00,322,322
http://irail.be/vehicle/IC414,http://irail.be/stations/NMBS/008833001,IC,2017-09-22T15:57:00,2017-09-22T15:53:00,214,318
http://irail.be/vehicle/IC414,http://irail.be/stations/NMBS/008896008,IC,2017-05-23T14:16:00,2017-05-23T14:16:00,48,
http://irail.be/vehicle/IC414,http://irail.be/stations/NMBS/008896115,IC,2017-05-23T14:22:00,2017-05-23T14:21:00,14,14
http://irail.be/vehicle/IC414,http://irail.be/stations/NMBS/008896149,IC,2017-05-23T14:28:00,2017-05-23T14:27:00,37,24
http://irail.be/vehicle/IC414,http://irail.be/stations/NMBS/008892106,IC,2017-05-23T14:38:00,2017-05-23T14:37:00,49,-68
http://irail.be/vehicle/IC414,NO-URI,IC,2017-05-23T14:40:00,2017-05-23T14:40:00,49,49
http://irail.be/vehicle/IC414,http://irail.be/stations/NMBS/008892080,IC,2017-05-23T14:45:00,2017-05-23T14:44:00,17,-49
http://irail.be/vehicle/IC414,http://irail.be/stations/NMBS/008892007,IC,2017-05-23T14:54:00,2017-05-23T14:51:00,54,70
http://irail.be/vehicle/IC414,http://irail.be/stations/NMBS/008814001,IC,2017-05-23T15:27:00,2017-05-23T15:24:00,506,464
http://irail.be/vehicle/IC414,http://irail.be/stations/NMBS/008813037,IC,2017-05-23T15:29:00,2017-05-23T15:29:00,554,554
http://irail.be/vehicle/IC414,http://irail.be/stations/NMBS/008813003,IC,2017-05-23T15:31:00,2017-05-23T15:30:00,644,610
http://irail.be/vehicle/IC414,http://irail.be/stations/NMBS/008813045,IC,2017-05-23T15:33:00,2017-05-23T15:33:00,624,624
http://irail.be/vehicle/IC414,http://irail.be/stations/NMBS/008812005,IC,2017-05-23T15:38:00,2017-05-23T15:35:00,542,618
http://irail.be/vehicle/IC414,http://irail.be/stations/NMBS/008811007,IC,2017-05-23T15:41:00,2017-05-23T15:41:00,511,511
http://irail.be/vehicle/IC414,http://irail.be/stations/NMBS/008811130,IC,2017-05-23T15:42:00,2017-05-23T15:42:00,531,531
http://irail.be/vehicle/IC414,http://irail.be/stations/NMBS/008811213,IC,2017-05-23T15:43:00,2017-05-23T15:43:00,518,518
http://irail.be/vehicle/IC414,http://irail.be/stations/NMBS/008811221,IC,2017-05-23T15:44:00,2017-05-23T15:44:00,526,526
http://irail.be/vehicle/IC414,http://irail.be/stations/NMBS/008811247,IC,2017-05-23T15:45:00,2017-05-23T15:45:00,486,486
http://irail.be/vehicle/IC414,http://irail.be/stations/NMBS/008811254,IC,2017-05-23T15:46:00,2017-05-23T15:46:00,396,396
http://irail.be/vehicle/IC414,http://irail.be/stations/NMBS/008811262,IC,2017-05-23T15:48:00,2017-05-23T15:48:00,396,396
http://irail.be/vehicle/IC414,http://irail.be/stations/NMBS/008811270,IC,2017-05-23T15:49:00,2017-05-23T15:49:00,475,475
http://irail.be/vehicle/IC414,http://irail.be/stations/NMBS/008811288,IC,2017-05-23T15:50:00,2017-05-23T15:50:00,486,486
http://irail.be/vehicle/IC414,http://irail.be/stations/NMBS/008833001,IC,2017-05-23T15:57:00,2017-05-23T15:53:00,371,480
http://irail.be/vehicle/IC414,http://irail.be/stations/NMBS/008841202,IC,2017-05-23T16:24:00,2017-05-23T16:24:00,216,216
http://irail.be/vehicle/IC414,http://irail.be/stations/NMBS/008841004,IC,2017-05-23T16:34:00,2017-05-23T16:31:00,83,160
http://irail.be/vehicle/IC414,http://irail.be/stations/NMBS/008842002,IC,2017-05-23T16:41:00,2017-05-23T16:37:00,31,31
http://irail.be/vehicle/IC414,http://irail.be/stations/NMBS/008842036,IC,2017-05-23T16:43:00,2017-05-23T16:43:00,31,31
http://irail.be/vehicle/IC414,http://irail.be/stations/NMBS/008844271,IC,2017-05-23T16:47:00,2017-05-23T16:47:00,19,19
http://irail.be/vehicle/IC414,NO-URI,IC,2017-05-23T16:48:00,2017-05-23T16:48:00,207,207
http://irail.be/vehicle/IC414,http://irail.be/stations/NMBS/008844255,IC,2017-05-23T16:49:00,2017-05-23T16:49:00,234,234
http://irail.be/vehicle/IC414,http://irail.be/stations/NMBS/008844230,IC,2017-05-23T16:49:00,2017-05-23T16:49:00,276,276
http://irail.be/vehicle/IC414,http://irail.be/stations/NMBS/008844206,IC,2017-05-23T16:54:00,2017-05-23T16:53:00,276,276
http://irail.be/vehicle/IC414,http://irail.be/stations/NMBS/008844008,IC,2017-05-23T17:02:00,2017-05-23T17:00:00,181,281
http://irail.be/vehicle/IC414,http://irail.be/stations/NMBS/008844057,IC,2017-05-23T17:03:00,2017-05-23T17:03:00,181,181
http://irail.be/vehicle/IC414,NO-URI,IC,2017-05-23T17:05:00,2017-05-23T17:05:00,202,202
http://irail.be/vehicle/IC414,http://irail.be/stations/NMBS/008844545,IC,2017-05-23T17:10:00,2017-05-23T17:09:00,146,146
http://irail.be/vehicle/IC414,http://irail.be/stations/NMBS/008844503,IC,2017-05-23T17:16:00,2017-05-23T17:16:00,,146
http://irail.be/vehicle/IC414,http://irail.be/stations/NMBS/008896008,IC,2017-08-30T14:16:00,2017-08-30T14:16:00,42,
http://irail.be/vehicle/IC414,http://irail.be/stations/NMBS/008896115,IC,2017-08-30T14:22:00,2017-08-30T14:21:00,60,60
http://irail.be/vehicle/IC414,http://irail.be/stations/NMBS/008896149,IC,2017-08-30T14:28:00,2017-08-30T14:27:00,106,102
http://irail.be/vehicle/IC414,http://irail.be/stations/NMBS/008892106,IC,2017-08-30T14:38:00,2017-08-30T14:37:00,76,28
http://irail.be/vehicle/IC414,NO-URI,IC,2017-08-30T14:40:00,2017-08-30T14:40:00,76,76
http://irail.be/vehicle/IC414,http://irail.be/stations/NMBS/008892080,IC,2017-08-30T14:45:00,2017-08-30T14:44:00,34,25
http://irail.be/vehicle/IC414,http://irail.be/stations/NMBS/008892007,IC,2017-08-30T14:54:00,2017-08-30T14:51:00,87,119
http://irail.be/vehicle/IC414,http://irail.be/stations/NMBS/008814001,IC,2017-08-30T15:27:00,2017-08-30T15:24:00,126,82
http://irail.be/vehicle/IC414,http://irail.be/stations/NMBS/008813037,IC,2017-08-30T15:29:00,2017-08-30T15:29:00,136,136
http://irail.be/vehicle/IC414,http://irail.be/stations/NMBS/008813003,IC,2017-08-30T15:31:00,2017-08-30T15:30:00,177,159
http://irail.be/vehicle/IC414,http://irail.be/stations/NMBS/008813045,IC,2017-08-30T15:33:00,2017-08-30T15:33:00,154,154
http://irail.be/vehicle/IC414,http://irail.be/stations/NMBS/008812005,IC,2017-08-30T15:38:00,2017-08-30T15:35:00,127,147
http://irail.be/vehicle/IC414,http://irail.be/stations/NMBS/008811007,IC,2017-08-30T15:41:00,2017-08-30T15:41:00,93,93
http://irail.be/vehicle/IC414,http://irail.be/stations/NMBS/008811130,IC,2017-08-30T15:42:00,2017-08-30T15:42:00,116,116
http://irail.be/vehicle/IC414,http://irail.be/stations/NMBS/008811213,IC,2017-08-30T15:43:00,2017-08-30T15:43:00,103,103
http://irail.be/vehicle/IC414,http://irail.be/stations/NMBS/008811221,IC,2017-08-30T15:44:00,2017-08-30T15:44:00,111,111
http://irail.be/vehicle/IC414,http://irail.be/stations/NMBS/008811247,IC,2017-08-30T15:45:00,2017-08-30T15:45:00,70,70
http://irail.be/vehicle/IC414,http://irail.be/stations/NMBS/008811254,IC,2017-08-30T15:46:00,2017-08-30T15:46:00,-21,-21
http://irail.be/vehicle/IC414,http://irail.be/stations/NMBS/008811262,IC,2017-08-30T15:48:00,2017-08-30T15:48:00,-21,-21
http://irail.be/vehicle/IC414,http://irail.be/stations/NMBS/008811270,IC,2017-08-30T15:49:00,2017-08-30T15:49:00,56,56
http://irail.be/vehicle/IC414,http://irail.be/stations/NMBS/008811288,IC,2017-08-30T15:50:00,2017-08-30T15:50:00,70,70
http://irail.be/vehicle/IC414,http://irail.be/stations/NMBS/008833001,IC,2017-08-30T15:57:00,2017-08-30T15:53:00,21,81
http://irail.be/vehicle/IC414,http://irail.be/stations/NMBS/008841202,IC,2017-08-30T16:24:00,2017-08-30T16:24:00,-106,-106
http://irail.be/vehicle/IC414,http://irail.be/stations/NMBS/008841004,IC,2017-08-30T16:34:00,2017-08-30T16:31:00,31,-145
http://irail.be/vehicle/IC414,http://irail.be/stations/NMBS/008842002,IC,2017-08-30T16:41:00,2017-08-30T16:37:00,88,88
http://irail.be/vehicle/IC414,http://irail.be/stations/NMBS/008842036,IC,2017-08-30T16:43:00,2017-08-30T16:43:00,88,88
http://irail.be/vehicle/IC414,http://irail.be/stations/NMBS/008844271,IC,2017-08-30T16:47:00,2017-08-30T16:47:00,57,57
http://irail.be/vehicle/IC414,NO-URI,IC,2017-08-30T16:48:00,2017-08-30T16:48:00,41,41
http://irail.be/vehicle/IC414,http://irail.be/stations/NMBS/008844255,IC,2017-08-30T16:49:00,2017-08-30T16:49:00,37,37
http://irail.be/vehicle/IC414,http://irail.be/stations/NMBS/008844230,IC,2017-08-30T16:49:00,2017-08-30T16:49:00,180,180
http://irail.be/vehicle/IC414,http://irail.be/stations/NMBS/008844206,IC,2017-08-30T16:54:00,2017-08-30T16:53:00,180,180
http://irail.be/vehicle/IC414,http://irail.be/stations/NMBS/008844008,IC,2017-08-30T17:02:00,2017-08-30T17:00:00,-10,108
http://irail.be/vehicle/IC414,http://irail.be/stations/NMBS/008844057,IC,2017-08-30T17:03:00,2017-08-30T17:03:00,-10,-10
http://irail.be/vehicle/IC414,NO-URI,IC,2017-08-30T17:05:00,2017-08-30T17:05:00,20,20
http://irail.be/vehicle/IC414,http://irail.be/stations/NMBS/008844545,IC,2017-08-30T17:10:00,2017-08-30T17:09:00,58,58
http://irail.be/vehicle/IC414,http://irail.be/stations/NMBS/008844503,IC,2017-08-30T17:16:00,2017-08-30T17:16:00,,58
http://irail.be/vehicle/IC414,http://irail.be/stations/NMBS/008896008,IC,2017-05-09T14:16:00,2017-05-09T14:16:00,54,
http://irail.be/vehicle/IC414,http://irail.be/stations/NMBS/008896115,IC,2017-05-09T14:22:00,2017-05-09T14:21:00,115,115
http://irail.be/vehicle/IC414,http://irail.be/stations/NMBS/008896149,IC,2017-05-09T14:28:00,2017-05-09T14:27:00,1831,232
http://irail.be/vehicle/IC414,http://irail.be/stations/NMBS/008892106,IC,2017-05-09T14:38:00,2017-05-09T14:37:00,1898,1801
http://irail.be/vehicle/IC414,NO-URI,IC,2017-05-09T14:40:00,2017-05-09T14:40:00,1898,1898
http://irail.be/vehicle/IC414,http://irail.be/stations/NMBS/008892080,IC,2017-05-09T14:45:00,2017-05-09T14:44:00,1950,1894
http://irail.be/vehicle/IC414,http://irail.be/stations/NMBS/008892007,IC,2017-05-09T14:54:00,2017-05-09T14:51:00,2278,2174
http://irail.be/vehicle/IC414,http://irail.be/stations/NMBS/008814001,IC,2017-05-09T15:27:00,2017-05-09T15:24:00,2468,2492
http://irail.be/vehicle/IC414,http://irail.be/stations/NMBS/008813037,IC,2017-05-09T15:29:00,2017-05-09T15:29:00,2688,2688
http://irail.be/vehicle/IC414,http://irail.be/stations/NMBS/008813003,IC,2017-05-09T15:31:00,2017-05-09T15:30:00,2890,2852
http://irail.be/vehicle/IC414,http://irail.be/stations/NMBS/008813045,IC,2017-05-09T15:33:00,2017-05-09T15:33:00,2880,2880
http://irail.be/vehicle/IC414,http://irail.be/stations/NMBS/008812005,IC,2017-05-09T15:38:00,2017-05-09T15:35:00,2894,2917
http://irail.be/vehicle/IC414,http://irail.be/stations/NMBS/008811007,IC,2017-05-09T15:41:00,2017-05-09T15:41:00,3127,3127
http://irail.be/vehicle/IC414,http://irail.be/stations/NMBS/008811130,IC,2017-05-09T15:42:00,2017-05-09T15:42:00,3175,3175
http://irail.be/vehicle/IC414,http://irail.be/stations/NMBS/008811213,IC,2017-05-09T15:43:00,2017-05-09T15:43:00,3166,3166
http://irail.be/vehicle/IC414,http://irail.be/stations/NMBS/008811221,IC,2017-05-09T15:44:00,2017-05-09T15:44:00,3175,3175
http://irail.be/vehicle/IC414,http://irail.be/stations/NMBS/008811247,IC,2017-05-09T15:45:00,2017-05-09T15:45:00,3136,3136
http://irail.be/vehicle/IC414,http://irail.be/stations/NMBS/008811254,IC,2017-05-09T15:46:00,2017-05-09T15:46:00,3047,3047
http://irail.be/vehicle/IC414,http://irail.be/stations/NMBS/008811262,IC,2017-05-09T15:48:00,2017-05-09T15:48:00,3047,3047
http://irail.be/vehicle/IC414,http://irail.be/stations/NMBS/008811270,IC,2017-05-09T15:49:00,2017-05-09T15:49:00,3128,3128
http://irail.be/vehicle/IC414,http://irail.be/stations/NMBS/008811288,IC,2017-05-09T15:50:00,2017-05-09T15:50:00,3140,3140
http://irail.be/vehicle/IC414,http://irail.be/stations/NMBS/008833001,IC,2017-05-09T15:57:00,2017-05-09T15:53:00,2979,3127
http://irail.be/vehicle/IC414,http://irail.be/stations/NMBS/008841202,IC,2017-05-09T16:24:00,2017-05-09T16:24:00,2844,2844
http://irail.be/vehicle/IC414,http://irail.be/stations/NMBS/008841004,IC,2017-05-09T16:31:00,2017-05-09T16:31:00,,2886
http://irail.be/vehicle/IC414,http://irail.be/stations/NMBS/008896008,IC,2017-05-08T14:16:00,2017-05-08T14:16:00,77,
http://irail.be/vehicle/IC414,http://irail.be/stations/NMBS/008896115,IC,2017-05-08T14:22:00,2017-05-08T14:21:00,120,120
http://irail.be/vehicle/IC414,http://irail.be/stations/NMBS/008896149,IC,2017-05-08T14:28:00,2017-05-08T14:27:00,196,173
http://irail.be/vehicle/IC414,http://irail.be/stations/NMBS/008892106,IC,2017-05-08T14:38:00,2017-05-08T14:37:00,190,119
http://irail.be/vehicle/IC414,NO-URI,IC,2017-05-08T14:40:00,2017-05-08T14:40:00,190,190
http://irail.be/vehicle/IC414,http://irail.be/stations/NMBS/008892080,IC,2017-05-08T14:45:00,2017-05-08T14:44:00,164,148
http://irail.be/vehicle/IC414,http://irail.be/stations/NMBS/008892007,IC,2017-05-08T14:54:00,2017-05-08T14:51:00,1060,752
http://irail.be/vehicle/IC414,http://irail.be/stations/NMBS/008814001,IC,2017-05-08T15:27:00,2017-05-08T15:24:00,1125,1059
http://irail.be/vehicle/IC414,http://irail.be/stations/NMBS/008813037,IC,2017-05-08T15:29:00,2017-05-08T15:29:00,1156,1156
http://irail.be/vehicle/IC414,http://irail.be/stations/NMBS/008813003,IC,2017-05-08T15:31:00,2017-05-08T15:30:00,1196,1179
http://irail.be/vehicle/IC414,http://irail.be/stations/NMBS/008813045,IC,2017-05-08T15:33:00,2017-05-08T15:33:00,1172,1172
http://irail.be/vehicle/IC414,http://irail.be/stations/NMBS/008812005,IC,2017-05-08T15:38:00,2017-05-08T15:35:00,1132,1157
http://irail.be/vehicle/IC414,http://irail.be/stations/NMBS/008811007,IC,2017-05-08T15:41:00,2017-05-08T15:41:00,1116,1116
http://irail.be/vehicle/IC414,http://irail.be/stations/NMBS/008811130,IC,2017-05-08T15:42:00,2017-05-08T15:42:00,1156,1156
http://irail.be/vehicle/IC414,http://irail.be/stations/NMBS/008811213,IC,2017-05-08T15:43:00,2017-05-08T15:43:00,1288,1288
http://irail.be/vehicle/IC414,http://irail.be/stations/NMBS/008811221,IC,2017-05-08T15:44:00,2017-05-08T15:44:00,1310,1310
http://irail.be/vehicle/IC414,http://irail.be/stations/NMBS/008811247,IC,2017-05-08T15:45:00,2017-05-08T15:45:00,1274,1274
http://irail.be/vehicle/IC414,http://irail.be/stations/NMBS/008811254,IC,2017-05-08T15:46:00,2017-05-08T15:46:00,1183,1183
http://irail.be/vehicle/IC414,http://irail.be/stations/NMBS/008811262,IC,2017-05-08T15:48:00,2017-05-08T15:48:00,1183,1183
http://irail.be/vehicle/IC414,http://irail.be/stations/NMBS/008811270,IC,2017-05-08T15:49:00,2017-05-08T15:49:00,1258,1258
http://irail.be/vehicle/IC414,http://irail.be/stations/NMBS/008811288,IC,2017-05-08T15:50:00,2017-05-08T15:50:00,1268,1268
http://irail.be/vehicle/IC414,http://irail.be/stations/NMBS/008833001,IC,2017-05-08T15:57:00,2017-05-08T15:53:00,1095,1248
http://irail.be/vehicle/IC414,http://irail.be/stations/NMBS/008841202,IC,2017-05-08T16:24:00,2017-05-08T16:24:00,957,957
http://irail.be/vehicle/IC414,http://irail.be/stations/NMBS/008841004,IC,2017-05-08T16:34:00,2017-05-08T16:31:00,890,903
http://irail.be/vehicle/IC414,http://irail.be/stations/NMBS/008842002,IC,2017-05-08T16:41:00,2017-05-08T16:37:00,717,717
http://irail.be/vehicle/IC414,http://irail.be/stations/NMBS/008842036,IC,2017-05-08T16:43:00,2017-05-08T16:43:00,717,717
http://irail.be/vehicle/IC414,http://irail.be/stations/NMBS/008844271,IC,2017-05-08T16:47:00,2017-05-08T16:47:00,687,687
http://irail.be/vehicle/IC414,NO-URI,IC,2017-05-08T16:48:00,2017-05-08T16:48:00,664,664
http://irail.be/vehicle/IC414,http://irail.be/stations/NMBS/008844255,IC,2017-05-08T16:49:00,2017-05-08T16:49:00,658,658
http://irail.be/vehicle/IC414,http://irail.be/stations/NMBS/008844230,IC,2017-05-08T16:49:00,2017-05-08T16:49:00,686,686
http://irail.be/vehicle/IC414,http://irail.be/stations/NMBS/008844206,IC,2017-05-08T16:54:00,2017-05-08T16:53:00,686,686
http://irail.be/vehicle/IC414,http://irail.be/stations/NMBS/008844008,IC,2017-05-08T17:02:00,2017-05-08T17:00:00,570,665
http://irail.be/vehicle/IC414,http://irail.be/stations/NMBS/008844057,IC,2017-05-08T17:03:00,2017-05-08T17:03:00,570,570
http://irail.be/vehicle/IC414,NO-URI,IC,2017-05-08T17:05:00,2017-05-08T17:05:00,579,579
http://irail.be/vehicle/IC414,http://irail.be/stations/NMBS/008844545,IC,2017-05-08T17:10:00,2017-05-08T17:09:00,585,585
http://irail.be/vehicle/IC414,http://irail.be/stations/NMBS/008844503,IC,2017-05-08T17:16:00,2017-05-08T17:16:00,,585
http://irail.be/vehicle/IC414,http://irail.be/stations/NMBS/008896008,IC,2017-06-01T14:16:00,2017-06-01T14:16:00,54,
http://irail.be/vehicle/IC414,http://irail.be/stations/NMBS/008896115,IC,2017-06-01T14:22:00,2017-06-01T14:21:00,41,41
http://irail.be/vehicle/IC414,http://irail.be/stations/NMBS/008896149,IC,2017-06-01T14:28:00,2017-06-01T14:27:00,24,48
http://irail.be/vehicle/IC414,http://irail.be/stations/NMBS/008892106,IC,2017-06-01T14:38:00,2017-06-01T14:37:00,56,-88
http://irail.be/vehicle/IC414,NO-URI,IC,2017-06-01T14:40:00,2017-06-01T14:40:00,56,56
http://irail.be/vehicle/IC414,http://irail.be/stations/NMBS/008892080,IC,2017-06-01T14:45:00,2017-06-01T14:44:00,25,-36
http://irail.be/vehicle/IC414,http://irail.be/stations/NMBS/008892007,IC,2017-06-01T14:54:00,2017-06-01T14:51:00,45,62
http://irail.be/vehicle/IC414,http://irail.be/stations/NMBS/008814001,IC,2017-06-01T15:27:00,2017-06-01T15:24:00,114,131
http://irail.be/vehicle/IC414,http://irail.be/stations/NMBS/008813037,IC,2017-06-01T15:29:00,2017-06-01T15:29:00,132,132
http://irail.be/vehicle/IC414,http://irail.be/stations/NMBS/008813003,IC,2017-06-01T15:31:00,2017-06-01T15:30:00,144,133
http://irail.be/vehicle/IC414,http://irail.be/stations/NMBS/008813045,IC,2017-06-01T15:33:00,2017-06-01T15:33:00,120,120
http://irail.be/vehicle/IC414,http://irail.be/stations/NMBS/008812005,IC,2017-06-01T15:38:00,2017-06-01T15:35:00,70,118
http://irail.be/vehicle/IC414,http://irail.be/stations/NMBS/008811007,IC,2017-06-01T15:41:00,2017-06-01T15:41:00,43,43
http://irail.be/vehicle/IC414,http://irail.be/stations/NMBS/008811130,IC,2017-06-01T15:42:00,2017-06-01T15:42:00,68,68
http://irail.be/vehicle/IC414,http://irail.be/stations/NMBS/008811213,IC,2017-06-01T15:43:00,2017-06-01T15:43:00,57,57
http://irail.be/vehicle/IC414,http://irail.be/stations/NMBS/008811221,IC,2017-06-01T15:44:00,2017-06-01T15:44:00,65,65
http://irail.be/vehicle/IC414,http://irail.be/stations/NMBS/008811247,IC,2017-06-01T15:45:00,2017-06-01T15:45:00,25,25
http://irail.be/vehicle/IC414,http://irail.be/stations/NMBS/008811254,IC,2017-06-01T15:46:00,2017-06-01T15:46:00,-65,-65
http://irail.be/vehicle/IC414,http://irail.be/stations/NMBS/008811262,IC,2017-06-01T15:48:00,2017-06-01T15:48:00,-65,-65
http://irail.be/vehicle/IC414,http://irail.be/stations/NMBS/008811270,IC,2017-06-01T15:49:00,2017-06-01T15:49:00,11,11
http://irail.be/vehicle/IC414,http://irail.be/stations/NMBS/008811288,IC,2017-06-01T15:50:00,2017-06-01T15:50:00,23,23
http://irail.be/vehicle/IC414,http://irail.be/stations/NMBS/008833001,IC,2017-06-01T15:57:00,2017-06-01T15:53:00,27,31
http://irail.be/vehicle/IC414,http://irail.be/stations/NMBS/008841202,IC,2017-06-01T16:24:00,2017-06-01T16:24:00,-20,-20
http://irail.be/vehicle/IC414,http://irail.be/stations/NMBS/008841004,IC,2017-06-01T16:34:00,2017-06-01T16:31:00,71,102
http://irail.be/vehicle/IC414,http://irail.be/stations/NMBS/008842002,IC,2017-06-01T16:41:00,2017-06-01T16:37:00,29,29
http://irail.be/vehicle/IC414,http://irail.be/stations/NMBS/008842036,IC,2017-06-01T16:43:00,2017-06-01T16:43:00,29,29
http://irail.be/vehicle/IC414,http://irail.be/stations/NMBS/008844271,IC,2017-06-01T16:47:00,2017-06-01T16:47:00,1,1
http://irail.be/vehicle/IC414,NO-URI,IC,2017-06-01T16:48:00,2017-06-01T16:48:00,6,6
http://irail.be/vehicle/IC414,http://irail.be/stations/NMBS/008844255,IC,2017-06-01T16:49:00,2017-06-01T16:49:00,5,5
http://irail.be/vehicle/IC414,http://irail.be/stations/NMBS/008844230,IC,2017-06-01T16:49:00,2017-06-01T16:49:00,83,83
http://irail.be/vehicle/IC414,http://irail.be/stations/NMBS/008844206,IC,2017-06-01T16:54:00,2017-06-01T16:53:00,83,83
http://irail.be/vehicle/IC414,http://irail.be/stations/NMBS/008844008,IC,2017-06-01T17:02:00,2017-06-01T17:00:00,22,33
http://irail.be/vehicle/IC414,http://irail.be/stations/NMBS/008844057,IC,2017-06-01T17:03:00,2017-06-01T17:03:00,22,22
http://irail.be/vehicle/IC414,NO-URI,IC,2017-06-01T17:05:00,2017-06-01T17:05:00,40,40
http://irail.be/vehicle/IC414,http://irail.be/stations/NMBS/008844545,IC,2017-06-01T17:10:00,2017-06-01T17:09:00,71,71
http://irail.be/vehicle/IC414,http://irail.be/stations/NMBS/008844503,IC,2017-06-01T17:16:00,2017-06-01T17:16:00,,71
http://irail.be/vehicle/IC414,http://irail.be/stations/NMBS/008896008,IC,2017-04-11T14:16:00,2017-04-11T14:16:00,50,
http://irail.be/vehicle/IC414,http://irail.be/stations/NMBS/008896115,IC,2017-04-11T14:22:00,2017-04-11T14:21:00,48,48
http://irail.be/vehicle/IC414,http://irail.be/stations/NMBS/008896149,IC,2017-04-11T14:28:00,2017-04-11T14:27:00,46,48
http://irail.be/vehicle/IC414,http://irail.be/stations/NMBS/008892106,IC,2017-04-11T14:38:00,2017-04-11T14:37:00,71,-49
http://irail.be/vehicle/IC414,NO-URI,IC,2017-04-11T14:40:00,2017-04-11T14:40:00,71,71
http://irail.be/vehicle/IC414,http://irail.be/stations/NMBS/008892080,IC,2017-04-11T14:45:00,2017-04-11T14:44:00,15,-20
http://irail.be/vehicle/IC414,http://irail.be/stations/NMBS/008892007,IC,2017-04-11T14:54:00,2017-04-11T14:51:00,20,41
http://irail.be/vehicle/IC414,http://irail.be/stations/NMBS/008814001,IC,2017-04-11T15:27:00,2017-04-11T15:24:00,69,104
http://irail.be/vehicle/IC414,http://irail.be/stations/NMBS/008813037,IC,2017-04-11T15:29:00,2017-04-11T15:29:00,61,61
http://irail.be/vehicle/IC414,http://irail.be/stations/NMBS/008813003,IC,2017-04-11T15:31:00,2017-04-11T15:30:00,152,137
http://irail.be/vehicle/IC414,http://irail.be/stations/NMBS/008813045,IC,2017-04-11T15:33:00,2017-04-11T15:33:00,140,140
http://irail.be/vehicle/IC414,http://irail.be/stations/NMBS/008812005,IC,2017-04-11T15:38:00,2017-04-11T15:35:00,87,134
http://irail.be/vehicle/IC414,http://irail.be/stations/NMBS/008811007,IC,2017-04-11T15:41:00,2017-04-11T15:41:00,60,60
http://irail.be/vehicle/IC414,http://irail.be/stations/NMBS/008811130,IC,2017-04-11T15:42:00,2017-04-11T15:42:00,77,77
http://irail.be/vehicle/IC414,http://irail.be/stations/NMBS/008811213,IC,2017-04-11T15:43:00,2017-04-11T15:43:00,65,65
http://irail.be/vehicle/IC414,http://irail.be/stations/NMBS/008811221,IC,2017-04-11T15:44:00,2017-04-11T15:44:00,74,74
http://irail.be/vehicle/IC414,http://irail.be/stations/NMBS/008811247,IC,2017-04-11T15:45:00,2017-04-11T15:45:00,36,36
http://irail.be/vehicle/IC414,http://irail.be/stations/NMBS/008811254,IC,2017-04-11T15:46:00,2017-04-11T15:46:00,-54,-54
http://irail.be/vehicle/IC414,http://irail.be/stations/NMBS/008811262,IC,2017-04-11T15:48:00,2017-04-11T15:48:00,-54,-54
http://irail.be/vehicle/IC414,http://irail.be/stations/NMBS/008811270,IC,2017-04-11T15:49:00,2017-04-11T15:49:00,26,26
http://irail.be/vehicle/IC414,http://irail.be/stations/NMBS/008811288,IC,2017-04-11T15:50:00,2017-04-11T15:50:00,38,38
http://irail.be/vehicle/IC414,http://irail.be/stations/NMBS/008833001,IC,2017-04-11T15:57:00,2017-04-11T15:53:00,25,56
http://irail.be/vehicle/IC414,http://irail.be/stations/NMBS/008841202,IC,2017-04-11T16:24:00,2017-04-11T16:24:00,-85,-85
http://irail.be/vehicle/IC414,http://irail.be/stations/NMBS/008841004,IC,2017-04-11T16:34:00,2017-04-11T16:31:00,41,99
http://irail.be/vehicle/IC414,http://irail.be/stations/NMBS/008842002,IC,2017-04-11T16:41:00,2017-04-11T16:37:00,98,98
http://irail.be/vehicle/IC414,http://irail.be/stations/NMBS/008842036,IC,2017-04-11T16:43:00,2017-04-11T16:43:00,98,98
http://irail.be/vehicle/IC414,http://irail.be/stations/NMBS/008844271,IC,2017-04-11T16:47:00,2017-04-11T16:47:00,73,73
http://irail.be/vehicle/IC414,NO-URI,IC,2017-04-11T16:48:00,2017-04-11T16:48:00,66,66
http://irail.be/vehicle/IC414,http://irail.be/stations/NMBS/008844255,IC,2017-04-11T16:49:00,2017-04-11T16:49:00,64,64
http://irail.be/vehicle/IC414,http://irail.be/stations/NMBS/008844230,IC,2017-04-11T16:49:00,2017-04-11T16:49:00,119,119
http://irail.be/vehicle/IC414,http://irail.be/stations/NMBS/008844206,IC,2017-04-11T16:54:00,2017-04-11T16:53:00,119,119
http://irail.be/vehicle/IC414,http://irail.be/stations/NMBS/008844008,IC,2017-04-11T17:02:00,2017-04-11T17:00:00,32,68
http://irail.be/vehicle/IC414,http://irail.be/stations/NMBS/008844057,IC,2017-04-11T17:03:00,2017-04-11T17:03:00,32,32
http://irail.be/vehicle/IC414,NO-URI,IC,2017-04-11T17:05:00,2017-04-11T17:05:00,65,65
http://irail.be/vehicle/IC414,http://irail.be/stations/NMBS/008844545,IC,2017-04-11T17:10:00,2017-04-11T17:09:00,189,189
http://irail.be/vehicle/IC414,http://irail.be/stations/NMBS/008844503,IC,2017-04-11T17:16:00,2017-04-11T17:16:00,,189
http://irail.be/vehicle/IC414,http://irail.be/stations/NMBS/008896008,IC,2017-08-21T14:16:00,2017-08-21T14:16:00,61,
http://irail.be/vehicle/IC414,http://irail.be/stations/NMBS/008896115,IC,2017-08-21T14:22:00,2017-08-21T14:21:00,55,55
http://irail.be/vehicle/IC414,http://irail.be/stations/NMBS/008896149,IC,2017-08-21T14:28:00,2017-08-21T14:27:00,81,59
http://irail.be/vehicle/IC414,http://irail.be/stations/NMBS/008892106,IC,2017-08-21T14:38:00,2017-08-21T14:37:00,96,-23
http://irail.be/vehicle/IC414,NO-URI,IC,2017-08-21T14:40:00,2017-08-21T14:40:00,96,96
http://irail.be/vehicle/IC414,http://irail.be/stations/NMBS/008892080,IC,2017-08-21T14:45:00,2017-08-21T14:44:00,-8,-7
http://irail.be/vehicle/IC414,http://irail.be/stations/NMBS/008892007,IC,2017-08-21T14:54:00,2017-08-21T14:51:00,45,4
http://irail.be/vehicle/IC414,http://irail.be/stations/NMBS/008814001,IC,2017-08-21T15:27:00,2017-08-21T15:24:00,136,159
http://irail.be/vehicle/IC414,http://irail.be/stations/NMBS/008813037,IC,2017-08-21T15:29:00,2017-08-21T15:29:00,148,148
http://irail.be/vehicle/IC414,http://irail.be/stations/NMBS/008813003,IC,2017-08-21T15:31:00,2017-08-21T15:30:00,328,218
http://irail.be/vehicle/IC414,http://irail.be/stations/NMBS/008813045,IC,2017-08-21T15:33:00,2017-08-21T15:33:00,317,317
http://irail.be/vehicle/IC414,http://irail.be/stations/NMBS/008812005,IC,2017-08-21T15:38:00,2017-08-21T15:35:00,270,306
http://irail.be/vehicle/IC414,http://irail.be/stations/NMBS/008811007,IC,2017-08-21T15:41:00,2017-08-21T15:41:00,248,248
http://irail.be/vehicle/IC414,http://irail.be/stations/NMBS/008811130,IC,2017-08-21T15:42:00,2017-08-21T15:42:00,272,272
http://irail.be/vehicle/IC414,http://irail.be/stations/NMBS/008811213,IC,2017-08-21T15:43:00,2017-08-21T15:43:00,262,262
http://irail.be/vehicle/IC414,http://irail.be/stations/NMBS/008811221,IC,2017-08-21T15:44:00,2017-08-21T15:44:00,270,270
http://irail.be/vehicle/IC414,http://irail.be/stations/NMBS/008811247,IC,2017-08-21T15:45:00,2017-08-21T15:45:00,230,230
http://irail.be/vehicle/IC414,http://irail.be/stations/NMBS/008811254,IC,2017-08-21T15:46:00,2017-08-21T15:46:00,140,140
http://irail.be/vehicle/IC414,http://irail.be/stations/NMBS/008811262,IC,2017-08-21T15:48:00,2017-08-21T15:48:00,140,140
http://irail.be/vehicle/IC414,http://irail.be/stations/NMBS/008811270,IC,2017-08-21T15:49:00,2017-08-21T15:49:00,218,218
http://irail.be/vehicle/IC414,http://irail.be/stations/NMBS/008811288,IC,2017-08-21T15:50:00,2017-08-21T15:50:00,228,228
http://irail.be/vehicle/IC414,http://irail.be/stations/NMBS/008833001,IC,2017-08-21T15:57:00,2017-08-21T15:53:00,128,232
http://irail.be/vehicle/IC414,http://irail.be/stations/NMBS/008841202,IC,2017-08-21T16:24:00,2017-08-21T16:24:00,-15,-15
http://irail.be/vehicle/IC414,http://irail.be/stations/NMBS/008841004,IC,2017-08-21T16:34:00,2017-08-21T16:31:00,19,-65
http://irail.be/vehicle/IC414,http://irail.be/stations/NMBS/008842002,IC,2017-08-21T16:41:00,2017-08-21T16:37:00,51,51
http://irail.be/vehicle/IC414,http://irail.be/stations/NMBS/008842036,IC,2017-08-21T16:43:00,2017-08-21T16:43:00,51,51
http://irail.be/vehicle/IC414,http://irail.be/stations/NMBS/008844271,IC,2017-08-21T16:47:00,2017-08-21T16:47:00,39,39
http://irail.be/vehicle/IC414,NO-URI,IC,2017-08-21T16:48:00,2017-08-21T16:48:00,24,24
http://irail.be/vehicle/IC414,http://irail.be/stations/NMBS/008844255,IC,2017-08-21T16:49:00,2017-08-21T16:49:00,19,19
http://irail.be/vehicle/IC414,http://irail.be/stations/NMBS/008844230,IC,2017-08-21T16:49:00,2017-08-21T16:49:00,59,59
http://irail.be/vehicle/IC414,http://irail.be/stations/NMBS/008844206,IC,2017-08-21T16:54:00,2017-08-21T16:53:00,59,59
http://irail.be/vehicle/IC414,http://irail.be/stations/NMBS/008844008,IC,2017-08-21T17:02:00,2017-08-21T17:00:00,-5,-10
http://irail.be/vehicle/IC414,http://irail.be/stations/NMBS/008844057,IC,2017-08-21T17:03:00,2017-08-21T17:03:00,-5,-5
http://irail.be/vehicle/IC414,NO-URI,IC,2017-08-21T17:05:00,2017-08-21T17:05:00,103,103
http://irail.be/vehicle/IC414,http://irail.be/stations/NMBS/008844545,IC,2017-08-21T17:10:00,2017-08-21T17:09:00,87,87
http://irail.be/vehicle/IC414,http://irail.be/stations/NMBS/008844503,IC,2017-08-21T17:16:00,2017-08-21T17:16:00,,87
http://irail.be/vehicle/IC414,http://irail.be/stations/NMBS/008896008,IC,2017-02-24T14:16:00,2017-02-24T14:16:00,249,
http://irail.be/vehicle/IC414,http://irail.be/stations/NMBS/008896115,IC,2017-02-24T14:22:00,2017-02-24T14:21:00,346,346
http://irail.be/vehicle/IC414,http://irail.be/stations/NMBS/008896149,IC,2017-02-24T14:28:00,2017-02-24T14:27:00,374,346
http://irail.be/vehicle/IC414,http://irail.be/stations/NMBS/008892106,IC,2017-02-24T14:38:00,2017-02-24T14:37:00,342,294
http://irail.be/vehicle/IC414,NO-URI,IC,2017-02-24T14:40:00,2017-02-24T14:40:00,342,342
http://irail.be/vehicle/IC414,http://irail.be/stations/NMBS/008892080,IC,2017-02-24T14:45:00,2017-02-24T14:44:00,315,299
http://irail.be/vehicle/IC414,http://irail.be/stations/NMBS/008892007,IC,2017-02-24T14:54:00,2017-02-24T14:51:00,445,421
http://irail.be/vehicle/IC414,http://irail.be/stations/NMBS/008814001,IC,2017-02-24T15:27:00,2017-02-24T15:24:00,650,647
http://irail.be/vehicle/IC414,http://irail.be/stations/NMBS/008813037,IC,2017-02-24T15:29:00,2017-02-24T15:29:00,647,647
http://irail.be/vehicle/IC414,http://irail.be/stations/NMBS/008813003,IC,2017-02-24T15:31:00,2017-02-24T15:30:00,834,775
http://irail.be/vehicle/IC414,http://irail.be/stations/NMBS/008813045,IC,2017-02-24T15:33:00,2017-02-24T15:33:00,817,817
http://irail.be/vehicle/IC414,http://irail.be/stations/NMBS/008812005,IC,2017-02-24T15:38:00,2017-02-24T15:35:00,763,803
http://irail.be/vehicle/IC414,http://irail.be/stations/NMBS/008811007,IC,2017-02-24T15:41:00,2017-02-24T15:41:00,744,744
http://irail.be/vehicle/IC414,http://irail.be/stations/NMBS/008811130,IC,2017-02-24T15:42:00,2017-02-24T15:42:00,752,752
http://irail.be/vehicle/IC414,http://irail.be/stations/NMBS/008811213,IC,2017-02-24T15:43:00,2017-02-24T15:43:00,760,760
http://irail.be/vehicle/IC414,http://irail.be/stations/NMBS/008811221,IC,2017-02-24T15:44:00,2017-02-24T15:44:00,771,771
http://irail.be/vehicle/IC414,http://irail.be/stations/NMBS/008811247,IC,2017-02-24T15:45:00,2017-02-24T15:45:00,733,733
http://irail.be/vehicle/IC414,http://irail.be/stations/NMBS/008811254,IC,2017-02-24T15:46:00,2017-02-24T15:46:00,644,644
http://irail.be/vehicle/IC414,http://irail.be/stations/NMBS/008811262,IC,2017-02-24T15:48:00,2017-02-24T15:48:00,644,644
http://irail.be/vehicle/IC414,http://irail.be/stations/NMBS/008811270,IC,2017-02-24T15:49:00,2017-02-24T15:49:00,719,719
http://irail.be/vehicle/IC414,http://irail.be/stations/NMBS/008811288,IC,2017-02-24T15:50:00,2017-02-24T15:50:00,729,729
http://irail.be/vehicle/IC414,http://irail.be/stations/NMBS/008833001,IC,2017-02-24T15:57:00,2017-02-24T15:53:00,672,734
http://irail.be/vehicle/IC414,http://irail.be/stations/NMBS/008841202,IC,2017-02-24T16:24:00,2017-02-24T16:24:00,525,525
http://irail.be/vehicle/IC414,http://irail.be/stations/NMBS/008841004,IC,2017-02-24T16:34:00,2017-02-24T16:31:00,453,470
http://irail.be/vehicle/IC414,http://irail.be/stations/NMBS/008842002,IC,2017-02-24T16:41:00,2017-02-24T16:37:00,436,436
http://irail.be/vehicle/IC414,http://irail.be/stations/NMBS/008842036,IC,2017-02-24T16:43:00,2017-02-24T16:43:00,436,436
http://irail.be/vehicle/IC414,http://irail.be/stations/NMBS/008844271,IC,2017-02-24T16:47:00,2017-02-24T16:47:00,425,425
http://irail.be/vehicle/IC414,NO-URI,IC,2017-02-24T16:48:00,2017-02-24T16:48:00,520,520
http://irail.be/vehicle/IC414,http://irail.be/stations/NMBS/008844255,IC,2017-02-24T16:49:00,2017-02-24T16:49:00,587,587
http://irail.be/vehicle/IC414,http://irail.be/stations/NMBS/008844230,IC,2017-02-24T16:49:00,2017-02-24T16:49:00,983,983
http://irail.be/vehicle/IC414,http://irail.be/stations/NMBS/008844206,IC,2017-02-24T16:54:00,2017-02-24T16:53:00,983,983
http://irail.be/vehicle/IC414,http://irail.be/stations/NMBS/008844008,IC,2017-02-24T17:02:00,2017-02-24T17:00:00,849,899
http://irail.be/vehicle/IC414,http://irail.be/stations/NMBS/008844057,IC,2017-02-24T17:03:00,2017-02-24T17:03:00,849,849
http://irail.be/vehicle/IC414,NO-URI,IC,2017-02-24T17:05:00,2017-02-24T17:05:00,869,869
http://irail.be/vehicle/IC414,http://irail.be/stations/NMBS/008844545,IC,2017-02-24T17:10:00,2017-02-24T17:09:00,866,866
http://irail.be/vehicle/IC414,http://irail.be/stations/NMBS/008844503,IC,2017-02-24T17:16:00,2017-02-24T17:16:00,,866
http://irail.be/vehicle/IC414,http://irail.be/stations/NMBS/008896008,IC,2017-07-12T14:16:00,2017-07-12T14:16:00,60,
http://irail.be/vehicle/IC414,http://irail.be/stations/NMBS/008896115,IC,2017-07-12T14:22:00,2017-07-12T14:21:00,37,37
http://irail.be/vehicle/IC414,http://irail.be/stations/NMBS/008896149,IC,2017-07-12T14:28:00,2017-07-12T14:27:00,106,62
http://irail.be/vehicle/IC414,http://irail.be/stations/NMBS/008892106,IC,2017-07-12T14:38:00,2017-07-12T14:37:00,102,12
http://irail.be/vehicle/IC414,NO-URI,IC,2017-07-12T14:39:00,2017-07-12T14:39:00,102,102
http://irail.be/vehicle/IC414,http://irail.be/stations/NMBS/008892080,IC,2017-07-12T14:45:00,2017-07-12T14:44:00,50,21
http://irail.be/vehicle/IC414,http://irail.be/stations/NMBS/008892007,IC,2017-07-12T14:54:00,2017-07-12T14:51:00,43,90
http://irail.be/vehicle/IC414,http://irail.be/stations/NMBS/008814001,IC,2017-07-12T15:27:00,2017-07-12T15:24:00,929,946
http://irail.be/vehicle/IC414,http://irail.be/stations/NMBS/008813037,IC,2017-07-12T15:29:00,2017-07-12T15:29:00,955,955
http://irail.be/vehicle/IC414,http://irail.be/stations/NMBS/008813003,IC,2017-07-12T15:31:00,2017-07-12T15:30:00,979,957
http://irail.be/vehicle/IC414,http://irail.be/stations/NMBS/008813045,IC,2017-07-12T15:33:00,2017-07-12T15:33:00,964,964
http://irail.be/vehicle/IC414,http://irail.be/stations/NMBS/008812005,IC,2017-07-12T15:38:00,2017-07-12T15:35:00,923,957
http://irail.be/vehicle/IC414,http://irail.be/stations/NMBS/008811007,IC,2017-07-12T15:41:00,2017-07-12T15:41:00,895,895
http://irail.be/vehicle/IC414,http://irail.be/stations/NMBS/008811130,IC,2017-07-12T15:42:00,2017-07-12T15:42:00,921,921
http://irail.be/vehicle/IC414,http://irail.be/stations/NMBS/008811213,IC,2017-07-12T15:43:00,2017-07-12T15:43:00,974,974
http://irail.be/vehicle/IC414,http://irail.be/stations/NMBS/008811221,IC,2017-07-12T15:44:00,2017-07-12T15:44:00,1142,1142
http://irail.be/vehicle/IC414,http://irail.be/stations/NMBS/008811247,IC,2017-07-12T15:45:00,2017-07-12T15:45:00,1150,1150
http://irail.be/vehicle/IC414,http://irail.be/stations/NMBS/008811254,IC,2017-07-12T15:47:00,2017-07-12T15:47:00,1065,1065
http://irail.be/vehicle/IC414,http://irail.be/stations/NMBS/008811262,IC,2017-07-12T15:48:00,2017-07-12T15:48:00,1065,1065
http://irail.be/vehicle/IC414,http://irail.be/stations/NMBS/008811270,IC,2017-07-12T15:49:00,2017-07-12T15:49:00,1142,1142
http://irail.be/vehicle/IC414,http://irail.be/stations/NMBS/008811288,IC,2017-07-12T15:50:00,2017-07-12T15:50:00,1153,1153
http://irail.be/vehicle/IC414,http://irail.be/stations/NMBS/008833001,IC,2017-07-12T15:57:00,2017-07-12T15:53:00,1002,1134
http://irail.be/vehicle/IC414,http://irail.be/stations/NMBS/008841202,IC,2017-07-12T16:24:00,2017-07-12T16:24:00,854,854
http://irail.be/vehicle/IC414,http://irail.be/stations/NMBS/008841004,IC,2017-07-12T16:34:00,2017-07-12T16:31:00,779,780
http://irail.be/vehicle/IC414,http://irail.be/stations/NMBS/008842002,IC,2017-07-12T16:41:00,2017-07-12T16:37:00,607,607
http://irail.be/vehicle/IC414,http://irail.be/stations/NMBS/008842036,IC,2017-07-12T16:43:00,2017-07-12T16:43:00,607,607
http://irail.be/vehicle/IC414,http://irail.be/stations/NMBS/008844271,IC,2017-07-12T16:46:00,2017-07-12T16:46:00,616,616
http://irail.be/vehicle/IC414,NO-URI,IC,2017-07-12T16:48:00,2017-07-12T16:48:00,595,595
http://irail.be/vehicle/IC414,http://irail.be/stations/NMBS/008844255,IC,2017-07-12T16:49:00,2017-07-12T16:49:00,556,556
http://irail.be/vehicle/IC414,http://irail.be/stations/NMBS/008844230,IC,2017-07-12T16:50:00,2017-07-12T16:50:00,590,590
http://irail.be/vehicle/IC414,http://irail.be/stations/NMBS/008844206,IC,2017-07-12T16:54:00,2017-07-12T16:53:00,590,590
http://irail.be/vehicle/IC414,http://irail.be/stations/NMBS/008844008,IC,2017-07-12T17:02:00,2017-07-12T17:00:00,450,509
http://irail.be/vehicle/IC414,http://irail.be/stations/NMBS/008844057,IC,2017-07-12T17:03:00,2017-07-12T17:03:00,418,418
http://irail.be/vehicle/IC414,NO-URI,IC,2017-07-12T17:05:00,2017-07-12T17:05:00,418,418
http://irail.be/vehicle/IC414,http://irail.be/stations/NMBS/008844545,IC,2017-07-12T17:10:00,2017-07-12T17:09:00,614,614
http://irail.be/vehicle/IC414,http://irail.be/stations/NMBS/008844503,IC,2017-07-12T17:16:00,2017-07-12T17:16:00,,614
http://irail.be/vehicle/IC414,http://irail.be/stations/NMBS/008896008,IC,2017-07-04T14:16:00,2017-07-04T14:16:00,88,
http://irail.be/vehicle/IC414,http://irail.be/stations/NMBS/008896115,IC,2017-07-04T14:22:00,2017-07-04T14:21:00,158,158
http://irail.be/vehicle/IC414,http://irail.be/stations/NMBS/008896149,IC,2017-07-04T14:28:00,2017-07-04T14:27:00,161,163
http://irail.be/vehicle/IC414,http://irail.be/stations/NMBS/008892106,IC,2017-07-04T14:38:00,2017-07-04T14:37:00,135,49
http://irail.be/vehicle/IC414,NO-URI,IC,2017-07-04T14:40:00,2017-07-04T14:40:00,135,135
http://irail.be/vehicle/IC414,http://irail.be/stations/NMBS/008892080,IC,2017-07-04T14:45:00,2017-07-04T14:44:00,83,51
http://irail.be/vehicle/IC414,http://irail.be/stations/NMBS/008892007,IC,2017-07-04T14:54:00,2017-07-04T14:51:00,91,118
http://irail.be/vehicle/IC414,http://irail.be/stations/NMBS/008814001,IC,2017-07-04T15:27:00,2017-07-04T15:24:00,264,239
http://irail.be/vehicle/IC414,http://irail.be/stations/NMBS/008813037,IC,2017-07-04T15:29:00,2017-07-04T15:29:00,277,277
http://irail.be/vehicle/IC414,http://irail.be/stations/NMBS/008813003,IC,2017-07-04T15:31:00,2017-07-04T15:30:00,283,280
http://irail.be/vehicle/IC414,http://irail.be/stations/NMBS/008813045,IC,2017-07-04T15:33:00,2017-07-04T15:33:00,260,260
http://irail.be/vehicle/IC414,http://irail.be/stations/NMBS/008812005,IC,2017-07-04T15:38:00,2017-07-04T15:35:00,216,255
http://irail.be/vehicle/IC414,http://irail.be/stations/NMBS/008811007,IC,2017-07-04T15:41:00,2017-07-04T15:41:00,185,185
http://irail.be/vehicle/IC414,http://irail.be/stations/NMBS/008811130,IC,2017-07-04T15:42:00,2017-07-04T15:42:00,211,211
http://irail.be/vehicle/IC414,http://irail.be/stations/NMBS/008811213,IC,2017-07-04T15:43:00,2017-07-04T15:43:00,199,199
http://irail.be/vehicle/IC414,http://irail.be/stations/NMBS/008811221,IC,2017-07-04T15:44:00,2017-07-04T15:44:00,208,208
http://irail.be/vehicle/IC414,http://irail.be/stations/NMBS/008811247,IC,2017-07-04T15:45:00,2017-07-04T15:45:00,168,168
http://irail.be/vehicle/IC414,http://irail.be/stations/NMBS/008811254,IC,2017-07-04T15:46:00,2017-07-04T15:46:00,78,78
http://irail.be/vehicle/IC414,http://irail.be/stations/NMBS/008811262,IC,2017-07-04T15:48:00,2017-07-04T15:48:00,78,78
http://irail.be/vehicle/IC414,http://irail.be/stations/NMBS/008811270,IC,2017-07-04T15:49:00,2017-07-04T15:49:00,152,152
http://irail.be/vehicle/IC414,http://irail.be/stations/NMBS/008811288,IC,2017-07-04T15:50:00,2017-07-04T15:50:00,163,163
http://irail.be/vehicle/IC414,http://irail.be/stations/NMBS/008833001,IC,2017-07-04T15:57:00,2017-07-04T15:53:00,13,158
http://irail.be/vehicle/IC414,http://irail.be/stations/NMBS/008841202,IC,2017-07-04T16:24:00,2017-07-04T16:24:00,-39,-39
http://irail.be/vehicle/IC414,http://irail.be/stations/NMBS/008841004,IC,2017-07-04T16:34:00,2017-07-04T16:31:00,7,-49
http://irail.be/vehicle/IC414,http://irail.be/stations/NMBS/008842002,IC,2017-07-04T16:41:00,2017-07-04T16:37:00,-165,-165
http://irail.be/vehicle/IC414,http://irail.be/stations/NMBS/008842036,IC,2017-07-04T16:43:00,2017-07-04T16:43:00,-165,-165
http://irail.be/vehicle/IC414,http://irail.be/stations/NMBS/008844271,IC,2017-07-04T16:47:00,2017-07-04T16:47:00,-195,-195
http://irail.be/vehicle/IC414,NO-URI,IC,2017-07-04T16:48:00,2017-07-04T16:48:00,-193,-193
http://irail.be/vehicle/IC414,http://irail.be/stations/NMBS/008844255,IC,2017-07-04T16:49:00,2017-07-04T16:49:00,-142,-142
http://irail.be/vehicle/IC414,http://irail.be/stations/NMBS/008844230,IC,2017-07-04T16:49:00,2017-07-04T16:49:00,249,249
http://irail.be/vehicle/IC414,http://irail.be/stations/NMBS/008844206,IC,2017-07-04T16:54:00,2017-07-04T16:53:00,249,249
http://irail.be/vehicle/IC414,http://irail.be/stations/NMBS/008844008,IC,2017-07-04T17:02:00,2017-07-04T17:00:00,236,179
http://irail.be/vehicle/IC414,http://irail.be/stations/NMBS/008844057,IC,2017-07-04T17:03:00,2017-07-04T17:03:00,236,236
http://irail.be/vehicle/IC414,NO-URI,IC,2017-07-04T17:05:00,2017-07-04T17:05:00,259,259
http://irail.be/vehicle/IC414,http://irail.be/stations/NMBS/008844545,IC,2017-07-04T17:10:00,2017-07-04T17:09:00,375,375
http://irail.be/vehicle/IC414,http://irail.be/stations/NMBS/008844503,IC,2017-07-04T17:16:00,2017-07-04T17:16:00,,375
http://irail.be/vehicle/IC414,http://irail.be/stations/NMBS/008896008,IC,2017-11-23T14:16:00,2017-11-23T14:16:00,1104,
http://irail.be/vehicle/IC414,http://irail.be/stations/NMBS/008896115,IC,2017-11-23T14:22:00,2017-11-23T14:21:00,1109,1109
http://irail.be/vehicle/IC414,http://irail.be/stations/NMBS/008896149,IC,2017-11-23T14:28:00,2017-11-23T14:27:00,1213,1138
http://irail.be/vehicle/IC414,http://irail.be/stations/NMBS/008892106,IC,2017-11-23T14:38:00,2017-11-23T14:37:00,1255,1125
http://irail.be/vehicle/IC414,NO-URI,IC,2017-11-23T14:40:00,2017-11-23T14:40:00,1255,1255
http://irail.be/vehicle/IC414,http://irail.be/stations/NMBS/008892080,IC,2017-11-23T14:45:00,2017-11-23T14:44:00,1250,1237
http://irail.be/vehicle/IC414,http://irail.be/stations/NMBS/008892007,IC,2017-11-23T14:54:00,2017-11-23T14:51:00,1207,1289
http://irail.be/vehicle/IC414,http://irail.be/stations/NMBS/008814001,IC,2017-11-23T15:27:00,2017-11-23T15:24:00,1169,1199
http://irail.be/vehicle/IC414,http://irail.be/stations/NMBS/008813037,IC,2017-11-23T15:29:00,2017-11-23T15:29:00,1214,1214
http://irail.be/vehicle/IC414,http://irail.be/stations/NMBS/008813003,IC,2017-11-23T15:31:00,2017-11-23T15:30:00,1332,1219
http://irail.be/vehicle/IC414,http://irail.be/stations/NMBS/008813045,IC,2017-11-23T15:33:00,2017-11-23T15:33:00,1322,1322
http://irail.be/vehicle/IC414,http://irail.be/stations/NMBS/008812005,IC,2017-11-23T15:38:00,2017-11-23T15:35:00,1382,1352
http://irail.be/vehicle/IC414,http://irail.be/stations/NMBS/008811007,IC,2017-11-23T15:41:00,2017-11-23T15:41:00,1415,1415
http://irail.be/vehicle/IC414,http://irail.be/stations/NMBS/008811130,IC,2017-11-23T15:42:00,2017-11-23T15:42:00,1573,1573
http://irail.be/vehicle/IC414,http://irail.be/stations/NMBS/008811213,IC,2017-11-23T15:43:00,2017-11-23T15:43:00,1569,1569
http://irail.be/vehicle/IC414,http://irail.be/stations/NMBS/008811221,IC,2017-11-23T15:44:00,2017-11-23T15:44:00,1579,1579
http://irail.be/vehicle/IC414,http://irail.be/stations/NMBS/008811247,IC,2017-11-23T15:45:00,2017-11-23T15:45:00,1539,1539
http://irail.be/vehicle/IC414,http://irail.be/stations/NMBS/008811254,IC,2017-11-23T15:46:00,2017-11-23T15:46:00,1448,1448
http://irail.be/vehicle/IC414,http://irail.be/stations/NMBS/008811262,IC,2017-11-23T15:48:00,2017-11-23T15:48:00,1448,1448
http://irail.be/vehicle/IC414,http://irail.be/stations/NMBS/008811270,IC,2017-11-23T15:49:00,2017-11-23T15:49:00,1524,1524
http://irail.be/vehicle/IC414,http://irail.be/stations/NMBS/008811288,IC,2017-11-23T15:50:00,2017-11-23T15:50:00,1535,1535
http://irail.be/vehicle/IC414,http://irail.be/stations/NMBS/008833001,IC,2017-11-23T15:57:00,2017-11-23T15:53:00,1410,1514
http://irail.be/vehicle/IC414,http://irail.be/stations/NMBS/008841202,IC,2017-11-23T16:24:00,2017-11-23T16:24:00,1390,1390
http://irail.be/vehicle/IC414,http://irail.be/stations/NMBS/008841004,IC,2017-11-23T16:34:00,2017-11-23T16:31:00,1387,1369
http://irail.be/vehicle/IC414,http://irail.be/stations/NMBS/008842002,IC,2017-11-23T16:41:00,2017-11-23T16:37:00,1296,1296
http://irail.be/vehicle/IC414,http://irail.be/stations/NMBS/008842036,IC,2017-11-23T16:43:00,2017-11-23T16:43:00,1296,1296
http://irail.be/vehicle/IC414,http://irail.be/stations/NMBS/008844271,IC,2017-11-23T16:47:00,2017-11-23T16:47:00,1281,1281
http://irail.be/vehicle/IC414,NO-URI,IC,2017-11-23T16:48:00,2017-11-23T16:48:00,1293,1293
http://irail.be/vehicle/IC414,http://irail.be/stations/NMBS/008844255,IC,2017-11-23T16:49:00,2017-11-23T16:49:00,1321,1321
http://irail.be/vehicle/IC414,http://irail.be/stations/NMBS/008844230,IC,2017-11-23T16:49:00,2017-11-23T16:49:00,1395,1395
http://irail.be/vehicle/IC414,http://irail.be/stations/NMBS/008844206,IC,2017-11-23T16:54:00,2017-11-23T16:53:00,1395,1395
http://irail.be/vehicle/IC414,http://irail.be/stations/NMBS/008844008,IC,2017-11-23T17:02:00,2017-11-23T17:00:00,1256,1335
http://irail.be/vehicle/IC414,http://irail.be/stations/NMBS/008844057,IC,2017-11-23T17:03:00,2017-11-23T17:03:00,1256,1256
http://irail.be/vehicle/IC414,NO-URI,IC,2017-11-23T17:05:00,2017-11-23T17:05:00,1290,1290
http://irail.be/vehicle/IC414,http://irail.be/stations/NMBS/008844545,IC,2017-11-23T17:10:00,2017-11-23T17:09:00,1318,1318
http://irail.be/vehicle/IC414,http://irail.be/stations/NMBS/008844503,IC,2017-11-23T17:16:00,2017-11-23T17:16:00,,1318
http://irail.be/vehicle/IC414,http://irail.be/stations/NMBS/008896008,IC,2017-08-08T14:16:00,2017-08-08T14:16:00,44,
http://irail.be/vehicle/IC414,http://irail.be/stations/NMBS/008896115,IC,2017-08-08T14:22:00,2017-08-08T14:21:00,54,54
http://irail.be/vehicle/IC414,http://irail.be/stations/NMBS/008896149,IC,2017-08-08T14:28:00,2017-08-08T14:27:00,59,58
http://irail.be/vehicle/IC414,http://irail.be/stations/NMBS/008892106,IC,2017-08-08T14:38:00,2017-08-08T14:37:00,81,-52
http://irail.be/vehicle/IC414,NO-URI,IC,2017-08-08T14:40:00,2017-08-08T14:40:00,81,81
http://irail.be/vehicle/IC414,http://irail.be/stations/NMBS/008892080,IC,2017-08-08T14:45:00,2017-08-08T14:44:00,32,10
http://irail.be/vehicle/IC414,http://irail.be/stations/NMBS/008892007,IC,2017-08-08T14:54:00,2017-08-08T14:51:00,51,68
http://irail.be/vehicle/IC414,http://irail.be/stations/NMBS/008814001,IC,2017-08-08T15:27:00,2017-08-08T15:24:00,287,247
http://irail.be/vehicle/IC414,http://irail.be/stations/NMBS/008813037,IC,2017-08-08T15:29:00,2017-08-08T15:29:00,301,301
http://irail.be/vehicle/IC414,http://irail.be/stations/NMBS/008813003,IC,2017-08-08T15:31:00,2017-08-08T15:30:00,325,303
http://irail.be/vehicle/IC414,http://irail.be/stations/NMBS/008813045,IC,2017-08-08T15:33:00,2017-08-08T15:33:00,306,306
http://irail.be/vehicle/IC414,http://irail.be/stations/NMBS/008812005,IC,2017-08-08T15:38:00,2017-08-08T15:35:00,242,297
http://irail.be/vehicle/IC414,http://irail.be/stations/NMBS/008811007,IC,2017-08-08T15:41:00,2017-08-08T15:41:00,213,213
http://irail.be/vehicle/IC414,http://irail.be/stations/NMBS/008811130,IC,2017-08-08T15:42:00,2017-08-08T15:42:00,232,232
http://irail.be/vehicle/IC414,http://irail.be/stations/NMBS/008811213,IC,2017-08-08T15:43:00,2017-08-08T15:43:00,219,219
http://irail.be/vehicle/IC414,http://irail.be/stations/NMBS/008811221,IC,2017-08-08T15:44:00,2017-08-08T15:44:00,226,226
http://irail.be/vehicle/IC414,http://irail.be/stations/NMBS/008811247,IC,2017-08-08T15:45:00,2017-08-08T15:45:00,183,183
http://irail.be/vehicle/IC414,http://irail.be/stations/NMBS/008811254,IC,2017-08-08T15:46:00,2017-08-08T15:46:00,91,91
http://irail.be/vehicle/IC414,http://irail.be/stations/NMBS/008811262,IC,2017-08-08T15:48:00,2017-08-08T15:48:00,91,91
http://irail.be/vehicle/IC414,http://irail.be/stations/NMBS/008811270,IC,2017-08-08T15:49:00,2017-08-08T15:49:00,162,162
http://irail.be/vehicle/IC414,http://irail.be/stations/NMBS/008811288,IC,2017-08-08T15:50:00,2017-08-08T15:50:00,174,174
http://irail.be/vehicle/IC414,http://irail.be/stations/NMBS/008833001,IC,2017-08-08T15:57:00,2017-08-08T15:53:00,28,152
http://irail.be/vehicle/IC414,http://irail.be/stations/NMBS/008841202,IC,2017-08-08T16:24:00,2017-08-08T16:24:00,-119,-119
http://irail.be/vehicle/IC414,http://irail.be/stations/NMBS/008841004,IC,2017-08-08T16:34:00,2017-08-08T16:31:00,25,-53
http://irail.be/vehicle/IC414,http://irail.be/stations/NMBS/008842002,IC,2017-08-08T16:41:00,2017-08-08T16:37:00,26,26
http://irail.be/vehicle/IC414,http://irail.be/stations/NMBS/008842036,IC,2017-08-08T16:43:00,2017-08-08T16:43:00,26,26
http://irail.be/vehicle/IC414,http://irail.be/stations/NMBS/008844271,IC,2017-08-08T16:47:00,2017-08-08T16:47:00,0,0
http://irail.be/vehicle/IC414,NO-URI,IC,2017-08-08T16:48:00,2017-08-08T16:48:00,-18,-18
http://irail.be/vehicle/IC414,http://irail.be/stations/NMBS/008844255,IC,2017-08-08T16:49:00,2017-08-08T16:49:00,-22,-22
http://irail.be/vehicle/IC414,http://irail.be/stations/NMBS/008844230,IC,2017-08-08T16:49:00,2017-08-08T16:49:00,76,76
http://irail.be/vehicle/IC414,http://irail.be/stations/NMBS/008844206,IC,2017-08-08T16:54:00,2017-08-08T16:53:00,76,76
http://irail.be/vehicle/IC414,http://irail.be/stations/NMBS/008844008,IC,2017-08-08T17:02:00,2017-08-08T17:00:00,9,-77
http://irail.be/vehicle/IC414,http://irail.be/stations/NMBS/008844057,IC,2017-08-08T17:03:00,2017-08-08T17:03:00,9,9
http://irail.be/vehicle/IC414,NO-URI,IC,2017-08-08T17:05:00,2017-08-08T17:05:00,14,14
http://irail.be/vehicle/IC414,http://irail.be/stations/NMBS/008844545,IC,2017-08-08T17:10:00,2017-08-08T17:09:00,32,32
http://irail.be/vehicle/IC414,http://irail.be/stations/NMBS/008844503,IC,2017-08-08T17:16:00,2017-08-08T17:16:00,,32
http://irail.be/vehicle/IC414,http://irail.be/stations/NMBS/008896008,IC,2017-02-13T14:16:00,2017-02-13T14:16:00,54,
http://irail.be/vehicle/IC414,http://irail.be/stations/NMBS/008896115,IC,2017-02-13T14:22:00,2017-02-13T14:21:00,187,187
http://irail.be/vehicle/IC414,http://irail.be/stations/NMBS/008896149,IC,2017-02-13T14:28:00,2017-02-13T14:27:00,228,187
http://irail.be/vehicle/IC414,http://irail.be/stations/NMBS/008892106,IC,2017-02-13T14:38:00,2017-02-13T14:37:00,262,168
http://irail.be/vehicle/IC414,NO-URI,IC,2017-02-13T14:40:00,2017-02-13T14:40:00,262,262
http://irail.be/vehicle/IC414,http://irail.be/stations/NMBS/008892080,IC,2017-02-13T14:45:00,2017-02-13T14:44:00,241,198
http://irail.be/vehicle/IC414,http://irail.be/stations/NMBS/008892007,IC,2017-02-13T14:54:00,2017-02-13T14:51:00,199,276
http://irail.be/vehicle/IC414,http://irail.be/stations/NMBS/008814001,IC,2017-02-13T15:27:00,2017-02-13T15:24:00,117,159
http://irail.be/vehicle/IC414,http://irail.be/stations/NMBS/008813037,IC,2017-02-13T15:29:00,2017-02-13T15:29:00,134,134
http://irail.be/vehicle/IC414,http://irail.be/stations/NMBS/008813003,IC,2017-02-13T15:31:00,2017-02-13T15:30:00,184,137
http://irail.be/vehicle/IC414,http://irail.be/stations/NMBS/008813045,IC,2017-02-13T15:33:00,2017-02-13T15:33:00,166,166
http://irail.be/vehicle/IC414,http://irail.be/stations/NMBS/008812005,IC,2017-02-13T15:38:00,2017-02-13T15:35:00,88,149
http://irail.be/vehicle/IC414,http://irail.be/stations/NMBS/008811007,IC,2017-02-13T15:41:00,2017-02-13T15:41:00,102,102
http://irail.be/vehicle/IC414,http://irail.be/stations/NMBS/008811130,IC,2017-02-13T15:42:00,2017-02-13T15:42:00,90,90
http://irail.be/vehicle/IC414,http://irail.be/stations/NMBS/008811213,IC,2017-02-13T15:43:00,2017-02-13T15:43:00,98,98
http://irail.be/vehicle/IC414,http://irail.be/stations/NMBS/008811221,IC,2017-02-13T15:44:00,2017-02-13T15:44:00,108,108
http://irail.be/vehicle/IC414,http://irail.be/stations/NMBS/008811247,IC,2017-02-13T15:45:00,2017-02-13T15:45:00,66,66
http://irail.be/vehicle/IC414,http://irail.be/stations/NMBS/008811254,IC,2017-02-13T15:46:00,2017-02-13T15:46:00,-24,-24
http://irail.be/vehicle/IC414,http://irail.be/stations/NMBS/008811262,IC,2017-02-13T15:48:00,2017-02-13T15:48:00,-24,-24
http://irail.be/vehicle/IC414,http://irail.be/stations/NMBS/008811270,IC,2017-02-13T15:49:00,2017-02-13T15:49:00,54,54
http://irail.be/vehicle/IC414,http://irail.be/stations/NMBS/008811288,IC,2017-02-13T15:50:00,2017-02-13T15:50:00,61,61
http://irail.be/vehicle/IC414,http://irail.be/stations/NMBS/008833001,IC,2017-02-13T15:57:00,2017-02-13T15:53:00,92,48
http://irail.be/vehicle/IC414,http://irail.be/stations/NMBS/008841202,IC,2017-02-13T16:24:00,2017-02-13T16:24:00,-51,-51
http://irail.be/vehicle/IC414,http://irail.be/stations/NMBS/008841004,IC,2017-02-13T16:34:00,2017-02-13T16:31:00,15,51
http://irail.be/vehicle/IC414,http://irail.be/stations/NMBS/008842002,IC,2017-02-13T16:41:00,2017-02-13T16:37:00,26,26
http://irail.be/vehicle/IC414,http://irail.be/stations/NMBS/008842036,IC,2017-02-13T16:43:00,2017-02-13T16:43:00,26,26
http://irail.be/vehicle/IC414,http://irail.be/stations/NMBS/008844271,IC,2017-02-13T16:47:00,2017-02-13T16:47:00,18,18
http://irail.be/vehicle/IC414,NO-URI,IC,2017-02-13T16:48:00,2017-02-13T16:48:00,76,76
http://irail.be/vehicle/IC414,http://irail.be/stations/NMBS/008844255,IC,2017-02-13T16:49:00,2017-02-13T16:49:00,82,82
http://irail.be/vehicle/IC414,http://irail.be/stations/NMBS/008844230,IC,2017-02-13T16:49:00,2017-02-13T16:49:00,265,265
http://irail.be/vehicle/IC414,http://irail.be/stations/NMBS/008844206,IC,2017-02-13T16:54:00,2017-02-13T16:53:00,265,265
http://irail.be/vehicle/IC414,http://irail.be/stations/NMBS/008844008,IC,2017-02-13T17:02:00,2017-02-13T17:00:00,142,216
http://irail.be/vehicle/IC414,http://irail.be/stations/NMBS/008844057,IC,2017-02-13T17:03:00,2017-02-13T17:03:00,142,142
http://irail.be/vehicle/IC414,NO-URI,IC,2017-02-13T17:05:00,2017-02-13T17:05:00,151,151
http://irail.be/vehicle/IC414,http://irail.be/stations/NMBS/008844545,IC,2017-02-13T17:10:00,2017-02-13T17:09:00,137,137
http://irail.be/vehicle/IC414,http://irail.be/stations/NMBS/008844503,IC,2017-02-13T17:16:00,2017-02-13T17:16:00,,137
http://irail.be/vehicle/IC414,http://irail.be/stations/NMBS/008896008,IC,2017-03-14T14:16:00,2017-03-14T14:16:00,51,
http://irail.be/vehicle/IC414,http://irail.be/stations/NMBS/008896115,IC,2017-03-14T14:22:00,2017-03-14T14:21:00,98,98
http://irail.be/vehicle/IC414,http://irail.be/stations/NMBS/008896149,IC,2017-03-14T14:28:00,2017-03-14T14:27:00,131,98
http://irail.be/vehicle/IC414,http://irail.be/stations/NMBS/008892106,IC,2017-03-14T14:38:00,2017-03-14T14:37:00,80,34
http://irail.be/vehicle/IC414,NO-URI,IC,2017-03-14T14:40:00,2017-03-14T14:40:00,80,80
http://irail.be/vehicle/IC414,http://irail.be/stations/NMBS/008892080,IC,2017-03-14T14:45:00,2017-03-14T14:44:00,18,6
http://irail.be/vehicle/IC414,http://irail.be/stations/NMBS/008892007,IC,2017-03-14T14:54:00,2017-03-14T14:51:00,363,49
http://irail.be/vehicle/IC414,http://irail.be/stations/NMBS/008814001,IC,2017-03-14T15:27:00,2017-03-14T15:24:00,272,275
http://irail.be/vehicle/IC414,http://irail.be/stations/NMBS/008813037,IC,2017-03-14T15:29:00,2017-03-14T15:29:00,269,269
http://irail.be/vehicle/IC414,http://irail.be/stations/NMBS/008813003,IC,2017-03-14T15:31:00,2017-03-14T15:30:00,322,279
http://irail.be/vehicle/IC414,http://irail.be/stations/NMBS/008813045,IC,2017-03-14T15:33:00,2017-03-14T15:33:00,300,300
http://irail.be/vehicle/IC414,http://irail.be/stations/NMBS/008812005,IC,2017-03-14T15:38:00,2017-03-14T15:35:00,266,289
http://irail.be/vehicle/IC414,http://irail.be/stations/NMBS/008811007,IC,2017-03-14T15:41:00,2017-03-14T15:41:00,233,233
http://irail.be/vehicle/IC414,http://irail.be/stations/NMBS/008811130,IC,2017-03-14T15:42:00,2017-03-14T15:42:00,231,231
http://irail.be/vehicle/IC414,http://irail.be/stations/NMBS/008811213,IC,2017-03-14T15:43:00,2017-03-14T15:43:00,238,238
http://irail.be/vehicle/IC414,http://irail.be/stations/NMBS/008811221,IC,2017-03-14T15:44:00,2017-03-14T15:44:00,250,250
http://irail.be/vehicle/IC414,http://irail.be/stations/NMBS/008811247,IC,2017-03-14T15:45:00,2017-03-14T15:45:00,210,210
http://irail.be/vehicle/IC414,http://irail.be/stations/NMBS/008811254,IC,2017-03-14T15:46:00,2017-03-14T15:46:00,119,119
http://irail.be/vehicle/IC414,http://irail.be/stations/NMBS/008811262,IC,2017-03-14T15:48:00,2017-03-14T15:48:00,119,119
http://irail.be/vehicle/IC414,http://irail.be/stations/NMBS/008811270,IC,2017-03-14T15:49:00,2017-03-14T15:49:00,199,199
http://irail.be/vehicle/IC414,http://irail.be/stations/NMBS/008811288,IC,2017-03-14T15:50:00,2017-03-14T15:50:00,210,210
http://irail.be/vehicle/IC414,http://irail.be/stations/NMBS/008833001,IC,2017-03-14T15:57:00,2017-03-14T15:53:00,142,211
http://irail.be/vehicle/IC414,http://irail.be/stations/NMBS/008841202,IC,2017-03-14T16:24:00,2017-03-14T16:24:00,39,39
http://irail.be/vehicle/IC414,http://irail.be/stations/NMBS/008841004,IC,2017-03-14T16:34:00,2017-03-14T16:31:00,119,150
http://irail.be/vehicle/IC414,http://irail.be/stations/NMBS/008842002,IC,2017-03-14T16:41:00,2017-03-14T16:37:00,56,56
http://irail.be/vehicle/IC414,http://irail.be/stations/NMBS/008842036,IC,2017-03-14T16:43:00,2017-03-14T16:43:00,56,56
http://irail.be/vehicle/IC414,http://irail.be/stations/NMBS/008844271,IC,2017-03-14T16:47:00,2017-03-14T16:47:00,26,26
http://irail.be/vehicle/IC414,NO-URI,IC,2017-03-14T16:48:00,2017-03-14T16:48:00,14,14
http://irail.be/vehicle/IC414,http://irail.be/stations/NMBS/008844255,IC,2017-03-14T16:49:00,2017-03-14T16:49:00,8,8
http://irail.be/vehicle/IC414,http://irail.be/stations/NMBS/008844230,IC,2017-03-14T16:49:00,2017-03-14T16:49:00,308,308
http://irail.be/vehicle/IC414,http://irail.be/stations/NMBS/008844206,IC,2017-03-14T16:54:00,2017-03-14T16:53:00,308,308
http://irail.be/vehicle/IC414,http://irail.be/stations/NMBS/008844008,IC,2017-03-14T17:02:00,2017-03-14T17:00:00,169,242
http://irail.be/vehicle/IC414,http://irail.be/stations/NMBS/008844057,IC,2017-03-14T17:03:00,2017-03-14T17:03:00,169,169
http://irail.be/vehicle/IC414,NO-URI,IC,2017-03-14T17:05:00,2017-03-14T17:05:00,185,185
http://irail.be/vehicle/IC414,http://irail.be/stations/NMBS/008844545,IC,2017-03-14T17:10:00,2017-03-14T17:09:00,146,146
http://irail.be/vehicle/IC414,http://irail.be/stations/NMBS/008844503,IC,2017-03-14T17:16:00,2017-03-14T17:16:00,,146
http://irail.be/vehicle/IC414,http://irail.be/stations/NMBS/008896008,IC,2017-12-29T14:16:00,2017-12-29T14:16:00,71,
http://irail.be/vehicle/IC414,http://irail.be/stations/NMBS/008896115,IC,2017-12-29T14:22:00,2017-12-29T14:21:00,149,149
http://irail.be/vehicle/IC414,http://irail.be/stations/NMBS/008896149,IC,2017-12-29T14:28:00,2017-12-29T14:27:00,178,161
http://irail.be/vehicle/IC414,http://irail.be/stations/NMBS/008892106,IC,2017-12-29T14:38:00,2017-12-29T14:37:00,144,89
http://irail.be/vehicle/IC414,NO-URI,IC,2017-12-29T14:40:00,2017-12-29T14:40:00,144,144
http://irail.be/vehicle/IC414,http://irail.be/stations/NMBS/008892080,IC,2017-12-29T14:44:00,2017-12-29T14:43:00,119,99
http://irail.be/vehicle/IC414,http://irail.be/stations/NMBS/008892007,IC,2017-12-29T14:54:00,2017-12-29T14:52:00,150,101
http://irail.be/vehicle/IC414,http://irail.be/stations/NMBS/008814001,IC,2017-12-29T15:27:00,2017-12-29T15:24:00,101,94
http://irail.be/vehicle/IC414,http://irail.be/stations/NMBS/008813037,IC,2017-12-29T15:29:00,2017-12-29T15:29:00,140,140
http://irail.be/vehicle/IC414,http://irail.be/stations/NMBS/008813003,IC,2017-12-29T15:31:00,2017-12-29T15:30:00,155,140
http://irail.be/vehicle/IC414,http://irail.be/stations/NMBS/008813045,IC,2017-12-29T15:33:00,2017-12-29T15:33:00,132,132
http://irail.be/vehicle/IC414,http://irail.be/stations/NMBS/008812005,IC,2017-12-29T15:37:00,2017-12-29T15:35:00,119,125
http://irail.be/vehicle/IC414,http://irail.be/stations/NMBS/008811007,IC,2017-12-29T15:40:00,2017-12-29T15:40:00,80,80
http://irail.be/vehicle/IC414,http://irail.be/stations/NMBS/008811130,IC,2017-12-29T15:41:00,2017-12-29T15:41:00,98,98
http://irail.be/vehicle/IC414,http://irail.be/stations/NMBS/008811213,IC,2017-12-29T15:42:00,2017-12-29T15:42:00,86,86
http://irail.be/vehicle/IC414,http://irail.be/stations/NMBS/008811221,IC,2017-12-29T15:43:00,2017-12-29T15:43:00,53,53
http://irail.be/vehicle/IC414,http://irail.be/stations/NMBS/008811247,IC,2017-12-29T15:44:00,2017-12-29T15:44:00,42,42
http://irail.be/vehicle/IC414,http://irail.be/stations/NMBS/008811254,IC,2017-12-29T15:45:00,2017-12-29T15:45:00,-57,-57
http://irail.be/vehicle/IC414,http://irail.be/stations/NMBS/008811262,IC,2017-12-29T15:47:00,2017-12-29T15:47:00,-57,-57
http://irail.be/vehicle/IC414,http://irail.be/stations/NMBS/008811270,IC,2017-12-29T15:48:00,2017-12-29T15:48:00,-16,-16
http://irail.be/vehicle/IC414,http://irail.be/stations/NMBS/008811288,IC,2017-12-29T15:49:00,2017-12-29T15:49:00,-4,-4
http://irail.be/vehicle/IC414,http://irail.be/stations/NMBS/008833001,IC,2017-12-29T15:56:00,2017-12-29T15:52:00,48,1
http://irail.be/vehicle/IC414,http://irail.be/stations/NMBS/008841202,IC,2017-12-29T16:22:00,2017-12-29T16:22:00,-67,-67
http://irail.be/vehicle/IC414,http://irail.be/stations/NMBS/008841004,IC,2017-12-29T16:36:00,2017-12-29T16:29:00,-10,11
http://irail.be/vehicle/IC414,http://irail.be/stations/NMBS/008842002,IC,2017-12-29T16:41:00,2017-12-29T16:39:00,26,26
http://irail.be/vehicle/IC414,http://irail.be/stations/NMBS/008842036,IC,2017-12-29T16:43:00,2017-12-29T16:43:00,26,26
http://irail.be/vehicle/IC414,http://irail.be/stations/NMBS/008844271,IC,2017-12-29T16:47:00,2017-12-29T16:47:00,6,6
http://irail.be/vehicle/IC414,NO-URI,IC,2017-12-29T16:48:00,2017-12-29T16:48:00,33,33
http://irail.be/vehicle/IC414,http://irail.be/stations/NMBS/008844255,IC,2017-12-29T16:49:00,2017-12-29T16:49:00,60,60
http://irail.be/vehicle/IC414,http://irail.be/stations/NMBS/008844230,IC,2017-12-29T16:49:00,2017-12-29T16:49:00,138,138
http://irail.be/vehicle/IC414,http://irail.be/stations/NMBS/008844206,IC,2017-12-29T16:54:00,2017-12-29T16:53:00,138,138
http://irail.be/vehicle/IC414,http://irail.be/stations/NMBS/008844008,IC,2017-12-29T17:02:00,2017-12-29T17:00:00,-5,54
http://irail.be/vehicle/IC414,http://irail.be/stations/NMBS/008844057,IC,2017-12-29T17:03:00,2017-12-29T17:03:00,-5,-5
http://irail.be/vehicle/IC414,http://irail.be/stations/NMBS/008844545,IC,2017-12-29T17:09:00,2017-12-29T17:08:00,106,106
http://irail.be/vehicle/IC414,http://irail.be/stations/NMBS/008844503,IC,2017-12-29T17:14:00,2017-12-29T17:14:00,,106
http://irail.be/vehicle/IC414,http://irail.be/stations/NMBS/008896008,IC,2017-09-20T14:16:00,2017-09-20T14:16:00,128,
http://irail.be/vehicle/IC414,http://irail.be/stations/NMBS/008896115,IC,2017-09-20T14:22:00,2017-09-20T14:21:00,209,209
http://irail.be/vehicle/IC414,http://irail.be/stations/NMBS/008896149,IC,2017-09-20T14:28:00,2017-09-20T14:27:00,252,217
http://irail.be/vehicle/IC414,http://irail.be/stations/NMBS/008892106,IC,2017-09-20T14:38:00,2017-09-20T14:37:00,211,153
http://irail.be/vehicle/IC414,NO-URI,IC,2017-09-20T14:40:00,2017-09-20T14:40:00,211,211
http://irail.be/vehicle/IC414,http://irail.be/stations/NMBS/008892080,IC,2017-09-20T14:45:00,2017-09-20T14:44:00,178,116
http://irail.be/vehicle/IC414,http://irail.be/stations/NMBS/008892007,IC,2017-09-20T14:54:00,2017-09-20T14:51:00,157,215
http://irail.be/vehicle/IC414,http://irail.be/stations/NMBS/008814001,IC,2017-09-20T15:27:00,2017-09-20T15:24:00,351,404
http://irail.be/vehicle/IC414,http://irail.be/stations/NMBS/008813037,IC,2017-09-20T15:29:00,2017-09-20T15:29:00,374,374
http://irail.be/vehicle/IC414,http://irail.be/stations/NMBS/008813003,IC,2017-09-20T15:31:00,2017-09-20T15:30:00,401,376
http://irail.be/vehicle/IC414,http://irail.be/stations/NMBS/008813045,IC,2017-09-20T15:33:00,2017-09-20T15:33:00,383,383
http://irail.be/vehicle/IC414,http://irail.be/stations/NMBS/008812005,IC,2017-09-20T15:38:00,2017-09-20T15:35:00,296,376
http://irail.be/vehicle/IC414,http://irail.be/stations/NMBS/008811007,IC,2017-09-20T15:41:00,2017-09-20T15:41:00,267,267
http://irail.be/vehicle/IC414,http://irail.be/stations/NMBS/008811130,IC,2017-09-20T15:42:00,2017-09-20T15:42:00,289,289
http://irail.be/vehicle/IC414,http://irail.be/stations/NMBS/008811213,IC,2017-09-20T15:43:00,2017-09-20T15:43:00,278,278
http://irail.be/vehicle/IC414,http://irail.be/stations/NMBS/008811221,IC,2017-09-20T15:44:00,2017-09-20T15:44:00,286,286
http://irail.be/vehicle/IC414,http://irail.be/stations/NMBS/008811247,IC,2017-09-20T15:45:00,2017-09-20T15:45:00,246,246
http://irail.be/vehicle/IC414,http://irail.be/stations/NMBS/008811254,IC,2017-09-20T15:46:00,2017-09-20T15:46:00,156,156
http://irail.be/vehicle/IC414,http://irail.be/stations/NMBS/008811262,IC,2017-09-20T15:48:00,2017-09-20T15:48:00,156,156
http://irail.be/vehicle/IC414,http://irail.be/stations/NMBS/008811270,IC,2017-09-20T15:49:00,2017-09-20T15:49:00,233,233
http://irail.be/vehicle/IC414,http://irail.be/stations/NMBS/008811288,IC,2017-09-20T15:50:00,2017-09-20T15:50:00,246,246
http://irail.be/vehicle/IC414,http://irail.be/stations/NMBS/008833001,IC,2017-09-20T15:57:00,2017-09-20T15:53:00,149,251
http://irail.be/vehicle/IC414,http://irail.be/stations/NMBS/008841202,IC,2017-09-20T16:24:00,2017-09-20T16:24:00,39,39
http://irail.be/vehicle/IC414,http://irail.be/stations/NMBS/008841004,IC,2017-09-20T16:34:00,2017-09-20T16:31:00,109,164
http://irail.be/vehicle/IC414,http://irail.be/stations/NMBS/008842002,IC,2017-09-20T16:41:00,2017-09-20T16:37:00,38,38
http://irail.be/vehicle/IC414,http://irail.be/stations/NMBS/008842036,IC,2017-09-20T16:43:00,2017-09-20T16:43:00,38,38
http://irail.be/vehicle/IC414,http://irail.be/stations/NMBS/008844271,IC,2017-09-20T16:47:00,2017-09-20T16:47:00,24,24
http://irail.be/vehicle/IC414,NO-URI,IC,2017-09-20T16:48:00,2017-09-20T16:48:00,22,22
http://irail.be/vehicle/IC414,http://irail.be/stations/NMBS/008844255,IC,2017-09-20T16:49:00,2017-09-20T16:49:00,20,20
http://irail.be/vehicle/IC414,http://irail.be/stations/NMBS/008844230,IC,2017-09-20T16:49:00,2017-09-20T16:49:00,75,75
http://irail.be/vehicle/IC414,http://irail.be/stations/NMBS/008844206,IC,2017-09-20T16:54:00,2017-09-20T16:53:00,75,75
http://irail.be/vehicle/IC414,http://irail.be/stations/NMBS/008844008,IC,2017-09-20T17:02:00,2017-09-20T17:00:00,2,7
http://irail.be/vehicle/IC414,http://irail.be/stations/NMBS/008844057,IC,2017-09-20T17:03:00,2017-09-20T17:03:00,2,2
http://irail.be/vehicle/IC414,NO-URI,IC,2017-09-20T17:05:00,2017-09-20T17:05:00,38,38
http://irail.be/vehicle/IC414,http://irail.be/stations/NMBS/008844545,IC,2017-09-20T17:10:00,2017-09-20T17:09:00,132,132
http://irail.be/vehicle/IC414,http://irail.be/stations/NMBS/008844503,IC,2017-09-20T17:16:00,2017-09-20T17:16:00,,132
http://irail.be/vehicle/IC414,http://irail.be/stations/NMBS/008896008,IC,2017-01-25T14:16:00,2017-01-25T14:16:00,43,
http://irail.be/vehicle/IC414,http://irail.be/stations/NMBS/008896115,IC,2017-01-25T14:22:00,2017-01-25T14:21:00,88,88
http://irail.be/vehicle/IC414,http://irail.be/stations/NMBS/008896149,IC,2017-01-25T14:28:00,2017-01-25T14:27:00,93,88
http://irail.be/vehicle/IC414,http://irail.be/stations/NMBS/008892106,IC,2017-01-25T14:38:00,2017-01-25T14:37:00,72,-11
http://irail.be/vehicle/IC414,NO-URI,IC,2017-01-25T14:40:00,2017-01-25T14:40:00,72,72
http://irail.be/vehicle/IC414,http://irail.be/stations/NMBS/008892080,IC,2017-01-25T14:45:00,2017-01-25T14:44:00,27,-23
http://irail.be/vehicle/IC414,http://irail.be/stations/NMBS/008892007,IC,2017-01-25T14:54:00,2017-01-25T14:51:00,44,71
http://irail.be/vehicle/IC414,http://irail.be/stations/NMBS/008814001,IC,2017-01-25T15:27:00,2017-01-25T15:24:00,345,234
http://irail.be/vehicle/IC414,http://irail.be/stations/NMBS/008813037,IC,2017-01-25T15:29:00,2017-01-25T15:29:00,345,345
http://irail.be/vehicle/IC414,http://irail.be/stations/NMBS/008813003,IC,2017-01-25T15:31:00,2017-01-25T15:30:00,355,345
http://irail.be/vehicle/IC414,http://irail.be/stations/NMBS/008813045,IC,2017-01-25T15:33:00,2017-01-25T15:33:00,334,334
http://irail.be/vehicle/IC414,http://irail.be/stations/NMBS/008812005,IC,2017-01-25T15:38:00,2017-01-25T15:35:00,255,321
http://irail.be/vehicle/IC414,http://irail.be/stations/NMBS/008811007,IC,2017-01-25T15:41:00,2017-01-25T15:41:00,213,213
http://irail.be/vehicle/IC414,http://irail.be/stations/NMBS/008811130,IC,2017-01-25T15:42:00,2017-01-25T15:42:00,202,202
http://irail.be/vehicle/IC414,http://irail.be/stations/NMBS/008811213,IC,2017-01-25T15:43:00,2017-01-25T15:43:00,209,209
http://irail.be/vehicle/IC414,http://irail.be/stations/NMBS/008811221,IC,2017-01-25T15:44:00,2017-01-25T15:44:00,219,219
http://irail.be/vehicle/IC414,http://irail.be/stations/NMBS/008811247,IC,2017-01-25T15:45:00,2017-01-25T15:45:00,177,177
http://irail.be/vehicle/IC414,http://irail.be/stations/NMBS/008811254,IC,2017-01-25T15:46:00,2017-01-25T15:46:00,87,87
http://irail.be/vehicle/IC414,http://irail.be/stations/NMBS/008811262,IC,2017-01-25T15:48:00,2017-01-25T15:48:00,87,87
http://irail.be/vehicle/IC414,http://irail.be/stations/NMBS/008811270,IC,2017-01-25T15:49:00,2017-01-25T15:49:00,162,162
http://irail.be/vehicle/IC414,http://irail.be/stations/NMBS/008811288,IC,2017-01-25T15:50:00,2017-01-25T15:50:00,175,175
http://irail.be/vehicle/IC414,http://irail.be/stations/NMBS/008833001,IC,2017-01-25T15:57:00,2017-01-25T15:53:00,163,174
http://irail.be/vehicle/IC414,http://irail.be/stations/NMBS/008841202,IC,2017-01-25T16:24:00,2017-01-25T16:24:00,23,23
http://irail.be/vehicle/IC414,http://irail.be/stations/NMBS/008841004,IC,2017-01-25T16:34:00,2017-01-25T16:31:00,18,81
http://irail.be/vehicle/IC414,http://irail.be/stations/NMBS/008842002,IC,2017-01-25T16:41:00,2017-01-25T16:37:00,33,33
http://irail.be/vehicle/IC414,http://irail.be/stations/NMBS/008842036,IC,2017-01-25T16:43:00,2017-01-25T16:43:00,33,33
http://irail.be/vehicle/IC414,http://irail.be/stations/NMBS/008844271,IC,2017-01-25T16:47:00,2017-01-25T16:47:00,14,14
http://irail.be/vehicle/IC414,NO-URI,IC,2017-01-25T16:48:00,2017-01-25T16:48:00,-4,-4
http://irail.be/vehicle/IC414,http://irail.be/stations/NMBS/008844255,IC,2017-01-25T16:49:00,2017-01-25T16:49:00,-12,-12
http://irail.be/vehicle/IC414,http://irail.be/stations/NMBS/008844230,IC,2017-01-25T16:49:00,2017-01-25T16:49:00,187,187
http://irail.be/vehicle/IC414,http://irail.be/stations/NMBS/008844206,IC,2017-01-25T16:54:00,2017-01-25T16:53:00,187,187
http://irail.be/vehicle/IC414,http://irail.be/stations/NMBS/008844008,IC,2017-01-25T17:02:00,2017-01-25T17:00:00,31,101
http://irail.be/vehicle/IC414,http://irail.be/stations/NMBS/008844057,IC,2017-01-25T17:03:00,2017-01-25T17:03:00,31,31
http://irail.be/vehicle/IC414,NO-URI,IC,2017-01-25T17:05:00,2017-01-25T17:05:00,55,55
http://irail.be/vehicle/IC414,http://irail.be/stations/NMBS/008844545,IC,2017-01-25T17:10:00,2017-01-25T17:09:00,69,69
http://irail.be/vehicle/IC414,http://irail.be/stations/NMBS/008844503,IC,2017-01-25T17:16:00,2017-01-25T17:16:00,,69
http://irail.be/vehicle/IC414,http://irail.be/stations/NMBS/008896008,IC,2017-12-07T14:16:00,2017-12-07T14:16:00,311,
http://irail.be/vehicle/IC414,http://irail.be/stations/NMBS/008896115,IC,2017-12-07T14:22:00,2017-12-07T14:21:00,495,495
http://irail.be/vehicle/IC414,http://irail.be/stations/NMBS/008896149,IC,2017-12-07T14:28:00,2017-12-07T14:27:00,545,525
http://irail.be/vehicle/IC414,http://irail.be/stations/NMBS/008892106,IC,2017-12-07T14:38:00,2017-12-07T14:37:00,502,439
http://irail.be/vehicle/IC414,NO-URI,IC,2017-12-07T14:40:00,2017-12-07T14:40:00,502,502
http://irail.be/vehicle/IC414,http://irail.be/stations/NMBS/008892080,IC,2017-12-07T14:45:00,2017-12-07T14:44:00,433,412
http://irail.be/vehicle/IC414,http://irail.be/stations/NMBS/008892007,IC,2017-12-07T14:54:00,2017-12-07T14:51:00,455,459
http://irail.be/vehicle/IC414,http://irail.be/stations/NMBS/008814001,IC,2017-12-07T15:27:00,2017-12-07T15:24:00,326,363
http://irail.be/vehicle/IC414,http://irail.be/stations/NMBS/008813037,IC,2017-12-07T15:29:00,2017-12-07T15:29:00,358,358
http://irail.be/vehicle/IC414,http://irail.be/stations/NMBS/008813003,IC,2017-12-07T15:31:00,2017-12-07T15:30:00,445,364
http://irail.be/vehicle/IC414,http://irail.be/stations/NMBS/008813045,IC,2017-12-07T15:33:00,2017-12-07T15:33:00,437,437
http://irail.be/vehicle/IC414,http://irail.be/stations/NMBS/008812005,IC,2017-12-07T15:38:00,2017-12-07T15:35:00,381,432
http://irail.be/vehicle/IC414,http://irail.be/stations/NMBS/008811007,IC,2017-12-07T15:41:00,2017-12-07T15:41:00,365,365
http://irail.be/vehicle/IC414,http://irail.be/stations/NMBS/008811130,IC,2017-12-07T15:42:00,2017-12-07T15:42:00,399,399
http://irail.be/vehicle/IC414,http://irail.be/stations/NMBS/008811213,IC,2017-12-07T15:43:00,2017-12-07T15:43:00,387,387
http://irail.be/vehicle/IC414,http://irail.be/stations/NMBS/008811221,IC,2017-12-07T15:44:00,2017-12-07T15:44:00,397,397
http://irail.be/vehicle/IC414,http://irail.be/stations/NMBS/008811247,IC,2017-12-07T15:45:00,2017-12-07T15:45:00,358,358
http://irail.be/vehicle/IC414,http://irail.be/stations/NMBS/008811254,IC,2017-12-07T15:46:00,2017-12-07T15:46:00,270,270
http://irail.be/vehicle/IC414,http://irail.be/stations/NMBS/008811262,IC,2017-12-07T15:48:00,2017-12-07T15:48:00,270,270
http://irail.be/vehicle/IC414,http://irail.be/stations/NMBS/008811270,IC,2017-12-07T15:49:00,2017-12-07T15:49:00,349,349
http://irail.be/vehicle/IC414,http://irail.be/stations/NMBS/008811288,IC,2017-12-07T15:50:00,2017-12-07T15:50:00,361,361
http://irail.be/vehicle/IC414,http://irail.be/stations/NMBS/008833001,IC,2017-12-07T15:57:00,2017-12-07T15:53:00,329,367
http://irail.be/vehicle/IC414,http://irail.be/stations/NMBS/008841202,IC,2017-12-07T16:24:00,2017-12-07T16:24:00,244,244
http://irail.be/vehicle/IC414,http://irail.be/stations/NMBS/008841004,IC,2017-12-07T16:34:00,2017-12-07T16:31:00,214,243
http://irail.be/vehicle/IC414,http://irail.be/stations/NMBS/008842002,IC,2017-12-07T16:41:00,2017-12-07T16:37:00,392,392
http://irail.be/vehicle/IC414,http://irail.be/stations/NMBS/008842036,IC,2017-12-07T16:43:00,2017-12-07T16:43:00,392,392
http://irail.be/vehicle/IC414,http://irail.be/stations/NMBS/008844271,IC,2017-12-07T16:47:00,2017-12-07T16:47:00,395,395
http://irail.be/vehicle/IC414,NO-URI,IC,2017-12-07T16:48:00,2017-12-07T16:48:00,437,437
http://irail.be/vehicle/IC414,http://irail.be/stations/NMBS/008844255,IC,2017-12-07T16:49:00,2017-12-07T16:49:00,466,466
http://irail.be/vehicle/IC414,http://irail.be/stations/NMBS/008844230,IC,2017-12-07T16:49:00,2017-12-07T16:49:00,591,591
http://irail.be/vehicle/IC414,http://irail.be/stations/NMBS/008844206,IC,2017-12-07T16:54:00,2017-12-07T16:53:00,591,591
http://irail.be/vehicle/IC414,http://irail.be/stations/NMBS/008844008,IC,2017-12-07T17:02:00,2017-12-07T17:00:00,832,582
http://irail.be/vehicle/IC414,http://irail.be/stations/NMBS/008844057,IC,2017-12-07T17:03:00,2017-12-07T17:03:00,832,832
http://irail.be/vehicle/IC414,NO-URI,IC,2017-12-07T17:05:00,2017-12-07T17:05:00,881,881
http://irail.be/vehicle/IC414,http://irail.be/stations/NMBS/008844545,IC,2017-12-07T17:10:00,2017-12-07T17:09:00,1126,1126
http://irail.be/vehicle/IC414,http://irail.be/stations/NMBS/008844503,IC,2017-12-07T17:16:00,2017-12-07T17:16:00,,1126
http://irail.be/vehicle/IC414,http://irail.be/stations/NMBS/008896008,IC,2017-07-03T14:16:00,2017-07-03T14:16:00,74,
http://irail.be/vehicle/IC414,http://irail.be/stations/NMBS/008896115,IC,2017-07-03T14:22:00,2017-07-03T14:21:00,78,78
http://irail.be/vehicle/IC414,http://irail.be/stations/NMBS/008896149,IC,2017-07-03T14:28:00,2017-07-03T14:27:00,88,89
http://irail.be/vehicle/IC414,http://irail.be/stations/NMBS/008892106,IC,2017-07-03T14:38:00,2017-07-03T14:37:00,51,-22
http://irail.be/vehicle/IC414,NO-URI,IC,2017-07-03T14:40:00,2017-07-03T14:40:00,51,51
http://irail.be/vehicle/IC414,http://irail.be/stations/NMBS/008892080,IC,2017-07-03T14:45:00,2017-07-03T14:44:00,11,-26
http://irail.be/vehicle/IC414,http://irail.be/stations/NMBS/008892007,IC,2017-07-03T14:54:00,2017-07-03T14:51:00,57,69
http://irail.be/vehicle/IC414,http://irail.be/stations/NMBS/008814001,IC,2017-07-03T15:27:00,2017-07-03T15:24:00,134,97
http://irail.be/vehicle/IC414,http://irail.be/stations/NMBS/008813037,IC,2017-07-03T15:29:00,2017-07-03T15:29:00,141,141
http://irail.be/vehicle/IC414,http://irail.be/stations/NMBS/008813003,IC,2017-07-03T15:31:00,2017-07-03T15:30:00,156,144
http://irail.be/vehicle/IC414,http://irail.be/stations/NMBS/008813045,IC,2017-07-03T15:33:00,2017-07-03T15:33:00,141,141
http://irail.be/vehicle/IC414,http://irail.be/stations/NMBS/008812005,IC,2017-07-03T15:38:00,2017-07-03T15:35:00,92,135
http://irail.be/vehicle/IC414,http://irail.be/stations/NMBS/008811007,IC,2017-07-03T15:41:00,2017-07-03T15:41:00,54,54
http://irail.be/vehicle/IC414,http://irail.be/stations/NMBS/008811130,IC,2017-07-03T15:42:00,2017-07-03T15:42:00,65,65
http://irail.be/vehicle/IC414,http://irail.be/stations/NMBS/008811213,IC,2017-07-03T15:43:00,2017-07-03T15:43:00,53,53
http://irail.be/vehicle/IC414,http://irail.be/stations/NMBS/008811221,IC,2017-07-03T15:44:00,2017-07-03T15:44:00,61,61
http://irail.be/vehicle/IC414,http://irail.be/stations/NMBS/008811247,IC,2017-07-03T15:45:00,2017-07-03T15:45:00,20,20
http://irail.be/vehicle/IC414,http://irail.be/stations/NMBS/008811254,IC,2017-07-03T15:46:00,2017-07-03T15:46:00,-71,-71
http://irail.be/vehicle/IC414,http://irail.be/stations/NMBS/008811262,IC,2017-07-03T15:48:00,2017-07-03T15:48:00,-71,-71
http://irail.be/vehicle/IC414,http://irail.be/stations/NMBS/008811270,IC,2017-07-03T15:49:00,2017-07-03T15:49:00,4,4
http://irail.be/vehicle/IC414,http://irail.be/stations/NMBS/008811288,IC,2017-07-03T15:50:00,2017-07-03T15:50:00,16,16
http://irail.be/vehicle/IC414,http://irail.be/stations/NMBS/008833001,IC,2017-07-03T15:57:00,2017-07-03T15:53:00,8,15
http://irail.be/vehicle/IC414,http://irail.be/stations/NMBS/008841202,IC,2017-07-03T16:24:00,2017-07-03T16:24:00,-124,-124
http://irail.be/vehicle/IC414,http://irail.be/stations/NMBS/008841004,IC,2017-07-03T16:34:00,2017-07-03T16:31:00,-2,-30
http://irail.be/vehicle/IC414,http://irail.be/stations/NMBS/008842002,IC,2017-07-03T16:41:00,2017-07-03T16:37:00,11,11
http://irail.be/vehicle/IC414,http://irail.be/stations/NMBS/008842036,IC,2017-07-03T16:43:00,2017-07-03T16:43:00,11,11
http://irail.be/vehicle/IC414,http://irail.be/stations/NMBS/008844271,IC,2017-07-03T16:47:00,2017-07-03T16:47:00,-16,-16
http://irail.be/vehicle/IC414,NO-URI,IC,2017-07-03T16:48:00,2017-07-03T16:48:00,-28,-28
http://irail.be/vehicle/IC414,http://irail.be/stations/NMBS/008844255,IC,2017-07-03T16:49:00,2017-07-03T16:49:00,-31,-31
http://irail.be/vehicle/IC414,http://irail.be/stations/NMBS/008844230,IC,2017-07-03T16:49:00,2017-07-03T16:49:00,107,107
http://irail.be/vehicle/IC414,http://irail.be/stations/NMBS/008844206,IC,2017-07-03T16:54:00,2017-07-03T16:53:00,107,107
http://irail.be/vehicle/IC414,http://irail.be/stations/NMBS/008844008,IC,2017-07-03T17:02:00,2017-07-03T17:00:00,48,25
http://irail.be/vehicle/IC414,http://irail.be/stations/NMBS/008844057,IC,2017-07-03T17:03:00,2017-07-03T17:03:00,48,48
http://irail.be/vehicle/IC414,NO-URI,IC,2017-07-03T17:05:00,2017-07-03T17:05:00,92,92
http://irail.be/vehicle/IC414,http://irail.be/stations/NMBS/008844545,IC,2017-07-03T17:10:00,2017-07-03T17:09:00,545,545
http://irail.be/vehicle/IC414,http://irail.be/stations/NMBS/008844503,IC,2017-07-03T17:16:00,2017-07-03T17:16:00,,545
http://irail.be/vehicle/IC414,http://irail.be/stations/NMBS/008896008,IC,2017-08-24T14:16:00,2017-08-24T14:16:00,271,
http://irail.be/vehicle/IC414,http://irail.be/stations/NMBS/008896115,IC,2017-08-24T14:22:00,2017-08-24T14:21:00,248,248
http://irail.be/vehicle/IC414,http://irail.be/stations/NMBS/008896149,IC,2017-08-24T14:28:00,2017-08-24T14:27:00,253,251
http://irail.be/vehicle/IC414,http://irail.be/stations/NMBS/008892106,IC,2017-08-24T14:38:00,2017-08-24T14:37:00,211,154
http://irail.be/vehicle/IC414,NO-URI,IC,2017-08-24T14:40:00,2017-08-24T14:40:00,211,211
http://irail.be/vehicle/IC414,http://irail.be/stations/NMBS/008892080,IC,2017-08-24T14:45:00,2017-08-24T14:44:00,131,123
http://irail.be/vehicle/IC414,http://irail.be/stations/NMBS/008892007,IC,2017-08-24T14:54:00,2017-08-24T14:51:00,111,159
http://irail.be/vehicle/IC414,http://irail.be/stations/NMBS/008814001,IC,2017-08-24T15:27:00,2017-08-24T15:24:00,349,237
http://irail.be/vehicle/IC414,http://irail.be/stations/NMBS/008813037,IC,2017-08-24T15:29:00,2017-08-24T15:29:00,343,343
http://irail.be/vehicle/IC414,http://irail.be/stations/NMBS/008813003,IC,2017-08-24T15:31:00,2017-08-24T15:30:00,435,391
http://irail.be/vehicle/IC414,http://irail.be/stations/NMBS/008813045,IC,2017-08-24T15:33:00,2017-08-24T15:33:00,408,408
http://irail.be/vehicle/IC414,http://irail.be/stations/NMBS/008812005,IC,2017-08-24T15:38:00,2017-08-24T15:35:00,341,394
http://irail.be/vehicle/IC414,http://irail.be/stations/NMBS/008811007,IC,2017-08-24T15:41:00,2017-08-24T15:41:00,378,378
http://irail.be/vehicle/IC414,http://irail.be/stations/NMBS/008811130,IC,2017-08-24T15:42:00,2017-08-24T15:42:00,406,406
http://irail.be/vehicle/IC414,http://irail.be/stations/NMBS/008811213,IC,2017-08-24T15:43:00,2017-08-24T15:43:00,445,445
http://irail.be/vehicle/IC414,http://irail.be/stations/NMBS/008811221,IC,2017-08-24T15:44:00,2017-08-24T15:44:00,475,475
http://irail.be/vehicle/IC414,http://irail.be/stations/NMBS/008811247,IC,2017-08-24T15:45:00,2017-08-24T15:45:00,440,440
http://irail.be/vehicle/IC414,http://irail.be/stations/NMBS/008811254,IC,2017-08-24T15:46:00,2017-08-24T15:46:00,350,350
http://irail.be/vehicle/IC414,http://irail.be/stations/NMBS/008811262,IC,2017-08-24T15:48:00,2017-08-24T15:48:00,350,350
http://irail.be/vehicle/IC414,http://irail.be/stations/NMBS/008811270,IC,2017-08-24T15:49:00,2017-08-24T15:49:00,428,428
http://irail.be/vehicle/IC414,http://irail.be/stations/NMBS/008811288,IC,2017-08-24T15:50:00,2017-08-24T15:50:00,440,440
http://irail.be/vehicle/IC414,http://irail.be/stations/NMBS/008833001,IC,2017-08-24T15:57:00,2017-08-24T15:53:00,306,431
http://irail.be/vehicle/IC414,http://irail.be/stations/NMBS/008841202,IC,2017-08-24T16:24:00,2017-08-24T16:24:00,220,220
http://irail.be/vehicle/IC414,http://irail.be/stations/NMBS/008841004,IC,2017-08-24T16:34:00,2017-08-24T16:31:00,308,357
http://irail.be/vehicle/IC414,http://irail.be/stations/NMBS/008842002,IC,2017-08-24T16:41:00,2017-08-24T16:37:00,188,188
http://irail.be/vehicle/IC414,http://irail.be/stations/NMBS/008842036,IC,2017-08-24T16:43:00,2017-08-24T16:43:00,188,188
http://irail.be/vehicle/IC414,http://irail.be/stations/NMBS/008844271,IC,2017-08-24T16:47:00,2017-08-24T16:47:00,157,157
http://irail.be/vehicle/IC414,NO-URI,IC,2017-08-24T16:48:00,2017-08-24T16:48:00,149,149
http://irail.be/vehicle/IC414,http://irail.be/stations/NMBS/008844255,IC,2017-08-24T16:49:00,2017-08-24T16:49:00,148,148
http://irail.be/vehicle/IC414,http://irail.be/stations/NMBS/008844230,IC,2017-08-24T16:49:00,2017-08-24T16:49:00,271,271
http://irail.be/vehicle/IC414,http://irail.be/stations/NMBS/008844206,IC,2017-08-24T16:54:00,2017-08-24T16:53:00,271,271
http://irail.be/vehicle/IC414,http://irail.be/stations/NMBS/008844008,IC,2017-08-24T17:02:00,2017-08-24T17:00:00,105,184
http://irail.be/vehicle/IC414,http://irail.be/stations/NMBS/008844057,IC,2017-08-24T17:03:00,2017-08-24T17:03:00,105,105
http://irail.be/vehicle/IC414,NO-URI,IC,2017-08-24T17:05:00,2017-08-24T17:05:00,98,98
http://irail.be/vehicle/IC414,http://irail.be/stations/NMBS/008844545,IC,2017-08-24T17:10:00,2017-08-24T17:09:00,19,19
http://irail.be/vehicle/IC414,http://irail.be/stations/NMBS/008844503,IC,2017-08-24T17:16:00,2017-08-24T17:16:00,,19
http://irail.be/vehicle/IC414,http://irail.be/stations/NMBS/008896008,IC,2017-04-27T14:16:00,2017-04-27T14:16:00,40,
http://irail.be/vehicle/IC414,http://irail.be/stations/NMBS/008896115,IC,2017-04-27T14:22:00,2017-04-27T14:21:00,123,123
http://irail.be/vehicle/IC414,http://irail.be/stations/NMBS/008896149,IC,2017-04-27T14:28:00,2017-04-27T14:27:00,98,123
http://irail.be/vehicle/IC414,http://irail.be/stations/NMBS/008892106,IC,2017-04-27T14:38:00,2017-04-27T14:37:00,59,-7
http://irail.be/vehicle/IC414,NO-URI,IC,2017-04-27T14:40:00,2017-04-27T14:40:00,59,59
http://irail.be/vehicle/IC414,http://irail.be/stations/NMBS/008892080,IC,2017-04-27T14:45:00,2017-04-27T14:44:00,23,-26
http://irail.be/vehicle/IC414,http://irail.be/stations/NMBS/008892007,IC,2017-04-27T14:54:00,2017-04-27T14:51:00,83,112
http://irail.be/vehicle/IC414,http://irail.be/stations/NMBS/008814001,IC,2017-04-27T15:27:00,2017-04-27T15:24:00,293,320
http://irail.be/vehicle/IC414,http://irail.be/stations/NMBS/008813037,IC,2017-04-27T15:29:00,2017-04-27T15:29:00,295,295
http://irail.be/vehicle/IC414,http://irail.be/stations/NMBS/008813003,IC,2017-04-27T15:31:00,2017-04-27T15:30:00,340,302
http://irail.be/vehicle/IC414,http://irail.be/stations/NMBS/008813045,IC,2017-04-27T15:33:00,2017-04-27T15:33:00,331,331
http://irail.be/vehicle/IC414,http://irail.be/stations/NMBS/008812005,IC,2017-04-27T15:38:00,2017-04-27T15:35:00,292,332
http://irail.be/vehicle/IC414,http://irail.be/stations/NMBS/008811007,IC,2017-04-27T15:41:00,2017-04-27T15:41:00,283,283
http://irail.be/vehicle/IC414,http://irail.be/stations/NMBS/008811130,IC,2017-04-27T15:42:00,2017-04-27T15:42:00,306,306
http://irail.be/vehicle/IC414,http://irail.be/stations/NMBS/008811213,IC,2017-04-27T15:43:00,2017-04-27T15:43:00,293,293
http://irail.be/vehicle/IC414,http://irail.be/stations/NMBS/008811221,IC,2017-04-27T15:44:00,2017-04-27T15:44:00,303,303
http://irail.be/vehicle/IC414,http://irail.be/stations/NMBS/008811247,IC,2017-04-27T15:45:00,2017-04-27T15:45:00,270,270
http://irail.be/vehicle/IC414,http://irail.be/stations/NMBS/008811254,IC,2017-04-27T15:46:00,2017-04-27T15:46:00,181,181
http://irail.be/vehicle/IC414,http://irail.be/stations/NMBS/008811262,IC,2017-04-27T15:48:00,2017-04-27T15:48:00,181,181
http://irail.be/vehicle/IC414,http://irail.be/stations/NMBS/008811270,IC,2017-04-27T15:49:00,2017-04-27T15:49:00,263,263
http://irail.be/vehicle/IC414,http://irail.be/stations/NMBS/008811288,IC,2017-04-27T15:50:00,2017-04-27T15:50:00,276,276
http://irail.be/vehicle/IC414,http://irail.be/stations/NMBS/008833001,IC,2017-04-27T15:57:00,2017-04-27T15:53:00,131,270
http://irail.be/vehicle/IC414,http://irail.be/stations/NMBS/008841202,IC,2017-04-27T16:24:00,2017-04-27T16:24:00,135,135
http://irail.be/vehicle/IC414,http://irail.be/stations/NMBS/008841004,IC,2017-04-27T16:34:00,2017-04-27T16:31:00,218,269
http://irail.be/vehicle/IC414,http://irail.be/stations/NMBS/008842002,IC,2017-04-27T16:41:00,2017-04-27T16:37:00,145,145
http://irail.be/vehicle/IC414,http://irail.be/stations/NMBS/008842036,IC,2017-04-27T16:43:00,2017-04-27T16:43:00,145,145
http://irail.be/vehicle/IC414,http://irail.be/stations/NMBS/008844271,IC,2017-04-27T16:47:00,2017-04-27T16:47:00,163,163
http://irail.be/vehicle/IC414,NO-URI,IC,2017-04-27T16:48:00,2017-04-27T16:48:00,188,188
http://irail.be/vehicle/IC414,http://irail.be/stations/NMBS/008844255,IC,2017-04-27T16:49:00,2017-04-27T16:49:00,190,190
http://irail.be/vehicle/IC414,http://irail.be/stations/NMBS/008844230,IC,2017-04-27T16:49:00,2017-04-27T16:49:00,243,243
http://irail.be/vehicle/IC414,http://irail.be/stations/NMBS/008844206,IC,2017-04-27T16:54:00,2017-04-27T16:53:00,243,243
http://irail.be/vehicle/IC414,http://irail.be/stations/NMBS/008844008,IC,2017-04-27T17:02:00,2017-04-27T17:00:00,131,184
http://irail.be/vehicle/IC414,http://irail.be/stations/NMBS/008844057,IC,2017-04-27T17:03:00,2017-04-27T17:03:00,131,131
http://irail.be/vehicle/IC414,NO-URI,IC,2017-04-27T17:05:00,2017-04-27T17:05:00,158,158
http://irail.be/vehicle/IC414,http://irail.be/stations/NMBS/008844545,IC,2017-04-27T17:10:00,2017-04-27T17:09:00,147,147
http://irail.be/vehicle/IC414,http://irail.be/stations/NMBS/008844503,IC,2017-04-27T17:16:00,2017-04-27T17:16:00,,147
http://irail.be/vehicle/IC414,http://irail.be/stations/NMBS/008896008,IC,2017-04-25T14:16:00,2017-04-25T14:16:00,377,
http://irail.be/vehicle/IC414,http://irail.be/stations/NMBS/008896115,IC,2017-04-25T14:22:00,2017-04-25T14:21:00,371,371
http://irail.be/vehicle/IC414,http://irail.be/stations/NMBS/008896149,IC,2017-04-25T14:28:00,2017-04-25T14:27:00,375,371
http://irail.be/vehicle/IC414,http://irail.be/stations/NMBS/008892106,IC,2017-04-25T14:38:00,2017-04-25T14:37:00,320,274
http://irail.be/vehicle/IC414,NO-URI,IC,2017-04-25T14:40:00,2017-04-25T14:40:00,320,320
http://irail.be/vehicle/IC414,http://irail.be/stations/NMBS/008892080,IC,2017-04-25T14:45:00,2017-04-25T14:44:00,232,229
http://irail.be/vehicle/IC414,http://irail.be/stations/NMBS/008892007,IC,2017-04-25T14:54:00,2017-04-25T14:51:00,246,282
http://irail.be/vehicle/IC414,http://irail.be/stations/NMBS/008814001,IC,2017-04-25T15:27:00,2017-04-25T15:24:00,333,296
http://irail.be/vehicle/IC414,http://irail.be/stations/NMBS/008813037,IC,2017-04-25T15:29:00,2017-04-25T15:29:00,349,349
http://irail.be/vehicle/IC414,http://irail.be/stations/NMBS/008813003,IC,2017-04-25T15:31:00,2017-04-25T15:30:00,388,342
http://irail.be/vehicle/IC414,http://irail.be/stations/NMBS/008813045,IC,2017-04-25T15:33:00,2017-04-25T15:33:00,370,370
http://irail.be/vehicle/IC414,http://irail.be/stations/NMBS/008812005,IC,2017-04-25T15:38:00,2017-04-25T15:35:00,314,357
http://irail.be/vehicle/IC414,http://irail.be/stations/NMBS/008811007,IC,2017-04-25T15:41:00,2017-04-25T15:41:00,286,286
http://irail.be/vehicle/IC414,http://irail.be/stations/NMBS/008811130,IC,2017-04-25T15:42:00,2017-04-25T15:42:00,305,305
http://irail.be/vehicle/IC414,http://irail.be/stations/NMBS/008811213,IC,2017-04-25T15:43:00,2017-04-25T15:43:00,291,291
http://irail.be/vehicle/IC414,http://irail.be/stations/NMBS/008811221,IC,2017-04-25T15:44:00,2017-04-25T15:44:00,298,298
http://irail.be/vehicle/IC414,http://irail.be/stations/NMBS/008811247,IC,2017-04-25T15:45:00,2017-04-25T15:45:00,255,255
http://irail.be/vehicle/IC414,http://irail.be/stations/NMBS/008811254,IC,2017-04-25T15:46:00,2017-04-25T15:46:00,166,166
http://irail.be/vehicle/IC414,http://irail.be/stations/NMBS/008811262,IC,2017-04-25T15:48:00,2017-04-25T15:48:00,166,166
http://irail.be/vehicle/IC414,http://irail.be/stations/NMBS/008811270,IC,2017-04-25T15:49:00,2017-04-25T15:49:00,241,241
http://irail.be/vehicle/IC414,http://irail.be/stations/NMBS/008811288,IC,2017-04-25T15:50:00,2017-04-25T15:50:00,253,253
http://irail.be/vehicle/IC414,http://irail.be/stations/NMBS/008833001,IC,2017-04-25T15:57:00,2017-04-25T15:53:00,139,246
http://irail.be/vehicle/IC414,http://irail.be/stations/NMBS/008841202,IC,2017-04-25T16:24:00,2017-04-25T16:24:00,42,42
http://irail.be/vehicle/IC414,http://irail.be/stations/NMBS/008841004,IC,2017-04-25T16:34:00,2017-04-25T16:31:00,73,123
http://irail.be/vehicle/IC414,http://irail.be/stations/NMBS/008842002,IC,2017-04-25T16:41:00,2017-04-25T16:37:00,39,39
http://irail.be/vehicle/IC414,http://irail.be/stations/NMBS/008842036,IC,2017-04-25T16:43:00,2017-04-25T16:43:00,39,39
http://irail.be/vehicle/IC414,http://irail.be/stations/NMBS/008844271,IC,2017-04-25T16:47:00,2017-04-25T16:47:00,19,19
http://irail.be/vehicle/IC414,NO-URI,IC,2017-04-25T16:48:00,2017-04-25T16:48:00,25,25
http://irail.be/vehicle/IC414,http://irail.be/stations/NMBS/008844255,IC,2017-04-25T16:49:00,2017-04-25T16:49:00,25,25
http://irail.be/vehicle/IC414,http://irail.be/stations/NMBS/008844230,IC,2017-04-25T16:49:00,2017-04-25T16:49:00,82,82
http://irail.be/vehicle/IC414,http://irail.be/stations/NMBS/008844206,IC,2017-04-25T16:54:00,2017-04-25T16:53:00,82,82
http://irail.be/vehicle/IC414,http://irail.be/stations/NMBS/008844008,IC,2017-04-25T17:02:00,2017-04-25T17:00:00,10,24
http://irail.be/vehicle/IC414,http://irail.be/stations/NMBS/008844057,IC,2017-04-25T17:03:00,2017-04-25T17:03:00,10,10
http://irail.be/vehicle/IC414,NO-URI,IC,2017-04-25T17:05:00,2017-04-25T17:05:00,36,36
http://irail.be/vehicle/IC414,http://irail.be/stations/NMBS/008844545,IC,2017-04-25T17:10:00,2017-04-25T17:09:00,97,97
http://irail.be/vehicle/IC414,http://irail.be/stations/NMBS/008844503,IC,2017-04-25T17:16:00,2017-04-25T17:16:00,,97
http://irail.be/vehicle/IC414,http://irail.be/stations/NMBS/008896008,IC,2017-11-08T14:16:00,2017-11-08T14:16:00,83,
http://irail.be/vehicle/IC414,http://irail.be/stations/NMBS/008896115,IC,2017-11-08T14:22:00,2017-11-08T14:21:00,111,111
http://irail.be/vehicle/IC414,http://irail.be/stations/NMBS/008896149,IC,2017-11-08T14:28:00,2017-11-08T14:27:00,168,150
http://irail.be/vehicle/IC414,http://irail.be/stations/NMBS/008892106,IC,2017-11-08T14:38:00,2017-11-08T14:37:00,162,80
http://irail.be/vehicle/IC414,NO-URI,IC,2017-11-08T14:40:00,2017-11-08T14:40:00,162,162
http://irail.be/vehicle/IC414,http://irail.be/stations/NMBS/008892080,IC,2017-11-08T14:45:00,2017-11-08T14:44:00,124,103
http://irail.be/vehicle/IC414,http://irail.be/stations/NMBS/008892007,IC,2017-11-08T14:54:00,2017-11-08T14:51:00,127,191
http://irail.be/vehicle/IC414,http://irail.be/stations/NMBS/008814001,IC,2017-11-08T15:27:00,2017-11-08T15:24:00,317,276
http://irail.be/vehicle/IC414,http://irail.be/stations/NMBS/008813037,IC,2017-11-08T15:29:00,2017-11-08T15:29:00,336,336
http://irail.be/vehicle/IC414,http://irail.be/stations/NMBS/008813003,IC,2017-11-08T15:31:00,2017-11-08T15:30:00,377,340
http://irail.be/vehicle/IC414,http://irail.be/stations/NMBS/008813045,IC,2017-11-08T15:33:00,2017-11-08T15:33:00,356,356
http://irail.be/vehicle/IC414,http://irail.be/stations/NMBS/008812005,IC,2017-11-08T15:38:00,2017-11-08T15:35:00,302,349
http://irail.be/vehicle/IC414,http://irail.be/stations/NMBS/008811007,IC,2017-11-08T15:41:00,2017-11-08T15:41:00,267,267
http://irail.be/vehicle/IC414,http://irail.be/stations/NMBS/008811130,IC,2017-11-08T15:42:00,2017-11-08T15:42:00,286,286
http://irail.be/vehicle/IC414,http://irail.be/stations/NMBS/008811213,IC,2017-11-08T15:43:00,2017-11-08T15:43:00,273,273
http://irail.be/vehicle/IC414,http://irail.be/stations/NMBS/008811221,IC,2017-11-08T15:44:00,2017-11-08T15:44:00,281,281
http://irail.be/vehicle/IC414,http://irail.be/stations/NMBS/008811247,IC,2017-11-08T15:45:00,2017-11-08T15:45:00,241,241
http://irail.be/vehicle/IC414,http://irail.be/stations/NMBS/008811254,IC,2017-11-08T15:46:00,2017-11-08T15:46:00,151,151
http://irail.be/vehicle/IC414,http://irail.be/stations/NMBS/008811262,IC,2017-11-08T15:48:00,2017-11-08T15:48:00,151,151
http://irail.be/vehicle/IC414,http://irail.be/stations/NMBS/008811270,IC,2017-11-08T15:49:00,2017-11-08T15:49:00,228,228
http://irail.be/vehicle/IC414,http://irail.be/stations/NMBS/008811288,IC,2017-11-08T15:50:00,2017-11-08T15:50:00,240,240
http://irail.be/vehicle/IC414,http://irail.be/stations/NMBS/008833001,IC,2017-11-08T15:57:00,2017-11-08T15:53:00,238,253
http://irail.be/vehicle/IC414,http://irail.be/stations/NMBS/008841202,IC,2017-11-08T16:24:00,2017-11-08T16:24:00,175,175
http://irail.be/vehicle/IC414,http://irail.be/stations/NMBS/008841004,IC,2017-11-08T16:34:00,2017-11-08T16:31:00,126,157
http://irail.be/vehicle/IC414,http://irail.be/stations/NMBS/008842002,IC,2017-11-08T16:41:00,2017-11-08T16:37:00,48,48
http://irail.be/vehicle/IC414,http://irail.be/stations/NMBS/008842036,IC,2017-11-08T16:43:00,2017-11-08T16:43:00,48,48
http://irail.be/vehicle/IC414,http://irail.be/stations/NMBS/008844271,IC,2017-11-08T16:47:00,2017-11-08T16:47:00,23,23
http://irail.be/vehicle/IC414,NO-URI,IC,2017-11-08T16:48:00,2017-11-08T16:48:00,39,39
http://irail.be/vehicle/IC414,http://irail.be/stations/NMBS/008844255,IC,2017-11-08T16:49:00,2017-11-08T16:49:00,37,37
http://irail.be/vehicle/IC414,http://irail.be/stations/NMBS/008844230,IC,2017-11-08T16:49:00,2017-11-08T16:49:00,251,251
http://irail.be/vehicle/IC414,http://irail.be/stations/NMBS/008844206,IC,2017-11-08T16:54:00,2017-11-08T16:53:00,251,251
http://irail.be/vehicle/IC414,http://irail.be/stations/NMBS/008844008,IC,2017-11-08T17:02:00,2017-11-08T17:00:00,147,248
http://irail.be/vehicle/IC414,http://irail.be/stations/NMBS/008844057,IC,2017-11-08T17:03:00,2017-11-08T17:03:00,147,147
http://irail.be/vehicle/IC414,NO-URI,IC,2017-11-08T17:05:00,2017-11-08T17:05:00,163,163
http://irail.be/vehicle/IC414,http://irail.be/stations/NMBS/008844545,IC,2017-11-08T17:10:00,2017-11-08T17:09:00,264,264
http://irail.be/vehicle/IC414,http://irail.be/stations/NMBS/008844503,IC,2017-11-08T17:16:00,2017-11-08T17:16:00,,264
http://irail.be/vehicle/IC414,http://irail.be/stations/NMBS/008896008,IC,2017-01-10T14:16:00,2017-01-10T14:16:00,93,
http://irail.be/vehicle/IC414,http://irail.be/stations/NMBS/008896115,IC,2017-01-10T14:22:00,2017-01-10T14:21:00,165,165
http://irail.be/vehicle/IC414,http://irail.be/stations/NMBS/008896149,IC,2017-01-10T14:28:00,2017-01-10T14:27:00,192,165
http://irail.be/vehicle/IC414,http://irail.be/stations/NMBS/008892106,IC,2017-01-10T14:38:00,2017-01-10T14:37:00,170,112
http://irail.be/vehicle/IC414,NO-URI,IC,2017-01-10T14:40:00,2017-01-10T14:40:00,170,170
http://irail.be/vehicle/IC414,http://irail.be/stations/NMBS/008892080,IC,2017-01-10T14:45:00,2017-01-10T14:44:00,166,120
http://irail.be/vehicle/IC414,http://irail.be/stations/NMBS/008892007,IC,2017-01-10T14:54:00,2017-01-10T14:51:00,196,222
http://irail.be/vehicle/IC414,http://irail.be/stations/NMBS/008814001,IC,2017-01-10T15:27:00,2017-01-10T15:24:00,274,270
http://irail.be/vehicle/IC414,http://irail.be/stations/NMBS/008813037,IC,2017-01-10T15:29:00,2017-01-10T15:29:00,268,268
http://irail.be/vehicle/IC414,http://irail.be/stations/NMBS/008813003,IC,2017-01-10T15:31:00,2017-01-10T15:30:00,299,268
http://irail.be/vehicle/IC414,http://irail.be/stations/NMBS/008813045,IC,2017-01-10T15:33:00,2017-01-10T15:33:00,280,280
http://irail.be/vehicle/IC414,http://irail.be/stations/NMBS/008812005,IC,2017-01-10T15:38:00,2017-01-10T15:35:00,229,267
http://irail.be/vehicle/IC414,http://irail.be/stations/NMBS/008811007,IC,2017-01-10T15:41:00,2017-01-10T15:41:00,195,195
http://irail.be/vehicle/IC414,http://irail.be/stations/NMBS/008811130,IC,2017-01-10T15:42:00,2017-01-10T15:42:00,187,187
http://irail.be/vehicle/IC414,http://irail.be/stations/NMBS/008811213,IC,2017-01-10T15:43:00,2017-01-10T15:43:00,194,194
http://irail.be/vehicle/IC414,http://irail.be/stations/NMBS/008811221,IC,2017-01-10T15:44:00,2017-01-10T15:44:00,205,205
http://irail.be/vehicle/IC414,http://irail.be/stations/NMBS/008811247,IC,2017-01-10T15:45:00,2017-01-10T15:45:00,165,165
http://irail.be/vehicle/IC414,http://irail.be/stations/NMBS/008811254,IC,2017-01-10T15:46:00,2017-01-10T15:46:00,75,75
http://irail.be/vehicle/IC414,http://irail.be/stations/NMBS/008811262,IC,2017-01-10T15:48:00,2017-01-10T15:48:00,75,75
http://irail.be/vehicle/IC414,http://irail.be/stations/NMBS/008811270,IC,2017-01-10T15:49:00,2017-01-10T15:49:00,151,151
http://irail.be/vehicle/IC414,http://irail.be/stations/NMBS/008811288,IC,2017-01-10T15:50:00,2017-01-10T15:50:00,164,164
http://irail.be/vehicle/IC414,http://irail.be/stations/NMBS/008833001,IC,2017-01-10T15:57:00,2017-01-10T15:53:00,11,146
http://irail.be/vehicle/IC414,http://irail.be/stations/NMBS/008841202,IC,2017-01-10T16:24:00,2017-01-10T16:24:00,-75,-75
http://irail.be/vehicle/IC414,http://irail.be/stations/NMBS/008841004,IC,2017-01-10T16:34:00,2017-01-10T16:31:00,15,19
http://irail.be/vehicle/IC414,http://irail.be/stations/NMBS/008842002,IC,2017-01-10T16:41:00,2017-01-10T16:37:00,289,289
http://irail.be/vehicle/IC414,http://irail.be/stations/NMBS/008842036,IC,2017-01-10T16:43:00,2017-01-10T16:43:00,289,289
http://irail.be/vehicle/IC414,http://irail.be/stations/NMBS/008844271,IC,2017-01-10T16:47:00,2017-01-10T16:47:00,265,265
http://irail.be/vehicle/IC414,NO-URI,IC,2017-01-10T16:48:00,2017-01-10T16:48:00,255,255
http://irail.be/vehicle/IC414,http://irail.be/stations/NMBS/008844255,IC,2017-01-10T16:49:00,2017-01-10T16:49:00,251,251
http://irail.be/vehicle/IC414,http://irail.be/stations/NMBS/008844230,IC,2017-01-10T16:49:00,2017-01-10T16:49:00,282,282
http://irail.be/vehicle/IC414,http://irail.be/stations/NMBS/008844206,IC,2017-01-10T16:54:00,2017-01-10T16:53:00,282,282
http://irail.be/vehicle/IC414,http://irail.be/stations/NMBS/008844008,IC,2017-01-10T17:02:00,2017-01-10T17:00:00,117,199
http://irail.be/vehicle/IC414,http://irail.be/stations/NMBS/008844057,IC,2017-01-10T17:03:00,2017-01-10T17:03:00,117,117
http://irail.be/vehicle/IC414,NO-URI,IC,2017-01-10T17:05:00,2017-01-10T17:05:00,137,137
http://irail.be/vehicle/IC414,http://irail.be/stations/NMBS/008844545,IC,2017-01-10T17:10:00,2017-01-10T17:09:00,124,124
http://irail.be/vehicle/IC414,http://irail.be/stations/NMBS/008844503,IC,2017-01-10T17:16:00,2017-01-10T17:16:00,,124
http://irail.be/vehicle/IC414,http://irail.be/stations/NMBS/008896008,IC,2017-10-18T14:16:00,2017-10-18T14:16:00,38,
http://irail.be/vehicle/IC414,http://irail.be/stations/NMBS/008896115,IC,2017-10-18T14:22:00,2017-10-18T14:21:00,64,64
http://irail.be/vehicle/IC414,http://irail.be/stations/NMBS/008896149,IC,2017-10-18T14:28:00,2017-10-18T14:27:00,101,80
http://irail.be/vehicle/IC414,http://irail.be/stations/NMBS/008892106,IC,2017-10-18T14:38:00,2017-10-18T14:37:00,68,4
http://irail.be/vehicle/IC414,NO-URI,IC,2017-10-18T14:40:00,2017-10-18T14:40:00,68,68
http://irail.be/vehicle/IC414,http://irail.be/stations/NMBS/008892080,IC,2017-10-18T14:45:00,2017-10-18T14:44:00,18,-8
http://irail.be/vehicle/IC414,http://irail.be/stations/NMBS/008892007,IC,2017-10-18T14:54:00,2017-10-18T14:51:00,50,44
http://irail.be/vehicle/IC414,http://irail.be/stations/NMBS/008814001,IC,2017-10-18T15:27:00,2017-10-18T15:24:00,153,147
http://irail.be/vehicle/IC414,http://irail.be/stations/NMBS/008813037,IC,2017-10-18T15:29:00,2017-10-18T15:29:00,178,178
http://irail.be/vehicle/IC414,http://irail.be/stations/NMBS/008813003,IC,2017-10-18T15:31:00,2017-10-18T15:30:00,210,180
http://irail.be/vehicle/IC414,http://irail.be/stations/NMBS/008813045,IC,2017-10-18T15:33:00,2017-10-18T15:33:00,193,193
http://irail.be/vehicle/IC414,http://irail.be/stations/NMBS/008812005,IC,2017-10-18T15:38:00,2017-10-18T15:35:00,232,190
http://irail.be/vehicle/IC414,http://irail.be/stations/NMBS/008811007,IC,2017-10-18T15:41:00,2017-10-18T15:41:00,215,215
http://irail.be/vehicle/IC414,http://irail.be/stations/NMBS/008811130,IC,2017-10-18T15:42:00,2017-10-18T15:42:00,235,235
http://irail.be/vehicle/IC414,http://irail.be/stations/NMBS/008811213,IC,2017-10-18T15:43:00,2017-10-18T15:43:00,221,221
http://irail.be/vehicle/IC414,http://irail.be/stations/NMBS/008811221,IC,2017-10-18T15:44:00,2017-10-18T15:44:00,231,231
http://irail.be/vehicle/IC414,http://irail.be/stations/NMBS/008811247,IC,2017-10-18T15:45:00,2017-10-18T15:45:00,192,192
http://irail.be/vehicle/IC414,http://irail.be/stations/NMBS/008811254,IC,2017-10-18T15:46:00,2017-10-18T15:46:00,101,101
http://irail.be/vehicle/IC414,http://irail.be/stations/NMBS/008811262,IC,2017-10-18T15:48:00,2017-10-18T15:48:00,101,101
http://irail.be/vehicle/IC414,http://irail.be/stations/NMBS/008811270,IC,2017-10-18T15:49:00,2017-10-18T15:49:00,181,181
http://irail.be/vehicle/IC414,http://irail.be/stations/NMBS/008811288,IC,2017-10-18T15:50:00,2017-10-18T15:50:00,194,194
http://irail.be/vehicle/IC414,http://irail.be/stations/NMBS/008833001,IC,2017-10-18T15:57:00,2017-10-18T15:53:00,126,188
http://irail.be/vehicle/IC414,http://irail.be/stations/NMBS/008841202,IC,2017-10-18T16:24:00,2017-10-18T16:24:00,45,45
http://irail.be/vehicle/IC414,http://irail.be/stations/NMBS/008841004,IC,2017-10-18T16:34:00,2017-10-18T16:31:00,32,30
http://irail.be/vehicle/IC414,http://irail.be/stations/NMBS/008842002,IC,2017-10-18T16:41:00,2017-10-18T16:37:00,35,35
http://irail.be/vehicle/IC414,http://irail.be/stations/NMBS/008842036,IC,2017-10-18T16:43:00,2017-10-18T16:43:00,35,35
http://irail.be/vehicle/IC414,http://irail.be/stations/NMBS/008844271,IC,2017-10-18T16:47:00,2017-10-18T16:47:00,14,14
http://irail.be/vehicle/IC414,NO-URI,IC,2017-10-18T16:48:00,2017-10-18T16:48:00,18,18
http://irail.be/vehicle/IC414,http://irail.be/stations/NMBS/008844255,IC,2017-10-18T16:49:00,2017-10-18T16:49:00,21,21
http://irail.be/vehicle/IC414,http://irail.be/stations/NMBS/008844230,IC,2017-10-18T16:49:00,2017-10-18T16:49:00,130,130
http://irail.be/vehicle/IC414,http://irail.be/stations/NMBS/008844206,IC,2017-10-18T16:54:00,2017-10-18T16:53:00,130,130
http://irail.be/vehicle/IC414,http://irail.be/stations/NMBS/008844008,IC,2017-10-18T17:02:00,2017-10-18T17:00:00,14,89
http://irail.be/vehicle/IC414,http://irail.be/stations/NMBS/008844057,IC,2017-10-18T17:03:00,2017-10-18T17:03:00,14,14
http://irail.be/vehicle/IC414,NO-URI,IC,2017-10-18T17:05:00,2017-10-18T17:05:00,51,51
http://irail.be/vehicle/IC414,http://irail.be/stations/NMBS/008844545,IC,2017-10-18T17:10:00,2017-10-18T17:09:00,97,97
http://irail.be/vehicle/IC414,http://irail.be/stations/NMBS/008844503,IC,2017-10-18T17:16:00,2017-10-18T17:16:00,,97
http://irail.be/vehicle/IC414,http://irail.be/stations/NMBS/008896008,IC,2017-06-23T14:16:00,2017-06-23T14:16:00,39,
http://irail.be/vehicle/IC414,http://irail.be/stations/NMBS/008896115,IC,2017-06-23T14:22:00,2017-06-23T14:21:00,22,22
http://irail.be/vehicle/IC414,http://irail.be/stations/NMBS/008896149,IC,2017-06-23T14:28:00,2017-06-23T14:27:00,47,32
http://irail.be/vehicle/IC414,http://irail.be/stations/NMBS/008892106,IC,2017-06-23T14:38:00,2017-06-23T14:37:00,67,-46
http://irail.be/vehicle/IC414,NO-URI,IC,2017-06-23T14:40:00,2017-06-23T14:40:00,67,67
http://irail.be/vehicle/IC414,http://irail.be/stations/NMBS/008892080,IC,2017-06-23T14:45:00,2017-06-23T14:44:00,9,-21
http://irail.be/vehicle/IC414,http://irail.be/stations/NMBS/008892007,IC,2017-06-23T14:54:00,2017-06-23T14:51:00,44,40
http://irail.be/vehicle/IC414,http://irail.be/stations/NMBS/008814001,IC,2017-06-23T15:27:00,2017-06-23T15:24:00,270,185
http://irail.be/vehicle/IC414,http://irail.be/stations/NMBS/008813037,IC,2017-06-23T15:29:00,2017-06-23T15:29:00,287,287
http://irail.be/vehicle/IC414,http://irail.be/stations/NMBS/008813003,IC,2017-06-23T15:31:00,2017-06-23T15:30:00,314,291
http://irail.be/vehicle/IC414,http://irail.be/stations/NMBS/008813045,IC,2017-06-23T15:33:00,2017-06-23T15:33:00,292,292
http://irail.be/vehicle/IC414,http://irail.be/stations/NMBS/008812005,IC,2017-06-23T15:38:00,2017-06-23T15:35:00,263,285
http://irail.be/vehicle/IC414,http://irail.be/stations/NMBS/008811007,IC,2017-06-23T15:41:00,2017-06-23T15:41:00,229,229
http://irail.be/vehicle/IC414,http://irail.be/stations/NMBS/008811130,IC,2017-06-23T15:42:00,2017-06-23T15:42:00,249,249
http://irail.be/vehicle/IC414,http://irail.be/stations/NMBS/008811213,IC,2017-06-23T15:43:00,2017-06-23T15:43:00,237,237
http://irail.be/vehicle/IC414,http://irail.be/stations/NMBS/008811221,IC,2017-06-23T15:44:00,2017-06-23T15:44:00,242,242
http://irail.be/vehicle/IC414,http://irail.be/stations/NMBS/008811247,IC,2017-06-23T15:45:00,2017-06-23T15:45:00,191,191
http://irail.be/vehicle/IC414,http://irail.be/stations/NMBS/008811254,IC,2017-06-23T15:46:00,2017-06-23T15:46:00,92,92
http://irail.be/vehicle/IC414,http://irail.be/stations/NMBS/008811262,IC,2017-06-23T15:48:00,2017-06-23T15:48:00,92,92
http://irail.be/vehicle/IC414,http://irail.be/stations/NMBS/008811270,IC,2017-06-23T15:49:00,2017-06-23T15:49:00,137,137
http://irail.be/vehicle/IC414,http://irail.be/stations/NMBS/008811288,IC,2017-06-23T15:50:00,2017-06-23T15:50:00,146,146
http://irail.be/vehicle/IC414,http://irail.be/stations/NMBS/008833001,IC,2017-06-23T15:57:00,2017-06-23T15:53:00,22,133
http://irail.be/vehicle/IC414,http://irail.be/stations/NMBS/008841202,IC,2017-06-23T16:24:00,2017-06-23T16:24:00,-42,-42
http://irail.be/vehicle/IC414,http://irail.be/stations/NMBS/008841004,IC,2017-06-23T16:34:00,2017-06-23T16:31:00,17,62
http://irail.be/vehicle/IC414,http://irail.be/stations/NMBS/008842002,IC,2017-06-23T16:41:00,2017-06-23T16:37:00,30,30
http://irail.be/vehicle/IC414,http://irail.be/stations/NMBS/008842036,IC,2017-06-23T16:43:00,2017-06-23T16:43:00,30,30
http://irail.be/vehicle/IC414,http://irail.be/stations/NMBS/008844271,IC,2017-06-23T16:47:00,2017-06-23T16:47:00,-4,-4
http://irail.be/vehicle/IC414,NO-URI,IC,2017-06-23T16:48:00,2017-06-23T16:48:00,0,0
http://irail.be/vehicle/IC414,http://irail.be/stations/NMBS/008844255,IC,2017-06-23T16:49:00,2017-06-23T16:49:00,-1,-1
http://irail.be/vehicle/IC414,http://irail.be/stations/NMBS/008844230,IC,2017-06-23T16:49:00,2017-06-23T16:49:00,51,51
http://irail.be/vehicle/IC414,http://irail.be/stations/NMBS/008844206,IC,2017-06-23T16:54:00,2017-06-23T16:53:00,51,51
http://irail.be/vehicle/IC414,http://irail.be/stations/NMBS/008844008,IC,2017-06-23T17:02:00,2017-06-23T17:00:00,-19,-29
http://irail.be/vehicle/IC414,http://irail.be/stations/NMBS/008844057,IC,2017-06-23T17:03:00,2017-06-23T17:03:00,-14,-14
http://irail.be/vehicle/IC414,NO-URI,IC,2017-06-23T17:05:00,2017-06-23T17:05:00,11,11
http://irail.be/vehicle/IC414,http://irail.be/stations/NMBS/008844545,IC,2017-06-23T17:10:00,2017-06-23T17:09:00,116,116
http://irail.be/vehicle/IC414,http://irail.be/stations/NMBS/008844503,IC,2017-06-23T17:16:00,2017-06-23T17:16:00,,116
http://irail.be/vehicle/IC414,http://irail.be/stations/NMBS/008896008,IC,2017-08-29T14:16:00,2017-08-29T14:16:00,69,
http://irail.be/vehicle/IC414,http://irail.be/stations/NMBS/008896115,IC,2017-08-29T14:22:00,2017-08-29T14:21:00,194,194
http://irail.be/vehicle/IC414,http://irail.be/stations/NMBS/008896149,IC,2017-08-29T14:28:00,2017-08-29T14:27:00,233,208
http://irail.be/vehicle/IC414,http://irail.be/stations/NMBS/008892106,IC,2017-08-29T14:38:00,2017-08-29T14:37:00,202,155
http://irail.be/vehicle/IC414,NO-URI,IC,2017-08-29T14:40:00,2017-08-29T14:40:00,202,202
http://irail.be/vehicle/IC414,http://irail.be/stations/NMBS/008892080,IC,2017-08-29T14:45:00,2017-08-29T14:44:00,132,103
http://irail.be/vehicle/IC414,http://irail.be/stations/NMBS/008892007,IC,2017-08-29T14:54:00,2017-08-29T14:51:00,174,207
http://irail.be/vehicle/IC414,http://irail.be/stations/NMBS/008814001,IC,2017-08-29T15:27:00,2017-08-29T15:24:00,149,124
http://irail.be/vehicle/IC414,http://irail.be/stations/NMBS/008813037,IC,2017-08-29T15:29:00,2017-08-29T15:29:00,166,166
http://irail.be/vehicle/IC414,http://irail.be/stations/NMBS/008813003,IC,2017-08-29T15:31:00,2017-08-29T15:30:00,176,167
http://irail.be/vehicle/IC414,http://irail.be/stations/NMBS/008813045,IC,2017-08-29T15:33:00,2017-08-29T15:33:00,154,154
http://irail.be/vehicle/IC414,http://irail.be/stations/NMBS/008812005,IC,2017-08-29T15:38:00,2017-08-29T15:35:00,145,147
http://irail.be/vehicle/IC414,http://irail.be/stations/NMBS/008811007,IC,2017-08-29T15:41:00,2017-08-29T15:41:00,115,115
http://irail.be/vehicle/IC414,http://irail.be/stations/NMBS/008811130,IC,2017-08-29T15:42:00,2017-08-29T15:42:00,142,142
http://irail.be/vehicle/IC414,http://irail.be/stations/NMBS/008811213,IC,2017-08-29T15:43:00,2017-08-29T15:43:00,131,131
http://irail.be/vehicle/IC414,http://irail.be/stations/NMBS/008811221,IC,2017-08-29T15:44:00,2017-08-29T15:44:00,140,140
http://irail.be/vehicle/IC414,http://irail.be/stations/NMBS/008811247,IC,2017-08-29T15:45:00,2017-08-29T15:45:00,101,101
http://irail.be/vehicle/IC414,http://irail.be/stations/NMBS/008811254,IC,2017-08-29T15:46:00,2017-08-29T15:46:00,10,10
http://irail.be/vehicle/IC414,http://irail.be/stations/NMBS/008811262,IC,2017-08-29T15:48:00,2017-08-29T15:48:00,10,10
http://irail.be/vehicle/IC414,http://irail.be/stations/NMBS/008811270,IC,2017-08-29T15:49:00,2017-08-29T15:49:00,93,93
http://irail.be/vehicle/IC414,http://irail.be/stations/NMBS/008811288,IC,2017-08-29T15:50:00,2017-08-29T15:50:00,106,106
http://irail.be/vehicle/IC414,http://irail.be/stations/NMBS/008833001,IC,2017-08-29T15:57:00,2017-08-29T15:53:00,30,115
http://irail.be/vehicle/IC414,http://irail.be/stations/NMBS/008841202,IC,2017-08-29T16:24:00,2017-08-29T16:24:00,-24,-24
http://irail.be/vehicle/IC414,http://irail.be/stations/NMBS/008841004,IC,2017-08-29T16:34:00,2017-08-29T16:31:00,210,218
http://irail.be/vehicle/IC414,http://irail.be/stations/NMBS/008842002,IC,2017-08-29T16:41:00,2017-08-29T16:37:00,148,148
http://irail.be/vehicle/IC414,http://irail.be/stations/NMBS/008842036,IC,2017-08-29T16:43:00,2017-08-29T16:43:00,148,148
http://irail.be/vehicle/IC414,http://irail.be/stations/NMBS/008844271,IC,2017-08-29T16:47:00,2017-08-29T16:47:00,118,118
http://irail.be/vehicle/IC414,NO-URI,IC,2017-08-29T16:48:00,2017-08-29T16:48:00,124,124
http://irail.be/vehicle/IC414,http://irail.be/stations/NMBS/008844255,IC,2017-08-29T16:49:00,2017-08-29T16:49:00,124,124
http://irail.be/vehicle/IC414,http://irail.be/stations/NMBS/008844230,IC,2017-08-29T16:49:00,2017-08-29T16:49:00,280,280
http://irail.be/vehicle/IC414,http://irail.be/stations/NMBS/008844206,IC,2017-08-29T16:54:00,2017-08-29T16:53:00,280,280
http://irail.be/vehicle/IC414,http://irail.be/stations/NMBS/008844008,IC,2017-08-29T17:02:00,2017-08-29T17:00:00,115,202
http://irail.be/vehicle/IC414,http://irail.be/stations/NMBS/008844057,IC,2017-08-29T17:03:00,2017-08-29T17:03:00,115,115
http://irail.be/vehicle/IC414,NO-URI,IC,2017-08-29T17:05:00,2017-08-29T17:05:00,141,141
http://irail.be/vehicle/IC414,http://irail.be/stations/NMBS/008844545,IC,2017-08-29T17:10:00,2017-08-29T17:09:00,255,255
http://irail.be/vehicle/IC414,http://irail.be/stations/NMBS/008844503,IC,2017-08-29T17:16:00,2017-08-29T17:16:00,,255
http://irail.be/vehicle/IC414,http://irail.be/stations/NMBS/008896008,IC,2017-05-29T14:16:00,2017-05-29T14:16:00,258,
http://irail.be/vehicle/IC414,http://irail.be/stations/NMBS/008896115,IC,2017-05-29T14:22:00,2017-05-29T14:21:00,287,287
http://irail.be/vehicle/IC414,http://irail.be/stations/NMBS/008896149,IC,2017-05-29T14:28:00,2017-05-29T14:27:00,380,359
http://irail.be/vehicle/IC414,http://irail.be/stations/NMBS/008892106,IC,2017-05-29T14:38:00,2017-05-29T14:37:00,337,301
http://irail.be/vehicle/IC414,NO-URI,IC,2017-05-29T14:40:00,2017-05-29T14:40:00,337,337
http://irail.be/vehicle/IC414,http://irail.be/stations/NMBS/008892080,IC,2017-05-29T14:45:00,2017-05-29T14:44:00,292,263
http://irail.be/vehicle/IC414,http://irail.be/stations/NMBS/008892007,IC,2017-05-29T14:54:00,2017-05-29T14:51:00,325,371
http://irail.be/vehicle/IC414,http://irail.be/stations/NMBS/008814001,IC,2017-05-29T15:27:00,2017-05-29T15:24:00,291,375
http://irail.be/vehicle/IC414,http://irail.be/stations/NMBS/008813037,IC,2017-05-29T15:29:00,2017-05-29T15:29:00,301,301
http://irail.be/vehicle/IC414,http://irail.be/stations/NMBS/008813003,IC,2017-05-29T15:31:00,2017-05-29T15:30:00,404,305
http://irail.be/vehicle/IC414,http://irail.be/stations/NMBS/008813045,IC,2017-05-29T15:33:00,2017-05-29T15:33:00,385,385
http://irail.be/vehicle/IC414,http://irail.be/stations/NMBS/008812005,IC,2017-05-29T15:38:00,2017-05-29T15:35:00,367,400
http://irail.be/vehicle/IC414,http://irail.be/stations/NMBS/008811007,IC,2017-05-29T15:41:00,2017-05-29T15:41:00,347,347
http://irail.be/vehicle/IC414,http://irail.be/stations/NMBS/008811130,IC,2017-05-29T15:42:00,2017-05-29T15:42:00,365,365
http://irail.be/vehicle/IC414,http://irail.be/stations/NMBS/008811213,IC,2017-05-29T15:43:00,2017-05-29T15:43:00,353,353
http://irail.be/vehicle/IC414,http://irail.be/stations/NMBS/008811221,IC,2017-05-29T15:44:00,2017-05-29T15:44:00,363,363
http://irail.be/vehicle/IC414,http://irail.be/stations/NMBS/008811247,IC,2017-05-29T15:45:00,2017-05-29T15:45:00,322,322
http://irail.be/vehicle/IC414,http://irail.be/stations/NMBS/008811254,IC,2017-05-29T15:46:00,2017-05-29T15:46:00,232,232
http://irail.be/vehicle/IC414,http://irail.be/stations/NMBS/008811262,IC,2017-05-29T15:48:00,2017-05-29T15:48:00,232,232
http://irail.be/vehicle/IC414,http://irail.be/stations/NMBS/008811270,IC,2017-05-29T15:49:00,2017-05-29T15:49:00,309,309
http://irail.be/vehicle/IC414,http://irail.be/stations/NMBS/008811288,IC,2017-05-29T15:50:00,2017-05-29T15:50:00,319,319
http://irail.be/vehicle/IC414,http://irail.be/stations/NMBS/008833001,IC,2017-05-29T15:57:00,2017-05-29T15:53:00,266,318
http://irail.be/vehicle/IC414,http://irail.be/stations/NMBS/008841202,IC,2017-05-29T16:24:00,2017-05-29T16:24:00,106,106
http://irail.be/vehicle/IC414,http://irail.be/stations/NMBS/008841004,IC,2017-05-29T16:34:00,2017-05-29T16:31:00,13,66
http://irail.be/vehicle/IC414,http://irail.be/stations/NMBS/008842002,IC,2017-05-29T16:41:00,2017-05-29T16:37:00,83,83
http://irail.be/vehicle/IC414,http://irail.be/stations/NMBS/008842036,IC,2017-05-29T16:43:00,2017-05-29T16:43:00,83,83
http://irail.be/vehicle/IC414,http://irail.be/stations/NMBS/008844271,IC,2017-05-29T16:47:00,2017-05-29T16:47:00,59,59
http://irail.be/vehicle/IC414,NO-URI,IC,2017-05-29T16:48:00,2017-05-29T16:48:00,42,42
http://irail.be/vehicle/IC414,http://irail.be/stations/NMBS/008844255,IC,2017-05-29T16:49:00,2017-05-29T16:49:00,36,36
http://irail.be/vehicle/IC414,http://irail.be/stations/NMBS/008844230,IC,2017-05-29T16:49:00,2017-05-29T16:49:00,69,69
http://irail.be/vehicle/IC414,http://irail.be/stations/NMBS/008844206,IC,2017-05-29T16:54:00,2017-05-29T16:53:00,69,69
http://irail.be/vehicle/IC414,http://irail.be/stations/NMBS/008844008,IC,2017-05-29T17:02:00,2017-05-29T17:00:00,-10,-6
http://irail.be/vehicle/IC414,http://irail.be/stations/NMBS/008844057,IC,2017-05-29T17:03:00,2017-05-29T17:03:00,-10,-10
http://irail.be/vehicle/IC414,NO-URI,IC,2017-05-29T17:05:00,2017-05-29T17:05:00,20,20
http://irail.be/vehicle/IC414,http://irail.be/stations/NMBS/008844545,IC,2017-05-29T17:10:00,2017-05-29T17:09:00,20,20
http://irail.be/vehicle/IC414,http://irail.be/stations/NMBS/008844503,IC,2017-05-29T17:16:00,2017-05-29T17:16:00,,20
http://irail.be/vehicle/IC414,http://irail.be/stations/NMBS/008896008,IC,2017-11-30T14:16:00,2017-11-30T14:16:00,57,
http://irail.be/vehicle/IC414,http://irail.be/stations/NMBS/008896115,IC,2017-11-30T14:22:00,2017-11-30T14:21:00,108,108
http://irail.be/vehicle/IC414,http://irail.be/stations/NMBS/008896149,IC,2017-11-30T14:28:00,2017-11-30T14:27:00,163,157
http://irail.be/vehicle/IC414,http://irail.be/stations/NMBS/008892106,IC,2017-11-30T14:38:00,2017-11-30T14:37:00,131,66
http://irail.be/vehicle/IC414,NO-URI,IC,2017-11-30T14:40:00,2017-11-30T14:40:00,131,131
http://irail.be/vehicle/IC414,http://irail.be/stations/NMBS/008892080,IC,2017-11-30T14:45:00,2017-11-30T14:44:00,121,85
http://irail.be/vehicle/IC414,http://irail.be/stations/NMBS/008892007,IC,2017-11-30T14:54:00,2017-11-30T14:51:00,209,209
http://irail.be/vehicle/IC414,http://irail.be/stations/NMBS/008814001,IC,2017-11-30T15:27:00,2017-11-30T15:24:00,249,219
http://irail.be/vehicle/IC414,http://irail.be/stations/NMBS/008813037,IC,2017-11-30T15:29:00,2017-11-30T15:29:00,267,267
http://irail.be/vehicle/IC414,http://irail.be/stations/NMBS/008813003,IC,2017-11-30T15:31:00,2017-11-30T15:30:00,412,347
http://irail.be/vehicle/IC414,http://irail.be/stations/NMBS/008813045,IC,2017-11-30T15:33:00,2017-11-30T15:33:00,395,395
http://irail.be/vehicle/IC414,http://irail.be/stations/NMBS/008812005,IC,2017-11-30T15:38:00,2017-11-30T15:35:00,345,389
http://irail.be/vehicle/IC414,http://irail.be/stations/NMBS/008811007,IC,2017-11-30T15:41:00,2017-11-30T15:41:00,317,317
http://irail.be/vehicle/IC414,http://irail.be/stations/NMBS/008811130,IC,2017-11-30T15:42:00,2017-11-30T15:42:00,348,348
http://irail.be/vehicle/IC414,http://irail.be/stations/NMBS/008811213,IC,2017-11-30T15:43:00,2017-11-30T15:43:00,340,340
http://irail.be/vehicle/IC414,http://irail.be/stations/NMBS/008811221,IC,2017-11-30T15:44:00,2017-11-30T15:44:00,349,349
http://irail.be/vehicle/IC414,http://irail.be/stations/NMBS/008811247,IC,2017-11-30T15:45:00,2017-11-30T15:45:00,309,309
http://irail.be/vehicle/IC414,http://irail.be/stations/NMBS/008811254,IC,2017-11-30T15:46:00,2017-11-30T15:46:00,220,220
http://irail.be/vehicle/IC414,http://irail.be/stations/NMBS/008811262,IC,2017-11-30T15:48:00,2017-11-30T15:48:00,220,220
http://irail.be/vehicle/IC414,http://irail.be/stations/NMBS/008811270,IC,2017-11-30T15:49:00,2017-11-30T15:49:00,297,297
http://irail.be/vehicle/IC414,http://irail.be/stations/NMBS/008811288,IC,2017-11-30T15:50:00,2017-11-30T15:50:00,307,307
http://irail.be/vehicle/IC414,http://irail.be/stations/NMBS/008833001,IC,2017-11-30T15:57:00,2017-11-30T15:53:00,175,292
http://irail.be/vehicle/IC414,http://irail.be/stations/NMBS/008841202,IC,2017-11-30T16:24:00,2017-11-30T16:24:00,370,370
http://irail.be/vehicle/IC414,http://irail.be/stations/NMBS/008841004,IC,2017-11-30T16:34:00,2017-11-30T16:31:00,272,322
http://irail.be/vehicle/IC414,http://irail.be/stations/NMBS/008842002,IC,2017-11-30T16:41:00,2017-11-30T16:37:00,128,128
http://irail.be/vehicle/IC414,http://irail.be/stations/NMBS/008842036,IC,2017-11-30T16:43:00,2017-11-30T16:43:00,128,128
http://irail.be/vehicle/IC414,http://irail.be/stations/NMBS/008844271,IC,2017-11-30T16:47:00,2017-11-30T16:47:00,104,104
http://irail.be/vehicle/IC414,NO-URI,IC,2017-11-30T16:48:00,2017-11-30T16:48:00,134,134
http://irail.be/vehicle/IC414,http://irail.be/stations/NMBS/008844255,IC,2017-11-30T16:49:00,2017-11-30T16:49:00,164,164
http://irail.be/vehicle/IC414,http://irail.be/stations/NMBS/008844230,IC,2017-11-30T16:49:00,2017-11-30T16:49:00,260,260
http://irail.be/vehicle/IC414,http://irail.be/stations/NMBS/008844206,IC,2017-11-30T16:54:00,2017-11-30T16:53:00,260,260
http://irail.be/vehicle/IC414,http://irail.be/stations/NMBS/008844008,IC,2017-11-30T17:02:00,2017-11-30T17:00:00,108,175
http://irail.be/vehicle/IC414,http://irail.be/stations/NMBS/008844057,IC,2017-11-30T17:03:00,2017-11-30T17:03:00,108,108
http://irail.be/vehicle/IC414,NO-URI,IC,2017-11-30T17:05:00,2017-11-30T17:05:00,107,107
http://irail.be/vehicle/IC414,http://irail.be/stations/NMBS/008844545,IC,2017-11-30T17:10:00,2017-11-30T17:09:00,223,223
http://irail.be/vehicle/IC414,http://irail.be/stations/NMBS/008844503,IC,2017-11-30T17:16:00,2017-11-30T17:16:00,,223
http://irail.be/vehicle/IC414,http://irail.be/stations/NMBS/008896008,IC,2017-09-12T14:16:00,2017-09-12T14:16:00,46,
http://irail.be/vehicle/IC414,http://irail.be/stations/NMBS/008896115,IC,2017-09-12T14:22:00,2017-09-12T14:21:00,54,54
http://irail.be/vehicle/IC414,http://irail.be/stations/NMBS/008896149,IC,2017-09-12T14:28:00,2017-09-12T14:27:00,81,74
http://irail.be/vehicle/IC414,http://irail.be/stations/NMBS/008892106,IC,2017-09-12T14:38:00,2017-09-12T14:37:00,55,-21
http://irail.be/vehicle/IC414,NO-URI,IC,2017-09-12T14:40:00,2017-09-12T14:40:00,55,55
http://irail.be/vehicle/IC414,http://irail.be/stations/NMBS/008892080,IC,2017-09-12T14:45:00,2017-09-12T14:44:00,38,-41
http://irail.be/vehicle/IC414,http://irail.be/stations/NMBS/008892007,IC,2017-09-12T14:54:00,2017-09-12T14:51:00,59,80
http://irail.be/vehicle/IC414,http://irail.be/stations/NMBS/008814001,IC,2017-09-12T15:27:00,2017-09-12T15:24:00,78,122
http://irail.be/vehicle/IC414,http://irail.be/stations/NMBS/008813037,IC,2017-09-12T15:29:00,2017-09-12T15:29:00,96,96
http://irail.be/vehicle/IC414,http://irail.be/stations/NMBS/008813003,IC,2017-09-12T15:31:00,2017-09-12T15:30:00,135,115
http://irail.be/vehicle/IC414,http://irail.be/stations/NMBS/008813045,IC,2017-09-12T15:33:00,2017-09-12T15:33:00,114,114
http://irail.be/vehicle/IC414,http://irail.be/stations/NMBS/008812005,IC,2017-09-12T15:38:00,2017-09-12T15:35:00,141,108
http://irail.be/vehicle/IC414,http://irail.be/stations/NMBS/008811007,IC,2017-09-12T15:41:00,2017-09-12T15:41:00,112,112
http://irail.be/vehicle/IC414,http://irail.be/stations/NMBS/008811130,IC,2017-09-12T15:42:00,2017-09-12T15:42:00,148,148
http://irail.be/vehicle/IC414,http://irail.be/stations/NMBS/008811213,IC,2017-09-12T15:43:00,2017-09-12T15:43:00,147,147
http://irail.be/vehicle/IC414,http://irail.be/stations/NMBS/008811221,IC,2017-09-12T15:44:00,2017-09-12T15:44:00,157,157
http://irail.be/vehicle/IC414,http://irail.be/stations/NMBS/008811247,IC,2017-09-12T15:45:00,2017-09-12T15:45:00,115,115
http://irail.be/vehicle/IC414,http://irail.be/stations/NMBS/008811254,IC,2017-09-12T15:46:00,2017-09-12T15:46:00,25,25
http://irail.be/vehicle/IC414,http://irail.be/stations/NMBS/008811262,IC,2017-09-12T15:48:00,2017-09-12T15:48:00,25,25
http://irail.be/vehicle/IC414,http://irail.be/stations/NMBS/008811270,IC,2017-09-12T15:49:00,2017-09-12T15:49:00,108,108
http://irail.be/vehicle/IC414,http://irail.be/stations/NMBS/008811288,IC,2017-09-12T15:50:00,2017-09-12T15:50:00,126,126
http://irail.be/vehicle/IC414,http://irail.be/stations/NMBS/008833001,IC,2017-09-12T15:57:00,2017-09-12T15:53:00,45,144
http://irail.be/vehicle/IC414,http://irail.be/stations/NMBS/008841202,IC,2017-09-12T16:24:00,2017-09-12T16:24:00,-31,-31
http://irail.be/vehicle/IC414,http://irail.be/stations/NMBS/008841004,IC,2017-09-12T16:34:00,2017-09-12T16:31:00,88,125
http://irail.be/vehicle/IC414,http://irail.be/stations/NMBS/008842002,IC,2017-09-12T16:41:00,2017-09-12T16:37:00,74,74
http://irail.be/vehicle/IC414,http://irail.be/stations/NMBS/008842036,IC,2017-09-12T16:43:00,2017-09-12T16:43:00,74,74
http://irail.be/vehicle/IC414,http://irail.be/stations/NMBS/008844271,IC,2017-09-12T16:47:00,2017-09-12T16:47:00,53,53
http://irail.be/vehicle/IC414,NO-URI,IC,2017-09-12T16:48:00,2017-09-12T16:48:00,52,52
http://irail.be/vehicle/IC414,http://irail.be/stations/NMBS/008844255,IC,2017-09-12T16:49:00,2017-09-12T16:49:00,47,47
http://irail.be/vehicle/IC414,http://irail.be/stations/NMBS/008844230,IC,2017-09-12T16:49:00,2017-09-12T16:49:00,121,121
http://irail.be/vehicle/IC414,http://irail.be/stations/NMBS/008844206,IC,2017-09-12T16:54:00,2017-09-12T16:53:00,121,121
http://irail.be/vehicle/IC414,http://irail.be/stations/NMBS/008844008,IC,2017-09-12T17:02:00,2017-09-12T17:00:00,16,44
http://irail.be/vehicle/IC414,http://irail.be/stations/NMBS/008844057,IC,2017-09-12T17:03:00,2017-09-12T17:03:00,16,16
http://irail.be/vehicle/IC414,NO-URI,IC,2017-09-12T17:05:00,2017-09-12T17:05:00,49,49
http://irail.be/vehicle/IC414,http://irail.be/stations/NMBS/008844545,IC,2017-09-12T17:10:00,2017-09-12T17:09:00,104,104
http://irail.be/vehicle/IC414,http://irail.be/stations/NMBS/008844503,IC,2017-09-12T17:16:00,2017-09-12T17:16:00,,104
http://irail.be/vehicle/IC414,http://irail.be/stations/NMBS/008896008,IC,2017-03-07T14:16:00,2017-03-07T14:16:00,78,
http://irail.be/vehicle/IC414,http://irail.be/stations/NMBS/008896115,IC,2017-03-07T14:22:00,2017-03-07T14:21:00,104,104
http://irail.be/vehicle/IC414,http://irail.be/stations/NMBS/008896149,IC,2017-03-07T14:28:00,2017-03-07T14:27:00,127,104
http://irail.be/vehicle/IC414,http://irail.be/stations/NMBS/008892106,IC,2017-03-07T14:38:00,2017-03-07T14:37:00,80,33
http://irail.be/vehicle/IC414,NO-URI,IC,2017-03-07T14:40:00,2017-03-07T14:40:00,80,80
http://irail.be/vehicle/IC414,http://irail.be/stations/NMBS/008892080,IC,2017-03-07T14:45:00,2017-03-07T14:44:00,-1,-10
http://irail.be/vehicle/IC414,http://irail.be/stations/NMBS/008892007,IC,2017-03-07T14:54:00,2017-03-07T14:51:00,43,52
http://irail.be/vehicle/IC414,http://irail.be/stations/NMBS/008814001,IC,2017-03-07T15:27:00,2017-03-07T15:24:00,137,108
http://irail.be/vehicle/IC414,http://irail.be/stations/NMBS/008813037,IC,2017-03-07T15:29:00,2017-03-07T15:29:00,138,138
http://irail.be/vehicle/IC414,http://irail.be/stations/NMBS/008813003,IC,2017-03-07T15:31:00,2017-03-07T15:30:00,262,172
http://irail.be/vehicle/IC414,http://irail.be/stations/NMBS/008813045,IC,2017-03-07T15:33:00,2017-03-07T15:33:00,246,246
http://irail.be/vehicle/IC414,http://irail.be/stations/NMBS/008812005,IC,2017-03-07T15:38:00,2017-03-07T15:35:00,184,231
http://irail.be/vehicle/IC414,http://irail.be/stations/NMBS/008811007,IC,2017-03-07T15:41:00,2017-03-07T15:41:00,163,163
http://irail.be/vehicle/IC414,http://irail.be/stations/NMBS/008811130,IC,2017-03-07T15:42:00,2017-03-07T15:42:00,167,167
http://irail.be/vehicle/IC414,http://irail.be/stations/NMBS/008811213,IC,2017-03-07T15:43:00,2017-03-07T15:43:00,175,175
http://irail.be/vehicle/IC414,http://irail.be/stations/NMBS/008811221,IC,2017-03-07T15:44:00,2017-03-07T15:44:00,185,185
http://irail.be/vehicle/IC414,http://irail.be/stations/NMBS/008811247,IC,2017-03-07T15:45:00,2017-03-07T15:45:00,144,144
http://irail.be/vehicle/IC414,http://irail.be/stations/NMBS/008811254,IC,2017-03-07T15:46:00,2017-03-07T15:46:00,56,56
http://irail.be/vehicle/IC414,http://irail.be/stations/NMBS/008811262,IC,2017-03-07T15:48:00,2017-03-07T15:48:00,56,56
http://irail.be/vehicle/IC414,http://irail.be/stations/NMBS/008811270,IC,2017-03-07T15:49:00,2017-03-07T15:49:00,133,133
http://irail.be/vehicle/IC414,http://irail.be/stations/NMBS/008811288,IC,2017-03-07T15:50:00,2017-03-07T15:50:00,145,145
http://irail.be/vehicle/IC414,http://irail.be/stations/NMBS/008833001,IC,2017-03-07T15:57:00,2017-03-07T15:53:00,94,125
http://irail.be/vehicle/IC414,http://irail.be/stations/NMBS/008841202,IC,2017-03-07T16:24:00,2017-03-07T16:24:00,46,46
http://irail.be/vehicle/IC414,http://irail.be/stations/NMBS/008841004,IC,2017-03-07T16:34:00,2017-03-07T16:31:00,168,187
http://irail.be/vehicle/IC414,http://irail.be/stations/NMBS/008842002,IC,2017-03-07T16:41:00,2017-03-07T16:37:00,214,214
http://irail.be/vehicle/IC414,http://irail.be/stations/NMBS/008842036,IC,2017-03-07T16:43:00,2017-03-07T16:43:00,214,214
http://irail.be/vehicle/IC414,http://irail.be/stations/NMBS/008844271,IC,2017-03-07T16:47:00,2017-03-07T16:47:00,201,201
http://irail.be/vehicle/IC414,NO-URI,IC,2017-03-07T16:48:00,2017-03-07T16:48:00,188,188
http://irail.be/vehicle/IC414,http://irail.be/stations/NMBS/008844255,IC,2017-03-07T16:49:00,2017-03-07T16:49:00,184,184
http://irail.be/vehicle/IC414,http://irail.be/stations/NMBS/008844230,IC,2017-03-07T16:49:00,2017-03-07T16:49:00,249,249
http://irail.be/vehicle/IC414,http://irail.be/stations/NMBS/008844206,IC,2017-03-07T16:54:00,2017-03-07T16:53:00,249,249
http://irail.be/vehicle/IC414,http://irail.be/stations/NMBS/008844008,IC,2017-03-07T17:02:00,2017-03-07T17:00:00,263,295
http://irail.be/vehicle/IC414,http://irail.be/stations/NMBS/008844057,IC,2017-03-07T17:03:00,2017-03-07T17:03:00,263,263
http://irail.be/vehicle/IC414,NO-URI,IC,2017-03-07T17:05:00,2017-03-07T17:05:00,296,296
http://irail.be/vehicle/IC414,http://irail.be/stations/NMBS/008844545,IC,2017-03-07T17:10:00,2017-03-07T17:09:00,289,289
http://irail.be/vehicle/IC414,http://irail.be/stations/NMBS/008844503,IC,2017-03-07T17:16:00,2017-03-07T17:16:00,,289
http://irail.be/vehicle/IC414,http://irail.be/stations/NMBS/008896008,IC,2017-03-06T14:16:00,2017-03-06T14:16:00,106,
http://irail.be/vehicle/IC414,http://irail.be/stations/NMBS/008896115,IC,2017-03-06T14:22:00,2017-03-06T14:21:00,152,152
http://irail.be/vehicle/IC414,http://irail.be/stations/NMBS/008896149,IC,2017-03-06T14:28:00,2017-03-06T14:27:00,149,152
http://irail.be/vehicle/IC414,http://irail.be/stations/NMBS/008892106,IC,2017-03-06T14:38:00,2017-03-06T14:37:00,102,58
http://irail.be/vehicle/IC414,NO-URI,IC,2017-03-06T14:40:00,2017-03-06T14:40:00,102,102
http://irail.be/vehicle/IC414,http://irail.be/stations/NMBS/008892080,IC,2017-03-06T14:45:00,2017-03-06T14:44:00,44,35
http://irail.be/vehicle/IC414,http://irail.be/stations/NMBS/008892007,IC,2017-03-06T14:54:00,2017-03-06T14:51:00,50,106
http://irail.be/vehicle/IC414,http://irail.be/stations/NMBS/008814001,IC,2017-03-06T15:27:00,2017-03-06T15:24:00,189,144
http://irail.be/vehicle/IC414,http://irail.be/stations/NMBS/008813037,IC,2017-03-06T15:29:00,2017-03-06T15:29:00,193,193
http://irail.be/vehicle/IC414,http://irail.be/stations/NMBS/008813003,IC,2017-03-06T15:31:00,2017-03-06T15:30:00,294,237
http://irail.be/vehicle/IC414,http://irail.be/stations/NMBS/008813045,IC,2017-03-06T15:33:00,2017-03-06T15:33:00,279,279
http://irail.be/vehicle/IC414,http://irail.be/stations/NMBS/008812005,IC,2017-03-06T15:38:00,2017-03-06T15:35:00,229,269
http://irail.be/vehicle/IC414,http://irail.be/stations/NMBS/008811007,IC,2017-03-06T15:41:00,2017-03-06T15:41:00,210,210
http://irail.be/vehicle/IC414,http://irail.be/stations/NMBS/008811130,IC,2017-03-06T15:42:00,2017-03-06T15:42:00,226,226
http://irail.be/vehicle/IC414,http://irail.be/stations/NMBS/008811213,IC,2017-03-06T15:43:00,2017-03-06T15:43:00,239,239
http://irail.be/vehicle/IC414,http://irail.be/stations/NMBS/008811221,IC,2017-03-06T15:44:00,2017-03-06T15:44:00,255,255
http://irail.be/vehicle/IC414,http://irail.be/stations/NMBS/008811247,IC,2017-03-06T15:45:00,2017-03-06T15:45:00,221,221
http://irail.be/vehicle/IC414,http://irail.be/stations/NMBS/008811254,IC,2017-03-06T15:46:00,2017-03-06T15:46:00,132,132
http://irail.be/vehicle/IC414,http://irail.be/stations/NMBS/008811262,IC,2017-03-06T15:48:00,2017-03-06T15:48:00,132,132
http://irail.be/vehicle/IC414,http://irail.be/stations/NMBS/008811270,IC,2017-03-06T15:49:00,2017-03-06T15:49:00,211,211
http://irail.be/vehicle/IC414,http://irail.be/stations/NMBS/008811288,IC,2017-03-06T15:50:00,2017-03-06T15:50:00,222,222
http://irail.be/vehicle/IC414,http://irail.be/stations/NMBS/008833001,IC,2017-03-06T15:57:00,2017-03-06T15:53:00,156,220
http://irail.be/vehicle/IC414,http://irail.be/stations/NMBS/008841202,IC,2017-03-06T16:24:00,2017-03-06T16:24:00,121,121
http://irail.be/vehicle/IC414,http://irail.be/stations/NMBS/008841004,IC,2017-03-06T16:34:00,2017-03-06T16:31:00,320,191
http://irail.be/vehicle/IC414,http://irail.be/stations/NMBS/008842002,IC,2017-03-06T16:41:00,2017-03-06T16:37:00,240,240
http://irail.be/vehicle/IC414,http://irail.be/stations/NMBS/008842036,IC,2017-03-06T16:43:00,2017-03-06T16:43:00,240,240
http://irail.be/vehicle/IC414,http://irail.be/stations/NMBS/008844271,IC,2017-03-06T16:47:00,2017-03-06T16:47:00,244,244
http://irail.be/vehicle/IC414,NO-URI,IC,2017-03-06T16:48:00,2017-03-06T16:48:00,265,265
http://irail.be/vehicle/IC414,http://irail.be/stations/NMBS/008844255,IC,2017-03-06T16:49:00,2017-03-06T16:49:00,264,264
http://irail.be/vehicle/IC414,http://irail.be/stations/NMBS/008844230,IC,2017-03-06T16:49:00,2017-03-06T16:49:00,340,340
http://irail.be/vehicle/IC414,http://irail.be/stations/NMBS/008844206,IC,2017-03-06T16:54:00,2017-03-06T16:53:00,340,340
http://irail.be/vehicle/IC414,http://irail.be/stations/NMBS/008844008,IC,2017-03-06T17:02:00,2017-03-06T17:00:00,315,368
http://irail.be/vehicle/IC414,http://irail.be/stations/NMBS/008844057,IC,2017-03-06T17:03:00,2017-03-06T17:03:00,315,315
http://irail.be/vehicle/IC414,NO-URI,IC,2017-03-06T17:05:00,2017-03-06T17:05:00,354,354
http://irail.be/vehicle/IC414,http://irail.be/stations/NMBS/008844545,IC,2017-03-06T17:10:00,2017-03-06T17:09:00,473,473
http://irail.be/vehicle/IC414,http://irail.be/stations/NMBS/008844503,IC,2017-03-06T17:16:00,2017-03-06T17:16:00,,473
http://irail.be/vehicle/IC414,http://irail.be/stations/NMBS/008896008,IC,2017-07-07T14:16:00,2017-07-07T14:16:00,79,
http://irail.be/vehicle/IC414,http://irail.be/stations/NMBS/008896115,IC,2017-07-07T14:22:00,2017-07-07T14:21:00,83,83
http://irail.be/vehicle/IC414,http://irail.be/stations/NMBS/008896149,IC,2017-07-07T14:28:00,2017-07-07T14:27:00,132,100
http://irail.be/vehicle/IC414,http://irail.be/stations/NMBS/008892106,IC,2017-07-07T14:38:00,2017-07-07T14:37:00,76,28
http://irail.be/vehicle/IC414,NO-URI,IC,2017-07-07T14:40:00,2017-07-07T14:40:00,76,76
http://irail.be/vehicle/IC414,http://irail.be/stations/NMBS/008892080,IC,2017-07-07T14:45:00,2017-07-07T14:44:00,31,-19
http://irail.be/vehicle/IC414,http://irail.be/stations/NMBS/008892007,IC,2017-07-07T14:54:00,2017-07-07T14:51:00,177,48
http://irail.be/vehicle/IC414,http://irail.be/stations/NMBS/008814001,IC,2017-07-07T15:27:00,2017-07-07T15:24:00,232,193
http://irail.be/vehicle/IC414,http://irail.be/stations/NMBS/008813037,IC,2017-07-07T15:29:00,2017-07-07T15:29:00,252,252
http://irail.be/vehicle/IC414,http://irail.be/stations/NMBS/008813003,IC,2017-07-07T15:31:00,2017-07-07T15:30:00,276,255
http://irail.be/vehicle/IC414,http://irail.be/stations/NMBS/008813045,IC,2017-07-07T15:33:00,2017-07-07T15:33:00,256,256
http://irail.be/vehicle/IC414,http://irail.be/stations/NMBS/008812005,IC,2017-07-07T15:38:00,2017-07-07T15:35:00,273,297
http://irail.be/vehicle/IC414,http://irail.be/stations/NMBS/008811007,IC,2017-07-07T15:41:00,2017-07-07T15:41:00,244,244
http://irail.be/vehicle/IC414,http://irail.be/stations/NMBS/008811130,IC,2017-07-07T15:42:00,2017-07-07T15:42:00,266,266
http://irail.be/vehicle/IC414,http://irail.be/stations/NMBS/008811213,IC,2017-07-07T15:43:00,2017-07-07T15:43:00,255,255
http://irail.be/vehicle/IC414,http://irail.be/stations/NMBS/008811221,IC,2017-07-07T15:44:00,2017-07-07T15:44:00,262,262
http://irail.be/vehicle/IC414,http://irail.be/stations/NMBS/008811247,IC,2017-07-07T15:45:00,2017-07-07T15:45:00,224,224
http://irail.be/vehicle/IC414,http://irail.be/stations/NMBS/008811254,IC,2017-07-07T15:46:00,2017-07-07T15:46:00,135,135
http://irail.be/vehicle/IC414,http://irail.be/stations/NMBS/008811262,IC,2017-07-07T15:48:00,2017-07-07T15:48:00,135,135
http://irail.be/vehicle/IC414,http://irail.be/stations/NMBS/008811270,IC,2017-07-07T15:49:00,2017-07-07T15:49:00,215,215
http://irail.be/vehicle/IC414,http://irail.be/stations/NMBS/008811288,IC,2017-07-07T15:50:00,2017-07-07T15:50:00,227,227
http://irail.be/vehicle/IC414,http://irail.be/stations/NMBS/008833001,IC,2017-07-07T15:57:00,2017-07-07T15:53:00,96,213
http://irail.be/vehicle/IC414,http://irail.be/stations/NMBS/008841202,IC,2017-07-07T16:24:00,2017-07-07T16:24:00,8,8
http://irail.be/vehicle/IC414,http://irail.be/stations/NMBS/008841004,IC,2017-07-07T16:34:00,2017-07-07T16:31:00,116,117
http://irail.be/vehicle/IC414,http://irail.be/stations/NMBS/008842002,IC,2017-07-07T16:41:00,2017-07-07T16:37:00,334,334
http://irail.be/vehicle/IC414,http://irail.be/stations/NMBS/008842036,IC,2017-07-07T16:43:00,2017-07-07T16:43:00,334,334
http://irail.be/vehicle/IC414,http://irail.be/stations/NMBS/008844271,IC,2017-07-07T16:47:00,2017-07-07T16:47:00,311,311
http://irail.be/vehicle/IC414,NO-URI,IC,2017-07-07T16:48:00,2017-07-07T16:48:00,295,295
http://irail.be/vehicle/IC414,http://irail.be/stations/NMBS/008844255,IC,2017-07-07T16:49:00,2017-07-07T16:49:00,289,289
http://irail.be/vehicle/IC414,http://irail.be/stations/NMBS/008844230,IC,2017-07-07T16:49:00,2017-07-07T16:49:00,338,338
http://irail.be/vehicle/IC414,http://irail.be/stations/NMBS/008844206,IC,2017-07-07T16:54:00,2017-07-07T16:53:00,338,338
http://irail.be/vehicle/IC414,http://irail.be/stations/NMBS/008844008,IC,2017-07-07T17:02:00,2017-07-07T17:00:00,404,271
http://irail.be/vehicle/IC414,http://irail.be/stations/NMBS/008844057,IC,2017-07-07T17:03:00,2017-07-07T17:03:00,404,404
http://irail.be/vehicle/IC414,NO-URI,IC,2017-07-07T17:05:00,2017-07-07T17:05:00,431,431
http://irail.be/vehicle/IC414,http://irail.be/stations/NMBS/008844545,IC,2017-07-07T17:10:00,2017-07-07T17:09:00,515,515
http://irail.be/vehicle/IC414,http://irail.be/stations/NMBS/008844503,IC,2017-07-07T17:16:00,2017-07-07T17:16:00,,515
http://irail.be/vehicle/IC414,http://irail.be/stations/NMBS/008896008,IC,2017-03-23T14:16:00,2017-03-23T14:16:00,543,
http://irail.be/vehicle/IC414,http://irail.be/stations/NMBS/008896115,IC,2017-03-23T14:22:00,2017-03-23T14:21:00,547,547
http://irail.be/vehicle/IC414,http://irail.be/stations/NMBS/008896149,IC,2017-03-23T14:28:00,2017-03-23T14:27:00,540,547
http://irail.be/vehicle/IC414,http://irail.be/stations/NMBS/008892106,IC,2017-03-23T14:38:00,2017-03-23T14:37:00,461,435
http://irail.be/vehicle/IC414,NO-URI,IC,2017-03-23T14:40:00,2017-03-23T14:40:00,461,461
http://irail.be/vehicle/IC414,http://irail.be/stations/NMBS/008892080,IC,2017-03-23T14:45:00,2017-03-23T14:44:00,364,362
http://irail.be/vehicle/IC414,http://irail.be/stations/NMBS/008892007,IC,2017-03-23T14:54:00,2017-03-23T14:51:00,363,409
http://irail.be/vehicle/IC414,http://irail.be/stations/NMBS/008814001,IC,2017-03-23T15:27:00,2017-03-23T15:24:00,317,342
http://irail.be/vehicle/IC414,http://irail.be/stations/NMBS/008813037,IC,2017-03-23T15:29:00,2017-03-23T15:29:00,324,324
http://irail.be/vehicle/IC414,http://irail.be/stations/NMBS/008813003,IC,2017-03-23T15:31:00,2017-03-23T15:30:00,357,335
http://irail.be/vehicle/IC414,http://irail.be/stations/NMBS/008813045,IC,2017-03-23T15:33:00,2017-03-23T15:33:00,347,347
http://irail.be/vehicle/IC414,http://irail.be/stations/NMBS/008812005,IC,2017-03-23T15:38:00,2017-03-23T15:35:00,338,338
http://irail.be/vehicle/IC414,http://irail.be/stations/NMBS/008811007,IC,2017-03-23T15:41:00,2017-03-23T15:41:00,323,323
http://irail.be/vehicle/IC414,http://irail.be/stations/NMBS/008811130,IC,2017-03-23T15:42:00,2017-03-23T15:42:00,392,392
http://irail.be/vehicle/IC414,http://irail.be/stations/NMBS/008811213,IC,2017-03-23T15:43:00,2017-03-23T15:43:00,430,430
http://irail.be/vehicle/IC414,http://irail.be/stations/NMBS/008811221,IC,2017-03-23T15:44:00,2017-03-23T15:44:00,454,454
http://irail.be/vehicle/IC414,http://irail.be/stations/NMBS/008811247,IC,2017-03-23T15:45:00,2017-03-23T15:45:00,417,417
http://irail.be/vehicle/IC414,http://irail.be/stations/NMBS/008811254,IC,2017-03-23T15:46:00,2017-03-23T15:46:00,327,327
http://irail.be/vehicle/IC414,http://irail.be/stations/NMBS/008811262,IC,2017-03-23T15:48:00,2017-03-23T15:48:00,327,327
http://irail.be/vehicle/IC414,http://irail.be/stations/NMBS/008811270,IC,2017-03-23T15:49:00,2017-03-23T15:49:00,410,410
http://irail.be/vehicle/IC414,http://irail.be/stations/NMBS/008811288,IC,2017-03-23T15:50:00,2017-03-23T15:50:00,423,423
http://irail.be/vehicle/IC414,http://irail.be/stations/NMBS/008833001,IC,2017-03-23T15:57:00,2017-03-23T15:53:00,361,434
http://irail.be/vehicle/IC414,http://irail.be/stations/NMBS/008841202,IC,2017-03-23T16:24:00,2017-03-23T16:24:00,306,306
http://irail.be/vehicle/IC414,http://irail.be/stations/NMBS/008841004,IC,2017-03-23T16:34:00,2017-03-23T16:31:00,469,469
http://irail.be/vehicle/IC414,http://irail.be/stations/NMBS/008842002,IC,2017-03-23T16:41:00,2017-03-23T16:37:00,373,373
http://irail.be/vehicle/IC414,http://irail.be/stations/NMBS/008842036,IC,2017-03-23T16:43:00,2017-03-23T16:43:00,373,373
http://irail.be/vehicle/IC414,http://irail.be/stations/NMBS/008844271,IC,2017-03-23T16:47:00,2017-03-23T16:47:00,352,352
http://irail.be/vehicle/IC414,NO-URI,IC,2017-03-23T16:48:00,2017-03-23T16:48:00,359,359
http://irail.be/vehicle/IC414,http://irail.be/stations/NMBS/008844255,IC,2017-03-23T16:49:00,2017-03-23T16:49:00,355,355
http://irail.be/vehicle/IC414,http://irail.be/stations/NMBS/008844230,IC,2017-03-23T16:49:00,2017-03-23T16:49:00,467,467
http://irail.be/vehicle/IC414,http://irail.be/stations/NMBS/008844206,IC,2017-03-23T16:54:00,2017-03-23T16:53:00,467,467
http://irail.be/vehicle/IC414,http://irail.be/stations/NMBS/008844008,IC,2017-03-23T17:02:00,2017-03-23T17:00:00,402,459
http://irail.be/vehicle/IC414,http://irail.be/stations/NMBS/008844057,IC,2017-03-23T17:03:00,2017-03-23T17:03:00,402,402
http://irail.be/vehicle/IC414,NO-URI,IC,2017-03-23T17:05:00,2017-03-23T17:05:00,419,419
http://irail.be/vehicle/IC414,http://irail.be/stations/NMBS/008844545,IC,2017-03-23T17:10:00,2017-03-23T17:09:00,444,444
http://irail.be/vehicle/IC414,http://irail.be/stations/NMBS/008844503,IC,2017-03-23T17:16:00,2017-03-23T17:16:00,,444
http://irail.be/vehicle/IC414,http://irail.be/stations/NMBS/008896008,IC,2017-06-19T14:16:00,2017-06-19T14:16:00,397,
http://irail.be/vehicle/IC414,http://irail.be/stations/NMBS/008896115,IC,2017-06-19T14:22:00,2017-06-19T14:21:00,330,330
http://irail.be/vehicle/IC414,http://irail.be/stations/NMBS/008896149,IC,2017-06-19T14:28:00,2017-06-19T14:27:00,348,334
http://irail.be/vehicle/IC414,http://irail.be/stations/NMBS/008892106,IC,2017-06-19T14:38:00,2017-06-19T14:37:00,294,244
http://irail.be/vehicle/IC414,NO-URI,IC,2017-06-19T14:40:00,2017-06-19T14:40:00,294,294
http://irail.be/vehicle/IC414,http://irail.be/stations/NMBS/008892080,IC,2017-06-19T14:45:00,2017-06-19T14:44:00,179,192
http://irail.be/vehicle/IC414,http://irail.be/stations/NMBS/008892007,IC,2017-06-19T14:54:00,2017-06-19T14:51:00,111,183
http://irail.be/vehicle/IC414,http://irail.be/stations/NMBS/008814001,IC,2017-06-19T15:27:00,2017-06-19T15:24:00,1043,1017
http://irail.be/vehicle/IC414,http://irail.be/stations/NMBS/008813037,IC,2017-06-19T15:29:00,2017-06-19T15:29:00,1185,1185
http://irail.be/vehicle/IC414,http://irail.be/stations/NMBS/008813003,IC,2017-06-19T15:31:00,2017-06-19T15:30:00,1264,1209
http://irail.be/vehicle/IC414,http://irail.be/stations/NMBS/008813045,IC,2017-06-19T15:33:00,2017-06-19T15:33:00,1238,1238
http://irail.be/vehicle/IC414,http://irail.be/stations/NMBS/008812005,IC,2017-06-19T15:38:00,2017-06-19T15:35:00,1227,1225
http://irail.be/vehicle/IC414,http://irail.be/stations/NMBS/008811007,IC,2017-06-19T15:41:00,2017-06-19T15:41:00,1229,1229
http://irail.be/vehicle/IC414,http://irail.be/stations/NMBS/008811130,IC,2017-06-19T15:42:00,2017-06-19T15:42:00,1263,1263
http://irail.be/vehicle/IC414,http://irail.be/stations/NMBS/008811213,IC,2017-06-19T15:43:00,2017-06-19T15:43:00,1252,1252
http://irail.be/vehicle/IC414,http://irail.be/stations/NMBS/008811221,IC,2017-06-19T15:44:00,2017-06-19T15:44:00,1261,1261
http://irail.be/vehicle/IC414,http://irail.be/stations/NMBS/008811247,IC,2017-06-19T15:45:00,2017-06-19T15:45:00,1221,1221
http://irail.be/vehicle/IC414,http://irail.be/stations/NMBS/008811254,IC,2017-06-19T15:46:00,2017-06-19T15:46:00,1131,1131
http://irail.be/vehicle/IC414,http://irail.be/stations/NMBS/008811262,IC,2017-06-19T15:48:00,2017-06-19T15:48:00,1131,1131
http://irail.be/vehicle/IC414,http://irail.be/stations/NMBS/008811270,IC,2017-06-19T15:49:00,2017-06-19T15:49:00,1207,1207
http://irail.be/vehicle/IC414,http://irail.be/stations/NMBS/008811288,IC,2017-06-19T15:50:00,2017-06-19T15:50:00,1217,1217
http://irail.be/vehicle/IC414,http://irail.be/stations/NMBS/008833001,IC,2017-06-19T15:57:00,2017-06-19T15:53:00,1084,1199
http://irail.be/vehicle/IC414,http://irail.be/stations/NMBS/008841202,IC,2017-06-19T16:24:00,2017-06-19T16:24:00,1035,1035
http://irail.be/vehicle/IC414,http://irail.be/stations/NMBS/008841004,IC,2017-06-19T16:34:00,2017-06-19T16:31:00,1105,1009
http://irail.be/vehicle/IC414,http://irail.be/stations/NMBS/008842002,IC,2017-06-19T16:41:00,2017-06-19T16:37:00,952,952
http://irail.be/vehicle/IC414,http://irail.be/stations/NMBS/008842036,IC,2017-06-19T16:43:00,2017-06-19T16:43:00,952,952
http://irail.be/vehicle/IC414,http://irail.be/stations/NMBS/008844271,IC,2017-06-19T16:47:00,2017-06-19T16:47:00,922,922
http://irail.be/vehicle/IC414,NO-URI,IC,2017-06-19T16:48:00,2017-06-19T16:48:00,902,902
http://irail.be/vehicle/IC414,http://irail.be/stations/NMBS/008844255,IC,2017-06-19T16:49:00,2017-06-19T16:49:00,897,897
http://irail.be/vehicle/IC414,http://irail.be/stations/NMBS/008844230,IC,2017-06-19T16:49:00,2017-06-19T16:49:00,956,956
http://irail.be/vehicle/IC414,http://irail.be/stations/NMBS/008844206,IC,2017-06-19T16:54:00,2017-06-19T16:53:00,956,956
http://irail.be/vehicle/IC414,http://irail.be/stations/NMBS/008844008,IC,2017-06-19T17:02:00,2017-06-19T17:00:00,928,980
http://irail.be/vehicle/IC414,http://irail.be/stations/NMBS/008844057,IC,2017-06-19T17:03:00,2017-06-19T17:03:00,928,928
http://irail.be/vehicle/IC414,NO-URI,IC,2017-06-19T17:05:00,2017-06-19T17:05:00,944,944
http://irail.be/vehicle/IC414,http://irail.be/stations/NMBS/008844545,IC,2017-06-19T17:10:00,2017-06-19T17:09:00,974,974
http://irail.be/vehicle/IC414,http://irail.be/stations/NMBS/008844503,IC,2017-06-19T17:16:00,2017-06-19T17:16:00,,974
http://irail.be/vehicle/IC414,http://irail.be/stations/NMBS/008896008,IC,2017-07-18T14:16:00,2017-07-18T14:16:00,68,
http://irail.be/vehicle/IC414,http://irail.be/stations/NMBS/008896115,IC,2017-07-18T14:22:00,2017-07-18T14:21:00,86,86
http://irail.be/vehicle/IC414,http://irail.be/stations/NMBS/008896149,IC,2017-07-18T14:28:00,2017-07-18T14:27:00,142,113
http://irail.be/vehicle/IC414,http://irail.be/stations/NMBS/008892106,IC,2017-07-18T14:38:00,2017-07-18T14:37:00,103,47
http://irail.be/vehicle/IC414,NO-URI,IC,2017-07-18T14:40:00,2017-07-18T14:40:00,103,103
http://irail.be/vehicle/IC414,http://irail.be/stations/NMBS/008892080,IC,2017-07-18T14:45:00,2017-07-18T14:44:00,41,21
http://irail.be/vehicle/IC414,http://irail.be/stations/NMBS/008892007,IC,2017-07-18T14:54:00,2017-07-18T14:51:00,74,116
http://irail.be/vehicle/IC414,http://irail.be/stations/NMBS/008814001,IC,2017-07-18T15:27:00,2017-07-18T15:24:00,86,167
http://irail.be/vehicle/IC414,http://irail.be/stations/NMBS/008813037,IC,2017-07-18T15:29:00,2017-07-18T15:29:00,101,101
http://irail.be/vehicle/IC414,http://irail.be/stations/NMBS/008813003,IC,2017-07-18T15:31:00,2017-07-18T15:30:00,186,172
http://irail.be/vehicle/IC414,http://irail.be/stations/NMBS/008813045,IC,2017-07-18T15:33:00,2017-07-18T15:33:00,168,168
http://irail.be/vehicle/IC414,http://irail.be/stations/NMBS/008812005,IC,2017-07-18T15:38:00,2017-07-18T15:35:00,99,162
http://irail.be/vehicle/IC414,http://irail.be/stations/NMBS/008811007,IC,2017-07-18T15:41:00,2017-07-18T15:41:00,65,65
http://irail.be/vehicle/IC414,http://irail.be/stations/NMBS/008811130,IC,2017-07-18T15:42:00,2017-07-18T15:42:00,84,84
http://irail.be/vehicle/IC414,http://irail.be/stations/NMBS/008811213,IC,2017-07-18T15:43:00,2017-07-18T15:43:00,72,72
http://irail.be/vehicle/IC414,http://irail.be/stations/NMBS/008811221,IC,2017-07-18T15:44:00,2017-07-18T15:44:00,80,80
http://irail.be/vehicle/IC414,http://irail.be/stations/NMBS/008811247,IC,2017-07-18T15:45:00,2017-07-18T15:45:00,40,40
http://irail.be/vehicle/IC414,http://irail.be/stations/NMBS/008811254,IC,2017-07-18T15:46:00,2017-07-18T15:46:00,-51,-51
http://irail.be/vehicle/IC414,http://irail.be/stations/NMBS/008811262,IC,2017-07-18T15:48:00,2017-07-18T15:48:00,-51,-51
http://irail.be/vehicle/IC414,http://irail.be/stations/NMBS/008811270,IC,2017-07-18T15:49:00,2017-07-18T15:49:00,28,28
http://irail.be/vehicle/IC414,http://irail.be/stations/NMBS/008811288,IC,2017-07-18T15:50:00,2017-07-18T15:50:00,40,40
http://irail.be/vehicle/IC414,http://irail.be/stations/NMBS/008833001,IC,2017-07-18T15:57:00,2017-07-18T15:53:00,16,47
http://irail.be/vehicle/IC414,http://irail.be/stations/NMBS/008841202,IC,2017-07-18T16:24:00,2017-07-18T16:24:00,-161,-161
http://irail.be/vehicle/IC414,http://irail.be/stations/NMBS/008841004,IC,2017-07-18T16:34:00,2017-07-18T16:31:00,0,-161
http://irail.be/vehicle/IC414,http://irail.be/stations/NMBS/008842002,IC,2017-07-18T16:41:00,2017-07-18T16:37:00,0,7
http://irail.be/vehicle/IC414,http://irail.be/stations/NMBS/008842036,IC,2017-07-18T16:43:00,2017-07-18T16:43:00,0,0
http://irail.be/vehicle/IC414,http://irail.be/stations/NMBS/008844271,IC,2017-07-18T16:47:00,2017-07-18T16:47:00,0,0
http://irail.be/vehicle/IC414,NO-URI,IC,2017-07-18T16:48:00,2017-07-18T16:48:00,0,0
http://irail.be/vehicle/IC414,http://irail.be/stations/NMBS/008844255,IC,2017-07-18T16:49:00,2017-07-18T16:49:00,0,0
http://irail.be/vehicle/IC414,http://irail.be/stations/NMBS/008844230,IC,2017-07-18T16:49:00,2017-07-18T16:49:00,54,54
http://irail.be/vehicle/IC414,http://irail.be/stations/NMBS/008844206,IC,2017-07-18T16:54:00,2017-07-18T16:53:00,20,20
http://irail.be/vehicle/IC414,http://irail.be/stations/NMBS/008844008,IC,2017-07-18T17:02:00,2017-07-18T17:00:00,0,0
http://irail.be/vehicle/IC414,http://irail.be/stations/NMBS/008844057,IC,2017-07-18T17:03:00,2017-07-18T17:03:00,5,5
http://irail.be/vehicle/IC414,NO-URI,IC,2017-07-18T17:05:00,2017-07-18T17:05:00,0,0
http://irail.be/vehicle/IC414,http://irail.be/stations/NMBS/008844545,IC,2017-07-18T17:10:00,2017-07-18T17:09:00,31,31
http://irail.be/vehicle/IC414,http://irail.be/stations/NMBS/008844503,IC,2017-07-18T17:16:00,2017-07-18T17:16:00,,0
http://irail.be/vehicle/IC414,http://irail.be/stations/NMBS/008896008,IC,2017-03-08T14:16:00,2017-03-08T14:16:00,65,
http://irail.be/vehicle/IC414,http://irail.be/stations/NMBS/008896115,IC,2017-03-08T14:22:00,2017-03-08T14:21:00,134,134
http://irail.be/vehicle/IC414,http://irail.be/stations/NMBS/008896149,IC,2017-03-08T14:28:00,2017-03-08T14:27:00,132,134
http://irail.be/vehicle/IC414,http://irail.be/stations/NMBS/008892106,IC,2017-03-08T14:38:00,2017-03-08T14:37:00,66,36
http://irail.be/vehicle/IC414,NO-URI,IC,2017-03-08T14:40:00,2017-03-08T14:40:00,66,66
http://irail.be/vehicle/IC414,http://irail.be/stations/NMBS/008892080,IC,2017-03-08T14:45:00,2017-03-08T14:44:00,-9,-23
http://irail.be/vehicle/IC414,http://irail.be/stations/NMBS/008892007,IC,2017-03-08T14:54:00,2017-03-08T14:51:00,24,40
http://irail.be/vehicle/IC414,http://irail.be/stations/NMBS/008814001,IC,2017-03-08T15:27:00,2017-03-08T15:24:00,88,4
http://irail.be/vehicle/IC414,http://irail.be/stations/NMBS/008813037,IC,2017-03-08T15:29:00,2017-03-08T15:29:00,85,85
http://irail.be/vehicle/IC414,http://irail.be/stations/NMBS/008813003,IC,2017-03-08T15:31:00,2017-03-08T15:30:00,139,86
http://irail.be/vehicle/IC414,http://irail.be/stations/NMBS/008813045,IC,2017-03-08T15:33:00,2017-03-08T15:33:00,121,121
http://irail.be/vehicle/IC414,http://irail.be/stations/NMBS/008812005,IC,2017-03-08T15:38:00,2017-03-08T15:35:00,97,110
http://irail.be/vehicle/IC414,http://irail.be/stations/NMBS/008811007,IC,2017-03-08T15:41:00,2017-03-08T15:41:00,77,77
http://irail.be/vehicle/IC414,http://irail.be/stations/NMBS/008811130,IC,2017-03-08T15:42:00,2017-03-08T15:42:00,89,89
http://irail.be/vehicle/IC414,http://irail.be/stations/NMBS/008811213,IC,2017-03-08T15:43:00,2017-03-08T15:43:00,99,99
http://irail.be/vehicle/IC414,http://irail.be/stations/NMBS/008811221,IC,2017-03-08T15:44:00,2017-03-08T15:44:00,110,110
http://irail.be/vehicle/IC414,http://irail.be/stations/NMBS/008811247,IC,2017-03-08T15:45:00,2017-03-08T15:45:00,70,70
http://irail.be/vehicle/IC414,http://irail.be/stations/NMBS/008811254,IC,2017-03-08T15:46:00,2017-03-08T15:46:00,-20,-20
http://irail.be/vehicle/IC414,http://irail.be/stations/NMBS/008811262,IC,2017-03-08T15:48:00,2017-03-08T15:48:00,-20,-20
http://irail.be/vehicle/IC414,http://irail.be/stations/NMBS/008811270,IC,2017-03-08T15:49:00,2017-03-08T15:49:00,59,59
http://irail.be/vehicle/IC414,http://irail.be/stations/NMBS/008811288,IC,2017-03-08T15:50:00,2017-03-08T15:50:00,70,70
http://irail.be/vehicle/IC414,http://irail.be/stations/NMBS/008833001,IC,2017-03-08T15:57:00,2017-03-08T15:53:00,44,70
http://irail.be/vehicle/IC414,http://irail.be/stations/NMBS/008841202,IC,2017-03-08T16:24:00,2017-03-08T16:24:00,-28,-28
http://irail.be/vehicle/IC414,http://irail.be/stations/NMBS/008841004,IC,2017-03-08T16:34:00,2017-03-08T16:31:00,24,48
http://irail.be/vehicle/IC414,http://irail.be/stations/NMBS/008842002,IC,2017-03-08T16:41:00,2017-03-08T16:37:00,28,28
http://irail.be/vehicle/IC414,http://irail.be/stations/NMBS/008842036,IC,2017-03-08T16:43:00,2017-03-08T16:43:00,28,28
http://irail.be/vehicle/IC414,http://irail.be/stations/NMBS/008844271,IC,2017-03-08T16:47:00,2017-03-08T16:47:00,19,19
http://irail.be/vehicle/IC414,NO-URI,IC,2017-03-08T16:48:00,2017-03-08T16:48:00,49,49
http://irail.be/vehicle/IC414,http://irail.be/stations/NMBS/008844255,IC,2017-03-08T16:49:00,2017-03-08T16:49:00,56,56
http://irail.be/vehicle/IC414,http://irail.be/stations/NMBS/008844230,IC,2017-03-08T16:49:00,2017-03-08T16:49:00,254,254
http://irail.be/vehicle/IC414,http://irail.be/stations/NMBS/008844206,IC,2017-03-08T16:54:00,2017-03-08T16:53:00,254,254
http://irail.be/vehicle/IC414,http://irail.be/stations/NMBS/008844008,IC,2017-03-08T17:02:00,2017-03-08T17:00:00,164,208
http://irail.be/vehicle/IC414,http://irail.be/stations/NMBS/008844057,IC,2017-03-08T17:03:00,2017-03-08T17:03:00,164,164
http://irail.be/vehicle/IC414,NO-URI,IC,2017-03-08T17:05:00,2017-03-08T17:05:00,191,191
http://irail.be/vehicle/IC414,http://irail.be/stations/NMBS/008844545,IC,2017-03-08T17:10:00,2017-03-08T17:09:00,224,224
http://irail.be/vehicle/IC414,http://irail.be/stations/NMBS/008844503,IC,2017-03-08T17:16:00,2017-03-08T17:16:00,,224
http://irail.be/vehicle/IC414,http://irail.be/stations/NMBS/008896008,IC,2017-02-27T14:16:00,2017-02-27T14:16:00,38,
http://irail.be/vehicle/IC414,http://irail.be/stations/NMBS/008896115,IC,2017-02-27T14:22:00,2017-02-27T14:21:00,72,72
http://irail.be/vehicle/IC414,http://irail.be/stations/NMBS/008896149,IC,2017-02-27T14:28:00,2017-02-27T14:27:00,69,72
http://irail.be/vehicle/IC414,http://irail.be/stations/NMBS/008892106,IC,2017-02-27T14:38:00,2017-02-27T14:37:00,82,-15
http://irail.be/vehicle/IC414,NO-URI,IC,2017-02-27T14:40:00,2017-02-27T14:40:00,82,82
http://irail.be/vehicle/IC414,http://irail.be/stations/NMBS/008892080,IC,2017-02-27T14:45:00,2017-02-27T14:44:00,22,11
http://irail.be/vehicle/IC414,http://irail.be/stations/NMBS/008892007,IC,2017-02-27T14:54:00,2017-02-27T14:51:00,153,80
http://irail.be/vehicle/IC414,http://irail.be/stations/NMBS/008814001,IC,2017-02-27T15:27:00,2017-02-27T15:24:00,164,208
http://irail.be/vehicle/IC414,http://irail.be/stations/NMBS/008813037,IC,2017-02-27T15:29:00,2017-02-27T15:29:00,168,168
http://irail.be/vehicle/IC414,http://irail.be/stations/NMBS/008813003,IC,2017-02-27T15:31:00,2017-02-27T15:30:00,258,213
http://irail.be/vehicle/IC414,http://irail.be/stations/NMBS/008813045,IC,2017-02-27T15:33:00,2017-02-27T15:33:00,242,242
http://irail.be/vehicle/IC414,http://irail.be/stations/NMBS/008812005,IC,2017-02-27T15:38:00,2017-02-27T15:35:00,192,231
http://irail.be/vehicle/IC414,http://irail.be/stations/NMBS/008811007,IC,2017-02-27T15:41:00,2017-02-27T15:41:00,165,165
http://irail.be/vehicle/IC414,http://irail.be/stations/NMBS/008811130,IC,2017-02-27T15:42:00,2017-02-27T15:42:00,179,179
http://irail.be/vehicle/IC414,http://irail.be/stations/NMBS/008811213,IC,2017-02-27T15:43:00,2017-02-27T15:43:00,188,188
http://irail.be/vehicle/IC414,http://irail.be/stations/NMBS/008811221,IC,2017-02-27T15:44:00,2017-02-27T15:44:00,199,199
http://irail.be/vehicle/IC414,http://irail.be/stations/NMBS/008811247,IC,2017-02-27T15:45:00,2017-02-27T15:45:00,160,160
http://irail.be/vehicle/IC414,http://irail.be/stations/NMBS/008811254,IC,2017-02-27T15:46:00,2017-02-27T15:46:00,69,69
http://irail.be/vehicle/IC414,http://irail.be/stations/NMBS/008811262,IC,2017-02-27T15:48:00,2017-02-27T15:48:00,69,69
http://irail.be/vehicle/IC414,http://irail.be/stations/NMBS/008811270,IC,2017-02-27T15:49:00,2017-02-27T15:49:00,150,150
http://irail.be/vehicle/IC414,http://irail.be/stations/NMBS/008811288,IC,2017-02-27T15:50:00,2017-02-27T15:50:00,162,162
http://irail.be/vehicle/IC414,http://irail.be/stations/NMBS/008833001,IC,2017-02-27T15:57:00,2017-02-27T15:53:00,74,165
http://irail.be/vehicle/IC414,http://irail.be/stations/NMBS/008841202,IC,2017-02-27T16:24:00,2017-02-27T16:24:00,-13,-13
http://irail.be/vehicle/IC414,http://irail.be/stations/NMBS/008841004,IC,2017-02-27T16:34:00,2017-02-27T16:31:00,94,134
http://irail.be/vehicle/IC414,http://irail.be/stations/NMBS/008842002,IC,2017-02-27T16:41:00,2017-02-27T16:37:00,123,123
http://irail.be/vehicle/IC414,http://irail.be/stations/NMBS/008842036,IC,2017-02-27T16:43:00,2017-02-27T16:43:00,123,123
http://irail.be/vehicle/IC414,http://irail.be/stations/NMBS/008844271,IC,2017-02-27T16:47:00,2017-02-27T16:47:00,101,101
http://irail.be/vehicle/IC414,NO-URI,IC,2017-02-27T16:48:00,2017-02-27T16:48:00,90,90
http://irail.be/vehicle/IC414,http://irail.be/stations/NMBS/008844255,IC,2017-02-27T16:49:00,2017-02-27T16:49:00,85,85
http://irail.be/vehicle/IC414,http://irail.be/stations/NMBS/008844230,IC,2017-02-27T16:49:00,2017-02-27T16:49:00,391,391
http://irail.be/vehicle/IC414,http://irail.be/stations/NMBS/008844206,IC,2017-02-27T16:54:00,2017-02-27T16:53:00,391,391
http://irail.be/vehicle/IC414,http://irail.be/stations/NMBS/008844008,IC,2017-02-27T17:02:00,2017-02-27T17:00:00,245,331
http://irail.be/vehicle/IC414,http://irail.be/stations/NMBS/008844057,IC,2017-02-27T17:03:00,2017-02-27T17:03:00,245,245
http://irail.be/vehicle/IC414,NO-URI,IC,2017-02-27T17:05:00,2017-02-27T17:05:00,265,265
http://irail.be/vehicle/IC414,http://irail.be/stations/NMBS/008844545,IC,2017-02-27T17:10:00,2017-02-27T17:09:00,243,243
http://irail.be/vehicle/IC414,http://irail.be/stations/NMBS/008844503,IC,2017-02-27T17:16:00,2017-02-27T17:16:00,,243
http://irail.be/vehicle/IC414,http://irail.be/stations/NMBS/008896008,IC,2017-04-20T14:16:00,2017-04-20T14:16:00,59,
http://irail.be/vehicle/IC414,http://irail.be/stations/NMBS/008896115,IC,2017-04-20T14:22:00,2017-04-20T14:21:00,99,99
http://irail.be/vehicle/IC414,http://irail.be/stations/NMBS/008896149,IC,2017-04-20T14:28:00,2017-04-20T14:27:00,127,99
http://irail.be/vehicle/IC414,http://irail.be/stations/NMBS/008892106,IC,2017-04-20T14:38:00,2017-04-20T14:37:00,806,31
http://irail.be/vehicle/IC414,NO-URI,IC,2017-04-20T14:40:00,2017-04-20T14:40:00,806,806
http://irail.be/vehicle/IC414,http://irail.be/stations/NMBS/008892080,IC,2017-04-20T14:45:00,2017-04-20T14:44:00,745,727
http://irail.be/vehicle/IC414,http://irail.be/stations/NMBS/008892007,IC,2017-04-20T14:54:00,2017-04-20T14:51:00,903,798
http://irail.be/vehicle/IC414,http://irail.be/stations/NMBS/008814001,IC,2017-04-20T15:27:00,2017-04-20T15:24:00,1246,1141
http://irail.be/vehicle/IC414,http://irail.be/stations/NMBS/008813037,IC,2017-04-20T15:29:00,2017-04-20T15:29:00,1241,1241
http://irail.be/vehicle/IC414,http://irail.be/stations/NMBS/008813003,IC,2017-04-20T15:31:00,2017-04-20T15:30:00,1340,1272
http://irail.be/vehicle/IC414,http://irail.be/stations/NMBS/008813045,IC,2017-04-20T15:33:00,2017-04-20T15:33:00,1322,1322
http://irail.be/vehicle/IC414,http://irail.be/stations/NMBS/008812005,IC,2017-04-20T15:38:00,2017-04-20T15:35:00,1274,1318
http://irail.be/vehicle/IC414,http://irail.be/stations/NMBS/008811007,IC,2017-04-20T15:41:00,2017-04-20T15:41:00,1242,1242
http://irail.be/vehicle/IC414,http://irail.be/stations/NMBS/008811130,IC,2017-04-20T15:42:00,2017-04-20T15:42:00,1269,1269
http://irail.be/vehicle/IC414,http://irail.be/stations/NMBS/008811213,IC,2017-04-20T15:43:00,2017-04-20T15:43:00,1255,1255
http://irail.be/vehicle/IC414,http://irail.be/stations/NMBS/008811221,IC,2017-04-20T15:44:00,2017-04-20T15:44:00,1263,1263
http://irail.be/vehicle/IC414,http://irail.be/stations/NMBS/008811247,IC,2017-04-20T15:45:00,2017-04-20T15:45:00,1224,1224
http://irail.be/vehicle/IC414,http://irail.be/stations/NMBS/008811254,IC,2017-04-20T15:46:00,2017-04-20T15:46:00,1134,1134
http://irail.be/vehicle/IC414,http://irail.be/stations/NMBS/008811262,IC,2017-04-20T15:48:00,2017-04-20T15:48:00,1134,1134
http://irail.be/vehicle/IC414,http://irail.be/stations/NMBS/008811270,IC,2017-04-20T15:49:00,2017-04-20T15:49:00,1212,1212
http://irail.be/vehicle/IC414,http://irail.be/stations/NMBS/008811288,IC,2017-04-20T15:50:00,2017-04-20T15:50:00,1223,1223
http://irail.be/vehicle/IC414,http://irail.be/stations/NMBS/008833001,IC,2017-04-20T15:57:00,2017-04-20T15:53:00,1154,1209
http://irail.be/vehicle/IC414,http://irail.be/stations/NMBS/008841202,IC,2017-04-20T16:24:00,2017-04-20T16:24:00,995,995
http://irail.be/vehicle/IC414,http://irail.be/stations/NMBS/008841004,IC,2017-04-20T16:34:00,2017-04-20T16:31:00,879,936
http://irail.be/vehicle/IC414,http://irail.be/stations/NMBS/008842002,IC,2017-04-20T16:41:00,2017-04-20T16:37:00,768,768
http://irail.be/vehicle/IC414,http://irail.be/stations/NMBS/008842036,IC,2017-04-20T16:43:00,2017-04-20T16:43:00,768,768
http://irail.be/vehicle/IC414,http://irail.be/stations/NMBS/008844271,IC,2017-04-20T16:47:00,2017-04-20T16:47:00,737,737
http://irail.be/vehicle/IC414,NO-URI,IC,2017-04-20T16:48:00,2017-04-20T16:48:00,718,718
http://irail.be/vehicle/IC414,http://irail.be/stations/NMBS/008844255,IC,2017-04-20T16:49:00,2017-04-20T16:49:00,711,711
http://irail.be/vehicle/IC414,http://irail.be/stations/NMBS/008844230,IC,2017-04-20T16:49:00,2017-04-20T16:49:00,753,753
http://irail.be/vehicle/IC414,http://irail.be/stations/NMBS/008844206,IC,2017-04-20T16:54:00,2017-04-20T16:53:00,753,753
http://irail.be/vehicle/IC414,http://irail.be/stations/NMBS/008844008,IC,2017-04-20T17:02:00,2017-04-20T17:00:00,588,680
http://irail.be/vehicle/IC414,http://irail.be/stations/NMBS/008844057,IC,2017-04-20T17:03:00,2017-04-20T17:03:00,588,588
http://irail.be/vehicle/IC414,NO-URI,IC,2017-04-20T17:05:00,2017-04-20T17:05:00,601,601
http://irail.be/vehicle/IC414,http://irail.be/stations/NMBS/008844545,IC,2017-04-20T17:10:00,2017-04-20T17:09:00,607,607
http://irail.be/vehicle/IC414,http://irail.be/stations/NMBS/008844503,IC,2017-04-20T17:16:00,2017-04-20T17:16:00,,607
http://irail.be/vehicle/IC414,http://irail.be/stations/NMBS/008896008,IC,2017-07-14T14:16:00,2017-07-14T14:16:00,124,
http://irail.be/vehicle/IC414,http://irail.be/stations/NMBS/008896115,IC,2017-07-14T14:22:00,2017-07-14T14:21:00,136,136
http://irail.be/vehicle/IC414,http://irail.be/stations/NMBS/008896149,IC,2017-07-14T14:28:00,2017-07-14T14:27:00,247,150
http://irail.be/vehicle/IC414,http://irail.be/stations/NMBS/008892106,IC,2017-07-14T14:38:00,2017-07-14T14:37:00,461,213
http://irail.be/vehicle/IC414,NO-URI,IC,2017-07-14T14:40:00,2017-07-14T14:40:00,461,461
http://irail.be/vehicle/IC414,http://irail.be/stations/NMBS/008892080,IC,2017-07-14T14:45:00,2017-07-14T14:44:00,488,445
http://irail.be/vehicle/IC414,http://irail.be/stations/NMBS/008892007,IC,2017-07-14T14:54:00,2017-07-14T14:51:00,632,538
http://irail.be/vehicle/IC414,http://irail.be/stations/NMBS/008814001,IC,2017-07-14T15:27:00,2017-07-14T15:24:00,775,615
http://irail.be/vehicle/IC414,http://irail.be/stations/NMBS/008813037,IC,2017-07-14T15:29:00,2017-07-14T15:29:00,783,783
http://irail.be/vehicle/IC414,http://irail.be/stations/NMBS/008813003,IC,2017-07-14T15:31:00,2017-07-14T15:30:00,935,805
http://irail.be/vehicle/IC414,http://irail.be/stations/NMBS/008813045,IC,2017-07-14T15:33:00,2017-07-14T15:33:00,910,910
http://irail.be/vehicle/IC414,http://irail.be/stations/NMBS/008812005,IC,2017-07-14T15:38:00,2017-07-14T15:35:00,864,900
http://irail.be/vehicle/IC414,http://irail.be/stations/NMBS/008811007,IC,2017-07-14T15:41:00,2017-07-14T15:41:00,831,831
http://irail.be/vehicle/IC414,http://irail.be/stations/NMBS/008811130,IC,2017-07-14T15:42:00,2017-07-14T15:42:00,854,854
http://irail.be/vehicle/IC414,http://irail.be/stations/NMBS/008811213,IC,2017-07-14T15:43:00,2017-07-14T15:43:00,843,843
http://irail.be/vehicle/IC414,http://irail.be/stations/NMBS/008811221,IC,2017-07-14T15:44:00,2017-07-14T15:44:00,851,851
http://irail.be/vehicle/IC414,http://irail.be/stations/NMBS/008811247,IC,2017-07-14T15:45:00,2017-07-14T15:45:00,812,812
http://irail.be/vehicle/IC414,http://irail.be/stations/NMBS/008811254,IC,2017-07-14T15:46:00,2017-07-14T15:46:00,722,722
http://irail.be/vehicle/IC414,http://irail.be/stations/NMBS/008811262,IC,2017-07-14T15:48:00,2017-07-14T15:48:00,722,722
http://irail.be/vehicle/IC414,http://irail.be/stations/NMBS/008811270,IC,2017-07-14T15:49:00,2017-07-14T15:49:00,797,797
http://irail.be/vehicle/IC414,http://irail.be/stations/NMBS/008811288,IC,2017-07-14T15:50:00,2017-07-14T15:50:00,808,808
http://irail.be/vehicle/IC414,http://irail.be/stations/NMBS/008833001,IC,2017-07-14T15:57:00,2017-07-14T15:53:00,802,798
http://irail.be/vehicle/IC414,http://irail.be/stations/NMBS/008841202,IC,2017-07-14T16:24:00,2017-07-14T16:24:00,625,625
http://irail.be/vehicle/IC414,http://irail.be/stations/NMBS/008841004,IC,2017-07-14T16:34:00,2017-07-14T16:31:00,591,585
http://irail.be/vehicle/IC414,http://irail.be/stations/NMBS/008842002,IC,2017-07-14T16:41:00,2017-07-14T16:37:00,464,464
http://irail.be/vehicle/IC414,http://irail.be/stations/NMBS/008842036,IC,2017-07-14T16:43:00,2017-07-14T16:43:00,464,464
http://irail.be/vehicle/IC414,http://irail.be/stations/NMBS/008844271,IC,2017-07-14T16:47:00,2017-07-14T16:47:00,459,459
http://irail.be/vehicle/IC414,NO-URI,IC,2017-07-14T16:48:00,2017-07-14T16:48:00,454,454
http://irail.be/vehicle/IC414,http://irail.be/stations/NMBS/008844255,IC,2017-07-14T16:49:00,2017-07-14T16:49:00,449,449
http://irail.be/vehicle/IC414,http://irail.be/stations/NMBS/008844230,IC,2017-07-14T16:49:00,2017-07-14T16:49:00,607,607
http://irail.be/vehicle/IC414,http://irail.be/stations/NMBS/008844206,IC,2017-07-14T16:54:00,2017-07-14T16:53:00,607,607
http://irail.be/vehicle/IC414,http://irail.be/stations/NMBS/008844008,IC,2017-07-14T17:02:00,2017-07-14T17:00:00,445,548
http://irail.be/vehicle/IC414,http://irail.be/stations/NMBS/008844057,IC,2017-07-14T17:03:00,2017-07-14T17:03:00,445,445
http://irail.be/vehicle/IC414,NO-URI,IC,2017-07-14T17:05:00,2017-07-14T17:05:00,479,479
http://irail.be/vehicle/IC414,http://irail.be/stations/NMBS/008844545,IC,2017-07-14T17:10:00,2017-07-14T17:09:00,676,676
http://irail.be/vehicle/IC414,http://irail.be/stations/NMBS/008844503,IC,2017-07-14T17:16:00,2017-07-14T17:16:00,,676
http://irail.be/vehicle/IC414,http://irail.be/stations/NMBS/008896008,IC,2017-03-01T14:16:00,2017-03-01T14:16:00,58,
http://irail.be/vehicle/IC414,http://irail.be/stations/NMBS/008896115,IC,2017-03-01T14:22:00,2017-03-01T14:21:00,161,161
http://irail.be/vehicle/IC414,http://irail.be/stations/NMBS/008896149,IC,2017-03-01T14:28:00,2017-03-01T14:27:00,197,161
http://irail.be/vehicle/IC414,http://irail.be/stations/NMBS/008892106,IC,2017-03-01T14:38:00,2017-03-01T14:37:00,209,117
http://irail.be/vehicle/IC414,NO-URI,IC,2017-03-01T14:40:00,2017-03-01T14:40:00,209,209
http://irail.be/vehicle/IC414,http://irail.be/stations/NMBS/008892080,IC,2017-03-01T14:45:00,2017-03-01T14:44:00,162,147
http://irail.be/vehicle/IC414,http://irail.be/stations/NMBS/008892007,IC,2017-03-01T14:54:00,2017-03-01T14:51:00,206,216
http://irail.be/vehicle/IC414,http://irail.be/stations/NMBS/008814001,IC,2017-03-01T15:27:00,2017-03-01T15:24:00,152,166
http://irail.be/vehicle/IC414,http://irail.be/stations/NMBS/008813037,IC,2017-03-01T15:29:00,2017-03-01T15:29:00,147,147
http://irail.be/vehicle/IC414,http://irail.be/stations/NMBS/008813003,IC,2017-03-01T15:31:00,2017-03-01T15:30:00,286,283
http://irail.be/vehicle/IC414,http://irail.be/stations/NMBS/008813045,IC,2017-03-01T15:33:00,2017-03-01T15:33:00,267,267
http://irail.be/vehicle/IC414,http://irail.be/stations/NMBS/008812005,IC,2017-03-01T15:38:00,2017-03-01T15:35:00,207,255
http://irail.be/vehicle/IC414,http://irail.be/stations/NMBS/008811007,IC,2017-03-01T15:41:00,2017-03-01T15:41:00,174,174
http://irail.be/vehicle/IC414,http://irail.be/stations/NMBS/008811130,IC,2017-03-01T15:42:00,2017-03-01T15:42:00,180,180
http://irail.be/vehicle/IC414,http://irail.be/stations/NMBS/008811213,IC,2017-03-01T15:43:00,2017-03-01T15:43:00,187,187
http://irail.be/vehicle/IC414,http://irail.be/stations/NMBS/008811221,IC,2017-03-01T15:44:00,2017-03-01T15:44:00,198,198
http://irail.be/vehicle/IC414,http://irail.be/stations/NMBS/008811247,IC,2017-03-01T15:45:00,2017-03-01T15:45:00,158,158
http://irail.be/vehicle/IC414,http://irail.be/stations/NMBS/008811254,IC,2017-03-01T15:46:00,2017-03-01T15:46:00,68,68
http://irail.be/vehicle/IC414,http://irail.be/stations/NMBS/008811262,IC,2017-03-01T15:48:00,2017-03-01T15:48:00,68,68
http://irail.be/vehicle/IC414,http://irail.be/stations/NMBS/008811270,IC,2017-03-01T15:49:00,2017-03-01T15:49:00,146,146
http://irail.be/vehicle/IC414,http://irail.be/stations/NMBS/008811288,IC,2017-03-01T15:50:00,2017-03-01T15:50:00,159,159
http://irail.be/vehicle/IC414,http://irail.be/stations/NMBS/008833001,IC,2017-03-01T15:57:00,2017-03-01T15:53:00,24,141
http://irail.be/vehicle/IC414,http://irail.be/stations/NMBS/008841202,IC,2017-03-01T16:24:00,2017-03-01T16:24:00,-67,-67
http://irail.be/vehicle/IC414,http://irail.be/stations/NMBS/008841004,IC,2017-03-01T16:34:00,2017-03-01T16:31:00,10,-77
http://irail.be/vehicle/IC414,http://irail.be/stations/NMBS/008842002,IC,2017-03-01T16:41:00,2017-03-01T16:37:00,49,49
http://irail.be/vehicle/IC414,http://irail.be/stations/NMBS/008842036,IC,2017-03-01T16:43:00,2017-03-01T16:43:00,49,49
http://irail.be/vehicle/IC414,http://irail.be/stations/NMBS/008844271,IC,2017-03-01T16:47:00,2017-03-01T16:47:00,56,56
http://irail.be/vehicle/IC414,NO-URI,IC,2017-03-01T16:48:00,2017-03-01T16:48:00,126,126
http://irail.be/vehicle/IC414,http://irail.be/stations/NMBS/008844255,IC,2017-03-01T16:49:00,2017-03-01T16:49:00,121,121
http://irail.be/vehicle/IC414,http://irail.be/stations/NMBS/008844230,IC,2017-03-01T16:49:00,2017-03-01T16:49:00,230,230
http://irail.be/vehicle/IC414,http://irail.be/stations/NMBS/008844206,IC,2017-03-01T16:54:00,2017-03-01T16:53:00,230,230
http://irail.be/vehicle/IC414,http://irail.be/stations/NMBS/008844008,IC,2017-03-01T17:02:00,2017-03-01T17:00:00,167,207
http://irail.be/vehicle/IC414,http://irail.be/stations/NMBS/008844057,IC,2017-03-01T17:03:00,2017-03-01T17:03:00,167,167
http://irail.be/vehicle/IC414,NO-URI,IC,2017-03-01T17:05:00,2017-03-01T17:05:00,194,194
http://irail.be/vehicle/IC414,http://irail.be/stations/NMBS/008844545,IC,2017-03-01T17:10:00,2017-03-01T17:09:00,215,215
http://irail.be/vehicle/IC414,http://irail.be/stations/NMBS/008844503,IC,2017-03-01T17:16:00,2017-03-01T17:16:00,,215
http://irail.be/vehicle/IC414,http://irail.be/stations/NMBS/008896008,IC,2017-03-09T14:16:00,2017-03-09T14:16:00,163,
http://irail.be/vehicle/IC414,http://irail.be/stations/NMBS/008896115,IC,2017-03-09T14:22:00,2017-03-09T14:21:00,170,170
http://irail.be/vehicle/IC414,http://irail.be/stations/NMBS/008896149,IC,2017-03-09T14:28:00,2017-03-09T14:27:00,172,170
http://irail.be/vehicle/IC414,http://irail.be/stations/NMBS/008892106,IC,2017-03-09T14:38:00,2017-03-09T14:37:00,109,75
http://irail.be/vehicle/IC414,NO-URI,IC,2017-03-09T14:40:00,2017-03-09T14:40:00,109,109
http://irail.be/vehicle/IC414,http://irail.be/stations/NMBS/008892080,IC,2017-03-09T14:45:00,2017-03-09T14:44:00,14,10
http://irail.be/vehicle/IC414,http://irail.be/stations/NMBS/008892007,IC,2017-03-09T14:54:00,2017-03-09T14:51:00,69,39
http://irail.be/vehicle/IC414,http://irail.be/stations/NMBS/008814001,IC,2017-03-09T15:27:00,2017-03-09T15:24:00,140,67
http://irail.be/vehicle/IC414,http://irail.be/stations/NMBS/008813037,IC,2017-03-09T15:29:00,2017-03-09T15:29:00,158,158
http://irail.be/vehicle/IC414,http://irail.be/stations/NMBS/008813003,IC,2017-03-09T15:31:00,2017-03-09T15:30:00,240,162
http://irail.be/vehicle/IC414,http://irail.be/stations/NMBS/008813045,IC,2017-03-09T15:33:00,2017-03-09T15:33:00,215,215
http://irail.be/vehicle/IC414,http://irail.be/stations/NMBS/008812005,IC,2017-03-09T15:38:00,2017-03-09T15:35:00,184,205
http://irail.be/vehicle/IC414,http://irail.be/stations/NMBS/008811007,IC,2017-03-09T15:41:00,2017-03-09T15:41:00,169,169
http://irail.be/vehicle/IC414,http://irail.be/stations/NMBS/008811130,IC,2017-03-09T15:42:00,2017-03-09T15:42:00,177,177
http://irail.be/vehicle/IC414,http://irail.be/stations/NMBS/008811213,IC,2017-03-09T15:43:00,2017-03-09T15:43:00,185,185
http://irail.be/vehicle/IC414,http://irail.be/stations/NMBS/008811221,IC,2017-03-09T15:44:00,2017-03-09T15:44:00,197,197
http://irail.be/vehicle/IC414,http://irail.be/stations/NMBS/008811247,IC,2017-03-09T15:45:00,2017-03-09T15:45:00,159,159
http://irail.be/vehicle/IC414,http://irail.be/stations/NMBS/008811254,IC,2017-03-09T15:46:00,2017-03-09T15:46:00,70,70
http://irail.be/vehicle/IC414,http://irail.be/stations/NMBS/008811262,IC,2017-03-09T15:48:00,2017-03-09T15:48:00,70,70
http://irail.be/vehicle/IC414,http://irail.be/stations/NMBS/008811270,IC,2017-03-09T15:49:00,2017-03-09T15:49:00,149,149
http://irail.be/vehicle/IC414,http://irail.be/stations/NMBS/008811288,IC,2017-03-09T15:50:00,2017-03-09T15:50:00,161,161
http://irail.be/vehicle/IC414,http://irail.be/stations/NMBS/008833001,IC,2017-03-09T15:57:00,2017-03-09T15:53:00,111,167
http://irail.be/vehicle/IC414,http://irail.be/stations/NMBS/008841202,IC,2017-03-09T16:24:00,2017-03-09T16:24:00,246,246
http://irail.be/vehicle/IC414,http://irail.be/stations/NMBS/008841004,IC,2017-03-09T16:34:00,2017-03-09T16:31:00,367,398
http://irail.be/vehicle/IC414,http://irail.be/stations/NMBS/008842002,IC,2017-03-09T16:41:00,2017-03-09T16:37:00,231,231
http://irail.be/vehicle/IC414,http://irail.be/stations/NMBS/008842036,IC,2017-03-09T16:43:00,2017-03-09T16:43:00,231,231
http://irail.be/vehicle/IC414,http://irail.be/stations/NMBS/008844271,IC,2017-03-09T16:47:00,2017-03-09T16:47:00,204,204
http://irail.be/vehicle/IC414,NO-URI,IC,2017-03-09T16:48:00,2017-03-09T16:48:00,220,220
http://irail.be/vehicle/IC414,http://irail.be/stations/NMBS/008844255,IC,2017-03-09T16:49:00,2017-03-09T16:49:00,220,220
http://irail.be/vehicle/IC414,http://irail.be/stations/NMBS/008844230,IC,2017-03-09T16:49:00,2017-03-09T16:49:00,316,316
http://irail.be/vehicle/IC414,http://irail.be/stations/NMBS/008844206,IC,2017-03-09T16:54:00,2017-03-09T16:53:00,316,316
http://irail.be/vehicle/IC414,http://irail.be/stations/NMBS/008844008,IC,2017-03-09T17:02:00,2017-03-09T17:00:00,193,271
http://irail.be/vehicle/IC414,http://irail.be/stations/NMBS/008844057,IC,2017-03-09T17:03:00,2017-03-09T17:03:00,193,193
http://irail.be/vehicle/IC414,NO-URI,IC,2017-03-09T17:05:00,2017-03-09T17:05:00,227,227
http://irail.be/vehicle/IC414,http://irail.be/stations/NMBS/008844545,IC,2017-03-09T17:10:00,2017-03-09T17:09:00,272,272
http://irail.be/vehicle/IC414,http://irail.be/stations/NMBS/008844503,IC,2017-03-09T17:16:00,2017-03-09T17:16:00,,272
http://irail.be/vehicle/IC414,http://irail.be/stations/NMBS/008896008,IC,2017-09-13T14:16:00,2017-09-13T14:16:00,56,
http://irail.be/vehicle/IC414,http://irail.be/stations/NMBS/008896115,IC,2017-09-13T14:22:00,2017-09-13T14:21:00,53,53
http://irail.be/vehicle/IC414,http://irail.be/stations/NMBS/008896149,IC,2017-09-13T14:28:00,2017-09-13T14:27:00,61,66
http://irail.be/vehicle/IC414,http://irail.be/stations/NMBS/008892106,IC,2017-09-13T14:38:00,2017-09-13T14:37:00,75,-41
http://irail.be/vehicle/IC414,NO-URI,IC,2017-09-13T14:40:00,2017-09-13T14:40:00,75,75
http://irail.be/vehicle/IC414,http://irail.be/stations/NMBS/008892080,IC,2017-09-13T14:45:00,2017-09-13T14:44:00,43,-16
http://irail.be/vehicle/IC414,http://irail.be/stations/NMBS/008892007,IC,2017-09-13T14:54:00,2017-09-13T14:51:00,26,79
http://irail.be/vehicle/IC414,http://irail.be/stations/NMBS/008814001,IC,2017-09-13T15:27:00,2017-09-13T15:24:00,198,272
http://irail.be/vehicle/IC414,http://irail.be/stations/NMBS/008813037,IC,2017-09-13T15:29:00,2017-09-13T15:29:00,231,231
http://irail.be/vehicle/IC414,http://irail.be/stations/NMBS/008813003,IC,2017-09-13T15:31:00,2017-09-13T15:30:00,311,269
http://irail.be/vehicle/IC414,http://irail.be/stations/NMBS/008813045,IC,2017-09-13T15:33:00,2017-09-13T15:33:00,297,297
http://irail.be/vehicle/IC414,http://irail.be/stations/NMBS/008812005,IC,2017-09-13T15:38:00,2017-09-13T15:35:00,269,295
http://irail.be/vehicle/IC414,http://irail.be/stations/NMBS/008811007,IC,2017-09-13T15:41:00,2017-09-13T15:41:00,461,461
http://irail.be/vehicle/IC414,http://irail.be/stations/NMBS/008811130,IC,2017-09-13T15:42:00,2017-09-13T15:42:00,568,568
http://irail.be/vehicle/IC414,http://irail.be/stations/NMBS/008811213,IC,2017-09-13T15:43:00,2017-09-13T15:43:00,558,558
http://irail.be/vehicle/IC414,http://irail.be/stations/NMBS/008811221,IC,2017-09-13T15:44:00,2017-09-13T15:44:00,565,565
http://irail.be/vehicle/IC414,http://irail.be/stations/NMBS/008811247,IC,2017-09-13T15:45:00,2017-09-13T15:45:00,526,526
http://irail.be/vehicle/IC414,http://irail.be/stations/NMBS/008811254,IC,2017-09-13T15:46:00,2017-09-13T15:46:00,435,435
http://irail.be/vehicle/IC414,http://irail.be/stations/NMBS/008811262,IC,2017-09-13T15:48:00,2017-09-13T15:48:00,435,435
http://irail.be/vehicle/IC414,http://irail.be/stations/NMBS/008811270,IC,2017-09-13T15:49:00,2017-09-13T15:49:00,511,511
http://irail.be/vehicle/IC414,http://irail.be/stations/NMBS/008811288,IC,2017-09-13T15:50:00,2017-09-13T15:50:00,526,526
http://irail.be/vehicle/IC414,http://irail.be/stations/NMBS/008833001,IC,2017-09-13T15:57:00,2017-09-13T15:53:00,363,532
http://irail.be/vehicle/IC414,http://irail.be/stations/NMBS/008841202,IC,2017-09-13T16:24:00,2017-09-13T16:24:00,228,228
http://irail.be/vehicle/IC414,http://irail.be/stations/NMBS/008841004,IC,2017-09-13T16:34:00,2017-09-13T16:31:00,255,193
http://irail.be/vehicle/IC414,http://irail.be/stations/NMBS/008842002,IC,2017-09-13T16:41:00,2017-09-13T16:37:00,153,153
http://irail.be/vehicle/IC414,http://irail.be/stations/NMBS/008842036,IC,2017-09-13T16:43:00,2017-09-13T16:43:00,153,153
http://irail.be/vehicle/IC414,http://irail.be/stations/NMBS/008844271,IC,2017-09-13T16:47:00,2017-09-13T16:47:00,125,125
http://irail.be/vehicle/IC414,NO-URI,IC,2017-09-13T16:48:00,2017-09-13T16:48:00,134,134
http://irail.be/vehicle/IC414,http://irail.be/stations/NMBS/008844255,IC,2017-09-13T16:49:00,2017-09-13T16:49:00,132,132
http://irail.be/vehicle/IC414,http://irail.be/stations/NMBS/008844230,IC,2017-09-13T16:49:00,2017-09-13T16:49:00,310,310
http://irail.be/vehicle/IC414,http://irail.be/stations/NMBS/008844206,IC,2017-09-13T16:54:00,2017-09-13T16:53:00,310,310
http://irail.be/vehicle/IC414,http://irail.be/stations/NMBS/008844008,IC,2017-09-13T17:02:00,2017-09-13T17:00:00,235,235
http://irail.be/vehicle/IC414,http://irail.be/stations/NMBS/008844057,IC,2017-09-13T17:03:00,2017-09-13T17:03:00,106,106
http://irail.be/vehicle/IC414,NO-URI,IC,2017-09-13T17:05:00,2017-09-13T17:05:00,145,145
http://irail.be/vehicle/IC414,http://irail.be/stations/NMBS/008844545,IC,2017-09-13T17:10:00,2017-09-13T17:09:00,125,125
http://irail.be/vehicle/IC414,http://irail.be/stations/NMBS/008844503,IC,2017-09-13T17:16:00,2017-09-13T17:16:00,,125
http://irail.be/vehicle/IC414,http://irail.be/stations/NMBS/008896008,IC,2017-08-17T14:16:00,2017-08-17T14:16:00,51,
http://irail.be/vehicle/IC414,http://irail.be/stations/NMBS/008896115,IC,2017-08-17T14:22:00,2017-08-17T14:21:00,109,109
http://irail.be/vehicle/IC414,http://irail.be/stations/NMBS/008896149,IC,2017-08-17T14:28:00,2017-08-17T14:27:00,180,174
http://irail.be/vehicle/IC414,http://irail.be/stations/NMBS/008892106,IC,2017-08-17T14:38:00,2017-08-17T14:37:00,145,91
http://irail.be/vehicle/IC414,NO-URI,IC,2017-08-17T14:40:00,2017-08-17T14:40:00,145,145
http://irail.be/vehicle/IC414,http://irail.be/stations/NMBS/008892080,IC,2017-08-17T14:45:00,2017-08-17T14:44:00,104,73
http://irail.be/vehicle/IC414,http://irail.be/stations/NMBS/008892007,IC,2017-08-17T14:54:00,2017-08-17T14:51:00,147,199
http://irail.be/vehicle/IC414,http://irail.be/stations/NMBS/008814001,IC,2017-08-17T15:27:00,2017-08-17T15:24:00,105,140
http://irail.be/vehicle/IC414,http://irail.be/stations/NMBS/008813037,IC,2017-08-17T15:29:00,2017-08-17T15:29:00,127,127
http://irail.be/vehicle/IC414,http://irail.be/stations/NMBS/008813003,IC,2017-08-17T15:31:00,2017-08-17T15:30:00,196,157
http://irail.be/vehicle/IC414,http://irail.be/stations/NMBS/008813045,IC,2017-08-17T15:33:00,2017-08-17T15:33:00,183,183
http://irail.be/vehicle/IC414,http://irail.be/stations/NMBS/008812005,IC,2017-08-17T15:38:00,2017-08-17T15:35:00,151,177
http://irail.be/vehicle/IC414,http://irail.be/stations/NMBS/008811007,IC,2017-08-17T15:41:00,2017-08-17T15:41:00,134,134
http://irail.be/vehicle/IC414,http://irail.be/stations/NMBS/008811130,IC,2017-08-17T15:42:00,2017-08-17T15:42:00,173,173
http://irail.be/vehicle/IC414,http://irail.be/stations/NMBS/008811213,IC,2017-08-17T15:43:00,2017-08-17T15:43:00,164,164
http://irail.be/vehicle/IC414,http://irail.be/stations/NMBS/008811221,IC,2017-08-17T15:44:00,2017-08-17T15:44:00,174,174
http://irail.be/vehicle/IC414,http://irail.be/stations/NMBS/008811247,IC,2017-08-17T15:45:00,2017-08-17T15:45:00,134,134
http://irail.be/vehicle/IC414,http://irail.be/stations/NMBS/008811254,IC,2017-08-17T15:46:00,2017-08-17T15:46:00,46,46
http://irail.be/vehicle/IC414,http://irail.be/stations/NMBS/008811262,IC,2017-08-17T15:48:00,2017-08-17T15:48:00,46,46
http://irail.be/vehicle/IC414,http://irail.be/stations/NMBS/008811270,IC,2017-08-17T15:49:00,2017-08-17T15:49:00,128,128
http://irail.be/vehicle/IC414,http://irail.be/stations/NMBS/008811288,IC,2017-08-17T15:50:00,2017-08-17T15:50:00,140,140
http://irail.be/vehicle/IC414,http://irail.be/stations/NMBS/008833001,IC,2017-08-17T15:57:00,2017-08-17T15:53:00,63,139
http://irail.be/vehicle/IC414,http://irail.be/stations/NMBS/008841202,IC,2017-08-17T16:24:00,2017-08-17T16:24:00,9,9
http://irail.be/vehicle/IC414,http://irail.be/stations/NMBS/008841004,IC,2017-08-17T16:34:00,2017-08-17T16:31:00,54,117
http://irail.be/vehicle/IC414,http://irail.be/stations/NMBS/008842002,IC,2017-08-17T16:41:00,2017-08-17T16:37:00,34,34
http://irail.be/vehicle/IC414,http://irail.be/stations/NMBS/008842036,IC,2017-08-17T16:43:00,2017-08-17T16:43:00,34,34
http://irail.be/vehicle/IC414,http://irail.be/stations/NMBS/008844271,IC,2017-08-17T16:47:00,2017-08-17T16:47:00,25,25
http://irail.be/vehicle/IC414,NO-URI,IC,2017-08-17T16:48:00,2017-08-17T16:48:00,42,42
http://irail.be/vehicle/IC414,http://irail.be/stations/NMBS/008844255,IC,2017-08-17T16:49:00,2017-08-17T16:49:00,42,42
http://irail.be/vehicle/IC414,http://irail.be/stations/NMBS/008844230,IC,2017-08-17T16:49:00,2017-08-17T16:49:00,106,106
http://irail.be/vehicle/IC414,http://irail.be/stations/NMBS/008844206,IC,2017-08-17T16:54:00,2017-08-17T16:53:00,106,106
http://irail.be/vehicle/IC414,http://irail.be/stations/NMBS/008844008,IC,2017-08-17T17:02:00,2017-08-17T17:00:00,22,13
http://irail.be/vehicle/IC414,http://irail.be/stations/NMBS/008844057,IC,2017-08-17T17:03:00,2017-08-17T17:03:00,22,22
http://irail.be/vehicle/IC414,NO-URI,IC,2017-08-17T17:05:00,2017-08-17T17:05:00,51,51
http://irail.be/vehicle/IC414,http://irail.be/stations/NMBS/008844545,IC,2017-08-17T17:10:00,2017-08-17T17:09:00,204,204
http://irail.be/vehicle/IC414,http://irail.be/stations/NMBS/008844503,IC,2017-08-17T17:16:00,2017-08-17T17:16:00,,204
http://irail.be/vehicle/IC414,http://irail.be/stations/NMBS/008896008,IC,2017-09-14T14:16:00,2017-09-14T14:16:00,196,
http://irail.be/vehicle/IC414,http://irail.be/stations/NMBS/008896115,IC,2017-09-14T14:22:00,2017-09-14T14:21:00,199,199
http://irail.be/vehicle/IC414,http://irail.be/stations/NMBS/008896149,IC,2017-09-14T14:28:00,2017-09-14T14:27:00,262,254
http://irail.be/vehicle/IC414,http://irail.be/stations/NMBS/008892106,IC,2017-09-14T14:38:00,2017-09-14T14:37:00,229,183
http://irail.be/vehicle/IC414,NO-URI,IC,2017-09-14T14:40:00,2017-09-14T14:40:00,229,229
http://irail.be/vehicle/IC414,http://irail.be/stations/NMBS/008892080,IC,2017-09-14T14:45:00,2017-09-14T14:44:00,198,185
http://irail.be/vehicle/IC414,http://irail.be/stations/NMBS/008892007,IC,2017-09-14T14:54:00,2017-09-14T14:51:00,225,267
http://irail.be/vehicle/IC414,http://irail.be/stations/NMBS/008814001,IC,2017-09-14T15:27:00,2017-09-14T15:24:00,296,315
http://irail.be/vehicle/IC414,http://irail.be/stations/NMBS/008813037,IC,2017-09-14T15:29:00,2017-09-14T15:29:00,307,307
http://irail.be/vehicle/IC414,http://irail.be/stations/NMBS/008813003,IC,2017-09-14T15:31:00,2017-09-14T15:30:00,326,308
http://irail.be/vehicle/IC414,http://irail.be/stations/NMBS/008813045,IC,2017-09-14T15:33:00,2017-09-14T15:33:00,307,307
http://irail.be/vehicle/IC414,http://irail.be/stations/NMBS/008812005,IC,2017-09-14T15:38:00,2017-09-14T15:35:00,265,302
http://irail.be/vehicle/IC414,http://irail.be/stations/NMBS/008811007,IC,2017-09-14T15:41:00,2017-09-14T15:41:00,229,229
http://irail.be/vehicle/IC414,http://irail.be/stations/NMBS/008811130,IC,2017-09-14T15:42:00,2017-09-14T15:42:00,252,252
http://irail.be/vehicle/IC414,http://irail.be/stations/NMBS/008811213,IC,2017-09-14T15:43:00,2017-09-14T15:43:00,241,241
http://irail.be/vehicle/IC414,http://irail.be/stations/NMBS/008811221,IC,2017-09-14T15:44:00,2017-09-14T15:44:00,248,248
http://irail.be/vehicle/IC414,http://irail.be/stations/NMBS/008811247,IC,2017-09-14T15:45:00,2017-09-14T15:45:00,208,208
http://irail.be/vehicle/IC414,http://irail.be/stations/NMBS/008811254,IC,2017-09-14T15:46:00,2017-09-14T15:46:00,117,117
http://irail.be/vehicle/IC414,http://irail.be/stations/NMBS/008811262,IC,2017-09-14T15:48:00,2017-09-14T15:48:00,117,117
http://irail.be/vehicle/IC414,http://irail.be/stations/NMBS/008811270,IC,2017-09-14T15:49:00,2017-09-14T15:49:00,196,196
http://irail.be/vehicle/IC414,http://irail.be/stations/NMBS/008811288,IC,2017-09-14T15:50:00,2017-09-14T15:50:00,208,208
http://irail.be/vehicle/IC414,http://irail.be/stations/NMBS/008833001,IC,2017-09-14T15:57:00,2017-09-14T15:53:00,253,222
http://irail.be/vehicle/IC414,http://irail.be/stations/NMBS/008841202,IC,2017-09-14T16:24:00,2017-09-14T16:24:00,163,163
http://irail.be/vehicle/IC414,http://irail.be/stations/NMBS/008841004,IC,2017-09-14T16:34:00,2017-09-14T16:31:00,65,134
http://irail.be/vehicle/IC414,http://irail.be/stations/NMBS/008842002,IC,2017-09-14T16:41:00,2017-09-14T16:37:00,28,28
http://irail.be/vehicle/IC414,http://irail.be/stations/NMBS/008842036,IC,2017-09-14T16:43:00,2017-09-14T16:43:00,28,28
http://irail.be/vehicle/IC414,http://irail.be/stations/NMBS/008844271,IC,2017-09-14T16:47:00,2017-09-14T16:47:00,-2,-2
http://irail.be/vehicle/IC414,NO-URI,IC,2017-09-14T16:48:00,2017-09-14T16:48:00,-16,-16
http://irail.be/vehicle/IC414,http://irail.be/stations/NMBS/008844255,IC,2017-09-14T16:49:00,2017-09-14T16:49:00,-20,-20
http://irail.be/vehicle/IC414,http://irail.be/stations/NMBS/008844230,IC,2017-09-14T16:49:00,2017-09-14T16:49:00,175,175
http://irail.be/vehicle/IC414,http://irail.be/stations/NMBS/008844206,IC,2017-09-14T16:54:00,2017-09-14T16:53:00,175,175
http://irail.be/vehicle/IC414,http://irail.be/stations/NMBS/008844008,IC,2017-09-14T17:02:00,2017-09-14T17:00:00,41,94
http://irail.be/vehicle/IC414,http://irail.be/stations/NMBS/008844057,IC,2017-09-14T17:03:00,2017-09-14T17:03:00,41,41
http://irail.be/vehicle/IC414,NO-URI,IC,2017-09-14T17:05:00,2017-09-14T17:05:00,72,72
http://irail.be/vehicle/IC414,http://irail.be/stations/NMBS/008844545,IC,2017-09-14T17:10:00,2017-09-14T17:09:00,112,112
http://irail.be/vehicle/IC414,http://irail.be/stations/NMBS/008844503,IC,2017-09-14T17:16:00,2017-09-14T17:16:00,,112
http://irail.be/vehicle/IC414,http://irail.be/stations/NMBS/008896008,IC,2017-12-18T14:16:00,2017-12-18T14:16:00,45,
http://irail.be/vehicle/IC414,http://irail.be/stations/NMBS/008896115,IC,2017-12-18T14:22:00,2017-12-18T14:21:00,64,64
http://irail.be/vehicle/IC414,http://irail.be/stations/NMBS/008896149,IC,2017-12-18T14:28:00,2017-12-18T14:27:00,114,72
http://irail.be/vehicle/IC414,http://irail.be/stations/NMBS/008892106,IC,2017-12-18T14:38:00,2017-12-18T14:37:00,59,8
http://irail.be/vehicle/IC414,NO-URI,IC,2017-12-18T14:40:00,2017-12-18T14:40:00,59,59
http://irail.be/vehicle/IC414,http://irail.be/stations/NMBS/008892080,IC,2017-12-18T14:44:00,2017-12-18T14:43:00,29,19
http://irail.be/vehicle/IC414,http://irail.be/stations/NMBS/008892007,IC,2017-12-18T14:54:00,2017-12-18T14:52:00,113,33
http://irail.be/vehicle/IC414,http://irail.be/stations/NMBS/008814001,IC,2017-12-18T15:27:00,2017-12-18T15:24:00,62,121
http://irail.be/vehicle/IC414,http://irail.be/stations/NMBS/008813037,IC,2017-12-18T15:29:00,2017-12-18T15:29:00,108,108
http://irail.be/vehicle/IC414,http://irail.be/stations/NMBS/008813003,IC,2017-12-18T15:31:00,2017-12-18T15:30:00,148,110
http://irail.be/vehicle/IC414,http://irail.be/stations/NMBS/008813045,IC,2017-12-18T15:33:00,2017-12-18T15:33:00,136,136
http://irail.be/vehicle/IC414,http://irail.be/stations/NMBS/008812005,IC,2017-12-18T15:37:00,2017-12-18T15:35:00,118,126
http://irail.be/vehicle/IC414,http://irail.be/stations/NMBS/008811007,IC,2017-12-18T15:40:00,2017-12-18T15:40:00,89,89
http://irail.be/vehicle/IC414,http://irail.be/stations/NMBS/008811130,IC,2017-12-18T15:41:00,2017-12-18T15:41:00,125,125
http://irail.be/vehicle/IC414,http://irail.be/stations/NMBS/008811213,IC,2017-12-18T15:42:00,2017-12-18T15:42:00,117,117
http://irail.be/vehicle/IC414,http://irail.be/stations/NMBS/008811221,IC,2017-12-18T15:43:00,2017-12-18T15:43:00,87,87
http://irail.be/vehicle/IC414,http://irail.be/stations/NMBS/008811247,IC,2017-12-18T15:44:00,2017-12-18T15:44:00,87,87
http://irail.be/vehicle/IC414,http://irail.be/stations/NMBS/008811254,IC,2017-12-18T15:45:00,2017-12-18T15:45:00,-2,-2
http://irail.be/vehicle/IC414,http://irail.be/stations/NMBS/008811262,IC,2017-12-18T15:47:00,2017-12-18T15:47:00,-2,-2
http://irail.be/vehicle/IC414,http://irail.be/stations/NMBS/008811270,IC,2017-12-18T15:48:00,2017-12-18T15:48:00,77,77
http://irail.be/vehicle/IC414,http://irail.be/stations/NMBS/008811288,IC,2017-12-18T15:49:00,2017-12-18T15:49:00,90,90
http://irail.be/vehicle/IC414,http://irail.be/stations/NMBS/008833001,IC,2017-12-18T15:56:00,2017-12-18T15:52:00,23,91
http://irail.be/vehicle/IC414,http://irail.be/stations/NMBS/008841202,IC,2017-12-18T16:22:00,2017-12-18T16:22:00,-31,-31
http://irail.be/vehicle/IC414,http://irail.be/stations/NMBS/008841004,IC,2017-12-18T16:36:00,2017-12-18T16:29:00,25,-65
http://irail.be/vehicle/IC414,http://irail.be/stations/NMBS/008842002,IC,2017-12-18T16:41:00,2017-12-18T16:39:00,154,154
http://irail.be/vehicle/IC414,http://irail.be/stations/NMBS/008842036,IC,2017-12-18T16:43:00,2017-12-18T16:43:00,154,154
http://irail.be/vehicle/IC414,http://irail.be/stations/NMBS/008844271,IC,2017-12-18T16:47:00,2017-12-18T16:47:00,157,157
http://irail.be/vehicle/IC414,NO-URI,IC,2017-12-18T16:48:00,2017-12-18T16:48:00,176,176
http://irail.be/vehicle/IC414,http://irail.be/stations/NMBS/008844255,IC,2017-12-18T16:49:00,2017-12-18T16:49:00,207,207
http://irail.be/vehicle/IC414,http://irail.be/stations/NMBS/008844230,IC,2017-12-18T16:49:00,2017-12-18T16:49:00,284,284
http://irail.be/vehicle/IC414,http://irail.be/stations/NMBS/008844206,IC,2017-12-18T16:54:00,2017-12-18T16:53:00,284,284
http://irail.be/vehicle/IC414,http://irail.be/stations/NMBS/008844008,IC,2017-12-18T17:02:00,2017-12-18T17:00:00,124,217
http://irail.be/vehicle/IC414,http://irail.be/stations/NMBS/008844057,IC,2017-12-18T17:03:00,2017-12-18T17:03:00,124,124
http://irail.be/vehicle/IC414,http://irail.be/stations/NMBS/008844545,IC,2017-12-18T17:09:00,2017-12-18T17:08:00,418,418
http://irail.be/vehicle/IC414,http://irail.be/stations/NMBS/008844503,IC,2017-12-18T17:14:00,2017-12-18T17:14:00,,418
http://irail.be/vehicle/IC414,http://irail.be/stations/NMBS/008896008,IC,2017-09-01T14:16:00,2017-09-01T14:16:00,54,
http://irail.be/vehicle/IC414,http://irail.be/stations/NMBS/008896115,IC,2017-09-01T14:22:00,2017-09-01T14:21:00,23,23
http://irail.be/vehicle/IC414,http://irail.be/stations/NMBS/008896149,IC,2017-09-01T14:28:00,2017-09-01T14:27:00,51,27
http://irail.be/vehicle/IC414,http://irail.be/stations/NMBS/008892106,IC,2017-09-01T14:38:00,2017-09-01T14:37:00,87,-46
http://irail.be/vehicle/IC414,NO-URI,IC,2017-09-01T14:40:00,2017-09-01T14:40:00,87,87
http://irail.be/vehicle/IC414,http://irail.be/stations/NMBS/008892080,IC,2017-09-01T14:45:00,2017-09-01T14:44:00,32,-7
http://irail.be/vehicle/IC414,http://irail.be/stations/NMBS/008892007,IC,2017-09-01T14:54:00,2017-09-01T14:51:00,55,87
http://irail.be/vehicle/IC414,http://irail.be/stations/NMBS/008814001,IC,2017-09-01T15:27:00,2017-09-01T15:24:00,89,101
http://irail.be/vehicle/IC414,http://irail.be/stations/NMBS/008813037,IC,2017-09-01T15:29:00,2017-09-01T15:29:00,101,101
http://irail.be/vehicle/IC414,http://irail.be/stations/NMBS/008813003,IC,2017-09-01T15:31:00,2017-09-01T15:30:00,129,105
http://irail.be/vehicle/IC414,http://irail.be/stations/NMBS/008813045,IC,2017-09-01T15:33:00,2017-09-01T15:33:00,110,110
http://irail.be/vehicle/IC414,http://irail.be/stations/NMBS/008812005,IC,2017-09-01T15:38:00,2017-09-01T15:35:00,49,101
http://irail.be/vehicle/IC414,http://irail.be/stations/NMBS/008811007,IC,2017-09-01T15:41:00,2017-09-01T15:41:00,12,12
http://irail.be/vehicle/IC414,http://irail.be/stations/NMBS/008811130,IC,2017-09-01T15:42:00,2017-09-01T15:42:00,29,29
http://irail.be/vehicle/IC414,http://irail.be/stations/NMBS/008811213,IC,2017-09-01T15:43:00,2017-09-01T15:43:00,18,18
http://irail.be/vehicle/IC414,http://irail.be/stations/NMBS/008811221,IC,2017-09-01T15:44:00,2017-09-01T15:44:00,26,26
http://irail.be/vehicle/IC414,http://irail.be/stations/NMBS/008811247,IC,2017-09-01T15:45:00,2017-09-01T15:45:00,-13,-13
http://irail.be/vehicle/IC414,http://irail.be/stations/NMBS/008811254,IC,2017-09-01T15:46:00,2017-09-01T15:46:00,-101,-101
http://irail.be/vehicle/IC414,http://irail.be/stations/NMBS/008811262,IC,2017-09-01T15:48:00,2017-09-01T15:48:00,-101,-101
http://irail.be/vehicle/IC414,http://irail.be/stations/NMBS/008811270,IC,2017-09-01T15:49:00,2017-09-01T15:49:00,-25,-25
http://irail.be/vehicle/IC414,http://irail.be/stations/NMBS/008811288,IC,2017-09-01T15:50:00,2017-09-01T15:50:00,-12,-12
http://irail.be/vehicle/IC414,http://irail.be/stations/NMBS/008833001,IC,2017-09-01T15:57:00,2017-09-01T15:53:00,36,6
http://irail.be/vehicle/IC414,http://irail.be/stations/NMBS/008841202,IC,2017-09-01T16:24:00,2017-09-01T16:24:00,8,8
http://irail.be/vehicle/IC414,http://irail.be/stations/NMBS/008841004,IC,2017-09-01T16:34:00,2017-09-01T16:31:00,67,133
http://irail.be/vehicle/IC414,http://irail.be/stations/NMBS/008842002,IC,2017-09-01T16:41:00,2017-09-01T16:37:00,86,86
http://irail.be/vehicle/IC414,http://irail.be/stations/NMBS/008842036,IC,2017-09-01T16:43:00,2017-09-01T16:43:00,86,86
http://irail.be/vehicle/IC414,http://irail.be/stations/NMBS/008844271,IC,2017-09-01T16:47:00,2017-09-01T16:47:00,55,55
http://irail.be/vehicle/IC414,NO-URI,IC,2017-09-01T16:48:00,2017-09-01T16:48:00,40,40
http://irail.be/vehicle/IC414,http://irail.be/stations/NMBS/008844255,IC,2017-09-01T16:49:00,2017-09-01T16:49:00,37,37
http://irail.be/vehicle/IC414,http://irail.be/stations/NMBS/008844230,IC,2017-09-01T16:49:00,2017-09-01T16:49:00,185,185
http://irail.be/vehicle/IC414,http://irail.be/stations/NMBS/008844206,IC,2017-09-01T16:54:00,2017-09-01T16:53:00,185,185
http://irail.be/vehicle/IC414,http://irail.be/stations/NMBS/008844008,IC,2017-09-01T17:02:00,2017-09-01T17:00:00,3,119
http://irail.be/vehicle/IC414,http://irail.be/stations/NMBS/008844057,IC,2017-09-01T17:03:00,2017-09-01T17:03:00,3,3
http://irail.be/vehicle/IC414,NO-URI,IC,2017-09-01T17:05:00,2017-09-01T17:05:00,29,29
http://irail.be/vehicle/IC414,http://irail.be/stations/NMBS/008844545,IC,2017-09-01T17:10:00,2017-09-01T17:09:00,153,153
http://irail.be/vehicle/IC414,http://irail.be/stations/NMBS/008844503,IC,2017-09-01T17:16:00,2017-09-01T17:16:00,,153
http://irail.be/vehicle/IC414,http://irail.be/stations/NMBS/008896008,IC,2017-10-10T14:16:00,2017-10-10T14:16:00,88,
http://irail.be/vehicle/IC414,http://irail.be/stations/NMBS/008896115,IC,2017-10-10T14:22:00,2017-10-10T14:21:00,150,150
http://irail.be/vehicle/IC414,http://irail.be/stations/NMBS/008896149,IC,2017-10-10T14:28:00,2017-10-10T14:27:00,191,187
http://irail.be/vehicle/IC414,http://irail.be/stations/NMBS/008892106,IC,2017-10-10T14:38:00,2017-10-10T14:37:00,158,115
http://irail.be/vehicle/IC414,NO-URI,IC,2017-10-10T14:40:00,2017-10-10T14:40:00,158,158
http://irail.be/vehicle/IC414,http://irail.be/stations/NMBS/008892080,IC,2017-10-10T14:45:00,2017-10-10T14:44:00,121,99
http://irail.be/vehicle/IC414,http://irail.be/stations/NMBS/008892007,IC,2017-10-10T14:54:00,2017-10-10T14:51:00,120,154
http://irail.be/vehicle/IC414,http://irail.be/stations/NMBS/008814001,IC,2017-10-10T15:27:00,2017-10-10T15:24:00,389,247
http://irail.be/vehicle/IC414,http://irail.be/stations/NMBS/008813037,IC,2017-10-10T15:29:00,2017-10-10T15:29:00,405,405
http://irail.be/vehicle/IC414,http://irail.be/stations/NMBS/008813003,IC,2017-10-10T15:31:00,2017-10-10T15:30:00,430,406
http://irail.be/vehicle/IC414,http://irail.be/stations/NMBS/008813045,IC,2017-10-10T15:33:00,2017-10-10T15:33:00,408,408
http://irail.be/vehicle/IC414,http://irail.be/stations/NMBS/008812005,IC,2017-10-10T15:38:00,2017-10-10T15:35:00,351,398
http://irail.be/vehicle/IC414,http://irail.be/stations/NMBS/008811007,IC,2017-10-10T15:41:00,2017-10-10T15:41:00,338,338
http://irail.be/vehicle/IC414,http://irail.be/stations/NMBS/008811130,IC,2017-10-10T15:42:00,2017-10-10T15:42:00,360,360
http://irail.be/vehicle/IC414,http://irail.be/stations/NMBS/008811213,IC,2017-10-10T15:43:00,2017-10-10T15:43:00,346,346
http://irail.be/vehicle/IC414,http://irail.be/stations/NMBS/008811221,IC,2017-10-10T15:44:00,2017-10-10T15:44:00,353,353
http://irail.be/vehicle/IC414,http://irail.be/stations/NMBS/008811247,IC,2017-10-10T15:45:00,2017-10-10T15:45:00,312,312
http://irail.be/vehicle/IC414,http://irail.be/stations/NMBS/008811254,IC,2017-10-10T15:46:00,2017-10-10T15:46:00,222,222
http://irail.be/vehicle/IC414,http://irail.be/stations/NMBS/008811262,IC,2017-10-10T15:48:00,2017-10-10T15:48:00,222,222
http://irail.be/vehicle/IC414,http://irail.be/stations/NMBS/008811270,IC,2017-10-10T15:49:00,2017-10-10T15:49:00,301,301
http://irail.be/vehicle/IC414,http://irail.be/stations/NMBS/008811288,IC,2017-10-10T15:50:00,2017-10-10T15:50:00,313,313
http://irail.be/vehicle/IC414,http://irail.be/stations/NMBS/008833001,IC,2017-10-10T15:57:00,2017-10-10T15:53:00,134,293
http://irail.be/vehicle/IC414,http://irail.be/stations/NMBS/008841202,IC,2017-10-10T16:24:00,2017-10-10T16:24:00,77,77
http://irail.be/vehicle/IC414,http://irail.be/stations/NMBS/008841004,IC,2017-10-10T16:34:00,2017-10-10T16:31:00,272,229
http://irail.be/vehicle/IC414,http://irail.be/stations/NMBS/008842002,IC,2017-10-10T16:41:00,2017-10-10T16:37:00,133,133
http://irail.be/vehicle/IC414,http://irail.be/stations/NMBS/008842036,IC,2017-10-10T16:43:00,2017-10-10T16:43:00,133,133
http://irail.be/vehicle/IC414,http://irail.be/stations/NMBS/008844271,IC,2017-10-10T16:47:00,2017-10-10T16:47:00,104,104
http://irail.be/vehicle/IC414,NO-URI,IC,2017-10-10T16:48:00,2017-10-10T16:48:00,95,95
http://irail.be/vehicle/IC414,http://irail.be/stations/NMBS/008844255,IC,2017-10-10T16:49:00,2017-10-10T16:49:00,96,96
http://irail.be/vehicle/IC414,http://irail.be/stations/NMBS/008844230,IC,2017-10-10T16:49:00,2017-10-10T16:49:00,198,198
http://irail.be/vehicle/IC414,http://irail.be/stations/NMBS/008844206,IC,2017-10-10T16:54:00,2017-10-10T16:53:00,198,198
http://irail.be/vehicle/IC414,http://irail.be/stations/NMBS/008844008,IC,2017-10-10T17:02:00,2017-10-10T17:00:00,50,132
http://irail.be/vehicle/IC414,http://irail.be/stations/NMBS/008844057,IC,2017-10-10T17:03:00,2017-10-10T17:03:00,50,50
http://irail.be/vehicle/IC414,NO-URI,IC,2017-10-10T17:05:00,2017-10-10T17:05:00,73,73
http://irail.be/vehicle/IC414,http://irail.be/stations/NMBS/008844545,IC,2017-10-10T17:10:00,2017-10-10T17:09:00,134,134
http://irail.be/vehicle/IC414,http://irail.be/stations/NMBS/008844503,IC,2017-10-10T17:16:00,2017-10-10T17:16:00,,134
http://irail.be/vehicle/IC414,http://irail.be/stations/NMBS/008896008,IC,2017-01-20T14:16:00,2017-01-20T14:16:00,195,
http://irail.be/vehicle/IC414,http://irail.be/stations/NMBS/008896115,IC,2017-01-20T14:22:00,2017-01-20T14:21:00,172,172
http://irail.be/vehicle/IC414,http://irail.be/stations/NMBS/008896149,IC,2017-01-20T14:28:00,2017-01-20T14:27:00,138,172
http://irail.be/vehicle/IC414,http://irail.be/stations/NMBS/008892106,IC,2017-01-20T14:38:00,2017-01-20T14:37:00,67,26
http://irail.be/vehicle/IC414,NO-URI,IC,2017-01-20T14:40:00,2017-01-20T14:40:00,67,67
http://irail.be/vehicle/IC414,http://irail.be/stations/NMBS/008892080,IC,2017-01-20T14:45:00,2017-01-20T14:44:00,26,-36
http://irail.be/vehicle/IC414,http://irail.be/stations/NMBS/008892007,IC,2017-01-20T14:54:00,2017-01-20T14:51:00,34,39
http://irail.be/vehicle/IC414,http://irail.be/stations/NMBS/008814001,IC,2017-01-20T15:27:00,2017-01-20T15:24:00,59,-56
http://irail.be/vehicle/IC414,http://irail.be/stations/NMBS/008813037,IC,2017-01-20T15:29:00,2017-01-20T15:29:00,55,55
http://irail.be/vehicle/IC414,http://irail.be/stations/NMBS/008813003,IC,2017-01-20T15:31:00,2017-01-20T15:30:00,103,58
http://irail.be/vehicle/IC414,http://irail.be/stations/NMBS/008813045,IC,2017-01-20T15:33:00,2017-01-20T15:33:00,84,84
http://irail.be/vehicle/IC414,http://irail.be/stations/NMBS/008812005,IC,2017-01-20T15:38:00,2017-01-20T15:35:00,56,71
http://irail.be/vehicle/IC414,http://irail.be/stations/NMBS/008811007,IC,2017-01-20T15:41:00,2017-01-20T15:41:00,28,28
http://irail.be/vehicle/IC414,http://irail.be/stations/NMBS/008811130,IC,2017-01-20T15:42:00,2017-01-20T15:42:00,28,28
http://irail.be/vehicle/IC414,http://irail.be/stations/NMBS/008811213,IC,2017-01-20T15:43:00,2017-01-20T15:43:00,35,35
http://irail.be/vehicle/IC414,http://irail.be/stations/NMBS/008811221,IC,2017-01-20T15:44:00,2017-01-20T15:44:00,45,45
http://irail.be/vehicle/IC414,http://irail.be/stations/NMBS/008811247,IC,2017-01-20T15:45:00,2017-01-20T15:45:00,4,4
http://irail.be/vehicle/IC414,http://irail.be/stations/NMBS/008811254,IC,2017-01-20T15:46:00,2017-01-20T15:46:00,-87,-87
http://irail.be/vehicle/IC414,http://irail.be/stations/NMBS/008811262,IC,2017-01-20T15:48:00,2017-01-20T15:48:00,-87,-87
http://irail.be/vehicle/IC414,http://irail.be/stations/NMBS/008811270,IC,2017-01-20T15:49:00,2017-01-20T15:49:00,-12,-12
http://irail.be/vehicle/IC414,http://irail.be/stations/NMBS/008811288,IC,2017-01-20T15:50:00,2017-01-20T15:50:00,0,0
http://irail.be/vehicle/IC414,http://irail.be/stations/NMBS/008833001,IC,2017-01-20T15:57:00,2017-01-20T15:53:00,31,4
http://irail.be/vehicle/IC414,http://irail.be/stations/NMBS/008841202,IC,2017-01-20T16:24:00,2017-01-20T16:24:00,-51,-51
http://irail.be/vehicle/IC414,http://irail.be/stations/NMBS/008841004,IC,2017-01-20T16:34:00,2017-01-20T16:31:00,20,49
http://irail.be/vehicle/IC414,http://irail.be/stations/NMBS/008842002,IC,2017-01-20T16:41:00,2017-01-20T16:37:00,29,29
http://irail.be/vehicle/IC414,http://irail.be/stations/NMBS/008842036,IC,2017-01-20T16:43:00,2017-01-20T16:43:00,29,29
http://irail.be/vehicle/IC414,http://irail.be/stations/NMBS/008844271,IC,2017-01-20T16:47:00,2017-01-20T16:47:00,10,10
http://irail.be/vehicle/IC414,NO-URI,IC,2017-01-20T16:48:00,2017-01-20T16:48:00,104,104
http://irail.be/vehicle/IC414,http://irail.be/stations/NMBS/008844255,IC,2017-01-20T16:49:00,2017-01-20T16:49:00,113,113
http://irail.be/vehicle/IC414,http://irail.be/stations/NMBS/008844230,IC,2017-01-20T16:49:00,2017-01-20T16:49:00,299,299
http://irail.be/vehicle/IC414,http://irail.be/stations/NMBS/008844206,IC,2017-01-20T16:54:00,2017-01-20T16:53:00,299,299
http://irail.be/vehicle/IC414,http://irail.be/stations/NMBS/008844008,IC,2017-01-20T17:02:00,2017-01-20T17:00:00,121,229
http://irail.be/vehicle/IC414,http://irail.be/stations/NMBS/008844057,IC,2017-01-20T17:03:00,2017-01-20T17:03:00,121,121
http://irail.be/vehicle/IC414,NO-URI,IC,2017-01-20T17:05:00,2017-01-20T17:05:00,140,140
http://irail.be/vehicle/IC414,http://irail.be/stations/NMBS/008844545,IC,2017-01-20T17:10:00,2017-01-20T17:09:00,105,105
http://irail.be/vehicle/IC414,http://irail.be/stations/NMBS/008844503,IC,2017-01-20T17:16:00,2017-01-20T17:16:00,,105
http://irail.be/vehicle/IC414,http://irail.be/stations/NMBS/008896008,IC,2017-10-09T14:16:00,2017-10-09T14:16:00,411,
http://irail.be/vehicle/IC414,http://irail.be/stations/NMBS/008896115,IC,2017-10-09T14:22:00,2017-10-09T14:21:00,389,389
http://irail.be/vehicle/IC414,http://irail.be/stations/NMBS/008896149,IC,2017-10-09T14:28:00,2017-10-09T14:27:00,404,411
http://irail.be/vehicle/IC414,http://irail.be/stations/NMBS/008892106,IC,2017-10-09T14:38:00,2017-10-09T14:37:00,333,305
http://irail.be/vehicle/IC414,NO-URI,IC,2017-10-09T14:40:00,2017-10-09T14:40:00,333,333
http://irail.be/vehicle/IC414,http://irail.be/stations/NMBS/008892080,IC,2017-10-09T14:45:00,2017-10-09T14:44:00,247,241
http://irail.be/vehicle/IC414,http://irail.be/stations/NMBS/008892007,IC,2017-10-09T14:54:00,2017-10-09T14:51:00,217,279
http://irail.be/vehicle/IC414,http://irail.be/stations/NMBS/008814001,IC,2017-10-09T15:27:00,2017-10-09T15:24:00,211,276
http://irail.be/vehicle/IC414,http://irail.be/stations/NMBS/008813037,IC,2017-10-09T15:29:00,2017-10-09T15:29:00,229,229
http://irail.be/vehicle/IC414,http://irail.be/stations/NMBS/008813003,IC,2017-10-09T15:31:00,2017-10-09T15:30:00,280,256
http://irail.be/vehicle/IC414,http://irail.be/stations/NMBS/008813045,IC,2017-10-09T15:33:00,2017-10-09T15:33:00,263,263
http://irail.be/vehicle/IC414,http://irail.be/stations/NMBS/008812005,IC,2017-10-09T15:38:00,2017-10-09T15:35:00,217,256
http://irail.be/vehicle/IC414,http://irail.be/stations/NMBS/008811007,IC,2017-10-09T15:41:00,2017-10-09T15:41:00,239,239
http://irail.be/vehicle/IC414,http://irail.be/stations/NMBS/008811130,IC,2017-10-09T15:42:00,2017-10-09T15:42:00,258,258
http://irail.be/vehicle/IC414,http://irail.be/stations/NMBS/008811213,IC,2017-10-09T15:43:00,2017-10-09T15:43:00,248,248
http://irail.be/vehicle/IC414,http://irail.be/stations/NMBS/008811221,IC,2017-10-09T15:44:00,2017-10-09T15:44:00,256,256
http://irail.be/vehicle/IC414,http://irail.be/stations/NMBS/008811247,IC,2017-10-09T15:45:00,2017-10-09T15:45:00,215,215
http://irail.be/vehicle/IC414,http://irail.be/stations/NMBS/008811254,IC,2017-10-09T15:46:00,2017-10-09T15:46:00,124,124
http://irail.be/vehicle/IC414,http://irail.be/stations/NMBS/008811262,IC,2017-10-09T15:48:00,2017-10-09T15:48:00,124,124
http://irail.be/vehicle/IC414,http://irail.be/stations/NMBS/008811270,IC,2017-10-09T15:49:00,2017-10-09T15:49:00,201,201
http://irail.be/vehicle/IC414,http://irail.be/stations/NMBS/008811288,IC,2017-10-09T15:50:00,2017-10-09T15:50:00,212,212
http://irail.be/vehicle/IC414,http://irail.be/stations/NMBS/008833001,IC,2017-10-09T15:57:00,2017-10-09T15:53:00,84,198
http://irail.be/vehicle/IC414,http://irail.be/stations/NMBS/008841202,IC,2017-10-09T16:24:00,2017-10-09T16:24:00,-25,-25
http://irail.be/vehicle/IC414,http://irail.be/stations/NMBS/008841004,IC,2017-10-09T16:34:00,2017-10-09T16:31:00,39,74
http://irail.be/vehicle/IC414,http://irail.be/stations/NMBS/008842002,IC,2017-10-09T16:41:00,2017-10-09T16:37:00,65,65
http://irail.be/vehicle/IC414,http://irail.be/stations/NMBS/008842036,IC,2017-10-09T16:43:00,2017-10-09T16:43:00,65,65
http://irail.be/vehicle/IC414,http://irail.be/stations/NMBS/008844271,IC,2017-10-09T16:47:00,2017-10-09T16:47:00,40,40
http://irail.be/vehicle/IC414,NO-URI,IC,2017-10-09T16:48:00,2017-10-09T16:48:00,55,55
http://irail.be/vehicle/IC414,http://irail.be/stations/NMBS/008844255,IC,2017-10-09T16:49:00,2017-10-09T16:49:00,54,54
http://irail.be/vehicle/IC414,http://irail.be/stations/NMBS/008844230,IC,2017-10-09T16:49:00,2017-10-09T16:49:00,159,159
http://irail.be/vehicle/IC414,http://irail.be/stations/NMBS/008844206,IC,2017-10-09T16:54:00,2017-10-09T16:53:00,159,159
http://irail.be/vehicle/IC414,http://irail.be/stations/NMBS/008844008,IC,2017-10-09T17:02:00,2017-10-09T17:00:00,-7,79
http://irail.be/vehicle/IC414,http://irail.be/stations/NMBS/008844057,IC,2017-10-09T17:03:00,2017-10-09T17:03:00,-7,-7
http://irail.be/vehicle/IC414,NO-URI,IC,2017-10-09T17:05:00,2017-10-09T17:05:00,16,16
http://irail.be/vehicle/IC414,http://irail.be/stations/NMBS/008844545,IC,2017-10-09T17:10:00,2017-10-09T17:09:00,68,68
http://irail.be/vehicle/IC414,http://irail.be/stations/NMBS/008844503,IC,2017-10-09T17:16:00,2017-10-09T17:16:00,,68
http://irail.be/vehicle/IC414,http://irail.be/stations/NMBS/008896008,IC,2017-09-26T14:16:00,2017-09-26T14:16:00,97,
http://irail.be/vehicle/IC414,http://irail.be/stations/NMBS/008896115,IC,2017-09-26T14:22:00,2017-09-26T14:21:00,125,125
http://irail.be/vehicle/IC414,http://irail.be/stations/NMBS/008896149,IC,2017-09-26T14:28:00,2017-09-26T14:27:00,157,137
http://irail.be/vehicle/IC414,http://irail.be/stations/NMBS/008892106,IC,2017-09-26T14:38:00,2017-09-26T14:37:00,1014,115
http://irail.be/vehicle/IC414,NO-URI,IC,2017-09-26T14:40:00,2017-09-26T14:40:00,1014,1014
http://irail.be/vehicle/IC414,http://irail.be/stations/NMBS/008892080,IC,2017-09-26T14:45:00,2017-09-26T14:44:00,3018,2391
http://irail.be/vehicle/IC414,http://irail.be/stations/NMBS/008892007,IC,2017-09-26T14:54:00,2017-09-26T14:51:00,3075,3076
http://irail.be/vehicle/IC414,http://irail.be/stations/NMBS/008814001,IC,2017-09-26T15:27:00,2017-09-26T15:24:00,3094,3061
http://irail.be/vehicle/IC414,http://irail.be/stations/NMBS/008813037,IC,2017-09-26T15:29:00,2017-09-26T15:29:00,3367,3367
http://irail.be/vehicle/IC414,http://irail.be/stations/NMBS/008813003,IC,2017-09-26T15:31:00,2017-09-26T15:30:00,3580,3495
http://irail.be/vehicle/IC414,http://irail.be/stations/NMBS/008813045,IC,2017-09-26T15:33:00,2017-09-26T15:33:00,3557,3557
http://irail.be/vehicle/IC414,http://irail.be/stations/NMBS/008812005,IC,2017-09-26T15:38:00,2017-09-26T15:35:00,3547,3551
http://irail.be/vehicle/IC414,http://irail.be/stations/NMBS/008811007,IC,2017-09-26T15:41:00,2017-09-26T15:41:00,3523,3523
http://irail.be/vehicle/IC414,http://irail.be/stations/NMBS/008811130,IC,2017-09-26T15:43:26,2017-09-26T15:42:00,3534,3534
http://irail.be/vehicle/IC414,http://irail.be/stations/NMBS/008811213,IC,2017-09-26T15:43:00,2017-09-26T15:43:00,3850,3850
http://irail.be/vehicle/IC414,http://irail.be/stations/NMBS/008811221,IC,2017-09-26T15:44:00,2017-09-26T15:44:00,3983,3850
http://irail.be/vehicle/IC414,http://irail.be/stations/NMBS/008811247,IC,2017-09-26T15:45:00,2017-09-26T15:45:00,3983,3983
http://irail.be/vehicle/IC414,http://irail.be/stations/NMBS/008811254,IC,2017-09-26T15:46:00,2017-09-26T15:46:00,3934,3934
http://irail.be/vehicle/IC414,http://irail.be/stations/NMBS/008811262,IC,2017-09-26T15:48:00,2017-09-26T15:48:00,3934,3934
http://irail.be/vehicle/IC414,http://irail.be/stations/NMBS/008811270,IC,2017-09-26T15:49:00,2017-09-26T15:49:00,4016,4016
http://irail.be/vehicle/IC414,http://irail.be/stations/NMBS/008811288,IC,2017-09-26T15:50:00,2017-09-26T15:50:00,4192,4192
http://irail.be/vehicle/IC414,http://irail.be/stations/NMBS/008833001,IC,2017-09-26T15:57:00,2017-09-26T15:53:00,4282,4382
http://irail.be/vehicle/IC414,http://irail.be/stations/NMBS/008841202,IC,2017-09-26T16:24:00,2017-09-26T16:24:00,4133,4133
http://irail.be/vehicle/IC414,http://irail.be/stations/NMBS/008841004,IC,2017-09-26T16:31:00,2017-09-26T16:31:00,,4398
http://irail.be/vehicle/IC414,http://irail.be/stations/NMBS/008896008,IC,2017-08-31T14:16:00,2017-08-31T14:16:00,44,
http://irail.be/vehicle/IC414,http://irail.be/stations/NMBS/008896115,IC,2017-08-31T14:22:00,2017-08-31T14:21:00,35,35
http://irail.be/vehicle/IC414,http://irail.be/stations/NMBS/008896149,IC,2017-08-31T14:28:00,2017-08-31T14:27:00,74,54
http://irail.be/vehicle/IC414,http://irail.be/stations/NMBS/008892106,IC,2017-08-31T14:38:00,2017-08-31T14:37:00,24,-34
http://irail.be/vehicle/IC414,NO-URI,IC,2017-08-31T14:40:00,2017-08-31T14:40:00,24,24
http://irail.be/vehicle/IC414,http://irail.be/stations/NMBS/008892080,IC,2017-08-31T14:45:00,2017-08-31T14:44:00,5,-69
http://irail.be/vehicle/IC414,http://irail.be/stations/NMBS/008892007,IC,2017-08-31T14:54:00,2017-08-31T14:51:00,39,68
http://irail.be/vehicle/IC414,http://irail.be/stations/NMBS/008814001,IC,2017-08-31T15:27:00,2017-08-31T15:24:00,245,233
http://irail.be/vehicle/IC414,http://irail.be/stations/NMBS/008813037,IC,2017-08-31T15:29:00,2017-08-31T15:29:00,252,252
http://irail.be/vehicle/IC414,http://irail.be/stations/NMBS/008813003,IC,2017-08-31T15:31:00,2017-08-31T15:30:00,259,253
http://irail.be/vehicle/IC414,http://irail.be/stations/NMBS/008813045,IC,2017-08-31T15:33:00,2017-08-31T15:33:00,237,237
http://irail.be/vehicle/IC414,http://irail.be/stations/NMBS/008812005,IC,2017-08-31T15:38:00,2017-08-31T15:35:00,198,228
http://irail.be/vehicle/IC414,http://irail.be/stations/NMBS/008811007,IC,2017-08-31T15:41:00,2017-08-31T15:41:00,166,166
http://irail.be/vehicle/IC414,http://irail.be/stations/NMBS/008811130,IC,2017-08-31T15:42:00,2017-08-31T15:42:00,192,192
http://irail.be/vehicle/IC414,http://irail.be/stations/NMBS/008811213,IC,2017-08-31T15:43:00,2017-08-31T15:43:00,180,180
http://irail.be/vehicle/IC414,http://irail.be/stations/NMBS/008811221,IC,2017-08-31T15:44:00,2017-08-31T15:44:00,189,189
http://irail.be/vehicle/IC414,http://irail.be/stations/NMBS/008811247,IC,2017-08-31T15:45:00,2017-08-31T15:45:00,149,149
http://irail.be/vehicle/IC414,http://irail.be/stations/NMBS/008811254,IC,2017-08-31T15:46:00,2017-08-31T15:46:00,59,59
http://irail.be/vehicle/IC414,http://irail.be/stations/NMBS/008811262,IC,2017-08-31T15:48:00,2017-08-31T15:48:00,59,59
http://irail.be/vehicle/IC414,http://irail.be/stations/NMBS/008811270,IC,2017-08-31T15:49:00,2017-08-31T15:49:00,142,142
http://irail.be/vehicle/IC414,http://irail.be/stations/NMBS/008811288,IC,2017-08-31T15:50:00,2017-08-31T15:50:00,153,153
http://irail.be/vehicle/IC414,http://irail.be/stations/NMBS/008833001,IC,2017-08-31T15:57:00,2017-08-31T15:53:00,46,162
http://irail.be/vehicle/IC414,http://irail.be/stations/NMBS/008841202,IC,2017-08-31T16:24:00,2017-08-31T16:24:00,-79,-79
http://irail.be/vehicle/IC414,http://irail.be/stations/NMBS/008841004,IC,2017-08-31T16:34:00,2017-08-31T16:31:00,19,-135
http://irail.be/vehicle/IC414,http://irail.be/stations/NMBS/008842002,IC,2017-08-31T16:41:00,2017-08-31T16:37:00,18,18
http://irail.be/vehicle/IC414,http://irail.be/stations/NMBS/008842036,IC,2017-08-31T16:43:00,2017-08-31T16:43:00,18,18
http://irail.be/vehicle/IC414,http://irail.be/stations/NMBS/008844271,IC,2017-08-31T16:47:00,2017-08-31T16:47:00,-12,-12
http://irail.be/vehicle/IC414,NO-URI,IC,2017-08-31T16:48:00,2017-08-31T16:48:00,-25,-25
http://irail.be/vehicle/IC414,http://irail.be/stations/NMBS/008844255,IC,2017-08-31T16:49:00,2017-08-31T16:49:00,-30,-30
http://irail.be/vehicle/IC414,http://irail.be/stations/NMBS/008844230,IC,2017-08-31T16:49:00,2017-08-31T16:49:00,24,24
http://irail.be/vehicle/IC414,http://irail.be/stations/NMBS/008844206,IC,2017-08-31T16:54:00,2017-08-31T16:53:00,24,24
http://irail.be/vehicle/IC414,http://irail.be/stations/NMBS/008844008,IC,2017-08-31T17:02:00,2017-08-31T17:00:00,-26,-68
http://irail.be/vehicle/IC414,http://irail.be/stations/NMBS/008844057,IC,2017-08-31T17:03:00,2017-08-31T17:03:00,-26,-26
http://irail.be/vehicle/IC414,NO-URI,IC,2017-08-31T17:05:00,2017-08-31T17:05:00,2,2
http://irail.be/vehicle/IC414,http://irail.be/stations/NMBS/008844545,IC,2017-08-31T17:10:00,2017-08-31T17:09:00,5,5
http://irail.be/vehicle/IC414,http://irail.be/stations/NMBS/008844503,IC,2017-08-31T17:16:00,2017-08-31T17:16:00,,5
http://irail.be/vehicle/IC414,http://irail.be/stations/NMBS/008896008,IC,2017-09-18T14:16:00,2017-09-18T14:16:00,79,
http://irail.be/vehicle/IC414,http://irail.be/stations/NMBS/008896115,IC,2017-09-18T14:22:00,2017-09-18T14:21:00,128,128
http://irail.be/vehicle/IC414,http://irail.be/stations/NMBS/008896149,IC,2017-09-18T14:28:00,2017-09-18T14:27:00,254,197
http://irail.be/vehicle/IC414,http://irail.be/stations/NMBS/008892106,IC,2017-09-18T14:38:00,2017-09-18T14:37:00,237,176
http://irail.be/vehicle/IC414,NO-URI,IC,2017-09-18T14:40:00,2017-09-18T14:40:00,237,237
http://irail.be/vehicle/IC414,http://irail.be/stations/NMBS/008892080,IC,2017-09-18T14:45:00,2017-09-18T14:44:00,209,179
http://irail.be/vehicle/IC414,http://irail.be/stations/NMBS/008892007,IC,2017-09-18T14:54:00,2017-09-18T14:51:00,221,278
http://irail.be/vehicle/IC414,http://irail.be/stations/NMBS/008814001,IC,2017-09-18T15:27:00,2017-09-18T15:24:00,181,241
http://irail.be/vehicle/IC414,http://irail.be/stations/NMBS/008813037,IC,2017-09-18T15:29:00,2017-09-18T15:29:00,191,191
http://irail.be/vehicle/IC414,http://irail.be/stations/NMBS/008813003,IC,2017-09-18T15:31:00,2017-09-18T15:30:00,202,189
http://irail.be/vehicle/IC414,http://irail.be/stations/NMBS/008813045,IC,2017-09-18T15:33:00,2017-09-18T15:33:00,185,185
http://irail.be/vehicle/IC414,http://irail.be/stations/NMBS/008812005,IC,2017-09-18T15:38:00,2017-09-18T15:35:00,129,176
http://irail.be/vehicle/IC414,http://irail.be/stations/NMBS/008811007,IC,2017-09-18T15:41:00,2017-09-18T15:41:00,94,94
http://irail.be/vehicle/IC414,http://irail.be/stations/NMBS/008811130,IC,2017-09-18T15:42:00,2017-09-18T15:42:00,111,111
http://irail.be/vehicle/IC414,http://irail.be/stations/NMBS/008811213,IC,2017-09-18T15:43:00,2017-09-18T15:43:00,99,99
http://irail.be/vehicle/IC414,http://irail.be/stations/NMBS/008811221,IC,2017-09-18T15:44:00,2017-09-18T15:44:00,106,106
http://irail.be/vehicle/IC414,http://irail.be/stations/NMBS/008811247,IC,2017-09-18T15:45:00,2017-09-18T15:45:00,65,65
http://irail.be/vehicle/IC414,http://irail.be/stations/NMBS/008811254,IC,2017-09-18T15:46:00,2017-09-18T15:46:00,-25,-25
http://irail.be/vehicle/IC414,http://irail.be/stations/NMBS/008811262,IC,2017-09-18T15:48:00,2017-09-18T15:48:00,-25,-25
http://irail.be/vehicle/IC414,http://irail.be/stations/NMBS/008811270,IC,2017-09-18T15:49:00,2017-09-18T15:49:00,50,50
http://irail.be/vehicle/IC414,http://irail.be/stations/NMBS/008811288,IC,2017-09-18T15:50:00,2017-09-18T15:50:00,61,61
http://irail.be/vehicle/IC414,http://irail.be/stations/NMBS/008833001,IC,2017-09-18T15:57:00,2017-09-18T15:53:00,35,69
http://irail.be/vehicle/IC414,http://irail.be/stations/NMBS/008841202,IC,2017-09-18T16:24:00,2017-09-18T16:24:00,-98,-98
http://irail.be/vehicle/IC414,http://irail.be/stations/NMBS/008841004,IC,2017-09-18T16:34:00,2017-09-18T16:31:00,40,13
http://irail.be/vehicle/IC414,http://irail.be/stations/NMBS/008842002,IC,2017-09-18T16:41:00,2017-09-18T16:37:00,23,23
http://irail.be/vehicle/IC414,http://irail.be/stations/NMBS/008842036,IC,2017-09-18T16:43:00,2017-09-18T16:43:00,23,23
http://irail.be/vehicle/IC414,http://irail.be/stations/NMBS/008844271,IC,2017-09-18T16:47:00,2017-09-18T16:47:00,11,11
http://irail.be/vehicle/IC414,NO-URI,IC,2017-09-18T16:48:00,2017-09-18T16:48:00,47,47
http://irail.be/vehicle/IC414,http://irail.be/stations/NMBS/008844255,IC,2017-09-18T16:49:00,2017-09-18T16:49:00,49,49
http://irail.be/vehicle/IC414,http://irail.be/stations/NMBS/008844230,IC,2017-09-18T16:49:00,2017-09-18T16:49:00,151,151
http://irail.be/vehicle/IC414,http://irail.be/stations/NMBS/008844206,IC,2017-09-18T16:54:00,2017-09-18T16:53:00,151,151
http://irail.be/vehicle/IC414,http://irail.be/stations/NMBS/008844008,IC,2017-09-18T17:02:00,2017-09-18T17:00:00,18,80
http://irail.be/vehicle/IC414,http://irail.be/stations/NMBS/008844057,IC,2017-09-18T17:03:00,2017-09-18T17:03:00,18,18
http://irail.be/vehicle/IC414,NO-URI,IC,2017-09-18T17:05:00,2017-09-18T17:05:00,56,56
http://irail.be/vehicle/IC414,http://irail.be/stations/NMBS/008844545,IC,2017-09-18T17:10:00,2017-09-18T17:09:00,116,116
http://irail.be/vehicle/IC414,http://irail.be/stations/NMBS/008844503,IC,2017-09-18T17:16:00,2017-09-18T17:16:00,,116
http://irail.be/vehicle/IC414,http://irail.be/stations/NMBS/008896008,IC,2017-07-17T14:16:00,2017-07-17T14:16:00,65,
http://irail.be/vehicle/IC414,http://irail.be/stations/NMBS/008896115,IC,2017-07-17T14:22:00,2017-07-17T14:21:00,59,59
http://irail.be/vehicle/IC414,http://irail.be/stations/NMBS/008896149,IC,2017-07-17T14:28:00,2017-07-17T14:27:00,94,91
http://irail.be/vehicle/IC414,http://irail.be/stations/NMBS/008892106,IC,2017-07-17T14:38:00,2017-07-17T14:37:00,84,7
http://irail.be/vehicle/IC414,NO-URI,IC,2017-07-17T14:40:00,2017-07-17T14:40:00,84,84
http://irail.be/vehicle/IC414,http://irail.be/stations/NMBS/008892080,IC,2017-07-17T14:45:00,2017-07-17T14:44:00,37,23
http://irail.be/vehicle/IC414,http://irail.be/stations/NMBS/008892007,IC,2017-07-17T14:54:00,2017-07-17T14:51:00,69,91
http://irail.be/vehicle/IC414,http://irail.be/stations/NMBS/008814001,IC,2017-07-17T15:27:00,2017-07-17T15:24:00,136,107
http://irail.be/vehicle/IC414,http://irail.be/stations/NMBS/008813037,IC,2017-07-17T15:29:00,2017-07-17T15:29:00,150,150
http://irail.be/vehicle/IC414,http://irail.be/stations/NMBS/008813003,IC,2017-07-17T15:31:00,2017-07-17T15:30:00,164,154
http://irail.be/vehicle/IC414,http://irail.be/stations/NMBS/008813045,IC,2017-07-17T15:33:00,2017-07-17T15:33:00,144,144
http://irail.be/vehicle/IC414,http://irail.be/stations/NMBS/008812005,IC,2017-07-17T15:38:00,2017-07-17T15:35:00,116,136
http://irail.be/vehicle/IC414,http://irail.be/stations/NMBS/008811007,IC,2017-07-17T15:41:00,2017-07-17T15:41:00,81,81
http://irail.be/vehicle/IC414,http://irail.be/stations/NMBS/008811130,IC,2017-07-17T15:42:00,2017-07-17T15:42:00,99,99
http://irail.be/vehicle/IC414,http://irail.be/stations/NMBS/008811213,IC,2017-07-17T15:43:00,2017-07-17T15:43:00,87,87
http://irail.be/vehicle/IC414,http://irail.be/stations/NMBS/008811221,IC,2017-07-17T15:44:00,2017-07-17T15:44:00,96,96
http://irail.be/vehicle/IC414,http://irail.be/stations/NMBS/008811247,IC,2017-07-17T15:45:00,2017-07-17T15:45:00,56,56
http://irail.be/vehicle/IC414,http://irail.be/stations/NMBS/008811254,IC,2017-07-17T15:46:00,2017-07-17T15:46:00,-33,-33
http://irail.be/vehicle/IC414,http://irail.be/stations/NMBS/008811262,IC,2017-07-17T15:48:00,2017-07-17T15:48:00,-33,-33
http://irail.be/vehicle/IC414,http://irail.be/stations/NMBS/008811270,IC,2017-07-17T15:49:00,2017-07-17T15:49:00,41,41
http://irail.be/vehicle/IC414,http://irail.be/stations/NMBS/008811288,IC,2017-07-17T15:50:00,2017-07-17T15:50:00,53,53
http://irail.be/vehicle/IC414,http://irail.be/stations/NMBS/008833001,IC,2017-07-17T15:57:00,2017-07-17T15:53:00,134,63
http://irail.be/vehicle/IC414,http://irail.be/stations/NMBS/008841202,IC,2017-07-17T16:24:00,2017-07-17T16:24:00,20,20
http://irail.be/vehicle/IC414,http://irail.be/stations/NMBS/008841004,IC,2017-07-17T16:34:00,2017-07-17T16:31:00,107,161
http://irail.be/vehicle/IC414,http://irail.be/stations/NMBS/008842002,IC,2017-07-17T16:41:00,2017-07-17T16:37:00,35,35
http://irail.be/vehicle/IC414,http://irail.be/stations/NMBS/008842036,IC,2017-07-17T16:43:00,2017-07-17T16:43:00,35,35
http://irail.be/vehicle/IC414,http://irail.be/stations/NMBS/008844271,IC,2017-07-17T16:47:00,2017-07-17T16:47:00,22,22
http://irail.be/vehicle/IC414,NO-URI,IC,2017-07-17T16:48:00,2017-07-17T16:48:00,7,7
http://irail.be/vehicle/IC414,http://irail.be/stations/NMBS/008844255,IC,2017-07-17T16:49:00,2017-07-17T16:49:00,2,2
http://irail.be/vehicle/IC414,http://irail.be/stations/NMBS/008844230,IC,2017-07-17T16:49:00,2017-07-17T16:49:00,82,82
http://irail.be/vehicle/IC414,http://irail.be/stations/NMBS/008844206,IC,2017-07-17T16:54:00,2017-07-17T16:53:00,82,82
http://irail.be/vehicle/IC414,http://irail.be/stations/NMBS/008844008,IC,2017-07-17T17:02:00,2017-07-17T17:00:00,-40,10
http://irail.be/vehicle/IC414,http://irail.be/stations/NMBS/008844057,IC,2017-07-17T17:03:00,2017-07-17T17:03:00,-40,-40
http://irail.be/vehicle/IC414,NO-URI,IC,2017-07-17T17:05:00,2017-07-17T17:05:00,-7,-7
http://irail.be/vehicle/IC414,http://irail.be/stations/NMBS/008844545,IC,2017-07-17T17:10:00,2017-07-17T17:09:00,105,105
http://irail.be/vehicle/IC414,http://irail.be/stations/NMBS/008844503,IC,2017-07-17T17:16:00,2017-07-17T17:16:00,,105
http://irail.be/vehicle/IC414,http://irail.be/stations/NMBS/008814001,IC,2017-06-30T15:27:00,2017-06-30T15:27:00,1179,
http://irail.be/vehicle/IC414,http://irail.be/stations/NMBS/008813037,IC,2017-06-30T15:29:00,2017-06-30T15:29:00,1270,1270
http://irail.be/vehicle/IC414,http://irail.be/stations/NMBS/008813003,IC,2017-06-30T15:31:00,2017-06-30T15:30:00,1456,1391
http://irail.be/vehicle/IC414,http://irail.be/stations/NMBS/008813045,IC,2017-06-30T15:33:00,2017-06-30T15:33:00,1443,1443
http://irail.be/vehicle/IC414,http://irail.be/stations/NMBS/008812005,IC,2017-06-30T15:38:00,2017-06-30T15:35:00,1484,1465
http://irail.be/vehicle/IC414,http://irail.be/stations/NMBS/008811007,IC,2017-06-30T15:41:00,2017-06-30T15:41:00,1690,1690
http://irail.be/vehicle/IC414,http://irail.be/stations/NMBS/008811130,IC,2017-06-30T15:42:00,2017-06-30T15:42:00,1723,1723
http://irail.be/vehicle/IC414,http://irail.be/stations/NMBS/008811213,IC,2017-06-30T15:43:00,2017-06-30T15:43:00,1710,1710
http://irail.be/vehicle/IC414,http://irail.be/stations/NMBS/008811221,IC,2017-06-30T15:44:00,2017-06-30T15:44:00,1717,1717
http://irail.be/vehicle/IC414,http://irail.be/stations/NMBS/008811247,IC,2017-06-30T15:45:00,2017-06-30T15:45:00,1676,1676
http://irail.be/vehicle/IC414,http://irail.be/stations/NMBS/008811254,IC,2017-06-30T15:46:00,2017-06-30T15:46:00,1584,1584
http://irail.be/vehicle/IC414,http://irail.be/stations/NMBS/008811262,IC,2017-06-30T15:48:00,2017-06-30T15:48:00,1584,1584
http://irail.be/vehicle/IC414,http://irail.be/stations/NMBS/008811270,IC,2017-06-30T15:49:00,2017-06-30T15:49:00,1660,1660
http://irail.be/vehicle/IC414,http://irail.be/stations/NMBS/008811288,IC,2017-06-30T15:50:00,2017-06-30T15:50:00,1700,1700
http://irail.be/vehicle/IC414,http://irail.be/stations/NMBS/008833001,IC,2017-06-30T15:57:00,2017-06-30T15:53:00,1802,1805
http://irail.be/vehicle/IC414,http://irail.be/stations/NMBS/008841202,IC,2017-06-30T16:24:00,2017-06-30T16:24:00,1651,1651
http://irail.be/vehicle/IC414,http://irail.be/stations/NMBS/008841004,IC,2017-06-30T16:34:00,2017-06-30T16:31:00,1694,1632
http://irail.be/vehicle/IC414,http://irail.be/stations/NMBS/008842002,IC,2017-06-30T16:41:00,2017-06-30T16:37:00,1543,1543
http://irail.be/vehicle/IC414,http://irail.be/stations/NMBS/008842036,IC,2017-06-30T16:43:00,2017-06-30T16:43:00,1543,1543
http://irail.be/vehicle/IC414,http://irail.be/stations/NMBS/008844271,IC,2017-06-30T16:47:00,2017-06-30T16:47:00,1516,1516
http://irail.be/vehicle/IC414,NO-URI,IC,2017-06-30T16:48:00,2017-06-30T16:48:00,1496,1496
http://irail.be/vehicle/IC414,http://irail.be/stations/NMBS/008844255,IC,2017-06-30T16:49:00,2017-06-30T16:49:00,1488,1488
http://irail.be/vehicle/IC414,http://irail.be/stations/NMBS/008844230,IC,2017-06-30T16:49:00,2017-06-30T16:49:00,1562,1562
http://irail.be/vehicle/IC414,http://irail.be/stations/NMBS/008844206,IC,2017-06-30T16:54:00,2017-06-30T16:53:00,1562,1562
http://irail.be/vehicle/IC414,http://irail.be/stations/NMBS/008844008,IC,2017-06-30T17:02:00,2017-06-30T17:00:00,1398,1477
http://irail.be/vehicle/IC414,http://irail.be/stations/NMBS/008844057,IC,2017-06-30T17:03:00,2017-06-30T17:03:00,1419,1419
http://irail.be/vehicle/IC414,NO-URI,IC,2017-06-30T17:05:00,2017-06-30T17:05:00,1459,1459
http://irail.be/vehicle/IC414,http://irail.be/stations/NMBS/008844545,IC,2017-06-30T17:10:00,2017-06-30T17:09:00,1638,1638
http://irail.be/vehicle/IC414,http://irail.be/stations/NMBS/008844503,IC,2017-06-30T17:16:00,2017-06-30T17:16:00,,1638
http://irail.be/vehicle/IC414,http://irail.be/stations/NMBS/008896008,IC,2017-02-17T14:16:00,2017-02-17T14:16:00,92,
http://irail.be/vehicle/IC414,http://irail.be/stations/NMBS/008896115,IC,2017-02-17T14:22:00,2017-02-17T14:21:00,192,192
http://irail.be/vehicle/IC414,http://irail.be/stations/NMBS/008896149,IC,2017-02-17T14:28:00,2017-02-17T14:27:00,187,192
http://irail.be/vehicle/IC414,http://irail.be/stations/NMBS/008892106,IC,2017-02-17T14:38:00,2017-02-17T14:37:00,226,141
http://irail.be/vehicle/IC414,NO-URI,IC,2017-02-17T14:40:00,2017-02-17T14:40:00,226,226
http://irail.be/vehicle/IC414,http://irail.be/stations/NMBS/008892080,IC,2017-02-17T14:45:00,2017-02-17T14:44:00,226,139
http://irail.be/vehicle/IC414,http://irail.be/stations/NMBS/008892007,IC,2017-02-17T14:54:00,2017-02-17T14:51:00,204,249
http://irail.be/vehicle/IC414,http://irail.be/stations/NMBS/008814001,IC,2017-02-17T15:27:00,2017-02-17T15:24:00,78,84
http://irail.be/vehicle/IC414,http://irail.be/stations/NMBS/008813037,IC,2017-02-17T15:29:00,2017-02-17T15:29:00,88,88
http://irail.be/vehicle/IC414,http://irail.be/stations/NMBS/008813003,IC,2017-02-17T15:31:00,2017-02-17T15:30:00,124,94
http://irail.be/vehicle/IC414,http://irail.be/stations/NMBS/008813045,IC,2017-02-17T15:33:00,2017-02-17T15:33:00,105,105
http://irail.be/vehicle/IC414,http://irail.be/stations/NMBS/008812005,IC,2017-02-17T15:38:00,2017-02-17T15:35:00,113,95
http://irail.be/vehicle/IC414,http://irail.be/stations/NMBS/008811007,IC,2017-02-17T15:41:00,2017-02-17T15:41:00,114,114
http://irail.be/vehicle/IC414,http://irail.be/stations/NMBS/008811130,IC,2017-02-17T15:42:00,2017-02-17T15:42:00,121,121
http://irail.be/vehicle/IC414,http://irail.be/stations/NMBS/008811213,IC,2017-02-17T15:43:00,2017-02-17T15:43:00,128,128
http://irail.be/vehicle/IC414,http://irail.be/stations/NMBS/008811221,IC,2017-02-17T15:44:00,2017-02-17T15:44:00,138,138
http://irail.be/vehicle/IC414,http://irail.be/stations/NMBS/008811247,IC,2017-02-17T15:45:00,2017-02-17T15:45:00,201,201
http://irail.be/vehicle/IC414,http://irail.be/stations/NMBS/008811254,IC,2017-02-17T15:46:00,2017-02-17T15:46:00,149,149
http://irail.be/vehicle/IC414,http://irail.be/stations/NMBS/008811262,IC,2017-02-17T15:48:00,2017-02-17T15:48:00,149,149
http://irail.be/vehicle/IC414,http://irail.be/stations/NMBS/008811270,IC,2017-02-17T15:49:00,2017-02-17T15:49:00,228,228
http://irail.be/vehicle/IC414,http://irail.be/stations/NMBS/008811288,IC,2017-02-17T15:50:00,2017-02-17T15:50:00,240,240
http://irail.be/vehicle/IC414,http://irail.be/stations/NMBS/008833001,IC,2017-02-17T15:57:00,2017-02-17T15:53:00,119,223
http://irail.be/vehicle/IC414,http://irail.be/stations/NMBS/008841202,IC,2017-02-17T16:24:00,2017-02-17T16:24:00,-11,-11
http://irail.be/vehicle/IC414,http://irail.be/stations/NMBS/008841004,IC,2017-02-17T16:34:00,2017-02-17T16:31:00,67,111
http://irail.be/vehicle/IC414,http://irail.be/stations/NMBS/008842002,IC,2017-02-17T16:41:00,2017-02-17T16:37:00,184,184
http://irail.be/vehicle/IC414,http://irail.be/stations/NMBS/008842036,IC,2017-02-17T16:43:00,2017-02-17T16:43:00,184,184
http://irail.be/vehicle/IC414,http://irail.be/stations/NMBS/008844271,IC,2017-02-17T16:47:00,2017-02-17T16:47:00,163,163
http://irail.be/vehicle/IC414,NO-URI,IC,2017-02-17T16:48:00,2017-02-17T16:48:00,150,150
http://irail.be/vehicle/IC414,http://irail.be/stations/NMBS/008844255,IC,2017-02-17T16:49:00,2017-02-17T16:49:00,148,148
http://irail.be/vehicle/IC414,http://irail.be/stations/NMBS/008844230,IC,2017-02-17T16:49:00,2017-02-17T16:49:00,178,178
http://irail.be/vehicle/IC414,http://irail.be/stations/NMBS/008844206,IC,2017-02-17T16:54:00,2017-02-17T16:53:00,178,178
http://irail.be/vehicle/IC414,http://irail.be/stations/NMBS/008844008,IC,2017-02-17T17:02:00,2017-02-17T17:00:00,80,93
http://irail.be/vehicle/IC414,http://irail.be/stations/NMBS/008844057,IC,2017-02-17T17:03:00,2017-02-17T17:03:00,80,80
http://irail.be/vehicle/IC414,NO-URI,IC,2017-02-17T17:05:00,2017-02-17T17:05:00,94,94
http://irail.be/vehicle/IC414,http://irail.be/stations/NMBS/008844545,IC,2017-02-17T17:10:00,2017-02-17T17:09:00,59,59
http://irail.be/vehicle/IC414,http://irail.be/stations/NMBS/008844503,IC,2017-02-17T17:16:00,2017-02-17T17:16:00,,59
http://irail.be/vehicle/IC414,http://irail.be/stations/NMBS/008896008,IC,2017-05-03T14:16:00,2017-05-03T14:16:00,55,
http://irail.be/vehicle/IC414,http://irail.be/stations/NMBS/008896115,IC,2017-05-03T14:22:00,2017-05-03T14:21:00,85,85
http://irail.be/vehicle/IC414,http://irail.be/stations/NMBS/008896149,IC,2017-05-03T14:28:00,2017-05-03T14:27:00,84,85
http://irail.be/vehicle/IC414,http://irail.be/stations/NMBS/008892106,IC,2017-05-03T14:38:00,2017-05-03T14:37:00,94,46
http://irail.be/vehicle/IC414,NO-URI,IC,2017-05-03T14:40:00,2017-05-03T14:40:00,94,94
http://irail.be/vehicle/IC414,http://irail.be/stations/NMBS/008892080,IC,2017-05-03T14:45:00,2017-05-03T14:44:00,32,9
http://irail.be/vehicle/IC414,http://irail.be/stations/NMBS/008892007,IC,2017-05-03T14:54:00,2017-05-03T14:51:00,68,65
http://irail.be/vehicle/IC414,http://irail.be/stations/NMBS/008814001,IC,2017-05-03T15:27:00,2017-05-03T15:24:00,8,36
http://irail.be/vehicle/IC414,http://irail.be/stations/NMBS/008813037,IC,2017-05-03T15:29:00,2017-05-03T15:29:00,41,41
http://irail.be/vehicle/IC414,http://irail.be/stations/NMBS/008813003,IC,2017-05-03T15:31:00,2017-05-03T15:30:00,178,139
http://irail.be/vehicle/IC414,http://irail.be/stations/NMBS/008813045,IC,2017-05-03T15:33:00,2017-05-03T15:33:00,156,156
http://irail.be/vehicle/IC414,http://irail.be/stations/NMBS/008812005,IC,2017-05-03T15:38:00,2017-05-03T15:35:00,103,148
http://irail.be/vehicle/IC414,http://irail.be/stations/NMBS/008811007,IC,2017-05-03T15:41:00,2017-05-03T15:41:00,67,67
http://irail.be/vehicle/IC414,http://irail.be/stations/NMBS/008811130,IC,2017-05-03T15:42:00,2017-05-03T15:42:00,87,87
http://irail.be/vehicle/IC414,http://irail.be/stations/NMBS/008811213,IC,2017-05-03T15:43:00,2017-05-03T15:43:00,76,76
http://irail.be/vehicle/IC414,http://irail.be/stations/NMBS/008811221,IC,2017-05-03T15:44:00,2017-05-03T15:44:00,84,84
http://irail.be/vehicle/IC414,http://irail.be/stations/NMBS/008811247,IC,2017-05-03T15:45:00,2017-05-03T15:45:00,46,46
http://irail.be/vehicle/IC414,http://irail.be/stations/NMBS/008811254,IC,2017-05-03T15:46:00,2017-05-03T15:46:00,-43,-43
http://irail.be/vehicle/IC414,http://irail.be/stations/NMBS/008811262,IC,2017-05-03T15:48:00,2017-05-03T15:48:00,-43,-43
http://irail.be/vehicle/IC414,http://irail.be/stations/NMBS/008811270,IC,2017-05-03T15:49:00,2017-05-03T15:49:00,36,36
http://irail.be/vehicle/IC414,http://irail.be/stations/NMBS/008811288,IC,2017-05-03T15:50:00,2017-05-03T15:50:00,47,47
http://irail.be/vehicle/IC414,http://irail.be/stations/NMBS/008833001,IC,2017-05-03T15:57:00,2017-05-03T15:53:00,29,42
http://irail.be/vehicle/IC414,http://irail.be/stations/NMBS/008841202,IC,2017-05-03T16:24:00,2017-05-03T16:24:00,-35,-35
http://irail.be/vehicle/IC414,http://irail.be/stations/NMBS/008841004,IC,2017-05-03T16:34:00,2017-05-03T16:31:00,52,54
http://irail.be/vehicle/IC414,http://irail.be/stations/NMBS/008842002,IC,2017-05-03T16:41:00,2017-05-03T16:37:00,2,2
http://irail.be/vehicle/IC414,http://irail.be/stations/NMBS/008842036,IC,2017-05-03T16:43:00,2017-05-03T16:43:00,2,2
http://irail.be/vehicle/IC414,http://irail.be/stations/NMBS/008844271,IC,2017-05-03T16:47:00,2017-05-03T16:47:00,-24,-24
http://irail.be/vehicle/IC414,NO-URI,IC,2017-05-03T16:48:00,2017-05-03T16:48:00,28,28
http://irail.be/vehicle/IC414,http://irail.be/stations/NMBS/008844255,IC,2017-05-03T16:49:00,2017-05-03T16:49:00,30,30
http://irail.be/vehicle/IC414,http://irail.be/stations/NMBS/008844230,IC,2017-05-03T16:49:00,2017-05-03T16:49:00,215,215
http://irail.be/vehicle/IC414,http://irail.be/stations/NMBS/008844206,IC,2017-05-03T16:54:00,2017-05-03T16:53:00,215,215
http://irail.be/vehicle/IC414,http://irail.be/stations/NMBS/008844008,IC,2017-05-03T17:02:00,2017-05-03T17:00:00,47,151
http://irail.be/vehicle/IC414,http://irail.be/stations/NMBS/008844057,IC,2017-05-03T17:03:00,2017-05-03T17:03:00,47,47
http://irail.be/vehicle/IC414,NO-URI,IC,2017-05-03T17:05:00,2017-05-03T17:05:00,71,71
http://irail.be/vehicle/IC414,http://irail.be/stations/NMBS/008844545,IC,2017-05-03T17:10:00,2017-05-03T17:09:00,17,17
http://irail.be/vehicle/IC414,http://irail.be/stations/NMBS/008844503,IC,2017-05-03T17:16:00,2017-05-03T17:16:00,,17
http://irail.be/vehicle/IC414,http://irail.be/stations/NMBS/008896008,IC,2017-05-22T14:16:00,2017-05-22T14:16:00,161,
http://irail.be/vehicle/IC414,http://irail.be/stations/NMBS/008896115,IC,2017-05-22T14:22:00,2017-05-22T14:21:00,147,147
http://irail.be/vehicle/IC414,http://irail.be/stations/NMBS/008896149,IC,2017-05-22T14:28:00,2017-05-22T14:27:00,225,191
http://irail.be/vehicle/IC414,http://irail.be/stations/NMBS/008892106,IC,2017-05-22T14:38:00,2017-05-22T14:37:00,172,145
http://irail.be/vehicle/IC414,NO-URI,IC,2017-05-22T14:40:00,2017-05-22T14:40:00,172,172
http://irail.be/vehicle/IC414,http://irail.be/stations/NMBS/008892080,IC,2017-05-22T14:45:00,2017-05-22T14:44:00,63,70
http://irail.be/vehicle/IC414,http://irail.be/stations/NMBS/008892007,IC,2017-05-22T14:54:00,2017-05-22T14:51:00,12,74
http://irail.be/vehicle/IC414,http://irail.be/stations/NMBS/008814001,IC,2017-05-22T15:27:00,2017-05-22T15:24:00,166,177
http://irail.be/vehicle/IC414,http://irail.be/stations/NMBS/008813037,IC,2017-05-22T15:29:00,2017-05-22T15:29:00,192,192
http://irail.be/vehicle/IC414,http://irail.be/stations/NMBS/008813003,IC,2017-05-22T15:31:00,2017-05-22T15:30:00,195,194
http://irail.be/vehicle/IC414,http://irail.be/stations/NMBS/008813045,IC,2017-05-22T15:33:00,2017-05-22T15:33:00,177,177
http://irail.be/vehicle/IC414,http://irail.be/stations/NMBS/008812005,IC,2017-05-22T15:38:00,2017-05-22T15:35:00,103,172
http://irail.be/vehicle/IC414,http://irail.be/stations/NMBS/008811007,IC,2017-05-22T15:41:00,2017-05-22T15:41:00,67,67
http://irail.be/vehicle/IC414,http://irail.be/stations/NMBS/008811130,IC,2017-05-22T15:42:00,2017-05-22T15:42:00,82,82
http://irail.be/vehicle/IC414,http://irail.be/stations/NMBS/008811213,IC,2017-05-22T15:43:00,2017-05-22T15:43:00,71,71
http://irail.be/vehicle/IC414,http://irail.be/stations/NMBS/008811221,IC,2017-05-22T15:44:00,2017-05-22T15:44:00,79,79
http://irail.be/vehicle/IC414,http://irail.be/stations/NMBS/008811247,IC,2017-05-22T15:45:00,2017-05-22T15:45:00,39,39
http://irail.be/vehicle/IC414,http://irail.be/stations/NMBS/008811254,IC,2017-05-22T15:46:00,2017-05-22T15:46:00,-48,-48
http://irail.be/vehicle/IC414,http://irail.be/stations/NMBS/008811262,IC,2017-05-22T15:48:00,2017-05-22T15:48:00,-48,-48
http://irail.be/vehicle/IC414,http://irail.be/stations/NMBS/008811270,IC,2017-05-22T15:49:00,2017-05-22T15:49:00,29,29
http://irail.be/vehicle/IC414,http://irail.be/stations/NMBS/008811288,IC,2017-05-22T15:50:00,2017-05-22T15:50:00,41,41
http://irail.be/vehicle/IC414,http://irail.be/stations/NMBS/008833001,IC,2017-05-22T15:57:00,2017-05-22T15:53:00,110,86
http://irail.be/vehicle/IC414,http://irail.be/stations/NMBS/008841202,IC,2017-05-22T16:24:00,2017-05-22T16:24:00,-1,-1
http://irail.be/vehicle/IC414,http://irail.be/stations/NMBS/008841004,IC,2017-05-22T16:34:00,2017-05-22T16:31:00,102,102
http://irail.be/vehicle/IC414,http://irail.be/stations/NMBS/008842002,IC,2017-05-22T16:41:00,2017-05-22T16:37:00,76,76
http://irail.be/vehicle/IC414,http://irail.be/stations/NMBS/008842036,IC,2017-05-22T16:43:00,2017-05-22T16:43:00,76,76
http://irail.be/vehicle/IC414,http://irail.be/stations/NMBS/008844271,IC,2017-05-22T16:47:00,2017-05-22T16:47:00,49,49
http://irail.be/vehicle/IC414,NO-URI,IC,2017-05-22T16:48:00,2017-05-22T16:48:00,34,34
http://irail.be/vehicle/IC414,http://irail.be/stations/NMBS/008844255,IC,2017-05-22T16:49:00,2017-05-22T16:49:00,28,28
http://irail.be/vehicle/IC414,http://irail.be/stations/NMBS/008844230,IC,2017-05-22T16:49:00,2017-05-22T16:49:00,170,170
http://irail.be/vehicle/IC414,http://irail.be/stations/NMBS/008844206,IC,2017-05-22T16:54:00,2017-05-22T16:53:00,170,170
http://irail.be/vehicle/IC414,http://irail.be/stations/NMBS/008844008,IC,2017-05-22T17:02:00,2017-05-22T17:00:00,90,97
http://irail.be/vehicle/IC414,http://irail.be/stations/NMBS/008844057,IC,2017-05-22T17:03:00,2017-05-22T17:03:00,90,90
http://irail.be/vehicle/IC414,NO-URI,IC,2017-05-22T17:05:00,2017-05-22T17:05:00,109,109
http://irail.be/vehicle/IC414,http://irail.be/stations/NMBS/008844545,IC,2017-05-22T17:10:00,2017-05-22T17:09:00,129,129
http://irail.be/vehicle/IC414,http://irail.be/stations/NMBS/008844503,IC,2017-05-22T17:16:00,2017-05-22T17:16:00,,129
http://irail.be/vehicle/IC414,http://irail.be/stations/NMBS/008896008,IC,2017-10-31T14:16:00,2017-10-31T14:16:00,70,
http://irail.be/vehicle/IC414,http://irail.be/stations/NMBS/008896115,IC,2017-10-31T14:22:00,2017-10-31T14:21:00,74,74
http://irail.be/vehicle/IC414,http://irail.be/stations/NMBS/008896149,IC,2017-10-31T14:28:00,2017-10-31T14:27:00,115,117
http://irail.be/vehicle/IC414,http://irail.be/stations/NMBS/008892106,IC,2017-10-31T14:38:00,2017-10-31T14:37:00,88,35
http://irail.be/vehicle/IC414,NO-URI,IC,2017-10-31T14:40:00,2017-10-31T14:40:00,88,88
http://irail.be/vehicle/IC414,http://irail.be/stations/NMBS/008892080,IC,2017-10-31T14:45:00,2017-10-31T14:44:00,43,31
http://irail.be/vehicle/IC414,http://irail.be/stations/NMBS/008892007,IC,2017-10-31T14:54:00,2017-10-31T14:51:00,53,120
http://irail.be/vehicle/IC414,http://irail.be/stations/NMBS/008814001,IC,2017-10-31T15:27:00,2017-10-31T15:24:00,49,104
http://irail.be/vehicle/IC414,http://irail.be/stations/NMBS/008813037,IC,2017-10-31T15:29:00,2017-10-31T15:29:00,67,67
http://irail.be/vehicle/IC414,http://irail.be/stations/NMBS/008813003,IC,2017-10-31T15:31:00,2017-10-31T15:30:00,190,154
http://irail.be/vehicle/IC414,http://irail.be/stations/NMBS/008813045,IC,2017-10-31T15:33:00,2017-10-31T15:33:00,172,172
http://irail.be/vehicle/IC414,http://irail.be/stations/NMBS/008812005,IC,2017-10-31T15:38:00,2017-10-31T15:35:00,123,166
http://irail.be/vehicle/IC414,http://irail.be/stations/NMBS/008811007,IC,2017-10-31T15:41:00,2017-10-31T15:41:00,91,91
http://irail.be/vehicle/IC414,http://irail.be/stations/NMBS/008811130,IC,2017-10-31T15:42:00,2017-10-31T15:42:00,110,110
http://irail.be/vehicle/IC414,http://irail.be/stations/NMBS/008811213,IC,2017-10-31T15:43:00,2017-10-31T15:43:00,96,96
http://irail.be/vehicle/IC414,http://irail.be/stations/NMBS/008811221,IC,2017-10-31T15:44:00,2017-10-31T15:44:00,105,105
http://irail.be/vehicle/IC414,http://irail.be/stations/NMBS/008811247,IC,2017-10-31T15:45:00,2017-10-31T15:45:00,65,65
http://irail.be/vehicle/IC414,http://irail.be/stations/NMBS/008811254,IC,2017-10-31T15:46:00,2017-10-31T15:46:00,-25,-25
http://irail.be/vehicle/IC414,http://irail.be/stations/NMBS/008811262,IC,2017-10-31T15:48:00,2017-10-31T15:48:00,-25,-25
http://irail.be/vehicle/IC414,http://irail.be/stations/NMBS/008811270,IC,2017-10-31T15:49:00,2017-10-31T15:49:00,50,50
http://irail.be/vehicle/IC414,http://irail.be/stations/NMBS/008811288,IC,2017-10-31T15:50:00,2017-10-31T15:50:00,61,61
http://irail.be/vehicle/IC414,http://irail.be/stations/NMBS/008833001,IC,2017-10-31T15:57:00,2017-10-31T15:53:00,25,43
http://irail.be/vehicle/IC414,http://irail.be/stations/NMBS/008841202,IC,2017-10-31T16:24:00,2017-10-31T16:24:00,-28,-28
http://irail.be/vehicle/IC414,http://irail.be/stations/NMBS/008841004,IC,2017-10-31T16:34:00,2017-10-31T16:31:00,14,-60
http://irail.be/vehicle/IC414,http://irail.be/stations/NMBS/008842002,IC,2017-10-31T16:41:00,2017-10-31T16:37:00,64,64
http://irail.be/vehicle/IC414,http://irail.be/stations/NMBS/008842036,IC,2017-10-31T16:43:00,2017-10-31T16:43:00,64,64
http://irail.be/vehicle/IC414,http://irail.be/stations/NMBS/008844271,IC,2017-10-31T16:47:00,2017-10-31T16:47:00,34,34
http://irail.be/vehicle/IC414,NO-URI,IC,2017-10-31T16:48:00,2017-10-31T16:48:00,14,14
http://irail.be/vehicle/IC414,http://irail.be/stations/NMBS/008844255,IC,2017-10-31T16:49:00,2017-10-31T16:49:00,11,11
http://irail.be/vehicle/IC414,http://irail.be/stations/NMBS/008844230,IC,2017-10-31T16:49:00,2017-10-31T16:49:00,218,218
http://irail.be/vehicle/IC414,http://irail.be/stations/NMBS/008844206,IC,2017-10-31T16:54:00,2017-10-31T16:53:00,218,218
http://irail.be/vehicle/IC414,http://irail.be/stations/NMBS/008844008,IC,2017-10-31T17:02:00,2017-10-31T17:00:00,10,120
http://irail.be/vehicle/IC414,http://irail.be/stations/NMBS/008844057,IC,2017-10-31T17:03:00,2017-10-31T17:03:00,10,10
http://irail.be/vehicle/IC414,NO-URI,IC,2017-10-31T17:05:00,2017-10-31T17:05:00,5,5
http://irail.be/vehicle/IC414,http://irail.be/stations/NMBS/008844545,IC,2017-10-31T17:10:00,2017-10-31T17:09:00,-41,-41
http://irail.be/vehicle/IC414,http://irail.be/stations/NMBS/008844503,IC,2017-10-31T17:16:00,2017-10-31T17:16:00,,-41
http://irail.be/vehicle/IC414,http://irail.be/stations/NMBS/008896008,IC,2017-12-05T14:16:00,2017-12-05T14:16:00,82,
http://irail.be/vehicle/IC414,http://irail.be/stations/NMBS/008896115,IC,2017-12-05T14:22:00,2017-12-05T14:21:00,84,84
http://irail.be/vehicle/IC414,http://irail.be/stations/NMBS/008896149,IC,2017-12-05T14:28:00,2017-12-05T14:27:00,89,101
http://irail.be/vehicle/IC414,http://irail.be/stations/NMBS/008892106,IC,2017-12-05T14:38:00,2017-12-05T14:37:00,94,-9
http://irail.be/vehicle/IC414,NO-URI,IC,2017-12-05T14:40:00,2017-12-05T14:40:00,94,94
http://irail.be/vehicle/IC414,http://irail.be/stations/NMBS/008892080,IC,2017-12-05T14:45:00,2017-12-05T14:44:00,31,26
http://irail.be/vehicle/IC414,http://irail.be/stations/NMBS/008892007,IC,2017-12-05T14:54:00,2017-12-05T14:51:00,58,78
http://irail.be/vehicle/IC414,http://irail.be/stations/NMBS/008814001,IC,2017-12-05T15:27:00,2017-12-05T15:24:00,141,189
http://irail.be/vehicle/IC414,http://irail.be/stations/NMBS/008813037,IC,2017-12-05T15:29:00,2017-12-05T15:29:00,158,158
http://irail.be/vehicle/IC414,http://irail.be/stations/NMBS/008813003,IC,2017-12-05T15:31:00,2017-12-05T15:30:00,173,162
http://irail.be/vehicle/IC414,http://irail.be/stations/NMBS/008813045,IC,2017-12-05T15:33:00,2017-12-05T15:33:00,154,154
http://irail.be/vehicle/IC414,http://irail.be/stations/NMBS/008812005,IC,2017-12-05T15:38:00,2017-12-05T15:35:00,86,150
http://irail.be/vehicle/IC414,http://irail.be/stations/NMBS/008811007,IC,2017-12-05T15:41:00,2017-12-05T15:41:00,51,51
http://irail.be/vehicle/IC414,http://irail.be/stations/NMBS/008811130,IC,2017-12-05T15:42:00,2017-12-05T15:42:00,71,71
http://irail.be/vehicle/IC414,http://irail.be/stations/NMBS/008811213,IC,2017-12-05T15:43:00,2017-12-05T15:43:00,57,57
http://irail.be/vehicle/IC414,http://irail.be/stations/NMBS/008811221,IC,2017-12-05T15:44:00,2017-12-05T15:44:00,64,64
http://irail.be/vehicle/IC414,http://irail.be/stations/NMBS/008811247,IC,2017-12-05T15:45:00,2017-12-05T15:45:00,25,25
http://irail.be/vehicle/IC414,http://irail.be/stations/NMBS/008811254,IC,2017-12-05T15:46:00,2017-12-05T15:46:00,-64,-64
http://irail.be/vehicle/IC414,http://irail.be/stations/NMBS/008811262,IC,2017-12-05T15:48:00,2017-12-05T15:48:00,-64,-64
http://irail.be/vehicle/IC414,http://irail.be/stations/NMBS/008811270,IC,2017-12-05T15:49:00,2017-12-05T15:49:00,15,15
http://irail.be/vehicle/IC414,http://irail.be/stations/NMBS/008811288,IC,2017-12-05T15:50:00,2017-12-05T15:50:00,28,28
http://irail.be/vehicle/IC414,http://irail.be/stations/NMBS/008833001,IC,2017-12-05T15:57:00,2017-12-05T15:53:00,39,37
http://irail.be/vehicle/IC414,http://irail.be/stations/NMBS/008841202,IC,2017-12-05T16:24:00,2017-12-05T16:24:00,125,125
http://irail.be/vehicle/IC414,http://irail.be/stations/NMBS/008841004,IC,2017-12-05T16:34:00,2017-12-05T16:31:00,47,106
http://irail.be/vehicle/IC414,http://irail.be/stations/NMBS/008842002,IC,2017-12-05T16:41:00,2017-12-05T16:37:00,125,125
http://irail.be/vehicle/IC414,http://irail.be/stations/NMBS/008842036,IC,2017-12-05T16:43:00,2017-12-05T16:43:00,125,125
http://irail.be/vehicle/IC414,http://irail.be/stations/NMBS/008844271,IC,2017-12-05T16:47:00,2017-12-05T16:47:00,118,118
http://irail.be/vehicle/IC414,NO-URI,IC,2017-12-05T16:48:00,2017-12-05T16:48:00,148,148
http://irail.be/vehicle/IC414,http://irail.be/stations/NMBS/008844255,IC,2017-12-05T16:49:00,2017-12-05T16:49:00,176,176
http://irail.be/vehicle/IC414,http://irail.be/stations/NMBS/008844230,IC,2017-12-05T16:49:00,2017-12-05T16:49:00,270,270
http://irail.be/vehicle/IC414,http://irail.be/stations/NMBS/008844206,IC,2017-12-05T16:54:00,2017-12-05T16:53:00,270,270
http://irail.be/vehicle/IC414,http://irail.be/stations/NMBS/008844008,IC,2017-12-05T17:02:00,2017-12-05T17:00:00,495,284
http://irail.be/vehicle/IC414,http://irail.be/stations/NMBS/008844057,IC,2017-12-05T17:03:00,2017-12-05T17:03:00,495,495
http://irail.be/vehicle/IC414,NO-URI,IC,2017-12-05T17:05:00,2017-12-05T17:05:00,511,511
http://irail.be/vehicle/IC414,http://irail.be/stations/NMBS/008844545,IC,2017-12-05T17:10:00,2017-12-05T17:09:00,655,655
http://irail.be/vehicle/IC414,http://irail.be/stations/NMBS/008844503,IC,2017-12-05T17:16:00,2017-12-05T17:16:00,,655
http://irail.be/vehicle/IC414,http://irail.be/stations/NMBS/008896008,IC,2017-09-05T14:16:00,2017-09-05T14:16:00,40,
http://irail.be/vehicle/IC414,http://irail.be/stations/NMBS/008896115,IC,2017-09-05T14:22:00,2017-09-05T14:21:00,23,23
http://irail.be/vehicle/IC414,http://irail.be/stations/NMBS/008896149,IC,2017-09-05T14:28:00,2017-09-05T14:27:00,61,58
http://irail.be/vehicle/IC414,http://irail.be/stations/NMBS/008892106,IC,2017-09-05T14:38:00,2017-09-05T14:37:00,70,-15
http://irail.be/vehicle/IC414,NO-URI,IC,2017-09-05T14:40:00,2017-09-05T14:40:00,70,70
http://irail.be/vehicle/IC414,http://irail.be/stations/NMBS/008892080,IC,2017-09-05T14:45:00,2017-09-05T14:44:00,24,-7
http://irail.be/vehicle/IC414,http://irail.be/stations/NMBS/008892007,IC,2017-09-05T14:54:00,2017-09-05T14:51:00,54,87
http://irail.be/vehicle/IC414,http://irail.be/stations/NMBS/008814001,IC,2017-09-05T15:27:00,2017-09-05T15:24:00,259,226
http://irail.be/vehicle/IC414,http://irail.be/stations/NMBS/008813037,IC,2017-09-05T15:29:00,2017-09-05T15:29:00,271,271
http://irail.be/vehicle/IC414,http://irail.be/stations/NMBS/008813003,IC,2017-09-05T15:31:00,2017-09-05T15:30:00,396,356
http://irail.be/vehicle/IC414,http://irail.be/stations/NMBS/008813045,IC,2017-09-05T15:33:00,2017-09-05T15:33:00,381,381
http://irail.be/vehicle/IC414,http://irail.be/stations/NMBS/008812005,IC,2017-09-05T15:38:00,2017-09-05T15:35:00,338,371
http://irail.be/vehicle/IC414,http://irail.be/stations/NMBS/008811007,IC,2017-09-05T15:41:00,2017-09-05T15:41:00,313,313
http://irail.be/vehicle/IC414,http://irail.be/stations/NMBS/008811130,IC,2017-09-05T15:42:00,2017-09-05T15:42:00,337,337
http://irail.be/vehicle/IC414,http://irail.be/stations/NMBS/008811213,IC,2017-09-05T15:43:00,2017-09-05T15:43:00,331,331
http://irail.be/vehicle/IC414,http://irail.be/stations/NMBS/008811221,IC,2017-09-05T15:44:00,2017-09-05T15:44:00,338,338
http://irail.be/vehicle/IC414,http://irail.be/stations/NMBS/008811247,IC,2017-09-05T15:45:00,2017-09-05T15:45:00,298,298
http://irail.be/vehicle/IC414,http://irail.be/stations/NMBS/008811254,IC,2017-09-05T15:46:00,2017-09-05T15:46:00,208,208
http://irail.be/vehicle/IC414,http://irail.be/stations/NMBS/008811262,IC,2017-09-05T15:48:00,2017-09-05T15:48:00,208,208
http://irail.be/vehicle/IC414,http://irail.be/stations/NMBS/008811270,IC,2017-09-05T15:49:00,2017-09-05T15:49:00,292,292
http://irail.be/vehicle/IC414,http://irail.be/stations/NMBS/008811288,IC,2017-09-05T15:50:00,2017-09-05T15:50:00,310,310
http://irail.be/vehicle/IC414,http://irail.be/stations/NMBS/008833001,IC,2017-09-05T15:57:00,2017-09-05T15:53:00,291,435
http://irail.be/vehicle/IC414,http://irail.be/stations/NMBS/008841202,IC,2017-09-05T16:24:00,2017-09-05T16:24:00,233,233
http://irail.be/vehicle/IC414,http://irail.be/stations/NMBS/008841004,IC,2017-09-05T16:34:00,2017-09-05T16:31:00,332,362
http://irail.be/vehicle/IC414,http://irail.be/stations/NMBS/008842002,IC,2017-09-05T16:41:00,2017-09-05T16:37:00,265,265
http://irail.be/vehicle/IC414,http://irail.be/stations/NMBS/008842036,IC,2017-09-05T16:43:00,2017-09-05T16:43:00,265,265
http://irail.be/vehicle/IC414,http://irail.be/stations/NMBS/008844271,IC,2017-09-05T16:47:00,2017-09-05T16:47:00,254,254
http://irail.be/vehicle/IC414,NO-URI,IC,2017-09-05T16:48:00,2017-09-05T16:48:00,234,234
http://irail.be/vehicle/IC414,http://irail.be/stations/NMBS/008844255,IC,2017-09-05T16:49:00,2017-09-05T16:49:00,227,227
http://irail.be/vehicle/IC414,http://irail.be/stations/NMBS/008844230,IC,2017-09-05T16:49:00,2017-09-05T16:49:00,414,414
http://irail.be/vehicle/IC414,http://irail.be/stations/NMBS/008844206,IC,2017-09-05T16:54:00,2017-09-05T16:53:00,414,414
http://irail.be/vehicle/IC414,http://irail.be/stations/NMBS/008844008,IC,2017-09-05T17:02:00,2017-09-05T17:00:00,235,330
http://irail.be/vehicle/IC414,http://irail.be/stations/NMBS/008844057,IC,2017-09-05T17:03:00,2017-09-05T17:03:00,235,235
http://irail.be/vehicle/IC414,NO-URI,IC,2017-09-05T17:05:00,2017-09-05T17:05:00,271,271
http://irail.be/vehicle/IC414,http://irail.be/stations/NMBS/008844545,IC,2017-09-05T17:10:00,2017-09-05T17:09:00,311,311
http://irail.be/vehicle/IC414,http://irail.be/stations/NMBS/008844503,IC,2017-09-05T17:16:00,2017-09-05T17:16:00,,311
