http://irail.be/vehicle/IC722,http://irail.be/stations/NMBS/008821006,IC,2017-11-02T22:37:00,2017-11-02T22:37:00,0,
http://irail.be/vehicle/IC722,http://irail.be/stations/NMBS/008821121,IC,2017-11-02T22:43:00,2017-11-02T22:41:00,59,59
http://irail.be/vehicle/IC722,http://irail.be/stations/NMBS/008821196,IC,2017-11-02T22:46:00,2017-11-02T22:46:00,46,46
http://irail.be/vehicle/IC722,NO-URI,IC,2017-11-02T22:50:00,2017-11-02T22:50:00,46,46
http://irail.be/vehicle/IC722,http://irail.be/stations/NMBS/008894821,IC,2017-11-02T22:50:00,2017-11-02T22:50:00,72,72
http://irail.be/vehicle/IC722,http://irail.be/stations/NMBS/008894755,IC,2017-11-02T22:52:00,2017-11-02T22:52:00,53,53
http://irail.be/vehicle/IC722,http://irail.be/stations/NMBS/008894748,IC,2017-11-02T22:53:00,2017-11-02T22:53:00,24,24
http://irail.be/vehicle/IC722,http://irail.be/stations/NMBS/008894714,IC,2017-11-02T22:56:00,2017-11-02T22:56:00,1,1
http://irail.be/vehicle/IC722,NO-URI,IC,2017-11-02T22:57:00,2017-11-02T22:57:00,-9,-9
http://irail.be/vehicle/IC722,http://irail.be/stations/NMBS/008894508,IC,2017-11-02T23:00:00,2017-11-02T22:59:00,171,-43
http://irail.be/vehicle/IC722,http://irail.be/stations/NMBS/008894433,IC,2017-11-02T23:03:00,2017-11-02T23:03:00,171,171
http://irail.be/vehicle/IC722,http://irail.be/stations/NMBS/008894425,IC,2017-11-02T23:04:00,2017-11-02T23:04:00,149,149
http://irail.be/vehicle/IC722,NO-URI,IC,2017-11-02T23:06:00,2017-11-02T23:06:00,144,144
http://irail.be/vehicle/IC722,http://irail.be/stations/NMBS/008894201,IC,2017-11-02T23:09:00,2017-11-02T23:08:00,122,134
http://irail.be/vehicle/IC722,http://irail.be/stations/NMBS/008894151,IC,2017-11-02T23:15:00,2017-11-02T23:15:00,139,122
http://irail.be/vehicle/IC722,http://irail.be/stations/NMBS/008893120,IC,2017-11-02T23:24:00,2017-11-02T23:23:00,175,104
http://irail.be/vehicle/IC722,http://irail.be/stations/NMBS/008893179,IC,2017-11-02T23:26:00,2017-11-02T23:26:00,175,175
http://irail.be/vehicle/IC722,NO-URI,IC,2017-11-02T23:27:00,2017-11-02T23:27:00,155,155
http://irail.be/vehicle/IC722,http://irail.be/stations/NMBS/008892007,IC,2017-11-02T23:36:00,2017-11-02T23:33:00,54,123
http://irail.be/vehicle/IC722,http://irail.be/stations/NMBS/008892080,IC,2017-11-02T23:43:00,2017-11-02T23:42:00,6,36
http://irail.be/vehicle/IC722,NO-URI,IC,2017-11-02T23:48:00,2017-11-02T23:48:00,-40,-40
http://irail.be/vehicle/IC722,http://irail.be/stations/NMBS/008892106,IC,2017-11-02T23:50:00,2017-11-02T23:49:00,0,-33
http://irail.be/vehicle/IC722,http://irail.be/stations/NMBS/008896149,IC,2017-11-02T23:58:00,2017-11-02T23:57:00,-33,-55
http://irail.be/vehicle/IC722,http://irail.be/stations/NMBS/008896115,IC,2017-11-03T00:04:00,2017-11-03T00:04:00,-81,-81
http://irail.be/vehicle/IC722,http://irail.be/stations/NMBS/008896008,IC,2017-11-03T00:10:00,2017-11-03T00:10:00,,-136
http://irail.be/vehicle/IC722,http://irail.be/stations/NMBS/008821006,IC,2017-10-04T22:37:00,2017-10-04T22:37:00,4,
http://irail.be/vehicle/IC722,http://irail.be/stations/NMBS/008821121,IC,2017-10-04T22:43:00,2017-10-04T22:41:00,19,19
http://irail.be/vehicle/IC722,http://irail.be/stations/NMBS/008821196,IC,2017-10-04T22:46:00,2017-10-04T22:46:00,6,6
http://irail.be/vehicle/IC722,NO-URI,IC,2017-10-04T22:50:00,2017-10-04T22:50:00,6,6
http://irail.be/vehicle/IC722,http://irail.be/stations/NMBS/008894821,IC,2017-10-04T22:50:00,2017-10-04T22:50:00,30,30
http://irail.be/vehicle/IC722,http://irail.be/stations/NMBS/008894755,IC,2017-10-04T22:52:00,2017-10-04T22:52:00,11,11
http://irail.be/vehicle/IC722,http://irail.be/stations/NMBS/008894748,IC,2017-10-04T22:53:00,2017-10-04T22:53:00,12,12
http://irail.be/vehicle/IC722,http://irail.be/stations/NMBS/008894714,IC,2017-10-04T22:55:00,2017-10-04T22:55:00,17,17
http://irail.be/vehicle/IC722,NO-URI,IC,2017-10-04T22:57:00,2017-10-04T22:57:00,-23,-23
http://irail.be/vehicle/IC722,http://irail.be/stations/NMBS/008894508,IC,2017-10-04T23:00:00,2017-10-04T22:59:00,65,-83
http://irail.be/vehicle/IC722,http://irail.be/stations/NMBS/008894433,IC,2017-10-04T23:03:00,2017-10-04T23:03:00,65,65
http://irail.be/vehicle/IC722,http://irail.be/stations/NMBS/008894425,IC,2017-10-04T23:03:00,2017-10-04T23:03:00,71,71
http://irail.be/vehicle/IC722,NO-URI,IC,2017-10-04T23:06:00,2017-10-04T23:06:00,28,28
http://irail.be/vehicle/IC722,http://irail.be/stations/NMBS/008894201,IC,2017-10-04T23:09:00,2017-10-04T23:08:00,6,8
http://irail.be/vehicle/IC722,http://irail.be/stations/NMBS/008894151,IC,2017-10-04T23:15:00,2017-10-04T23:15:00,6,6
http://irail.be/vehicle/IC722,http://irail.be/stations/NMBS/008893120,IC,2017-10-04T23:24:00,2017-10-04T23:23:00,45,-40
http://irail.be/vehicle/IC722,http://irail.be/stations/NMBS/008893179,IC,2017-10-04T23:26:00,2017-10-04T23:26:00,45,45
http://irail.be/vehicle/IC722,NO-URI,IC,2017-10-04T23:27:00,2017-10-04T23:27:00,19,19
http://irail.be/vehicle/IC722,http://irail.be/stations/NMBS/008892007,IC,2017-10-04T23:36:00,2017-10-04T23:33:00,52,22
http://irail.be/vehicle/IC722,http://irail.be/stations/NMBS/008892080,IC,2017-10-04T23:43:00,2017-10-04T23:42:00,-27,-5
http://irail.be/vehicle/IC722,NO-URI,IC,2017-10-04T23:48:00,2017-10-04T23:48:00,-84,-84
http://irail.be/vehicle/IC722,http://irail.be/stations/NMBS/008892106,IC,2017-10-04T23:50:00,2017-10-04T23:49:00,55,-80
http://irail.be/vehicle/IC722,http://irail.be/stations/NMBS/008896149,IC,2017-10-04T23:58:00,2017-10-04T23:57:00,15,21
http://irail.be/vehicle/IC722,http://irail.be/stations/NMBS/008896115,IC,2017-10-05T00:04:00,2017-10-05T00:04:00,-20,-20
http://irail.be/vehicle/IC722,http://irail.be/stations/NMBS/008896008,IC,2017-10-05T00:10:00,2017-10-05T00:10:00,,-94
http://irail.be/vehicle/IC722,http://irail.be/stations/NMBS/008821006,IC,2017-09-11T22:37:00,2017-09-11T22:37:00,0,
http://irail.be/vehicle/IC722,http://irail.be/stations/NMBS/008821121,IC,2017-09-11T22:43:00,2017-09-11T22:41:00,21,21
http://irail.be/vehicle/IC722,http://irail.be/stations/NMBS/008821196,IC,2017-09-11T22:46:00,2017-09-11T22:46:00,6,6
http://irail.be/vehicle/IC722,NO-URI,IC,2017-09-11T22:50:00,2017-09-11T22:50:00,6,6
http://irail.be/vehicle/IC722,http://irail.be/stations/NMBS/008894821,IC,2017-09-11T22:50:00,2017-09-11T22:50:00,31,31
http://irail.be/vehicle/IC722,http://irail.be/stations/NMBS/008894755,IC,2017-09-11T22:52:00,2017-09-11T22:52:00,22,22
http://irail.be/vehicle/IC722,http://irail.be/stations/NMBS/008894748,IC,2017-09-11T22:53:00,2017-09-11T22:53:00,-8,-8
http://irail.be/vehicle/IC722,http://irail.be/stations/NMBS/008894714,IC,2017-09-11T22:56:00,2017-09-11T22:56:00,-17,-17
http://irail.be/vehicle/IC722,NO-URI,IC,2017-09-11T22:57:00,2017-09-11T22:57:00,-18,-18
http://irail.be/vehicle/IC722,http://irail.be/stations/NMBS/008894508,IC,2017-09-11T23:00:00,2017-09-11T22:59:00,52,-53
http://irail.be/vehicle/IC722,http://irail.be/stations/NMBS/008894433,IC,2017-09-11T23:03:00,2017-09-11T23:03:00,52,52
http://irail.be/vehicle/IC722,http://irail.be/stations/NMBS/008894425,IC,2017-09-11T23:04:00,2017-09-11T23:04:00,39,39
http://irail.be/vehicle/IC722,NO-URI,IC,2017-09-11T23:06:00,2017-09-11T23:06:00,33,33
http://irail.be/vehicle/IC722,http://irail.be/stations/NMBS/008894201,IC,2017-09-11T23:09:00,2017-09-11T23:08:00,48,44
http://irail.be/vehicle/IC722,http://irail.be/stations/NMBS/008894151,IC,2017-09-11T23:15:00,2017-09-11T23:15:00,59,48
http://irail.be/vehicle/IC722,http://irail.be/stations/NMBS/008893120,IC,2017-09-11T23:24:00,2017-09-11T23:23:00,106,33
http://irail.be/vehicle/IC722,http://irail.be/stations/NMBS/008893179,IC,2017-09-11T23:26:00,2017-09-11T23:26:00,106,106
http://irail.be/vehicle/IC722,NO-URI,IC,2017-09-11T23:27:00,2017-09-11T23:27:00,156,156
http://irail.be/vehicle/IC722,http://irail.be/stations/NMBS/008892007,IC,2017-09-11T23:36:00,2017-09-11T23:33:00,37,126
http://irail.be/vehicle/IC722,http://irail.be/stations/NMBS/008892080,IC,2017-09-11T23:43:00,2017-09-11T23:42:00,6,37
http://irail.be/vehicle/IC722,NO-URI,IC,2017-09-11T23:48:00,2017-09-11T23:48:00,-36,-36
http://irail.be/vehicle/IC722,http://irail.be/stations/NMBS/008892106,IC,2017-09-11T23:50:00,2017-09-11T23:49:00,59,-30
http://irail.be/vehicle/IC722,http://irail.be/stations/NMBS/008896149,IC,2017-09-11T23:58:00,2017-09-11T23:57:00,17,26
http://irail.be/vehicle/IC722,http://irail.be/stations/NMBS/008896115,IC,2017-09-12T00:04:00,2017-09-12T00:04:00,6,6
http://irail.be/vehicle/IC722,http://irail.be/stations/NMBS/008896008,IC,2017-09-12T00:10:00,2017-09-12T00:10:00,,-60
http://irail.be/vehicle/IC722,http://irail.be/stations/NMBS/008821121,IC,2017-06-15T22:43:00,2017-06-15T22:43:00,1032,
http://irail.be/vehicle/IC722,http://irail.be/stations/NMBS/008821196,IC,2017-06-15T22:46:00,2017-06-15T22:46:00,1021,1021
http://irail.be/vehicle/IC722,NO-URI,IC,2017-06-15T22:50:00,2017-06-15T22:50:00,1021,1021
http://irail.be/vehicle/IC722,http://irail.be/stations/NMBS/008894821,IC,2017-06-15T22:50:00,2017-06-15T22:50:00,1043,1043
http://irail.be/vehicle/IC722,http://irail.be/stations/NMBS/008894755,IC,2017-06-15T22:52:00,2017-06-15T22:52:00,1021,1021
http://irail.be/vehicle/IC722,http://irail.be/stations/NMBS/008894748,IC,2017-06-15T22:53:00,2017-06-15T22:53:00,989,989
http://irail.be/vehicle/IC722,http://irail.be/stations/NMBS/008894714,IC,2017-06-15T22:56:00,2017-06-15T22:56:00,964,964
http://irail.be/vehicle/IC722,NO-URI,IC,2017-06-15T22:57:00,2017-06-15T22:57:00,951,951
http://irail.be/vehicle/IC722,http://irail.be/stations/NMBS/008894508,IC,2017-06-15T23:00:00,2017-06-15T22:59:00,970,909
http://irail.be/vehicle/IC722,http://irail.be/stations/NMBS/008894433,IC,2017-06-15T23:03:00,2017-06-15T23:03:00,970,970
http://irail.be/vehicle/IC722,http://irail.be/stations/NMBS/008894425,IC,2017-06-15T23:04:00,2017-06-15T23:04:00,913,913
http://irail.be/vehicle/IC722,NO-URI,IC,2017-06-15T23:06:00,2017-06-15T23:06:00,905,905
http://irail.be/vehicle/IC722,http://irail.be/stations/NMBS/008894201,IC,2017-06-15T23:09:00,2017-06-15T23:08:00,873,904
http://irail.be/vehicle/IC722,http://irail.be/stations/NMBS/008894151,IC,2017-06-15T23:15:00,2017-06-15T23:15:00,873,873
http://irail.be/vehicle/IC722,http://irail.be/stations/NMBS/008893120,IC,2017-06-15T23:24:00,2017-06-15T23:23:00,804,750
http://irail.be/vehicle/IC722,http://irail.be/stations/NMBS/008893179,IC,2017-06-15T23:26:00,2017-06-15T23:26:00,804,804
http://irail.be/vehicle/IC722,NO-URI,IC,2017-06-15T23:27:00,2017-06-15T23:27:00,921,921
http://irail.be/vehicle/IC722,http://irail.be/stations/NMBS/008892007,IC,2017-06-15T23:36:00,2017-06-15T23:33:00,806,918
http://irail.be/vehicle/IC722,http://irail.be/stations/NMBS/008892080,IC,2017-06-15T23:43:00,2017-06-15T23:42:00,709,766
http://irail.be/vehicle/IC722,NO-URI,IC,2017-06-15T23:48:00,2017-06-15T23:48:00,649,649
http://irail.be/vehicle/IC722,http://irail.be/stations/NMBS/008892106,IC,2017-06-15T23:50:00,2017-06-15T23:49:00,656,648
http://irail.be/vehicle/IC722,http://irail.be/stations/NMBS/008896149,IC,2017-06-15T23:58:00,2017-06-15T23:57:00,562,588
http://irail.be/vehicle/IC722,http://irail.be/stations/NMBS/008896115,IC,2017-06-16T00:04:00,2017-06-16T00:04:00,509,509
http://irail.be/vehicle/IC722,http://irail.be/stations/NMBS/008896008,IC,2017-06-16T00:10:00,2017-06-16T00:10:00,,423
http://irail.be/vehicle/IC722,http://irail.be/stations/NMBS/008821006,IC,2017-09-04T22:37:00,2017-09-04T22:37:00,13,
http://irail.be/vehicle/IC722,http://irail.be/stations/NMBS/008821121,IC,2017-09-04T22:43:00,2017-09-04T22:41:00,24,24
http://irail.be/vehicle/IC722,http://irail.be/stations/NMBS/008821196,IC,2017-09-04T22:46:00,2017-09-04T22:46:00,-23,-23
http://irail.be/vehicle/IC722,NO-URI,IC,2017-09-04T22:50:00,2017-09-04T22:50:00,-23,-23
http://irail.be/vehicle/IC722,http://irail.be/stations/NMBS/008894821,IC,2017-09-04T22:50:00,2017-09-04T22:50:00,1,1
http://irail.be/vehicle/IC722,http://irail.be/stations/NMBS/008894755,IC,2017-09-04T22:52:00,2017-09-04T22:52:00,-21,-21
http://irail.be/vehicle/IC722,http://irail.be/stations/NMBS/008894748,IC,2017-09-04T22:53:00,2017-09-04T22:53:00,-51,-51
http://irail.be/vehicle/IC722,http://irail.be/stations/NMBS/008894714,IC,2017-09-04T22:56:00,2017-09-04T22:56:00,-75,-75
http://irail.be/vehicle/IC722,NO-URI,IC,2017-09-04T22:57:00,2017-09-04T22:57:00,-85,-85
http://irail.be/vehicle/IC722,http://irail.be/stations/NMBS/008894508,IC,2017-09-04T23:00:00,2017-09-04T22:59:00,46,-121
http://irail.be/vehicle/IC722,http://irail.be/stations/NMBS/008894433,IC,2017-09-04T23:03:00,2017-09-04T23:03:00,46,46
http://irail.be/vehicle/IC722,http://irail.be/stations/NMBS/008894425,IC,2017-09-04T23:04:00,2017-09-04T23:04:00,-1,-1
http://irail.be/vehicle/IC722,NO-URI,IC,2017-09-04T23:06:00,2017-09-04T23:06:00,-8,-8
http://irail.be/vehicle/IC722,http://irail.be/stations/NMBS/008894201,IC,2017-09-04T23:09:00,2017-09-04T23:08:00,-8,-16
http://irail.be/vehicle/IC722,http://irail.be/stations/NMBS/008894151,IC,2017-09-04T23:15:00,2017-09-04T23:15:00,5,-8
http://irail.be/vehicle/IC722,http://irail.be/stations/NMBS/008893120,IC,2017-09-04T23:24:00,2017-09-04T23:23:00,89,-43
http://irail.be/vehicle/IC722,http://irail.be/stations/NMBS/008893179,IC,2017-09-04T23:26:00,2017-09-04T23:26:00,89,89
http://irail.be/vehicle/IC722,NO-URI,IC,2017-09-04T23:27:00,2017-09-04T23:27:00,25,25
http://irail.be/vehicle/IC722,http://irail.be/stations/NMBS/008892007,IC,2017-09-04T23:36:00,2017-09-04T23:33:00,46,31
http://irail.be/vehicle/IC722,http://irail.be/stations/NMBS/008892080,IC,2017-09-04T23:43:00,2017-09-04T23:42:00,-24,-16
http://irail.be/vehicle/IC722,NO-URI,IC,2017-09-04T23:48:00,2017-09-04T23:48:00,-79,-79
http://irail.be/vehicle/IC722,http://irail.be/stations/NMBS/008892106,IC,2017-09-04T23:50:00,2017-09-04T23:49:00,20,-77
http://irail.be/vehicle/IC722,http://irail.be/stations/NMBS/008896149,IC,2017-09-04T23:58:00,2017-09-04T23:57:00,-5,-43
http://irail.be/vehicle/IC722,http://irail.be/stations/NMBS/008896115,IC,2017-09-05T00:04:00,2017-09-05T00:04:00,-55,-55
http://irail.be/vehicle/IC722,http://irail.be/stations/NMBS/008896008,IC,2017-09-05T00:10:00,2017-09-05T00:10:00,,-125
http://irail.be/vehicle/IC722,http://irail.be/stations/NMBS/008821006,IC,2017-12-30T22:37:00,2017-12-30T22:37:00,19,
http://irail.be/vehicle/IC722,http://irail.be/stations/NMBS/008821121,IC,2017-12-30T22:43:00,2017-12-30T22:41:00,25,25
http://irail.be/vehicle/IC722,http://irail.be/stations/NMBS/008821196,IC,2017-12-30T22:47:00,2017-12-30T22:47:00,11,11
http://irail.be/vehicle/IC722,NO-URI,IC,2017-12-30T22:50:00,2017-12-30T22:50:00,11,11
http://irail.be/vehicle/IC722,http://irail.be/stations/NMBS/008894821,IC,2017-12-30T22:50:00,2017-12-30T22:50:00,46,46
http://irail.be/vehicle/IC722,http://irail.be/stations/NMBS/008894755,IC,2017-12-30T22:52:00,2017-12-30T22:52:00,44,44
http://irail.be/vehicle/IC722,http://irail.be/stations/NMBS/008894748,IC,2017-12-30T22:53:00,2017-12-30T22:53:00,24,24
http://irail.be/vehicle/IC722,http://irail.be/stations/NMBS/008894714,IC,2017-12-30T22:56:00,2017-12-30T22:56:00,27,27
http://irail.be/vehicle/IC722,NO-URI,IC,2017-12-30T22:57:00,2017-12-30T22:57:00,27,27
http://irail.be/vehicle/IC722,http://irail.be/stations/NMBS/008894508,IC,2017-12-30T23:02:00,2017-12-30T23:00:00,46,-39
http://irail.be/vehicle/IC722,http://irail.be/stations/NMBS/008894433,IC,2017-12-30T23:05:00,2017-12-30T23:05:00,46,46
http://irail.be/vehicle/IC722,http://irail.be/stations/NMBS/008894425,IC,2017-12-30T23:06:00,2017-12-30T23:06:00,10,10
http://irail.be/vehicle/IC722,NO-URI,IC,2017-12-30T23:08:00,2017-12-30T23:08:00,16,16
http://irail.be/vehicle/IC722,http://irail.be/stations/NMBS/008894201,IC,2017-12-30T23:11:00,2017-12-30T23:10:00,12,18
http://irail.be/vehicle/IC722,http://irail.be/stations/NMBS/008894151,IC,2017-12-30T23:16:00,2017-12-30T23:16:00,12,12
http://irail.be/vehicle/IC722,http://irail.be/stations/NMBS/008893120,IC,2017-12-30T23:25:00,2017-12-30T23:24:00,23,-76
http://irail.be/vehicle/IC722,http://irail.be/stations/NMBS/008893179,IC,2017-12-30T23:27:00,2017-12-30T23:27:00,23,23
http://irail.be/vehicle/IC722,NO-URI,IC,2017-12-30T23:28:00,2017-12-30T23:28:00,62,62
http://irail.be/vehicle/IC722,http://irail.be/stations/NMBS/008892007,IC,2017-12-30T23:36:00,2017-12-30T23:33:00,31,43
http://irail.be/vehicle/IC722,http://irail.be/stations/NMBS/008892080,IC,2017-12-30T23:44:00,2017-12-30T23:43:00,0,0
http://irail.be/vehicle/IC722,NO-URI,IC,2017-12-30T23:48:00,2017-12-30T23:48:00,6,6
http://irail.be/vehicle/IC722,http://irail.be/stations/NMBS/008892106,IC,2017-12-30T23:50:00,2017-12-30T23:49:00,83,19
http://irail.be/vehicle/IC722,http://irail.be/stations/NMBS/008896149,IC,2017-12-30T23:58:00,2017-12-30T23:57:00,152,134
http://irail.be/vehicle/IC722,http://irail.be/stations/NMBS/008896115,IC,2017-12-31T00:04:00,2017-12-31T00:04:00,150,150
http://irail.be/vehicle/IC722,http://irail.be/stations/NMBS/008896008,IC,2017-12-31T00:11:00,2017-12-31T00:11:00,,33
http://irail.be/vehicle/IC722,http://irail.be/stations/NMBS/008821006,IC,2017-11-09T22:37:00,2017-11-09T22:37:00,5,
http://irail.be/vehicle/IC722,http://irail.be/stations/NMBS/008821121,IC,2017-11-09T22:43:00,2017-11-09T22:41:00,35,35
http://irail.be/vehicle/IC722,http://irail.be/stations/NMBS/008821196,IC,2017-11-09T22:46:00,2017-11-09T22:46:00,-7,-7
http://irail.be/vehicle/IC722,NO-URI,IC,2017-11-09T22:50:00,2017-11-09T22:50:00,-7,-7
http://irail.be/vehicle/IC722,http://irail.be/stations/NMBS/008894821,IC,2017-11-09T22:50:00,2017-11-09T22:50:00,18,18
http://irail.be/vehicle/IC722,http://irail.be/stations/NMBS/008894755,IC,2017-11-09T22:52:00,2017-11-09T22:52:00,2,2
http://irail.be/vehicle/IC722,http://irail.be/stations/NMBS/008894748,IC,2017-11-09T22:53:00,2017-11-09T22:53:00,62,62
http://irail.be/vehicle/IC722,http://irail.be/stations/NMBS/008894714,IC,2017-11-09T22:56:00,2017-11-09T22:56:00,60,60
http://irail.be/vehicle/IC722,NO-URI,IC,2017-11-09T22:57:00,2017-11-09T22:57:00,46,46
http://irail.be/vehicle/IC722,http://irail.be/stations/NMBS/008894508,IC,2017-11-09T23:00:00,2017-11-09T22:59:00,54,2
http://irail.be/vehicle/IC722,http://irail.be/stations/NMBS/008894433,IC,2017-11-09T23:03:00,2017-11-09T23:03:00,54,54
http://irail.be/vehicle/IC722,http://irail.be/stations/NMBS/008894425,IC,2017-11-09T23:04:00,2017-11-09T23:04:00,3,3
http://irail.be/vehicle/IC722,NO-URI,IC,2017-11-09T23:06:00,2017-11-09T23:06:00,-5,-5
http://irail.be/vehicle/IC722,http://irail.be/stations/NMBS/008894201,IC,2017-11-09T23:09:00,2017-11-09T23:08:00,-11,-9
http://irail.be/vehicle/IC722,http://irail.be/stations/NMBS/008894151,IC,2017-11-09T23:15:00,2017-11-09T23:15:00,77,-11
http://irail.be/vehicle/IC722,http://irail.be/stations/NMBS/008893120,IC,2017-11-09T23:24:00,2017-11-09T23:23:00,125,15
http://irail.be/vehicle/IC722,http://irail.be/stations/NMBS/008893179,IC,2017-11-09T23:26:00,2017-11-09T23:26:00,125,125
http://irail.be/vehicle/IC722,NO-URI,IC,2017-11-09T23:27:00,2017-11-09T23:27:00,108,108
http://irail.be/vehicle/IC722,http://irail.be/stations/NMBS/008892007,IC,2017-11-09T23:36:00,2017-11-09T23:33:00,29,84
http://irail.be/vehicle/IC722,http://irail.be/stations/NMBS/008892080,IC,2017-11-09T23:43:00,2017-11-09T23:42:00,-15,3
http://irail.be/vehicle/IC722,NO-URI,IC,2017-11-09T23:48:00,2017-11-09T23:48:00,-73,-73
http://irail.be/vehicle/IC722,http://irail.be/stations/NMBS/008892106,IC,2017-11-09T23:50:00,2017-11-09T23:49:00,31,-71
http://irail.be/vehicle/IC722,http://irail.be/stations/NMBS/008896149,IC,2017-11-09T23:58:00,2017-11-09T23:57:00,3,-28
http://irail.be/vehicle/IC722,http://irail.be/stations/NMBS/008896115,IC,2017-11-10T00:04:00,2017-11-10T00:04:00,-37,-49
http://irail.be/vehicle/IC722,http://irail.be/stations/NMBS/008896008,IC,2017-11-10T00:10:00,2017-11-10T00:10:00,,-87
http://irail.be/vehicle/IC722,http://irail.be/stations/NMBS/008821006,IC,2017-02-14T22:37:00,2017-02-14T22:37:00,0,
http://irail.be/vehicle/IC722,http://irail.be/stations/NMBS/008821121,IC,2017-02-14T22:43:00,2017-02-14T22:41:00,29,29
http://irail.be/vehicle/IC722,http://irail.be/stations/NMBS/008821196,IC,2017-02-14T22:46:00,2017-02-14T22:46:00,-9,-9
http://irail.be/vehicle/IC722,NO-URI,IC,2017-02-14T22:50:00,2017-02-14T22:50:00,-9,-9
http://irail.be/vehicle/IC722,http://irail.be/stations/NMBS/008894821,IC,2017-02-14T22:50:00,2017-02-14T22:50:00,14,14
http://irail.be/vehicle/IC722,http://irail.be/stations/NMBS/008894755,IC,2017-02-14T22:52:00,2017-02-14T22:52:00,-6,-6
http://irail.be/vehicle/IC722,http://irail.be/stations/NMBS/008894748,IC,2017-02-14T22:53:00,2017-02-14T22:53:00,-37,-37
http://irail.be/vehicle/IC722,http://irail.be/stations/NMBS/008894714,IC,2017-02-14T22:56:00,2017-02-14T22:56:00,-55,-55
http://irail.be/vehicle/IC722,NO-URI,IC,2017-02-14T22:57:00,2017-02-14T22:57:00,-68,-68
http://irail.be/vehicle/IC722,http://irail.be/stations/NMBS/008894508,IC,2017-02-14T23:00:00,2017-02-14T22:59:00,105,-104
http://irail.be/vehicle/IC722,http://irail.be/stations/NMBS/008894433,IC,2017-02-14T23:03:00,2017-02-14T23:03:00,105,105
http://irail.be/vehicle/IC722,http://irail.be/stations/NMBS/008894425,IC,2017-02-14T23:04:00,2017-02-14T23:04:00,61,61
http://irail.be/vehicle/IC722,NO-URI,IC,2017-02-14T23:06:00,2017-02-14T23:06:00,59,59
http://irail.be/vehicle/IC722,http://irail.be/stations/NMBS/008894201,IC,2017-02-14T23:09:00,2017-02-14T23:08:00,34,50
http://irail.be/vehicle/IC722,http://irail.be/stations/NMBS/008894151,IC,2017-02-14T23:15:00,2017-02-14T23:15:00,30,30
http://irail.be/vehicle/IC722,http://irail.be/stations/NMBS/008893120,IC,2017-02-14T23:24:00,2017-02-14T23:23:00,68,-5
http://irail.be/vehicle/IC722,http://irail.be/stations/NMBS/008893179,IC,2017-02-14T23:26:00,2017-02-14T23:26:00,68,68
http://irail.be/vehicle/IC722,NO-URI,IC,2017-02-14T23:27:00,2017-02-14T23:27:00,3,3
http://irail.be/vehicle/IC722,http://irail.be/stations/NMBS/008892007,IC,2017-02-14T23:36:00,2017-02-14T23:33:00,29,50
http://irail.be/vehicle/IC722,http://irail.be/stations/NMBS/008892080,IC,2017-02-14T23:43:00,2017-02-14T23:42:00,-15,0
http://irail.be/vehicle/IC722,NO-URI,IC,2017-02-14T23:48:00,2017-02-14T23:48:00,-70,-70
http://irail.be/vehicle/IC722,http://irail.be/stations/NMBS/008892106,IC,2017-02-14T23:50:00,2017-02-14T23:49:00,40,-66
http://irail.be/vehicle/IC722,http://irail.be/stations/NMBS/008896149,IC,2017-02-14T23:58:00,2017-02-14T23:57:00,16,-8
http://irail.be/vehicle/IC722,http://irail.be/stations/NMBS/008896115,IC,2017-02-15T00:04:00,2017-02-15T00:04:00,-34,-34
http://irail.be/vehicle/IC722,http://irail.be/stations/NMBS/008896008,IC,2017-02-15T00:10:00,2017-02-15T00:10:00,,-93
http://irail.be/vehicle/IC722,http://irail.be/stations/NMBS/008821006,IC,2017-06-07T22:37:00,2017-06-07T22:37:00,49,
http://irail.be/vehicle/IC722,http://irail.be/stations/NMBS/008821121,IC,2017-06-07T22:43:00,2017-06-07T22:41:00,26,26
http://irail.be/vehicle/IC722,http://irail.be/stations/NMBS/008821196,IC,2017-06-07T22:46:00,2017-06-07T22:46:00,9,9
http://irail.be/vehicle/IC722,NO-URI,IC,2017-06-07T22:50:00,2017-06-07T22:50:00,9,9
http://irail.be/vehicle/IC722,http://irail.be/stations/NMBS/008894821,IC,2017-06-07T22:50:00,2017-06-07T22:50:00,33,33
http://irail.be/vehicle/IC722,http://irail.be/stations/NMBS/008894755,IC,2017-06-07T22:52:00,2017-06-07T22:52:00,14,14
http://irail.be/vehicle/IC722,http://irail.be/stations/NMBS/008894748,IC,2017-06-07T22:53:00,2017-06-07T22:53:00,16,16
http://irail.be/vehicle/IC722,http://irail.be/stations/NMBS/008894714,IC,2017-06-07T22:56:00,2017-06-07T22:56:00,24,24
http://irail.be/vehicle/IC722,NO-URI,IC,2017-06-07T22:57:00,2017-06-07T22:57:00,-16,-16
http://irail.be/vehicle/IC722,http://irail.be/stations/NMBS/008894508,IC,2017-06-07T23:00:00,2017-06-07T22:59:00,82,-75
http://irail.be/vehicle/IC722,http://irail.be/stations/NMBS/008894433,IC,2017-06-07T23:03:00,2017-06-07T23:03:00,82,82
http://irail.be/vehicle/IC722,http://irail.be/stations/NMBS/008894425,IC,2017-06-07T23:04:00,2017-06-07T23:04:00,85,85
http://irail.be/vehicle/IC722,NO-URI,IC,2017-06-07T23:06:00,2017-06-07T23:06:00,44,44
http://irail.be/vehicle/IC722,http://irail.be/stations/NMBS/008894201,IC,2017-06-07T23:09:00,2017-06-07T23:08:00,36,40
http://irail.be/vehicle/IC722,http://irail.be/stations/NMBS/008894151,IC,2017-06-07T23:15:00,2017-06-07T23:15:00,36,36
http://irail.be/vehicle/IC722,http://irail.be/stations/NMBS/008893120,IC,2017-06-07T23:24:00,2017-06-07T23:23:00,64,-18
http://irail.be/vehicle/IC722,http://irail.be/stations/NMBS/008893179,IC,2017-06-07T23:26:00,2017-06-07T23:26:00,64,64
http://irail.be/vehicle/IC722,NO-URI,IC,2017-06-07T23:27:00,2017-06-07T23:27:00,36,36
http://irail.be/vehicle/IC722,http://irail.be/stations/NMBS/008892007,IC,2017-06-07T23:36:00,2017-06-07T23:33:00,333,100
http://irail.be/vehicle/IC722,http://irail.be/stations/NMBS/008892080,IC,2017-06-07T23:43:00,2017-06-07T23:42:00,295,314
http://irail.be/vehicle/IC722,NO-URI,IC,2017-06-07T23:48:00,2017-06-07T23:48:00,236,236
http://irail.be/vehicle/IC722,http://irail.be/stations/NMBS/008892106,IC,2017-06-07T23:50:00,2017-06-07T23:49:00,285,246
http://irail.be/vehicle/IC722,http://irail.be/stations/NMBS/008896149,IC,2017-06-07T23:58:00,2017-06-07T23:57:00,226,225
http://irail.be/vehicle/IC722,http://irail.be/stations/NMBS/008896115,IC,2017-06-08T00:04:00,2017-06-08T00:04:00,186,184
http://irail.be/vehicle/IC722,http://irail.be/stations/NMBS/008896008,IC,2017-06-08T00:10:00,2017-06-08T00:10:00,,125
http://irail.be/vehicle/IC722,http://irail.be/stations/NMBS/008821006,IC,2017-02-09T22:37:00,2017-02-09T22:37:00,21,
http://irail.be/vehicle/IC722,http://irail.be/stations/NMBS/008821121,IC,2017-02-09T22:43:00,2017-02-09T22:41:00,36,36
http://irail.be/vehicle/IC722,http://irail.be/stations/NMBS/008821196,IC,2017-02-09T22:46:00,2017-02-09T22:46:00,-7,-7
http://irail.be/vehicle/IC722,NO-URI,IC,2017-02-09T22:50:00,2017-02-09T22:50:00,-6,-6
http://irail.be/vehicle/IC722,http://irail.be/stations/NMBS/008894821,IC,2017-02-09T22:50:00,2017-02-09T22:50:00,17,17
http://irail.be/vehicle/IC722,http://irail.be/stations/NMBS/008894755,IC,2017-02-09T22:52:00,2017-02-09T22:52:00,-1,-1
http://irail.be/vehicle/IC722,http://irail.be/stations/NMBS/008894748,IC,2017-02-09T22:53:00,2017-02-09T22:53:00,-31,-31
http://irail.be/vehicle/IC722,http://irail.be/stations/NMBS/008894714,IC,2017-02-09T22:56:00,2017-02-09T22:56:00,-51,-51
http://irail.be/vehicle/IC722,NO-URI,IC,2017-02-09T22:57:00,2017-02-09T22:57:00,-61,-61
http://irail.be/vehicle/IC722,http://irail.be/stations/NMBS/008894508,IC,2017-02-09T23:00:00,2017-02-09T22:59:00,42,-94
http://irail.be/vehicle/IC722,http://irail.be/stations/NMBS/008894433,IC,2017-02-09T23:03:00,2017-02-09T23:03:00,42,42
http://irail.be/vehicle/IC722,http://irail.be/stations/NMBS/008894425,IC,2017-02-09T23:04:00,2017-02-09T23:04:00,7,7
http://irail.be/vehicle/IC722,NO-URI,IC,2017-02-09T23:06:00,2017-02-09T23:06:00,8,8
http://irail.be/vehicle/IC722,http://irail.be/stations/NMBS/008894201,IC,2017-02-09T23:09:00,2017-02-09T23:08:00,3,3
http://irail.be/vehicle/IC722,http://irail.be/stations/NMBS/008894151,IC,2017-02-09T23:15:00,2017-02-09T23:15:00,-8,-8
http://irail.be/vehicle/IC722,http://irail.be/stations/NMBS/008893120,IC,2017-02-09T23:24:00,2017-02-09T23:23:00,91,11
http://irail.be/vehicle/IC722,http://irail.be/stations/NMBS/008893179,IC,2017-02-09T23:26:00,2017-02-09T23:26:00,91,91
http://irail.be/vehicle/IC722,NO-URI,IC,2017-02-09T23:27:00,2017-02-09T23:27:00,42,42
http://irail.be/vehicle/IC722,http://irail.be/stations/NMBS/008892007,IC,2017-02-09T23:33:00,2017-02-09T23:33:00,,20
http://irail.be/vehicle/IC722,http://irail.be/stations/NMBS/008821006,IC,2017-11-10T22:37:00,2017-11-10T22:37:00,24,
http://irail.be/vehicle/IC722,http://irail.be/stations/NMBS/008821121,IC,2017-11-10T22:43:00,2017-11-10T22:41:00,76,76
http://irail.be/vehicle/IC722,http://irail.be/stations/NMBS/008821196,IC,2017-11-10T22:46:00,2017-11-10T22:46:00,26,26
http://irail.be/vehicle/IC722,NO-URI,IC,2017-11-10T22:50:00,2017-11-10T22:50:00,26,26
http://irail.be/vehicle/IC722,http://irail.be/stations/NMBS/008894821,IC,2017-11-10T22:50:00,2017-11-10T22:50:00,55,55
http://irail.be/vehicle/IC722,http://irail.be/stations/NMBS/008894755,IC,2017-11-10T22:52:00,2017-11-10T22:52:00,36,36
http://irail.be/vehicle/IC722,http://irail.be/stations/NMBS/008894748,IC,2017-11-10T22:53:00,2017-11-10T22:53:00,10,10
http://irail.be/vehicle/IC722,http://irail.be/stations/NMBS/008894714,IC,2017-11-10T22:56:00,2017-11-10T22:56:00,-6,-6
http://irail.be/vehicle/IC722,NO-URI,IC,2017-11-10T22:57:00,2017-11-10T22:57:00,-19,-19
http://irail.be/vehicle/IC722,http://irail.be/stations/NMBS/008894508,IC,2017-11-10T23:00:00,2017-11-10T22:59:00,70,-52
http://irail.be/vehicle/IC722,http://irail.be/stations/NMBS/008894433,IC,2017-11-10T23:03:00,2017-11-10T23:03:00,70,70
http://irail.be/vehicle/IC722,http://irail.be/stations/NMBS/008894425,IC,2017-11-10T23:04:00,2017-11-10T23:04:00,35,35
http://irail.be/vehicle/IC722,NO-URI,IC,2017-11-10T23:06:00,2017-11-10T23:06:00,33,33
http://irail.be/vehicle/IC722,http://irail.be/stations/NMBS/008894201,IC,2017-11-10T23:09:00,2017-11-10T23:08:00,27,31
http://irail.be/vehicle/IC722,http://irail.be/stations/NMBS/008894151,IC,2017-11-10T23:15:00,2017-11-10T23:15:00,27,27
http://irail.be/vehicle/IC722,http://irail.be/stations/NMBS/008893120,IC,2017-11-10T23:24:00,2017-11-10T23:23:00,169,-32
http://irail.be/vehicle/IC722,http://irail.be/stations/NMBS/008893179,IC,2017-11-10T23:26:00,2017-11-10T23:26:00,169,169
http://irail.be/vehicle/IC722,NO-URI,IC,2017-11-10T23:27:00,2017-11-10T23:27:00,159,159
http://irail.be/vehicle/IC722,http://irail.be/stations/NMBS/008892007,IC,2017-11-10T23:36:00,2017-11-10T23:33:00,146,226
http://irail.be/vehicle/IC722,http://irail.be/stations/NMBS/008892080,IC,2017-11-10T23:43:00,2017-11-10T23:42:00,89,116
http://irail.be/vehicle/IC722,NO-URI,IC,2017-11-10T23:48:00,2017-11-10T23:48:00,33,33
http://irail.be/vehicle/IC722,http://irail.be/stations/NMBS/008892106,IC,2017-11-10T23:50:00,2017-11-10T23:49:00,89,42
http://irail.be/vehicle/IC722,http://irail.be/stations/NMBS/008896149,IC,2017-11-10T23:58:00,2017-11-10T23:57:00,52,52
http://irail.be/vehicle/IC722,http://irail.be/stations/NMBS/008896115,IC,2017-11-11T00:04:00,2017-11-11T00:04:00,11,11
http://irail.be/vehicle/IC722,http://irail.be/stations/NMBS/008896008,IC,2017-11-11T00:10:00,2017-11-11T00:10:00,,-52
http://irail.be/vehicle/IC722,http://irail.be/stations/NMBS/008821006,IC,2017-04-21T22:37:00,2017-04-21T22:37:00,25,
http://irail.be/vehicle/IC722,http://irail.be/stations/NMBS/008821121,IC,2017-04-21T22:43:00,2017-04-21T22:41:00,29,29
http://irail.be/vehicle/IC722,http://irail.be/stations/NMBS/008821196,IC,2017-04-21T22:46:00,2017-04-21T22:46:00,32,32
http://irail.be/vehicle/IC722,NO-URI,IC,2017-04-21T22:50:00,2017-04-21T22:50:00,32,32
http://irail.be/vehicle/IC722,http://irail.be/stations/NMBS/008894821,IC,2017-04-21T22:50:00,2017-04-21T22:50:00,53,53
http://irail.be/vehicle/IC722,http://irail.be/stations/NMBS/008894755,IC,2017-04-21T22:52:00,2017-04-21T22:52:00,35,35
http://irail.be/vehicle/IC722,http://irail.be/stations/NMBS/008894748,IC,2017-04-21T22:53:00,2017-04-21T22:53:00,3,3
http://irail.be/vehicle/IC722,http://irail.be/stations/NMBS/008894714,IC,2017-04-21T22:56:00,2017-04-21T22:56:00,-22,-22
http://irail.be/vehicle/IC722,NO-URI,IC,2017-04-21T22:57:00,2017-04-21T22:57:00,-35,-35
http://irail.be/vehicle/IC722,http://irail.be/stations/NMBS/008894508,IC,2017-04-21T23:00:00,2017-04-21T22:59:00,43,-73
http://irail.be/vehicle/IC722,http://irail.be/stations/NMBS/008894433,IC,2017-04-21T23:03:00,2017-04-21T23:03:00,43,43
http://irail.be/vehicle/IC722,http://irail.be/stations/NMBS/008894425,IC,2017-04-21T23:04:00,2017-04-21T23:04:00,2,2
http://irail.be/vehicle/IC722,NO-URI,IC,2017-04-21T23:06:00,2017-04-21T23:06:00,-3,-3
http://irail.be/vehicle/IC722,http://irail.be/stations/NMBS/008894201,IC,2017-04-21T23:09:00,2017-04-21T23:08:00,10,-13
http://irail.be/vehicle/IC722,http://irail.be/stations/NMBS/008894151,IC,2017-04-21T23:15:00,2017-04-21T23:15:00,14,10
http://irail.be/vehicle/IC722,http://irail.be/stations/NMBS/008893120,IC,2017-04-21T23:24:00,2017-04-21T23:23:00,48,-34
http://irail.be/vehicle/IC722,http://irail.be/stations/NMBS/008893179,IC,2017-04-21T23:26:00,2017-04-21T23:26:00,48,48
http://irail.be/vehicle/IC722,NO-URI,IC,2017-04-21T23:27:00,2017-04-21T23:27:00,8,8
http://irail.be/vehicle/IC722,http://irail.be/stations/NMBS/008892007,IC,2017-04-21T23:36:00,2017-04-21T23:33:00,64,17
http://irail.be/vehicle/IC722,http://irail.be/stations/NMBS/008892080,IC,2017-04-21T23:43:00,2017-04-21T23:42:00,13,48
http://irail.be/vehicle/IC722,NO-URI,IC,2017-04-21T23:48:00,2017-04-21T23:48:00,-46,-46
http://irail.be/vehicle/IC722,http://irail.be/stations/NMBS/008892106,IC,2017-04-21T23:50:00,2017-04-21T23:49:00,40,-42
http://irail.be/vehicle/IC722,http://irail.be/stations/NMBS/008896149,IC,2017-04-21T23:58:00,2017-04-21T23:57:00,7,-23
http://irail.be/vehicle/IC722,http://irail.be/stations/NMBS/008896115,IC,2017-04-22T00:04:00,2017-04-22T00:04:00,2384,7
http://irail.be/vehicle/IC722,http://irail.be/stations/NMBS/008896008,IC,2017-04-22T00:10:00,2017-04-22T00:10:00,,49
http://irail.be/vehicle/IC722,http://irail.be/stations/NMBS/008821006,IC,2017-06-08T22:37:00,2017-06-08T22:37:00,28,
http://irail.be/vehicle/IC722,http://irail.be/stations/NMBS/008821121,IC,2017-06-08T22:43:00,2017-06-08T22:41:00,19,19
http://irail.be/vehicle/IC722,http://irail.be/stations/NMBS/008821196,IC,2017-06-08T22:46:00,2017-06-08T22:46:00,-4,-4
http://irail.be/vehicle/IC722,NO-URI,IC,2017-06-08T22:50:00,2017-06-08T22:50:00,-4,-4
http://irail.be/vehicle/IC722,http://irail.be/stations/NMBS/008894821,IC,2017-06-08T22:50:00,2017-06-08T22:50:00,22,22
http://irail.be/vehicle/IC722,http://irail.be/stations/NMBS/008894755,IC,2017-06-08T22:52:00,2017-06-08T22:52:00,5,5
http://irail.be/vehicle/IC722,http://irail.be/stations/NMBS/008894748,IC,2017-06-08T22:53:00,2017-06-08T22:53:00,6,6
http://irail.be/vehicle/IC722,http://irail.be/stations/NMBS/008894714,IC,2017-06-08T22:55:00,2017-06-08T22:55:00,12,12
http://irail.be/vehicle/IC722,NO-URI,IC,2017-06-08T22:57:00,2017-06-08T22:57:00,-31,-31
http://irail.be/vehicle/IC722,http://irail.be/stations/NMBS/008894508,IC,2017-06-08T23:00:00,2017-06-08T22:59:00,112,-96
http://irail.be/vehicle/IC722,http://irail.be/stations/NMBS/008894433,IC,2017-06-08T23:03:00,2017-06-08T23:03:00,112,112
http://irail.be/vehicle/IC722,http://irail.be/stations/NMBS/008894425,IC,2017-06-08T23:03:00,2017-06-08T23:03:00,116,116
http://irail.be/vehicle/IC722,NO-URI,IC,2017-06-08T23:06:00,2017-06-08T23:06:00,75,75
http://irail.be/vehicle/IC722,http://irail.be/stations/NMBS/008894201,IC,2017-06-08T23:09:00,2017-06-08T23:08:00,34,57
http://irail.be/vehicle/IC722,http://irail.be/stations/NMBS/008894151,IC,2017-06-08T23:15:00,2017-06-08T23:15:00,100,34
http://irail.be/vehicle/IC722,http://irail.be/stations/NMBS/008893120,IC,2017-06-08T23:24:00,2017-06-08T23:23:00,129,49
http://irail.be/vehicle/IC722,http://irail.be/stations/NMBS/008893179,IC,2017-06-08T23:26:00,2017-06-08T23:26:00,129,129
http://irail.be/vehicle/IC722,NO-URI,IC,2017-06-08T23:27:00,2017-06-08T23:27:00,155,155
http://irail.be/vehicle/IC722,http://irail.be/stations/NMBS/008892007,IC,2017-06-08T23:36:00,2017-06-08T23:33:00,105,177
http://irail.be/vehicle/IC722,http://irail.be/stations/NMBS/008892080,IC,2017-06-08T23:43:00,2017-06-08T23:42:00,50,100
http://irail.be/vehicle/IC722,NO-URI,IC,2017-06-08T23:48:00,2017-06-08T23:48:00,-5,-5
http://irail.be/vehicle/IC722,http://irail.be/stations/NMBS/008892106,IC,2017-06-08T23:50:00,2017-06-08T23:49:00,19,3
http://irail.be/vehicle/IC722,http://irail.be/stations/NMBS/008896149,IC,2017-06-08T23:58:00,2017-06-08T23:57:00,-25,-40
http://irail.be/vehicle/IC722,http://irail.be/stations/NMBS/008896115,IC,2017-06-09T00:04:00,2017-06-09T00:04:00,-62,-62
http://irail.be/vehicle/IC722,http://irail.be/stations/NMBS/008896008,IC,2017-06-09T00:10:00,2017-06-09T00:10:00,,-128
http://irail.be/vehicle/IC722,http://irail.be/stations/NMBS/008821006,IC,2017-04-15T22:37:00,2017-04-15T22:37:00,472,
http://irail.be/vehicle/IC722,http://irail.be/stations/NMBS/008821121,IC,2017-04-15T22:43:00,2017-04-15T22:41:00,400,400
http://irail.be/vehicle/IC722,http://irail.be/stations/NMBS/008821196,IC,2017-04-15T22:46:00,2017-04-15T22:46:00,358,358
http://irail.be/vehicle/IC722,NO-URI,IC,2017-04-15T22:50:00,2017-04-15T22:50:00,358,358
http://irail.be/vehicle/IC722,http://irail.be/stations/NMBS/008894821,IC,2017-04-15T22:50:00,2017-04-15T22:50:00,380,380
http://irail.be/vehicle/IC722,http://irail.be/stations/NMBS/008894755,IC,2017-04-15T22:52:00,2017-04-15T22:52:00,359,359
http://irail.be/vehicle/IC722,http://irail.be/stations/NMBS/008894748,IC,2017-04-15T22:53:00,2017-04-15T22:53:00,360,360
http://irail.be/vehicle/IC722,http://irail.be/stations/NMBS/008894714,IC,2017-04-15T22:55:00,2017-04-15T22:55:00,360,360
http://irail.be/vehicle/IC722,NO-URI,IC,2017-04-15T22:57:00,2017-04-15T22:57:00,318,318
http://irail.be/vehicle/IC722,http://irail.be/stations/NMBS/008894508,IC,2017-04-15T23:01:00,2017-04-15T22:59:00,232,249
http://irail.be/vehicle/IC722,http://irail.be/stations/NMBS/008894433,IC,2017-04-15T23:04:00,2017-04-15T23:04:00,232,232
http://irail.be/vehicle/IC722,http://irail.be/stations/NMBS/008894425,IC,2017-04-15T23:04:00,2017-04-15T23:04:00,229,229
http://irail.be/vehicle/IC722,NO-URI,IC,2017-04-15T23:07:00,2017-04-15T23:07:00,185,185
http://irail.be/vehicle/IC722,http://irail.be/stations/NMBS/008894201,IC,2017-04-15T23:11:00,2017-04-15T23:09:00,66,157
http://irail.be/vehicle/IC722,http://irail.be/stations/NMBS/008894151,IC,2017-04-15T23:16:00,2017-04-15T23:16:00,66,66
http://irail.be/vehicle/IC722,http://irail.be/stations/NMBS/008893120,IC,2017-04-15T23:24:00,2017-04-15T23:23:00,7,-40
http://irail.be/vehicle/IC722,http://irail.be/stations/NMBS/008893179,IC,2017-04-15T23:26:00,2017-04-15T23:26:00,7,7
http://irail.be/vehicle/IC722,NO-URI,IC,2017-04-15T23:27:00,2017-04-15T23:27:00,-61,-61
http://irail.be/vehicle/IC722,http://irail.be/stations/NMBS/008892007,IC,2017-04-15T23:36:00,2017-04-15T23:33:00,8,-69
http://irail.be/vehicle/IC722,http://irail.be/stations/NMBS/008892080,IC,2017-04-15T23:43:00,2017-04-15T23:42:00,-14,-15
http://irail.be/vehicle/IC722,NO-URI,IC,2017-04-15T23:47:00,2017-04-15T23:47:00,-34,-34
http://irail.be/vehicle/IC722,http://irail.be/stations/NMBS/008892106,IC,2017-04-15T23:50:00,2017-04-15T23:49:00,0,-39
http://irail.be/vehicle/IC722,http://irail.be/stations/NMBS/008896149,IC,2017-04-15T23:58:00,2017-04-15T23:57:00,0,-34
http://irail.be/vehicle/IC722,http://irail.be/stations/NMBS/008896115,IC,2017-04-16T00:04:00,2017-04-16T00:04:00,0,0
http://irail.be/vehicle/IC722,http://irail.be/stations/NMBS/008896008,IC,2017-04-16T00:10:00,2017-04-16T00:10:00,,0
http://irail.be/vehicle/IC722,http://irail.be/stations/NMBS/008821006,IC,2017-07-05T22:37:00,2017-07-05T22:37:00,35,
http://irail.be/vehicle/IC722,http://irail.be/stations/NMBS/008821121,IC,2017-07-05T22:43:00,2017-07-05T22:41:00,42,42
http://irail.be/vehicle/IC722,http://irail.be/stations/NMBS/008821196,IC,2017-07-05T22:46:00,2017-07-05T22:46:00,27,27
http://irail.be/vehicle/IC722,NO-URI,IC,2017-07-05T22:50:00,2017-07-05T22:50:00,27,27
http://irail.be/vehicle/IC722,http://irail.be/stations/NMBS/008894821,IC,2017-07-05T22:50:00,2017-07-05T22:50:00,53,53
http://irail.be/vehicle/IC722,http://irail.be/stations/NMBS/008894755,IC,2017-07-05T22:52:00,2017-07-05T22:52:00,42,42
http://irail.be/vehicle/IC722,http://irail.be/stations/NMBS/008894748,IC,2017-07-05T22:53:00,2017-07-05T22:53:00,13,13
http://irail.be/vehicle/IC722,http://irail.be/stations/NMBS/008894714,IC,2017-07-05T22:56:00,2017-07-05T22:56:00,-10,-10
http://irail.be/vehicle/IC722,NO-URI,IC,2017-07-05T22:57:00,2017-07-05T22:57:00,-23,-23
http://irail.be/vehicle/IC722,http://irail.be/stations/NMBS/008894508,IC,2017-07-05T23:00:00,2017-07-05T22:59:00,50,-58
http://irail.be/vehicle/IC722,http://irail.be/stations/NMBS/008894433,IC,2017-07-05T23:03:00,2017-07-05T23:03:00,50,50
http://irail.be/vehicle/IC722,http://irail.be/stations/NMBS/008894425,IC,2017-07-05T23:04:00,2017-07-05T23:04:00,26,26
http://irail.be/vehicle/IC722,NO-URI,IC,2017-07-05T23:06:00,2017-07-05T23:06:00,20,20
http://irail.be/vehicle/IC722,http://irail.be/stations/NMBS/008894201,IC,2017-07-05T23:09:00,2017-07-05T23:08:00,2,11
http://irail.be/vehicle/IC722,http://irail.be/stations/NMBS/008894151,IC,2017-07-05T23:15:00,2017-07-05T23:15:00,4,2
http://irail.be/vehicle/IC722,http://irail.be/stations/NMBS/008893120,IC,2017-07-05T23:24:00,2017-07-05T23:23:00,68,-22
http://irail.be/vehicle/IC722,http://irail.be/stations/NMBS/008893179,IC,2017-07-05T23:26:00,2017-07-05T23:26:00,68,68
http://irail.be/vehicle/IC722,NO-URI,IC,2017-07-05T23:27:00,2017-07-05T23:27:00,86,86
http://irail.be/vehicle/IC722,http://irail.be/stations/NMBS/008892007,IC,2017-07-05T23:36:00,2017-07-05T23:33:00,173,64
http://irail.be/vehicle/IC722,http://irail.be/stations/NMBS/008892080,IC,2017-07-05T23:43:00,2017-07-05T23:42:00,143,172
http://irail.be/vehicle/IC722,NO-URI,IC,2017-07-05T23:48:00,2017-07-05T23:48:00,105,105
http://irail.be/vehicle/IC722,http://irail.be/stations/NMBS/008892106,IC,2017-07-05T23:50:00,2017-07-05T23:49:00,228,117
http://irail.be/vehicle/IC722,http://irail.be/stations/NMBS/008896149,IC,2017-07-05T23:58:00,2017-07-05T23:57:00,177,201
http://irail.be/vehicle/IC722,http://irail.be/stations/NMBS/008896115,IC,2017-07-06T00:04:00,2017-07-06T00:04:00,156,154
http://irail.be/vehicle/IC722,http://irail.be/stations/NMBS/008896008,IC,2017-07-06T00:10:00,2017-07-06T00:10:00,,104
http://irail.be/vehicle/IC722,http://irail.be/stations/NMBS/008821006,IC,2017-11-19T22:37:00,2017-11-19T22:37:00,5,
http://irail.be/vehicle/IC722,http://irail.be/stations/NMBS/008821121,IC,2017-11-19T22:43:00,2017-11-19T22:41:00,2,2
http://irail.be/vehicle/IC722,http://irail.be/stations/NMBS/008821196,IC,2017-11-19T22:46:00,2017-11-19T22:46:00,-38,-38
http://irail.be/vehicle/IC722,NO-URI,IC,2017-11-19T22:50:00,2017-11-19T22:50:00,-38,-38
http://irail.be/vehicle/IC722,http://irail.be/stations/NMBS/008894821,IC,2017-11-19T22:50:00,2017-11-19T22:50:00,-10,-10
http://irail.be/vehicle/IC722,http://irail.be/stations/NMBS/008894755,IC,2017-11-19T22:52:00,2017-11-19T22:52:00,-27,-27
http://irail.be/vehicle/IC722,http://irail.be/stations/NMBS/008894748,IC,2017-11-19T22:53:00,2017-11-19T22:53:00,-57,-57
http://irail.be/vehicle/IC722,http://irail.be/stations/NMBS/008894714,IC,2017-11-19T22:56:00,2017-11-19T22:56:00,-79,-79
http://irail.be/vehicle/IC722,NO-URI,IC,2017-11-19T22:57:00,2017-11-19T22:57:00,-88,-88
http://irail.be/vehicle/IC722,http://irail.be/stations/NMBS/008894508,IC,2017-11-19T23:01:00,2017-11-19T22:59:00,59,-58
http://irail.be/vehicle/IC722,http://irail.be/stations/NMBS/008894433,IC,2017-11-19T23:04:00,2017-11-19T23:04:00,59,59
http://irail.be/vehicle/IC722,http://irail.be/stations/NMBS/008894425,IC,2017-11-19T23:05:00,2017-11-19T23:05:00,42,42
http://irail.be/vehicle/IC722,NO-URI,IC,2017-11-19T23:07:00,2017-11-19T23:07:00,42,42
http://irail.be/vehicle/IC722,http://irail.be/stations/NMBS/008894201,IC,2017-11-19T23:11:00,2017-11-19T23:09:00,22,39
http://irail.be/vehicle/IC722,http://irail.be/stations/NMBS/008894151,IC,2017-11-19T23:16:00,2017-11-19T23:16:00,22,22
http://irail.be/vehicle/IC722,http://irail.be/stations/NMBS/008893120,IC,2017-11-19T23:24:00,2017-11-19T23:23:00,48,-36
http://irail.be/vehicle/IC722,http://irail.be/stations/NMBS/008893179,IC,2017-11-19T23:26:00,2017-11-19T23:26:00,48,48
http://irail.be/vehicle/IC722,NO-URI,IC,2017-11-19T23:27:00,2017-11-19T23:27:00,26,26
http://irail.be/vehicle/IC722,http://irail.be/stations/NMBS/008892007,IC,2017-11-19T23:36:00,2017-11-19T23:33:00,72,4
http://irail.be/vehicle/IC722,http://irail.be/stations/NMBS/008892080,IC,2017-11-19T23:43:00,2017-11-19T23:42:00,94,88
http://irail.be/vehicle/IC722,NO-URI,IC,2017-11-19T23:47:00,2017-11-19T23:47:00,130,130
http://irail.be/vehicle/IC722,http://irail.be/stations/NMBS/008892106,IC,2017-11-19T23:50:00,2017-11-19T23:49:00,154,135
http://irail.be/vehicle/IC722,http://irail.be/stations/NMBS/008896149,IC,2017-11-19T23:58:00,2017-11-19T23:57:00,139,143
http://irail.be/vehicle/IC722,http://irail.be/stations/NMBS/008896115,IC,2017-11-20T00:04:00,2017-11-20T00:04:00,124,113
http://irail.be/vehicle/IC722,http://irail.be/stations/NMBS/008896008,IC,2017-11-20T00:10:00,2017-11-20T00:10:00,,125
http://irail.be/vehicle/IC722,http://irail.be/stations/NMBS/008821006,IC,2017-03-20T22:37:00,2017-03-20T22:37:00,4,
http://irail.be/vehicle/IC722,http://irail.be/stations/NMBS/008821121,IC,2017-03-20T22:43:00,2017-03-20T22:41:00,20,20
http://irail.be/vehicle/IC722,http://irail.be/stations/NMBS/008821196,IC,2017-03-20T22:46:00,2017-03-20T22:46:00,-25,-25
http://irail.be/vehicle/IC722,NO-URI,IC,2017-03-20T22:50:00,2017-03-20T22:50:00,-26,-26
http://irail.be/vehicle/IC722,http://irail.be/stations/NMBS/008894821,IC,2017-03-20T22:50:00,2017-03-20T22:50:00,-1,-1
http://irail.be/vehicle/IC722,http://irail.be/stations/NMBS/008894755,IC,2017-03-20T22:52:00,2017-03-20T22:52:00,-23,-23
http://irail.be/vehicle/IC722,http://irail.be/stations/NMBS/008894748,IC,2017-03-20T22:53:00,2017-03-20T22:53:00,-56,-56
http://irail.be/vehicle/IC722,http://irail.be/stations/NMBS/008894714,IC,2017-03-20T22:56:00,2017-03-20T22:56:00,-82,-82
http://irail.be/vehicle/IC722,NO-URI,IC,2017-03-20T22:57:00,2017-03-20T22:57:00,-96,-96
http://irail.be/vehicle/IC722,http://irail.be/stations/NMBS/008894508,IC,2017-03-20T23:00:00,2017-03-20T22:59:00,45,-136
http://irail.be/vehicle/IC722,http://irail.be/stations/NMBS/008894433,IC,2017-03-20T23:03:00,2017-03-20T23:03:00,45,45
http://irail.be/vehicle/IC722,http://irail.be/stations/NMBS/008894425,IC,2017-03-20T23:04:00,2017-03-20T23:04:00,10,10
http://irail.be/vehicle/IC722,NO-URI,IC,2017-03-20T23:06:00,2017-03-20T23:06:00,4,4
http://irail.be/vehicle/IC722,http://irail.be/stations/NMBS/008894201,IC,2017-03-20T23:09:00,2017-03-20T23:08:00,-4,-3
http://irail.be/vehicle/IC722,http://irail.be/stations/NMBS/008894151,IC,2017-03-20T23:15:00,2017-03-20T23:15:00,16,-4
http://irail.be/vehicle/IC722,http://irail.be/stations/NMBS/008893120,IC,2017-03-20T23:24:00,2017-03-20T23:23:00,69,-11
http://irail.be/vehicle/IC722,http://irail.be/stations/NMBS/008893179,IC,2017-03-20T23:26:00,2017-03-20T23:26:00,69,69
http://irail.be/vehicle/IC722,NO-URI,IC,2017-03-20T23:27:00,2017-03-20T23:27:00,8,8
http://irail.be/vehicle/IC722,http://irail.be/stations/NMBS/008892007,IC,2017-03-20T23:36:00,2017-03-20T23:33:00,13,-14
http://irail.be/vehicle/IC722,http://irail.be/stations/NMBS/008892080,IC,2017-03-20T23:43:00,2017-03-20T23:42:00,-24,-7
http://irail.be/vehicle/IC722,NO-URI,IC,2017-03-20T23:48:00,2017-03-20T23:48:00,-84,-84
http://irail.be/vehicle/IC722,http://irail.be/stations/NMBS/008892106,IC,2017-03-20T23:50:00,2017-03-20T23:49:00,38,-82
http://irail.be/vehicle/IC722,http://irail.be/stations/NMBS/008896149,IC,2017-03-20T23:58:00,2017-03-20T23:57:00,3,-17
http://irail.be/vehicle/IC722,http://irail.be/stations/NMBS/008896115,IC,2017-03-21T00:04:00,2017-03-21T00:04:00,3,3
http://irail.be/vehicle/IC722,http://irail.be/stations/NMBS/008896008,IC,2017-03-21T00:10:00,2017-03-21T00:10:00,,-112
http://irail.be/vehicle/IC722,http://irail.be/stations/NMBS/008821006,IC,2017-05-12T22:37:00,2017-05-12T22:37:00,17,
http://irail.be/vehicle/IC722,http://irail.be/stations/NMBS/008821121,IC,2017-05-12T22:43:00,2017-05-12T22:41:00,16,16
http://irail.be/vehicle/IC722,http://irail.be/stations/NMBS/008821196,IC,2017-05-12T22:46:00,2017-05-12T22:46:00,8,8
http://irail.be/vehicle/IC722,NO-URI,IC,2017-05-12T22:50:00,2017-05-12T22:50:00,8,8
http://irail.be/vehicle/IC722,http://irail.be/stations/NMBS/008894821,IC,2017-05-12T22:50:00,2017-05-12T22:50:00,34,34
http://irail.be/vehicle/IC722,http://irail.be/stations/NMBS/008894755,IC,2017-05-12T22:52:00,2017-05-12T22:52:00,27,27
http://irail.be/vehicle/IC722,http://irail.be/stations/NMBS/008894748,IC,2017-05-12T22:53:00,2017-05-12T22:53:00,-1,-1
http://irail.be/vehicle/IC722,http://irail.be/stations/NMBS/008894714,IC,2017-05-12T22:56:00,2017-05-12T22:56:00,-17,-17
http://irail.be/vehicle/IC722,NO-URI,IC,2017-05-12T22:57:00,2017-05-12T22:57:00,-27,-27
http://irail.be/vehicle/IC722,http://irail.be/stations/NMBS/008894508,IC,2017-05-12T23:00:00,2017-05-12T22:59:00,94,-55
http://irail.be/vehicle/IC722,http://irail.be/stations/NMBS/008894433,IC,2017-05-12T23:03:00,2017-05-12T23:03:00,94,94
http://irail.be/vehicle/IC722,http://irail.be/stations/NMBS/008894425,IC,2017-05-12T23:04:00,2017-05-12T23:04:00,67,67
http://irail.be/vehicle/IC722,NO-URI,IC,2017-05-12T23:06:00,2017-05-12T23:06:00,71,71
http://irail.be/vehicle/IC722,http://irail.be/stations/NMBS/008894201,IC,2017-05-12T23:09:00,2017-05-12T23:08:00,80,77
http://irail.be/vehicle/IC722,http://irail.be/stations/NMBS/008894151,IC,2017-05-12T23:15:00,2017-05-12T23:15:00,96,80
http://irail.be/vehicle/IC722,http://irail.be/stations/NMBS/008893120,IC,2017-05-12T23:24:00,2017-05-12T23:23:00,117,39
http://irail.be/vehicle/IC722,http://irail.be/stations/NMBS/008893179,IC,2017-05-12T23:26:00,2017-05-12T23:26:00,117,117
http://irail.be/vehicle/IC722,NO-URI,IC,2017-05-12T23:27:00,2017-05-12T23:27:00,80,80
http://irail.be/vehicle/IC722,http://irail.be/stations/NMBS/008892007,IC,2017-05-12T23:36:00,2017-05-12T23:33:00,30,80
http://irail.be/vehicle/IC722,http://irail.be/stations/NMBS/008892080,IC,2017-05-12T23:43:00,2017-05-12T23:42:00,-12,0
http://irail.be/vehicle/IC722,NO-URI,IC,2017-05-12T23:48:00,2017-05-12T23:48:00,-59,-59
http://irail.be/vehicle/IC722,http://irail.be/stations/NMBS/008892106,IC,2017-05-12T23:50:00,2017-05-12T23:49:00,37,-52
http://irail.be/vehicle/IC722,http://irail.be/stations/NMBS/008896149,IC,2017-05-12T23:58:00,2017-05-12T23:57:00,-7,-5
http://irail.be/vehicle/IC722,http://irail.be/stations/NMBS/008896115,IC,2017-05-13T00:04:00,2017-05-13T00:04:00,-55,-55
http://irail.be/vehicle/IC722,http://irail.be/stations/NMBS/008896008,IC,2017-05-13T00:10:00,2017-05-13T00:10:00,,-119
http://irail.be/vehicle/IC722,http://irail.be/stations/NMBS/008821006,IC,2017-11-22T22:37:00,2017-11-22T22:37:00,-9,
http://irail.be/vehicle/IC722,http://irail.be/stations/NMBS/008821121,IC,2017-11-22T22:43:00,2017-11-22T22:41:00,17,17
http://irail.be/vehicle/IC722,http://irail.be/stations/NMBS/008821196,IC,2017-11-22T22:46:00,2017-11-22T22:46:00,-13,-13
http://irail.be/vehicle/IC722,NO-URI,IC,2017-11-22T22:50:00,2017-11-22T22:50:00,-13,-13
http://irail.be/vehicle/IC722,http://irail.be/stations/NMBS/008894821,IC,2017-11-22T22:50:00,2017-11-22T22:50:00,14,14
http://irail.be/vehicle/IC722,http://irail.be/stations/NMBS/008894755,IC,2017-11-22T22:52:00,2017-11-22T22:52:00,-4,-4
http://irail.be/vehicle/IC722,http://irail.be/stations/NMBS/008894748,IC,2017-11-22T22:53:00,2017-11-22T22:53:00,-33,-33
http://irail.be/vehicle/IC722,http://irail.be/stations/NMBS/008894714,IC,2017-11-22T22:56:00,2017-11-22T22:56:00,-54,-54
http://irail.be/vehicle/IC722,NO-URI,IC,2017-11-22T22:57:00,2017-11-22T22:57:00,-64,-64
http://irail.be/vehicle/IC722,http://irail.be/stations/NMBS/008894508,IC,2017-11-22T23:00:00,2017-11-22T22:59:00,109,-95
http://irail.be/vehicle/IC722,http://irail.be/stations/NMBS/008894433,IC,2017-11-22T23:03:00,2017-11-22T23:03:00,109,109
http://irail.be/vehicle/IC722,http://irail.be/stations/NMBS/008894425,IC,2017-11-22T23:04:00,2017-11-22T23:04:00,72,72
http://irail.be/vehicle/IC722,NO-URI,IC,2017-11-22T23:06:00,2017-11-22T23:06:00,69,69
http://irail.be/vehicle/IC722,http://irail.be/stations/NMBS/008894201,IC,2017-11-22T23:09:00,2017-11-22T23:08:00,42,58
http://irail.be/vehicle/IC722,http://irail.be/stations/NMBS/008894151,IC,2017-11-22T23:15:00,2017-11-22T23:15:00,42,42
http://irail.be/vehicle/IC722,http://irail.be/stations/NMBS/008893120,IC,2017-11-22T23:24:00,2017-11-22T23:23:00,76,-13
http://irail.be/vehicle/IC722,http://irail.be/stations/NMBS/008893179,IC,2017-11-22T23:26:00,2017-11-22T23:26:00,76,76
http://irail.be/vehicle/IC722,NO-URI,IC,2017-11-22T23:27:00,2017-11-22T23:27:00,41,41
http://irail.be/vehicle/IC722,http://irail.be/stations/NMBS/008892007,IC,2017-11-22T23:36:00,2017-11-22T23:33:00,44,10
http://irail.be/vehicle/IC722,http://irail.be/stations/NMBS/008892080,IC,2017-11-22T23:43:00,2017-11-22T23:42:00,44,87
http://irail.be/vehicle/IC722,NO-URI,IC,2017-11-22T23:48:00,2017-11-22T23:48:00,-12,-12
http://irail.be/vehicle/IC722,http://irail.be/stations/NMBS/008892106,IC,2017-11-22T23:50:00,2017-11-22T23:49:00,45,-6
http://irail.be/vehicle/IC722,http://irail.be/stations/NMBS/008896149,IC,2017-11-22T23:58:00,2017-11-22T23:57:00,146,61
http://irail.be/vehicle/IC722,http://irail.be/stations/NMBS/008896115,IC,2017-11-23T00:04:00,2017-11-23T00:04:00,113,113
http://irail.be/vehicle/IC722,http://irail.be/stations/NMBS/008896008,IC,2017-11-23T00:10:00,2017-11-23T00:10:00,,39
http://irail.be/vehicle/IC722,http://irail.be/stations/NMBS/008821121,IC,2017-12-02T22:43:00,2017-12-02T22:43:00,21,
http://irail.be/vehicle/IC722,http://irail.be/stations/NMBS/008821196,IC,2017-12-02T22:46:00,2017-12-02T22:46:00,18,18
http://irail.be/vehicle/IC722,NO-URI,IC,2017-12-02T22:50:00,2017-12-02T22:50:00,18,18
http://irail.be/vehicle/IC722,http://irail.be/stations/NMBS/008894821,IC,2017-12-02T22:50:00,2017-12-02T22:50:00,42,42
http://irail.be/vehicle/IC722,http://irail.be/stations/NMBS/008894755,IC,2017-12-02T22:52:00,2017-12-02T22:52:00,25,25
http://irail.be/vehicle/IC722,http://irail.be/stations/NMBS/008894748,IC,2017-12-02T22:53:00,2017-12-02T22:53:00,24,24
http://irail.be/vehicle/IC722,http://irail.be/stations/NMBS/008894714,IC,2017-12-02T22:55:00,2017-12-02T22:55:00,26,26
http://irail.be/vehicle/IC722,NO-URI,IC,2017-12-02T22:57:00,2017-12-02T22:57:00,-14,-14
http://irail.be/vehicle/IC722,http://irail.be/stations/NMBS/008894508,IC,2017-12-02T23:01:00,2017-12-02T22:59:00,34,-74
http://irail.be/vehicle/IC722,http://irail.be/stations/NMBS/008894433,IC,2017-12-02T23:04:00,2017-12-02T23:04:00,34,34
http://irail.be/vehicle/IC722,http://irail.be/stations/NMBS/008894425,IC,2017-12-02T23:05:00,2017-12-02T23:05:00,-10,-10
http://irail.be/vehicle/IC722,NO-URI,IC,2017-12-02T23:07:00,2017-12-02T23:07:00,-14,-14
http://irail.be/vehicle/IC722,http://irail.be/stations/NMBS/008894201,IC,2017-12-02T23:11:00,2017-12-02T23:09:00,24,-7
http://irail.be/vehicle/IC722,http://irail.be/stations/NMBS/008894235,IC,2017-12-02T23:16:00,2017-12-02T23:16:00,12,12
http://irail.be/vehicle/IC722,http://irail.be/stations/NMBS/008893401,IC,2017-12-02T23:22:00,2017-12-02T23:22:00,10,10
http://irail.be/vehicle/IC722,http://irail.be/stations/NMBS/008893518,IC,2017-12-02T23:24:00,2017-12-02T23:24:00,64,64
http://irail.be/vehicle/IC722,http://irail.be/stations/NMBS/008893526,IC,2017-12-02T23:26:00,2017-12-02T23:26:00,64,64
http://irail.be/vehicle/IC722,http://irail.be/stations/NMBS/008893534,IC,2017-12-02T23:27:00,2017-12-02T23:27:00,95,95
http://irail.be/vehicle/IC722,http://irail.be/stations/NMBS/008893542,IC,2017-12-02T23:29:00,2017-12-02T23:29:00,82,82
http://irail.be/vehicle/IC722,http://irail.be/stations/NMBS/008893559,IC,2017-12-02T23:31:00,2017-12-02T23:31:00,51,51
http://irail.be/vehicle/IC722,http://irail.be/stations/NMBS/008893567,IC,2017-12-02T23:35:00,2017-12-02T23:35:00,-42,-42
http://irail.be/vehicle/IC722,http://irail.be/stations/NMBS/008893039,IC,2017-12-02T23:37:00,2017-12-02T23:37:00,-88,-88
http://irail.be/vehicle/IC722,http://irail.be/stations/NMBS/008893013,IC,2017-12-02T23:39:00,2017-12-02T23:39:00,-147,-147
http://irail.be/vehicle/IC722,http://irail.be/stations/NMBS/008892007,IC,2017-12-02T23:45:00,2017-12-02T23:43:00,440,-63
http://irail.be/vehicle/IC722,http://irail.be/stations/NMBS/008892080,IC,2017-12-02T23:49:00,2017-12-02T23:49:00,432,432
http://irail.be/vehicle/IC722,NO-URI,IC,2017-12-02T23:54:00,2017-12-02T23:54:00,303,303
http://irail.be/vehicle/IC722,http://irail.be/stations/NMBS/008892106,IC,2017-12-02T23:54:00,2017-12-02T23:54:00,317,317
http://irail.be/vehicle/IC722,http://irail.be/stations/NMBS/008896149,IC,2017-12-03T00:01:00,2017-12-03T00:01:00,246,231
http://irail.be/vehicle/IC722,http://irail.be/stations/NMBS/008896115,IC,2017-12-03T00:07:00,2017-12-03T00:07:00,168,168
http://irail.be/vehicle/IC722,http://irail.be/stations/NMBS/008896008,IC,2017-12-03T00:11:00,2017-12-03T00:11:00,,179
http://irail.be/vehicle/IC722,http://irail.be/stations/NMBS/008821006,IC,2017-02-02T22:37:00,2017-02-02T22:37:00,45,
http://irail.be/vehicle/IC722,http://irail.be/stations/NMBS/008821121,IC,2017-02-02T22:43:00,2017-02-02T22:41:00,16,16
http://irail.be/vehicle/IC722,http://irail.be/stations/NMBS/008821196,IC,2017-02-02T22:46:00,2017-02-02T22:46:00,-1,-1
http://irail.be/vehicle/IC722,NO-URI,IC,2017-02-02T22:50:00,2017-02-02T22:50:00,-1,-1
http://irail.be/vehicle/IC722,http://irail.be/stations/NMBS/008894821,IC,2017-02-02T22:50:00,2017-02-02T22:50:00,23,23
http://irail.be/vehicle/IC722,http://irail.be/stations/NMBS/008894755,IC,2017-02-02T22:52:00,2017-02-02T22:52:00,13,13
http://irail.be/vehicle/IC722,http://irail.be/stations/NMBS/008894748,IC,2017-02-02T22:53:00,2017-02-02T22:53:00,-12,-12
http://irail.be/vehicle/IC722,http://irail.be/stations/NMBS/008894714,IC,2017-02-02T22:56:00,2017-02-02T22:56:00,-27,-27
http://irail.be/vehicle/IC722,NO-URI,IC,2017-02-02T22:57:00,2017-02-02T22:57:00,-36,-36
http://irail.be/vehicle/IC722,http://irail.be/stations/NMBS/008894508,IC,2017-02-02T23:00:00,2017-02-02T22:59:00,60,-75
http://irail.be/vehicle/IC722,http://irail.be/stations/NMBS/008894433,IC,2017-02-02T23:03:00,2017-02-02T23:03:00,60,60
http://irail.be/vehicle/IC722,http://irail.be/stations/NMBS/008894425,IC,2017-02-02T23:04:00,2017-02-02T23:04:00,31,31
http://irail.be/vehicle/IC722,NO-URI,IC,2017-02-02T23:06:00,2017-02-02T23:06:00,27,27
http://irail.be/vehicle/IC722,http://irail.be/stations/NMBS/008894201,IC,2017-02-02T23:09:00,2017-02-02T23:08:00,10,18
http://irail.be/vehicle/IC722,http://irail.be/stations/NMBS/008894151,IC,2017-02-02T23:15:00,2017-02-02T23:15:00,20,10
http://irail.be/vehicle/IC722,http://irail.be/stations/NMBS/008893120,IC,2017-02-02T23:24:00,2017-02-02T23:23:00,52,-12
http://irail.be/vehicle/IC722,http://irail.be/stations/NMBS/008893179,IC,2017-02-02T23:26:00,2017-02-02T23:26:00,52,52
http://irail.be/vehicle/IC722,NO-URI,IC,2017-02-02T23:27:00,2017-02-02T23:27:00,-3,-3
http://irail.be/vehicle/IC722,http://irail.be/stations/NMBS/008892007,IC,2017-02-02T23:36:00,2017-02-02T23:33:00,68,18
http://irail.be/vehicle/IC722,http://irail.be/stations/NMBS/008892080,IC,2017-02-02T23:43:00,2017-02-02T23:42:00,35,70
http://irail.be/vehicle/IC722,NO-URI,IC,2017-02-02T23:48:00,2017-02-02T23:48:00,-18,-18
http://irail.be/vehicle/IC722,http://irail.be/stations/NMBS/008892106,IC,2017-02-02T23:50:00,2017-02-02T23:49:00,63,-9
http://irail.be/vehicle/IC722,http://irail.be/stations/NMBS/008896149,IC,2017-02-02T23:58:00,2017-02-02T23:57:00,20,10
http://irail.be/vehicle/IC722,http://irail.be/stations/NMBS/008896115,IC,2017-02-03T00:04:00,2017-02-03T00:04:00,-12,-12
http://irail.be/vehicle/IC722,http://irail.be/stations/NMBS/008896008,IC,2017-02-03T00:10:00,2017-02-03T00:10:00,,-53
http://irail.be/vehicle/IC722,http://irail.be/stations/NMBS/008821006,IC,2017-02-06T22:37:00,2017-02-06T22:37:00,43,
http://irail.be/vehicle/IC722,http://irail.be/stations/NMBS/008821121,IC,2017-02-06T22:43:00,2017-02-06T22:41:00,14,14
http://irail.be/vehicle/IC722,http://irail.be/stations/NMBS/008821196,IC,2017-02-06T22:46:00,2017-02-06T22:46:00,-32,-32
http://irail.be/vehicle/IC722,NO-URI,IC,2017-02-06T22:50:00,2017-02-06T22:50:00,-32,-32
http://irail.be/vehicle/IC722,http://irail.be/stations/NMBS/008894821,IC,2017-02-06T22:50:00,2017-02-06T22:50:00,-5,-5
http://irail.be/vehicle/IC722,http://irail.be/stations/NMBS/008894755,IC,2017-02-06T22:52:00,2017-02-06T22:52:00,-2,-2
http://irail.be/vehicle/IC722,http://irail.be/stations/NMBS/008894748,IC,2017-02-06T22:53:00,2017-02-06T22:53:00,-32,-32
http://irail.be/vehicle/IC722,http://irail.be/stations/NMBS/008894714,IC,2017-02-06T22:56:00,2017-02-06T22:56:00,-51,-51
http://irail.be/vehicle/IC722,NO-URI,IC,2017-02-06T22:57:00,2017-02-06T22:57:00,-64,-64
http://irail.be/vehicle/IC722,http://irail.be/stations/NMBS/008894508,IC,2017-02-06T23:00:00,2017-02-06T22:59:00,55,-104
http://irail.be/vehicle/IC722,http://irail.be/stations/NMBS/008894433,IC,2017-02-06T23:03:00,2017-02-06T23:03:00,55,55
http://irail.be/vehicle/IC722,http://irail.be/stations/NMBS/008894425,IC,2017-02-06T23:04:00,2017-02-06T23:04:00,11,11
http://irail.be/vehicle/IC722,NO-URI,IC,2017-02-06T23:06:00,2017-02-06T23:06:00,5,5
http://irail.be/vehicle/IC722,http://irail.be/stations/NMBS/008894201,IC,2017-02-06T23:09:00,2017-02-06T23:08:00,-1,-8
http://irail.be/vehicle/IC722,http://irail.be/stations/NMBS/008894151,IC,2017-02-06T23:15:00,2017-02-06T23:15:00,3,-1
http://irail.be/vehicle/IC722,http://irail.be/stations/NMBS/008893120,IC,2017-02-06T23:24:00,2017-02-06T23:23:00,26,-33
http://irail.be/vehicle/IC722,http://irail.be/stations/NMBS/008893179,IC,2017-02-06T23:26:00,2017-02-06T23:26:00,26,26
http://irail.be/vehicle/IC722,NO-URI,IC,2017-02-06T23:27:00,2017-02-06T23:27:00,-43,-43
http://irail.be/vehicle/IC722,http://irail.be/stations/NMBS/008892007,IC,2017-02-06T23:36:00,2017-02-06T23:33:00,17,-71
http://irail.be/vehicle/IC722,http://irail.be/stations/NMBS/008892080,IC,2017-02-06T23:43:00,2017-02-06T23:42:00,-32,-9
http://irail.be/vehicle/IC722,NO-URI,IC,2017-02-06T23:48:00,2017-02-06T23:48:00,-81,-81
http://irail.be/vehicle/IC722,http://irail.be/stations/NMBS/008892106,IC,2017-02-06T23:50:00,2017-02-06T23:49:00,34,-76
http://irail.be/vehicle/IC722,http://irail.be/stations/NMBS/008896149,IC,2017-02-06T23:58:00,2017-02-06T23:57:00,6,-15
http://irail.be/vehicle/IC722,http://irail.be/stations/NMBS/008896115,IC,2017-02-07T00:04:00,2017-02-07T00:04:00,-70,-70
http://irail.be/vehicle/IC722,http://irail.be/stations/NMBS/008896008,IC,2017-02-07T00:10:00,2017-02-07T00:10:00,,54
http://irail.be/vehicle/IC722,http://irail.be/stations/NMBS/008821006,IC,2017-08-02T22:37:00,2017-08-02T22:37:00,130,
http://irail.be/vehicle/IC722,http://irail.be/stations/NMBS/008821121,IC,2017-08-02T22:43:00,2017-08-02T22:41:00,87,87
http://irail.be/vehicle/IC722,http://irail.be/stations/NMBS/008821196,IC,2017-08-02T22:46:00,2017-08-02T22:46:00,82,82
http://irail.be/vehicle/IC722,NO-URI,IC,2017-08-02T22:50:00,2017-08-02T22:50:00,82,82
http://irail.be/vehicle/IC722,http://irail.be/stations/NMBS/008894821,IC,2017-08-02T22:50:00,2017-08-02T22:50:00,107,107
http://irail.be/vehicle/IC722,http://irail.be/stations/NMBS/008894755,IC,2017-08-02T22:52:00,2017-08-02T22:52:00,93,93
http://irail.be/vehicle/IC722,http://irail.be/stations/NMBS/008894748,IC,2017-08-02T22:53:00,2017-08-02T22:53:00,71,71
http://irail.be/vehicle/IC722,http://irail.be/stations/NMBS/008894714,IC,2017-08-02T22:56:00,2017-08-02T22:56:00,64,64
http://irail.be/vehicle/IC722,NO-URI,IC,2017-08-02T22:57:00,2017-08-02T22:57:00,58,58
http://irail.be/vehicle/IC722,http://irail.be/stations/NMBS/008894508,IC,2017-08-02T23:00:00,2017-08-02T22:59:00,108,28
http://irail.be/vehicle/IC722,http://irail.be/stations/NMBS/008894433,IC,2017-08-02T23:03:00,2017-08-02T23:03:00,108,108
http://irail.be/vehicle/IC722,http://irail.be/stations/NMBS/008894425,IC,2017-08-02T23:04:00,2017-08-02T23:04:00,64,64
http://irail.be/vehicle/IC722,NO-URI,IC,2017-08-02T23:06:00,2017-08-02T23:06:00,60,60
http://irail.be/vehicle/IC722,http://irail.be/stations/NMBS/008894201,IC,2017-08-02T23:09:00,2017-08-02T23:08:00,61,57
http://irail.be/vehicle/IC722,http://irail.be/stations/NMBS/008894151,IC,2017-08-02T23:15:00,2017-08-02T23:15:00,90,61
http://irail.be/vehicle/IC722,http://irail.be/stations/NMBS/008893120,IC,2017-08-02T23:24:00,2017-08-02T23:23:00,145,81
http://irail.be/vehicle/IC722,http://irail.be/stations/NMBS/008893179,IC,2017-08-02T23:26:00,2017-08-02T23:26:00,145,145
http://irail.be/vehicle/IC722,NO-URI,IC,2017-08-02T23:27:00,2017-08-02T23:27:00,85,85
http://irail.be/vehicle/IC722,http://irail.be/stations/NMBS/008892007,IC,2017-08-02T23:36:00,2017-08-02T23:33:00,1147,62
http://irail.be/vehicle/IC722,http://irail.be/stations/NMBS/008892080,IC,2017-08-02T23:43:00,2017-08-02T23:42:00,1142,1164
http://irail.be/vehicle/IC722,NO-URI,IC,2017-08-02T23:48:00,2017-08-02T23:48:00,1112,1112
http://irail.be/vehicle/IC722,http://irail.be/stations/NMBS/008892106,IC,2017-08-02T23:50:00,2017-08-02T23:49:00,1171,1128
http://irail.be/vehicle/IC722,http://irail.be/stations/NMBS/008896149,IC,2017-08-02T23:58:00,2017-08-02T23:57:00,1162,1153
http://irail.be/vehicle/IC722,http://irail.be/stations/NMBS/008896115,IC,2017-08-03T00:04:00,2017-08-03T00:04:00,1175,1172
http://irail.be/vehicle/IC722,http://irail.be/stations/NMBS/008896008,IC,2017-08-03T00:10:00,2017-08-03T00:10:00,,1141
http://irail.be/vehicle/IC722,http://irail.be/stations/NMBS/008821006,IC,2017-02-21T22:37:00,2017-02-21T22:37:00,11,
http://irail.be/vehicle/IC722,http://irail.be/stations/NMBS/008821121,IC,2017-02-21T22:43:00,2017-02-21T22:41:00,14,14
http://irail.be/vehicle/IC722,http://irail.be/stations/NMBS/008821196,IC,2017-02-21T22:46:00,2017-02-21T22:46:00,11,11
http://irail.be/vehicle/IC722,NO-URI,IC,2017-02-21T22:50:00,2017-02-21T22:50:00,11,11
http://irail.be/vehicle/IC722,http://irail.be/stations/NMBS/008894821,IC,2017-02-21T22:50:00,2017-02-21T22:50:00,36,36
http://irail.be/vehicle/IC722,http://irail.be/stations/NMBS/008894755,IC,2017-02-21T22:52:00,2017-02-21T22:52:00,21,21
http://irail.be/vehicle/IC722,http://irail.be/stations/NMBS/008894748,IC,2017-02-21T22:53:00,2017-02-21T22:53:00,-9,-9
http://irail.be/vehicle/IC722,http://irail.be/stations/NMBS/008894714,IC,2017-02-21T22:56:00,2017-02-21T22:56:00,80,80
http://irail.be/vehicle/IC722,NO-URI,IC,2017-02-21T22:57:00,2017-02-21T22:57:00,104,104
http://irail.be/vehicle/IC722,http://irail.be/stations/NMBS/008894508,IC,2017-02-21T23:00:00,2017-02-21T22:59:00,247,156
http://irail.be/vehicle/IC722,http://irail.be/stations/NMBS/008894433,IC,2017-02-21T23:03:00,2017-02-21T23:03:00,247,247
http://irail.be/vehicle/IC722,http://irail.be/stations/NMBS/008894425,IC,2017-02-21T23:04:00,2017-02-21T23:04:00,332,332
http://irail.be/vehicle/IC722,NO-URI,IC,2017-02-21T23:06:00,2017-02-21T23:06:00,364,364
http://irail.be/vehicle/IC722,http://irail.be/stations/NMBS/008894201,IC,2017-02-21T23:09:00,2017-02-21T23:08:00,349,359
http://irail.be/vehicle/IC722,http://irail.be/stations/NMBS/008894151,IC,2017-02-21T23:15:00,2017-02-21T23:15:00,349,349
http://irail.be/vehicle/IC722,http://irail.be/stations/NMBS/008893120,IC,2017-02-21T23:24:00,2017-02-21T23:23:00,403,310
http://irail.be/vehicle/IC722,http://irail.be/stations/NMBS/008893179,IC,2017-02-21T23:26:00,2017-02-21T23:26:00,403,403
http://irail.be/vehicle/IC722,NO-URI,IC,2017-02-21T23:27:00,2017-02-21T23:27:00,341,341
http://irail.be/vehicle/IC722,http://irail.be/stations/NMBS/008892007,IC,2017-02-21T23:36:00,2017-02-21T23:33:00,272,326
http://irail.be/vehicle/IC722,http://irail.be/stations/NMBS/008892080,IC,2017-02-21T23:43:00,2017-02-21T23:42:00,208,255
http://irail.be/vehicle/IC722,NO-URI,IC,2017-02-21T23:48:00,2017-02-21T23:48:00,152,152
http://irail.be/vehicle/IC722,http://irail.be/stations/NMBS/008892106,IC,2017-02-21T23:50:00,2017-02-21T23:49:00,186,156
http://irail.be/vehicle/IC722,http://irail.be/stations/NMBS/008896149,IC,2017-02-21T23:58:00,2017-02-21T23:57:00,108,125
http://irail.be/vehicle/IC722,http://irail.be/stations/NMBS/008896115,IC,2017-02-22T00:04:00,2017-02-22T00:04:00,108,108
http://irail.be/vehicle/IC722,http://irail.be/stations/NMBS/008896008,IC,2017-02-22T00:10:00,2017-02-22T00:10:00,,-33
http://irail.be/vehicle/IC722,http://irail.be/stations/NMBS/008821006,IC,2017-03-16T22:37:00,2017-03-16T22:37:00,28,
http://irail.be/vehicle/IC722,http://irail.be/stations/NMBS/008821121,IC,2017-03-16T22:43:00,2017-03-16T22:41:00,145,145
http://irail.be/vehicle/IC722,http://irail.be/stations/NMBS/008821196,IC,2017-03-16T22:46:00,2017-03-16T22:46:00,137,137
http://irail.be/vehicle/IC722,NO-URI,IC,2017-03-16T22:50:00,2017-03-16T22:50:00,137,137
http://irail.be/vehicle/IC722,http://irail.be/stations/NMBS/008894821,IC,2017-03-16T22:50:00,2017-03-16T22:50:00,163,163
http://irail.be/vehicle/IC722,http://irail.be/stations/NMBS/008894755,IC,2017-03-16T22:52:00,2017-03-16T22:52:00,153,153
http://irail.be/vehicle/IC722,http://irail.be/stations/NMBS/008894748,IC,2017-03-16T22:53:00,2017-03-16T22:53:00,153,153
http://irail.be/vehicle/IC722,http://irail.be/stations/NMBS/008894714,IC,2017-03-16T22:55:00,2017-03-16T22:55:00,169,169
http://irail.be/vehicle/IC722,NO-URI,IC,2017-03-16T22:57:00,2017-03-16T22:57:00,140,140
http://irail.be/vehicle/IC722,http://irail.be/stations/NMBS/008894508,IC,2017-03-16T23:00:00,2017-03-16T22:59:00,156,79
http://irail.be/vehicle/IC722,http://irail.be/stations/NMBS/008894433,IC,2017-03-16T23:03:00,2017-03-16T23:03:00,156,156
http://irail.be/vehicle/IC722,http://irail.be/stations/NMBS/008894425,IC,2017-03-16T23:03:00,2017-03-16T23:03:00,179,179
http://irail.be/vehicle/IC722,NO-URI,IC,2017-03-16T23:06:00,2017-03-16T23:06:00,139,139
http://irail.be/vehicle/IC722,http://irail.be/stations/NMBS/008894201,IC,2017-03-16T23:09:00,2017-03-16T23:08:00,104,128
http://irail.be/vehicle/IC722,http://irail.be/stations/NMBS/008894151,IC,2017-03-16T23:15:00,2017-03-16T23:15:00,113,104
http://irail.be/vehicle/IC722,http://irail.be/stations/NMBS/008893120,IC,2017-03-16T23:24:00,2017-03-16T23:23:00,162,97
http://irail.be/vehicle/IC722,http://irail.be/stations/NMBS/008893179,IC,2017-03-16T23:26:00,2017-03-16T23:26:00,162,162
http://irail.be/vehicle/IC722,NO-URI,IC,2017-03-16T23:27:00,2017-03-16T23:27:00,125,125
http://irail.be/vehicle/IC722,http://irail.be/stations/NMBS/008892007,IC,2017-03-16T23:36:00,2017-03-16T23:33:00,38,98
http://irail.be/vehicle/IC722,http://irail.be/stations/NMBS/008892080,IC,2017-03-16T23:43:00,2017-03-16T23:42:00,17,55
http://irail.be/vehicle/IC722,NO-URI,IC,2017-03-16T23:48:00,2017-03-16T23:48:00,-31,-31
http://irail.be/vehicle/IC722,http://irail.be/stations/NMBS/008892106,IC,2017-03-16T23:50:00,2017-03-16T23:49:00,60,-28
http://irail.be/vehicle/IC722,http://irail.be/stations/NMBS/008896149,IC,2017-03-16T23:58:00,2017-03-16T23:57:00,24,31
http://irail.be/vehicle/IC722,http://irail.be/stations/NMBS/008896115,IC,2017-03-17T00:04:00,2017-03-17T00:04:00,24,24
http://irail.be/vehicle/IC722,http://irail.be/stations/NMBS/008896008,IC,2017-03-17T00:10:00,2017-03-17T00:10:00,,-49
http://irail.be/vehicle/IC722,http://irail.be/stations/NMBS/008821006,IC,2017-04-01T22:37:00,2017-04-01T22:37:00,17,
http://irail.be/vehicle/IC722,http://irail.be/stations/NMBS/008821121,IC,2017-04-01T22:43:00,2017-04-01T22:41:00,21,21
http://irail.be/vehicle/IC722,http://irail.be/stations/NMBS/008821196,IC,2017-04-01T22:46:00,2017-04-01T22:46:00,15,15
http://irail.be/vehicle/IC722,NO-URI,IC,2017-04-01T22:50:00,2017-04-01T22:50:00,15,15
http://irail.be/vehicle/IC722,http://irail.be/stations/NMBS/008894821,IC,2017-04-01T22:50:00,2017-04-01T22:50:00,39,39
http://irail.be/vehicle/IC722,http://irail.be/stations/NMBS/008894755,IC,2017-04-01T22:52:00,2017-04-01T22:52:00,31,31
http://irail.be/vehicle/IC722,http://irail.be/stations/NMBS/008894748,IC,2017-04-01T22:53:00,2017-04-01T22:53:00,37,37
http://irail.be/vehicle/IC722,http://irail.be/stations/NMBS/008894714,IC,2017-04-01T22:55:00,2017-04-01T22:55:00,54,54
http://irail.be/vehicle/IC722,NO-URI,IC,2017-04-01T22:57:00,2017-04-01T22:57:00,20,20
http://irail.be/vehicle/IC722,http://irail.be/stations/NMBS/008894508,IC,2017-04-01T23:01:00,2017-04-01T22:59:00,55,-33
http://irail.be/vehicle/IC722,http://irail.be/stations/NMBS/008894433,IC,2017-04-01T23:04:00,2017-04-01T23:04:00,55,55
http://irail.be/vehicle/IC722,http://irail.be/stations/NMBS/008894425,IC,2017-04-01T23:04:00,2017-04-01T23:04:00,85,85
http://irail.be/vehicle/IC722,NO-URI,IC,2017-04-01T23:07:00,2017-04-01T23:07:00,55,55
http://irail.be/vehicle/IC722,http://irail.be/stations/NMBS/008894201,IC,2017-04-01T23:11:00,2017-04-01T23:09:00,25,39
http://irail.be/vehicle/IC722,http://irail.be/stations/NMBS/008894151,IC,2017-04-01T23:16:00,2017-04-01T23:16:00,25,25
http://irail.be/vehicle/IC722,NO-URI,IC,2017-04-01T23:22:00,2017-04-01T23:22:00,149,149
http://irail.be/vehicle/IC722,http://irail.be/stations/NMBS/008893120,IC,2017-04-01T23:24:00,2017-04-01T23:23:00,350,229
http://irail.be/vehicle/IC722,http://irail.be/stations/NMBS/008893179,IC,2017-04-01T23:26:00,2017-04-01T23:26:00,350,350
http://irail.be/vehicle/IC722,NO-URI,IC,2017-04-01T23:27:00,2017-04-01T23:27:00,339,339
http://irail.be/vehicle/IC722,http://irail.be/stations/NMBS/008892007,IC,2017-04-01T23:36:00,2017-04-01T23:33:00,282,312
http://irail.be/vehicle/IC722,http://irail.be/stations/NMBS/008892080,IC,2017-04-01T23:43:00,2017-04-01T23:42:00,269,276
http://irail.be/vehicle/IC722,NO-URI,IC,2017-04-01T23:47:00,2017-04-01T23:47:00,260,260
http://irail.be/vehicle/IC722,http://irail.be/stations/NMBS/008892106,IC,2017-04-01T23:50:00,2017-04-01T23:49:00,273,260
http://irail.be/vehicle/IC722,http://irail.be/stations/NMBS/008896149,IC,2017-04-01T23:58:00,2017-04-01T23:57:00,227,231
http://irail.be/vehicle/IC722,http://irail.be/stations/NMBS/008896115,IC,2017-04-02T00:04:00,2017-04-02T00:04:00,227,227
http://irail.be/vehicle/IC722,http://irail.be/stations/NMBS/008896008,IC,2017-04-02T00:10:00,2017-04-02T00:10:00,,162
http://irail.be/vehicle/IC722,http://irail.be/stations/NMBS/008821006,IC,2017-01-24T22:37:00,2017-01-24T22:37:00,47,
http://irail.be/vehicle/IC722,http://irail.be/stations/NMBS/008821121,IC,2017-01-24T22:43:00,2017-01-24T22:41:00,96,96
http://irail.be/vehicle/IC722,http://irail.be/stations/NMBS/008821196,IC,2017-01-24T22:46:00,2017-01-24T22:46:00,52,52
http://irail.be/vehicle/IC722,NO-URI,IC,2017-01-24T22:50:00,2017-01-24T22:50:00,52,52
http://irail.be/vehicle/IC722,http://irail.be/stations/NMBS/008894821,IC,2017-01-24T22:50:00,2017-01-24T22:50:00,78,78
http://irail.be/vehicle/IC722,http://irail.be/stations/NMBS/008894755,IC,2017-01-24T22:52:00,2017-01-24T22:52:00,59,59
http://irail.be/vehicle/IC722,http://irail.be/stations/NMBS/008894748,IC,2017-01-24T22:53:00,2017-01-24T22:53:00,62,62
http://irail.be/vehicle/IC722,http://irail.be/stations/NMBS/008894714,IC,2017-01-24T22:55:00,2017-01-24T22:55:00,65,65
http://irail.be/vehicle/IC722,NO-URI,IC,2017-01-24T22:57:00,2017-01-24T22:57:00,25,25
http://irail.be/vehicle/IC722,http://irail.be/stations/NMBS/008894508,IC,2017-01-24T23:00:00,2017-01-24T22:59:00,187,-40
http://irail.be/vehicle/IC722,http://irail.be/stations/NMBS/008894433,IC,2017-01-24T23:03:00,2017-01-24T23:03:00,187,187
http://irail.be/vehicle/IC722,http://irail.be/stations/NMBS/008894425,IC,2017-01-24T23:03:00,2017-01-24T23:03:00,193,193
http://irail.be/vehicle/IC722,NO-URI,IC,2017-01-24T23:06:00,2017-01-24T23:06:00,151,151
http://irail.be/vehicle/IC722,http://irail.be/stations/NMBS/008894201,IC,2017-01-24T23:09:00,2017-01-24T23:08:00,127,143
http://irail.be/vehicle/IC722,http://irail.be/stations/NMBS/008894151,IC,2017-01-24T23:15:00,2017-01-24T23:15:00,168,127
http://irail.be/vehicle/IC722,http://irail.be/stations/NMBS/008893120,IC,2017-01-24T23:24:00,2017-01-24T23:23:00,168,153
http://irail.be/vehicle/IC722,http://irail.be/stations/NMBS/008893179,IC,2017-01-24T23:26:00,2017-01-24T23:26:00,168,168
http://irail.be/vehicle/IC722,NO-URI,IC,2017-01-24T23:27:00,2017-01-24T23:27:00,111,111
http://irail.be/vehicle/IC722,http://irail.be/stations/NMBS/008892007,IC,2017-01-24T23:36:00,2017-01-24T23:33:00,20,78
http://irail.be/vehicle/IC722,http://irail.be/stations/NMBS/008892080,IC,2017-01-24T23:43:00,2017-01-24T23:42:00,-13,3
http://irail.be/vehicle/IC722,NO-URI,IC,2017-01-24T23:48:00,2017-01-24T23:48:00,-63,-63
http://irail.be/vehicle/IC722,http://irail.be/stations/NMBS/008892106,IC,2017-01-24T23:50:00,2017-01-24T23:49:00,37,-57
http://irail.be/vehicle/IC722,http://irail.be/stations/NMBS/008896149,IC,2017-01-24T23:58:00,2017-01-24T23:57:00,15,-15
http://irail.be/vehicle/IC722,http://irail.be/stations/NMBS/008896115,IC,2017-01-25T00:04:00,2017-01-25T00:04:00,-37,-37
http://irail.be/vehicle/IC722,http://irail.be/stations/NMBS/008896008,IC,2017-01-25T00:10:00,2017-01-25T00:10:00,,-102
http://irail.be/vehicle/IC722,http://irail.be/stations/NMBS/008894508,IC,2017-11-18T23:01:00,2017-11-18T23:01:00,77,
http://irail.be/vehicle/IC722,http://irail.be/stations/NMBS/008894433,IC,2017-11-18T23:04:00,2017-11-18T23:04:00,77,77
http://irail.be/vehicle/IC722,http://irail.be/stations/NMBS/008894425,IC,2017-11-18T23:05:00,2017-11-18T23:05:00,113,113
http://irail.be/vehicle/IC722,NO-URI,IC,2017-11-18T23:07:00,2017-11-18T23:07:00,112,112
http://irail.be/vehicle/IC722,http://irail.be/stations/NMBS/008894201,IC,2017-11-18T23:11:00,2017-11-18T23:09:00,65,108
http://irail.be/vehicle/IC722,http://irail.be/stations/NMBS/008894151,IC,2017-11-18T23:16:00,2017-11-18T23:16:00,65,65
http://irail.be/vehicle/IC722,http://irail.be/stations/NMBS/008893120,IC,2017-11-18T23:24:00,2017-11-18T23:23:00,284,188
http://irail.be/vehicle/IC722,http://irail.be/stations/NMBS/008893179,IC,2017-11-18T23:26:00,2017-11-18T23:26:00,284,284
http://irail.be/vehicle/IC722,NO-URI,IC,2017-11-18T23:27:00,2017-11-18T23:27:00,210,210
http://irail.be/vehicle/IC722,http://irail.be/stations/NMBS/008892007,IC,2017-11-18T23:36:00,2017-11-18T23:33:00,80,178
http://irail.be/vehicle/IC722,http://irail.be/stations/NMBS/008892080,IC,2017-11-18T23:43:00,2017-11-18T23:42:00,135,72
http://irail.be/vehicle/IC722,NO-URI,IC,2017-11-18T23:47:00,2017-11-18T23:47:00,122,122
http://irail.be/vehicle/IC722,http://irail.be/stations/NMBS/008892106,IC,2017-11-18T23:50:00,2017-11-18T23:49:00,130,121
http://irail.be/vehicle/IC722,http://irail.be/stations/NMBS/008896149,IC,2017-11-18T23:58:00,2017-11-18T23:57:00,186,164
http://irail.be/vehicle/IC722,http://irail.be/stations/NMBS/008896115,IC,2017-11-19T00:04:00,2017-11-19T00:04:00,186,186
http://irail.be/vehicle/IC722,http://irail.be/stations/NMBS/008896008,IC,2017-11-19T00:10:00,2017-11-19T00:10:00,,124
http://irail.be/vehicle/IC722,http://irail.be/stations/NMBS/008821006,IC,2017-02-03T22:37:00,2017-02-03T22:37:00,44,
http://irail.be/vehicle/IC722,http://irail.be/stations/NMBS/008821121,IC,2017-02-03T22:43:00,2017-02-03T22:41:00,12,12
http://irail.be/vehicle/IC722,http://irail.be/stations/NMBS/008821196,IC,2017-02-03T22:46:00,2017-02-03T22:46:00,-38,-38
http://irail.be/vehicle/IC722,NO-URI,IC,2017-02-03T22:50:00,2017-02-03T22:50:00,-38,-38
http://irail.be/vehicle/IC722,http://irail.be/stations/NMBS/008894821,IC,2017-02-03T22:50:00,2017-02-03T22:50:00,-13,-13
http://irail.be/vehicle/IC722,http://irail.be/stations/NMBS/008894755,IC,2017-02-03T22:52:00,2017-02-03T22:52:00,-30,-30
http://irail.be/vehicle/IC722,http://irail.be/stations/NMBS/008894748,IC,2017-02-03T22:53:00,2017-02-03T22:53:00,-61,-61
http://irail.be/vehicle/IC722,http://irail.be/stations/NMBS/008894714,IC,2017-02-03T22:56:00,2017-02-03T22:56:00,-84,-84
http://irail.be/vehicle/IC722,NO-URI,IC,2017-02-03T22:57:00,2017-02-03T22:57:00,-96,-96
http://irail.be/vehicle/IC722,http://irail.be/stations/NMBS/008894508,IC,2017-02-03T23:00:00,2017-02-03T22:59:00,44,-131
http://irail.be/vehicle/IC722,http://irail.be/stations/NMBS/008894433,IC,2017-02-03T23:03:00,2017-02-03T23:03:00,44,44
http://irail.be/vehicle/IC722,http://irail.be/stations/NMBS/008894425,IC,2017-02-03T23:04:00,2017-02-03T23:04:00,3,3
http://irail.be/vehicle/IC722,NO-URI,IC,2017-02-03T23:06:00,2017-02-03T23:06:00,-3,-3
http://irail.be/vehicle/IC722,http://irail.be/stations/NMBS/008894201,IC,2017-02-03T23:09:00,2017-02-03T23:08:00,33,-5
http://irail.be/vehicle/IC722,http://irail.be/stations/NMBS/008894151,IC,2017-02-03T23:15:00,2017-02-03T23:15:00,61,33
http://irail.be/vehicle/IC722,http://irail.be/stations/NMBS/008893120,IC,2017-02-03T23:24:00,2017-02-03T23:23:00,115,25
http://irail.be/vehicle/IC722,http://irail.be/stations/NMBS/008893179,IC,2017-02-03T23:26:00,2017-02-03T23:26:00,115,115
http://irail.be/vehicle/IC722,NO-URI,IC,2017-02-03T23:27:00,2017-02-03T23:27:00,49,49
http://irail.be/vehicle/IC722,http://irail.be/stations/NMBS/008892007,IC,2017-02-03T23:36:00,2017-02-03T23:33:00,68,116
http://irail.be/vehicle/IC722,http://irail.be/stations/NMBS/008892080,IC,2017-02-03T23:43:00,2017-02-03T23:42:00,65,76
http://irail.be/vehicle/IC722,NO-URI,IC,2017-02-03T23:48:00,2017-02-03T23:48:00,19,19
http://irail.be/vehicle/IC722,http://irail.be/stations/NMBS/008892106,IC,2017-02-03T23:50:00,2017-02-03T23:49:00,109,28
http://irail.be/vehicle/IC722,http://irail.be/stations/NMBS/008896149,IC,2017-02-03T23:58:00,2017-02-03T23:57:00,72,61
http://irail.be/vehicle/IC722,http://irail.be/stations/NMBS/008896115,IC,2017-02-04T00:04:00,2017-02-04T00:04:00,22,22
http://irail.be/vehicle/IC722,http://irail.be/stations/NMBS/008896008,IC,2017-02-04T00:10:00,2017-02-04T00:10:00,,-36
http://irail.be/vehicle/IC722,http://irail.be/stations/NMBS/008821006,IC,2017-05-19T22:37:00,2017-05-19T22:37:00,89,
http://irail.be/vehicle/IC722,http://irail.be/stations/NMBS/008821121,IC,2017-05-19T22:43:00,2017-05-19T22:41:00,114,114
http://irail.be/vehicle/IC722,http://irail.be/stations/NMBS/008821196,IC,2017-05-19T22:46:00,2017-05-19T22:46:00,168,168
http://irail.be/vehicle/IC722,NO-URI,IC,2017-05-19T22:50:00,2017-05-19T22:50:00,168,168
http://irail.be/vehicle/IC722,http://irail.be/stations/NMBS/008894821,IC,2017-05-19T22:50:00,2017-05-19T22:50:00,206,206
http://irail.be/vehicle/IC722,http://irail.be/stations/NMBS/008894755,IC,2017-05-19T22:52:00,2017-05-19T22:52:00,481,481
http://irail.be/vehicle/IC722,http://irail.be/stations/NMBS/008894748,IC,2017-05-19T22:53:00,2017-05-19T22:53:00,567,567
http://irail.be/vehicle/IC722,http://irail.be/stations/NMBS/008894714,IC,2017-05-19T22:56:00,2017-05-19T22:56:00,591,591
http://irail.be/vehicle/IC722,NO-URI,IC,2017-05-19T22:57:00,2017-05-19T22:57:00,706,706
http://irail.be/vehicle/IC722,http://irail.be/stations/NMBS/008894508,IC,2017-05-19T23:00:00,2017-05-19T22:59:00,767,682
http://irail.be/vehicle/IC722,http://irail.be/stations/NMBS/008894433,IC,2017-05-19T23:03:00,2017-05-19T23:03:00,767,767
http://irail.be/vehicle/IC722,http://irail.be/stations/NMBS/008894425,IC,2017-05-19T23:04:00,2017-05-19T23:04:00,817,817
http://irail.be/vehicle/IC722,NO-URI,IC,2017-05-19T23:06:00,2017-05-19T23:06:00,934,934
http://irail.be/vehicle/IC722,http://irail.be/stations/NMBS/008894201,IC,2017-05-19T23:09:00,2017-05-19T23:08:00,970,942
http://irail.be/vehicle/IC722,http://irail.be/stations/NMBS/008894151,IC,2017-05-19T23:15:00,2017-05-19T23:15:00,996,970
http://irail.be/vehicle/IC722,http://irail.be/stations/NMBS/008893120,IC,2017-05-19T23:24:00,2017-05-19T23:23:00,1206,1084
http://irail.be/vehicle/IC722,http://irail.be/stations/NMBS/008893179,IC,2017-05-19T23:26:00,2017-05-19T23:26:00,1206,1206
http://irail.be/vehicle/IC722,NO-URI,IC,2017-05-19T23:27:00,2017-05-19T23:27:00,1178,1178
http://irail.be/vehicle/IC722,http://irail.be/stations/NMBS/008892007,IC,2017-05-19T23:36:00,2017-05-19T23:33:00,1271,1217
http://irail.be/vehicle/IC722,http://irail.be/stations/NMBS/008892080,IC,2017-05-19T23:43:00,2017-05-19T23:42:00,1243,1269
http://irail.be/vehicle/IC722,NO-URI,IC,2017-05-19T23:48:00,2017-05-19T23:48:00,1184,1184
http://irail.be/vehicle/IC722,http://irail.be/stations/NMBS/008892106,IC,2017-05-19T23:50:00,2017-05-19T23:49:00,1243,1190
http://irail.be/vehicle/IC722,http://irail.be/stations/NMBS/008896149,IC,2017-05-19T23:58:00,2017-05-19T23:57:00,1192,1192
http://irail.be/vehicle/IC722,http://irail.be/stations/NMBS/008896115,IC,2017-05-20T00:04:00,2017-05-20T00:04:00,1267,1153
http://irail.be/vehicle/IC722,http://irail.be/stations/NMBS/008896008,IC,2017-05-20T00:10:00,2017-05-20T00:10:00,,1229
http://irail.be/vehicle/IC722,NO-URI,IC,2017-10-21T22:31:00,2017-10-21T22:31:00,539,
http://irail.be/vehicle/IC722,http://irail.be/stations/NMBS/008894821,IC,2017-10-21T22:34:00,2017-10-21T22:34:00,539,539
http://irail.be/vehicle/IC722,http://irail.be/stations/NMBS/008894755,IC,2017-10-21T22:41:00,2017-10-21T22:41:00,398,398
http://irail.be/vehicle/IC722,http://irail.be/stations/NMBS/008894748,IC,2017-10-21T22:44:00,2017-10-21T22:44:00,384,384
http://irail.be/vehicle/IC722,http://irail.be/stations/NMBS/008894714,IC,2017-10-21T22:49:00,2017-10-21T22:49:00,342,342
http://irail.be/vehicle/IC722,NO-URI,IC,2017-10-21T22:51:00,2017-10-21T22:51:00,342,342
http://irail.be/vehicle/IC722,http://irail.be/stations/NMBS/008894508,IC,2017-10-21T22:55:00,2017-10-21T22:53:00,293,313
http://irail.be/vehicle/IC722,http://irail.be/stations/NMBS/008894433,IC,2017-10-21T22:59:00,2017-10-21T22:59:00,293,293
http://irail.be/vehicle/IC722,http://irail.be/stations/NMBS/008894425,IC,2017-10-21T23:02:00,2017-10-21T23:02:00,265,265
http://irail.be/vehicle/IC722,NO-URI,IC,2017-10-21T23:06:00,2017-10-21T23:06:00,220,220
http://irail.be/vehicle/IC722,http://irail.be/stations/NMBS/008894201,IC,2017-10-21T23:11:00,2017-10-21T23:09:00,57,170
http://irail.be/vehicle/IC722,http://irail.be/stations/NMBS/008894151,IC,2017-10-21T23:16:00,2017-10-21T23:16:00,57,57
http://irail.be/vehicle/IC722,http://irail.be/stations/NMBS/008893120,IC,2017-10-21T23:24:00,2017-10-21T23:23:00,71,-9
http://irail.be/vehicle/IC722,http://irail.be/stations/NMBS/008893179,IC,2017-10-21T23:26:00,2017-10-21T23:26:00,71,71
http://irail.be/vehicle/IC722,NO-URI,IC,2017-10-21T23:27:00,2017-10-21T23:27:00,9,9
http://irail.be/vehicle/IC722,http://irail.be/stations/NMBS/008892007,IC,2017-10-21T23:36:00,2017-10-21T23:33:00,23,-16
http://irail.be/vehicle/IC722,http://irail.be/stations/NMBS/008892080,IC,2017-10-21T23:43:00,2017-10-21T23:42:00,-4,13
http://irail.be/vehicle/IC722,NO-URI,IC,2017-10-21T23:47:00,2017-10-21T23:47:00,-21,-21
http://irail.be/vehicle/IC722,http://irail.be/stations/NMBS/008892106,IC,2017-10-21T23:50:00,2017-10-21T23:49:00,41,-25
http://irail.be/vehicle/IC722,http://irail.be/stations/NMBS/008896149,IC,2017-10-21T23:58:00,2017-10-21T23:57:00,2,-10
http://irail.be/vehicle/IC722,http://irail.be/stations/NMBS/008896115,IC,2017-10-22T00:04:00,2017-10-22T00:04:00,-46,-46
http://irail.be/vehicle/IC722,http://irail.be/stations/NMBS/008896008,IC,2017-10-22T00:10:00,2017-10-22T00:10:00,,-119
http://irail.be/vehicle/IC722,NO-URI,IC,2017-02-25T22:31:00,2017-02-25T22:31:00,614,
http://irail.be/vehicle/IC722,http://irail.be/stations/NMBS/008894821,IC,2017-02-25T22:34:00,2017-02-25T22:34:00,643,614
http://irail.be/vehicle/IC722,http://irail.be/stations/NMBS/008894755,IC,2017-02-25T22:41:00,2017-02-25T22:41:00,456,456
http://irail.be/vehicle/IC722,http://irail.be/stations/NMBS/008894748,IC,2017-02-25T22:44:00,2017-02-25T22:44:00,441,441
http://irail.be/vehicle/IC722,http://irail.be/stations/NMBS/008894714,IC,2017-02-25T22:49:00,2017-02-25T22:49:00,409,409
http://irail.be/vehicle/IC722,NO-URI,IC,2017-02-25T22:51:00,2017-02-25T22:51:00,381,381
http://irail.be/vehicle/IC722,http://irail.be/stations/NMBS/008894508,IC,2017-02-25T22:53:00,2017-02-25T22:53:00,439,343
http://irail.be/vehicle/IC722,http://irail.be/stations/NMBS/008894433,IC,2017-02-25T22:59:00,2017-02-25T22:59:00,439,439
http://irail.be/vehicle/IC722,http://irail.be/stations/NMBS/008894425,IC,2017-02-25T23:02:00,2017-02-25T23:02:00,292,292
http://irail.be/vehicle/IC722,NO-URI,IC,2017-02-25T23:07:00,2017-02-25T23:07:00,165,165
http://irail.be/vehicle/IC722,http://irail.be/stations/NMBS/008894201,IC,2017-02-25T23:11:00,2017-02-25T23:09:00,76,139
http://irail.be/vehicle/IC722,http://irail.be/stations/NMBS/008894151,IC,2017-02-25T23:16:00,2017-02-25T23:16:00,76,76
http://irail.be/vehicle/IC722,http://irail.be/stations/NMBS/008893120,IC,2017-02-25T23:24:00,2017-02-25T23:23:00,50,-19
http://irail.be/vehicle/IC722,http://irail.be/stations/NMBS/008893179,IC,2017-02-25T23:26:00,2017-02-25T23:26:00,50,50
http://irail.be/vehicle/IC722,NO-URI,IC,2017-02-25T23:27:00,2017-02-25T23:27:00,-17,-17
http://irail.be/vehicle/IC722,http://irail.be/stations/NMBS/008892007,IC,2017-02-25T23:36:00,2017-02-25T23:33:00,198,-35
http://irail.be/vehicle/IC722,http://irail.be/stations/NMBS/008892080,IC,2017-02-25T23:43:00,2017-02-25T23:42:00,149,172
http://irail.be/vehicle/IC722,NO-URI,IC,2017-02-25T23:47:00,2017-02-25T23:47:00,135,135
http://irail.be/vehicle/IC722,http://irail.be/stations/NMBS/008892106,IC,2017-02-25T23:50:00,2017-02-25T23:49:00,113,138
http://irail.be/vehicle/IC722,http://irail.be/stations/NMBS/008896149,IC,2017-02-25T23:58:00,2017-02-25T23:57:00,40,55
http://irail.be/vehicle/IC722,http://irail.be/stations/NMBS/008896115,IC,2017-02-26T00:04:00,2017-02-26T00:04:00,40,40
http://irail.be/vehicle/IC722,http://irail.be/stations/NMBS/008896008,IC,2017-02-26T00:10:00,2017-02-26T00:10:00,,-75
http://irail.be/vehicle/IC722,http://irail.be/stations/NMBS/008821006,IC,2017-07-28T22:37:00,2017-07-28T22:37:00,17,
http://irail.be/vehicle/IC722,http://irail.be/stations/NMBS/008821121,IC,2017-07-28T22:43:00,2017-07-28T22:41:00,14,14
http://irail.be/vehicle/IC722,http://irail.be/stations/NMBS/008821196,IC,2017-07-28T22:46:00,2017-07-28T22:46:00,-29,-29
http://irail.be/vehicle/IC722,NO-URI,IC,2017-07-28T22:50:00,2017-07-28T22:50:00,-29,-29
http://irail.be/vehicle/IC722,http://irail.be/stations/NMBS/008894821,IC,2017-07-28T22:50:00,2017-07-28T22:50:00,-4,-4
http://irail.be/vehicle/IC722,http://irail.be/stations/NMBS/008894755,IC,2017-07-28T22:52:00,2017-07-28T22:52:00,-22,-22
http://irail.be/vehicle/IC722,http://irail.be/stations/NMBS/008894748,IC,2017-07-28T22:53:00,2017-07-28T22:53:00,-51,-51
http://irail.be/vehicle/IC722,http://irail.be/stations/NMBS/008894714,IC,2017-07-28T22:56:00,2017-07-28T22:56:00,-72,-72
http://irail.be/vehicle/IC722,NO-URI,IC,2017-07-28T22:57:00,2017-07-28T22:57:00,-83,-83
http://irail.be/vehicle/IC722,http://irail.be/stations/NMBS/008894508,IC,2017-07-28T23:00:00,2017-07-28T22:59:00,49,-123
http://irail.be/vehicle/IC722,http://irail.be/stations/NMBS/008894433,IC,2017-07-28T23:03:00,2017-07-28T23:03:00,49,49
http://irail.be/vehicle/IC722,http://irail.be/stations/NMBS/008894425,IC,2017-07-28T23:04:00,2017-07-28T23:04:00,9,9
http://irail.be/vehicle/IC722,NO-URI,IC,2017-07-28T23:06:00,2017-07-28T23:06:00,1,1
http://irail.be/vehicle/IC722,http://irail.be/stations/NMBS/008894201,IC,2017-07-28T23:09:00,2017-07-28T23:08:00,54,60
http://irail.be/vehicle/IC722,http://irail.be/stations/NMBS/008894151,IC,2017-07-28T23:15:00,2017-07-28T23:15:00,54,54
http://irail.be/vehicle/IC722,http://irail.be/stations/NMBS/008893120,IC,2017-07-28T23:24:00,2017-07-28T23:23:00,47,-10
http://irail.be/vehicle/IC722,http://irail.be/stations/NMBS/008893179,IC,2017-07-28T23:26:00,2017-07-28T23:26:00,47,47
http://irail.be/vehicle/IC722,NO-URI,IC,2017-07-28T23:27:00,2017-07-28T23:27:00,-26,-26
http://irail.be/vehicle/IC722,http://irail.be/stations/NMBS/008892007,IC,2017-07-28T23:36:00,2017-07-28T23:33:00,5,-57
http://irail.be/vehicle/IC722,http://irail.be/stations/NMBS/008892080,IC,2017-07-28T23:43:00,2017-07-28T23:42:00,-23,-19
http://irail.be/vehicle/IC722,NO-URI,IC,2017-07-28T23:48:00,2017-07-28T23:48:00,-75,-75
http://irail.be/vehicle/IC722,http://irail.be/stations/NMBS/008892106,IC,2017-07-28T23:50:00,2017-07-28T23:49:00,33,-73
http://irail.be/vehicle/IC722,http://irail.be/stations/NMBS/008896149,IC,2017-07-28T23:58:00,2017-07-28T23:57:00,6,-23
http://irail.be/vehicle/IC722,http://irail.be/stations/NMBS/008896115,IC,2017-07-29T00:04:00,2017-07-29T00:04:00,-31,-31
http://irail.be/vehicle/IC722,http://irail.be/stations/NMBS/008896008,IC,2017-07-29T00:10:00,2017-07-29T00:10:00,,-86
http://irail.be/vehicle/IC722,http://irail.be/stations/NMBS/008821006,IC,2017-09-10T22:37:00,2017-09-10T22:37:00,19,
http://irail.be/vehicle/IC722,http://irail.be/stations/NMBS/008821121,IC,2017-09-10T22:43:00,2017-09-10T22:41:00,10,10
http://irail.be/vehicle/IC722,http://irail.be/stations/NMBS/008821196,IC,2017-09-10T22:46:00,2017-09-10T22:46:00,-43,-43
http://irail.be/vehicle/IC722,NO-URI,IC,2017-09-10T22:50:00,2017-09-10T22:50:00,-43,-43
http://irail.be/vehicle/IC722,http://irail.be/stations/NMBS/008894821,IC,2017-09-10T22:50:00,2017-09-10T22:50:00,-17,-17
http://irail.be/vehicle/IC722,http://irail.be/stations/NMBS/008894755,IC,2017-09-10T22:52:00,2017-09-10T22:52:00,-38,-38
http://irail.be/vehicle/IC722,http://irail.be/stations/NMBS/008894748,IC,2017-09-10T22:53:00,2017-09-10T22:53:00,-69,-69
http://irail.be/vehicle/IC722,http://irail.be/stations/NMBS/008894714,IC,2017-09-10T22:56:00,2017-09-10T22:56:00,-92,-92
http://irail.be/vehicle/IC722,NO-URI,IC,2017-09-10T22:57:00,2017-09-10T22:57:00,-104,-104
http://irail.be/vehicle/IC722,http://irail.be/stations/NMBS/008894508,IC,2017-09-10T23:01:00,2017-09-10T22:59:00,36,-144
http://irail.be/vehicle/IC722,http://irail.be/stations/NMBS/008894433,IC,2017-09-10T23:04:00,2017-09-10T23:04:00,36,36
http://irail.be/vehicle/IC722,http://irail.be/stations/NMBS/008894425,IC,2017-09-10T23:05:00,2017-09-10T23:05:00,4,4
http://irail.be/vehicle/IC722,NO-URI,IC,2017-09-10T23:07:00,2017-09-10T23:07:00,4,4
http://irail.be/vehicle/IC722,http://irail.be/stations/NMBS/008894201,IC,2017-09-10T23:11:00,2017-09-10T23:09:00,12,5
http://irail.be/vehicle/IC722,http://irail.be/stations/NMBS/008894151,IC,2017-09-10T23:16:00,2017-09-10T23:16:00,12,12
http://irail.be/vehicle/IC722,http://irail.be/stations/NMBS/008893120,IC,2017-09-10T23:24:00,2017-09-10T23:23:00,4,-76
http://irail.be/vehicle/IC722,http://irail.be/stations/NMBS/008893179,IC,2017-09-10T23:26:00,2017-09-10T23:26:00,4,4
http://irail.be/vehicle/IC722,NO-URI,IC,2017-09-10T23:27:00,2017-09-10T23:27:00,-57,-57
http://irail.be/vehicle/IC722,http://irail.be/stations/NMBS/008892007,IC,2017-09-10T23:36:00,2017-09-10T23:33:00,18,-88
http://irail.be/vehicle/IC722,http://irail.be/stations/NMBS/008892080,IC,2017-09-10T23:43:00,2017-09-10T23:42:00,5,20
http://irail.be/vehicle/IC722,NO-URI,IC,2017-09-10T23:47:00,2017-09-10T23:47:00,6,6
http://irail.be/vehicle/IC722,http://irail.be/stations/NMBS/008892106,IC,2017-09-10T23:50:00,2017-09-10T23:49:00,25,11
http://irail.be/vehicle/IC722,http://irail.be/stations/NMBS/008896149,IC,2017-09-10T23:58:00,2017-09-10T23:57:00,24,-21
http://irail.be/vehicle/IC722,http://irail.be/stations/NMBS/008896115,IC,2017-09-11T00:04:00,2017-09-11T00:04:00,16,16
http://irail.be/vehicle/IC722,http://irail.be/stations/NMBS/008896008,IC,2017-09-11T00:10:00,2017-09-11T00:10:00,,-68
http://irail.be/vehicle/IC722,http://irail.be/stations/NMBS/008821006,IC,2017-03-24T22:37:00,2017-03-24T22:37:00,28,
http://irail.be/vehicle/IC722,http://irail.be/stations/NMBS/008821121,IC,2017-03-24T22:43:00,2017-03-24T22:41:00,11,11
http://irail.be/vehicle/IC722,http://irail.be/stations/NMBS/008821196,IC,2017-03-24T22:46:00,2017-03-24T22:46:00,-18,-18
http://irail.be/vehicle/IC722,NO-URI,IC,2017-03-24T22:50:00,2017-03-24T22:50:00,-18,-18
http://irail.be/vehicle/IC722,http://irail.be/stations/NMBS/008894821,IC,2017-03-24T22:50:00,2017-03-24T22:50:00,8,8
http://irail.be/vehicle/IC722,http://irail.be/stations/NMBS/008894755,IC,2017-03-24T22:52:00,2017-03-24T22:52:00,-15,-15
http://irail.be/vehicle/IC722,http://irail.be/stations/NMBS/008894748,IC,2017-03-24T22:53:00,2017-03-24T22:53:00,-12,-12
http://irail.be/vehicle/IC722,http://irail.be/stations/NMBS/008894714,IC,2017-03-24T22:55:00,2017-03-24T22:55:00,-4,-4
http://irail.be/vehicle/IC722,NO-URI,IC,2017-03-24T22:57:00,2017-03-24T22:57:00,-43,-43
http://irail.be/vehicle/IC722,http://irail.be/stations/NMBS/008894508,IC,2017-03-24T23:00:00,2017-03-24T22:59:00,42,-97
http://irail.be/vehicle/IC722,http://irail.be/stations/NMBS/008894433,IC,2017-03-24T23:03:00,2017-03-24T23:03:00,42,42
http://irail.be/vehicle/IC722,http://irail.be/stations/NMBS/008894425,IC,2017-03-24T23:03:00,2017-03-24T23:03:00,49,49
http://irail.be/vehicle/IC722,NO-URI,IC,2017-03-24T23:06:00,2017-03-24T23:06:00,6,6
http://irail.be/vehicle/IC722,http://irail.be/stations/NMBS/008894201,IC,2017-03-24T23:09:00,2017-03-24T23:08:00,-7,5
http://irail.be/vehicle/IC722,http://irail.be/stations/NMBS/008894151,IC,2017-03-24T23:15:00,2017-03-24T23:15:00,20,-7
http://irail.be/vehicle/IC722,http://irail.be/stations/NMBS/008893120,IC,2017-03-24T23:24:00,2017-03-24T23:23:00,52,-22
http://irail.be/vehicle/IC722,http://irail.be/stations/NMBS/008893179,IC,2017-03-24T23:26:00,2017-03-24T23:26:00,52,52
http://irail.be/vehicle/IC722,NO-URI,IC,2017-03-24T23:27:00,2017-03-24T23:27:00,78,78
http://irail.be/vehicle/IC722,http://irail.be/stations/NMBS/008892007,IC,2017-03-24T23:36:00,2017-03-24T23:33:00,35,55
http://irail.be/vehicle/IC722,http://irail.be/stations/NMBS/008892080,IC,2017-03-24T23:43:00,2017-03-24T23:42:00,9,35
http://irail.be/vehicle/IC722,NO-URI,IC,2017-03-24T23:48:00,2017-03-24T23:48:00,-40,-40
http://irail.be/vehicle/IC722,http://irail.be/stations/NMBS/008892106,IC,2017-03-24T23:50:00,2017-03-24T23:49:00,40,-17
http://irail.be/vehicle/IC722,http://irail.be/stations/NMBS/008896149,IC,2017-03-24T23:58:00,2017-03-24T23:57:00,0,-5
http://irail.be/vehicle/IC722,http://irail.be/stations/NMBS/008896115,IC,2017-03-25T00:04:00,2017-03-25T00:04:00,0,0
http://irail.be/vehicle/IC722,http://irail.be/stations/NMBS/008896008,IC,2017-03-25T00:10:00,2017-03-25T00:10:00,,-139
http://irail.be/vehicle/IC722,http://irail.be/stations/NMBS/008821006,IC,2017-02-08T22:37:00,2017-02-08T22:37:00,12,
http://irail.be/vehicle/IC722,http://irail.be/stations/NMBS/008821121,IC,2017-02-08T22:43:00,2017-02-08T22:41:00,7,7
http://irail.be/vehicle/IC722,http://irail.be/stations/NMBS/008821196,IC,2017-02-08T22:46:00,2017-02-08T22:46:00,-23,-23
http://irail.be/vehicle/IC722,NO-URI,IC,2017-02-08T22:50:00,2017-02-08T22:50:00,-23,-23
http://irail.be/vehicle/IC722,http://irail.be/stations/NMBS/008894821,IC,2017-02-08T22:50:00,2017-02-08T22:50:00,1,1
http://irail.be/vehicle/IC722,http://irail.be/stations/NMBS/008894755,IC,2017-02-08T22:52:00,2017-02-08T22:52:00,-20,-20
http://irail.be/vehicle/IC722,http://irail.be/stations/NMBS/008894748,IC,2017-02-08T22:53:00,2017-02-08T22:53:00,-51,-51
http://irail.be/vehicle/IC722,http://irail.be/stations/NMBS/008894714,IC,2017-02-08T22:56:00,2017-02-08T22:56:00,-67,-67
http://irail.be/vehicle/IC722,NO-URI,IC,2017-02-08T22:57:00,2017-02-08T22:57:00,-73,-73
http://irail.be/vehicle/IC722,http://irail.be/stations/NMBS/008894508,IC,2017-02-08T23:00:00,2017-02-08T22:59:00,37,-103
http://irail.be/vehicle/IC722,http://irail.be/stations/NMBS/008894433,IC,2017-02-08T23:03:00,2017-02-08T23:03:00,37,37
http://irail.be/vehicle/IC722,http://irail.be/stations/NMBS/008894425,IC,2017-02-08T23:04:00,2017-02-08T23:04:00,0,0
http://irail.be/vehicle/IC722,NO-URI,IC,2017-02-08T23:06:00,2017-02-08T23:06:00,-2,-2
http://irail.be/vehicle/IC722,http://irail.be/stations/NMBS/008894201,IC,2017-02-08T23:09:00,2017-02-08T23:08:00,-13,-4
http://irail.be/vehicle/IC722,http://irail.be/stations/NMBS/008894151,IC,2017-02-08T23:15:00,2017-02-08T23:15:00,14,-13
http://irail.be/vehicle/IC722,http://irail.be/stations/NMBS/008893120,IC,2017-02-08T23:24:00,2017-02-08T23:23:00,61,-6
http://irail.be/vehicle/IC722,http://irail.be/stations/NMBS/008893179,IC,2017-02-08T23:26:00,2017-02-08T23:26:00,61,61
http://irail.be/vehicle/IC722,NO-URI,IC,2017-02-08T23:27:00,2017-02-08T23:27:00,17,17
http://irail.be/vehicle/IC722,http://irail.be/stations/NMBS/008892007,IC,2017-02-08T23:36:00,2017-02-08T23:33:00,28,-12
http://irail.be/vehicle/IC722,http://irail.be/stations/NMBS/008892080,IC,2017-02-08T23:43:00,2017-02-08T23:42:00,-30,10
http://irail.be/vehicle/IC722,NO-URI,IC,2017-02-08T23:48:00,2017-02-08T23:48:00,-84,-84
http://irail.be/vehicle/IC722,http://irail.be/stations/NMBS/008892106,IC,2017-02-08T23:50:00,2017-02-08T23:49:00,37,-64
http://irail.be/vehicle/IC722,http://irail.be/stations/NMBS/008896149,IC,2017-02-08T23:58:00,2017-02-08T23:57:00,61,-11
http://irail.be/vehicle/IC722,http://irail.be/stations/NMBS/008896115,IC,2017-02-09T00:04:00,2017-02-09T00:04:00,24,24
http://irail.be/vehicle/IC722,http://irail.be/stations/NMBS/008896008,IC,2017-02-09T00:10:00,2017-02-09T00:10:00,,-4
http://irail.be/vehicle/IC722,http://irail.be/stations/NMBS/008821006,IC,2017-12-14T22:37:00,2017-12-14T22:37:00,25,
http://irail.be/vehicle/IC722,http://irail.be/stations/NMBS/008821121,IC,2017-12-14T22:43:00,2017-12-14T22:41:00,46,46
http://irail.be/vehicle/IC722,http://irail.be/stations/NMBS/008821196,IC,2017-12-14T22:47:00,2017-12-14T22:47:00,35,35
http://irail.be/vehicle/IC722,NO-URI,IC,2017-12-14T22:50:00,2017-12-14T22:50:00,35,35
http://irail.be/vehicle/IC722,http://irail.be/stations/NMBS/008894821,IC,2017-12-14T22:50:00,2017-12-14T22:50:00,67,67
http://irail.be/vehicle/IC722,http://irail.be/stations/NMBS/008894755,IC,2017-12-14T22:52:00,2017-12-14T22:52:00,45,45
http://irail.be/vehicle/IC722,http://irail.be/stations/NMBS/008894748,IC,2017-12-14T22:53:00,2017-12-14T22:53:00,18,18
http://irail.be/vehicle/IC722,http://irail.be/stations/NMBS/008894714,IC,2017-12-14T22:56:00,2017-12-14T22:56:00,9,9
http://irail.be/vehicle/IC722,NO-URI,IC,2017-12-14T22:57:00,2017-12-14T22:57:00,-1,-1
http://irail.be/vehicle/IC722,http://irail.be/stations/NMBS/008894508,IC,2017-12-14T23:02:00,2017-12-14T23:00:00,48,-82
http://irail.be/vehicle/IC722,http://irail.be/stations/NMBS/008894433,IC,2017-12-14T23:05:00,2017-12-14T23:05:00,48,48
http://irail.be/vehicle/IC722,http://irail.be/stations/NMBS/008894425,IC,2017-12-14T23:06:00,2017-12-14T23:06:00,2,2
http://irail.be/vehicle/IC722,NO-URI,IC,2017-12-14T23:08:00,2017-12-14T23:08:00,-3,-3
http://irail.be/vehicle/IC722,http://irail.be/stations/NMBS/008894201,IC,2017-12-14T23:11:00,2017-12-14T23:10:00,1,-8
http://irail.be/vehicle/IC722,http://irail.be/stations/NMBS/008894151,IC,2017-12-14T23:16:00,2017-12-14T23:16:00,1,1
http://irail.be/vehicle/IC722,http://irail.be/stations/NMBS/008893120,IC,2017-12-14T23:25:00,2017-12-14T23:24:00,95,-31
http://irail.be/vehicle/IC722,http://irail.be/stations/NMBS/008893179,IC,2017-12-14T23:27:00,2017-12-14T23:27:00,95,95
http://irail.be/vehicle/IC722,NO-URI,IC,2017-12-14T23:28:00,2017-12-14T23:28:00,280,280
http://irail.be/vehicle/IC722,http://irail.be/stations/NMBS/008892007,IC,2017-12-14T23:36:00,2017-12-14T23:33:00,200,301
http://irail.be/vehicle/IC722,http://irail.be/stations/NMBS/008892080,IC,2017-12-14T23:44:00,2017-12-14T23:43:00,114,137
http://irail.be/vehicle/IC722,NO-URI,IC,2017-12-14T23:48:00,2017-12-14T23:48:00,96,96
http://irail.be/vehicle/IC722,http://irail.be/stations/NMBS/008892106,IC,2017-12-14T23:50:00,2017-12-14T23:49:00,139,104
http://irail.be/vehicle/IC722,http://irail.be/stations/NMBS/008896149,IC,2017-12-14T23:58:00,2017-12-14T23:57:00,253,164
http://irail.be/vehicle/IC722,http://irail.be/stations/NMBS/008896115,IC,2017-12-15T00:04:00,2017-12-15T00:04:00,238,238
http://irail.be/vehicle/IC722,http://irail.be/stations/NMBS/008896008,IC,2017-12-15T00:11:00,2017-12-15T00:11:00,,106
http://irail.be/vehicle/IC722,http://irail.be/stations/NMBS/008821121,IC,2017-02-23T22:43:00,2017-02-23T22:43:00,833,
http://irail.be/vehicle/IC722,http://irail.be/stations/NMBS/008821196,IC,2017-02-23T22:46:00,2017-02-23T22:46:00,837,837
http://irail.be/vehicle/IC722,NO-URI,IC,2017-02-23T22:50:00,2017-02-23T22:50:00,837,837
http://irail.be/vehicle/IC722,http://irail.be/stations/NMBS/008894821,IC,2017-02-23T22:50:00,2017-02-23T22:50:00,866,866
http://irail.be/vehicle/IC722,http://irail.be/stations/NMBS/008894755,IC,2017-02-23T22:52:00,2017-02-23T22:52:00,863,863
http://irail.be/vehicle/IC722,http://irail.be/stations/NMBS/008894748,IC,2017-02-23T22:53:00,2017-02-23T22:53:00,833,833
http://irail.be/vehicle/IC722,http://irail.be/stations/NMBS/008894714,IC,2017-02-23T22:56:00,2017-02-23T22:56:00,810,810
http://irail.be/vehicle/IC722,NO-URI,IC,2017-02-23T22:57:00,2017-02-23T22:57:00,797,797
http://irail.be/vehicle/IC722,http://irail.be/stations/NMBS/008894508,IC,2017-02-23T23:00:00,2017-02-23T22:59:00,822,754
http://irail.be/vehicle/IC722,http://irail.be/stations/NMBS/008894433,IC,2017-02-23T23:03:00,2017-02-23T23:03:00,822,822
http://irail.be/vehicle/IC722,http://irail.be/stations/NMBS/008894425,IC,2017-02-23T23:04:00,2017-02-23T23:04:00,784,784
http://irail.be/vehicle/IC722,NO-URI,IC,2017-02-23T23:06:00,2017-02-23T23:06:00,775,775
http://irail.be/vehicle/IC722,http://irail.be/stations/NMBS/008894201,IC,2017-02-23T23:09:00,2017-02-23T23:08:00,774,763
http://irail.be/vehicle/IC722,http://irail.be/stations/NMBS/008894151,IC,2017-02-23T23:15:00,2017-02-23T23:15:00,774,774
http://irail.be/vehicle/IC722,http://irail.be/stations/NMBS/008893120,IC,2017-02-23T23:24:00,2017-02-23T23:23:00,803,745
http://irail.be/vehicle/IC722,http://irail.be/stations/NMBS/008893179,IC,2017-02-23T23:26:00,2017-02-23T23:26:00,803,803
http://irail.be/vehicle/IC722,NO-URI,IC,2017-02-23T23:27:00,2017-02-23T23:27:00,755,755
http://irail.be/vehicle/IC722,http://irail.be/stations/NMBS/008892007,IC,2017-02-23T23:36:00,2017-02-23T23:33:00,754,806
http://irail.be/vehicle/IC722,http://irail.be/stations/NMBS/008892080,IC,2017-02-23T23:43:00,2017-02-23T23:42:00,734,748
http://irail.be/vehicle/IC722,NO-URI,IC,2017-02-23T23:48:00,2017-02-23T23:48:00,706,706
http://irail.be/vehicle/IC722,http://irail.be/stations/NMBS/008892106,IC,2017-02-23T23:50:00,2017-02-23T23:49:00,739,709
http://irail.be/vehicle/IC722,http://irail.be/stations/NMBS/008896149,IC,2017-02-23T23:58:00,2017-02-23T23:57:00,691,689
http://irail.be/vehicle/IC722,http://irail.be/stations/NMBS/008896115,IC,2017-02-24T00:04:00,2017-02-24T00:04:00,691,691
http://irail.be/vehicle/IC722,http://irail.be/stations/NMBS/008896008,IC,2017-02-24T00:10:00,2017-02-24T00:10:00,,656
http://irail.be/vehicle/IC722,http://irail.be/stations/NMBS/008821006,IC,2017-08-15T22:37:00,2017-08-15T22:37:00,13,
http://irail.be/vehicle/IC722,http://irail.be/stations/NMBS/008821121,IC,2017-08-15T22:43:00,2017-08-15T22:41:00,37,37
http://irail.be/vehicle/IC722,http://irail.be/stations/NMBS/008821196,IC,2017-08-15T22:46:00,2017-08-15T22:46:00,-11,-11
http://irail.be/vehicle/IC722,NO-URI,IC,2017-08-15T22:50:00,2017-08-15T22:50:00,-11,-11
http://irail.be/vehicle/IC722,http://irail.be/stations/NMBS/008894821,IC,2017-08-15T22:50:00,2017-08-15T22:50:00,16,16
http://irail.be/vehicle/IC722,http://irail.be/stations/NMBS/008894755,IC,2017-08-15T22:52:00,2017-08-15T22:52:00,9,9
http://irail.be/vehicle/IC722,http://irail.be/stations/NMBS/008894748,IC,2017-08-15T22:53:00,2017-08-15T22:53:00,-21,-21
http://irail.be/vehicle/IC722,http://irail.be/stations/NMBS/008894714,IC,2017-08-15T22:56:00,2017-08-15T22:56:00,-45,-45
http://irail.be/vehicle/IC722,NO-URI,IC,2017-08-15T22:57:00,2017-08-15T22:57:00,-57,-57
http://irail.be/vehicle/IC722,http://irail.be/stations/NMBS/008894508,IC,2017-08-15T23:01:00,2017-08-15T22:59:00,61,-94
http://irail.be/vehicle/IC722,http://irail.be/stations/NMBS/008894433,IC,2017-08-15T23:04:00,2017-08-15T23:04:00,61,61
http://irail.be/vehicle/IC722,http://irail.be/stations/NMBS/008894425,IC,2017-08-15T23:05:00,2017-08-15T23:05:00,20,20
http://irail.be/vehicle/IC722,NO-URI,IC,2017-08-15T23:07:00,2017-08-15T23:07:00,12,12
http://irail.be/vehicle/IC722,http://irail.be/stations/NMBS/008894201,IC,2017-08-15T23:11:00,2017-08-15T23:09:00,1,1
http://irail.be/vehicle/IC722,http://irail.be/stations/NMBS/008894151,IC,2017-08-15T23:16:00,2017-08-15T23:16:00,1,1
http://irail.be/vehicle/IC722,http://irail.be/stations/NMBS/008893120,IC,2017-08-15T23:24:00,2017-08-15T23:23:00,20,-63
http://irail.be/vehicle/IC722,http://irail.be/stations/NMBS/008893179,IC,2017-08-15T23:26:00,2017-08-15T23:26:00,20,20
http://irail.be/vehicle/IC722,NO-URI,IC,2017-08-15T23:27:00,2017-08-15T23:27:00,-52,-52
http://irail.be/vehicle/IC722,http://irail.be/stations/NMBS/008892007,IC,2017-08-15T23:36:00,2017-08-15T23:33:00,29,-88
http://irail.be/vehicle/IC722,http://irail.be/stations/NMBS/008892080,IC,2017-08-15T23:43:00,2017-08-15T23:42:00,41,44
http://irail.be/vehicle/IC722,NO-URI,IC,2017-08-15T23:47:00,2017-08-15T23:47:00,38,38
http://irail.be/vehicle/IC722,http://irail.be/stations/NMBS/008892106,IC,2017-08-15T23:50:00,2017-08-15T23:49:00,44,36
http://irail.be/vehicle/IC722,http://irail.be/stations/NMBS/008896149,IC,2017-08-15T23:58:00,2017-08-15T23:57:00,35,-1
http://irail.be/vehicle/IC722,http://irail.be/stations/NMBS/008896115,IC,2017-08-16T00:04:00,2017-08-16T00:04:00,10,10
http://irail.be/vehicle/IC722,http://irail.be/stations/NMBS/008896008,IC,2017-08-16T00:10:00,2017-08-16T00:10:00,,-48
http://irail.be/vehicle/IC722,http://irail.be/stations/NMBS/008821006,IC,2017-06-09T22:37:00,2017-06-09T22:37:00,49,
http://irail.be/vehicle/IC722,http://irail.be/stations/NMBS/008821121,IC,2017-06-09T22:43:00,2017-06-09T22:41:00,69,69
http://irail.be/vehicle/IC722,http://irail.be/stations/NMBS/008821196,IC,2017-06-09T22:46:00,2017-06-09T22:46:00,91,91
http://irail.be/vehicle/IC722,NO-URI,IC,2017-06-09T22:50:00,2017-06-09T22:50:00,91,91
http://irail.be/vehicle/IC722,http://irail.be/stations/NMBS/008894821,IC,2017-06-09T22:50:00,2017-06-09T22:50:00,118,118
http://irail.be/vehicle/IC722,http://irail.be/stations/NMBS/008894755,IC,2017-06-09T22:52:00,2017-06-09T22:52:00,114,114
http://irail.be/vehicle/IC722,http://irail.be/stations/NMBS/008894748,IC,2017-06-09T22:53:00,2017-06-09T22:53:00,112,112
http://irail.be/vehicle/IC722,http://irail.be/stations/NMBS/008894714,IC,2017-06-09T22:55:00,2017-06-09T22:55:00,117,117
http://irail.be/vehicle/IC722,NO-URI,IC,2017-06-09T22:57:00,2017-06-09T22:57:00,75,75
http://irail.be/vehicle/IC722,http://irail.be/stations/NMBS/008894508,IC,2017-06-09T23:00:00,2017-06-09T22:59:00,541,13
http://irail.be/vehicle/IC722,http://irail.be/stations/NMBS/008894433,IC,2017-06-09T23:03:00,2017-06-09T23:03:00,541,541
http://irail.be/vehicle/IC722,http://irail.be/stations/NMBS/008894425,IC,2017-06-09T23:03:00,2017-06-09T23:03:00,557,557
http://irail.be/vehicle/IC722,NO-URI,IC,2017-06-09T23:06:00,2017-06-09T23:06:00,514,514
http://irail.be/vehicle/IC722,http://irail.be/stations/NMBS/008894201,IC,2017-06-09T23:09:00,2017-06-09T23:08:00,500,495
http://irail.be/vehicle/IC722,http://irail.be/stations/NMBS/008894151,IC,2017-06-09T23:15:00,2017-06-09T23:15:00,500,500
http://irail.be/vehicle/IC722,http://irail.be/stations/NMBS/008893120,IC,2017-06-09T23:24:00,2017-06-09T23:23:00,522,447
http://irail.be/vehicle/IC722,http://irail.be/stations/NMBS/008893179,IC,2017-06-09T23:26:00,2017-06-09T23:26:00,522,522
http://irail.be/vehicle/IC722,NO-URI,IC,2017-06-09T23:27:00,2017-06-09T23:27:00,551,551
http://irail.be/vehicle/IC722,http://irail.be/stations/NMBS/008892007,IC,2017-06-09T23:36:00,2017-06-09T23:33:00,493,575
http://irail.be/vehicle/IC722,http://irail.be/stations/NMBS/008892080,IC,2017-06-09T23:43:00,2017-06-09T23:42:00,563,502
http://irail.be/vehicle/IC722,NO-URI,IC,2017-06-09T23:48:00,2017-06-09T23:48:00,504,504
http://irail.be/vehicle/IC722,http://irail.be/stations/NMBS/008892106,IC,2017-06-09T23:50:00,2017-06-09T23:49:00,550,512
http://irail.be/vehicle/IC722,http://irail.be/stations/NMBS/008896149,IC,2017-06-09T23:58:00,2017-06-09T23:57:00,506,496
http://irail.be/vehicle/IC722,http://irail.be/stations/NMBS/008896115,IC,2017-06-10T00:04:00,2017-06-10T00:04:00,539,475
http://irail.be/vehicle/IC722,http://irail.be/stations/NMBS/008896008,IC,2017-06-10T00:10:00,2017-06-10T00:10:00,,594
http://irail.be/vehicle/IC722,http://irail.be/stations/NMBS/008821006,IC,2017-03-05T22:37:00,2017-03-05T22:37:00,3,
http://irail.be/vehicle/IC722,http://irail.be/stations/NMBS/008821121,IC,2017-03-05T22:43:00,2017-03-05T22:41:00,32,32
http://irail.be/vehicle/IC722,http://irail.be/stations/NMBS/008821196,IC,2017-03-05T22:46:00,2017-03-05T22:46:00,11,11
http://irail.be/vehicle/IC722,NO-URI,IC,2017-03-05T22:50:00,2017-03-05T22:50:00,11,11
http://irail.be/vehicle/IC722,http://irail.be/stations/NMBS/008894821,IC,2017-03-05T22:50:00,2017-03-05T22:50:00,34,34
http://irail.be/vehicle/IC722,http://irail.be/stations/NMBS/008894755,IC,2017-03-05T22:52:00,2017-03-05T22:52:00,23,23
http://irail.be/vehicle/IC722,http://irail.be/stations/NMBS/008894748,IC,2017-03-05T22:53:00,2017-03-05T22:53:00,30,30
http://irail.be/vehicle/IC722,http://irail.be/stations/NMBS/008894714,IC,2017-03-05T22:55:00,2017-03-05T22:55:00,38,38
http://irail.be/vehicle/IC722,NO-URI,IC,2017-03-05T22:57:00,2017-03-05T22:57:00,7,7
http://irail.be/vehicle/IC722,http://irail.be/stations/NMBS/008894508,IC,2017-03-05T23:01:00,2017-03-05T22:59:00,54,-42
http://irail.be/vehicle/IC722,http://irail.be/stations/NMBS/008894433,IC,2017-03-05T23:04:00,2017-03-05T23:04:00,54,54
http://irail.be/vehicle/IC722,http://irail.be/stations/NMBS/008894425,IC,2017-03-05T23:04:00,2017-03-05T23:04:00,58,58
http://irail.be/vehicle/IC722,NO-URI,IC,2017-03-05T23:07:00,2017-03-05T23:07:00,17,17
http://irail.be/vehicle/IC722,http://irail.be/stations/NMBS/008894201,IC,2017-03-05T23:11:00,2017-03-05T23:09:00,-2,-2
http://irail.be/vehicle/IC722,http://irail.be/stations/NMBS/008894151,IC,2017-03-05T23:16:00,2017-03-05T23:16:00,-2,-2
http://irail.be/vehicle/IC722,http://irail.be/stations/NMBS/008893120,IC,2017-03-05T23:24:00,2017-03-05T23:23:00,504,399
http://irail.be/vehicle/IC722,http://irail.be/stations/NMBS/008893179,IC,2017-03-05T23:26:00,2017-03-05T23:26:00,504,504
http://irail.be/vehicle/IC722,NO-URI,IC,2017-03-05T23:27:00,2017-03-05T23:27:00,476,476
http://irail.be/vehicle/IC722,http://irail.be/stations/NMBS/008892007,IC,2017-03-05T23:36:00,2017-03-05T23:33:00,374,449
http://irail.be/vehicle/IC722,http://irail.be/stations/NMBS/008892080,IC,2017-03-05T23:43:00,2017-03-05T23:42:00,323,363
http://irail.be/vehicle/IC722,NO-URI,IC,2017-03-05T23:47:00,2017-03-05T23:47:00,304,304
http://irail.be/vehicle/IC722,http://irail.be/stations/NMBS/008892106,IC,2017-03-05T23:50:00,2017-03-05T23:49:00,287,307
http://irail.be/vehicle/IC722,http://irail.be/stations/NMBS/008896149,IC,2017-03-05T23:58:00,2017-03-05T23:57:00,241,242
http://irail.be/vehicle/IC722,http://irail.be/stations/NMBS/008896115,IC,2017-03-06T00:04:00,2017-03-06T00:04:00,241,241
http://irail.be/vehicle/IC722,http://irail.be/stations/NMBS/008896008,IC,2017-03-06T00:10:00,2017-03-06T00:10:00,,127
http://irail.be/vehicle/IC722,NO-URI,IC,2017-01-14T22:31:00,2017-01-14T22:31:00,-4,
http://irail.be/vehicle/IC722,http://irail.be/stations/NMBS/008894821,IC,2017-01-14T22:34:00,2017-01-14T22:34:00,29,-4
http://irail.be/vehicle/IC722,http://irail.be/stations/NMBS/008894755,IC,2017-01-14T22:41:00,2017-01-14T22:41:00,11,11
http://irail.be/vehicle/IC722,http://irail.be/stations/NMBS/008894748,IC,2017-01-14T22:44:00,2017-01-14T22:44:00,13,13
http://irail.be/vehicle/IC722,http://irail.be/stations/NMBS/008894714,IC,2017-01-14T22:49:00,2017-01-14T22:49:00,-13,-13
http://irail.be/vehicle/IC722,NO-URI,IC,2017-01-14T22:51:00,2017-01-14T22:51:00,-13,-13
http://irail.be/vehicle/IC722,http://irail.be/stations/NMBS/008894508,IC,2017-01-14T22:53:00,2017-01-14T22:53:00,101,-30
http://irail.be/vehicle/IC722,http://irail.be/stations/NMBS/008894433,IC,2017-01-14T22:59:00,2017-01-14T22:59:00,-19,-19
http://irail.be/vehicle/IC722,http://irail.be/stations/NMBS/008894425,IC,2017-01-14T23:02:00,2017-01-14T23:02:00,-56,-56
http://irail.be/vehicle/IC722,NO-URI,IC,2017-01-14T23:07:00,2017-01-14T23:07:00,-119,-119
http://irail.be/vehicle/IC722,http://irail.be/stations/NMBS/008894201,IC,2017-01-14T23:11:00,2017-01-14T23:09:00,5,-125
http://irail.be/vehicle/IC722,http://irail.be/stations/NMBS/008894151,IC,2017-01-14T23:16:00,2017-01-14T23:16:00,5,5
http://irail.be/vehicle/IC722,http://irail.be/stations/NMBS/008893120,IC,2017-01-14T23:24:00,2017-01-14T23:23:00,62,17
http://irail.be/vehicle/IC722,http://irail.be/stations/NMBS/008893179,IC,2017-01-14T23:26:00,2017-01-14T23:26:00,62,62
http://irail.be/vehicle/IC722,NO-URI,IC,2017-01-14T23:27:00,2017-01-14T23:27:00,16,16
http://irail.be/vehicle/IC722,http://irail.be/stations/NMBS/008892007,IC,2017-01-14T23:36:00,2017-01-14T23:33:00,25,9
http://irail.be/vehicle/IC722,http://irail.be/stations/NMBS/008892080,IC,2017-01-14T23:43:00,2017-01-14T23:42:00,19,11
http://irail.be/vehicle/IC722,NO-URI,IC,2017-01-14T23:47:00,2017-01-14T23:47:00,11,11
http://irail.be/vehicle/IC722,http://irail.be/stations/NMBS/008892106,IC,2017-01-14T23:50:00,2017-01-14T23:49:00,18,26
http://irail.be/vehicle/IC722,http://irail.be/stations/NMBS/008896149,IC,2017-01-14T23:58:00,2017-01-14T23:57:00,-9,-3
http://irail.be/vehicle/IC722,http://irail.be/stations/NMBS/008896115,IC,2017-01-15T00:04:00,2017-01-15T00:04:00,-62,-62
http://irail.be/vehicle/IC722,http://irail.be/stations/NMBS/008896008,IC,2017-01-15T00:10:00,2017-01-15T00:10:00,,-108
http://irail.be/vehicle/IC722,http://irail.be/stations/NMBS/008821006,IC,2017-10-30T22:37:00,2017-10-30T22:37:00,98,
http://irail.be/vehicle/IC722,http://irail.be/stations/NMBS/008821121,IC,2017-10-30T22:43:00,2017-10-30T22:41:00,26,26
http://irail.be/vehicle/IC722,http://irail.be/stations/NMBS/008821196,IC,2017-10-30T22:46:00,2017-10-30T22:46:00,7,7
http://irail.be/vehicle/IC722,NO-URI,IC,2017-10-30T22:50:00,2017-10-30T22:50:00,7,7
http://irail.be/vehicle/IC722,http://irail.be/stations/NMBS/008894821,IC,2017-10-30T22:50:00,2017-10-30T22:50:00,32,32
http://irail.be/vehicle/IC722,http://irail.be/stations/NMBS/008894755,IC,2017-10-30T22:52:00,2017-10-30T22:52:00,13,13
http://irail.be/vehicle/IC722,http://irail.be/stations/NMBS/008894748,IC,2017-10-30T22:53:00,2017-10-30T22:53:00,-12,-12
http://irail.be/vehicle/IC722,http://irail.be/stations/NMBS/008894714,IC,2017-10-30T22:56:00,2017-10-30T22:56:00,-22,-22
http://irail.be/vehicle/IC722,NO-URI,IC,2017-10-30T22:57:00,2017-10-30T22:57:00,-32,-32
http://irail.be/vehicle/IC722,http://irail.be/stations/NMBS/008894508,IC,2017-10-30T23:00:00,2017-10-30T22:59:00,115,-69
http://irail.be/vehicle/IC722,http://irail.be/stations/NMBS/008894433,IC,2017-10-30T23:03:00,2017-10-30T23:03:00,115,115
http://irail.be/vehicle/IC722,http://irail.be/stations/NMBS/008894425,IC,2017-10-30T23:04:00,2017-10-30T23:04:00,99,99
http://irail.be/vehicle/IC722,NO-URI,IC,2017-10-30T23:06:00,2017-10-30T23:06:00,98,98
http://irail.be/vehicle/IC722,http://irail.be/stations/NMBS/008894201,IC,2017-10-30T23:09:00,2017-10-30T23:08:00,97,96
http://irail.be/vehicle/IC722,http://irail.be/stations/NMBS/008894151,IC,2017-10-30T23:15:00,2017-10-30T23:15:00,97,97
http://irail.be/vehicle/IC722,http://irail.be/stations/NMBS/008893120,IC,2017-10-30T23:24:00,2017-10-30T23:23:00,128,47
http://irail.be/vehicle/IC722,http://irail.be/stations/NMBS/008893179,IC,2017-10-30T23:26:00,2017-10-30T23:26:00,128,128
http://irail.be/vehicle/IC722,NO-URI,IC,2017-10-30T23:27:00,2017-10-30T23:27:00,51,51
http://irail.be/vehicle/IC722,http://irail.be/stations/NMBS/008892007,IC,2017-10-30T23:36:00,2017-10-30T23:33:00,13,72
http://irail.be/vehicle/IC722,http://irail.be/stations/NMBS/008892080,IC,2017-10-30T23:43:00,2017-10-30T23:42:00,-15,9
http://irail.be/vehicle/IC722,NO-URI,IC,2017-10-30T23:48:00,2017-10-30T23:48:00,-51,-51
http://irail.be/vehicle/IC722,http://irail.be/stations/NMBS/008892106,IC,2017-10-30T23:50:00,2017-10-30T23:49:00,15,-50
http://irail.be/vehicle/IC722,http://irail.be/stations/NMBS/008896149,IC,2017-10-30T23:58:00,2017-10-30T23:57:00,35,-10
http://irail.be/vehicle/IC722,http://irail.be/stations/NMBS/008896115,IC,2017-10-31T00:04:00,2017-10-31T00:04:00,21,21
http://irail.be/vehicle/IC722,http://irail.be/stations/NMBS/008896008,IC,2017-10-31T00:10:00,2017-10-31T00:10:00,,-80
http://irail.be/vehicle/IC722,http://irail.be/stations/NMBS/008821006,IC,2017-01-23T22:37:00,2017-01-23T22:37:00,18,
http://irail.be/vehicle/IC722,http://irail.be/stations/NMBS/008821121,IC,2017-01-23T22:43:00,2017-01-23T22:41:00,3,3
http://irail.be/vehicle/IC722,http://irail.be/stations/NMBS/008821196,IC,2017-01-23T22:46:00,2017-01-23T22:46:00,-33,-33
http://irail.be/vehicle/IC722,NO-URI,IC,2017-01-23T22:50:00,2017-01-23T22:50:00,-33,-33
http://irail.be/vehicle/IC722,http://irail.be/stations/NMBS/008894821,IC,2017-01-23T22:50:00,2017-01-23T22:50:00,-8,-8
http://irail.be/vehicle/IC722,http://irail.be/stations/NMBS/008894755,IC,2017-01-23T22:52:00,2017-01-23T22:52:00,-27,-27
http://irail.be/vehicle/IC722,http://irail.be/stations/NMBS/008894748,IC,2017-01-23T22:53:00,2017-01-23T22:53:00,-58,-58
http://irail.be/vehicle/IC722,http://irail.be/stations/NMBS/008894714,IC,2017-01-23T22:56:00,2017-01-23T22:56:00,-79,-79
http://irail.be/vehicle/IC722,NO-URI,IC,2017-01-23T22:57:00,2017-01-23T22:57:00,-91,-91
http://irail.be/vehicle/IC722,http://irail.be/stations/NMBS/008894508,IC,2017-01-23T23:00:00,2017-01-23T22:59:00,31,-128
http://irail.be/vehicle/IC722,http://irail.be/stations/NMBS/008894433,IC,2017-01-23T23:03:00,2017-01-23T23:03:00,31,31
http://irail.be/vehicle/IC722,http://irail.be/stations/NMBS/008894425,IC,2017-01-23T23:04:00,2017-01-23T23:04:00,-11,-11
http://irail.be/vehicle/IC722,NO-URI,IC,2017-01-23T23:06:00,2017-01-23T23:06:00,-16,-16
http://irail.be/vehicle/IC722,http://irail.be/stations/NMBS/008894201,IC,2017-01-23T23:09:00,2017-01-23T23:08:00,-9,-27
http://irail.be/vehicle/IC722,http://irail.be/stations/NMBS/008894151,IC,2017-01-23T23:15:00,2017-01-23T23:15:00,-11,-11
http://irail.be/vehicle/IC722,http://irail.be/stations/NMBS/008893120,IC,2017-01-23T23:24:00,2017-01-23T23:23:00,11,-15
http://irail.be/vehicle/IC722,http://irail.be/stations/NMBS/008893179,IC,2017-01-23T23:26:00,2017-01-23T23:26:00,11,11
http://irail.be/vehicle/IC722,NO-URI,IC,2017-01-23T23:27:00,2017-01-23T23:27:00,-54,-54
http://irail.be/vehicle/IC722,http://irail.be/stations/NMBS/008892007,IC,2017-01-23T23:36:00,2017-01-23T23:33:00,129,-75
http://irail.be/vehicle/IC722,http://irail.be/stations/NMBS/008892080,IC,2017-01-23T23:43:00,2017-01-23T23:42:00,410,443
http://irail.be/vehicle/IC722,NO-URI,IC,2017-01-23T23:48:00,2017-01-23T23:48:00,365,365
http://irail.be/vehicle/IC722,http://irail.be/stations/NMBS/008892106,IC,2017-01-23T23:50:00,2017-01-23T23:49:00,402,370
http://irail.be/vehicle/IC722,http://irail.be/stations/NMBS/008896149,IC,2017-01-23T23:58:00,2017-01-23T23:57:00,350,351
http://irail.be/vehicle/IC722,http://irail.be/stations/NMBS/008896115,IC,2017-01-24T00:04:00,2017-01-24T00:04:00,300,300
http://irail.be/vehicle/IC722,http://irail.be/stations/NMBS/008896008,IC,2017-01-24T00:10:00,2017-01-24T00:10:00,,247
http://irail.be/vehicle/IC722,http://irail.be/stations/NMBS/008821121,IC,2017-05-28T22:43:00,2017-05-28T22:43:00,122,
http://irail.be/vehicle/IC722,http://irail.be/stations/NMBS/008821196,IC,2017-05-28T22:46:00,2017-05-28T22:46:00,127,127
http://irail.be/vehicle/IC722,NO-URI,IC,2017-05-28T22:50:00,2017-05-28T22:50:00,127,127
http://irail.be/vehicle/IC722,http://irail.be/stations/NMBS/008894821,IC,2017-05-28T22:50:00,2017-05-28T22:50:00,151,151
http://irail.be/vehicle/IC722,http://irail.be/stations/NMBS/008894755,IC,2017-05-28T22:52:00,2017-05-28T22:52:00,131,131
http://irail.be/vehicle/IC722,http://irail.be/stations/NMBS/008894748,IC,2017-05-28T22:53:00,2017-05-28T22:53:00,133,133
http://irail.be/vehicle/IC722,http://irail.be/stations/NMBS/008894714,IC,2017-05-28T22:55:00,2017-05-28T22:55:00,133,133
http://irail.be/vehicle/IC722,NO-URI,IC,2017-05-28T22:57:00,2017-05-28T22:57:00,90,90
http://irail.be/vehicle/IC722,http://irail.be/stations/NMBS/008894508,IC,2017-05-28T23:01:00,2017-05-28T22:59:00,58,19
http://irail.be/vehicle/IC722,http://irail.be/stations/NMBS/008894433,IC,2017-05-28T23:04:00,2017-05-28T23:04:00,58,58
http://irail.be/vehicle/IC722,http://irail.be/stations/NMBS/008894425,IC,2017-05-28T23:04:00,2017-05-28T23:04:00,69,69
http://irail.be/vehicle/IC722,NO-URI,IC,2017-05-28T23:07:00,2017-05-28T23:07:00,25,25
http://irail.be/vehicle/IC722,http://irail.be/stations/NMBS/008894201,IC,2017-05-28T23:11:00,2017-05-28T23:09:00,8,4
http://irail.be/vehicle/IC722,http://irail.be/stations/NMBS/008894151,IC,2017-05-28T23:16:00,2017-05-28T23:16:00,8,8
http://irail.be/vehicle/IC722,http://irail.be/stations/NMBS/008893120,IC,2017-05-28T23:23:00,2017-05-28T23:23:00,,42
http://irail.be/vehicle/IC722,http://irail.be/stations/NMBS/008821006,IC,2017-01-27T22:37:00,2017-01-27T22:37:00,19,
http://irail.be/vehicle/IC722,http://irail.be/stations/NMBS/008821121,IC,2017-01-27T22:43:00,2017-01-27T22:41:00,14,14
http://irail.be/vehicle/IC722,http://irail.be/stations/NMBS/008821196,IC,2017-01-27T22:46:00,2017-01-27T22:46:00,-12,-12
http://irail.be/vehicle/IC722,NO-URI,IC,2017-01-27T22:50:00,2017-01-27T22:50:00,-12,-12
http://irail.be/vehicle/IC722,http://irail.be/stations/NMBS/008894821,IC,2017-01-27T22:50:00,2017-01-27T22:50:00,12,12
http://irail.be/vehicle/IC722,http://irail.be/stations/NMBS/008894755,IC,2017-01-27T22:52:00,2017-01-27T22:52:00,5,5
http://irail.be/vehicle/IC722,http://irail.be/stations/NMBS/008894748,IC,2017-01-27T22:53:00,2017-01-27T22:53:00,-21,-21
http://irail.be/vehicle/IC722,http://irail.be/stations/NMBS/008894714,IC,2017-01-27T22:56:00,2017-01-27T22:56:00,-28,-28
http://irail.be/vehicle/IC722,NO-URI,IC,2017-01-27T22:57:00,2017-01-27T22:57:00,-31,-31
http://irail.be/vehicle/IC722,http://irail.be/stations/NMBS/008894508,IC,2017-01-27T23:00:00,2017-01-27T22:59:00,63,-41
http://irail.be/vehicle/IC722,http://irail.be/stations/NMBS/008894433,IC,2017-01-27T23:03:00,2017-01-27T23:03:00,63,63
http://irail.be/vehicle/IC722,http://irail.be/stations/NMBS/008894425,IC,2017-01-27T23:04:00,2017-01-27T23:04:00,46,46
http://irail.be/vehicle/IC722,NO-URI,IC,2017-01-27T23:06:00,2017-01-27T23:06:00,86,86
http://irail.be/vehicle/IC722,http://irail.be/stations/NMBS/008894201,IC,2017-01-27T23:09:00,2017-01-27T23:08:00,74,97
http://irail.be/vehicle/IC722,http://irail.be/stations/NMBS/008894151,IC,2017-01-27T23:15:00,2017-01-27T23:15:00,95,74
http://irail.be/vehicle/IC722,http://irail.be/stations/NMBS/008893120,IC,2017-01-27T23:24:00,2017-01-27T23:23:00,227,205
http://irail.be/vehicle/IC722,http://irail.be/stations/NMBS/008893179,IC,2017-01-27T23:26:00,2017-01-27T23:26:00,227,227
http://irail.be/vehicle/IC722,NO-URI,IC,2017-01-27T23:27:00,2017-01-27T23:27:00,149,149
http://irail.be/vehicle/IC722,http://irail.be/stations/NMBS/008892007,IC,2017-01-27T23:36:00,2017-01-27T23:33:00,135,213
http://irail.be/vehicle/IC722,http://irail.be/stations/NMBS/008892080,IC,2017-01-27T23:43:00,2017-01-27T23:42:00,95,107
http://irail.be/vehicle/IC722,NO-URI,IC,2017-01-27T23:48:00,2017-01-27T23:48:00,37,37
http://irail.be/vehicle/IC722,http://irail.be/stations/NMBS/008892106,IC,2017-01-27T23:50:00,2017-01-27T23:49:00,65,43
http://irail.be/vehicle/IC722,http://irail.be/stations/NMBS/008896149,IC,2017-01-27T23:58:00,2017-01-27T23:57:00,0,2
http://irail.be/vehicle/IC722,http://irail.be/stations/NMBS/008896115,IC,2017-01-28T00:04:00,2017-01-28T00:04:00,-63,-63
http://irail.be/vehicle/IC722,http://irail.be/stations/NMBS/008896008,IC,2017-01-28T00:10:00,2017-01-28T00:10:00,,-133
http://irail.be/vehicle/IC722,http://irail.be/stations/NMBS/008821006,IC,2017-08-01T22:37:00,2017-08-01T22:37:00,-4,
http://irail.be/vehicle/IC722,http://irail.be/stations/NMBS/008821121,IC,2017-08-01T22:43:00,2017-08-01T22:41:00,22,22
http://irail.be/vehicle/IC722,http://irail.be/stations/NMBS/008821196,IC,2017-08-01T22:46:00,2017-08-01T22:46:00,43,43
http://irail.be/vehicle/IC722,NO-URI,IC,2017-08-01T22:50:00,2017-08-01T22:50:00,43,43
http://irail.be/vehicle/IC722,http://irail.be/stations/NMBS/008894821,IC,2017-08-01T22:50:00,2017-08-01T22:50:00,75,75
http://irail.be/vehicle/IC722,http://irail.be/stations/NMBS/008894755,IC,2017-08-01T22:52:00,2017-08-01T22:52:00,87,87
http://irail.be/vehicle/IC722,http://irail.be/stations/NMBS/008894748,IC,2017-08-01T22:53:00,2017-08-01T22:53:00,61,61
http://irail.be/vehicle/IC722,http://irail.be/stations/NMBS/008894714,IC,2017-08-01T22:56:00,2017-08-01T22:56:00,57,57
http://irail.be/vehicle/IC722,NO-URI,IC,2017-08-01T22:57:00,2017-08-01T22:57:00,51,51
http://irail.be/vehicle/IC722,http://irail.be/stations/NMBS/008894508,IC,2017-08-01T23:00:00,2017-08-01T22:59:00,96,10
http://irail.be/vehicle/IC722,http://irail.be/stations/NMBS/008894433,IC,2017-08-01T23:03:00,2017-08-01T23:03:00,96,96
http://irail.be/vehicle/IC722,http://irail.be/stations/NMBS/008894425,IC,2017-08-01T23:04:00,2017-08-01T23:04:00,54,54
http://irail.be/vehicle/IC722,NO-URI,IC,2017-08-01T23:06:00,2017-08-01T23:06:00,56,56
http://irail.be/vehicle/IC722,http://irail.be/stations/NMBS/008894201,IC,2017-08-01T23:09:00,2017-08-01T23:08:00,38,49
http://irail.be/vehicle/IC722,http://irail.be/stations/NMBS/008894151,IC,2017-08-01T23:15:00,2017-08-01T23:15:00,42,38
http://irail.be/vehicle/IC722,http://irail.be/stations/NMBS/008893120,IC,2017-08-01T23:24:00,2017-08-01T23:23:00,53,2
http://irail.be/vehicle/IC722,http://irail.be/stations/NMBS/008893179,IC,2017-08-01T23:26:00,2017-08-01T23:26:00,53,53
http://irail.be/vehicle/IC722,NO-URI,IC,2017-08-01T23:27:00,2017-08-01T23:27:00,-8,-8
http://irail.be/vehicle/IC722,http://irail.be/stations/NMBS/008892007,IC,2017-08-01T23:36:00,2017-08-01T23:33:00,67,54
http://irail.be/vehicle/IC722,http://irail.be/stations/NMBS/008892080,IC,2017-08-01T23:43:00,2017-08-01T23:42:00,-1,42
http://irail.be/vehicle/IC722,NO-URI,IC,2017-08-01T23:48:00,2017-08-01T23:48:00,-38,-38
http://irail.be/vehicle/IC722,http://irail.be/stations/NMBS/008892106,IC,2017-08-01T23:50:00,2017-08-01T23:49:00,35,-33
http://irail.be/vehicle/IC722,http://irail.be/stations/NMBS/008896149,IC,2017-08-01T23:58:00,2017-08-01T23:57:00,0,4
http://irail.be/vehicle/IC722,http://irail.be/stations/NMBS/008896115,IC,2017-08-02T00:04:00,2017-08-02T00:04:00,-19,-37
http://irail.be/vehicle/IC722,http://irail.be/stations/NMBS/008896008,IC,2017-08-02T00:10:00,2017-08-02T00:10:00,,-73
http://irail.be/vehicle/IC722,http://irail.be/stations/NMBS/008821006,IC,2017-03-13T22:37:00,2017-03-13T22:37:00,13,
http://irail.be/vehicle/IC722,http://irail.be/stations/NMBS/008821121,IC,2017-03-13T22:43:00,2017-03-13T22:41:00,35,35
http://irail.be/vehicle/IC722,http://irail.be/stations/NMBS/008821196,IC,2017-03-13T22:46:00,2017-03-13T22:46:00,9,9
http://irail.be/vehicle/IC722,NO-URI,IC,2017-03-13T22:50:00,2017-03-13T22:50:00,9,9
http://irail.be/vehicle/IC722,http://irail.be/stations/NMBS/008894821,IC,2017-03-13T22:50:00,2017-03-13T22:50:00,35,35
http://irail.be/vehicle/IC722,http://irail.be/stations/NMBS/008894755,IC,2017-03-13T22:52:00,2017-03-13T22:52:00,24,24
http://irail.be/vehicle/IC722,http://irail.be/stations/NMBS/008894748,IC,2017-03-13T22:53:00,2017-03-13T22:53:00,-7,-7
http://irail.be/vehicle/IC722,http://irail.be/stations/NMBS/008894714,IC,2017-03-13T22:56:00,2017-03-13T22:56:00,-26,-26
http://irail.be/vehicle/IC722,NO-URI,IC,2017-03-13T22:57:00,2017-03-13T22:57:00,-39,-39
http://irail.be/vehicle/IC722,http://irail.be/stations/NMBS/008894508,IC,2017-03-13T23:00:00,2017-03-13T22:59:00,78,-77
http://irail.be/vehicle/IC722,http://irail.be/stations/NMBS/008894433,IC,2017-03-13T23:03:00,2017-03-13T23:03:00,78,78
http://irail.be/vehicle/IC722,http://irail.be/stations/NMBS/008894425,IC,2017-03-13T23:04:00,2017-03-13T23:04:00,70,70
http://irail.be/vehicle/IC722,NO-URI,IC,2017-03-13T23:06:00,2017-03-13T23:06:00,66,66
http://irail.be/vehicle/IC722,http://irail.be/stations/NMBS/008894201,IC,2017-03-13T23:09:00,2017-03-13T23:08:00,55,56
http://irail.be/vehicle/IC722,http://irail.be/stations/NMBS/008894151,IC,2017-03-13T23:15:00,2017-03-13T23:15:00,69,55
http://irail.be/vehicle/IC722,http://irail.be/stations/NMBS/008893120,IC,2017-03-13T23:24:00,2017-03-13T23:23:00,118,33
http://irail.be/vehicle/IC722,http://irail.be/stations/NMBS/008893179,IC,2017-03-13T23:26:00,2017-03-13T23:26:00,118,118
http://irail.be/vehicle/IC722,NO-URI,IC,2017-03-13T23:27:00,2017-03-13T23:27:00,79,79
http://irail.be/vehicle/IC722,http://irail.be/stations/NMBS/008892007,IC,2017-03-13T23:36:00,2017-03-13T23:33:00,32,49
http://irail.be/vehicle/IC722,http://irail.be/stations/NMBS/008892080,IC,2017-03-13T23:43:00,2017-03-13T23:42:00,10,50
http://irail.be/vehicle/IC722,NO-URI,IC,2017-03-13T23:48:00,2017-03-13T23:48:00,-47,-47
http://irail.be/vehicle/IC722,http://irail.be/stations/NMBS/008892106,IC,2017-03-13T23:50:00,2017-03-13T23:49:00,37,-46
http://irail.be/vehicle/IC722,http://irail.be/stations/NMBS/008896149,IC,2017-03-13T23:58:00,2017-03-13T23:57:00,18,-20
http://irail.be/vehicle/IC722,http://irail.be/stations/NMBS/008896115,IC,2017-03-14T00:04:00,2017-03-14T00:04:00,18,18
http://irail.be/vehicle/IC722,http://irail.be/stations/NMBS/008896008,IC,2017-03-14T00:10:00,2017-03-14T00:10:00,,-94
http://irail.be/vehicle/IC722,http://irail.be/stations/NMBS/008821006,IC,2017-05-10T22:37:00,2017-05-10T22:37:00,11,
http://irail.be/vehicle/IC722,http://irail.be/stations/NMBS/008821121,IC,2017-05-10T22:43:00,2017-05-10T22:41:00,27,27
http://irail.be/vehicle/IC722,http://irail.be/stations/NMBS/008821196,IC,2017-05-10T22:46:00,2017-05-10T22:46:00,15,15
http://irail.be/vehicle/IC722,NO-URI,IC,2017-05-10T22:50:00,2017-05-10T22:50:00,15,15
http://irail.be/vehicle/IC722,http://irail.be/stations/NMBS/008894821,IC,2017-05-10T22:50:00,2017-05-10T22:50:00,46,46
http://irail.be/vehicle/IC722,http://irail.be/stations/NMBS/008894755,IC,2017-05-10T22:52:00,2017-05-10T22:52:00,39,39
http://irail.be/vehicle/IC722,http://irail.be/stations/NMBS/008894748,IC,2017-05-10T22:53:00,2017-05-10T22:53:00,40,40
http://irail.be/vehicle/IC722,http://irail.be/stations/NMBS/008894714,IC,2017-05-10T22:55:00,2017-05-10T22:55:00,42,42
http://irail.be/vehicle/IC722,NO-URI,IC,2017-05-10T22:57:00,2017-05-10T22:57:00,2,2
http://irail.be/vehicle/IC722,http://irail.be/stations/NMBS/008894508,IC,2017-05-10T23:00:00,2017-05-10T22:59:00,100,-50
http://irail.be/vehicle/IC722,http://irail.be/stations/NMBS/008894433,IC,2017-05-10T23:03:00,2017-05-10T23:03:00,100,100
http://irail.be/vehicle/IC722,http://irail.be/stations/NMBS/008894425,IC,2017-05-10T23:03:00,2017-05-10T23:03:00,110,110
http://irail.be/vehicle/IC722,NO-URI,IC,2017-05-10T23:06:00,2017-05-10T23:06:00,65,65
http://irail.be/vehicle/IC722,http://irail.be/stations/NMBS/008894201,IC,2017-05-10T23:09:00,2017-05-10T23:08:00,49,56
http://irail.be/vehicle/IC722,http://irail.be/stations/NMBS/008894151,IC,2017-05-10T23:15:00,2017-05-10T23:15:00,61,49
http://irail.be/vehicle/IC722,http://irail.be/stations/NMBS/008893120,IC,2017-05-10T23:24:00,2017-05-10T23:23:00,87,5
http://irail.be/vehicle/IC722,http://irail.be/stations/NMBS/008893179,IC,2017-05-10T23:26:00,2017-05-10T23:26:00,87,87
http://irail.be/vehicle/IC722,NO-URI,IC,2017-05-10T23:27:00,2017-05-10T23:27:00,68,68
http://irail.be/vehicle/IC722,http://irail.be/stations/NMBS/008892007,IC,2017-05-10T23:36:00,2017-05-10T23:33:00,51,87
http://irail.be/vehicle/IC722,http://irail.be/stations/NMBS/008892080,IC,2017-05-10T23:43:00,2017-05-10T23:42:00,-5,23
http://irail.be/vehicle/IC722,NO-URI,IC,2017-05-10T23:48:00,2017-05-10T23:48:00,-51,-51
http://irail.be/vehicle/IC722,http://irail.be/stations/NMBS/008892106,IC,2017-05-10T23:50:00,2017-05-10T23:49:00,31,-16
http://irail.be/vehicle/IC722,http://irail.be/stations/NMBS/008896149,IC,2017-05-10T23:58:00,2017-05-10T23:57:00,53,5
http://irail.be/vehicle/IC722,http://irail.be/stations/NMBS/008896115,IC,2017-05-11T00:04:00,2017-05-11T00:04:00,10,10
http://irail.be/vehicle/IC722,http://irail.be/stations/NMBS/008896008,IC,2017-05-11T00:10:00,2017-05-11T00:10:00,,-64
http://irail.be/vehicle/IC722,http://irail.be/stations/NMBS/008821006,IC,2017-07-22T22:37:00,2017-07-22T22:37:00,3,
http://irail.be/vehicle/IC722,http://irail.be/stations/NMBS/008821121,IC,2017-07-22T22:43:00,2017-07-22T22:41:00,15,15
http://irail.be/vehicle/IC722,http://irail.be/stations/NMBS/008821196,IC,2017-07-22T22:46:00,2017-07-22T22:46:00,-17,-17
http://irail.be/vehicle/IC722,NO-URI,IC,2017-07-22T22:50:00,2017-07-22T22:50:00,-17,-17
http://irail.be/vehicle/IC722,http://irail.be/stations/NMBS/008894821,IC,2017-07-22T22:50:00,2017-07-22T22:50:00,7,7
http://irail.be/vehicle/IC722,http://irail.be/stations/NMBS/008894755,IC,2017-07-22T22:52:00,2017-07-22T22:52:00,-2,-2
http://irail.be/vehicle/IC722,http://irail.be/stations/NMBS/008894748,IC,2017-07-22T22:53:00,2017-07-22T22:53:00,-27,-27
http://irail.be/vehicle/IC722,http://irail.be/stations/NMBS/008894714,IC,2017-07-22T22:56:00,2017-07-22T22:56:00,-37,-37
http://irail.be/vehicle/IC722,NO-URI,IC,2017-07-22T22:57:00,2017-07-22T22:57:00,-39,-39
http://irail.be/vehicle/IC722,http://irail.be/stations/NMBS/008894508,IC,2017-07-22T23:01:00,2017-07-22T22:59:00,45,-67
http://irail.be/vehicle/IC722,http://irail.be/stations/NMBS/008894433,IC,2017-07-22T23:04:00,2017-07-22T23:04:00,45,45
http://irail.be/vehicle/IC722,http://irail.be/stations/NMBS/008894425,IC,2017-07-22T23:05:00,2017-07-22T23:05:00,20,20
http://irail.be/vehicle/IC722,NO-URI,IC,2017-07-22T23:07:00,2017-07-22T23:07:00,27,27
http://irail.be/vehicle/IC722,http://irail.be/stations/NMBS/008894201,IC,2017-07-22T23:11:00,2017-07-22T23:09:00,29,28
http://irail.be/vehicle/IC722,http://irail.be/stations/NMBS/008894151,IC,2017-07-22T23:16:00,2017-07-22T23:16:00,29,29
http://irail.be/vehicle/IC722,http://irail.be/stations/NMBS/008893120,IC,2017-07-22T23:24:00,2017-07-22T23:23:00,243,-24
http://irail.be/vehicle/IC722,http://irail.be/stations/NMBS/008893179,IC,2017-07-22T23:26:00,2017-07-22T23:26:00,243,243
http://irail.be/vehicle/IC722,NO-URI,IC,2017-07-22T23:27:00,2017-07-22T23:27:00,174,174
http://irail.be/vehicle/IC722,http://irail.be/stations/NMBS/008892007,IC,2017-07-22T23:36:00,2017-07-22T23:33:00,175,144
http://irail.be/vehicle/IC722,http://irail.be/stations/NMBS/008892080,IC,2017-07-22T23:43:00,2017-07-22T23:42:00,171,180
http://irail.be/vehicle/IC722,NO-URI,IC,2017-07-22T23:47:00,2017-07-22T23:47:00,168,168
http://irail.be/vehicle/IC722,http://irail.be/stations/NMBS/008892106,IC,2017-07-22T23:50:00,2017-07-22T23:49:00,264,168
http://irail.be/vehicle/IC722,http://irail.be/stations/NMBS/008896149,IC,2017-07-22T23:58:00,2017-07-22T23:57:00,228,215
http://irail.be/vehicle/IC722,http://irail.be/stations/NMBS/008896115,IC,2017-07-23T00:04:00,2017-07-23T00:04:00,200,200
http://irail.be/vehicle/IC722,http://irail.be/stations/NMBS/008896008,IC,2017-07-23T00:10:00,2017-07-23T00:10:00,,130
http://irail.be/vehicle/IC722,http://irail.be/stations/NMBS/008821006,IC,2017-09-15T22:37:00,2017-09-15T22:37:00,1610,
http://irail.be/vehicle/IC722,http://irail.be/stations/NMBS/008821121,IC,2017-09-15T22:43:00,2017-09-15T22:41:00,1579,1579
http://irail.be/vehicle/IC722,http://irail.be/stations/NMBS/008821196,IC,2017-09-15T22:46:00,2017-09-15T22:46:00,1546,1546
http://irail.be/vehicle/IC722,NO-URI,IC,2017-09-15T22:50:00,2017-09-15T22:50:00,1546,1546
http://irail.be/vehicle/IC722,http://irail.be/stations/NMBS/008894821,IC,2017-09-15T22:50:00,2017-09-15T22:50:00,1570,1570
http://irail.be/vehicle/IC722,http://irail.be/stations/NMBS/008894755,IC,2017-09-15T22:52:00,2017-09-15T22:52:00,1548,1548
http://irail.be/vehicle/IC722,http://irail.be/stations/NMBS/008894748,IC,2017-09-15T22:53:00,2017-09-15T22:53:00,1518,1518
http://irail.be/vehicle/IC722,http://irail.be/stations/NMBS/008894714,IC,2017-09-15T22:56:00,2017-09-15T22:56:00,1496,1496
http://irail.be/vehicle/IC722,NO-URI,IC,2017-09-15T22:57:00,2017-09-15T22:57:00,1485,1485
http://irail.be/vehicle/IC722,http://irail.be/stations/NMBS/008894508,IC,2017-09-15T23:00:00,2017-09-15T22:59:00,1649,1533
http://irail.be/vehicle/IC722,http://irail.be/stations/NMBS/008894433,IC,2017-09-15T23:03:00,2017-09-15T23:03:00,1649,1649
http://irail.be/vehicle/IC722,http://irail.be/stations/NMBS/008894425,IC,2017-09-15T23:04:00,2017-09-15T23:04:00,1612,1612
http://irail.be/vehicle/IC722,NO-URI,IC,2017-09-15T23:06:00,2017-09-15T23:06:00,1605,1605
http://irail.be/vehicle/IC722,http://irail.be/stations/NMBS/008894201,IC,2017-09-15T23:09:00,2017-09-15T23:08:00,1672,1610
http://irail.be/vehicle/IC722,http://irail.be/stations/NMBS/008894151,IC,2017-09-15T23:15:00,2017-09-15T23:15:00,1673,1672
http://irail.be/vehicle/IC722,http://irail.be/stations/NMBS/008893120,IC,2017-09-15T23:24:00,2017-09-15T23:23:00,1735,1621
http://irail.be/vehicle/IC722,http://irail.be/stations/NMBS/008893179,IC,2017-09-15T23:26:00,2017-09-15T23:26:00,1735,1735
http://irail.be/vehicle/IC722,NO-URI,IC,2017-09-15T23:27:00,2017-09-15T23:27:00,1696,1696
http://irail.be/vehicle/IC722,http://irail.be/stations/NMBS/008892007,IC,2017-09-15T23:36:00,2017-09-15T23:33:00,1694,1715
http://irail.be/vehicle/IC722,http://irail.be/stations/NMBS/008892080,IC,2017-09-15T23:43:00,2017-09-15T23:42:00,1605,1646
http://irail.be/vehicle/IC722,NO-URI,IC,2017-09-15T23:48:00,2017-09-15T23:48:00,1545,1545
http://irail.be/vehicle/IC722,http://irail.be/stations/NMBS/008892106,IC,2017-09-15T23:50:00,2017-09-15T23:49:00,1583,1549
http://irail.be/vehicle/IC722,http://irail.be/stations/NMBS/008896149,IC,2017-09-15T23:58:00,2017-09-15T23:57:00,1534,1531
http://irail.be/vehicle/IC722,http://irail.be/stations/NMBS/008896115,IC,2017-09-16T00:04:00,2017-09-16T00:04:00,1699,1488
http://irail.be/vehicle/IC722,http://irail.be/stations/NMBS/008896008,IC,2017-09-16T00:10:00,2017-09-16T00:10:00,,1761
http://irail.be/vehicle/IC722,http://irail.be/stations/NMBS/008821006,IC,2017-05-01T22:37:00,2017-05-01T22:37:00,26,
http://irail.be/vehicle/IC722,http://irail.be/stations/NMBS/008821121,IC,2017-05-01T22:43:00,2017-05-01T22:41:00,18,18
http://irail.be/vehicle/IC722,http://irail.be/stations/NMBS/008821196,IC,2017-05-01T22:46:00,2017-05-01T22:46:00,-15,-15
http://irail.be/vehicle/IC722,NO-URI,IC,2017-05-01T22:50:00,2017-05-01T22:50:00,-15,-15
http://irail.be/vehicle/IC722,http://irail.be/stations/NMBS/008894821,IC,2017-05-01T22:50:00,2017-05-01T22:50:00,8,8
http://irail.be/vehicle/IC722,http://irail.be/stations/NMBS/008894755,IC,2017-05-01T22:52:00,2017-05-01T22:52:00,-13,-13
http://irail.be/vehicle/IC722,http://irail.be/stations/NMBS/008894748,IC,2017-05-01T22:53:00,2017-05-01T22:53:00,-42,-42
http://irail.be/vehicle/IC722,http://irail.be/stations/NMBS/008894714,IC,2017-05-01T22:56:00,2017-05-01T22:56:00,-66,-66
http://irail.be/vehicle/IC722,NO-URI,IC,2017-05-01T22:57:00,2017-05-01T22:57:00,-77,-77
http://irail.be/vehicle/IC722,http://irail.be/stations/NMBS/008894508,IC,2017-05-01T23:01:00,2017-05-01T22:59:00,63,-114
http://irail.be/vehicle/IC722,http://irail.be/stations/NMBS/008894433,IC,2017-05-01T23:04:00,2017-05-01T23:04:00,63,63
http://irail.be/vehicle/IC722,http://irail.be/stations/NMBS/008894425,IC,2017-05-01T23:05:00,2017-05-01T23:05:00,16,16
http://irail.be/vehicle/IC722,NO-URI,IC,2017-05-01T23:07:00,2017-05-01T23:07:00,11,11
http://irail.be/vehicle/IC722,http://irail.be/stations/NMBS/008894201,IC,2017-05-01T23:11:00,2017-05-01T23:09:00,1,3
http://irail.be/vehicle/IC722,http://irail.be/stations/NMBS/008894151,IC,2017-05-01T23:16:00,2017-05-01T23:16:00,1,1
http://irail.be/vehicle/IC722,http://irail.be/stations/NMBS/008893120,IC,2017-05-01T23:24:00,2017-05-01T23:23:00,26,-56
http://irail.be/vehicle/IC722,http://irail.be/stations/NMBS/008893179,IC,2017-05-01T23:26:00,2017-05-01T23:26:00,26,26
http://irail.be/vehicle/IC722,NO-URI,IC,2017-05-01T23:27:00,2017-05-01T23:27:00,-13,-13
http://irail.be/vehicle/IC722,http://irail.be/stations/NMBS/008892007,IC,2017-05-01T23:36:00,2017-05-01T23:33:00,10,-21
http://irail.be/vehicle/IC722,http://irail.be/stations/NMBS/008892080,IC,2017-05-01T23:43:00,2017-05-01T23:42:00,6,-13
http://irail.be/vehicle/IC722,NO-URI,IC,2017-05-01T23:47:00,2017-05-01T23:47:00,-13,-13
http://irail.be/vehicle/IC722,http://irail.be/stations/NMBS/008892106,IC,2017-05-01T23:50:00,2017-05-01T23:49:00,41,-19
http://irail.be/vehicle/IC722,http://irail.be/stations/NMBS/008896149,IC,2017-05-01T23:58:00,2017-05-01T23:57:00,4,-16
http://irail.be/vehicle/IC722,http://irail.be/stations/NMBS/008896115,IC,2017-05-02T00:04:00,2017-05-02T00:04:00,4,4
http://irail.be/vehicle/IC722,http://irail.be/stations/NMBS/008896008,IC,2017-05-02T00:10:00,2017-05-02T00:10:00,,-96
http://irail.be/vehicle/IC722,http://irail.be/stations/NMBS/008821006,IC,2017-04-24T22:37:00,2017-04-24T22:37:00,-15,
http://irail.be/vehicle/IC722,http://irail.be/stations/NMBS/008821121,IC,2017-04-24T22:43:00,2017-04-24T22:41:00,20,20
http://irail.be/vehicle/IC722,http://irail.be/stations/NMBS/008821196,IC,2017-04-24T22:46:00,2017-04-24T22:46:00,-17,-17
http://irail.be/vehicle/IC722,NO-URI,IC,2017-04-24T22:50:00,2017-04-24T22:50:00,-17,-17
http://irail.be/vehicle/IC722,http://irail.be/stations/NMBS/008894821,IC,2017-04-24T22:50:00,2017-04-24T22:50:00,5,5
http://irail.be/vehicle/IC722,http://irail.be/stations/NMBS/008894755,IC,2017-04-24T22:52:00,2017-04-24T22:52:00,-15,-15
http://irail.be/vehicle/IC722,http://irail.be/stations/NMBS/008894748,IC,2017-04-24T22:53:00,2017-04-24T22:53:00,-41,-41
http://irail.be/vehicle/IC722,http://irail.be/stations/NMBS/008894714,IC,2017-04-24T22:56:00,2017-04-24T22:56:00,-58,-58
http://irail.be/vehicle/IC722,NO-URI,IC,2017-04-24T22:57:00,2017-04-24T22:57:00,-69,-69
http://irail.be/vehicle/IC722,http://irail.be/stations/NMBS/008894508,IC,2017-04-24T23:00:00,2017-04-24T22:59:00,127,-102
http://irail.be/vehicle/IC722,http://irail.be/stations/NMBS/008894433,IC,2017-04-24T23:03:00,2017-04-24T23:03:00,127,127
http://irail.be/vehicle/IC722,http://irail.be/stations/NMBS/008894425,IC,2017-04-24T23:04:00,2017-04-24T23:04:00,76,76
http://irail.be/vehicle/IC722,NO-URI,IC,2017-04-24T23:06:00,2017-04-24T23:06:00,72,72
http://irail.be/vehicle/IC722,http://irail.be/stations/NMBS/008894201,IC,2017-04-24T23:09:00,2017-04-24T23:08:00,60,72
http://irail.be/vehicle/IC722,http://irail.be/stations/NMBS/008894151,IC,2017-04-24T23:15:00,2017-04-24T23:15:00,60,60
http://irail.be/vehicle/IC722,http://irail.be/stations/NMBS/008893120,IC,2017-04-24T23:24:00,2017-04-24T23:23:00,89,19
http://irail.be/vehicle/IC722,http://irail.be/stations/NMBS/008893179,IC,2017-04-24T23:26:00,2017-04-24T23:26:00,89,89
http://irail.be/vehicle/IC722,NO-URI,IC,2017-04-24T23:27:00,2017-04-24T23:27:00,70,70
http://irail.be/vehicle/IC722,http://irail.be/stations/NMBS/008892007,IC,2017-04-24T23:36:00,2017-04-24T23:33:00,68,71
http://irail.be/vehicle/IC722,http://irail.be/stations/NMBS/008892080,IC,2017-04-24T23:43:00,2017-04-24T23:42:00,10,59
http://irail.be/vehicle/IC722,NO-URI,IC,2017-04-24T23:48:00,2017-04-24T23:48:00,-43,-43
http://irail.be/vehicle/IC722,http://irail.be/stations/NMBS/008892106,IC,2017-04-24T23:50:00,2017-04-24T23:49:00,26,-30
http://irail.be/vehicle/IC722,http://irail.be/stations/NMBS/008896149,IC,2017-04-24T23:58:00,2017-04-24T23:57:00,-8,-33
http://irail.be/vehicle/IC722,http://irail.be/stations/NMBS/008896115,IC,2017-04-25T00:04:00,2017-04-25T00:04:00,-8,-8
http://irail.be/vehicle/IC722,http://irail.be/stations/NMBS/008896008,IC,2017-04-25T00:10:00,2017-04-25T00:10:00,,-65
http://irail.be/vehicle/IC722,http://irail.be/stations/NMBS/008821006,IC,2017-07-31T22:37:00,2017-07-31T22:37:00,20,
http://irail.be/vehicle/IC722,http://irail.be/stations/NMBS/008821121,IC,2017-07-31T22:43:00,2017-07-31T22:41:00,21,21
http://irail.be/vehicle/IC722,http://irail.be/stations/NMBS/008821196,IC,2017-07-31T22:46:00,2017-07-31T22:46:00,-19,-19
http://irail.be/vehicle/IC722,NO-URI,IC,2017-07-31T22:50:00,2017-07-31T22:50:00,-19,-19
http://irail.be/vehicle/IC722,http://irail.be/stations/NMBS/008894821,IC,2017-07-31T22:50:00,2017-07-31T22:50:00,-23,-23
http://irail.be/vehicle/IC722,http://irail.be/stations/NMBS/008894755,IC,2017-07-31T22:52:00,2017-07-31T22:52:00,-22,-22
http://irail.be/vehicle/IC722,http://irail.be/stations/NMBS/008894748,IC,2017-07-31T22:53:00,2017-07-31T22:53:00,-45,-45
http://irail.be/vehicle/IC722,http://irail.be/stations/NMBS/008894714,IC,2017-07-31T22:56:00,2017-07-31T22:56:00,-66,-66
http://irail.be/vehicle/IC722,NO-URI,IC,2017-07-31T22:57:00,2017-07-31T22:57:00,-77,-77
http://irail.be/vehicle/IC722,http://irail.be/stations/NMBS/008894508,IC,2017-07-31T23:00:00,2017-07-31T22:59:00,25,-112
http://irail.be/vehicle/IC722,http://irail.be/stations/NMBS/008894433,IC,2017-07-31T23:03:00,2017-07-31T23:03:00,25,25
http://irail.be/vehicle/IC722,http://irail.be/stations/NMBS/008894425,IC,2017-07-31T23:04:00,2017-07-31T23:04:00,35,35
http://irail.be/vehicle/IC722,NO-URI,IC,2017-07-31T23:06:00,2017-07-31T23:06:00,32,32
http://irail.be/vehicle/IC722,http://irail.be/stations/NMBS/008894201,IC,2017-07-31T23:09:00,2017-07-31T23:08:00,62,14
http://irail.be/vehicle/IC722,http://irail.be/stations/NMBS/008894151,IC,2017-07-31T23:15:00,2017-07-31T23:15:00,91,62
http://irail.be/vehicle/IC722,http://irail.be/stations/NMBS/008893120,IC,2017-07-31T23:24:00,2017-07-31T23:23:00,206,15
http://irail.be/vehicle/IC722,http://irail.be/stations/NMBS/008893179,IC,2017-07-31T23:26:00,2017-07-31T23:26:00,206,206
http://irail.be/vehicle/IC722,NO-URI,IC,2017-07-31T23:27:00,2017-07-31T23:27:00,176,176
http://irail.be/vehicle/IC722,http://irail.be/stations/NMBS/008892007,IC,2017-07-31T23:36:00,2017-07-31T23:33:00,155,144
http://irail.be/vehicle/IC722,http://irail.be/stations/NMBS/008892080,IC,2017-07-31T23:43:00,2017-07-31T23:42:00,168,147
http://irail.be/vehicle/IC722,NO-URI,IC,2017-07-31T23:48:00,2017-07-31T23:48:00,80,80
http://irail.be/vehicle/IC722,http://irail.be/stations/NMBS/008892106,IC,2017-07-31T23:50:00,2017-07-31T23:49:00,111,62
http://irail.be/vehicle/IC722,http://irail.be/stations/NMBS/008896149,IC,2017-07-31T23:58:00,2017-07-31T23:57:00,140,2
http://irail.be/vehicle/IC722,http://irail.be/stations/NMBS/008896115,IC,2017-08-01T00:04:00,2017-08-01T00:04:00,118,80
http://irail.be/vehicle/IC722,http://irail.be/stations/NMBS/008896008,IC,2017-08-01T00:10:00,2017-08-01T00:10:00,,77
http://irail.be/vehicle/IC722,http://irail.be/stations/NMBS/008821006,IC,2017-01-12T22:37:00,2017-01-12T22:37:00,-5,
http://irail.be/vehicle/IC722,http://irail.be/stations/NMBS/008821121,IC,2017-01-12T22:43:00,2017-01-12T22:41:00,21,21
http://irail.be/vehicle/IC722,http://irail.be/stations/NMBS/008821196,IC,2017-01-12T22:46:00,2017-01-12T22:46:00,-8,-8
http://irail.be/vehicle/IC722,NO-URI,IC,2017-01-12T22:50:00,2017-01-12T22:50:00,-8,-8
http://irail.be/vehicle/IC722,http://irail.be/stations/NMBS/008894821,IC,2017-01-12T22:50:00,2017-01-12T22:50:00,24,24
http://irail.be/vehicle/IC722,http://irail.be/stations/NMBS/008894755,IC,2017-01-12T22:52:00,2017-01-12T22:52:00,20,20
http://irail.be/vehicle/IC722,http://irail.be/stations/NMBS/008894748,IC,2017-01-12T22:53:00,2017-01-12T22:53:00,25,25
http://irail.be/vehicle/IC722,http://irail.be/stations/NMBS/008894714,IC,2017-01-12T22:55:00,2017-01-12T22:55:00,32,32
http://irail.be/vehicle/IC722,NO-URI,IC,2017-01-12T22:57:00,2017-01-12T22:57:00,-9,-9
http://irail.be/vehicle/IC722,http://irail.be/stations/NMBS/008894508,IC,2017-01-12T23:00:00,2017-01-12T22:59:00,48,-68
http://irail.be/vehicle/IC722,http://irail.be/stations/NMBS/008894433,IC,2017-01-12T23:03:00,2017-01-12T23:03:00,48,48
http://irail.be/vehicle/IC722,http://irail.be/stations/NMBS/008894425,IC,2017-01-12T23:03:00,2017-01-12T23:03:00,45,45
http://irail.be/vehicle/IC722,NO-URI,IC,2017-01-12T23:06:00,2017-01-12T23:06:00,6,6
http://irail.be/vehicle/IC722,http://irail.be/stations/NMBS/008894201,IC,2017-01-12T23:09:00,2017-01-12T23:08:00,3,-2
http://irail.be/vehicle/IC722,http://irail.be/stations/NMBS/008894151,IC,2017-01-12T23:15:00,2017-01-12T23:15:00,-11,-11
http://irail.be/vehicle/IC722,http://irail.be/stations/NMBS/008893120,IC,2017-01-12T23:24:00,2017-01-12T23:23:00,14,-26
http://irail.be/vehicle/IC722,http://irail.be/stations/NMBS/008893179,IC,2017-01-12T23:26:00,2017-01-12T23:26:00,14,14
http://irail.be/vehicle/IC722,NO-URI,IC,2017-01-12T23:27:00,2017-01-12T23:27:00,-37,-37
http://irail.be/vehicle/IC722,http://irail.be/stations/NMBS/008892007,IC,2017-01-12T23:36:00,2017-01-12T23:33:00,14,-63
http://irail.be/vehicle/IC722,http://irail.be/stations/NMBS/008892080,IC,2017-01-12T23:43:00,2017-01-12T23:42:00,-18,16
http://irail.be/vehicle/IC722,NO-URI,IC,2017-01-12T23:48:00,2017-01-12T23:48:00,-66,-66
http://irail.be/vehicle/IC722,http://irail.be/stations/NMBS/008892106,IC,2017-01-12T23:50:00,2017-01-12T23:49:00,32,-49
http://irail.be/vehicle/IC722,http://irail.be/stations/NMBS/008896149,IC,2017-01-12T23:58:00,2017-01-12T23:57:00,-8,-12
http://irail.be/vehicle/IC722,http://irail.be/stations/NMBS/008896115,IC,2017-01-13T00:04:00,2017-01-13T00:04:00,-33,-33
http://irail.be/vehicle/IC722,http://irail.be/stations/NMBS/008896008,IC,2017-01-13T00:10:00,2017-01-13T00:10:00,,-50
http://irail.be/vehicle/IC722,http://irail.be/stations/NMBS/008821006,IC,2017-12-11T22:37:00,2017-12-11T22:37:00,1564,
http://irail.be/vehicle/IC722,http://irail.be/stations/NMBS/008821121,IC,2017-12-11T22:43:00,2017-12-11T22:41:00,1515,1515
http://irail.be/vehicle/IC722,http://irail.be/stations/NMBS/008821196,IC,2017-12-11T22:47:00,2017-12-11T22:47:00,1477,1477
http://irail.be/vehicle/IC722,NO-URI,IC,2017-12-11T22:50:00,2017-12-11T22:50:00,1477,1477
http://irail.be/vehicle/IC722,http://irail.be/stations/NMBS/008894821,IC,2017-12-11T22:50:00,2017-12-11T22:50:00,1512,1512
http://irail.be/vehicle/IC722,http://irail.be/stations/NMBS/008894755,IC,2017-12-11T22:52:00,2017-12-11T22:52:00,1498,1498
http://irail.be/vehicle/IC722,http://irail.be/stations/NMBS/008894748,IC,2017-12-11T22:53:00,2017-12-11T22:53:00,1470,1470
http://irail.be/vehicle/IC722,http://irail.be/stations/NMBS/008894714,IC,2017-12-11T22:56:00,2017-12-11T22:56:00,1448,1448
http://irail.be/vehicle/IC722,NO-URI,IC,2017-12-11T22:57:00,2017-12-11T22:57:00,1436,1436
http://irail.be/vehicle/IC722,http://irail.be/stations/NMBS/008894508,IC,2017-12-11T23:02:00,2017-12-11T23:00:00,1460,1444
http://irail.be/vehicle/IC722,http://irail.be/stations/NMBS/008894433,IC,2017-12-11T23:05:00,2017-12-11T23:05:00,1460,1460
http://irail.be/vehicle/IC722,http://irail.be/stations/NMBS/008894425,IC,2017-12-11T23:06:00,2017-12-11T23:06:00,1438,1438
http://irail.be/vehicle/IC722,NO-URI,IC,2017-12-11T23:08:00,2017-12-11T23:08:00,1433,1433
http://irail.be/vehicle/IC722,http://irail.be/stations/NMBS/008894201,IC,2017-12-11T23:11:00,2017-12-11T23:10:00,1418,1421
http://irail.be/vehicle/IC722,http://irail.be/stations/NMBS/008894151,IC,2017-12-11T23:16:00,2017-12-11T23:16:00,1418,1418
http://irail.be/vehicle/IC722,http://irail.be/stations/NMBS/008893120,IC,2017-12-11T23:25:00,2017-12-11T23:24:00,1351,1311
http://irail.be/vehicle/IC722,http://irail.be/stations/NMBS/008893179,IC,2017-12-11T23:27:00,2017-12-11T23:27:00,1351,1351
http://irail.be/vehicle/IC722,NO-URI,IC,2017-12-11T23:28:00,2017-12-11T23:28:00,1371,1371
http://irail.be/vehicle/IC722,http://irail.be/stations/NMBS/008892007,IC,2017-12-11T23:36:00,2017-12-11T23:33:00,1257,1353
http://irail.be/vehicle/IC722,http://irail.be/stations/NMBS/008892080,IC,2017-12-11T23:44:00,2017-12-11T23:43:00,1209,1224
http://irail.be/vehicle/IC722,NO-URI,IC,2017-12-11T23:48:00,2017-12-11T23:48:00,1202,1202
http://irail.be/vehicle/IC722,http://irail.be/stations/NMBS/008892106,IC,2017-12-11T23:50:00,2017-12-11T23:49:00,1249,1210
http://irail.be/vehicle/IC722,http://irail.be/stations/NMBS/008896149,IC,2017-12-11T23:58:00,2017-12-11T23:57:00,1195,1198
http://irail.be/vehicle/IC722,http://irail.be/stations/NMBS/008896115,IC,2017-12-12T00:04:00,2017-12-12T00:04:00,1158,1158
http://irail.be/vehicle/IC722,http://irail.be/stations/NMBS/008896008,IC,2017-12-12T00:11:00,2017-12-12T00:11:00,,1103
http://irail.be/vehicle/IC722,http://irail.be/stations/NMBS/008821006,IC,2017-06-06T22:37:00,2017-06-06T22:37:00,6,
http://irail.be/vehicle/IC722,http://irail.be/stations/NMBS/008821121,IC,2017-06-06T22:43:00,2017-06-06T22:41:00,13,13
http://irail.be/vehicle/IC722,http://irail.be/stations/NMBS/008821196,IC,2017-06-06T22:46:00,2017-06-06T22:46:00,-39,-39
http://irail.be/vehicle/IC722,NO-URI,IC,2017-06-06T22:50:00,2017-06-06T22:50:00,-39,-39
http://irail.be/vehicle/IC722,http://irail.be/stations/NMBS/008894821,IC,2017-06-06T22:50:00,2017-06-06T22:50:00,-16,-16
http://irail.be/vehicle/IC722,http://irail.be/stations/NMBS/008894755,IC,2017-06-06T22:52:00,2017-06-06T22:52:00,-35,-35
http://irail.be/vehicle/IC722,http://irail.be/stations/NMBS/008894748,IC,2017-06-06T22:53:00,2017-06-06T22:53:00,-65,-65
http://irail.be/vehicle/IC722,http://irail.be/stations/NMBS/008894714,IC,2017-06-06T22:56:00,2017-06-06T22:56:00,-90,-90
http://irail.be/vehicle/IC722,NO-URI,IC,2017-06-06T22:57:00,2017-06-06T22:57:00,-104,-104
http://irail.be/vehicle/IC722,http://irail.be/stations/NMBS/008894508,IC,2017-06-06T23:00:00,2017-06-06T22:59:00,70,-143
http://irail.be/vehicle/IC722,http://irail.be/stations/NMBS/008894433,IC,2017-06-06T23:03:00,2017-06-06T23:03:00,70,70
http://irail.be/vehicle/IC722,http://irail.be/stations/NMBS/008894425,IC,2017-06-06T23:04:00,2017-06-06T23:04:00,27,27
http://irail.be/vehicle/IC722,NO-URI,IC,2017-06-06T23:06:00,2017-06-06T23:06:00,18,18
http://irail.be/vehicle/IC722,http://irail.be/stations/NMBS/008894201,IC,2017-06-06T23:09:00,2017-06-06T23:08:00,52,64
http://irail.be/vehicle/IC722,http://irail.be/stations/NMBS/008894151,IC,2017-06-06T23:15:00,2017-06-06T23:15:00,52,52
http://irail.be/vehicle/IC722,http://irail.be/stations/NMBS/008893120,IC,2017-06-06T23:24:00,2017-06-06T23:23:00,38,-26
http://irail.be/vehicle/IC722,http://irail.be/stations/NMBS/008893179,IC,2017-06-06T23:26:00,2017-06-06T23:26:00,38,38
http://irail.be/vehicle/IC722,NO-URI,IC,2017-06-06T23:27:00,2017-06-06T23:27:00,66,66
http://irail.be/vehicle/IC722,http://irail.be/stations/NMBS/008892007,IC,2017-06-06T23:36:00,2017-06-06T23:33:00,66,76
http://irail.be/vehicle/IC722,http://irail.be/stations/NMBS/008892080,IC,2017-06-06T23:43:00,2017-06-06T23:42:00,24,59
http://irail.be/vehicle/IC722,NO-URI,IC,2017-06-06T23:48:00,2017-06-06T23:48:00,-25,-25
http://irail.be/vehicle/IC722,http://irail.be/stations/NMBS/008892106,IC,2017-06-06T23:50:00,2017-06-06T23:49:00,24,-22
http://irail.be/vehicle/IC722,http://irail.be/stations/NMBS/008896149,IC,2017-06-06T23:58:00,2017-06-06T23:57:00,-33,-32
http://irail.be/vehicle/IC722,http://irail.be/stations/NMBS/008896115,IC,2017-06-07T00:04:00,2017-06-07T00:04:00,-60,-60
http://irail.be/vehicle/IC722,http://irail.be/stations/NMBS/008896008,IC,2017-06-07T00:10:00,2017-06-07T00:10:00,,-108
http://irail.be/vehicle/IC722,http://irail.be/stations/NMBS/008821006,IC,2017-07-19T22:37:00,2017-07-19T22:37:00,27,
http://irail.be/vehicle/IC722,http://irail.be/stations/NMBS/008821121,IC,2017-07-19T22:43:00,2017-07-19T22:41:00,49,49
http://irail.be/vehicle/IC722,http://irail.be/stations/NMBS/008821196,IC,2017-07-19T22:46:00,2017-07-19T22:46:00,18,18
http://irail.be/vehicle/IC722,NO-URI,IC,2017-07-19T22:50:00,2017-07-19T22:50:00,18,18
http://irail.be/vehicle/IC722,http://irail.be/stations/NMBS/008894821,IC,2017-07-19T22:50:00,2017-07-19T22:50:00,41,41
http://irail.be/vehicle/IC722,http://irail.be/stations/NMBS/008894755,IC,2017-07-19T22:52:00,2017-07-19T22:52:00,21,21
http://irail.be/vehicle/IC722,http://irail.be/stations/NMBS/008894748,IC,2017-07-19T22:53:00,2017-07-19T22:53:00,-8,-8
http://irail.be/vehicle/IC722,http://irail.be/stations/NMBS/008894714,IC,2017-07-19T22:56:00,2017-07-19T22:56:00,-28,-28
http://irail.be/vehicle/IC722,NO-URI,IC,2017-07-19T22:57:00,2017-07-19T22:57:00,-36,-36
http://irail.be/vehicle/IC722,http://irail.be/stations/NMBS/008894508,IC,2017-07-19T23:00:00,2017-07-19T22:59:00,115,-65
http://irail.be/vehicle/IC722,http://irail.be/stations/NMBS/008894433,IC,2017-07-19T23:03:00,2017-07-19T23:03:00,115,115
http://irail.be/vehicle/IC722,http://irail.be/stations/NMBS/008894425,IC,2017-07-19T23:04:00,2017-07-19T23:04:00,85,85
http://irail.be/vehicle/IC722,NO-URI,IC,2017-07-19T23:06:00,2017-07-19T23:06:00,81,81
http://irail.be/vehicle/IC722,http://irail.be/stations/NMBS/008894201,IC,2017-07-19T23:09:00,2017-07-19T23:08:00,130,79
http://irail.be/vehicle/IC722,http://irail.be/stations/NMBS/008894151,IC,2017-07-19T23:15:00,2017-07-19T23:15:00,130,130
http://irail.be/vehicle/IC722,http://irail.be/stations/NMBS/008893120,IC,2017-07-19T23:24:00,2017-07-19T23:23:00,148,69
http://irail.be/vehicle/IC722,http://irail.be/stations/NMBS/008893179,IC,2017-07-19T23:26:00,2017-07-19T23:26:00,148,148
http://irail.be/vehicle/IC722,NO-URI,IC,2017-07-19T23:27:00,2017-07-19T23:27:00,95,95
http://irail.be/vehicle/IC722,http://irail.be/stations/NMBS/008892007,IC,2017-07-19T23:36:00,2017-07-19T23:33:00,105,90
http://irail.be/vehicle/IC722,http://irail.be/stations/NMBS/008892080,IC,2017-07-19T23:43:00,2017-07-19T23:42:00,84,106
http://irail.be/vehicle/IC722,NO-URI,IC,2017-07-19T23:48:00,2017-07-19T23:48:00,32,32
http://irail.be/vehicle/IC722,http://irail.be/stations/NMBS/008892106,IC,2017-07-19T23:50:00,2017-07-19T23:49:00,83,35
http://irail.be/vehicle/IC722,http://irail.be/stations/NMBS/008896149,IC,2017-07-19T23:58:00,2017-07-19T23:57:00,59,31
http://irail.be/vehicle/IC722,http://irail.be/stations/NMBS/008896115,IC,2017-07-20T00:04:00,2017-07-20T00:04:00,53,53
http://irail.be/vehicle/IC722,http://irail.be/stations/NMBS/008896008,IC,2017-07-20T00:10:00,2017-07-20T00:10:00,,33
http://irail.be/vehicle/IC722,http://irail.be/stations/NMBS/008821006,IC,2017-12-10T22:37:00,2017-12-10T22:37:00,17,
http://irail.be/vehicle/IC722,http://irail.be/stations/NMBS/008821121,IC,2017-12-10T22:43:00,2017-12-10T22:41:00,101,101
http://irail.be/vehicle/IC722,http://irail.be/stations/NMBS/008821196,IC,2017-12-10T22:47:00,2017-12-10T22:47:00,78,78
http://irail.be/vehicle/IC722,NO-URI,IC,2017-12-10T22:50:00,2017-12-10T22:50:00,78,78
http://irail.be/vehicle/IC722,http://irail.be/stations/NMBS/008894821,IC,2017-12-10T22:50:00,2017-12-10T22:50:00,111,111
http://irail.be/vehicle/IC722,http://irail.be/stations/NMBS/008894755,IC,2017-12-10T22:52:00,2017-12-10T22:52:00,92,92
http://irail.be/vehicle/IC722,http://irail.be/stations/NMBS/008894748,IC,2017-12-10T22:53:00,2017-12-10T22:53:00,62,62
http://irail.be/vehicle/IC722,http://irail.be/stations/NMBS/008894714,IC,2017-12-10T22:56:00,2017-12-10T22:56:00,40,40
http://irail.be/vehicle/IC722,NO-URI,IC,2017-12-10T22:57:00,2017-12-10T22:57:00,30,30
http://irail.be/vehicle/IC722,http://irail.be/stations/NMBS/008894508,IC,2017-12-10T23:02:00,2017-12-10T23:00:00,14,-50
http://irail.be/vehicle/IC722,http://irail.be/stations/NMBS/008894433,IC,2017-12-10T23:05:00,2017-12-10T23:05:00,14,14
http://irail.be/vehicle/IC722,http://irail.be/stations/NMBS/008894425,IC,2017-12-10T23:06:00,2017-12-10T23:06:00,-17,-17
http://irail.be/vehicle/IC722,NO-URI,IC,2017-12-10T23:08:00,2017-12-10T23:08:00,-21,-21
http://irail.be/vehicle/IC722,http://irail.be/stations/NMBS/008894201,IC,2017-12-10T23:11:00,2017-12-10T23:10:00,-26,-27
http://irail.be/vehicle/IC722,http://irail.be/stations/NMBS/008894151,IC,2017-12-10T23:16:00,2017-12-10T23:16:00,-26,-26
http://irail.be/vehicle/IC722,http://irail.be/stations/NMBS/008893120,IC,2017-12-10T23:25:00,2017-12-10T23:24:00,25,-74
http://irail.be/vehicle/IC722,http://irail.be/stations/NMBS/008893179,IC,2017-12-10T23:27:00,2017-12-10T23:27:00,25,25
http://irail.be/vehicle/IC722,NO-URI,IC,2017-12-10T23:28:00,2017-12-10T23:28:00,41,41
http://irail.be/vehicle/IC722,http://irail.be/stations/NMBS/008892007,IC,2017-12-10T23:36:00,2017-12-10T23:33:00,-2,15
http://irail.be/vehicle/IC722,http://irail.be/stations/NMBS/008892080,IC,2017-12-10T23:44:00,2017-12-10T23:43:00,-69,-61
http://irail.be/vehicle/IC722,NO-URI,IC,2017-12-10T23:48:00,2017-12-10T23:48:00,-85,-85
http://irail.be/vehicle/IC722,http://irail.be/stations/NMBS/008892106,IC,2017-12-10T23:50:00,2017-12-10T23:49:00,12,-75
http://irail.be/vehicle/IC722,http://irail.be/stations/NMBS/008896149,IC,2017-12-10T23:58:00,2017-12-10T23:57:00,61,34
http://irail.be/vehicle/IC722,http://irail.be/stations/NMBS/008896115,IC,2017-12-11T00:04:00,2017-12-11T00:04:00,58,58
http://irail.be/vehicle/IC722,http://irail.be/stations/NMBS/008896008,IC,2017-12-11T00:11:00,2017-12-11T00:11:00,,-62
http://irail.be/vehicle/IC722,http://irail.be/stations/NMBS/008821006,IC,2017-03-28T22:37:00,2017-03-28T22:37:00,35,
http://irail.be/vehicle/IC722,http://irail.be/stations/NMBS/008821121,IC,2017-03-28T22:43:00,2017-03-28T22:41:00,61,61
http://irail.be/vehicle/IC722,http://irail.be/stations/NMBS/008821196,IC,2017-03-28T22:46:00,2017-03-28T22:46:00,45,45
http://irail.be/vehicle/IC722,NO-URI,IC,2017-03-28T22:50:00,2017-03-28T22:50:00,45,45
http://irail.be/vehicle/IC722,http://irail.be/stations/NMBS/008894821,IC,2017-03-28T22:50:00,2017-03-28T22:50:00,70,70
http://irail.be/vehicle/IC722,http://irail.be/stations/NMBS/008894755,IC,2017-03-28T22:52:00,2017-03-28T22:52:00,57,57
http://irail.be/vehicle/IC722,http://irail.be/stations/NMBS/008894748,IC,2017-03-28T22:53:00,2017-03-28T22:53:00,28,28
http://irail.be/vehicle/IC722,http://irail.be/stations/NMBS/008894714,IC,2017-03-28T22:56:00,2017-03-28T22:56:00,13,13
http://irail.be/vehicle/IC722,NO-URI,IC,2017-03-28T22:57:00,2017-03-28T22:57:00,6,6
http://irail.be/vehicle/IC722,http://irail.be/stations/NMBS/008894508,IC,2017-03-28T23:00:00,2017-03-28T22:59:00,64,-19
http://irail.be/vehicle/IC722,http://irail.be/stations/NMBS/008894433,IC,2017-03-28T23:03:00,2017-03-28T23:03:00,64,64
http://irail.be/vehicle/IC722,http://irail.be/stations/NMBS/008894425,IC,2017-03-28T23:04:00,2017-03-28T23:04:00,43,43
http://irail.be/vehicle/IC722,NO-URI,IC,2017-03-28T23:06:00,2017-03-28T23:06:00,38,38
http://irail.be/vehicle/IC722,http://irail.be/stations/NMBS/008894201,IC,2017-03-28T23:09:00,2017-03-28T23:08:00,38,40
http://irail.be/vehicle/IC722,http://irail.be/stations/NMBS/008894151,IC,2017-03-28T23:15:00,2017-03-28T23:15:00,85,38
http://irail.be/vehicle/IC722,http://irail.be/stations/NMBS/008893120,IC,2017-03-28T23:24:00,2017-03-28T23:23:00,122,46
http://irail.be/vehicle/IC722,http://irail.be/stations/NMBS/008893179,IC,2017-03-28T23:26:00,2017-03-28T23:26:00,122,122
http://irail.be/vehicle/IC722,NO-URI,IC,2017-03-28T23:27:00,2017-03-28T23:27:00,75,75
http://irail.be/vehicle/IC722,http://irail.be/stations/NMBS/008892007,IC,2017-03-28T23:36:00,2017-03-28T23:33:00,379,44
http://irail.be/vehicle/IC722,http://irail.be/stations/NMBS/008892080,IC,2017-03-28T23:43:00,2017-03-28T23:42:00,363,391
http://irail.be/vehicle/IC722,NO-URI,IC,2017-03-28T23:48:00,2017-03-28T23:48:00,309,309
http://irail.be/vehicle/IC722,http://irail.be/stations/NMBS/008892106,IC,2017-03-28T23:50:00,2017-03-28T23:49:00,381,321
http://irail.be/vehicle/IC722,http://irail.be/stations/NMBS/008896149,IC,2017-03-28T23:58:00,2017-03-28T23:57:00,341,336
http://irail.be/vehicle/IC722,http://irail.be/stations/NMBS/008896115,IC,2017-03-29T00:04:00,2017-03-29T00:04:00,341,341
http://irail.be/vehicle/IC722,http://irail.be/stations/NMBS/008896008,IC,2017-03-29T00:10:00,2017-03-29T00:10:00,,285
http://irail.be/vehicle/IC722,http://irail.be/stations/NMBS/008821006,IC,2017-07-08T22:37:00,2017-07-08T22:37:00,37,
http://irail.be/vehicle/IC722,http://irail.be/stations/NMBS/008821121,IC,2017-07-08T22:43:00,2017-07-08T22:41:00,30,30
http://irail.be/vehicle/IC722,http://irail.be/stations/NMBS/008821196,IC,2017-07-08T22:46:00,2017-07-08T22:46:00,27,27
http://irail.be/vehicle/IC722,NO-URI,IC,2017-07-08T22:50:00,2017-07-08T22:50:00,27,27
http://irail.be/vehicle/IC722,http://irail.be/stations/NMBS/008894821,IC,2017-07-08T22:50:00,2017-07-08T22:50:00,53,53
http://irail.be/vehicle/IC722,http://irail.be/stations/NMBS/008894755,IC,2017-07-08T22:52:00,2017-07-08T22:52:00,49,49
http://irail.be/vehicle/IC722,http://irail.be/stations/NMBS/008894748,IC,2017-07-08T22:53:00,2017-07-08T22:53:00,26,26
http://irail.be/vehicle/IC722,http://irail.be/stations/NMBS/008894714,IC,2017-07-08T22:56:00,2017-07-08T22:56:00,15,15
http://irail.be/vehicle/IC722,NO-URI,IC,2017-07-08T22:57:00,2017-07-08T22:57:00,8,8
http://irail.be/vehicle/IC722,http://irail.be/stations/NMBS/008894508,IC,2017-07-08T23:01:00,2017-07-08T22:59:00,81,-28
http://irail.be/vehicle/IC722,http://irail.be/stations/NMBS/008894433,IC,2017-07-08T23:04:00,2017-07-08T23:04:00,81,81
http://irail.be/vehicle/IC722,http://irail.be/stations/NMBS/008894425,IC,2017-07-08T23:05:00,2017-07-08T23:05:00,37,37
http://irail.be/vehicle/IC722,NO-URI,IC,2017-07-08T23:07:00,2017-07-08T23:07:00,53,53
http://irail.be/vehicle/IC722,http://irail.be/stations/NMBS/008894201,IC,2017-07-08T23:11:00,2017-07-08T23:09:00,-3,54
http://irail.be/vehicle/IC722,http://irail.be/stations/NMBS/008894151,IC,2017-07-08T23:16:00,2017-07-08T23:16:00,-3,-3
http://irail.be/vehicle/IC722,http://irail.be/stations/NMBS/008893120,IC,2017-07-08T23:24:00,2017-07-08T23:23:00,34,-35
http://irail.be/vehicle/IC722,http://irail.be/stations/NMBS/008893179,IC,2017-07-08T23:26:00,2017-07-08T23:26:00,34,34
http://irail.be/vehicle/IC722,NO-URI,IC,2017-07-08T23:27:00,2017-07-08T23:27:00,34,34
http://irail.be/vehicle/IC722,http://irail.be/stations/NMBS/008892007,IC,2017-07-08T23:36:00,2017-07-08T23:33:00,23,9
http://irail.be/vehicle/IC722,http://irail.be/stations/NMBS/008892080,IC,2017-07-08T23:43:00,2017-07-08T23:42:00,35,43
http://irail.be/vehicle/IC722,NO-URI,IC,2017-07-08T23:47:00,2017-07-08T23:47:00,38,38
http://irail.be/vehicle/IC722,http://irail.be/stations/NMBS/008892106,IC,2017-07-08T23:50:00,2017-07-08T23:49:00,34,38
http://irail.be/vehicle/IC722,http://irail.be/stations/NMBS/008896149,IC,2017-07-08T23:58:00,2017-07-08T23:57:00,9,35
http://irail.be/vehicle/IC722,http://irail.be/stations/NMBS/008896115,IC,2017-07-09T00:04:00,2017-07-09T00:04:00,-1,-1
http://irail.be/vehicle/IC722,http://irail.be/stations/NMBS/008896008,IC,2017-07-09T00:10:00,2017-07-09T00:10:00,,-75
http://irail.be/vehicle/IC722,http://irail.be/stations/NMBS/008821006,IC,2017-10-03T22:37:00,2017-10-03T22:37:00,14,
http://irail.be/vehicle/IC722,http://irail.be/stations/NMBS/008821121,IC,2017-10-03T22:43:00,2017-10-03T22:41:00,18,18
http://irail.be/vehicle/IC722,http://irail.be/stations/NMBS/008821196,IC,2017-10-03T22:46:00,2017-10-03T22:46:00,27,27
http://irail.be/vehicle/IC722,NO-URI,IC,2017-10-03T22:50:00,2017-10-03T22:50:00,27,27
http://irail.be/vehicle/IC722,http://irail.be/stations/NMBS/008894821,IC,2017-10-03T22:50:00,2017-10-03T22:50:00,53,53
http://irail.be/vehicle/IC722,http://irail.be/stations/NMBS/008894755,IC,2017-10-03T22:52:00,2017-10-03T22:52:00,38,38
http://irail.be/vehicle/IC722,http://irail.be/stations/NMBS/008894748,IC,2017-10-03T22:53:00,2017-10-03T22:53:00,8,8
http://irail.be/vehicle/IC722,http://irail.be/stations/NMBS/008894714,IC,2017-10-03T22:56:00,2017-10-03T22:56:00,-8,-8
http://irail.be/vehicle/IC722,NO-URI,IC,2017-10-03T22:57:00,2017-10-03T22:57:00,-14,-14
http://irail.be/vehicle/IC722,http://irail.be/stations/NMBS/008894508,IC,2017-10-03T23:00:00,2017-10-03T22:59:00,58,-46
http://irail.be/vehicle/IC722,http://irail.be/stations/NMBS/008894433,IC,2017-10-03T23:03:00,2017-10-03T23:03:00,58,58
http://irail.be/vehicle/IC722,http://irail.be/stations/NMBS/008894425,IC,2017-10-03T23:04:00,2017-10-03T23:04:00,25,25
http://irail.be/vehicle/IC722,NO-URI,IC,2017-10-03T23:06:00,2017-10-03T23:06:00,21,21
http://irail.be/vehicle/IC722,http://irail.be/stations/NMBS/008894201,IC,2017-10-03T23:09:00,2017-10-03T23:08:00,9,15
http://irail.be/vehicle/IC722,http://irail.be/stations/NMBS/008894151,IC,2017-10-03T23:15:00,2017-10-03T23:15:00,19,9
http://irail.be/vehicle/IC722,http://irail.be/stations/NMBS/008893120,IC,2017-10-03T23:24:00,2017-10-03T23:23:00,36,-19
http://irail.be/vehicle/IC722,http://irail.be/stations/NMBS/008893179,IC,2017-10-03T23:26:00,2017-10-03T23:26:00,36,36
http://irail.be/vehicle/IC722,NO-URI,IC,2017-10-03T23:27:00,2017-10-03T23:27:00,35,35
http://irail.be/vehicle/IC722,http://irail.be/stations/NMBS/008892007,IC,2017-10-03T23:36:00,2017-10-03T23:33:00,65,104
http://irail.be/vehicle/IC722,http://irail.be/stations/NMBS/008892080,IC,2017-10-03T23:43:00,2017-10-03T23:42:00,39,65
http://irail.be/vehicle/IC722,NO-URI,IC,2017-10-03T23:48:00,2017-10-03T23:48:00,-9,-9
http://irail.be/vehicle/IC722,http://irail.be/stations/NMBS/008892106,IC,2017-10-03T23:50:00,2017-10-03T23:49:00,45,-4
http://irail.be/vehicle/IC722,http://irail.be/stations/NMBS/008896149,IC,2017-10-03T23:58:00,2017-10-03T23:57:00,15,-1
http://irail.be/vehicle/IC722,http://irail.be/stations/NMBS/008896115,IC,2017-10-04T00:04:00,2017-10-04T00:04:00,-20,-20
http://irail.be/vehicle/IC722,http://irail.be/stations/NMBS/008896008,IC,2017-10-04T00:10:00,2017-10-04T00:10:00,,-89
http://irail.be/vehicle/IC722,http://irail.be/stations/NMBS/008821006,IC,2017-12-12T22:37:00,2017-12-12T22:37:00,29,
http://irail.be/vehicle/IC722,http://irail.be/stations/NMBS/008821121,IC,2017-12-12T22:43:00,2017-12-12T22:41:00,18,18
http://irail.be/vehicle/IC722,http://irail.be/stations/NMBS/008821196,IC,2017-12-12T22:47:00,2017-12-12T22:47:00,-44,-44
http://irail.be/vehicle/IC722,NO-URI,IC,2017-12-12T22:50:00,2017-12-12T22:50:00,-44,-44
http://irail.be/vehicle/IC722,http://irail.be/stations/NMBS/008894821,IC,2017-12-12T22:50:00,2017-12-12T22:50:00,-9,-9
http://irail.be/vehicle/IC722,http://irail.be/stations/NMBS/008894755,IC,2017-12-12T22:52:00,2017-12-12T22:52:00,-30,-30
http://irail.be/vehicle/IC722,http://irail.be/stations/NMBS/008894748,IC,2017-12-12T22:53:00,2017-12-12T22:53:00,-59,-59
http://irail.be/vehicle/IC722,http://irail.be/stations/NMBS/008894714,IC,2017-12-12T22:56:00,2017-12-12T22:56:00,-85,-85
http://irail.be/vehicle/IC722,NO-URI,IC,2017-12-12T22:57:00,2017-12-12T22:57:00,-97,-97
http://irail.be/vehicle/IC722,http://irail.be/stations/NMBS/008894508,IC,2017-12-12T23:02:00,2017-12-12T23:00:00,57,-181
http://irail.be/vehicle/IC722,http://irail.be/stations/NMBS/008894433,IC,2017-12-12T23:05:00,2017-12-12T23:05:00,57,57
http://irail.be/vehicle/IC722,http://irail.be/stations/NMBS/008894425,IC,2017-12-12T23:06:00,2017-12-12T23:06:00,22,22
http://irail.be/vehicle/IC722,NO-URI,IC,2017-12-12T23:08:00,2017-12-12T23:08:00,12,12
http://irail.be/vehicle/IC722,http://irail.be/stations/NMBS/008894201,IC,2017-12-12T23:11:00,2017-12-12T23:10:00,6,0
http://irail.be/vehicle/IC722,http://irail.be/stations/NMBS/008894151,IC,2017-12-12T23:16:00,2017-12-12T23:16:00,6,6
http://irail.be/vehicle/IC722,http://irail.be/stations/NMBS/008893120,IC,2017-12-12T23:25:00,2017-12-12T23:24:00,39,-56
http://irail.be/vehicle/IC722,http://irail.be/stations/NMBS/008893179,IC,2017-12-12T23:27:00,2017-12-12T23:27:00,39,39
http://irail.be/vehicle/IC722,NO-URI,IC,2017-12-12T23:28:00,2017-12-12T23:28:00,37,37
http://irail.be/vehicle/IC722,http://irail.be/stations/NMBS/008892007,IC,2017-12-12T23:36:00,2017-12-12T23:33:00,15,35
http://irail.be/vehicle/IC722,http://irail.be/stations/NMBS/008892080,IC,2017-12-12T23:44:00,2017-12-12T23:43:00,59,-74
http://irail.be/vehicle/IC722,NO-URI,IC,2017-12-12T23:48:00,2017-12-12T23:48:00,37,37
http://irail.be/vehicle/IC722,http://irail.be/stations/NMBS/008892106,IC,2017-12-12T23:50:00,2017-12-12T23:49:00,57,44
http://irail.be/vehicle/IC722,http://irail.be/stations/NMBS/008896149,IC,2017-12-12T23:58:00,2017-12-12T23:57:00,38,40
http://irail.be/vehicle/IC722,http://irail.be/stations/NMBS/008896115,IC,2017-12-13T00:04:00,2017-12-13T00:04:00,15,15
http://irail.be/vehicle/IC722,http://irail.be/stations/NMBS/008896008,IC,2017-12-13T00:11:00,2017-12-13T00:11:00,,-103
http://irail.be/vehicle/IC722,http://irail.be/stations/NMBS/008821006,IC,2017-06-18T22:37:00,2017-06-18T22:37:00,3,
http://irail.be/vehicle/IC722,http://irail.be/stations/NMBS/008821121,IC,2017-06-18T22:43:00,2017-06-18T22:41:00,15,15
http://irail.be/vehicle/IC722,http://irail.be/stations/NMBS/008821196,IC,2017-06-18T22:46:00,2017-06-18T22:46:00,-32,-32
http://irail.be/vehicle/IC722,NO-URI,IC,2017-06-18T22:50:00,2017-06-18T22:50:00,-32,-32
http://irail.be/vehicle/IC722,http://irail.be/stations/NMBS/008894821,IC,2017-06-18T22:50:00,2017-06-18T22:50:00,-10,-10
http://irail.be/vehicle/IC722,http://irail.be/stations/NMBS/008894755,IC,2017-06-18T22:52:00,2017-06-18T22:52:00,-30,-30
http://irail.be/vehicle/IC722,http://irail.be/stations/NMBS/008894748,IC,2017-06-18T22:53:00,2017-06-18T22:53:00,-59,-59
http://irail.be/vehicle/IC722,http://irail.be/stations/NMBS/008894714,IC,2017-06-18T22:56:00,2017-06-18T22:56:00,-81,-81
http://irail.be/vehicle/IC722,NO-URI,IC,2017-06-18T22:57:00,2017-06-18T22:57:00,-94,-94
http://irail.be/vehicle/IC722,http://irail.be/stations/NMBS/008894508,IC,2017-06-18T23:01:00,2017-06-18T22:59:00,48,-134
http://irail.be/vehicle/IC722,http://irail.be/stations/NMBS/008894433,IC,2017-06-18T23:04:00,2017-06-18T23:04:00,48,48
http://irail.be/vehicle/IC722,http://irail.be/stations/NMBS/008894425,IC,2017-06-18T23:05:00,2017-06-18T23:05:00,-4,-4
http://irail.be/vehicle/IC722,NO-URI,IC,2017-06-18T23:07:00,2017-06-18T23:07:00,-9,-9
http://irail.be/vehicle/IC722,http://irail.be/stations/NMBS/008894201,IC,2017-06-18T23:11:00,2017-06-18T23:09:00,-70,-22
http://irail.be/vehicle/IC722,http://irail.be/stations/NMBS/008894151,IC,2017-06-18T23:16:00,2017-06-18T23:16:00,-70,-70
http://irail.be/vehicle/IC722,http://irail.be/stations/NMBS/008893120,IC,2017-06-18T23:24:00,2017-06-18T23:23:00,10,-86
http://irail.be/vehicle/IC722,http://irail.be/stations/NMBS/008893179,IC,2017-06-18T23:26:00,2017-06-18T23:26:00,10,10
http://irail.be/vehicle/IC722,NO-URI,IC,2017-06-18T23:27:00,2017-06-18T23:27:00,-61,-61
http://irail.be/vehicle/IC722,http://irail.be/stations/NMBS/008892007,IC,2017-06-18T23:36:00,2017-06-18T23:33:00,-5,-92
http://irail.be/vehicle/IC722,http://irail.be/stations/NMBS/008892080,IC,2017-06-18T23:43:00,2017-06-18T23:42:00,-2,-39
http://irail.be/vehicle/IC722,NO-URI,IC,2017-06-18T23:47:00,2017-06-18T23:47:00,-23,-23
http://irail.be/vehicle/IC722,http://irail.be/stations/NMBS/008892106,IC,2017-06-18T23:50:00,2017-06-18T23:49:00,11,-28
http://irail.be/vehicle/IC722,http://irail.be/stations/NMBS/008896149,IC,2017-06-18T23:58:00,2017-06-18T23:57:00,-29,-52
http://irail.be/vehicle/IC722,http://irail.be/stations/NMBS/008896115,IC,2017-06-19T00:04:00,2017-06-19T00:04:00,-82,-82
http://irail.be/vehicle/IC722,http://irail.be/stations/NMBS/008896008,IC,2017-06-19T00:10:00,2017-06-19T00:10:00,,-197
http://irail.be/vehicle/IC722,http://irail.be/stations/NMBS/008821006,IC,2017-11-15T22:37:00,2017-11-15T22:37:00,36,
http://irail.be/vehicle/IC722,http://irail.be/stations/NMBS/008821121,IC,2017-11-15T22:43:00,2017-11-15T22:41:00,22,22
http://irail.be/vehicle/IC722,http://irail.be/stations/NMBS/008821196,IC,2017-11-15T22:46:00,2017-11-15T22:46:00,-25,-25
http://irail.be/vehicle/IC722,NO-URI,IC,2017-11-15T22:50:00,2017-11-15T22:50:00,-25,-25
http://irail.be/vehicle/IC722,http://irail.be/stations/NMBS/008894821,IC,2017-11-15T22:50:00,2017-11-15T22:50:00,2,2
http://irail.be/vehicle/IC722,http://irail.be/stations/NMBS/008894755,IC,2017-11-15T22:52:00,2017-11-15T22:52:00,-15,-15
http://irail.be/vehicle/IC722,http://irail.be/stations/NMBS/008894748,IC,2017-11-15T22:53:00,2017-11-15T22:53:00,-43,-43
http://irail.be/vehicle/IC722,http://irail.be/stations/NMBS/008894714,IC,2017-11-15T22:56:00,2017-11-15T22:56:00,-62,-62
http://irail.be/vehicle/IC722,NO-URI,IC,2017-11-15T22:57:00,2017-11-15T22:57:00,-73,-73
http://irail.be/vehicle/IC722,http://irail.be/stations/NMBS/008894508,IC,2017-11-15T23:00:00,2017-11-15T22:59:00,51,-105
http://irail.be/vehicle/IC722,http://irail.be/stations/NMBS/008894433,IC,2017-11-15T23:03:00,2017-11-15T23:03:00,51,51
http://irail.be/vehicle/IC722,http://irail.be/stations/NMBS/008894425,IC,2017-11-15T23:04:00,2017-11-15T23:04:00,5,5
http://irail.be/vehicle/IC722,NO-URI,IC,2017-11-15T23:06:00,2017-11-15T23:06:00,2,2
http://irail.be/vehicle/IC722,http://irail.be/stations/NMBS/008894201,IC,2017-11-15T23:09:00,2017-11-15T23:08:00,-8,-6
http://irail.be/vehicle/IC722,http://irail.be/stations/NMBS/008894151,IC,2017-11-15T23:15:00,2017-11-15T23:15:00,24,-8
http://irail.be/vehicle/IC722,http://irail.be/stations/NMBS/008893120,IC,2017-11-15T23:24:00,2017-11-15T23:23:00,59,-26
http://irail.be/vehicle/IC722,http://irail.be/stations/NMBS/008893179,IC,2017-11-15T23:26:00,2017-11-15T23:26:00,59,59
http://irail.be/vehicle/IC722,NO-URI,IC,2017-11-15T23:27:00,2017-11-15T23:27:00,33,33
http://irail.be/vehicle/IC722,http://irail.be/stations/NMBS/008892007,IC,2017-11-15T23:36:00,2017-11-15T23:33:00,25,5
http://irail.be/vehicle/IC722,http://irail.be/stations/NMBS/008892080,IC,2017-11-15T23:43:00,2017-11-15T23:42:00,-22,-1
http://irail.be/vehicle/IC722,NO-URI,IC,2017-11-15T23:48:00,2017-11-15T23:48:00,-74,-74
http://irail.be/vehicle/IC722,http://irail.be/stations/NMBS/008892106,IC,2017-11-15T23:50:00,2017-11-15T23:49:00,73,-68
http://irail.be/vehicle/IC722,http://irail.be/stations/NMBS/008896149,IC,2017-11-15T23:58:00,2017-11-15T23:57:00,111,107
http://irail.be/vehicle/IC722,http://irail.be/stations/NMBS/008896115,IC,2017-11-16T00:04:00,2017-11-16T00:04:00,87,87
http://irail.be/vehicle/IC722,http://irail.be/stations/NMBS/008896008,IC,2017-11-16T00:10:00,2017-11-16T00:10:00,,25
http://irail.be/vehicle/IC722,http://irail.be/stations/NMBS/008821006,IC,2017-01-31T22:37:00,2017-01-31T22:37:00,-5,
http://irail.be/vehicle/IC722,http://irail.be/stations/NMBS/008821121,IC,2017-01-31T22:43:00,2017-01-31T22:41:00,12,12
http://irail.be/vehicle/IC722,http://irail.be/stations/NMBS/008821196,IC,2017-01-31T22:46:00,2017-01-31T22:46:00,-25,-25
http://irail.be/vehicle/IC722,NO-URI,IC,2017-01-31T22:50:00,2017-01-31T22:50:00,-25,-25
http://irail.be/vehicle/IC722,http://irail.be/stations/NMBS/008894821,IC,2017-01-31T22:50:00,2017-01-31T22:50:00,-32,-32
http://irail.be/vehicle/IC722,http://irail.be/stations/NMBS/008894755,IC,2017-01-31T22:52:00,2017-01-31T22:52:00,-36,-36
http://irail.be/vehicle/IC722,http://irail.be/stations/NMBS/008894748,IC,2017-01-31T22:53:00,2017-01-31T22:53:00,-59,-59
http://irail.be/vehicle/IC722,http://irail.be/stations/NMBS/008894714,IC,2017-01-31T22:56:00,2017-01-31T22:56:00,-76,-76
http://irail.be/vehicle/IC722,NO-URI,IC,2017-01-31T22:57:00,2017-01-31T22:57:00,-91,-91
http://irail.be/vehicle/IC722,http://irail.be/stations/NMBS/008894508,IC,2017-01-31T23:00:00,2017-01-31T22:59:00,9,-129
http://irail.be/vehicle/IC722,http://irail.be/stations/NMBS/008894433,IC,2017-01-31T23:03:00,2017-01-31T23:03:00,9,9
http://irail.be/vehicle/IC722,http://irail.be/stations/NMBS/008894425,IC,2017-01-31T23:04:00,2017-01-31T23:04:00,-7,-7
http://irail.be/vehicle/IC722,NO-URI,IC,2017-01-31T23:06:00,2017-01-31T23:06:00,-11,-11
http://irail.be/vehicle/IC722,http://irail.be/stations/NMBS/008894201,IC,2017-01-31T23:09:00,2017-01-31T23:08:00,205,165
http://irail.be/vehicle/IC722,http://irail.be/stations/NMBS/008894151,IC,2017-01-31T23:15:00,2017-01-31T23:15:00,190,190
http://irail.be/vehicle/IC722,http://irail.be/stations/NMBS/008893120,IC,2017-01-31T23:24:00,2017-01-31T23:23:00,213,114
http://irail.be/vehicle/IC722,http://irail.be/stations/NMBS/008893179,IC,2017-01-31T23:26:00,2017-01-31T23:26:00,213,213
http://irail.be/vehicle/IC722,NO-URI,IC,2017-01-31T23:27:00,2017-01-31T23:27:00,141,141
http://irail.be/vehicle/IC722,http://irail.be/stations/NMBS/008892007,IC,2017-01-31T23:36:00,2017-01-31T23:33:00,160,165
http://irail.be/vehicle/IC722,http://irail.be/stations/NMBS/008892080,IC,2017-01-31T23:43:00,2017-01-31T23:42:00,124,104
http://irail.be/vehicle/IC722,NO-URI,IC,2017-01-31T23:48:00,2017-01-31T23:48:00,33,33
http://irail.be/vehicle/IC722,http://irail.be/stations/NMBS/008892106,IC,2017-01-31T23:50:00,2017-01-31T23:49:00,82,13
http://irail.be/vehicle/IC722,http://irail.be/stations/NMBS/008896149,IC,2017-01-31T23:58:00,2017-01-31T23:57:00,21,-34
http://irail.be/vehicle/IC722,http://irail.be/stations/NMBS/008896115,IC,2017-02-01T00:04:00,2017-02-01T00:04:00,-56,-56
http://irail.be/vehicle/IC722,http://irail.be/stations/NMBS/008896008,IC,2017-02-01T00:10:00,2017-02-01T00:10:00,,-123
http://irail.be/vehicle/IC722,http://irail.be/stations/NMBS/008821006,IC,2017-09-21T22:37:00,2017-09-21T22:37:00,4,
http://irail.be/vehicle/IC722,http://irail.be/stations/NMBS/008821121,IC,2017-09-21T22:43:00,2017-09-21T22:41:00,41,41
http://irail.be/vehicle/IC722,http://irail.be/stations/NMBS/008821196,IC,2017-09-21T22:46:00,2017-09-21T22:46:00,5,5
http://irail.be/vehicle/IC722,NO-URI,IC,2017-09-21T22:50:00,2017-09-21T22:50:00,5,5
http://irail.be/vehicle/IC722,http://irail.be/stations/NMBS/008894821,IC,2017-09-21T22:50:00,2017-09-21T22:50:00,32,32
http://irail.be/vehicle/IC722,http://irail.be/stations/NMBS/008894755,IC,2017-09-21T22:52:00,2017-09-21T22:52:00,14,14
http://irail.be/vehicle/IC722,http://irail.be/stations/NMBS/008894748,IC,2017-09-21T22:53:00,2017-09-21T22:53:00,-17,-17
http://irail.be/vehicle/IC722,http://irail.be/stations/NMBS/008894714,IC,2017-09-21T22:56:00,2017-09-21T22:56:00,-41,-41
http://irail.be/vehicle/IC722,NO-URI,IC,2017-09-21T22:57:00,2017-09-21T22:57:00,-53,-53
http://irail.be/vehicle/IC722,http://irail.be/stations/NMBS/008894508,IC,2017-09-21T23:00:00,2017-09-21T22:59:00,127,-94
http://irail.be/vehicle/IC722,http://irail.be/stations/NMBS/008894433,IC,2017-09-21T23:03:00,2017-09-21T23:03:00,127,127
http://irail.be/vehicle/IC722,http://irail.be/stations/NMBS/008894425,IC,2017-09-21T23:04:00,2017-09-21T23:04:00,106,106
http://irail.be/vehicle/IC722,NO-URI,IC,2017-09-21T23:06:00,2017-09-21T23:06:00,101,101
http://irail.be/vehicle/IC722,http://irail.be/stations/NMBS/008894201,IC,2017-09-21T23:09:00,2017-09-21T23:08:00,112,93
http://irail.be/vehicle/IC722,http://irail.be/stations/NMBS/008894151,IC,2017-09-21T23:15:00,2017-09-21T23:15:00,112,112
http://irail.be/vehicle/IC722,http://irail.be/stations/NMBS/008893120,IC,2017-09-21T23:24:00,2017-09-21T23:23:00,115,41
http://irail.be/vehicle/IC722,http://irail.be/stations/NMBS/008893179,IC,2017-09-21T23:26:00,2017-09-21T23:26:00,115,115
http://irail.be/vehicle/IC722,NO-URI,IC,2017-09-21T23:27:00,2017-09-21T23:27:00,68,68
http://irail.be/vehicle/IC722,http://irail.be/stations/NMBS/008892007,IC,2017-09-21T23:36:00,2017-09-21T23:33:00,18,46
http://irail.be/vehicle/IC722,http://irail.be/stations/NMBS/008892080,IC,2017-09-21T23:43:00,2017-09-21T23:42:00,-19,9
http://irail.be/vehicle/IC722,NO-URI,IC,2017-09-21T23:48:00,2017-09-21T23:48:00,-74,-74
http://irail.be/vehicle/IC722,http://irail.be/stations/NMBS/008892106,IC,2017-09-21T23:50:00,2017-09-21T23:49:00,40,-71
http://irail.be/vehicle/IC722,http://irail.be/stations/NMBS/008896149,IC,2017-09-21T23:58:00,2017-09-21T23:57:00,3,-13
http://irail.be/vehicle/IC722,http://irail.be/stations/NMBS/008896115,IC,2017-09-22T00:04:00,2017-09-22T00:04:00,-47,-47
http://irail.be/vehicle/IC722,http://irail.be/stations/NMBS/008896008,IC,2017-09-22T00:10:00,2017-09-22T00:10:00,,-111
http://irail.be/vehicle/IC722,http://irail.be/stations/NMBS/008821006,IC,2017-11-21T22:37:00,2017-11-21T22:37:00,-2,
http://irail.be/vehicle/IC722,http://irail.be/stations/NMBS/008821121,IC,2017-11-21T22:43:00,2017-11-21T22:41:00,11,11
http://irail.be/vehicle/IC722,http://irail.be/stations/NMBS/008821196,IC,2017-11-21T22:46:00,2017-11-21T22:46:00,-19,-19
http://irail.be/vehicle/IC722,NO-URI,IC,2017-11-21T22:50:00,2017-11-21T22:50:00,-19,-19
http://irail.be/vehicle/IC722,http://irail.be/stations/NMBS/008894821,IC,2017-11-21T22:50:00,2017-11-21T22:50:00,8,8
http://irail.be/vehicle/IC722,http://irail.be/stations/NMBS/008894755,IC,2017-11-21T22:52:00,2017-11-21T22:52:00,-11,-11
http://irail.be/vehicle/IC722,http://irail.be/stations/NMBS/008894748,IC,2017-11-21T22:53:00,2017-11-21T22:53:00,-38,-38
http://irail.be/vehicle/IC722,http://irail.be/stations/NMBS/008894714,IC,2017-11-21T22:56:00,2017-11-21T22:56:00,-56,-56
http://irail.be/vehicle/IC722,NO-URI,IC,2017-11-21T22:57:00,2017-11-21T22:57:00,-68,-68
http://irail.be/vehicle/IC722,http://irail.be/stations/NMBS/008894508,IC,2017-11-21T23:00:00,2017-11-21T22:59:00,114,-98
http://irail.be/vehicle/IC722,http://irail.be/stations/NMBS/008894433,IC,2017-11-21T23:03:00,2017-11-21T23:03:00,114,114
http://irail.be/vehicle/IC722,http://irail.be/stations/NMBS/008894425,IC,2017-11-21T23:04:00,2017-11-21T23:04:00,88,88
http://irail.be/vehicle/IC722,NO-URI,IC,2017-11-21T23:06:00,2017-11-21T23:06:00,82,82
http://irail.be/vehicle/IC722,http://irail.be/stations/NMBS/008894201,IC,2017-11-21T23:09:00,2017-11-21T23:08:00,100,79
http://irail.be/vehicle/IC722,http://irail.be/stations/NMBS/008894151,IC,2017-11-21T23:15:00,2017-11-21T23:15:00,100,100
http://irail.be/vehicle/IC722,http://irail.be/stations/NMBS/008893120,IC,2017-11-21T23:24:00,2017-11-21T23:23:00,157,57
http://irail.be/vehicle/IC722,http://irail.be/stations/NMBS/008893179,IC,2017-11-21T23:26:00,2017-11-21T23:26:00,157,157
http://irail.be/vehicle/IC722,NO-URI,IC,2017-11-21T23:27:00,2017-11-21T23:27:00,151,151
http://irail.be/vehicle/IC722,http://irail.be/stations/NMBS/008892007,IC,2017-11-21T23:36:00,2017-11-21T23:33:00,25,125
http://irail.be/vehicle/IC722,http://irail.be/stations/NMBS/008892080,IC,2017-11-21T23:43:00,2017-11-21T23:42:00,-43,3
http://irail.be/vehicle/IC722,NO-URI,IC,2017-11-21T23:48:00,2017-11-21T23:48:00,-101,-101
http://irail.be/vehicle/IC722,http://irail.be/stations/NMBS/008892106,IC,2017-11-21T23:50:00,2017-11-21T23:49:00,23,-93
http://irail.be/vehicle/IC722,http://irail.be/stations/NMBS/008896149,IC,2017-11-21T23:58:00,2017-11-21T23:57:00,56,48
http://irail.be/vehicle/IC722,http://irail.be/stations/NMBS/008896115,IC,2017-11-22T00:04:00,2017-11-22T00:04:00,38,38
http://irail.be/vehicle/IC722,http://irail.be/stations/NMBS/008896008,IC,2017-11-22T00:10:00,2017-11-22T00:10:00,,-30
http://irail.be/vehicle/IC722,http://irail.be/stations/NMBS/008821006,IC,2017-12-28T22:37:00,2017-12-28T22:37:00,6,
http://irail.be/vehicle/IC722,http://irail.be/stations/NMBS/008821121,IC,2017-12-28T22:43:00,2017-12-28T22:41:00,22,22
http://irail.be/vehicle/IC722,http://irail.be/stations/NMBS/008821196,IC,2017-12-28T22:47:00,2017-12-28T22:47:00,-36,-36
http://irail.be/vehicle/IC722,NO-URI,IC,2017-12-28T22:50:00,2017-12-28T22:50:00,-36,-36
http://irail.be/vehicle/IC722,http://irail.be/stations/NMBS/008894821,IC,2017-12-28T22:50:00,2017-12-28T22:50:00,-3,-3
http://irail.be/vehicle/IC722,http://irail.be/stations/NMBS/008894755,IC,2017-12-28T22:52:00,2017-12-28T22:52:00,-17,-17
http://irail.be/vehicle/IC722,http://irail.be/stations/NMBS/008894748,IC,2017-12-28T22:53:00,2017-12-28T22:53:00,-47,-47
http://irail.be/vehicle/IC722,http://irail.be/stations/NMBS/008894714,IC,2017-12-28T22:56:00,2017-12-28T22:56:00,-67,-67
http://irail.be/vehicle/IC722,NO-URI,IC,2017-12-28T22:57:00,2017-12-28T22:57:00,-77,-77
http://irail.be/vehicle/IC722,http://irail.be/stations/NMBS/008894508,IC,2017-12-28T23:02:00,2017-12-28T23:00:00,55,-154
http://irail.be/vehicle/IC722,http://irail.be/stations/NMBS/008894433,IC,2017-12-28T23:05:00,2017-12-28T23:05:00,55,55
http://irail.be/vehicle/IC722,http://irail.be/stations/NMBS/008894425,IC,2017-12-28T23:06:00,2017-12-28T23:06:00,14,14
http://irail.be/vehicle/IC722,NO-URI,IC,2017-12-28T23:08:00,2017-12-28T23:08:00,8,8
http://irail.be/vehicle/IC722,http://irail.be/stations/NMBS/008894201,IC,2017-12-28T23:11:00,2017-12-28T23:10:00,19,-1
http://irail.be/vehicle/IC722,http://irail.be/stations/NMBS/008894151,IC,2017-12-28T23:16:00,2017-12-28T23:16:00,19,19
http://irail.be/vehicle/IC722,http://irail.be/stations/NMBS/008893120,IC,2017-12-28T23:25:00,2017-12-28T23:24:00,20,-123
http://irail.be/vehicle/IC722,http://irail.be/stations/NMBS/008893179,IC,2017-12-28T23:27:00,2017-12-28T23:27:00,20,20
http://irail.be/vehicle/IC722,NO-URI,IC,2017-12-28T23:28:00,2017-12-28T23:28:00,57,57
http://irail.be/vehicle/IC722,http://irail.be/stations/NMBS/008892007,IC,2017-12-28T23:36:00,2017-12-28T23:33:00,18,36
http://irail.be/vehicle/IC722,http://irail.be/stations/NMBS/008892080,IC,2017-12-28T23:44:00,2017-12-28T23:43:00,3,-43
http://irail.be/vehicle/IC722,NO-URI,IC,2017-12-28T23:48:00,2017-12-28T23:48:00,-3,-3
http://irail.be/vehicle/IC722,http://irail.be/stations/NMBS/008892106,IC,2017-12-28T23:50:00,2017-12-28T23:49:00,55,8
http://irail.be/vehicle/IC722,http://irail.be/stations/NMBS/008896149,IC,2017-12-28T23:58:00,2017-12-28T23:57:00,83,86
http://irail.be/vehicle/IC722,http://irail.be/stations/NMBS/008896115,IC,2017-12-29T00:04:00,2017-12-29T00:04:00,72,72
http://irail.be/vehicle/IC722,http://irail.be/stations/NMBS/008896008,IC,2017-12-29T00:11:00,2017-12-29T00:11:00,,-28
http://irail.be/vehicle/IC722,http://irail.be/stations/NMBS/008821006,IC,2017-03-02T22:37:00,2017-03-02T22:37:00,11,
http://irail.be/vehicle/IC722,http://irail.be/stations/NMBS/008821121,IC,2017-03-02T22:43:00,2017-03-02T22:41:00,54,54
http://irail.be/vehicle/IC722,http://irail.be/stations/NMBS/008821196,IC,2017-03-02T22:46:00,2017-03-02T22:46:00,12,12
http://irail.be/vehicle/IC722,NO-URI,IC,2017-03-02T22:50:00,2017-03-02T22:50:00,12,12
http://irail.be/vehicle/IC722,http://irail.be/stations/NMBS/008894821,IC,2017-03-02T22:50:00,2017-03-02T22:50:00,39,39
http://irail.be/vehicle/IC722,http://irail.be/stations/NMBS/008894755,IC,2017-03-02T22:52:00,2017-03-02T22:52:00,23,23
http://irail.be/vehicle/IC722,http://irail.be/stations/NMBS/008894748,IC,2017-03-02T22:53:00,2017-03-02T22:53:00,-7,-7
http://irail.be/vehicle/IC722,http://irail.be/stations/NMBS/008894714,IC,2017-03-02T22:56:00,2017-03-02T22:56:00,-26,-26
http://irail.be/vehicle/IC722,NO-URI,IC,2017-03-02T22:57:00,2017-03-02T22:57:00,-36,-36
http://irail.be/vehicle/IC722,http://irail.be/stations/NMBS/008894508,IC,2017-03-02T23:00:00,2017-03-02T22:59:00,41,-70
http://irail.be/vehicle/IC722,http://irail.be/stations/NMBS/008894433,IC,2017-03-02T23:03:00,2017-03-02T23:03:00,41,41
http://irail.be/vehicle/IC722,http://irail.be/stations/NMBS/008894425,IC,2017-03-02T23:04:00,2017-03-02T23:04:00,4,4
http://irail.be/vehicle/IC722,NO-URI,IC,2017-03-02T23:06:00,2017-03-02T23:06:00,-1,-1
http://irail.be/vehicle/IC722,http://irail.be/stations/NMBS/008894201,IC,2017-03-02T23:09:00,2017-03-02T23:08:00,-17,-12
http://irail.be/vehicle/IC722,http://irail.be/stations/NMBS/008894151,IC,2017-03-02T23:15:00,2017-03-02T23:15:00,-17,-17
http://irail.be/vehicle/IC722,http://irail.be/stations/NMBS/008893120,IC,2017-03-02T23:24:00,2017-03-02T23:23:00,128,66
http://irail.be/vehicle/IC722,http://irail.be/stations/NMBS/008893179,IC,2017-03-02T23:26:00,2017-03-02T23:26:00,128,128
http://irail.be/vehicle/IC722,NO-URI,IC,2017-03-02T23:27:00,2017-03-02T23:27:00,70,70
http://irail.be/vehicle/IC722,http://irail.be/stations/NMBS/008892007,IC,2017-03-02T23:36:00,2017-03-02T23:33:00,38,37
http://irail.be/vehicle/IC722,http://irail.be/stations/NMBS/008892080,IC,2017-03-02T23:43:00,2017-03-02T23:42:00,7,33
http://irail.be/vehicle/IC722,NO-URI,IC,2017-03-02T23:48:00,2017-03-02T23:48:00,-52,-52
http://irail.be/vehicle/IC722,http://irail.be/stations/NMBS/008892106,IC,2017-03-02T23:50:00,2017-03-02T23:49:00,40,-49
http://irail.be/vehicle/IC722,http://irail.be/stations/NMBS/008896149,IC,2017-03-02T23:58:00,2017-03-02T23:57:00,-4,-21
http://irail.be/vehicle/IC722,http://irail.be/stations/NMBS/008896115,IC,2017-03-03T00:04:00,2017-03-03T00:04:00,-4,-4
http://irail.be/vehicle/IC722,http://irail.be/stations/NMBS/008896008,IC,2017-03-03T00:10:00,2017-03-03T00:10:00,,-141
http://irail.be/vehicle/IC722,http://irail.be/stations/NMBS/008821006,IC,2017-12-20T22:37:00,2017-12-20T22:37:00,16,
http://irail.be/vehicle/IC722,http://irail.be/stations/NMBS/008821121,IC,2017-12-20T22:43:00,2017-12-20T22:41:00,19,19
http://irail.be/vehicle/IC722,http://irail.be/stations/NMBS/008821196,IC,2017-12-20T22:47:00,2017-12-20T22:47:00,1,1
http://irail.be/vehicle/IC722,NO-URI,IC,2017-12-20T22:50:00,2017-12-20T22:50:00,1,1
http://irail.be/vehicle/IC722,http://irail.be/stations/NMBS/008894821,IC,2017-12-20T22:50:00,2017-12-20T22:50:00,36,36
http://irail.be/vehicle/IC722,http://irail.be/stations/NMBS/008894755,IC,2017-12-20T22:52:00,2017-12-20T22:52:00,22,22
http://irail.be/vehicle/IC722,http://irail.be/stations/NMBS/008894748,IC,2017-12-20T22:53:00,2017-12-20T22:53:00,-8,-8
http://irail.be/vehicle/IC722,http://irail.be/stations/NMBS/008894714,IC,2017-12-20T22:56:00,2017-12-20T22:56:00,-28,-28
http://irail.be/vehicle/IC722,NO-URI,IC,2017-12-20T22:57:00,2017-12-20T22:57:00,-37,-37
http://irail.be/vehicle/IC722,http://irail.be/stations/NMBS/008894508,IC,2017-12-20T23:02:00,2017-12-20T23:00:00,50,-104
http://irail.be/vehicle/IC722,http://irail.be/stations/NMBS/008894433,IC,2017-12-20T23:05:00,2017-12-20T23:05:00,50,50
http://irail.be/vehicle/IC722,http://irail.be/stations/NMBS/008894425,IC,2017-12-20T23:06:00,2017-12-20T23:06:00,19,19
http://irail.be/vehicle/IC722,NO-URI,IC,2017-12-20T23:08:00,2017-12-20T23:08:00,13,13
http://irail.be/vehicle/IC722,http://irail.be/stations/NMBS/008894201,IC,2017-12-20T23:11:00,2017-12-20T23:10:00,23,3
http://irail.be/vehicle/IC722,http://irail.be/stations/NMBS/008894151,IC,2017-12-20T23:16:00,2017-12-20T23:16:00,23,23
http://irail.be/vehicle/IC722,http://irail.be/stations/NMBS/008893120,IC,2017-12-20T23:25:00,2017-12-20T23:24:00,14,-113
http://irail.be/vehicle/IC722,http://irail.be/stations/NMBS/008893179,IC,2017-12-20T23:27:00,2017-12-20T23:27:00,14,14
http://irail.be/vehicle/IC722,NO-URI,IC,2017-12-20T23:28:00,2017-12-20T23:28:00,45,45
http://irail.be/vehicle/IC722,http://irail.be/stations/NMBS/008892007,IC,2017-12-20T23:36:00,2017-12-20T23:33:00,12,34
http://irail.be/vehicle/IC722,http://irail.be/stations/NMBS/008892080,IC,2017-12-20T23:44:00,2017-12-20T23:43:00,-10,-33
http://irail.be/vehicle/IC722,NO-URI,IC,2017-12-20T23:48:00,2017-12-20T23:48:00,-19,-19
http://irail.be/vehicle/IC722,http://irail.be/stations/NMBS/008892106,IC,2017-12-20T23:50:00,2017-12-20T23:49:00,51,-1
http://irail.be/vehicle/IC722,http://irail.be/stations/NMBS/008896149,IC,2017-12-20T23:58:00,2017-12-20T23:57:00,109,89
http://irail.be/vehicle/IC722,http://irail.be/stations/NMBS/008896115,IC,2017-12-21T00:04:00,2017-12-21T00:04:00,90,90
http://irail.be/vehicle/IC722,http://irail.be/stations/NMBS/008896008,IC,2017-12-21T00:11:00,2017-12-21T00:11:00,,-37
http://irail.be/vehicle/IC722,http://irail.be/stations/NMBS/008821006,IC,2017-08-26T22:37:00,2017-08-26T22:37:00,21,
http://irail.be/vehicle/IC722,http://irail.be/stations/NMBS/008821121,IC,2017-08-26T22:43:00,2017-08-26T22:41:00,29,29
http://irail.be/vehicle/IC722,http://irail.be/stations/NMBS/008821196,IC,2017-08-26T22:46:00,2017-08-26T22:46:00,-9,-9
http://irail.be/vehicle/IC722,NO-URI,IC,2017-08-26T22:50:00,2017-08-26T22:50:00,-9,-9
http://irail.be/vehicle/IC722,http://irail.be/stations/NMBS/008894821,IC,2017-08-26T22:50:00,2017-08-26T22:50:00,16,16
http://irail.be/vehicle/IC722,http://irail.be/stations/NMBS/008894755,IC,2017-08-26T22:52:00,2017-08-26T22:52:00,-7,-7
http://irail.be/vehicle/IC722,http://irail.be/stations/NMBS/008894748,IC,2017-08-26T22:53:00,2017-08-26T22:53:00,-39,-39
http://irail.be/vehicle/IC722,http://irail.be/stations/NMBS/008894714,IC,2017-08-26T22:56:00,2017-08-26T22:56:00,-64,-64
http://irail.be/vehicle/IC722,NO-URI,IC,2017-08-26T22:57:00,2017-08-26T22:57:00,-76,-76
http://irail.be/vehicle/IC722,http://irail.be/stations/NMBS/008894508,IC,2017-08-26T23:01:00,2017-08-26T22:59:00,60,-117
http://irail.be/vehicle/IC722,http://irail.be/stations/NMBS/008894433,IC,2017-08-26T23:04:00,2017-08-26T23:04:00,60,60
http://irail.be/vehicle/IC722,http://irail.be/stations/NMBS/008894425,IC,2017-08-26T23:05:00,2017-08-26T23:05:00,19,19
http://irail.be/vehicle/IC722,NO-URI,IC,2017-08-26T23:07:00,2017-08-26T23:07:00,11,11
http://irail.be/vehicle/IC722,http://irail.be/stations/NMBS/008894201,IC,2017-08-26T23:11:00,2017-08-26T23:09:00,-13,0
http://irail.be/vehicle/IC722,http://irail.be/stations/NMBS/008894151,IC,2017-08-26T23:16:00,2017-08-26T23:16:00,-13,-13
http://irail.be/vehicle/IC722,http://irail.be/stations/NMBS/008893120,IC,2017-08-26T23:24:00,2017-08-26T23:23:00,31,-88
http://irail.be/vehicle/IC722,http://irail.be/stations/NMBS/008893179,IC,2017-08-26T23:26:00,2017-08-26T23:26:00,31,31
http://irail.be/vehicle/IC722,NO-URI,IC,2017-08-26T23:27:00,2017-08-26T23:27:00,-36,-36
http://irail.be/vehicle/IC722,http://irail.be/stations/NMBS/008892007,IC,2017-08-26T23:36:00,2017-08-26T23:33:00,33,-67
http://irail.be/vehicle/IC722,http://irail.be/stations/NMBS/008892080,IC,2017-08-26T23:43:00,2017-08-26T23:42:00,41,21
http://irail.be/vehicle/IC722,NO-URI,IC,2017-08-26T23:47:00,2017-08-26T23:47:00,25,25
http://irail.be/vehicle/IC722,http://irail.be/stations/NMBS/008892106,IC,2017-08-26T23:50:00,2017-08-26T23:49:00,56,25
http://irail.be/vehicle/IC722,http://irail.be/stations/NMBS/008896149,IC,2017-08-26T23:58:00,2017-08-26T23:57:00,17,1
http://irail.be/vehicle/IC722,http://irail.be/stations/NMBS/008896115,IC,2017-08-27T00:04:00,2017-08-27T00:04:00,-13,-13
http://irail.be/vehicle/IC722,http://irail.be/stations/NMBS/008896008,IC,2017-08-27T00:10:00,2017-08-27T00:10:00,,-80
http://irail.be/vehicle/IC722,http://irail.be/stations/NMBS/008821006,IC,2017-06-14T22:37:00,2017-06-14T22:37:00,-7,
http://irail.be/vehicle/IC722,http://irail.be/stations/NMBS/008821121,IC,2017-06-14T22:43:00,2017-06-14T22:41:00,-1,-1
http://irail.be/vehicle/IC722,http://irail.be/stations/NMBS/008821196,IC,2017-06-14T22:46:00,2017-06-14T22:46:00,-18,-18
http://irail.be/vehicle/IC722,NO-URI,IC,2017-06-14T22:50:00,2017-06-14T22:50:00,-18,-18
http://irail.be/vehicle/IC722,http://irail.be/stations/NMBS/008894821,IC,2017-06-14T22:50:00,2017-06-14T22:50:00,6,6
http://irail.be/vehicle/IC722,http://irail.be/stations/NMBS/008894755,IC,2017-06-14T22:52:00,2017-06-14T22:52:00,-14,-14
http://irail.be/vehicle/IC722,http://irail.be/stations/NMBS/008894748,IC,2017-06-14T22:53:00,2017-06-14T22:53:00,-46,-46
http://irail.be/vehicle/IC722,http://irail.be/stations/NMBS/008894714,IC,2017-06-14T22:55:00,2017-06-14T22:55:00,-67,-67
http://irail.be/vehicle/IC722,NO-URI,IC,2017-06-14T22:57:00,2017-06-14T22:57:00,-80,-80
http://irail.be/vehicle/IC722,http://irail.be/stations/NMBS/008894508,IC,2017-06-14T23:00:00,2017-06-14T22:59:00,126,-119
http://irail.be/vehicle/IC722,http://irail.be/stations/NMBS/008894433,IC,2017-06-14T23:03:00,2017-06-14T23:03:00,126,126
http://irail.be/vehicle/IC722,http://irail.be/stations/NMBS/008894425,IC,2017-06-14T23:03:00,2017-06-14T23:03:00,68,68
http://irail.be/vehicle/IC722,NO-URI,IC,2017-06-14T23:06:00,2017-06-14T23:06:00,63,63
http://irail.be/vehicle/IC722,http://irail.be/stations/NMBS/008894201,IC,2017-06-14T23:09:00,2017-06-14T23:08:00,73,66
http://irail.be/vehicle/IC722,http://irail.be/stations/NMBS/008894151,IC,2017-06-14T23:15:00,2017-06-14T23:15:00,73,73
http://irail.be/vehicle/IC722,http://irail.be/stations/NMBS/008893120,IC,2017-06-14T23:24:00,2017-06-14T23:23:00,98,1
http://irail.be/vehicle/IC722,http://irail.be/stations/NMBS/008893179,IC,2017-06-14T23:26:00,2017-06-14T23:26:00,98,98
http://irail.be/vehicle/IC722,NO-URI,IC,2017-06-14T23:27:00,2017-06-14T23:27:00,101,101
http://irail.be/vehicle/IC722,http://irail.be/stations/NMBS/008892007,IC,2017-06-14T23:36:00,2017-06-14T23:33:00,45,140
http://irail.be/vehicle/IC722,http://irail.be/stations/NMBS/008892080,IC,2017-06-14T23:43:00,2017-06-14T23:42:00,-36,8
http://irail.be/vehicle/IC722,NO-URI,IC,2017-06-14T23:48:00,2017-06-14T23:48:00,-96,-96
http://irail.be/vehicle/IC722,http://irail.be/stations/NMBS/008892106,IC,2017-06-14T23:50:00,2017-06-14T23:49:00,-71,-94
http://irail.be/vehicle/IC722,http://irail.be/stations/NMBS/008896149,IC,2017-06-14T23:58:00,2017-06-14T23:57:00,-30,-133
http://irail.be/vehicle/IC722,http://irail.be/stations/NMBS/008896115,IC,2017-06-15T00:04:00,2017-06-15T00:04:00,-74,-74
http://irail.be/vehicle/IC722,http://irail.be/stations/NMBS/008896008,IC,2017-06-15T00:10:00,2017-06-15T00:10:00,,-153
http://irail.be/vehicle/IC722,http://irail.be/stations/NMBS/008821006,IC,2017-05-21T22:37:00,2017-05-21T22:37:00,32,
http://irail.be/vehicle/IC722,http://irail.be/stations/NMBS/008821121,IC,2017-05-21T22:43:00,2017-05-21T22:41:00,23,23
http://irail.be/vehicle/IC722,http://irail.be/stations/NMBS/008821196,IC,2017-05-21T22:46:00,2017-05-21T22:46:00,-9,-9
http://irail.be/vehicle/IC722,NO-URI,IC,2017-05-21T22:50:00,2017-05-21T22:50:00,-9,-9
http://irail.be/vehicle/IC722,http://irail.be/stations/NMBS/008894821,IC,2017-05-21T22:50:00,2017-05-21T22:50:00,14,14
http://irail.be/vehicle/IC722,http://irail.be/stations/NMBS/008894755,IC,2017-05-21T22:52:00,2017-05-21T22:52:00,-4,-4
http://irail.be/vehicle/IC722,http://irail.be/stations/NMBS/008894748,IC,2017-05-21T22:53:00,2017-05-21T22:53:00,-35,-35
http://irail.be/vehicle/IC722,http://irail.be/stations/NMBS/008894714,IC,2017-05-21T22:56:00,2017-05-21T22:56:00,-55,-55
http://irail.be/vehicle/IC722,NO-URI,IC,2017-05-21T22:57:00,2017-05-21T22:57:00,-66,-66
http://irail.be/vehicle/IC722,http://irail.be/stations/NMBS/008894508,IC,2017-05-21T23:01:00,2017-05-21T22:59:00,51,-100
http://irail.be/vehicle/IC722,http://irail.be/stations/NMBS/008894433,IC,2017-05-21T23:04:00,2017-05-21T23:04:00,51,51
http://irail.be/vehicle/IC722,http://irail.be/stations/NMBS/008894425,IC,2017-05-21T23:05:00,2017-05-21T23:05:00,11,11
http://irail.be/vehicle/IC722,NO-URI,IC,2017-05-21T23:07:00,2017-05-21T23:07:00,6,6
http://irail.be/vehicle/IC722,http://irail.be/stations/NMBS/008894201,IC,2017-05-21T23:11:00,2017-05-21T23:09:00,12,-8
http://irail.be/vehicle/IC722,http://irail.be/stations/NMBS/008894151,IC,2017-05-21T23:16:00,2017-05-21T23:16:00,12,12
http://irail.be/vehicle/IC722,http://irail.be/stations/NMBS/008893120,IC,2017-05-21T23:24:00,2017-05-21T23:23:00,71,-49
http://irail.be/vehicle/IC722,http://irail.be/stations/NMBS/008893179,IC,2017-05-21T23:26:00,2017-05-21T23:26:00,71,71
http://irail.be/vehicle/IC722,NO-URI,IC,2017-05-21T23:27:00,2017-05-21T23:27:00,309,309
http://irail.be/vehicle/IC722,http://irail.be/stations/NMBS/008892007,IC,2017-05-21T23:36:00,2017-05-21T23:33:00,313,322
http://irail.be/vehicle/IC722,http://irail.be/stations/NMBS/008892080,IC,2017-05-21T23:43:00,2017-05-21T23:42:00,287,299
http://irail.be/vehicle/IC722,NO-URI,IC,2017-05-21T23:47:00,2017-05-21T23:47:00,270,270
http://irail.be/vehicle/IC722,http://irail.be/stations/NMBS/008892106,IC,2017-05-21T23:50:00,2017-05-21T23:49:00,246,265
http://irail.be/vehicle/IC722,http://irail.be/stations/NMBS/008896149,IC,2017-05-21T23:58:00,2017-05-21T23:57:00,167,189
http://irail.be/vehicle/IC722,http://irail.be/stations/NMBS/008896115,IC,2017-05-22T00:04:00,2017-05-22T00:04:00,131,125
http://irail.be/vehicle/IC722,http://irail.be/stations/NMBS/008896008,IC,2017-05-22T00:10:00,2017-05-22T00:10:00,,80
http://irail.be/vehicle/IC722,NO-URI,IC,2017-02-26T22:31:00,2017-02-26T22:31:00,-29,
http://irail.be/vehicle/IC722,http://irail.be/stations/NMBS/008894821,IC,2017-02-26T22:34:00,2017-02-26T22:34:00,-18,-29
http://irail.be/vehicle/IC722,http://irail.be/stations/NMBS/008894755,IC,2017-02-26T22:41:00,2017-02-26T22:41:00,-149,-149
http://irail.be/vehicle/IC722,http://irail.be/stations/NMBS/008894748,IC,2017-02-26T22:44:00,2017-02-26T22:44:00,-88,-88
http://irail.be/vehicle/IC722,http://irail.be/stations/NMBS/008894714,IC,2017-02-26T22:49:00,2017-02-26T22:49:00,-58,-93
http://irail.be/vehicle/IC722,NO-URI,IC,2017-02-26T22:51:00,2017-02-26T22:51:00,-58,-58
http://irail.be/vehicle/IC722,http://irail.be/stations/NMBS/008894508,IC,2017-02-26T22:53:00,2017-02-26T22:53:00,35,-87
http://irail.be/vehicle/IC722,http://irail.be/stations/NMBS/008894433,IC,2017-02-26T22:59:00,2017-02-26T22:59:00,35,35
http://irail.be/vehicle/IC722,http://irail.be/stations/NMBS/008894425,IC,2017-02-26T23:02:00,2017-02-26T23:02:00,-68,-68
http://irail.be/vehicle/IC722,NO-URI,IC,2017-02-26T23:07:00,2017-02-26T23:07:00,-81,-81
http://irail.be/vehicle/IC722,http://irail.be/stations/NMBS/008894201,IC,2017-02-26T23:11:00,2017-02-26T23:09:00,3,-57
http://irail.be/vehicle/IC722,http://irail.be/stations/NMBS/008894151,IC,2017-02-26T23:16:00,2017-02-26T23:16:00,3,3
http://irail.be/vehicle/IC722,http://irail.be/stations/NMBS/008893120,IC,2017-02-26T23:24:00,2017-02-26T23:23:00,5,-86
http://irail.be/vehicle/IC722,http://irail.be/stations/NMBS/008893179,IC,2017-02-26T23:26:00,2017-02-26T23:26:00,5,5
http://irail.be/vehicle/IC722,NO-URI,IC,2017-02-26T23:27:00,2017-02-26T23:27:00,10,10
http://irail.be/vehicle/IC722,http://irail.be/stations/NMBS/008892007,IC,2017-02-26T23:36:00,2017-02-26T23:33:00,29,-6
http://irail.be/vehicle/IC722,http://irail.be/stations/NMBS/008892080,IC,2017-02-26T23:43:00,2017-02-26T23:42:00,-8,24
http://irail.be/vehicle/IC722,NO-URI,IC,2017-02-26T23:47:00,2017-02-26T23:47:00,-23,-23
http://irail.be/vehicle/IC722,http://irail.be/stations/NMBS/008892106,IC,2017-02-26T23:50:00,2017-02-26T23:49:00,11,-21
http://irail.be/vehicle/IC722,http://irail.be/stations/NMBS/008896149,IC,2017-02-26T23:58:00,2017-02-26T23:57:00,-18,-38
http://irail.be/vehicle/IC722,http://irail.be/stations/NMBS/008896115,IC,2017-02-27T00:04:00,2017-02-27T00:04:00,-18,-18
http://irail.be/vehicle/IC722,http://irail.be/stations/NMBS/008896008,IC,2017-02-27T00:10:00,2017-02-27T00:10:00,,-106
http://irail.be/vehicle/IC722,http://irail.be/stations/NMBS/008821006,IC,2017-08-18T22:37:00,2017-08-18T22:37:00,71,
http://irail.be/vehicle/IC722,http://irail.be/stations/NMBS/008821121,IC,2017-08-18T22:43:00,2017-08-18T22:41:00,52,52
http://irail.be/vehicle/IC722,http://irail.be/stations/NMBS/008821196,IC,2017-08-18T22:46:00,2017-08-18T22:46:00,64,64
http://irail.be/vehicle/IC722,NO-URI,IC,2017-08-18T22:50:00,2017-08-18T22:50:00,64,64
http://irail.be/vehicle/IC722,http://irail.be/stations/NMBS/008894821,IC,2017-08-18T22:50:00,2017-08-18T22:50:00,87,87
http://irail.be/vehicle/IC722,http://irail.be/stations/NMBS/008894755,IC,2017-08-18T22:52:00,2017-08-18T22:52:00,65,65
http://irail.be/vehicle/IC722,http://irail.be/stations/NMBS/008894748,IC,2017-08-18T22:53:00,2017-08-18T22:53:00,34,34
http://irail.be/vehicle/IC722,http://irail.be/stations/NMBS/008894714,IC,2017-08-18T22:56:00,2017-08-18T22:56:00,13,13
http://irail.be/vehicle/IC722,NO-URI,IC,2017-08-18T22:57:00,2017-08-18T22:57:00,4,4
http://irail.be/vehicle/IC722,http://irail.be/stations/NMBS/008894508,IC,2017-08-18T23:00:00,2017-08-18T22:59:00,56,-32
http://irail.be/vehicle/IC722,http://irail.be/stations/NMBS/008894433,IC,2017-08-18T23:03:00,2017-08-18T23:03:00,56,56
http://irail.be/vehicle/IC722,http://irail.be/stations/NMBS/008894425,IC,2017-08-18T23:04:00,2017-08-18T23:04:00,13,13
http://irail.be/vehicle/IC722,NO-URI,IC,2017-08-18T23:06:00,2017-08-18T23:06:00,7,7
http://irail.be/vehicle/IC722,http://irail.be/stations/NMBS/008894201,IC,2017-08-18T23:09:00,2017-08-18T23:08:00,21,-9
http://irail.be/vehicle/IC722,http://irail.be/stations/NMBS/008894151,IC,2017-08-18T23:15:00,2017-08-18T23:15:00,59,21
http://irail.be/vehicle/IC722,http://irail.be/stations/NMBS/008893120,IC,2017-08-18T23:24:00,2017-08-18T23:23:00,138,42
http://irail.be/vehicle/IC722,http://irail.be/stations/NMBS/008893179,IC,2017-08-18T23:26:00,2017-08-18T23:26:00,138,138
http://irail.be/vehicle/IC722,NO-URI,IC,2017-08-18T23:27:00,2017-08-18T23:27:00,105,105
http://irail.be/vehicle/IC722,http://irail.be/stations/NMBS/008892007,IC,2017-08-18T23:36:00,2017-08-18T23:33:00,44,82
http://irail.be/vehicle/IC722,http://irail.be/stations/NMBS/008892080,IC,2017-08-18T23:43:00,2017-08-18T23:42:00,13,32
http://irail.be/vehicle/IC722,NO-URI,IC,2017-08-18T23:48:00,2017-08-18T23:48:00,-42,-42
http://irail.be/vehicle/IC722,http://irail.be/stations/NMBS/008892106,IC,2017-08-18T23:50:00,2017-08-18T23:49:00,40,-40
http://irail.be/vehicle/IC722,http://irail.be/stations/NMBS/008896149,IC,2017-08-18T23:58:00,2017-08-18T23:57:00,24,-17
http://irail.be/vehicle/IC722,http://irail.be/stations/NMBS/008896115,IC,2017-08-19T00:04:00,2017-08-19T00:04:00,-25,-25
http://irail.be/vehicle/IC722,http://irail.be/stations/NMBS/008896008,IC,2017-08-19T00:10:00,2017-08-19T00:10:00,,-75
http://irail.be/vehicle/IC722,http://irail.be/stations/NMBS/008821006,IC,2017-11-06T22:37:00,2017-11-06T22:37:00,119,
http://irail.be/vehicle/IC722,http://irail.be/stations/NMBS/008821121,IC,2017-11-06T22:43:00,2017-11-06T22:41:00,79,79
http://irail.be/vehicle/IC722,http://irail.be/stations/NMBS/008821196,IC,2017-11-06T22:46:00,2017-11-06T22:46:00,110,110
http://irail.be/vehicle/IC722,NO-URI,IC,2017-11-06T22:50:00,2017-11-06T22:50:00,110,110
http://irail.be/vehicle/IC722,http://irail.be/stations/NMBS/008894821,IC,2017-11-06T22:50:00,2017-11-06T22:50:00,134,134
http://irail.be/vehicle/IC722,http://irail.be/stations/NMBS/008894755,IC,2017-11-06T22:52:00,2017-11-06T22:52:00,112,112
http://irail.be/vehicle/IC722,http://irail.be/stations/NMBS/008894748,IC,2017-11-06T22:53:00,2017-11-06T22:53:00,87,87
http://irail.be/vehicle/IC722,http://irail.be/stations/NMBS/008894714,IC,2017-11-06T22:56:00,2017-11-06T22:56:00,81,81
http://irail.be/vehicle/IC722,NO-URI,IC,2017-11-06T22:57:00,2017-11-06T22:57:00,72,72
http://irail.be/vehicle/IC722,http://irail.be/stations/NMBS/008894508,IC,2017-11-06T23:00:00,2017-11-06T22:59:00,128,38
http://irail.be/vehicle/IC722,http://irail.be/stations/NMBS/008894433,IC,2017-11-06T23:03:00,2017-11-06T23:03:00,128,128
http://irail.be/vehicle/IC722,http://irail.be/stations/NMBS/008894425,IC,2017-11-06T23:04:00,2017-11-06T23:04:00,76,76
http://irail.be/vehicle/IC722,NO-URI,IC,2017-11-06T23:06:00,2017-11-06T23:06:00,78,78
http://irail.be/vehicle/IC722,http://irail.be/stations/NMBS/008894201,IC,2017-11-06T23:09:00,2017-11-06T23:08:00,59,68
http://irail.be/vehicle/IC722,http://irail.be/stations/NMBS/008894151,IC,2017-11-06T23:15:00,2017-11-06T23:15:00,72,59
http://irail.be/vehicle/IC722,http://irail.be/stations/NMBS/008893120,IC,2017-11-06T23:24:00,2017-11-06T23:23:00,144,55
http://irail.be/vehicle/IC722,http://irail.be/stations/NMBS/008893179,IC,2017-11-06T23:26:00,2017-11-06T23:26:00,144,144
http://irail.be/vehicle/IC722,NO-URI,IC,2017-11-06T23:27:00,2017-11-06T23:27:00,107,107
http://irail.be/vehicle/IC722,http://irail.be/stations/NMBS/008892007,IC,2017-11-06T23:36:00,2017-11-06T23:33:00,18,77
http://irail.be/vehicle/IC722,http://irail.be/stations/NMBS/008892080,IC,2017-11-06T23:43:00,2017-11-06T23:42:00,32,60
http://irail.be/vehicle/IC722,NO-URI,IC,2017-11-06T23:48:00,2017-11-06T23:48:00,-8,-8
http://irail.be/vehicle/IC722,http://irail.be/stations/NMBS/008892106,IC,2017-11-06T23:50:00,2017-11-06T23:49:00,32,1
http://irail.be/vehicle/IC722,http://irail.be/stations/NMBS/008896149,IC,2017-11-06T23:58:00,2017-11-06T23:57:00,6,-11
http://irail.be/vehicle/IC722,http://irail.be/stations/NMBS/008896115,IC,2017-11-07T00:04:00,2017-11-07T00:04:00,-31,-31
http://irail.be/vehicle/IC722,http://irail.be/stations/NMBS/008896008,IC,2017-11-07T00:10:00,2017-11-07T00:10:00,,-73
http://irail.be/vehicle/IC722,http://irail.be/stations/NMBS/008821006,IC,2017-07-24T22:37:00,2017-07-24T22:37:00,14,
http://irail.be/vehicle/IC722,http://irail.be/stations/NMBS/008821121,IC,2017-07-24T22:43:00,2017-07-24T22:41:00,19,19
http://irail.be/vehicle/IC722,http://irail.be/stations/NMBS/008821196,IC,2017-07-24T22:46:00,2017-07-24T22:46:00,-32,-32
http://irail.be/vehicle/IC722,NO-URI,IC,2017-07-24T22:50:00,2017-07-24T22:50:00,-32,-32
http://irail.be/vehicle/IC722,http://irail.be/stations/NMBS/008894821,IC,2017-07-24T22:50:00,2017-07-24T22:50:00,-5,-5
http://irail.be/vehicle/IC722,http://irail.be/stations/NMBS/008894755,IC,2017-07-24T22:52:00,2017-07-24T22:52:00,-25,-25
http://irail.be/vehicle/IC722,http://irail.be/stations/NMBS/008894748,IC,2017-07-24T22:53:00,2017-07-24T22:53:00,-56,-56
http://irail.be/vehicle/IC722,http://irail.be/stations/NMBS/008894714,IC,2017-07-24T22:56:00,2017-07-24T22:56:00,-77,-77
http://irail.be/vehicle/IC722,NO-URI,IC,2017-07-24T22:57:00,2017-07-24T22:57:00,-85,-85
http://irail.be/vehicle/IC722,http://irail.be/stations/NMBS/008894508,IC,2017-07-24T23:00:00,2017-07-24T22:59:00,51,-107
http://irail.be/vehicle/IC722,http://irail.be/stations/NMBS/008894433,IC,2017-07-24T23:03:00,2017-07-24T23:03:00,51,51
http://irail.be/vehicle/IC722,http://irail.be/stations/NMBS/008894425,IC,2017-07-24T23:04:00,2017-07-24T23:04:00,10,10
http://irail.be/vehicle/IC722,NO-URI,IC,2017-07-24T23:06:00,2017-07-24T23:06:00,5,5
http://irail.be/vehicle/IC722,http://irail.be/stations/NMBS/008894201,IC,2017-07-24T23:09:00,2017-07-24T23:08:00,32,26
http://irail.be/vehicle/IC722,http://irail.be/stations/NMBS/008894151,IC,2017-07-24T23:15:00,2017-07-24T23:15:00,671,32
http://irail.be/vehicle/IC722,http://irail.be/stations/NMBS/008893120,IC,2017-07-24T23:24:00,2017-07-24T23:23:00,727,682
http://irail.be/vehicle/IC722,http://irail.be/stations/NMBS/008893179,IC,2017-07-24T23:26:00,2017-07-24T23:26:00,727,727
http://irail.be/vehicle/IC722,NO-URI,IC,2017-07-24T23:27:00,2017-07-24T23:27:00,664,664
http://irail.be/vehicle/IC722,http://irail.be/stations/NMBS/008892007,IC,2017-07-24T23:36:00,2017-07-24T23:33:00,540,638
http://irail.be/vehicle/IC722,http://irail.be/stations/NMBS/008892080,IC,2017-07-24T23:43:00,2017-07-24T23:42:00,508,508
http://irail.be/vehicle/IC722,NO-URI,IC,2017-07-24T23:48:00,2017-07-24T23:48:00,384,384
http://irail.be/vehicle/IC722,http://irail.be/stations/NMBS/008892106,IC,2017-07-24T23:50:00,2017-07-24T23:49:00,393,386
http://irail.be/vehicle/IC722,http://irail.be/stations/NMBS/008896149,IC,2017-07-24T23:58:00,2017-07-24T23:57:00,300,330
http://irail.be/vehicle/IC722,http://irail.be/stations/NMBS/008896115,IC,2017-07-25T00:04:00,2017-07-25T00:04:00,249,249
http://irail.be/vehicle/IC722,http://irail.be/stations/NMBS/008896008,IC,2017-07-25T00:10:00,2017-07-25T00:10:00,,142
http://irail.be/vehicle/IC722,http://irail.be/stations/NMBS/008821006,IC,2017-07-27T22:37:00,2017-07-27T22:37:00,13,
http://irail.be/vehicle/IC722,http://irail.be/stations/NMBS/008821121,IC,2017-07-27T22:43:00,2017-07-27T22:41:00,26,26
http://irail.be/vehicle/IC722,http://irail.be/stations/NMBS/008821196,IC,2017-07-27T22:46:00,2017-07-27T22:46:00,-22,-22
http://irail.be/vehicle/IC722,NO-URI,IC,2017-07-27T22:50:00,2017-07-27T22:50:00,-22,-22
http://irail.be/vehicle/IC722,http://irail.be/stations/NMBS/008894821,IC,2017-07-27T22:50:00,2017-07-27T22:50:00,5,5
http://irail.be/vehicle/IC722,http://irail.be/stations/NMBS/008894755,IC,2017-07-27T22:52:00,2017-07-27T22:52:00,-2,-2
http://irail.be/vehicle/IC722,http://irail.be/stations/NMBS/008894748,IC,2017-07-27T22:53:00,2017-07-27T22:53:00,-27,-27
http://irail.be/vehicle/IC722,http://irail.be/stations/NMBS/008894714,IC,2017-07-27T22:56:00,2017-07-27T22:56:00,-38,-38
http://irail.be/vehicle/IC722,NO-URI,IC,2017-07-27T22:57:00,2017-07-27T22:57:00,-45,-45
http://irail.be/vehicle/IC722,http://irail.be/stations/NMBS/008894508,IC,2017-07-27T23:00:00,2017-07-27T22:59:00,71,-82
http://irail.be/vehicle/IC722,http://irail.be/stations/NMBS/008894433,IC,2017-07-27T23:03:00,2017-07-27T23:03:00,71,71
http://irail.be/vehicle/IC722,http://irail.be/stations/NMBS/008894425,IC,2017-07-27T23:04:00,2017-07-27T23:04:00,36,36
http://irail.be/vehicle/IC722,NO-URI,IC,2017-07-27T23:06:00,2017-07-27T23:06:00,35,35
http://irail.be/vehicle/IC722,http://irail.be/stations/NMBS/008894201,IC,2017-07-27T23:09:00,2017-07-27T23:08:00,36,27
http://irail.be/vehicle/IC722,http://irail.be/stations/NMBS/008894151,IC,2017-07-27T23:15:00,2017-07-27T23:15:00,36,36
http://irail.be/vehicle/IC722,http://irail.be/stations/NMBS/008893120,IC,2017-07-27T23:24:00,2017-07-27T23:23:00,100,14
http://irail.be/vehicle/IC722,http://irail.be/stations/NMBS/008893179,IC,2017-07-27T23:26:00,2017-07-27T23:26:00,100,100
http://irail.be/vehicle/IC722,NO-URI,IC,2017-07-27T23:27:00,2017-07-27T23:27:00,22,22
http://irail.be/vehicle/IC722,http://irail.be/stations/NMBS/008892007,IC,2017-07-27T23:36:00,2017-07-27T23:33:00,34,-13
http://irail.be/vehicle/IC722,http://irail.be/stations/NMBS/008892080,IC,2017-07-27T23:43:00,2017-07-27T23:42:00,-9,16
http://irail.be/vehicle/IC722,NO-URI,IC,2017-07-27T23:48:00,2017-07-27T23:48:00,-55,-55
http://irail.be/vehicle/IC722,http://irail.be/stations/NMBS/008892106,IC,2017-07-27T23:50:00,2017-07-27T23:49:00,39,-52
http://irail.be/vehicle/IC722,http://irail.be/stations/NMBS/008896149,IC,2017-07-27T23:58:00,2017-07-27T23:57:00,14,-2
http://irail.be/vehicle/IC722,http://irail.be/stations/NMBS/008896115,IC,2017-07-28T00:04:00,2017-07-28T00:04:00,-21,-21
http://irail.be/vehicle/IC722,http://irail.be/stations/NMBS/008896008,IC,2017-07-28T00:10:00,2017-07-28T00:10:00,,-97
http://irail.be/vehicle/IC722,http://irail.be/stations/NMBS/008821006,IC,2017-10-27T22:37:00,2017-10-27T22:37:00,80,
http://irail.be/vehicle/IC722,http://irail.be/stations/NMBS/008821121,IC,2017-10-27T22:43:00,2017-10-27T22:41:00,27,27
http://irail.be/vehicle/IC722,http://irail.be/stations/NMBS/008821196,IC,2017-10-27T22:46:00,2017-10-27T22:46:00,42,42
http://irail.be/vehicle/IC722,NO-URI,IC,2017-10-27T22:50:00,2017-10-27T22:50:00,42,42
http://irail.be/vehicle/IC722,http://irail.be/stations/NMBS/008894821,IC,2017-10-27T22:50:00,2017-10-27T22:50:00,68,68
http://irail.be/vehicle/IC722,http://irail.be/stations/NMBS/008894755,IC,2017-10-27T22:52:00,2017-10-27T22:52:00,50,50
http://irail.be/vehicle/IC722,http://irail.be/stations/NMBS/008894748,IC,2017-10-27T22:53:00,2017-10-27T22:53:00,22,22
http://irail.be/vehicle/IC722,http://irail.be/stations/NMBS/008894714,IC,2017-10-27T22:56:00,2017-10-27T22:56:00,2,2
http://irail.be/vehicle/IC722,NO-URI,IC,2017-10-27T22:57:00,2017-10-27T22:57:00,-6,-6
http://irail.be/vehicle/IC722,http://irail.be/stations/NMBS/008894508,IC,2017-10-27T23:00:00,2017-10-27T22:59:00,95,-40
http://irail.be/vehicle/IC722,http://irail.be/stations/NMBS/008894433,IC,2017-10-27T23:03:00,2017-10-27T23:03:00,95,95
http://irail.be/vehicle/IC722,http://irail.be/stations/NMBS/008894425,IC,2017-10-27T23:04:00,2017-10-27T23:04:00,56,56
http://irail.be/vehicle/IC722,NO-URI,IC,2017-10-27T23:06:00,2017-10-27T23:06:00,53,53
http://irail.be/vehicle/IC722,http://irail.be/stations/NMBS/008894201,IC,2017-10-27T23:09:00,2017-10-27T23:08:00,67,45
http://irail.be/vehicle/IC722,http://irail.be/stations/NMBS/008894151,IC,2017-10-27T23:15:00,2017-10-27T23:15:00,77,67
http://irail.be/vehicle/IC722,http://irail.be/stations/NMBS/008893120,IC,2017-10-27T23:24:00,2017-10-27T23:23:00,137,56
http://irail.be/vehicle/IC722,http://irail.be/stations/NMBS/008893179,IC,2017-10-27T23:26:00,2017-10-27T23:26:00,137,137
http://irail.be/vehicle/IC722,NO-URI,IC,2017-10-27T23:27:00,2017-10-27T23:27:00,92,92
http://irail.be/vehicle/IC722,http://irail.be/stations/NMBS/008892007,IC,2017-10-27T23:36:00,2017-10-27T23:33:00,50,75
http://irail.be/vehicle/IC722,http://irail.be/stations/NMBS/008892080,IC,2017-10-27T23:43:00,2017-10-27T23:42:00,-5,32
http://irail.be/vehicle/IC722,NO-URI,IC,2017-10-27T23:48:00,2017-10-27T23:48:00,-59,-59
http://irail.be/vehicle/IC722,http://irail.be/stations/NMBS/008892106,IC,2017-10-27T23:50:00,2017-10-27T23:49:00,33,-53
http://irail.be/vehicle/IC722,http://irail.be/stations/NMBS/008896149,IC,2017-10-27T23:58:00,2017-10-27T23:57:00,-3,-21
http://irail.be/vehicle/IC722,http://irail.be/stations/NMBS/008896115,IC,2017-10-28T00:04:00,2017-10-28T00:04:00,-42,-48
http://irail.be/vehicle/IC722,http://irail.be/stations/NMBS/008896008,IC,2017-10-28T00:10:00,2017-10-28T00:10:00,,63
http://irail.be/vehicle/IC722,http://irail.be/stations/NMBS/008821006,IC,2017-11-25T22:37:00,2017-11-25T22:37:00,14,
http://irail.be/vehicle/IC722,http://irail.be/stations/NMBS/008821121,IC,2017-11-25T22:43:00,2017-11-25T22:41:00,22,22
http://irail.be/vehicle/IC722,http://irail.be/stations/NMBS/008821196,IC,2017-11-25T22:46:00,2017-11-25T22:46:00,-5,-5
http://irail.be/vehicle/IC722,NO-URI,IC,2017-11-25T22:50:00,2017-11-25T22:50:00,-5,-5
http://irail.be/vehicle/IC722,http://irail.be/stations/NMBS/008894821,IC,2017-11-25T22:50:00,2017-11-25T22:50:00,19,19
http://irail.be/vehicle/IC722,http://irail.be/stations/NMBS/008894755,IC,2017-11-25T22:52:00,2017-11-25T22:52:00,-1,-1
http://irail.be/vehicle/IC722,http://irail.be/stations/NMBS/008894748,IC,2017-11-25T22:53:00,2017-11-25T22:53:00,-31,-31
http://irail.be/vehicle/IC722,http://irail.be/stations/NMBS/008894714,IC,2017-11-25T22:56:00,2017-11-25T22:56:00,-46,-46
http://irail.be/vehicle/IC722,NO-URI,IC,2017-11-25T22:57:00,2017-11-25T22:57:00,-56,-56
http://irail.be/vehicle/IC722,http://irail.be/stations/NMBS/008894508,IC,2017-11-25T23:01:00,2017-11-25T22:59:00,43,-95
http://irail.be/vehicle/IC722,http://irail.be/stations/NMBS/008894433,IC,2017-11-25T23:04:00,2017-11-25T23:04:00,43,43
http://irail.be/vehicle/IC722,http://irail.be/stations/NMBS/008894425,IC,2017-11-25T23:05:00,2017-11-25T23:05:00,5,5
http://irail.be/vehicle/IC722,NO-URI,IC,2017-11-25T23:07:00,2017-11-25T23:07:00,0,0
http://irail.be/vehicle/IC722,http://irail.be/stations/NMBS/008894201,IC,2017-11-25T23:11:00,2017-11-25T23:09:00,8,-13
http://irail.be/vehicle/IC722,http://irail.be/stations/NMBS/008894151,IC,2017-11-25T23:16:00,2017-11-25T23:16:00,8,8
http://irail.be/vehicle/IC722,http://irail.be/stations/NMBS/008893120,IC,2017-11-25T23:24:00,2017-11-25T23:23:00,37,-74
http://irail.be/vehicle/IC722,http://irail.be/stations/NMBS/008893179,IC,2017-11-25T23:26:00,2017-11-25T23:26:00,37,37
http://irail.be/vehicle/IC722,NO-URI,IC,2017-11-25T23:27:00,2017-11-25T23:27:00,-32,-32
http://irail.be/vehicle/IC722,http://irail.be/stations/NMBS/008892007,IC,2017-11-25T23:36:00,2017-11-25T23:33:00,879,-55
http://irail.be/vehicle/IC722,http://irail.be/stations/NMBS/008892080,IC,2017-11-25T23:43:00,2017-11-25T23:42:00,845,875
http://irail.be/vehicle/IC722,NO-URI,IC,2017-11-25T23:47:00,2017-11-25T23:47:00,827,827
http://irail.be/vehicle/IC722,http://irail.be/stations/NMBS/008892106,IC,2017-11-25T23:50:00,2017-11-25T23:49:00,812,823
http://irail.be/vehicle/IC722,http://irail.be/stations/NMBS/008896149,IC,2017-11-25T23:58:00,2017-11-25T23:57:00,964,830
http://irail.be/vehicle/IC722,http://irail.be/stations/NMBS/008896115,IC,2017-11-26T00:04:00,2017-11-26T00:04:00,966,966
http://irail.be/vehicle/IC722,http://irail.be/stations/NMBS/008896008,IC,2017-11-26T00:10:00,2017-11-26T00:10:00,,891
http://irail.be/vehicle/IC722,http://irail.be/stations/NMBS/008821006,IC,2017-08-09T22:37:00,2017-08-09T22:37:00,11,
http://irail.be/vehicle/IC722,http://irail.be/stations/NMBS/008821121,IC,2017-08-09T22:43:00,2017-08-09T22:41:00,19,19
http://irail.be/vehicle/IC722,http://irail.be/stations/NMBS/008821196,IC,2017-08-09T22:46:00,2017-08-09T22:46:00,-24,-24
http://irail.be/vehicle/IC722,NO-URI,IC,2017-08-09T22:50:00,2017-08-09T22:50:00,-24,-24
http://irail.be/vehicle/IC722,http://irail.be/stations/NMBS/008894821,IC,2017-08-09T22:50:00,2017-08-09T22:50:00,2,2
http://irail.be/vehicle/IC722,http://irail.be/stations/NMBS/008894755,IC,2017-08-09T22:52:00,2017-08-09T22:52:00,-13,-13
http://irail.be/vehicle/IC722,http://irail.be/stations/NMBS/008894748,IC,2017-08-09T22:53:00,2017-08-09T22:53:00,-43,-43
http://irail.be/vehicle/IC722,http://irail.be/stations/NMBS/008894714,IC,2017-08-09T22:56:00,2017-08-09T22:56:00,-63,-63
http://irail.be/vehicle/IC722,NO-URI,IC,2017-08-09T22:57:00,2017-08-09T22:57:00,-73,-73
http://irail.be/vehicle/IC722,http://irail.be/stations/NMBS/008894508,IC,2017-08-09T23:00:00,2017-08-09T22:59:00,36,-109
http://irail.be/vehicle/IC722,http://irail.be/stations/NMBS/008894433,IC,2017-08-09T23:03:00,2017-08-09T23:03:00,36,36
http://irail.be/vehicle/IC722,http://irail.be/stations/NMBS/008894425,IC,2017-08-09T23:04:00,2017-08-09T23:04:00,-3,-3
http://irail.be/vehicle/IC722,NO-URI,IC,2017-08-09T23:06:00,2017-08-09T23:06:00,-5,-5
http://irail.be/vehicle/IC722,http://irail.be/stations/NMBS/008894201,IC,2017-08-09T23:09:00,2017-08-09T23:08:00,0,-12
http://irail.be/vehicle/IC722,http://irail.be/stations/NMBS/008894151,IC,2017-08-09T23:15:00,2017-08-09T23:15:00,13,0
http://irail.be/vehicle/IC722,http://irail.be/stations/NMBS/008893120,IC,2017-08-09T23:24:00,2017-08-09T23:23:00,51,-24
http://irail.be/vehicle/IC722,http://irail.be/stations/NMBS/008893179,IC,2017-08-09T23:26:00,2017-08-09T23:26:00,51,51
http://irail.be/vehicle/IC722,NO-URI,IC,2017-08-09T23:27:00,2017-08-09T23:27:00,-12,-12
http://irail.be/vehicle/IC722,http://irail.be/stations/NMBS/008892007,IC,2017-08-09T23:36:00,2017-08-09T23:33:00,14,-31
http://irail.be/vehicle/IC722,http://irail.be/stations/NMBS/008892080,IC,2017-08-09T23:43:00,2017-08-09T23:42:00,-6,22
http://irail.be/vehicle/IC722,NO-URI,IC,2017-08-09T23:48:00,2017-08-09T23:48:00,-50,-50
http://irail.be/vehicle/IC722,http://irail.be/stations/NMBS/008892106,IC,2017-08-09T23:50:00,2017-08-09T23:49:00,32,-44
http://irail.be/vehicle/IC722,http://irail.be/stations/NMBS/008896149,IC,2017-08-09T23:58:00,2017-08-09T23:57:00,3,-15
http://irail.be/vehicle/IC722,http://irail.be/stations/NMBS/008896115,IC,2017-08-10T00:04:00,2017-08-10T00:04:00,-30,-30
http://irail.be/vehicle/IC722,http://irail.be/stations/NMBS/008896008,IC,2017-08-10T00:10:00,2017-08-10T00:10:00,,-103
http://irail.be/vehicle/IC722,http://irail.be/stations/NMBS/008821006,IC,2017-09-29T22:37:00,2017-09-29T22:37:00,26,
http://irail.be/vehicle/IC722,http://irail.be/stations/NMBS/008821121,IC,2017-09-29T22:43:00,2017-09-29T22:41:00,21,21
http://irail.be/vehicle/IC722,http://irail.be/stations/NMBS/008821196,IC,2017-09-29T22:46:00,2017-09-29T22:46:00,-14,-14
http://irail.be/vehicle/IC722,NO-URI,IC,2017-09-29T22:50:00,2017-09-29T22:50:00,-14,-14
http://irail.be/vehicle/IC722,http://irail.be/stations/NMBS/008894821,IC,2017-09-29T22:50:00,2017-09-29T22:50:00,13,13
http://irail.be/vehicle/IC722,http://irail.be/stations/NMBS/008894755,IC,2017-09-29T22:52:00,2017-09-29T22:52:00,-3,-3
http://irail.be/vehicle/IC722,http://irail.be/stations/NMBS/008894748,IC,2017-09-29T22:53:00,2017-09-29T22:53:00,-32,-32
http://irail.be/vehicle/IC722,http://irail.be/stations/NMBS/008894714,IC,2017-09-29T22:56:00,2017-09-29T22:56:00,-57,-57
http://irail.be/vehicle/IC722,NO-URI,IC,2017-09-29T22:57:00,2017-09-29T22:57:00,-70,-70
http://irail.be/vehicle/IC722,http://irail.be/stations/NMBS/008894508,IC,2017-09-29T23:00:00,2017-09-29T22:59:00,54,-96
http://irail.be/vehicle/IC722,http://irail.be/stations/NMBS/008894433,IC,2017-09-29T23:03:00,2017-09-29T23:03:00,54,54
http://irail.be/vehicle/IC722,http://irail.be/stations/NMBS/008894425,IC,2017-09-29T23:04:00,2017-09-29T23:04:00,21,21
http://irail.be/vehicle/IC722,NO-URI,IC,2017-09-29T23:06:00,2017-09-29T23:06:00,16,16
http://irail.be/vehicle/IC722,http://irail.be/stations/NMBS/008894201,IC,2017-09-29T23:09:00,2017-09-29T23:08:00,10,20
http://irail.be/vehicle/IC722,http://irail.be/stations/NMBS/008894151,IC,2017-09-29T23:15:00,2017-09-29T23:15:00,10,10
http://irail.be/vehicle/IC722,http://irail.be/stations/NMBS/008893120,IC,2017-09-29T23:24:00,2017-09-29T23:23:00,41,-30
http://irail.be/vehicle/IC722,http://irail.be/stations/NMBS/008893179,IC,2017-09-29T23:26:00,2017-09-29T23:26:00,41,41
http://irail.be/vehicle/IC722,NO-URI,IC,2017-09-29T23:27:00,2017-09-29T23:27:00,-24,-24
http://irail.be/vehicle/IC722,http://irail.be/stations/NMBS/008892007,IC,2017-09-29T23:36:00,2017-09-29T23:33:00,23,-48
http://irail.be/vehicle/IC722,http://irail.be/stations/NMBS/008892080,IC,2017-09-29T23:43:00,2017-09-29T23:42:00,7,20
http://irail.be/vehicle/IC722,NO-URI,IC,2017-09-29T23:48:00,2017-09-29T23:48:00,-34,-34
http://irail.be/vehicle/IC722,http://irail.be/stations/NMBS/008892106,IC,2017-09-29T23:50:00,2017-09-29T23:49:00,56,-14
http://irail.be/vehicle/IC722,http://irail.be/stations/NMBS/008896149,IC,2017-09-29T23:58:00,2017-09-29T23:57:00,12,8
http://irail.be/vehicle/IC722,http://irail.be/stations/NMBS/008896115,IC,2017-09-30T00:04:00,2017-09-30T00:04:00,-22,-22
http://irail.be/vehicle/IC722,http://irail.be/stations/NMBS/008896008,IC,2017-09-30T00:10:00,2017-09-30T00:10:00,,-103
http://irail.be/vehicle/IC722,http://irail.be/stations/NMBS/008821006,IC,2017-05-31T22:37:00,2017-05-31T22:37:00,19,
http://irail.be/vehicle/IC722,http://irail.be/stations/NMBS/008821121,IC,2017-05-31T22:43:00,2017-05-31T22:41:00,8,8
http://irail.be/vehicle/IC722,http://irail.be/stations/NMBS/008821196,IC,2017-05-31T22:46:00,2017-05-31T22:46:00,9,9
http://irail.be/vehicle/IC722,NO-URI,IC,2017-05-31T22:50:00,2017-05-31T22:50:00,9,9
http://irail.be/vehicle/IC722,http://irail.be/stations/NMBS/008894821,IC,2017-05-31T22:50:00,2017-05-31T22:50:00,6,6
http://irail.be/vehicle/IC722,http://irail.be/stations/NMBS/008894755,IC,2017-05-31T22:52:00,2017-05-31T22:52:00,8,8
http://irail.be/vehicle/IC722,http://irail.be/stations/NMBS/008894748,IC,2017-05-31T22:53:00,2017-05-31T22:53:00,-13,-13
http://irail.be/vehicle/IC722,http://irail.be/stations/NMBS/008894714,IC,2017-05-31T22:55:00,2017-05-31T22:55:00,15,15
http://irail.be/vehicle/IC722,NO-URI,IC,2017-05-31T22:57:00,2017-05-31T22:57:00,-25,-25
http://irail.be/vehicle/IC722,http://irail.be/stations/NMBS/008894508,IC,2017-05-31T23:00:00,2017-05-31T22:59:00,23,-91
http://irail.be/vehicle/IC722,http://irail.be/stations/NMBS/008894433,IC,2017-05-31T23:03:00,2017-05-31T23:03:00,23,23
http://irail.be/vehicle/IC722,http://irail.be/stations/NMBS/008894425,IC,2017-05-31T23:03:00,2017-05-31T23:03:00,37,37
http://irail.be/vehicle/IC722,NO-URI,IC,2017-05-31T23:06:00,2017-05-31T23:06:00,23,23
http://irail.be/vehicle/IC722,http://irail.be/stations/NMBS/008894201,IC,2017-05-31T23:09:00,2017-05-31T23:08:00,31,-18
http://irail.be/vehicle/IC722,http://irail.be/stations/NMBS/008894151,IC,2017-05-31T23:15:00,2017-05-31T23:15:00,44,31
http://irail.be/vehicle/IC722,http://irail.be/stations/NMBS/008893120,IC,2017-05-31T23:24:00,2017-05-31T23:23:00,47,-33
http://irail.be/vehicle/IC722,http://irail.be/stations/NMBS/008893179,IC,2017-05-31T23:26:00,2017-05-31T23:26:00,47,47
http://irail.be/vehicle/IC722,NO-URI,IC,2017-05-31T23:27:00,2017-05-31T23:27:00,-20,-20
http://irail.be/vehicle/IC722,http://irail.be/stations/NMBS/008892007,IC,2017-05-31T23:36:00,2017-05-31T23:33:00,18,-9
http://irail.be/vehicle/IC722,http://irail.be/stations/NMBS/008892080,IC,2017-05-31T23:43:00,2017-05-31T23:42:00,32,3
http://irail.be/vehicle/IC722,NO-URI,IC,2017-05-31T23:48:00,2017-05-31T23:48:00,-50,-50
http://irail.be/vehicle/IC722,http://irail.be/stations/NMBS/008892106,IC,2017-05-31T23:50:00,2017-05-31T23:49:00,67,-64
http://irail.be/vehicle/IC722,http://irail.be/stations/NMBS/008896149,IC,2017-05-31T23:58:00,2017-05-31T23:57:00,20,-30
http://irail.be/vehicle/IC722,http://irail.be/stations/NMBS/008896115,IC,2017-06-01T00:04:00,2017-06-01T00:04:00,-48,-91
http://irail.be/vehicle/IC722,http://irail.be/stations/NMBS/008896008,IC,2017-06-01T00:10:00,2017-06-01T00:10:00,,-116
http://irail.be/vehicle/IC722,http://irail.be/stations/NMBS/008821006,IC,2017-07-16T22:37:00,2017-07-16T22:37:00,8,
http://irail.be/vehicle/IC722,http://irail.be/stations/NMBS/008821121,IC,2017-07-16T22:43:00,2017-07-16T22:41:00,64,64
http://irail.be/vehicle/IC722,http://irail.be/stations/NMBS/008821196,IC,2017-07-16T22:46:00,2017-07-16T22:46:00,35,35
http://irail.be/vehicle/IC722,NO-URI,IC,2017-07-16T22:50:00,2017-07-16T22:50:00,35,35
http://irail.be/vehicle/IC722,http://irail.be/stations/NMBS/008894821,IC,2017-07-16T22:50:00,2017-07-16T22:50:00,57,57
http://irail.be/vehicle/IC722,http://irail.be/stations/NMBS/008894755,IC,2017-07-16T22:52:00,2017-07-16T22:52:00,35,35
http://irail.be/vehicle/IC722,http://irail.be/stations/NMBS/008894748,IC,2017-07-16T22:53:00,2017-07-16T22:53:00,4,4
http://irail.be/vehicle/IC722,http://irail.be/stations/NMBS/008894714,IC,2017-07-16T22:56:00,2017-07-16T22:56:00,-19,-19
http://irail.be/vehicle/IC722,NO-URI,IC,2017-07-16T22:57:00,2017-07-16T22:57:00,-32,-32
http://irail.be/vehicle/IC722,http://irail.be/stations/NMBS/008894508,IC,2017-07-16T23:01:00,2017-07-16T22:59:00,55,-68
http://irail.be/vehicle/IC722,http://irail.be/stations/NMBS/008894433,IC,2017-07-16T23:04:00,2017-07-16T23:04:00,55,55
http://irail.be/vehicle/IC722,http://irail.be/stations/NMBS/008894425,IC,2017-07-16T23:05:00,2017-07-16T23:05:00,18,18
http://irail.be/vehicle/IC722,NO-URI,IC,2017-07-16T23:07:00,2017-07-16T23:07:00,11,11
http://irail.be/vehicle/IC722,http://irail.be/stations/NMBS/008894201,IC,2017-07-16T23:11:00,2017-07-16T23:09:00,-7,2
http://irail.be/vehicle/IC722,http://irail.be/stations/NMBS/008894151,IC,2017-07-16T23:16:00,2017-07-16T23:16:00,-7,-7
http://irail.be/vehicle/IC722,http://irail.be/stations/NMBS/008893120,IC,2017-07-16T23:24:00,2017-07-16T23:23:00,10,-87
http://irail.be/vehicle/IC722,http://irail.be/stations/NMBS/008893179,IC,2017-07-16T23:26:00,2017-07-16T23:26:00,10,10
http://irail.be/vehicle/IC722,NO-URI,IC,2017-07-16T23:27:00,2017-07-16T23:27:00,-56,-56
http://irail.be/vehicle/IC722,http://irail.be/stations/NMBS/008892007,IC,2017-07-16T23:36:00,2017-07-16T23:33:00,473,-75
http://irail.be/vehicle/IC722,http://irail.be/stations/NMBS/008892080,IC,2017-07-16T23:43:00,2017-07-16T23:42:00,450,455
http://irail.be/vehicle/IC722,NO-URI,IC,2017-07-16T23:47:00,2017-07-16T23:47:00,428,428
http://irail.be/vehicle/IC722,http://irail.be/stations/NMBS/008892106,IC,2017-07-16T23:50:00,2017-07-16T23:49:00,405,424
http://irail.be/vehicle/IC722,http://irail.be/stations/NMBS/008896149,IC,2017-07-16T23:58:00,2017-07-16T23:57:00,306,337
http://irail.be/vehicle/IC722,http://irail.be/stations/NMBS/008896115,IC,2017-07-17T00:04:00,2017-07-17T00:04:00,256,256
http://irail.be/vehicle/IC722,http://irail.be/stations/NMBS/008896008,IC,2017-07-17T00:10:00,2017-07-17T00:10:00,,184
http://irail.be/vehicle/IC722,http://irail.be/stations/NMBS/008821006,IC,2017-08-22T22:37:00,2017-08-22T22:37:00,29,
http://irail.be/vehicle/IC722,http://irail.be/stations/NMBS/008821121,IC,2017-08-22T22:43:00,2017-08-22T22:41:00,45,45
http://irail.be/vehicle/IC722,http://irail.be/stations/NMBS/008821196,IC,2017-08-22T22:46:00,2017-08-22T22:46:00,-6,-6
http://irail.be/vehicle/IC722,NO-URI,IC,2017-08-22T22:50:00,2017-08-22T22:50:00,-6,-6
http://irail.be/vehicle/IC722,http://irail.be/stations/NMBS/008894821,IC,2017-08-22T22:50:00,2017-08-22T22:50:00,20,20
http://irail.be/vehicle/IC722,http://irail.be/stations/NMBS/008894755,IC,2017-08-22T22:52:00,2017-08-22T22:52:00,0,0
http://irail.be/vehicle/IC722,http://irail.be/stations/NMBS/008894748,IC,2017-08-22T22:53:00,2017-08-22T22:53:00,-28,-28
http://irail.be/vehicle/IC722,http://irail.be/stations/NMBS/008894714,IC,2017-08-22T22:56:00,2017-08-22T22:56:00,-46,-46
http://irail.be/vehicle/IC722,NO-URI,IC,2017-08-22T22:57:00,2017-08-22T22:57:00,-49,-49
http://irail.be/vehicle/IC722,http://irail.be/stations/NMBS/008894508,IC,2017-08-22T23:00:00,2017-08-22T22:59:00,70,-87
http://irail.be/vehicle/IC722,http://irail.be/stations/NMBS/008894433,IC,2017-08-22T23:03:00,2017-08-22T23:03:00,70,70
http://irail.be/vehicle/IC722,http://irail.be/stations/NMBS/008894425,IC,2017-08-22T23:04:00,2017-08-22T23:04:00,20,20
http://irail.be/vehicle/IC722,NO-URI,IC,2017-08-22T23:06:00,2017-08-22T23:06:00,15,15
http://irail.be/vehicle/IC722,http://irail.be/stations/NMBS/008894201,IC,2017-08-22T23:09:00,2017-08-22T23:08:00,61,11
http://irail.be/vehicle/IC722,http://irail.be/stations/NMBS/008894151,IC,2017-08-22T23:15:00,2017-08-22T23:15:00,71,61
http://irail.be/vehicle/IC722,http://irail.be/stations/NMBS/008893120,IC,2017-08-22T23:24:00,2017-08-22T23:23:00,97,45
http://irail.be/vehicle/IC722,http://irail.be/stations/NMBS/008893179,IC,2017-08-22T23:26:00,2017-08-22T23:26:00,97,97
http://irail.be/vehicle/IC722,NO-URI,IC,2017-08-22T23:27:00,2017-08-22T23:27:00,18,18
http://irail.be/vehicle/IC722,http://irail.be/stations/NMBS/008892007,IC,2017-08-22T23:36:00,2017-08-22T23:33:00,23,-9
http://irail.be/vehicle/IC722,http://irail.be/stations/NMBS/008892080,IC,2017-08-22T23:43:00,2017-08-22T23:42:00,-27,30
http://irail.be/vehicle/IC722,NO-URI,IC,2017-08-22T23:48:00,2017-08-22T23:48:00,-82,-82
http://irail.be/vehicle/IC722,http://irail.be/stations/NMBS/008892106,IC,2017-08-22T23:50:00,2017-08-22T23:49:00,27,-69
http://irail.be/vehicle/IC722,http://irail.be/stations/NMBS/008896149,IC,2017-08-22T23:58:00,2017-08-22T23:57:00,7,-33
http://irail.be/vehicle/IC722,http://irail.be/stations/NMBS/008896115,IC,2017-08-23T00:04:00,2017-08-23T00:04:00,39,-41
http://irail.be/vehicle/IC722,http://irail.be/stations/NMBS/008896008,IC,2017-08-23T00:10:00,2017-08-23T00:10:00,,64
http://irail.be/vehicle/IC722,http://irail.be/stations/NMBS/008821006,IC,2017-09-19T22:37:00,2017-09-19T22:37:00,54,
http://irail.be/vehicle/IC722,http://irail.be/stations/NMBS/008821121,IC,2017-09-19T22:43:00,2017-09-19T22:41:00,51,51
http://irail.be/vehicle/IC722,http://irail.be/stations/NMBS/008821196,IC,2017-09-19T22:46:00,2017-09-19T22:46:00,41,41
http://irail.be/vehicle/IC722,NO-URI,IC,2017-09-19T22:50:00,2017-09-19T22:50:00,41,41
http://irail.be/vehicle/IC722,http://irail.be/stations/NMBS/008894821,IC,2017-09-19T22:50:00,2017-09-19T22:50:00,68,68
http://irail.be/vehicle/IC722,http://irail.be/stations/NMBS/008894755,IC,2017-09-19T22:52:00,2017-09-19T22:52:00,54,54
http://irail.be/vehicle/IC722,http://irail.be/stations/NMBS/008894748,IC,2017-09-19T22:53:00,2017-09-19T22:53:00,27,27
http://irail.be/vehicle/IC722,http://irail.be/stations/NMBS/008894714,IC,2017-09-19T22:56:00,2017-09-19T22:56:00,4,4
http://irail.be/vehicle/IC722,NO-URI,IC,2017-09-19T22:57:00,2017-09-19T22:57:00,-6,-6
http://irail.be/vehicle/IC722,http://irail.be/stations/NMBS/008894508,IC,2017-09-19T23:00:00,2017-09-19T22:59:00,51,-35
http://irail.be/vehicle/IC722,http://irail.be/stations/NMBS/008894433,IC,2017-09-19T23:03:00,2017-09-19T23:03:00,51,51
http://irail.be/vehicle/IC722,http://irail.be/stations/NMBS/008894425,IC,2017-09-19T23:04:00,2017-09-19T23:04:00,39,39
http://irail.be/vehicle/IC722,NO-URI,IC,2017-09-19T23:06:00,2017-09-19T23:06:00,38,38
http://irail.be/vehicle/IC722,http://irail.be/stations/NMBS/008894201,IC,2017-09-19T23:09:00,2017-09-19T23:08:00,35,39
http://irail.be/vehicle/IC722,http://irail.be/stations/NMBS/008894151,IC,2017-09-19T23:15:00,2017-09-19T23:15:00,76,35
http://irail.be/vehicle/IC722,http://irail.be/stations/NMBS/008893120,IC,2017-09-19T23:24:00,2017-09-19T23:23:00,169,85
http://irail.be/vehicle/IC722,http://irail.be/stations/NMBS/008893179,IC,2017-09-19T23:26:00,2017-09-19T23:26:00,169,169
http://irail.be/vehicle/IC722,NO-URI,IC,2017-09-19T23:27:00,2017-09-19T23:27:00,148,148
http://irail.be/vehicle/IC722,http://irail.be/stations/NMBS/008892007,IC,2017-09-19T23:36:00,2017-09-19T23:33:00,699,193
http://irail.be/vehicle/IC722,http://irail.be/stations/NMBS/008892080,IC,2017-09-19T23:43:00,2017-09-19T23:42:00,749,774
http://irail.be/vehicle/IC722,NO-URI,IC,2017-09-19T23:48:00,2017-09-19T23:48:00,696,696
http://irail.be/vehicle/IC722,http://irail.be/stations/NMBS/008892106,IC,2017-09-19T23:50:00,2017-09-19T23:49:00,754,711
http://irail.be/vehicle/IC722,http://irail.be/stations/NMBS/008896149,IC,2017-09-19T23:58:00,2017-09-19T23:57:00,722,717
http://irail.be/vehicle/IC722,http://irail.be/stations/NMBS/008896115,IC,2017-09-20T00:04:00,2017-09-20T00:04:00,747,700
http://irail.be/vehicle/IC722,http://irail.be/stations/NMBS/008896008,IC,2017-09-20T00:10:00,2017-09-20T00:10:00,,712
http://irail.be/vehicle/IC722,http://irail.be/stations/NMBS/008821006,IC,2017-01-19T22:37:00,2017-01-19T22:37:00,11,
http://irail.be/vehicle/IC722,http://irail.be/stations/NMBS/008821121,IC,2017-01-19T22:43:00,2017-01-19T22:41:00,25,25
http://irail.be/vehicle/IC722,http://irail.be/stations/NMBS/008821196,IC,2017-01-19T22:46:00,2017-01-19T22:46:00,-13,-13
http://irail.be/vehicle/IC722,NO-URI,IC,2017-01-19T22:50:00,2017-01-19T22:50:00,-13,-13
http://irail.be/vehicle/IC722,http://irail.be/stations/NMBS/008894821,IC,2017-01-19T22:50:00,2017-01-19T22:50:00,11,11
http://irail.be/vehicle/IC722,http://irail.be/stations/NMBS/008894755,IC,2017-01-19T22:52:00,2017-01-19T22:52:00,-7,-7
http://irail.be/vehicle/IC722,http://irail.be/stations/NMBS/008894748,IC,2017-01-19T22:53:00,2017-01-19T22:53:00,-37,-37
http://irail.be/vehicle/IC722,http://irail.be/stations/NMBS/008894714,IC,2017-01-19T22:56:00,2017-01-19T22:56:00,-60,-60
http://irail.be/vehicle/IC722,NO-URI,IC,2017-01-19T22:57:00,2017-01-19T22:57:00,-74,-74
http://irail.be/vehicle/IC722,http://irail.be/stations/NMBS/008894508,IC,2017-01-19T23:00:00,2017-01-19T22:59:00,58,-114
http://irail.be/vehicle/IC722,http://irail.be/stations/NMBS/008894433,IC,2017-01-19T23:03:00,2017-01-19T23:03:00,58,58
http://irail.be/vehicle/IC722,http://irail.be/stations/NMBS/008894425,IC,2017-01-19T23:04:00,2017-01-19T23:04:00,20,20
http://irail.be/vehicle/IC722,NO-URI,IC,2017-01-19T23:06:00,2017-01-19T23:06:00,15,15
http://irail.be/vehicle/IC722,http://irail.be/stations/NMBS/008894201,IC,2017-01-19T23:09:00,2017-01-19T23:08:00,112,99
http://irail.be/vehicle/IC722,http://irail.be/stations/NMBS/008894151,IC,2017-01-19T23:15:00,2017-01-19T23:15:00,120,112
http://irail.be/vehicle/IC722,http://irail.be/stations/NMBS/008893120,IC,2017-01-19T23:24:00,2017-01-19T23:23:00,171,117
http://irail.be/vehicle/IC722,http://irail.be/stations/NMBS/008893179,IC,2017-01-19T23:26:00,2017-01-19T23:26:00,171,171
http://irail.be/vehicle/IC722,NO-URI,IC,2017-01-19T23:27:00,2017-01-19T23:27:00,127,127
http://irail.be/vehicle/IC722,http://irail.be/stations/NMBS/008892007,IC,2017-01-19T23:36:00,2017-01-19T23:33:00,20,100
http://irail.be/vehicle/IC722,http://irail.be/stations/NMBS/008892080,IC,2017-01-19T23:43:00,2017-01-19T23:42:00,-16,-2
http://irail.be/vehicle/IC722,NO-URI,IC,2017-01-19T23:48:00,2017-01-19T23:48:00,-72,-72
http://irail.be/vehicle/IC722,http://irail.be/stations/NMBS/008892106,IC,2017-01-19T23:50:00,2017-01-19T23:49:00,67,-66
http://irail.be/vehicle/IC722,http://irail.be/stations/NMBS/008896149,IC,2017-01-19T23:58:00,2017-01-19T23:57:00,20,14
http://irail.be/vehicle/IC722,http://irail.be/stations/NMBS/008896115,IC,2017-01-20T00:04:00,2017-01-20T00:04:00,-37,-37
http://irail.be/vehicle/IC722,http://irail.be/stations/NMBS/008896008,IC,2017-01-20T00:10:00,2017-01-20T00:10:00,,-103
http://irail.be/vehicle/IC722,http://irail.be/stations/NMBS/008821006,IC,2017-01-04T22:37:00,2017-01-04T22:37:00,10,
http://irail.be/vehicle/IC722,http://irail.be/stations/NMBS/008821121,IC,2017-01-04T22:43:00,2017-01-04T22:41:00,19,19
http://irail.be/vehicle/IC722,http://irail.be/stations/NMBS/008821196,IC,2017-01-04T22:46:00,2017-01-04T22:46:00,-3,-3
http://irail.be/vehicle/IC722,NO-URI,IC,2017-01-04T22:50:00,2017-01-04T22:50:00,-3,-3
http://irail.be/vehicle/IC722,http://irail.be/stations/NMBS/008894821,IC,2017-01-04T22:50:00,2017-01-04T22:50:00,26,26
http://irail.be/vehicle/IC722,http://irail.be/stations/NMBS/008894755,IC,2017-01-04T22:52:00,2017-01-04T22:52:00,21,21
http://irail.be/vehicle/IC722,http://irail.be/stations/NMBS/008894748,IC,2017-01-04T22:53:00,2017-01-04T22:53:00,-6,-6
http://irail.be/vehicle/IC722,http://irail.be/stations/NMBS/008894714,IC,2017-01-04T22:56:00,2017-01-04T22:56:00,-9,-9
http://irail.be/vehicle/IC722,NO-URI,IC,2017-01-04T22:57:00,2017-01-04T22:57:00,-13,-13
http://irail.be/vehicle/IC722,http://irail.be/stations/NMBS/008894508,IC,2017-01-04T23:00:00,2017-01-04T22:59:00,55,-42
http://irail.be/vehicle/IC722,http://irail.be/stations/NMBS/008894433,IC,2017-01-04T23:03:00,2017-01-04T23:03:00,55,55
http://irail.be/vehicle/IC722,http://irail.be/stations/NMBS/008894425,IC,2017-01-04T23:04:00,2017-01-04T23:04:00,20,20
http://irail.be/vehicle/IC722,NO-URI,IC,2017-01-04T23:06:00,2017-01-04T23:06:00,22,22
http://irail.be/vehicle/IC722,http://irail.be/stations/NMBS/008894201,IC,2017-01-04T23:09:00,2017-01-04T23:08:00,24,22
http://irail.be/vehicle/IC722,http://irail.be/stations/NMBS/008894151,IC,2017-01-04T23:15:00,2017-01-04T23:15:00,37,24
http://irail.be/vehicle/IC722,http://irail.be/stations/NMBS/008893120,IC,2017-01-04T23:24:00,2017-01-04T23:23:00,32,21
http://irail.be/vehicle/IC722,http://irail.be/stations/NMBS/008893179,IC,2017-01-04T23:26:00,2017-01-04T23:26:00,32,32
http://irail.be/vehicle/IC722,NO-URI,IC,2017-01-04T23:27:00,2017-01-04T23:27:00,28,28
http://irail.be/vehicle/IC722,http://irail.be/stations/NMBS/008892007,IC,2017-01-04T23:36:00,2017-01-04T23:33:00,9,-9
http://irail.be/vehicle/IC722,http://irail.be/stations/NMBS/008892080,IC,2017-01-04T23:43:00,2017-01-04T23:42:00,-30,0
http://irail.be/vehicle/IC722,NO-URI,IC,2017-01-04T23:48:00,2017-01-04T23:48:00,-66,-66
http://irail.be/vehicle/IC722,http://irail.be/stations/NMBS/008892106,IC,2017-01-04T23:50:00,2017-01-04T23:49:00,29,-55
http://irail.be/vehicle/IC722,http://irail.be/stations/NMBS/008896149,IC,2017-01-04T23:58:00,2017-01-04T23:57:00,3,23
http://irail.be/vehicle/IC722,http://irail.be/stations/NMBS/008896115,IC,2017-01-05T00:04:00,2017-01-05T00:04:00,-44,-44
http://irail.be/vehicle/IC722,http://irail.be/stations/NMBS/008896008,IC,2017-01-05T00:10:00,2017-01-05T00:10:00,,-114
http://irail.be/vehicle/IC722,http://irail.be/stations/NMBS/008821006,IC,2017-12-17T22:37:00,2017-12-17T22:37:00,68,
http://irail.be/vehicle/IC722,http://irail.be/stations/NMBS/008821121,IC,2017-12-17T22:43:00,2017-12-17T22:41:00,44,44
http://irail.be/vehicle/IC722,http://irail.be/stations/NMBS/008821196,IC,2017-12-17T22:47:00,2017-12-17T22:47:00,24,24
http://irail.be/vehicle/IC722,NO-URI,IC,2017-12-17T22:50:00,2017-12-17T22:50:00,24,24
http://irail.be/vehicle/IC722,http://irail.be/stations/NMBS/008894821,IC,2017-12-17T22:50:00,2017-12-17T22:50:00,58,58
http://irail.be/vehicle/IC722,http://irail.be/stations/NMBS/008894755,IC,2017-12-17T22:52:00,2017-12-17T22:52:00,44,44
http://irail.be/vehicle/IC722,http://irail.be/stations/NMBS/008894748,IC,2017-12-17T22:53:00,2017-12-17T22:53:00,16,16
http://irail.be/vehicle/IC722,http://irail.be/stations/NMBS/008894714,IC,2017-12-17T22:56:00,2017-12-17T22:56:00,-2,-2
http://irail.be/vehicle/IC722,NO-URI,IC,2017-12-17T22:57:00,2017-12-17T22:57:00,-10,-10
http://irail.be/vehicle/IC722,http://irail.be/stations/NMBS/008894508,IC,2017-12-17T23:02:00,2017-12-17T23:00:00,71,-90
http://irail.be/vehicle/IC722,http://irail.be/stations/NMBS/008894433,IC,2017-12-17T23:05:00,2017-12-17T23:05:00,71,71
http://irail.be/vehicle/IC722,http://irail.be/stations/NMBS/008894425,IC,2017-12-17T23:06:00,2017-12-17T23:06:00,46,46
http://irail.be/vehicle/IC722,NO-URI,IC,2017-12-17T23:08:00,2017-12-17T23:08:00,40,40
http://irail.be/vehicle/IC722,http://irail.be/stations/NMBS/008894201,IC,2017-12-17T23:11:00,2017-12-17T23:10:00,30,32
http://irail.be/vehicle/IC722,http://irail.be/stations/NMBS/008894151,IC,2017-12-17T23:16:00,2017-12-17T23:16:00,30,30
http://irail.be/vehicle/IC722,http://irail.be/stations/NMBS/008893120,IC,2017-12-17T23:25:00,2017-12-17T23:24:00,20,-1
http://irail.be/vehicle/IC722,http://irail.be/stations/NMBS/008893179,IC,2017-12-17T23:27:00,2017-12-17T23:27:00,20,20
http://irail.be/vehicle/IC722,NO-URI,IC,2017-12-17T23:28:00,2017-12-17T23:28:00,58,58
http://irail.be/vehicle/IC722,http://irail.be/stations/NMBS/008892007,IC,2017-12-17T23:36:00,2017-12-17T23:33:00,121,47
http://irail.be/vehicle/IC722,http://irail.be/stations/NMBS/008892080,IC,2017-12-17T23:44:00,2017-12-17T23:43:00,97,103
http://irail.be/vehicle/IC722,NO-URI,IC,2017-12-17T23:48:00,2017-12-17T23:48:00,93,93
http://irail.be/vehicle/IC722,http://irail.be/stations/NMBS/008892106,IC,2017-12-17T23:50:00,2017-12-17T23:49:00,127,99
http://irail.be/vehicle/IC722,http://irail.be/stations/NMBS/008896149,IC,2017-12-17T23:58:00,2017-12-17T23:57:00,228,177
http://irail.be/vehicle/IC722,http://irail.be/stations/NMBS/008896115,IC,2017-12-18T00:04:00,2017-12-18T00:04:00,242,242
http://irail.be/vehicle/IC722,http://irail.be/stations/NMBS/008896008,IC,2017-12-18T00:11:00,2017-12-18T00:11:00,,138
http://irail.be/vehicle/IC722,http://irail.be/stations/NMBS/008821006,IC,2017-06-12T22:37:00,2017-06-12T22:37:00,184,
http://irail.be/vehicle/IC722,http://irail.be/stations/NMBS/008821121,IC,2017-06-12T22:43:00,2017-06-12T22:41:00,127,127
http://irail.be/vehicle/IC722,http://irail.be/stations/NMBS/008821196,IC,2017-06-12T22:46:00,2017-06-12T22:46:00,94,94
http://irail.be/vehicle/IC722,NO-URI,IC,2017-06-12T22:50:00,2017-06-12T22:50:00,94,94
http://irail.be/vehicle/IC722,http://irail.be/stations/NMBS/008894821,IC,2017-06-12T22:50:00,2017-06-12T22:50:00,117,117
http://irail.be/vehicle/IC722,http://irail.be/stations/NMBS/008894755,IC,2017-06-12T22:52:00,2017-06-12T22:52:00,97,97
http://irail.be/vehicle/IC722,http://irail.be/stations/NMBS/008894748,IC,2017-06-12T22:53:00,2017-06-12T22:53:00,67,67
http://irail.be/vehicle/IC722,http://irail.be/stations/NMBS/008894714,IC,2017-06-12T22:56:00,2017-06-12T22:56:00,47,47
http://irail.be/vehicle/IC722,NO-URI,IC,2017-06-12T22:57:00,2017-06-12T22:57:00,35,35
http://irail.be/vehicle/IC722,http://irail.be/stations/NMBS/008894508,IC,2017-06-12T23:00:00,2017-06-12T22:59:00,208,-5
http://irail.be/vehicle/IC722,http://irail.be/stations/NMBS/008894433,IC,2017-06-12T23:03:00,2017-06-12T23:03:00,208,208
http://irail.be/vehicle/IC722,http://irail.be/stations/NMBS/008894425,IC,2017-06-12T23:04:00,2017-06-12T23:04:00,156,156
http://irail.be/vehicle/IC722,NO-URI,IC,2017-06-12T23:06:00,2017-06-12T23:06:00,145,145
http://irail.be/vehicle/IC722,http://irail.be/stations/NMBS/008894201,IC,2017-06-12T23:09:00,2017-06-12T23:08:00,190,215
http://irail.be/vehicle/IC722,http://irail.be/stations/NMBS/008894151,IC,2017-06-12T23:15:00,2017-06-12T23:15:00,190,190
http://irail.be/vehicle/IC722,http://irail.be/stations/NMBS/008893120,IC,2017-06-12T23:24:00,2017-06-12T23:23:00,179,126
http://irail.be/vehicle/IC722,http://irail.be/stations/NMBS/008893179,IC,2017-06-12T23:26:00,2017-06-12T23:26:00,179,179
http://irail.be/vehicle/IC722,NO-URI,IC,2017-06-12T23:27:00,2017-06-12T23:27:00,476,476
http://irail.be/vehicle/IC722,http://irail.be/stations/NMBS/008892007,IC,2017-06-12T23:36:00,2017-06-12T23:33:00,410,501
http://irail.be/vehicle/IC722,http://irail.be/stations/NMBS/008892080,IC,2017-06-12T23:43:00,2017-06-12T23:42:00,376,376
http://irail.be/vehicle/IC722,NO-URI,IC,2017-06-12T23:48:00,2017-06-12T23:48:00,253,253
http://irail.be/vehicle/IC722,http://irail.be/stations/NMBS/008892106,IC,2017-06-12T23:50:00,2017-06-12T23:49:00,251,252
http://irail.be/vehicle/IC722,http://irail.be/stations/NMBS/008896149,IC,2017-06-12T23:58:00,2017-06-12T23:57:00,143,180
http://irail.be/vehicle/IC722,http://irail.be/stations/NMBS/008896115,IC,2017-06-13T00:04:00,2017-06-13T00:04:00,83,83
http://irail.be/vehicle/IC722,http://irail.be/stations/NMBS/008896008,IC,2017-06-13T00:10:00,2017-06-13T00:10:00,,-36
http://irail.be/vehicle/IC722,http://irail.be/stations/NMBS/008821006,IC,2017-06-20T22:37:00,2017-06-20T22:37:00,0,
http://irail.be/vehicle/IC722,http://irail.be/stations/NMBS/008821121,IC,2017-06-20T22:43:00,2017-06-20T22:41:00,24,24
http://irail.be/vehicle/IC722,http://irail.be/stations/NMBS/008821196,IC,2017-06-20T22:46:00,2017-06-20T22:46:00,3,3
http://irail.be/vehicle/IC722,NO-URI,IC,2017-06-20T22:50:00,2017-06-20T22:50:00,3,3
http://irail.be/vehicle/IC722,http://irail.be/stations/NMBS/008894821,IC,2017-06-20T22:50:00,2017-06-20T22:50:00,30,30
http://irail.be/vehicle/IC722,http://irail.be/stations/NMBS/008894755,IC,2017-06-20T22:52:00,2017-06-20T22:52:00,17,17
http://irail.be/vehicle/IC722,http://irail.be/stations/NMBS/008894748,IC,2017-06-20T22:53:00,2017-06-20T22:53:00,-13,-13
http://irail.be/vehicle/IC722,http://irail.be/stations/NMBS/008894714,IC,2017-06-20T22:56:00,2017-06-20T22:56:00,-30,-30
http://irail.be/vehicle/IC722,NO-URI,IC,2017-06-20T22:57:00,2017-06-20T22:57:00,-40,-40
http://irail.be/vehicle/IC722,http://irail.be/stations/NMBS/008894508,IC,2017-06-20T23:00:00,2017-06-20T22:59:00,205,-75
http://irail.be/vehicle/IC722,http://irail.be/stations/NMBS/008894433,IC,2017-06-20T23:03:00,2017-06-20T23:03:00,205,205
http://irail.be/vehicle/IC722,http://irail.be/stations/NMBS/008894425,IC,2017-06-20T23:04:00,2017-06-20T23:04:00,169,169
http://irail.be/vehicle/IC722,NO-URI,IC,2017-06-20T23:06:00,2017-06-20T23:06:00,165,165
http://irail.be/vehicle/IC722,http://irail.be/stations/NMBS/008894201,IC,2017-06-20T23:09:00,2017-06-20T23:08:00,149,155
http://irail.be/vehicle/IC722,http://irail.be/stations/NMBS/008894151,IC,2017-06-20T23:15:00,2017-06-20T23:15:00,149,149
http://irail.be/vehicle/IC722,http://irail.be/stations/NMBS/008893120,IC,2017-06-20T23:24:00,2017-06-20T23:23:00,233,204
http://irail.be/vehicle/IC722,http://irail.be/stations/NMBS/008893179,IC,2017-06-20T23:26:00,2017-06-20T23:26:00,233,233
http://irail.be/vehicle/IC722,NO-URI,IC,2017-06-20T23:27:00,2017-06-20T23:27:00,195,195
http://irail.be/vehicle/IC722,http://irail.be/stations/NMBS/008892007,IC,2017-06-20T23:36:00,2017-06-20T23:33:00,1685,174
http://irail.be/vehicle/IC722,http://irail.be/stations/NMBS/008892080,IC,2017-06-20T23:43:00,2017-06-20T23:42:00,1667,1694
http://irail.be/vehicle/IC722,NO-URI,IC,2017-06-20T23:48:00,2017-06-20T23:48:00,1609,1609
http://irail.be/vehicle/IC722,http://irail.be/stations/NMBS/008892106,IC,2017-06-20T23:50:00,2017-06-20T23:49:00,1665,1631
http://irail.be/vehicle/IC722,http://irail.be/stations/NMBS/008896149,IC,2017-06-20T23:58:00,2017-06-20T23:57:00,1586,1609
http://irail.be/vehicle/IC722,http://irail.be/stations/NMBS/008896115,IC,2017-06-21T00:04:00,2017-06-21T00:04:00,1544,1544
http://irail.be/vehicle/IC722,http://irail.be/stations/NMBS/008896008,IC,2017-06-21T00:10:00,2017-06-21T00:10:00,,1467
http://irail.be/vehicle/IC722,http://irail.be/stations/NMBS/008821006,IC,2017-01-09T22:37:00,2017-01-09T22:37:00,69,
http://irail.be/vehicle/IC722,http://irail.be/stations/NMBS/008821121,IC,2017-01-09T22:43:00,2017-01-09T22:41:00,25,25
http://irail.be/vehicle/IC722,http://irail.be/stations/NMBS/008821196,IC,2017-01-09T22:46:00,2017-01-09T22:46:00,-9,-9
http://irail.be/vehicle/IC722,NO-URI,IC,2017-01-09T22:50:00,2017-01-09T22:50:00,-9,-9
http://irail.be/vehicle/IC722,http://irail.be/stations/NMBS/008894821,IC,2017-01-09T22:50:00,2017-01-09T22:50:00,17,17
http://irail.be/vehicle/IC722,http://irail.be/stations/NMBS/008894755,IC,2017-01-09T22:52:00,2017-01-09T22:52:00,8,8
http://irail.be/vehicle/IC722,http://irail.be/stations/NMBS/008894748,IC,2017-01-09T22:53:00,2017-01-09T22:53:00,-19,-19
http://irail.be/vehicle/IC722,http://irail.be/stations/NMBS/008894714,IC,2017-01-09T22:56:00,2017-01-09T22:56:00,-37,-37
http://irail.be/vehicle/IC722,NO-URI,IC,2017-01-09T22:57:00,2017-01-09T22:57:00,-49,-49
http://irail.be/vehicle/IC722,http://irail.be/stations/NMBS/008894508,IC,2017-01-09T23:00:00,2017-01-09T22:59:00,52,-84
http://irail.be/vehicle/IC722,http://irail.be/stations/NMBS/008894433,IC,2017-01-09T23:03:00,2017-01-09T23:03:00,52,52
http://irail.be/vehicle/IC722,http://irail.be/stations/NMBS/008894425,IC,2017-01-09T23:04:00,2017-01-09T23:04:00,25,25
http://irail.be/vehicle/IC722,NO-URI,IC,2017-01-09T23:06:00,2017-01-09T23:06:00,22,22
http://irail.be/vehicle/IC722,http://irail.be/stations/NMBS/008894201,IC,2017-01-09T23:09:00,2017-01-09T23:08:00,2,20
http://irail.be/vehicle/IC722,http://irail.be/stations/NMBS/008894151,IC,2017-01-09T23:15:00,2017-01-09T23:15:00,-9,-9
http://irail.be/vehicle/IC722,http://irail.be/stations/NMBS/008893120,IC,2017-01-09T23:24:00,2017-01-09T23:23:00,27,-28
http://irail.be/vehicle/IC722,http://irail.be/stations/NMBS/008893179,IC,2017-01-09T23:26:00,2017-01-09T23:26:00,27,27
http://irail.be/vehicle/IC722,NO-URI,IC,2017-01-09T23:27:00,2017-01-09T23:27:00,-29,-29
http://irail.be/vehicle/IC722,http://irail.be/stations/NMBS/008892007,IC,2017-01-09T23:36:00,2017-01-09T23:33:00,225,-55
http://irail.be/vehicle/IC722,http://irail.be/stations/NMBS/008892080,IC,2017-01-09T23:43:00,2017-01-09T23:42:00,182,214
http://irail.be/vehicle/IC722,NO-URI,IC,2017-01-09T23:48:00,2017-01-09T23:48:00,127,127
http://irail.be/vehicle/IC722,http://irail.be/stations/NMBS/008892106,IC,2017-01-09T23:50:00,2017-01-09T23:49:00,153,132
http://irail.be/vehicle/IC722,http://irail.be/stations/NMBS/008896149,IC,2017-01-09T23:58:00,2017-01-09T23:57:00,65,91
http://irail.be/vehicle/IC722,http://irail.be/stations/NMBS/008896115,IC,2017-01-10T00:04:00,2017-01-10T00:04:00,25,25
http://irail.be/vehicle/IC722,http://irail.be/stations/NMBS/008896008,IC,2017-01-10T00:10:00,2017-01-10T00:10:00,,-19
http://irail.be/vehicle/IC722,http://irail.be/stations/NMBS/008821006,IC,2017-01-13T22:37:00,2017-01-13T22:37:00,18,
http://irail.be/vehicle/IC722,http://irail.be/stations/NMBS/008821121,IC,2017-01-13T22:43:00,2017-01-13T22:41:00,17,17
http://irail.be/vehicle/IC722,http://irail.be/stations/NMBS/008821196,IC,2017-01-13T22:46:00,2017-01-13T22:46:00,-9,-9
http://irail.be/vehicle/IC722,NO-URI,IC,2017-01-13T22:50:00,2017-01-13T22:50:00,-9,-9
http://irail.be/vehicle/IC722,http://irail.be/stations/NMBS/008894821,IC,2017-01-13T22:50:00,2017-01-13T22:50:00,15,15
http://irail.be/vehicle/IC722,http://irail.be/stations/NMBS/008894755,IC,2017-01-13T22:52:00,2017-01-13T22:52:00,10,10
http://irail.be/vehicle/IC722,http://irail.be/stations/NMBS/008894748,IC,2017-01-13T22:53:00,2017-01-13T22:53:00,-15,-15
http://irail.be/vehicle/IC722,http://irail.be/stations/NMBS/008894714,IC,2017-01-13T22:56:00,2017-01-13T22:56:00,-24,-24
http://irail.be/vehicle/IC722,NO-URI,IC,2017-01-13T22:57:00,2017-01-13T22:57:00,-32,-32
http://irail.be/vehicle/IC722,http://irail.be/stations/NMBS/008894508,IC,2017-01-13T23:00:00,2017-01-13T22:59:00,57,-49
http://irail.be/vehicle/IC722,http://irail.be/stations/NMBS/008894433,IC,2017-01-13T23:03:00,2017-01-13T23:03:00,57,57
http://irail.be/vehicle/IC722,http://irail.be/stations/NMBS/008894425,IC,2017-01-13T23:04:00,2017-01-13T23:04:00,44,44
http://irail.be/vehicle/IC722,NO-URI,IC,2017-01-13T23:06:00,2017-01-13T23:06:00,44,44
http://irail.be/vehicle/IC722,http://irail.be/stations/NMBS/008894201,IC,2017-01-13T23:09:00,2017-01-13T23:08:00,72,61
http://irail.be/vehicle/IC722,http://irail.be/stations/NMBS/008894151,IC,2017-01-13T23:15:00,2017-01-13T23:15:00,127,72
http://irail.be/vehicle/IC722,http://irail.be/stations/NMBS/008893120,IC,2017-01-13T23:24:00,2017-01-13T23:23:00,189,129
http://irail.be/vehicle/IC722,http://irail.be/stations/NMBS/008893179,IC,2017-01-13T23:26:00,2017-01-13T23:26:00,189,189
http://irail.be/vehicle/IC722,NO-URI,IC,2017-01-13T23:27:00,2017-01-13T23:27:00,131,131
http://irail.be/vehicle/IC722,http://irail.be/stations/NMBS/008892007,IC,2017-01-13T23:36:00,2017-01-13T23:33:00,96,111
http://irail.be/vehicle/IC722,http://irail.be/stations/NMBS/008892080,IC,2017-01-13T23:43:00,2017-01-13T23:42:00,63,83
http://irail.be/vehicle/IC722,NO-URI,IC,2017-01-13T23:48:00,2017-01-13T23:48:00,19,19
http://irail.be/vehicle/IC722,http://irail.be/stations/NMBS/008892106,IC,2017-01-13T23:50:00,2017-01-13T23:49:00,104,45
http://irail.be/vehicle/IC722,http://irail.be/stations/NMBS/008896149,IC,2017-01-13T23:58:00,2017-01-13T23:57:00,70,57
http://irail.be/vehicle/IC722,http://irail.be/stations/NMBS/008896115,IC,2017-01-14T00:04:00,2017-01-14T00:04:00,58,58
http://irail.be/vehicle/IC722,http://irail.be/stations/NMBS/008896008,IC,2017-01-14T00:10:00,2017-01-14T00:10:00,,14
http://irail.be/vehicle/IC722,http://irail.be/stations/NMBS/008821006,IC,2017-06-24T22:37:00,2017-06-24T22:37:00,39,
http://irail.be/vehicle/IC722,http://irail.be/stations/NMBS/008821121,IC,2017-06-24T22:43:00,2017-06-24T22:41:00,19,19
http://irail.be/vehicle/IC722,http://irail.be/stations/NMBS/008821196,IC,2017-06-24T22:46:00,2017-06-24T22:46:00,-25,-25
http://irail.be/vehicle/IC722,NO-URI,IC,2017-06-24T22:50:00,2017-06-24T22:50:00,-25,-25
http://irail.be/vehicle/IC722,http://irail.be/stations/NMBS/008894821,IC,2017-06-24T22:50:00,2017-06-24T22:50:00,-3,-3
http://irail.be/vehicle/IC722,http://irail.be/stations/NMBS/008894755,IC,2017-06-24T22:52:00,2017-06-24T22:52:00,-24,-24
http://irail.be/vehicle/IC722,http://irail.be/stations/NMBS/008894748,IC,2017-06-24T22:53:00,2017-06-24T22:53:00,-52,-52
http://irail.be/vehicle/IC722,http://irail.be/stations/NMBS/008894714,IC,2017-06-24T22:56:00,2017-06-24T22:56:00,-76,-76
http://irail.be/vehicle/IC722,NO-URI,IC,2017-06-24T22:57:00,2017-06-24T22:57:00,-88,-88
http://irail.be/vehicle/IC722,http://irail.be/stations/NMBS/008894508,IC,2017-06-24T23:01:00,2017-06-24T22:59:00,46,-128
http://irail.be/vehicle/IC722,http://irail.be/stations/NMBS/008894433,IC,2017-06-24T23:04:00,2017-06-24T23:04:00,46,46
http://irail.be/vehicle/IC722,http://irail.be/stations/NMBS/008894425,IC,2017-06-24T23:05:00,2017-06-24T23:05:00,10,10
http://irail.be/vehicle/IC722,NO-URI,IC,2017-06-24T23:07:00,2017-06-24T23:07:00,5,5
http://irail.be/vehicle/IC722,http://irail.be/stations/NMBS/008894201,IC,2017-06-24T23:11:00,2017-06-24T23:09:00,-1,-10
http://irail.be/vehicle/IC722,http://irail.be/stations/NMBS/008894151,IC,2017-06-24T23:16:00,2017-06-24T23:16:00,-1,-1
http://irail.be/vehicle/IC722,http://irail.be/stations/NMBS/008893120,IC,2017-06-24T23:24:00,2017-06-24T23:23:00,37,-2
http://irail.be/vehicle/IC722,http://irail.be/stations/NMBS/008893179,IC,2017-06-24T23:26:00,2017-06-24T23:26:00,37,37
http://irail.be/vehicle/IC722,NO-URI,IC,2017-06-24T23:27:00,2017-06-24T23:27:00,-36,-36
http://irail.be/vehicle/IC722,http://irail.be/stations/NMBS/008892007,IC,2017-06-24T23:36:00,2017-06-24T23:33:00,4,-38
http://irail.be/vehicle/IC722,http://irail.be/stations/NMBS/008892080,IC,2017-06-24T23:43:00,2017-06-24T23:42:00,-4,-26
http://irail.be/vehicle/IC722,NO-URI,IC,2017-06-24T23:47:00,2017-06-24T23:47:00,-21,-21
http://irail.be/vehicle/IC722,http://irail.be/stations/NMBS/008892106,IC,2017-06-24T23:50:00,2017-06-24T23:49:00,15,-27
http://irail.be/vehicle/IC722,http://irail.be/stations/NMBS/008896149,IC,2017-06-24T23:58:00,2017-06-24T23:57:00,-54,-48
http://irail.be/vehicle/IC722,http://irail.be/stations/NMBS/008896115,IC,2017-06-25T00:04:00,2017-06-25T00:04:00,-100,-100
http://irail.be/vehicle/IC722,http://irail.be/stations/NMBS/008896008,IC,2017-06-25T00:10:00,2017-06-25T00:10:00,,-201
http://irail.be/vehicle/IC722,http://irail.be/stations/NMBS/008821006,IC,2017-11-29T22:37:00,2017-11-29T22:37:00,25,
http://irail.be/vehicle/IC722,http://irail.be/stations/NMBS/008821121,IC,2017-11-29T22:43:00,2017-11-29T22:41:00,16,16
http://irail.be/vehicle/IC722,http://irail.be/stations/NMBS/008821196,IC,2017-11-29T22:46:00,2017-11-29T22:46:00,-19,-19
http://irail.be/vehicle/IC722,NO-URI,IC,2017-11-29T22:50:00,2017-11-29T22:50:00,-19,-19
http://irail.be/vehicle/IC722,http://irail.be/stations/NMBS/008894821,IC,2017-11-29T22:50:00,2017-11-29T22:50:00,7,7
http://irail.be/vehicle/IC722,http://irail.be/stations/NMBS/008894755,IC,2017-11-29T22:52:00,2017-11-29T22:52:00,-14,-14
http://irail.be/vehicle/IC722,http://irail.be/stations/NMBS/008894748,IC,2017-11-29T22:53:00,2017-11-29T22:53:00,-43,-43
http://irail.be/vehicle/IC722,http://irail.be/stations/NMBS/008894714,IC,2017-11-29T22:56:00,2017-11-29T22:56:00,-65,-65
http://irail.be/vehicle/IC722,NO-URI,IC,2017-11-29T22:57:00,2017-11-29T22:57:00,-77,-77
http://irail.be/vehicle/IC722,http://irail.be/stations/NMBS/008894508,IC,2017-11-29T23:00:00,2017-11-29T22:59:00,54,-107
http://irail.be/vehicle/IC722,http://irail.be/stations/NMBS/008894433,IC,2017-11-29T23:03:00,2017-11-29T23:03:00,54,54
http://irail.be/vehicle/IC722,http://irail.be/stations/NMBS/008894425,IC,2017-11-29T23:04:00,2017-11-29T23:04:00,14,14
http://irail.be/vehicle/IC722,NO-URI,IC,2017-11-29T23:06:00,2017-11-29T23:06:00,11,11
http://irail.be/vehicle/IC722,http://irail.be/stations/NMBS/008894201,IC,2017-11-29T23:09:00,2017-11-29T23:08:00,18,8
http://irail.be/vehicle/IC722,http://irail.be/stations/NMBS/008894151,IC,2017-11-29T23:15:00,2017-11-29T23:15:00,40,18
http://irail.be/vehicle/IC722,http://irail.be/stations/NMBS/008893120,IC,2017-11-29T23:24:00,2017-11-29T23:23:00,102,-2
http://irail.be/vehicle/IC722,http://irail.be/stations/NMBS/008893179,IC,2017-11-29T23:26:00,2017-11-29T23:26:00,102,102
http://irail.be/vehicle/IC722,NO-URI,IC,2017-11-29T23:27:00,2017-11-29T23:27:00,61,61
http://irail.be/vehicle/IC722,http://irail.be/stations/NMBS/008892007,IC,2017-11-29T23:36:00,2017-11-29T23:33:00,65,39
http://irail.be/vehicle/IC722,http://irail.be/stations/NMBS/008892080,IC,2017-11-29T23:43:00,2017-11-29T23:42:00,23,49
http://irail.be/vehicle/IC722,NO-URI,IC,2017-11-29T23:48:00,2017-11-29T23:48:00,-24,-24
http://irail.be/vehicle/IC722,http://irail.be/stations/NMBS/008892106,IC,2017-11-29T23:50:00,2017-11-29T23:49:00,29,-10
http://irail.be/vehicle/IC722,http://irail.be/stations/NMBS/008896149,IC,2017-11-29T23:58:00,2017-11-29T23:57:00,84,52
http://irail.be/vehicle/IC722,http://irail.be/stations/NMBS/008896115,IC,2017-11-30T00:04:00,2017-11-30T00:04:00,62,62
http://irail.be/vehicle/IC722,http://irail.be/stations/NMBS/008896008,IC,2017-11-30T00:10:00,2017-11-30T00:10:00,,9
http://irail.be/vehicle/IC722,http://irail.be/stations/NMBS/008821006,IC,2017-02-28T22:37:00,2017-02-28T22:37:00,22,
http://irail.be/vehicle/IC722,http://irail.be/stations/NMBS/008821121,IC,2017-02-28T22:43:00,2017-02-28T22:41:00,32,32
http://irail.be/vehicle/IC722,http://irail.be/stations/NMBS/008821196,IC,2017-02-28T22:46:00,2017-02-28T22:46:00,-6,-6
http://irail.be/vehicle/IC722,NO-URI,IC,2017-02-28T22:50:00,2017-02-28T22:50:00,-6,-6
http://irail.be/vehicle/IC722,http://irail.be/stations/NMBS/008894821,IC,2017-02-28T22:50:00,2017-02-28T22:50:00,-9,-9
http://irail.be/vehicle/IC722,http://irail.be/stations/NMBS/008894755,IC,2017-02-28T22:52:00,2017-02-28T22:52:00,-7,-7
http://irail.be/vehicle/IC722,http://irail.be/stations/NMBS/008894748,IC,2017-02-28T22:53:00,2017-02-28T22:53:00,-29,-29
http://irail.be/vehicle/IC722,http://irail.be/stations/NMBS/008894714,IC,2017-02-28T22:56:00,2017-02-28T22:56:00,-54,-54
http://irail.be/vehicle/IC722,NO-URI,IC,2017-02-28T22:57:00,2017-02-28T22:57:00,-68,-68
http://irail.be/vehicle/IC722,http://irail.be/stations/NMBS/008894508,IC,2017-02-28T23:00:00,2017-02-28T22:59:00,26,-111
http://irail.be/vehicle/IC722,http://irail.be/stations/NMBS/008894433,IC,2017-02-28T23:03:00,2017-02-28T23:03:00,26,26
http://irail.be/vehicle/IC722,http://irail.be/stations/NMBS/008894425,IC,2017-02-28T23:04:00,2017-02-28T23:04:00,13,13
http://irail.be/vehicle/IC722,NO-URI,IC,2017-02-28T23:06:00,2017-02-28T23:06:00,5,5
http://irail.be/vehicle/IC722,http://irail.be/stations/NMBS/008894201,IC,2017-02-28T23:09:00,2017-02-28T23:08:00,32,-28
http://irail.be/vehicle/IC722,http://irail.be/stations/NMBS/008894151,IC,2017-02-28T23:15:00,2017-02-28T23:15:00,32,32
http://irail.be/vehicle/IC722,http://irail.be/stations/NMBS/008893120,IC,2017-02-28T23:24:00,2017-02-28T23:23:00,193,52
http://irail.be/vehicle/IC722,http://irail.be/stations/NMBS/008893179,IC,2017-02-28T23:26:00,2017-02-28T23:26:00,193,193
http://irail.be/vehicle/IC722,NO-URI,IC,2017-02-28T23:27:00,2017-02-28T23:27:00,208,208
http://irail.be/vehicle/IC722,http://irail.be/stations/NMBS/008892007,IC,2017-02-28T23:36:00,2017-02-28T23:33:00,762,563
http://irail.be/vehicle/IC722,http://irail.be/stations/NMBS/008892080,IC,2017-02-28T23:43:00,2017-02-28T23:42:00,771,755
http://irail.be/vehicle/IC722,NO-URI,IC,2017-02-28T23:48:00,2017-02-28T23:48:00,682,682
http://irail.be/vehicle/IC722,http://irail.be/stations/NMBS/008892106,IC,2017-02-28T23:50:00,2017-02-28T23:49:00,733,664
http://irail.be/vehicle/IC722,http://irail.be/stations/NMBS/008896149,IC,2017-02-28T23:58:00,2017-02-28T23:57:00,673,619
http://irail.be/vehicle/IC722,http://irail.be/stations/NMBS/008896115,IC,2017-03-01T00:04:00,2017-03-01T00:04:00,835,673
http://irail.be/vehicle/IC722,http://irail.be/stations/NMBS/008896008,IC,2017-03-01T00:10:00,2017-03-01T00:10:00,,799
http://irail.be/vehicle/IC722,http://irail.be/stations/NMBS/008821006,IC,2017-03-21T22:37:00,2017-03-21T22:37:00,67,
http://irail.be/vehicle/IC722,http://irail.be/stations/NMBS/008821121,IC,2017-03-21T22:43:00,2017-03-21T22:41:00,25,25
http://irail.be/vehicle/IC722,http://irail.be/stations/NMBS/008821196,IC,2017-03-21T22:46:00,2017-03-21T22:46:00,18,18
http://irail.be/vehicle/IC722,NO-URI,IC,2017-03-21T22:50:00,2017-03-21T22:50:00,18,18
http://irail.be/vehicle/IC722,http://irail.be/stations/NMBS/008894821,IC,2017-03-21T22:50:00,2017-03-21T22:50:00,44,44
http://irail.be/vehicle/IC722,http://irail.be/stations/NMBS/008894755,IC,2017-03-21T22:52:00,2017-03-21T22:52:00,35,35
http://irail.be/vehicle/IC722,http://irail.be/stations/NMBS/008894748,IC,2017-03-21T22:53:00,2017-03-21T22:53:00,43,43
http://irail.be/vehicle/IC722,http://irail.be/stations/NMBS/008894714,IC,2017-03-21T22:55:00,2017-03-21T22:55:00,75,75
http://irail.be/vehicle/IC722,NO-URI,IC,2017-03-21T22:57:00,2017-03-21T22:57:00,46,46
http://irail.be/vehicle/IC722,http://irail.be/stations/NMBS/008894508,IC,2017-03-21T23:00:00,2017-03-21T22:59:00,122,15
http://irail.be/vehicle/IC722,http://irail.be/stations/NMBS/008894433,IC,2017-03-21T23:03:00,2017-03-21T23:03:00,122,122
http://irail.be/vehicle/IC722,http://irail.be/stations/NMBS/008894425,IC,2017-03-21T23:03:00,2017-03-21T23:03:00,129,129
http://irail.be/vehicle/IC722,NO-URI,IC,2017-03-21T23:06:00,2017-03-21T23:06:00,86,86
http://irail.be/vehicle/IC722,http://irail.be/stations/NMBS/008894201,IC,2017-03-21T23:09:00,2017-03-21T23:08:00,41,68
http://irail.be/vehicle/IC722,http://irail.be/stations/NMBS/008894151,IC,2017-03-21T23:15:00,2017-03-21T23:15:00,41,41
http://irail.be/vehicle/IC722,http://irail.be/stations/NMBS/008893120,IC,2017-03-21T23:24:00,2017-03-21T23:23:00,105,-2
http://irail.be/vehicle/IC722,http://irail.be/stations/NMBS/008893179,IC,2017-03-21T23:26:00,2017-03-21T23:26:00,105,105
http://irail.be/vehicle/IC722,NO-URI,IC,2017-03-21T23:27:00,2017-03-21T23:27:00,55,55
http://irail.be/vehicle/IC722,http://irail.be/stations/NMBS/008892007,IC,2017-03-21T23:36:00,2017-03-21T23:33:00,15,17
http://irail.be/vehicle/IC722,http://irail.be/stations/NMBS/008892080,IC,2017-03-21T23:43:00,2017-03-21T23:42:00,-8,-2
http://irail.be/vehicle/IC722,NO-URI,IC,2017-03-21T23:48:00,2017-03-21T23:48:00,-49,-49
http://irail.be/vehicle/IC722,http://irail.be/stations/NMBS/008892106,IC,2017-03-21T23:50:00,2017-03-21T23:49:00,57,-30
http://irail.be/vehicle/IC722,http://irail.be/stations/NMBS/008896149,IC,2017-03-21T23:58:00,2017-03-21T23:57:00,62,15
http://irail.be/vehicle/IC722,http://irail.be/stations/NMBS/008896115,IC,2017-03-22T00:04:00,2017-03-22T00:04:00,62,62
http://irail.be/vehicle/IC722,http://irail.be/stations/NMBS/008896008,IC,2017-03-22T00:10:00,2017-03-22T00:10:00,,-64
http://irail.be/vehicle/IC722,http://irail.be/stations/NMBS/008821006,IC,2017-10-02T22:37:00,2017-10-02T22:37:00,218,
http://irail.be/vehicle/IC722,http://irail.be/stations/NMBS/008821121,IC,2017-10-02T22:43:00,2017-10-02T22:41:00,222,222
http://irail.be/vehicle/IC722,http://irail.be/stations/NMBS/008821196,IC,2017-10-02T22:46:00,2017-10-02T22:46:00,221,221
http://irail.be/vehicle/IC722,NO-URI,IC,2017-10-02T22:50:00,2017-10-02T22:50:00,221,221
http://irail.be/vehicle/IC722,http://irail.be/stations/NMBS/008894821,IC,2017-10-02T22:50:00,2017-10-02T22:50:00,252,252
http://irail.be/vehicle/IC722,http://irail.be/stations/NMBS/008894755,IC,2017-10-02T22:52:00,2017-10-02T22:52:00,244,244
http://irail.be/vehicle/IC722,http://irail.be/stations/NMBS/008894748,IC,2017-10-02T22:53:00,2017-10-02T22:53:00,217,217
http://irail.be/vehicle/IC722,http://irail.be/stations/NMBS/008894714,IC,2017-10-02T22:56:00,2017-10-02T22:56:00,199,199
http://irail.be/vehicle/IC722,NO-URI,IC,2017-10-02T22:57:00,2017-10-02T22:57:00,191,191
http://irail.be/vehicle/IC722,http://irail.be/stations/NMBS/008894508,IC,2017-10-02T23:00:00,2017-10-02T22:59:00,246,159
http://irail.be/vehicle/IC722,http://irail.be/stations/NMBS/008894433,IC,2017-10-02T23:03:00,2017-10-02T23:03:00,246,246
http://irail.be/vehicle/IC722,http://irail.be/stations/NMBS/008894425,IC,2017-10-02T23:04:00,2017-10-02T23:04:00,224,224
http://irail.be/vehicle/IC722,NO-URI,IC,2017-10-02T23:06:00,2017-10-02T23:06:00,226,226
http://irail.be/vehicle/IC722,http://irail.be/stations/NMBS/008894201,IC,2017-10-02T23:09:00,2017-10-02T23:08:00,200,221
http://irail.be/vehicle/IC722,http://irail.be/stations/NMBS/008894151,IC,2017-10-02T23:15:00,2017-10-02T23:15:00,200,200
http://irail.be/vehicle/IC722,http://irail.be/stations/NMBS/008893120,IC,2017-10-02T23:24:00,2017-10-02T23:23:00,272,178
http://irail.be/vehicle/IC722,http://irail.be/stations/NMBS/008893179,IC,2017-10-02T23:26:00,2017-10-02T23:26:00,272,272
http://irail.be/vehicle/IC722,NO-URI,IC,2017-10-02T23:27:00,2017-10-02T23:27:00,217,217
http://irail.be/vehicle/IC722,http://irail.be/stations/NMBS/008892007,IC,2017-10-02T23:36:00,2017-10-02T23:33:00,91,190
http://irail.be/vehicle/IC722,http://irail.be/stations/NMBS/008892080,IC,2017-10-02T23:43:00,2017-10-02T23:42:00,48,92
http://irail.be/vehicle/IC722,NO-URI,IC,2017-10-02T23:48:00,2017-10-02T23:48:00,0,0
http://irail.be/vehicle/IC722,http://irail.be/stations/NMBS/008892106,IC,2017-10-02T23:50:00,2017-10-02T23:49:00,27,7
http://irail.be/vehicle/IC722,http://irail.be/stations/NMBS/008896149,IC,2017-10-02T23:58:00,2017-10-02T23:57:00,-3,-11
http://irail.be/vehicle/IC722,http://irail.be/stations/NMBS/008896115,IC,2017-10-03T00:04:00,2017-10-03T00:04:00,-39,-39
http://irail.be/vehicle/IC722,http://irail.be/stations/NMBS/008896008,IC,2017-10-03T00:10:00,2017-10-03T00:10:00,,-101
http://irail.be/vehicle/IC722,http://irail.be/stations/NMBS/008821006,IC,2017-04-04T22:37:00,2017-04-04T22:37:00,15,
http://irail.be/vehicle/IC722,http://irail.be/stations/NMBS/008821121,IC,2017-04-04T22:43:00,2017-04-04T22:41:00,26,26
http://irail.be/vehicle/IC722,http://irail.be/stations/NMBS/008821196,IC,2017-04-04T22:46:00,2017-04-04T22:46:00,6,6
http://irail.be/vehicle/IC722,NO-URI,IC,2017-04-04T22:50:00,2017-04-04T22:50:00,6,6
http://irail.be/vehicle/IC722,http://irail.be/stations/NMBS/008894821,IC,2017-04-04T22:50:00,2017-04-04T22:50:00,30,30
http://irail.be/vehicle/IC722,http://irail.be/stations/NMBS/008894755,IC,2017-04-04T22:52:00,2017-04-04T22:52:00,16,16
http://irail.be/vehicle/IC722,http://irail.be/stations/NMBS/008894748,IC,2017-04-04T22:53:00,2017-04-04T22:53:00,-12,-12
http://irail.be/vehicle/IC722,http://irail.be/stations/NMBS/008894714,IC,2017-04-04T22:56:00,2017-04-04T22:56:00,-34,-34
http://irail.be/vehicle/IC722,NO-URI,IC,2017-04-04T22:57:00,2017-04-04T22:57:00,-44,-44
http://irail.be/vehicle/IC722,http://irail.be/stations/NMBS/008894508,IC,2017-04-04T23:00:00,2017-04-04T22:59:00,61,-79
http://irail.be/vehicle/IC722,http://irail.be/stations/NMBS/008894433,IC,2017-04-04T23:03:00,2017-04-04T23:03:00,61,61
http://irail.be/vehicle/IC722,http://irail.be/stations/NMBS/008894425,IC,2017-04-04T23:04:00,2017-04-04T23:04:00,19,19
http://irail.be/vehicle/IC722,NO-URI,IC,2017-04-04T23:06:00,2017-04-04T23:06:00,17,17
http://irail.be/vehicle/IC722,http://irail.be/stations/NMBS/008894201,IC,2017-04-04T23:09:00,2017-04-04T23:08:00,15,3
http://irail.be/vehicle/IC722,http://irail.be/stations/NMBS/008894151,IC,2017-04-04T23:15:00,2017-04-04T23:15:00,15,15
http://irail.be/vehicle/IC722,http://irail.be/stations/NMBS/008893120,IC,2017-04-04T23:24:00,2017-04-04T23:23:00,20,-55
http://irail.be/vehicle/IC722,http://irail.be/stations/NMBS/008893179,IC,2017-04-04T23:26:00,2017-04-04T23:26:00,20,20
http://irail.be/vehicle/IC722,NO-URI,IC,2017-04-04T23:27:00,2017-04-04T23:27:00,-47,-47
http://irail.be/vehicle/IC722,http://irail.be/stations/NMBS/008892007,IC,2017-04-04T23:36:00,2017-04-04T23:33:00,19,-74
http://irail.be/vehicle/IC722,http://irail.be/stations/NMBS/008892080,IC,2017-04-04T23:43:00,2017-04-04T23:42:00,-26,4
http://irail.be/vehicle/IC722,NO-URI,IC,2017-04-04T23:48:00,2017-04-04T23:48:00,-76,-76
http://irail.be/vehicle/IC722,http://irail.be/stations/NMBS/008892106,IC,2017-04-04T23:50:00,2017-04-04T23:49:00,27,-77
http://irail.be/vehicle/IC722,http://irail.be/stations/NMBS/008896149,IC,2017-04-04T23:58:00,2017-04-04T23:57:00,17,-32
http://irail.be/vehicle/IC722,http://irail.be/stations/NMBS/008896115,IC,2017-04-05T00:04:00,2017-04-05T00:04:00,17,17
http://irail.be/vehicle/IC722,http://irail.be/stations/NMBS/008896008,IC,2017-04-05T00:10:00,2017-04-05T00:10:00,,-75
http://irail.be/vehicle/IC722,http://irail.be/stations/NMBS/008821006,IC,2017-05-24T22:37:00,2017-05-24T22:37:00,201,
http://irail.be/vehicle/IC722,http://irail.be/stations/NMBS/008821121,IC,2017-05-24T22:43:00,2017-05-24T22:41:00,110,110
http://irail.be/vehicle/IC722,http://irail.be/stations/NMBS/008821196,IC,2017-05-24T22:46:00,2017-05-24T22:46:00,74,74
http://irail.be/vehicle/IC722,NO-URI,IC,2017-05-24T22:50:00,2017-05-24T22:50:00,74,74
http://irail.be/vehicle/IC722,http://irail.be/stations/NMBS/008894821,IC,2017-05-24T22:50:00,2017-05-24T22:50:00,98,98
http://irail.be/vehicle/IC722,http://irail.be/stations/NMBS/008894755,IC,2017-05-24T22:52:00,2017-05-24T22:52:00,82,82
http://irail.be/vehicle/IC722,http://irail.be/stations/NMBS/008894748,IC,2017-05-24T22:53:00,2017-05-24T22:53:00,51,51
http://irail.be/vehicle/IC722,http://irail.be/stations/NMBS/008894714,IC,2017-05-24T22:56:00,2017-05-24T22:56:00,30,30
http://irail.be/vehicle/IC722,NO-URI,IC,2017-05-24T22:57:00,2017-05-24T22:57:00,17,17
http://irail.be/vehicle/IC722,http://irail.be/stations/NMBS/008894508,IC,2017-05-24T23:00:00,2017-05-24T22:59:00,62,-23
http://irail.be/vehicle/IC722,http://irail.be/stations/NMBS/008894433,IC,2017-05-24T23:03:00,2017-05-24T23:03:00,62,62
http://irail.be/vehicle/IC722,http://irail.be/stations/NMBS/008894425,IC,2017-05-24T23:04:00,2017-05-24T23:04:00,22,22
http://irail.be/vehicle/IC722,NO-URI,IC,2017-05-24T23:06:00,2017-05-24T23:06:00,18,18
http://irail.be/vehicle/IC722,http://irail.be/stations/NMBS/008894201,IC,2017-05-24T23:09:00,2017-05-24T23:08:00,16,9
http://irail.be/vehicle/IC722,http://irail.be/stations/NMBS/008894151,IC,2017-05-24T23:15:00,2017-05-24T23:15:00,16,16
http://irail.be/vehicle/IC722,http://irail.be/stations/NMBS/008893120,IC,2017-05-24T23:24:00,2017-05-24T23:23:00,57,-25
http://irail.be/vehicle/IC722,http://irail.be/stations/NMBS/008893179,IC,2017-05-24T23:26:00,2017-05-24T23:26:00,57,57
http://irail.be/vehicle/IC722,NO-URI,IC,2017-05-24T23:27:00,2017-05-24T23:27:00,18,18
http://irail.be/vehicle/IC722,http://irail.be/stations/NMBS/008892007,IC,2017-05-24T23:36:00,2017-05-24T23:33:00,39,16
http://irail.be/vehicle/IC722,http://irail.be/stations/NMBS/008892080,IC,2017-05-24T23:43:00,2017-05-24T23:42:00,11,28
http://irail.be/vehicle/IC722,NO-URI,IC,2017-05-24T23:48:00,2017-05-24T23:48:00,-41,-41
http://irail.be/vehicle/IC722,http://irail.be/stations/NMBS/008892106,IC,2017-05-24T23:50:00,2017-05-24T23:49:00,16,-35
http://irail.be/vehicle/IC722,http://irail.be/stations/NMBS/008896149,IC,2017-05-24T23:58:00,2017-05-24T23:57:00,2,-43
http://irail.be/vehicle/IC722,http://irail.be/stations/NMBS/008896115,IC,2017-05-25T00:04:00,2017-05-25T00:04:00,-37,-37
http://irail.be/vehicle/IC722,http://irail.be/stations/NMBS/008896008,IC,2017-05-25T00:10:00,2017-05-25T00:10:00,,-90
http://irail.be/vehicle/IC722,http://irail.be/stations/NMBS/008821006,IC,2017-12-25T22:37:00,2017-12-25T22:37:00,23,
http://irail.be/vehicle/IC722,http://irail.be/stations/NMBS/008821121,IC,2017-12-25T22:43:00,2017-12-25T22:41:00,55,55
http://irail.be/vehicle/IC722,http://irail.be/stations/NMBS/008821196,IC,2017-12-25T22:47:00,2017-12-25T22:47:00,16,16
http://irail.be/vehicle/IC722,NO-URI,IC,2017-12-25T22:50:00,2017-12-25T22:50:00,16,16
http://irail.be/vehicle/IC722,http://irail.be/stations/NMBS/008894821,IC,2017-12-25T22:50:00,2017-12-25T22:50:00,50,50
http://irail.be/vehicle/IC722,http://irail.be/stations/NMBS/008894755,IC,2017-12-25T22:52:00,2017-12-25T22:52:00,31,31
http://irail.be/vehicle/IC722,http://irail.be/stations/NMBS/008894748,IC,2017-12-25T22:53:00,2017-12-25T22:53:00,2,2
http://irail.be/vehicle/IC722,http://irail.be/stations/NMBS/008894714,IC,2017-12-25T22:56:00,2017-12-25T22:56:00,-18,-18
http://irail.be/vehicle/IC722,NO-URI,IC,2017-12-25T22:57:00,2017-12-25T22:57:00,-31,-31
http://irail.be/vehicle/IC722,http://irail.be/stations/NMBS/008894508,IC,2017-12-25T23:02:00,2017-12-25T23:00:00,68,-110
http://irail.be/vehicle/IC722,http://irail.be/stations/NMBS/008894433,IC,2017-12-25T23:05:00,2017-12-25T23:05:00,68,68
http://irail.be/vehicle/IC722,http://irail.be/stations/NMBS/008894425,IC,2017-12-25T23:06:00,2017-12-25T23:06:00,20,20
http://irail.be/vehicle/IC722,NO-URI,IC,2017-12-25T23:08:00,2017-12-25T23:08:00,17,17
http://irail.be/vehicle/IC722,http://irail.be/stations/NMBS/008894201,IC,2017-12-25T23:11:00,2017-12-25T23:10:00,18,5
http://irail.be/vehicle/IC722,http://irail.be/stations/NMBS/008894151,IC,2017-12-25T23:16:00,2017-12-25T23:16:00,18,18
http://irail.be/vehicle/IC722,http://irail.be/stations/NMBS/008893120,IC,2017-12-25T23:25:00,2017-12-25T23:24:00,32,-129
http://irail.be/vehicle/IC722,http://irail.be/stations/NMBS/008893179,IC,2017-12-25T23:27:00,2017-12-25T23:27:00,32,32
http://irail.be/vehicle/IC722,NO-URI,IC,2017-12-25T23:28:00,2017-12-25T23:28:00,52,52
http://irail.be/vehicle/IC722,http://irail.be/stations/NMBS/008892007,IC,2017-12-25T23:36:00,2017-12-25T23:33:00,32,36
http://irail.be/vehicle/IC722,http://irail.be/stations/NMBS/008892080,IC,2017-12-25T23:44:00,2017-12-25T23:43:00,6,-33
http://irail.be/vehicle/IC722,NO-URI,IC,2017-12-25T23:48:00,2017-12-25T23:48:00,-15,-15
http://irail.be/vehicle/IC722,http://irail.be/stations/NMBS/008892106,IC,2017-12-25T23:50:00,2017-12-25T23:49:00,58,-9
http://irail.be/vehicle/IC722,http://irail.be/stations/NMBS/008896149,IC,2017-12-25T23:58:00,2017-12-25T23:57:00,97,83
http://irail.be/vehicle/IC722,http://irail.be/stations/NMBS/008896115,IC,2017-12-26T00:04:00,2017-12-26T00:04:00,87,87
http://irail.be/vehicle/IC722,http://irail.be/stations/NMBS/008896008,IC,2017-12-26T00:11:00,2017-12-26T00:11:00,,-21
http://irail.be/vehicle/IC722,http://irail.be/stations/NMBS/008821006,IC,2017-10-16T22:37:00,2017-10-16T22:37:00,18,
http://irail.be/vehicle/IC722,http://irail.be/stations/NMBS/008821121,IC,2017-10-16T22:43:00,2017-10-16T22:41:00,13,13
http://irail.be/vehicle/IC722,http://irail.be/stations/NMBS/008821196,IC,2017-10-16T22:46:00,2017-10-16T22:46:00,-39,-39
http://irail.be/vehicle/IC722,NO-URI,IC,2017-10-16T22:50:00,2017-10-16T22:50:00,-39,-39
http://irail.be/vehicle/IC722,http://irail.be/stations/NMBS/008894821,IC,2017-10-16T22:50:00,2017-10-16T22:50:00,-14,-14
http://irail.be/vehicle/IC722,http://irail.be/stations/NMBS/008894755,IC,2017-10-16T22:52:00,2017-10-16T22:52:00,-38,-38
http://irail.be/vehicle/IC722,http://irail.be/stations/NMBS/008894748,IC,2017-10-16T22:53:00,2017-10-16T22:53:00,-68,-68
http://irail.be/vehicle/IC722,http://irail.be/stations/NMBS/008894714,IC,2017-10-16T22:56:00,2017-10-16T22:56:00,-88,-88
http://irail.be/vehicle/IC722,NO-URI,IC,2017-10-16T22:57:00,2017-10-16T22:57:00,-101,-101
http://irail.be/vehicle/IC722,http://irail.be/stations/NMBS/008894508,IC,2017-10-16T23:00:00,2017-10-16T22:59:00,47,-142
http://irail.be/vehicle/IC722,http://irail.be/stations/NMBS/008894433,IC,2017-10-16T23:03:00,2017-10-16T23:03:00,47,47
http://irail.be/vehicle/IC722,http://irail.be/stations/NMBS/008894425,IC,2017-10-16T23:04:00,2017-10-16T23:04:00,-10,-10
http://irail.be/vehicle/IC722,NO-URI,IC,2017-10-16T23:06:00,2017-10-16T23:06:00,-20,-20
http://irail.be/vehicle/IC722,http://irail.be/stations/NMBS/008894201,IC,2017-10-16T23:09:00,2017-10-16T23:08:00,-6,-18
http://irail.be/vehicle/IC722,http://irail.be/stations/NMBS/008894151,IC,2017-10-16T23:15:00,2017-10-16T23:15:00,-4,-6
http://irail.be/vehicle/IC722,http://irail.be/stations/NMBS/008893120,IC,2017-10-16T23:24:00,2017-10-16T23:23:00,333,187
http://irail.be/vehicle/IC722,http://irail.be/stations/NMBS/008893179,IC,2017-10-16T23:26:00,2017-10-16T23:26:00,333,333
http://irail.be/vehicle/IC722,NO-URI,IC,2017-10-16T23:27:00,2017-10-16T23:27:00,263,263
http://irail.be/vehicle/IC722,http://irail.be/stations/NMBS/008892007,IC,2017-10-16T23:36:00,2017-10-16T23:33:00,148,232
http://irail.be/vehicle/IC722,http://irail.be/stations/NMBS/008892080,IC,2017-10-16T23:43:00,2017-10-16T23:42:00,95,126
http://irail.be/vehicle/IC722,NO-URI,IC,2017-10-16T23:48:00,2017-10-16T23:48:00,34,34
http://irail.be/vehicle/IC722,http://irail.be/stations/NMBS/008892106,IC,2017-10-16T23:50:00,2017-10-16T23:49:00,53,38
http://irail.be/vehicle/IC722,http://irail.be/stations/NMBS/008896149,IC,2017-10-16T23:58:00,2017-10-16T23:57:00,-36,-14
http://irail.be/vehicle/IC722,http://irail.be/stations/NMBS/008896115,IC,2017-10-17T00:04:00,2017-10-17T00:04:00,-91,-91
http://irail.be/vehicle/IC722,http://irail.be/stations/NMBS/008896008,IC,2017-10-17T00:10:00,2017-10-17T00:10:00,,-191
http://irail.be/vehicle/IC722,http://irail.be/stations/NMBS/008821006,IC,2017-09-02T22:37:00,2017-09-02T22:37:00,21,
http://irail.be/vehicle/IC722,http://irail.be/stations/NMBS/008821121,IC,2017-09-02T22:43:00,2017-09-02T22:41:00,9,9
http://irail.be/vehicle/IC722,http://irail.be/stations/NMBS/008821196,IC,2017-09-02T22:46:00,2017-09-02T22:46:00,-34,-34
http://irail.be/vehicle/IC722,NO-URI,IC,2017-09-02T22:50:00,2017-09-02T22:50:00,-34,-34
http://irail.be/vehicle/IC722,http://irail.be/stations/NMBS/008894821,IC,2017-09-02T22:50:00,2017-09-02T22:50:00,-8,-8
http://irail.be/vehicle/IC722,http://irail.be/stations/NMBS/008894755,IC,2017-09-02T22:52:00,2017-09-02T22:52:00,-27,-27
http://irail.be/vehicle/IC722,http://irail.be/stations/NMBS/008894748,IC,2017-09-02T22:53:00,2017-09-02T22:53:00,-57,-57
http://irail.be/vehicle/IC722,http://irail.be/stations/NMBS/008894714,IC,2017-09-02T22:56:00,2017-09-02T22:56:00,-77,-77
http://irail.be/vehicle/IC722,NO-URI,IC,2017-09-02T22:57:00,2017-09-02T22:57:00,-90,-90
http://irail.be/vehicle/IC722,http://irail.be/stations/NMBS/008894508,IC,2017-09-02T23:01:00,2017-09-02T22:59:00,96,-130
http://irail.be/vehicle/IC722,http://irail.be/stations/NMBS/008894433,IC,2017-09-02T23:04:00,2017-09-02T23:04:00,96,96
http://irail.be/vehicle/IC722,http://irail.be/stations/NMBS/008894425,IC,2017-09-02T23:05:00,2017-09-02T23:05:00,60,60
http://irail.be/vehicle/IC722,NO-URI,IC,2017-09-02T23:07:00,2017-09-02T23:07:00,54,54
http://irail.be/vehicle/IC722,http://irail.be/stations/NMBS/008894201,IC,2017-09-02T23:11:00,2017-09-02T23:09:00,-6,41
http://irail.be/vehicle/IC722,http://irail.be/stations/NMBS/008894151,IC,2017-09-02T23:16:00,2017-09-02T23:16:00,-6,-6
http://irail.be/vehicle/IC722,http://irail.be/stations/NMBS/008893120,IC,2017-09-02T23:24:00,2017-09-02T23:23:00,-7,-89
http://irail.be/vehicle/IC722,http://irail.be/stations/NMBS/008893179,IC,2017-09-02T23:26:00,2017-09-02T23:26:00,-7,-7
http://irail.be/vehicle/IC722,NO-URI,IC,2017-09-02T23:27:00,2017-09-02T23:27:00,-52,-52
http://irail.be/vehicle/IC722,http://irail.be/stations/NMBS/008892007,IC,2017-09-02T23:36:00,2017-09-02T23:33:00,31,-74
http://irail.be/vehicle/IC722,http://irail.be/stations/NMBS/008892080,IC,2017-09-02T23:43:00,2017-09-02T23:42:00,66,37
http://irail.be/vehicle/IC722,NO-URI,IC,2017-09-02T23:47:00,2017-09-02T23:47:00,47,47
http://irail.be/vehicle/IC722,http://irail.be/stations/NMBS/008892106,IC,2017-09-02T23:50:00,2017-09-02T23:49:00,55,42
http://irail.be/vehicle/IC722,http://irail.be/stations/NMBS/008896149,IC,2017-09-02T23:58:00,2017-09-02T23:57:00,39,-8
http://irail.be/vehicle/IC722,http://irail.be/stations/NMBS/008896115,IC,2017-09-03T00:04:00,2017-09-03T00:04:00,-7,-7
http://irail.be/vehicle/IC722,http://irail.be/stations/NMBS/008896008,IC,2017-09-03T00:10:00,2017-09-03T00:10:00,,-63
http://irail.be/vehicle/IC722,http://irail.be/stations/NMBS/008821006,IC,2017-07-13T22:37:00,2017-07-13T22:37:00,19,
http://irail.be/vehicle/IC722,http://irail.be/stations/NMBS/008821121,IC,2017-07-13T22:43:00,2017-07-13T22:41:00,35,35
http://irail.be/vehicle/IC722,http://irail.be/stations/NMBS/008821196,IC,2017-07-13T22:46:00,2017-07-13T22:46:00,20,20
http://irail.be/vehicle/IC722,NO-URI,IC,2017-07-13T22:50:00,2017-07-13T22:50:00,20,20
http://irail.be/vehicle/IC722,http://irail.be/stations/NMBS/008894821,IC,2017-07-13T22:50:00,2017-07-13T22:50:00,46,46
http://irail.be/vehicle/IC722,http://irail.be/stations/NMBS/008894755,IC,2017-07-13T22:52:00,2017-07-13T22:52:00,25,25
http://irail.be/vehicle/IC722,http://irail.be/stations/NMBS/008894748,IC,2017-07-13T22:53:00,2017-07-13T22:53:00,26,26
http://irail.be/vehicle/IC722,http://irail.be/stations/NMBS/008894714,IC,2017-07-13T22:55:00,2017-07-13T22:55:00,34,34
http://irail.be/vehicle/IC722,NO-URI,IC,2017-07-13T22:57:00,2017-07-13T22:57:00,-6,-6
http://irail.be/vehicle/IC722,http://irail.be/stations/NMBS/008894508,IC,2017-07-13T23:00:00,2017-07-13T22:59:00,376,-27
http://irail.be/vehicle/IC722,http://irail.be/stations/NMBS/008894433,IC,2017-07-13T23:03:00,2017-07-13T23:03:00,376,376
http://irail.be/vehicle/IC722,http://irail.be/stations/NMBS/008894425,IC,2017-07-13T23:03:00,2017-07-13T23:03:00,426,426
http://irail.be/vehicle/IC722,NO-URI,IC,2017-07-13T23:06:00,2017-07-13T23:06:00,586,586
http://irail.be/vehicle/IC722,http://irail.be/stations/NMBS/008894201,IC,2017-07-13T23:09:00,2017-07-13T23:08:00,568,590
http://irail.be/vehicle/IC722,http://irail.be/stations/NMBS/008894151,IC,2017-07-13T23:15:00,2017-07-13T23:15:00,568,568
http://irail.be/vehicle/IC722,http://irail.be/stations/NMBS/008893120,IC,2017-07-13T23:24:00,2017-07-13T23:23:00,676,577
http://irail.be/vehicle/IC722,http://irail.be/stations/NMBS/008893179,IC,2017-07-13T23:26:00,2017-07-13T23:26:00,676,676
http://irail.be/vehicle/IC722,NO-URI,IC,2017-07-13T23:27:00,2017-07-13T23:27:00,613,613
http://irail.be/vehicle/IC722,http://irail.be/stations/NMBS/008892007,IC,2017-07-13T23:36:00,2017-07-13T23:33:00,551,580
http://irail.be/vehicle/IC722,http://irail.be/stations/NMBS/008892080,IC,2017-07-13T23:43:00,2017-07-13T23:42:00,573,615
http://irail.be/vehicle/IC722,NO-URI,IC,2017-07-13T23:48:00,2017-07-13T23:48:00,545,545
http://irail.be/vehicle/IC722,http://irail.be/stations/NMBS/008892106,IC,2017-07-13T23:50:00,2017-07-13T23:49:00,588,569
http://irail.be/vehicle/IC722,http://irail.be/stations/NMBS/008896149,IC,2017-07-13T23:58:00,2017-07-13T23:57:00,517,540
http://irail.be/vehicle/IC722,http://irail.be/stations/NMBS/008896115,IC,2017-07-14T00:04:00,2017-07-14T00:04:00,518,490
http://irail.be/vehicle/IC722,http://irail.be/stations/NMBS/008896008,IC,2017-07-14T00:10:00,2017-07-14T00:10:00,,4016
http://irail.be/vehicle/IC722,http://irail.be/stations/NMBS/008821006,IC,2017-06-11T22:37:00,2017-06-11T22:37:00,1,
http://irail.be/vehicle/IC722,http://irail.be/stations/NMBS/008821121,IC,2017-06-11T22:43:00,2017-06-11T22:41:00,12,12
http://irail.be/vehicle/IC722,http://irail.be/stations/NMBS/008821196,IC,2017-06-11T22:46:00,2017-06-11T22:46:00,-29,-29
http://irail.be/vehicle/IC722,NO-URI,IC,2017-06-11T22:50:00,2017-06-11T22:50:00,-29,-29
http://irail.be/vehicle/IC722,http://irail.be/stations/NMBS/008894821,IC,2017-06-11T22:50:00,2017-06-11T22:50:00,-3,-3
http://irail.be/vehicle/IC722,http://irail.be/stations/NMBS/008894755,IC,2017-06-11T22:52:00,2017-06-11T22:52:00,-17,-17
http://irail.be/vehicle/IC722,http://irail.be/stations/NMBS/008894748,IC,2017-06-11T22:53:00,2017-06-11T22:53:00,-46,-46
http://irail.be/vehicle/IC722,http://irail.be/stations/NMBS/008894714,IC,2017-06-11T22:56:00,2017-06-11T22:56:00,-68,-68
http://irail.be/vehicle/IC722,NO-URI,IC,2017-06-11T22:57:00,2017-06-11T22:57:00,-80,-80
http://irail.be/vehicle/IC722,http://irail.be/stations/NMBS/008894508,IC,2017-06-11T23:01:00,2017-06-11T22:59:00,41,-117
http://irail.be/vehicle/IC722,http://irail.be/stations/NMBS/008894433,IC,2017-06-11T23:04:00,2017-06-11T23:04:00,41,41
http://irail.be/vehicle/IC722,http://irail.be/stations/NMBS/008894425,IC,2017-06-11T23:05:00,2017-06-11T23:05:00,6,6
http://irail.be/vehicle/IC722,NO-URI,IC,2017-06-11T23:07:00,2017-06-11T23:07:00,0,0
http://irail.be/vehicle/IC722,http://irail.be/stations/NMBS/008894201,IC,2017-06-11T23:11:00,2017-06-11T23:09:00,9,-13
http://irail.be/vehicle/IC722,http://irail.be/stations/NMBS/008894151,IC,2017-06-11T23:16:00,2017-06-11T23:16:00,9,9
http://irail.be/vehicle/IC722,http://irail.be/stations/NMBS/008893120,IC,2017-06-11T23:24:00,2017-06-11T23:23:00,32,-72
http://irail.be/vehicle/IC722,http://irail.be/stations/NMBS/008893179,IC,2017-06-11T23:26:00,2017-06-11T23:26:00,32,32
http://irail.be/vehicle/IC722,NO-URI,IC,2017-06-11T23:27:00,2017-06-11T23:27:00,6,6
http://irail.be/vehicle/IC722,http://irail.be/stations/NMBS/008892007,IC,2017-06-11T23:36:00,2017-06-11T23:33:00,12,40
http://irail.be/vehicle/IC722,http://irail.be/stations/NMBS/008892080,IC,2017-06-11T23:43:00,2017-06-11T23:42:00,-5,1
http://irail.be/vehicle/IC722,NO-URI,IC,2017-06-11T23:47:00,2017-06-11T23:47:00,-23,-23
http://irail.be/vehicle/IC722,http://irail.be/stations/NMBS/008892106,IC,2017-06-11T23:50:00,2017-06-11T23:49:00,35,-26
http://irail.be/vehicle/IC722,http://irail.be/stations/NMBS/008896149,IC,2017-06-11T23:58:00,2017-06-11T23:57:00,4,-25
http://irail.be/vehicle/IC722,http://irail.be/stations/NMBS/008896115,IC,2017-06-12T00:04:00,2017-06-12T00:04:00,-38,-38
http://irail.be/vehicle/IC722,http://irail.be/stations/NMBS/008896008,IC,2017-06-12T00:10:00,2017-06-12T00:10:00,,-100
http://irail.be/vehicle/IC722,http://irail.be/stations/NMBS/008821006,IC,2017-03-04T22:37:00,2017-03-04T22:37:00,0,
http://irail.be/vehicle/IC722,http://irail.be/stations/NMBS/008821121,IC,2017-03-04T22:43:00,2017-03-04T22:41:00,34,34
http://irail.be/vehicle/IC722,http://irail.be/stations/NMBS/008821196,IC,2017-03-04T22:46:00,2017-03-04T22:46:00,-4,-4
http://irail.be/vehicle/IC722,NO-URI,IC,2017-03-04T22:50:00,2017-03-04T22:50:00,-4,-4
http://irail.be/vehicle/IC722,http://irail.be/stations/NMBS/008894821,IC,2017-03-04T22:50:00,2017-03-04T22:50:00,21,21
http://irail.be/vehicle/IC722,http://irail.be/stations/NMBS/008894755,IC,2017-03-04T22:52:00,2017-03-04T22:52:00,5,5
http://irail.be/vehicle/IC722,http://irail.be/stations/NMBS/008894748,IC,2017-03-04T22:53:00,2017-03-04T22:53:00,7,7
http://irail.be/vehicle/IC722,http://irail.be/stations/NMBS/008894714,IC,2017-03-04T22:55:00,2017-03-04T22:55:00,15,15
http://irail.be/vehicle/IC722,NO-URI,IC,2017-03-04T22:57:00,2017-03-04T22:57:00,-23,-23
http://irail.be/vehicle/IC722,http://irail.be/stations/NMBS/008894508,IC,2017-03-04T23:01:00,2017-03-04T22:59:00,54,-81
http://irail.be/vehicle/IC722,http://irail.be/stations/NMBS/008894433,IC,2017-03-04T23:04:00,2017-03-04T23:04:00,54,54
http://irail.be/vehicle/IC722,http://irail.be/stations/NMBS/008894425,IC,2017-03-04T23:04:00,2017-03-04T23:04:00,57,57
http://irail.be/vehicle/IC722,NO-URI,IC,2017-03-04T23:07:00,2017-03-04T23:07:00,20,20
http://irail.be/vehicle/IC722,http://irail.be/stations/NMBS/008894201,IC,2017-03-04T23:11:00,2017-03-04T23:09:00,2,3
http://irail.be/vehicle/IC722,http://irail.be/stations/NMBS/008894151,IC,2017-03-04T23:16:00,2017-03-04T23:16:00,2,2
http://irail.be/vehicle/IC722,http://irail.be/stations/NMBS/008893120,IC,2017-03-04T23:24:00,2017-03-04T23:23:00,404,323
http://irail.be/vehicle/IC722,http://irail.be/stations/NMBS/008893179,IC,2017-03-04T23:26:00,2017-03-04T23:26:00,404,404
http://irail.be/vehicle/IC722,NO-URI,IC,2017-03-04T23:27:00,2017-03-04T23:27:00,357,357
http://irail.be/vehicle/IC722,http://irail.be/stations/NMBS/008892007,IC,2017-03-04T23:36:00,2017-03-04T23:33:00,271,334
http://irail.be/vehicle/IC722,http://irail.be/stations/NMBS/008892080,IC,2017-03-04T23:43:00,2017-03-04T23:42:00,229,257
http://irail.be/vehicle/IC722,NO-URI,IC,2017-03-04T23:47:00,2017-03-04T23:47:00,212,212
http://irail.be/vehicle/IC722,http://irail.be/stations/NMBS/008892106,IC,2017-03-04T23:50:00,2017-03-04T23:49:00,193,208
http://irail.be/vehicle/IC722,http://irail.be/stations/NMBS/008896149,IC,2017-03-04T23:58:00,2017-03-04T23:57:00,142,142
http://irail.be/vehicle/IC722,http://irail.be/stations/NMBS/008896115,IC,2017-03-05T00:04:00,2017-03-05T00:04:00,142,142
http://irail.be/vehicle/IC722,http://irail.be/stations/NMBS/008896008,IC,2017-03-05T00:10:00,2017-03-05T00:10:00,,22
http://irail.be/vehicle/IC722,http://irail.be/stations/NMBS/008821006,IC,2017-02-10T22:37:00,2017-02-10T22:37:00,-1,
http://irail.be/vehicle/IC722,http://irail.be/stations/NMBS/008821121,IC,2017-02-10T22:43:00,2017-02-10T22:41:00,29,29
http://irail.be/vehicle/IC722,http://irail.be/stations/NMBS/008821196,IC,2017-02-10T22:46:00,2017-02-10T22:46:00,-6,-6
http://irail.be/vehicle/IC722,NO-URI,IC,2017-02-10T22:50:00,2017-02-10T22:50:00,-6,-6
http://irail.be/vehicle/IC722,http://irail.be/stations/NMBS/008894821,IC,2017-02-10T22:50:00,2017-02-10T22:50:00,17,17
http://irail.be/vehicle/IC722,http://irail.be/stations/NMBS/008894755,IC,2017-02-10T22:52:00,2017-02-10T22:52:00,2,2
http://irail.be/vehicle/IC722,http://irail.be/stations/NMBS/008894748,IC,2017-02-10T22:53:00,2017-02-10T22:53:00,-26,-26
http://irail.be/vehicle/IC722,http://irail.be/stations/NMBS/008894714,IC,2017-02-10T22:56:00,2017-02-10T22:56:00,-46,-46
http://irail.be/vehicle/IC722,NO-URI,IC,2017-02-10T22:57:00,2017-02-10T22:57:00,-56,-56
http://irail.be/vehicle/IC722,http://irail.be/stations/NMBS/008894508,IC,2017-02-10T23:00:00,2017-02-10T22:59:00,109,-97
http://irail.be/vehicle/IC722,http://irail.be/stations/NMBS/008894433,IC,2017-02-10T23:03:00,2017-02-10T23:03:00,109,109
http://irail.be/vehicle/IC722,http://irail.be/stations/NMBS/008894425,IC,2017-02-10T23:04:00,2017-02-10T23:04:00,76,76
http://irail.be/vehicle/IC722,NO-URI,IC,2017-02-10T23:06:00,2017-02-10T23:06:00,71,71
http://irail.be/vehicle/IC722,http://irail.be/stations/NMBS/008894201,IC,2017-02-10T23:09:00,2017-02-10T23:08:00,62,61
http://irail.be/vehicle/IC722,http://irail.be/stations/NMBS/008894151,IC,2017-02-10T23:15:00,2017-02-10T23:15:00,49,49
http://irail.be/vehicle/IC722,http://irail.be/stations/NMBS/008893120,IC,2017-02-10T23:24:00,2017-02-10T23:23:00,190,82
http://irail.be/vehicle/IC722,http://irail.be/stations/NMBS/008893179,IC,2017-02-10T23:26:00,2017-02-10T23:26:00,190,190
http://irail.be/vehicle/IC722,NO-URI,IC,2017-02-10T23:27:00,2017-02-10T23:27:00,117,117
http://irail.be/vehicle/IC722,http://irail.be/stations/NMBS/008892007,IC,2017-02-10T23:36:00,2017-02-10T23:33:00,24,83
http://irail.be/vehicle/IC722,http://irail.be/stations/NMBS/008892080,IC,2017-02-10T23:43:00,2017-02-10T23:42:00,-31,9
http://irail.be/vehicle/IC722,NO-URI,IC,2017-02-10T23:48:00,2017-02-10T23:48:00,-84,-84
http://irail.be/vehicle/IC722,http://irail.be/stations/NMBS/008892106,IC,2017-02-10T23:50:00,2017-02-10T23:49:00,32,-79
http://irail.be/vehicle/IC722,http://irail.be/stations/NMBS/008896149,IC,2017-02-10T23:58:00,2017-02-10T23:57:00,11,-24
http://irail.be/vehicle/IC722,http://irail.be/stations/NMBS/008896115,IC,2017-02-11T00:04:00,2017-02-11T00:04:00,-31,-31
http://irail.be/vehicle/IC722,http://irail.be/stations/NMBS/008896008,IC,2017-02-11T00:10:00,2017-02-11T00:10:00,,-98
http://irail.be/vehicle/IC722,http://irail.be/stations/NMBS/008821006,IC,2017-05-11T22:37:00,2017-05-11T22:37:00,21,
http://irail.be/vehicle/IC722,http://irail.be/stations/NMBS/008821121,IC,2017-05-11T22:43:00,2017-05-11T22:41:00,19,19
http://irail.be/vehicle/IC722,http://irail.be/stations/NMBS/008821196,IC,2017-05-11T22:46:00,2017-05-11T22:46:00,-8,-8
http://irail.be/vehicle/IC722,NO-URI,IC,2017-05-11T22:50:00,2017-05-11T22:50:00,-8,-8
http://irail.be/vehicle/IC722,http://irail.be/stations/NMBS/008894821,IC,2017-05-11T22:50:00,2017-05-11T22:50:00,18,18
http://irail.be/vehicle/IC722,http://irail.be/stations/NMBS/008894755,IC,2017-05-11T22:52:00,2017-05-11T22:52:00,1,1
http://irail.be/vehicle/IC722,http://irail.be/stations/NMBS/008894748,IC,2017-05-11T22:53:00,2017-05-11T22:53:00,6,6
http://irail.be/vehicle/IC722,http://irail.be/stations/NMBS/008894714,IC,2017-05-11T22:55:00,2017-05-11T22:55:00,11,11
http://irail.be/vehicle/IC722,NO-URI,IC,2017-05-11T22:57:00,2017-05-11T22:57:00,-29,-29
http://irail.be/vehicle/IC722,http://irail.be/stations/NMBS/008894508,IC,2017-05-11T23:00:00,2017-05-11T22:59:00,63,-94
http://irail.be/vehicle/IC722,http://irail.be/stations/NMBS/008894433,IC,2017-05-11T23:03:00,2017-05-11T23:03:00,63,63
http://irail.be/vehicle/IC722,http://irail.be/stations/NMBS/008894425,IC,2017-05-11T23:03:00,2017-05-11T23:03:00,65,65
http://irail.be/vehicle/IC722,NO-URI,IC,2017-05-11T23:06:00,2017-05-11T23:06:00,24,24
http://irail.be/vehicle/IC722,http://irail.be/stations/NMBS/008894201,IC,2017-05-11T23:09:00,2017-05-11T23:08:00,27,6
http://irail.be/vehicle/IC722,http://irail.be/stations/NMBS/008894151,IC,2017-05-11T23:15:00,2017-05-11T23:15:00,29,27
http://irail.be/vehicle/IC722,http://irail.be/stations/NMBS/008893120,IC,2017-05-11T23:24:00,2017-05-11T23:23:00,116,-19
http://irail.be/vehicle/IC722,http://irail.be/stations/NMBS/008893179,IC,2017-05-11T23:26:00,2017-05-11T23:26:00,116,116
http://irail.be/vehicle/IC722,NO-URI,IC,2017-05-11T23:27:00,2017-05-11T23:27:00,77,77
http://irail.be/vehicle/IC722,http://irail.be/stations/NMBS/008892007,IC,2017-05-11T23:36:00,2017-05-11T23:33:00,20,75
http://irail.be/vehicle/IC722,http://irail.be/stations/NMBS/008892080,IC,2017-05-11T23:43:00,2017-05-11T23:42:00,-19,15
http://irail.be/vehicle/IC722,NO-URI,IC,2017-05-11T23:48:00,2017-05-11T23:48:00,-79,-79
http://irail.be/vehicle/IC722,http://irail.be/stations/NMBS/008892106,IC,2017-05-11T23:50:00,2017-05-11T23:49:00,24,-76
http://irail.be/vehicle/IC722,http://irail.be/stations/NMBS/008896149,IC,2017-05-11T23:58:00,2017-05-11T23:57:00,10,-33
http://irail.be/vehicle/IC722,http://irail.be/stations/NMBS/008896115,IC,2017-05-12T00:04:00,2017-05-12T00:04:00,-23,-31
http://irail.be/vehicle/IC722,http://irail.be/stations/NMBS/008896008,IC,2017-05-12T00:10:00,2017-05-12T00:10:00,,-76
http://irail.be/vehicle/IC722,http://irail.be/stations/NMBS/008821006,IC,2017-08-23T22:37:00,2017-08-23T22:37:00,58,
http://irail.be/vehicle/IC722,http://irail.be/stations/NMBS/008821121,IC,2017-08-23T22:43:00,2017-08-23T22:41:00,33,33
http://irail.be/vehicle/IC722,http://irail.be/stations/NMBS/008821196,IC,2017-08-23T22:46:00,2017-08-23T22:46:00,12,12
http://irail.be/vehicle/IC722,NO-URI,IC,2017-08-23T22:50:00,2017-08-23T22:50:00,12,12
http://irail.be/vehicle/IC722,http://irail.be/stations/NMBS/008894821,IC,2017-08-23T22:50:00,2017-08-23T22:50:00,44,44
http://irail.be/vehicle/IC722,http://irail.be/stations/NMBS/008894755,IC,2017-08-23T22:52:00,2017-08-23T22:52:00,63,63
http://irail.be/vehicle/IC722,http://irail.be/stations/NMBS/008894748,IC,2017-08-23T22:53:00,2017-08-23T22:53:00,42,42
http://irail.be/vehicle/IC722,http://irail.be/stations/NMBS/008894714,IC,2017-08-23T22:56:00,2017-08-23T22:56:00,45,45
http://irail.be/vehicle/IC722,NO-URI,IC,2017-08-23T22:57:00,2017-08-23T22:57:00,47,47
http://irail.be/vehicle/IC722,http://irail.be/stations/NMBS/008894508,IC,2017-08-23T23:00:00,2017-08-23T22:59:00,106,32
http://irail.be/vehicle/IC722,http://irail.be/stations/NMBS/008894433,IC,2017-08-23T23:03:00,2017-08-23T23:03:00,106,106
http://irail.be/vehicle/IC722,http://irail.be/stations/NMBS/008894425,IC,2017-08-23T23:04:00,2017-08-23T23:04:00,97,97
http://irail.be/vehicle/IC722,NO-URI,IC,2017-08-23T23:06:00,2017-08-23T23:06:00,115,115
http://irail.be/vehicle/IC722,http://irail.be/stations/NMBS/008894201,IC,2017-08-23T23:09:00,2017-08-23T23:08:00,113,115
http://irail.be/vehicle/IC722,http://irail.be/stations/NMBS/008894151,IC,2017-08-23T23:15:00,2017-08-23T23:15:00,129,113
http://irail.be/vehicle/IC722,http://irail.be/stations/NMBS/008893120,IC,2017-08-23T23:24:00,2017-08-23T23:23:00,136,86
http://irail.be/vehicle/IC722,http://irail.be/stations/NMBS/008893179,IC,2017-08-23T23:26:00,2017-08-23T23:26:00,136,136
http://irail.be/vehicle/IC722,NO-URI,IC,2017-08-23T23:27:00,2017-08-23T23:27:00,64,64
http://irail.be/vehicle/IC722,http://irail.be/stations/NMBS/008892007,IC,2017-08-23T23:36:00,2017-08-23T23:33:00,51,33
http://irail.be/vehicle/IC722,http://irail.be/stations/NMBS/008892080,IC,2017-08-23T23:43:00,2017-08-23T23:42:00,12,43
http://irail.be/vehicle/IC722,NO-URI,IC,2017-08-23T23:48:00,2017-08-23T23:48:00,-35,-35
http://irail.be/vehicle/IC722,http://irail.be/stations/NMBS/008892106,IC,2017-08-23T23:50:00,2017-08-23T23:49:00,35,-27
http://irail.be/vehicle/IC722,http://irail.be/stations/NMBS/008896149,IC,2017-08-23T23:58:00,2017-08-23T23:57:00,1,-9
http://irail.be/vehicle/IC722,http://irail.be/stations/NMBS/008896115,IC,2017-08-24T00:04:00,2017-08-24T00:04:00,184,-38
http://irail.be/vehicle/IC722,http://irail.be/stations/NMBS/008896008,IC,2017-08-24T00:10:00,2017-08-24T00:10:00,,191
http://irail.be/vehicle/IC722,http://irail.be/stations/NMBS/008821006,IC,2017-05-18T22:37:00,2017-05-18T22:37:00,11,
http://irail.be/vehicle/IC722,http://irail.be/stations/NMBS/008821121,IC,2017-05-18T22:43:00,2017-05-18T22:41:00,33,33
http://irail.be/vehicle/IC722,http://irail.be/stations/NMBS/008821196,IC,2017-05-18T22:46:00,2017-05-18T22:46:00,0,0
http://irail.be/vehicle/IC722,NO-URI,IC,2017-05-18T22:50:00,2017-05-18T22:50:00,0,0
http://irail.be/vehicle/IC722,http://irail.be/stations/NMBS/008894821,IC,2017-05-18T22:50:00,2017-05-18T22:50:00,26,26
http://irail.be/vehicle/IC722,http://irail.be/stations/NMBS/008894755,IC,2017-05-18T22:52:00,2017-05-18T22:52:00,10,10
http://irail.be/vehicle/IC722,http://irail.be/stations/NMBS/008894748,IC,2017-05-18T22:53:00,2017-05-18T22:53:00,-19,-19
http://irail.be/vehicle/IC722,http://irail.be/stations/NMBS/008894714,IC,2017-05-18T22:56:00,2017-05-18T22:56:00,-37,-37
http://irail.be/vehicle/IC722,NO-URI,IC,2017-05-18T22:57:00,2017-05-18T22:57:00,-48,-48
http://irail.be/vehicle/IC722,http://irail.be/stations/NMBS/008894508,IC,2017-05-18T23:00:00,2017-05-18T22:59:00,48,-87
http://irail.be/vehicle/IC722,http://irail.be/stations/NMBS/008894433,IC,2017-05-18T23:03:00,2017-05-18T23:03:00,48,48
http://irail.be/vehicle/IC722,http://irail.be/stations/NMBS/008894425,IC,2017-05-18T23:04:00,2017-05-18T23:04:00,5,5
http://irail.be/vehicle/IC722,NO-URI,IC,2017-05-18T23:06:00,2017-05-18T23:06:00,2,2
http://irail.be/vehicle/IC722,http://irail.be/stations/NMBS/008894201,IC,2017-05-18T23:09:00,2017-05-18T23:08:00,52,-5
http://irail.be/vehicle/IC722,http://irail.be/stations/NMBS/008894151,IC,2017-05-18T23:15:00,2017-05-18T23:15:00,52,52
http://irail.be/vehicle/IC722,http://irail.be/stations/NMBS/008893120,IC,2017-05-18T23:24:00,2017-05-18T23:23:00,85,-7
http://irail.be/vehicle/IC722,http://irail.be/stations/NMBS/008893179,IC,2017-05-18T23:26:00,2017-05-18T23:26:00,85,85
http://irail.be/vehicle/IC722,NO-URI,IC,2017-05-18T23:27:00,2017-05-18T23:27:00,49,49
http://irail.be/vehicle/IC722,http://irail.be/stations/NMBS/008892007,IC,2017-05-18T23:36:00,2017-05-18T23:33:00,61,132
http://irail.be/vehicle/IC722,http://irail.be/stations/NMBS/008892080,IC,2017-05-18T23:43:00,2017-05-18T23:42:00,86,98
http://irail.be/vehicle/IC722,NO-URI,IC,2017-05-18T23:48:00,2017-05-18T23:48:00,54,54
http://irail.be/vehicle/IC722,http://irail.be/stations/NMBS/008892106,IC,2017-05-18T23:50:00,2017-05-18T23:49:00,181,126
http://irail.be/vehicle/IC722,http://irail.be/stations/NMBS/008896149,IC,2017-05-18T23:58:00,2017-05-18T23:57:00,231,217
http://irail.be/vehicle/IC722,http://irail.be/stations/NMBS/008896115,IC,2017-05-19T00:04:00,2017-05-19T00:04:00,197,197
http://irail.be/vehicle/IC722,http://irail.be/stations/NMBS/008896008,IC,2017-05-19T00:10:00,2017-05-19T00:10:00,,107
http://irail.be/vehicle/IC722,http://irail.be/stations/NMBS/008821006,IC,2017-01-28T22:37:00,2017-01-28T22:37:00,116,
http://irail.be/vehicle/IC722,http://irail.be/stations/NMBS/008821121,IC,2017-01-28T22:43:00,2017-01-28T22:41:00,93,93
http://irail.be/vehicle/IC722,http://irail.be/stations/NMBS/008821196,IC,2017-01-28T22:46:00,2017-01-28T22:46:00,38,38
http://irail.be/vehicle/IC722,NO-URI,IC,2017-01-28T22:50:00,2017-01-28T22:50:00,38,38
http://irail.be/vehicle/IC722,http://irail.be/stations/NMBS/008894821,IC,2017-01-28T22:50:00,2017-01-28T22:50:00,60,60
http://irail.be/vehicle/IC722,http://irail.be/stations/NMBS/008894755,IC,2017-01-28T22:52:00,2017-01-28T22:52:00,38,38
http://irail.be/vehicle/IC722,http://irail.be/stations/NMBS/008894748,IC,2017-01-28T22:53:00,2017-01-28T22:53:00,39,39
http://irail.be/vehicle/IC722,http://irail.be/stations/NMBS/008894714,IC,2017-01-28T22:55:00,2017-01-28T22:55:00,39,39
http://irail.be/vehicle/IC722,NO-URI,IC,2017-01-28T22:57:00,2017-01-28T22:57:00,-3,-3
http://irail.be/vehicle/IC722,http://irail.be/stations/NMBS/008894508,IC,2017-01-28T23:01:00,2017-01-28T22:59:00,52,-73
http://irail.be/vehicle/IC722,http://irail.be/stations/NMBS/008894433,IC,2017-01-28T23:04:00,2017-01-28T23:04:00,52,52
http://irail.be/vehicle/IC722,http://irail.be/stations/NMBS/008894425,IC,2017-01-28T23:04:00,2017-01-28T23:04:00,51,51
http://irail.be/vehicle/IC722,NO-URI,IC,2017-01-28T23:07:00,2017-01-28T23:07:00,6,6
http://irail.be/vehicle/IC722,http://irail.be/stations/NMBS/008894201,IC,2017-01-28T23:11:00,2017-01-28T23:09:00,10,-9
http://irail.be/vehicle/IC722,http://irail.be/stations/NMBS/008894151,IC,2017-01-28T23:16:00,2017-01-28T23:16:00,10,10
http://irail.be/vehicle/IC722,http://irail.be/stations/NMBS/008893120,IC,2017-01-28T23:24:00,2017-01-28T23:23:00,183,154
http://irail.be/vehicle/IC722,http://irail.be/stations/NMBS/008893179,IC,2017-01-28T23:26:00,2017-01-28T23:26:00,183,183
http://irail.be/vehicle/IC722,NO-URI,IC,2017-01-28T23:27:00,2017-01-28T23:27:00,108,108
http://irail.be/vehicle/IC722,http://irail.be/stations/NMBS/008892007,IC,2017-01-28T23:36:00,2017-01-28T23:33:00,99,80
http://irail.be/vehicle/IC722,http://irail.be/stations/NMBS/008892080,IC,2017-01-28T23:43:00,2017-01-28T23:42:00,41,73
http://irail.be/vehicle/IC722,NO-URI,IC,2017-01-28T23:47:00,2017-01-28T23:47:00,21,21
http://irail.be/vehicle/IC722,http://irail.be/stations/NMBS/008892106,IC,2017-01-28T23:50:00,2017-01-28T23:49:00,29,16
http://irail.be/vehicle/IC722,http://irail.be/stations/NMBS/008896149,IC,2017-01-28T23:58:00,2017-01-28T23:57:00,6,-37
http://irail.be/vehicle/IC722,http://irail.be/stations/NMBS/008896115,IC,2017-01-29T00:04:00,2017-01-29T00:04:00,-30,-30
http://irail.be/vehicle/IC722,http://irail.be/stations/NMBS/008896008,IC,2017-01-29T00:10:00,2017-01-29T00:10:00,,-63
http://irail.be/vehicle/IC722,http://irail.be/stations/NMBS/008821006,IC,2017-08-19T22:37:00,2017-08-19T22:37:00,10,
http://irail.be/vehicle/IC722,http://irail.be/stations/NMBS/008821121,IC,2017-08-19T22:43:00,2017-08-19T22:41:00,48,48
http://irail.be/vehicle/IC722,http://irail.be/stations/NMBS/008821196,IC,2017-08-19T22:46:00,2017-08-19T22:46:00,17,17
http://irail.be/vehicle/IC722,NO-URI,IC,2017-08-19T22:50:00,2017-08-19T22:50:00,17,17
http://irail.be/vehicle/IC722,http://irail.be/stations/NMBS/008894821,IC,2017-08-19T22:50:00,2017-08-19T22:50:00,42,42
http://irail.be/vehicle/IC722,http://irail.be/stations/NMBS/008894755,IC,2017-08-19T22:52:00,2017-08-19T22:52:00,23,23
http://irail.be/vehicle/IC722,http://irail.be/stations/NMBS/008894748,IC,2017-08-19T22:53:00,2017-08-19T22:53:00,-8,-8
http://irail.be/vehicle/IC722,http://irail.be/stations/NMBS/008894714,IC,2017-08-19T22:56:00,2017-08-19T22:56:00,-31,-31
http://irail.be/vehicle/IC722,NO-URI,IC,2017-08-19T22:57:00,2017-08-19T22:57:00,-43,-43
http://irail.be/vehicle/IC722,http://irail.be/stations/NMBS/008894508,IC,2017-08-19T23:01:00,2017-08-19T22:59:00,-62,-62
http://irail.be/vehicle/IC722,http://irail.be/stations/NMBS/008894433,IC,2017-08-19T23:04:00,2017-08-19T23:04:00,53,-85
http://irail.be/vehicle/IC722,http://irail.be/stations/NMBS/008894425,IC,2017-08-19T23:05:00,2017-08-19T23:05:00,53,53
http://irail.be/vehicle/IC722,NO-URI,IC,2017-08-19T23:07:00,2017-08-19T23:07:00,10,10
http://irail.be/vehicle/IC722,http://irail.be/stations/NMBS/008894201,IC,2017-08-19T23:11:00,2017-08-19T23:09:00,5,5
http://irail.be/vehicle/IC722,http://irail.be/stations/NMBS/008894151,IC,2017-08-19T23:16:00,2017-08-19T23:16:00,2,-7
http://irail.be/vehicle/IC722,http://irail.be/stations/NMBS/008893120,IC,2017-08-19T23:24:00,2017-08-19T23:23:00,-68,-68
http://irail.be/vehicle/IC722,http://irail.be/stations/NMBS/008893179,IC,2017-08-19T23:26:00,2017-08-19T23:26:00,18,-84
http://irail.be/vehicle/IC722,NO-URI,IC,2017-08-19T23:27:00,2017-08-19T23:27:00,7,7
http://irail.be/vehicle/IC722,http://irail.be/stations/NMBS/008892007,IC,2017-08-19T23:36:00,2017-08-19T23:33:00,-47,-47
http://irail.be/vehicle/IC722,http://irail.be/stations/NMBS/008892080,IC,2017-08-19T23:43:00,2017-08-19T23:42:00,24,-76
http://irail.be/vehicle/IC722,NO-URI,IC,2017-08-19T23:47:00,2017-08-19T23:47:00,-18,-5
http://irail.be/vehicle/IC722,http://irail.be/stations/NMBS/008892106,IC,2017-08-19T23:50:00,2017-08-19T23:49:00,-37,-37
http://irail.be/vehicle/IC722,http://irail.be/stations/NMBS/008896149,IC,2017-08-19T23:58:00,2017-08-19T23:57:00,35,-39
http://irail.be/vehicle/IC722,http://irail.be/stations/NMBS/008896115,IC,2017-08-20T00:04:00,2017-08-20T00:04:00,1,-23
http://irail.be/vehicle/IC722,http://irail.be/stations/NMBS/008896008,IC,2017-08-20T00:10:00,2017-08-20T00:10:00,,-65
http://irail.be/vehicle/IC722,http://irail.be/stations/NMBS/008821006,IC,2017-12-27T22:37:00,2017-12-27T22:37:00,12,
http://irail.be/vehicle/IC722,http://irail.be/stations/NMBS/008821121,IC,2017-12-27T22:43:00,2017-12-27T22:41:00,24,24
http://irail.be/vehicle/IC722,http://irail.be/stations/NMBS/008821196,IC,2017-12-27T22:47:00,2017-12-27T22:47:00,12,12
http://irail.be/vehicle/IC722,NO-URI,IC,2017-12-27T22:50:00,2017-12-27T22:50:00,12,12
http://irail.be/vehicle/IC722,http://irail.be/stations/NMBS/008894821,IC,2017-12-27T22:50:00,2017-12-27T22:50:00,49,49
http://irail.be/vehicle/IC722,http://irail.be/stations/NMBS/008894755,IC,2017-12-27T22:52:00,2017-12-27T22:52:00,41,41
http://irail.be/vehicle/IC722,http://irail.be/stations/NMBS/008894748,IC,2017-12-27T22:53:00,2017-12-27T22:53:00,19,19
http://irail.be/vehicle/IC722,http://irail.be/stations/NMBS/008894714,IC,2017-12-27T22:56:00,2017-12-27T22:56:00,12,12
http://irail.be/vehicle/IC722,NO-URI,IC,2017-12-27T22:57:00,2017-12-27T22:57:00,9,9
http://irail.be/vehicle/IC722,http://irail.be/stations/NMBS/008894508,IC,2017-12-27T23:02:00,2017-12-27T23:00:00,44,-54
http://irail.be/vehicle/IC722,http://irail.be/stations/NMBS/008894433,IC,2017-12-27T23:05:00,2017-12-27T23:05:00,44,44
http://irail.be/vehicle/IC722,http://irail.be/stations/NMBS/008894425,IC,2017-12-27T23:06:00,2017-12-27T23:06:00,46,46
http://irail.be/vehicle/IC722,NO-URI,IC,2017-12-27T23:08:00,2017-12-27T23:08:00,58,58
http://irail.be/vehicle/IC722,http://irail.be/stations/NMBS/008894201,IC,2017-12-27T23:11:00,2017-12-27T23:10:00,44,67
http://irail.be/vehicle/IC722,http://irail.be/stations/NMBS/008894151,IC,2017-12-27T23:16:00,2017-12-27T23:16:00,44,44
http://irail.be/vehicle/IC722,http://irail.be/stations/NMBS/008893120,IC,2017-12-27T23:25:00,2017-12-27T23:24:00,20,-60
http://irail.be/vehicle/IC722,http://irail.be/stations/NMBS/008893179,IC,2017-12-27T23:27:00,2017-12-27T23:27:00,20,20
http://irail.be/vehicle/IC722,NO-URI,IC,2017-12-27T23:28:00,2017-12-27T23:28:00,277,277
http://irail.be/vehicle/IC722,http://irail.be/stations/NMBS/008892007,IC,2017-12-27T23:36:00,2017-12-27T23:33:00,143,269
http://irail.be/vehicle/IC722,http://irail.be/stations/NMBS/008892080,IC,2017-12-27T23:44:00,2017-12-27T23:43:00,78,89
http://irail.be/vehicle/IC722,NO-URI,IC,2017-12-27T23:48:00,2017-12-27T23:48:00,87,87
http://irail.be/vehicle/IC722,http://irail.be/stations/NMBS/008892106,IC,2017-12-27T23:50:00,2017-12-27T23:49:00,114,94
http://irail.be/vehicle/IC722,http://irail.be/stations/NMBS/008896149,IC,2017-12-27T23:58:00,2017-12-27T23:57:00,150,131
http://irail.be/vehicle/IC722,http://irail.be/stations/NMBS/008896115,IC,2017-12-28T00:04:00,2017-12-28T00:04:00,138,138
http://irail.be/vehicle/IC722,http://irail.be/stations/NMBS/008896008,IC,2017-12-28T00:11:00,2017-12-28T00:11:00,,38
http://irail.be/vehicle/IC722,http://irail.be/stations/NMBS/008821006,IC,2017-04-28T22:37:00,2017-04-28T22:37:00,22,
http://irail.be/vehicle/IC722,http://irail.be/stations/NMBS/008821121,IC,2017-04-28T22:43:00,2017-04-28T22:41:00,19,19
http://irail.be/vehicle/IC722,http://irail.be/stations/NMBS/008821196,IC,2017-04-28T22:46:00,2017-04-28T22:46:00,-20,-20
http://irail.be/vehicle/IC722,NO-URI,IC,2017-04-28T22:50:00,2017-04-28T22:50:00,-20,-20
http://irail.be/vehicle/IC722,http://irail.be/stations/NMBS/008894821,IC,2017-04-28T22:50:00,2017-04-28T22:50:00,4,4
http://irail.be/vehicle/IC722,http://irail.be/stations/NMBS/008894755,IC,2017-04-28T22:52:00,2017-04-28T22:52:00,-15,-15
http://irail.be/vehicle/IC722,http://irail.be/stations/NMBS/008894748,IC,2017-04-28T22:53:00,2017-04-28T22:53:00,-46,-46
http://irail.be/vehicle/IC722,http://irail.be/stations/NMBS/008894714,IC,2017-04-28T22:56:00,2017-04-28T22:56:00,-68,-68
http://irail.be/vehicle/IC722,NO-URI,IC,2017-04-28T22:57:00,2017-04-28T22:57:00,-81,-81
http://irail.be/vehicle/IC722,http://irail.be/stations/NMBS/008894508,IC,2017-04-28T23:00:00,2017-04-28T22:59:00,53,-117
http://irail.be/vehicle/IC722,http://irail.be/stations/NMBS/008894433,IC,2017-04-28T23:03:00,2017-04-28T23:03:00,53,53
http://irail.be/vehicle/IC722,http://irail.be/stations/NMBS/008894425,IC,2017-04-28T23:04:00,2017-04-28T23:04:00,15,15
http://irail.be/vehicle/IC722,NO-URI,IC,2017-04-28T23:06:00,2017-04-28T23:06:00,9,9
http://irail.be/vehicle/IC722,http://irail.be/stations/NMBS/008894201,IC,2017-04-28T23:09:00,2017-04-28T23:08:00,15,-2
http://irail.be/vehicle/IC722,http://irail.be/stations/NMBS/008894151,IC,2017-04-28T23:15:00,2017-04-28T23:15:00,15,15
http://irail.be/vehicle/IC722,http://irail.be/stations/NMBS/008893120,IC,2017-04-28T23:24:00,2017-04-28T23:23:00,39,-37
http://irail.be/vehicle/IC722,http://irail.be/stations/NMBS/008893179,IC,2017-04-28T23:26:00,2017-04-28T23:26:00,39,39
http://irail.be/vehicle/IC722,NO-URI,IC,2017-04-28T23:27:00,2017-04-28T23:27:00,-6,-6
http://irail.be/vehicle/IC722,http://irail.be/stations/NMBS/008892007,IC,2017-04-28T23:36:00,2017-04-28T23:33:00,20,7
http://irail.be/vehicle/IC722,http://irail.be/stations/NMBS/008892080,IC,2017-04-28T23:43:00,2017-04-28T23:42:00,-16,5
http://irail.be/vehicle/IC722,NO-URI,IC,2017-04-28T23:48:00,2017-04-28T23:48:00,-70,-70
http://irail.be/vehicle/IC722,http://irail.be/stations/NMBS/008892106,IC,2017-04-28T23:50:00,2017-04-28T23:49:00,40,-67
http://irail.be/vehicle/IC722,http://irail.be/stations/NMBS/008896149,IC,2017-04-28T23:58:00,2017-04-28T23:57:00,-3,-19
http://irail.be/vehicle/IC722,http://irail.be/stations/NMBS/008896115,IC,2017-04-29T00:04:00,2017-04-29T00:04:00,-3,-3
http://irail.be/vehicle/IC722,http://irail.be/stations/NMBS/008896008,IC,2017-04-29T00:10:00,2017-04-29T00:10:00,,-104
http://irail.be/vehicle/IC722,http://irail.be/stations/NMBS/008821006,IC,2017-05-15T22:37:00,2017-05-15T22:37:00,-4,
http://irail.be/vehicle/IC722,http://irail.be/stations/NMBS/008821121,IC,2017-05-15T22:43:00,2017-05-15T22:41:00,8,8
http://irail.be/vehicle/IC722,http://irail.be/stations/NMBS/008821196,IC,2017-05-15T22:46:00,2017-05-15T22:46:00,-42,-42
http://irail.be/vehicle/IC722,NO-URI,IC,2017-05-15T22:50:00,2017-05-15T22:50:00,-42,-42
http://irail.be/vehicle/IC722,http://irail.be/stations/NMBS/008894821,IC,2017-05-15T22:50:00,2017-05-15T22:50:00,-16,-16
http://irail.be/vehicle/IC722,http://irail.be/stations/NMBS/008894755,IC,2017-05-15T22:52:00,2017-05-15T22:52:00,-13,-13
http://irail.be/vehicle/IC722,http://irail.be/stations/NMBS/008894748,IC,2017-05-15T22:53:00,2017-05-15T22:53:00,-44,-44
http://irail.be/vehicle/IC722,http://irail.be/stations/NMBS/008894714,IC,2017-05-15T22:56:00,2017-05-15T22:56:00,-63,-63
http://irail.be/vehicle/IC722,NO-URI,IC,2017-05-15T22:57:00,2017-05-15T22:57:00,-76,-76
http://irail.be/vehicle/IC722,http://irail.be/stations/NMBS/008894508,IC,2017-05-15T23:00:00,2017-05-15T22:59:00,71,-117
http://irail.be/vehicle/IC722,http://irail.be/stations/NMBS/008894433,IC,2017-05-15T23:03:00,2017-05-15T23:03:00,71,71
http://irail.be/vehicle/IC722,http://irail.be/stations/NMBS/008894425,IC,2017-05-15T23:04:00,2017-05-15T23:04:00,26,26
http://irail.be/vehicle/IC722,NO-URI,IC,2017-05-15T23:06:00,2017-05-15T23:06:00,22,22
http://irail.be/vehicle/IC722,http://irail.be/stations/NMBS/008894201,IC,2017-05-15T23:09:00,2017-05-15T23:08:00,-1,21
http://irail.be/vehicle/IC722,http://irail.be/stations/NMBS/008894151,IC,2017-05-15T23:15:00,2017-05-15T23:15:00,-1,-1
http://irail.be/vehicle/IC722,http://irail.be/stations/NMBS/008893120,IC,2017-05-15T23:24:00,2017-05-15T23:23:00,13,-62
http://irail.be/vehicle/IC722,http://irail.be/stations/NMBS/008893179,IC,2017-05-15T23:26:00,2017-05-15T23:26:00,13,13
http://irail.be/vehicle/IC722,NO-URI,IC,2017-05-15T23:27:00,2017-05-15T23:27:00,79,79
http://irail.be/vehicle/IC722,http://irail.be/stations/NMBS/008892007,IC,2017-05-15T23:36:00,2017-05-15T23:33:00,3,75
http://irail.be/vehicle/IC722,http://irail.be/stations/NMBS/008892080,IC,2017-05-15T23:43:00,2017-05-15T23:42:00,-21,-11
http://irail.be/vehicle/IC722,NO-URI,IC,2017-05-15T23:48:00,2017-05-15T23:48:00,-69,-69
http://irail.be/vehicle/IC722,http://irail.be/stations/NMBS/008892106,IC,2017-05-15T23:50:00,2017-05-15T23:49:00,28,-55
http://irail.be/vehicle/IC722,http://irail.be/stations/NMBS/008896149,IC,2017-05-15T23:58:00,2017-05-15T23:57:00,-13,-14
http://irail.be/vehicle/IC722,http://irail.be/stations/NMBS/008896115,IC,2017-05-16T00:04:00,2017-05-16T00:04:00,-37,-37
http://irail.be/vehicle/IC722,http://irail.be/stations/NMBS/008896008,IC,2017-05-16T00:10:00,2017-05-16T00:10:00,,-127
http://irail.be/vehicle/IC722,http://irail.be/stations/NMBS/008821006,IC,2017-11-04T22:37:00,2017-11-04T22:37:00,5,
http://irail.be/vehicle/IC722,http://irail.be/stations/NMBS/008821121,IC,2017-11-04T22:43:00,2017-11-04T22:41:00,33,33
http://irail.be/vehicle/IC722,http://irail.be/stations/NMBS/008821196,IC,2017-11-04T22:46:00,2017-11-04T22:46:00,21,21
http://irail.be/vehicle/IC722,NO-URI,IC,2017-11-04T22:50:00,2017-11-04T22:50:00,21,21
http://irail.be/vehicle/IC722,http://irail.be/stations/NMBS/008894821,IC,2017-11-04T22:50:00,2017-11-04T22:50:00,48,48
http://irail.be/vehicle/IC722,http://irail.be/stations/NMBS/008894755,IC,2017-11-04T22:52:00,2017-11-04T22:52:00,27,27
http://irail.be/vehicle/IC722,http://irail.be/stations/NMBS/008894748,IC,2017-11-04T22:53:00,2017-11-04T22:53:00,-2,-2
http://irail.be/vehicle/IC722,http://irail.be/stations/NMBS/008894714,IC,2017-11-04T22:56:00,2017-11-04T22:56:00,-21,-21
http://irail.be/vehicle/IC722,NO-URI,IC,2017-11-04T22:57:00,2017-11-04T22:57:00,-32,-32
http://irail.be/vehicle/IC722,http://irail.be/stations/NMBS/008894508,IC,2017-11-04T23:01:00,2017-11-04T22:59:00,102,-64
http://irail.be/vehicle/IC722,http://irail.be/stations/NMBS/008894433,IC,2017-11-04T23:04:00,2017-11-04T23:04:00,102,102
http://irail.be/vehicle/IC722,http://irail.be/stations/NMBS/008894425,IC,2017-11-04T23:05:00,2017-11-04T23:05:00,45,45
http://irail.be/vehicle/IC722,NO-URI,IC,2017-11-04T23:07:00,2017-11-04T23:07:00,40,40
http://irail.be/vehicle/IC722,http://irail.be/stations/NMBS/008894201,IC,2017-11-04T23:11:00,2017-11-04T23:09:00,7,33
http://irail.be/vehicle/IC722,http://irail.be/stations/NMBS/008894151,IC,2017-11-04T23:16:00,2017-11-04T23:16:00,7,7
http://irail.be/vehicle/IC722,http://irail.be/stations/NMBS/008893120,IC,2017-11-04T23:24:00,2017-11-04T23:23:00,169,86
http://irail.be/vehicle/IC722,http://irail.be/stations/NMBS/008893179,IC,2017-11-04T23:26:00,2017-11-04T23:26:00,169,169
http://irail.be/vehicle/IC722,NO-URI,IC,2017-11-04T23:27:00,2017-11-04T23:27:00,147,147
http://irail.be/vehicle/IC722,http://irail.be/stations/NMBS/008892007,IC,2017-11-04T23:36:00,2017-11-04T23:33:00,999,120
http://irail.be/vehicle/IC722,http://irail.be/stations/NMBS/008892080,IC,2017-11-04T23:43:00,2017-11-04T23:42:00,949,979
http://irail.be/vehicle/IC722,NO-URI,IC,2017-11-04T23:47:00,2017-11-04T23:47:00,928,928
http://irail.be/vehicle/IC722,http://irail.be/stations/NMBS/008892106,IC,2017-11-04T23:50:00,2017-11-04T23:49:00,894,930
http://irail.be/vehicle/IC722,http://irail.be/stations/NMBS/008896149,IC,2017-11-04T23:58:00,2017-11-04T23:57:00,814,834
http://irail.be/vehicle/IC722,http://irail.be/stations/NMBS/008896115,IC,2017-11-05T00:04:00,2017-11-05T00:04:00,828,776
http://irail.be/vehicle/IC722,http://irail.be/stations/NMBS/008896008,IC,2017-11-05T00:10:00,2017-11-05T00:10:00,,866
http://irail.be/vehicle/IC722,http://irail.be/stations/NMBS/008821006,IC,2017-10-17T22:37:00,2017-10-17T22:37:00,15,
http://irail.be/vehicle/IC722,http://irail.be/stations/NMBS/008821121,IC,2017-10-17T22:43:00,2017-10-17T22:41:00,29,29
http://irail.be/vehicle/IC722,http://irail.be/stations/NMBS/008821196,IC,2017-10-17T22:46:00,2017-10-17T22:46:00,29,29
http://irail.be/vehicle/IC722,NO-URI,IC,2017-10-17T22:50:00,2017-10-17T22:50:00,29,29
http://irail.be/vehicle/IC722,http://irail.be/stations/NMBS/008894821,IC,2017-10-17T22:50:00,2017-10-17T22:50:00,55,55
http://irail.be/vehicle/IC722,http://irail.be/stations/NMBS/008894755,IC,2017-10-17T22:52:00,2017-10-17T22:52:00,40,40
http://irail.be/vehicle/IC722,http://irail.be/stations/NMBS/008894748,IC,2017-10-17T22:53:00,2017-10-17T22:53:00,13,13
http://irail.be/vehicle/IC722,http://irail.be/stations/NMBS/008894714,IC,2017-10-17T22:56:00,2017-10-17T22:56:00,-8,-8
http://irail.be/vehicle/IC722,NO-URI,IC,2017-10-17T22:57:00,2017-10-17T22:57:00,-18,-18
http://irail.be/vehicle/IC722,http://irail.be/stations/NMBS/008894508,IC,2017-10-17T23:00:00,2017-10-17T22:59:00,59,-42
http://irail.be/vehicle/IC722,http://irail.be/stations/NMBS/008894433,IC,2017-10-17T23:03:00,2017-10-17T23:03:00,59,59
http://irail.be/vehicle/IC722,http://irail.be/stations/NMBS/008894425,IC,2017-10-17T23:04:00,2017-10-17T23:04:00,14,14
http://irail.be/vehicle/IC722,NO-URI,IC,2017-10-17T23:06:00,2017-10-17T23:06:00,10,10
http://irail.be/vehicle/IC722,http://irail.be/stations/NMBS/008894201,IC,2017-10-17T23:09:00,2017-10-17T23:08:00,46,19
http://irail.be/vehicle/IC722,http://irail.be/stations/NMBS/008894151,IC,2017-10-17T23:15:00,2017-10-17T23:15:00,77,46
http://irail.be/vehicle/IC722,http://irail.be/stations/NMBS/008893120,IC,2017-10-17T23:24:00,2017-10-17T23:23:00,395,282
http://irail.be/vehicle/IC722,http://irail.be/stations/NMBS/008893179,IC,2017-10-17T23:26:00,2017-10-17T23:26:00,395,395
http://irail.be/vehicle/IC722,NO-URI,IC,2017-10-17T23:27:00,2017-10-17T23:27:00,357,357
http://irail.be/vehicle/IC722,http://irail.be/stations/NMBS/008892007,IC,2017-10-17T23:36:00,2017-10-17T23:33:00,255,342
http://irail.be/vehicle/IC722,http://irail.be/stations/NMBS/008892080,IC,2017-10-17T23:43:00,2017-10-17T23:42:00,235,247
http://irail.be/vehicle/IC722,NO-URI,IC,2017-10-17T23:48:00,2017-10-17T23:48:00,190,190
http://irail.be/vehicle/IC722,http://irail.be/stations/NMBS/008892106,IC,2017-10-17T23:50:00,2017-10-17T23:49:00,245,206
http://irail.be/vehicle/IC722,http://irail.be/stations/NMBS/008896149,IC,2017-10-17T23:58:00,2017-10-17T23:57:00,206,191
http://irail.be/vehicle/IC722,http://irail.be/stations/NMBS/008896115,IC,2017-10-18T00:04:00,2017-10-18T00:04:00,180,180
http://irail.be/vehicle/IC722,http://irail.be/stations/NMBS/008896008,IC,2017-10-18T00:10:00,2017-10-18T00:10:00,,132
http://irail.be/vehicle/IC722,http://irail.be/stations/NMBS/008821006,IC,2017-09-30T22:37:00,2017-09-30T22:37:00,274,
http://irail.be/vehicle/IC722,http://irail.be/stations/NMBS/008821121,IC,2017-09-30T22:43:00,2017-09-30T22:41:00,218,218
http://irail.be/vehicle/IC722,http://irail.be/stations/NMBS/008821196,IC,2017-09-30T22:46:00,2017-09-30T22:46:00,186,186
http://irail.be/vehicle/IC722,NO-URI,IC,2017-09-30T22:50:00,2017-09-30T22:50:00,186,186
http://irail.be/vehicle/IC722,http://irail.be/stations/NMBS/008894821,IC,2017-09-30T22:50:00,2017-09-30T22:50:00,212,212
http://irail.be/vehicle/IC722,http://irail.be/stations/NMBS/008894755,IC,2017-09-30T22:52:00,2017-09-30T22:52:00,195,195
http://irail.be/vehicle/IC722,http://irail.be/stations/NMBS/008894748,IC,2017-09-30T22:53:00,2017-09-30T22:53:00,164,164
http://irail.be/vehicle/IC722,http://irail.be/stations/NMBS/008894714,IC,2017-09-30T22:56:00,2017-09-30T22:56:00,145,145
http://irail.be/vehicle/IC722,NO-URI,IC,2017-09-30T22:57:00,2017-09-30T22:57:00,134,134
http://irail.be/vehicle/IC722,http://irail.be/stations/NMBS/008894508,IC,2017-09-30T23:01:00,2017-09-30T22:59:00,112,98
http://irail.be/vehicle/IC722,http://irail.be/stations/NMBS/008894433,IC,2017-09-30T23:04:00,2017-09-30T23:04:00,112,112
http://irail.be/vehicle/IC722,http://irail.be/stations/NMBS/008894425,IC,2017-09-30T23:05:00,2017-09-30T23:05:00,90,90
http://irail.be/vehicle/IC722,NO-URI,IC,2017-09-30T23:07:00,2017-09-30T23:07:00,85,85
http://irail.be/vehicle/IC722,http://irail.be/stations/NMBS/008894201,IC,2017-09-30T23:11:00,2017-09-30T23:09:00,24,77
http://irail.be/vehicle/IC722,http://irail.be/stations/NMBS/008894151,IC,2017-09-30T23:16:00,2017-09-30T23:16:00,24,24
http://irail.be/vehicle/IC722,http://irail.be/stations/NMBS/008893120,IC,2017-09-30T23:24:00,2017-09-30T23:23:00,24,-52
http://irail.be/vehicle/IC722,http://irail.be/stations/NMBS/008893179,IC,2017-09-30T23:26:00,2017-09-30T23:26:00,24,24
http://irail.be/vehicle/IC722,NO-URI,IC,2017-09-30T23:27:00,2017-09-30T23:27:00,-17,-17
http://irail.be/vehicle/IC722,http://irail.be/stations/NMBS/008892007,IC,2017-09-30T23:36:00,2017-09-30T23:33:00,33,-47
http://irail.be/vehicle/IC722,http://irail.be/stations/NMBS/008892080,IC,2017-09-30T23:43:00,2017-09-30T23:42:00,4,21
http://irail.be/vehicle/IC722,NO-URI,IC,2017-09-30T23:47:00,2017-09-30T23:47:00,-14,-14
http://irail.be/vehicle/IC722,http://irail.be/stations/NMBS/008892106,IC,2017-09-30T23:50:00,2017-09-30T23:49:00,49,-15
http://irail.be/vehicle/IC722,http://irail.be/stations/NMBS/008896149,IC,2017-09-30T23:58:00,2017-09-30T23:57:00,5,3
http://irail.be/vehicle/IC722,http://irail.be/stations/NMBS/008896115,IC,2017-10-01T00:04:00,2017-10-01T00:04:00,9,-41
http://irail.be/vehicle/IC722,http://irail.be/stations/NMBS/008896008,IC,2017-10-01T00:10:00,2017-10-01T00:10:00,,-52
http://irail.be/vehicle/IC722,NO-URI,IC,2017-01-15T22:31:00,2017-01-15T22:31:00,556,
http://irail.be/vehicle/IC722,http://irail.be/stations/NMBS/008894821,IC,2017-01-15T22:34:00,2017-01-15T22:34:00,578,556
http://irail.be/vehicle/IC722,http://irail.be/stations/NMBS/008894755,IC,2017-01-15T22:41:00,2017-01-15T22:41:00,370,370
http://irail.be/vehicle/IC722,http://irail.be/stations/NMBS/008894748,IC,2017-01-15T22:44:00,2017-01-15T22:44:00,343,343
http://irail.be/vehicle/IC722,http://irail.be/stations/NMBS/008894714,IC,2017-01-15T22:49:00,2017-01-15T22:49:00,287,287
http://irail.be/vehicle/IC722,NO-URI,IC,2017-01-15T22:51:00,2017-01-15T22:51:00,287,287
http://irail.be/vehicle/IC722,http://irail.be/stations/NMBS/008894508,IC,2017-01-15T22:53:00,2017-01-15T22:53:00,316,256
http://irail.be/vehicle/IC722,http://irail.be/stations/NMBS/008894433,IC,2017-01-15T22:59:00,2017-01-15T22:59:00,134,134
http://irail.be/vehicle/IC722,http://irail.be/stations/NMBS/008894425,IC,2017-01-15T23:02:00,2017-01-15T23:02:00,73,73
http://irail.be/vehicle/IC722,NO-URI,IC,2017-01-15T23:07:00,2017-01-15T23:07:00,2,2
http://irail.be/vehicle/IC722,http://irail.be/stations/NMBS/008894201,IC,2017-01-15T23:11:00,2017-01-15T23:09:00,-12,-32
http://irail.be/vehicle/IC722,http://irail.be/stations/NMBS/008894151,IC,2017-01-15T23:16:00,2017-01-15T23:16:00,-12,-12
http://irail.be/vehicle/IC722,http://irail.be/stations/NMBS/008893120,IC,2017-01-15T23:24:00,2017-01-15T23:23:00,16,-47
http://irail.be/vehicle/IC722,http://irail.be/stations/NMBS/008893179,IC,2017-01-15T23:26:00,2017-01-15T23:26:00,16,16
http://irail.be/vehicle/IC722,NO-URI,IC,2017-01-15T23:27:00,2017-01-15T23:27:00,-48,-48
http://irail.be/vehicle/IC722,http://irail.be/stations/NMBS/008892007,IC,2017-01-15T23:36:00,2017-01-15T23:33:00,4,-79
http://irail.be/vehicle/IC722,http://irail.be/stations/NMBS/008892080,IC,2017-01-15T23:43:00,2017-01-15T23:42:00,-6,2
http://irail.be/vehicle/IC722,NO-URI,IC,2017-01-15T23:47:00,2017-01-15T23:47:00,-27,-27
http://irail.be/vehicle/IC722,http://irail.be/stations/NMBS/008892106,IC,2017-01-15T23:50:00,2017-01-15T23:49:00,24,-25
http://irail.be/vehicle/IC722,http://irail.be/stations/NMBS/008896149,IC,2017-01-15T23:58:00,2017-01-15T23:57:00,-4,-36
http://irail.be/vehicle/IC722,http://irail.be/stations/NMBS/008896115,IC,2017-01-16T00:04:00,2017-01-16T00:04:00,-61,-61
http://irail.be/vehicle/IC722,http://irail.be/stations/NMBS/008896008,IC,2017-01-16T00:10:00,2017-01-16T00:10:00,,-100
http://irail.be/vehicle/IC722,http://irail.be/stations/NMBS/008821006,IC,2017-03-11T22:37:00,2017-03-11T22:37:00,19,
http://irail.be/vehicle/IC722,http://irail.be/stations/NMBS/008821121,IC,2017-03-11T22:43:00,2017-03-11T22:41:00,81,81
http://irail.be/vehicle/IC722,http://irail.be/stations/NMBS/008821196,IC,2017-03-11T22:46:00,2017-03-11T22:46:00,38,38
http://irail.be/vehicle/IC722,NO-URI,IC,2017-03-11T22:50:00,2017-03-11T22:50:00,38,38
http://irail.be/vehicle/IC722,http://irail.be/stations/NMBS/008894821,IC,2017-03-11T22:50:00,2017-03-11T22:50:00,62,62
http://irail.be/vehicle/IC722,http://irail.be/stations/NMBS/008894755,IC,2017-03-11T22:52:00,2017-03-11T22:52:00,44,44
http://irail.be/vehicle/IC722,http://irail.be/stations/NMBS/008894748,IC,2017-03-11T22:53:00,2017-03-11T22:53:00,43,43
http://irail.be/vehicle/IC722,http://irail.be/stations/NMBS/008894714,IC,2017-03-11T22:55:00,2017-03-11T22:55:00,47,47
http://irail.be/vehicle/IC722,NO-URI,IC,2017-03-11T22:57:00,2017-03-11T22:57:00,5,5
http://irail.be/vehicle/IC722,http://irail.be/stations/NMBS/008894508,IC,2017-03-11T23:01:00,2017-03-11T22:59:00,41,-62
http://irail.be/vehicle/IC722,http://irail.be/stations/NMBS/008894433,IC,2017-03-11T23:04:00,2017-03-11T23:04:00,41,41
http://irail.be/vehicle/IC722,http://irail.be/stations/NMBS/008894425,IC,2017-03-11T23:04:00,2017-03-11T23:04:00,62,62
http://irail.be/vehicle/IC722,NO-URI,IC,2017-03-11T23:07:00,2017-03-11T23:07:00,20,20
http://irail.be/vehicle/IC722,http://irail.be/stations/NMBS/008894201,IC,2017-03-11T23:11:00,2017-03-11T23:09:00,13,-3
http://irail.be/vehicle/IC722,http://irail.be/stations/NMBS/008894151,IC,2017-03-11T23:16:00,2017-03-11T23:16:00,13,13
http://irail.be/vehicle/IC722,http://irail.be/stations/NMBS/008893120,IC,2017-03-11T23:24:00,2017-03-11T23:23:00,34,-63
http://irail.be/vehicle/IC722,http://irail.be/stations/NMBS/008893179,IC,2017-03-11T23:26:00,2017-03-11T23:26:00,34,34
http://irail.be/vehicle/IC722,NO-URI,IC,2017-03-11T23:27:00,2017-03-11T23:27:00,-43,-43
http://irail.be/vehicle/IC722,http://irail.be/stations/NMBS/008892007,IC,2017-03-11T23:33:00,2017-03-11T23:33:00,,-73
http://irail.be/vehicle/IC722,http://irail.be/stations/NMBS/008821006,IC,2017-02-07T22:37:00,2017-02-07T22:37:00,196,
http://irail.be/vehicle/IC722,http://irail.be/stations/NMBS/008821121,IC,2017-02-07T22:43:00,2017-02-07T22:41:00,138,138
http://irail.be/vehicle/IC722,http://irail.be/stations/NMBS/008821196,IC,2017-02-07T22:46:00,2017-02-07T22:46:00,108,108
http://irail.be/vehicle/IC722,NO-URI,IC,2017-02-07T22:50:00,2017-02-07T22:50:00,108,108
http://irail.be/vehicle/IC722,http://irail.be/stations/NMBS/008894821,IC,2017-02-07T22:50:00,2017-02-07T22:50:00,134,134
http://irail.be/vehicle/IC722,http://irail.be/stations/NMBS/008894755,IC,2017-02-07T22:52:00,2017-02-07T22:52:00,143,143
http://irail.be/vehicle/IC722,http://irail.be/stations/NMBS/008894748,IC,2017-02-07T22:53:00,2017-02-07T22:53:00,117,117
http://irail.be/vehicle/IC722,http://irail.be/stations/NMBS/008894714,IC,2017-02-07T22:56:00,2017-02-07T22:56:00,97,97
http://irail.be/vehicle/IC722,NO-URI,IC,2017-02-07T22:57:00,2017-02-07T22:57:00,83,83
http://irail.be/vehicle/IC722,http://irail.be/stations/NMBS/008894508,IC,2017-02-07T23:00:00,2017-02-07T22:59:00,246,125
http://irail.be/vehicle/IC722,http://irail.be/stations/NMBS/008894433,IC,2017-02-07T23:03:00,2017-02-07T23:03:00,246,246
http://irail.be/vehicle/IC722,http://irail.be/stations/NMBS/008894425,IC,2017-02-07T23:04:00,2017-02-07T23:04:00,218,218
http://irail.be/vehicle/IC722,NO-URI,IC,2017-02-07T23:06:00,2017-02-07T23:06:00,224,224
http://irail.be/vehicle/IC722,http://irail.be/stations/NMBS/008894201,IC,2017-02-07T23:09:00,2017-02-07T23:08:00,348,355
http://irail.be/vehicle/IC722,http://irail.be/stations/NMBS/008894151,IC,2017-02-07T23:15:00,2017-02-07T23:15:00,369,348
http://irail.be/vehicle/IC722,http://irail.be/stations/NMBS/008893120,IC,2017-02-07T23:24:00,2017-02-07T23:23:00,403,345
http://irail.be/vehicle/IC722,http://irail.be/stations/NMBS/008893179,IC,2017-02-07T23:26:00,2017-02-07T23:26:00,403,403
http://irail.be/vehicle/IC722,NO-URI,IC,2017-02-07T23:27:00,2017-02-07T23:27:00,338,338
http://irail.be/vehicle/IC722,http://irail.be/stations/NMBS/008892007,IC,2017-02-07T23:36:00,2017-02-07T23:33:00,380,311
http://irail.be/vehicle/IC722,http://irail.be/stations/NMBS/008892080,IC,2017-02-07T23:43:00,2017-02-07T23:42:00,366,375
http://irail.be/vehicle/IC722,NO-URI,IC,2017-02-07T23:48:00,2017-02-07T23:48:00,338,338
http://irail.be/vehicle/IC722,http://irail.be/stations/NMBS/008892106,IC,2017-02-07T23:50:00,2017-02-07T23:49:00,380,355
http://irail.be/vehicle/IC722,http://irail.be/stations/NMBS/008896149,IC,2017-02-07T23:58:00,2017-02-07T23:57:00,339,320
http://irail.be/vehicle/IC722,http://irail.be/stations/NMBS/008896115,IC,2017-02-08T00:04:00,2017-02-08T00:04:00,315,315
http://irail.be/vehicle/IC722,http://irail.be/stations/NMBS/008896008,IC,2017-02-08T00:10:00,2017-02-08T00:10:00,,274
http://irail.be/vehicle/IC722,http://irail.be/stations/NMBS/008821006,IC,2017-09-06T22:37:00,2017-09-06T22:37:00,40,
http://irail.be/vehicle/IC722,http://irail.be/stations/NMBS/008821121,IC,2017-09-06T22:43:00,2017-09-06T22:41:00,134,134
http://irail.be/vehicle/IC722,http://irail.be/stations/NMBS/008821196,IC,2017-09-06T22:46:00,2017-09-06T22:46:00,100,100
http://irail.be/vehicle/IC722,NO-URI,IC,2017-09-06T22:50:00,2017-09-06T22:50:00,100,100
http://irail.be/vehicle/IC722,http://irail.be/stations/NMBS/008894821,IC,2017-09-06T22:50:00,2017-09-06T22:50:00,123,123
http://irail.be/vehicle/IC722,http://irail.be/stations/NMBS/008894755,IC,2017-09-06T22:52:00,2017-09-06T22:52:00,99,99
http://irail.be/vehicle/IC722,http://irail.be/stations/NMBS/008894748,IC,2017-09-06T22:53:00,2017-09-06T22:53:00,101,101
http://irail.be/vehicle/IC722,http://irail.be/stations/NMBS/008894714,IC,2017-09-06T22:55:00,2017-09-06T22:55:00,101,101
http://irail.be/vehicle/IC722,NO-URI,IC,2017-09-06T22:57:00,2017-09-06T22:57:00,59,59
http://irail.be/vehicle/IC722,http://irail.be/stations/NMBS/008894508,IC,2017-09-06T23:00:00,2017-09-06T22:59:00,121,-11
http://irail.be/vehicle/IC722,http://irail.be/stations/NMBS/008894433,IC,2017-09-06T23:03:00,2017-09-06T23:03:00,121,121
http://irail.be/vehicle/IC722,http://irail.be/stations/NMBS/008894425,IC,2017-09-06T23:03:00,2017-09-06T23:03:00,124,124
http://irail.be/vehicle/IC722,NO-URI,IC,2017-09-06T23:06:00,2017-09-06T23:06:00,80,80
http://irail.be/vehicle/IC722,http://irail.be/stations/NMBS/008894201,IC,2017-09-06T23:09:00,2017-09-06T23:08:00,66,65
http://irail.be/vehicle/IC722,http://irail.be/stations/NMBS/008894151,IC,2017-09-06T23:15:00,2017-09-06T23:15:00,74,66
http://irail.be/vehicle/IC722,http://irail.be/stations/NMBS/008893120,IC,2017-09-06T23:24:00,2017-09-06T23:23:00,92,25
http://irail.be/vehicle/IC722,http://irail.be/stations/NMBS/008893179,IC,2017-09-06T23:26:00,2017-09-06T23:26:00,92,92
http://irail.be/vehicle/IC722,NO-URI,IC,2017-09-06T23:27:00,2017-09-06T23:27:00,24,24
http://irail.be/vehicle/IC722,http://irail.be/stations/NMBS/008892007,IC,2017-09-06T23:36:00,2017-09-06T23:33:00,278,-3
http://irail.be/vehicle/IC722,http://irail.be/stations/NMBS/008892080,IC,2017-09-06T23:43:00,2017-09-06T23:42:00,204,204
http://irail.be/vehicle/IC722,NO-URI,IC,2017-09-06T23:48:00,2017-09-06T23:48:00,83,83
http://irail.be/vehicle/IC722,http://irail.be/stations/NMBS/008892106,IC,2017-09-06T23:50:00,2017-09-06T23:49:00,92,86
http://irail.be/vehicle/IC722,http://irail.be/stations/NMBS/008896149,IC,2017-09-06T23:58:00,2017-09-06T23:57:00,17,29
http://irail.be/vehicle/IC722,http://irail.be/stations/NMBS/008896115,IC,2017-09-07T00:04:00,2017-09-07T00:04:00,-29,-29
http://irail.be/vehicle/IC722,http://irail.be/stations/NMBS/008896008,IC,2017-09-07T00:10:00,2017-09-07T00:10:00,,-107
http://irail.be/vehicle/IC722,http://irail.be/stations/NMBS/008821006,IC,2017-06-22T22:37:00,2017-06-22T22:37:00,130,
http://irail.be/vehicle/IC722,http://irail.be/stations/NMBS/008821121,IC,2017-06-22T22:43:00,2017-06-22T22:41:00,84,84
http://irail.be/vehicle/IC722,http://irail.be/stations/NMBS/008821196,IC,2017-06-22T22:46:00,2017-06-22T22:46:00,55,55
http://irail.be/vehicle/IC722,NO-URI,IC,2017-06-22T22:50:00,2017-06-22T22:50:00,55,55
http://irail.be/vehicle/IC722,http://irail.be/stations/NMBS/008894821,IC,2017-06-22T22:50:00,2017-06-22T22:50:00,80,80
http://irail.be/vehicle/IC722,http://irail.be/stations/NMBS/008894755,IC,2017-06-22T22:52:00,2017-06-22T22:52:00,72,72
http://irail.be/vehicle/IC722,http://irail.be/stations/NMBS/008894748,IC,2017-06-22T22:53:00,2017-06-22T22:53:00,43,43
http://irail.be/vehicle/IC722,http://irail.be/stations/NMBS/008894714,IC,2017-06-22T22:56:00,2017-06-22T22:56:00,27,27
http://irail.be/vehicle/IC722,NO-URI,IC,2017-06-22T22:57:00,2017-06-22T22:57:00,17,17
http://irail.be/vehicle/IC722,http://irail.be/stations/NMBS/008894508,IC,2017-06-22T23:00:00,2017-06-22T22:59:00,71,-15
http://irail.be/vehicle/IC722,http://irail.be/stations/NMBS/008894433,IC,2017-06-22T23:03:00,2017-06-22T23:03:00,71,71
http://irail.be/vehicle/IC722,http://irail.be/stations/NMBS/008894425,IC,2017-06-22T23:04:00,2017-06-22T23:04:00,40,40
http://irail.be/vehicle/IC722,NO-URI,IC,2017-06-22T23:06:00,2017-06-22T23:06:00,39,39
http://irail.be/vehicle/IC722,http://irail.be/stations/NMBS/008894201,IC,2017-06-22T23:09:00,2017-06-22T23:08:00,35,33
http://irail.be/vehicle/IC722,http://irail.be/stations/NMBS/008894151,IC,2017-06-22T23:15:00,2017-06-22T23:15:00,51,35
http://irail.be/vehicle/IC722,http://irail.be/stations/NMBS/008893120,IC,2017-06-22T23:24:00,2017-06-22T23:23:00,179,143
http://irail.be/vehicle/IC722,http://irail.be/stations/NMBS/008893179,IC,2017-06-22T23:26:00,2017-06-22T23:26:00,179,179
http://irail.be/vehicle/IC722,NO-URI,IC,2017-06-22T23:27:00,2017-06-22T23:27:00,138,138
http://irail.be/vehicle/IC722,http://irail.be/stations/NMBS/008892007,IC,2017-06-22T23:36:00,2017-06-22T23:33:00,154,122
http://irail.be/vehicle/IC722,http://irail.be/stations/NMBS/008892080,IC,2017-06-22T23:43:00,2017-06-22T23:42:00,133,160
http://irail.be/vehicle/IC722,NO-URI,IC,2017-06-22T23:48:00,2017-06-22T23:48:00,73,73
http://irail.be/vehicle/IC722,http://irail.be/stations/NMBS/008892106,IC,2017-06-22T23:50:00,2017-06-22T23:49:00,93,77
http://irail.be/vehicle/IC722,http://irail.be/stations/NMBS/008896149,IC,2017-06-22T23:58:00,2017-06-22T23:57:00,47,40
http://irail.be/vehicle/IC722,http://irail.be/stations/NMBS/008896115,IC,2017-06-23T00:04:00,2017-06-23T00:04:00,7,7
http://irail.be/vehicle/IC722,http://irail.be/stations/NMBS/008896008,IC,2017-06-23T00:10:00,2017-06-23T00:10:00,,-76
http://irail.be/vehicle/IC722,http://irail.be/stations/NMBS/008821006,IC,2017-11-16T22:37:00,2017-11-16T22:37:00,1,
http://irail.be/vehicle/IC722,http://irail.be/stations/NMBS/008821121,IC,2017-11-16T22:43:00,2017-11-16T22:41:00,12,12
http://irail.be/vehicle/IC722,http://irail.be/stations/NMBS/008821196,IC,2017-11-16T22:46:00,2017-11-16T22:46:00,-13,-13
http://irail.be/vehicle/IC722,NO-URI,IC,2017-11-16T22:50:00,2017-11-16T22:50:00,-13,-13
http://irail.be/vehicle/IC722,http://irail.be/stations/NMBS/008894821,IC,2017-11-16T22:50:00,2017-11-16T22:50:00,13,13
http://irail.be/vehicle/IC722,http://irail.be/stations/NMBS/008894755,IC,2017-11-16T22:52:00,2017-11-16T22:52:00,-5,-5
http://irail.be/vehicle/IC722,http://irail.be/stations/NMBS/008894748,IC,2017-11-16T22:53:00,2017-11-16T22:53:00,-33,-33
http://irail.be/vehicle/IC722,http://irail.be/stations/NMBS/008894714,IC,2017-11-16T22:56:00,2017-11-16T22:56:00,-53,-53
http://irail.be/vehicle/IC722,NO-URI,IC,2017-11-16T22:57:00,2017-11-16T22:57:00,-65,-65
http://irail.be/vehicle/IC722,http://irail.be/stations/NMBS/008894508,IC,2017-11-16T23:00:00,2017-11-16T22:59:00,104,-98
http://irail.be/vehicle/IC722,http://irail.be/stations/NMBS/008894433,IC,2017-11-16T23:03:00,2017-11-16T23:03:00,104,104
http://irail.be/vehicle/IC722,http://irail.be/stations/NMBS/008894425,IC,2017-11-16T23:04:00,2017-11-16T23:04:00,66,66
http://irail.be/vehicle/IC722,NO-URI,IC,2017-11-16T23:06:00,2017-11-16T23:06:00,63,63
http://irail.be/vehicle/IC722,http://irail.be/stations/NMBS/008894201,IC,2017-11-16T23:09:00,2017-11-16T23:08:00,70,60
http://irail.be/vehicle/IC722,http://irail.be/stations/NMBS/008894151,IC,2017-11-16T23:15:00,2017-11-16T23:15:00,112,70
http://irail.be/vehicle/IC722,http://irail.be/stations/NMBS/008893120,IC,2017-11-16T23:24:00,2017-11-16T23:23:00,186,102
http://irail.be/vehicle/IC722,http://irail.be/stations/NMBS/008893179,IC,2017-11-16T23:26:00,2017-11-16T23:26:00,186,186
http://irail.be/vehicle/IC722,NO-URI,IC,2017-11-16T23:27:00,2017-11-16T23:27:00,183,183
http://irail.be/vehicle/IC722,http://irail.be/stations/NMBS/008892007,IC,2017-11-16T23:36:00,2017-11-16T23:33:00,69,151
http://irail.be/vehicle/IC722,http://irail.be/stations/NMBS/008892080,IC,2017-11-16T23:43:00,2017-11-16T23:42:00,50,68
http://irail.be/vehicle/IC722,NO-URI,IC,2017-11-16T23:48:00,2017-11-16T23:48:00,7,7
http://irail.be/vehicle/IC722,http://irail.be/stations/NMBS/008892106,IC,2017-11-16T23:50:00,2017-11-16T23:49:00,57,20
http://irail.be/vehicle/IC722,http://irail.be/stations/NMBS/008896149,IC,2017-11-16T23:58:00,2017-11-16T23:57:00,87,77
http://irail.be/vehicle/IC722,http://irail.be/stations/NMBS/008896115,IC,2017-11-17T00:04:00,2017-11-17T00:04:00,124,88
http://irail.be/vehicle/IC722,http://irail.be/stations/NMBS/008896008,IC,2017-11-17T00:10:00,2017-11-17T00:10:00,,89
http://irail.be/vehicle/IC722,http://irail.be/stations/NMBS/008821006,IC,2017-10-07T22:37:00,2017-10-07T22:37:00,21,
http://irail.be/vehicle/IC722,http://irail.be/stations/NMBS/008821121,IC,2017-10-07T22:43:00,2017-10-07T22:41:00,29,29
http://irail.be/vehicle/IC722,http://irail.be/stations/NMBS/008821196,IC,2017-10-07T22:46:00,2017-10-07T22:46:00,20,20
http://irail.be/vehicle/IC722,NO-URI,IC,2017-10-07T22:50:00,2017-10-07T22:50:00,20,20
http://irail.be/vehicle/IC722,http://irail.be/stations/NMBS/008894821,IC,2017-10-07T22:50:00,2017-10-07T22:50:00,46,46
http://irail.be/vehicle/IC722,http://irail.be/stations/NMBS/008894755,IC,2017-10-07T22:52:00,2017-10-07T22:52:00,42,42
http://irail.be/vehicle/IC722,http://irail.be/stations/NMBS/008894748,IC,2017-10-07T22:53:00,2017-10-07T22:53:00,18,18
http://irail.be/vehicle/IC722,http://irail.be/stations/NMBS/008894714,IC,2017-10-07T22:56:00,2017-10-07T22:56:00,9,9
http://irail.be/vehicle/IC722,NO-URI,IC,2017-10-07T22:57:00,2017-10-07T22:57:00,4,4
http://irail.be/vehicle/IC722,http://irail.be/stations/NMBS/008894508,IC,2017-10-07T23:01:00,2017-10-07T22:59:00,55,-31
http://irail.be/vehicle/IC722,http://irail.be/stations/NMBS/008894433,IC,2017-10-07T23:04:00,2017-10-07T23:04:00,55,55
http://irail.be/vehicle/IC722,http://irail.be/stations/NMBS/008894425,IC,2017-10-07T23:05:00,2017-10-07T23:05:00,39,39
http://irail.be/vehicle/IC722,NO-URI,IC,2017-10-07T23:07:00,2017-10-07T23:07:00,46,46
http://irail.be/vehicle/IC722,http://irail.be/stations/NMBS/008894201,IC,2017-10-07T23:11:00,2017-10-07T23:09:00,6,43
http://irail.be/vehicle/IC722,http://irail.be/stations/NMBS/008894151,IC,2017-10-07T23:16:00,2017-10-07T23:16:00,6,6
http://irail.be/vehicle/IC722,http://irail.be/stations/NMBS/008893120,IC,2017-10-07T23:24:00,2017-10-07T23:23:00,61,-41
http://irail.be/vehicle/IC722,http://irail.be/stations/NMBS/008893179,IC,2017-10-07T23:26:00,2017-10-07T23:26:00,61,61
http://irail.be/vehicle/IC722,NO-URI,IC,2017-10-07T23:27:00,2017-10-07T23:27:00,20,20
http://irail.be/vehicle/IC722,http://irail.be/stations/NMBS/008892007,IC,2017-10-07T23:36:00,2017-10-07T23:33:00,564,-14
http://irail.be/vehicle/IC722,http://irail.be/stations/NMBS/008892080,IC,2017-10-07T23:43:00,2017-10-07T23:42:00,532,564
http://irail.be/vehicle/IC722,NO-URI,IC,2017-10-07T23:47:00,2017-10-07T23:47:00,512,512
http://irail.be/vehicle/IC722,http://irail.be/stations/NMBS/008892106,IC,2017-10-07T23:50:00,2017-10-07T23:49:00,465,505
http://irail.be/vehicle/IC722,http://irail.be/stations/NMBS/008896149,IC,2017-10-07T23:58:00,2017-10-07T23:57:00,386,405
http://irail.be/vehicle/IC722,http://irail.be/stations/NMBS/008896115,IC,2017-10-08T00:04:00,2017-10-08T00:04:00,331,331
http://irail.be/vehicle/IC722,http://irail.be/stations/NMBS/008896008,IC,2017-10-08T00:10:00,2017-10-08T00:10:00,,243
http://irail.be/vehicle/IC722,http://irail.be/stations/NMBS/008821006,IC,2017-12-06T22:37:00,2017-12-06T22:37:00,-3,
http://irail.be/vehicle/IC722,http://irail.be/stations/NMBS/008821121,IC,2017-12-06T22:43:00,2017-12-06T22:41:00,15,15
http://irail.be/vehicle/IC722,http://irail.be/stations/NMBS/008821196,IC,2017-12-06T22:46:00,2017-12-06T22:46:00,1,1
http://irail.be/vehicle/IC722,NO-URI,IC,2017-12-06T22:50:00,2017-12-06T22:50:00,1,1
http://irail.be/vehicle/IC722,http://irail.be/stations/NMBS/008894821,IC,2017-12-06T22:50:00,2017-12-06T22:50:00,30,30
http://irail.be/vehicle/IC722,http://irail.be/stations/NMBS/008894755,IC,2017-12-06T22:52:00,2017-12-06T22:52:00,21,21
http://irail.be/vehicle/IC722,http://irail.be/stations/NMBS/008894748,IC,2017-12-06T22:53:00,2017-12-06T22:53:00,-7,-7
http://irail.be/vehicle/IC722,http://irail.be/stations/NMBS/008894714,IC,2017-12-06T22:56:00,2017-12-06T22:56:00,-27,-27
http://irail.be/vehicle/IC722,NO-URI,IC,2017-12-06T22:57:00,2017-12-06T22:57:00,-36,-36
http://irail.be/vehicle/IC722,http://irail.be/stations/NMBS/008894508,IC,2017-12-06T23:00:00,2017-12-06T22:59:00,48,-53
http://irail.be/vehicle/IC722,http://irail.be/stations/NMBS/008894433,IC,2017-12-06T23:03:00,2017-12-06T23:03:00,48,48
http://irail.be/vehicle/IC722,http://irail.be/stations/NMBS/008894425,IC,2017-12-06T23:04:00,2017-12-06T23:04:00,14,14
http://irail.be/vehicle/IC722,NO-URI,IC,2017-12-06T23:06:00,2017-12-06T23:06:00,8,8
http://irail.be/vehicle/IC722,http://irail.be/stations/NMBS/008894201,IC,2017-12-06T23:09:00,2017-12-06T23:08:00,25,21
http://irail.be/vehicle/IC722,http://irail.be/stations/NMBS/008894151,IC,2017-12-06T23:15:00,2017-12-06T23:15:00,58,25
http://irail.be/vehicle/IC722,http://irail.be/stations/NMBS/008893120,IC,2017-12-06T23:24:00,2017-12-06T23:23:00,82,45
http://irail.be/vehicle/IC722,http://irail.be/stations/NMBS/008893179,IC,2017-12-06T23:26:00,2017-12-06T23:26:00,82,82
http://irail.be/vehicle/IC722,NO-URI,IC,2017-12-06T23:27:00,2017-12-06T23:27:00,20,20
http://irail.be/vehicle/IC722,http://irail.be/stations/NMBS/008892007,IC,2017-12-06T23:36:00,2017-12-06T23:33:00,8,-4
http://irail.be/vehicle/IC722,http://irail.be/stations/NMBS/008892080,IC,2017-12-06T23:43:00,2017-12-06T23:42:00,-20,-2
http://irail.be/vehicle/IC722,NO-URI,IC,2017-12-06T23:48:00,2017-12-06T23:48:00,-64,-64
http://irail.be/vehicle/IC722,http://irail.be/stations/NMBS/008892106,IC,2017-12-06T23:50:00,2017-12-06T23:49:00,49,-44
http://irail.be/vehicle/IC722,http://irail.be/stations/NMBS/008896149,IC,2017-12-06T23:58:00,2017-12-06T23:57:00,177,115
http://irail.be/vehicle/IC722,http://irail.be/stations/NMBS/008896115,IC,2017-12-07T00:04:00,2017-12-07T00:04:00,235,182
http://irail.be/vehicle/IC722,http://irail.be/stations/NMBS/008896008,IC,2017-12-07T00:10:00,2017-12-07T00:10:00,,279
http://irail.be/vehicle/IC722,http://irail.be/stations/NMBS/008821006,IC,2017-04-05T22:37:00,2017-04-05T22:37:00,20,
http://irail.be/vehicle/IC722,http://irail.be/stations/NMBS/008821121,IC,2017-04-05T22:43:00,2017-04-05T22:41:00,12,12
http://irail.be/vehicle/IC722,http://irail.be/stations/NMBS/008821196,IC,2017-04-05T22:46:00,2017-04-05T22:46:00,-35,-35
http://irail.be/vehicle/IC722,NO-URI,IC,2017-04-05T22:50:00,2017-04-05T22:50:00,-35,-35
http://irail.be/vehicle/IC722,http://irail.be/stations/NMBS/008894821,IC,2017-04-05T22:50:00,2017-04-05T22:50:00,-12,-12
http://irail.be/vehicle/IC722,http://irail.be/stations/NMBS/008894755,IC,2017-04-05T22:52:00,2017-04-05T22:52:00,-33,-33
http://irail.be/vehicle/IC722,http://irail.be/stations/NMBS/008894748,IC,2017-04-05T22:53:00,2017-04-05T22:53:00,-62,-62
http://irail.be/vehicle/IC722,http://irail.be/stations/NMBS/008894714,IC,2017-04-05T22:56:00,2017-04-05T22:56:00,-86,-86
http://irail.be/vehicle/IC722,NO-URI,IC,2017-04-05T22:57:00,2017-04-05T22:57:00,-98,-98
http://irail.be/vehicle/IC722,http://irail.be/stations/NMBS/008894508,IC,2017-04-05T23:00:00,2017-04-05T22:59:00,52,-135
http://irail.be/vehicle/IC722,http://irail.be/stations/NMBS/008894433,IC,2017-04-05T23:03:00,2017-04-05T23:03:00,52,52
http://irail.be/vehicle/IC722,http://irail.be/stations/NMBS/008894425,IC,2017-04-05T23:04:00,2017-04-05T23:04:00,16,16
http://irail.be/vehicle/IC722,NO-URI,IC,2017-04-05T23:06:00,2017-04-05T23:06:00,10,10
http://irail.be/vehicle/IC722,http://irail.be/stations/NMBS/008894201,IC,2017-04-05T23:09:00,2017-04-05T23:08:00,14,-2
http://irail.be/vehicle/IC722,http://irail.be/stations/NMBS/008894151,IC,2017-04-05T23:15:00,2017-04-05T23:15:00,2,2
http://irail.be/vehicle/IC722,http://irail.be/stations/NMBS/008893120,IC,2017-04-05T23:24:00,2017-04-05T23:23:00,29,-40
http://irail.be/vehicle/IC722,http://irail.be/stations/NMBS/008893179,IC,2017-04-05T23:26:00,2017-04-05T23:26:00,29,29
http://irail.be/vehicle/IC722,NO-URI,IC,2017-04-05T23:27:00,2017-04-05T23:27:00,-43,-43
http://irail.be/vehicle/IC722,http://irail.be/stations/NMBS/008892007,IC,2017-04-05T23:36:00,2017-04-05T23:33:00,71,50
http://irail.be/vehicle/IC722,http://irail.be/stations/NMBS/008892080,IC,2017-04-05T23:43:00,2017-04-05T23:42:00,14,37
http://irail.be/vehicle/IC722,NO-URI,IC,2017-04-05T23:48:00,2017-04-05T23:48:00,-29,-29
http://irail.be/vehicle/IC722,http://irail.be/stations/NMBS/008892106,IC,2017-04-05T23:50:00,2017-04-05T23:49:00,34,-25
http://irail.be/vehicle/IC722,http://irail.be/stations/NMBS/008896149,IC,2017-04-05T23:58:00,2017-04-05T23:57:00,28,-19
http://irail.be/vehicle/IC722,http://irail.be/stations/NMBS/008896115,IC,2017-04-06T00:04:00,2017-04-06T00:04:00,28,28
http://irail.be/vehicle/IC722,http://irail.be/stations/NMBS/008896008,IC,2017-04-06T00:10:00,2017-04-06T00:10:00,,-45
http://irail.be/vehicle/IC722,http://irail.be/stations/NMBS/008821006,IC,2017-11-01T22:37:00,2017-11-01T22:37:00,16,
http://irail.be/vehicle/IC722,http://irail.be/stations/NMBS/008821121,IC,2017-11-01T22:43:00,2017-11-01T22:41:00,23,23
http://irail.be/vehicle/IC722,http://irail.be/stations/NMBS/008821196,IC,2017-11-01T22:46:00,2017-11-01T22:46:00,-5,-5
http://irail.be/vehicle/IC722,NO-URI,IC,2017-11-01T22:50:00,2017-11-01T22:50:00,-5,-5
http://irail.be/vehicle/IC722,http://irail.be/stations/NMBS/008894821,IC,2017-11-01T22:50:00,2017-11-01T22:50:00,22,22
http://irail.be/vehicle/IC722,http://irail.be/stations/NMBS/008894755,IC,2017-11-01T22:52:00,2017-11-01T22:52:00,1,1
http://irail.be/vehicle/IC722,http://irail.be/stations/NMBS/008894748,IC,2017-11-01T22:53:00,2017-11-01T22:53:00,-31,-31
http://irail.be/vehicle/IC722,http://irail.be/stations/NMBS/008894714,IC,2017-11-01T22:56:00,2017-11-01T22:56:00,-55,-55
http://irail.be/vehicle/IC722,NO-URI,IC,2017-11-01T22:57:00,2017-11-01T22:57:00,-68,-68
http://irail.be/vehicle/IC722,http://irail.be/stations/NMBS/008894508,IC,2017-11-01T23:01:00,2017-11-01T22:59:00,75,-108
http://irail.be/vehicle/IC722,http://irail.be/stations/NMBS/008894433,IC,2017-11-01T23:04:00,2017-11-01T23:04:00,75,75
http://irail.be/vehicle/IC722,http://irail.be/stations/NMBS/008894425,IC,2017-11-01T23:05:00,2017-11-01T23:05:00,23,23
http://irail.be/vehicle/IC722,NO-URI,IC,2017-11-01T23:07:00,2017-11-01T23:07:00,12,12
http://irail.be/vehicle/IC722,http://irail.be/stations/NMBS/008894201,IC,2017-11-01T23:11:00,2017-11-01T23:09:00,6,-2
http://irail.be/vehicle/IC722,http://irail.be/stations/NMBS/008894151,IC,2017-11-01T23:16:00,2017-11-01T23:16:00,6,6
http://irail.be/vehicle/IC722,http://irail.be/stations/NMBS/008893120,IC,2017-11-01T23:24:00,2017-11-01T23:23:00,19,-82
http://irail.be/vehicle/IC722,http://irail.be/stations/NMBS/008893179,IC,2017-11-01T23:26:00,2017-11-01T23:26:00,19,19
http://irail.be/vehicle/IC722,NO-URI,IC,2017-11-01T23:27:00,2017-11-01T23:27:00,-39,-39
http://irail.be/vehicle/IC722,http://irail.be/stations/NMBS/008892007,IC,2017-11-01T23:36:00,2017-11-01T23:33:00,19,-68
http://irail.be/vehicle/IC722,http://irail.be/stations/NMBS/008892080,IC,2017-11-01T23:43:00,2017-11-01T23:42:00,-5,-3
http://irail.be/vehicle/IC722,NO-URI,IC,2017-11-01T23:47:00,2017-11-01T23:47:00,-26,-26
http://irail.be/vehicle/IC722,http://irail.be/stations/NMBS/008892106,IC,2017-11-01T23:50:00,2017-11-01T23:49:00,29,-33
http://irail.be/vehicle/IC722,http://irail.be/stations/NMBS/008896149,IC,2017-11-01T23:58:00,2017-11-01T23:57:00,55,-33
http://irail.be/vehicle/IC722,http://irail.be/stations/NMBS/008896115,IC,2017-11-02T00:04:00,2017-11-02T00:04:00,15,11
http://irail.be/vehicle/IC722,http://irail.be/stations/NMBS/008896008,IC,2017-11-02T00:10:00,2017-11-02T00:10:00,,-43
http://irail.be/vehicle/IC722,http://irail.be/stations/NMBS/008821006,IC,2017-08-20T22:37:00,2017-08-20T22:37:00,10,
http://irail.be/vehicle/IC722,http://irail.be/stations/NMBS/008821121,IC,2017-08-20T22:43:00,2017-08-20T22:41:00,28,28
http://irail.be/vehicle/IC722,http://irail.be/stations/NMBS/008821196,IC,2017-08-20T22:46:00,2017-08-20T22:46:00,8,8
http://irail.be/vehicle/IC722,NO-URI,IC,2017-08-20T22:50:00,2017-08-20T22:50:00,8,8
http://irail.be/vehicle/IC722,http://irail.be/stations/NMBS/008894821,IC,2017-08-20T22:50:00,2017-08-20T22:50:00,46,46
http://irail.be/vehicle/IC722,http://irail.be/stations/NMBS/008894755,IC,2017-08-20T22:52:00,2017-08-20T22:52:00,30,30
http://irail.be/vehicle/IC722,http://irail.be/stations/NMBS/008894748,IC,2017-08-20T22:53:00,2017-08-20T22:53:00,-31,-31
http://irail.be/vehicle/IC722,http://irail.be/stations/NMBS/008894714,IC,2017-08-20T22:56:00,2017-08-20T22:56:00,-28,-28
http://irail.be/vehicle/IC722,NO-URI,IC,2017-08-20T22:57:00,2017-08-20T22:57:00,-60,-60
http://irail.be/vehicle/IC722,http://irail.be/stations/NMBS/008894508,IC,2017-08-20T23:01:00,2017-08-20T22:59:00,105,-98
http://irail.be/vehicle/IC722,http://irail.be/stations/NMBS/008894433,IC,2017-08-20T23:04:00,2017-08-20T23:04:00,105,105
http://irail.be/vehicle/IC722,http://irail.be/stations/NMBS/008894425,IC,2017-08-20T23:05:00,2017-08-20T23:05:00,57,57
http://irail.be/vehicle/IC722,NO-URI,IC,2017-08-20T23:07:00,2017-08-20T23:07:00,82,82
http://irail.be/vehicle/IC722,http://irail.be/stations/NMBS/008894201,IC,2017-08-20T23:11:00,2017-08-20T23:09:00,-1,18
http://irail.be/vehicle/IC722,http://irail.be/stations/NMBS/008894151,IC,2017-08-20T23:16:00,2017-08-20T23:16:00,-1,-1
http://irail.be/vehicle/IC722,http://irail.be/stations/NMBS/008893120,IC,2017-08-20T23:24:00,2017-08-20T23:23:00,31,-88
http://irail.be/vehicle/IC722,http://irail.be/stations/NMBS/008893179,IC,2017-08-20T23:26:00,2017-08-20T23:26:00,31,31
http://irail.be/vehicle/IC722,NO-URI,IC,2017-08-20T23:27:00,2017-08-20T23:27:00,-47,-47
http://irail.be/vehicle/IC722,http://irail.be/stations/NMBS/008892007,IC,2017-08-20T23:36:00,2017-08-20T23:33:00,20,-85
http://irail.be/vehicle/IC722,http://irail.be/stations/NMBS/008892080,IC,2017-08-20T23:43:00,2017-08-20T23:42:00,35,11
http://irail.be/vehicle/IC722,NO-URI,IC,2017-08-20T23:47:00,2017-08-20T23:47:00,20,20
http://irail.be/vehicle/IC722,http://irail.be/stations/NMBS/008892106,IC,2017-08-20T23:50:00,2017-08-20T23:49:00,50,-5
http://irail.be/vehicle/IC722,http://irail.be/stations/NMBS/008896149,IC,2017-08-20T23:58:00,2017-08-20T23:57:00,4,-7
http://irail.be/vehicle/IC722,http://irail.be/stations/NMBS/008896115,IC,2017-08-21T00:04:00,2017-08-21T00:04:00,-14,-37
http://irail.be/vehicle/IC722,http://irail.be/stations/NMBS/008896008,IC,2017-08-21T00:10:00,2017-08-21T00:10:00,,-103
http://irail.be/vehicle/IC722,http://irail.be/stations/NMBS/008821006,IC,2017-05-17T22:37:00,2017-05-17T22:37:00,98,
http://irail.be/vehicle/IC722,http://irail.be/stations/NMBS/008821121,IC,2017-05-17T22:43:00,2017-05-17T22:41:00,100,100
http://irail.be/vehicle/IC722,http://irail.be/stations/NMBS/008821196,IC,2017-05-17T22:46:00,2017-05-17T22:46:00,72,72
http://irail.be/vehicle/IC722,NO-URI,IC,2017-05-17T22:50:00,2017-05-17T22:50:00,72,72
http://irail.be/vehicle/IC722,http://irail.be/stations/NMBS/008894821,IC,2017-05-17T22:50:00,2017-05-17T22:50:00,96,96
http://irail.be/vehicle/IC722,http://irail.be/stations/NMBS/008894755,IC,2017-05-17T22:52:00,2017-05-17T22:52:00,78,78
http://irail.be/vehicle/IC722,http://irail.be/stations/NMBS/008894748,IC,2017-05-17T22:53:00,2017-05-17T22:53:00,48,48
http://irail.be/vehicle/IC722,http://irail.be/stations/NMBS/008894714,IC,2017-05-17T22:56:00,2017-05-17T22:56:00,29,29
http://irail.be/vehicle/IC722,NO-URI,IC,2017-05-17T22:57:00,2017-05-17T22:57:00,17,17
http://irail.be/vehicle/IC722,http://irail.be/stations/NMBS/008894508,IC,2017-05-17T23:00:00,2017-05-17T22:59:00,51,-20
http://irail.be/vehicle/IC722,http://irail.be/stations/NMBS/008894433,IC,2017-05-17T23:03:00,2017-05-17T23:03:00,51,51
http://irail.be/vehicle/IC722,http://irail.be/stations/NMBS/008894425,IC,2017-05-17T23:04:00,2017-05-17T23:04:00,20,20
http://irail.be/vehicle/IC722,NO-URI,IC,2017-05-17T23:06:00,2017-05-17T23:06:00,18,18
http://irail.be/vehicle/IC722,http://irail.be/stations/NMBS/008894201,IC,2017-05-17T23:09:00,2017-05-17T23:08:00,23,21
http://irail.be/vehicle/IC722,http://irail.be/stations/NMBS/008894151,IC,2017-05-17T23:15:00,2017-05-17T23:15:00,66,23
http://irail.be/vehicle/IC722,http://irail.be/stations/NMBS/008893120,IC,2017-05-17T23:24:00,2017-05-17T23:23:00,147,57
http://irail.be/vehicle/IC722,http://irail.be/stations/NMBS/008893179,IC,2017-05-17T23:26:00,2017-05-17T23:26:00,147,147
http://irail.be/vehicle/IC722,NO-URI,IC,2017-05-17T23:27:00,2017-05-17T23:27:00,144,144
http://irail.be/vehicle/IC722,http://irail.be/stations/NMBS/008892007,IC,2017-05-17T23:36:00,2017-05-17T23:33:00,333,168
http://irail.be/vehicle/IC722,http://irail.be/stations/NMBS/008892080,IC,2017-05-17T23:43:00,2017-05-17T23:42:00,410,364
http://irail.be/vehicle/IC722,NO-URI,IC,2017-05-17T23:48:00,2017-05-17T23:48:00,356,356
http://irail.be/vehicle/IC722,http://irail.be/stations/NMBS/008892106,IC,2017-05-17T23:50:00,2017-05-17T23:49:00,395,363
http://irail.be/vehicle/IC722,http://irail.be/stations/NMBS/008896149,IC,2017-05-17T23:58:00,2017-05-17T23:57:00,366,338
http://irail.be/vehicle/IC722,http://irail.be/stations/NMBS/008896115,IC,2017-05-18T00:04:00,2017-05-18T00:04:00,334,331
http://irail.be/vehicle/IC722,http://irail.be/stations/NMBS/008896008,IC,2017-05-18T00:10:00,2017-05-18T00:10:00,,299
http://irail.be/vehicle/IC722,http://irail.be/stations/NMBS/008821006,IC,2017-04-09T22:37:00,2017-04-09T22:37:00,21,
http://irail.be/vehicle/IC722,http://irail.be/stations/NMBS/008821121,IC,2017-04-09T22:43:00,2017-04-09T22:41:00,27,27
http://irail.be/vehicle/IC722,http://irail.be/stations/NMBS/008821196,IC,2017-04-09T22:46:00,2017-04-09T22:46:00,-9,-9
http://irail.be/vehicle/IC722,NO-URI,IC,2017-04-09T22:50:00,2017-04-09T22:50:00,-9,-9
http://irail.be/vehicle/IC722,http://irail.be/stations/NMBS/008894821,IC,2017-04-09T22:50:00,2017-04-09T22:50:00,16,16
http://irail.be/vehicle/IC722,http://irail.be/stations/NMBS/008894755,IC,2017-04-09T22:52:00,2017-04-09T22:52:00,0,0
http://irail.be/vehicle/IC722,http://irail.be/stations/NMBS/008894748,IC,2017-04-09T22:53:00,2017-04-09T22:53:00,0,0
http://irail.be/vehicle/IC722,http://irail.be/stations/NMBS/008894714,IC,2017-04-09T22:55:00,2017-04-09T22:55:00,1,1
http://irail.be/vehicle/IC722,NO-URI,IC,2017-04-09T22:57:00,2017-04-09T22:57:00,-40,-40
http://irail.be/vehicle/IC722,http://irail.be/stations/NMBS/008894508,IC,2017-04-09T23:01:00,2017-04-09T22:59:00,60,-105
http://irail.be/vehicle/IC722,http://irail.be/stations/NMBS/008894433,IC,2017-04-09T23:04:00,2017-04-09T23:04:00,60,60
http://irail.be/vehicle/IC722,http://irail.be/stations/NMBS/008894425,IC,2017-04-09T23:04:00,2017-04-09T23:04:00,80,80
http://irail.be/vehicle/IC722,NO-URI,IC,2017-04-09T23:07:00,2017-04-09T23:07:00,36,36
http://irail.be/vehicle/IC722,http://irail.be/stations/NMBS/008894201,IC,2017-04-09T23:11:00,2017-04-09T23:09:00,5,12
http://irail.be/vehicle/IC722,http://irail.be/stations/NMBS/008894151,IC,2017-04-09T23:16:00,2017-04-09T23:16:00,5,5
http://irail.be/vehicle/IC722,NO-URI,IC,2017-04-09T23:22:00,2017-04-09T23:22:00,-144,-144
http://irail.be/vehicle/IC722,http://irail.be/stations/NMBS/008893120,IC,2017-04-09T23:24:00,2017-04-09T23:23:00,39,-54
http://irail.be/vehicle/IC722,http://irail.be/stations/NMBS/008893179,IC,2017-04-09T23:26:00,2017-04-09T23:26:00,39,39
http://irail.be/vehicle/IC722,NO-URI,IC,2017-04-09T23:27:00,2017-04-09T23:27:00,-17,-17
http://irail.be/vehicle/IC722,http://irail.be/stations/NMBS/008892007,IC,2017-04-09T23:36:00,2017-04-09T23:33:00,73,-19
http://irail.be/vehicle/IC722,http://irail.be/stations/NMBS/008892080,IC,2017-04-09T23:43:00,2017-04-09T23:42:00,55,58
http://irail.be/vehicle/IC722,NO-URI,IC,2017-04-09T23:47:00,2017-04-09T23:47:00,46,46
http://irail.be/vehicle/IC722,http://irail.be/stations/NMBS/008892106,IC,2017-04-09T23:50:00,2017-04-09T23:49:00,38,43
http://irail.be/vehicle/IC722,http://irail.be/stations/NMBS/008896149,IC,2017-04-09T23:58:00,2017-04-09T23:57:00,12,-15
http://irail.be/vehicle/IC722,http://irail.be/stations/NMBS/008896115,IC,2017-04-10T00:04:00,2017-04-10T00:04:00,0,12
http://irail.be/vehicle/IC722,http://irail.be/stations/NMBS/008896008,IC,2017-04-10T00:10:00,2017-04-10T00:10:00,,0
http://irail.be/vehicle/IC722,http://irail.be/stations/NMBS/008821006,IC,2017-11-13T22:37:00,2017-11-13T22:37:00,-4,
http://irail.be/vehicle/IC722,http://irail.be/stations/NMBS/008821121,IC,2017-11-13T22:43:00,2017-11-13T22:41:00,13,13
http://irail.be/vehicle/IC722,http://irail.be/stations/NMBS/008821196,IC,2017-11-13T22:46:00,2017-11-13T22:46:00,-40,-40
http://irail.be/vehicle/IC722,NO-URI,IC,2017-11-13T22:50:00,2017-11-13T22:50:00,-40,-40
http://irail.be/vehicle/IC722,http://irail.be/stations/NMBS/008894821,IC,2017-11-13T22:50:00,2017-11-13T22:50:00,-14,-14
http://irail.be/vehicle/IC722,http://irail.be/stations/NMBS/008894755,IC,2017-11-13T22:52:00,2017-11-13T22:52:00,-35,-35
http://irail.be/vehicle/IC722,http://irail.be/stations/NMBS/008894748,IC,2017-11-13T22:53:00,2017-11-13T22:53:00,-64,-64
http://irail.be/vehicle/IC722,http://irail.be/stations/NMBS/008894714,IC,2017-11-13T22:56:00,2017-11-13T22:56:00,-87,-87
http://irail.be/vehicle/IC722,NO-URI,IC,2017-11-13T22:57:00,2017-11-13T22:57:00,-101,-101
http://irail.be/vehicle/IC722,http://irail.be/stations/NMBS/008894508,IC,2017-11-13T23:00:00,2017-11-13T22:59:00,43,-134
http://irail.be/vehicle/IC722,http://irail.be/stations/NMBS/008894433,IC,2017-11-13T23:03:00,2017-11-13T23:03:00,43,43
http://irail.be/vehicle/IC722,http://irail.be/stations/NMBS/008894425,IC,2017-11-13T23:04:00,2017-11-13T23:04:00,2,2
http://irail.be/vehicle/IC722,NO-URI,IC,2017-11-13T23:06:00,2017-11-13T23:06:00,-5,-5
http://irail.be/vehicle/IC722,http://irail.be/stations/NMBS/008894201,IC,2017-11-13T23:09:00,2017-11-13T23:08:00,-5,-8
http://irail.be/vehicle/IC722,http://irail.be/stations/NMBS/008894151,IC,2017-11-13T23:15:00,2017-11-13T23:15:00,-5,-5
http://irail.be/vehicle/IC722,http://irail.be/stations/NMBS/008893120,IC,2017-11-13T23:24:00,2017-11-13T23:23:00,37,-73
http://irail.be/vehicle/IC722,http://irail.be/stations/NMBS/008893179,IC,2017-11-13T23:26:00,2017-11-13T23:26:00,37,37
http://irail.be/vehicle/IC722,NO-URI,IC,2017-11-13T23:27:00,2017-11-13T23:27:00,3,3
http://irail.be/vehicle/IC722,http://irail.be/stations/NMBS/008892007,IC,2017-11-13T23:36:00,2017-11-13T23:33:00,12,-29
http://irail.be/vehicle/IC722,http://irail.be/stations/NMBS/008892080,IC,2017-11-13T23:43:00,2017-11-13T23:42:00,-13,-14
http://irail.be/vehicle/IC722,NO-URI,IC,2017-11-13T23:48:00,2017-11-13T23:48:00,-72,-72
http://irail.be/vehicle/IC722,http://irail.be/stations/NMBS/008892106,IC,2017-11-13T23:50:00,2017-11-13T23:49:00,30,-66
http://irail.be/vehicle/IC722,http://irail.be/stations/NMBS/008896149,IC,2017-11-13T23:58:00,2017-11-13T23:57:00,284,168
http://irail.be/vehicle/IC722,http://irail.be/stations/NMBS/008896115,IC,2017-11-14T00:04:00,2017-11-14T00:04:00,268,268
http://irail.be/vehicle/IC722,http://irail.be/stations/NMBS/008896008,IC,2017-11-14T00:10:00,2017-11-14T00:10:00,,208
http://irail.be/vehicle/IC722,http://irail.be/stations/NMBS/008821006,IC,2017-10-20T22:37:00,2017-10-20T22:37:00,9,
http://irail.be/vehicle/IC722,http://irail.be/stations/NMBS/008821121,IC,2017-10-20T22:43:00,2017-10-20T22:41:00,15,15
http://irail.be/vehicle/IC722,http://irail.be/stations/NMBS/008821196,IC,2017-10-20T22:46:00,2017-10-20T22:46:00,-27,-27
http://irail.be/vehicle/IC722,NO-URI,IC,2017-10-20T22:50:00,2017-10-20T22:50:00,-27,-27
http://irail.be/vehicle/IC722,http://irail.be/stations/NMBS/008894821,IC,2017-10-20T22:50:00,2017-10-20T22:50:00,-1,-1
http://irail.be/vehicle/IC722,http://irail.be/stations/NMBS/008894755,IC,2017-10-20T22:52:00,2017-10-20T22:52:00,-18,-18
http://irail.be/vehicle/IC722,http://irail.be/stations/NMBS/008894748,IC,2017-10-20T22:53:00,2017-10-20T22:53:00,-47,-47
http://irail.be/vehicle/IC722,http://irail.be/stations/NMBS/008894714,IC,2017-10-20T22:56:00,2017-10-20T22:56:00,-67,-67
http://irail.be/vehicle/IC722,NO-URI,IC,2017-10-20T22:57:00,2017-10-20T22:57:00,-77,-77
http://irail.be/vehicle/IC722,http://irail.be/stations/NMBS/008894508,IC,2017-10-20T23:00:00,2017-10-20T22:59:00,61,-113
http://irail.be/vehicle/IC722,http://irail.be/stations/NMBS/008894433,IC,2017-10-20T23:03:00,2017-10-20T23:03:00,61,61
http://irail.be/vehicle/IC722,http://irail.be/stations/NMBS/008894425,IC,2017-10-20T23:04:00,2017-10-20T23:04:00,29,29
http://irail.be/vehicle/IC722,NO-URI,IC,2017-10-20T23:06:00,2017-10-20T23:06:00,25,25
http://irail.be/vehicle/IC722,http://irail.be/stations/NMBS/008894201,IC,2017-10-20T23:09:00,2017-10-20T23:08:00,1,15
http://irail.be/vehicle/IC722,http://irail.be/stations/NMBS/008894151,IC,2017-10-20T23:15:00,2017-10-20T23:15:00,1,1
http://irail.be/vehicle/IC722,http://irail.be/stations/NMBS/008893120,IC,2017-10-20T23:24:00,2017-10-20T23:23:00,14,-49
http://irail.be/vehicle/IC722,http://irail.be/stations/NMBS/008893179,IC,2017-10-20T23:26:00,2017-10-20T23:26:00,14,14
http://irail.be/vehicle/IC722,NO-URI,IC,2017-10-20T23:27:00,2017-10-20T23:27:00,-42,-42
http://irail.be/vehicle/IC722,http://irail.be/stations/NMBS/008892007,IC,2017-10-20T23:36:00,2017-10-20T23:33:00,180,-68
http://irail.be/vehicle/IC722,http://irail.be/stations/NMBS/008892080,IC,2017-10-20T23:43:00,2017-10-20T23:42:00,138,158
http://irail.be/vehicle/IC722,NO-URI,IC,2017-10-20T23:48:00,2017-10-20T23:48:00,87,87
http://irail.be/vehicle/IC722,http://irail.be/stations/NMBS/008892106,IC,2017-10-20T23:50:00,2017-10-20T23:49:00,117,90
http://irail.be/vehicle/IC722,http://irail.be/stations/NMBS/008896149,IC,2017-10-20T23:58:00,2017-10-20T23:57:00,64,67
http://irail.be/vehicle/IC722,http://irail.be/stations/NMBS/008896115,IC,2017-10-21T00:04:00,2017-10-21T00:04:00,24,24
http://irail.be/vehicle/IC722,http://irail.be/stations/NMBS/008896008,IC,2017-10-21T00:10:00,2017-10-21T00:10:00,,-46
http://irail.be/vehicle/IC722,http://irail.be/stations/NMBS/008821006,IC,2017-01-26T22:37:00,2017-01-26T22:37:00,-1,
http://irail.be/vehicle/IC722,http://irail.be/stations/NMBS/008821121,IC,2017-01-26T22:43:00,2017-01-26T22:41:00,9,9
http://irail.be/vehicle/IC722,http://irail.be/stations/NMBS/008821196,IC,2017-01-26T22:46:00,2017-01-26T22:46:00,-33,-33
http://irail.be/vehicle/IC722,NO-URI,IC,2017-01-26T22:50:00,2017-01-26T22:50:00,-33,-33
http://irail.be/vehicle/IC722,http://irail.be/stations/NMBS/008894821,IC,2017-01-26T22:50:00,2017-01-26T22:50:00,-9,-9
http://irail.be/vehicle/IC722,http://irail.be/stations/NMBS/008894755,IC,2017-01-26T22:52:00,2017-01-26T22:52:00,-28,-28
http://irail.be/vehicle/IC722,http://irail.be/stations/NMBS/008894748,IC,2017-01-26T22:53:00,2017-01-26T22:53:00,-58,-58
http://irail.be/vehicle/IC722,http://irail.be/stations/NMBS/008894714,IC,2017-01-26T22:56:00,2017-01-26T22:56:00,-77,-77
http://irail.be/vehicle/IC722,NO-URI,IC,2017-01-26T22:57:00,2017-01-26T22:57:00,-90,-90
http://irail.be/vehicle/IC722,http://irail.be/stations/NMBS/008894508,IC,2017-01-26T23:00:00,2017-01-26T22:59:00,40,-127
http://irail.be/vehicle/IC722,http://irail.be/stations/NMBS/008894433,IC,2017-01-26T23:03:00,2017-01-26T23:03:00,40,40
http://irail.be/vehicle/IC722,http://irail.be/stations/NMBS/008894425,IC,2017-01-26T23:04:00,2017-01-26T23:04:00,-2,-2
http://irail.be/vehicle/IC722,NO-URI,IC,2017-01-26T23:06:00,2017-01-26T23:06:00,-2,-2
http://irail.be/vehicle/IC722,http://irail.be/stations/NMBS/008894201,IC,2017-01-26T23:09:00,2017-01-26T23:08:00,19,-7
http://irail.be/vehicle/IC722,http://irail.be/stations/NMBS/008894151,IC,2017-01-26T23:15:00,2017-01-26T23:15:00,81,19
http://irail.be/vehicle/IC722,http://irail.be/stations/NMBS/008893120,IC,2017-01-26T23:24:00,2017-01-26T23:23:00,102,74
http://irail.be/vehicle/IC722,http://irail.be/stations/NMBS/008893179,IC,2017-01-26T23:26:00,2017-01-26T23:26:00,102,102
http://irail.be/vehicle/IC722,NO-URI,IC,2017-01-26T23:27:00,2017-01-26T23:27:00,85,85
http://irail.be/vehicle/IC722,http://irail.be/stations/NMBS/008892007,IC,2017-01-26T23:36:00,2017-01-26T23:33:00,450,60
http://irail.be/vehicle/IC722,http://irail.be/stations/NMBS/008892080,IC,2017-01-26T23:43:00,2017-01-26T23:42:00,354,354
http://irail.be/vehicle/IC722,NO-URI,IC,2017-01-26T23:48:00,2017-01-26T23:48:00,294,294
http://irail.be/vehicle/IC722,http://irail.be/stations/NMBS/008892106,IC,2017-01-26T23:50:00,2017-01-26T23:49:00,371,297
http://irail.be/vehicle/IC722,http://irail.be/stations/NMBS/008896149,IC,2017-01-26T23:58:00,2017-01-26T23:57:00,345,304
http://irail.be/vehicle/IC722,http://irail.be/stations/NMBS/008896115,IC,2017-01-27T00:04:00,2017-01-27T00:04:00,309,309
http://irail.be/vehicle/IC722,http://irail.be/stations/NMBS/008896008,IC,2017-01-27T00:10:00,2017-01-27T00:10:00,,234
http://irail.be/vehicle/IC722,http://irail.be/stations/NMBS/008821006,IC,2017-04-12T22:37:00,2017-04-12T22:37:00,69,
http://irail.be/vehicle/IC722,http://irail.be/stations/NMBS/008821121,IC,2017-04-12T22:43:00,2017-04-12T22:41:00,29,29
http://irail.be/vehicle/IC722,http://irail.be/stations/NMBS/008821196,IC,2017-04-12T22:46:00,2017-04-12T22:46:00,28,28
http://irail.be/vehicle/IC722,NO-URI,IC,2017-04-12T22:50:00,2017-04-12T22:50:00,28,28
http://irail.be/vehicle/IC722,http://irail.be/stations/NMBS/008894821,IC,2017-04-12T22:50:00,2017-04-12T22:50:00,54,54
http://irail.be/vehicle/IC722,http://irail.be/stations/NMBS/008894755,IC,2017-04-12T22:52:00,2017-04-12T22:52:00,39,39
http://irail.be/vehicle/IC722,http://irail.be/stations/NMBS/008894748,IC,2017-04-12T22:53:00,2017-04-12T22:53:00,41,41
http://irail.be/vehicle/IC722,http://irail.be/stations/NMBS/008894714,IC,2017-04-12T22:55:00,2017-04-12T22:55:00,49,49
http://irail.be/vehicle/IC722,NO-URI,IC,2017-04-12T22:57:00,2017-04-12T22:57:00,10,10
http://irail.be/vehicle/IC722,http://irail.be/stations/NMBS/008894508,IC,2017-04-12T23:00:00,2017-04-12T22:59:00,53,-50
http://irail.be/vehicle/IC722,http://irail.be/stations/NMBS/008894433,IC,2017-04-12T23:03:00,2017-04-12T23:03:00,53,53
http://irail.be/vehicle/IC722,http://irail.be/stations/NMBS/008894425,IC,2017-04-12T23:03:00,2017-04-12T23:03:00,183,183
http://irail.be/vehicle/IC722,NO-URI,IC,2017-04-12T23:06:00,2017-04-12T23:06:00,176,176
http://irail.be/vehicle/IC722,http://irail.be/stations/NMBS/008894201,IC,2017-04-12T23:09:00,2017-04-12T23:08:00,146,161
http://irail.be/vehicle/IC722,http://irail.be/stations/NMBS/008894151,IC,2017-04-12T23:15:00,2017-04-12T23:15:00,152,146
http://irail.be/vehicle/IC722,http://irail.be/stations/NMBS/008893120,IC,2017-04-12T23:24:00,2017-04-12T23:23:00,167,117
http://irail.be/vehicle/IC722,http://irail.be/stations/NMBS/008893179,IC,2017-04-12T23:26:00,2017-04-12T23:26:00,167,167
http://irail.be/vehicle/IC722,NO-URI,IC,2017-04-12T23:27:00,2017-04-12T23:27:00,141,141
http://irail.be/vehicle/IC722,http://irail.be/stations/NMBS/008892007,IC,2017-04-12T23:36:00,2017-04-12T23:33:00,62,148
http://irail.be/vehicle/IC722,http://irail.be/stations/NMBS/008892080,IC,2017-04-12T23:43:00,2017-04-12T23:42:00,5,41
http://irail.be/vehicle/IC722,NO-URI,IC,2017-04-12T23:48:00,2017-04-12T23:48:00,-47,-47
http://irail.be/vehicle/IC722,http://irail.be/stations/NMBS/008892106,IC,2017-04-12T23:50:00,2017-04-12T23:49:00,28,-42
http://irail.be/vehicle/IC722,http://irail.be/stations/NMBS/008896149,IC,2017-04-12T23:58:00,2017-04-12T23:57:00,2,-17
http://irail.be/vehicle/IC722,http://irail.be/stations/NMBS/008896115,IC,2017-04-13T00:04:00,2017-04-13T00:04:00,2,2
http://irail.be/vehicle/IC722,http://irail.be/stations/NMBS/008896008,IC,2017-04-13T00:10:00,2017-04-13T00:10:00,,-87
http://irail.be/vehicle/IC722,http://irail.be/stations/NMBS/008821006,IC,2017-07-15T22:37:00,2017-07-15T22:37:00,0,
http://irail.be/vehicle/IC722,http://irail.be/stations/NMBS/008821121,IC,2017-07-15T22:43:00,2017-07-15T22:41:00,0,0
http://irail.be/vehicle/IC722,http://irail.be/stations/NMBS/008821196,IC,2017-07-15T22:46:00,2017-07-15T22:46:00,0,0
http://irail.be/vehicle/IC722,NO-URI,IC,2017-07-15T22:50:00,2017-07-15T22:50:00,0,0
http://irail.be/vehicle/IC722,http://irail.be/stations/NMBS/008894821,IC,2017-07-15T22:50:00,2017-07-15T22:50:00,0,0
http://irail.be/vehicle/IC722,http://irail.be/stations/NMBS/008894755,IC,2017-07-15T22:52:00,2017-07-15T22:52:00,0,0
http://irail.be/vehicle/IC722,http://irail.be/stations/NMBS/008894748,IC,2017-07-15T22:53:00,2017-07-15T22:53:00,0,0
http://irail.be/vehicle/IC722,http://irail.be/stations/NMBS/008894714,IC,2017-07-15T22:56:00,2017-07-15T22:56:00,0,0
http://irail.be/vehicle/IC722,NO-URI,IC,2017-07-15T22:57:00,2017-07-15T22:57:00,0,0
http://irail.be/vehicle/IC722,http://irail.be/stations/NMBS/008894508,IC,2017-07-15T23:01:00,2017-07-15T22:59:00,0,0
http://irail.be/vehicle/IC722,http://irail.be/stations/NMBS/008894433,IC,2017-07-15T23:04:00,2017-07-15T23:04:00,0,0
http://irail.be/vehicle/IC722,http://irail.be/stations/NMBS/008894425,IC,2017-07-15T23:05:00,2017-07-15T23:05:00,0,0
http://irail.be/vehicle/IC722,NO-URI,IC,2017-07-15T23:07:00,2017-07-15T23:07:00,0,0
http://irail.be/vehicle/IC722,http://irail.be/stations/NMBS/008894201,IC,2017-07-15T23:11:00,2017-07-15T23:09:00,0,0
http://irail.be/vehicle/IC722,http://irail.be/stations/NMBS/008894151,IC,2017-07-15T23:16:00,2017-07-15T23:16:00,0,0
http://irail.be/vehicle/IC722,http://irail.be/stations/NMBS/008893120,IC,2017-07-15T23:24:00,2017-07-15T23:23:00,0,0
http://irail.be/vehicle/IC722,http://irail.be/stations/NMBS/008893179,IC,2017-07-15T23:26:00,2017-07-15T23:26:00,0,0
http://irail.be/vehicle/IC722,NO-URI,IC,2017-07-15T23:27:00,2017-07-15T23:27:00,0,0
http://irail.be/vehicle/IC722,http://irail.be/stations/NMBS/008892007,IC,2017-07-15T23:36:00,2017-07-15T23:33:00,0,0
http://irail.be/vehicle/IC722,http://irail.be/stations/NMBS/008892080,IC,2017-07-15T23:43:00,2017-07-15T23:42:00,0,0
http://irail.be/vehicle/IC722,NO-URI,IC,2017-07-15T23:47:00,2017-07-15T23:47:00,0,0
http://irail.be/vehicle/IC722,http://irail.be/stations/NMBS/008892106,IC,2017-07-15T23:50:00,2017-07-15T23:49:00,0,0
http://irail.be/vehicle/IC722,http://irail.be/stations/NMBS/008896149,IC,2017-07-15T23:58:00,2017-07-15T23:57:00,0,0
http://irail.be/vehicle/IC722,http://irail.be/stations/NMBS/008896115,IC,2017-07-16T00:04:00,2017-07-16T00:04:00,0,0
http://irail.be/vehicle/IC722,http://irail.be/stations/NMBS/008896008,IC,2017-07-16T00:10:00,2017-07-16T00:10:00,,0
http://irail.be/vehicle/IC722,http://irail.be/stations/NMBS/008821121,IC,2017-06-16T22:43:00,2017-06-16T22:43:00,785,
http://irail.be/vehicle/IC722,http://irail.be/stations/NMBS/008821196,IC,2017-06-16T22:46:00,2017-06-16T22:46:00,785,785
http://irail.be/vehicle/IC722,NO-URI,IC,2017-06-16T22:50:00,2017-06-16T22:50:00,785,785
http://irail.be/vehicle/IC722,http://irail.be/stations/NMBS/008894821,IC,2017-06-16T22:50:00,2017-06-16T22:50:00,808,808
http://irail.be/vehicle/IC722,http://irail.be/stations/NMBS/008894755,IC,2017-06-16T22:52:00,2017-06-16T22:52:00,789,789
http://irail.be/vehicle/IC722,http://irail.be/stations/NMBS/008894748,IC,2017-06-16T22:53:00,2017-06-16T22:53:00,760,760
http://irail.be/vehicle/IC722,http://irail.be/stations/NMBS/008894714,IC,2017-06-16T22:56:00,2017-06-16T22:56:00,740,740
http://irail.be/vehicle/IC722,NO-URI,IC,2017-06-16T22:57:00,2017-06-16T22:57:00,727,727
http://irail.be/vehicle/IC722,http://irail.be/stations/NMBS/008894508,IC,2017-06-16T23:00:00,2017-06-16T22:59:00,781,690
http://irail.be/vehicle/IC722,http://irail.be/stations/NMBS/008894433,IC,2017-06-16T23:03:00,2017-06-16T23:03:00,781,781
http://irail.be/vehicle/IC722,http://irail.be/stations/NMBS/008894425,IC,2017-06-16T23:04:00,2017-06-16T23:04:00,733,733
http://irail.be/vehicle/IC722,NO-URI,IC,2017-06-16T23:06:00,2017-06-16T23:06:00,729,729
http://irail.be/vehicle/IC722,http://irail.be/stations/NMBS/008894201,IC,2017-06-16T23:09:00,2017-06-16T23:08:00,702,716
http://irail.be/vehicle/IC722,http://irail.be/stations/NMBS/008894151,IC,2017-06-16T23:15:00,2017-06-16T23:15:00,702,702
http://irail.be/vehicle/IC722,http://irail.be/stations/NMBS/008893120,IC,2017-06-16T23:24:00,2017-06-16T23:23:00,756,736
http://irail.be/vehicle/IC722,http://irail.be/stations/NMBS/008893179,IC,2017-06-16T23:26:00,2017-06-16T23:26:00,756,756
http://irail.be/vehicle/IC722,NO-URI,IC,2017-06-16T23:27:00,2017-06-16T23:27:00,738,738
http://irail.be/vehicle/IC722,http://irail.be/stations/NMBS/008892007,IC,2017-06-16T23:36:00,2017-06-16T23:33:00,633,733
http://irail.be/vehicle/IC722,http://irail.be/stations/NMBS/008892080,IC,2017-06-16T23:43:00,2017-06-16T23:42:00,564,599
http://irail.be/vehicle/IC722,NO-URI,IC,2017-06-16T23:48:00,2017-06-16T23:48:00,508,508
http://irail.be/vehicle/IC722,http://irail.be/stations/NMBS/008892106,IC,2017-06-16T23:50:00,2017-06-16T23:49:00,544,511
http://irail.be/vehicle/IC722,http://irail.be/stations/NMBS/008896149,IC,2017-06-16T23:58:00,2017-06-16T23:57:00,513,489
http://irail.be/vehicle/IC722,http://irail.be/stations/NMBS/008896115,IC,2017-06-17T00:04:00,2017-06-17T00:04:00,468,468
http://irail.be/vehicle/IC722,http://irail.be/stations/NMBS/008896008,IC,2017-06-17T00:10:00,2017-06-17T00:10:00,,379
http://irail.be/vehicle/IC722,http://irail.be/stations/NMBS/008821006,IC,2017-11-26T22:37:00,2017-11-26T22:37:00,8,
http://irail.be/vehicle/IC722,http://irail.be/stations/NMBS/008821121,IC,2017-11-26T22:43:00,2017-11-26T22:41:00,15,15
http://irail.be/vehicle/IC722,http://irail.be/stations/NMBS/008821196,IC,2017-11-26T22:46:00,2017-11-26T22:46:00,-14,-14
http://irail.be/vehicle/IC722,NO-URI,IC,2017-11-26T22:50:00,2017-11-26T22:50:00,-14,-14
http://irail.be/vehicle/IC722,http://irail.be/stations/NMBS/008894821,IC,2017-11-26T22:50:00,2017-11-26T22:50:00,12,12
http://irail.be/vehicle/IC722,http://irail.be/stations/NMBS/008894755,IC,2017-11-26T22:52:00,2017-11-26T22:52:00,-2,-2
http://irail.be/vehicle/IC722,http://irail.be/stations/NMBS/008894748,IC,2017-11-26T22:53:00,2017-11-26T22:53:00,-25,-25
http://irail.be/vehicle/IC722,http://irail.be/stations/NMBS/008894714,IC,2017-11-26T22:56:00,2017-11-26T22:56:00,-33,-33
http://irail.be/vehicle/IC722,NO-URI,IC,2017-11-26T22:57:00,2017-11-26T22:57:00,-36,-36
http://irail.be/vehicle/IC722,http://irail.be/stations/NMBS/008894508,IC,2017-11-26T23:01:00,2017-11-26T22:59:00,47,-60
http://irail.be/vehicle/IC722,http://irail.be/stations/NMBS/008894433,IC,2017-11-26T23:04:00,2017-11-26T23:04:00,47,47
http://irail.be/vehicle/IC722,http://irail.be/stations/NMBS/008894425,IC,2017-11-26T23:05:00,2017-11-26T23:05:00,11,11
http://irail.be/vehicle/IC722,NO-URI,IC,2017-11-26T23:07:00,2017-11-26T23:07:00,12,12
http://irail.be/vehicle/IC722,http://irail.be/stations/NMBS/008894201,IC,2017-11-26T23:11:00,2017-11-26T23:09:00,2,9
http://irail.be/vehicle/IC722,http://irail.be/stations/NMBS/008894151,IC,2017-11-26T23:16:00,2017-11-26T23:16:00,2,2
http://irail.be/vehicle/IC722,http://irail.be/stations/NMBS/008893120,IC,2017-11-26T23:24:00,2017-11-26T23:23:00,21,-34
http://irail.be/vehicle/IC722,http://irail.be/stations/NMBS/008893179,IC,2017-11-26T23:26:00,2017-11-26T23:26:00,21,21
http://irail.be/vehicle/IC722,NO-URI,IC,2017-11-26T23:27:00,2017-11-26T23:27:00,-35,-35
http://irail.be/vehicle/IC722,http://irail.be/stations/NMBS/008892007,IC,2017-11-26T23:36:00,2017-11-26T23:33:00,32,-52
http://irail.be/vehicle/IC722,http://irail.be/stations/NMBS/008892080,IC,2017-11-26T23:43:00,2017-11-26T23:42:00,0,19
http://irail.be/vehicle/IC722,NO-URI,IC,2017-11-26T23:47:00,2017-11-26T23:47:00,-10,-10
http://irail.be/vehicle/IC722,http://irail.be/stations/NMBS/008892106,IC,2017-11-26T23:50:00,2017-11-26T23:49:00,32,-7
http://irail.be/vehicle/IC722,http://irail.be/stations/NMBS/008896149,IC,2017-11-26T23:58:00,2017-11-26T23:57:00,35,3
http://irail.be/vehicle/IC722,http://irail.be/stations/NMBS/008896115,IC,2017-11-27T00:04:00,2017-11-27T00:04:00,22,22
http://irail.be/vehicle/IC722,http://irail.be/stations/NMBS/008896008,IC,2017-11-27T00:10:00,2017-11-27T00:10:00,,-22
http://irail.be/vehicle/IC722,http://irail.be/stations/NMBS/008821006,IC,2017-11-20T22:37:00,2017-11-20T22:37:00,29,
http://irail.be/vehicle/IC722,http://irail.be/stations/NMBS/008821121,IC,2017-11-20T22:43:00,2017-11-20T22:41:00,50,50
http://irail.be/vehicle/IC722,http://irail.be/stations/NMBS/008821196,IC,2017-11-20T22:46:00,2017-11-20T22:46:00,9,9
http://irail.be/vehicle/IC722,NO-URI,IC,2017-11-20T22:50:00,2017-11-20T22:50:00,9,9
http://irail.be/vehicle/IC722,http://irail.be/stations/NMBS/008894821,IC,2017-11-20T22:50:00,2017-11-20T22:50:00,30,30
http://irail.be/vehicle/IC722,http://irail.be/stations/NMBS/008894755,IC,2017-11-20T22:52:00,2017-11-20T22:52:00,8,8
http://irail.be/vehicle/IC722,http://irail.be/stations/NMBS/008894748,IC,2017-11-20T22:53:00,2017-11-20T22:53:00,8,8
http://irail.be/vehicle/IC722,http://irail.be/stations/NMBS/008894714,IC,2017-11-20T22:55:00,2017-11-20T22:55:00,13,13
http://irail.be/vehicle/IC722,NO-URI,IC,2017-11-20T22:57:00,2017-11-20T22:57:00,-25,-25
http://irail.be/vehicle/IC722,http://irail.be/stations/NMBS/008894508,IC,2017-11-20T23:00:00,2017-11-20T22:59:00,59,-96
http://irail.be/vehicle/IC722,http://irail.be/stations/NMBS/008894433,IC,2017-11-20T23:03:00,2017-11-20T23:03:00,59,59
http://irail.be/vehicle/IC722,http://irail.be/stations/NMBS/008894425,IC,2017-11-20T23:03:00,2017-11-20T23:03:00,74,74
http://irail.be/vehicle/IC722,NO-URI,IC,2017-11-20T23:06:00,2017-11-20T23:06:00,31,31
http://irail.be/vehicle/IC722,http://irail.be/stations/NMBS/008894201,IC,2017-11-20T23:09:00,2017-11-20T23:08:00,4,13
http://irail.be/vehicle/IC722,http://irail.be/stations/NMBS/008894151,IC,2017-11-20T23:15:00,2017-11-20T23:15:00,25,4
http://irail.be/vehicle/IC722,http://irail.be/stations/NMBS/008893120,IC,2017-11-20T23:24:00,2017-11-20T23:23:00,146,25
http://irail.be/vehicle/IC722,http://irail.be/stations/NMBS/008893179,IC,2017-11-20T23:26:00,2017-11-20T23:26:00,146,146
http://irail.be/vehicle/IC722,NO-URI,IC,2017-11-20T23:27:00,2017-11-20T23:27:00,136,136
http://irail.be/vehicle/IC722,http://irail.be/stations/NMBS/008892007,IC,2017-11-20T23:36:00,2017-11-20T23:33:00,107,122
http://irail.be/vehicle/IC722,http://irail.be/stations/NMBS/008892080,IC,2017-11-20T23:43:00,2017-11-20T23:42:00,139,189
http://irail.be/vehicle/IC722,NO-URI,IC,2017-11-20T23:48:00,2017-11-20T23:48:00,79,79
http://irail.be/vehicle/IC722,http://irail.be/stations/NMBS/008892106,IC,2017-11-20T23:50:00,2017-11-20T23:49:00,95,80
http://irail.be/vehicle/IC722,http://irail.be/stations/NMBS/008896149,IC,2017-11-20T23:58:00,2017-11-20T23:57:00,122,106
http://irail.be/vehicle/IC722,http://irail.be/stations/NMBS/008896115,IC,2017-11-21T00:04:00,2017-11-21T00:04:00,99,99
http://irail.be/vehicle/IC722,http://irail.be/stations/NMBS/008896008,IC,2017-11-21T00:10:00,2017-11-21T00:10:00,,10
http://irail.be/vehicle/IC722,http://irail.be/stations/NMBS/008821006,IC,2017-12-26T22:37:00,2017-12-26T22:37:00,37,
http://irail.be/vehicle/IC722,http://irail.be/stations/NMBS/008821121,IC,2017-12-26T22:43:00,2017-12-26T22:41:00,15,15
http://irail.be/vehicle/IC722,http://irail.be/stations/NMBS/008821196,IC,2017-12-26T22:47:00,2017-12-26T22:47:00,-19,-19
http://irail.be/vehicle/IC722,NO-URI,IC,2017-12-26T22:50:00,2017-12-26T22:50:00,-19,-19
http://irail.be/vehicle/IC722,http://irail.be/stations/NMBS/008894821,IC,2017-12-26T22:50:00,2017-12-26T22:50:00,19,19
http://irail.be/vehicle/IC722,http://irail.be/stations/NMBS/008894755,IC,2017-12-26T22:52:00,2017-12-26T22:52:00,24,24
http://irail.be/vehicle/IC722,http://irail.be/stations/NMBS/008894748,IC,2017-12-26T22:53:00,2017-12-26T22:53:00,-5,-5
http://irail.be/vehicle/IC722,http://irail.be/stations/NMBS/008894714,IC,2017-12-26T22:56:00,2017-12-26T22:56:00,-22,-22
http://irail.be/vehicle/IC722,NO-URI,IC,2017-12-26T22:57:00,2017-12-26T22:57:00,-30,-30
http://irail.be/vehicle/IC722,http://irail.be/stations/NMBS/008894508,IC,2017-12-26T23:02:00,2017-12-26T23:00:00,45,-94
http://irail.be/vehicle/IC722,http://irail.be/stations/NMBS/008894433,IC,2017-12-26T23:05:00,2017-12-26T23:05:00,45,45
http://irail.be/vehicle/IC722,http://irail.be/stations/NMBS/008894425,IC,2017-12-26T23:06:00,2017-12-26T23:06:00,13,13
http://irail.be/vehicle/IC722,NO-URI,IC,2017-12-26T23:08:00,2017-12-26T23:08:00,9,9
http://irail.be/vehicle/IC722,http://irail.be/stations/NMBS/008894201,IC,2017-12-26T23:11:00,2017-12-26T23:10:00,-1,2
http://irail.be/vehicle/IC722,http://irail.be/stations/NMBS/008894151,IC,2017-12-26T23:16:00,2017-12-26T23:16:00,-1,-1
http://irail.be/vehicle/IC722,http://irail.be/stations/NMBS/008893120,IC,2017-12-26T23:25:00,2017-12-26T23:24:00,22,-118
http://irail.be/vehicle/IC722,http://irail.be/stations/NMBS/008893179,IC,2017-12-26T23:27:00,2017-12-26T23:27:00,22,22
http://irail.be/vehicle/IC722,NO-URI,IC,2017-12-26T23:28:00,2017-12-26T23:28:00,65,65
http://irail.be/vehicle/IC722,http://irail.be/stations/NMBS/008892007,IC,2017-12-26T23:36:00,2017-12-26T23:33:00,25,77
http://irail.be/vehicle/IC722,http://irail.be/stations/NMBS/008892080,IC,2017-12-26T23:44:00,2017-12-26T23:43:00,4,-20
http://irail.be/vehicle/IC722,NO-URI,IC,2017-12-26T23:48:00,2017-12-26T23:48:00,-9,-9
http://irail.be/vehicle/IC722,http://irail.be/stations/NMBS/008892106,IC,2017-12-26T23:50:00,2017-12-26T23:49:00,51,-1
http://irail.be/vehicle/IC722,http://irail.be/stations/NMBS/008896149,IC,2017-12-26T23:58:00,2017-12-26T23:57:00,134,106
http://irail.be/vehicle/IC722,http://irail.be/stations/NMBS/008896115,IC,2017-12-27T00:04:00,2017-12-27T00:04:00,120,120
http://irail.be/vehicle/IC722,http://irail.be/stations/NMBS/008896008,IC,2017-12-27T00:11:00,2017-12-27T00:11:00,,66
http://irail.be/vehicle/IC722,http://irail.be/stations/NMBS/008821006,IC,2017-02-16T22:37:00,2017-02-16T22:37:00,17,
http://irail.be/vehicle/IC722,http://irail.be/stations/NMBS/008821121,IC,2017-02-16T22:43:00,2017-02-16T22:41:00,50,50
http://irail.be/vehicle/IC722,http://irail.be/stations/NMBS/008821196,IC,2017-02-16T22:46:00,2017-02-16T22:46:00,5,5
http://irail.be/vehicle/IC722,NO-URI,IC,2017-02-16T22:50:00,2017-02-16T22:50:00,5,5
http://irail.be/vehicle/IC722,http://irail.be/stations/NMBS/008894821,IC,2017-02-16T22:50:00,2017-02-16T22:50:00,29,29
http://irail.be/vehicle/IC722,http://irail.be/stations/NMBS/008894755,IC,2017-02-16T22:52:00,2017-02-16T22:52:00,11,11
http://irail.be/vehicle/IC722,http://irail.be/stations/NMBS/008894748,IC,2017-02-16T22:53:00,2017-02-16T22:53:00,-19,-19
http://irail.be/vehicle/IC722,http://irail.be/stations/NMBS/008894714,IC,2017-02-16T22:56:00,2017-02-16T22:56:00,-40,-40
http://irail.be/vehicle/IC722,NO-URI,IC,2017-02-16T22:57:00,2017-02-16T22:57:00,-50,-50
http://irail.be/vehicle/IC722,http://irail.be/stations/NMBS/008894508,IC,2017-02-16T23:00:00,2017-02-16T22:59:00,73,-80
http://irail.be/vehicle/IC722,http://irail.be/stations/NMBS/008894433,IC,2017-02-16T23:03:00,2017-02-16T23:03:00,73,73
http://irail.be/vehicle/IC722,http://irail.be/stations/NMBS/008894425,IC,2017-02-16T23:04:00,2017-02-16T23:04:00,35,35
http://irail.be/vehicle/IC722,NO-URI,IC,2017-02-16T23:06:00,2017-02-16T23:06:00,30,30
http://irail.be/vehicle/IC722,http://irail.be/stations/NMBS/008894201,IC,2017-02-16T23:09:00,2017-02-16T23:08:00,7,20
http://irail.be/vehicle/IC722,http://irail.be/stations/NMBS/008894151,IC,2017-02-16T23:15:00,2017-02-16T23:15:00,20,7
http://irail.be/vehicle/IC722,http://irail.be/stations/NMBS/008893120,IC,2017-02-16T23:24:00,2017-02-16T23:23:00,102,-19
http://irail.be/vehicle/IC722,http://irail.be/stations/NMBS/008893179,IC,2017-02-16T23:26:00,2017-02-16T23:26:00,102,102
http://irail.be/vehicle/IC722,NO-URI,IC,2017-02-16T23:27:00,2017-02-16T23:27:00,34,34
http://irail.be/vehicle/IC722,http://irail.be/stations/NMBS/008892007,IC,2017-02-16T23:36:00,2017-02-16T23:33:00,45,4
http://irail.be/vehicle/IC722,http://irail.be/stations/NMBS/008892080,IC,2017-02-16T23:43:00,2017-02-16T23:42:00,29,35
http://irail.be/vehicle/IC722,NO-URI,IC,2017-02-16T23:48:00,2017-02-16T23:48:00,-25,-25
http://irail.be/vehicle/IC722,http://irail.be/stations/NMBS/008892106,IC,2017-02-16T23:50:00,2017-02-16T23:49:00,42,-21
http://irail.be/vehicle/IC722,http://irail.be/stations/NMBS/008896149,IC,2017-02-16T23:58:00,2017-02-16T23:57:00,30,-7
http://irail.be/vehicle/IC722,http://irail.be/stations/NMBS/008896115,IC,2017-02-17T00:04:00,2017-02-17T00:04:00,-11,-11
http://irail.be/vehicle/IC722,http://irail.be/stations/NMBS/008896008,IC,2017-02-17T00:10:00,2017-02-17T00:10:00,,-69
http://irail.be/vehicle/IC722,http://irail.be/stations/NMBS/008821006,IC,2017-04-18T22:37:00,2017-04-18T22:37:00,9,
http://irail.be/vehicle/IC722,http://irail.be/stations/NMBS/008821121,IC,2017-04-18T22:43:00,2017-04-18T22:41:00,26,26
http://irail.be/vehicle/IC722,http://irail.be/stations/NMBS/008821196,IC,2017-04-18T22:46:00,2017-04-18T22:46:00,25,25
http://irail.be/vehicle/IC722,NO-URI,IC,2017-04-18T22:50:00,2017-04-18T22:50:00,25,25
http://irail.be/vehicle/IC722,http://irail.be/stations/NMBS/008894821,IC,2017-04-18T22:50:00,2017-04-18T22:50:00,51,51
http://irail.be/vehicle/IC722,http://irail.be/stations/NMBS/008894755,IC,2017-04-18T22:52:00,2017-04-18T22:52:00,33,33
http://irail.be/vehicle/IC722,http://irail.be/stations/NMBS/008894748,IC,2017-04-18T22:53:00,2017-04-18T22:53:00,2,2
http://irail.be/vehicle/IC722,http://irail.be/stations/NMBS/008894714,IC,2017-04-18T22:56:00,2017-04-18T22:56:00,-19,-19
http://irail.be/vehicle/IC722,NO-URI,IC,2017-04-18T22:57:00,2017-04-18T22:57:00,-31,-31
http://irail.be/vehicle/IC722,http://irail.be/stations/NMBS/008894508,IC,2017-04-18T23:00:00,2017-04-18T22:59:00,121,-66
http://irail.be/vehicle/IC722,http://irail.be/stations/NMBS/008894433,IC,2017-04-18T23:03:00,2017-04-18T23:03:00,121,121
http://irail.be/vehicle/IC722,http://irail.be/stations/NMBS/008894425,IC,2017-04-18T23:04:00,2017-04-18T23:04:00,81,81
http://irail.be/vehicle/IC722,NO-URI,IC,2017-04-18T23:06:00,2017-04-18T23:06:00,78,78
http://irail.be/vehicle/IC722,http://irail.be/stations/NMBS/008894201,IC,2017-04-18T23:09:00,2017-04-18T23:08:00,82,71
http://irail.be/vehicle/IC722,http://irail.be/stations/NMBS/008894151,IC,2017-04-18T23:15:00,2017-04-18T23:15:00,82,82
http://irail.be/vehicle/IC722,http://irail.be/stations/NMBS/008893120,IC,2017-04-18T23:24:00,2017-04-18T23:23:00,79,12
http://irail.be/vehicle/IC722,http://irail.be/stations/NMBS/008893179,IC,2017-04-18T23:26:00,2017-04-18T23:26:00,79,79
http://irail.be/vehicle/IC722,NO-URI,IC,2017-04-18T23:27:00,2017-04-18T23:27:00,57,57
http://irail.be/vehicle/IC722,http://irail.be/stations/NMBS/008892007,IC,2017-04-18T23:36:00,2017-04-18T23:33:00,100,117
http://irail.be/vehicle/IC722,http://irail.be/stations/NMBS/008892080,IC,2017-04-18T23:43:00,2017-04-18T23:42:00,86,121
http://irail.be/vehicle/IC722,NO-URI,IC,2017-04-18T23:48:00,2017-04-18T23:48:00,27,27
http://irail.be/vehicle/IC722,http://irail.be/stations/NMBS/008892106,IC,2017-04-18T23:50:00,2017-04-18T23:49:00,64,31
http://irail.be/vehicle/IC722,http://irail.be/stations/NMBS/008896149,IC,2017-04-18T23:58:00,2017-04-18T23:57:00,12,10
http://irail.be/vehicle/IC722,http://irail.be/stations/NMBS/008896115,IC,2017-04-19T00:04:00,2017-04-19T00:04:00,-28,0
http://irail.be/vehicle/IC722,http://irail.be/stations/NMBS/008896008,IC,2017-04-19T00:10:00,2017-04-19T00:10:00,,-81
http://irail.be/vehicle/IC722,http://irail.be/stations/NMBS/008821006,IC,2017-12-15T22:37:00,2017-12-15T22:37:00,1928,
http://irail.be/vehicle/IC722,http://irail.be/stations/NMBS/008821121,IC,2017-12-15T22:43:00,2017-12-15T22:41:00,1870,1870
http://irail.be/vehicle/IC722,http://irail.be/stations/NMBS/008821196,IC,2017-12-15T22:47:00,2017-12-15T22:47:00,1811,1811
http://irail.be/vehicle/IC722,NO-URI,IC,2017-12-15T22:50:00,2017-12-15T22:50:00,1811,1811
http://irail.be/vehicle/IC722,http://irail.be/stations/NMBS/008894821,IC,2017-12-15T22:50:00,2017-12-15T22:50:00,1842,1842
http://irail.be/vehicle/IC722,http://irail.be/stations/NMBS/008894755,IC,2017-12-15T22:52:00,2017-12-15T22:52:00,1820,1820
http://irail.be/vehicle/IC722,http://irail.be/stations/NMBS/008894748,IC,2017-12-15T22:53:00,2017-12-15T22:53:00,1790,1790
http://irail.be/vehicle/IC722,http://irail.be/stations/NMBS/008894714,IC,2017-12-15T22:56:00,2017-12-15T22:56:00,1766,1766
http://irail.be/vehicle/IC722,NO-URI,IC,2017-12-15T22:57:00,2017-12-15T22:57:00,1753,1753
http://irail.be/vehicle/IC722,http://irail.be/stations/NMBS/008894508,IC,2017-12-15T23:02:00,2017-12-15T23:00:00,1648,1668
http://irail.be/vehicle/IC722,http://irail.be/stations/NMBS/008894433,IC,2017-12-15T23:05:00,2017-12-15T23:05:00,1648,1648
http://irail.be/vehicle/IC722,http://irail.be/stations/NMBS/008894425,IC,2017-12-15T23:06:00,2017-12-15T23:06:00,1594,1594
http://irail.be/vehicle/IC722,NO-URI,IC,2017-12-15T23:08:00,2017-12-15T23:08:00,1586,1586
http://irail.be/vehicle/IC722,http://irail.be/stations/NMBS/008894201,IC,2017-12-15T23:11:00,2017-12-15T23:10:00,1557,1573
http://irail.be/vehicle/IC722,http://irail.be/stations/NMBS/008894151,IC,2017-12-15T23:16:00,2017-12-15T23:16:00,1557,1557
http://irail.be/vehicle/IC722,http://irail.be/stations/NMBS/008893120,IC,2017-12-15T23:25:00,2017-12-15T23:24:00,1568,1525
http://irail.be/vehicle/IC722,http://irail.be/stations/NMBS/008893179,IC,2017-12-15T23:27:00,2017-12-15T23:27:00,1568,1568
http://irail.be/vehicle/IC722,NO-URI,IC,2017-12-15T23:28:00,2017-12-15T23:28:00,1576,1576
http://irail.be/vehicle/IC722,http://irail.be/stations/NMBS/008892007,IC,2017-12-15T23:36:00,2017-12-15T23:33:00,1466,1555
http://irail.be/vehicle/IC722,http://irail.be/stations/NMBS/008892080,IC,2017-12-15T23:44:00,2017-12-15T23:43:00,1333,1380
http://irail.be/vehicle/IC722,NO-URI,IC,2017-12-15T23:48:00,2017-12-15T23:48:00,1313,1313
http://irail.be/vehicle/IC722,http://irail.be/stations/NMBS/008892106,IC,2017-12-15T23:50:00,2017-12-15T23:49:00,1363,1318
http://irail.be/vehicle/IC722,http://irail.be/stations/NMBS/008896149,IC,2017-12-15T23:58:00,2017-12-15T23:57:00,1342,1298
http://irail.be/vehicle/IC722,http://irail.be/stations/NMBS/008896115,IC,2017-12-16T00:04:00,2017-12-16T00:04:00,1299,1299
http://irail.be/vehicle/IC722,http://irail.be/stations/NMBS/008896008,IC,2017-12-16T00:11:00,2017-12-16T00:11:00,,1176
http://irail.be/vehicle/IC722,http://irail.be/stations/NMBS/008821006,IC,2017-07-10T22:37:00,2017-07-10T22:37:00,6,
http://irail.be/vehicle/IC722,http://irail.be/stations/NMBS/008821121,IC,2017-07-10T22:43:00,2017-07-10T22:41:00,12,12
http://irail.be/vehicle/IC722,http://irail.be/stations/NMBS/008821196,IC,2017-07-10T22:46:00,2017-07-10T22:46:00,-33,-33
http://irail.be/vehicle/IC722,NO-URI,IC,2017-07-10T22:50:00,2017-07-10T22:50:00,-33,-33
http://irail.be/vehicle/IC722,http://irail.be/stations/NMBS/008894821,IC,2017-07-10T22:50:00,2017-07-10T22:50:00,-9,-9
http://irail.be/vehicle/IC722,http://irail.be/stations/NMBS/008894755,IC,2017-07-10T22:52:00,2017-07-10T22:52:00,-25,-25
http://irail.be/vehicle/IC722,http://irail.be/stations/NMBS/008894748,IC,2017-07-10T22:53:00,2017-07-10T22:53:00,-54,-54
http://irail.be/vehicle/IC722,http://irail.be/stations/NMBS/008894714,IC,2017-07-10T22:56:00,2017-07-10T22:56:00,-80,-80
http://irail.be/vehicle/IC722,NO-URI,IC,2017-07-10T22:57:00,2017-07-10T22:57:00,-89,-89
http://irail.be/vehicle/IC722,http://irail.be/stations/NMBS/008894508,IC,2017-07-10T23:00:00,2017-07-10T22:59:00,68,-118
http://irail.be/vehicle/IC722,http://irail.be/stations/NMBS/008894433,IC,2017-07-10T23:03:00,2017-07-10T23:03:00,68,68
http://irail.be/vehicle/IC722,http://irail.be/stations/NMBS/008894425,IC,2017-07-10T23:04:00,2017-07-10T23:04:00,26,26
http://irail.be/vehicle/IC722,NO-URI,IC,2017-07-10T23:06:00,2017-07-10T23:06:00,23,23
http://irail.be/vehicle/IC722,http://irail.be/stations/NMBS/008894201,IC,2017-07-10T23:09:00,2017-07-10T23:08:00,-1,14
http://irail.be/vehicle/IC722,http://irail.be/stations/NMBS/008894151,IC,2017-07-10T23:15:00,2017-07-10T23:15:00,-1,-1
http://irail.be/vehicle/IC722,http://irail.be/stations/NMBS/008893120,IC,2017-07-10T23:24:00,2017-07-10T23:23:00,18,-77
http://irail.be/vehicle/IC722,http://irail.be/stations/NMBS/008893179,IC,2017-07-10T23:26:00,2017-07-10T23:26:00,18,18
http://irail.be/vehicle/IC722,NO-URI,IC,2017-07-10T23:27:00,2017-07-10T23:27:00,-51,-51
http://irail.be/vehicle/IC722,http://irail.be/stations/NMBS/008892007,IC,2017-07-10T23:36:00,2017-07-10T23:33:00,10,-36
http://irail.be/vehicle/IC722,http://irail.be/stations/NMBS/008892080,IC,2017-07-10T23:43:00,2017-07-10T23:42:00,-17,-2
http://irail.be/vehicle/IC722,NO-URI,IC,2017-07-10T23:48:00,2017-07-10T23:48:00,-44,-44
http://irail.be/vehicle/IC722,http://irail.be/stations/NMBS/008892106,IC,2017-07-10T23:50:00,2017-07-10T23:49:00,181,67
http://irail.be/vehicle/IC722,http://irail.be/stations/NMBS/008896149,IC,2017-07-10T23:58:00,2017-07-10T23:57:00,139,136
http://irail.be/vehicle/IC722,http://irail.be/stations/NMBS/008896115,IC,2017-07-11T00:04:00,2017-07-11T00:04:00,107,107
http://irail.be/vehicle/IC722,http://irail.be/stations/NMBS/008896008,IC,2017-07-11T00:10:00,2017-07-11T00:10:00,,27
http://irail.be/vehicle/IC722,http://irail.be/stations/NMBS/008821006,IC,2017-02-12T22:37:00,2017-02-12T22:37:00,6,
http://irail.be/vehicle/IC722,http://irail.be/stations/NMBS/008821121,IC,2017-02-12T22:43:00,2017-02-12T22:41:00,13,13
http://irail.be/vehicle/IC722,http://irail.be/stations/NMBS/008821196,IC,2017-02-12T22:46:00,2017-02-12T22:46:00,-32,-32
http://irail.be/vehicle/IC722,NO-URI,IC,2017-02-12T22:50:00,2017-02-12T22:50:00,-32,-32
http://irail.be/vehicle/IC722,http://irail.be/stations/NMBS/008894821,IC,2017-02-12T22:50:00,2017-02-12T22:50:00,-12,-12
http://irail.be/vehicle/IC722,http://irail.be/stations/NMBS/008894755,IC,2017-02-12T22:52:00,2017-02-12T22:52:00,-34,-34
http://irail.be/vehicle/IC722,http://irail.be/stations/NMBS/008894748,IC,2017-02-12T22:53:00,2017-02-12T22:53:00,-67,-67
http://irail.be/vehicle/IC722,http://irail.be/stations/NMBS/008894714,IC,2017-02-12T22:56:00,2017-02-12T22:56:00,-92,-92
http://irail.be/vehicle/IC722,NO-URI,IC,2017-02-12T22:57:00,2017-02-12T22:57:00,-105,-105
http://irail.be/vehicle/IC722,http://irail.be/stations/NMBS/008894508,IC,2017-02-12T23:01:00,2017-02-12T22:59:00,47,-147
http://irail.be/vehicle/IC722,http://irail.be/stations/NMBS/008894433,IC,2017-02-12T23:04:00,2017-02-12T23:04:00,47,47
http://irail.be/vehicle/IC722,http://irail.be/stations/NMBS/008894425,IC,2017-02-12T23:05:00,2017-02-12T23:05:00,8,8
http://irail.be/vehicle/IC722,NO-URI,IC,2017-02-12T23:07:00,2017-02-12T23:07:00,-2,-2
http://irail.be/vehicle/IC722,http://irail.be/stations/NMBS/008894201,IC,2017-02-12T23:11:00,2017-02-12T23:09:00,-7,-18
http://irail.be/vehicle/IC722,http://irail.be/stations/NMBS/008894151,IC,2017-02-12T23:16:00,2017-02-12T23:16:00,-7,-7
http://irail.be/vehicle/IC722,http://irail.be/stations/NMBS/008893120,IC,2017-02-12T23:24:00,2017-02-12T23:23:00,10,-111
http://irail.be/vehicle/IC722,http://irail.be/stations/NMBS/008893179,IC,2017-02-12T23:26:00,2017-02-12T23:26:00,10,10
http://irail.be/vehicle/IC722,NO-URI,IC,2017-02-12T23:27:00,2017-02-12T23:27:00,-63,-63
http://irail.be/vehicle/IC722,http://irail.be/stations/NMBS/008892007,IC,2017-02-12T23:36:00,2017-02-12T23:33:00,158,-96
http://irail.be/vehicle/IC722,http://irail.be/stations/NMBS/008892080,IC,2017-02-12T23:43:00,2017-02-12T23:42:00,157,182
http://irail.be/vehicle/IC722,NO-URI,IC,2017-02-12T23:47:00,2017-02-12T23:47:00,135,135
http://irail.be/vehicle/IC722,http://irail.be/stations/NMBS/008892106,IC,2017-02-12T23:50:00,2017-02-12T23:49:00,86,130
http://irail.be/vehicle/IC722,http://irail.be/stations/NMBS/008896149,IC,2017-02-12T23:58:00,2017-02-12T23:57:00,-67,20
http://irail.be/vehicle/IC722,http://irail.be/stations/NMBS/008896115,IC,2017-02-13T00:04:00,2017-02-13T00:04:00,-67,-67
http://irail.be/vehicle/IC722,http://irail.be/stations/NMBS/008896008,IC,2017-02-13T00:10:00,2017-02-13T00:10:00,,-116
http://irail.be/vehicle/IC722,http://irail.be/stations/NMBS/008821006,IC,2017-04-06T22:37:00,2017-04-06T22:37:00,38,
http://irail.be/vehicle/IC722,http://irail.be/stations/NMBS/008821121,IC,2017-04-06T22:43:00,2017-04-06T22:41:00,25,25
http://irail.be/vehicle/IC722,http://irail.be/stations/NMBS/008821196,IC,2017-04-06T22:46:00,2017-04-06T22:46:00,-2,-2
http://irail.be/vehicle/IC722,NO-URI,IC,2017-04-06T22:50:00,2017-04-06T22:50:00,-2,-2
http://irail.be/vehicle/IC722,http://irail.be/stations/NMBS/008894821,IC,2017-04-06T22:50:00,2017-04-06T22:50:00,22,22
http://irail.be/vehicle/IC722,http://irail.be/stations/NMBS/008894755,IC,2017-04-06T22:52:00,2017-04-06T22:52:00,19,19
http://irail.be/vehicle/IC722,http://irail.be/stations/NMBS/008894748,IC,2017-04-06T22:53:00,2017-04-06T22:53:00,-10,-10
http://irail.be/vehicle/IC722,http://irail.be/stations/NMBS/008894714,IC,2017-04-06T22:56:00,2017-04-06T22:56:00,-31,-31
http://irail.be/vehicle/IC722,NO-URI,IC,2017-04-06T22:57:00,2017-04-06T22:57:00,-42,-42
http://irail.be/vehicle/IC722,http://irail.be/stations/NMBS/008894508,IC,2017-04-06T23:00:00,2017-04-06T22:59:00,56,-77
http://irail.be/vehicle/IC722,http://irail.be/stations/NMBS/008894433,IC,2017-04-06T23:03:00,2017-04-06T23:03:00,56,56
http://irail.be/vehicle/IC722,http://irail.be/stations/NMBS/008894425,IC,2017-04-06T23:04:00,2017-04-06T23:04:00,13,13
http://irail.be/vehicle/IC722,NO-URI,IC,2017-04-06T23:06:00,2017-04-06T23:06:00,11,11
http://irail.be/vehicle/IC722,http://irail.be/stations/NMBS/008894201,IC,2017-04-06T23:09:00,2017-04-06T23:08:00,98,65
http://irail.be/vehicle/IC722,http://irail.be/stations/NMBS/008894151,IC,2017-04-06T23:15:00,2017-04-06T23:15:00,98,98
http://irail.be/vehicle/IC722,http://irail.be/stations/NMBS/008893120,IC,2017-04-06T23:24:00,2017-04-06T23:23:00,96,44
http://irail.be/vehicle/IC722,http://irail.be/stations/NMBS/008893179,IC,2017-04-06T23:26:00,2017-04-06T23:26:00,96,96
http://irail.be/vehicle/IC722,NO-URI,IC,2017-04-06T23:27:00,2017-04-06T23:27:00,36,36
http://irail.be/vehicle/IC722,http://irail.be/stations/NMBS/008892007,IC,2017-04-06T23:36:00,2017-04-06T23:33:00,24,13
http://irail.be/vehicle/IC722,http://irail.be/stations/NMBS/008892080,IC,2017-04-06T23:43:00,2017-04-06T23:42:00,17,29
http://irail.be/vehicle/IC722,NO-URI,IC,2017-04-06T23:48:00,2017-04-06T23:48:00,-37,-37
http://irail.be/vehicle/IC722,http://irail.be/stations/NMBS/008892106,IC,2017-04-06T23:50:00,2017-04-06T23:49:00,28,-28
http://irail.be/vehicle/IC722,http://irail.be/stations/NMBS/008896149,IC,2017-04-06T23:58:00,2017-04-06T23:57:00,258,-13
http://irail.be/vehicle/IC722,http://irail.be/stations/NMBS/008896115,IC,2017-04-07T00:04:00,2017-04-07T00:04:00,258,258
http://irail.be/vehicle/IC722,http://irail.be/stations/NMBS/008896008,IC,2017-04-07T00:10:00,2017-04-07T00:10:00,,146
http://irail.be/vehicle/IC722,http://irail.be/stations/NMBS/008821006,IC,2017-09-07T22:37:00,2017-09-07T22:37:00,18,
http://irail.be/vehicle/IC722,http://irail.be/stations/NMBS/008821121,IC,2017-09-07T22:43:00,2017-09-07T22:41:00,20,20
http://irail.be/vehicle/IC722,http://irail.be/stations/NMBS/008821196,IC,2017-09-07T22:46:00,2017-09-07T22:46:00,-35,-35
http://irail.be/vehicle/IC722,NO-URI,IC,2017-09-07T22:50:00,2017-09-07T22:50:00,-35,-35
http://irail.be/vehicle/IC722,http://irail.be/stations/NMBS/008894821,IC,2017-09-07T22:50:00,2017-09-07T22:50:00,-11,-11
http://irail.be/vehicle/IC722,http://irail.be/stations/NMBS/008894755,IC,2017-09-07T22:52:00,2017-09-07T22:52:00,-35,-35
http://irail.be/vehicle/IC722,http://irail.be/stations/NMBS/008894748,IC,2017-09-07T22:53:00,2017-09-07T22:53:00,-35,-35
http://irail.be/vehicle/IC722,http://irail.be/stations/NMBS/008894714,IC,2017-09-07T22:55:00,2017-09-07T22:55:00,-34,-34
http://irail.be/vehicle/IC722,NO-URI,IC,2017-09-07T22:57:00,2017-09-07T22:57:00,-76,-76
http://irail.be/vehicle/IC722,http://irail.be/stations/NMBS/008894508,IC,2017-09-07T23:00:00,2017-09-07T22:59:00,56,-145
http://irail.be/vehicle/IC722,http://irail.be/stations/NMBS/008894433,IC,2017-09-07T23:03:00,2017-09-07T23:03:00,56,56
http://irail.be/vehicle/IC722,http://irail.be/stations/NMBS/008894425,IC,2017-09-07T23:03:00,2017-09-07T23:03:00,54,54
http://irail.be/vehicle/IC722,NO-URI,IC,2017-09-07T23:06:00,2017-09-07T23:06:00,15,15
http://irail.be/vehicle/IC722,http://irail.be/stations/NMBS/008894201,IC,2017-09-07T23:09:00,2017-09-07T23:08:00,11,-3
http://irail.be/vehicle/IC722,http://irail.be/stations/NMBS/008894151,IC,2017-09-07T23:15:00,2017-09-07T23:15:00,11,11
http://irail.be/vehicle/IC722,http://irail.be/stations/NMBS/008893120,IC,2017-09-07T23:24:00,2017-09-07T23:23:00,37,-71
http://irail.be/vehicle/IC722,http://irail.be/stations/NMBS/008893179,IC,2017-09-07T23:26:00,2017-09-07T23:26:00,37,37
http://irail.be/vehicle/IC722,NO-URI,IC,2017-09-07T23:27:00,2017-09-07T23:27:00,-19,-19
http://irail.be/vehicle/IC722,http://irail.be/stations/NMBS/008892007,IC,2017-09-07T23:36:00,2017-09-07T23:33:00,9,-45
http://irail.be/vehicle/IC722,http://irail.be/stations/NMBS/008892080,IC,2017-09-07T23:43:00,2017-09-07T23:42:00,-29,-18
http://irail.be/vehicle/IC722,NO-URI,IC,2017-09-07T23:48:00,2017-09-07T23:48:00,-90,-90
http://irail.be/vehicle/IC722,http://irail.be/stations/NMBS/008892106,IC,2017-09-07T23:50:00,2017-09-07T23:49:00,4,-81
http://irail.be/vehicle/IC722,http://irail.be/stations/NMBS/008896149,IC,2017-09-07T23:58:00,2017-09-07T23:57:00,4,-48
http://irail.be/vehicle/IC722,http://irail.be/stations/NMBS/008896115,IC,2017-09-08T00:04:00,2017-09-08T00:04:00,-34,-34
http://irail.be/vehicle/IC722,http://irail.be/stations/NMBS/008896008,IC,2017-09-08T00:10:00,2017-09-08T00:10:00,,-84
http://irail.be/vehicle/IC722,http://irail.be/stations/NMBS/008821006,IC,2017-07-25T22:37:00,2017-07-25T22:37:00,25,
http://irail.be/vehicle/IC722,http://irail.be/stations/NMBS/008821121,IC,2017-07-25T22:43:00,2017-07-25T22:41:00,24,24
http://irail.be/vehicle/IC722,http://irail.be/stations/NMBS/008821196,IC,2017-07-25T22:46:00,2017-07-25T22:46:00,-4,-4
http://irail.be/vehicle/IC722,NO-URI,IC,2017-07-25T22:50:00,2017-07-25T22:50:00,-4,-4
http://irail.be/vehicle/IC722,http://irail.be/stations/NMBS/008894821,IC,2017-07-25T22:50:00,2017-07-25T22:50:00,24,24
http://irail.be/vehicle/IC722,http://irail.be/stations/NMBS/008894755,IC,2017-07-25T22:52:00,2017-07-25T22:52:00,25,25
http://irail.be/vehicle/IC722,http://irail.be/stations/NMBS/008894748,IC,2017-07-25T22:53:00,2017-07-25T22:53:00,-4,-4
http://irail.be/vehicle/IC722,http://irail.be/stations/NMBS/008894714,IC,2017-07-25T22:56:00,2017-07-25T22:56:00,-22,-22
http://irail.be/vehicle/IC722,NO-URI,IC,2017-07-25T22:57:00,2017-07-25T22:57:00,-28,-28
http://irail.be/vehicle/IC722,http://irail.be/stations/NMBS/008894508,IC,2017-07-25T23:00:00,2017-07-25T22:59:00,73,-56
http://irail.be/vehicle/IC722,http://irail.be/stations/NMBS/008894433,IC,2017-07-25T23:03:00,2017-07-25T23:03:00,73,73
http://irail.be/vehicle/IC722,http://irail.be/stations/NMBS/008894425,IC,2017-07-25T23:04:00,2017-07-25T23:04:00,255,255
http://irail.be/vehicle/IC722,NO-URI,IC,2017-07-25T23:06:00,2017-07-25T23:06:00,291,291
http://irail.be/vehicle/IC722,http://irail.be/stations/NMBS/008894201,IC,2017-07-25T23:09:00,2017-07-25T23:08:00,383,336
http://irail.be/vehicle/IC722,http://irail.be/stations/NMBS/008894151,IC,2017-07-25T23:15:00,2017-07-25T23:15:00,383,383
http://irail.be/vehicle/IC722,http://irail.be/stations/NMBS/008893120,IC,2017-07-25T23:24:00,2017-07-25T23:23:00,334,289
http://irail.be/vehicle/IC722,http://irail.be/stations/NMBS/008893179,IC,2017-07-25T23:26:00,2017-07-25T23:26:00,334,334
http://irail.be/vehicle/IC722,NO-URI,IC,2017-07-25T23:27:00,2017-07-25T23:27:00,267,267
http://irail.be/vehicle/IC722,http://irail.be/stations/NMBS/008892007,IC,2017-07-25T23:36:00,2017-07-25T23:33:00,157,254
http://irail.be/vehicle/IC722,http://irail.be/stations/NMBS/008892080,IC,2017-07-25T23:43:00,2017-07-25T23:42:00,102,144
http://irail.be/vehicle/IC722,NO-URI,IC,2017-07-25T23:48:00,2017-07-25T23:48:00,47,47
http://irail.be/vehicle/IC722,http://irail.be/stations/NMBS/008892106,IC,2017-07-25T23:50:00,2017-07-25T23:49:00,78,50
http://irail.be/vehicle/IC722,http://irail.be/stations/NMBS/008896149,IC,2017-07-25T23:58:00,2017-07-25T23:57:00,13,29
http://irail.be/vehicle/IC722,http://irail.be/stations/NMBS/008896115,IC,2017-07-26T00:04:00,2017-07-26T00:04:00,-14,-14
http://irail.be/vehicle/IC722,http://irail.be/stations/NMBS/008896008,IC,2017-07-26T00:10:00,2017-07-26T00:10:00,,-103
http://irail.be/vehicle/IC722,http://irail.be/stations/NMBS/008821006,IC,2017-08-25T22:37:00,2017-08-25T22:37:00,17,
http://irail.be/vehicle/IC722,http://irail.be/stations/NMBS/008821121,IC,2017-08-25T22:43:00,2017-08-25T22:41:00,15,15
http://irail.be/vehicle/IC722,http://irail.be/stations/NMBS/008821196,IC,2017-08-25T22:46:00,2017-08-25T22:46:00,28,28
http://irail.be/vehicle/IC722,NO-URI,IC,2017-08-25T22:50:00,2017-08-25T22:50:00,28,28
http://irail.be/vehicle/IC722,http://irail.be/stations/NMBS/008894821,IC,2017-08-25T22:50:00,2017-08-25T22:50:00,54,54
http://irail.be/vehicle/IC722,http://irail.be/stations/NMBS/008894755,IC,2017-08-25T22:52:00,2017-08-25T22:52:00,44,44
http://irail.be/vehicle/IC722,http://irail.be/stations/NMBS/008894748,IC,2017-08-25T22:53:00,2017-08-25T22:53:00,17,17
http://irail.be/vehicle/IC722,http://irail.be/stations/NMBS/008894714,IC,2017-08-25T22:56:00,2017-08-25T22:56:00,3,3
http://irail.be/vehicle/IC722,NO-URI,IC,2017-08-25T22:57:00,2017-08-25T22:57:00,-4,-4
http://irail.be/vehicle/IC722,http://irail.be/stations/NMBS/008894508,IC,2017-08-25T23:00:00,2017-08-25T22:59:00,44,-40
http://irail.be/vehicle/IC722,http://irail.be/stations/NMBS/008894433,IC,2017-08-25T23:03:00,2017-08-25T23:03:00,44,44
http://irail.be/vehicle/IC722,http://irail.be/stations/NMBS/008894425,IC,2017-08-25T23:04:00,2017-08-25T23:04:00,20,20
http://irail.be/vehicle/IC722,NO-URI,IC,2017-08-25T23:06:00,2017-08-25T23:06:00,22,22
http://irail.be/vehicle/IC722,http://irail.be/stations/NMBS/008894201,IC,2017-08-25T23:09:00,2017-08-25T23:08:00,8,22
http://irail.be/vehicle/IC722,http://irail.be/stations/NMBS/008894151,IC,2017-08-25T23:15:00,2017-08-25T23:15:00,56,8
http://irail.be/vehicle/IC722,http://irail.be/stations/NMBS/008893120,IC,2017-08-25T23:24:00,2017-08-25T23:23:00,103,44
http://irail.be/vehicle/IC722,http://irail.be/stations/NMBS/008893179,IC,2017-08-25T23:26:00,2017-08-25T23:26:00,103,103
http://irail.be/vehicle/IC722,NO-URI,IC,2017-08-25T23:27:00,2017-08-25T23:27:00,62,62
http://irail.be/vehicle/IC722,http://irail.be/stations/NMBS/008892007,IC,2017-08-25T23:36:00,2017-08-25T23:33:00,7,26
http://irail.be/vehicle/IC722,http://irail.be/stations/NMBS/008892080,IC,2017-08-25T23:43:00,2017-08-25T23:42:00,-5,-15
http://irail.be/vehicle/IC722,NO-URI,IC,2017-08-25T23:48:00,2017-08-25T23:48:00,-27,-27
http://irail.be/vehicle/IC722,http://irail.be/stations/NMBS/008892106,IC,2017-08-25T23:50:00,2017-08-25T23:49:00,123,-13
http://irail.be/vehicle/IC722,http://irail.be/stations/NMBS/008896149,IC,2017-08-25T23:58:00,2017-08-25T23:57:00,27,53
http://irail.be/vehicle/IC722,http://irail.be/stations/NMBS/008896115,IC,2017-08-26T00:04:00,2017-08-26T00:04:00,-4,-19
http://irail.be/vehicle/IC722,http://irail.be/stations/NMBS/008896008,IC,2017-08-26T00:10:00,2017-08-26T00:10:00,,4
http://irail.be/vehicle/IC722,http://irail.be/stations/NMBS/008821006,IC,2017-11-17T22:37:00,2017-11-17T22:37:00,-4,
http://irail.be/vehicle/IC722,http://irail.be/stations/NMBS/008821121,IC,2017-11-17T22:43:00,2017-11-17T22:41:00,11,11
http://irail.be/vehicle/IC722,http://irail.be/stations/NMBS/008821196,IC,2017-11-17T22:46:00,2017-11-17T22:46:00,-29,-29
http://irail.be/vehicle/IC722,NO-URI,IC,2017-11-17T22:50:00,2017-11-17T22:50:00,-29,-29
http://irail.be/vehicle/IC722,http://irail.be/stations/NMBS/008894821,IC,2017-11-17T22:50:00,2017-11-17T22:50:00,-3,-3
http://irail.be/vehicle/IC722,http://irail.be/stations/NMBS/008894755,IC,2017-11-17T22:52:00,2017-11-17T22:52:00,-21,-21
http://irail.be/vehicle/IC722,http://irail.be/stations/NMBS/008894748,IC,2017-11-17T22:53:00,2017-11-17T22:53:00,-49,-49
http://irail.be/vehicle/IC722,http://irail.be/stations/NMBS/008894714,IC,2017-11-17T22:56:00,2017-11-17T22:56:00,-66,-66
http://irail.be/vehicle/IC722,NO-URI,IC,2017-11-17T22:57:00,2017-11-17T22:57:00,-79,-79
http://irail.be/vehicle/IC722,http://irail.be/stations/NMBS/008894508,IC,2017-11-17T23:00:00,2017-11-17T22:59:00,55,-114
http://irail.be/vehicle/IC722,http://irail.be/stations/NMBS/008894433,IC,2017-11-17T23:03:00,2017-11-17T23:03:00,55,55
http://irail.be/vehicle/IC722,http://irail.be/stations/NMBS/008894425,IC,2017-11-17T23:04:00,2017-11-17T23:04:00,21,21
http://irail.be/vehicle/IC722,NO-URI,IC,2017-11-17T23:06:00,2017-11-17T23:06:00,20,20
http://irail.be/vehicle/IC722,http://irail.be/stations/NMBS/008894201,IC,2017-11-17T23:09:00,2017-11-17T23:08:00,2,12
http://irail.be/vehicle/IC722,http://irail.be/stations/NMBS/008894151,IC,2017-11-17T23:15:00,2017-11-17T23:15:00,47,2
http://irail.be/vehicle/IC722,http://irail.be/stations/NMBS/008893120,IC,2017-11-17T23:24:00,2017-11-17T23:23:00,112,0
http://irail.be/vehicle/IC722,http://irail.be/stations/NMBS/008893179,IC,2017-11-17T23:26:00,2017-11-17T23:26:00,112,112
http://irail.be/vehicle/IC722,NO-URI,IC,2017-11-17T23:27:00,2017-11-17T23:27:00,86,86
http://irail.be/vehicle/IC722,http://irail.be/stations/NMBS/008892007,IC,2017-11-17T23:36:00,2017-11-17T23:33:00,14,66
http://irail.be/vehicle/IC722,http://irail.be/stations/NMBS/008892080,IC,2017-11-17T23:43:00,2017-11-17T23:42:00,-10,-7
http://irail.be/vehicle/IC722,NO-URI,IC,2017-11-17T23:48:00,2017-11-17T23:48:00,-56,-56
http://irail.be/vehicle/IC722,http://irail.be/stations/NMBS/008892106,IC,2017-11-17T23:50:00,2017-11-17T23:49:00,42,-48
http://irail.be/vehicle/IC722,http://irail.be/stations/NMBS/008896149,IC,2017-11-17T23:58:00,2017-11-17T23:57:00,117,101
http://irail.be/vehicle/IC722,http://irail.be/stations/NMBS/008896115,IC,2017-11-18T00:04:00,2017-11-18T00:04:00,108,106
http://irail.be/vehicle/IC722,http://irail.be/stations/NMBS/008896008,IC,2017-11-18T00:10:00,2017-11-18T00:10:00,,49
http://irail.be/vehicle/IC722,http://irail.be/stations/NMBS/008821006,IC,2017-11-07T22:37:00,2017-11-07T22:37:00,23,
http://irail.be/vehicle/IC722,http://irail.be/stations/NMBS/008821121,IC,2017-11-07T22:43:00,2017-11-07T22:41:00,24,24
http://irail.be/vehicle/IC722,http://irail.be/stations/NMBS/008821196,IC,2017-11-07T22:46:00,2017-11-07T22:46:00,18,18
http://irail.be/vehicle/IC722,NO-URI,IC,2017-11-07T22:50:00,2017-11-07T22:50:00,18,18
http://irail.be/vehicle/IC722,http://irail.be/stations/NMBS/008894821,IC,2017-11-07T22:50:00,2017-11-07T22:50:00,43,43
http://irail.be/vehicle/IC722,http://irail.be/stations/NMBS/008894755,IC,2017-11-07T22:52:00,2017-11-07T22:52:00,21,21
http://irail.be/vehicle/IC722,http://irail.be/stations/NMBS/008894748,IC,2017-11-07T22:53:00,2017-11-07T22:53:00,-10,-10
http://irail.be/vehicle/IC722,http://irail.be/stations/NMBS/008894714,IC,2017-11-07T22:56:00,2017-11-07T22:56:00,-33,-33
http://irail.be/vehicle/IC722,NO-URI,IC,2017-11-07T22:57:00,2017-11-07T22:57:00,-46,-46
http://irail.be/vehicle/IC722,http://irail.be/stations/NMBS/008894508,IC,2017-11-07T23:00:00,2017-11-07T22:59:00,54,-83
http://irail.be/vehicle/IC722,http://irail.be/stations/NMBS/008894433,IC,2017-11-07T23:03:00,2017-11-07T23:03:00,54,54
http://irail.be/vehicle/IC722,http://irail.be/stations/NMBS/008894425,IC,2017-11-07T23:04:00,2017-11-07T23:04:00,24,24
http://irail.be/vehicle/IC722,NO-URI,IC,2017-11-07T23:06:00,2017-11-07T23:06:00,17,17
http://irail.be/vehicle/IC722,http://irail.be/stations/NMBS/008894201,IC,2017-11-07T23:09:00,2017-11-07T23:08:00,7,8
http://irail.be/vehicle/IC722,http://irail.be/stations/NMBS/008894151,IC,2017-11-07T23:15:00,2017-11-07T23:15:00,7,7
http://irail.be/vehicle/IC722,http://irail.be/stations/NMBS/008893120,IC,2017-11-07T23:24:00,2017-11-07T23:23:00,92,-15
http://irail.be/vehicle/IC722,http://irail.be/stations/NMBS/008893179,IC,2017-11-07T23:26:00,2017-11-07T23:26:00,92,92
http://irail.be/vehicle/IC722,NO-URI,IC,2017-11-07T23:27:00,2017-11-07T23:27:00,90,90
http://irail.be/vehicle/IC722,http://irail.be/stations/NMBS/008892007,IC,2017-11-07T23:36:00,2017-11-07T23:33:00,21,61
http://irail.be/vehicle/IC722,http://irail.be/stations/NMBS/008892080,IC,2017-11-07T23:43:00,2017-11-07T23:42:00,-14,-14
http://irail.be/vehicle/IC722,NO-URI,IC,2017-11-07T23:48:00,2017-11-07T23:48:00,-64,-64
http://irail.be/vehicle/IC722,http://irail.be/stations/NMBS/008892106,IC,2017-11-07T23:50:00,2017-11-07T23:49:00,36,-57
http://irail.be/vehicle/IC722,http://irail.be/stations/NMBS/008896149,IC,2017-11-07T23:58:00,2017-11-07T23:57:00,13,-28
http://irail.be/vehicle/IC722,http://irail.be/stations/NMBS/008896115,IC,2017-11-08T00:04:00,2017-11-08T00:04:00,-13,-41
http://irail.be/vehicle/IC722,http://irail.be/stations/NMBS/008896008,IC,2017-11-08T00:10:00,2017-11-08T00:10:00,,-24
http://irail.be/vehicle/IC722,http://irail.be/stations/NMBS/008821006,IC,2017-07-09T22:37:00,2017-07-09T22:37:00,13,
http://irail.be/vehicle/IC722,http://irail.be/stations/NMBS/008821121,IC,2017-07-09T22:43:00,2017-07-09T22:41:00,159,159
http://irail.be/vehicle/IC722,http://irail.be/stations/NMBS/008821196,IC,2017-07-09T22:46:00,2017-07-09T22:46:00,120,120
http://irail.be/vehicle/IC722,NO-URI,IC,2017-07-09T22:50:00,2017-07-09T22:50:00,120,120
http://irail.be/vehicle/IC722,http://irail.be/stations/NMBS/008894821,IC,2017-07-09T22:50:00,2017-07-09T22:50:00,144,144
http://irail.be/vehicle/IC722,http://irail.be/stations/NMBS/008894755,IC,2017-07-09T22:52:00,2017-07-09T22:52:00,124,124
http://irail.be/vehicle/IC722,http://irail.be/stations/NMBS/008894748,IC,2017-07-09T22:53:00,2017-07-09T22:53:00,93,93
http://irail.be/vehicle/IC722,http://irail.be/stations/NMBS/008894714,IC,2017-07-09T22:56:00,2017-07-09T22:56:00,69,69
http://irail.be/vehicle/IC722,NO-URI,IC,2017-07-09T22:57:00,2017-07-09T22:57:00,55,55
http://irail.be/vehicle/IC722,http://irail.be/stations/NMBS/008894508,IC,2017-07-09T23:01:00,2017-07-09T22:59:00,65,14
http://irail.be/vehicle/IC722,http://irail.be/stations/NMBS/008894433,IC,2017-07-09T23:04:00,2017-07-09T23:04:00,65,65
http://irail.be/vehicle/IC722,http://irail.be/stations/NMBS/008894425,IC,2017-07-09T23:05:00,2017-07-09T23:05:00,27,27
http://irail.be/vehicle/IC722,NO-URI,IC,2017-07-09T23:07:00,2017-07-09T23:07:00,21,21
http://irail.be/vehicle/IC722,http://irail.be/stations/NMBS/008894201,IC,2017-07-09T23:11:00,2017-07-09T23:09:00,-13,9
http://irail.be/vehicle/IC722,http://irail.be/stations/NMBS/008894151,IC,2017-07-09T23:16:00,2017-07-09T23:16:00,-13,-13
http://irail.be/vehicle/IC722,http://irail.be/stations/NMBS/008893120,IC,2017-07-09T23:24:00,2017-07-09T23:23:00,28,-69
http://irail.be/vehicle/IC722,http://irail.be/stations/NMBS/008893179,IC,2017-07-09T23:26:00,2017-07-09T23:26:00,28,28
http://irail.be/vehicle/IC722,NO-URI,IC,2017-07-09T23:27:00,2017-07-09T23:27:00,63,63
http://irail.be/vehicle/IC722,http://irail.be/stations/NMBS/008892007,IC,2017-07-09T23:36:00,2017-07-09T23:33:00,15,43
http://irail.be/vehicle/IC722,http://irail.be/stations/NMBS/008892080,IC,2017-07-09T23:43:00,2017-07-09T23:42:00,40,17
http://irail.be/vehicle/IC722,NO-URI,IC,2017-07-09T23:47:00,2017-07-09T23:47:00,22,22
http://irail.be/vehicle/IC722,http://irail.be/stations/NMBS/008892106,IC,2017-07-09T23:50:00,2017-07-09T23:49:00,38,26
http://irail.be/vehicle/IC722,http://irail.be/stations/NMBS/008896149,IC,2017-07-09T23:58:00,2017-07-09T23:57:00,9,-5
http://irail.be/vehicle/IC722,http://irail.be/stations/NMBS/008896115,IC,2017-07-10T00:04:00,2017-07-10T00:04:00,-13,-14
http://irail.be/vehicle/IC722,http://irail.be/stations/NMBS/008896008,IC,2017-07-10T00:10:00,2017-07-10T00:10:00,,-71
http://irail.be/vehicle/IC722,NO-URI,IC,2017-10-22T22:31:00,2017-10-22T22:31:00,2170,
http://irail.be/vehicle/IC722,http://irail.be/stations/NMBS/008894821,IC,2017-10-22T22:34:00,2017-10-22T22:34:00,2170,2170
http://irail.be/vehicle/IC722,http://irail.be/stations/NMBS/008894755,IC,2017-10-22T22:41:00,2017-10-22T22:41:00,2005,2005
http://irail.be/vehicle/IC722,http://irail.be/stations/NMBS/008894748,IC,2017-10-22T22:44:00,2017-10-22T22:44:00,1994,1994
http://irail.be/vehicle/IC722,http://irail.be/stations/NMBS/008894714,IC,2017-10-22T22:49:00,2017-10-22T22:49:00,1984,1983
http://irail.be/vehicle/IC722,NO-URI,IC,2017-10-22T22:51:00,2017-10-22T22:51:00,1984,1984
http://irail.be/vehicle/IC722,http://irail.be/stations/NMBS/008894508,IC,2017-10-22T22:55:00,2017-10-22T22:53:00,1927,1955
http://irail.be/vehicle/IC722,http://irail.be/stations/NMBS/008894433,IC,2017-10-22T22:59:00,2017-10-22T22:59:00,1927,1927
http://irail.be/vehicle/IC722,http://irail.be/stations/NMBS/008894425,IC,2017-10-22T23:02:00,2017-10-22T23:02:00,1902,1902
http://irail.be/vehicle/IC722,NO-URI,IC,2017-10-22T23:06:00,2017-10-22T23:06:00,1858,1858
http://irail.be/vehicle/IC722,http://irail.be/stations/NMBS/008894201,IC,2017-10-22T23:11:00,2017-10-22T23:09:00,1697,1811
http://irail.be/vehicle/IC722,http://irail.be/stations/NMBS/008894151,IC,2017-10-22T23:16:00,2017-10-22T23:16:00,1697,1697
http://irail.be/vehicle/IC722,http://irail.be/stations/NMBS/008893120,IC,2017-10-22T23:24:00,2017-10-22T23:23:00,1691,1646
http://irail.be/vehicle/IC722,http://irail.be/stations/NMBS/008893179,IC,2017-10-22T23:26:00,2017-10-22T23:26:00,1691,1691
http://irail.be/vehicle/IC722,NO-URI,IC,2017-10-22T23:27:00,2017-10-22T23:27:00,1638,1638
http://irail.be/vehicle/IC722,http://irail.be/stations/NMBS/008892007,IC,2017-10-22T23:36:00,2017-10-22T23:33:00,1514,1618
http://irail.be/vehicle/IC722,http://irail.be/stations/NMBS/008892080,IC,2017-10-22T23:43:00,2017-10-22T23:42:00,1502,1515
http://irail.be/vehicle/IC722,NO-URI,IC,2017-10-22T23:47:00,2017-10-22T23:47:00,1486,1486
http://irail.be/vehicle/IC722,http://irail.be/stations/NMBS/008892106,IC,2017-10-22T23:50:00,2017-10-22T23:49:00,1449,1480
http://irail.be/vehicle/IC722,http://irail.be/stations/NMBS/008896149,IC,2017-10-22T23:58:00,2017-10-22T23:57:00,1394,1402
http://irail.be/vehicle/IC722,http://irail.be/stations/NMBS/008896115,IC,2017-10-23T00:04:00,2017-10-23T00:04:00,1355,1355
http://irail.be/vehicle/IC722,http://irail.be/stations/NMBS/008896008,IC,2017-10-23T00:10:00,2017-10-23T00:10:00,,1284
http://irail.be/vehicle/IC722,http://irail.be/stations/NMBS/008821006,IC,2017-04-08T22:37:00,2017-04-08T22:37:00,30,
http://irail.be/vehicle/IC722,http://irail.be/stations/NMBS/008821121,IC,2017-04-08T22:43:00,2017-04-08T22:41:00,49,49
http://irail.be/vehicle/IC722,http://irail.be/stations/NMBS/008821196,IC,2017-04-08T22:46:00,2017-04-08T22:46:00,68,68
http://irail.be/vehicle/IC722,NO-URI,IC,2017-04-08T22:50:00,2017-04-08T22:50:00,68,68
http://irail.be/vehicle/IC722,http://irail.be/stations/NMBS/008894821,IC,2017-04-08T22:50:00,2017-04-08T22:50:00,90,90
http://irail.be/vehicle/IC722,http://irail.be/stations/NMBS/008894755,IC,2017-04-08T22:52:00,2017-04-08T22:52:00,72,72
http://irail.be/vehicle/IC722,http://irail.be/stations/NMBS/008894748,IC,2017-04-08T22:53:00,2017-04-08T22:53:00,73,73
http://irail.be/vehicle/IC722,http://irail.be/stations/NMBS/008894714,IC,2017-04-08T22:55:00,2017-04-08T22:55:00,74,74
http://irail.be/vehicle/IC722,NO-URI,IC,2017-04-08T22:57:00,2017-04-08T22:57:00,33,33
http://irail.be/vehicle/IC722,http://irail.be/stations/NMBS/008894508,IC,2017-04-08T23:01:00,2017-04-08T22:59:00,122,-34
http://irail.be/vehicle/IC722,http://irail.be/stations/NMBS/008894433,IC,2017-04-08T23:04:00,2017-04-08T23:04:00,122,122
http://irail.be/vehicle/IC722,http://irail.be/stations/NMBS/008894425,IC,2017-04-08T23:04:00,2017-04-08T23:04:00,127,127
http://irail.be/vehicle/IC722,NO-URI,IC,2017-04-08T23:07:00,2017-04-08T23:07:00,83,83
http://irail.be/vehicle/IC722,http://irail.be/stations/NMBS/008894201,IC,2017-04-08T23:11:00,2017-04-08T23:09:00,-7,55
http://irail.be/vehicle/IC722,http://irail.be/stations/NMBS/008894151,IC,2017-04-08T23:16:00,2017-04-08T23:16:00,-7,-7
http://irail.be/vehicle/IC722,NO-URI,IC,2017-04-08T23:22:00,2017-04-08T23:22:00,-175,-175
http://irail.be/vehicle/IC722,http://irail.be/stations/NMBS/008893120,IC,2017-04-08T23:24:00,2017-04-08T23:23:00,3,-90
http://irail.be/vehicle/IC722,http://irail.be/stations/NMBS/008893179,IC,2017-04-08T23:26:00,2017-04-08T23:26:00,3,3
http://irail.be/vehicle/IC722,NO-URI,IC,2017-04-08T23:27:00,2017-04-08T23:27:00,-69,-69
http://irail.be/vehicle/IC722,http://irail.be/stations/NMBS/008892007,IC,2017-04-08T23:36:00,2017-04-08T23:33:00,26,-99
http://irail.be/vehicle/IC722,http://irail.be/stations/NMBS/008892080,IC,2017-04-08T23:43:00,2017-04-08T23:42:00,33,27
http://irail.be/vehicle/IC722,NO-URI,IC,2017-04-08T23:47:00,2017-04-08T23:47:00,27,27
http://irail.be/vehicle/IC722,http://irail.be/stations/NMBS/008892106,IC,2017-04-08T23:50:00,2017-04-08T23:49:00,21,26
http://irail.be/vehicle/IC722,http://irail.be/stations/NMBS/008896149,IC,2017-04-08T23:58:00,2017-04-08T23:57:00,-12,-36
http://irail.be/vehicle/IC722,http://irail.be/stations/NMBS/008896115,IC,2017-04-09T00:04:00,2017-04-09T00:04:00,-12,-12
http://irail.be/vehicle/IC722,http://irail.be/stations/NMBS/008896008,IC,2017-04-09T00:10:00,2017-04-09T00:10:00,,-115
http://irail.be/vehicle/IC722,http://irail.be/stations/NMBS/008821006,IC,2017-01-05T22:37:00,2017-01-05T22:37:00,-40,
http://irail.be/vehicle/IC722,http://irail.be/stations/NMBS/008821121,IC,2017-01-05T22:43:00,2017-01-05T22:41:00,29,29
http://irail.be/vehicle/IC722,http://irail.be/stations/NMBS/008821196,IC,2017-01-05T22:46:00,2017-01-05T22:46:00,-26,-26
http://irail.be/vehicle/IC722,NO-URI,IC,2017-01-05T22:50:00,2017-01-05T22:50:00,-26,-26
http://irail.be/vehicle/IC722,http://irail.be/stations/NMBS/008894821,IC,2017-01-05T22:50:00,2017-01-05T22:50:00,-2,-2
http://irail.be/vehicle/IC722,http://irail.be/stations/NMBS/008894755,IC,2017-01-05T22:52:00,2017-01-05T22:52:00,-24,-24
http://irail.be/vehicle/IC722,http://irail.be/stations/NMBS/008894748,IC,2017-01-05T22:53:00,2017-01-05T22:53:00,-55,-55
http://irail.be/vehicle/IC722,http://irail.be/stations/NMBS/008894714,IC,2017-01-05T22:56:00,2017-01-05T22:56:00,-79,-79
http://irail.be/vehicle/IC722,NO-URI,IC,2017-01-05T22:57:00,2017-01-05T22:57:00,-93,-93
http://irail.be/vehicle/IC722,http://irail.be/stations/NMBS/008894508,IC,2017-01-05T23:00:00,2017-01-05T22:59:00,144,-136
http://irail.be/vehicle/IC722,http://irail.be/stations/NMBS/008894433,IC,2017-01-05T23:03:00,2017-01-05T23:03:00,144,144
http://irail.be/vehicle/IC722,http://irail.be/stations/NMBS/008894425,IC,2017-01-05T23:04:00,2017-01-05T23:04:00,94,94
http://irail.be/vehicle/IC722,NO-URI,IC,2017-01-05T23:06:00,2017-01-05T23:06:00,86,86
http://irail.be/vehicle/IC722,http://irail.be/stations/NMBS/008894201,IC,2017-01-05T23:09:00,2017-01-05T23:08:00,87,71
http://irail.be/vehicle/IC722,http://irail.be/stations/NMBS/008894151,IC,2017-01-05T23:15:00,2017-01-05T23:15:00,117,87
http://irail.be/vehicle/IC722,http://irail.be/stations/NMBS/008893120,IC,2017-01-05T23:24:00,2017-01-05T23:23:00,110,89
http://irail.be/vehicle/IC722,http://irail.be/stations/NMBS/008893179,IC,2017-01-05T23:26:00,2017-01-05T23:26:00,110,110
http://irail.be/vehicle/IC722,NO-URI,IC,2017-01-05T23:27:00,2017-01-05T23:27:00,40,40
http://irail.be/vehicle/IC722,http://irail.be/stations/NMBS/008892007,IC,2017-01-05T23:36:00,2017-01-05T23:33:00,36,4
http://irail.be/vehicle/IC722,http://irail.be/stations/NMBS/008892080,IC,2017-01-05T23:43:00,2017-01-05T23:42:00,-13,5
http://irail.be/vehicle/IC722,NO-URI,IC,2017-01-05T23:48:00,2017-01-05T23:48:00,-70,-70
http://irail.be/vehicle/IC722,http://irail.be/stations/NMBS/008892106,IC,2017-01-05T23:50:00,2017-01-05T23:49:00,40,-68
http://irail.be/vehicle/IC722,http://irail.be/stations/NMBS/008896149,IC,2017-01-05T23:58:00,2017-01-05T23:57:00,17,-23
http://irail.be/vehicle/IC722,http://irail.be/stations/NMBS/008896115,IC,2017-01-06T00:04:00,2017-01-06T00:04:00,5,5
http://irail.be/vehicle/IC722,http://irail.be/stations/NMBS/008896008,IC,2017-01-06T00:10:00,2017-01-06T00:10:00,,23
http://irail.be/vehicle/IC722,http://irail.be/stations/NMBS/008821006,IC,2017-07-01T22:37:00,2017-07-01T22:37:00,37,
http://irail.be/vehicle/IC722,http://irail.be/stations/NMBS/008821121,IC,2017-07-01T22:43:00,2017-07-01T22:41:00,11,11
http://irail.be/vehicle/IC722,http://irail.be/stations/NMBS/008821196,IC,2017-07-01T22:46:00,2017-07-01T22:46:00,-41,-41
http://irail.be/vehicle/IC722,NO-URI,IC,2017-07-01T22:50:00,2017-07-01T22:50:00,-41,-41
http://irail.be/vehicle/IC722,http://irail.be/stations/NMBS/008894821,IC,2017-07-01T22:50:00,2017-07-01T22:50:00,-18,-18
http://irail.be/vehicle/IC722,http://irail.be/stations/NMBS/008894755,IC,2017-07-01T22:52:00,2017-07-01T22:52:00,-40,-40
http://irail.be/vehicle/IC722,http://irail.be/stations/NMBS/008894748,IC,2017-07-01T22:53:00,2017-07-01T22:53:00,-68,-68
http://irail.be/vehicle/IC722,http://irail.be/stations/NMBS/008894714,IC,2017-07-01T22:56:00,2017-07-01T22:56:00,-88,-88
http://irail.be/vehicle/IC722,NO-URI,IC,2017-07-01T22:57:00,2017-07-01T22:57:00,-100,-100
http://irail.be/vehicle/IC722,http://irail.be/stations/NMBS/008894508,IC,2017-07-01T23:01:00,2017-07-01T22:59:00,40,-141
http://irail.be/vehicle/IC722,http://irail.be/stations/NMBS/008894433,IC,2017-07-01T23:04:00,2017-07-01T23:04:00,40,40
http://irail.be/vehicle/IC722,http://irail.be/stations/NMBS/008894425,IC,2017-07-01T23:05:00,2017-07-01T23:05:00,-4,-4
http://irail.be/vehicle/IC722,NO-URI,IC,2017-07-01T23:07:00,2017-07-01T23:07:00,-11,-11
http://irail.be/vehicle/IC722,http://irail.be/stations/NMBS/008894201,IC,2017-07-01T23:11:00,2017-07-01T23:09:00,-2,-15
http://irail.be/vehicle/IC722,http://irail.be/stations/NMBS/008894151,IC,2017-07-01T23:16:00,2017-07-01T23:16:00,-2,-2
http://irail.be/vehicle/IC722,http://irail.be/stations/NMBS/008893120,IC,2017-07-01T23:24:00,2017-07-01T23:23:00,62,16
http://irail.be/vehicle/IC722,http://irail.be/stations/NMBS/008893179,IC,2017-07-01T23:26:00,2017-07-01T23:26:00,62,62
http://irail.be/vehicle/IC722,NO-URI,IC,2017-07-01T23:27:00,2017-07-01T23:27:00,2,2
http://irail.be/vehicle/IC722,http://irail.be/stations/NMBS/008892007,IC,2017-07-01T23:36:00,2017-07-01T23:33:00,2,-14
http://irail.be/vehicle/IC722,http://irail.be/stations/NMBS/008892080,IC,2017-07-01T23:43:00,2017-07-01T23:42:00,41,19
http://irail.be/vehicle/IC722,NO-URI,IC,2017-07-01T23:47:00,2017-07-01T23:47:00,21,21
http://irail.be/vehicle/IC722,http://irail.be/stations/NMBS/008892106,IC,2017-07-01T23:50:00,2017-07-01T23:49:00,72,23
http://irail.be/vehicle/IC722,http://irail.be/stations/NMBS/008896149,IC,2017-07-01T23:58:00,2017-07-01T23:57:00,-8,14
http://irail.be/vehicle/IC722,http://irail.be/stations/NMBS/008896115,IC,2017-07-02T00:04:00,2017-07-02T00:04:00,-53,-53
http://irail.be/vehicle/IC722,http://irail.be/stations/NMBS/008896008,IC,2017-07-02T00:10:00,2017-07-02T00:10:00,,-142
http://irail.be/vehicle/IC722,http://irail.be/stations/NMBS/008821006,IC,2017-08-28T22:37:00,2017-08-28T22:37:00,6,
http://irail.be/vehicle/IC722,http://irail.be/stations/NMBS/008821121,IC,2017-08-28T22:43:00,2017-08-28T22:41:00,10,10
http://irail.be/vehicle/IC722,http://irail.be/stations/NMBS/008821196,IC,2017-08-28T22:46:00,2017-08-28T22:46:00,-18,-18
http://irail.be/vehicle/IC722,NO-URI,IC,2017-08-28T22:50:00,2017-08-28T22:50:00,-18,-18
http://irail.be/vehicle/IC722,http://irail.be/stations/NMBS/008894821,IC,2017-08-28T22:50:00,2017-08-28T22:50:00,6,6
http://irail.be/vehicle/IC722,http://irail.be/stations/NMBS/008894755,IC,2017-08-28T22:52:00,2017-08-28T22:52:00,-16,-16
http://irail.be/vehicle/IC722,http://irail.be/stations/NMBS/008894748,IC,2017-08-28T22:53:00,2017-08-28T22:53:00,-48,-48
http://irail.be/vehicle/IC722,http://irail.be/stations/NMBS/008894714,IC,2017-08-28T22:56:00,2017-08-28T22:56:00,-71,-71
http://irail.be/vehicle/IC722,NO-URI,IC,2017-08-28T22:57:00,2017-08-28T22:57:00,-83,-83
http://irail.be/vehicle/IC722,http://irail.be/stations/NMBS/008894508,IC,2017-08-28T23:00:00,2017-08-28T22:59:00,125,-126
http://irail.be/vehicle/IC722,http://irail.be/stations/NMBS/008894433,IC,2017-08-28T23:03:00,2017-08-28T23:03:00,125,125
http://irail.be/vehicle/IC722,http://irail.be/stations/NMBS/008894425,IC,2017-08-28T23:04:00,2017-08-28T23:04:00,83,83
http://irail.be/vehicle/IC722,NO-URI,IC,2017-08-28T23:06:00,2017-08-28T23:06:00,76,76
http://irail.be/vehicle/IC722,http://irail.be/stations/NMBS/008894201,IC,2017-08-28T23:09:00,2017-08-28T23:08:00,47,64
http://irail.be/vehicle/IC722,http://irail.be/stations/NMBS/008894151,IC,2017-08-28T23:15:00,2017-08-28T23:15:00,83,47
http://irail.be/vehicle/IC722,http://irail.be/stations/NMBS/008893120,IC,2017-08-28T23:24:00,2017-08-28T23:23:00,84,22
http://irail.be/vehicle/IC722,http://irail.be/stations/NMBS/008893179,IC,2017-08-28T23:26:00,2017-08-28T23:26:00,84,84
http://irail.be/vehicle/IC722,NO-URI,IC,2017-08-28T23:27:00,2017-08-28T23:27:00,44,44
http://irail.be/vehicle/IC722,http://irail.be/stations/NMBS/008892007,IC,2017-08-28T23:36:00,2017-08-28T23:33:00,17,20
http://irail.be/vehicle/IC722,http://irail.be/stations/NMBS/008892080,IC,2017-08-28T23:43:00,2017-08-28T23:42:00,-29,20
http://irail.be/vehicle/IC722,NO-URI,IC,2017-08-28T23:48:00,2017-08-28T23:48:00,-85,-85
http://irail.be/vehicle/IC722,http://irail.be/stations/NMBS/008892106,IC,2017-08-28T23:50:00,2017-08-28T23:49:00,23,-77
http://irail.be/vehicle/IC722,http://irail.be/stations/NMBS/008896149,IC,2017-08-28T23:58:00,2017-08-28T23:57:00,34,-38
http://irail.be/vehicle/IC722,http://irail.be/stations/NMBS/008896115,IC,2017-08-29T00:04:00,2017-08-29T00:04:00,30,-15
http://irail.be/vehicle/IC722,http://irail.be/stations/NMBS/008896008,IC,2017-08-29T00:10:00,2017-08-29T00:10:00,,-30
http://irail.be/vehicle/IC722,http://irail.be/stations/NMBS/008821006,IC,2017-04-16T22:37:00,2017-04-16T22:37:00,27,
http://irail.be/vehicle/IC722,http://irail.be/stations/NMBS/008821121,IC,2017-04-16T22:43:00,2017-04-16T22:41:00,29,29
http://irail.be/vehicle/IC722,http://irail.be/stations/NMBS/008821196,IC,2017-04-16T22:46:00,2017-04-16T22:46:00,6,6
http://irail.be/vehicle/IC722,NO-URI,IC,2017-04-16T22:50:00,2017-04-16T22:50:00,6,6
http://irail.be/vehicle/IC722,http://irail.be/stations/NMBS/008894821,IC,2017-04-16T22:50:00,2017-04-16T22:50:00,33,33
http://irail.be/vehicle/IC722,http://irail.be/stations/NMBS/008894755,IC,2017-04-16T22:52:00,2017-04-16T22:52:00,17,17
http://irail.be/vehicle/IC722,http://irail.be/stations/NMBS/008894748,IC,2017-04-16T22:53:00,2017-04-16T22:53:00,-13,-13
http://irail.be/vehicle/IC722,http://irail.be/stations/NMBS/008894714,IC,2017-04-16T22:56:00,2017-04-16T22:56:00,-34,-34
http://irail.be/vehicle/IC722,NO-URI,IC,2017-04-16T22:57:00,2017-04-16T22:57:00,-46,-46
http://irail.be/vehicle/IC722,http://irail.be/stations/NMBS/008894508,IC,2017-04-16T23:01:00,2017-04-16T22:59:00,69,-81
http://irail.be/vehicle/IC722,http://irail.be/stations/NMBS/008894433,IC,2017-04-16T23:04:00,2017-04-16T23:04:00,69,69
http://irail.be/vehicle/IC722,http://irail.be/stations/NMBS/008894425,IC,2017-04-16T23:05:00,2017-04-16T23:05:00,54,54
http://irail.be/vehicle/IC722,NO-URI,IC,2017-04-16T23:07:00,2017-04-16T23:07:00,50,50
http://irail.be/vehicle/IC722,http://irail.be/stations/NMBS/008894201,IC,2017-04-16T23:11:00,2017-04-16T23:09:00,9,40
http://irail.be/vehicle/IC722,http://irail.be/stations/NMBS/008894151,IC,2017-04-16T23:16:00,2017-04-16T23:16:00,9,9
http://irail.be/vehicle/IC722,http://irail.be/stations/NMBS/008893120,IC,2017-04-16T23:24:00,2017-04-16T23:23:00,67,-30
http://irail.be/vehicle/IC722,http://irail.be/stations/NMBS/008893179,IC,2017-04-16T23:26:00,2017-04-16T23:26:00,67,67
http://irail.be/vehicle/IC722,NO-URI,IC,2017-04-16T23:27:00,2017-04-16T23:27:00,45,45
http://irail.be/vehicle/IC722,http://irail.be/stations/NMBS/008892007,IC,2017-04-16T23:36:00,2017-04-16T23:33:00,25,26
http://irail.be/vehicle/IC722,http://irail.be/stations/NMBS/008892080,IC,2017-04-16T23:43:00,2017-04-16T23:42:00,0,18
http://irail.be/vehicle/IC722,NO-URI,IC,2017-04-16T23:47:00,2017-04-16T23:47:00,-13,-13
http://irail.be/vehicle/IC722,http://irail.be/stations/NMBS/008892106,IC,2017-04-16T23:50:00,2017-04-16T23:49:00,22,-11
http://irail.be/vehicle/IC722,http://irail.be/stations/NMBS/008896149,IC,2017-04-16T23:58:00,2017-04-16T23:57:00,-2,-34
http://irail.be/vehicle/IC722,http://irail.be/stations/NMBS/008896115,IC,2017-04-17T00:04:00,2017-04-17T00:04:00,-64,-64
http://irail.be/vehicle/IC722,http://irail.be/stations/NMBS/008896008,IC,2017-04-17T00:10:00,2017-04-17T00:10:00,,-124
http://irail.be/vehicle/IC722,http://irail.be/stations/NMBS/008821006,IC,2017-01-30T22:37:00,2017-01-30T22:37:00,431,
http://irail.be/vehicle/IC722,http://irail.be/stations/NMBS/008821121,IC,2017-01-30T22:43:00,2017-01-30T22:41:00,316,316
http://irail.be/vehicle/IC722,http://irail.be/stations/NMBS/008821196,IC,2017-01-30T22:46:00,2017-01-30T22:46:00,268,268
http://irail.be/vehicle/IC722,NO-URI,IC,2017-01-30T22:50:00,2017-01-30T22:50:00,268,268
http://irail.be/vehicle/IC722,http://irail.be/stations/NMBS/008894821,IC,2017-01-30T22:50:00,2017-01-30T22:50:00,291,291
http://irail.be/vehicle/IC722,http://irail.be/stations/NMBS/008894755,IC,2017-01-30T22:52:00,2017-01-30T22:52:00,272,272
http://irail.be/vehicle/IC722,http://irail.be/stations/NMBS/008894748,IC,2017-01-30T22:53:00,2017-01-30T22:53:00,241,241
http://irail.be/vehicle/IC722,http://irail.be/stations/NMBS/008894714,IC,2017-01-30T22:56:00,2017-01-30T22:56:00,219,219
http://irail.be/vehicle/IC722,NO-URI,IC,2017-01-30T22:57:00,2017-01-30T22:57:00,206,206
http://irail.be/vehicle/IC722,http://irail.be/stations/NMBS/008894508,IC,2017-01-30T23:00:00,2017-01-30T22:59:00,295,165
http://irail.be/vehicle/IC722,http://irail.be/stations/NMBS/008894433,IC,2017-01-30T23:03:00,2017-01-30T23:03:00,295,295
http://irail.be/vehicle/IC722,http://irail.be/stations/NMBS/008894425,IC,2017-01-30T23:04:00,2017-01-30T23:04:00,252,252
http://irail.be/vehicle/IC722,NO-URI,IC,2017-01-30T23:06:00,2017-01-30T23:06:00,248,248
http://irail.be/vehicle/IC722,http://irail.be/stations/NMBS/008894201,IC,2017-01-30T23:09:00,2017-01-30T23:08:00,206,252
http://irail.be/vehicle/IC722,http://irail.be/stations/NMBS/008894151,IC,2017-01-30T23:15:00,2017-01-30T23:15:00,237,206
http://irail.be/vehicle/IC722,http://irail.be/stations/NMBS/008893120,IC,2017-01-30T23:24:00,2017-01-30T23:23:00,226,187
http://irail.be/vehicle/IC722,http://irail.be/stations/NMBS/008893179,IC,2017-01-30T23:26:00,2017-01-30T23:26:00,226,226
http://irail.be/vehicle/IC722,NO-URI,IC,2017-01-30T23:27:00,2017-01-30T23:27:00,150,150
http://irail.be/vehicle/IC722,http://irail.be/stations/NMBS/008892007,IC,2017-01-30T23:36:00,2017-01-30T23:33:00,125,209
http://irail.be/vehicle/IC722,http://irail.be/stations/NMBS/008892080,IC,2017-01-30T23:43:00,2017-01-30T23:42:00,53,105
http://irail.be/vehicle/IC722,NO-URI,IC,2017-01-30T23:48:00,2017-01-30T23:48:00,-4,-4
http://irail.be/vehicle/IC722,http://irail.be/stations/NMBS/008892106,IC,2017-01-30T23:50:00,2017-01-30T23:49:00,22,0
http://irail.be/vehicle/IC722,http://irail.be/stations/NMBS/008896149,IC,2017-01-30T23:58:00,2017-01-30T23:57:00,-8,-21
http://irail.be/vehicle/IC722,http://irail.be/stations/NMBS/008896115,IC,2017-01-31T00:04:00,2017-01-31T00:04:00,-72,-72
http://irail.be/vehicle/IC722,http://irail.be/stations/NMBS/008896008,IC,2017-01-31T00:10:00,2017-01-31T00:10:00,,-136
http://irail.be/vehicle/IC722,http://irail.be/stations/NMBS/008821006,IC,2017-08-03T22:37:00,2017-08-03T22:37:00,18,
http://irail.be/vehicle/IC722,http://irail.be/stations/NMBS/008821121,IC,2017-08-03T22:43:00,2017-08-03T22:41:00,21,21
http://irail.be/vehicle/IC722,http://irail.be/stations/NMBS/008821196,IC,2017-08-03T22:46:00,2017-08-03T22:46:00,7,7
http://irail.be/vehicle/IC722,NO-URI,IC,2017-08-03T22:50:00,2017-08-03T22:50:00,7,7
http://irail.be/vehicle/IC722,http://irail.be/stations/NMBS/008894821,IC,2017-08-03T22:50:00,2017-08-03T22:50:00,38,38
http://irail.be/vehicle/IC722,http://irail.be/stations/NMBS/008894755,IC,2017-08-03T22:52:00,2017-08-03T22:52:00,32,32
http://irail.be/vehicle/IC722,http://irail.be/stations/NMBS/008894748,IC,2017-08-03T22:53:00,2017-08-03T22:53:00,2,2
http://irail.be/vehicle/IC722,http://irail.be/stations/NMBS/008894714,IC,2017-08-03T22:56:00,2017-08-03T22:56:00,-16,-16
http://irail.be/vehicle/IC722,NO-URI,IC,2017-08-03T22:57:00,2017-08-03T22:57:00,-4,-4
http://irail.be/vehicle/IC722,http://irail.be/stations/NMBS/008894508,IC,2017-08-03T23:00:00,2017-08-03T22:59:00,118,26
http://irail.be/vehicle/IC722,http://irail.be/stations/NMBS/008894433,IC,2017-08-03T23:03:00,2017-08-03T23:03:00,118,118
http://irail.be/vehicle/IC722,http://irail.be/stations/NMBS/008894425,IC,2017-08-03T23:04:00,2017-08-03T23:04:00,74,74
http://irail.be/vehicle/IC722,NO-URI,IC,2017-08-03T23:06:00,2017-08-03T23:06:00,64,64
http://irail.be/vehicle/IC722,http://irail.be/stations/NMBS/008894201,IC,2017-08-03T23:09:00,2017-08-03T23:08:00,67,50
http://irail.be/vehicle/IC722,http://irail.be/stations/NMBS/008894151,IC,2017-08-03T23:15:00,2017-08-03T23:15:00,74,67
http://irail.be/vehicle/IC722,http://irail.be/stations/NMBS/008893120,IC,2017-08-03T23:24:00,2017-08-03T23:23:00,74,15
http://irail.be/vehicle/IC722,http://irail.be/stations/NMBS/008893179,IC,2017-08-03T23:26:00,2017-08-03T23:26:00,74,74
http://irail.be/vehicle/IC722,NO-URI,IC,2017-08-03T23:27:00,2017-08-03T23:27:00,-9,-9
http://irail.be/vehicle/IC722,http://irail.be/stations/NMBS/008892007,IC,2017-08-03T23:36:00,2017-08-03T23:33:00,31,-45
http://irail.be/vehicle/IC722,http://irail.be/stations/NMBS/008892080,IC,2017-08-03T23:43:00,2017-08-03T23:42:00,6,39
http://irail.be/vehicle/IC722,NO-URI,IC,2017-08-03T23:48:00,2017-08-03T23:48:00,-39,-39
http://irail.be/vehicle/IC722,http://irail.be/stations/NMBS/008892106,IC,2017-08-03T23:50:00,2017-08-03T23:49:00,66,-29
http://irail.be/vehicle/IC722,http://irail.be/stations/NMBS/008896149,IC,2017-08-03T23:58:00,2017-08-03T23:57:00,21,20
http://irail.be/vehicle/IC722,http://irail.be/stations/NMBS/008896115,IC,2017-08-04T00:04:00,2017-08-04T00:04:00,-27,-27
http://irail.be/vehicle/IC722,http://irail.be/stations/NMBS/008896008,IC,2017-08-04T00:10:00,2017-08-04T00:10:00,,-123
http://irail.be/vehicle/IC722,http://irail.be/stations/NMBS/008821006,IC,2017-04-10T22:37:00,2017-04-10T22:37:00,48,
http://irail.be/vehicle/IC722,http://irail.be/stations/NMBS/008821121,IC,2017-04-10T22:43:00,2017-04-10T22:41:00,73,73
http://irail.be/vehicle/IC722,http://irail.be/stations/NMBS/008821196,IC,2017-04-10T22:46:00,2017-04-10T22:46:00,37,37
http://irail.be/vehicle/IC722,NO-URI,IC,2017-04-10T22:50:00,2017-04-10T22:50:00,37,37
http://irail.be/vehicle/IC722,http://irail.be/stations/NMBS/008894821,IC,2017-04-10T22:50:00,2017-04-10T22:50:00,60,60
http://irail.be/vehicle/IC722,http://irail.be/stations/NMBS/008894755,IC,2017-04-10T22:52:00,2017-04-10T22:52:00,39,39
http://irail.be/vehicle/IC722,http://irail.be/stations/NMBS/008894748,IC,2017-04-10T22:53:00,2017-04-10T22:53:00,41,41
http://irail.be/vehicle/IC722,http://irail.be/stations/NMBS/008894714,IC,2017-04-10T22:55:00,2017-04-10T22:55:00,46,46
http://irail.be/vehicle/IC722,NO-URI,IC,2017-04-10T22:57:00,2017-04-10T22:57:00,4,4
http://irail.be/vehicle/IC722,http://irail.be/stations/NMBS/008894508,IC,2017-04-10T23:00:00,2017-04-10T22:59:00,79,-58
http://irail.be/vehicle/IC722,http://irail.be/stations/NMBS/008894433,IC,2017-04-10T23:03:00,2017-04-10T23:03:00,79,79
http://irail.be/vehicle/IC722,http://irail.be/stations/NMBS/008894425,IC,2017-04-10T23:03:00,2017-04-10T23:03:00,84,84
http://irail.be/vehicle/IC722,NO-URI,IC,2017-04-10T23:06:00,2017-04-10T23:06:00,41,41
http://irail.be/vehicle/IC722,http://irail.be/stations/NMBS/008894201,IC,2017-04-10T23:09:00,2017-04-10T23:08:00,-8,21
http://irail.be/vehicle/IC722,http://irail.be/stations/NMBS/008894151,IC,2017-04-10T23:15:00,2017-04-10T23:15:00,-7,-8
http://irail.be/vehicle/IC722,http://irail.be/stations/NMBS/008893120,IC,2017-04-10T23:24:00,2017-04-10T23:23:00,11,-51
http://irail.be/vehicle/IC722,http://irail.be/stations/NMBS/008893179,IC,2017-04-10T23:27:00,2017-04-10T23:27:00,11,11
http://irail.be/vehicle/IC722,NO-URI,IC,2017-04-10T23:34:00,2017-04-10T23:34:00,163,163
http://irail.be/vehicle/IC722,http://irail.be/stations/NMBS/008892007,IC,2017-04-10T23:39:00,2017-04-10T23:38:00,266,247
http://irail.be/vehicle/IC722,http://irail.be/stations/NMBS/008892080,IC,2017-04-10T23:45:00,2017-04-10T23:45:00,258,235
http://irail.be/vehicle/IC722,NO-URI,IC,2017-04-10T23:50:00,2017-04-10T23:50:00,201,201
http://irail.be/vehicle/IC722,http://irail.be/stations/NMBS/008892106,IC,2017-04-10T23:51:00,2017-04-10T23:51:00,277,202
http://irail.be/vehicle/IC722,http://irail.be/stations/NMBS/008896149,IC,2017-04-10T23:58:00,2017-04-10T23:58:00,251,211
http://irail.be/vehicle/IC722,http://irail.be/stations/NMBS/008896115,IC,2017-04-11T00:04:00,2017-04-11T00:04:00,251,251
http://irail.be/vehicle/IC722,http://irail.be/stations/NMBS/008896008,IC,2017-04-11T00:08:00,2017-04-11T00:08:00,,233
http://irail.be/vehicle/IC722,http://irail.be/stations/NMBS/008821006,IC,2017-12-13T22:37:00,2017-12-13T22:37:00,65,
http://irail.be/vehicle/IC722,http://irail.be/stations/NMBS/008821121,IC,2017-12-13T22:43:00,2017-12-13T22:41:00,31,31
http://irail.be/vehicle/IC722,http://irail.be/stations/NMBS/008821196,IC,2017-12-13T22:47:00,2017-12-13T22:47:00,42,42
http://irail.be/vehicle/IC722,NO-URI,IC,2017-12-13T22:50:00,2017-12-13T22:50:00,42,42
http://irail.be/vehicle/IC722,http://irail.be/stations/NMBS/008894821,IC,2017-12-13T22:50:00,2017-12-13T22:50:00,75,75
http://irail.be/vehicle/IC722,http://irail.be/stations/NMBS/008894755,IC,2017-12-13T22:52:00,2017-12-13T22:52:00,54,54
http://irail.be/vehicle/IC722,http://irail.be/stations/NMBS/008894748,IC,2017-12-13T22:53:00,2017-12-13T22:53:00,24,24
http://irail.be/vehicle/IC722,http://irail.be/stations/NMBS/008894714,IC,2017-12-13T22:56:00,2017-12-13T22:56:00,2,2
http://irail.be/vehicle/IC722,NO-URI,IC,2017-12-13T22:57:00,2017-12-13T22:57:00,-8,-8
http://irail.be/vehicle/IC722,http://irail.be/stations/NMBS/008894508,IC,2017-12-13T23:02:00,2017-12-13T23:00:00,109,-82
http://irail.be/vehicle/IC722,http://irail.be/stations/NMBS/008894433,IC,2017-12-13T23:05:00,2017-12-13T23:05:00,109,109
http://irail.be/vehicle/IC722,http://irail.be/stations/NMBS/008894425,IC,2017-12-13T23:06:00,2017-12-13T23:06:00,70,70
http://irail.be/vehicle/IC722,NO-URI,IC,2017-12-13T23:08:00,2017-12-13T23:08:00,65,65
http://irail.be/vehicle/IC722,http://irail.be/stations/NMBS/008894201,IC,2017-12-13T23:11:00,2017-12-13T23:10:00,47,61
http://irail.be/vehicle/IC722,http://irail.be/stations/NMBS/008894151,IC,2017-12-13T23:16:00,2017-12-13T23:16:00,47,47
http://irail.be/vehicle/IC722,http://irail.be/stations/NMBS/008893120,IC,2017-12-13T23:25:00,2017-12-13T23:24:00,44,13
http://irail.be/vehicle/IC722,http://irail.be/stations/NMBS/008893179,IC,2017-12-13T23:27:00,2017-12-13T23:27:00,44,44
http://irail.be/vehicle/IC722,NO-URI,IC,2017-12-13T23:28:00,2017-12-13T23:28:00,61,61
http://irail.be/vehicle/IC722,http://irail.be/stations/NMBS/008892007,IC,2017-12-13T23:36:00,2017-12-13T23:33:00,302,88
http://irail.be/vehicle/IC722,http://irail.be/stations/NMBS/008892080,IC,2017-12-13T23:44:00,2017-12-13T23:43:00,251,272
http://irail.be/vehicle/IC722,NO-URI,IC,2017-12-13T23:48:00,2017-12-13T23:48:00,231,231
http://irail.be/vehicle/IC722,http://irail.be/stations/NMBS/008892106,IC,2017-12-13T23:50:00,2017-12-13T23:49:00,292,252
http://irail.be/vehicle/IC722,http://irail.be/stations/NMBS/008896149,IC,2017-12-13T23:58:00,2017-12-13T23:57:00,411,316
http://irail.be/vehicle/IC722,http://irail.be/stations/NMBS/008896115,IC,2017-12-14T00:04:00,2017-12-14T00:04:00,413,413
http://irail.be/vehicle/IC722,http://irail.be/stations/NMBS/008896008,IC,2017-12-14T00:11:00,2017-12-14T00:11:00,,331
http://irail.be/vehicle/IC722,http://irail.be/stations/NMBS/008821006,IC,2017-11-28T22:37:00,2017-11-28T22:37:00,-2,
http://irail.be/vehicle/IC722,http://irail.be/stations/NMBS/008821121,IC,2017-11-28T22:43:00,2017-11-28T22:41:00,24,24
http://irail.be/vehicle/IC722,http://irail.be/stations/NMBS/008821196,IC,2017-11-28T22:46:00,2017-11-28T22:46:00,-15,-15
http://irail.be/vehicle/IC722,NO-URI,IC,2017-11-28T22:50:00,2017-11-28T22:50:00,-15,-15
http://irail.be/vehicle/IC722,http://irail.be/stations/NMBS/008894821,IC,2017-11-28T22:50:00,2017-11-28T22:50:00,11,11
http://irail.be/vehicle/IC722,http://irail.be/stations/NMBS/008894755,IC,2017-11-28T22:52:00,2017-11-28T22:52:00,3,3
http://irail.be/vehicle/IC722,http://irail.be/stations/NMBS/008894748,IC,2017-11-28T22:53:00,2017-11-28T22:53:00,-25,-25
http://irail.be/vehicle/IC722,http://irail.be/stations/NMBS/008894714,IC,2017-11-28T22:56:00,2017-11-28T22:56:00,-48,-48
http://irail.be/vehicle/IC722,NO-URI,IC,2017-11-28T22:57:00,2017-11-28T22:57:00,-60,-60
http://irail.be/vehicle/IC722,http://irail.be/stations/NMBS/008894508,IC,2017-11-28T23:00:00,2017-11-28T22:59:00,57,-97
http://irail.be/vehicle/IC722,http://irail.be/stations/NMBS/008894433,IC,2017-11-28T23:03:00,2017-11-28T23:03:00,57,57
http://irail.be/vehicle/IC722,http://irail.be/stations/NMBS/008894425,IC,2017-11-28T23:04:00,2017-11-28T23:04:00,24,24
http://irail.be/vehicle/IC722,NO-URI,IC,2017-11-28T23:06:00,2017-11-28T23:06:00,17,17
http://irail.be/vehicle/IC722,http://irail.be/stations/NMBS/008894201,IC,2017-11-28T23:09:00,2017-11-28T23:08:00,6,7
http://irail.be/vehicle/IC722,http://irail.be/stations/NMBS/008894151,IC,2017-11-28T23:15:00,2017-11-28T23:15:00,6,6
http://irail.be/vehicle/IC722,http://irail.be/stations/NMBS/008893120,IC,2017-11-28T23:24:00,2017-11-28T23:23:00,39,-39
http://irail.be/vehicle/IC722,http://irail.be/stations/NMBS/008893179,IC,2017-11-28T23:26:00,2017-11-28T23:26:00,39,39
http://irail.be/vehicle/IC722,NO-URI,IC,2017-11-28T23:27:00,2017-11-28T23:27:00,-27,-27
http://irail.be/vehicle/IC722,http://irail.be/stations/NMBS/008892007,IC,2017-11-28T23:36:00,2017-11-28T23:33:00,24,-22
http://irail.be/vehicle/IC722,http://irail.be/stations/NMBS/008892080,IC,2017-11-28T23:43:00,2017-11-28T23:42:00,-13,16
http://irail.be/vehicle/IC722,NO-URI,IC,2017-11-28T23:48:00,2017-11-28T23:48:00,-57,-57
http://irail.be/vehicle/IC722,http://irail.be/stations/NMBS/008892106,IC,2017-11-28T23:50:00,2017-11-28T23:49:00,40,-49
http://irail.be/vehicle/IC722,http://irail.be/stations/NMBS/008896149,IC,2017-11-28T23:58:00,2017-11-28T23:57:00,9,7
http://irail.be/vehicle/IC722,http://irail.be/stations/NMBS/008896115,IC,2017-11-29T00:04:00,2017-11-29T00:04:00,-19,-19
http://irail.be/vehicle/IC722,http://irail.be/stations/NMBS/008896008,IC,2017-11-29T00:10:00,2017-11-29T00:10:00,,-72
http://irail.be/vehicle/IC722,http://irail.be/stations/NMBS/008821006,IC,2017-10-12T22:37:00,2017-10-12T22:37:00,8,
http://irail.be/vehicle/IC722,http://irail.be/stations/NMBS/008821121,IC,2017-10-12T22:43:00,2017-10-12T22:41:00,36,36
http://irail.be/vehicle/IC722,http://irail.be/stations/NMBS/008821196,IC,2017-10-12T22:46:00,2017-10-12T22:46:00,-7,-7
http://irail.be/vehicle/IC722,NO-URI,IC,2017-10-12T22:50:00,2017-10-12T22:50:00,-7,-7
http://irail.be/vehicle/IC722,http://irail.be/stations/NMBS/008894821,IC,2017-10-12T22:50:00,2017-10-12T22:50:00,19,19
http://irail.be/vehicle/IC722,http://irail.be/stations/NMBS/008894755,IC,2017-10-12T22:52:00,2017-10-12T22:52:00,4,4
http://irail.be/vehicle/IC722,http://irail.be/stations/NMBS/008894748,IC,2017-10-12T22:53:00,2017-10-12T22:53:00,-25,-25
http://irail.be/vehicle/IC722,http://irail.be/stations/NMBS/008894714,IC,2017-10-12T22:56:00,2017-10-12T22:56:00,-47,-47
http://irail.be/vehicle/IC722,NO-URI,IC,2017-10-12T22:57:00,2017-10-12T22:57:00,-34,-34
http://irail.be/vehicle/IC722,http://irail.be/stations/NMBS/008894508,IC,2017-10-12T23:00:00,2017-10-12T22:59:00,142,16
http://irail.be/vehicle/IC722,http://irail.be/stations/NMBS/008894433,IC,2017-10-12T23:03:00,2017-10-12T23:03:00,142,142
http://irail.be/vehicle/IC722,http://irail.be/stations/NMBS/008894425,IC,2017-10-12T23:04:00,2017-10-12T23:04:00,186,186
http://irail.be/vehicle/IC722,NO-URI,IC,2017-10-12T23:06:00,2017-10-12T23:06:00,226,226
http://irail.be/vehicle/IC722,http://irail.be/stations/NMBS/008894201,IC,2017-10-12T23:09:00,2017-10-12T23:08:00,257,246
http://irail.be/vehicle/IC722,http://irail.be/stations/NMBS/008894151,IC,2017-10-12T23:15:00,2017-10-12T23:15:00,257,257
http://irail.be/vehicle/IC722,http://irail.be/stations/NMBS/008893120,IC,2017-10-12T23:24:00,2017-10-12T23:23:00,714,353
http://irail.be/vehicle/IC722,http://irail.be/stations/NMBS/008893179,IC,2017-10-12T23:26:00,2017-10-12T23:26:00,714,714
http://irail.be/vehicle/IC722,NO-URI,IC,2017-10-12T23:27:00,2017-10-12T23:27:00,656,656
http://irail.be/vehicle/IC722,http://irail.be/stations/NMBS/008892007,IC,2017-10-12T23:36:00,2017-10-12T23:33:00,553,629
http://irail.be/vehicle/IC722,http://irail.be/stations/NMBS/008892080,IC,2017-10-12T23:43:00,2017-10-12T23:42:00,473,523
http://irail.be/vehicle/IC722,NO-URI,IC,2017-10-12T23:48:00,2017-10-12T23:48:00,422,422
http://irail.be/vehicle/IC722,http://irail.be/stations/NMBS/008892106,IC,2017-10-12T23:50:00,2017-10-12T23:49:00,450,425
http://irail.be/vehicle/IC722,http://irail.be/stations/NMBS/008896149,IC,2017-10-12T23:58:00,2017-10-12T23:57:00,364,385
http://irail.be/vehicle/IC722,http://irail.be/stations/NMBS/008896115,IC,2017-10-13T00:04:00,2017-10-13T00:04:00,314,314
http://irail.be/vehicle/IC722,http://irail.be/stations/NMBS/008896008,IC,2017-10-13T00:10:00,2017-10-13T00:10:00,,237
http://irail.be/vehicle/IC722,http://irail.be/stations/NMBS/008821006,IC,2017-04-29T22:37:00,2017-04-29T22:37:00,34,
http://irail.be/vehicle/IC722,http://irail.be/stations/NMBS/008821121,IC,2017-04-29T22:43:00,2017-04-29T22:41:00,20,20
http://irail.be/vehicle/IC722,http://irail.be/stations/NMBS/008821196,IC,2017-04-29T22:46:00,2017-04-29T22:46:00,13,13
http://irail.be/vehicle/IC722,NO-URI,IC,2017-04-29T22:50:00,2017-04-29T22:50:00,13,13
http://irail.be/vehicle/IC722,http://irail.be/stations/NMBS/008894821,IC,2017-04-29T22:50:00,2017-04-29T22:50:00,37,37
http://irail.be/vehicle/IC722,http://irail.be/stations/NMBS/008894755,IC,2017-04-29T22:52:00,2017-04-29T22:52:00,28,28
http://irail.be/vehicle/IC722,http://irail.be/stations/NMBS/008894748,IC,2017-04-29T22:53:00,2017-04-29T22:53:00,2,2
http://irail.be/vehicle/IC722,http://irail.be/stations/NMBS/008894714,IC,2017-04-29T22:56:00,2017-04-29T22:56:00,-9,-9
http://irail.be/vehicle/IC722,NO-URI,IC,2017-04-29T22:57:00,2017-04-29T22:57:00,-19,-19
http://irail.be/vehicle/IC722,http://irail.be/stations/NMBS/008894508,IC,2017-04-29T23:01:00,2017-04-29T22:59:00,50,-56
http://irail.be/vehicle/IC722,http://irail.be/stations/NMBS/008894433,IC,2017-04-29T23:04:00,2017-04-29T23:04:00,50,50
http://irail.be/vehicle/IC722,http://irail.be/stations/NMBS/008894425,IC,2017-04-29T23:05:00,2017-04-29T23:05:00,18,18
http://irail.be/vehicle/IC722,NO-URI,IC,2017-04-29T23:07:00,2017-04-29T23:07:00,21,21
http://irail.be/vehicle/IC722,http://irail.be/stations/NMBS/008894201,IC,2017-04-29T23:11:00,2017-04-29T23:09:00,27,16
http://irail.be/vehicle/IC722,http://irail.be/stations/NMBS/008894151,IC,2017-04-29T23:16:00,2017-04-29T23:16:00,27,27
http://irail.be/vehicle/IC722,http://irail.be/stations/NMBS/008893120,IC,2017-04-29T23:24:00,2017-04-29T23:23:00,214,122
http://irail.be/vehicle/IC722,http://irail.be/stations/NMBS/008893179,IC,2017-04-29T23:26:00,2017-04-29T23:26:00,214,214
http://irail.be/vehicle/IC722,NO-URI,IC,2017-04-29T23:27:00,2017-04-29T23:27:00,167,167
http://irail.be/vehicle/IC722,http://irail.be/stations/NMBS/008892007,IC,2017-04-29T23:36:00,2017-04-29T23:33:00,142,183
http://irail.be/vehicle/IC722,http://irail.be/stations/NMBS/008892080,IC,2017-04-29T23:43:00,2017-04-29T23:42:00,143,163
http://irail.be/vehicle/IC722,NO-URI,IC,2017-04-29T23:47:00,2017-04-29T23:47:00,136,136
http://irail.be/vehicle/IC722,http://irail.be/stations/NMBS/008892106,IC,2017-04-29T23:50:00,2017-04-29T23:49:00,112,132
http://irail.be/vehicle/IC722,http://irail.be/stations/NMBS/008896149,IC,2017-04-29T23:58:00,2017-04-29T23:57:00,78,72
http://irail.be/vehicle/IC722,http://irail.be/stations/NMBS/008896115,IC,2017-04-30T00:04:00,2017-04-30T00:04:00,78,78
http://irail.be/vehicle/IC722,http://irail.be/stations/NMBS/008896008,IC,2017-04-30T00:10:00,2017-04-30T00:10:00,,-28
http://irail.be/vehicle/IC722,http://irail.be/stations/NMBS/008821006,IC,2017-06-17T22:37:00,2017-06-17T22:37:00,-12,
http://irail.be/vehicle/IC722,http://irail.be/stations/NMBS/008821121,IC,2017-06-17T22:43:00,2017-06-17T22:41:00,9,9
http://irail.be/vehicle/IC722,http://irail.be/stations/NMBS/008821196,IC,2017-06-17T22:46:00,2017-06-17T22:46:00,-40,-40
http://irail.be/vehicle/IC722,NO-URI,IC,2017-06-17T22:50:00,2017-06-17T22:50:00,-40,-40
http://irail.be/vehicle/IC722,http://irail.be/stations/NMBS/008894821,IC,2017-06-17T22:50:00,2017-06-17T22:50:00,-19,-19
http://irail.be/vehicle/IC722,http://irail.be/stations/NMBS/008894755,IC,2017-06-17T22:52:00,2017-06-17T22:52:00,-42,-42
http://irail.be/vehicle/IC722,http://irail.be/stations/NMBS/008894748,IC,2017-06-17T22:53:00,2017-06-17T22:53:00,-73,-73
http://irail.be/vehicle/IC722,http://irail.be/stations/NMBS/008894714,IC,2017-06-17T22:56:00,2017-06-17T22:56:00,-98,-98
http://irail.be/vehicle/IC722,NO-URI,IC,2017-06-17T22:57:00,2017-06-17T22:57:00,-107,-107
http://irail.be/vehicle/IC722,http://irail.be/stations/NMBS/008894508,IC,2017-06-17T23:01:00,2017-06-17T22:59:00,44,-142
http://irail.be/vehicle/IC722,http://irail.be/stations/NMBS/008894433,IC,2017-06-17T23:04:00,2017-06-17T23:04:00,44,44
http://irail.be/vehicle/IC722,http://irail.be/stations/NMBS/008894425,IC,2017-06-17T23:05:00,2017-06-17T23:05:00,22,22
http://irail.be/vehicle/IC722,NO-URI,IC,2017-06-17T23:07:00,2017-06-17T23:07:00,36,36
http://irail.be/vehicle/IC722,http://irail.be/stations/NMBS/008894201,IC,2017-06-17T23:11:00,2017-06-17T23:09:00,-10,39
http://irail.be/vehicle/IC722,http://irail.be/stations/NMBS/008894151,IC,2017-06-17T23:16:00,2017-06-17T23:16:00,-10,-10
http://irail.be/vehicle/IC722,http://irail.be/stations/NMBS/008893120,IC,2017-06-17T23:24:00,2017-06-17T23:23:00,62,32
http://irail.be/vehicle/IC722,http://irail.be/stations/NMBS/008893179,IC,2017-06-17T23:26:00,2017-06-17T23:26:00,62,62
http://irail.be/vehicle/IC722,NO-URI,IC,2017-06-17T23:27:00,2017-06-17T23:27:00,64,64
http://irail.be/vehicle/IC722,http://irail.be/stations/NMBS/008892007,IC,2017-06-17T23:36:00,2017-06-17T23:33:00,10,59
http://irail.be/vehicle/IC722,http://irail.be/stations/NMBS/008892080,IC,2017-06-17T23:43:00,2017-06-17T23:42:00,-18,16
http://irail.be/vehicle/IC722,NO-URI,IC,2017-06-17T23:47:00,2017-06-17T23:47:00,-38,-38
http://irail.be/vehicle/IC722,http://irail.be/stations/NMBS/008892106,IC,2017-06-17T23:50:00,2017-06-17T23:49:00,8,-41
http://irail.be/vehicle/IC722,http://irail.be/stations/NMBS/008896149,IC,2017-06-17T23:58:00,2017-06-17T23:57:00,-34,-51
http://irail.be/vehicle/IC722,http://irail.be/stations/NMBS/008896115,IC,2017-06-18T00:04:00,2017-06-18T00:04:00,-55,-55
http://irail.be/vehicle/IC722,http://irail.be/stations/NMBS/008896008,IC,2017-06-18T00:10:00,2017-06-18T00:10:00,,-72
http://irail.be/vehicle/IC722,http://irail.be/stations/NMBS/008821006,IC,2017-10-13T22:37:00,2017-10-13T22:37:00,100,
http://irail.be/vehicle/IC722,http://irail.be/stations/NMBS/008821121,IC,2017-10-13T22:43:00,2017-10-13T22:41:00,109,109
http://irail.be/vehicle/IC722,http://irail.be/stations/NMBS/008821196,IC,2017-10-13T22:46:00,2017-10-13T22:46:00,100,100
http://irail.be/vehicle/IC722,NO-URI,IC,2017-10-13T22:50:00,2017-10-13T22:50:00,100,100
http://irail.be/vehicle/IC722,http://irail.be/stations/NMBS/008894821,IC,2017-10-13T22:50:00,2017-10-13T22:50:00,127,127
http://irail.be/vehicle/IC722,http://irail.be/stations/NMBS/008894755,IC,2017-10-13T22:52:00,2017-10-13T22:52:00,108,108
http://irail.be/vehicle/IC722,http://irail.be/stations/NMBS/008894748,IC,2017-10-13T22:53:00,2017-10-13T22:53:00,78,78
http://irail.be/vehicle/IC722,http://irail.be/stations/NMBS/008894714,IC,2017-10-13T22:56:00,2017-10-13T22:56:00,60,60
http://irail.be/vehicle/IC722,NO-URI,IC,2017-10-13T22:57:00,2017-10-13T22:57:00,49,49
http://irail.be/vehicle/IC722,http://irail.be/stations/NMBS/008894508,IC,2017-10-13T23:00:00,2017-10-13T22:59:00,109,19
http://irail.be/vehicle/IC722,http://irail.be/stations/NMBS/008894433,IC,2017-10-13T23:03:00,2017-10-13T23:03:00,109,109
http://irail.be/vehicle/IC722,http://irail.be/stations/NMBS/008894425,IC,2017-10-13T23:04:00,2017-10-13T23:04:00,70,70
http://irail.be/vehicle/IC722,NO-URI,IC,2017-10-13T23:06:00,2017-10-13T23:06:00,68,68
http://irail.be/vehicle/IC722,http://irail.be/stations/NMBS/008894201,IC,2017-10-13T23:09:00,2017-10-13T23:08:00,123,62
http://irail.be/vehicle/IC722,http://irail.be/stations/NMBS/008894151,IC,2017-10-13T23:15:00,2017-10-13T23:15:00,224,123
http://irail.be/vehicle/IC722,http://irail.be/stations/NMBS/008893120,IC,2017-10-13T23:24:00,2017-10-13T23:23:00,574,418
http://irail.be/vehicle/IC722,http://irail.be/stations/NMBS/008893179,IC,2017-10-13T23:26:00,2017-10-13T23:26:00,574,574
http://irail.be/vehicle/IC722,NO-URI,IC,2017-10-13T23:27:00,2017-10-13T23:27:00,553,553
http://irail.be/vehicle/IC722,http://irail.be/stations/NMBS/008892007,IC,2017-10-13T23:36:00,2017-10-13T23:33:00,525,547
http://irail.be/vehicle/IC722,http://irail.be/stations/NMBS/008892080,IC,2017-10-13T23:43:00,2017-10-13T23:42:00,461,511
http://irail.be/vehicle/IC722,NO-URI,IC,2017-10-13T23:48:00,2017-10-13T23:48:00,403,403
http://irail.be/vehicle/IC722,http://irail.be/stations/NMBS/008892106,IC,2017-10-13T23:50:00,2017-10-13T23:49:00,448,410
http://irail.be/vehicle/IC722,http://irail.be/stations/NMBS/008896149,IC,2017-10-13T23:58:00,2017-10-13T23:57:00,392,387
http://irail.be/vehicle/IC722,http://irail.be/stations/NMBS/008896115,IC,2017-10-14T00:04:00,2017-10-14T00:04:00,355,355
http://irail.be/vehicle/IC722,http://irail.be/stations/NMBS/008896008,IC,2017-10-14T00:10:00,2017-10-14T00:10:00,,278
http://irail.be/vehicle/IC722,http://irail.be/stations/NMBS/008821006,IC,2017-02-20T22:37:00,2017-02-20T22:37:00,62,
http://irail.be/vehicle/IC722,http://irail.be/stations/NMBS/008821121,IC,2017-02-20T22:43:00,2017-02-20T22:41:00,40,40
http://irail.be/vehicle/IC722,http://irail.be/stations/NMBS/008821196,IC,2017-02-20T22:46:00,2017-02-20T22:46:00,4,4
http://irail.be/vehicle/IC722,NO-URI,IC,2017-02-20T22:50:00,2017-02-20T22:50:00,4,4
http://irail.be/vehicle/IC722,http://irail.be/stations/NMBS/008894821,IC,2017-02-20T22:50:00,2017-02-20T22:50:00,27,27
http://irail.be/vehicle/IC722,http://irail.be/stations/NMBS/008894755,IC,2017-02-20T22:52:00,2017-02-20T22:52:00,10,10
http://irail.be/vehicle/IC722,http://irail.be/stations/NMBS/008894748,IC,2017-02-20T22:53:00,2017-02-20T22:53:00,-18,-18
http://irail.be/vehicle/IC722,http://irail.be/stations/NMBS/008894714,IC,2017-02-20T22:56:00,2017-02-20T22:56:00,-35,-35
http://irail.be/vehicle/IC722,NO-URI,IC,2017-02-20T22:57:00,2017-02-20T22:57:00,-42,-42
http://irail.be/vehicle/IC722,http://irail.be/stations/NMBS/008894508,IC,2017-02-20T23:00:00,2017-02-20T22:59:00,60,-71
http://irail.be/vehicle/IC722,http://irail.be/stations/NMBS/008894433,IC,2017-02-20T23:03:00,2017-02-20T23:03:00,60,60
http://irail.be/vehicle/IC722,http://irail.be/stations/NMBS/008894425,IC,2017-02-20T23:04:00,2017-02-20T23:04:00,38,38
http://irail.be/vehicle/IC722,NO-URI,IC,2017-02-20T23:06:00,2017-02-20T23:06:00,44,44
http://irail.be/vehicle/IC722,http://irail.be/stations/NMBS/008894201,IC,2017-02-20T23:09:00,2017-02-20T23:08:00,39,45
http://irail.be/vehicle/IC722,http://irail.be/stations/NMBS/008894151,IC,2017-02-20T23:15:00,2017-02-20T23:15:00,63,39
http://irail.be/vehicle/IC722,http://irail.be/stations/NMBS/008893120,IC,2017-02-20T23:24:00,2017-02-20T23:23:00,61,4
http://irail.be/vehicle/IC722,http://irail.be/stations/NMBS/008893179,IC,2017-02-20T23:26:00,2017-02-20T23:26:00,61,61
http://irail.be/vehicle/IC722,NO-URI,IC,2017-02-20T23:27:00,2017-02-20T23:27:00,181,181
http://irail.be/vehicle/IC722,http://irail.be/stations/NMBS/008892007,IC,2017-02-20T23:36:00,2017-02-20T23:33:00,182,233
http://irail.be/vehicle/IC722,http://irail.be/stations/NMBS/008892080,IC,2017-02-20T23:43:00,2017-02-20T23:42:00,93,150
http://irail.be/vehicle/IC722,NO-URI,IC,2017-02-20T23:48:00,2017-02-20T23:48:00,33,33
http://irail.be/vehicle/IC722,http://irail.be/stations/NMBS/008892106,IC,2017-02-20T23:50:00,2017-02-20T23:49:00,57,40
http://irail.be/vehicle/IC722,http://irail.be/stations/NMBS/008896149,IC,2017-02-20T23:58:00,2017-02-20T23:57:00,7,21
http://irail.be/vehicle/IC722,http://irail.be/stations/NMBS/008896115,IC,2017-02-21T00:04:00,2017-02-21T00:04:00,7,7
http://irail.be/vehicle/IC722,http://irail.be/stations/NMBS/008896008,IC,2017-02-21T00:10:00,2017-02-21T00:10:00,,-142
http://irail.be/vehicle/IC722,http://irail.be/stations/NMBS/008821006,IC,2017-09-08T22:37:00,2017-09-08T22:37:00,103,
http://irail.be/vehicle/IC722,http://irail.be/stations/NMBS/008821121,IC,2017-09-08T22:43:00,2017-09-08T22:41:00,51,51
http://irail.be/vehicle/IC722,http://irail.be/stations/NMBS/008821196,IC,2017-09-08T22:46:00,2017-09-08T22:46:00,16,16
http://irail.be/vehicle/IC722,NO-URI,IC,2017-09-08T22:50:00,2017-09-08T22:50:00,16,16
http://irail.be/vehicle/IC722,http://irail.be/stations/NMBS/008894821,IC,2017-09-08T22:50:00,2017-09-08T22:50:00,41,41
http://irail.be/vehicle/IC722,http://irail.be/stations/NMBS/008894755,IC,2017-09-08T22:52:00,2017-09-08T22:52:00,21,21
http://irail.be/vehicle/IC722,http://irail.be/stations/NMBS/008894748,IC,2017-09-08T22:53:00,2017-09-08T22:53:00,-9,-9
http://irail.be/vehicle/IC722,http://irail.be/stations/NMBS/008894714,IC,2017-09-08T22:56:00,2017-09-08T22:56:00,-32,-32
http://irail.be/vehicle/IC722,NO-URI,IC,2017-09-08T22:57:00,2017-09-08T22:57:00,-46,-46
http://irail.be/vehicle/IC722,http://irail.be/stations/NMBS/008894508,IC,2017-09-08T23:00:00,2017-09-08T22:59:00,68,-86
http://irail.be/vehicle/IC722,http://irail.be/stations/NMBS/008894433,IC,2017-09-08T23:03:00,2017-09-08T23:03:00,68,68
http://irail.be/vehicle/IC722,http://irail.be/stations/NMBS/008894425,IC,2017-09-08T23:04:00,2017-09-08T23:04:00,24,24
http://irail.be/vehicle/IC722,NO-URI,IC,2017-09-08T23:06:00,2017-09-08T23:06:00,17,17
http://irail.be/vehicle/IC722,http://irail.be/stations/NMBS/008894201,IC,2017-09-08T23:09:00,2017-09-08T23:08:00,12,19
http://irail.be/vehicle/IC722,http://irail.be/stations/NMBS/008894151,IC,2017-09-08T23:15:00,2017-09-08T23:15:00,12,12
http://irail.be/vehicle/IC722,http://irail.be/stations/NMBS/008893120,IC,2017-09-08T23:24:00,2017-09-08T23:23:00,16,-52
http://irail.be/vehicle/IC722,http://irail.be/stations/NMBS/008893179,IC,2017-09-08T23:26:00,2017-09-08T23:26:00,16,16
http://irail.be/vehicle/IC722,NO-URI,IC,2017-09-08T23:27:00,2017-09-08T23:27:00,-46,-46
http://irail.be/vehicle/IC722,http://irail.be/stations/NMBS/008892007,IC,2017-09-08T23:36:00,2017-09-08T23:33:00,20,15
http://irail.be/vehicle/IC722,http://irail.be/stations/NMBS/008892080,IC,2017-09-08T23:43:00,2017-09-08T23:42:00,-31,-2
http://irail.be/vehicle/IC722,NO-URI,IC,2017-09-08T23:48:00,2017-09-08T23:48:00,-85,-85
http://irail.be/vehicle/IC722,http://irail.be/stations/NMBS/008892106,IC,2017-09-08T23:50:00,2017-09-08T23:49:00,50,-79
http://irail.be/vehicle/IC722,http://irail.be/stations/NMBS/008896149,IC,2017-09-08T23:58:00,2017-09-08T23:57:00,1,-6
http://irail.be/vehicle/IC722,http://irail.be/stations/NMBS/008896115,IC,2017-09-09T00:04:00,2017-09-09T00:04:00,-43,-43
http://irail.be/vehicle/IC722,http://irail.be/stations/NMBS/008896008,IC,2017-09-09T00:10:00,2017-09-09T00:10:00,,-110
http://irail.be/vehicle/IC722,http://irail.be/stations/NMBS/008821006,IC,2017-10-05T22:37:00,2017-10-05T22:37:00,0,
http://irail.be/vehicle/IC722,http://irail.be/stations/NMBS/008821121,IC,2017-10-05T22:43:00,2017-10-05T22:41:00,13,13
http://irail.be/vehicle/IC722,http://irail.be/stations/NMBS/008821196,IC,2017-10-05T22:46:00,2017-10-05T22:46:00,-28,-28
http://irail.be/vehicle/IC722,NO-URI,IC,2017-10-05T22:50:00,2017-10-05T22:50:00,-28,-28
http://irail.be/vehicle/IC722,http://irail.be/stations/NMBS/008894821,IC,2017-10-05T22:50:00,2017-10-05T22:50:00,-3,-3
http://irail.be/vehicle/IC722,http://irail.be/stations/NMBS/008894755,IC,2017-10-05T22:52:00,2017-10-05T22:52:00,-21,-21
http://irail.be/vehicle/IC722,http://irail.be/stations/NMBS/008894748,IC,2017-10-05T22:53:00,2017-10-05T22:53:00,-51,-51
http://irail.be/vehicle/IC722,http://irail.be/stations/NMBS/008894714,IC,2017-10-05T22:56:00,2017-10-05T22:56:00,-70,-70
http://irail.be/vehicle/IC722,NO-URI,IC,2017-10-05T22:57:00,2017-10-05T22:57:00,-78,-78
http://irail.be/vehicle/IC722,http://irail.be/stations/NMBS/008894508,IC,2017-10-05T23:00:00,2017-10-05T22:59:00,49,-104
http://irail.be/vehicle/IC722,http://irail.be/stations/NMBS/008894433,IC,2017-10-05T23:03:00,2017-10-05T23:03:00,49,49
http://irail.be/vehicle/IC722,http://irail.be/stations/NMBS/008894425,IC,2017-10-05T23:04:00,2017-10-05T23:04:00,5,5
http://irail.be/vehicle/IC722,NO-URI,IC,2017-10-05T23:06:00,2017-10-05T23:06:00,3,3
http://irail.be/vehicle/IC722,http://irail.be/stations/NMBS/008894201,IC,2017-10-05T23:09:00,2017-10-05T23:08:00,115,85
http://irail.be/vehicle/IC722,http://irail.be/stations/NMBS/008894151,IC,2017-10-05T23:15:00,2017-10-05T23:15:00,115,115
http://irail.be/vehicle/IC722,http://irail.be/stations/NMBS/008893120,IC,2017-10-05T23:24:00,2017-10-05T23:23:00,102,46
http://irail.be/vehicle/IC722,http://irail.be/stations/NMBS/008893179,IC,2017-10-05T23:26:00,2017-10-05T23:26:00,102,102
http://irail.be/vehicle/IC722,NO-URI,IC,2017-10-05T23:27:00,2017-10-05T23:27:00,76,76
http://irail.be/vehicle/IC722,http://irail.be/stations/NMBS/008892007,IC,2017-10-05T23:36:00,2017-10-05T23:33:00,64,57
http://irail.be/vehicle/IC722,http://irail.be/stations/NMBS/008892080,IC,2017-10-05T23:43:00,2017-10-05T23:42:00,-23,34
http://irail.be/vehicle/IC722,NO-URI,IC,2017-10-05T23:48:00,2017-10-05T23:48:00,-79,-79
http://irail.be/vehicle/IC722,http://irail.be/stations/NMBS/008892106,IC,2017-10-05T23:50:00,2017-10-05T23:49:00,32,-74
http://irail.be/vehicle/IC722,http://irail.be/stations/NMBS/008896149,IC,2017-10-05T23:58:00,2017-10-05T23:57:00,10,-26
http://irail.be/vehicle/IC722,http://irail.be/stations/NMBS/008896115,IC,2017-10-06T00:04:00,2017-10-06T00:04:00,-35,-35
http://irail.be/vehicle/IC722,http://irail.be/stations/NMBS/008896008,IC,2017-10-06T00:10:00,2017-10-06T00:10:00,,-91
http://irail.be/vehicle/IC722,http://irail.be/stations/NMBS/008821006,IC,2017-04-22T22:37:00,2017-04-22T22:37:00,87,
http://irail.be/vehicle/IC722,http://irail.be/stations/NMBS/008821121,IC,2017-04-22T22:43:00,2017-04-22T22:41:00,25,25
http://irail.be/vehicle/IC722,http://irail.be/stations/NMBS/008821196,IC,2017-04-22T22:46:00,2017-04-22T22:46:00,-21,-21
http://irail.be/vehicle/IC722,NO-URI,IC,2017-04-22T22:50:00,2017-04-22T22:50:00,-21,-21
http://irail.be/vehicle/IC722,http://irail.be/stations/NMBS/008894821,IC,2017-04-22T22:50:00,2017-04-22T22:50:00,1,1
http://irail.be/vehicle/IC722,http://irail.be/stations/NMBS/008894755,IC,2017-04-22T22:52:00,2017-04-22T22:52:00,-21,-21
http://irail.be/vehicle/IC722,http://irail.be/stations/NMBS/008894748,IC,2017-04-22T22:53:00,2017-04-22T22:53:00,-20,-20
http://irail.be/vehicle/IC722,http://irail.be/stations/NMBS/008894714,IC,2017-04-22T22:55:00,2017-04-22T22:55:00,-20,-20
http://irail.be/vehicle/IC722,NO-URI,IC,2017-04-22T22:57:00,2017-04-22T22:57:00,-64,-64
http://irail.be/vehicle/IC722,http://irail.be/stations/NMBS/008894508,IC,2017-04-22T23:01:00,2017-04-22T22:59:00,85,-130
http://irail.be/vehicle/IC722,http://irail.be/stations/NMBS/008894433,IC,2017-04-22T23:04:00,2017-04-22T23:04:00,85,85
http://irail.be/vehicle/IC722,http://irail.be/stations/NMBS/008894425,IC,2017-04-22T23:04:00,2017-04-22T23:04:00,99,99
http://irail.be/vehicle/IC722,NO-URI,IC,2017-04-22T23:07:00,2017-04-22T23:07:00,54,54
http://irail.be/vehicle/IC722,http://irail.be/stations/NMBS/008894201,IC,2017-04-22T23:11:00,2017-04-22T23:09:00,3,25
http://irail.be/vehicle/IC722,http://irail.be/stations/NMBS/008894151,IC,2017-04-22T23:16:00,2017-04-22T23:16:00,3,3
http://irail.be/vehicle/IC722,http://irail.be/stations/NMBS/008893120,IC,2017-04-22T23:28:00,2017-04-22T23:23:00,41,-86
http://irail.be/vehicle/IC722,http://irail.be/stations/NMBS/008893179,IC,2017-04-22T23:31:00,2017-04-22T23:31:00,41,41
http://irail.be/vehicle/IC722,NO-URI,IC,2017-04-22T23:32:00,2017-04-22T23:32:00,91,91
http://irail.be/vehicle/IC722,http://irail.be/stations/NMBS/008892007,IC,2017-04-22T23:39:00,2017-04-22T23:37:00,257,230
http://irail.be/vehicle/IC722,http://irail.be/stations/NMBS/008892080,IC,2017-04-22T23:46:00,2017-04-22T23:45:00,249,250
http://irail.be/vehicle/IC722,NO-URI,IC,2017-04-22T23:50:00,2017-04-22T23:50:00,229,229
http://irail.be/vehicle/IC722,http://irail.be/stations/NMBS/008892106,IC,2017-04-22T23:52:00,2017-04-22T23:51:00,315,236
http://irail.be/vehicle/IC722,http://irail.be/stations/NMBS/008896149,IC,2017-04-22T23:59:00,2017-04-22T23:59:00,235,251
http://irail.be/vehicle/IC722,http://irail.be/stations/NMBS/008896115,IC,2017-04-23T00:06:00,2017-04-23T00:06:00,235,235
http://irail.be/vehicle/IC722,http://irail.be/stations/NMBS/008896008,IC,2017-04-23T00:10:00,2017-04-23T00:10:00,,230
http://irail.be/vehicle/IC722,http://irail.be/stations/NMBS/008821006,IC,2017-12-21T22:37:00,2017-12-21T22:37:00,55,
http://irail.be/vehicle/IC722,http://irail.be/stations/NMBS/008821121,IC,2017-12-21T22:43:00,2017-12-21T22:41:00,42,42
http://irail.be/vehicle/IC722,http://irail.be/stations/NMBS/008821196,IC,2017-12-21T22:47:00,2017-12-21T22:47:00,0,0
http://irail.be/vehicle/IC722,NO-URI,IC,2017-12-21T22:50:00,2017-12-21T22:50:00,0,0
http://irail.be/vehicle/IC722,http://irail.be/stations/NMBS/008894821,IC,2017-12-21T22:50:00,2017-12-21T22:50:00,34,34
http://irail.be/vehicle/IC722,http://irail.be/stations/NMBS/008894755,IC,2017-12-21T22:52:00,2017-12-21T22:52:00,18,18
http://irail.be/vehicle/IC722,http://irail.be/stations/NMBS/008894748,IC,2017-12-21T22:53:00,2017-12-21T22:53:00,-12,-12
http://irail.be/vehicle/IC722,http://irail.be/stations/NMBS/008894714,IC,2017-12-21T22:56:00,2017-12-21T22:56:00,-32,-32
http://irail.be/vehicle/IC722,NO-URI,IC,2017-12-21T22:57:00,2017-12-21T22:57:00,-41,-41
http://irail.be/vehicle/IC722,http://irail.be/stations/NMBS/008894508,IC,2017-12-21T23:02:00,2017-12-21T23:00:00,81,-117
http://irail.be/vehicle/IC722,http://irail.be/stations/NMBS/008894433,IC,2017-12-21T23:05:00,2017-12-21T23:05:00,81,81
http://irail.be/vehicle/IC722,http://irail.be/stations/NMBS/008894425,IC,2017-12-21T23:06:00,2017-12-21T23:06:00,41,41
http://irail.be/vehicle/IC722,NO-URI,IC,2017-12-21T23:08:00,2017-12-21T23:08:00,37,37
http://irail.be/vehicle/IC722,http://irail.be/stations/NMBS/008894201,IC,2017-12-21T23:11:00,2017-12-21T23:10:00,100,34
http://irail.be/vehicle/IC722,http://irail.be/stations/NMBS/008894151,IC,2017-12-21T23:16:00,2017-12-21T23:16:00,100,100
http://irail.be/vehicle/IC722,http://irail.be/stations/NMBS/008893120,IC,2017-12-21T23:25:00,2017-12-21T23:24:00,83,-36
http://irail.be/vehicle/IC722,http://irail.be/stations/NMBS/008893179,IC,2017-12-21T23:27:00,2017-12-21T23:27:00,83,83
http://irail.be/vehicle/IC722,NO-URI,IC,2017-12-21T23:28:00,2017-12-21T23:28:00,119,119
http://irail.be/vehicle/IC722,http://irail.be/stations/NMBS/008892007,IC,2017-12-21T23:36:00,2017-12-21T23:33:00,25,110
http://irail.be/vehicle/IC722,http://irail.be/stations/NMBS/008892080,IC,2017-12-21T23:44:00,2017-12-21T23:43:00,-16,-14
http://irail.be/vehicle/IC722,NO-URI,IC,2017-12-21T23:48:00,2017-12-21T23:48:00,-27,-27
http://irail.be/vehicle/IC722,http://irail.be/stations/NMBS/008892106,IC,2017-12-21T23:50:00,2017-12-21T23:49:00,8,-18
http://irail.be/vehicle/IC722,http://irail.be/stations/NMBS/008896149,IC,2017-12-21T23:58:00,2017-12-21T23:57:00,98,29
http://irail.be/vehicle/IC722,http://irail.be/stations/NMBS/008896115,IC,2017-12-22T00:04:00,2017-12-22T00:04:00,118,118
http://irail.be/vehicle/IC722,http://irail.be/stations/NMBS/008896008,IC,2017-12-22T00:11:00,2017-12-22T00:11:00,,74
http://irail.be/vehicle/IC722,http://irail.be/stations/NMBS/008821006,IC,2017-12-24T22:37:00,2017-12-24T22:37:00,13,
http://irail.be/vehicle/IC722,http://irail.be/stations/NMBS/008821121,IC,2017-12-24T22:43:00,2017-12-24T22:41:00,32,32
http://irail.be/vehicle/IC722,http://irail.be/stations/NMBS/008821196,IC,2017-12-24T22:47:00,2017-12-24T22:47:00,0,0
http://irail.be/vehicle/IC722,NO-URI,IC,2017-12-24T22:50:00,2017-12-24T22:50:00,0,0
http://irail.be/vehicle/IC722,http://irail.be/stations/NMBS/008894821,IC,2017-12-24T22:50:00,2017-12-24T22:50:00,33,33
http://irail.be/vehicle/IC722,http://irail.be/stations/NMBS/008894755,IC,2017-12-24T22:52:00,2017-12-24T22:52:00,24,24
http://irail.be/vehicle/IC722,http://irail.be/stations/NMBS/008894748,IC,2017-12-24T22:53:00,2017-12-24T22:53:00,0,0
http://irail.be/vehicle/IC722,http://irail.be/stations/NMBS/008894714,IC,2017-12-24T22:56:00,2017-12-24T22:56:00,-16,-16
http://irail.be/vehicle/IC722,NO-URI,IC,2017-12-24T22:57:00,2017-12-24T22:57:00,-23,-23
http://irail.be/vehicle/IC722,http://irail.be/stations/NMBS/008894508,IC,2017-12-24T23:02:00,2017-12-24T23:00:00,53,-94
http://irail.be/vehicle/IC722,http://irail.be/stations/NMBS/008894433,IC,2017-12-24T23:05:00,2017-12-24T23:05:00,53,53
http://irail.be/vehicle/IC722,http://irail.be/stations/NMBS/008894425,IC,2017-12-24T23:06:00,2017-12-24T23:06:00,25,25
http://irail.be/vehicle/IC722,NO-URI,IC,2017-12-24T23:08:00,2017-12-24T23:08:00,32,32
http://irail.be/vehicle/IC722,http://irail.be/stations/NMBS/008894201,IC,2017-12-24T23:11:00,2017-12-24T23:10:00,59,31
http://irail.be/vehicle/IC722,http://irail.be/stations/NMBS/008894151,IC,2017-12-24T23:16:00,2017-12-24T23:16:00,59,59
http://irail.be/vehicle/IC722,http://irail.be/stations/NMBS/008893120,IC,2017-12-24T23:25:00,2017-12-24T23:24:00,44,-42
http://irail.be/vehicle/IC722,http://irail.be/stations/NMBS/008893179,IC,2017-12-24T23:27:00,2017-12-24T23:27:00,44,44
http://irail.be/vehicle/IC722,NO-URI,IC,2017-12-24T23:28:00,2017-12-24T23:28:00,81,81
http://irail.be/vehicle/IC722,http://irail.be/stations/NMBS/008892007,IC,2017-12-24T23:36:00,2017-12-24T23:33:00,28,58
http://irail.be/vehicle/IC722,http://irail.be/stations/NMBS/008892080,IC,2017-12-24T23:44:00,2017-12-24T23:43:00,-11,-16
http://irail.be/vehicle/IC722,NO-URI,IC,2017-12-24T23:48:00,2017-12-24T23:48:00,-16,-16
http://irail.be/vehicle/IC722,http://irail.be/stations/NMBS/008892106,IC,2017-12-24T23:50:00,2017-12-24T23:49:00,54,0
http://irail.be/vehicle/IC722,http://irail.be/stations/NMBS/008896149,IC,2017-12-24T23:58:00,2017-12-24T23:57:00,157,117
http://irail.be/vehicle/IC722,http://irail.be/stations/NMBS/008896115,IC,2017-12-25T00:04:00,2017-12-25T00:04:00,170,170
http://irail.be/vehicle/IC722,http://irail.be/stations/NMBS/008896008,IC,2017-12-25T00:11:00,2017-12-25T00:11:00,,66
http://irail.be/vehicle/IC722,http://irail.be/stations/NMBS/008821006,IC,2017-03-31T22:37:00,2017-03-31T22:37:00,293,
http://irail.be/vehicle/IC722,http://irail.be/stations/NMBS/008821121,IC,2017-03-31T22:43:00,2017-03-31T22:41:00,199,199
http://irail.be/vehicle/IC722,http://irail.be/stations/NMBS/008821196,IC,2017-03-31T22:46:00,2017-03-31T22:46:00,149,149
http://irail.be/vehicle/IC722,NO-URI,IC,2017-03-31T22:50:00,2017-03-31T22:50:00,149,149
http://irail.be/vehicle/IC722,http://irail.be/stations/NMBS/008894821,IC,2017-03-31T22:50:00,2017-03-31T22:50:00,145,145
http://irail.be/vehicle/IC722,http://irail.be/stations/NMBS/008894755,IC,2017-03-31T22:52:00,2017-03-31T22:52:00,142,142
http://irail.be/vehicle/IC722,http://irail.be/stations/NMBS/008894748,IC,2017-03-31T22:53:00,2017-03-31T22:53:00,118,118
http://irail.be/vehicle/IC722,http://irail.be/stations/NMBS/008894714,IC,2017-03-31T22:56:00,2017-03-31T22:56:00,93,93
http://irail.be/vehicle/IC722,NO-URI,IC,2017-03-31T22:57:00,2017-03-31T22:57:00,78,78
http://irail.be/vehicle/IC722,http://irail.be/stations/NMBS/008894508,IC,2017-03-31T23:00:00,2017-03-31T22:59:00,138,36
http://irail.be/vehicle/IC722,http://irail.be/stations/NMBS/008894433,IC,2017-03-31T23:03:00,2017-03-31T23:03:00,138,138
http://irail.be/vehicle/IC722,http://irail.be/stations/NMBS/008894425,IC,2017-03-31T23:04:00,2017-03-31T23:04:00,150,150
http://irail.be/vehicle/IC722,NO-URI,IC,2017-03-31T23:06:00,2017-03-31T23:06:00,151,151
http://irail.be/vehicle/IC722,http://irail.be/stations/NMBS/008894201,IC,2017-03-31T23:09:00,2017-03-31T23:08:00,161,125
http://irail.be/vehicle/IC722,http://irail.be/stations/NMBS/008894151,IC,2017-03-31T23:15:00,2017-03-31T23:15:00,161,161
http://irail.be/vehicle/IC722,http://irail.be/stations/NMBS/008893120,IC,2017-03-31T23:24:00,2017-03-31T23:23:00,170,62
http://irail.be/vehicle/IC722,http://irail.be/stations/NMBS/008893179,IC,2017-03-31T23:26:00,2017-03-31T23:26:00,170,170
http://irail.be/vehicle/IC722,NO-URI,IC,2017-03-31T23:27:00,2017-03-31T23:27:00,105,105
http://irail.be/vehicle/IC722,http://irail.be/stations/NMBS/008892007,IC,2017-03-31T23:36:00,2017-03-31T23:33:00,20,47
http://irail.be/vehicle/IC722,http://irail.be/stations/NMBS/008892080,IC,2017-03-31T23:43:00,2017-03-31T23:42:00,41,-5
http://irail.be/vehicle/IC722,NO-URI,IC,2017-03-31T23:48:00,2017-03-31T23:48:00,-28,-28
http://irail.be/vehicle/IC722,http://irail.be/stations/NMBS/008892106,IC,2017-03-31T23:50:00,2017-03-31T23:49:00,61,-41
http://irail.be/vehicle/IC722,http://irail.be/stations/NMBS/008896149,IC,2017-03-31T23:58:00,2017-03-31T23:57:00,34,-54
http://irail.be/vehicle/IC722,http://irail.be/stations/NMBS/008896115,IC,2017-04-01T00:04:00,2017-04-01T00:04:00,34,34
http://irail.be/vehicle/IC722,http://irail.be/stations/NMBS/008896008,IC,2017-04-01T00:10:00,2017-04-01T00:10:00,,-100
http://irail.be/vehicle/IC722,http://irail.be/stations/NMBS/008821006,IC,2017-08-04T22:37:00,2017-08-04T22:37:00,-13,
http://irail.be/vehicle/IC722,http://irail.be/stations/NMBS/008821121,IC,2017-08-04T22:43:00,2017-08-04T22:41:00,15,15
http://irail.be/vehicle/IC722,http://irail.be/stations/NMBS/008821196,IC,2017-08-04T22:46:00,2017-08-04T22:46:00,-8,-8
http://irail.be/vehicle/IC722,NO-URI,IC,2017-08-04T22:50:00,2017-08-04T22:50:00,-8,-8
http://irail.be/vehicle/IC722,http://irail.be/stations/NMBS/008894821,IC,2017-08-04T22:50:00,2017-08-04T22:50:00,17,17
http://irail.be/vehicle/IC722,http://irail.be/stations/NMBS/008894755,IC,2017-08-04T22:52:00,2017-08-04T22:52:00,7,7
http://irail.be/vehicle/IC722,http://irail.be/stations/NMBS/008894748,IC,2017-08-04T22:53:00,2017-08-04T22:53:00,-22,-22
http://irail.be/vehicle/IC722,http://irail.be/stations/NMBS/008894714,IC,2017-08-04T22:56:00,2017-08-04T22:56:00,-39,-39
http://irail.be/vehicle/IC722,NO-URI,IC,2017-08-04T22:57:00,2017-08-04T22:57:00,-46,-46
http://irail.be/vehicle/IC722,http://irail.be/stations/NMBS/008894508,IC,2017-08-04T23:00:00,2017-08-04T22:59:00,59,-79
http://irail.be/vehicle/IC722,http://irail.be/stations/NMBS/008894433,IC,2017-08-04T23:03:00,2017-08-04T23:03:00,59,59
http://irail.be/vehicle/IC722,http://irail.be/stations/NMBS/008894425,IC,2017-08-04T23:04:00,2017-08-04T23:04:00,998,998
http://irail.be/vehicle/IC722,NO-URI,IC,2017-08-04T23:06:00,2017-08-04T23:06:00,1292,1292
http://irail.be/vehicle/IC722,http://irail.be/stations/NMBS/008894201,IC,2017-08-04T23:09:00,2017-08-04T23:08:00,1297,1290
http://irail.be/vehicle/IC722,http://irail.be/stations/NMBS/008894151,IC,2017-08-04T23:15:00,2017-08-04T23:15:00,1305,1297
http://irail.be/vehicle/IC722,http://irail.be/stations/NMBS/008893120,IC,2017-08-04T23:24:00,2017-08-04T23:23:00,1377,1272
http://irail.be/vehicle/IC722,http://irail.be/stations/NMBS/008893179,IC,2017-08-04T23:26:00,2017-08-04T23:26:00,1377,1377
http://irail.be/vehicle/IC722,NO-URI,IC,2017-08-04T23:27:00,2017-08-04T23:27:00,1358,1358
http://irail.be/vehicle/IC722,http://irail.be/stations/NMBS/008892007,IC,2017-08-04T23:36:00,2017-08-04T23:33:00,1299,1344
http://irail.be/vehicle/IC722,http://irail.be/stations/NMBS/008892080,IC,2017-08-04T23:43:00,2017-08-04T23:42:00,1289,1322
http://irail.be/vehicle/IC722,NO-URI,IC,2017-08-04T23:48:00,2017-08-04T23:48:00,1240,1240
http://irail.be/vehicle/IC722,http://irail.be/stations/NMBS/008892106,IC,2017-08-04T23:50:00,2017-08-04T23:49:00,1255,1243
http://irail.be/vehicle/IC722,http://irail.be/stations/NMBS/008896149,IC,2017-08-04T23:58:00,2017-08-04T23:57:00,1180,1199
http://irail.be/vehicle/IC722,http://irail.be/stations/NMBS/008896115,IC,2017-08-05T00:04:00,2017-08-05T00:04:00,1143,1143
http://irail.be/vehicle/IC722,http://irail.be/stations/NMBS/008896008,IC,2017-08-05T00:10:00,2017-08-05T00:10:00,,1069
http://irail.be/vehicle/IC722,http://irail.be/stations/NMBS/008821006,IC,2017-05-04T22:37:00,2017-05-04T22:37:00,7,
http://irail.be/vehicle/IC722,http://irail.be/stations/NMBS/008821121,IC,2017-05-04T22:43:00,2017-05-04T22:41:00,27,27
http://irail.be/vehicle/IC722,http://irail.be/stations/NMBS/008821196,IC,2017-05-04T22:46:00,2017-05-04T22:46:00,-13,-13
http://irail.be/vehicle/IC722,NO-URI,IC,2017-05-04T22:50:00,2017-05-04T22:50:00,-13,-13
http://irail.be/vehicle/IC722,http://irail.be/stations/NMBS/008894821,IC,2017-05-04T22:50:00,2017-05-04T22:50:00,12,12
http://irail.be/vehicle/IC722,http://irail.be/stations/NMBS/008894755,IC,2017-05-04T22:52:00,2017-05-04T22:52:00,-3,-3
http://irail.be/vehicle/IC722,http://irail.be/stations/NMBS/008894748,IC,2017-05-04T22:53:00,2017-05-04T22:53:00,-34,-34
http://irail.be/vehicle/IC722,http://irail.be/stations/NMBS/008894714,IC,2017-05-04T22:56:00,2017-05-04T22:56:00,-53,-53
http://irail.be/vehicle/IC722,NO-URI,IC,2017-05-04T22:57:00,2017-05-04T22:57:00,-67,-67
http://irail.be/vehicle/IC722,http://irail.be/stations/NMBS/008894508,IC,2017-05-04T23:00:00,2017-05-04T22:59:00,51,-104
http://irail.be/vehicle/IC722,http://irail.be/stations/NMBS/008894433,IC,2017-05-04T23:03:00,2017-05-04T23:03:00,51,51
http://irail.be/vehicle/IC722,http://irail.be/stations/NMBS/008894425,IC,2017-05-04T23:04:00,2017-05-04T23:04:00,36,36
http://irail.be/vehicle/IC722,NO-URI,IC,2017-05-04T23:06:00,2017-05-04T23:06:00,29,29
http://irail.be/vehicle/IC722,http://irail.be/stations/NMBS/008894201,IC,2017-05-04T23:09:00,2017-05-04T23:08:00,40,17
http://irail.be/vehicle/IC722,http://irail.be/stations/NMBS/008894151,IC,2017-05-04T23:15:00,2017-05-04T23:15:00,52,40
http://irail.be/vehicle/IC722,http://irail.be/stations/NMBS/008893120,IC,2017-05-04T23:24:00,2017-05-04T23:23:00,98,11
http://irail.be/vehicle/IC722,http://irail.be/stations/NMBS/008893179,IC,2017-05-04T23:26:00,2017-05-04T23:26:00,98,98
http://irail.be/vehicle/IC722,NO-URI,IC,2017-05-04T23:27:00,2017-05-04T23:27:00,65,65
http://irail.be/vehicle/IC722,http://irail.be/stations/NMBS/008892007,IC,2017-05-04T23:36:00,2017-05-04T23:33:00,44,58
http://irail.be/vehicle/IC722,http://irail.be/stations/NMBS/008892080,IC,2017-05-04T23:43:00,2017-05-04T23:42:00,33,36
http://irail.be/vehicle/IC722,NO-URI,IC,2017-05-04T23:48:00,2017-05-04T23:48:00,-15,-15
http://irail.be/vehicle/IC722,http://irail.be/stations/NMBS/008892106,IC,2017-05-04T23:50:00,2017-05-04T23:49:00,41,-6
http://irail.be/vehicle/IC722,http://irail.be/stations/NMBS/008896149,IC,2017-05-04T23:58:00,2017-05-04T23:57:00,10,-11
http://irail.be/vehicle/IC722,http://irail.be/stations/NMBS/008896115,IC,2017-05-05T00:04:00,2017-05-05T00:04:00,-22,-22
http://irail.be/vehicle/IC722,http://irail.be/stations/NMBS/008896008,IC,2017-05-05T00:10:00,2017-05-05T00:10:00,,-96
http://irail.be/vehicle/IC722,http://irail.be/stations/NMBS/008821006,IC,2017-02-01T22:37:00,2017-02-01T22:37:00,768,
http://irail.be/vehicle/IC722,http://irail.be/stations/NMBS/008821121,IC,2017-02-01T22:43:00,2017-02-01T22:41:00,658,658
http://irail.be/vehicle/IC722,http://irail.be/stations/NMBS/008821196,IC,2017-02-01T22:46:00,2017-02-01T22:46:00,604,604
http://irail.be/vehicle/IC722,NO-URI,IC,2017-02-01T22:50:00,2017-02-01T22:50:00,604,604
http://irail.be/vehicle/IC722,http://irail.be/stations/NMBS/008894821,IC,2017-02-01T22:50:00,2017-02-01T22:50:00,628,628
http://irail.be/vehicle/IC722,http://irail.be/stations/NMBS/008894755,IC,2017-02-01T22:52:00,2017-02-01T22:52:00,610,610
http://irail.be/vehicle/IC722,http://irail.be/stations/NMBS/008894748,IC,2017-02-01T22:53:00,2017-02-01T22:53:00,578,578
http://irail.be/vehicle/IC722,http://irail.be/stations/NMBS/008894714,IC,2017-02-01T22:56:00,2017-02-01T22:56:00,552,552
http://irail.be/vehicle/IC722,NO-URI,IC,2017-02-01T22:57:00,2017-02-01T22:57:00,537,537
http://irail.be/vehicle/IC722,http://irail.be/stations/NMBS/008894508,IC,2017-02-01T23:00:00,2017-02-01T22:59:00,634,577
http://irail.be/vehicle/IC722,http://irail.be/stations/NMBS/008894433,IC,2017-02-01T23:03:00,2017-02-01T23:03:00,634,634
http://irail.be/vehicle/IC722,http://irail.be/stations/NMBS/008894425,IC,2017-02-01T23:04:00,2017-02-01T23:04:00,592,592
http://irail.be/vehicle/IC722,NO-URI,IC,2017-02-01T23:06:00,2017-02-01T23:06:00,584,584
http://irail.be/vehicle/IC722,http://irail.be/stations/NMBS/008894201,IC,2017-02-01T23:09:00,2017-02-01T23:08:00,529,570
http://irail.be/vehicle/IC722,http://irail.be/stations/NMBS/008894151,IC,2017-02-01T23:15:00,2017-02-01T23:15:00,494,494
http://irail.be/vehicle/IC722,http://irail.be/stations/NMBS/008893120,IC,2017-02-01T23:24:00,2017-02-01T23:23:00,487,438
http://irail.be/vehicle/IC722,http://irail.be/stations/NMBS/008893179,IC,2017-02-01T23:26:00,2017-02-01T23:26:00,487,487
http://irail.be/vehicle/IC722,NO-URI,IC,2017-02-01T23:27:00,2017-02-01T23:27:00,492,492
http://irail.be/vehicle/IC722,http://irail.be/stations/NMBS/008892007,IC,2017-02-01T23:36:00,2017-02-01T23:33:00,454,542
http://irail.be/vehicle/IC722,http://irail.be/stations/NMBS/008892080,IC,2017-02-01T23:43:00,2017-02-01T23:42:00,378,437
http://irail.be/vehicle/IC722,NO-URI,IC,2017-02-01T23:48:00,2017-02-01T23:48:00,330,330
http://irail.be/vehicle/IC722,http://irail.be/stations/NMBS/008892106,IC,2017-02-01T23:50:00,2017-02-01T23:49:00,351,335
http://irail.be/vehicle/IC722,http://irail.be/stations/NMBS/008896149,IC,2017-02-01T23:58:00,2017-02-01T23:57:00,262,293
http://irail.be/vehicle/IC722,http://irail.be/stations/NMBS/008896115,IC,2017-02-02T00:04:00,2017-02-02T00:04:00,176,176
http://irail.be/vehicle/IC722,http://irail.be/stations/NMBS/008896008,IC,2017-02-02T00:10:00,2017-02-02T00:10:00,,104
http://irail.be/vehicle/IC722,http://irail.be/stations/NMBS/008821006,IC,2017-03-25T22:37:00,2017-03-25T22:37:00,152,
http://irail.be/vehicle/IC722,http://irail.be/stations/NMBS/008821121,IC,2017-03-25T22:43:00,2017-03-25T22:41:00,102,102
http://irail.be/vehicle/IC722,http://irail.be/stations/NMBS/008821196,IC,2017-03-25T22:46:00,2017-03-25T22:46:00,114,114
http://irail.be/vehicle/IC722,NO-URI,IC,2017-03-25T22:50:00,2017-03-25T22:50:00,115,115
http://irail.be/vehicle/IC722,http://irail.be/stations/NMBS/008894821,IC,2017-03-25T22:50:00,2017-03-25T22:50:00,141,141
http://irail.be/vehicle/IC722,http://irail.be/stations/NMBS/008894755,IC,2017-03-25T22:52:00,2017-03-25T22:52:00,122,122
http://irail.be/vehicle/IC722,http://irail.be/stations/NMBS/008894748,IC,2017-03-25T22:53:00,2017-03-25T22:53:00,121,121
http://irail.be/vehicle/IC722,http://irail.be/stations/NMBS/008894714,IC,2017-03-25T22:55:00,2017-03-25T22:55:00,122,122
http://irail.be/vehicle/IC722,NO-URI,IC,2017-03-25T22:57:00,2017-03-25T22:57:00,79,79
http://irail.be/vehicle/IC722,http://irail.be/stations/NMBS/008894508,IC,2017-03-25T23:01:00,2017-03-25T22:59:00,44,8
http://irail.be/vehicle/IC722,http://irail.be/stations/NMBS/008894433,IC,2017-03-25T23:04:00,2017-03-25T23:04:00,44,44
http://irail.be/vehicle/IC722,http://irail.be/stations/NMBS/008894425,IC,2017-03-25T23:04:00,2017-03-25T23:04:00,57,57
http://irail.be/vehicle/IC722,NO-URI,IC,2017-03-25T23:07:00,2017-03-25T23:07:00,13,13
http://irail.be/vehicle/IC722,http://irail.be/stations/NMBS/008894201,IC,2017-03-25T23:11:00,2017-03-25T23:09:00,5,-6
http://irail.be/vehicle/IC722,http://irail.be/stations/NMBS/008894151,IC,2017-03-25T23:16:00,2017-03-25T23:16:00,5,5
http://irail.be/vehicle/IC722,http://irail.be/stations/NMBS/008893120,IC,2017-03-25T23:24:00,2017-03-25T23:23:00,33,-47
http://irail.be/vehicle/IC722,http://irail.be/stations/NMBS/008893179,IC,2017-03-25T23:26:00,2017-03-25T23:26:00,33,33
http://irail.be/vehicle/IC722,NO-URI,IC,2017-03-25T23:27:00,2017-03-25T23:27:00,-39,-39
http://irail.be/vehicle/IC722,http://irail.be/stations/NMBS/008892007,IC,2017-03-25T23:36:00,2017-03-25T23:33:00,21,-62
http://irail.be/vehicle/IC722,http://irail.be/stations/NMBS/008892080,IC,2017-03-25T23:43:00,2017-03-25T23:42:00,16,29
http://irail.be/vehicle/IC722,NO-URI,IC,2017-03-25T23:47:00,2017-03-25T23:47:00,-3,-3
http://irail.be/vehicle/IC722,http://irail.be/stations/NMBS/008892106,IC,2017-03-25T23:50:00,2017-03-25T23:49:00,49,-4
http://irail.be/vehicle/IC722,http://irail.be/stations/NMBS/008896149,IC,2017-03-25T23:58:00,2017-03-25T23:57:00,14,-13
http://irail.be/vehicle/IC722,http://irail.be/stations/NMBS/008896115,IC,2017-03-26T00:04:00,2017-03-26T00:04:00,14,14
http://irail.be/vehicle/IC722,http://irail.be/stations/NMBS/008896008,IC,2017-03-26T00:10:00,2017-03-26T00:10:00,,-109
http://irail.be/vehicle/IC722,http://irail.be/stations/NMBS/008821006,IC,2017-02-05T22:37:00,2017-02-05T22:37:00,22,
http://irail.be/vehicle/IC722,http://irail.be/stations/NMBS/008821121,IC,2017-02-05T22:43:00,2017-02-05T22:41:00,32,33
http://irail.be/vehicle/IC722,http://irail.be/stations/NMBS/008821196,IC,2017-02-05T22:46:00,2017-02-05T22:46:00,-7,-7
http://irail.be/vehicle/IC722,NO-URI,IC,2017-02-05T22:50:00,2017-02-05T22:50:00,-7,-8
http://irail.be/vehicle/IC722,http://irail.be/stations/NMBS/008894821,IC,2017-02-05T22:50:00,2017-02-05T22:50:00,13,13
http://irail.be/vehicle/IC722,http://irail.be/stations/NMBS/008894755,IC,2017-02-05T22:52:00,2017-02-05T22:52:00,-7,-7
http://irail.be/vehicle/IC722,http://irail.be/stations/NMBS/008894748,IC,2017-02-05T22:53:00,2017-02-05T22:53:00,-35,-35
http://irail.be/vehicle/IC722,http://irail.be/stations/NMBS/008894714,IC,2017-02-05T22:56:00,2017-02-05T22:56:00,-55,-55
http://irail.be/vehicle/IC722,NO-URI,IC,2017-02-05T22:57:00,2017-02-05T22:57:00,-66,-66
http://irail.be/vehicle/IC722,http://irail.be/stations/NMBS/008894508,IC,2017-02-05T23:01:00,2017-02-05T22:59:00,64,-104
http://irail.be/vehicle/IC722,http://irail.be/stations/NMBS/008894433,IC,2017-02-05T23:04:00,2017-02-05T23:04:00,64,64
http://irail.be/vehicle/IC722,http://irail.be/stations/NMBS/008894425,IC,2017-02-05T23:05:00,2017-02-05T23:05:00,18,18
http://irail.be/vehicle/IC722,NO-URI,IC,2017-02-05T23:07:00,2017-02-05T23:07:00,14,14
http://irail.be/vehicle/IC722,http://irail.be/stations/NMBS/008894201,IC,2017-02-05T23:11:00,2017-02-05T23:09:00,10,6
http://irail.be/vehicle/IC722,http://irail.be/stations/NMBS/008894151,IC,2017-02-05T23:16:00,2017-02-05T23:16:00,10,10
http://irail.be/vehicle/IC722,http://irail.be/stations/NMBS/008893120,IC,2017-02-05T23:24:00,2017-02-05T23:23:00,30,-60
http://irail.be/vehicle/IC722,http://irail.be/stations/NMBS/008893179,IC,2017-02-05T23:26:00,2017-02-05T23:26:00,30,30
http://irail.be/vehicle/IC722,NO-URI,IC,2017-02-05T23:27:00,2017-02-05T23:27:00,-37,-37
http://irail.be/vehicle/IC722,http://irail.be/stations/NMBS/008892007,IC,2017-02-05T23:36:00,2017-02-05T23:33:00,28,-75
http://irail.be/vehicle/IC722,http://irail.be/stations/NMBS/008892080,IC,2017-02-05T23:43:00,2017-02-05T23:42:00,17,19
http://irail.be/vehicle/IC722,NO-URI,IC,2017-02-05T23:47:00,2017-02-05T23:47:00,-1,-1
http://irail.be/vehicle/IC722,http://irail.be/stations/NMBS/008892106,IC,2017-02-05T23:50:00,2017-02-05T23:49:00,38,-4
http://irail.be/vehicle/IC722,http://irail.be/stations/NMBS/008896149,IC,2017-02-05T23:58:00,2017-02-05T23:57:00,11,-18
http://irail.be/vehicle/IC722,http://irail.be/stations/NMBS/008896115,IC,2017-02-06T00:04:00,2017-02-06T00:04:00,-12,-12
http://irail.be/vehicle/IC722,http://irail.be/stations/NMBS/008896008,IC,2017-02-06T00:10:00,2017-02-06T00:10:00,,-80
http://irail.be/vehicle/IC722,http://irail.be/stations/NMBS/008821006,IC,2017-06-28T22:37:00,2017-06-28T22:37:00,-6,
http://irail.be/vehicle/IC722,http://irail.be/stations/NMBS/008821121,IC,2017-06-28T22:43:00,2017-06-28T22:41:00,22,22
http://irail.be/vehicle/IC722,http://irail.be/stations/NMBS/008821196,IC,2017-06-28T22:46:00,2017-06-28T22:46:00,4,4
http://irail.be/vehicle/IC722,NO-URI,IC,2017-06-28T22:50:00,2017-06-28T22:50:00,4,4
http://irail.be/vehicle/IC722,http://irail.be/stations/NMBS/008894821,IC,2017-06-28T22:50:00,2017-06-28T22:50:00,33,33
http://irail.be/vehicle/IC722,http://irail.be/stations/NMBS/008894755,IC,2017-06-28T22:52:00,2017-06-28T22:52:00,34,34
http://irail.be/vehicle/IC722,http://irail.be/stations/NMBS/008894748,IC,2017-06-28T22:53:00,2017-06-28T22:53:00,6,6
http://irail.be/vehicle/IC722,http://irail.be/stations/NMBS/008894714,IC,2017-06-28T22:56:00,2017-06-28T22:56:00,-7,-7
http://irail.be/vehicle/IC722,NO-URI,IC,2017-06-28T22:57:00,2017-06-28T22:57:00,-12,-12
http://irail.be/vehicle/IC722,http://irail.be/stations/NMBS/008894508,IC,2017-06-28T23:00:00,2017-06-28T22:59:00,51,-39
http://irail.be/vehicle/IC722,http://irail.be/stations/NMBS/008894433,IC,2017-06-28T23:03:00,2017-06-28T23:03:00,51,51
http://irail.be/vehicle/IC722,http://irail.be/stations/NMBS/008894425,IC,2017-06-28T23:04:00,2017-06-28T23:04:00,13,13
http://irail.be/vehicle/IC722,NO-URI,IC,2017-06-28T23:06:00,2017-06-28T23:06:00,12,12
http://irail.be/vehicle/IC722,http://irail.be/stations/NMBS/008894201,IC,2017-06-28T23:09:00,2017-06-28T23:08:00,-2,9
http://irail.be/vehicle/IC722,http://irail.be/stations/NMBS/008894151,IC,2017-06-28T23:15:00,2017-06-28T23:15:00,-2,-2
http://irail.be/vehicle/IC722,http://irail.be/stations/NMBS/008893120,IC,2017-06-28T23:24:00,2017-06-28T23:23:00,69,54
http://irail.be/vehicle/IC722,http://irail.be/stations/NMBS/008893179,IC,2017-06-28T23:26:00,2017-06-28T23:26:00,69,69
http://irail.be/vehicle/IC722,NO-URI,IC,2017-06-28T23:27:00,2017-06-28T23:27:00,18,18
http://irail.be/vehicle/IC722,http://irail.be/stations/NMBS/008892007,IC,2017-06-28T23:36:00,2017-06-28T23:33:00,11,-14
http://irail.be/vehicle/IC722,http://irail.be/stations/NMBS/008892080,IC,2017-06-28T23:43:00,2017-06-28T23:42:00,-10,-1
http://irail.be/vehicle/IC722,NO-URI,IC,2017-06-28T23:48:00,2017-06-28T23:48:00,-46,-46
http://irail.be/vehicle/IC722,http://irail.be/stations/NMBS/008892106,IC,2017-06-28T23:50:00,2017-06-28T23:49:00,96,20
http://irail.be/vehicle/IC722,http://irail.be/stations/NMBS/008896149,IC,2017-06-28T23:58:00,2017-06-28T23:57:00,19,40
http://irail.be/vehicle/IC722,http://irail.be/stations/NMBS/008896115,IC,2017-06-29T00:04:00,2017-06-29T00:04:00,-22,-22
http://irail.be/vehicle/IC722,http://irail.be/stations/NMBS/008896008,IC,2017-06-29T00:10:00,2017-06-29T00:10:00,,-129
http://irail.be/vehicle/IC722,http://irail.be/stations/NMBS/008821006,IC,2017-05-16T22:37:00,2017-05-16T22:37:00,38,
http://irail.be/vehicle/IC722,http://irail.be/stations/NMBS/008821121,IC,2017-05-16T22:43:00,2017-05-16T22:41:00,1,1
http://irail.be/vehicle/IC722,http://irail.be/stations/NMBS/008821196,IC,2017-05-16T22:46:00,2017-05-16T22:46:00,-37,-37
http://irail.be/vehicle/IC722,NO-URI,IC,2017-05-16T22:50:00,2017-05-16T22:50:00,-37,-37
http://irail.be/vehicle/IC722,http://irail.be/stations/NMBS/008894821,IC,2017-05-16T22:50:00,2017-05-16T22:50:00,-11,-11
http://irail.be/vehicle/IC722,http://irail.be/stations/NMBS/008894755,IC,2017-05-16T22:52:00,2017-05-16T22:52:00,53,53
http://irail.be/vehicle/IC722,http://irail.be/stations/NMBS/008894748,IC,2017-05-16T22:53:00,2017-05-16T22:53:00,43,43
http://irail.be/vehicle/IC722,http://irail.be/stations/NMBS/008894714,IC,2017-05-16T22:56:00,2017-05-16T22:56:00,29,29
http://irail.be/vehicle/IC722,NO-URI,IC,2017-05-16T22:57:00,2017-05-16T22:57:00,19,19
http://irail.be/vehicle/IC722,http://irail.be/stations/NMBS/008894508,IC,2017-05-16T23:00:00,2017-05-16T22:59:00,81,-8
http://irail.be/vehicle/IC722,http://irail.be/stations/NMBS/008894433,IC,2017-05-16T23:03:00,2017-05-16T23:03:00,81,81
http://irail.be/vehicle/IC722,http://irail.be/stations/NMBS/008894425,IC,2017-05-16T23:04:00,2017-05-16T23:04:00,43,43
http://irail.be/vehicle/IC722,NO-URI,IC,2017-05-16T23:06:00,2017-05-16T23:06:00,45,45
http://irail.be/vehicle/IC722,http://irail.be/stations/NMBS/008894201,IC,2017-05-16T23:09:00,2017-05-16T23:08:00,43,41
http://irail.be/vehicle/IC722,http://irail.be/stations/NMBS/008894151,IC,2017-05-16T23:15:00,2017-05-16T23:15:00,46,43
http://irail.be/vehicle/IC722,http://irail.be/stations/NMBS/008893120,IC,2017-05-16T23:24:00,2017-05-16T23:23:00,123,12
http://irail.be/vehicle/IC722,http://irail.be/stations/NMBS/008893179,IC,2017-05-16T23:26:00,2017-05-16T23:26:00,123,123
http://irail.be/vehicle/IC722,NO-URI,IC,2017-05-16T23:27:00,2017-05-16T23:27:00,125,125
http://irail.be/vehicle/IC722,http://irail.be/stations/NMBS/008892007,IC,2017-05-16T23:36:00,2017-05-16T23:33:00,1337,148
http://irail.be/vehicle/IC722,http://irail.be/stations/NMBS/008892080,IC,2017-05-16T23:43:00,2017-05-16T23:42:00,1330,1360
http://irail.be/vehicle/IC722,NO-URI,IC,2017-05-16T23:48:00,2017-05-16T23:48:00,1277,1277
http://irail.be/vehicle/IC722,http://irail.be/stations/NMBS/008892106,IC,2017-05-16T23:50:00,2017-05-16T23:49:00,1332,1292
http://irail.be/vehicle/IC722,http://irail.be/stations/NMBS/008896149,IC,2017-05-16T23:58:00,2017-05-16T23:57:00,1274,1273
http://irail.be/vehicle/IC722,http://irail.be/stations/NMBS/008896115,IC,2017-05-17T00:04:00,2017-05-17T00:04:00,1241,1241
http://irail.be/vehicle/IC722,http://irail.be/stations/NMBS/008896008,IC,2017-05-17T00:10:00,2017-05-17T00:10:00,,1178
http://irail.be/vehicle/IC722,http://irail.be/stations/NMBS/008821006,IC,2017-03-17T22:37:00,2017-03-17T22:37:00,123,
http://irail.be/vehicle/IC722,http://irail.be/stations/NMBS/008821121,IC,2017-03-17T22:43:00,2017-03-17T22:41:00,122,122
http://irail.be/vehicle/IC722,http://irail.be/stations/NMBS/008821196,IC,2017-03-17T22:46:00,2017-03-17T22:46:00,79,79
http://irail.be/vehicle/IC722,NO-URI,IC,2017-03-17T22:50:00,2017-03-17T22:50:00,79,79
http://irail.be/vehicle/IC722,http://irail.be/stations/NMBS/008894821,IC,2017-03-17T22:50:00,2017-03-17T22:50:00,105,105
http://irail.be/vehicle/IC722,http://irail.be/stations/NMBS/008894755,IC,2017-03-17T22:52:00,2017-03-17T22:52:00,84,84
http://irail.be/vehicle/IC722,http://irail.be/stations/NMBS/008894748,IC,2017-03-17T22:53:00,2017-03-17T22:53:00,85,85
http://irail.be/vehicle/IC722,http://irail.be/stations/NMBS/008894714,IC,2017-03-17T22:55:00,2017-03-17T22:55:00,89,89
http://irail.be/vehicle/IC722,NO-URI,IC,2017-03-17T22:57:00,2017-03-17T22:57:00,69,69
http://irail.be/vehicle/IC722,http://irail.be/stations/NMBS/008894508,IC,2017-03-17T23:00:00,2017-03-17T22:59:00,202,93
http://irail.be/vehicle/IC722,http://irail.be/stations/NMBS/008894433,IC,2017-03-17T23:03:00,2017-03-17T23:03:00,202,202
http://irail.be/vehicle/IC722,http://irail.be/stations/NMBS/008894425,IC,2017-03-17T23:03:00,2017-03-17T23:03:00,360,360
http://irail.be/vehicle/IC722,NO-URI,IC,2017-03-17T23:06:00,2017-03-17T23:06:00,358,358
http://irail.be/vehicle/IC722,http://irail.be/stations/NMBS/008894201,IC,2017-03-17T23:09:00,2017-03-17T23:08:00,311,335
http://irail.be/vehicle/IC722,http://irail.be/stations/NMBS/008894151,IC,2017-03-17T23:15:00,2017-03-17T23:15:00,311,311
http://irail.be/vehicle/IC722,http://irail.be/stations/NMBS/008893120,IC,2017-03-17T23:24:00,2017-03-17T23:23:00,340,249
http://irail.be/vehicle/IC722,http://irail.be/stations/NMBS/008893179,IC,2017-03-17T23:26:00,2017-03-17T23:26:00,340,340
http://irail.be/vehicle/IC722,NO-URI,IC,2017-03-17T23:27:00,2017-03-17T23:27:00,279,279
http://irail.be/vehicle/IC722,http://irail.be/stations/NMBS/008892007,IC,2017-03-17T23:36:00,2017-03-17T23:33:00,185,245
http://irail.be/vehicle/IC722,http://irail.be/stations/NMBS/008892080,IC,2017-03-17T23:43:00,2017-03-17T23:42:00,163,201
http://irail.be/vehicle/IC722,NO-URI,IC,2017-03-17T23:48:00,2017-03-17T23:48:00,105,105
http://irail.be/vehicle/IC722,http://irail.be/stations/NMBS/008892106,IC,2017-03-17T23:50:00,2017-03-17T23:49:00,149,109
http://irail.be/vehicle/IC722,http://irail.be/stations/NMBS/008896149,IC,2017-03-17T23:58:00,2017-03-17T23:57:00,66,91
http://irail.be/vehicle/IC722,http://irail.be/stations/NMBS/008896115,IC,2017-03-18T00:04:00,2017-03-18T00:04:00,66,66
http://irail.be/vehicle/IC722,http://irail.be/stations/NMBS/008896008,IC,2017-03-18T00:10:00,2017-03-18T00:10:00,,-64
http://irail.be/vehicle/IC722,http://irail.be/stations/NMBS/008821006,IC,2017-07-26T22:37:00,2017-07-26T22:37:00,52,
http://irail.be/vehicle/IC722,http://irail.be/stations/NMBS/008821121,IC,2017-07-26T22:43:00,2017-07-26T22:41:00,18,18
http://irail.be/vehicle/IC722,http://irail.be/stations/NMBS/008821196,IC,2017-07-26T22:46:00,2017-07-26T22:46:00,-18,-18
http://irail.be/vehicle/IC722,NO-URI,IC,2017-07-26T22:50:00,2017-07-26T22:50:00,-18,-18
http://irail.be/vehicle/IC722,http://irail.be/stations/NMBS/008894821,IC,2017-07-26T22:50:00,2017-07-26T22:50:00,8,8
http://irail.be/vehicle/IC722,http://irail.be/stations/NMBS/008894755,IC,2017-07-26T22:52:00,2017-07-26T22:52:00,-8,-8
http://irail.be/vehicle/IC722,http://irail.be/stations/NMBS/008894748,IC,2017-07-26T22:53:00,2017-07-26T22:53:00,-37,-37
http://irail.be/vehicle/IC722,http://irail.be/stations/NMBS/008894714,IC,2017-07-26T22:56:00,2017-07-26T22:56:00,-54,-54
http://irail.be/vehicle/IC722,NO-URI,IC,2017-07-26T22:57:00,2017-07-26T22:57:00,-63,-63
http://irail.be/vehicle/IC722,http://irail.be/stations/NMBS/008894508,IC,2017-07-26T23:00:00,2017-07-26T22:59:00,54,-91
http://irail.be/vehicle/IC722,http://irail.be/stations/NMBS/008894433,IC,2017-07-26T23:03:00,2017-07-26T23:03:00,54,54
http://irail.be/vehicle/IC722,http://irail.be/stations/NMBS/008894425,IC,2017-07-26T23:04:00,2017-07-26T23:04:00,13,13
http://irail.be/vehicle/IC722,NO-URI,IC,2017-07-26T23:06:00,2017-07-26T23:06:00,10,10
http://irail.be/vehicle/IC722,http://irail.be/stations/NMBS/008894201,IC,2017-07-26T23:09:00,2017-07-26T23:08:00,100,110
http://irail.be/vehicle/IC722,http://irail.be/stations/NMBS/008894151,IC,2017-07-26T23:15:00,2017-07-26T23:15:00,202,100
http://irail.be/vehicle/IC722,http://irail.be/stations/NMBS/008893120,IC,2017-07-26T23:24:00,2017-07-26T23:23:00,198,142
http://irail.be/vehicle/IC722,http://irail.be/stations/NMBS/008893179,IC,2017-07-26T23:26:00,2017-07-26T23:26:00,198,198
http://irail.be/vehicle/IC722,NO-URI,IC,2017-07-26T23:27:00,2017-07-26T23:27:00,127,127
http://irail.be/vehicle/IC722,http://irail.be/stations/NMBS/008892007,IC,2017-07-26T23:36:00,2017-07-26T23:33:00,22,95
http://irail.be/vehicle/IC722,http://irail.be/stations/NMBS/008892080,IC,2017-07-26T23:43:00,2017-07-26T23:42:00,-16,1
http://irail.be/vehicle/IC722,NO-URI,IC,2017-07-26T23:48:00,2017-07-26T23:48:00,-69,-69
http://irail.be/vehicle/IC722,http://irail.be/stations/NMBS/008892106,IC,2017-07-26T23:50:00,2017-07-26T23:49:00,38,-66
http://irail.be/vehicle/IC722,http://irail.be/stations/NMBS/008896149,IC,2017-07-26T23:58:00,2017-07-26T23:57:00,6,-14
http://irail.be/vehicle/IC722,http://irail.be/stations/NMBS/008896115,IC,2017-07-27T00:04:00,2017-07-27T00:04:00,-33,-33
http://irail.be/vehicle/IC722,http://irail.be/stations/NMBS/008896008,IC,2017-07-27T00:10:00,2017-07-27T00:10:00,,-109
http://irail.be/vehicle/IC722,http://irail.be/stations/NMBS/008821006,IC,2017-08-13T22:37:00,2017-08-13T22:37:00,29,
http://irail.be/vehicle/IC722,http://irail.be/stations/NMBS/008821121,IC,2017-08-13T22:43:00,2017-08-13T22:41:00,21,21
http://irail.be/vehicle/IC722,http://irail.be/stations/NMBS/008821196,IC,2017-08-13T22:46:00,2017-08-13T22:46:00,-24,-24
http://irail.be/vehicle/IC722,NO-URI,IC,2017-08-13T22:50:00,2017-08-13T22:50:00,-24,-24
http://irail.be/vehicle/IC722,http://irail.be/stations/NMBS/008894821,IC,2017-08-13T22:50:00,2017-08-13T22:50:00,1,1
http://irail.be/vehicle/IC722,http://irail.be/stations/NMBS/008894755,IC,2017-08-13T22:52:00,2017-08-13T22:52:00,-20,-20
http://irail.be/vehicle/IC722,http://irail.be/stations/NMBS/008894748,IC,2017-08-13T22:53:00,2017-08-13T22:53:00,-50,-50
http://irail.be/vehicle/IC722,http://irail.be/stations/NMBS/008894714,IC,2017-08-13T22:56:00,2017-08-13T22:56:00,-71,-71
http://irail.be/vehicle/IC722,NO-URI,IC,2017-08-13T22:57:00,2017-08-13T22:57:00,-84,-84
http://irail.be/vehicle/IC722,http://irail.be/stations/NMBS/008894508,IC,2017-08-13T23:01:00,2017-08-13T22:59:00,98,-125
http://irail.be/vehicle/IC722,http://irail.be/stations/NMBS/008894433,IC,2017-08-13T23:04:00,2017-08-13T23:04:00,98,98
http://irail.be/vehicle/IC722,http://irail.be/stations/NMBS/008894425,IC,2017-08-13T23:05:00,2017-08-13T23:05:00,54,54
http://irail.be/vehicle/IC722,NO-URI,IC,2017-08-13T23:07:00,2017-08-13T23:07:00,49,49
http://irail.be/vehicle/IC722,http://irail.be/stations/NMBS/008894201,IC,2017-08-13T23:11:00,2017-08-13T23:09:00,16,35
http://irail.be/vehicle/IC722,http://irail.be/stations/NMBS/008894151,IC,2017-08-13T23:16:00,2017-08-13T23:16:00,16,16
http://irail.be/vehicle/IC722,http://irail.be/stations/NMBS/008893120,IC,2017-08-13T23:24:00,2017-08-13T23:23:00,-11,-84
http://irail.be/vehicle/IC722,http://irail.be/stations/NMBS/008893179,IC,2017-08-13T23:26:00,2017-08-13T23:26:00,-11,-11
http://irail.be/vehicle/IC722,NO-URI,IC,2017-08-13T23:27:00,2017-08-13T23:27:00,-83,-83
http://irail.be/vehicle/IC722,http://irail.be/stations/NMBS/008892007,IC,2017-08-13T23:36:00,2017-08-13T23:33:00,123,-115
http://irail.be/vehicle/IC722,http://irail.be/stations/NMBS/008892080,IC,2017-08-13T23:43:00,2017-08-13T23:42:00,92,88
http://irail.be/vehicle/IC722,NO-URI,IC,2017-08-13T23:47:00,2017-08-13T23:47:00,69,69
http://irail.be/vehicle/IC722,http://irail.be/stations/NMBS/008892106,IC,2017-08-13T23:50:00,2017-08-13T23:49:00,30,63
http://irail.be/vehicle/IC722,http://irail.be/stations/NMBS/008896149,IC,2017-08-13T23:58:00,2017-08-13T23:57:00,-3,-36
http://irail.be/vehicle/IC722,http://irail.be/stations/NMBS/008896115,IC,2017-08-14T00:04:00,2017-08-14T00:04:00,-3,-55
http://irail.be/vehicle/IC722,http://irail.be/stations/NMBS/008896008,IC,2017-08-14T00:10:00,2017-08-14T00:10:00,,-72
http://irail.be/vehicle/IC722,http://irail.be/stations/NMBS/008821006,IC,2017-03-18T22:37:00,2017-03-18T22:37:00,29,
http://irail.be/vehicle/IC722,http://irail.be/stations/NMBS/008821121,IC,2017-03-18T22:43:00,2017-03-18T22:41:00,26,26
http://irail.be/vehicle/IC722,http://irail.be/stations/NMBS/008821196,IC,2017-03-18T22:46:00,2017-03-18T22:46:00,-16,-16
http://irail.be/vehicle/IC722,NO-URI,IC,2017-03-18T22:50:00,2017-03-18T22:50:00,-16,-16
http://irail.be/vehicle/IC722,http://irail.be/stations/NMBS/008894821,IC,2017-03-18T22:50:00,2017-03-18T22:50:00,6,6
http://irail.be/vehicle/IC722,http://irail.be/stations/NMBS/008894755,IC,2017-03-18T22:52:00,2017-03-18T22:52:00,-9,-9
http://irail.be/vehicle/IC722,http://irail.be/stations/NMBS/008894748,IC,2017-03-18T22:53:00,2017-03-18T22:53:00,-9,-9
http://irail.be/vehicle/IC722,http://irail.be/stations/NMBS/008894714,IC,2017-03-18T22:55:00,2017-03-18T22:55:00,-3,-3
http://irail.be/vehicle/IC722,NO-URI,IC,2017-03-18T22:57:00,2017-03-18T22:57:00,-41,-41
http://irail.be/vehicle/IC722,http://irail.be/stations/NMBS/008894508,IC,2017-03-18T23:01:00,2017-03-18T22:59:00,35,-110
http://irail.be/vehicle/IC722,http://irail.be/stations/NMBS/008894433,IC,2017-03-18T23:04:00,2017-03-18T23:04:00,35,35
http://irail.be/vehicle/IC722,http://irail.be/stations/NMBS/008894425,IC,2017-03-18T23:04:00,2017-03-18T23:04:00,48,48
http://irail.be/vehicle/IC722,NO-URI,IC,2017-03-18T23:07:00,2017-03-18T23:07:00,7,7
http://irail.be/vehicle/IC722,http://irail.be/stations/NMBS/008894201,IC,2017-03-18T23:11:00,2017-03-18T23:09:00,14,-13
http://irail.be/vehicle/IC722,http://irail.be/stations/NMBS/008894151,IC,2017-03-18T23:16:00,2017-03-18T23:16:00,14,14
http://irail.be/vehicle/IC722,http://irail.be/stations/NMBS/008893120,IC,2017-03-18T23:24:00,2017-03-18T23:23:00,9,-61
http://irail.be/vehicle/IC722,http://irail.be/stations/NMBS/008893179,IC,2017-03-18T23:26:00,2017-03-18T23:26:00,9,9
http://irail.be/vehicle/IC722,NO-URI,IC,2017-03-18T23:27:00,2017-03-18T23:27:00,-65,-65
http://irail.be/vehicle/IC722,http://irail.be/stations/NMBS/008892007,IC,2017-03-18T23:33:00,2017-03-18T23:33:00,,-53
http://irail.be/vehicle/IC722,http://irail.be/stations/NMBS/008821006,IC,2017-08-07T22:37:00,2017-08-07T22:37:00,24,
http://irail.be/vehicle/IC722,http://irail.be/stations/NMBS/008821121,IC,2017-08-07T22:43:00,2017-08-07T22:41:00,14,14
http://irail.be/vehicle/IC722,http://irail.be/stations/NMBS/008821196,IC,2017-08-07T22:46:00,2017-08-07T22:46:00,-33,-33
http://irail.be/vehicle/IC722,NO-URI,IC,2017-08-07T22:50:00,2017-08-07T22:50:00,-33,-33
http://irail.be/vehicle/IC722,http://irail.be/stations/NMBS/008894821,IC,2017-08-07T22:50:00,2017-08-07T22:50:00,-8,-8
http://irail.be/vehicle/IC722,http://irail.be/stations/NMBS/008894755,IC,2017-08-07T22:52:00,2017-08-07T22:52:00,-27,-27
http://irail.be/vehicle/IC722,http://irail.be/stations/NMBS/008894748,IC,2017-08-07T22:53:00,2017-08-07T22:53:00,-57,-57
http://irail.be/vehicle/IC722,http://irail.be/stations/NMBS/008894714,IC,2017-08-07T22:56:00,2017-08-07T22:56:00,-80,-80
http://irail.be/vehicle/IC722,NO-URI,IC,2017-08-07T22:57:00,2017-08-07T22:57:00,-91,-91
http://irail.be/vehicle/IC722,http://irail.be/stations/NMBS/008894508,IC,2017-08-07T23:00:00,2017-08-07T22:59:00,80,-131
http://irail.be/vehicle/IC722,http://irail.be/stations/NMBS/008894433,IC,2017-08-07T23:03:00,2017-08-07T23:03:00,80,80
http://irail.be/vehicle/IC722,http://irail.be/stations/NMBS/008894425,IC,2017-08-07T23:04:00,2017-08-07T23:04:00,36,36
http://irail.be/vehicle/IC722,NO-URI,IC,2017-08-07T23:06:00,2017-08-07T23:06:00,29,29
http://irail.be/vehicle/IC722,http://irail.be/stations/NMBS/008894201,IC,2017-08-07T23:09:00,2017-08-07T23:08:00,19,28
http://irail.be/vehicle/IC722,http://irail.be/stations/NMBS/008894151,IC,2017-08-07T23:15:00,2017-08-07T23:15:00,19,19
http://irail.be/vehicle/IC722,http://irail.be/stations/NMBS/008893120,IC,2017-08-07T23:24:00,2017-08-07T23:23:00,24,-39
http://irail.be/vehicle/IC722,http://irail.be/stations/NMBS/008893179,IC,2017-08-07T23:26:00,2017-08-07T23:26:00,24,24
http://irail.be/vehicle/IC722,NO-URI,IC,2017-08-07T23:27:00,2017-08-07T23:27:00,-33,-33
http://irail.be/vehicle/IC722,http://irail.be/stations/NMBS/008892007,IC,2017-08-07T23:36:00,2017-08-07T23:33:00,23,-57
http://irail.be/vehicle/IC722,http://irail.be/stations/NMBS/008892080,IC,2017-08-07T23:43:00,2017-08-07T23:42:00,-16,8
http://irail.be/vehicle/IC722,NO-URI,IC,2017-08-07T23:48:00,2017-08-07T23:48:00,-67,-67
http://irail.be/vehicle/IC722,http://irail.be/stations/NMBS/008892106,IC,2017-08-07T23:50:00,2017-08-07T23:49:00,26,-66
http://irail.be/vehicle/IC722,http://irail.be/stations/NMBS/008896149,IC,2017-08-07T23:58:00,2017-08-07T23:57:00,-28,-27
http://irail.be/vehicle/IC722,http://irail.be/stations/NMBS/008896115,IC,2017-08-08T00:04:00,2017-08-08T00:04:00,-59,-72
http://irail.be/vehicle/IC722,http://irail.be/stations/NMBS/008896008,IC,2017-08-08T00:10:00,2017-08-08T00:10:00,,-122
http://irail.be/vehicle/IC722,http://irail.be/stations/NMBS/008821006,IC,2017-12-04T22:37:00,2017-12-04T22:37:00,10,
http://irail.be/vehicle/IC722,http://irail.be/stations/NMBS/008821121,IC,2017-12-04T22:43:00,2017-12-04T22:41:00,18,18
http://irail.be/vehicle/IC722,http://irail.be/stations/NMBS/008821196,IC,2017-12-04T22:46:00,2017-12-04T22:46:00,-37,-37
http://irail.be/vehicle/IC722,NO-URI,IC,2017-12-04T22:50:00,2017-12-04T22:50:00,-37,-37
http://irail.be/vehicle/IC722,http://irail.be/stations/NMBS/008894821,IC,2017-12-04T22:50:00,2017-12-04T22:50:00,-14,-14
http://irail.be/vehicle/IC722,http://irail.be/stations/NMBS/008894755,IC,2017-12-04T22:52:00,2017-12-04T22:52:00,-37,-37
http://irail.be/vehicle/IC722,http://irail.be/stations/NMBS/008894748,IC,2017-12-04T22:53:00,2017-12-04T22:53:00,-65,-65
http://irail.be/vehicle/IC722,http://irail.be/stations/NMBS/008894714,IC,2017-12-04T22:56:00,2017-12-04T22:56:00,-88,-88
http://irail.be/vehicle/IC722,NO-URI,IC,2017-12-04T22:57:00,2017-12-04T22:57:00,-100,-100
http://irail.be/vehicle/IC722,http://irail.be/stations/NMBS/008894508,IC,2017-12-04T23:00:00,2017-12-04T22:59:00,16,-138
http://irail.be/vehicle/IC722,http://irail.be/stations/NMBS/008894433,IC,2017-12-04T23:03:00,2017-12-04T23:03:00,16,16
http://irail.be/vehicle/IC722,http://irail.be/stations/NMBS/008894425,IC,2017-12-04T23:04:00,2017-12-04T23:04:00,-32,-32
http://irail.be/vehicle/IC722,NO-URI,IC,2017-12-04T23:06:00,2017-12-04T23:06:00,-35,-35
http://irail.be/vehicle/IC722,http://irail.be/stations/NMBS/008894201,IC,2017-12-04T23:09:00,2017-12-04T23:08:00,0,-37
http://irail.be/vehicle/IC722,http://irail.be/stations/NMBS/008894151,IC,2017-12-04T23:15:00,2017-12-04T23:15:00,23,0
http://irail.be/vehicle/IC722,http://irail.be/stations/NMBS/008893120,IC,2017-12-04T23:24:00,2017-12-04T23:23:00,88,22
http://irail.be/vehicle/IC722,http://irail.be/stations/NMBS/008893179,IC,2017-12-04T23:26:00,2017-12-04T23:26:00,88,88
http://irail.be/vehicle/IC722,NO-URI,IC,2017-12-04T23:27:00,2017-12-04T23:27:00,69,69
http://irail.be/vehicle/IC722,http://irail.be/stations/NMBS/008892007,IC,2017-12-04T23:36:00,2017-12-04T23:33:00,12,43
http://irail.be/vehicle/IC722,http://irail.be/stations/NMBS/008892080,IC,2017-12-04T23:43:00,2017-12-04T23:42:00,-6,11
http://irail.be/vehicle/IC722,NO-URI,IC,2017-12-04T23:48:00,2017-12-04T23:48:00,-42,-42
http://irail.be/vehicle/IC722,http://irail.be/stations/NMBS/008892106,IC,2017-12-04T23:50:00,2017-12-04T23:49:00,30,-26
http://irail.be/vehicle/IC722,http://irail.be/stations/NMBS/008896149,IC,2017-12-04T23:58:00,2017-12-04T23:57:00,96,30
http://irail.be/vehicle/IC722,http://irail.be/stations/NMBS/008896115,IC,2017-12-05T00:04:00,2017-12-05T00:04:00,101,101
http://irail.be/vehicle/IC722,http://irail.be/stations/NMBS/008896008,IC,2017-12-05T00:10:00,2017-12-05T00:10:00,,73
http://irail.be/vehicle/IC722,http://irail.be/stations/NMBS/008821006,IC,2017-06-29T22:37:00,2017-06-29T22:37:00,9,
http://irail.be/vehicle/IC722,http://irail.be/stations/NMBS/008821121,IC,2017-06-29T22:43:00,2017-06-29T22:41:00,7,7
http://irail.be/vehicle/IC722,http://irail.be/stations/NMBS/008821196,IC,2017-06-29T22:46:00,2017-06-29T22:46:00,-7,-7
http://irail.be/vehicle/IC722,NO-URI,IC,2017-06-29T22:50:00,2017-06-29T22:50:00,-7,-7
http://irail.be/vehicle/IC722,http://irail.be/stations/NMBS/008894821,IC,2017-06-29T22:50:00,2017-06-29T22:50:00,18,18
http://irail.be/vehicle/IC722,http://irail.be/stations/NMBS/008894755,IC,2017-06-29T22:52:00,2017-06-29T22:52:00,-1,-1
http://irail.be/vehicle/IC722,http://irail.be/stations/NMBS/008894748,IC,2017-06-29T22:53:00,2017-06-29T22:53:00,-31,-31
http://irail.be/vehicle/IC722,http://irail.be/stations/NMBS/008894714,IC,2017-06-29T22:56:00,2017-06-29T22:56:00,-52,-52
http://irail.be/vehicle/IC722,NO-URI,IC,2017-06-29T22:57:00,2017-06-29T22:57:00,-63,-63
http://irail.be/vehicle/IC722,http://irail.be/stations/NMBS/008894508,IC,2017-06-29T23:00:00,2017-06-29T22:59:00,123,-100
http://irail.be/vehicle/IC722,http://irail.be/stations/NMBS/008894433,IC,2017-06-29T23:03:00,2017-06-29T23:03:00,123,123
http://irail.be/vehicle/IC722,http://irail.be/stations/NMBS/008894425,IC,2017-06-29T23:04:00,2017-06-29T23:04:00,78,78
http://irail.be/vehicle/IC722,NO-URI,IC,2017-06-29T23:06:00,2017-06-29T23:06:00,72,72
http://irail.be/vehicle/IC722,http://irail.be/stations/NMBS/008894201,IC,2017-06-29T23:09:00,2017-06-29T23:08:00,165,63
http://irail.be/vehicle/IC722,http://irail.be/stations/NMBS/008894151,IC,2017-06-29T23:15:00,2017-06-29T23:15:00,229,165
http://irail.be/vehicle/IC722,http://irail.be/stations/NMBS/008893120,IC,2017-06-29T23:24:00,2017-06-29T23:23:00,308,294
http://irail.be/vehicle/IC722,http://irail.be/stations/NMBS/008893179,IC,2017-06-29T23:26:00,2017-06-29T23:26:00,308,308
http://irail.be/vehicle/IC722,NO-URI,IC,2017-06-29T23:27:00,2017-06-29T23:27:00,271,271
http://irail.be/vehicle/IC722,http://irail.be/stations/NMBS/008892007,IC,2017-06-29T23:36:00,2017-06-29T23:33:00,314,244
http://irail.be/vehicle/IC722,http://irail.be/stations/NMBS/008892080,IC,2017-06-29T23:43:00,2017-06-29T23:42:00,227,281
http://irail.be/vehicle/IC722,NO-URI,IC,2017-06-29T23:48:00,2017-06-29T23:48:00,167,167
http://irail.be/vehicle/IC722,http://irail.be/stations/NMBS/008892106,IC,2017-06-29T23:50:00,2017-06-29T23:49:00,188,173
http://irail.be/vehicle/IC722,http://irail.be/stations/NMBS/008896149,IC,2017-06-29T23:58:00,2017-06-29T23:57:00,112,131
http://irail.be/vehicle/IC722,http://irail.be/stations/NMBS/008896115,IC,2017-06-30T00:04:00,2017-06-30T00:04:00,72,72
http://irail.be/vehicle/IC722,http://irail.be/stations/NMBS/008896008,IC,2017-06-30T00:10:00,2017-06-30T00:10:00,,-25
http://irail.be/vehicle/IC722,http://irail.be/stations/NMBS/008821006,IC,2017-04-19T22:37:00,2017-04-19T22:37:00,8,
http://irail.be/vehicle/IC722,http://irail.be/stations/NMBS/008821121,IC,2017-04-19T22:43:00,2017-04-19T22:41:00,32,32
http://irail.be/vehicle/IC722,http://irail.be/stations/NMBS/008821196,IC,2017-04-19T22:46:00,2017-04-19T22:46:00,8,8
http://irail.be/vehicle/IC722,NO-URI,IC,2017-04-19T22:50:00,2017-04-19T22:50:00,8,8
http://irail.be/vehicle/IC722,http://irail.be/stations/NMBS/008894821,IC,2017-04-19T22:50:00,2017-04-19T22:50:00,34,34
http://irail.be/vehicle/IC722,http://irail.be/stations/NMBS/008894755,IC,2017-04-19T22:52:00,2017-04-19T22:52:00,15,15
http://irail.be/vehicle/IC722,http://irail.be/stations/NMBS/008894748,IC,2017-04-19T22:53:00,2017-04-19T22:53:00,-16,-16
http://irail.be/vehicle/IC722,http://irail.be/stations/NMBS/008894714,IC,2017-04-19T22:56:00,2017-04-19T22:56:00,-39,-39
http://irail.be/vehicle/IC722,NO-URI,IC,2017-04-19T22:57:00,2017-04-19T22:57:00,-53,-53
http://irail.be/vehicle/IC722,http://irail.be/stations/NMBS/008894508,IC,2017-04-19T23:00:00,2017-04-19T22:59:00,43,-94
http://irail.be/vehicle/IC722,http://irail.be/stations/NMBS/008894433,IC,2017-04-19T23:03:00,2017-04-19T23:03:00,43,43
http://irail.be/vehicle/IC722,http://irail.be/stations/NMBS/008894425,IC,2017-04-19T23:04:00,2017-04-19T23:04:00,12,12
http://irail.be/vehicle/IC722,NO-URI,IC,2017-04-19T23:06:00,2017-04-19T23:06:00,6,6
http://irail.be/vehicle/IC722,http://irail.be/stations/NMBS/008894201,IC,2017-04-19T23:09:00,2017-04-19T23:08:00,56,-2
http://irail.be/vehicle/IC722,http://irail.be/stations/NMBS/008894151,IC,2017-04-19T23:15:00,2017-04-19T23:15:00,70,56
http://irail.be/vehicle/IC722,http://irail.be/stations/NMBS/008893120,IC,2017-04-19T23:24:00,2017-04-19T23:23:00,107,27
http://irail.be/vehicle/IC722,http://irail.be/stations/NMBS/008893179,IC,2017-04-19T23:26:00,2017-04-19T23:26:00,107,107
http://irail.be/vehicle/IC722,NO-URI,IC,2017-04-19T23:27:00,2017-04-19T23:27:00,63,63
http://irail.be/vehicle/IC722,http://irail.be/stations/NMBS/008892007,IC,2017-04-19T23:36:00,2017-04-19T23:33:00,79,114
http://irail.be/vehicle/IC722,http://irail.be/stations/NMBS/008892080,IC,2017-04-19T23:43:00,2017-04-19T23:42:00,44,69
http://irail.be/vehicle/IC722,NO-URI,IC,2017-04-19T23:48:00,2017-04-19T23:48:00,-16,-16
http://irail.be/vehicle/IC722,http://irail.be/stations/NMBS/008892106,IC,2017-04-19T23:50:00,2017-04-19T23:49:00,28,-13
http://irail.be/vehicle/IC722,http://irail.be/stations/NMBS/008896149,IC,2017-04-19T23:58:00,2017-04-19T23:57:00,-24,-36
http://irail.be/vehicle/IC722,http://irail.be/stations/NMBS/008896115,IC,2017-04-20T00:04:00,2017-04-20T00:04:00,-24,-24
http://irail.be/vehicle/IC722,http://irail.be/stations/NMBS/008896008,IC,2017-04-20T00:10:00,2017-04-20T00:10:00,,-124
http://irail.be/vehicle/IC722,http://irail.be/stations/NMBS/008821006,IC,2017-06-26T22:37:00,2017-06-26T22:37:00,15,
http://irail.be/vehicle/IC722,http://irail.be/stations/NMBS/008821121,IC,2017-06-26T22:43:00,2017-06-26T22:41:00,12,12
http://irail.be/vehicle/IC722,http://irail.be/stations/NMBS/008821196,IC,2017-06-26T22:46:00,2017-06-26T22:46:00,-22,-22
http://irail.be/vehicle/IC722,NO-URI,IC,2017-06-26T22:50:00,2017-06-26T22:50:00,-22,-22
http://irail.be/vehicle/IC722,http://irail.be/stations/NMBS/008894821,IC,2017-06-26T22:50:00,2017-06-26T22:50:00,3,3
http://irail.be/vehicle/IC722,http://irail.be/stations/NMBS/008894755,IC,2017-06-26T22:52:00,2017-06-26T22:52:00,-15,-15
http://irail.be/vehicle/IC722,http://irail.be/stations/NMBS/008894748,IC,2017-06-26T22:53:00,2017-06-26T22:53:00,-45,-45
http://irail.be/vehicle/IC722,http://irail.be/stations/NMBS/008894714,IC,2017-06-26T22:56:00,2017-06-26T22:56:00,-67,-67
http://irail.be/vehicle/IC722,NO-URI,IC,2017-06-26T22:57:00,2017-06-26T22:57:00,-79,-79
http://irail.be/vehicle/IC722,http://irail.be/stations/NMBS/008894508,IC,2017-06-26T23:00:00,2017-06-26T22:59:00,72,-117
http://irail.be/vehicle/IC722,http://irail.be/stations/NMBS/008894433,IC,2017-06-26T23:03:00,2017-06-26T23:03:00,72,72
http://irail.be/vehicle/IC722,http://irail.be/stations/NMBS/008894425,IC,2017-06-26T23:04:00,2017-06-26T23:04:00,29,29
http://irail.be/vehicle/IC722,NO-URI,IC,2017-06-26T23:06:00,2017-06-26T23:06:00,23,23
http://irail.be/vehicle/IC722,http://irail.be/stations/NMBS/008894201,IC,2017-06-26T23:09:00,2017-06-26T23:08:00,14,20
http://irail.be/vehicle/IC722,http://irail.be/stations/NMBS/008894151,IC,2017-06-26T23:15:00,2017-06-26T23:15:00,15,14
http://irail.be/vehicle/IC722,http://irail.be/stations/NMBS/008893120,IC,2017-06-26T23:24:00,2017-06-26T23:23:00,89,64
http://irail.be/vehicle/IC722,http://irail.be/stations/NMBS/008893179,IC,2017-06-26T23:26:00,2017-06-26T23:26:00,89,89
http://irail.be/vehicle/IC722,NO-URI,IC,2017-06-26T23:27:00,2017-06-26T23:27:00,51,51
http://irail.be/vehicle/IC722,http://irail.be/stations/NMBS/008892007,IC,2017-06-26T23:36:00,2017-06-26T23:33:00,18,21
http://irail.be/vehicle/IC722,http://irail.be/stations/NMBS/008892080,IC,2017-06-26T23:43:00,2017-06-26T23:42:00,-33,0
http://irail.be/vehicle/IC722,NO-URI,IC,2017-06-26T23:48:00,2017-06-26T23:48:00,-94,-94
http://irail.be/vehicle/IC722,http://irail.be/stations/NMBS/008892106,IC,2017-06-26T23:50:00,2017-06-26T23:49:00,37,-93
http://irail.be/vehicle/IC722,http://irail.be/stations/NMBS/008896149,IC,2017-06-26T23:58:00,2017-06-26T23:57:00,-8,-27
http://irail.be/vehicle/IC722,http://irail.be/stations/NMBS/008896115,IC,2017-06-27T00:04:00,2017-06-27T00:04:00,-50,-60
http://irail.be/vehicle/IC722,http://irail.be/stations/NMBS/008896008,IC,2017-06-27T00:10:00,2017-06-27T00:10:00,,-98
http://irail.be/vehicle/IC722,http://irail.be/stations/NMBS/008821006,IC,2017-10-11T22:37:00,2017-10-11T22:37:00,3,
http://irail.be/vehicle/IC722,http://irail.be/stations/NMBS/008821121,IC,2017-10-11T22:43:00,2017-10-11T22:41:00,20,20
http://irail.be/vehicle/IC722,http://irail.be/stations/NMBS/008821196,IC,2017-10-11T22:46:00,2017-10-11T22:46:00,-8,-8
http://irail.be/vehicle/IC722,NO-URI,IC,2017-10-11T22:50:00,2017-10-11T22:50:00,-8,-8
http://irail.be/vehicle/IC722,http://irail.be/stations/NMBS/008894821,IC,2017-10-11T22:50:00,2017-10-11T22:50:00,17,17
http://irail.be/vehicle/IC722,http://irail.be/stations/NMBS/008894755,IC,2017-10-11T22:52:00,2017-10-11T22:52:00,-3,-3
http://irail.be/vehicle/IC722,http://irail.be/stations/NMBS/008894748,IC,2017-10-11T22:53:00,2017-10-11T22:53:00,-32,-32
http://irail.be/vehicle/IC722,http://irail.be/stations/NMBS/008894714,IC,2017-10-11T22:56:00,2017-10-11T22:56:00,-54,-54
http://irail.be/vehicle/IC722,NO-URI,IC,2017-10-11T22:57:00,2017-10-11T22:57:00,-67,-67
http://irail.be/vehicle/IC722,http://irail.be/stations/NMBS/008894508,IC,2017-10-11T23:00:00,2017-10-11T22:59:00,72,-105
http://irail.be/vehicle/IC722,http://irail.be/stations/NMBS/008894433,IC,2017-10-11T23:03:00,2017-10-11T23:03:00,72,72
http://irail.be/vehicle/IC722,http://irail.be/stations/NMBS/008894425,IC,2017-10-11T23:04:00,2017-10-11T23:04:00,25,25
http://irail.be/vehicle/IC722,NO-URI,IC,2017-10-11T23:06:00,2017-10-11T23:06:00,21,21
http://irail.be/vehicle/IC722,http://irail.be/stations/NMBS/008894201,IC,2017-10-11T23:09:00,2017-10-11T23:08:00,36,19
http://irail.be/vehicle/IC722,http://irail.be/stations/NMBS/008894151,IC,2017-10-11T23:15:00,2017-10-11T23:15:00,61,36
http://irail.be/vehicle/IC722,http://irail.be/stations/NMBS/008893120,IC,2017-10-11T23:24:00,2017-10-11T23:23:00,342,239
http://irail.be/vehicle/IC722,http://irail.be/stations/NMBS/008893179,IC,2017-10-11T23:26:00,2017-10-11T23:26:00,342,342
http://irail.be/vehicle/IC722,NO-URI,IC,2017-10-11T23:27:00,2017-10-11T23:27:00,281,281
http://irail.be/vehicle/IC722,http://irail.be/stations/NMBS/008892007,IC,2017-10-11T23:36:00,2017-10-11T23:33:00,225,253
http://irail.be/vehicle/IC722,http://irail.be/stations/NMBS/008892080,IC,2017-10-11T23:43:00,2017-10-11T23:42:00,197,201
http://irail.be/vehicle/IC722,NO-URI,IC,2017-10-11T23:48:00,2017-10-11T23:48:00,138,138
http://irail.be/vehicle/IC722,http://irail.be/stations/NMBS/008892106,IC,2017-10-11T23:50:00,2017-10-11T23:49:00,180,142
http://irail.be/vehicle/IC722,http://irail.be/stations/NMBS/008896149,IC,2017-10-11T23:58:00,2017-10-11T23:57:00,109,119
http://irail.be/vehicle/IC722,http://irail.be/stations/NMBS/008896115,IC,2017-10-12T00:04:00,2017-10-12T00:04:00,73,73
http://irail.be/vehicle/IC722,http://irail.be/stations/NMBS/008896008,IC,2017-10-12T00:10:00,2017-10-12T00:10:00,,-6
http://irail.be/vehicle/IC722,http://irail.be/stations/NMBS/008821006,IC,2017-02-15T22:37:00,2017-02-15T22:37:00,89,
http://irail.be/vehicle/IC722,http://irail.be/stations/NMBS/008821121,IC,2017-02-15T22:43:00,2017-02-15T22:41:00,25,25
http://irail.be/vehicle/IC722,http://irail.be/stations/NMBS/008821196,IC,2017-02-15T22:46:00,2017-02-15T22:46:00,-23,-23
http://irail.be/vehicle/IC722,NO-URI,IC,2017-02-15T22:50:00,2017-02-15T22:50:00,-23,-23
http://irail.be/vehicle/IC722,http://irail.be/stations/NMBS/008894821,IC,2017-02-15T22:50:00,2017-02-15T22:50:00,3,3
http://irail.be/vehicle/IC722,http://irail.be/stations/NMBS/008894755,IC,2017-02-15T22:52:00,2017-02-15T22:52:00,-13,-13
http://irail.be/vehicle/IC722,http://irail.be/stations/NMBS/008894748,IC,2017-02-15T22:53:00,2017-02-15T22:53:00,-44,-44
http://irail.be/vehicle/IC722,http://irail.be/stations/NMBS/008894714,IC,2017-02-15T22:56:00,2017-02-15T22:56:00,-64,-64
http://irail.be/vehicle/IC722,NO-URI,IC,2017-02-15T22:57:00,2017-02-15T22:57:00,-77,-77
http://irail.be/vehicle/IC722,http://irail.be/stations/NMBS/008894508,IC,2017-02-15T23:00:00,2017-02-15T22:59:00,53,-117
http://irail.be/vehicle/IC722,http://irail.be/stations/NMBS/008894433,IC,2017-02-15T23:03:00,2017-02-15T23:03:00,53,53
http://irail.be/vehicle/IC722,http://irail.be/stations/NMBS/008894425,IC,2017-02-15T23:04:00,2017-02-15T23:04:00,11,11
http://irail.be/vehicle/IC722,NO-URI,IC,2017-02-15T23:06:00,2017-02-15T23:06:00,4,4
http://irail.be/vehicle/IC722,http://irail.be/stations/NMBS/008894201,IC,2017-02-15T23:09:00,2017-02-15T23:08:00,37,-3
http://irail.be/vehicle/IC722,http://irail.be/stations/NMBS/008894151,IC,2017-02-15T23:15:00,2017-02-15T23:15:00,52,37
http://irail.be/vehicle/IC722,http://irail.be/stations/NMBS/008893120,IC,2017-02-15T23:24:00,2017-02-15T23:23:00,79,9
http://irail.be/vehicle/IC722,http://irail.be/stations/NMBS/008893179,IC,2017-02-15T23:26:00,2017-02-15T23:26:00,79,79
http://irail.be/vehicle/IC722,NO-URI,IC,2017-02-15T23:27:00,2017-02-15T23:27:00,63,63
http://irail.be/vehicle/IC722,http://irail.be/stations/NMBS/008892007,IC,2017-02-15T23:36:00,2017-02-15T23:33:00,7,42
http://irail.be/vehicle/IC722,http://irail.be/stations/NMBS/008892080,IC,2017-02-15T23:43:00,2017-02-15T23:42:00,-1,6
http://irail.be/vehicle/IC722,NO-URI,IC,2017-02-15T23:48:00,2017-02-15T23:48:00,-51,-51
http://irail.be/vehicle/IC722,http://irail.be/stations/NMBS/008892106,IC,2017-02-15T23:50:00,2017-02-15T23:49:00,55,-45
http://irail.be/vehicle/IC722,http://irail.be/stations/NMBS/008896149,IC,2017-02-15T23:58:00,2017-02-15T23:57:00,12,2
http://irail.be/vehicle/IC722,http://irail.be/stations/NMBS/008896115,IC,2017-02-16T00:04:00,2017-02-16T00:04:00,-18,-18
http://irail.be/vehicle/IC722,http://irail.be/stations/NMBS/008896008,IC,2017-02-16T00:10:00,2017-02-16T00:10:00,,-84
http://irail.be/vehicle/IC722,http://irail.be/stations/NMBS/008821006,IC,2017-09-25T22:37:00,2017-09-25T22:37:00,16,
http://irail.be/vehicle/IC722,http://irail.be/stations/NMBS/008821121,IC,2017-09-25T22:43:00,2017-09-25T22:41:00,19,19
http://irail.be/vehicle/IC722,http://irail.be/stations/NMBS/008821196,IC,2017-09-25T22:46:00,2017-09-25T22:46:00,-2,-2
http://irail.be/vehicle/IC722,NO-URI,IC,2017-09-25T22:50:00,2017-09-25T22:50:00,-2,-2
http://irail.be/vehicle/IC722,http://irail.be/stations/NMBS/008894821,IC,2017-09-25T22:50:00,2017-09-25T22:50:00,24,24
http://irail.be/vehicle/IC722,http://irail.be/stations/NMBS/008894755,IC,2017-09-25T22:52:00,2017-09-25T22:52:00,4,4
http://irail.be/vehicle/IC722,http://irail.be/stations/NMBS/008894748,IC,2017-09-25T22:53:00,2017-09-25T22:53:00,-25,-25
http://irail.be/vehicle/IC722,http://irail.be/stations/NMBS/008894714,IC,2017-09-25T22:56:00,2017-09-25T22:56:00,-46,-46
http://irail.be/vehicle/IC722,NO-URI,IC,2017-09-25T22:57:00,2017-09-25T22:57:00,-38,-38
http://irail.be/vehicle/IC722,http://irail.be/stations/NMBS/008894508,IC,2017-09-25T23:00:00,2017-09-25T22:59:00,57,-46
http://irail.be/vehicle/IC722,http://irail.be/stations/NMBS/008894433,IC,2017-09-25T23:03:00,2017-09-25T23:03:00,57,57
http://irail.be/vehicle/IC722,http://irail.be/stations/NMBS/008894425,IC,2017-09-25T23:04:00,2017-09-25T23:04:00,36,36
http://irail.be/vehicle/IC722,NO-URI,IC,2017-09-25T23:06:00,2017-09-25T23:06:00,152,152
http://irail.be/vehicle/IC722,http://irail.be/stations/NMBS/008894201,IC,2017-09-25T23:09:00,2017-09-25T23:08:00,159,171
http://irail.be/vehicle/IC722,http://irail.be/stations/NMBS/008894151,IC,2017-09-25T23:15:00,2017-09-25T23:15:00,175,159
http://irail.be/vehicle/IC722,http://irail.be/stations/NMBS/008893120,IC,2017-09-25T23:24:00,2017-09-25T23:23:00,319,223
http://irail.be/vehicle/IC722,http://irail.be/stations/NMBS/008893179,IC,2017-09-25T23:26:00,2017-09-25T23:26:00,319,319
http://irail.be/vehicle/IC722,NO-URI,IC,2017-09-25T23:27:00,2017-09-25T23:27:00,270,270
http://irail.be/vehicle/IC722,http://irail.be/stations/NMBS/008892007,IC,2017-09-25T23:36:00,2017-09-25T23:33:00,448,246
http://irail.be/vehicle/IC722,http://irail.be/stations/NMBS/008892080,IC,2017-09-25T23:43:00,2017-09-25T23:42:00,385,428
http://irail.be/vehicle/IC722,NO-URI,IC,2017-09-25T23:48:00,2017-09-25T23:48:00,327,327
http://irail.be/vehicle/IC722,http://irail.be/stations/NMBS/008892106,IC,2017-09-25T23:50:00,2017-09-25T23:49:00,363,334
http://irail.be/vehicle/IC722,http://irail.be/stations/NMBS/008896149,IC,2017-09-25T23:58:00,2017-09-25T23:57:00,291,300
http://irail.be/vehicle/IC722,http://irail.be/stations/NMBS/008896115,IC,2017-09-26T00:04:00,2017-09-26T00:04:00,260,246
http://irail.be/vehicle/IC722,http://irail.be/stations/NMBS/008896008,IC,2017-09-26T00:10:00,2017-09-26T00:10:00,,301
http://irail.be/vehicle/IC722,http://irail.be/stations/NMBS/008821121,IC,2017-05-13T22:43:00,2017-05-13T22:43:00,428,
http://irail.be/vehicle/IC722,http://irail.be/stations/NMBS/008821196,IC,2017-05-13T22:46:00,2017-05-13T22:46:00,424,424
http://irail.be/vehicle/IC722,NO-URI,IC,2017-05-13T22:50:00,2017-05-13T22:50:00,424,424
http://irail.be/vehicle/IC722,http://irail.be/stations/NMBS/008894821,IC,2017-05-13T22:50:00,2017-05-13T22:50:00,449,449
http://irail.be/vehicle/IC722,http://irail.be/stations/NMBS/008894755,IC,2017-05-13T22:52:00,2017-05-13T22:52:00,431,431
http://irail.be/vehicle/IC722,http://irail.be/stations/NMBS/008894748,IC,2017-05-13T22:53:00,2017-05-13T22:53:00,431,431
http://irail.be/vehicle/IC722,http://irail.be/stations/NMBS/008894714,IC,2017-05-13T22:55:00,2017-05-13T22:55:00,436,436
http://irail.be/vehicle/IC722,NO-URI,IC,2017-05-13T22:57:00,2017-05-13T22:57:00,395,395
http://irail.be/vehicle/IC722,http://irail.be/stations/NMBS/008894508,IC,2017-05-13T23:01:00,2017-05-13T22:59:00,364,331
http://irail.be/vehicle/IC722,http://irail.be/stations/NMBS/008894433,IC,2017-05-13T23:04:00,2017-05-13T23:04:00,364,364
http://irail.be/vehicle/IC722,http://irail.be/stations/NMBS/008894425,IC,2017-05-13T23:04:00,2017-05-13T23:04:00,361,361
http://irail.be/vehicle/IC722,NO-URI,IC,2017-05-13T23:07:00,2017-05-13T23:07:00,319,319
http://irail.be/vehicle/IC722,http://irail.be/stations/NMBS/008894201,IC,2017-05-13T23:11:00,2017-05-13T23:09:00,251,299
http://irail.be/vehicle/IC722,http://irail.be/stations/NMBS/008894151,IC,2017-05-13T23:16:00,2017-05-13T23:16:00,251,251
http://irail.be/vehicle/IC722,http://irail.be/stations/NMBS/008893120,IC,2017-05-13T23:23:00,2017-05-13T23:23:00,,299
http://irail.be/vehicle/IC722,http://irail.be/stations/NMBS/008821006,IC,2017-04-03T22:37:00,2017-04-03T22:37:00,17,
http://irail.be/vehicle/IC722,http://irail.be/stations/NMBS/008821121,IC,2017-04-03T22:43:00,2017-04-03T22:41:00,12,12
http://irail.be/vehicle/IC722,http://irail.be/stations/NMBS/008821196,IC,2017-04-03T22:46:00,2017-04-03T22:46:00,-3,-3
http://irail.be/vehicle/IC722,NO-URI,IC,2017-04-03T22:50:00,2017-04-03T22:50:00,-3,-3
http://irail.be/vehicle/IC722,http://irail.be/stations/NMBS/008894821,IC,2017-04-03T22:50:00,2017-04-03T22:50:00,22,22
http://irail.be/vehicle/IC722,http://irail.be/stations/NMBS/008894755,IC,2017-04-03T22:52:00,2017-04-03T22:52:00,11,11
http://irail.be/vehicle/IC722,http://irail.be/stations/NMBS/008894748,IC,2017-04-03T22:53:00,2017-04-03T22:53:00,-17,-17
http://irail.be/vehicle/IC722,http://irail.be/stations/NMBS/008894714,IC,2017-04-03T22:56:00,2017-04-03T22:56:00,-31,-31
http://irail.be/vehicle/IC722,NO-URI,IC,2017-04-03T22:57:00,2017-04-03T22:57:00,-40,-40
http://irail.be/vehicle/IC722,http://irail.be/stations/NMBS/008894508,IC,2017-04-03T23:00:00,2017-04-03T22:59:00,44,-70
http://irail.be/vehicle/IC722,http://irail.be/stations/NMBS/008894433,IC,2017-04-03T23:03:00,2017-04-03T23:03:00,44,44
http://irail.be/vehicle/IC722,http://irail.be/stations/NMBS/008894425,IC,2017-04-03T23:04:00,2017-04-03T23:04:00,32,32
http://irail.be/vehicle/IC722,NO-URI,IC,2017-04-03T23:06:00,2017-04-03T23:06:00,27,27
http://irail.be/vehicle/IC722,http://irail.be/stations/NMBS/008894201,IC,2017-04-03T23:09:00,2017-04-03T23:08:00,8,25
http://irail.be/vehicle/IC722,http://irail.be/stations/NMBS/008894151,IC,2017-04-03T23:15:00,2017-04-03T23:15:00,8,8
http://irail.be/vehicle/IC722,http://irail.be/stations/NMBS/008893120,IC,2017-04-03T23:24:00,2017-04-03T23:23:00,14,-76
http://irail.be/vehicle/IC722,http://irail.be/stations/NMBS/008893179,IC,2017-04-03T23:26:00,2017-04-03T23:26:00,14,14
http://irail.be/vehicle/IC722,NO-URI,IC,2017-04-03T23:27:00,2017-04-03T23:27:00,3,3
http://irail.be/vehicle/IC722,http://irail.be/stations/NMBS/008892007,IC,2017-04-03T23:36:00,2017-04-03T23:33:00,8,-14
http://irail.be/vehicle/IC722,http://irail.be/stations/NMBS/008892080,IC,2017-04-03T23:43:00,2017-04-03T23:42:00,-8,35
http://irail.be/vehicle/IC722,NO-URI,IC,2017-04-03T23:48:00,2017-04-03T23:48:00,-52,-52
http://irail.be/vehicle/IC722,http://irail.be/stations/NMBS/008892106,IC,2017-04-03T23:50:00,2017-04-03T23:49:00,22,-37
http://irail.be/vehicle/IC722,http://irail.be/stations/NMBS/008896149,IC,2017-04-03T23:58:00,2017-04-03T23:57:00,-14,-16
http://irail.be/vehicle/IC722,http://irail.be/stations/NMBS/008896115,IC,2017-04-04T00:04:00,2017-04-04T00:04:00,-14,-14
http://irail.be/vehicle/IC722,http://irail.be/stations/NMBS/008896008,IC,2017-04-04T00:10:00,2017-04-04T00:10:00,,-84
http://irail.be/vehicle/IC722,http://irail.be/stations/NMBS/008821006,IC,2017-11-24T22:37:00,2017-11-24T22:37:00,37,
http://irail.be/vehicle/IC722,http://irail.be/stations/NMBS/008821121,IC,2017-11-24T22:43:00,2017-11-24T22:41:00,29,29
http://irail.be/vehicle/IC722,http://irail.be/stations/NMBS/008821196,IC,2017-11-24T22:46:00,2017-11-24T22:46:00,14,14
http://irail.be/vehicle/IC722,NO-URI,IC,2017-11-24T22:50:00,2017-11-24T22:50:00,14,14
http://irail.be/vehicle/IC722,http://irail.be/stations/NMBS/008894821,IC,2017-11-24T22:50:00,2017-11-24T22:50:00,40,40
http://irail.be/vehicle/IC722,http://irail.be/stations/NMBS/008894755,IC,2017-11-24T22:52:00,2017-11-24T22:52:00,23,23
http://irail.be/vehicle/IC722,http://irail.be/stations/NMBS/008894748,IC,2017-11-24T22:53:00,2017-11-24T22:53:00,-6,-6
http://irail.be/vehicle/IC722,http://irail.be/stations/NMBS/008894714,IC,2017-11-24T22:56:00,2017-11-24T22:56:00,-31,-31
http://irail.be/vehicle/IC722,NO-URI,IC,2017-11-24T22:57:00,2017-11-24T22:57:00,-44,-44
http://irail.be/vehicle/IC722,http://irail.be/stations/NMBS/008894508,IC,2017-11-24T23:00:00,2017-11-24T22:59:00,68,-79
http://irail.be/vehicle/IC722,http://irail.be/stations/NMBS/008894433,IC,2017-11-24T23:03:00,2017-11-24T23:03:00,68,68
http://irail.be/vehicle/IC722,http://irail.be/stations/NMBS/008894425,IC,2017-11-24T23:04:00,2017-11-24T23:04:00,27,27
http://irail.be/vehicle/IC722,NO-URI,IC,2017-11-24T23:06:00,2017-11-24T23:06:00,51,51
http://irail.be/vehicle/IC722,http://irail.be/stations/NMBS/008894201,IC,2017-11-24T23:09:00,2017-11-24T23:08:00,111,80
http://irail.be/vehicle/IC722,http://irail.be/stations/NMBS/008894151,IC,2017-11-24T23:15:00,2017-11-24T23:15:00,111,111
http://irail.be/vehicle/IC722,http://irail.be/stations/NMBS/008893120,IC,2017-11-24T23:24:00,2017-11-24T23:23:00,129,42
http://irail.be/vehicle/IC722,http://irail.be/stations/NMBS/008893179,IC,2017-11-24T23:26:00,2017-11-24T23:26:00,129,129
http://irail.be/vehicle/IC722,NO-URI,IC,2017-11-24T23:27:00,2017-11-24T23:27:00,79,79
http://irail.be/vehicle/IC722,http://irail.be/stations/NMBS/008892007,IC,2017-11-24T23:36:00,2017-11-24T23:33:00,211,60
http://irail.be/vehicle/IC722,http://irail.be/stations/NMBS/008892080,IC,2017-11-24T23:43:00,2017-11-24T23:42:00,162,192
http://irail.be/vehicle/IC722,NO-URI,IC,2017-11-24T23:48:00,2017-11-24T23:48:00,105,105
http://irail.be/vehicle/IC722,http://irail.be/stations/NMBS/008892106,IC,2017-11-24T23:50:00,2017-11-24T23:49:00,138,109
http://irail.be/vehicle/IC722,http://irail.be/stations/NMBS/008896149,IC,2017-11-24T23:58:00,2017-11-24T23:57:00,188,155
http://irail.be/vehicle/IC722,http://irail.be/stations/NMBS/008896115,IC,2017-11-25T00:04:00,2017-11-25T00:04:00,153,153
http://irail.be/vehicle/IC722,http://irail.be/stations/NMBS/008896008,IC,2017-11-25T00:10:00,2017-11-25T00:10:00,,64
http://irail.be/vehicle/IC722,http://irail.be/stations/NMBS/008821121,IC,2017-06-03T22:43:00,2017-06-03T22:43:00,36,
http://irail.be/vehicle/IC722,http://irail.be/stations/NMBS/008821196,IC,2017-06-03T22:46:00,2017-06-03T22:46:00,41,41
http://irail.be/vehicle/IC722,NO-URI,IC,2017-06-03T22:50:00,2017-06-03T22:50:00,41,41
http://irail.be/vehicle/IC722,http://irail.be/stations/NMBS/008894821,IC,2017-06-03T22:50:00,2017-06-03T22:50:00,65,65
http://irail.be/vehicle/IC722,http://irail.be/stations/NMBS/008894755,IC,2017-06-03T22:52:00,2017-06-03T22:52:00,48,48
http://irail.be/vehicle/IC722,http://irail.be/stations/NMBS/008894748,IC,2017-06-03T22:53:00,2017-06-03T22:53:00,48,48
http://irail.be/vehicle/IC722,http://irail.be/stations/NMBS/008894714,IC,2017-06-03T22:55:00,2017-06-03T22:55:00,50,50
http://irail.be/vehicle/IC722,NO-URI,IC,2017-06-03T22:57:00,2017-06-03T22:57:00,9,9
http://irail.be/vehicle/IC722,http://irail.be/stations/NMBS/008894508,IC,2017-06-03T23:01:00,2017-06-03T22:59:00,62,-56
http://irail.be/vehicle/IC722,http://irail.be/stations/NMBS/008894433,IC,2017-06-03T23:04:00,2017-06-03T23:04:00,62,62
http://irail.be/vehicle/IC722,http://irail.be/stations/NMBS/008894425,IC,2017-06-03T23:04:00,2017-06-03T23:04:00,70,70
http://irail.be/vehicle/IC722,NO-URI,IC,2017-06-03T23:07:00,2017-06-03T23:07:00,24,24
http://irail.be/vehicle/IC722,http://irail.be/stations/NMBS/008894201,IC,2017-06-03T23:11:00,2017-06-03T23:09:00,13,7
http://irail.be/vehicle/IC722,http://irail.be/stations/NMBS/008894151,IC,2017-06-03T23:16:00,2017-06-03T23:16:00,13,13
http://irail.be/vehicle/IC722,http://irail.be/stations/NMBS/008893120,IC,2017-06-03T23:23:00,2017-06-03T23:23:00,,-70
http://irail.be/vehicle/IC722,http://irail.be/stations/NMBS/008821006,IC,2017-03-15T22:37:00,2017-03-15T22:37:00,50,
http://irail.be/vehicle/IC722,http://irail.be/stations/NMBS/008821121,IC,2017-03-15T22:43:00,2017-03-15T22:41:00,33,33
http://irail.be/vehicle/IC722,http://irail.be/stations/NMBS/008821196,IC,2017-03-15T22:46:00,2017-03-15T22:46:00,-14,-14
http://irail.be/vehicle/IC722,NO-URI,IC,2017-03-15T22:50:00,2017-03-15T22:50:00,-14,-14
http://irail.be/vehicle/IC722,http://irail.be/stations/NMBS/008894821,IC,2017-03-15T22:50:00,2017-03-15T22:50:00,15,15
http://irail.be/vehicle/IC722,http://irail.be/stations/NMBS/008894755,IC,2017-03-15T22:52:00,2017-03-15T22:52:00,0,0
http://irail.be/vehicle/IC722,http://irail.be/stations/NMBS/008894748,IC,2017-03-15T22:53:00,2017-03-15T22:53:00,0,0
http://irail.be/vehicle/IC722,http://irail.be/stations/NMBS/008894714,IC,2017-03-15T22:55:00,2017-03-15T22:55:00,3,3
http://irail.be/vehicle/IC722,NO-URI,IC,2017-03-15T22:57:00,2017-03-15T22:57:00,-38,-38
http://irail.be/vehicle/IC722,http://irail.be/stations/NMBS/008894508,IC,2017-03-15T23:00:00,2017-03-15T22:59:00,57,-108
http://irail.be/vehicle/IC722,http://irail.be/stations/NMBS/008894433,IC,2017-03-15T23:03:00,2017-03-15T23:03:00,57,57
http://irail.be/vehicle/IC722,http://irail.be/stations/NMBS/008894425,IC,2017-03-15T23:03:00,2017-03-15T23:03:00,59,59
http://irail.be/vehicle/IC722,NO-URI,IC,2017-03-15T23:06:00,2017-03-15T23:06:00,14,14
http://irail.be/vehicle/IC722,http://irail.be/stations/NMBS/008894201,IC,2017-03-15T23:09:00,2017-03-15T23:08:00,4,-9
http://irail.be/vehicle/IC722,http://irail.be/stations/NMBS/008894151,IC,2017-03-15T23:15:00,2017-03-15T23:15:00,4,4
http://irail.be/vehicle/IC722,http://irail.be/stations/NMBS/008893120,IC,2017-03-15T23:24:00,2017-03-15T23:23:00,12,-70
http://irail.be/vehicle/IC722,http://irail.be/stations/NMBS/008893179,IC,2017-03-15T23:26:00,2017-03-15T23:26:00,12,12
http://irail.be/vehicle/IC722,NO-URI,IC,2017-03-15T23:27:00,2017-03-15T23:27:00,-52,-52
http://irail.be/vehicle/IC722,http://irail.be/stations/NMBS/008892007,IC,2017-03-15T23:36:00,2017-03-15T23:33:00,58,-86
http://irail.be/vehicle/IC722,http://irail.be/stations/NMBS/008892080,IC,2017-03-15T23:43:00,2017-03-15T23:42:00,161,192
http://irail.be/vehicle/IC722,NO-URI,IC,2017-03-15T23:48:00,2017-03-15T23:48:00,102,102
http://irail.be/vehicle/IC722,http://irail.be/stations/NMBS/008892106,IC,2017-03-15T23:50:00,2017-03-15T23:49:00,117,104
http://irail.be/vehicle/IC722,http://irail.be/stations/NMBS/008896149,IC,2017-03-15T23:58:00,2017-03-15T23:57:00,35,51
http://irail.be/vehicle/IC722,http://irail.be/stations/NMBS/008896115,IC,2017-03-16T00:04:00,2017-03-16T00:04:00,35,35
http://irail.be/vehicle/IC722,http://irail.be/stations/NMBS/008896008,IC,2017-03-16T00:10:00,2017-03-16T00:10:00,,-77
http://irail.be/vehicle/IC722,http://irail.be/stations/NMBS/008821006,IC,2017-08-06T22:37:00,2017-08-06T22:37:00,6,
http://irail.be/vehicle/IC722,http://irail.be/stations/NMBS/008821121,IC,2017-08-06T22:43:00,2017-08-06T22:41:00,21,21
http://irail.be/vehicle/IC722,http://irail.be/stations/NMBS/008821196,IC,2017-08-06T22:46:00,2017-08-06T22:46:00,-28,-28
http://irail.be/vehicle/IC722,NO-URI,IC,2017-08-06T22:50:00,2017-08-06T22:50:00,-28,-28
http://irail.be/vehicle/IC722,http://irail.be/stations/NMBS/008894821,IC,2017-08-06T22:50:00,2017-08-06T22:50:00,-2,-2
http://irail.be/vehicle/IC722,http://irail.be/stations/NMBS/008894755,IC,2017-08-06T22:52:00,2017-08-06T22:52:00,-22,-22
http://irail.be/vehicle/IC722,http://irail.be/stations/NMBS/008894748,IC,2017-08-06T22:53:00,2017-08-06T22:53:00,-52,-52
http://irail.be/vehicle/IC722,http://irail.be/stations/NMBS/008894714,IC,2017-08-06T22:56:00,2017-08-06T22:56:00,-77,-77
http://irail.be/vehicle/IC722,NO-URI,IC,2017-08-06T22:57:00,2017-08-06T22:57:00,-88,-88
http://irail.be/vehicle/IC722,http://irail.be/stations/NMBS/008894508,IC,2017-08-06T23:01:00,2017-08-06T22:59:00,27,-123
http://irail.be/vehicle/IC722,http://irail.be/stations/NMBS/008894433,IC,2017-08-06T23:04:00,2017-08-06T23:04:00,27,27
http://irail.be/vehicle/IC722,http://irail.be/stations/NMBS/008894425,IC,2017-08-06T23:05:00,2017-08-06T23:05:00,-22,-22
http://irail.be/vehicle/IC722,NO-URI,IC,2017-08-06T23:07:00,2017-08-06T23:07:00,-29,-29
http://irail.be/vehicle/IC722,http://irail.be/stations/NMBS/008894201,IC,2017-08-06T23:11:00,2017-08-06T23:09:00,-3,-43
http://irail.be/vehicle/IC722,http://irail.be/stations/NMBS/008894151,IC,2017-08-06T23:16:00,2017-08-06T23:16:00,-3,-3
http://irail.be/vehicle/IC722,http://irail.be/stations/NMBS/008893120,IC,2017-08-06T23:24:00,2017-08-06T23:23:00,-19,-83
http://irail.be/vehicle/IC722,http://irail.be/stations/NMBS/008893179,IC,2017-08-06T23:26:00,2017-08-06T23:26:00,-19,-19
http://irail.be/vehicle/IC722,NO-URI,IC,2017-08-06T23:27:00,2017-08-06T23:27:00,-89,-89
http://irail.be/vehicle/IC722,http://irail.be/stations/NMBS/008892007,IC,2017-08-06T23:36:00,2017-08-06T23:33:00,18,-113
http://irail.be/vehicle/IC722,http://irail.be/stations/NMBS/008892080,IC,2017-08-06T23:43:00,2017-08-06T23:42:00,-30,-13
http://irail.be/vehicle/IC722,NO-URI,IC,2017-08-06T23:47:00,2017-08-06T23:47:00,-49,-49
http://irail.be/vehicle/IC722,http://irail.be/stations/NMBS/008892106,IC,2017-08-06T23:50:00,2017-08-06T23:49:00,-11,-55
http://irail.be/vehicle/IC722,http://irail.be/stations/NMBS/008896149,IC,2017-08-06T23:58:00,2017-08-06T23:57:00,-34,-73
http://irail.be/vehicle/IC722,http://irail.be/stations/NMBS/008896115,IC,2017-08-07T00:04:00,2017-08-07T00:04:00,-77,-79
http://irail.be/vehicle/IC722,http://irail.be/stations/NMBS/008896008,IC,2017-08-07T00:10:00,2017-08-07T00:10:00,,-135
http://irail.be/vehicle/IC722,http://irail.be/stations/NMBS/008821006,IC,2017-11-14T22:37:00,2017-11-14T22:37:00,15,
http://irail.be/vehicle/IC722,http://irail.be/stations/NMBS/008821121,IC,2017-11-14T22:43:00,2017-11-14T22:41:00,25,25
http://irail.be/vehicle/IC722,http://irail.be/stations/NMBS/008821196,IC,2017-11-14T22:46:00,2017-11-14T22:46:00,10,10
http://irail.be/vehicle/IC722,NO-URI,IC,2017-11-14T22:50:00,2017-11-14T22:50:00,10,10
http://irail.be/vehicle/IC722,http://irail.be/stations/NMBS/008894821,IC,2017-11-14T22:50:00,2017-11-14T22:50:00,40,40
http://irail.be/vehicle/IC722,http://irail.be/stations/NMBS/008894755,IC,2017-11-14T22:52:00,2017-11-14T22:52:00,29,29
http://irail.be/vehicle/IC722,http://irail.be/stations/NMBS/008894748,IC,2017-11-14T22:53:00,2017-11-14T22:53:00,0,0
http://irail.be/vehicle/IC722,http://irail.be/stations/NMBS/008894714,IC,2017-11-14T22:56:00,2017-11-14T22:56:00,-20,-20
http://irail.be/vehicle/IC722,NO-URI,IC,2017-11-14T22:57:00,2017-11-14T22:57:00,-32,-32
http://irail.be/vehicle/IC722,http://irail.be/stations/NMBS/008894508,IC,2017-11-14T23:00:00,2017-11-14T22:59:00,138,-68
http://irail.be/vehicle/IC722,http://irail.be/stations/NMBS/008894433,IC,2017-11-14T23:03:00,2017-11-14T23:03:00,138,138
http://irail.be/vehicle/IC722,http://irail.be/stations/NMBS/008894425,IC,2017-11-14T23:04:00,2017-11-14T23:04:00,91,91
http://irail.be/vehicle/IC722,NO-URI,IC,2017-11-14T23:06:00,2017-11-14T23:06:00,85,85
http://irail.be/vehicle/IC722,http://irail.be/stations/NMBS/008894201,IC,2017-11-14T23:09:00,2017-11-14T23:08:00,76,80
http://irail.be/vehicle/IC722,http://irail.be/stations/NMBS/008894151,IC,2017-11-14T23:15:00,2017-11-14T23:15:00,86,76
http://irail.be/vehicle/IC722,http://irail.be/stations/NMBS/008893120,IC,2017-11-14T23:24:00,2017-11-14T23:23:00,160,105
http://irail.be/vehicle/IC722,http://irail.be/stations/NMBS/008893179,IC,2017-11-14T23:26:00,2017-11-14T23:26:00,160,160
http://irail.be/vehicle/IC722,NO-URI,IC,2017-11-14T23:27:00,2017-11-14T23:27:00,156,156
http://irail.be/vehicle/IC722,http://irail.be/stations/NMBS/008892007,IC,2017-11-14T23:36:00,2017-11-14T23:33:00,304,119
http://irail.be/vehicle/IC722,http://irail.be/stations/NMBS/008892080,IC,2017-11-14T23:43:00,2017-11-14T23:42:00,217,275
http://irail.be/vehicle/IC722,NO-URI,IC,2017-11-14T23:48:00,2017-11-14T23:48:00,158,158
http://irail.be/vehicle/IC722,http://irail.be/stations/NMBS/008892106,IC,2017-11-14T23:50:00,2017-11-14T23:49:00,174,161
http://irail.be/vehicle/IC722,http://irail.be/stations/NMBS/008896149,IC,2017-11-14T23:58:00,2017-11-14T23:57:00,225,175
http://irail.be/vehicle/IC722,http://irail.be/stations/NMBS/008896115,IC,2017-11-15T00:04:00,2017-11-15T00:04:00,192,192
http://irail.be/vehicle/IC722,http://irail.be/stations/NMBS/008896008,IC,2017-11-15T00:10:00,2017-11-15T00:10:00,,105
http://irail.be/vehicle/IC722,http://irail.be/stations/NMBS/008821006,IC,2017-07-06T22:37:00,2017-07-06T22:37:00,62,
http://irail.be/vehicle/IC722,http://irail.be/stations/NMBS/008821121,IC,2017-07-06T22:43:00,2017-07-06T22:41:00,9,9
http://irail.be/vehicle/IC722,http://irail.be/stations/NMBS/008821196,IC,2017-07-06T22:46:00,2017-07-06T22:46:00,31,31
http://irail.be/vehicle/IC722,NO-URI,IC,2017-07-06T22:50:00,2017-07-06T22:50:00,31,31
http://irail.be/vehicle/IC722,http://irail.be/stations/NMBS/008894821,IC,2017-07-06T22:50:00,2017-07-06T22:50:00,53,53
http://irail.be/vehicle/IC722,http://irail.be/stations/NMBS/008894755,IC,2017-07-06T22:52:00,2017-07-06T22:52:00,49,49
http://irail.be/vehicle/IC722,http://irail.be/stations/NMBS/008894748,IC,2017-07-06T22:53:00,2017-07-06T22:53:00,27,27
http://irail.be/vehicle/IC722,http://irail.be/stations/NMBS/008894714,IC,2017-07-06T22:56:00,2017-07-06T22:56:00,26,26
http://irail.be/vehicle/IC722,NO-URI,IC,2017-07-06T22:57:00,2017-07-06T22:57:00,16,16
http://irail.be/vehicle/IC722,http://irail.be/stations/NMBS/008894508,IC,2017-07-06T23:00:00,2017-07-06T22:59:00,180,-17
http://irail.be/vehicle/IC722,http://irail.be/stations/NMBS/008894433,IC,2017-07-06T23:03:00,2017-07-06T23:03:00,180,180
http://irail.be/vehicle/IC722,http://irail.be/stations/NMBS/008894425,IC,2017-07-06T23:04:00,2017-07-06T23:04:00,157,157
http://irail.be/vehicle/IC722,NO-URI,IC,2017-07-06T23:06:00,2017-07-06T23:06:00,175,175
http://irail.be/vehicle/IC722,http://irail.be/stations/NMBS/008894201,IC,2017-07-06T23:09:00,2017-07-06T23:08:00,190,182
http://irail.be/vehicle/IC722,http://irail.be/stations/NMBS/008894151,IC,2017-07-06T23:15:00,2017-07-06T23:15:00,268,190
http://irail.be/vehicle/IC722,http://irail.be/stations/NMBS/008893120,IC,2017-07-06T23:24:00,2017-07-06T23:23:00,370,273
http://irail.be/vehicle/IC722,http://irail.be/stations/NMBS/008893179,IC,2017-07-06T23:26:00,2017-07-06T23:26:00,370,370
http://irail.be/vehicle/IC722,NO-URI,IC,2017-07-06T23:27:00,2017-07-06T23:27:00,459,459
http://irail.be/vehicle/IC722,http://irail.be/stations/NMBS/008892007,IC,2017-07-06T23:36:00,2017-07-06T23:33:00,394,458
http://irail.be/vehicle/IC722,http://irail.be/stations/NMBS/008892080,IC,2017-07-06T23:43:00,2017-07-06T23:42:00,418,451
http://irail.be/vehicle/IC722,NO-URI,IC,2017-07-06T23:48:00,2017-07-06T23:48:00,362,362
http://irail.be/vehicle/IC722,http://irail.be/stations/NMBS/008892106,IC,2017-07-06T23:50:00,2017-07-06T23:49:00,397,366
http://irail.be/vehicle/IC722,http://irail.be/stations/NMBS/008896149,IC,2017-07-06T23:58:00,2017-07-06T23:57:00,344,342
http://irail.be/vehicle/IC722,http://irail.be/stations/NMBS/008896115,IC,2017-07-07T00:04:00,2017-07-07T00:04:00,307,307
http://irail.be/vehicle/IC722,http://irail.be/stations/NMBS/008896008,IC,2017-07-07T00:10:00,2017-07-07T00:10:00,,262
http://irail.be/vehicle/IC722,http://irail.be/stations/NMBS/008821006,IC,2017-01-21T22:37:00,2017-01-21T22:37:00,87,
http://irail.be/vehicle/IC722,http://irail.be/stations/NMBS/008821121,IC,2017-01-21T22:43:00,2017-01-21T22:41:00,15,15
http://irail.be/vehicle/IC722,http://irail.be/stations/NMBS/008821196,IC,2017-01-21T22:46:00,2017-01-21T22:46:00,-39,-39
http://irail.be/vehicle/IC722,NO-URI,IC,2017-01-21T22:50:00,2017-01-21T22:50:00,-39,-39
http://irail.be/vehicle/IC722,http://irail.be/stations/NMBS/008894821,IC,2017-01-21T22:50:00,2017-01-21T22:50:00,-13,-13
http://irail.be/vehicle/IC722,http://irail.be/stations/NMBS/008894755,IC,2017-01-21T22:52:00,2017-01-21T22:52:00,-33,-33
http://irail.be/vehicle/IC722,http://irail.be/stations/NMBS/008894748,IC,2017-01-21T22:53:00,2017-01-21T22:53:00,-64,-64
http://irail.be/vehicle/IC722,http://irail.be/stations/NMBS/008894714,IC,2017-01-21T22:56:00,2017-01-21T22:56:00,-85,-85
http://irail.be/vehicle/IC722,NO-URI,IC,2017-01-21T22:57:00,2017-01-21T22:57:00,-91,-91
http://irail.be/vehicle/IC722,http://irail.be/stations/NMBS/008894508,IC,2017-01-21T23:01:00,2017-01-21T22:59:00,52,-127
http://irail.be/vehicle/IC722,http://irail.be/stations/NMBS/008894433,IC,2017-01-21T23:04:00,2017-01-21T23:04:00,52,52
http://irail.be/vehicle/IC722,http://irail.be/stations/NMBS/008894425,IC,2017-01-21T23:05:00,2017-01-21T23:05:00,7,7
http://irail.be/vehicle/IC722,NO-URI,IC,2017-01-21T23:07:00,2017-01-21T23:07:00,0,0
http://irail.be/vehicle/IC722,http://irail.be/stations/NMBS/008894201,IC,2017-01-21T23:11:00,2017-01-21T23:09:00,13,-11
http://irail.be/vehicle/IC722,http://irail.be/stations/NMBS/008894151,IC,2017-01-21T23:16:00,2017-01-21T23:16:00,13,13
http://irail.be/vehicle/IC722,http://irail.be/stations/NMBS/008893120,IC,2017-01-21T23:24:00,2017-01-21T23:23:00,35,-3
http://irail.be/vehicle/IC722,http://irail.be/stations/NMBS/008893179,IC,2017-01-21T23:26:00,2017-01-21T23:26:00,35,35
http://irail.be/vehicle/IC722,NO-URI,IC,2017-01-21T23:27:00,2017-01-21T23:27:00,-38,-38
http://irail.be/vehicle/IC722,http://irail.be/stations/NMBS/008892007,IC,2017-01-21T23:36:00,2017-01-21T23:33:00,29,-65
http://irail.be/vehicle/IC722,http://irail.be/stations/NMBS/008892080,IC,2017-01-21T23:43:00,2017-01-21T23:42:00,-15,3
http://irail.be/vehicle/IC722,NO-URI,IC,2017-01-21T23:47:00,2017-01-21T23:47:00,-33,-33
http://irail.be/vehicle/IC722,http://irail.be/stations/NMBS/008892106,IC,2017-01-21T23:50:00,2017-01-21T23:49:00,15,-31
http://irail.be/vehicle/IC722,http://irail.be/stations/NMBS/008896149,IC,2017-01-21T23:58:00,2017-01-21T23:57:00,-13,-40
http://irail.be/vehicle/IC722,http://irail.be/stations/NMBS/008896115,IC,2017-01-22T00:04:00,2017-01-22T00:04:00,-50,-50
http://irail.be/vehicle/IC722,http://irail.be/stations/NMBS/008896008,IC,2017-01-22T00:10:00,2017-01-22T00:10:00,,-108
http://irail.be/vehicle/IC722,http://irail.be/stations/NMBS/008821006,IC,2017-04-17T22:37:00,2017-04-17T22:37:00,-24,
http://irail.be/vehicle/IC722,http://irail.be/stations/NMBS/008821121,IC,2017-04-17T22:43:00,2017-04-17T22:41:00,27,27
http://irail.be/vehicle/IC722,http://irail.be/stations/NMBS/008821196,IC,2017-04-17T22:46:00,2017-04-17T22:46:00,-14,-14
http://irail.be/vehicle/IC722,NO-URI,IC,2017-04-17T22:50:00,2017-04-17T22:50:00,-14,-14
http://irail.be/vehicle/IC722,http://irail.be/stations/NMBS/008894821,IC,2017-04-17T22:50:00,2017-04-17T22:50:00,10,10
http://irail.be/vehicle/IC722,http://irail.be/stations/NMBS/008894755,IC,2017-04-17T22:52:00,2017-04-17T22:52:00,-10,-10
http://irail.be/vehicle/IC722,http://irail.be/stations/NMBS/008894748,IC,2017-04-17T22:53:00,2017-04-17T22:53:00,-39,-39
http://irail.be/vehicle/IC722,http://irail.be/stations/NMBS/008894714,IC,2017-04-17T22:56:00,2017-04-17T22:56:00,-62,-62
http://irail.be/vehicle/IC722,NO-URI,IC,2017-04-17T22:57:00,2017-04-17T22:57:00,-75,-75
http://irail.be/vehicle/IC722,http://irail.be/stations/NMBS/008894508,IC,2017-04-17T23:01:00,2017-04-17T22:59:00,64,-111
http://irail.be/vehicle/IC722,http://irail.be/stations/NMBS/008894433,IC,2017-04-17T23:04:00,2017-04-17T23:04:00,64,64
http://irail.be/vehicle/IC722,http://irail.be/stations/NMBS/008894425,IC,2017-04-17T23:05:00,2017-04-17T23:05:00,28,28
http://irail.be/vehicle/IC722,NO-URI,IC,2017-04-17T23:07:00,2017-04-17T23:07:00,23,23
http://irail.be/vehicle/IC722,http://irail.be/stations/NMBS/008894201,IC,2017-04-17T23:11:00,2017-04-17T23:09:00,8,15
http://irail.be/vehicle/IC722,http://irail.be/stations/NMBS/008894151,IC,2017-04-17T23:16:00,2017-04-17T23:16:00,8,8
http://irail.be/vehicle/IC722,http://irail.be/stations/NMBS/008893120,IC,2017-04-17T23:24:00,2017-04-17T23:23:00,28,-63
http://irail.be/vehicle/IC722,http://irail.be/stations/NMBS/008893179,IC,2017-04-17T23:26:00,2017-04-17T23:26:00,28,28
http://irail.be/vehicle/IC722,NO-URI,IC,2017-04-17T23:27:00,2017-04-17T23:27:00,-22,-22
http://irail.be/vehicle/IC722,http://irail.be/stations/NMBS/008892007,IC,2017-04-17T23:36:00,2017-04-17T23:33:00,24,-21
http://irail.be/vehicle/IC722,http://irail.be/stations/NMBS/008892080,IC,2017-04-17T23:43:00,2017-04-17T23:42:00,20,10
http://irail.be/vehicle/IC722,NO-URI,IC,2017-04-17T23:47:00,2017-04-17T23:47:00,2,2
http://irail.be/vehicle/IC722,http://irail.be/stations/NMBS/008892106,IC,2017-04-17T23:50:00,2017-04-17T23:49:00,47,1
http://irail.be/vehicle/IC722,http://irail.be/stations/NMBS/008896149,IC,2017-04-17T23:58:00,2017-04-17T23:57:00,20,-8
http://irail.be/vehicle/IC722,http://irail.be/stations/NMBS/008896115,IC,2017-04-18T00:04:00,2017-04-18T00:04:00,7,0
http://irail.be/vehicle/IC722,http://irail.be/stations/NMBS/008896008,IC,2017-04-18T00:10:00,2017-04-18T00:10:00,,-52
http://irail.be/vehicle/IC722,http://irail.be/stations/NMBS/008821006,IC,2017-05-25T22:37:00,2017-05-25T22:37:00,39,
http://irail.be/vehicle/IC722,http://irail.be/stations/NMBS/008821121,IC,2017-05-25T22:43:00,2017-05-25T22:41:00,18,18
http://irail.be/vehicle/IC722,http://irail.be/stations/NMBS/008821196,IC,2017-05-25T22:46:00,2017-05-25T22:46:00,5,5
http://irail.be/vehicle/IC722,NO-URI,IC,2017-05-25T22:50:00,2017-05-25T22:50:00,5,5
http://irail.be/vehicle/IC722,http://irail.be/stations/NMBS/008894821,IC,2017-05-25T22:50:00,2017-05-25T22:50:00,28,28
http://irail.be/vehicle/IC722,http://irail.be/stations/NMBS/008894755,IC,2017-05-25T22:52:00,2017-05-25T22:52:00,5,5
http://irail.be/vehicle/IC722,http://irail.be/stations/NMBS/008894748,IC,2017-05-25T22:53:00,2017-05-25T22:53:00,-24,-24
http://irail.be/vehicle/IC722,http://irail.be/stations/NMBS/008894714,IC,2017-05-25T22:56:00,2017-05-25T22:56:00,-49,-49
http://irail.be/vehicle/IC722,NO-URI,IC,2017-05-25T22:57:00,2017-05-25T22:57:00,-60,-60
http://irail.be/vehicle/IC722,http://irail.be/stations/NMBS/008894508,IC,2017-05-25T23:01:00,2017-05-25T22:59:00,41,-97
http://irail.be/vehicle/IC722,http://irail.be/stations/NMBS/008894433,IC,2017-05-25T23:04:00,2017-05-25T23:04:00,41,41
http://irail.be/vehicle/IC722,http://irail.be/stations/NMBS/008894425,IC,2017-05-25T23:05:00,2017-05-25T23:05:00,-4,-4
http://irail.be/vehicle/IC722,NO-URI,IC,2017-05-25T23:07:00,2017-05-25T23:07:00,-4,-4
http://irail.be/vehicle/IC722,http://irail.be/stations/NMBS/008894201,IC,2017-05-25T23:11:00,2017-05-25T23:09:00,5,-13
http://irail.be/vehicle/IC722,http://irail.be/stations/NMBS/008894151,IC,2017-05-25T23:16:00,2017-05-25T23:16:00,5,5
http://irail.be/vehicle/IC722,http://irail.be/stations/NMBS/008893120,IC,2017-05-25T23:24:00,2017-05-25T23:23:00,46,-58
http://irail.be/vehicle/IC722,http://irail.be/stations/NMBS/008893179,IC,2017-05-25T23:26:00,2017-05-25T23:26:00,46,46
http://irail.be/vehicle/IC722,NO-URI,IC,2017-05-25T23:27:00,2017-05-25T23:27:00,10,10
http://irail.be/vehicle/IC722,http://irail.be/stations/NMBS/008892007,IC,2017-05-25T23:36:00,2017-05-25T23:33:00,53,20
http://irail.be/vehicle/IC722,http://irail.be/stations/NMBS/008892080,IC,2017-05-25T23:43:00,2017-05-25T23:42:00,12,29
http://irail.be/vehicle/IC722,NO-URI,IC,2017-05-25T23:47:00,2017-05-25T23:47:00,-7,-7
http://irail.be/vehicle/IC722,http://irail.be/stations/NMBS/008892106,IC,2017-05-25T23:50:00,2017-05-25T23:49:00,22,-10
http://irail.be/vehicle/IC722,http://irail.be/stations/NMBS/008896149,IC,2017-05-25T23:58:00,2017-05-25T23:57:00,55,36
http://irail.be/vehicle/IC722,http://irail.be/stations/NMBS/008896115,IC,2017-05-26T00:04:00,2017-05-26T00:04:00,55,47
http://irail.be/vehicle/IC722,http://irail.be/stations/NMBS/008896008,IC,2017-05-26T00:10:00,2017-05-26T00:10:00,,33
http://irail.be/vehicle/IC722,http://irail.be/stations/NMBS/008821006,IC,2017-01-17T22:37:00,2017-01-17T22:37:00,-1,
http://irail.be/vehicle/IC722,http://irail.be/stations/NMBS/008821121,IC,2017-01-17T22:43:00,2017-01-17T22:41:00,14,14
http://irail.be/vehicle/IC722,http://irail.be/stations/NMBS/008821196,IC,2017-01-17T22:46:00,2017-01-17T22:46:00,-9,-9
http://irail.be/vehicle/IC722,NO-URI,IC,2017-01-17T22:50:00,2017-01-17T22:50:00,-9,-9
http://irail.be/vehicle/IC722,http://irail.be/stations/NMBS/008894821,IC,2017-01-17T22:50:00,2017-01-17T22:50:00,16,16
http://irail.be/vehicle/IC722,http://irail.be/stations/NMBS/008894755,IC,2017-01-17T22:52:00,2017-01-17T22:52:00,21,21
http://irail.be/vehicle/IC722,http://irail.be/stations/NMBS/008894748,IC,2017-01-17T22:53:00,2017-01-17T22:53:00,4,4
http://irail.be/vehicle/IC722,http://irail.be/stations/NMBS/008894714,IC,2017-01-17T22:56:00,2017-01-17T22:56:00,17,17
http://irail.be/vehicle/IC722,NO-URI,IC,2017-01-17T22:57:00,2017-01-17T22:57:00,16,16
http://irail.be/vehicle/IC722,http://irail.be/stations/NMBS/008894508,IC,2017-01-17T23:00:00,2017-01-17T22:59:00,64,-8
http://irail.be/vehicle/IC722,http://irail.be/stations/NMBS/008894433,IC,2017-01-17T23:03:00,2017-01-17T23:03:00,64,64
http://irail.be/vehicle/IC722,http://irail.be/stations/NMBS/008894425,IC,2017-01-17T23:04:00,2017-01-17T23:04:00,41,41
http://irail.be/vehicle/IC722,NO-URI,IC,2017-01-17T23:06:00,2017-01-17T23:06:00,58,58
http://irail.be/vehicle/IC722,http://irail.be/stations/NMBS/008894201,IC,2017-01-17T23:09:00,2017-01-17T23:08:00,49,65
http://irail.be/vehicle/IC722,http://irail.be/stations/NMBS/008894151,IC,2017-01-17T23:15:00,2017-01-17T23:15:00,89,49
http://irail.be/vehicle/IC722,http://irail.be/stations/NMBS/008893120,IC,2017-01-17T23:24:00,2017-01-17T23:23:00,101,73
http://irail.be/vehicle/IC722,http://irail.be/stations/NMBS/008893179,IC,2017-01-17T23:26:00,2017-01-17T23:26:00,101,101
http://irail.be/vehicle/IC722,NO-URI,IC,2017-01-17T23:27:00,2017-01-17T23:27:00,35,35
http://irail.be/vehicle/IC722,http://irail.be/stations/NMBS/008892007,IC,2017-01-17T23:36:00,2017-01-17T23:33:00,19,-8
http://irail.be/vehicle/IC722,http://irail.be/stations/NMBS/008892080,IC,2017-01-17T23:43:00,2017-01-17T23:42:00,-32,-1
http://irail.be/vehicle/IC722,NO-URI,IC,2017-01-17T23:48:00,2017-01-17T23:48:00,-88,-88
http://irail.be/vehicle/IC722,http://irail.be/stations/NMBS/008892106,IC,2017-01-17T23:50:00,2017-01-17T23:49:00,8,-81
http://irail.be/vehicle/IC722,http://irail.be/stations/NMBS/008896149,IC,2017-01-17T23:58:00,2017-01-17T23:57:00,-6,-54
http://irail.be/vehicle/IC722,http://irail.be/stations/NMBS/008896115,IC,2017-01-18T00:04:00,2017-01-18T00:04:00,-49,-49
http://irail.be/vehicle/IC722,http://irail.be/stations/NMBS/008896008,IC,2017-01-18T00:10:00,2017-01-18T00:10:00,,-115
http://irail.be/vehicle/IC722,http://irail.be/stations/NMBS/008821006,IC,2017-05-07T22:37:00,2017-05-07T22:37:00,36,
http://irail.be/vehicle/IC722,http://irail.be/stations/NMBS/008821121,IC,2017-05-07T22:43:00,2017-05-07T22:41:00,15,15
http://irail.be/vehicle/IC722,http://irail.be/stations/NMBS/008821196,IC,2017-05-07T22:46:00,2017-05-07T22:46:00,-29,-29
http://irail.be/vehicle/IC722,NO-URI,IC,2017-05-07T22:50:00,2017-05-07T22:50:00,-29,-29
http://irail.be/vehicle/IC722,http://irail.be/stations/NMBS/008894821,IC,2017-05-07T22:50:00,2017-05-07T22:50:00,-7,-7
http://irail.be/vehicle/IC722,http://irail.be/stations/NMBS/008894755,IC,2017-05-07T22:52:00,2017-05-07T22:52:00,-28,-28
http://irail.be/vehicle/IC722,http://irail.be/stations/NMBS/008894748,IC,2017-05-07T22:53:00,2017-05-07T22:53:00,-29,-29
http://irail.be/vehicle/IC722,http://irail.be/stations/NMBS/008894714,IC,2017-05-07T22:55:00,2017-05-07T22:55:00,-29,-29
http://irail.be/vehicle/IC722,NO-URI,IC,2017-05-07T22:57:00,2017-05-07T22:57:00,-70,-70
http://irail.be/vehicle/IC722,http://irail.be/stations/NMBS/008894508,IC,2017-05-07T23:01:00,2017-05-07T22:59:00,36,-136
http://irail.be/vehicle/IC722,http://irail.be/stations/NMBS/008894433,IC,2017-05-07T23:04:00,2017-05-07T23:04:00,36,36
http://irail.be/vehicle/IC722,http://irail.be/stations/NMBS/008894425,IC,2017-05-07T23:04:00,2017-05-07T23:04:00,36,36
http://irail.be/vehicle/IC722,NO-URI,IC,2017-05-07T23:07:00,2017-05-07T23:07:00,-10,-10
http://irail.be/vehicle/IC722,http://irail.be/stations/NMBS/008894201,IC,2017-05-07T23:11:00,2017-05-07T23:09:00,15,-36
http://irail.be/vehicle/IC722,http://irail.be/stations/NMBS/008894151,IC,2017-05-07T23:16:00,2017-05-07T23:16:00,15,15
http://irail.be/vehicle/IC722,http://irail.be/stations/NMBS/008893120,IC,2017-05-07T23:28:00,2017-05-07T23:23:00,-11,-36
http://irail.be/vehicle/IC722,http://irail.be/stations/NMBS/008893179,IC,2017-05-07T23:31:00,2017-05-07T23:31:00,-11,-11
http://irail.be/vehicle/IC722,NO-URI,IC,2017-05-07T23:32:00,2017-05-07T23:32:00,-90,-90
http://irail.be/vehicle/IC722,http://irail.be/stations/NMBS/008892007,IC,2017-05-07T23:39:00,2017-05-07T23:37:00,9,-57
http://irail.be/vehicle/IC722,http://irail.be/stations/NMBS/008892080,IC,2017-05-07T23:46:00,2017-05-07T23:45:00,-5,-11
http://irail.be/vehicle/IC722,NO-URI,IC,2017-05-07T23:50:00,2017-05-07T23:50:00,-26,-26
http://irail.be/vehicle/IC722,http://irail.be/stations/NMBS/008892106,IC,2017-05-07T23:52:00,2017-05-07T23:51:00,39,-15
http://irail.be/vehicle/IC722,http://irail.be/stations/NMBS/008896149,IC,2017-05-07T23:59:00,2017-05-07T23:59:00,-5,-21
http://irail.be/vehicle/IC722,http://irail.be/stations/NMBS/008896115,IC,2017-05-08T00:06:00,2017-05-08T00:06:00,-10,-48
http://irail.be/vehicle/IC722,http://irail.be/stations/NMBS/008896008,IC,2017-05-08T00:10:00,2017-05-08T00:10:00,,-1
http://irail.be/vehicle/IC722,http://irail.be/stations/NMBS/008821006,IC,2017-10-23T22:37:00,2017-10-23T22:37:00,15,
http://irail.be/vehicle/IC722,http://irail.be/stations/NMBS/008821121,IC,2017-10-23T22:43:00,2017-10-23T22:41:00,7,7
http://irail.be/vehicle/IC722,http://irail.be/stations/NMBS/008821196,IC,2017-10-23T22:46:00,2017-10-23T22:46:00,19,19
http://irail.be/vehicle/IC722,NO-URI,IC,2017-10-23T22:50:00,2017-10-23T22:50:00,19,19
http://irail.be/vehicle/IC722,http://irail.be/stations/NMBS/008894821,IC,2017-10-23T22:50:00,2017-10-23T22:50:00,45,45
http://irail.be/vehicle/IC722,http://irail.be/stations/NMBS/008894755,IC,2017-10-23T22:52:00,2017-10-23T22:52:00,28,28
http://irail.be/vehicle/IC722,http://irail.be/stations/NMBS/008894748,IC,2017-10-23T22:53:00,2017-10-23T22:53:00,3,3
http://irail.be/vehicle/IC722,http://irail.be/stations/NMBS/008894714,IC,2017-10-23T22:56:00,2017-10-23T22:56:00,-16,-16
http://irail.be/vehicle/IC722,NO-URI,IC,2017-10-23T22:57:00,2017-10-23T22:57:00,-28,-28
http://irail.be/vehicle/IC722,http://irail.be/stations/NMBS/008894508,IC,2017-10-23T23:00:00,2017-10-23T22:59:00,119,-65
http://irail.be/vehicle/IC722,http://irail.be/stations/NMBS/008894433,IC,2017-10-23T23:03:00,2017-10-23T23:03:00,119,119
http://irail.be/vehicle/IC722,http://irail.be/stations/NMBS/008894425,IC,2017-10-23T23:04:00,2017-10-23T23:04:00,84,84
http://irail.be/vehicle/IC722,NO-URI,IC,2017-10-23T23:06:00,2017-10-23T23:06:00,82,82
http://irail.be/vehicle/IC722,http://irail.be/stations/NMBS/008894201,IC,2017-10-23T23:09:00,2017-10-23T23:08:00,62,76
http://irail.be/vehicle/IC722,http://irail.be/stations/NMBS/008894151,IC,2017-10-23T23:15:00,2017-10-23T23:15:00,103,62
http://irail.be/vehicle/IC722,http://irail.be/stations/NMBS/008893120,IC,2017-10-23T23:24:00,2017-10-23T23:23:00,146,82
http://irail.be/vehicle/IC722,http://irail.be/stations/NMBS/008893179,IC,2017-10-23T23:26:00,2017-10-23T23:26:00,146,146
http://irail.be/vehicle/IC722,NO-URI,IC,2017-10-23T23:27:00,2017-10-23T23:27:00,79,79
http://irail.be/vehicle/IC722,http://irail.be/stations/NMBS/008892007,IC,2017-10-23T23:36:00,2017-10-23T23:33:00,600,54
http://irail.be/vehicle/IC722,http://irail.be/stations/NMBS/008892080,IC,2017-10-23T23:43:00,2017-10-23T23:42:00,552,586
http://irail.be/vehicle/IC722,NO-URI,IC,2017-10-23T23:48:00,2017-10-23T23:48:00,524,524
http://irail.be/vehicle/IC722,http://irail.be/stations/NMBS/008892106,IC,2017-10-23T23:50:00,2017-10-23T23:49:00,571,536
http://irail.be/vehicle/IC722,http://irail.be/stations/NMBS/008896149,IC,2017-10-23T23:58:00,2017-10-23T23:57:00,492,507
http://irail.be/vehicle/IC722,http://irail.be/stations/NMBS/008896115,IC,2017-10-24T00:04:00,2017-10-24T00:04:00,447,447
http://irail.be/vehicle/IC722,http://irail.be/stations/NMBS/008896008,IC,2017-10-24T00:10:00,2017-10-24T00:10:00,,354
http://irail.be/vehicle/IC722,http://irail.be/stations/NMBS/008821006,IC,2017-10-24T22:37:00,2017-10-24T22:37:00,19,
http://irail.be/vehicle/IC722,http://irail.be/stations/NMBS/008821121,IC,2017-10-24T22:43:00,2017-10-24T22:41:00,26,26
http://irail.be/vehicle/IC722,http://irail.be/stations/NMBS/008821196,IC,2017-10-24T22:46:00,2017-10-24T22:46:00,29,29
http://irail.be/vehicle/IC722,NO-URI,IC,2017-10-24T22:50:00,2017-10-24T22:50:00,29,29
http://irail.be/vehicle/IC722,http://irail.be/stations/NMBS/008894821,IC,2017-10-24T22:50:00,2017-10-24T22:50:00,55,55
http://irail.be/vehicle/IC722,http://irail.be/stations/NMBS/008894755,IC,2017-10-24T22:52:00,2017-10-24T22:52:00,36,36
http://irail.be/vehicle/IC722,http://irail.be/stations/NMBS/008894748,IC,2017-10-24T22:53:00,2017-10-24T22:53:00,8,8
http://irail.be/vehicle/IC722,http://irail.be/stations/NMBS/008894714,IC,2017-10-24T22:56:00,2017-10-24T22:56:00,0,0
http://irail.be/vehicle/IC722,NO-URI,IC,2017-10-24T22:57:00,2017-10-24T22:57:00,38,38
http://irail.be/vehicle/IC722,http://irail.be/stations/NMBS/008894508,IC,2017-10-24T23:00:00,2017-10-24T22:59:00,140,63
http://irail.be/vehicle/IC722,http://irail.be/stations/NMBS/008894433,IC,2017-10-24T23:03:00,2017-10-24T23:03:00,140,140
http://irail.be/vehicle/IC722,http://irail.be/stations/NMBS/008894425,IC,2017-10-24T23:04:00,2017-10-24T23:04:00,94,94
http://irail.be/vehicle/IC722,NO-URI,IC,2017-10-24T23:06:00,2017-10-24T23:06:00,94,94
http://irail.be/vehicle/IC722,http://irail.be/stations/NMBS/008894201,IC,2017-10-24T23:09:00,2017-10-24T23:08:00,196,179
http://irail.be/vehicle/IC722,http://irail.be/stations/NMBS/008894151,IC,2017-10-24T23:15:00,2017-10-24T23:15:00,206,196
http://irail.be/vehicle/IC722,http://irail.be/stations/NMBS/008893120,IC,2017-10-24T23:24:00,2017-10-24T23:23:00,232,160
http://irail.be/vehicle/IC722,http://irail.be/stations/NMBS/008893179,IC,2017-10-24T23:26:00,2017-10-24T23:26:00,232,232
http://irail.be/vehicle/IC722,NO-URI,IC,2017-10-24T23:27:00,2017-10-24T23:27:00,216,216
http://irail.be/vehicle/IC722,http://irail.be/stations/NMBS/008892007,IC,2017-10-24T23:36:00,2017-10-24T23:33:00,117,195
http://irail.be/vehicle/IC722,http://irail.be/stations/NMBS/008892080,IC,2017-10-24T23:43:00,2017-10-24T23:42:00,76,99
http://irail.be/vehicle/IC722,NO-URI,IC,2017-10-24T23:48:00,2017-10-24T23:48:00,34,34
http://irail.be/vehicle/IC722,http://irail.be/stations/NMBS/008892106,IC,2017-10-24T23:50:00,2017-10-24T23:49:00,76,53
http://irail.be/vehicle/IC722,http://irail.be/stations/NMBS/008896149,IC,2017-10-24T23:58:00,2017-10-24T23:57:00,35,29
http://irail.be/vehicle/IC722,http://irail.be/stations/NMBS/008896115,IC,2017-10-25T00:04:00,2017-10-25T00:04:00,18,18
http://irail.be/vehicle/IC722,http://irail.be/stations/NMBS/008896008,IC,2017-10-25T00:10:00,2017-10-25T00:10:00,,-25
http://irail.be/vehicle/IC722,http://irail.be/stations/NMBS/008894508,IC,2017-04-14T23:00:00,2017-04-14T23:00:00,926,
http://irail.be/vehicle/IC722,http://irail.be/stations/NMBS/008894433,IC,2017-04-14T23:03:00,2017-04-14T23:03:00,926,926
http://irail.be/vehicle/IC722,http://irail.be/stations/NMBS/008894425,IC,2017-04-14T23:03:00,2017-04-14T23:03:00,990,990
http://irail.be/vehicle/IC722,NO-URI,IC,2017-04-14T23:06:00,2017-04-14T23:06:00,946,946
http://irail.be/vehicle/IC722,http://irail.be/stations/NMBS/008894201,IC,2017-04-14T23:09:00,2017-04-14T23:08:00,912,921
http://irail.be/vehicle/IC722,http://irail.be/stations/NMBS/008894151,IC,2017-04-14T23:15:00,2017-04-14T23:15:00,912,912
http://irail.be/vehicle/IC722,http://irail.be/stations/NMBS/008893120,IC,2017-04-14T23:24:00,2017-04-14T23:23:00,905,854
http://irail.be/vehicle/IC722,http://irail.be/stations/NMBS/008893179,IC,2017-04-14T23:26:00,2017-04-14T23:26:00,905,905
http://irail.be/vehicle/IC722,NO-URI,IC,2017-04-14T23:27:00,2017-04-14T23:27:00,909,909
http://irail.be/vehicle/IC722,http://irail.be/stations/NMBS/008892007,IC,2017-04-14T23:36:00,2017-04-14T23:33:00,846,934
http://irail.be/vehicle/IC722,http://irail.be/stations/NMBS/008892080,IC,2017-04-14T23:43:00,2017-04-14T23:42:00,787,832
http://irail.be/vehicle/IC722,NO-URI,IC,2017-04-14T23:48:00,2017-04-14T23:48:00,733,733
http://irail.be/vehicle/IC722,http://irail.be/stations/NMBS/008892106,IC,2017-04-14T23:50:00,2017-04-14T23:49:00,738,738
http://irail.be/vehicle/IC722,http://irail.be/stations/NMBS/008896149,IC,2017-04-14T23:58:00,2017-04-14T23:57:00,656,656
http://irail.be/vehicle/IC722,http://irail.be/stations/NMBS/008896115,IC,2017-04-15T00:04:00,2017-04-15T00:04:00,1514,1514
http://irail.be/vehicle/IC722,http://irail.be/stations/NMBS/008896008,IC,2017-04-15T00:10:00,2017-04-15T00:10:00,,1379
http://irail.be/vehicle/IC722,http://irail.be/stations/NMBS/008821006,IC,2017-10-19T22:37:00,2017-10-19T22:37:00,196,
http://irail.be/vehicle/IC722,http://irail.be/stations/NMBS/008821121,IC,2017-10-19T22:43:00,2017-10-19T22:41:00,128,128
http://irail.be/vehicle/IC722,http://irail.be/stations/NMBS/008821196,IC,2017-10-19T22:46:00,2017-10-19T22:46:00,84,84
http://irail.be/vehicle/IC722,NO-URI,IC,2017-10-19T22:50:00,2017-10-19T22:50:00,84,84
http://irail.be/vehicle/IC722,http://irail.be/stations/NMBS/008894821,IC,2017-10-19T22:50:00,2017-10-19T22:50:00,111,111
http://irail.be/vehicle/IC722,http://irail.be/stations/NMBS/008894755,IC,2017-10-19T22:52:00,2017-10-19T22:52:00,100,100
http://irail.be/vehicle/IC722,http://irail.be/stations/NMBS/008894748,IC,2017-10-19T22:53:00,2017-10-19T22:53:00,70,70
http://irail.be/vehicle/IC722,http://irail.be/stations/NMBS/008894714,IC,2017-10-19T22:56:00,2017-10-19T22:56:00,49,49
http://irail.be/vehicle/IC722,NO-URI,IC,2017-10-19T22:57:00,2017-10-19T22:57:00,51,51
http://irail.be/vehicle/IC722,http://irail.be/stations/NMBS/008894508,IC,2017-10-19T23:00:00,2017-10-19T22:59:00,165,96
http://irail.be/vehicle/IC722,http://irail.be/stations/NMBS/008894433,IC,2017-10-19T23:03:00,2017-10-19T23:03:00,165,165
http://irail.be/vehicle/IC722,http://irail.be/stations/NMBS/008894425,IC,2017-10-19T23:04:00,2017-10-19T23:04:00,122,122
http://irail.be/vehicle/IC722,NO-URI,IC,2017-10-19T23:06:00,2017-10-19T23:06:00,118,118
http://irail.be/vehicle/IC722,http://irail.be/stations/NMBS/008894201,IC,2017-10-19T23:09:00,2017-10-19T23:08:00,103,110
http://irail.be/vehicle/IC722,http://irail.be/stations/NMBS/008894151,IC,2017-10-19T23:15:00,2017-10-19T23:15:00,114,103
http://irail.be/vehicle/IC722,http://irail.be/stations/NMBS/008893120,IC,2017-10-19T23:24:00,2017-10-19T23:23:00,261,179
http://irail.be/vehicle/IC722,http://irail.be/stations/NMBS/008893179,IC,2017-10-19T23:26:00,2017-10-19T23:26:00,261,261
http://irail.be/vehicle/IC722,NO-URI,IC,2017-10-19T23:27:00,2017-10-19T23:27:00,235,235
http://irail.be/vehicle/IC722,http://irail.be/stations/NMBS/008892007,IC,2017-10-19T23:36:00,2017-10-19T23:33:00,183,216
http://irail.be/vehicle/IC722,http://irail.be/stations/NMBS/008892080,IC,2017-10-19T23:43:00,2017-10-19T23:42:00,126,171
http://irail.be/vehicle/IC722,NO-URI,IC,2017-10-19T23:48:00,2017-10-19T23:48:00,67,67
http://irail.be/vehicle/IC722,http://irail.be/stations/NMBS/008892106,IC,2017-10-19T23:50:00,2017-10-19T23:49:00,109,75
http://irail.be/vehicle/IC722,http://irail.be/stations/NMBS/008896149,IC,2017-10-19T23:58:00,2017-10-19T23:57:00,61,55
http://irail.be/vehicle/IC722,http://irail.be/stations/NMBS/008896115,IC,2017-10-20T00:04:00,2017-10-20T00:04:00,20,20
http://irail.be/vehicle/IC722,http://irail.be/stations/NMBS/008896008,IC,2017-10-20T00:10:00,2017-10-20T00:10:00,,-76
http://irail.be/vehicle/IC722,http://irail.be/stations/NMBS/008821006,IC,2017-06-27T22:37:00,2017-06-27T22:37:00,40,
http://irail.be/vehicle/IC722,http://irail.be/stations/NMBS/008821121,IC,2017-06-27T22:43:00,2017-06-27T22:41:00,57,57
http://irail.be/vehicle/IC722,http://irail.be/stations/NMBS/008821196,IC,2017-06-27T22:46:00,2017-06-27T22:46:00,15,15
http://irail.be/vehicle/IC722,NO-URI,IC,2017-06-27T22:50:00,2017-06-27T22:50:00,15,15
http://irail.be/vehicle/IC722,http://irail.be/stations/NMBS/008894821,IC,2017-06-27T22:50:00,2017-06-27T22:50:00,39,39
http://irail.be/vehicle/IC722,http://irail.be/stations/NMBS/008894755,IC,2017-06-27T22:52:00,2017-06-27T22:52:00,19,19
http://irail.be/vehicle/IC722,http://irail.be/stations/NMBS/008894748,IC,2017-06-27T22:53:00,2017-06-27T22:53:00,-11,-11
http://irail.be/vehicle/IC722,http://irail.be/stations/NMBS/008894714,IC,2017-06-27T22:56:00,2017-06-27T22:56:00,-31,-31
http://irail.be/vehicle/IC722,NO-URI,IC,2017-06-27T22:57:00,2017-06-27T22:57:00,-41,-41
http://irail.be/vehicle/IC722,http://irail.be/stations/NMBS/008894508,IC,2017-06-27T23:00:00,2017-06-27T22:59:00,40,-73
http://irail.be/vehicle/IC722,http://irail.be/stations/NMBS/008894433,IC,2017-06-27T23:03:00,2017-06-27T23:03:00,40,40
http://irail.be/vehicle/IC722,http://irail.be/stations/NMBS/008894425,IC,2017-06-27T23:04:00,2017-06-27T23:04:00,11,11
http://irail.be/vehicle/IC722,NO-URI,IC,2017-06-27T23:06:00,2017-06-27T23:06:00,6,6
http://irail.be/vehicle/IC722,http://irail.be/stations/NMBS/008894201,IC,2017-06-27T23:09:00,2017-06-27T23:08:00,135,120
http://irail.be/vehicle/IC722,http://irail.be/stations/NMBS/008894151,IC,2017-06-27T23:15:00,2017-06-27T23:15:00,634,135
http://irail.be/vehicle/IC722,http://irail.be/stations/NMBS/008893120,IC,2017-06-27T23:24:00,2017-06-27T23:23:00,1085,1063
http://irail.be/vehicle/IC722,http://irail.be/stations/NMBS/008893179,IC,2017-06-27T23:26:00,2017-06-27T23:26:00,1085,1085
http://irail.be/vehicle/IC722,NO-URI,IC,2017-06-27T23:27:00,2017-06-27T23:27:00,1027,1027
http://irail.be/vehicle/IC722,http://irail.be/stations/NMBS/008892007,IC,2017-06-27T23:36:00,2017-06-27T23:33:00,1074,1135
http://irail.be/vehicle/IC722,http://irail.be/stations/NMBS/008892080,IC,2017-06-27T23:43:00,2017-06-27T23:42:00,1033,1059
http://irail.be/vehicle/IC722,NO-URI,IC,2017-06-27T23:48:00,2017-06-27T23:48:00,1002,1002
http://irail.be/vehicle/IC722,http://irail.be/stations/NMBS/008892106,IC,2017-06-27T23:50:00,2017-06-27T23:49:00,1290,1115
http://irail.be/vehicle/IC722,http://irail.be/stations/NMBS/008896149,IC,2017-06-27T23:58:00,2017-06-27T23:57:00,1309,1270
http://irail.be/vehicle/IC722,http://irail.be/stations/NMBS/008896115,IC,2017-06-28T00:04:00,2017-06-28T00:04:00,1272,1272
http://irail.be/vehicle/IC722,http://irail.be/stations/NMBS/008896008,IC,2017-06-28T00:10:00,2017-06-28T00:10:00,,1191
http://irail.be/vehicle/IC722,http://irail.be/stations/NMBS/008821006,IC,2017-08-14T22:37:00,2017-08-14T22:37:00,206,
http://irail.be/vehicle/IC722,http://irail.be/stations/NMBS/008821121,IC,2017-08-14T22:43:00,2017-08-14T22:41:00,106,106
http://irail.be/vehicle/IC722,http://irail.be/stations/NMBS/008821196,IC,2017-08-14T22:46:00,2017-08-14T22:46:00,90,90
http://irail.be/vehicle/IC722,NO-URI,IC,2017-08-14T22:50:00,2017-08-14T22:50:00,90,90
http://irail.be/vehicle/IC722,http://irail.be/stations/NMBS/008894821,IC,2017-08-14T22:50:00,2017-08-14T22:50:00,116,116
http://irail.be/vehicle/IC722,http://irail.be/stations/NMBS/008894755,IC,2017-08-14T22:52:00,2017-08-14T22:52:00,95,95
http://irail.be/vehicle/IC722,http://irail.be/stations/NMBS/008894748,IC,2017-08-14T22:53:00,2017-08-14T22:53:00,65,65
http://irail.be/vehicle/IC722,http://irail.be/stations/NMBS/008894714,IC,2017-08-14T22:56:00,2017-08-14T22:56:00,44,44
http://irail.be/vehicle/IC722,NO-URI,IC,2017-08-14T22:57:00,2017-08-14T22:57:00,35,35
http://irail.be/vehicle/IC722,http://irail.be/stations/NMBS/008894508,IC,2017-08-14T23:00:00,2017-08-14T22:59:00,66,-2
http://irail.be/vehicle/IC722,http://irail.be/stations/NMBS/008894433,IC,2017-08-14T23:03:00,2017-08-14T23:03:00,66,66
http://irail.be/vehicle/IC722,http://irail.be/stations/NMBS/008894425,IC,2017-08-14T23:04:00,2017-08-14T23:04:00,155,155
http://irail.be/vehicle/IC722,NO-URI,IC,2017-08-14T23:06:00,2017-08-14T23:06:00,244,244
http://irail.be/vehicle/IC722,http://irail.be/stations/NMBS/008894201,IC,2017-08-14T23:09:00,2017-08-14T23:08:00,240,256
http://irail.be/vehicle/IC722,http://irail.be/stations/NMBS/008894151,IC,2017-08-14T23:15:00,2017-08-14T23:15:00,240,240
http://irail.be/vehicle/IC722,http://irail.be/stations/NMBS/008893120,IC,2017-08-14T23:24:00,2017-08-14T23:23:00,228,180
http://irail.be/vehicle/IC722,http://irail.be/stations/NMBS/008893179,IC,2017-08-14T23:26:00,2017-08-14T23:26:00,228,228
http://irail.be/vehicle/IC722,NO-URI,IC,2017-08-14T23:27:00,2017-08-14T23:27:00,191,191
http://irail.be/vehicle/IC722,http://irail.be/stations/NMBS/008892007,IC,2017-08-14T23:36:00,2017-08-14T23:33:00,154,187
http://irail.be/vehicle/IC722,http://irail.be/stations/NMBS/008892080,IC,2017-08-14T23:43:00,2017-08-14T23:42:00,97,137
http://irail.be/vehicle/IC722,NO-URI,IC,2017-08-14T23:48:00,2017-08-14T23:48:00,39,39
http://irail.be/vehicle/IC722,http://irail.be/stations/NMBS/008892106,IC,2017-08-14T23:50:00,2017-08-14T23:49:00,76,42
http://irail.be/vehicle/IC722,http://irail.be/stations/NMBS/008896149,IC,2017-08-14T23:58:00,2017-08-14T23:57:00,6,17
http://irail.be/vehicle/IC722,http://irail.be/stations/NMBS/008896115,IC,2017-08-15T00:04:00,2017-08-15T00:04:00,-33,-33
http://irail.be/vehicle/IC722,http://irail.be/stations/NMBS/008896008,IC,2017-08-15T00:10:00,2017-08-15T00:10:00,,-102
http://irail.be/vehicle/IC722,http://irail.be/stations/NMBS/008821006,IC,2017-09-23T22:37:00,2017-09-23T22:37:00,93,
http://irail.be/vehicle/IC722,http://irail.be/stations/NMBS/008821121,IC,2017-09-23T22:43:00,2017-09-23T22:41:00,92,92
http://irail.be/vehicle/IC722,http://irail.be/stations/NMBS/008821196,IC,2017-09-23T22:46:00,2017-09-23T22:46:00,72,72
http://irail.be/vehicle/IC722,NO-URI,IC,2017-09-23T22:50:00,2017-09-23T22:50:00,72,72
http://irail.be/vehicle/IC722,http://irail.be/stations/NMBS/008894821,IC,2017-09-23T22:50:00,2017-09-23T22:50:00,102,102
http://irail.be/vehicle/IC722,http://irail.be/stations/NMBS/008894755,IC,2017-09-23T22:52:00,2017-09-23T22:52:00,87,87
http://irail.be/vehicle/IC722,http://irail.be/stations/NMBS/008894748,IC,2017-09-23T22:53:00,2017-09-23T22:53:00,59,59
http://irail.be/vehicle/IC722,http://irail.be/stations/NMBS/008894714,IC,2017-09-23T22:56:00,2017-09-23T22:56:00,44,44
http://irail.be/vehicle/IC722,NO-URI,IC,2017-09-23T22:57:00,2017-09-23T22:57:00,37,37
http://irail.be/vehicle/IC722,http://irail.be/stations/NMBS/008894508,IC,2017-09-23T23:01:00,2017-09-23T22:59:00,89,-9
http://irail.be/vehicle/IC722,http://irail.be/stations/NMBS/008894433,IC,2017-09-23T23:04:00,2017-09-23T23:04:00,89,89
http://irail.be/vehicle/IC722,http://irail.be/stations/NMBS/008894425,IC,2017-09-23T23:05:00,2017-09-23T23:05:00,56,56
http://irail.be/vehicle/IC722,NO-URI,IC,2017-09-23T23:07:00,2017-09-23T23:07:00,62,62
http://irail.be/vehicle/IC722,http://irail.be/stations/NMBS/008894201,IC,2017-09-23T23:11:00,2017-09-23T23:09:00,47,64
http://irail.be/vehicle/IC722,http://irail.be/stations/NMBS/008894151,IC,2017-09-23T23:16:00,2017-09-23T23:16:00,47,47
http://irail.be/vehicle/IC722,http://irail.be/stations/NMBS/008893120,IC,2017-09-23T23:24:00,2017-09-23T23:23:00,123,22
http://irail.be/vehicle/IC722,http://irail.be/stations/NMBS/008893179,IC,2017-09-23T23:26:00,2017-09-23T23:26:00,123,123
http://irail.be/vehicle/IC722,NO-URI,IC,2017-09-23T23:27:00,2017-09-23T23:27:00,90,90
http://irail.be/vehicle/IC722,http://irail.be/stations/NMBS/008892007,IC,2017-09-23T23:36:00,2017-09-23T23:33:00,787,66
http://irail.be/vehicle/IC722,http://irail.be/stations/NMBS/008892080,IC,2017-09-23T23:43:00,2017-09-23T23:42:00,768,776
http://irail.be/vehicle/IC722,NO-URI,IC,2017-09-23T23:47:00,2017-09-23T23:47:00,750,750
http://irail.be/vehicle/IC722,http://irail.be/stations/NMBS/008892106,IC,2017-09-23T23:50:00,2017-09-23T23:49:00,721,748
http://irail.be/vehicle/IC722,http://irail.be/stations/NMBS/008896149,IC,2017-09-23T23:58:00,2017-09-23T23:57:00,674,670
http://irail.be/vehicle/IC722,http://irail.be/stations/NMBS/008896115,IC,2017-09-24T00:04:00,2017-09-24T00:04:00,651,651
http://irail.be/vehicle/IC722,http://irail.be/stations/NMBS/008896008,IC,2017-09-24T00:10:00,2017-09-24T00:10:00,,580
http://irail.be/vehicle/IC722,http://irail.be/stations/NMBS/008821006,IC,2017-01-16T22:37:00,2017-01-16T22:37:00,47,
http://irail.be/vehicle/IC722,http://irail.be/stations/NMBS/008821121,IC,2017-01-16T22:43:00,2017-01-16T22:41:00,32,32
http://irail.be/vehicle/IC722,http://irail.be/stations/NMBS/008821196,IC,2017-01-16T22:46:00,2017-01-16T22:46:00,27,27
http://irail.be/vehicle/IC722,NO-URI,IC,2017-01-16T22:50:00,2017-01-16T22:50:00,27,27
http://irail.be/vehicle/IC722,http://irail.be/stations/NMBS/008894821,IC,2017-01-16T22:50:00,2017-01-16T22:50:00,49,49
http://irail.be/vehicle/IC722,http://irail.be/stations/NMBS/008894755,IC,2017-01-16T22:52:00,2017-01-16T22:52:00,30,30
http://irail.be/vehicle/IC722,http://irail.be/stations/NMBS/008894748,IC,2017-01-16T22:53:00,2017-01-16T22:53:00,0,0
http://irail.be/vehicle/IC722,http://irail.be/stations/NMBS/008894714,IC,2017-01-16T22:56:00,2017-01-16T22:56:00,-24,-24
http://irail.be/vehicle/IC722,NO-URI,IC,2017-01-16T22:57:00,2017-01-16T22:57:00,-36,-36
http://irail.be/vehicle/IC722,http://irail.be/stations/NMBS/008894508,IC,2017-01-16T23:00:00,2017-01-16T22:59:00,51,-78
http://irail.be/vehicle/IC722,http://irail.be/stations/NMBS/008894433,IC,2017-01-16T23:03:00,2017-01-16T23:03:00,51,51
http://irail.be/vehicle/IC722,http://irail.be/stations/NMBS/008894425,IC,2017-01-16T23:04:00,2017-01-16T23:04:00,-4,-4
http://irail.be/vehicle/IC722,NO-URI,IC,2017-01-16T23:06:00,2017-01-16T23:06:00,-11,-11
http://irail.be/vehicle/IC722,http://irail.be/stations/NMBS/008894201,IC,2017-01-16T23:09:00,2017-01-16T23:08:00,-2,-24
http://irail.be/vehicle/IC722,http://irail.be/stations/NMBS/008894151,IC,2017-01-16T23:15:00,2017-01-16T23:15:00,6,-2
http://irail.be/vehicle/IC722,http://irail.be/stations/NMBS/008893120,IC,2017-01-16T23:24:00,2017-01-16T23:23:00,112,25
http://irail.be/vehicle/IC722,http://irail.be/stations/NMBS/008893179,IC,2017-01-16T23:26:00,2017-01-16T23:26:00,112,112
http://irail.be/vehicle/IC722,NO-URI,IC,2017-01-16T23:27:00,2017-01-16T23:27:00,77,77
http://irail.be/vehicle/IC722,http://irail.be/stations/NMBS/008892007,IC,2017-01-16T23:36:00,2017-01-16T23:33:00,19,77
http://irail.be/vehicle/IC722,http://irail.be/stations/NMBS/008892080,IC,2017-01-16T23:43:00,2017-01-16T23:42:00,-20,0
http://irail.be/vehicle/IC722,NO-URI,IC,2017-01-16T23:48:00,2017-01-16T23:48:00,-79,-79
http://irail.be/vehicle/IC722,http://irail.be/stations/NMBS/008892106,IC,2017-01-16T23:50:00,2017-01-16T23:49:00,19,-74
http://irail.be/vehicle/IC722,http://irail.be/stations/NMBS/008896149,IC,2017-01-16T23:58:00,2017-01-16T23:57:00,39,46
http://irail.be/vehicle/IC722,http://irail.be/stations/NMBS/008896115,IC,2017-01-17T00:04:00,2017-01-17T00:04:00,-8,-8
http://irail.be/vehicle/IC722,http://irail.be/stations/NMBS/008896008,IC,2017-01-17T00:10:00,2017-01-17T00:10:00,,-82
http://irail.be/vehicle/IC722,http://irail.be/stations/NMBS/008821006,IC,2017-02-22T22:37:00,2017-02-22T22:37:00,3,
http://irail.be/vehicle/IC722,http://irail.be/stations/NMBS/008821121,IC,2017-02-22T22:43:00,2017-02-22T22:41:00,22,22
http://irail.be/vehicle/IC722,http://irail.be/stations/NMBS/008821196,IC,2017-02-22T22:46:00,2017-02-22T22:46:00,-22,-22
http://irail.be/vehicle/IC722,NO-URI,IC,2017-02-22T22:50:00,2017-02-22T22:50:00,-22,-22
http://irail.be/vehicle/IC722,http://irail.be/stations/NMBS/008894821,IC,2017-02-22T22:50:00,2017-02-22T22:50:00,1,1
http://irail.be/vehicle/IC722,http://irail.be/stations/NMBS/008894755,IC,2017-02-22T22:52:00,2017-02-22T22:52:00,-17,-17
http://irail.be/vehicle/IC722,http://irail.be/stations/NMBS/008894748,IC,2017-02-22T22:53:00,2017-02-22T22:53:00,-49,-49
http://irail.be/vehicle/IC722,http://irail.be/stations/NMBS/008894714,IC,2017-02-22T22:56:00,2017-02-22T22:56:00,-69,-69
http://irail.be/vehicle/IC722,NO-URI,IC,2017-02-22T22:57:00,2017-02-22T22:57:00,-78,-78
http://irail.be/vehicle/IC722,http://irail.be/stations/NMBS/008894508,IC,2017-02-22T23:00:00,2017-02-22T22:59:00,47,-110
http://irail.be/vehicle/IC722,http://irail.be/stations/NMBS/008894433,IC,2017-02-22T23:03:00,2017-02-22T23:03:00,47,47
http://irail.be/vehicle/IC722,http://irail.be/stations/NMBS/008894425,IC,2017-02-22T23:04:00,2017-02-22T23:04:00,2,2
http://irail.be/vehicle/IC722,NO-URI,IC,2017-02-22T23:06:00,2017-02-22T23:06:00,0,0
http://irail.be/vehicle/IC722,http://irail.be/stations/NMBS/008894201,IC,2017-02-22T23:09:00,2017-02-22T23:08:00,19,-6
http://irail.be/vehicle/IC722,http://irail.be/stations/NMBS/008894151,IC,2017-02-22T23:15:00,2017-02-22T23:15:00,19,19
http://irail.be/vehicle/IC722,http://irail.be/stations/NMBS/008893120,IC,2017-02-22T23:24:00,2017-02-22T23:23:00,80,-25
http://irail.be/vehicle/IC722,http://irail.be/stations/NMBS/008893179,IC,2017-02-22T23:26:00,2017-02-22T23:26:00,80,80
http://irail.be/vehicle/IC722,NO-URI,IC,2017-02-22T23:27:00,2017-02-22T23:27:00,19,19
http://irail.be/vehicle/IC722,http://irail.be/stations/NMBS/008892007,IC,2017-02-22T23:36:00,2017-02-22T23:33:00,1183,30
http://irail.be/vehicle/IC722,http://irail.be/stations/NMBS/008892080,IC,2017-02-22T23:43:00,2017-02-22T23:42:00,1142,1187
http://irail.be/vehicle/IC722,NO-URI,IC,2017-02-22T23:48:00,2017-02-22T23:48:00,1083,1083
http://irail.be/vehicle/IC722,http://irail.be/stations/NMBS/008892106,IC,2017-02-22T23:50:00,2017-02-22T23:49:00,1098,1089
http://irail.be/vehicle/IC722,http://irail.be/stations/NMBS/008896149,IC,2017-02-22T23:58:00,2017-02-22T23:57:00,1023,1035
http://irail.be/vehicle/IC722,http://irail.be/stations/NMBS/008896115,IC,2017-02-23T00:04:00,2017-02-23T00:04:00,1023,1023
http://irail.be/vehicle/IC722,http://irail.be/stations/NMBS/008896008,IC,2017-02-23T00:10:00,2017-02-23T00:10:00,,886
http://irail.be/vehicle/IC722,http://irail.be/stations/NMBS/008821006,IC,2017-08-16T22:37:00,2017-08-16T22:37:00,53,
http://irail.be/vehicle/IC722,http://irail.be/stations/NMBS/008821121,IC,2017-08-16T22:43:00,2017-08-16T22:41:00,9,9
http://irail.be/vehicle/IC722,http://irail.be/stations/NMBS/008821196,IC,2017-08-16T22:46:00,2017-08-16T22:46:00,-31,-31
http://irail.be/vehicle/IC722,NO-URI,IC,2017-08-16T22:50:00,2017-08-16T22:50:00,-31,-31
http://irail.be/vehicle/IC722,http://irail.be/stations/NMBS/008894821,IC,2017-08-16T22:50:00,2017-08-16T22:50:00,-5,-5
http://irail.be/vehicle/IC722,http://irail.be/stations/NMBS/008894755,IC,2017-08-16T22:52:00,2017-08-16T22:52:00,-24,-24
http://irail.be/vehicle/IC722,http://irail.be/stations/NMBS/008894748,IC,2017-08-16T22:53:00,2017-08-16T22:53:00,-53,-53
http://irail.be/vehicle/IC722,http://irail.be/stations/NMBS/008894714,IC,2017-08-16T22:56:00,2017-08-16T22:56:00,-72,-72
http://irail.be/vehicle/IC722,NO-URI,IC,2017-08-16T22:57:00,2017-08-16T22:57:00,-82,-82
http://irail.be/vehicle/IC722,http://irail.be/stations/NMBS/008894508,IC,2017-08-16T23:00:00,2017-08-16T22:59:00,95,-120
http://irail.be/vehicle/IC722,http://irail.be/stations/NMBS/008894433,IC,2017-08-16T23:03:00,2017-08-16T23:03:00,95,95
http://irail.be/vehicle/IC722,http://irail.be/stations/NMBS/008894425,IC,2017-08-16T23:04:00,2017-08-16T23:04:00,55,55
http://irail.be/vehicle/IC722,NO-URI,IC,2017-08-16T23:06:00,2017-08-16T23:06:00,50,50
http://irail.be/vehicle/IC722,http://irail.be/stations/NMBS/008894201,IC,2017-08-16T23:09:00,2017-08-16T23:08:00,50,41
http://irail.be/vehicle/IC722,http://irail.be/stations/NMBS/008894151,IC,2017-08-16T23:15:00,2017-08-16T23:15:00,50,50
http://irail.be/vehicle/IC722,http://irail.be/stations/NMBS/008893120,IC,2017-08-16T23:24:00,2017-08-16T23:23:00,154,-15
http://irail.be/vehicle/IC722,http://irail.be/stations/NMBS/008893179,IC,2017-08-16T23:26:00,2017-08-16T23:26:00,154,154
http://irail.be/vehicle/IC722,NO-URI,IC,2017-08-16T23:27:00,2017-08-16T23:27:00,108,108
http://irail.be/vehicle/IC722,http://irail.be/stations/NMBS/008892007,IC,2017-08-16T23:36:00,2017-08-16T23:33:00,104,88
http://irail.be/vehicle/IC722,http://irail.be/stations/NMBS/008892080,IC,2017-08-16T23:43:00,2017-08-16T23:42:00,33,87
http://irail.be/vehicle/IC722,NO-URI,IC,2017-08-16T23:48:00,2017-08-16T23:48:00,-24,-24
http://irail.be/vehicle/IC722,http://irail.be/stations/NMBS/008892106,IC,2017-08-16T23:50:00,2017-08-16T23:49:00,0,-21
http://irail.be/vehicle/IC722,http://irail.be/stations/NMBS/008896149,IC,2017-08-16T23:58:00,2017-08-16T23:57:00,-3,-63
http://irail.be/vehicle/IC722,http://irail.be/stations/NMBS/008896115,IC,2017-08-17T00:04:00,2017-08-17T00:04:00,-46,-46
http://irail.be/vehicle/IC722,http://irail.be/stations/NMBS/008896008,IC,2017-08-17T00:10:00,2017-08-17T00:10:00,,-103
http://irail.be/vehicle/IC722,http://irail.be/stations/NMBS/008821006,IC,2017-03-19T22:37:00,2017-03-19T22:37:00,330,
http://irail.be/vehicle/IC722,http://irail.be/stations/NMBS/008821121,IC,2017-03-19T22:43:00,2017-03-19T22:41:00,252,252
http://irail.be/vehicle/IC722,http://irail.be/stations/NMBS/008821196,IC,2017-03-19T22:46:00,2017-03-19T22:46:00,200,200
http://irail.be/vehicle/IC722,NO-URI,IC,2017-03-19T22:50:00,2017-03-19T22:50:00,200,200
http://irail.be/vehicle/IC722,http://irail.be/stations/NMBS/008894821,IC,2017-03-19T22:50:00,2017-03-19T22:50:00,225,225
http://irail.be/vehicle/IC722,http://irail.be/stations/NMBS/008894755,IC,2017-03-19T22:52:00,2017-03-19T22:52:00,206,206
http://irail.be/vehicle/IC722,http://irail.be/stations/NMBS/008894748,IC,2017-03-19T22:53:00,2017-03-19T22:53:00,207,207
http://irail.be/vehicle/IC722,http://irail.be/stations/NMBS/008894714,IC,2017-03-19T22:55:00,2017-03-19T22:55:00,210,210
http://irail.be/vehicle/IC722,NO-URI,IC,2017-03-19T22:57:00,2017-03-19T22:57:00,168,168
http://irail.be/vehicle/IC722,http://irail.be/stations/NMBS/008894508,IC,2017-03-19T23:01:00,2017-03-19T22:59:00,161,103
http://irail.be/vehicle/IC722,http://irail.be/stations/NMBS/008894433,IC,2017-03-19T23:04:00,2017-03-19T23:04:00,161,161
http://irail.be/vehicle/IC722,http://irail.be/stations/NMBS/008894425,IC,2017-03-19T23:04:00,2017-03-19T23:04:00,159,159
http://irail.be/vehicle/IC722,NO-URI,IC,2017-03-19T23:07:00,2017-03-19T23:07:00,118,118
http://irail.be/vehicle/IC722,http://irail.be/stations/NMBS/008894201,IC,2017-03-19T23:11:00,2017-03-19T23:09:00,105,101
http://irail.be/vehicle/IC722,http://irail.be/stations/NMBS/008894151,IC,2017-03-19T23:16:00,2017-03-19T23:16:00,105,105
http://irail.be/vehicle/IC722,http://irail.be/stations/NMBS/008893120,IC,2017-03-19T23:24:00,2017-03-19T23:23:00,89,24
http://irail.be/vehicle/IC722,http://irail.be/stations/NMBS/008893179,IC,2017-03-19T23:26:00,2017-03-19T23:26:00,89,89
http://irail.be/vehicle/IC722,NO-URI,IC,2017-03-19T23:27:00,2017-03-19T23:27:00,29,29
http://irail.be/vehicle/IC722,http://irail.be/stations/NMBS/008892007,IC,2017-03-19T23:33:00,2017-03-19T23:33:00,,-2
http://irail.be/vehicle/IC722,http://irail.be/stations/NMBS/008821006,IC,2017-03-10T22:37:00,2017-03-10T22:37:00,-3,
http://irail.be/vehicle/IC722,http://irail.be/stations/NMBS/008821121,IC,2017-03-10T22:43:00,2017-03-10T22:41:00,30,30
http://irail.be/vehicle/IC722,http://irail.be/stations/NMBS/008821196,IC,2017-03-10T22:46:00,2017-03-10T22:46:00,-12,-12
http://irail.be/vehicle/IC722,NO-URI,IC,2017-03-10T22:50:00,2017-03-10T22:50:00,-12,-12
http://irail.be/vehicle/IC722,http://irail.be/stations/NMBS/008894821,IC,2017-03-10T22:50:00,2017-03-10T22:50:00,12,12
http://irail.be/vehicle/IC722,http://irail.be/stations/NMBS/008894755,IC,2017-03-10T22:52:00,2017-03-10T22:52:00,-4,-4
http://irail.be/vehicle/IC722,http://irail.be/stations/NMBS/008894748,IC,2017-03-10T22:53:00,2017-03-10T22:53:00,-33,-33
http://irail.be/vehicle/IC722,http://irail.be/stations/NMBS/008894714,IC,2017-03-10T22:56:00,2017-03-10T22:56:00,-54,-54
http://irail.be/vehicle/IC722,NO-URI,IC,2017-03-10T22:57:00,2017-03-10T22:57:00,-67,-67
http://irail.be/vehicle/IC722,http://irail.be/stations/NMBS/008894508,IC,2017-03-10T23:00:00,2017-03-10T22:59:00,65,-101
http://irail.be/vehicle/IC722,http://irail.be/stations/NMBS/008894433,IC,2017-03-10T23:03:00,2017-03-10T23:03:00,65,65
http://irail.be/vehicle/IC722,http://irail.be/stations/NMBS/008894425,IC,2017-03-10T23:04:00,2017-03-10T23:04:00,32,32
http://irail.be/vehicle/IC722,NO-URI,IC,2017-03-10T23:06:00,2017-03-10T23:06:00,27,27
http://irail.be/vehicle/IC722,http://irail.be/stations/NMBS/008894201,IC,2017-03-10T23:09:00,2017-03-10T23:08:00,169,82
http://irail.be/vehicle/IC722,http://irail.be/stations/NMBS/008894151,IC,2017-03-10T23:15:00,2017-03-10T23:15:00,181,169
http://irail.be/vehicle/IC722,http://irail.be/stations/NMBS/008893120,IC,2017-03-10T23:24:00,2017-03-10T23:23:00,210,141
http://irail.be/vehicle/IC722,http://irail.be/stations/NMBS/008893179,IC,2017-03-10T23:26:00,2017-03-10T23:26:00,210,210
http://irail.be/vehicle/IC722,NO-URI,IC,2017-03-10T23:27:00,2017-03-10T23:27:00,211,211
http://irail.be/vehicle/IC722,http://irail.be/stations/NMBS/008892007,IC,2017-03-10T23:36:00,2017-03-10T23:33:00,194,242
http://irail.be/vehicle/IC722,http://irail.be/stations/NMBS/008892080,IC,2017-03-10T23:43:00,2017-03-10T23:42:00,167,194
http://irail.be/vehicle/IC722,NO-URI,IC,2017-03-10T23:48:00,2017-03-10T23:48:00,120,120
http://irail.be/vehicle/IC722,http://irail.be/stations/NMBS/008892106,IC,2017-03-10T23:50:00,2017-03-10T23:49:00,163,125
http://irail.be/vehicle/IC722,http://irail.be/stations/NMBS/008896149,IC,2017-03-10T23:58:00,2017-03-10T23:57:00,117,112
http://irail.be/vehicle/IC722,http://irail.be/stations/NMBS/008896115,IC,2017-03-11T00:04:00,2017-03-11T00:04:00,117,117
http://irail.be/vehicle/IC722,http://irail.be/stations/NMBS/008896008,IC,2017-03-11T00:10:00,2017-03-11T00:10:00,,11
http://irail.be/vehicle/IC722,http://irail.be/stations/NMBS/008821006,IC,2017-02-04T22:37:00,2017-02-04T22:37:00,345,
http://irail.be/vehicle/IC722,http://irail.be/stations/NMBS/008821121,IC,2017-02-04T22:43:00,2017-02-04T22:41:00,241,241
http://irail.be/vehicle/IC722,http://irail.be/stations/NMBS/008821196,IC,2017-02-04T22:46:00,2017-02-04T22:46:00,234,234
http://irail.be/vehicle/IC722,NO-URI,IC,2017-02-04T22:50:00,2017-02-04T22:50:00,234,234
http://irail.be/vehicle/IC722,http://irail.be/stations/NMBS/008894821,IC,2017-02-04T22:50:00,2017-02-04T22:50:00,258,258
http://irail.be/vehicle/IC722,http://irail.be/stations/NMBS/008894755,IC,2017-02-04T22:52:00,2017-02-04T22:52:00,237,237
http://irail.be/vehicle/IC722,http://irail.be/stations/NMBS/008894748,IC,2017-02-04T22:53:00,2017-02-04T22:53:00,207,207
http://irail.be/vehicle/IC722,http://irail.be/stations/NMBS/008894714,IC,2017-02-04T22:56:00,2017-02-04T22:56:00,184,184
http://irail.be/vehicle/IC722,NO-URI,IC,2017-02-04T22:57:00,2017-02-04T22:57:00,174,174
http://irail.be/vehicle/IC722,http://irail.be/stations/NMBS/008894508,IC,2017-02-04T23:01:00,2017-02-04T22:59:00,131,141
http://irail.be/vehicle/IC722,http://irail.be/stations/NMBS/008894433,IC,2017-02-04T23:04:00,2017-02-04T23:04:00,131,131
http://irail.be/vehicle/IC722,http://irail.be/stations/NMBS/008894425,IC,2017-02-04T23:05:00,2017-02-04T23:05:00,86,86
http://irail.be/vehicle/IC722,NO-URI,IC,2017-02-04T23:07:00,2017-02-04T23:07:00,79,79
http://irail.be/vehicle/IC722,http://irail.be/stations/NMBS/008894201,IC,2017-02-04T23:11:00,2017-02-04T23:09:00,-20,63
http://irail.be/vehicle/IC722,http://irail.be/stations/NMBS/008894151,IC,2017-02-04T23:16:00,2017-02-04T23:16:00,-20,-20
http://irail.be/vehicle/IC722,http://irail.be/stations/NMBS/008893120,IC,2017-02-04T23:24:00,2017-02-04T23:23:00,24,-94
http://irail.be/vehicle/IC722,http://irail.be/stations/NMBS/008893179,IC,2017-02-04T23:26:00,2017-02-04T23:26:00,24,24
http://irail.be/vehicle/IC722,NO-URI,IC,2017-02-04T23:27:00,2017-02-04T23:27:00,-18,-18
http://irail.be/vehicle/IC722,http://irail.be/stations/NMBS/008892007,IC,2017-02-04T23:36:00,2017-02-04T23:33:00,81,-7
http://irail.be/vehicle/IC722,http://irail.be/stations/NMBS/008892080,IC,2017-02-04T23:43:00,2017-02-04T23:42:00,131,169
http://irail.be/vehicle/IC722,NO-URI,IC,2017-02-04T23:47:00,2017-02-04T23:47:00,110,110
http://irail.be/vehicle/IC722,http://irail.be/stations/NMBS/008892106,IC,2017-02-04T23:50:00,2017-02-04T23:49:00,64,103
http://irail.be/vehicle/IC722,http://irail.be/stations/NMBS/008896149,IC,2017-02-04T23:58:00,2017-02-04T23:57:00,11,0
http://irail.be/vehicle/IC722,http://irail.be/stations/NMBS/008896115,IC,2017-02-05T00:04:00,2017-02-05T00:04:00,-66,-66
http://irail.be/vehicle/IC722,http://irail.be/stations/NMBS/008896008,IC,2017-02-05T00:10:00,2017-02-05T00:10:00,,-116
http://irail.be/vehicle/IC722,http://irail.be/stations/NMBS/008821121,IC,2017-10-25T22:43:00,2017-10-25T22:43:00,4269,
http://irail.be/vehicle/IC722,http://irail.be/stations/NMBS/008821196,IC,2017-10-25T22:46:00,2017-10-25T22:46:00,4325,4325
http://irail.be/vehicle/IC722,NO-URI,IC,2017-10-25T22:50:00,2017-10-25T22:50:00,4325,4325
http://irail.be/vehicle/IC722,http://irail.be/stations/NMBS/008894821,IC,2017-10-25T22:50:00,2017-10-25T22:50:00,4351,4351
http://irail.be/vehicle/IC722,http://irail.be/stations/NMBS/008894755,IC,2017-10-25T22:52:00,2017-10-25T22:52:00,4331,4331
http://irail.be/vehicle/IC722,http://irail.be/stations/NMBS/008894748,IC,2017-10-25T22:53:00,2017-10-25T22:53:00,4300,4300
http://irail.be/vehicle/IC722,http://irail.be/stations/NMBS/008894714,IC,2017-10-25T22:56:00,2017-10-25T22:56:00,4277,4277
http://irail.be/vehicle/IC722,NO-URI,IC,2017-10-25T22:57:00,2017-10-25T22:57:00,4264,4264
http://irail.be/vehicle/IC722,http://irail.be/stations/NMBS/008894508,IC,2017-10-25T23:00:00,2017-10-25T22:59:00,4305,4227
http://irail.be/vehicle/IC722,http://irail.be/stations/NMBS/008894433,IC,2017-10-25T23:03:00,2017-10-25T23:03:00,4305,4305
http://irail.be/vehicle/IC722,http://irail.be/stations/NMBS/008894425,IC,2017-10-25T23:04:00,2017-10-25T23:04:00,4267,4267
http://irail.be/vehicle/IC722,NO-URI,IC,2017-10-25T23:06:00,2017-10-25T23:06:00,4261,4261
http://irail.be/vehicle/IC722,http://irail.be/stations/NMBS/008894201,IC,2017-10-25T23:09:00,2017-10-25T23:08:00,4662,4272
http://irail.be/vehicle/IC722,http://irail.be/stations/NMBS/008894235,IC,2017-10-25T23:15:00,2017-10-25T23:13:37,4312,4312
http://irail.be/vehicle/IC722,http://irail.be/stations/NMBS/008893401,IC,2017-10-25T23:20:00,2017-10-25T23:20:31,4246,4246
http://irail.be/vehicle/IC722,http://irail.be/stations/NMBS/008893518,IC,2017-10-25T23:21:55,2017-10-25T23:22:47,4343,4343
http://irail.be/vehicle/IC722,http://irail.be/stations/NMBS/008893526,IC,2017-10-25T23:23:48,2017-10-25T23:23:48,4395,4395
http://irail.be/vehicle/IC722,http://irail.be/stations/NMBS/008893534,IC,2017-10-25T23:25:16,2017-10-25T23:25:16,4399,4399
http://irail.be/vehicle/IC722,http://irail.be/stations/NMBS/008893542,IC,2017-10-25T23:27:01,2017-10-25T23:27:01,4401,4401
http://irail.be/vehicle/IC722,http://irail.be/stations/NMBS/008893559,IC,2017-10-25T23:28:26,2017-10-25T23:28:26,4547,4547
http://irail.be/vehicle/IC722,http://irail.be/stations/NMBS/008893567,IC,2017-10-25T23:30:26,2017-10-25T23:30:26,4547,4547
http://irail.be/vehicle/IC722,http://irail.be/stations/NMBS/008893039,IC,2017-10-25T23:31:41,2017-10-25T23:31:41,4561,4561
http://irail.be/vehicle/IC722,http://irail.be/stations/NMBS/008893013,IC,2017-10-25T23:33:11,2017-10-25T23:33:23,4569,4569
http://irail.be/vehicle/IC722,http://irail.be/stations/NMBS/008892007,IC,2017-10-25T23:36:00,2017-10-25T23:33:00,4860,4899
http://irail.be/vehicle/IC722,http://irail.be/stations/NMBS/008892080,IC,2017-10-25T23:43:00,2017-10-25T23:42:00,4821,4864
http://irail.be/vehicle/IC722,NO-URI,IC,2017-10-25T23:48:00,2017-10-25T23:48:00,4763,4763
http://irail.be/vehicle/IC722,http://irail.be/stations/NMBS/008892106,IC,2017-10-25T23:50:00,2017-10-25T23:49:00,4790,4770
http://irail.be/vehicle/IC722,http://irail.be/stations/NMBS/008896149,IC,2017-10-25T23:58:00,2017-10-25T23:57:00,4716,4727
http://irail.be/vehicle/IC722,http://irail.be/stations/NMBS/008896115,IC,2017-10-26T00:04:00,2017-10-26T00:04:00,4660,4660
http://irail.be/vehicle/IC722,http://irail.be/stations/NMBS/008896008,IC,2017-10-26T00:10:00,2017-10-26T00:10:00,,4565
http://irail.be/vehicle/IC722,http://irail.be/stations/NMBS/008821006,IC,2017-10-06T22:37:00,2017-10-06T22:37:00,32,
http://irail.be/vehicle/IC722,http://irail.be/stations/NMBS/008821121,IC,2017-10-06T22:43:00,2017-10-06T22:41:00,22,22
http://irail.be/vehicle/IC722,http://irail.be/stations/NMBS/008821196,IC,2017-10-06T22:46:00,2017-10-06T22:46:00,-28,-28
http://irail.be/vehicle/IC722,NO-URI,IC,2017-10-06T22:50:00,2017-10-06T22:50:00,-28,-28
http://irail.be/vehicle/IC722,http://irail.be/stations/NMBS/008894821,IC,2017-10-06T22:50:00,2017-10-06T22:50:00,-3,-3
http://irail.be/vehicle/IC722,http://irail.be/stations/NMBS/008894755,IC,2017-10-06T22:52:00,2017-10-06T22:52:00,-21,-21
http://irail.be/vehicle/IC722,http://irail.be/stations/NMBS/008894748,IC,2017-10-06T22:53:00,2017-10-06T22:53:00,-51,-51
http://irail.be/vehicle/IC722,http://irail.be/stations/NMBS/008894714,IC,2017-10-06T22:56:00,2017-10-06T22:56:00,-76,-76
http://irail.be/vehicle/IC722,NO-URI,IC,2017-10-06T22:57:00,2017-10-06T22:57:00,-88,-88
http://irail.be/vehicle/IC722,http://irail.be/stations/NMBS/008894508,IC,2017-10-06T23:00:00,2017-10-06T22:59:00,55,-127
http://irail.be/vehicle/IC722,http://irail.be/stations/NMBS/008894433,IC,2017-10-06T23:03:00,2017-10-06T23:03:00,55,55
http://irail.be/vehicle/IC722,http://irail.be/stations/NMBS/008894425,IC,2017-10-06T23:04:00,2017-10-06T23:04:00,21,21
http://irail.be/vehicle/IC722,NO-URI,IC,2017-10-06T23:06:00,2017-10-06T23:06:00,12,12
http://irail.be/vehicle/IC722,http://irail.be/stations/NMBS/008894201,IC,2017-10-06T23:09:00,2017-10-06T23:08:00,8,4
http://irail.be/vehicle/IC722,http://irail.be/stations/NMBS/008894151,IC,2017-10-06T23:15:00,2017-10-06T23:15:00,29,8
http://irail.be/vehicle/IC722,http://irail.be/stations/NMBS/008893120,IC,2017-10-06T23:24:00,2017-10-06T23:23:00,52,-9
http://irail.be/vehicle/IC722,http://irail.be/stations/NMBS/008893179,IC,2017-10-06T23:26:00,2017-10-06T23:26:00,52,52
http://irail.be/vehicle/IC722,NO-URI,IC,2017-10-06T23:27:00,2017-10-06T23:27:00,-10,-10
http://irail.be/vehicle/IC722,http://irail.be/stations/NMBS/008892007,IC,2017-10-06T23:36:00,2017-10-06T23:33:00,17,-40
http://irail.be/vehicle/IC722,http://irail.be/stations/NMBS/008892080,IC,2017-10-06T23:43:00,2017-10-06T23:42:00,31,18
http://irail.be/vehicle/IC722,NO-URI,IC,2017-10-06T23:48:00,2017-10-06T23:48:00,-17,-17
http://irail.be/vehicle/IC722,http://irail.be/stations/NMBS/008892106,IC,2017-10-06T23:50:00,2017-10-06T23:49:00,42,-15
http://irail.be/vehicle/IC722,http://irail.be/stations/NMBS/008896149,IC,2017-10-06T23:58:00,2017-10-06T23:57:00,11,-14
http://irail.be/vehicle/IC722,http://irail.be/stations/NMBS/008896115,IC,2017-10-07T00:04:00,2017-10-07T00:04:00,-33,-33
http://irail.be/vehicle/IC722,http://irail.be/stations/NMBS/008896008,IC,2017-10-07T00:10:00,2017-10-07T00:10:00,,-67
http://irail.be/vehicle/IC722,http://irail.be/stations/NMBS/008821006,IC,2017-05-02T22:37:00,2017-05-02T22:37:00,58,
http://irail.be/vehicle/IC722,http://irail.be/stations/NMBS/008821121,IC,2017-05-02T22:43:00,2017-05-02T22:41:00,-2,-2
http://irail.be/vehicle/IC722,http://irail.be/stations/NMBS/008821196,IC,2017-05-02T22:46:00,2017-05-02T22:46:00,-27,-27
http://irail.be/vehicle/IC722,NO-URI,IC,2017-05-02T22:50:00,2017-05-02T22:50:00,-27,-27
http://irail.be/vehicle/IC722,http://irail.be/stations/NMBS/008894821,IC,2017-05-02T22:50:00,2017-05-02T22:50:00,-1,-1
http://irail.be/vehicle/IC722,http://irail.be/stations/NMBS/008894755,IC,2017-05-02T22:52:00,2017-05-02T22:52:00,-14,-14
http://irail.be/vehicle/IC722,http://irail.be/stations/NMBS/008894748,IC,2017-05-02T22:53:00,2017-05-02T22:53:00,-45,-45
http://irail.be/vehicle/IC722,http://irail.be/stations/NMBS/008894714,IC,2017-05-02T22:56:00,2017-05-02T22:56:00,-65,-65
http://irail.be/vehicle/IC722,NO-URI,IC,2017-05-02T22:57:00,2017-05-02T22:57:00,-75,-75
http://irail.be/vehicle/IC722,http://irail.be/stations/NMBS/008894508,IC,2017-05-02T23:00:00,2017-05-02T22:59:00,47,-109
http://irail.be/vehicle/IC722,http://irail.be/stations/NMBS/008894433,IC,2017-05-02T23:03:00,2017-05-02T23:03:00,47,47
http://irail.be/vehicle/IC722,http://irail.be/stations/NMBS/008894425,IC,2017-05-02T23:04:00,2017-05-02T23:04:00,5,5
http://irail.be/vehicle/IC722,NO-URI,IC,2017-05-02T23:06:00,2017-05-02T23:06:00,1,1
http://irail.be/vehicle/IC722,http://irail.be/stations/NMBS/008894201,IC,2017-05-02T23:09:00,2017-05-02T23:08:00,-7,-4
http://irail.be/vehicle/IC722,http://irail.be/stations/NMBS/008894151,IC,2017-05-02T23:15:00,2017-05-02T23:15:00,12,-7
http://irail.be/vehicle/IC722,http://irail.be/stations/NMBS/008893120,IC,2017-05-02T23:24:00,2017-05-02T23:23:00,60,-29
http://irail.be/vehicle/IC722,http://irail.be/stations/NMBS/008893179,IC,2017-05-02T23:26:00,2017-05-02T23:26:00,60,60
http://irail.be/vehicle/IC722,NO-URI,IC,2017-05-02T23:27:00,2017-05-02T23:27:00,18,18
http://irail.be/vehicle/IC722,http://irail.be/stations/NMBS/008892007,IC,2017-05-02T23:36:00,2017-05-02T23:33:00,11,15
http://irail.be/vehicle/IC722,http://irail.be/stations/NMBS/008892080,IC,2017-05-02T23:43:00,2017-05-02T23:42:00,-30,5
http://irail.be/vehicle/IC722,NO-URI,IC,2017-05-02T23:48:00,2017-05-02T23:48:00,-89,-89
http://irail.be/vehicle/IC722,http://irail.be/stations/NMBS/008892106,IC,2017-05-02T23:50:00,2017-05-02T23:49:00,26,-79
http://irail.be/vehicle/IC722,http://irail.be/stations/NMBS/008896149,IC,2017-05-02T23:58:00,2017-05-02T23:57:00,-41,-33
http://irail.be/vehicle/IC722,http://irail.be/stations/NMBS/008896115,IC,2017-05-03T00:04:00,2017-05-03T00:04:00,-41,-41
http://irail.be/vehicle/IC722,http://irail.be/stations/NMBS/008896008,IC,2017-05-03T00:10:00,2017-05-03T00:10:00,,-150
http://irail.be/vehicle/IC722,http://irail.be/stations/NMBS/008821006,IC,2017-10-15T22:37:00,2017-10-15T22:37:00,23,
http://irail.be/vehicle/IC722,http://irail.be/stations/NMBS/008821121,IC,2017-10-15T22:43:00,2017-10-15T22:41:00,23,23
http://irail.be/vehicle/IC722,http://irail.be/stations/NMBS/008821196,IC,2017-10-15T22:46:00,2017-10-15T22:46:00,-17,-17
http://irail.be/vehicle/IC722,NO-URI,IC,2017-10-15T22:50:00,2017-10-15T22:50:00,-17,-17
http://irail.be/vehicle/IC722,http://irail.be/stations/NMBS/008894821,IC,2017-10-15T22:50:00,2017-10-15T22:50:00,8,8
http://irail.be/vehicle/IC722,http://irail.be/stations/NMBS/008894755,IC,2017-10-15T22:52:00,2017-10-15T22:52:00,-11,-11
http://irail.be/vehicle/IC722,http://irail.be/stations/NMBS/008894748,IC,2017-10-15T22:53:00,2017-10-15T22:53:00,-41,-41
http://irail.be/vehicle/IC722,http://irail.be/stations/NMBS/008894714,IC,2017-10-15T22:56:00,2017-10-15T22:56:00,-64,-64
http://irail.be/vehicle/IC722,NO-URI,IC,2017-10-15T22:57:00,2017-10-15T22:57:00,-75,-75
http://irail.be/vehicle/IC722,http://irail.be/stations/NMBS/008894508,IC,2017-10-15T23:01:00,2017-10-15T22:59:00,45,-119
http://irail.be/vehicle/IC722,http://irail.be/stations/NMBS/008894433,IC,2017-10-15T23:04:00,2017-10-15T23:04:00,45,45
http://irail.be/vehicle/IC722,http://irail.be/stations/NMBS/008894425,IC,2017-10-15T23:05:00,2017-10-15T23:05:00,3,3
http://irail.be/vehicle/IC722,NO-URI,IC,2017-10-15T23:07:00,2017-10-15T23:07:00,-3,-3
http://irail.be/vehicle/IC722,http://irail.be/stations/NMBS/008894201,IC,2017-10-15T23:11:00,2017-10-15T23:09:00,-3,-13
http://irail.be/vehicle/IC722,http://irail.be/stations/NMBS/008894151,IC,2017-10-15T23:16:00,2017-10-15T23:16:00,-3,-3
http://irail.be/vehicle/IC722,http://irail.be/stations/NMBS/008893120,IC,2017-10-15T23:24:00,2017-10-15T23:23:00,383,249
http://irail.be/vehicle/IC722,http://irail.be/stations/NMBS/008893179,IC,2017-10-15T23:26:00,2017-10-15T23:26:00,383,383
http://irail.be/vehicle/IC722,NO-URI,IC,2017-10-15T23:27:00,2017-10-15T23:27:00,356,356
http://irail.be/vehicle/IC722,http://irail.be/stations/NMBS/008892007,IC,2017-10-15T23:36:00,2017-10-15T23:33:00,250,324
http://irail.be/vehicle/IC722,http://irail.be/stations/NMBS/008892080,IC,2017-10-15T23:43:00,2017-10-15T23:42:00,257,273
http://irail.be/vehicle/IC722,NO-URI,IC,2017-10-15T23:47:00,2017-10-15T23:47:00,236,236
http://irail.be/vehicle/IC722,http://irail.be/stations/NMBS/008892106,IC,2017-10-15T23:50:00,2017-10-15T23:49:00,189,232
http://irail.be/vehicle/IC722,http://irail.be/stations/NMBS/008896149,IC,2017-10-15T23:58:00,2017-10-15T23:57:00,118,129
http://irail.be/vehicle/IC722,http://irail.be/stations/NMBS/008896115,IC,2017-10-16T00:04:00,2017-10-16T00:04:00,73,73
http://irail.be/vehicle/IC722,http://irail.be/stations/NMBS/008896008,IC,2017-10-16T00:10:00,2017-10-16T00:10:00,,-18
http://irail.be/vehicle/IC722,http://irail.be/stations/NMBS/008821006,IC,2017-03-29T22:37:00,2017-03-29T22:37:00,150,
http://irail.be/vehicle/IC722,http://irail.be/stations/NMBS/008821121,IC,2017-03-29T22:43:00,2017-03-29T22:41:00,186,186
http://irail.be/vehicle/IC722,http://irail.be/stations/NMBS/008821196,IC,2017-03-29T22:46:00,2017-03-29T22:46:00,182,182
http://irail.be/vehicle/IC722,NO-URI,IC,2017-03-29T22:50:00,2017-03-29T22:50:00,182,182
http://irail.be/vehicle/IC722,http://irail.be/stations/NMBS/008894821,IC,2017-03-29T22:50:00,2017-03-29T22:50:00,206,206
http://irail.be/vehicle/IC722,http://irail.be/stations/NMBS/008894755,IC,2017-03-29T22:52:00,2017-03-29T22:52:00,185,185
http://irail.be/vehicle/IC722,http://irail.be/stations/NMBS/008894748,IC,2017-03-29T22:53:00,2017-03-29T22:53:00,155,155
http://irail.be/vehicle/IC722,http://irail.be/stations/NMBS/008894714,IC,2017-03-29T22:56:00,2017-03-29T22:56:00,133,133
http://irail.be/vehicle/IC722,NO-URI,IC,2017-03-29T22:57:00,2017-03-29T22:57:00,118,118
http://irail.be/vehicle/IC722,http://irail.be/stations/NMBS/008894508,IC,2017-03-29T23:00:00,2017-03-29T22:59:00,187,110
http://irail.be/vehicle/IC722,http://irail.be/stations/NMBS/008894433,IC,2017-03-29T23:03:00,2017-03-29T23:03:00,187,187
http://irail.be/vehicle/IC722,http://irail.be/stations/NMBS/008894425,IC,2017-03-29T23:04:00,2017-03-29T23:04:00,144,144
http://irail.be/vehicle/IC722,NO-URI,IC,2017-03-29T23:06:00,2017-03-29T23:06:00,135,135
http://irail.be/vehicle/IC722,http://irail.be/stations/NMBS/008894201,IC,2017-03-29T23:09:00,2017-03-29T23:08:00,122,119
http://irail.be/vehicle/IC722,http://irail.be/stations/NMBS/008894151,IC,2017-03-29T23:15:00,2017-03-29T23:15:00,124,122
http://irail.be/vehicle/IC722,http://irail.be/stations/NMBS/008893120,IC,2017-03-29T23:24:00,2017-03-29T23:23:00,230,134
http://irail.be/vehicle/IC722,http://irail.be/stations/NMBS/008893179,IC,2017-03-29T23:26:00,2017-03-29T23:26:00,230,230
http://irail.be/vehicle/IC722,NO-URI,IC,2017-03-29T23:27:00,2017-03-29T23:27:00,211,211
http://irail.be/vehicle/IC722,http://irail.be/stations/NMBS/008892007,IC,2017-03-29T23:36:00,2017-03-29T23:33:00,138,197
http://irail.be/vehicle/IC722,http://irail.be/stations/NMBS/008892080,IC,2017-03-29T23:43:00,2017-03-29T23:42:00,118,134
http://irail.be/vehicle/IC722,NO-URI,IC,2017-03-29T23:48:00,2017-03-29T23:48:00,64,64
http://irail.be/vehicle/IC722,http://irail.be/stations/NMBS/008892106,IC,2017-03-29T23:50:00,2017-03-29T23:49:00,114,72
http://irail.be/vehicle/IC722,http://irail.be/stations/NMBS/008896149,IC,2017-03-29T23:58:00,2017-03-29T23:57:00,70,51
http://irail.be/vehicle/IC722,http://irail.be/stations/NMBS/008896115,IC,2017-03-30T00:04:00,2017-03-30T00:04:00,70,70
http://irail.be/vehicle/IC722,http://irail.be/stations/NMBS/008896008,IC,2017-03-30T00:10:00,2017-03-30T00:10:00,,-39
http://irail.be/vehicle/IC722,http://irail.be/stations/NMBS/008821006,IC,2017-04-13T22:37:00,2017-04-13T22:37:00,23,
http://irail.be/vehicle/IC722,http://irail.be/stations/NMBS/008821121,IC,2017-04-13T22:43:00,2017-04-13T22:41:00,22,22
http://irail.be/vehicle/IC722,http://irail.be/stations/NMBS/008821196,IC,2017-04-13T22:46:00,2017-04-13T22:46:00,-24,-24
http://irail.be/vehicle/IC722,NO-URI,IC,2017-04-13T22:50:00,2017-04-13T22:50:00,-24,-24
http://irail.be/vehicle/IC722,http://irail.be/stations/NMBS/008894821,IC,2017-04-13T22:50:00,2017-04-13T22:50:00,2,2
http://irail.be/vehicle/IC722,http://irail.be/stations/NMBS/008894755,IC,2017-04-13T22:52:00,2017-04-13T22:52:00,-19,-19
http://irail.be/vehicle/IC722,http://irail.be/stations/NMBS/008894748,IC,2017-04-13T22:53:00,2017-04-13T22:53:00,-19,-19
http://irail.be/vehicle/IC722,http://irail.be/stations/NMBS/008894714,IC,2017-04-13T22:55:00,2017-04-13T22:55:00,-14,-14
http://irail.be/vehicle/IC722,NO-URI,IC,2017-04-13T22:57:00,2017-04-13T22:57:00,-55,-55
http://irail.be/vehicle/IC722,http://irail.be/stations/NMBS/008894508,IC,2017-04-13T23:00:00,2017-04-13T22:59:00,100,-125
http://irail.be/vehicle/IC722,http://irail.be/stations/NMBS/008894433,IC,2017-04-13T23:03:00,2017-04-13T23:03:00,100,100
http://irail.be/vehicle/IC722,http://irail.be/stations/NMBS/008894425,IC,2017-04-13T23:03:00,2017-04-13T23:03:00,101,101
http://irail.be/vehicle/IC722,NO-URI,IC,2017-04-13T23:06:00,2017-04-13T23:06:00,56,56
http://irail.be/vehicle/IC722,http://irail.be/stations/NMBS/008894201,IC,2017-04-13T23:09:00,2017-04-13T23:08:00,19,29
http://irail.be/vehicle/IC722,http://irail.be/stations/NMBS/008894151,IC,2017-04-13T23:15:00,2017-04-13T23:15:00,19,19
http://irail.be/vehicle/IC722,http://irail.be/stations/NMBS/008893120,IC,2017-04-13T23:24:00,2017-04-13T23:23:00,11,-66
http://irail.be/vehicle/IC722,http://irail.be/stations/NMBS/008893179,IC,2017-04-13T23:26:00,2017-04-13T23:26:00,11,11
http://irail.be/vehicle/IC722,NO-URI,IC,2017-04-13T23:27:00,2017-04-13T23:27:00,-62,-62
http://irail.be/vehicle/IC722,http://irail.be/stations/NMBS/008892007,IC,2017-04-13T23:36:00,2017-04-13T23:33:00,16,-75
http://irail.be/vehicle/IC722,http://irail.be/stations/NMBS/008892080,IC,2017-04-13T23:43:00,2017-04-13T23:42:00,-32,-12
http://irail.be/vehicle/IC722,NO-URI,IC,2017-04-13T23:48:00,2017-04-13T23:48:00,-90,-90
http://irail.be/vehicle/IC722,http://irail.be/stations/NMBS/008892106,IC,2017-04-13T23:50:00,2017-04-13T23:49:00,20,-89
http://irail.be/vehicle/IC722,http://irail.be/stations/NMBS/008896149,IC,2017-04-13T23:58:00,2017-04-13T23:57:00,-4,-46
http://irail.be/vehicle/IC722,http://irail.be/stations/NMBS/008896115,IC,2017-04-14T00:04:00,2017-04-14T00:04:00,37,-4
http://irail.be/vehicle/IC722,http://irail.be/stations/NMBS/008896008,IC,2017-04-14T00:10:00,2017-04-14T00:10:00,,-21
http://irail.be/vehicle/IC722,http://irail.be/stations/NMBS/008821006,IC,2017-06-25T22:37:00,2017-06-25T22:37:00,71,
http://irail.be/vehicle/IC722,http://irail.be/stations/NMBS/008821121,IC,2017-06-25T22:43:00,2017-06-25T22:41:00,19,19
http://irail.be/vehicle/IC722,http://irail.be/stations/NMBS/008821196,IC,2017-06-25T22:46:00,2017-06-25T22:46:00,0,0
http://irail.be/vehicle/IC722,NO-URI,IC,2017-06-25T22:50:00,2017-06-25T22:50:00,0,0
http://irail.be/vehicle/IC722,http://irail.be/stations/NMBS/008894821,IC,2017-06-25T22:50:00,2017-06-25T22:50:00,21,21
http://irail.be/vehicle/IC722,http://irail.be/stations/NMBS/008894755,IC,2017-06-25T22:52:00,2017-06-25T22:52:00,1,1
http://irail.be/vehicle/IC722,http://irail.be/stations/NMBS/008894748,IC,2017-06-25T22:53:00,2017-06-25T22:53:00,-28,-28
http://irail.be/vehicle/IC722,http://irail.be/stations/NMBS/008894714,IC,2017-06-25T22:56:00,2017-06-25T22:56:00,-45,-45
http://irail.be/vehicle/IC722,NO-URI,IC,2017-06-25T22:57:00,2017-06-25T22:57:00,-52,-52
http://irail.be/vehicle/IC722,http://irail.be/stations/NMBS/008894508,IC,2017-06-25T23:01:00,2017-06-25T22:59:00,1,-76
http://irail.be/vehicle/IC722,http://irail.be/stations/NMBS/008894433,IC,2017-06-25T23:04:00,2017-06-25T23:04:00,1,1
http://irail.be/vehicle/IC722,http://irail.be/stations/NMBS/008894425,IC,2017-06-25T23:05:00,2017-06-25T23:05:00,111,111
http://irail.be/vehicle/IC722,NO-URI,IC,2017-06-25T23:07:00,2017-06-25T23:07:00,237,237
http://irail.be/vehicle/IC722,http://irail.be/stations/NMBS/008894201,IC,2017-06-25T23:11:00,2017-06-25T23:09:00,182,246
http://irail.be/vehicle/IC722,http://irail.be/stations/NMBS/008894151,IC,2017-06-25T23:16:00,2017-06-25T23:16:00,182,182
http://irail.be/vehicle/IC722,http://irail.be/stations/NMBS/008893120,IC,2017-06-25T23:24:00,2017-06-25T23:23:00,274,214
http://irail.be/vehicle/IC722,http://irail.be/stations/NMBS/008893179,IC,2017-06-25T23:26:00,2017-06-25T23:26:00,274,274
http://irail.be/vehicle/IC722,NO-URI,IC,2017-06-25T23:27:00,2017-06-25T23:27:00,240,240
http://irail.be/vehicle/IC722,http://irail.be/stations/NMBS/008892007,IC,2017-06-25T23:36:00,2017-06-25T23:33:00,161,231
http://irail.be/vehicle/IC722,http://irail.be/stations/NMBS/008892080,IC,2017-06-25T23:43:00,2017-06-25T23:42:00,166,172
http://irail.be/vehicle/IC722,NO-URI,IC,2017-06-25T23:47:00,2017-06-25T23:47:00,150,150
http://irail.be/vehicle/IC722,http://irail.be/stations/NMBS/008892106,IC,2017-06-25T23:50:00,2017-06-25T23:49:00,137,161
http://irail.be/vehicle/IC722,http://irail.be/stations/NMBS/008896149,IC,2017-06-25T23:58:00,2017-06-25T23:57:00,99,82
http://irail.be/vehicle/IC722,http://irail.be/stations/NMBS/008896115,IC,2017-06-26T00:04:00,2017-06-26T00:04:00,68,68
http://irail.be/vehicle/IC722,http://irail.be/stations/NMBS/008896008,IC,2017-06-26T00:10:00,2017-06-26T00:10:00,,-18
http://irail.be/vehicle/IC722,http://irail.be/stations/NMBS/008821006,IC,2017-05-05T22:37:00,2017-05-05T22:37:00,37,
http://irail.be/vehicle/IC722,http://irail.be/stations/NMBS/008821121,IC,2017-05-05T22:43:00,2017-05-05T22:41:00,118,118
http://irail.be/vehicle/IC722,http://irail.be/stations/NMBS/008821196,IC,2017-05-05T22:46:00,2017-05-05T22:46:00,146,146
http://irail.be/vehicle/IC722,NO-URI,IC,2017-05-05T22:50:00,2017-05-05T22:50:00,146,146
http://irail.be/vehicle/IC722,http://irail.be/stations/NMBS/008894821,IC,2017-05-05T22:50:00,2017-05-05T22:50:00,171,171
http://irail.be/vehicle/IC722,http://irail.be/stations/NMBS/008894755,IC,2017-05-05T22:52:00,2017-05-05T22:52:00,150,150
http://irail.be/vehicle/IC722,http://irail.be/stations/NMBS/008894748,IC,2017-05-05T22:53:00,2017-05-05T22:53:00,120,120
http://irail.be/vehicle/IC722,http://irail.be/stations/NMBS/008894714,IC,2017-05-05T22:56:00,2017-05-05T22:56:00,99,99
http://irail.be/vehicle/IC722,NO-URI,IC,2017-05-05T22:57:00,2017-05-05T22:57:00,86,86
http://irail.be/vehicle/IC722,http://irail.be/stations/NMBS/008894508,IC,2017-05-05T23:00:00,2017-05-05T22:59:00,160,45
http://irail.be/vehicle/IC722,http://irail.be/stations/NMBS/008894433,IC,2017-05-05T23:03:00,2017-05-05T23:03:00,160,160
http://irail.be/vehicle/IC722,http://irail.be/stations/NMBS/008894425,IC,2017-05-05T23:04:00,2017-05-05T23:04:00,117,117
http://irail.be/vehicle/IC722,NO-URI,IC,2017-05-05T23:06:00,2017-05-05T23:06:00,115,115
http://irail.be/vehicle/IC722,http://irail.be/stations/NMBS/008894201,IC,2017-05-05T23:09:00,2017-05-05T23:08:00,92,104
http://irail.be/vehicle/IC722,http://irail.be/stations/NMBS/008894151,IC,2017-05-05T23:15:00,2017-05-05T23:15:00,92,92
http://irail.be/vehicle/IC722,http://irail.be/stations/NMBS/008893120,IC,2017-05-05T23:24:00,2017-05-05T23:23:00,124,37
http://irail.be/vehicle/IC722,http://irail.be/stations/NMBS/008893179,IC,2017-05-05T23:26:00,2017-05-05T23:26:00,124,124
http://irail.be/vehicle/IC722,NO-URI,IC,2017-05-05T23:27:00,2017-05-05T23:27:00,105,105
http://irail.be/vehicle/IC722,http://irail.be/stations/NMBS/008892007,IC,2017-05-05T23:36:00,2017-05-05T23:33:00,46,113
http://irail.be/vehicle/IC722,http://irail.be/stations/NMBS/008892080,IC,2017-05-05T23:43:00,2017-05-05T23:42:00,-3,25
http://irail.be/vehicle/IC722,NO-URI,IC,2017-05-05T23:48:00,2017-05-05T23:48:00,-59,-59
http://irail.be/vehicle/IC722,http://irail.be/stations/NMBS/008892106,IC,2017-05-05T23:50:00,2017-05-05T23:49:00,45,-55
http://irail.be/vehicle/IC722,http://irail.be/stations/NMBS/008896149,IC,2017-05-05T23:58:00,2017-05-05T23:57:00,10,-9
http://irail.be/vehicle/IC722,http://irail.be/stations/NMBS/008896115,IC,2017-05-06T00:04:00,2017-05-06T00:04:00,-25,-25
http://irail.be/vehicle/IC722,http://irail.be/stations/NMBS/008896008,IC,2017-05-06T00:10:00,2017-05-06T00:10:00,,-84
http://irail.be/vehicle/IC722,http://irail.be/stations/NMBS/008821006,IC,2017-03-22T22:37:00,2017-03-22T22:37:00,30,
http://irail.be/vehicle/IC722,http://irail.be/stations/NMBS/008821121,IC,2017-03-22T22:43:00,2017-03-22T22:41:00,-9,-9
http://irail.be/vehicle/IC722,http://irail.be/stations/NMBS/008821196,IC,2017-03-22T22:46:00,2017-03-22T22:46:00,-56,-56
http://irail.be/vehicle/IC722,NO-URI,IC,2017-03-22T22:50:00,2017-03-22T22:50:00,-56,-56
http://irail.be/vehicle/IC722,http://irail.be/stations/NMBS/008894821,IC,2017-03-22T22:50:00,2017-03-22T22:50:00,-30,-30
http://irail.be/vehicle/IC722,http://irail.be/stations/NMBS/008894755,IC,2017-03-22T22:52:00,2017-03-22T22:52:00,-49,-49
http://irail.be/vehicle/IC722,http://irail.be/stations/NMBS/008894748,IC,2017-03-22T22:53:00,2017-03-22T22:53:00,-46,-46
http://irail.be/vehicle/IC722,http://irail.be/stations/NMBS/008894714,IC,2017-03-22T22:55:00,2017-03-22T22:55:00,51,51
http://irail.be/vehicle/IC722,NO-URI,IC,2017-03-22T22:57:00,2017-03-22T22:57:00,126,126
http://irail.be/vehicle/IC722,http://irail.be/stations/NMBS/008894508,IC,2017-03-22T23:00:00,2017-03-22T22:59:00,192,101
http://irail.be/vehicle/IC722,http://irail.be/stations/NMBS/008894433,IC,2017-03-22T23:03:00,2017-03-22T23:03:00,192,192
http://irail.be/vehicle/IC722,http://irail.be/stations/NMBS/008894425,IC,2017-03-22T23:03:00,2017-03-22T23:03:00,195,195
http://irail.be/vehicle/IC722,NO-URI,IC,2017-03-22T23:06:00,2017-03-22T23:06:00,153,153
http://irail.be/vehicle/IC722,http://irail.be/stations/NMBS/008894201,IC,2017-03-22T23:09:00,2017-03-22T23:08:00,131,132
http://irail.be/vehicle/IC722,http://irail.be/stations/NMBS/008894151,IC,2017-03-22T23:15:00,2017-03-22T23:15:00,131,131
http://irail.be/vehicle/IC722,http://irail.be/stations/NMBS/008893120,IC,2017-03-22T23:24:00,2017-03-22T23:23:00,160,83
http://irail.be/vehicle/IC722,http://irail.be/stations/NMBS/008893179,IC,2017-03-22T23:26:00,2017-03-22T23:26:00,160,160
http://irail.be/vehicle/IC722,NO-URI,IC,2017-03-22T23:27:00,2017-03-22T23:27:00,90,90
http://irail.be/vehicle/IC722,http://irail.be/stations/NMBS/008892007,IC,2017-03-22T23:36:00,2017-03-22T23:33:00,19,62
http://irail.be/vehicle/IC722,http://irail.be/stations/NMBS/008892080,IC,2017-03-22T23:43:00,2017-03-22T23:42:00,-27,9
http://irail.be/vehicle/IC722,NO-URI,IC,2017-03-22T23:48:00,2017-03-22T23:48:00,-73,-73
http://irail.be/vehicle/IC722,http://irail.be/stations/NMBS/008892106,IC,2017-03-22T23:50:00,2017-03-22T23:49:00,32,-68
http://irail.be/vehicle/IC722,http://irail.be/stations/NMBS/008896149,IC,2017-03-22T23:58:00,2017-03-22T23:57:00,-2,-14
http://irail.be/vehicle/IC722,http://irail.be/stations/NMBS/008896115,IC,2017-03-23T00:04:00,2017-03-23T00:04:00,-2,-2
http://irail.be/vehicle/IC722,http://irail.be/stations/NMBS/008896008,IC,2017-03-23T00:10:00,2017-03-23T00:10:00,,-98
http://irail.be/vehicle/IC722,http://irail.be/stations/NMBS/008821006,IC,2017-12-16T22:37:00,2017-12-16T22:37:00,54,
http://irail.be/vehicle/IC722,http://irail.be/stations/NMBS/008821121,IC,2017-12-16T22:43:00,2017-12-16T22:41:00,24,24
http://irail.be/vehicle/IC722,http://irail.be/stations/NMBS/008821196,IC,2017-12-16T22:47:00,2017-12-16T22:47:00,-21,-21
http://irail.be/vehicle/IC722,NO-URI,IC,2017-12-16T22:50:00,2017-12-16T22:50:00,-21,-21
http://irail.be/vehicle/IC722,http://irail.be/stations/NMBS/008894821,IC,2017-12-16T22:50:00,2017-12-16T22:50:00,14,14
http://irail.be/vehicle/IC722,http://irail.be/stations/NMBS/008894755,IC,2017-12-16T22:52:00,2017-12-16T22:52:00,-2,-2
http://irail.be/vehicle/IC722,http://irail.be/stations/NMBS/008894748,IC,2017-12-16T22:53:00,2017-12-16T22:53:00,-33,-33
http://irail.be/vehicle/IC722,http://irail.be/stations/NMBS/008894714,IC,2017-12-16T22:56:00,2017-12-16T22:56:00,-49,-49
http://irail.be/vehicle/IC722,NO-URI,IC,2017-12-16T22:57:00,2017-12-16T22:57:00,-52,-52
http://irail.be/vehicle/IC722,http://irail.be/stations/NMBS/008894508,IC,2017-12-16T23:02:00,2017-12-16T23:00:00,53,-122
http://irail.be/vehicle/IC722,http://irail.be/stations/NMBS/008894433,IC,2017-12-16T23:05:00,2017-12-16T23:05:00,53,53
http://irail.be/vehicle/IC722,http://irail.be/stations/NMBS/008894425,IC,2017-12-16T23:06:00,2017-12-16T23:06:00,18,18
http://irail.be/vehicle/IC722,NO-URI,IC,2017-12-16T23:08:00,2017-12-16T23:08:00,15,15
http://irail.be/vehicle/IC722,http://irail.be/stations/NMBS/008894201,IC,2017-12-16T23:11:00,2017-12-16T23:10:00,52,13
http://irail.be/vehicle/IC722,http://irail.be/stations/NMBS/008894151,IC,2017-12-16T23:16:00,2017-12-16T23:16:00,52,52
http://irail.be/vehicle/IC722,http://irail.be/stations/NMBS/008893120,IC,2017-12-16T23:25:00,2017-12-16T23:24:00,49,12
http://irail.be/vehicle/IC722,http://irail.be/stations/NMBS/008893179,IC,2017-12-16T23:27:00,2017-12-16T23:27:00,49,49
http://irail.be/vehicle/IC722,NO-URI,IC,2017-12-16T23:28:00,2017-12-16T23:28:00,80,80
http://irail.be/vehicle/IC722,http://irail.be/stations/NMBS/008892007,IC,2017-12-16T23:36:00,2017-12-16T23:33:00,52,66
http://irail.be/vehicle/IC722,http://irail.be/stations/NMBS/008892080,IC,2017-12-16T23:44:00,2017-12-16T23:43:00,2,7
http://irail.be/vehicle/IC722,NO-URI,IC,2017-12-16T23:48:00,2017-12-16T23:48:00,-17,-17
http://irail.be/vehicle/IC722,http://irail.be/stations/NMBS/008892106,IC,2017-12-16T23:50:00,2017-12-16T23:49:00,33,-10
http://irail.be/vehicle/IC722,http://irail.be/stations/NMBS/008896149,IC,2017-12-16T23:58:00,2017-12-16T23:57:00,11,-14
http://irail.be/vehicle/IC722,http://irail.be/stations/NMBS/008896115,IC,2017-12-17T00:04:00,2017-12-17T00:04:00,-13,-13
http://irail.be/vehicle/IC722,http://irail.be/stations/NMBS/008896008,IC,2017-12-17T00:11:00,2017-12-17T00:11:00,,-74
http://irail.be/vehicle/IC722,http://irail.be/stations/NMBS/008821006,IC,2017-09-27T22:37:00,2017-09-27T22:37:00,10,
http://irail.be/vehicle/IC722,http://irail.be/stations/NMBS/008821121,IC,2017-09-27T22:43:00,2017-09-27T22:41:00,46,46
http://irail.be/vehicle/IC722,http://irail.be/stations/NMBS/008821196,IC,2017-09-27T22:46:00,2017-09-27T22:46:00,-7,-7
http://irail.be/vehicle/IC722,NO-URI,IC,2017-09-27T22:50:00,2017-09-27T22:50:00,-7,-7
http://irail.be/vehicle/IC722,http://irail.be/stations/NMBS/008894821,IC,2017-09-27T22:50:00,2017-09-27T22:50:00,16,16
http://irail.be/vehicle/IC722,http://irail.be/stations/NMBS/008894755,IC,2017-09-27T22:52:00,2017-09-27T22:52:00,-3,-3
http://irail.be/vehicle/IC722,http://irail.be/stations/NMBS/008894748,IC,2017-09-27T22:53:00,2017-09-27T22:53:00,-34,-34
http://irail.be/vehicle/IC722,http://irail.be/stations/NMBS/008894714,IC,2017-09-27T22:56:00,2017-09-27T22:56:00,-58,-58
http://irail.be/vehicle/IC722,NO-URI,IC,2017-09-27T22:57:00,2017-09-27T22:57:00,-49,-49
http://irail.be/vehicle/IC722,http://irail.be/stations/NMBS/008894508,IC,2017-09-27T23:00:00,2017-09-27T22:59:00,144,-66
http://irail.be/vehicle/IC722,http://irail.be/stations/NMBS/008894433,IC,2017-09-27T23:03:00,2017-09-27T23:03:00,144,144
http://irail.be/vehicle/IC722,http://irail.be/stations/NMBS/008894425,IC,2017-09-27T23:04:00,2017-09-27T23:04:00,116,116
http://irail.be/vehicle/IC722,NO-URI,IC,2017-09-27T23:06:00,2017-09-27T23:06:00,111,111
http://irail.be/vehicle/IC722,http://irail.be/stations/NMBS/008894201,IC,2017-09-27T23:09:00,2017-09-27T23:08:00,167,100
http://irail.be/vehicle/IC722,http://irail.be/stations/NMBS/008894151,IC,2017-09-27T23:15:00,2017-09-27T23:15:00,167,167
http://irail.be/vehicle/IC722,http://irail.be/stations/NMBS/008893120,IC,2017-09-27T23:24:00,2017-09-27T23:23:00,170,105
http://irail.be/vehicle/IC722,http://irail.be/stations/NMBS/008893179,IC,2017-09-27T23:26:00,2017-09-27T23:26:00,170,170
http://irail.be/vehicle/IC722,NO-URI,IC,2017-09-27T23:27:00,2017-09-27T23:27:00,91,91
http://irail.be/vehicle/IC722,http://irail.be/stations/NMBS/008892007,IC,2017-09-27T23:36:00,2017-09-27T23:33:00,467,57
http://irail.be/vehicle/IC722,http://irail.be/stations/NMBS/008892080,IC,2017-09-27T23:43:00,2017-09-27T23:42:00,419,443
http://irail.be/vehicle/IC722,NO-URI,IC,2017-09-27T23:48:00,2017-09-27T23:48:00,364,364
http://irail.be/vehicle/IC722,http://irail.be/stations/NMBS/008892106,IC,2017-09-27T23:50:00,2017-09-27T23:49:00,473,367
http://irail.be/vehicle/IC722,http://irail.be/stations/NMBS/008896149,IC,2017-09-27T23:58:00,2017-09-27T23:57:00,473,415
http://irail.be/vehicle/IC722,http://irail.be/stations/NMBS/008896115,IC,2017-09-28T00:04:00,2017-09-28T00:04:00,433,424
http://irail.be/vehicle/IC722,http://irail.be/stations/NMBS/008896008,IC,2017-09-28T00:10:00,2017-09-28T00:10:00,,414
http://irail.be/vehicle/IC722,http://irail.be/stations/NMBS/008821006,IC,2017-07-30T22:37:00,2017-07-30T22:37:00,-16,
http://irail.be/vehicle/IC722,http://irail.be/stations/NMBS/008821121,IC,2017-07-30T22:43:00,2017-07-30T22:41:00,25,25
http://irail.be/vehicle/IC722,http://irail.be/stations/NMBS/008821196,IC,2017-07-30T22:46:00,2017-07-30T22:46:00,-40,-40
http://irail.be/vehicle/IC722,NO-URI,IC,2017-07-30T22:50:00,2017-07-30T22:50:00,-40,-40
http://irail.be/vehicle/IC722,http://irail.be/stations/NMBS/008894821,IC,2017-07-30T22:50:00,2017-07-30T22:50:00,-16,-16
http://irail.be/vehicle/IC722,http://irail.be/stations/NMBS/008894755,IC,2017-07-30T22:52:00,2017-07-30T22:52:00,-40,-40
http://irail.be/vehicle/IC722,http://irail.be/stations/NMBS/008894748,IC,2017-07-30T22:53:00,2017-07-30T22:53:00,-72,-72
http://irail.be/vehicle/IC722,http://irail.be/stations/NMBS/008894714,IC,2017-07-30T22:56:00,2017-07-30T22:56:00,-98,-98
http://irail.be/vehicle/IC722,NO-URI,IC,2017-07-30T22:57:00,2017-07-30T22:57:00,-113,-113
http://irail.be/vehicle/IC722,http://irail.be/stations/NMBS/008894508,IC,2017-07-30T23:01:00,2017-07-30T22:59:00,55,-154
http://irail.be/vehicle/IC722,http://irail.be/stations/NMBS/008894433,IC,2017-07-30T23:04:00,2017-07-30T23:04:00,55,55
http://irail.be/vehicle/IC722,http://irail.be/stations/NMBS/008894425,IC,2017-07-30T23:05:00,2017-07-30T23:05:00,-2,-2
http://irail.be/vehicle/IC722,NO-URI,IC,2017-07-30T23:07:00,2017-07-30T23:07:00,-13,-13
http://irail.be/vehicle/IC722,http://irail.be/stations/NMBS/008894201,IC,2017-07-30T23:11:00,2017-07-30T23:09:00,7,-25
http://irail.be/vehicle/IC722,http://irail.be/stations/NMBS/008894151,IC,2017-07-30T23:16:00,2017-07-30T23:16:00,7,7
http://irail.be/vehicle/IC722,http://irail.be/stations/NMBS/008893120,IC,2017-07-30T23:24:00,2017-07-30T23:23:00,20,-89
http://irail.be/vehicle/IC722,http://irail.be/stations/NMBS/008893179,IC,2017-07-30T23:26:00,2017-07-30T23:26:00,20,20
http://irail.be/vehicle/IC722,NO-URI,IC,2017-07-30T23:27:00,2017-07-30T23:27:00,-43,-43
http://irail.be/vehicle/IC722,http://irail.be/stations/NMBS/008892007,IC,2017-07-30T23:36:00,2017-07-30T23:33:00,16,-75
http://irail.be/vehicle/IC722,http://irail.be/stations/NMBS/008892080,IC,2017-07-30T23:43:00,2017-07-30T23:42:00,-4,-26
http://irail.be/vehicle/IC722,NO-URI,IC,2017-07-30T23:47:00,2017-07-30T23:47:00,-26,-26
http://irail.be/vehicle/IC722,http://irail.be/stations/NMBS/008892106,IC,2017-07-30T23:50:00,2017-07-30T23:49:00,36,-31
http://irail.be/vehicle/IC722,http://irail.be/stations/NMBS/008896149,IC,2017-07-30T23:58:00,2017-07-30T23:57:00,5,-31
http://irail.be/vehicle/IC722,http://irail.be/stations/NMBS/008896115,IC,2017-07-31T00:04:00,2017-07-31T00:04:00,-42,-42
http://irail.be/vehicle/IC722,http://irail.be/stations/NMBS/008896008,IC,2017-07-31T00:10:00,2017-07-31T00:10:00,,-104
http://irail.be/vehicle/IC722,http://irail.be/stations/NMBS/008821006,IC,2017-09-28T22:37:00,2017-09-28T22:37:00,233,
http://irail.be/vehicle/IC722,http://irail.be/stations/NMBS/008821121,IC,2017-09-28T22:43:00,2017-09-28T22:41:00,129,129
http://irail.be/vehicle/IC722,http://irail.be/stations/NMBS/008821196,IC,2017-09-28T22:46:00,2017-09-28T22:46:00,83,83
http://irail.be/vehicle/IC722,NO-URI,IC,2017-09-28T22:50:00,2017-09-28T22:50:00,83,83
http://irail.be/vehicle/IC722,http://irail.be/stations/NMBS/008894821,IC,2017-09-28T22:50:00,2017-09-28T22:50:00,109,109
http://irail.be/vehicle/IC722,http://irail.be/stations/NMBS/008894755,IC,2017-09-28T22:52:00,2017-09-28T22:52:00,94,94
http://irail.be/vehicle/IC722,http://irail.be/stations/NMBS/008894748,IC,2017-09-28T22:53:00,2017-09-28T22:53:00,66,66
http://irail.be/vehicle/IC722,http://irail.be/stations/NMBS/008894714,IC,2017-09-28T22:56:00,2017-09-28T22:56:00,45,45
http://irail.be/vehicle/IC722,NO-URI,IC,2017-09-28T22:57:00,2017-09-28T22:57:00,32,32
http://irail.be/vehicle/IC722,http://irail.be/stations/NMBS/008894508,IC,2017-09-28T23:00:00,2017-09-28T22:59:00,109,5
http://irail.be/vehicle/IC722,http://irail.be/stations/NMBS/008894433,IC,2017-09-28T23:03:00,2017-09-28T23:03:00,109,109
http://irail.be/vehicle/IC722,http://irail.be/stations/NMBS/008894425,IC,2017-09-28T23:04:00,2017-09-28T23:04:00,123,123
http://irail.be/vehicle/IC722,NO-URI,IC,2017-09-28T23:06:00,2017-09-28T23:06:00,186,186
http://irail.be/vehicle/IC722,http://irail.be/stations/NMBS/008894201,IC,2017-09-28T23:09:00,2017-09-28T23:08:00,230,254
http://irail.be/vehicle/IC722,http://irail.be/stations/NMBS/008894151,IC,2017-09-28T23:15:00,2017-09-28T23:15:00,230,230
http://irail.be/vehicle/IC722,http://irail.be/stations/NMBS/008893120,IC,2017-09-28T23:24:00,2017-09-28T23:23:00,322,256
http://irail.be/vehicle/IC722,http://irail.be/stations/NMBS/008893179,IC,2017-09-28T23:26:00,2017-09-28T23:26:00,322,322
http://irail.be/vehicle/IC722,NO-URI,IC,2017-09-28T23:27:00,2017-09-28T23:27:00,239,239
http://irail.be/vehicle/IC722,http://irail.be/stations/NMBS/008892007,IC,2017-09-28T23:36:00,2017-09-28T23:33:00,124,211
http://irail.be/vehicle/IC722,http://irail.be/stations/NMBS/008892080,IC,2017-09-28T23:43:00,2017-09-28T23:42:00,65,96
http://irail.be/vehicle/IC722,NO-URI,IC,2017-09-28T23:48:00,2017-09-28T23:48:00,7,7
http://irail.be/vehicle/IC722,http://irail.be/stations/NMBS/008892106,IC,2017-09-28T23:50:00,2017-09-28T23:49:00,17,11
http://irail.be/vehicle/IC722,http://irail.be/stations/NMBS/008896149,IC,2017-09-28T23:58:00,2017-09-28T23:57:00,-66,-42
http://irail.be/vehicle/IC722,http://irail.be/stations/NMBS/008896115,IC,2017-09-29T00:04:00,2017-09-29T00:04:00,-114,-114
http://irail.be/vehicle/IC722,http://irail.be/stations/NMBS/008896008,IC,2017-09-29T00:10:00,2017-09-29T00:10:00,,-210
http://irail.be/vehicle/IC722,http://irail.be/stations/NMBS/008821006,IC,2017-08-10T22:37:00,2017-08-10T22:37:00,73,
http://irail.be/vehicle/IC722,http://irail.be/stations/NMBS/008821121,IC,2017-08-10T22:43:00,2017-08-10T22:41:00,25,25
http://irail.be/vehicle/IC722,http://irail.be/stations/NMBS/008821196,IC,2017-08-10T22:46:00,2017-08-10T22:46:00,-14,-14
http://irail.be/vehicle/IC722,NO-URI,IC,2017-08-10T22:50:00,2017-08-10T22:50:00,-14,-14
http://irail.be/vehicle/IC722,http://irail.be/stations/NMBS/008894821,IC,2017-08-10T22:50:00,2017-08-10T22:50:00,11,11
http://irail.be/vehicle/IC722,http://irail.be/stations/NMBS/008894755,IC,2017-08-10T22:52:00,2017-08-10T22:52:00,-8,-8
http://irail.be/vehicle/IC722,http://irail.be/stations/NMBS/008894748,IC,2017-08-10T22:53:00,2017-08-10T22:53:00,-36,-36
http://irail.be/vehicle/IC722,http://irail.be/stations/NMBS/008894714,IC,2017-08-10T22:56:00,2017-08-10T22:56:00,-56,-56
http://irail.be/vehicle/IC722,NO-URI,IC,2017-08-10T22:57:00,2017-08-10T22:57:00,-65,-65
http://irail.be/vehicle/IC722,http://irail.be/stations/NMBS/008894508,IC,2017-08-10T23:00:00,2017-08-10T22:59:00,74,-85
http://irail.be/vehicle/IC722,http://irail.be/stations/NMBS/008894433,IC,2017-08-10T23:03:00,2017-08-10T23:03:00,74,74
http://irail.be/vehicle/IC722,http://irail.be/stations/NMBS/008894425,IC,2017-08-10T23:04:00,2017-08-10T23:04:00,56,56
http://irail.be/vehicle/IC722,NO-URI,IC,2017-08-10T23:06:00,2017-08-10T23:06:00,63,63
http://irail.be/vehicle/IC722,http://irail.be/stations/NMBS/008894201,IC,2017-08-10T23:09:00,2017-08-10T23:08:00,85,87
http://irail.be/vehicle/IC722,http://irail.be/stations/NMBS/008894151,IC,2017-08-10T23:15:00,2017-08-10T23:15:00,114,85
http://irail.be/vehicle/IC722,http://irail.be/stations/NMBS/008893120,IC,2017-08-10T23:24:00,2017-08-10T23:23:00,170,86
http://irail.be/vehicle/IC722,http://irail.be/stations/NMBS/008893179,IC,2017-08-10T23:26:00,2017-08-10T23:26:00,170,170
http://irail.be/vehicle/IC722,NO-URI,IC,2017-08-10T23:27:00,2017-08-10T23:27:00,148,148
http://irail.be/vehicle/IC722,http://irail.be/stations/NMBS/008892007,IC,2017-08-10T23:36:00,2017-08-10T23:33:00,80,125
http://irail.be/vehicle/IC722,http://irail.be/stations/NMBS/008892080,IC,2017-08-10T23:43:00,2017-08-10T23:42:00,85,70
http://irail.be/vehicle/IC722,NO-URI,IC,2017-08-10T23:48:00,2017-08-10T23:48:00,42,42
http://irail.be/vehicle/IC722,http://irail.be/stations/NMBS/008892106,IC,2017-08-10T23:50:00,2017-08-10T23:49:00,105,65
http://irail.be/vehicle/IC722,http://irail.be/stations/NMBS/008896149,IC,2017-08-10T23:58:00,2017-08-10T23:57:00,53,61
http://irail.be/vehicle/IC722,http://irail.be/stations/NMBS/008896115,IC,2017-08-11T00:04:00,2017-08-11T00:04:00,31,31
http://irail.be/vehicle/IC722,http://irail.be/stations/NMBS/008896008,IC,2017-08-11T00:10:00,2017-08-11T00:10:00,,-49
http://irail.be/vehicle/IC722,http://irail.be/stations/NMBS/008821006,IC,2017-04-02T22:37:00,2017-04-02T22:37:00,75,
http://irail.be/vehicle/IC722,http://irail.be/stations/NMBS/008821121,IC,2017-04-02T22:43:00,2017-04-02T22:41:00,54,54
http://irail.be/vehicle/IC722,http://irail.be/stations/NMBS/008821196,IC,2017-04-02T22:46:00,2017-04-02T22:46:00,17,17
http://irail.be/vehicle/IC722,NO-URI,IC,2017-04-02T22:50:00,2017-04-02T22:50:00,17,17
http://irail.be/vehicle/IC722,http://irail.be/stations/NMBS/008894821,IC,2017-04-02T22:50:00,2017-04-02T22:50:00,42,42
http://irail.be/vehicle/IC722,http://irail.be/stations/NMBS/008894755,IC,2017-04-02T22:52:00,2017-04-02T22:52:00,36,36
http://irail.be/vehicle/IC722,http://irail.be/stations/NMBS/008894748,IC,2017-04-02T22:53:00,2017-04-02T22:53:00,39,39
http://irail.be/vehicle/IC722,http://irail.be/stations/NMBS/008894714,IC,2017-04-02T22:55:00,2017-04-02T22:55:00,46,46
http://irail.be/vehicle/IC722,NO-URI,IC,2017-04-02T22:57:00,2017-04-02T22:57:00,8,8
http://irail.be/vehicle/IC722,http://irail.be/stations/NMBS/008894508,IC,2017-04-02T23:01:00,2017-04-02T22:59:00,72,-48
http://irail.be/vehicle/IC722,http://irail.be/stations/NMBS/008894433,IC,2017-04-02T23:04:00,2017-04-02T23:04:00,72,72
http://irail.be/vehicle/IC722,http://irail.be/stations/NMBS/008894425,IC,2017-04-02T23:04:00,2017-04-02T23:04:00,72,72
http://irail.be/vehicle/IC722,NO-URI,IC,2017-04-02T23:07:00,2017-04-02T23:07:00,29,29
http://irail.be/vehicle/IC722,http://irail.be/stations/NMBS/008894201,IC,2017-04-02T23:11:00,2017-04-02T23:09:00,17,6
http://irail.be/vehicle/IC722,http://irail.be/stations/NMBS/008894151,IC,2017-04-02T23:16:00,2017-04-02T23:16:00,17,17
http://irail.be/vehicle/IC722,NO-URI,IC,2017-04-02T23:22:00,2017-04-02T23:22:00,0,0
http://irail.be/vehicle/IC722,http://irail.be/stations/NMBS/008893120,IC,2017-04-02T23:22:46,2017-04-02T23:22:46,-25,-25
http://irail.be/vehicle/IC722,NO-URI,IC,2017-04-02T23:24:00,2017-04-02T23:23:00,97,-25
http://irail.be/vehicle/IC722,http://irail.be/stations/NMBS/008893120,IC,2017-04-02T23:26:00,2017-04-02T23:26:00,97,97
http://irail.be/vehicle/IC722,http://irail.be/stations/NMBS/008893179,IC,2017-04-02T23:27:00,2017-04-02T23:27:00,136,136
http://irail.be/vehicle/IC722,NO-URI,IC,2017-04-02T23:29:00,2017-04-02T23:29:00,90,90
http://irail.be/vehicle/IC722,http://irail.be/stations/NMBS/008892007,IC,2017-04-02T23:43:00,2017-04-02T23:42:00,236,234
http://irail.be/vehicle/IC722,http://irail.be/stations/NMBS/008892080,IC,2017-04-02T23:47:00,2017-04-02T23:47:00,216,216
http://irail.be/vehicle/IC722,NO-URI,IC,2017-04-02T23:50:00,2017-04-02T23:49:00,197,223
http://irail.be/vehicle/IC722,http://irail.be/stations/NMBS/008892106,IC,2017-04-02T23:58:00,2017-04-02T23:57:00,143,140
http://irail.be/vehicle/IC722,http://irail.be/stations/NMBS/008896149,IC,2017-04-03T00:04:00,2017-04-03T00:04:00,143,143
http://irail.be/vehicle/IC722,http://irail.be/stations/NMBS/008896115,IC,2017-04-03T00:07:00,2017-04-03T00:07:00,108,108
http://irail.be/vehicle/IC722,http://irail.be/stations/NMBS/008896008,IC,2017-04-03T00:09:07,2017-04-03T00:09:07,44,44
http://irail.be/vehicle/IC722,http://irail.be/stations/NMBS/008821006,IC,2017-06-02T22:37:00,2017-06-02T22:37:00,1373,
http://irail.be/vehicle/IC722,http://irail.be/stations/NMBS/008821121,IC,2017-06-02T22:43:00,2017-06-02T22:41:00,1380,1380
http://irail.be/vehicle/IC722,http://irail.be/stations/NMBS/008821196,IC,2017-06-02T22:46:00,2017-06-02T22:46:00,1383,1383
http://irail.be/vehicle/IC722,NO-URI,IC,2017-06-02T22:50:00,2017-06-02T22:50:00,1383,1383
http://irail.be/vehicle/IC722,http://irail.be/stations/NMBS/008894821,IC,2017-06-02T22:50:00,2017-06-02T22:50:00,1407,1407
http://irail.be/vehicle/IC722,http://irail.be/stations/NMBS/008894755,IC,2017-06-02T22:52:00,2017-06-02T22:52:00,1385,1385
http://irail.be/vehicle/IC722,http://irail.be/stations/NMBS/008894748,IC,2017-06-02T22:53:00,2017-06-02T22:53:00,1385,1385
http://irail.be/vehicle/IC722,http://irail.be/stations/NMBS/008894714,IC,2017-06-02T22:55:00,2017-06-02T22:55:00,1388,1388
http://irail.be/vehicle/IC722,NO-URI,IC,2017-06-02T22:57:00,2017-06-02T22:57:00,1346,1346
http://irail.be/vehicle/IC722,http://irail.be/stations/NMBS/008894508,IC,2017-06-02T23:00:00,2017-06-02T22:59:00,1357,1275
http://irail.be/vehicle/IC722,http://irail.be/stations/NMBS/008894433,IC,2017-06-02T23:03:00,2017-06-02T23:03:00,1357,1357
http://irail.be/vehicle/IC722,http://irail.be/stations/NMBS/008894425,IC,2017-06-02T23:03:00,2017-06-02T23:03:00,1354,1354
http://irail.be/vehicle/IC722,NO-URI,IC,2017-06-02T23:06:00,2017-06-02T23:06:00,1308,1308
http://irail.be/vehicle/IC722,http://irail.be/stations/NMBS/008894201,IC,2017-06-02T23:09:00,2017-06-02T23:08:00,1290,1284
http://irail.be/vehicle/IC722,http://irail.be/stations/NMBS/008894151,IC,2017-06-02T23:15:00,2017-06-02T23:15:00,1290,1290
http://irail.be/vehicle/IC722,http://irail.be/stations/NMBS/008893120,IC,2017-06-02T23:24:00,2017-06-02T23:23:00,1343,1228
http://irail.be/vehicle/IC722,http://irail.be/stations/NMBS/008893179,IC,2017-06-02T23:26:00,2017-06-02T23:26:00,1343,1343
http://irail.be/vehicle/IC722,NO-URI,IC,2017-06-02T23:27:00,2017-06-02T23:27:00,1387,1387
http://irail.be/vehicle/IC722,http://irail.be/stations/NMBS/008892007,IC,2017-06-02T23:36:00,2017-06-02T23:33:00,2149,1452
http://irail.be/vehicle/IC722,http://irail.be/stations/NMBS/008892080,IC,2017-06-02T23:43:00,2017-06-02T23:42:00,2083,2129
http://irail.be/vehicle/IC722,NO-URI,IC,2017-06-02T23:48:00,2017-06-02T23:48:00,2025,2025
http://irail.be/vehicle/IC722,http://irail.be/stations/NMBS/008892106,IC,2017-06-02T23:50:00,2017-06-02T23:49:00,2044,2027
http://irail.be/vehicle/IC722,http://irail.be/stations/NMBS/008896149,IC,2017-06-02T23:58:00,2017-06-02T23:57:00,1976,1980
http://irail.be/vehicle/IC722,http://irail.be/stations/NMBS/008896115,IC,2017-06-03T00:04:00,2017-06-03T00:04:00,1922,1922
http://irail.be/vehicle/IC722,http://irail.be/stations/NMBS/008896008,IC,2017-06-03T00:10:00,2017-06-03T00:10:00,,1842
http://irail.be/vehicle/IC722,http://irail.be/stations/NMBS/008821006,IC,2017-01-06T22:37:00,2017-01-06T22:37:00,1,
http://irail.be/vehicle/IC722,http://irail.be/stations/NMBS/008821121,IC,2017-01-06T22:43:00,2017-01-06T22:41:00,22,22
http://irail.be/vehicle/IC722,http://irail.be/stations/NMBS/008821196,IC,2017-01-06T22:46:00,2017-01-06T22:46:00,15,15
http://irail.be/vehicle/IC722,NO-URI,IC,2017-01-06T22:50:00,2017-01-06T22:50:00,15,15
http://irail.be/vehicle/IC722,http://irail.be/stations/NMBS/008894821,IC,2017-01-06T22:50:00,2017-01-06T22:50:00,43,43
http://irail.be/vehicle/IC722,http://irail.be/stations/NMBS/008894755,IC,2017-01-06T22:52:00,2017-01-06T22:52:00,47,47
http://irail.be/vehicle/IC722,http://irail.be/stations/NMBS/008894748,IC,2017-01-06T22:53:00,2017-01-06T22:53:00,23,23
http://irail.be/vehicle/IC722,http://irail.be/stations/NMBS/008894714,IC,2017-01-06T22:56:00,2017-01-06T22:56:00,12,12
http://irail.be/vehicle/IC722,NO-URI,IC,2017-01-06T22:57:00,2017-01-06T22:57:00,5,5
http://irail.be/vehicle/IC722,http://irail.be/stations/NMBS/008894508,IC,2017-01-06T23:00:00,2017-01-06T22:59:00,124,-17
http://irail.be/vehicle/IC722,http://irail.be/stations/NMBS/008894433,IC,2017-01-06T23:03:00,2017-01-06T23:03:00,124,124
http://irail.be/vehicle/IC722,http://irail.be/stations/NMBS/008894425,IC,2017-01-06T23:04:00,2017-01-06T23:04:00,110,110
http://irail.be/vehicle/IC722,NO-URI,IC,2017-01-06T23:06:00,2017-01-06T23:06:00,123,123
http://irail.be/vehicle/IC722,http://irail.be/stations/NMBS/008894201,IC,2017-01-06T23:09:00,2017-01-06T23:08:00,113,127
http://irail.be/vehicle/IC722,http://irail.be/stations/NMBS/008894151,IC,2017-01-06T23:15:00,2017-01-06T23:15:00,87,87
http://irail.be/vehicle/IC722,http://irail.be/stations/NMBS/008893120,IC,2017-01-06T23:24:00,2017-01-06T23:23:00,77,52
http://irail.be/vehicle/IC722,http://irail.be/stations/NMBS/008893179,IC,2017-01-06T23:26:00,2017-01-06T23:26:00,77,77
http://irail.be/vehicle/IC722,NO-URI,IC,2017-01-06T23:27:00,2017-01-06T23:27:00,12,12
http://irail.be/vehicle/IC722,http://irail.be/stations/NMBS/008892007,IC,2017-01-06T23:36:00,2017-01-06T23:33:00,9,-27
http://irail.be/vehicle/IC722,http://irail.be/stations/NMBS/008892080,IC,2017-01-06T23:43:00,2017-01-06T23:42:00,-22,2
http://irail.be/vehicle/IC722,NO-URI,IC,2017-01-06T23:48:00,2017-01-06T23:48:00,-63,-63
http://irail.be/vehicle/IC722,http://irail.be/stations/NMBS/008892106,IC,2017-01-06T23:50:00,2017-01-06T23:49:00,26,-52
http://irail.be/vehicle/IC722,http://irail.be/stations/NMBS/008896149,IC,2017-01-06T23:58:00,2017-01-06T23:57:00,-12,-9
http://irail.be/vehicle/IC722,http://irail.be/stations/NMBS/008896115,IC,2017-01-07T00:04:00,2017-01-07T00:04:00,-67,-67
http://irail.be/vehicle/IC722,http://irail.be/stations/NMBS/008896008,IC,2017-01-07T00:10:00,2017-01-07T00:10:00,,-140
http://irail.be/vehicle/IC722,http://irail.be/stations/NMBS/008821006,IC,2017-04-26T22:37:00,2017-04-26T22:37:00,13,
http://irail.be/vehicle/IC722,http://irail.be/stations/NMBS/008821121,IC,2017-04-26T22:43:00,2017-04-26T22:41:00,45,45
http://irail.be/vehicle/IC722,http://irail.be/stations/NMBS/008821196,IC,2017-04-26T22:46:00,2017-04-26T22:46:00,-6,-6
http://irail.be/vehicle/IC722,NO-URI,IC,2017-04-26T22:50:00,2017-04-26T22:50:00,-6,-6
http://irail.be/vehicle/IC722,http://irail.be/stations/NMBS/008894821,IC,2017-04-26T22:50:00,2017-04-26T22:50:00,24,24
http://irail.be/vehicle/IC722,http://irail.be/stations/NMBS/008894755,IC,2017-04-26T22:52:00,2017-04-26T22:52:00,13,13
http://irail.be/vehicle/IC722,http://irail.be/stations/NMBS/008894748,IC,2017-04-26T22:53:00,2017-04-26T22:53:00,12,12
http://irail.be/vehicle/IC722,http://irail.be/stations/NMBS/008894714,IC,2017-04-26T22:55:00,2017-04-26T22:55:00,19,19
http://irail.be/vehicle/IC722,NO-URI,IC,2017-04-26T22:57:00,2017-04-26T22:57:00,-22,-22
http://irail.be/vehicle/IC722,http://irail.be/stations/NMBS/008894508,IC,2017-04-26T23:00:00,2017-04-26T22:59:00,61,-82
http://irail.be/vehicle/IC722,http://irail.be/stations/NMBS/008894433,IC,2017-04-26T23:03:00,2017-04-26T23:03:00,61,61
http://irail.be/vehicle/IC722,http://irail.be/stations/NMBS/008894425,IC,2017-04-26T23:03:00,2017-04-26T23:03:00,56,56
http://irail.be/vehicle/IC722,NO-URI,IC,2017-04-26T23:06:00,2017-04-26T23:06:00,12,12
http://irail.be/vehicle/IC722,http://irail.be/stations/NMBS/008894201,IC,2017-04-26T23:09:00,2017-04-26T23:08:00,19,-8
http://irail.be/vehicle/IC722,http://irail.be/stations/NMBS/008894151,IC,2017-04-26T23:15:00,2017-04-26T23:15:00,31,19
http://irail.be/vehicle/IC722,http://irail.be/stations/NMBS/008893120,IC,2017-04-26T23:24:00,2017-04-26T23:23:00,68,-10
http://irail.be/vehicle/IC722,http://irail.be/stations/NMBS/008893179,IC,2017-04-26T23:26:00,2017-04-26T23:26:00,68,68
http://irail.be/vehicle/IC722,NO-URI,IC,2017-04-26T23:27:00,2017-04-26T23:27:00,21,21
http://irail.be/vehicle/IC722,http://irail.be/stations/NMBS/008892007,IC,2017-04-26T23:36:00,2017-04-26T23:33:00,4,96
http://irail.be/vehicle/IC722,http://irail.be/stations/NMBS/008892080,IC,2017-04-26T23:43:00,2017-04-26T23:42:00,29,53
http://irail.be/vehicle/IC722,NO-URI,IC,2017-04-26T23:48:00,2017-04-26T23:48:00,-26,-26
http://irail.be/vehicle/IC722,http://irail.be/stations/NMBS/008892106,IC,2017-04-26T23:50:00,2017-04-26T23:49:00,40,-21
http://irail.be/vehicle/IC722,http://irail.be/stations/NMBS/008896149,IC,2017-04-26T23:58:00,2017-04-26T23:57:00,10,-18
http://irail.be/vehicle/IC722,http://irail.be/stations/NMBS/008896115,IC,2017-04-27T00:04:00,2017-04-27T00:04:00,10,10
http://irail.be/vehicle/IC722,http://irail.be/stations/NMBS/008896008,IC,2017-04-27T00:10:00,2017-04-27T00:10:00,,-120
http://irail.be/vehicle/IC722,http://irail.be/stations/NMBS/008821006,IC,2017-03-12T22:37:00,2017-03-12T22:37:00,19,
http://irail.be/vehicle/IC722,http://irail.be/stations/NMBS/008821121,IC,2017-03-12T22:43:00,2017-03-12T22:41:00,36,36
http://irail.be/vehicle/IC722,http://irail.be/stations/NMBS/008821196,IC,2017-03-12T22:46:00,2017-03-12T22:46:00,1,1
http://irail.be/vehicle/IC722,NO-URI,IC,2017-03-12T22:50:00,2017-03-12T22:50:00,1,1
http://irail.be/vehicle/IC722,http://irail.be/stations/NMBS/008894821,IC,2017-03-12T22:50:00,2017-03-12T22:50:00,25,25
http://irail.be/vehicle/IC722,http://irail.be/stations/NMBS/008894755,IC,2017-03-12T22:52:00,2017-03-12T22:52:00,4,4
http://irail.be/vehicle/IC722,http://irail.be/stations/NMBS/008894748,IC,2017-03-12T22:53:00,2017-03-12T22:53:00,5,5
http://irail.be/vehicle/IC722,http://irail.be/stations/NMBS/008894714,IC,2017-03-12T22:55:00,2017-03-12T22:55:00,8,8
http://irail.be/vehicle/IC722,NO-URI,IC,2017-03-12T22:57:00,2017-03-12T22:57:00,-33,-33
http://irail.be/vehicle/IC722,http://irail.be/stations/NMBS/008894508,IC,2017-03-12T23:01:00,2017-03-12T22:59:00,68,-102
http://irail.be/vehicle/IC722,http://irail.be/stations/NMBS/008894433,IC,2017-03-12T23:04:00,2017-03-12T23:04:00,68,68
http://irail.be/vehicle/IC722,http://irail.be/stations/NMBS/008894425,IC,2017-03-12T23:04:00,2017-03-12T23:04:00,64,64
http://irail.be/vehicle/IC722,NO-URI,IC,2017-03-12T23:07:00,2017-03-12T23:07:00,21,21
http://irail.be/vehicle/IC722,http://irail.be/stations/NMBS/008894201,IC,2017-03-12T23:11:00,2017-03-12T23:09:00,1,1
http://irail.be/vehicle/IC722,http://irail.be/stations/NMBS/008894151,IC,2017-03-12T23:16:00,2017-03-12T23:16:00,1,1
http://irail.be/vehicle/IC722,http://irail.be/stations/NMBS/008893120,IC,2017-03-12T23:24:00,2017-03-12T23:23:00,15,-88
http://irail.be/vehicle/IC722,http://irail.be/stations/NMBS/008893179,IC,2017-03-12T23:26:00,2017-03-12T23:26:00,15,15
http://irail.be/vehicle/IC722,NO-URI,IC,2017-03-12T23:27:00,2017-03-12T23:27:00,-64,-64
http://irail.be/vehicle/IC722,http://irail.be/stations/NMBS/008892007,IC,2017-03-12T23:33:00,2017-03-12T23:33:00,,-68
http://irail.be/vehicle/IC722,http://irail.be/stations/NMBS/008821006,IC,2017-09-09T22:37:00,2017-09-09T22:37:00,2,
http://irail.be/vehicle/IC722,http://irail.be/stations/NMBS/008821121,IC,2017-09-09T22:43:00,2017-09-09T22:41:00,17,17
http://irail.be/vehicle/IC722,http://irail.be/stations/NMBS/008821196,IC,2017-09-09T22:46:00,2017-09-09T22:46:00,-12,-12
http://irail.be/vehicle/IC722,NO-URI,IC,2017-09-09T22:50:00,2017-09-09T22:50:00,-12,-12
http://irail.be/vehicle/IC722,http://irail.be/stations/NMBS/008894821,IC,2017-09-09T22:50:00,2017-09-09T22:50:00,16,16
http://irail.be/vehicle/IC722,http://irail.be/stations/NMBS/008894755,IC,2017-09-09T22:52:00,2017-09-09T22:52:00,13,13
http://irail.be/vehicle/IC722,http://irail.be/stations/NMBS/008894748,IC,2017-09-09T22:53:00,2017-09-09T22:53:00,-17,-17
http://irail.be/vehicle/IC722,http://irail.be/stations/NMBS/008894714,IC,2017-09-09T22:56:00,2017-09-09T22:56:00,-34,-34
http://irail.be/vehicle/IC722,NO-URI,IC,2017-09-09T22:57:00,2017-09-09T22:57:00,-46,-46
http://irail.be/vehicle/IC722,http://irail.be/stations/NMBS/008894508,IC,2017-09-09T23:01:00,2017-09-09T22:59:00,46,-87
http://irail.be/vehicle/IC722,http://irail.be/stations/NMBS/008894433,IC,2017-09-09T23:04:00,2017-09-09T23:04:00,46,46
http://irail.be/vehicle/IC722,http://irail.be/stations/NMBS/008894425,IC,2017-09-09T23:05:00,2017-09-09T23:05:00,14,14
http://irail.be/vehicle/IC722,NO-URI,IC,2017-09-09T23:07:00,2017-09-09T23:07:00,10,10
http://irail.be/vehicle/IC722,http://irail.be/stations/NMBS/008894201,IC,2017-09-09T23:11:00,2017-09-09T23:09:00,-1,0
http://irail.be/vehicle/IC722,http://irail.be/stations/NMBS/008894151,IC,2017-09-09T23:16:00,2017-09-09T23:16:00,-1,-1
http://irail.be/vehicle/IC722,http://irail.be/stations/NMBS/008893120,IC,2017-09-09T23:24:00,2017-09-09T23:23:00,25,-58
http://irail.be/vehicle/IC722,http://irail.be/stations/NMBS/008893179,IC,2017-09-09T23:26:00,2017-09-09T23:26:00,25,25
http://irail.be/vehicle/IC722,NO-URI,IC,2017-09-09T23:27:00,2017-09-09T23:27:00,-38,-38
http://irail.be/vehicle/IC722,http://irail.be/stations/NMBS/008892007,IC,2017-09-09T23:36:00,2017-09-09T23:33:00,88,-67
http://irail.be/vehicle/IC722,http://irail.be/stations/NMBS/008892080,IC,2017-09-09T23:43:00,2017-09-09T23:42:00,69,92
http://irail.be/vehicle/IC722,NO-URI,IC,2017-09-09T23:47:00,2017-09-09T23:47:00,69,69
http://irail.be/vehicle/IC722,http://irail.be/stations/NMBS/008892106,IC,2017-09-09T23:50:00,2017-09-09T23:49:00,56,64
http://irail.be/vehicle/IC722,http://irail.be/stations/NMBS/008896149,IC,2017-09-09T23:58:00,2017-09-09T23:57:00,35,20
http://irail.be/vehicle/IC722,http://irail.be/stations/NMBS/008896115,IC,2017-09-10T00:04:00,2017-09-10T00:04:00,21,11
http://irail.be/vehicle/IC722,http://irail.be/stations/NMBS/008896008,IC,2017-09-10T00:10:00,2017-09-10T00:10:00,,-42
http://irail.be/vehicle/IC722,http://irail.be/stations/NMBS/008821006,IC,2017-06-13T22:37:00,2017-06-13T22:37:00,11,
http://irail.be/vehicle/IC722,http://irail.be/stations/NMBS/008821121,IC,2017-06-13T22:43:00,2017-06-13T22:41:00,10,10
http://irail.be/vehicle/IC722,http://irail.be/stations/NMBS/008821196,IC,2017-06-13T22:46:00,2017-06-13T22:46:00,-8,-8
http://irail.be/vehicle/IC722,NO-URI,IC,2017-06-13T22:50:00,2017-06-13T22:50:00,-8,-8
http://irail.be/vehicle/IC722,http://irail.be/stations/NMBS/008894821,IC,2017-06-13T22:50:00,2017-06-13T22:50:00,15,15
http://irail.be/vehicle/IC722,http://irail.be/stations/NMBS/008894755,IC,2017-06-13T22:52:00,2017-06-13T22:52:00,-3,-3
http://irail.be/vehicle/IC722,http://irail.be/stations/NMBS/008894748,IC,2017-06-13T22:53:00,2017-06-13T22:53:00,-3,-3
http://irail.be/vehicle/IC722,http://irail.be/stations/NMBS/008894714,IC,2017-06-13T22:56:00,2017-06-13T22:56:00,14,14
http://irail.be/vehicle/IC722,NO-URI,IC,2017-06-13T22:57:00,2017-06-13T22:57:00,-17,-17
http://irail.be/vehicle/IC722,http://irail.be/stations/NMBS/008894508,IC,2017-06-13T23:00:00,2017-06-13T22:59:00,68,-75
http://irail.be/vehicle/IC722,http://irail.be/stations/NMBS/008894433,IC,2017-06-13T23:03:00,2017-06-13T23:03:00,68,68
http://irail.be/vehicle/IC722,http://irail.be/stations/NMBS/008894425,IC,2017-06-13T23:04:00,2017-06-13T23:04:00,80,80
http://irail.be/vehicle/IC722,NO-URI,IC,2017-06-13T23:06:00,2017-06-13T23:06:00,40,40
http://irail.be/vehicle/IC722,http://irail.be/stations/NMBS/008894201,IC,2017-06-13T23:09:00,2017-06-13T23:08:00,45,25
http://irail.be/vehicle/IC722,http://irail.be/stations/NMBS/008894151,IC,2017-06-13T23:15:00,2017-06-13T23:15:00,64,45
http://irail.be/vehicle/IC722,http://irail.be/stations/NMBS/008893120,IC,2017-06-13T23:24:00,2017-06-13T23:23:00,157,30
http://irail.be/vehicle/IC722,http://irail.be/stations/NMBS/008893179,IC,2017-06-13T23:26:00,2017-06-13T23:26:00,157,157
http://irail.be/vehicle/IC722,NO-URI,IC,2017-06-13T23:27:00,2017-06-13T23:27:00,602,602
http://irail.be/vehicle/IC722,http://irail.be/stations/NMBS/008892007,IC,2017-06-13T23:36:00,2017-06-13T23:33:00,653,676
http://irail.be/vehicle/IC722,http://irail.be/stations/NMBS/008892080,IC,2017-06-13T23:43:00,2017-06-13T23:42:00,602,637
http://irail.be/vehicle/IC722,NO-URI,IC,2017-06-13T23:48:00,2017-06-13T23:48:00,548,548
http://irail.be/vehicle/IC722,http://irail.be/stations/NMBS/008892106,IC,2017-06-13T23:50:00,2017-06-13T23:49:00,608,554
http://irail.be/vehicle/IC722,http://irail.be/stations/NMBS/008896149,IC,2017-06-13T23:58:00,2017-06-13T23:57:00,539,546
http://irail.be/vehicle/IC722,http://irail.be/stations/NMBS/008896115,IC,2017-06-14T00:04:00,2017-06-14T00:04:00,501,501
http://irail.be/vehicle/IC722,http://irail.be/stations/NMBS/008896008,IC,2017-06-14T00:10:00,2017-06-14T00:10:00,,435
http://irail.be/vehicle/IC722,http://irail.be/stations/NMBS/008821006,IC,2017-10-26T22:37:00,2017-10-26T22:37:00,32,
http://irail.be/vehicle/IC722,http://irail.be/stations/NMBS/008821121,IC,2017-10-26T22:43:00,2017-10-26T22:41:00,34,34
http://irail.be/vehicle/IC722,http://irail.be/stations/NMBS/008821196,IC,2017-10-26T22:46:00,2017-10-26T22:46:00,21,21
http://irail.be/vehicle/IC722,NO-URI,IC,2017-10-26T22:50:00,2017-10-26T22:50:00,21,21
http://irail.be/vehicle/IC722,http://irail.be/stations/NMBS/008894821,IC,2017-10-26T22:50:00,2017-10-26T22:50:00,49,49
http://irail.be/vehicle/IC722,http://irail.be/stations/NMBS/008894755,IC,2017-10-26T22:52:00,2017-10-26T22:52:00,33,33
http://irail.be/vehicle/IC722,http://irail.be/stations/NMBS/008894748,IC,2017-10-26T22:53:00,2017-10-26T22:53:00,4,4
http://irail.be/vehicle/IC722,http://irail.be/stations/NMBS/008894714,IC,2017-10-26T22:56:00,2017-10-26T22:56:00,-15,-15
http://irail.be/vehicle/IC722,NO-URI,IC,2017-10-26T22:57:00,2017-10-26T22:57:00,-26,-26
http://irail.be/vehicle/IC722,http://irail.be/stations/NMBS/008894508,IC,2017-10-26T23:00:00,2017-10-26T22:59:00,73,-47
http://irail.be/vehicle/IC722,http://irail.be/stations/NMBS/008894433,IC,2017-10-26T23:03:00,2017-10-26T23:03:00,73,73
http://irail.be/vehicle/IC722,http://irail.be/stations/NMBS/008894425,IC,2017-10-26T23:04:00,2017-10-26T23:04:00,29,29
http://irail.be/vehicle/IC722,NO-URI,IC,2017-10-26T23:06:00,2017-10-26T23:06:00,31,31
http://irail.be/vehicle/IC722,http://irail.be/stations/NMBS/008894201,IC,2017-10-26T23:09:00,2017-10-26T23:08:00,130,145
http://irail.be/vehicle/IC722,http://irail.be/stations/NMBS/008894151,IC,2017-10-26T23:15:00,2017-10-26T23:15:00,131,130
http://irail.be/vehicle/IC722,http://irail.be/stations/NMBS/008893120,IC,2017-10-26T23:24:00,2017-10-26T23:23:00,170,99
http://irail.be/vehicle/IC722,http://irail.be/stations/NMBS/008893179,IC,2017-10-26T23:26:00,2017-10-26T23:26:00,170,170
http://irail.be/vehicle/IC722,NO-URI,IC,2017-10-26T23:27:00,2017-10-26T23:27:00,98,98
http://irail.be/vehicle/IC722,http://irail.be/stations/NMBS/008892007,IC,2017-10-26T23:36:00,2017-10-26T23:33:00,22,84
http://irail.be/vehicle/IC722,http://irail.be/stations/NMBS/008892080,IC,2017-10-26T23:43:00,2017-10-26T23:42:00,-5,4
http://irail.be/vehicle/IC722,NO-URI,IC,2017-10-26T23:48:00,2017-10-26T23:48:00,-60,-60
http://irail.be/vehicle/IC722,http://irail.be/stations/NMBS/008892106,IC,2017-10-26T23:50:00,2017-10-26T23:49:00,43,-54
http://irail.be/vehicle/IC722,http://irail.be/stations/NMBS/008896149,IC,2017-10-26T23:58:00,2017-10-26T23:57:00,10,-6
http://irail.be/vehicle/IC722,http://irail.be/stations/NMBS/008896115,IC,2017-10-27T00:04:00,2017-10-27T00:04:00,0,-6
http://irail.be/vehicle/IC722,http://irail.be/stations/NMBS/008896008,IC,2017-10-27T00:10:00,2017-10-27T00:10:00,,-42
http://irail.be/vehicle/IC722,http://irail.be/stations/NMBS/008821006,IC,2017-03-03T22:37:00,2017-03-03T22:37:00,-2,
http://irail.be/vehicle/IC722,http://irail.be/stations/NMBS/008821121,IC,2017-03-03T22:43:00,2017-03-03T22:41:00,9,9
http://irail.be/vehicle/IC722,http://irail.be/stations/NMBS/008821196,IC,2017-03-03T22:46:00,2017-03-03T22:46:00,-4,-4
http://irail.be/vehicle/IC722,NO-URI,IC,2017-03-03T22:50:00,2017-03-03T22:50:00,-4,-5
http://irail.be/vehicle/IC722,http://irail.be/stations/NMBS/008894821,IC,2017-03-03T22:50:00,2017-03-03T22:50:00,24,23
http://irail.be/vehicle/IC722,http://irail.be/stations/NMBS/008894755,IC,2017-03-03T22:52:00,2017-03-03T22:52:00,26,26
http://irail.be/vehicle/IC722,http://irail.be/stations/NMBS/008894748,IC,2017-03-03T22:53:00,2017-03-03T22:53:00,-6,-6
http://irail.be/vehicle/IC722,http://irail.be/stations/NMBS/008894714,IC,2017-03-03T22:56:00,2017-03-03T22:56:00,-23,-23
http://irail.be/vehicle/IC722,NO-URI,IC,2017-03-03T22:57:00,2017-03-03T22:57:00,-32,-32
http://irail.be/vehicle/IC722,http://irail.be/stations/NMBS/008894508,IC,2017-03-03T23:00:00,2017-03-03T22:59:00,54,-71
http://irail.be/vehicle/IC722,http://irail.be/stations/NMBS/008894433,IC,2017-03-03T23:03:00,2017-03-03T23:03:00,54,54
http://irail.be/vehicle/IC722,http://irail.be/stations/NMBS/008894425,IC,2017-03-03T23:04:00,2017-03-03T23:04:00,10,10
http://irail.be/vehicle/IC722,NO-URI,IC,2017-03-03T23:06:00,2017-03-03T23:06:00,4,4
http://irail.be/vehicle/IC722,http://irail.be/stations/NMBS/008894201,IC,2017-03-03T23:09:00,2017-03-03T23:08:00,-2,-4
http://irail.be/vehicle/IC722,http://irail.be/stations/NMBS/008894151,IC,2017-03-03T23:15:00,2017-03-03T23:15:00,7,-2
http://irail.be/vehicle/IC722,http://irail.be/stations/NMBS/008893120,IC,2017-03-03T23:24:00,2017-03-03T23:23:00,195,128
http://irail.be/vehicle/IC722,http://irail.be/stations/NMBS/008893179,IC,2017-03-03T23:26:00,2017-03-03T23:26:00,195,195
http://irail.be/vehicle/IC722,NO-URI,IC,2017-03-03T23:27:00,2017-03-03T23:27:00,167,167
http://irail.be/vehicle/IC722,http://irail.be/stations/NMBS/008892007,IC,2017-03-03T23:36:00,2017-03-03T23:33:00,724,138
http://irail.be/vehicle/IC722,http://irail.be/stations/NMBS/008892080,IC,2017-03-03T23:43:00,2017-03-03T23:42:00,746,757
http://irail.be/vehicle/IC722,NO-URI,IC,2017-03-03T23:48:00,2017-03-03T23:48:00,704,704
http://irail.be/vehicle/IC722,http://irail.be/stations/NMBS/008892106,IC,2017-03-03T23:50:00,2017-03-03T23:49:00,766,715
http://irail.be/vehicle/IC722,http://irail.be/stations/NMBS/008896149,IC,2017-03-03T23:58:00,2017-03-03T23:57:00,714,709
http://irail.be/vehicle/IC722,http://irail.be/stations/NMBS/008896115,IC,2017-03-04T00:04:00,2017-03-04T00:04:00,714,714
http://irail.be/vehicle/IC722,http://irail.be/stations/NMBS/008896008,IC,2017-03-04T00:10:00,2017-03-04T00:10:00,,650
http://irail.be/vehicle/IC722,http://irail.be/stations/NMBS/008821006,IC,2017-03-30T22:37:00,2017-03-30T22:37:00,17,
http://irail.be/vehicle/IC722,http://irail.be/stations/NMBS/008821121,IC,2017-03-30T22:43:00,2017-03-30T22:41:00,20,20
http://irail.be/vehicle/IC722,http://irail.be/stations/NMBS/008821196,IC,2017-03-30T22:46:00,2017-03-30T22:46:00,-13,-13
http://irail.be/vehicle/IC722,NO-URI,IC,2017-03-30T22:50:00,2017-03-30T22:50:00,-13,-13
http://irail.be/vehicle/IC722,http://irail.be/stations/NMBS/008894821,IC,2017-03-30T22:50:00,2017-03-30T22:50:00,12,12
http://irail.be/vehicle/IC722,http://irail.be/stations/NMBS/008894755,IC,2017-03-30T22:52:00,2017-03-30T22:52:00,-1,-1
http://irail.be/vehicle/IC722,http://irail.be/stations/NMBS/008894748,IC,2017-03-30T22:53:00,2017-03-30T22:53:00,-28,-28
http://irail.be/vehicle/IC722,http://irail.be/stations/NMBS/008894714,IC,2017-03-30T22:56:00,2017-03-30T22:56:00,-45,-45
http://irail.be/vehicle/IC722,NO-URI,IC,2017-03-30T22:57:00,2017-03-30T22:57:00,-25,-25
http://irail.be/vehicle/IC722,http://irail.be/stations/NMBS/008894508,IC,2017-03-30T23:00:00,2017-03-30T22:59:00,161,23
http://irail.be/vehicle/IC722,http://irail.be/stations/NMBS/008894433,IC,2017-03-30T23:03:00,2017-03-30T23:03:00,161,161
http://irail.be/vehicle/IC722,http://irail.be/stations/NMBS/008894425,IC,2017-03-30T23:04:00,2017-03-30T23:04:00,146,146
http://irail.be/vehicle/IC722,NO-URI,IC,2017-03-30T23:06:00,2017-03-30T23:06:00,163,163
http://irail.be/vehicle/IC722,http://irail.be/stations/NMBS/008894201,IC,2017-03-30T23:09:00,2017-03-30T23:08:00,212,186
http://irail.be/vehicle/IC722,http://irail.be/stations/NMBS/008894151,IC,2017-03-30T23:15:00,2017-03-30T23:15:00,212,212
http://irail.be/vehicle/IC722,http://irail.be/stations/NMBS/008893120,IC,2017-03-30T23:24:00,2017-03-30T23:23:00,262,167
http://irail.be/vehicle/IC722,http://irail.be/stations/NMBS/008893179,IC,2017-03-30T23:26:00,2017-03-30T23:26:00,262,262
http://irail.be/vehicle/IC722,NO-URI,IC,2017-03-30T23:27:00,2017-03-30T23:27:00,198,198
http://irail.be/vehicle/IC722,http://irail.be/stations/NMBS/008892007,IC,2017-03-30T23:36:00,2017-03-30T23:33:00,177,175
http://irail.be/vehicle/IC722,http://irail.be/stations/NMBS/008892080,IC,2017-03-30T23:43:00,2017-03-30T23:42:00,102,150
http://irail.be/vehicle/IC722,NO-URI,IC,2017-03-30T23:48:00,2017-03-30T23:48:00,43,43
http://irail.be/vehicle/IC722,http://irail.be/stations/NMBS/008892106,IC,2017-03-30T23:50:00,2017-03-30T23:49:00,68,46
http://irail.be/vehicle/IC722,http://irail.be/stations/NMBS/008896149,IC,2017-03-30T23:58:00,2017-03-30T23:57:00,4,7
http://irail.be/vehicle/IC722,http://irail.be/stations/NMBS/008896115,IC,2017-03-31T00:04:00,2017-03-31T00:04:00,4,4
http://irail.be/vehicle/IC722,http://irail.be/stations/NMBS/008896008,IC,2017-03-31T00:10:00,2017-03-31T00:10:00,,-125
http://irail.be/vehicle/IC722,http://irail.be/stations/NMBS/008821006,IC,2017-03-27T22:37:00,2017-03-27T22:37:00,327,
http://irail.be/vehicle/IC722,http://irail.be/stations/NMBS/008821121,IC,2017-03-27T22:43:00,2017-03-27T22:41:00,259,259
http://irail.be/vehicle/IC722,http://irail.be/stations/NMBS/008821196,IC,2017-03-27T22:46:00,2017-03-27T22:46:00,261,261
http://irail.be/vehicle/IC722,NO-URI,IC,2017-03-27T22:50:00,2017-03-27T22:50:00,261,261
http://irail.be/vehicle/IC722,http://irail.be/stations/NMBS/008894821,IC,2017-03-27T22:50:00,2017-03-27T22:50:00,285,285
http://irail.be/vehicle/IC722,http://irail.be/stations/NMBS/008894755,IC,2017-03-27T22:52:00,2017-03-27T22:52:00,269,269
http://irail.be/vehicle/IC722,http://irail.be/stations/NMBS/008894748,IC,2017-03-27T22:53:00,2017-03-27T22:53:00,238,238
http://irail.be/vehicle/IC722,http://irail.be/stations/NMBS/008894714,IC,2017-03-27T22:56:00,2017-03-27T22:56:00,213,213
http://irail.be/vehicle/IC722,NO-URI,IC,2017-03-27T22:57:00,2017-03-27T22:57:00,203,203
http://irail.be/vehicle/IC722,http://irail.be/stations/NMBS/008894508,IC,2017-03-27T23:00:00,2017-03-27T22:59:00,215,166
http://irail.be/vehicle/IC722,http://irail.be/stations/NMBS/008894433,IC,2017-03-27T23:03:00,2017-03-27T23:03:00,215,215
http://irail.be/vehicle/IC722,http://irail.be/stations/NMBS/008894425,IC,2017-03-27T23:04:00,2017-03-27T23:04:00,190,190
http://irail.be/vehicle/IC722,NO-URI,IC,2017-03-27T23:06:00,2017-03-27T23:06:00,183,183
http://irail.be/vehicle/IC722,http://irail.be/stations/NMBS/008894201,IC,2017-03-27T23:09:00,2017-03-27T23:08:00,197,183
http://irail.be/vehicle/IC722,http://irail.be/stations/NMBS/008894151,IC,2017-03-27T23:15:00,2017-03-27T23:15:00,197,197
http://irail.be/vehicle/IC722,http://irail.be/stations/NMBS/008893120,IC,2017-03-27T23:24:00,2017-03-27T23:23:00,208,153
http://irail.be/vehicle/IC722,http://irail.be/stations/NMBS/008893179,IC,2017-03-27T23:26:00,2017-03-27T23:26:00,208,208
http://irail.be/vehicle/IC722,NO-URI,IC,2017-03-27T23:27:00,2017-03-27T23:27:00,161,161
http://irail.be/vehicle/IC722,http://irail.be/stations/NMBS/008892007,IC,2017-03-27T23:36:00,2017-03-27T23:33:00,48,129
http://irail.be/vehicle/IC722,http://irail.be/stations/NMBS/008892080,IC,2017-03-27T23:43:00,2017-03-27T23:42:00,80,73
http://irail.be/vehicle/IC722,NO-URI,IC,2017-03-27T23:48:00,2017-03-27T23:48:00,33,33
http://irail.be/vehicle/IC722,http://irail.be/stations/NMBS/008892106,IC,2017-03-27T23:50:00,2017-03-27T23:49:00,99,35
http://irail.be/vehicle/IC722,http://irail.be/stations/NMBS/008896149,IC,2017-03-27T23:58:00,2017-03-27T23:57:00,72,61
http://irail.be/vehicle/IC722,http://irail.be/stations/NMBS/008896115,IC,2017-03-28T00:04:00,2017-03-28T00:04:00,72,72
http://irail.be/vehicle/IC722,http://irail.be/stations/NMBS/008896008,IC,2017-03-28T00:10:00,2017-03-28T00:10:00,,-43
http://irail.be/vehicle/IC722,http://irail.be/stations/NMBS/008821006,IC,2017-12-19T22:37:00,2017-12-19T22:37:00,17,
http://irail.be/vehicle/IC722,http://irail.be/stations/NMBS/008821121,IC,2017-12-19T22:43:00,2017-12-19T22:41:00,21,21
http://irail.be/vehicle/IC722,http://irail.be/stations/NMBS/008821196,IC,2017-12-19T22:47:00,2017-12-19T22:47:00,26,26
http://irail.be/vehicle/IC722,NO-URI,IC,2017-12-19T22:50:00,2017-12-19T22:50:00,26,26
http://irail.be/vehicle/IC722,http://irail.be/stations/NMBS/008894821,IC,2017-12-19T22:50:00,2017-12-19T22:50:00,60,60
http://irail.be/vehicle/IC722,http://irail.be/stations/NMBS/008894755,IC,2017-12-19T22:52:00,2017-12-19T22:52:00,45,45
http://irail.be/vehicle/IC722,http://irail.be/stations/NMBS/008894748,IC,2017-12-19T22:53:00,2017-12-19T22:53:00,15,15
http://irail.be/vehicle/IC722,http://irail.be/stations/NMBS/008894714,IC,2017-12-19T22:56:00,2017-12-19T22:56:00,-1,-1
http://irail.be/vehicle/IC722,NO-URI,IC,2017-12-19T22:57:00,2017-12-19T22:57:00,-12,-12
http://irail.be/vehicle/IC722,http://irail.be/stations/NMBS/008894508,IC,2017-12-19T23:02:00,2017-12-19T23:00:00,46,-76
http://irail.be/vehicle/IC722,http://irail.be/stations/NMBS/008894433,IC,2017-12-19T23:05:00,2017-12-19T23:05:00,46,46
http://irail.be/vehicle/IC722,http://irail.be/stations/NMBS/008894425,IC,2017-12-19T23:06:00,2017-12-19T23:06:00,45,45
http://irail.be/vehicle/IC722,NO-URI,IC,2017-12-19T23:08:00,2017-12-19T23:08:00,39,39
http://irail.be/vehicle/IC722,http://irail.be/stations/NMBS/008894201,IC,2017-12-19T23:11:00,2017-12-19T23:10:00,27,25
http://irail.be/vehicle/IC722,http://irail.be/stations/NMBS/008894151,IC,2017-12-19T23:16:00,2017-12-19T23:16:00,27,27
http://irail.be/vehicle/IC722,http://irail.be/stations/NMBS/008893120,IC,2017-12-19T23:25:00,2017-12-19T23:24:00,26,-75
http://irail.be/vehicle/IC722,http://irail.be/stations/NMBS/008893179,IC,2017-12-19T23:27:00,2017-12-19T23:27:00,26,26
http://irail.be/vehicle/IC722,NO-URI,IC,2017-12-19T23:28:00,2017-12-19T23:28:00,135,135
http://irail.be/vehicle/IC722,http://irail.be/stations/NMBS/008892007,IC,2017-12-19T23:36:00,2017-12-19T23:33:00,71,91
http://irail.be/vehicle/IC722,http://irail.be/stations/NMBS/008892080,IC,2017-12-19T23:44:00,2017-12-19T23:43:00,21,13
http://irail.be/vehicle/IC722,NO-URI,IC,2017-12-19T23:48:00,2017-12-19T23:48:00,10,10
http://irail.be/vehicle/IC722,http://irail.be/stations/NMBS/008892106,IC,2017-12-19T23:50:00,2017-12-19T23:49:00,85,23
http://irail.be/vehicle/IC722,http://irail.be/stations/NMBS/008896149,IC,2017-12-19T23:58:00,2017-12-19T23:57:00,253,117
http://irail.be/vehicle/IC722,http://irail.be/stations/NMBS/008896115,IC,2017-12-20T00:04:00,2017-12-20T00:04:00,280,280
http://irail.be/vehicle/IC722,http://irail.be/stations/NMBS/008896008,IC,2017-12-20T00:11:00,2017-12-20T00:11:00,,212
http://irail.be/vehicle/IC722,http://irail.be/stations/NMBS/008821006,IC,2017-01-02T22:37:00,2017-01-02T22:37:00,5,
http://irail.be/vehicle/IC722,http://irail.be/stations/NMBS/008821121,IC,2017-01-02T22:43:00,2017-01-02T22:41:00,1,1
http://irail.be/vehicle/IC722,http://irail.be/stations/NMBS/008821196,IC,2017-01-02T22:46:00,2017-01-02T22:46:00,-14,-14
http://irail.be/vehicle/IC722,NO-URI,IC,2017-01-02T22:50:00,2017-01-02T22:50:00,-14,-14
http://irail.be/vehicle/IC722,http://irail.be/stations/NMBS/008894821,IC,2017-01-02T22:50:00,2017-01-02T22:50:00,12,12
http://irail.be/vehicle/IC722,http://irail.be/stations/NMBS/008894755,IC,2017-01-02T22:52:00,2017-01-02T22:52:00,-4,-4
http://irail.be/vehicle/IC722,http://irail.be/stations/NMBS/008894748,IC,2017-01-02T22:53:00,2017-01-02T22:53:00,-33,-33
http://irail.be/vehicle/IC722,http://irail.be/stations/NMBS/008894714,IC,2017-01-02T22:56:00,2017-01-02T22:56:00,-51,-51
http://irail.be/vehicle/IC722,NO-URI,IC,2017-01-02T22:57:00,2017-01-02T22:57:00,-59,-59
http://irail.be/vehicle/IC722,http://irail.be/stations/NMBS/008894508,IC,2017-01-02T23:00:00,2017-01-02T22:59:00,32,-82
http://irail.be/vehicle/IC722,http://irail.be/stations/NMBS/008894433,IC,2017-01-02T23:03:00,2017-01-02T23:03:00,32,32
http://irail.be/vehicle/IC722,http://irail.be/stations/NMBS/008894425,IC,2017-01-02T23:04:00,2017-01-02T23:04:00,5,5
http://irail.be/vehicle/IC722,NO-URI,IC,2017-01-02T23:06:00,2017-01-02T23:06:00,1,1
http://irail.be/vehicle/IC722,http://irail.be/stations/NMBS/008894201,IC,2017-01-02T23:09:00,2017-01-02T23:08:00,-6,6
http://irail.be/vehicle/IC722,http://irail.be/stations/NMBS/008894151,IC,2017-01-02T23:15:00,2017-01-02T23:15:00,21,-6
http://irail.be/vehicle/IC722,http://irail.be/stations/NMBS/008893120,IC,2017-01-02T23:24:00,2017-01-02T23:23:00,56,34
http://irail.be/vehicle/IC722,http://irail.be/stations/NMBS/008893179,IC,2017-01-02T23:26:00,2017-01-02T23:26:00,56,56
http://irail.be/vehicle/IC722,NO-URI,IC,2017-01-02T23:27:00,2017-01-02T23:27:00,-4,-4
http://irail.be/vehicle/IC722,http://irail.be/stations/NMBS/008892007,IC,2017-01-02T23:36:00,2017-01-02T23:33:00,-2,-40
http://irail.be/vehicle/IC722,http://irail.be/stations/NMBS/008892080,IC,2017-01-02T23:43:00,2017-01-02T23:42:00,34,-13
http://irail.be/vehicle/IC722,NO-URI,IC,2017-01-02T23:48:00,2017-01-02T23:48:00,-16,-16
http://irail.be/vehicle/IC722,http://irail.be/stations/NMBS/008892106,IC,2017-01-02T23:50:00,2017-01-02T23:49:00,19,-11
http://irail.be/vehicle/IC722,http://irail.be/stations/NMBS/008896149,IC,2017-01-02T23:58:00,2017-01-02T23:57:00,-30,-25
http://irail.be/vehicle/IC722,http://irail.be/stations/NMBS/008896115,IC,2017-01-03T00:04:00,2017-01-03T00:04:00,-54,-54
http://irail.be/vehicle/IC722,http://irail.be/stations/NMBS/008896008,IC,2017-01-03T00:10:00,2017-01-03T00:10:00,,-118
http://irail.be/vehicle/IC722,http://irail.be/stations/NMBS/008821006,IC,2017-01-11T22:37:00,2017-01-11T22:37:00,12,
http://irail.be/vehicle/IC722,http://irail.be/stations/NMBS/008821121,IC,2017-01-11T22:43:00,2017-01-11T22:41:00,23,23
http://irail.be/vehicle/IC722,http://irail.be/stations/NMBS/008821196,IC,2017-01-11T22:46:00,2017-01-11T22:46:00,33,33
http://irail.be/vehicle/IC722,NO-URI,IC,2017-01-11T22:50:00,2017-01-11T22:50:00,33,33
http://irail.be/vehicle/IC722,http://irail.be/stations/NMBS/008894821,IC,2017-01-11T22:50:00,2017-01-11T22:50:00,60,60
http://irail.be/vehicle/IC722,http://irail.be/stations/NMBS/008894755,IC,2017-01-11T22:52:00,2017-01-11T22:52:00,40,40
http://irail.be/vehicle/IC722,http://irail.be/stations/NMBS/008894748,IC,2017-01-11T22:53:00,2017-01-11T22:53:00,43,43
http://irail.be/vehicle/IC722,http://irail.be/stations/NMBS/008894714,IC,2017-01-11T22:55:00,2017-01-11T22:55:00,53,53
http://irail.be/vehicle/IC722,NO-URI,IC,2017-01-11T22:57:00,2017-01-11T22:57:00,15,15
http://irail.be/vehicle/IC722,http://irail.be/stations/NMBS/008894508,IC,2017-01-11T23:00:00,2017-01-11T22:59:00,66,-41
http://irail.be/vehicle/IC722,http://irail.be/stations/NMBS/008894433,IC,2017-01-11T23:03:00,2017-01-11T23:03:00,66,66
http://irail.be/vehicle/IC722,http://irail.be/stations/NMBS/008894425,IC,2017-01-11T23:03:00,2017-01-11T23:03:00,73,73
http://irail.be/vehicle/IC722,NO-URI,IC,2017-01-11T23:06:00,2017-01-11T23:06:00,29,29
http://irail.be/vehicle/IC722,http://irail.be/stations/NMBS/008894201,IC,2017-01-11T23:09:00,2017-01-11T23:08:00,-1,17
http://irail.be/vehicle/IC722,http://irail.be/stations/NMBS/008894151,IC,2017-01-11T23:15:00,2017-01-11T23:15:00,34,-1
http://irail.be/vehicle/IC722,http://irail.be/stations/NMBS/008893120,IC,2017-01-11T23:24:00,2017-01-11T23:23:00,89,39
http://irail.be/vehicle/IC722,http://irail.be/stations/NMBS/008893179,IC,2017-01-11T23:26:00,2017-01-11T23:26:00,89,89
http://irail.be/vehicle/IC722,NO-URI,IC,2017-01-11T23:27:00,2017-01-11T23:27:00,35,35
http://irail.be/vehicle/IC722,http://irail.be/stations/NMBS/008892007,IC,2017-01-11T23:36:00,2017-01-11T23:33:00,66,96
http://irail.be/vehicle/IC722,http://irail.be/stations/NMBS/008892080,IC,2017-01-11T23:43:00,2017-01-11T23:42:00,26,51
http://irail.be/vehicle/IC722,NO-URI,IC,2017-01-11T23:48:00,2017-01-11T23:48:00,-31,-31
http://irail.be/vehicle/IC722,http://irail.be/stations/NMBS/008892106,IC,2017-01-11T23:50:00,2017-01-11T23:49:00,33,-27
http://irail.be/vehicle/IC722,http://irail.be/stations/NMBS/008896149,IC,2017-01-11T23:58:00,2017-01-11T23:57:00,25,-25
http://irail.be/vehicle/IC722,http://irail.be/stations/NMBS/008896115,IC,2017-01-12T00:04:00,2017-01-12T00:04:00,-16,-16
http://irail.be/vehicle/IC722,http://irail.be/stations/NMBS/008896008,IC,2017-01-12T00:10:00,2017-01-12T00:10:00,,-78
http://irail.be/vehicle/IC722,http://irail.be/stations/NMBS/008821006,IC,2017-11-03T22:37:00,2017-11-03T22:37:00,26,
http://irail.be/vehicle/IC722,http://irail.be/stations/NMBS/008821121,IC,2017-11-03T22:43:00,2017-11-03T22:41:00,40,40
http://irail.be/vehicle/IC722,http://irail.be/stations/NMBS/008821196,IC,2017-11-03T22:46:00,2017-11-03T22:46:00,34,34
http://irail.be/vehicle/IC722,NO-URI,IC,2017-11-03T22:50:00,2017-11-03T22:50:00,34,34
http://irail.be/vehicle/IC722,http://irail.be/stations/NMBS/008894821,IC,2017-11-03T22:50:00,2017-11-03T22:50:00,64,64
http://irail.be/vehicle/IC722,http://irail.be/stations/NMBS/008894755,IC,2017-11-03T22:52:00,2017-11-03T22:52:00,56,56
http://irail.be/vehicle/IC722,http://irail.be/stations/NMBS/008894748,IC,2017-11-03T22:53:00,2017-11-03T22:53:00,30,30
http://irail.be/vehicle/IC722,http://irail.be/stations/NMBS/008894714,IC,2017-11-03T22:56:00,2017-11-03T22:56:00,10,10
http://irail.be/vehicle/IC722,NO-URI,IC,2017-11-03T22:57:00,2017-11-03T22:57:00,1,1
http://irail.be/vehicle/IC722,http://irail.be/stations/NMBS/008894508,IC,2017-11-03T23:00:00,2017-11-03T22:59:00,59,-32
http://irail.be/vehicle/IC722,http://irail.be/stations/NMBS/008894433,IC,2017-11-03T23:03:00,2017-11-03T23:03:00,59,59
http://irail.be/vehicle/IC722,http://irail.be/stations/NMBS/008894425,IC,2017-11-03T23:04:00,2017-11-03T23:04:00,28,28
http://irail.be/vehicle/IC722,NO-URI,IC,2017-11-03T23:06:00,2017-11-03T23:06:00,24,24
http://irail.be/vehicle/IC722,http://irail.be/stations/NMBS/008894201,IC,2017-11-03T23:09:00,2017-11-03T23:08:00,65,66
http://irail.be/vehicle/IC722,http://irail.be/stations/NMBS/008894151,IC,2017-11-03T23:15:00,2017-11-03T23:15:00,65,65
http://irail.be/vehicle/IC722,http://irail.be/stations/NMBS/008893120,IC,2017-11-03T23:24:00,2017-11-03T23:23:00,75,7
http://irail.be/vehicle/IC722,http://irail.be/stations/NMBS/008893179,IC,2017-11-03T23:26:00,2017-11-03T23:26:00,75,75
http://irail.be/vehicle/IC722,NO-URI,IC,2017-11-03T23:27:00,2017-11-03T23:27:00,34,34
http://irail.be/vehicle/IC722,http://irail.be/stations/NMBS/008892007,IC,2017-11-03T23:36:00,2017-11-03T23:33:00,20,4
http://irail.be/vehicle/IC722,http://irail.be/stations/NMBS/008892080,IC,2017-11-03T23:43:00,2017-11-03T23:42:00,43,28
http://irail.be/vehicle/IC722,NO-URI,IC,2017-11-03T23:48:00,2017-11-03T23:48:00,10,10
http://irail.be/vehicle/IC722,http://irail.be/stations/NMBS/008892106,IC,2017-11-03T23:50:00,2017-11-03T23:49:00,54,20
http://irail.be/vehicle/IC722,http://irail.be/stations/NMBS/008896149,IC,2017-11-03T23:58:00,2017-11-03T23:57:00,35,9
http://irail.be/vehicle/IC722,http://irail.be/stations/NMBS/008896115,IC,2017-11-04T00:04:00,2017-11-04T00:04:00,-10,-10
http://irail.be/vehicle/IC722,http://irail.be/stations/NMBS/008896008,IC,2017-11-04T00:10:00,2017-11-04T00:10:00,,-94
http://irail.be/vehicle/IC722,http://irail.be/stations/NMBS/008821006,IC,2017-06-21T22:37:00,2017-06-21T22:37:00,17,
http://irail.be/vehicle/IC722,http://irail.be/stations/NMBS/008821121,IC,2017-06-21T22:43:00,2017-06-21T22:41:00,24,24
http://irail.be/vehicle/IC722,http://irail.be/stations/NMBS/008821196,IC,2017-06-21T22:46:00,2017-06-21T22:46:00,-18,-18
http://irail.be/vehicle/IC722,NO-URI,IC,2017-06-21T22:50:00,2017-06-21T22:50:00,-18,-18
http://irail.be/vehicle/IC722,http://irail.be/stations/NMBS/008894821,IC,2017-06-21T22:50:00,2017-06-21T22:50:00,4,4
http://irail.be/vehicle/IC722,http://irail.be/stations/NMBS/008894755,IC,2017-06-21T22:52:00,2017-06-21T22:52:00,-19,-19
http://irail.be/vehicle/IC722,http://irail.be/stations/NMBS/008894748,IC,2017-06-21T22:53:00,2017-06-21T22:53:00,-51,-51
http://irail.be/vehicle/IC722,http://irail.be/stations/NMBS/008894714,IC,2017-06-21T22:56:00,2017-06-21T22:56:00,-75,-75
http://irail.be/vehicle/IC722,NO-URI,IC,2017-06-21T22:57:00,2017-06-21T22:57:00,-86,-86
http://irail.be/vehicle/IC722,http://irail.be/stations/NMBS/008894508,IC,2017-06-21T23:00:00,2017-06-21T22:59:00,83,-110
http://irail.be/vehicle/IC722,http://irail.be/stations/NMBS/008894433,IC,2017-06-21T23:03:00,2017-06-21T23:03:00,115,83
http://irail.be/vehicle/IC722,http://irail.be/stations/NMBS/008894425,IC,2017-06-21T23:04:00,2017-06-21T23:04:00,196,115
http://irail.be/vehicle/IC722,NO-URI,IC,2017-06-21T23:06:00,2017-06-21T23:06:00,194,194
http://irail.be/vehicle/IC722,http://irail.be/stations/NMBS/008894201,IC,2017-06-21T23:09:00,2017-06-21T23:08:00,180,198
http://irail.be/vehicle/IC722,http://irail.be/stations/NMBS/008894151,IC,2017-06-21T23:15:00,2017-06-21T23:15:00,180,180
http://irail.be/vehicle/IC722,http://irail.be/stations/NMBS/008893120,IC,2017-06-21T23:24:00,2017-06-21T23:23:00,193,181
http://irail.be/vehicle/IC722,http://irail.be/stations/NMBS/008893179,IC,2017-06-21T23:26:00,2017-06-21T23:26:00,193,193
http://irail.be/vehicle/IC722,NO-URI,IC,2017-06-21T23:27:00,2017-06-21T23:27:00,128,128
http://irail.be/vehicle/IC722,http://irail.be/stations/NMBS/008892007,IC,2017-06-21T23:36:00,2017-06-21T23:33:00,750,112
http://irail.be/vehicle/IC722,http://irail.be/stations/NMBS/008892080,IC,2017-06-21T23:43:00,2017-06-21T23:42:00,680,729
http://irail.be/vehicle/IC722,NO-URI,IC,2017-06-21T23:48:00,2017-06-21T23:48:00,620,620
http://irail.be/vehicle/IC722,http://irail.be/stations/NMBS/008892106,IC,2017-06-21T23:50:00,2017-06-21T23:49:00,654,633
http://irail.be/vehicle/IC722,http://irail.be/stations/NMBS/008896149,IC,2017-06-21T23:58:00,2017-06-21T23:57:00,578,602
http://irail.be/vehicle/IC722,http://irail.be/stations/NMBS/008896115,IC,2017-06-22T00:04:00,2017-06-22T00:04:00,549,549
http://irail.be/vehicle/IC722,http://irail.be/stations/NMBS/008896008,IC,2017-06-22T00:10:00,2017-06-22T00:10:00,,448
http://irail.be/vehicle/IC722,http://irail.be/stations/NMBS/008821006,IC,2017-11-12T22:37:00,2017-11-12T22:37:00,16,
http://irail.be/vehicle/IC722,http://irail.be/stations/NMBS/008821121,IC,2017-11-12T22:43:00,2017-11-12T22:41:00,23,23
http://irail.be/vehicle/IC722,http://irail.be/stations/NMBS/008821196,IC,2017-11-12T22:46:00,2017-11-12T22:46:00,52,52
http://irail.be/vehicle/IC722,NO-URI,IC,2017-11-12T22:50:00,2017-11-12T22:50:00,52,52
http://irail.be/vehicle/IC722,http://irail.be/stations/NMBS/008894821,IC,2017-11-12T22:50:00,2017-11-12T22:50:00,86,86
http://irail.be/vehicle/IC722,http://irail.be/stations/NMBS/008894755,IC,2017-11-12T22:52:00,2017-11-12T22:52:00,89,89
http://irail.be/vehicle/IC722,http://irail.be/stations/NMBS/008894748,IC,2017-11-12T22:53:00,2017-11-12T22:53:00,58,58
http://irail.be/vehicle/IC722,http://irail.be/stations/NMBS/008894714,IC,2017-11-12T22:56:00,2017-11-12T22:56:00,35,35
http://irail.be/vehicle/IC722,NO-URI,IC,2017-11-12T22:57:00,2017-11-12T22:57:00,24,24
http://irail.be/vehicle/IC722,http://irail.be/stations/NMBS/008894508,IC,2017-11-12T23:01:00,2017-11-12T22:59:00,46,-18
http://irail.be/vehicle/IC722,http://irail.be/stations/NMBS/008894433,IC,2017-11-12T23:04:00,2017-11-12T23:04:00,46,46
http://irail.be/vehicle/IC722,http://irail.be/stations/NMBS/008894425,IC,2017-11-12T23:05:00,2017-11-12T23:05:00,19,19
http://irail.be/vehicle/IC722,NO-URI,IC,2017-11-12T23:07:00,2017-11-12T23:07:00,20,20
http://irail.be/vehicle/IC722,http://irail.be/stations/NMBS/008894201,IC,2017-11-12T23:11:00,2017-11-12T23:09:00,7,42
http://irail.be/vehicle/IC722,http://irail.be/stations/NMBS/008894151,IC,2017-11-12T23:16:00,2017-11-12T23:16:00,7,7
http://irail.be/vehicle/IC722,http://irail.be/stations/NMBS/008893120,IC,2017-11-12T23:24:00,2017-11-12T23:23:00,86,-6
http://irail.be/vehicle/IC722,http://irail.be/stations/NMBS/008893179,IC,2017-11-12T23:26:00,2017-11-12T23:26:00,86,86
http://irail.be/vehicle/IC722,NO-URI,IC,2017-11-12T23:27:00,2017-11-12T23:27:00,112,112
http://irail.be/vehicle/IC722,http://irail.be/stations/NMBS/008892007,IC,2017-11-12T23:36:00,2017-11-12T23:33:00,223,106
http://irail.be/vehicle/IC722,http://irail.be/stations/NMBS/008892080,IC,2017-11-12T23:43:00,2017-11-12T23:42:00,322,353
http://irail.be/vehicle/IC722,NO-URI,IC,2017-11-12T23:47:00,2017-11-12T23:47:00,310,310
http://irail.be/vehicle/IC722,http://irail.be/stations/NMBS/008892106,IC,2017-11-12T23:50:00,2017-11-12T23:49:00,319,325
http://irail.be/vehicle/IC722,http://irail.be/stations/NMBS/008896149,IC,2017-11-12T23:58:00,2017-11-12T23:57:00,273,263
http://irail.be/vehicle/IC722,http://irail.be/stations/NMBS/008896115,IC,2017-11-13T00:04:00,2017-11-13T00:04:00,252,252
http://irail.be/vehicle/IC722,http://irail.be/stations/NMBS/008896008,IC,2017-11-13T00:10:00,2017-11-13T00:10:00,,208
http://irail.be/vehicle/IC722,http://irail.be/stations/NMBS/008821006,IC,2017-01-29T22:37:00,2017-01-29T22:37:00,6,
http://irail.be/vehicle/IC722,http://irail.be/stations/NMBS/008821121,IC,2017-01-29T22:43:00,2017-01-29T22:41:00,32,32
http://irail.be/vehicle/IC722,http://irail.be/stations/NMBS/008821196,IC,2017-01-29T22:46:00,2017-01-29T22:46:00,-13,-13
http://irail.be/vehicle/IC722,NO-URI,IC,2017-01-29T22:50:00,2017-01-29T22:50:00,-13,-13
http://irail.be/vehicle/IC722,http://irail.be/stations/NMBS/008894821,IC,2017-01-29T22:50:00,2017-01-29T22:50:00,10,10
http://irail.be/vehicle/IC722,http://irail.be/stations/NMBS/008894755,IC,2017-01-29T22:52:00,2017-01-29T22:52:00,-8,-8
http://irail.be/vehicle/IC722,http://irail.be/stations/NMBS/008894748,IC,2017-01-29T22:53:00,2017-01-29T22:53:00,-5,-5
http://irail.be/vehicle/IC722,http://irail.be/stations/NMBS/008894714,IC,2017-01-29T22:55:00,2017-01-29T22:55:00,2,2
http://irail.be/vehicle/IC722,NO-URI,IC,2017-01-29T22:57:00,2017-01-29T22:57:00,-34,-34
http://irail.be/vehicle/IC722,http://irail.be/stations/NMBS/008894508,IC,2017-01-29T23:01:00,2017-01-29T22:59:00,50,-91
http://irail.be/vehicle/IC722,http://irail.be/stations/NMBS/008894433,IC,2017-01-29T23:04:00,2017-01-29T23:04:00,50,50
http://irail.be/vehicle/IC722,http://irail.be/stations/NMBS/008894425,IC,2017-01-29T23:04:00,2017-01-29T23:04:00,50,50
http://irail.be/vehicle/IC722,NO-URI,IC,2017-01-29T23:07:00,2017-01-29T23:07:00,9,9
http://irail.be/vehicle/IC722,http://irail.be/stations/NMBS/008894201,IC,2017-01-29T23:11:00,2017-01-29T23:09:00,3,-9
http://irail.be/vehicle/IC722,http://irail.be/stations/NMBS/008894151,IC,2017-01-29T23:16:00,2017-01-29T23:16:00,3,3
http://irail.be/vehicle/IC722,http://irail.be/stations/NMBS/008893120,IC,2017-01-29T23:24:00,2017-01-29T23:23:00,202,93
http://irail.be/vehicle/IC722,http://irail.be/stations/NMBS/008893179,IC,2017-01-29T23:26:00,2017-01-29T23:26:00,202,202
http://irail.be/vehicle/IC722,NO-URI,IC,2017-01-29T23:27:00,2017-01-29T23:27:00,250,250
http://irail.be/vehicle/IC722,http://irail.be/stations/NMBS/008892007,IC,2017-01-29T23:36:00,2017-01-29T23:33:00,236,308
http://irail.be/vehicle/IC722,http://irail.be/stations/NMBS/008892080,IC,2017-01-29T23:43:00,2017-01-29T23:42:00,314,300
http://irail.be/vehicle/IC722,NO-URI,IC,2017-01-29T23:47:00,2017-01-29T23:47:00,275,275
http://irail.be/vehicle/IC722,http://irail.be/stations/NMBS/008892106,IC,2017-01-29T23:50:00,2017-01-29T23:49:00,267,234
http://irail.be/vehicle/IC722,http://irail.be/stations/NMBS/008896149,IC,2017-01-29T23:58:00,2017-01-29T23:57:00,191,215
http://irail.be/vehicle/IC722,http://irail.be/stations/NMBS/008896115,IC,2017-01-30T00:04:00,2017-01-30T00:04:00,109,109
http://irail.be/vehicle/IC722,http://irail.be/stations/NMBS/008896008,IC,2017-01-30T00:10:00,2017-01-30T00:10:00,,32
http://irail.be/vehicle/IC722,http://irail.be/stations/NMBS/008821006,IC,2017-08-05T22:37:00,2017-08-05T22:37:00,100,
http://irail.be/vehicle/IC722,http://irail.be/stations/NMBS/008821121,IC,2017-08-05T22:43:00,2017-08-05T22:41:00,50,50
http://irail.be/vehicle/IC722,http://irail.be/stations/NMBS/008821196,IC,2017-08-05T22:46:00,2017-08-05T22:46:00,-1,-1
http://irail.be/vehicle/IC722,NO-URI,IC,2017-08-05T22:50:00,2017-08-05T22:50:00,-1,-1
http://irail.be/vehicle/IC722,http://irail.be/stations/NMBS/008894821,IC,2017-08-05T22:50:00,2017-08-05T22:50:00,25,25
http://irail.be/vehicle/IC722,http://irail.be/stations/NMBS/008894755,IC,2017-08-05T22:52:00,2017-08-05T22:52:00,9,9
http://irail.be/vehicle/IC722,http://irail.be/stations/NMBS/008894748,IC,2017-08-05T22:53:00,2017-08-05T22:53:00,10,10
http://irail.be/vehicle/IC722,http://irail.be/stations/NMBS/008894714,IC,2017-08-05T22:55:00,2017-08-05T22:55:00,13,13
http://irail.be/vehicle/IC722,NO-URI,IC,2017-08-05T22:57:00,2017-08-05T22:57:00,-29,-29
http://irail.be/vehicle/IC722,http://irail.be/stations/NMBS/008894508,IC,2017-08-05T23:01:00,2017-08-05T22:59:00,57,-102
http://irail.be/vehicle/IC722,http://irail.be/stations/NMBS/008894433,IC,2017-08-05T23:04:00,2017-08-05T23:04:00,57,57
http://irail.be/vehicle/IC722,http://irail.be/stations/NMBS/008894425,IC,2017-08-05T23:04:00,2017-08-05T23:04:00,47,47
http://irail.be/vehicle/IC722,NO-URI,IC,2017-08-05T23:07:00,2017-08-05T23:07:00,2,2
http://irail.be/vehicle/IC722,http://irail.be/stations/NMBS/008894201,IC,2017-08-05T23:11:00,2017-08-05T23:09:00,7,-19
http://irail.be/vehicle/IC722,http://irail.be/stations/NMBS/008894151,IC,2017-08-05T23:16:00,2017-08-05T23:16:00,7,7
http://irail.be/vehicle/IC722,http://irail.be/stations/NMBS/008893120,IC,2017-08-05T23:24:00,2017-08-05T23:23:00,17,-81
http://irail.be/vehicle/IC722,http://irail.be/stations/NMBS/008893179,IC,2017-08-05T23:26:00,2017-08-05T23:26:00,17,17
http://irail.be/vehicle/IC722,NO-URI,IC,2017-08-05T23:27:00,2017-08-05T23:27:00,-17,-17
http://irail.be/vehicle/IC722,http://irail.be/stations/NMBS/008892007,IC,2017-08-05T23:36:00,2017-08-05T23:33:00,18,-49
http://irail.be/vehicle/IC722,http://irail.be/stations/NMBS/008892080,IC,2017-08-05T23:43:00,2017-08-05T23:42:00,8,7
http://irail.be/vehicle/IC722,NO-URI,IC,2017-08-05T23:47:00,2017-08-05T23:47:00,-12,-12
http://irail.be/vehicle/IC722,http://irail.be/stations/NMBS/008892106,IC,2017-08-05T23:50:00,2017-08-05T23:49:00,21,-19
http://irail.be/vehicle/IC722,http://irail.be/stations/NMBS/008896149,IC,2017-08-05T23:58:00,2017-08-05T23:57:00,-11,-37
http://irail.be/vehicle/IC722,http://irail.be/stations/NMBS/008896115,IC,2017-08-06T00:04:00,2017-08-06T00:04:00,24,-26
http://irail.be/vehicle/IC722,http://irail.be/stations/NMBS/008896008,IC,2017-08-06T00:10:00,2017-08-06T00:10:00,,-22
http://irail.be/vehicle/IC722,http://irail.be/stations/NMBS/008821006,IC,2017-01-03T22:37:00,2017-01-03T22:37:00,16,
http://irail.be/vehicle/IC722,http://irail.be/stations/NMBS/008821121,IC,2017-01-03T22:43:00,2017-01-03T22:41:00,17,17
http://irail.be/vehicle/IC722,http://irail.be/stations/NMBS/008821196,IC,2017-01-03T22:46:00,2017-01-03T22:46:00,-1,-1
http://irail.be/vehicle/IC722,NO-URI,IC,2017-01-03T22:50:00,2017-01-03T22:50:00,-1,-1
http://irail.be/vehicle/IC722,http://irail.be/stations/NMBS/008894821,IC,2017-01-03T22:50:00,2017-01-03T22:50:00,25,25
http://irail.be/vehicle/IC722,http://irail.be/stations/NMBS/008894755,IC,2017-01-03T22:52:00,2017-01-03T22:52:00,6,6
http://irail.be/vehicle/IC722,http://irail.be/stations/NMBS/008894748,IC,2017-01-03T22:53:00,2017-01-03T22:53:00,-24,-24
http://irail.be/vehicle/IC722,http://irail.be/stations/NMBS/008894714,IC,2017-01-03T22:56:00,2017-01-03T22:56:00,-39,-39
http://irail.be/vehicle/IC722,NO-URI,IC,2017-01-03T22:57:00,2017-01-03T22:57:00,-50,-50
http://irail.be/vehicle/IC722,http://irail.be/stations/NMBS/008894508,IC,2017-01-03T23:00:00,2017-01-03T22:59:00,48,-80
http://irail.be/vehicle/IC722,http://irail.be/stations/NMBS/008894433,IC,2017-01-03T23:03:00,2017-01-03T23:03:00,48,48
http://irail.be/vehicle/IC722,http://irail.be/stations/NMBS/008894425,IC,2017-01-03T23:04:00,2017-01-03T23:04:00,14,14
http://irail.be/vehicle/IC722,NO-URI,IC,2017-01-03T23:06:00,2017-01-03T23:06:00,8,8
http://irail.be/vehicle/IC722,http://irail.be/stations/NMBS/008894201,IC,2017-01-03T23:09:00,2017-01-03T23:08:00,9,4
http://irail.be/vehicle/IC722,http://irail.be/stations/NMBS/008894151,IC,2017-01-03T23:15:00,2017-01-03T23:15:00,95,9
http://irail.be/vehicle/IC722,http://irail.be/stations/NMBS/008893120,IC,2017-01-03T23:24:00,2017-01-03T23:23:00,123,85
http://irail.be/vehicle/IC722,http://irail.be/stations/NMBS/008893179,IC,2017-01-03T23:26:00,2017-01-03T23:26:00,123,123
http://irail.be/vehicle/IC722,NO-URI,IC,2017-01-03T23:27:00,2017-01-03T23:27:00,61,61
http://irail.be/vehicle/IC722,http://irail.be/stations/NMBS/008892007,IC,2017-01-03T23:36:00,2017-01-03T23:33:00,104,59
http://irail.be/vehicle/IC722,http://irail.be/stations/NMBS/008892080,IC,2017-01-03T23:43:00,2017-01-03T23:42:00,1249,1165
http://irail.be/vehicle/IC722,NO-URI,IC,2017-01-03T23:48:00,2017-01-03T23:48:00,1203,1203
http://irail.be/vehicle/IC722,http://irail.be/stations/NMBS/008892106,IC,2017-01-03T23:50:00,2017-01-03T23:49:00,1244,1215
http://irail.be/vehicle/IC722,http://irail.be/stations/NMBS/008896149,IC,2017-01-03T23:58:00,2017-01-03T23:57:00,1185,1198
http://irail.be/vehicle/IC722,http://irail.be/stations/NMBS/008896115,IC,2017-01-04T00:04:00,2017-01-04T00:04:00,1158,1158
http://irail.be/vehicle/IC722,http://irail.be/stations/NMBS/008896008,IC,2017-01-04T00:10:00,2017-01-04T00:10:00,,1092
http://irail.be/vehicle/IC722,http://irail.be/stations/NMBS/008821006,IC,2017-09-24T22:37:00,2017-09-24T22:37:00,476,
http://irail.be/vehicle/IC722,http://irail.be/stations/NMBS/008821121,IC,2017-09-24T22:43:00,2017-09-24T22:41:00,388,388
http://irail.be/vehicle/IC722,http://irail.be/stations/NMBS/008821196,IC,2017-09-24T22:46:00,2017-09-24T22:46:00,356,356
http://irail.be/vehicle/IC722,NO-URI,IC,2017-09-24T22:50:00,2017-09-24T22:50:00,356,356
http://irail.be/vehicle/IC722,http://irail.be/stations/NMBS/008894821,IC,2017-09-24T22:50:00,2017-09-24T22:50:00,382,382
http://irail.be/vehicle/IC722,http://irail.be/stations/NMBS/008894755,IC,2017-09-24T22:52:00,2017-09-24T22:52:00,361,361
http://irail.be/vehicle/IC722,http://irail.be/stations/NMBS/008894748,IC,2017-09-24T22:53:00,2017-09-24T22:53:00,331,331
http://irail.be/vehicle/IC722,http://irail.be/stations/NMBS/008894714,IC,2017-09-24T22:56:00,2017-09-24T22:56:00,308,308
http://irail.be/vehicle/IC722,NO-URI,IC,2017-09-24T22:57:00,2017-09-24T22:57:00,297,297
http://irail.be/vehicle/IC722,http://irail.be/stations/NMBS/008894508,IC,2017-09-24T23:01:00,2017-09-24T22:59:00,246,256
http://irail.be/vehicle/IC722,http://irail.be/stations/NMBS/008894433,IC,2017-09-24T23:04:00,2017-09-24T23:04:00,246,246
http://irail.be/vehicle/IC722,http://irail.be/stations/NMBS/008894425,IC,2017-09-24T23:05:00,2017-09-24T23:05:00,210,210
http://irail.be/vehicle/IC722,NO-URI,IC,2017-09-24T23:07:00,2017-09-24T23:07:00,203,203
http://irail.be/vehicle/IC722,http://irail.be/stations/NMBS/008894201,IC,2017-09-24T23:11:00,2017-09-24T23:09:00,118,192
http://irail.be/vehicle/IC722,http://irail.be/stations/NMBS/008894151,IC,2017-09-24T23:16:00,2017-09-24T23:16:00,118,118
http://irail.be/vehicle/IC722,http://irail.be/stations/NMBS/008893120,IC,2017-09-24T23:24:00,2017-09-24T23:23:00,94,37
http://irail.be/vehicle/IC722,http://irail.be/stations/NMBS/008893179,IC,2017-09-24T23:26:00,2017-09-24T23:26:00,94,94
http://irail.be/vehicle/IC722,NO-URI,IC,2017-09-24T23:27:00,2017-09-24T23:27:00,37,37
http://irail.be/vehicle/IC722,http://irail.be/stations/NMBS/008892007,IC,2017-09-24T23:36:00,2017-09-24T23:33:00,630,4
http://irail.be/vehicle/IC722,http://irail.be/stations/NMBS/008892080,IC,2017-09-24T23:43:00,2017-09-24T23:42:00,564,609
http://irail.be/vehicle/IC722,NO-URI,IC,2017-09-24T23:47:00,2017-09-24T23:47:00,545,545
http://irail.be/vehicle/IC722,http://irail.be/stations/NMBS/008892106,IC,2017-09-24T23:50:00,2017-09-24T23:49:00,501,539
http://irail.be/vehicle/IC722,http://irail.be/stations/NMBS/008896149,IC,2017-09-24T23:58:00,2017-09-24T23:57:00,410,441
http://irail.be/vehicle/IC722,http://irail.be/stations/NMBS/008896115,IC,2017-09-25T00:04:00,2017-09-25T00:04:00,356,356
http://irail.be/vehicle/IC722,http://irail.be/stations/NMBS/008896008,IC,2017-09-25T00:10:00,2017-09-25T00:10:00,,263
http://irail.be/vehicle/IC722,http://irail.be/stations/NMBS/008821006,IC,2017-12-22T22:37:00,2017-12-22T22:37:00,64,
http://irail.be/vehicle/IC722,http://irail.be/stations/NMBS/008821121,IC,2017-12-22T22:43:00,2017-12-22T22:41:00,29,29
http://irail.be/vehicle/IC722,http://irail.be/stations/NMBS/008821196,IC,2017-12-22T22:47:00,2017-12-22T22:47:00,-26,-26
http://irail.be/vehicle/IC722,NO-URI,IC,2017-12-22T22:50:00,2017-12-22T22:50:00,-26,-26
http://irail.be/vehicle/IC722,http://irail.be/stations/NMBS/008894821,IC,2017-12-22T22:50:00,2017-12-22T22:50:00,6,6
http://irail.be/vehicle/IC722,http://irail.be/stations/NMBS/008894755,IC,2017-12-22T22:52:00,2017-12-22T22:52:00,3,3
http://irail.be/vehicle/IC722,http://irail.be/stations/NMBS/008894748,IC,2017-12-22T22:53:00,2017-12-22T22:53:00,-19,-19
http://irail.be/vehicle/IC722,http://irail.be/stations/NMBS/008894714,IC,2017-12-22T22:56:00,2017-12-22T22:56:00,-36,-36
http://irail.be/vehicle/IC722,NO-URI,IC,2017-12-22T22:57:00,2017-12-22T22:57:00,-42,-42
http://irail.be/vehicle/IC722,http://irail.be/stations/NMBS/008894508,IC,2017-12-22T23:02:00,2017-12-22T23:00:00,66,-115
http://irail.be/vehicle/IC722,http://irail.be/stations/NMBS/008894433,IC,2017-12-22T23:05:00,2017-12-22T23:05:00,66,66
http://irail.be/vehicle/IC722,http://irail.be/stations/NMBS/008894425,IC,2017-12-22T23:06:00,2017-12-22T23:06:00,39,39
http://irail.be/vehicle/IC722,NO-URI,IC,2017-12-22T23:08:00,2017-12-22T23:08:00,35,35
http://irail.be/vehicle/IC722,http://irail.be/stations/NMBS/008894201,IC,2017-12-22T23:11:00,2017-12-22T23:10:00,29,30
http://irail.be/vehicle/IC722,http://irail.be/stations/NMBS/008894151,IC,2017-12-22T23:16:00,2017-12-22T23:16:00,29,29
http://irail.be/vehicle/IC722,http://irail.be/stations/NMBS/008893120,IC,2017-12-22T23:25:00,2017-12-22T23:24:00,31,-78
http://irail.be/vehicle/IC722,http://irail.be/stations/NMBS/008893179,IC,2017-12-22T23:27:00,2017-12-22T23:27:00,31,31
http://irail.be/vehicle/IC722,NO-URI,IC,2017-12-22T23:28:00,2017-12-22T23:28:00,61,61
http://irail.be/vehicle/IC722,http://irail.be/stations/NMBS/008892007,IC,2017-12-22T23:36:00,2017-12-22T23:33:00,21,52
http://irail.be/vehicle/IC722,http://irail.be/stations/NMBS/008892080,IC,2017-12-22T23:44:00,2017-12-22T23:43:00,13,-6
http://irail.be/vehicle/IC722,NO-URI,IC,2017-12-22T23:48:00,2017-12-22T23:48:00,7,7
http://irail.be/vehicle/IC722,http://irail.be/stations/NMBS/008892106,IC,2017-12-22T23:50:00,2017-12-22T23:49:00,79,25
http://irail.be/vehicle/IC722,http://irail.be/stations/NMBS/008896149,IC,2017-12-22T23:58:00,2017-12-22T23:57:00,198,115
http://irail.be/vehicle/IC722,http://irail.be/stations/NMBS/008896115,IC,2017-12-23T00:04:00,2017-12-23T00:04:00,197,197
http://irail.be/vehicle/IC722,http://irail.be/stations/NMBS/008896008,IC,2017-12-23T00:11:00,2017-12-23T00:11:00,,70
http://irail.be/vehicle/IC722,http://irail.be/stations/NMBS/008821006,IC,2017-05-30T22:37:00,2017-05-30T22:37:00,10,
http://irail.be/vehicle/IC722,http://irail.be/stations/NMBS/008821121,IC,2017-05-30T22:43:00,2017-05-30T22:41:00,22,22
http://irail.be/vehicle/IC722,http://irail.be/stations/NMBS/008821196,IC,2017-05-30T22:46:00,2017-05-30T22:46:00,-17,-17
http://irail.be/vehicle/IC722,NO-URI,IC,2017-05-30T22:50:00,2017-05-30T22:50:00,-17,-17
http://irail.be/vehicle/IC722,http://irail.be/stations/NMBS/008894821,IC,2017-05-30T22:50:00,2017-05-30T22:50:00,9,9
http://irail.be/vehicle/IC722,http://irail.be/stations/NMBS/008894755,IC,2017-05-30T22:52:00,2017-05-30T22:52:00,-11,-11
http://irail.be/vehicle/IC722,http://irail.be/stations/NMBS/008894748,IC,2017-05-30T22:53:00,2017-05-30T22:53:00,-10,-10
http://irail.be/vehicle/IC722,http://irail.be/stations/NMBS/008894714,IC,2017-05-30T22:55:00,2017-05-30T22:55:00,-5,-5
http://irail.be/vehicle/IC722,NO-URI,IC,2017-05-30T22:57:00,2017-05-30T22:57:00,-43,-43
http://irail.be/vehicle/IC722,http://irail.be/stations/NMBS/008894508,IC,2017-05-30T23:00:00,2017-05-30T22:59:00,53,-93
http://irail.be/vehicle/IC722,http://irail.be/stations/NMBS/008894433,IC,2017-05-30T23:03:00,2017-05-30T23:03:00,53,53
http://irail.be/vehicle/IC722,http://irail.be/stations/NMBS/008894425,IC,2017-05-30T23:03:00,2017-05-30T23:03:00,59,59
http://irail.be/vehicle/IC722,NO-URI,IC,2017-05-30T23:06:00,2017-05-30T23:06:00,16,16
http://irail.be/vehicle/IC722,http://irail.be/stations/NMBS/008894201,IC,2017-05-30T23:09:00,2017-05-30T23:08:00,8,2
http://irail.be/vehicle/IC722,http://irail.be/stations/NMBS/008894151,IC,2017-05-30T23:15:00,2017-05-30T23:15:00,28,8
http://irail.be/vehicle/IC722,http://irail.be/stations/NMBS/008893120,IC,2017-05-30T23:24:00,2017-05-30T23:23:00,59,-6
http://irail.be/vehicle/IC722,http://irail.be/stations/NMBS/008893179,IC,2017-05-30T23:26:00,2017-05-30T23:26:00,59,59
http://irail.be/vehicle/IC722,NO-URI,IC,2017-05-30T23:27:00,2017-05-30T23:27:00,32,32
http://irail.be/vehicle/IC722,http://irail.be/stations/NMBS/008892007,IC,2017-05-30T23:36:00,2017-05-30T23:33:00,22,61
http://irail.be/vehicle/IC722,http://irail.be/stations/NMBS/008892080,IC,2017-05-30T23:43:00,2017-05-30T23:42:00,38,40
http://irail.be/vehicle/IC722,NO-URI,IC,2017-05-30T23:48:00,2017-05-30T23:48:00,-20,-20
http://irail.be/vehicle/IC722,http://irail.be/stations/NMBS/008892106,IC,2017-05-30T23:50:00,2017-05-30T23:49:00,43,-15
http://irail.be/vehicle/IC722,http://irail.be/stations/NMBS/008896149,IC,2017-05-30T23:58:00,2017-05-30T23:57:00,30,-6
http://irail.be/vehicle/IC722,http://irail.be/stations/NMBS/008896115,IC,2017-05-31T00:04:00,2017-05-31T00:04:00,17,14
http://irail.be/vehicle/IC722,http://irail.be/stations/NMBS/008896008,IC,2017-05-31T00:10:00,2017-05-31T00:10:00,,6
http://irail.be/vehicle/IC722,http://irail.be/stations/NMBS/008821006,IC,2017-04-23T22:37:00,2017-04-23T22:37:00,-3,
http://irail.be/vehicle/IC722,http://irail.be/stations/NMBS/008821121,IC,2017-04-23T22:43:00,2017-04-23T22:41:00,16,16
http://irail.be/vehicle/IC722,http://irail.be/stations/NMBS/008821196,IC,2017-04-23T22:46:00,2017-04-23T22:46:00,-22,-22
http://irail.be/vehicle/IC722,NO-URI,IC,2017-04-23T22:50:00,2017-04-23T22:50:00,-22,-22
http://irail.be/vehicle/IC722,http://irail.be/stations/NMBS/008894821,IC,2017-04-23T22:50:00,2017-04-23T22:50:00,0,0
http://irail.be/vehicle/IC722,http://irail.be/stations/NMBS/008894755,IC,2017-04-23T22:52:00,2017-04-23T22:52:00,-16,-16
http://irail.be/vehicle/IC722,http://irail.be/stations/NMBS/008894748,IC,2017-04-23T22:53:00,2017-04-23T22:53:00,-9,-9
http://irail.be/vehicle/IC722,http://irail.be/stations/NMBS/008894714,IC,2017-04-23T22:55:00,2017-04-23T22:55:00,5,5
http://irail.be/vehicle/IC722,NO-URI,IC,2017-04-23T22:57:00,2017-04-23T22:57:00,-24,-24
http://irail.be/vehicle/IC722,http://irail.be/stations/NMBS/008894508,IC,2017-04-23T23:01:00,2017-04-23T22:59:00,56,-76
http://irail.be/vehicle/IC722,http://irail.be/stations/NMBS/008894433,IC,2017-04-23T23:04:00,2017-04-23T23:04:00,56,56
http://irail.be/vehicle/IC722,http://irail.be/stations/NMBS/008894425,IC,2017-04-23T23:04:00,2017-04-23T23:04:00,64,64
http://irail.be/vehicle/IC722,NO-URI,IC,2017-04-23T23:07:00,2017-04-23T23:07:00,25,25
http://irail.be/vehicle/IC722,http://irail.be/stations/NMBS/008894201,IC,2017-04-23T23:11:00,2017-04-23T23:09:00,8,10
http://irail.be/vehicle/IC722,http://irail.be/stations/NMBS/008894151,IC,2017-04-23T23:16:00,2017-04-23T23:16:00,8,8
http://irail.be/vehicle/IC722,http://irail.be/stations/NMBS/008893120,IC,2017-04-23T23:28:00,2017-04-23T23:23:00,16,-31
http://irail.be/vehicle/IC722,http://irail.be/stations/NMBS/008893179,IC,2017-04-23T23:31:00,2017-04-23T23:31:00,16,16
http://irail.be/vehicle/IC722,NO-URI,IC,2017-04-23T23:32:00,2017-04-23T23:32:00,-64,-64
http://irail.be/vehicle/IC722,http://irail.be/stations/NMBS/008892007,IC,2017-04-23T23:39:00,2017-04-23T23:37:00,15,-12
http://irail.be/vehicle/IC722,http://irail.be/stations/NMBS/008892080,IC,2017-04-23T23:46:00,2017-04-23T23:45:00,-5,4
http://irail.be/vehicle/IC722,NO-URI,IC,2017-04-23T23:50:00,2017-04-23T23:50:00,-18,-18
http://irail.be/vehicle/IC722,http://irail.be/stations/NMBS/008892106,IC,2017-04-23T23:52:00,2017-04-23T23:51:00,43,-10
http://irail.be/vehicle/IC722,http://irail.be/stations/NMBS/008896149,IC,2017-04-23T23:59:00,2017-04-23T23:59:00,-8,1
http://irail.be/vehicle/IC722,http://irail.be/stations/NMBS/008896115,IC,2017-04-24T00:06:00,2017-04-24T00:06:00,2,0
http://irail.be/vehicle/IC722,http://irail.be/stations/NMBS/008896008,IC,2017-04-24T00:10:00,2017-04-24T00:10:00,,9
http://irail.be/vehicle/IC722,http://irail.be/stations/NMBS/008821006,IC,2017-08-12T22:37:00,2017-08-12T22:37:00,15,
http://irail.be/vehicle/IC722,http://irail.be/stations/NMBS/008821121,IC,2017-08-12T22:43:00,2017-08-12T22:41:00,98,98
http://irail.be/vehicle/IC722,http://irail.be/stations/NMBS/008821196,IC,2017-08-12T22:46:00,2017-08-12T22:46:00,79,79
http://irail.be/vehicle/IC722,NO-URI,IC,2017-08-12T22:50:00,2017-08-12T22:50:00,79,79
http://irail.be/vehicle/IC722,http://irail.be/stations/NMBS/008894821,IC,2017-08-12T22:50:00,2017-08-12T22:50:00,105,105
http://irail.be/vehicle/IC722,http://irail.be/stations/NMBS/008894755,IC,2017-08-12T22:52:00,2017-08-12T22:52:00,86,86
http://irail.be/vehicle/IC722,http://irail.be/stations/NMBS/008894748,IC,2017-08-12T22:53:00,2017-08-12T22:53:00,55,55
http://irail.be/vehicle/IC722,http://irail.be/stations/NMBS/008894714,IC,2017-08-12T22:56:00,2017-08-12T22:56:00,35,35
http://irail.be/vehicle/IC722,NO-URI,IC,2017-08-12T22:57:00,2017-08-12T22:57:00,24,24
http://irail.be/vehicle/IC722,http://irail.be/stations/NMBS/008894508,IC,2017-08-12T23:01:00,2017-08-12T22:59:00,72,-16
http://irail.be/vehicle/IC722,http://irail.be/stations/NMBS/008894433,IC,2017-08-12T23:04:00,2017-08-12T23:04:00,72,72
http://irail.be/vehicle/IC722,http://irail.be/stations/NMBS/008894425,IC,2017-08-12T23:05:00,2017-08-12T23:05:00,36,36
http://irail.be/vehicle/IC722,NO-URI,IC,2017-08-12T23:07:00,2017-08-12T23:07:00,31,31
http://irail.be/vehicle/IC722,http://irail.be/stations/NMBS/008894201,IC,2017-08-12T23:11:00,2017-08-12T23:09:00,-6,18
http://irail.be/vehicle/IC722,http://irail.be/stations/NMBS/008894151,IC,2017-08-12T23:16:00,2017-08-12T23:16:00,-6,-6
http://irail.be/vehicle/IC722,http://irail.be/stations/NMBS/008893120,IC,2017-08-12T23:24:00,2017-08-12T23:23:00,117,37
http://irail.be/vehicle/IC722,http://irail.be/stations/NMBS/008893179,IC,2017-08-12T23:26:00,2017-08-12T23:26:00,117,117
http://irail.be/vehicle/IC722,NO-URI,IC,2017-08-12T23:27:00,2017-08-12T23:27:00,73,73
http://irail.be/vehicle/IC722,http://irail.be/stations/NMBS/008892007,IC,2017-08-12T23:36:00,2017-08-12T23:33:00,23,63
http://irail.be/vehicle/IC722,http://irail.be/stations/NMBS/008892080,IC,2017-08-12T23:43:00,2017-08-12T23:42:00,-21,-4
http://irail.be/vehicle/IC722,NO-URI,IC,2017-08-12T23:47:00,2017-08-12T23:47:00,-41,-41
http://irail.be/vehicle/IC722,http://irail.be/stations/NMBS/008892106,IC,2017-08-12T23:50:00,2017-08-12T23:49:00,30,-47
http://irail.be/vehicle/IC722,http://irail.be/stations/NMBS/008896149,IC,2017-08-12T23:58:00,2017-08-12T23:57:00,-23,-27
http://irail.be/vehicle/IC722,http://irail.be/stations/NMBS/008896115,IC,2017-08-13T00:04:00,2017-08-13T00:04:00,-30,-67
http://irail.be/vehicle/IC722,http://irail.be/stations/NMBS/008896008,IC,2017-08-13T00:10:00,2017-08-13T00:10:00,,-74
http://irail.be/vehicle/IC722,http://irail.be/stations/NMBS/008821006,IC,2017-05-26T22:37:00,2017-05-26T22:37:00,1,
http://irail.be/vehicle/IC722,http://irail.be/stations/NMBS/008821121,IC,2017-05-26T22:43:00,2017-05-26T22:41:00,15,15
http://irail.be/vehicle/IC722,http://irail.be/stations/NMBS/008821196,IC,2017-05-26T22:46:00,2017-05-26T22:46:00,-24,-24
http://irail.be/vehicle/IC722,NO-URI,IC,2017-05-26T22:50:00,2017-05-26T22:50:00,-24,-24
http://irail.be/vehicle/IC722,http://irail.be/stations/NMBS/008894821,IC,2017-05-26T22:50:00,2017-05-26T22:50:00,-1,-1
http://irail.be/vehicle/IC722,http://irail.be/stations/NMBS/008894755,IC,2017-05-26T22:52:00,2017-05-26T22:52:00,-22,-22
http://irail.be/vehicle/IC722,http://irail.be/stations/NMBS/008894748,IC,2017-05-26T22:53:00,2017-05-26T22:53:00,-51,-51
http://irail.be/vehicle/IC722,http://irail.be/stations/NMBS/008894714,IC,2017-05-26T22:56:00,2017-05-26T22:56:00,-75,-75
http://irail.be/vehicle/IC722,NO-URI,IC,2017-05-26T22:57:00,2017-05-26T22:57:00,-87,-87
http://irail.be/vehicle/IC722,http://irail.be/stations/NMBS/008894508,IC,2017-05-26T23:00:00,2017-05-26T22:59:00,65,-124
http://irail.be/vehicle/IC722,http://irail.be/stations/NMBS/008894433,IC,2017-05-26T23:03:00,2017-05-26T23:03:00,65,65
http://irail.be/vehicle/IC722,http://irail.be/stations/NMBS/008894425,IC,2017-05-26T23:04:00,2017-05-26T23:04:00,20,20
http://irail.be/vehicle/IC722,NO-URI,IC,2017-05-26T23:06:00,2017-05-26T23:06:00,14,14
http://irail.be/vehicle/IC722,http://irail.be/stations/NMBS/008894201,IC,2017-05-26T23:09:00,2017-05-26T23:08:00,-1,2
http://irail.be/vehicle/IC722,http://irail.be/stations/NMBS/008894151,IC,2017-05-26T23:15:00,2017-05-26T23:15:00,31,-1
http://irail.be/vehicle/IC722,http://irail.be/stations/NMBS/008893120,IC,2017-05-26T23:24:00,2017-05-26T23:23:00,47,-26
http://irail.be/vehicle/IC722,http://irail.be/stations/NMBS/008893179,IC,2017-05-26T23:26:00,2017-05-26T23:26:00,47,47
http://irail.be/vehicle/IC722,NO-URI,IC,2017-05-26T23:27:00,2017-05-26T23:27:00,12,12
http://irail.be/vehicle/IC722,http://irail.be/stations/NMBS/008892007,IC,2017-05-26T23:36:00,2017-05-26T23:33:00,25,4
http://irail.be/vehicle/IC722,http://irail.be/stations/NMBS/008892080,IC,2017-05-26T23:43:00,2017-05-26T23:42:00,-30,2
http://irail.be/vehicle/IC722,NO-URI,IC,2017-05-26T23:48:00,2017-05-26T23:48:00,-81,-81
http://irail.be/vehicle/IC722,http://irail.be/stations/NMBS/008892106,IC,2017-05-26T23:50:00,2017-05-26T23:49:00,43,-79
http://irail.be/vehicle/IC722,http://irail.be/stations/NMBS/008896149,IC,2017-05-26T23:58:00,2017-05-26T23:57:00,10,-13
http://irail.be/vehicle/IC722,http://irail.be/stations/NMBS/008896115,IC,2017-05-27T00:04:00,2017-05-27T00:04:00,9,-31
http://irail.be/vehicle/IC722,http://irail.be/stations/NMBS/008896008,IC,2017-05-27T00:10:00,2017-05-27T00:10:00,,-53
http://irail.be/vehicle/IC722,http://irail.be/stations/NMBS/008821006,IC,2017-05-06T22:37:00,2017-05-06T22:37:00,257,
http://irail.be/vehicle/IC722,http://irail.be/stations/NMBS/008821121,IC,2017-05-06T22:43:00,2017-05-06T22:41:00,182,182
http://irail.be/vehicle/IC722,http://irail.be/stations/NMBS/008821196,IC,2017-05-06T22:46:00,2017-05-06T22:46:00,158,158
http://irail.be/vehicle/IC722,NO-URI,IC,2017-05-06T22:50:00,2017-05-06T22:50:00,158,158
http://irail.be/vehicle/IC722,http://irail.be/stations/NMBS/008894821,IC,2017-05-06T22:50:00,2017-05-06T22:50:00,179,179
http://irail.be/vehicle/IC722,http://irail.be/stations/NMBS/008894755,IC,2017-05-06T22:52:00,2017-05-06T22:52:00,157,157
http://irail.be/vehicle/IC722,http://irail.be/stations/NMBS/008894748,IC,2017-05-06T22:53:00,2017-05-06T22:53:00,158,158
http://irail.be/vehicle/IC722,http://irail.be/stations/NMBS/008894714,IC,2017-05-06T22:55:00,2017-05-06T22:55:00,160,160
http://irail.be/vehicle/IC722,NO-URI,IC,2017-05-06T22:57:00,2017-05-06T22:57:00,119,119
http://irail.be/vehicle/IC722,http://irail.be/stations/NMBS/008894508,IC,2017-05-06T23:01:00,2017-05-06T22:59:00,377,56
http://irail.be/vehicle/IC722,http://irail.be/stations/NMBS/008894433,IC,2017-05-06T23:04:00,2017-05-06T23:04:00,377,377
http://irail.be/vehicle/IC722,http://irail.be/stations/NMBS/008894425,IC,2017-05-06T23:04:00,2017-05-06T23:04:00,394,394
http://irail.be/vehicle/IC722,NO-URI,IC,2017-05-06T23:07:00,2017-05-06T23:07:00,352,352
http://irail.be/vehicle/IC722,http://irail.be/stations/NMBS/008894201,IC,2017-05-06T23:11:00,2017-05-06T23:09:00,286,341
http://irail.be/vehicle/IC722,http://irail.be/stations/NMBS/008894151,IC,2017-05-06T23:16:00,2017-05-06T23:16:00,286,286
http://irail.be/vehicle/IC722,http://irail.be/stations/NMBS/008893120,IC,2017-05-06T23:28:00,2017-05-06T23:23:00,29,196
http://irail.be/vehicle/IC722,http://irail.be/stations/NMBS/008893179,IC,2017-05-06T23:31:00,2017-05-06T23:31:00,29,29
http://irail.be/vehicle/IC722,NO-URI,IC,2017-05-06T23:32:00,2017-05-06T23:32:00,73,73
http://irail.be/vehicle/IC722,http://irail.be/stations/NMBS/008892007,IC,2017-05-06T23:39:00,2017-05-06T23:37:00,193,195
http://irail.be/vehicle/IC722,http://irail.be/stations/NMBS/008892080,IC,2017-05-06T23:46:00,2017-05-06T23:45:00,178,200
http://irail.be/vehicle/IC722,NO-URI,IC,2017-05-06T23:50:00,2017-05-06T23:50:00,158,158
http://irail.be/vehicle/IC722,http://irail.be/stations/NMBS/008892106,IC,2017-05-06T23:52:00,2017-05-06T23:51:00,192,173
http://irail.be/vehicle/IC722,http://irail.be/stations/NMBS/008896149,IC,2017-05-06T23:59:00,2017-05-06T23:59:00,116,133
http://irail.be/vehicle/IC722,http://irail.be/stations/NMBS/008896115,IC,2017-05-07T00:06:00,2017-05-07T00:06:00,116,89
http://irail.be/vehicle/IC722,http://irail.be/stations/NMBS/008896008,IC,2017-05-07T00:10:00,2017-05-07T00:10:00,,121
http://irail.be/vehicle/IC722,http://irail.be/stations/NMBS/008821006,IC,2017-11-27T22:37:00,2017-11-27T22:37:00,1,
http://irail.be/vehicle/IC722,http://irail.be/stations/NMBS/008821121,IC,2017-11-27T22:43:00,2017-11-27T22:41:00,60,60
http://irail.be/vehicle/IC722,http://irail.be/stations/NMBS/008821196,IC,2017-11-27T22:46:00,2017-11-27T22:46:00,30,30
http://irail.be/vehicle/IC722,NO-URI,IC,2017-11-27T22:50:00,2017-11-27T22:50:00,30,30
http://irail.be/vehicle/IC722,http://irail.be/stations/NMBS/008894821,IC,2017-11-27T22:50:00,2017-11-27T22:50:00,59,59
http://irail.be/vehicle/IC722,http://irail.be/stations/NMBS/008894755,IC,2017-11-27T22:52:00,2017-11-27T22:52:00,55,55
http://irail.be/vehicle/IC722,http://irail.be/stations/NMBS/008894748,IC,2017-11-27T22:53:00,2017-11-27T22:53:00,32,32
http://irail.be/vehicle/IC722,http://irail.be/stations/NMBS/008894714,IC,2017-11-27T22:56:00,2017-11-27T22:56:00,18,18
http://irail.be/vehicle/IC722,NO-URI,IC,2017-11-27T22:57:00,2017-11-27T22:57:00,2,2
http://irail.be/vehicle/IC722,http://irail.be/stations/NMBS/008894508,IC,2017-11-27T23:00:00,2017-11-27T22:59:00,54,-42
http://irail.be/vehicle/IC722,http://irail.be/stations/NMBS/008894433,IC,2017-11-27T23:03:00,2017-11-27T23:03:00,54,54
http://irail.be/vehicle/IC722,http://irail.be/stations/NMBS/008894425,IC,2017-11-27T23:04:00,2017-11-27T23:04:00,25,25
http://irail.be/vehicle/IC722,NO-URI,IC,2017-11-27T23:06:00,2017-11-27T23:06:00,18,18
http://irail.be/vehicle/IC722,http://irail.be/stations/NMBS/008894201,IC,2017-11-27T23:09:00,2017-11-27T23:08:00,0,7
http://irail.be/vehicle/IC722,http://irail.be/stations/NMBS/008894151,IC,2017-11-27T23:15:00,2017-11-27T23:15:00,0,0
http://irail.be/vehicle/IC722,http://irail.be/stations/NMBS/008893120,IC,2017-11-27T23:24:00,2017-11-27T23:23:00,11,-41
http://irail.be/vehicle/IC722,http://irail.be/stations/NMBS/008893179,IC,2017-11-27T23:26:00,2017-11-27T23:26:00,11,11
http://irail.be/vehicle/IC722,NO-URI,IC,2017-11-27T23:27:00,2017-11-27T23:27:00,-5,-5
http://irail.be/vehicle/IC722,http://irail.be/stations/NMBS/008892007,IC,2017-11-27T23:36:00,2017-11-27T23:33:00,14,-29
http://irail.be/vehicle/IC722,http://irail.be/stations/NMBS/008892080,IC,2017-11-27T23:43:00,2017-11-27T23:42:00,-50,-12
http://irail.be/vehicle/IC722,NO-URI,IC,2017-11-27T23:48:00,2017-11-27T23:48:00,-105,-105
http://irail.be/vehicle/IC722,http://irail.be/stations/NMBS/008892106,IC,2017-11-27T23:50:00,2017-11-27T23:49:00,41,-100
http://irail.be/vehicle/IC722,http://irail.be/stations/NMBS/008896149,IC,2017-11-27T23:58:00,2017-11-27T23:57:00,100,52
http://irail.be/vehicle/IC722,http://irail.be/stations/NMBS/008896115,IC,2017-11-28T00:04:00,2017-11-28T00:04:00,113,113
http://irail.be/vehicle/IC722,http://irail.be/stations/NMBS/008896008,IC,2017-11-28T00:10:00,2017-11-28T00:10:00,,80
http://irail.be/vehicle/IC722,http://irail.be/stations/NMBS/008821006,IC,2017-07-11T22:37:00,2017-07-11T22:37:00,8,
http://irail.be/vehicle/IC722,http://irail.be/stations/NMBS/008821121,IC,2017-07-11T22:43:00,2017-07-11T22:41:00,9,9
http://irail.be/vehicle/IC722,http://irail.be/stations/NMBS/008821196,IC,2017-07-11T22:46:00,2017-07-11T22:46:00,-10,-10
http://irail.be/vehicle/IC722,NO-URI,IC,2017-07-11T22:50:00,2017-07-11T22:50:00,-10,-10
http://irail.be/vehicle/IC722,http://irail.be/stations/NMBS/008894821,IC,2017-07-11T22:50:00,2017-07-11T22:50:00,10,10
http://irail.be/vehicle/IC722,http://irail.be/stations/NMBS/008894755,IC,2017-07-11T22:52:00,2017-07-11T22:52:00,-13,-13
http://irail.be/vehicle/IC722,http://irail.be/stations/NMBS/008894748,IC,2017-07-11T22:53:00,2017-07-11T22:53:00,-42,-42
http://irail.be/vehicle/IC722,http://irail.be/stations/NMBS/008894714,IC,2017-07-11T22:56:00,2017-07-11T22:56:00,-64,-64
http://irail.be/vehicle/IC722,NO-URI,IC,2017-07-11T22:57:00,2017-07-11T22:57:00,-76,-76
http://irail.be/vehicle/IC722,http://irail.be/stations/NMBS/008894508,IC,2017-07-11T23:00:00,2017-07-11T22:59:00,38,-110
http://irail.be/vehicle/IC722,http://irail.be/stations/NMBS/008894433,IC,2017-07-11T23:03:00,2017-07-11T23:03:00,38,38
http://irail.be/vehicle/IC722,http://irail.be/stations/NMBS/008894425,IC,2017-07-11T23:04:00,2017-07-11T23:04:00,-7,-7
http://irail.be/vehicle/IC722,NO-URI,IC,2017-07-11T23:06:00,2017-07-11T23:06:00,-13,-13
http://irail.be/vehicle/IC722,http://irail.be/stations/NMBS/008894201,IC,2017-07-11T23:09:00,2017-07-11T23:08:00,27,-23
http://irail.be/vehicle/IC722,http://irail.be/stations/NMBS/008894151,IC,2017-07-11T23:15:00,2017-07-11T23:15:00,51,27
http://irail.be/vehicle/IC722,http://irail.be/stations/NMBS/008893120,IC,2017-07-11T23:24:00,2017-07-11T23:23:00,147,25
http://irail.be/vehicle/IC722,http://irail.be/stations/NMBS/008893179,IC,2017-07-11T23:26:00,2017-07-11T23:26:00,147,147
http://irail.be/vehicle/IC722,NO-URI,IC,2017-07-11T23:27:00,2017-07-11T23:27:00,121,121
http://irail.be/vehicle/IC722,http://irail.be/stations/NMBS/008892007,IC,2017-07-11T23:36:00,2017-07-11T23:33:00,25,99
http://irail.be/vehicle/IC722,http://irail.be/stations/NMBS/008892080,IC,2017-07-11T23:43:00,2017-07-11T23:42:00,7,29
http://irail.be/vehicle/IC722,NO-URI,IC,2017-07-11T23:48:00,2017-07-11T23:48:00,-27,-27
http://irail.be/vehicle/IC722,http://irail.be/stations/NMBS/008892106,IC,2017-07-11T23:50:00,2017-07-11T23:49:00,148,33
http://irail.be/vehicle/IC722,http://irail.be/stations/NMBS/008896149,IC,2017-07-11T23:58:00,2017-07-11T23:57:00,153,146
http://irail.be/vehicle/IC722,http://irail.be/stations/NMBS/008896115,IC,2017-07-12T00:04:00,2017-07-12T00:04:00,134,134
http://irail.be/vehicle/IC722,http://irail.be/stations/NMBS/008896008,IC,2017-07-12T00:10:00,2017-07-12T00:10:00,,82
http://irail.be/vehicle/IC722,http://irail.be/stations/NMBS/008821006,IC,2017-04-07T22:37:00,2017-04-07T22:37:00,45,
http://irail.be/vehicle/IC722,http://irail.be/stations/NMBS/008821121,IC,2017-04-07T22:43:00,2017-04-07T22:41:00,22,22
http://irail.be/vehicle/IC722,http://irail.be/stations/NMBS/008821196,IC,2017-04-07T22:46:00,2017-04-07T22:46:00,1,1
http://irail.be/vehicle/IC722,NO-URI,IC,2017-04-07T22:50:00,2017-04-07T22:50:00,1,1
http://irail.be/vehicle/IC722,http://irail.be/stations/NMBS/008894821,IC,2017-04-07T22:50:00,2017-04-07T22:50:00,24,24
http://irail.be/vehicle/IC722,http://irail.be/stations/NMBS/008894755,IC,2017-04-07T22:52:00,2017-04-07T22:52:00,7,7
http://irail.be/vehicle/IC722,http://irail.be/stations/NMBS/008894748,IC,2017-04-07T22:53:00,2017-04-07T22:53:00,-22,-22
http://irail.be/vehicle/IC722,http://irail.be/stations/NMBS/008894714,IC,2017-04-07T22:56:00,2017-04-07T22:56:00,-45,-45
http://irail.be/vehicle/IC722,NO-URI,IC,2017-04-07T22:57:00,2017-04-07T22:57:00,-57,-57
http://irail.be/vehicle/IC722,http://irail.be/stations/NMBS/008894508,IC,2017-04-07T23:00:00,2017-04-07T22:59:00,44,-93
http://irail.be/vehicle/IC722,http://irail.be/stations/NMBS/008894433,IC,2017-04-07T23:03:00,2017-04-07T23:03:00,44,44
http://irail.be/vehicle/IC722,http://irail.be/stations/NMBS/008894425,IC,2017-04-07T23:04:00,2017-04-07T23:04:00,6,6
http://irail.be/vehicle/IC722,NO-URI,IC,2017-04-07T23:06:00,2017-04-07T23:06:00,1,1
http://irail.be/vehicle/IC722,http://irail.be/stations/NMBS/008894201,IC,2017-04-07T23:09:00,2017-04-07T23:08:00,22,4
http://irail.be/vehicle/IC722,http://irail.be/stations/NMBS/008894151,IC,2017-04-07T23:15:00,2017-04-07T23:15:00,25,22
http://irail.be/vehicle/IC722,http://irail.be/stations/NMBS/008893120,IC,2017-04-07T23:24:00,2017-04-07T23:23:00,51,-15
http://irail.be/vehicle/IC722,http://irail.be/stations/NMBS/008893179,IC,2017-04-07T23:26:00,2017-04-07T23:26:00,51,51
http://irail.be/vehicle/IC722,NO-URI,IC,2017-04-07T23:27:00,2017-04-07T23:27:00,-5,-5
http://irail.be/vehicle/IC722,http://irail.be/stations/NMBS/008892007,IC,2017-04-07T23:36:00,2017-04-07T23:33:00,24,-25
http://irail.be/vehicle/IC722,http://irail.be/stations/NMBS/008892080,IC,2017-04-07T23:43:00,2017-04-07T23:42:00,-14,7
http://irail.be/vehicle/IC722,NO-URI,IC,2017-04-07T23:48:00,2017-04-07T23:48:00,-69,-69
http://irail.be/vehicle/IC722,http://irail.be/stations/NMBS/008892106,IC,2017-04-07T23:50:00,2017-04-07T23:49:00,36,-66
http://irail.be/vehicle/IC722,http://irail.be/stations/NMBS/008896149,IC,2017-04-07T23:58:00,2017-04-07T23:57:00,0,-23
http://irail.be/vehicle/IC722,http://irail.be/stations/NMBS/008896115,IC,2017-04-08T00:04:00,2017-04-08T00:04:00,0,0
http://irail.be/vehicle/IC722,http://irail.be/stations/NMBS/008896008,IC,2017-04-08T00:10:00,2017-04-08T00:10:00,,-99
http://irail.be/vehicle/IC722,http://irail.be/stations/NMBS/008821006,IC,2017-08-11T22:37:00,2017-08-11T22:37:00,7,
http://irail.be/vehicle/IC722,http://irail.be/stations/NMBS/008821121,IC,2017-08-11T22:43:00,2017-08-11T22:41:00,16,16
http://irail.be/vehicle/IC722,http://irail.be/stations/NMBS/008821196,IC,2017-08-11T22:46:00,2017-08-11T22:46:00,-26,-26
http://irail.be/vehicle/IC722,NO-URI,IC,2017-08-11T22:50:00,2017-08-11T22:50:00,-26,-26
http://irail.be/vehicle/IC722,http://irail.be/stations/NMBS/008894821,IC,2017-08-11T22:50:00,2017-08-11T22:50:00,4,4
http://irail.be/vehicle/IC722,http://irail.be/stations/NMBS/008894755,IC,2017-08-11T22:52:00,2017-08-11T22:52:00,4,4
http://irail.be/vehicle/IC722,http://irail.be/stations/NMBS/008894748,IC,2017-08-11T22:53:00,2017-08-11T22:53:00,-24,-24
http://irail.be/vehicle/IC722,http://irail.be/stations/NMBS/008894714,IC,2017-08-11T22:56:00,2017-08-11T22:56:00,-43,-43
http://irail.be/vehicle/IC722,NO-URI,IC,2017-08-11T22:57:00,2017-08-11T22:57:00,-53,-53
http://irail.be/vehicle/IC722,http://irail.be/stations/NMBS/008894508,IC,2017-08-11T23:00:00,2017-08-11T22:59:00,44,-93
http://irail.be/vehicle/IC722,http://irail.be/stations/NMBS/008894433,IC,2017-08-11T23:03:00,2017-08-11T23:03:00,44,44
http://irail.be/vehicle/IC722,http://irail.be/stations/NMBS/008894425,IC,2017-08-11T23:04:00,2017-08-11T23:04:00,3,3
http://irail.be/vehicle/IC722,NO-URI,IC,2017-08-11T23:06:00,2017-08-11T23:06:00,0,0
http://irail.be/vehicle/IC722,http://irail.be/stations/NMBS/008894201,IC,2017-08-11T23:09:00,2017-08-11T23:08:00,27,-10
http://irail.be/vehicle/IC722,http://irail.be/stations/NMBS/008894151,IC,2017-08-11T23:15:00,2017-08-11T23:15:00,41,27
http://irail.be/vehicle/IC722,http://irail.be/stations/NMBS/008893120,IC,2017-08-11T23:24:00,2017-08-11T23:23:00,138,0
http://irail.be/vehicle/IC722,http://irail.be/stations/NMBS/008893179,IC,2017-08-11T23:26:00,2017-08-11T23:26:00,138,138
http://irail.be/vehicle/IC722,NO-URI,IC,2017-08-11T23:27:00,2017-08-11T23:27:00,75,75
http://irail.be/vehicle/IC722,http://irail.be/stations/NMBS/008892007,IC,2017-08-11T23:36:00,2017-08-11T23:33:00,77,60
http://irail.be/vehicle/IC722,http://irail.be/stations/NMBS/008892080,IC,2017-08-11T23:43:00,2017-08-11T23:42:00,27,70
http://irail.be/vehicle/IC722,NO-URI,IC,2017-08-11T23:48:00,2017-08-11T23:48:00,-18,-18
http://irail.be/vehicle/IC722,http://irail.be/stations/NMBS/008892106,IC,2017-08-11T23:50:00,2017-08-11T23:49:00,27,-12
http://irail.be/vehicle/IC722,http://irail.be/stations/NMBS/008896149,IC,2017-08-11T23:58:00,2017-08-11T23:57:00,-1,-21
http://irail.be/vehicle/IC722,http://irail.be/stations/NMBS/008896115,IC,2017-08-12T00:04:00,2017-08-12T00:04:00,-34,-34
http://irail.be/vehicle/IC722,http://irail.be/stations/NMBS/008896008,IC,2017-08-12T00:10:00,2017-08-12T00:10:00,,-110
http://irail.be/vehicle/IC722,http://irail.be/stations/NMBS/008821006,IC,2017-07-20T22:37:00,2017-07-20T22:37:00,79,
http://irail.be/vehicle/IC722,http://irail.be/stations/NMBS/008821121,IC,2017-07-20T22:43:00,2017-07-20T22:41:00,55,55
http://irail.be/vehicle/IC722,http://irail.be/stations/NMBS/008821196,IC,2017-07-20T22:46:00,2017-07-20T22:46:00,25,25
http://irail.be/vehicle/IC722,NO-URI,IC,2017-07-20T22:50:00,2017-07-20T22:50:00,25,25
http://irail.be/vehicle/IC722,http://irail.be/stations/NMBS/008894821,IC,2017-07-20T22:50:00,2017-07-20T22:50:00,49,49
http://irail.be/vehicle/IC722,http://irail.be/stations/NMBS/008894755,IC,2017-07-20T22:52:00,2017-07-20T22:52:00,30,30
http://irail.be/vehicle/IC722,http://irail.be/stations/NMBS/008894748,IC,2017-07-20T22:53:00,2017-07-20T22:53:00,-1,-1
http://irail.be/vehicle/IC722,http://irail.be/stations/NMBS/008894714,IC,2017-07-20T22:56:00,2017-07-20T22:56:00,-23,-23
http://irail.be/vehicle/IC722,NO-URI,IC,2017-07-20T22:57:00,2017-07-20T22:57:00,-34,-34
http://irail.be/vehicle/IC722,http://irail.be/stations/NMBS/008894508,IC,2017-07-20T23:00:00,2017-07-20T22:59:00,366,-10
http://irail.be/vehicle/IC722,http://irail.be/stations/NMBS/008894433,IC,2017-07-20T23:03:00,2017-07-20T23:03:00,366,366
http://irail.be/vehicle/IC722,http://irail.be/stations/NMBS/008894425,IC,2017-07-20T23:04:00,2017-07-20T23:04:00,622,622
http://irail.be/vehicle/IC722,NO-URI,IC,2017-07-20T23:06:00,2017-07-20T23:06:00,659,659
http://irail.be/vehicle/IC722,http://irail.be/stations/NMBS/008894201,IC,2017-07-20T23:09:00,2017-07-20T23:08:00,678,657
http://irail.be/vehicle/IC722,http://irail.be/stations/NMBS/008894151,IC,2017-07-20T23:15:00,2017-07-20T23:15:00,710,678
http://irail.be/vehicle/IC722,http://irail.be/stations/NMBS/008893120,IC,2017-07-20T23:24:00,2017-07-20T23:23:00,934,839
http://irail.be/vehicle/IC722,http://irail.be/stations/NMBS/008893179,IC,2017-07-20T23:26:00,2017-07-20T23:26:00,934,934
http://irail.be/vehicle/IC722,NO-URI,IC,2017-07-20T23:27:00,2017-07-20T23:27:00,906,906
http://irail.be/vehicle/IC722,http://irail.be/stations/NMBS/008892007,IC,2017-07-20T23:36:00,2017-07-20T23:33:00,955,900
http://irail.be/vehicle/IC722,http://irail.be/stations/NMBS/008892080,IC,2017-07-20T23:43:00,2017-07-20T23:42:00,935,969
http://irail.be/vehicle/IC722,NO-URI,IC,2017-07-20T23:48:00,2017-07-20T23:48:00,881,881
http://irail.be/vehicle/IC722,http://irail.be/stations/NMBS/008892106,IC,2017-07-20T23:50:00,2017-07-20T23:49:00,916,882
http://irail.be/vehicle/IC722,http://irail.be/stations/NMBS/008896149,IC,2017-07-20T23:58:00,2017-07-20T23:57:00,875,861
http://irail.be/vehicle/IC722,http://irail.be/stations/NMBS/008896115,IC,2017-07-21T00:04:00,2017-07-21T00:04:00,851,842
http://irail.be/vehicle/IC722,http://irail.be/stations/NMBS/008896008,IC,2017-07-21T00:10:00,2017-07-21T00:10:00,,819
http://irail.be/vehicle/IC722,http://irail.be/stations/NMBS/008821006,IC,2017-12-08T22:37:00,2017-12-08T22:37:00,18,
http://irail.be/vehicle/IC722,http://irail.be/stations/NMBS/008821121,IC,2017-12-08T22:43:00,2017-12-08T22:41:00,14,14
http://irail.be/vehicle/IC722,http://irail.be/stations/NMBS/008821196,IC,2017-12-08T22:46:00,2017-12-08T22:46:00,-20,-20
http://irail.be/vehicle/IC722,NO-URI,IC,2017-12-08T22:50:00,2017-12-08T22:50:00,-20,-20
http://irail.be/vehicle/IC722,http://irail.be/stations/NMBS/008894821,IC,2017-12-08T22:50:00,2017-12-08T22:50:00,4,4
http://irail.be/vehicle/IC722,http://irail.be/stations/NMBS/008894755,IC,2017-12-08T22:52:00,2017-12-08T22:52:00,-12,-12
http://irail.be/vehicle/IC722,http://irail.be/stations/NMBS/008894748,IC,2017-12-08T22:53:00,2017-12-08T22:53:00,-8,-8
http://irail.be/vehicle/IC722,http://irail.be/stations/NMBS/008894714,IC,2017-12-08T22:55:00,2017-12-08T22:55:00,-1,-1
http://irail.be/vehicle/IC722,NO-URI,IC,2017-12-08T22:57:00,2017-12-08T22:57:00,-6,-6
http://irail.be/vehicle/IC722,http://irail.be/stations/NMBS/008894508,IC,2017-12-08T23:00:00,2017-12-08T22:59:00,74,6
http://irail.be/vehicle/IC722,http://irail.be/stations/NMBS/008894433,IC,2017-12-08T23:03:00,2017-12-08T23:03:00,74,74
http://irail.be/vehicle/IC722,http://irail.be/stations/NMBS/008894425,IC,2017-12-08T23:03:00,2017-12-08T23:03:00,85,85
http://irail.be/vehicle/IC722,NO-URI,IC,2017-12-08T23:06:00,2017-12-08T23:06:00,42,42
http://irail.be/vehicle/IC722,http://irail.be/stations/NMBS/008894201,IC,2017-12-08T23:09:00,2017-12-08T23:08:00,7,21
http://irail.be/vehicle/IC722,http://irail.be/stations/NMBS/008894151,IC,2017-12-08T23:15:00,2017-12-08T23:15:00,7,7
http://irail.be/vehicle/IC722,http://irail.be/stations/NMBS/008893120,IC,2017-12-08T23:24:00,2017-12-08T23:23:00,24,-44
http://irail.be/vehicle/IC722,http://irail.be/stations/NMBS/008893179,IC,2017-12-08T23:26:00,2017-12-08T23:26:00,24,24
http://irail.be/vehicle/IC722,NO-URI,IC,2017-12-08T23:27:00,2017-12-08T23:27:00,-45,-45
http://irail.be/vehicle/IC722,http://irail.be/stations/NMBS/008892007,IC,2017-12-08T23:36:00,2017-12-08T23:33:00,14,-70
http://irail.be/vehicle/IC722,http://irail.be/stations/NMBS/008892080,IC,2017-12-08T23:43:00,2017-12-08T23:42:00,-24,-5
http://irail.be/vehicle/IC722,NO-URI,IC,2017-12-08T23:48:00,2017-12-08T23:48:00,-77,-77
http://irail.be/vehicle/IC722,http://irail.be/stations/NMBS/008892106,IC,2017-12-08T23:50:00,2017-12-08T23:49:00,38,-73
http://irail.be/vehicle/IC722,http://irail.be/stations/NMBS/008896149,IC,2017-12-08T23:58:00,2017-12-08T23:57:00,198,77
http://irail.be/vehicle/IC722,http://irail.be/stations/NMBS/008896115,IC,2017-12-09T00:04:00,2017-12-09T00:04:00,181,181
http://irail.be/vehicle/IC722,http://irail.be/stations/NMBS/008896008,IC,2017-12-09T00:10:00,2017-12-09T00:10:00,,142
http://irail.be/vehicle/IC722,http://irail.be/stations/NMBS/008821006,IC,2017-12-01T22:37:00,2017-12-01T22:37:00,-4,
http://irail.be/vehicle/IC722,http://irail.be/stations/NMBS/008821121,IC,2017-12-01T22:43:00,2017-12-01T22:41:00,26,26
http://irail.be/vehicle/IC722,http://irail.be/stations/NMBS/008821196,IC,2017-12-01T22:46:00,2017-12-01T22:46:00,-1,-1
http://irail.be/vehicle/IC722,NO-URI,IC,2017-12-01T22:50:00,2017-12-01T22:50:00,-1,-1
http://irail.be/vehicle/IC722,http://irail.be/stations/NMBS/008894821,IC,2017-12-01T22:50:00,2017-12-01T22:50:00,25,25
http://irail.be/vehicle/IC722,http://irail.be/stations/NMBS/008894755,IC,2017-12-01T22:52:00,2017-12-01T22:52:00,2,2
http://irail.be/vehicle/IC722,http://irail.be/stations/NMBS/008894748,IC,2017-12-01T22:53:00,2017-12-01T22:53:00,-28,-28
http://irail.be/vehicle/IC722,http://irail.be/stations/NMBS/008894714,IC,2017-12-01T22:56:00,2017-12-01T22:56:00,-51,-51
http://irail.be/vehicle/IC722,NO-URI,IC,2017-12-01T22:57:00,2017-12-01T22:57:00,-64,-64
http://irail.be/vehicle/IC722,http://irail.be/stations/NMBS/008894508,IC,2017-12-01T23:00:00,2017-12-01T22:59:00,96,-113
http://irail.be/vehicle/IC722,http://irail.be/stations/NMBS/008894433,IC,2017-12-01T23:03:00,2017-12-01T23:03:00,96,96
http://irail.be/vehicle/IC722,http://irail.be/stations/NMBS/008894425,IC,2017-12-01T23:04:00,2017-12-01T23:04:00,57,57
http://irail.be/vehicle/IC722,NO-URI,IC,2017-12-01T23:06:00,2017-12-01T23:06:00,51,51
http://irail.be/vehicle/IC722,http://irail.be/stations/NMBS/008894201,IC,2017-12-01T23:09:00,2017-12-01T23:08:00,39,44
http://irail.be/vehicle/IC722,http://irail.be/stations/NMBS/008894151,IC,2017-12-01T23:15:00,2017-12-01T23:15:00,48,39
http://irail.be/vehicle/IC722,http://irail.be/stations/NMBS/008893120,IC,2017-12-01T23:24:00,2017-12-01T23:23:00,82,-9
http://irail.be/vehicle/IC722,http://irail.be/stations/NMBS/008893179,IC,2017-12-01T23:26:00,2017-12-01T23:26:00,82,82
http://irail.be/vehicle/IC722,NO-URI,IC,2017-12-01T23:27:00,2017-12-01T23:27:00,19,19
http://irail.be/vehicle/IC722,http://irail.be/stations/NMBS/008892007,IC,2017-12-01T23:36:00,2017-12-01T23:33:00,33,-9
http://irail.be/vehicle/IC722,http://irail.be/stations/NMBS/008892080,IC,2017-12-01T23:43:00,2017-12-01T23:42:00,-20,28
http://irail.be/vehicle/IC722,NO-URI,IC,2017-12-01T23:48:00,2017-12-01T23:48:00,-69,-69
http://irail.be/vehicle/IC722,http://irail.be/stations/NMBS/008892106,IC,2017-12-01T23:50:00,2017-12-01T23:49:00,33,-60
http://irail.be/vehicle/IC722,http://irail.be/stations/NMBS/008896149,IC,2017-12-01T23:58:00,2017-12-01T23:57:00,193,64
http://irail.be/vehicle/IC722,http://irail.be/stations/NMBS/008896115,IC,2017-12-02T00:04:00,2017-12-02T00:04:00,168,168
http://irail.be/vehicle/IC722,http://irail.be/stations/NMBS/008896008,IC,2017-12-02T00:10:00,2017-12-02T00:10:00,,109
http://irail.be/vehicle/IC722,http://irail.be/stations/NMBS/008821006,IC,2017-01-18T22:37:00,2017-01-18T22:37:00,124,
http://irail.be/vehicle/IC722,http://irail.be/stations/NMBS/008821121,IC,2017-01-18T22:43:00,2017-01-18T22:41:00,76,76
http://irail.be/vehicle/IC722,http://irail.be/stations/NMBS/008821196,IC,2017-01-18T22:46:00,2017-01-18T22:46:00,40,40
http://irail.be/vehicle/IC722,NO-URI,IC,2017-01-18T22:50:00,2017-01-18T22:50:00,40,40
http://irail.be/vehicle/IC722,http://irail.be/stations/NMBS/008894821,IC,2017-01-18T22:50:00,2017-01-18T22:50:00,65,65
http://irail.be/vehicle/IC722,http://irail.be/stations/NMBS/008894755,IC,2017-01-18T22:52:00,2017-01-18T22:52:00,49,49
http://irail.be/vehicle/IC722,http://irail.be/stations/NMBS/008894748,IC,2017-01-18T22:53:00,2017-01-18T22:53:00,20,20
http://irail.be/vehicle/IC722,http://irail.be/stations/NMBS/008894714,IC,2017-01-18T22:56:00,2017-01-18T22:56:00,1,1
http://irail.be/vehicle/IC722,NO-URI,IC,2017-01-18T22:57:00,2017-01-18T22:57:00,-11,-11
http://irail.be/vehicle/IC722,http://irail.be/stations/NMBS/008894508,IC,2017-01-18T23:00:00,2017-01-18T22:59:00,116,-50
http://irail.be/vehicle/IC722,http://irail.be/stations/NMBS/008894433,IC,2017-01-18T23:03:00,2017-01-18T23:03:00,116,116
http://irail.be/vehicle/IC722,http://irail.be/stations/NMBS/008894425,IC,2017-01-18T23:04:00,2017-01-18T23:04:00,79,79
http://irail.be/vehicle/IC722,NO-URI,IC,2017-01-18T23:06:00,2017-01-18T23:06:00,77,77
http://irail.be/vehicle/IC722,http://irail.be/stations/NMBS/008894201,IC,2017-01-18T23:09:00,2017-01-18T23:08:00,84,68
http://irail.be/vehicle/IC722,http://irail.be/stations/NMBS/008894151,IC,2017-01-18T23:15:00,2017-01-18T23:15:00,152,84
http://irail.be/vehicle/IC722,http://irail.be/stations/NMBS/008893120,IC,2017-01-18T23:24:00,2017-01-18T23:23:00,167,120
http://irail.be/vehicle/IC722,http://irail.be/stations/NMBS/008893179,IC,2017-01-18T23:26:00,2017-01-18T23:26:00,167,167
http://irail.be/vehicle/IC722,NO-URI,IC,2017-01-18T23:27:00,2017-01-18T23:27:00,88,88
http://irail.be/vehicle/IC722,http://irail.be/stations/NMBS/008892007,IC,2017-01-18T23:36:00,2017-01-18T23:33:00,81,146
http://irail.be/vehicle/IC722,http://irail.be/stations/NMBS/008892080,IC,2017-01-18T23:43:00,2017-01-18T23:42:00,35,58
http://irail.be/vehicle/IC722,NO-URI,IC,2017-01-18T23:48:00,2017-01-18T23:48:00,-21,-21
http://irail.be/vehicle/IC722,http://irail.be/stations/NMBS/008892106,IC,2017-01-18T23:50:00,2017-01-18T23:49:00,65,-14
http://irail.be/vehicle/IC722,http://irail.be/stations/NMBS/008896149,IC,2017-01-18T23:58:00,2017-01-18T23:57:00,18,8
http://irail.be/vehicle/IC722,http://irail.be/stations/NMBS/008896115,IC,2017-01-19T00:04:00,2017-01-19T00:04:00,-41,-41
http://irail.be/vehicle/IC722,http://irail.be/stations/NMBS/008896008,IC,2017-01-19T00:10:00,2017-01-19T00:10:00,,-105
http://irail.be/vehicle/IC722,http://irail.be/stations/NMBS/008821006,IC,2017-09-22T22:37:00,2017-09-22T22:37:00,26,
http://irail.be/vehicle/IC722,http://irail.be/stations/NMBS/008821121,IC,2017-09-22T22:43:00,2017-09-22T22:41:00,24,24
http://irail.be/vehicle/IC722,http://irail.be/stations/NMBS/008821196,IC,2017-09-22T22:46:00,2017-09-22T22:46:00,-2,-2
http://irail.be/vehicle/IC722,NO-URI,IC,2017-09-22T22:50:00,2017-09-22T22:50:00,-2,-2
http://irail.be/vehicle/IC722,http://irail.be/stations/NMBS/008894821,IC,2017-09-22T22:50:00,2017-09-22T22:50:00,24,24
http://irail.be/vehicle/IC722,http://irail.be/stations/NMBS/008894755,IC,2017-09-22T22:52:00,2017-09-22T22:52:00,36,36
http://irail.be/vehicle/IC722,http://irail.be/stations/NMBS/008894748,IC,2017-09-22T22:53:00,2017-09-22T22:53:00,22,22
http://irail.be/vehicle/IC722,http://irail.be/stations/NMBS/008894714,IC,2017-09-22T22:56:00,2017-09-22T22:56:00,8,8
http://irail.be/vehicle/IC722,NO-URI,IC,2017-09-22T22:57:00,2017-09-22T22:57:00,26,26
http://irail.be/vehicle/IC722,http://irail.be/stations/NMBS/008894508,IC,2017-09-22T23:00:00,2017-09-22T22:59:00,63,1
http://irail.be/vehicle/IC722,http://irail.be/stations/NMBS/008894433,IC,2017-09-22T23:03:00,2017-09-22T23:03:00,63,63
http://irail.be/vehicle/IC722,http://irail.be/stations/NMBS/008894425,IC,2017-09-22T23:04:00,2017-09-22T23:04:00,29,29
http://irail.be/vehicle/IC722,NO-URI,IC,2017-09-22T23:06:00,2017-09-22T23:06:00,25,25
http://irail.be/vehicle/IC722,http://irail.be/stations/NMBS/008894201,IC,2017-09-22T23:09:00,2017-09-22T23:08:00,22,30
http://irail.be/vehicle/IC722,http://irail.be/stations/NMBS/008894151,IC,2017-09-22T23:15:00,2017-09-22T23:15:00,26,22
http://irail.be/vehicle/IC722,http://irail.be/stations/NMBS/008893120,IC,2017-09-22T23:24:00,2017-09-22T23:23:00,75,8
http://irail.be/vehicle/IC722,http://irail.be/stations/NMBS/008893179,IC,2017-09-22T23:26:00,2017-09-22T23:26:00,75,75
http://irail.be/vehicle/IC722,NO-URI,IC,2017-09-22T23:27:00,2017-09-22T23:27:00,34,34
http://irail.be/vehicle/IC722,http://irail.be/stations/NMBS/008892007,IC,2017-09-22T23:36:00,2017-09-22T23:33:00,18,10
http://irail.be/vehicle/IC722,http://irail.be/stations/NMBS/008892080,IC,2017-09-22T23:43:00,2017-09-22T23:42:00,14,24
http://irail.be/vehicle/IC722,NO-URI,IC,2017-09-22T23:48:00,2017-09-22T23:48:00,-22,-22
http://irail.be/vehicle/IC722,http://irail.be/stations/NMBS/008892106,IC,2017-09-22T23:50:00,2017-09-22T23:49:00,40,-5
http://irail.be/vehicle/IC722,http://irail.be/stations/NMBS/008896149,IC,2017-09-22T23:58:00,2017-09-22T23:57:00,-1,-3
http://irail.be/vehicle/IC722,http://irail.be/stations/NMBS/008896115,IC,2017-09-23T00:04:00,2017-09-23T00:04:00,-36,-36
http://irail.be/vehicle/IC722,http://irail.be/stations/NMBS/008896008,IC,2017-09-23T00:10:00,2017-09-23T00:10:00,,-107
http://irail.be/vehicle/IC722,http://irail.be/stations/NMBS/008821006,IC,2017-05-23T22:37:00,2017-05-23T22:37:00,1071,
http://irail.be/vehicle/IC722,http://irail.be/stations/NMBS/008821121,IC,2017-05-23T22:43:00,2017-05-23T22:41:00,1002,1002
http://irail.be/vehicle/IC722,http://irail.be/stations/NMBS/008821196,IC,2017-05-23T22:46:00,2017-05-23T22:46:00,973,973
http://irail.be/vehicle/IC722,NO-URI,IC,2017-05-23T22:50:00,2017-05-23T22:50:00,973,973
http://irail.be/vehicle/IC722,http://irail.be/stations/NMBS/008894821,IC,2017-05-23T22:50:00,2017-05-23T22:50:00,1000,1000
http://irail.be/vehicle/IC722,http://irail.be/stations/NMBS/008894755,IC,2017-05-23T22:52:00,2017-05-23T22:52:00,988,988
http://irail.be/vehicle/IC722,http://irail.be/stations/NMBS/008894748,IC,2017-05-23T22:53:00,2017-05-23T22:53:00,957,957
http://irail.be/vehicle/IC722,http://irail.be/stations/NMBS/008894714,IC,2017-05-23T22:56:00,2017-05-23T22:56:00,936,936
http://irail.be/vehicle/IC722,NO-URI,IC,2017-05-23T22:57:00,2017-05-23T22:57:00,923,923
http://irail.be/vehicle/IC722,http://irail.be/stations/NMBS/008894508,IC,2017-05-23T23:00:00,2017-05-23T22:59:00,964,885
http://irail.be/vehicle/IC722,http://irail.be/stations/NMBS/008894433,IC,2017-05-23T23:03:00,2017-05-23T23:03:00,964,964
http://irail.be/vehicle/IC722,http://irail.be/stations/NMBS/008894425,IC,2017-05-23T23:04:00,2017-05-23T23:04:00,919,919
http://irail.be/vehicle/IC722,NO-URI,IC,2017-05-23T23:06:00,2017-05-23T23:06:00,916,916
http://irail.be/vehicle/IC722,http://irail.be/stations/NMBS/008894201,IC,2017-05-23T23:09:00,2017-05-23T23:08:00,898,907
http://irail.be/vehicle/IC722,http://irail.be/stations/NMBS/008894151,IC,2017-05-23T23:15:00,2017-05-23T23:15:00,898,898
http://irail.be/vehicle/IC722,http://irail.be/stations/NMBS/008893120,IC,2017-05-23T23:24:00,2017-05-23T23:23:00,997,911
http://irail.be/vehicle/IC722,http://irail.be/stations/NMBS/008893179,IC,2017-05-23T23:26:00,2017-05-23T23:26:00,997,997
http://irail.be/vehicle/IC722,NO-URI,IC,2017-05-23T23:27:00,2017-05-23T23:27:00,987,987
http://irail.be/vehicle/IC722,http://irail.be/stations/NMBS/008892007,IC,2017-05-23T23:36:00,2017-05-23T23:33:00,1015,1023
http://irail.be/vehicle/IC722,http://irail.be/stations/NMBS/008892080,IC,2017-05-23T23:43:00,2017-05-23T23:42:00,989,1033
http://irail.be/vehicle/IC722,NO-URI,IC,2017-05-23T23:48:00,2017-05-23T23:48:00,929,929
http://irail.be/vehicle/IC722,http://irail.be/stations/NMBS/008892106,IC,2017-05-23T23:50:00,2017-05-23T23:49:00,978,937
http://irail.be/vehicle/IC722,http://irail.be/stations/NMBS/008896149,IC,2017-05-23T23:58:00,2017-05-23T23:57:00,923,926
http://irail.be/vehicle/IC722,http://irail.be/stations/NMBS/008896115,IC,2017-05-24T00:04:00,2017-05-24T00:04:00,897,874
http://irail.be/vehicle/IC722,http://irail.be/stations/NMBS/008896008,IC,2017-05-24T00:10:00,2017-05-24T00:10:00,,870
http://irail.be/vehicle/IC722,http://irail.be/stations/NMBS/008821006,IC,2017-12-23T22:37:00,2017-12-23T22:37:00,3,
http://irail.be/vehicle/IC722,http://irail.be/stations/NMBS/008821121,IC,2017-12-23T22:43:00,2017-12-23T22:41:00,10,10
http://irail.be/vehicle/IC722,http://irail.be/stations/NMBS/008821196,IC,2017-12-23T22:47:00,2017-12-23T22:47:00,-18,-18
http://irail.be/vehicle/IC722,NO-URI,IC,2017-12-23T22:50:00,2017-12-23T22:50:00,-18,-18
http://irail.be/vehicle/IC722,http://irail.be/stations/NMBS/008894821,IC,2017-12-23T22:50:00,2017-12-23T22:50:00,13,13
http://irail.be/vehicle/IC722,http://irail.be/stations/NMBS/008894755,IC,2017-12-23T22:52:00,2017-12-23T22:52:00,0,0
http://irail.be/vehicle/IC722,http://irail.be/stations/NMBS/008894748,IC,2017-12-23T22:53:00,2017-12-23T22:53:00,-32,-32
http://irail.be/vehicle/IC722,http://irail.be/stations/NMBS/008894714,IC,2017-12-23T22:56:00,2017-12-23T22:56:00,-52,-52
http://irail.be/vehicle/IC722,NO-URI,IC,2017-12-23T22:57:00,2017-12-23T22:57:00,-62,-62
http://irail.be/vehicle/IC722,http://irail.be/stations/NMBS/008894508,IC,2017-12-23T23:02:00,2017-12-23T23:00:00,84,-142
http://irail.be/vehicle/IC722,http://irail.be/stations/NMBS/008894433,IC,2017-12-23T23:05:00,2017-12-23T23:05:00,84,84
http://irail.be/vehicle/IC722,http://irail.be/stations/NMBS/008894425,IC,2017-12-23T23:06:00,2017-12-23T23:06:00,54,54
http://irail.be/vehicle/IC722,NO-URI,IC,2017-12-23T23:08:00,2017-12-23T23:08:00,46,46
http://irail.be/vehicle/IC722,http://irail.be/stations/NMBS/008894201,IC,2017-12-23T23:11:00,2017-12-23T23:10:00,48,36
http://irail.be/vehicle/IC722,http://irail.be/stations/NMBS/008894151,IC,2017-12-23T23:16:00,2017-12-23T23:16:00,48,48
http://irail.be/vehicle/IC722,http://irail.be/stations/NMBS/008893120,IC,2017-12-23T23:25:00,2017-12-23T23:24:00,39,-86
http://irail.be/vehicle/IC722,http://irail.be/stations/NMBS/008893179,IC,2017-12-23T23:27:00,2017-12-23T23:27:00,39,39
http://irail.be/vehicle/IC722,NO-URI,IC,2017-12-23T23:28:00,2017-12-23T23:28:00,59,59
http://irail.be/vehicle/IC722,http://irail.be/stations/NMBS/008892007,IC,2017-12-23T23:36:00,2017-12-23T23:33:00,37,32
http://irail.be/vehicle/IC722,http://irail.be/stations/NMBS/008892080,IC,2017-12-23T23:44:00,2017-12-23T23:43:00,-62,-45
http://irail.be/vehicle/IC722,NO-URI,IC,2017-12-23T23:48:00,2017-12-23T23:48:00,-75,-75
http://irail.be/vehicle/IC722,http://irail.be/stations/NMBS/008892106,IC,2017-12-23T23:50:00,2017-12-23T23:49:00,35,-68
http://irail.be/vehicle/IC722,http://irail.be/stations/NMBS/008896149,IC,2017-12-23T23:58:00,2017-12-23T23:57:00,81,59
http://irail.be/vehicle/IC722,http://irail.be/stations/NMBS/008896115,IC,2017-12-24T00:04:00,2017-12-24T00:04:00,43,43
http://irail.be/vehicle/IC722,http://irail.be/stations/NMBS/008896008,IC,2017-12-24T00:11:00,2017-12-24T00:11:00,,-88
http://irail.be/vehicle/IC722,http://irail.be/stations/NMBS/008821006,IC,2017-09-17T22:37:00,2017-09-17T22:37:00,14,
http://irail.be/vehicle/IC722,http://irail.be/stations/NMBS/008821121,IC,2017-09-17T22:43:00,2017-09-17T22:41:00,22,22
http://irail.be/vehicle/IC722,http://irail.be/stations/NMBS/008821196,IC,2017-09-17T22:46:00,2017-09-17T22:46:00,7,7
http://irail.be/vehicle/IC722,NO-URI,IC,2017-09-17T22:50:00,2017-09-17T22:50:00,7,7
http://irail.be/vehicle/IC722,http://irail.be/stations/NMBS/008894821,IC,2017-09-17T22:50:00,2017-09-17T22:50:00,34,34
http://irail.be/vehicle/IC722,http://irail.be/stations/NMBS/008894755,IC,2017-09-17T22:52:00,2017-09-17T22:52:00,35,35
http://irail.be/vehicle/IC722,http://irail.be/stations/NMBS/008894748,IC,2017-09-17T22:53:00,2017-09-17T22:53:00,8,8
http://irail.be/vehicle/IC722,http://irail.be/stations/NMBS/008894714,IC,2017-09-17T22:56:00,2017-09-17T22:56:00,2,2
http://irail.be/vehicle/IC722,NO-URI,IC,2017-09-17T22:57:00,2017-09-17T22:57:00,1,1
http://irail.be/vehicle/IC722,http://irail.be/stations/NMBS/008894508,IC,2017-09-17T23:01:00,2017-09-17T22:59:00,72,-26
http://irail.be/vehicle/IC722,http://irail.be/stations/NMBS/008894433,IC,2017-09-17T23:04:00,2017-09-17T23:04:00,72,72
http://irail.be/vehicle/IC722,http://irail.be/stations/NMBS/008894425,IC,2017-09-17T23:05:00,2017-09-17T23:05:00,59,59
http://irail.be/vehicle/IC722,NO-URI,IC,2017-09-17T23:07:00,2017-09-17T23:07:00,75,75
http://irail.be/vehicle/IC722,http://irail.be/stations/NMBS/008894201,IC,2017-09-17T23:11:00,2017-09-17T23:09:00,18,77
http://irail.be/vehicle/IC722,http://irail.be/stations/NMBS/008894151,IC,2017-09-17T23:16:00,2017-09-17T23:16:00,18,18
http://irail.be/vehicle/IC722,http://irail.be/stations/NMBS/008893120,IC,2017-09-17T23:24:00,2017-09-17T23:23:00,95,5
http://irail.be/vehicle/IC722,http://irail.be/stations/NMBS/008893179,IC,2017-09-17T23:26:00,2017-09-17T23:26:00,95,95
http://irail.be/vehicle/IC722,NO-URI,IC,2017-09-17T23:27:00,2017-09-17T23:27:00,42,42
http://irail.be/vehicle/IC722,http://irail.be/stations/NMBS/008892007,IC,2017-09-17T23:36:00,2017-09-17T23:33:00,659,89
http://irail.be/vehicle/IC722,http://irail.be/stations/NMBS/008892080,IC,2017-09-17T23:43:00,2017-09-17T23:42:00,621,643
http://irail.be/vehicle/IC722,NO-URI,IC,2017-09-17T23:47:00,2017-09-17T23:47:00,606,606
http://irail.be/vehicle/IC722,http://irail.be/stations/NMBS/008892106,IC,2017-09-17T23:50:00,2017-09-17T23:49:00,583,604
http://irail.be/vehicle/IC722,http://irail.be/stations/NMBS/008896149,IC,2017-09-17T23:58:00,2017-09-17T23:57:00,520,530
http://irail.be/vehicle/IC722,http://irail.be/stations/NMBS/008896115,IC,2017-09-18T00:04:00,2017-09-18T00:04:00,478,478
http://irail.be/vehicle/IC722,http://irail.be/stations/NMBS/008896008,IC,2017-09-18T00:10:00,2017-09-18T00:10:00,,414
http://irail.be/vehicle/IC722,http://irail.be/stations/NMBS/008821006,IC,2017-08-30T22:37:00,2017-08-30T22:37:00,41,
http://irail.be/vehicle/IC722,http://irail.be/stations/NMBS/008821121,IC,2017-08-30T22:43:00,2017-08-30T22:41:00,125,125
http://irail.be/vehicle/IC722,http://irail.be/stations/NMBS/008821196,IC,2017-08-30T22:46:00,2017-08-30T22:46:00,118,118
http://irail.be/vehicle/IC722,NO-URI,IC,2017-08-30T22:50:00,2017-08-30T22:50:00,118,118
http://irail.be/vehicle/IC722,http://irail.be/stations/NMBS/008894821,IC,2017-08-30T22:50:00,2017-08-30T22:50:00,151,151
http://irail.be/vehicle/IC722,http://irail.be/stations/NMBS/008894755,IC,2017-08-30T22:52:00,2017-08-30T22:52:00,182,182
http://irail.be/vehicle/IC722,http://irail.be/stations/NMBS/008894748,IC,2017-08-30T22:53:00,2017-08-30T22:53:00,195,195
http://irail.be/vehicle/IC722,http://irail.be/stations/NMBS/008894714,IC,2017-08-30T22:55:00,2017-08-30T22:55:00,221,221
http://irail.be/vehicle/IC722,NO-URI,IC,2017-08-30T22:57:00,2017-08-30T22:57:00,182,182
http://irail.be/vehicle/IC722,http://irail.be/stations/NMBS/008894508,IC,2017-08-30T23:00:00,2017-08-30T22:59:00,193,113
http://irail.be/vehicle/IC722,http://irail.be/stations/NMBS/008894433,IC,2017-08-30T23:03:00,2017-08-30T23:03:00,193,193
http://irail.be/vehicle/IC722,http://irail.be/stations/NMBS/008894425,IC,2017-08-30T23:03:00,2017-08-30T23:03:00,195,195
http://irail.be/vehicle/IC722,NO-URI,IC,2017-08-30T23:06:00,2017-08-30T23:06:00,149,149
http://irail.be/vehicle/IC722,http://irail.be/stations/NMBS/008894201,IC,2017-08-30T23:09:00,2017-08-30T23:08:00,110,122
http://irail.be/vehicle/IC722,http://irail.be/stations/NMBS/008894151,IC,2017-08-30T23:15:00,2017-08-30T23:15:00,110,110
http://irail.be/vehicle/IC722,http://irail.be/stations/NMBS/008893120,IC,2017-08-30T23:24:00,2017-08-30T23:23:00,96,36
http://irail.be/vehicle/IC722,http://irail.be/stations/NMBS/008893179,IC,2017-08-30T23:26:00,2017-08-30T23:26:00,96,96
http://irail.be/vehicle/IC722,NO-URI,IC,2017-08-30T23:27:00,2017-08-30T23:27:00,30,30
http://irail.be/vehicle/IC722,http://irail.be/stations/NMBS/008892007,IC,2017-08-30T23:36:00,2017-08-30T23:33:00,8,-5
http://irail.be/vehicle/IC722,http://irail.be/stations/NMBS/008892080,IC,2017-08-30T23:43:00,2017-08-30T23:42:00,-6,0
http://irail.be/vehicle/IC722,NO-URI,IC,2017-08-30T23:48:00,2017-08-30T23:48:00,-29,-29
http://irail.be/vehicle/IC722,http://irail.be/stations/NMBS/008892106,IC,2017-08-30T23:50:00,2017-08-30T23:49:00,32,-20
http://irail.be/vehicle/IC722,http://irail.be/stations/NMBS/008896149,IC,2017-08-30T23:58:00,2017-08-30T23:57:00,-3,-20
http://irail.be/vehicle/IC722,http://irail.be/stations/NMBS/008896115,IC,2017-08-31T00:04:00,2017-08-31T00:04:00,-49,-52
http://irail.be/vehicle/IC722,http://irail.be/stations/NMBS/008896008,IC,2017-08-31T00:10:00,2017-08-31T00:10:00,,-110
http://irail.be/vehicle/IC722,http://irail.be/stations/NMBS/008821006,IC,2017-12-31T22:37:00,2017-12-31T22:37:00,27,
http://irail.be/vehicle/IC722,http://irail.be/stations/NMBS/008821121,IC,2017-12-31T22:43:00,2017-12-31T22:41:00,23,23
http://irail.be/vehicle/IC722,http://irail.be/stations/NMBS/008821196,IC,2017-12-31T22:47:00,2017-12-31T22:47:00,-10,-10
http://irail.be/vehicle/IC722,NO-URI,IC,2017-12-31T22:50:00,2017-12-31T22:50:00,-10,-10
http://irail.be/vehicle/IC722,http://irail.be/stations/NMBS/008894821,IC,2017-12-31T22:50:00,2017-12-31T22:50:00,25,25
http://irail.be/vehicle/IC722,http://irail.be/stations/NMBS/008894755,IC,2017-12-31T22:52:00,2017-12-31T22:52:00,22,22
http://irail.be/vehicle/IC722,http://irail.be/stations/NMBS/008894748,IC,2017-12-31T22:53:00,2017-12-31T22:53:00,-3,-3
http://irail.be/vehicle/IC722,http://irail.be/stations/NMBS/008894714,IC,2017-12-31T22:56:00,2017-12-31T22:56:00,-18,-18
http://irail.be/vehicle/IC722,NO-URI,IC,2017-12-31T22:57:00,2017-12-31T22:57:00,-23,-23
http://irail.be/vehicle/IC722,http://irail.be/stations/NMBS/008894508,IC,2017-12-31T23:02:00,2017-12-31T23:00:00,38,-97
http://irail.be/vehicle/IC722,http://irail.be/stations/NMBS/008894433,IC,2017-12-31T23:05:00,2017-12-31T23:05:00,38,38
http://irail.be/vehicle/IC722,http://irail.be/stations/NMBS/008894425,IC,2017-12-31T23:06:00,2017-12-31T23:06:00,1,1
http://irail.be/vehicle/IC722,NO-URI,IC,2017-12-31T23:08:00,2017-12-31T23:08:00,10,10
http://irail.be/vehicle/IC722,http://irail.be/stations/NMBS/008894201,IC,2017-12-31T23:11:00,2017-12-31T23:10:00,29,9
http://irail.be/vehicle/IC722,http://irail.be/stations/NMBS/008894151,IC,2017-12-31T23:16:00,2017-12-31T23:16:00,29,29
http://irail.be/vehicle/IC722,http://irail.be/stations/NMBS/008893120,IC,2017-12-31T23:25:00,2017-12-31T23:24:00,51,-95
http://irail.be/vehicle/IC722,http://irail.be/stations/NMBS/008893179,IC,2017-12-31T23:27:00,2017-12-31T23:27:00,51,51
http://irail.be/vehicle/IC722,NO-URI,IC,2017-12-31T23:28:00,2017-12-31T23:28:00,87,87
http://irail.be/vehicle/IC722,http://irail.be/stations/NMBS/008892007,IC,2017-12-31T23:36:00,2017-12-31T23:33:00,21,139
http://irail.be/vehicle/IC722,http://irail.be/stations/NMBS/008892080,IC,2017-12-31T23:44:00,2017-12-31T23:43:00,-22,-27
http://irail.be/vehicle/IC722,NO-URI,IC,2017-12-31T23:48:00,2017-12-31T23:48:00,-21,-21
http://irail.be/vehicle/IC722,http://irail.be/stations/NMBS/008892106,IC,2017-12-31T23:50:00,2017-12-31T23:49:00,27,-8
http://irail.be/vehicle/IC722,http://irail.be/stations/NMBS/008896149,IC,2017-12-31T23:58:00,2017-12-31T23:57:00,39,40
http://irail.be/vehicle/IC722,http://irail.be/stations/NMBS/008896115,IC,2018-01-01T00:04:00,2018-01-01T00:04:00,25,25
http://irail.be/vehicle/IC722,http://irail.be/stations/NMBS/008896008,IC,2018-01-01T00:11:00,2018-01-01T00:11:00,,-99
http://irail.be/vehicle/IC722,http://irail.be/stations/NMBS/008821006,IC,2017-01-22T22:37:00,2017-01-22T22:37:00,11,
http://irail.be/vehicle/IC722,http://irail.be/stations/NMBS/008821121,IC,2017-01-22T22:43:00,2017-01-22T22:41:00,19,19
http://irail.be/vehicle/IC722,http://irail.be/stations/NMBS/008821196,IC,2017-01-22T22:46:00,2017-01-22T22:46:00,22,22
http://irail.be/vehicle/IC722,NO-URI,IC,2017-01-22T22:50:00,2017-01-22T22:50:00,22,22
http://irail.be/vehicle/IC722,http://irail.be/stations/NMBS/008894821,IC,2017-01-22T22:50:00,2017-01-22T22:50:00,50,50
http://irail.be/vehicle/IC722,http://irail.be/stations/NMBS/008894755,IC,2017-01-22T22:52:00,2017-01-22T22:52:00,43,43
http://irail.be/vehicle/IC722,http://irail.be/stations/NMBS/008894748,IC,2017-01-22T22:53:00,2017-01-22T22:53:00,18,18
http://irail.be/vehicle/IC722,http://irail.be/stations/NMBS/008894714,IC,2017-01-22T22:56:00,2017-01-22T22:56:00,8,8
http://irail.be/vehicle/IC722,NO-URI,IC,2017-01-22T22:57:00,2017-01-22T22:57:00,-1,-1
http://irail.be/vehicle/IC722,http://irail.be/stations/NMBS/008894508,IC,2017-01-22T23:01:00,2017-01-22T22:59:00,44,-36
http://irail.be/vehicle/IC722,http://irail.be/stations/NMBS/008894433,IC,2017-01-22T23:04:00,2017-01-22T23:04:00,44,44
http://irail.be/vehicle/IC722,http://irail.be/stations/NMBS/008894425,IC,2017-01-22T23:05:00,2017-01-22T23:05:00,34,34
http://irail.be/vehicle/IC722,NO-URI,IC,2017-01-22T23:07:00,2017-01-22T23:07:00,40,40
http://irail.be/vehicle/IC722,http://irail.be/stations/NMBS/008894201,IC,2017-01-22T23:11:00,2017-01-22T23:09:00,-5,34
http://irail.be/vehicle/IC722,http://irail.be/stations/NMBS/008894151,IC,2017-01-22T23:16:00,2017-01-22T23:16:00,-5,-5
http://irail.be/vehicle/IC722,http://irail.be/stations/NMBS/008893120,IC,2017-01-22T23:24:00,2017-01-22T23:23:00,47,27
http://irail.be/vehicle/IC722,http://irail.be/stations/NMBS/008893179,IC,2017-01-22T23:26:00,2017-01-22T23:26:00,47,47
http://irail.be/vehicle/IC722,NO-URI,IC,2017-01-22T23:27:00,2017-01-22T23:27:00,-8,-8
http://irail.be/vehicle/IC722,http://irail.be/stations/NMBS/008892007,IC,2017-01-22T23:36:00,2017-01-22T23:33:00,162,6
http://irail.be/vehicle/IC722,http://irail.be/stations/NMBS/008892080,IC,2017-01-22T23:43:00,2017-01-22T23:42:00,145,165
http://irail.be/vehicle/IC722,NO-URI,IC,2017-01-22T23:47:00,2017-01-22T23:47:00,138,138
http://irail.be/vehicle/IC722,http://irail.be/stations/NMBS/008892106,IC,2017-01-22T23:50:00,2017-01-22T23:49:00,108,133
http://irail.be/vehicle/IC722,http://irail.be/stations/NMBS/008896149,IC,2017-01-22T23:58:00,2017-01-22T23:57:00,36,56
http://irail.be/vehicle/IC722,http://irail.be/stations/NMBS/008896115,IC,2017-01-23T00:04:00,2017-01-23T00:04:00,-14,-14
http://irail.be/vehicle/IC722,http://irail.be/stations/NMBS/008896008,IC,2017-01-23T00:10:00,2017-01-23T00:10:00,,-77
http://irail.be/vehicle/IC722,http://irail.be/stations/NMBS/008821006,IC,2017-09-16T22:37:00,2017-09-16T22:37:00,1001,
http://irail.be/vehicle/IC722,http://irail.be/stations/NMBS/008821121,IC,2017-09-16T22:43:00,2017-09-16T22:41:00,889,889
http://irail.be/vehicle/IC722,http://irail.be/stations/NMBS/008821196,IC,2017-09-16T22:46:00,2017-09-16T22:46:00,839,839
http://irail.be/vehicle/IC722,NO-URI,IC,2017-09-16T22:50:00,2017-09-16T22:50:00,839,839
http://irail.be/vehicle/IC722,http://irail.be/stations/NMBS/008894821,IC,2017-09-16T22:50:00,2017-09-16T22:50:00,863,863
http://irail.be/vehicle/IC722,http://irail.be/stations/NMBS/008894755,IC,2017-09-16T22:52:00,2017-09-16T22:52:00,841,841
http://irail.be/vehicle/IC722,http://irail.be/stations/NMBS/008894748,IC,2017-09-16T22:53:00,2017-09-16T22:53:00,809,809
http://irail.be/vehicle/IC722,http://irail.be/stations/NMBS/008894714,IC,2017-09-16T22:56:00,2017-09-16T22:56:00,787,787
http://irail.be/vehicle/IC722,NO-URI,IC,2017-09-16T22:57:00,2017-09-16T22:57:00,777,777
http://irail.be/vehicle/IC722,http://irail.be/stations/NMBS/008894508,IC,2017-09-16T23:01:00,2017-09-16T22:59:00,723,738
http://irail.be/vehicle/IC722,http://irail.be/stations/NMBS/008894433,IC,2017-09-16T23:04:00,2017-09-16T23:04:00,723,723
http://irail.be/vehicle/IC722,http://irail.be/stations/NMBS/008894425,IC,2017-09-16T23:05:00,2017-09-16T23:05:00,669,669
http://irail.be/vehicle/IC722,NO-URI,IC,2017-09-16T23:07:00,2017-09-16T23:07:00,662,662
http://irail.be/vehicle/IC722,http://irail.be/stations/NMBS/008894201,IC,2017-09-16T23:11:00,2017-09-16T23:09:00,580,650
http://irail.be/vehicle/IC722,http://irail.be/stations/NMBS/008894151,IC,2017-09-16T23:16:00,2017-09-16T23:16:00,580,580
http://irail.be/vehicle/IC722,http://irail.be/stations/NMBS/008893120,IC,2017-09-16T23:24:00,2017-09-16T23:23:00,548,489
http://irail.be/vehicle/IC722,http://irail.be/stations/NMBS/008893179,IC,2017-09-16T23:26:00,2017-09-16T23:26:00,548,548
http://irail.be/vehicle/IC722,NO-URI,IC,2017-09-16T23:27:00,2017-09-16T23:27:00,488,488
http://irail.be/vehicle/IC722,http://irail.be/stations/NMBS/008892007,IC,2017-09-16T23:36:00,2017-09-16T23:33:00,865,453
http://irail.be/vehicle/IC722,http://irail.be/stations/NMBS/008892080,IC,2017-09-16T23:43:00,2017-09-16T23:42:00,803,840
http://irail.be/vehicle/IC722,NO-URI,IC,2017-09-16T23:47:00,2017-09-16T23:47:00,781,781
http://irail.be/vehicle/IC722,http://irail.be/stations/NMBS/008892106,IC,2017-09-16T23:50:00,2017-09-16T23:49:00,789,776
http://irail.be/vehicle/IC722,http://irail.be/stations/NMBS/008896149,IC,2017-09-16T23:58:00,2017-09-16T23:57:00,748,734
http://irail.be/vehicle/IC722,http://irail.be/stations/NMBS/008896115,IC,2017-09-17T00:04:00,2017-09-17T00:04:00,700,700
http://irail.be/vehicle/IC722,http://irail.be/stations/NMBS/008896008,IC,2017-09-17T00:10:00,2017-09-17T00:10:00,,634
http://irail.be/vehicle/IC722,http://irail.be/stations/NMBS/008821006,IC,2017-05-09T22:37:00,2017-05-09T22:37:00,14,
http://irail.be/vehicle/IC722,http://irail.be/stations/NMBS/008821121,IC,2017-05-09T22:43:00,2017-05-09T22:41:00,20,20
http://irail.be/vehicle/IC722,http://irail.be/stations/NMBS/008821196,IC,2017-05-09T22:46:00,2017-05-09T22:46:00,9,9
http://irail.be/vehicle/IC722,NO-URI,IC,2017-05-09T22:50:00,2017-05-09T22:50:00,9,9
http://irail.be/vehicle/IC722,http://irail.be/stations/NMBS/008894821,IC,2017-05-09T22:50:00,2017-05-09T22:50:00,36,36
http://irail.be/vehicle/IC722,http://irail.be/stations/NMBS/008894755,IC,2017-05-09T22:52:00,2017-05-09T22:52:00,22,22
http://irail.be/vehicle/IC722,http://irail.be/stations/NMBS/008894748,IC,2017-05-09T22:53:00,2017-05-09T22:53:00,24,24
http://irail.be/vehicle/IC722,http://irail.be/stations/NMBS/008894714,IC,2017-05-09T22:55:00,2017-05-09T22:55:00,33,33
http://irail.be/vehicle/IC722,NO-URI,IC,2017-05-09T22:57:00,2017-05-09T22:57:00,-3,-3
http://irail.be/vehicle/IC722,http://irail.be/stations/NMBS/008894508,IC,2017-05-09T23:00:00,2017-05-09T22:59:00,74,-59
http://irail.be/vehicle/IC722,http://irail.be/stations/NMBS/008894433,IC,2017-05-09T23:03:00,2017-05-09T23:03:00,74,74
http://irail.be/vehicle/IC722,http://irail.be/stations/NMBS/008894425,IC,2017-05-09T23:03:00,2017-05-09T23:03:00,174,174
http://irail.be/vehicle/IC722,NO-URI,IC,2017-05-09T23:06:00,2017-05-09T23:06:00,192,192
http://irail.be/vehicle/IC722,http://irail.be/stations/NMBS/008894201,IC,2017-05-09T23:09:00,2017-05-09T23:08:00,137,178
http://irail.be/vehicle/IC722,http://irail.be/stations/NMBS/008894151,IC,2017-05-09T23:15:00,2017-05-09T23:15:00,137,137
http://irail.be/vehicle/IC722,http://irail.be/stations/NMBS/008893120,IC,2017-05-09T23:24:00,2017-05-09T23:23:00,600,498
http://irail.be/vehicle/IC722,http://irail.be/stations/NMBS/008893179,IC,2017-05-09T23:26:00,2017-05-09T23:26:00,600,600
http://irail.be/vehicle/IC722,NO-URI,IC,2017-05-09T23:27:00,2017-05-09T23:27:00,700,700
http://irail.be/vehicle/IC722,http://irail.be/stations/NMBS/008892007,IC,2017-05-09T23:36:00,2017-05-09T23:33:00,624,729
http://irail.be/vehicle/IC722,http://irail.be/stations/NMBS/008892080,IC,2017-05-09T23:43:00,2017-05-09T23:42:00,600,600
http://irail.be/vehicle/IC722,NO-URI,IC,2017-05-09T23:48:00,2017-05-09T23:48:00,491,491
http://irail.be/vehicle/IC722,http://irail.be/stations/NMBS/008892106,IC,2017-05-09T23:50:00,2017-05-09T23:49:00,498,496
http://irail.be/vehicle/IC722,http://irail.be/stations/NMBS/008896149,IC,2017-05-09T23:58:00,2017-05-09T23:57:00,493,517
http://irail.be/vehicle/IC722,http://irail.be/stations/NMBS/008896115,IC,2017-05-10T00:04:00,2017-05-10T00:04:00,461,461
http://irail.be/vehicle/IC722,http://irail.be/stations/NMBS/008896008,IC,2017-05-10T00:10:00,2017-05-10T00:10:00,,483
http://irail.be/vehicle/IC722,http://irail.be/stations/NMBS/008821121,IC,2017-05-14T22:43:00,2017-05-14T22:43:00,91,
http://irail.be/vehicle/IC722,http://irail.be/stations/NMBS/008821196,IC,2017-05-14T22:46:00,2017-05-14T22:46:00,76,76
http://irail.be/vehicle/IC722,NO-URI,IC,2017-05-14T22:50:00,2017-05-14T22:50:00,76,76
http://irail.be/vehicle/IC722,http://irail.be/stations/NMBS/008894821,IC,2017-05-14T22:50:00,2017-05-14T22:50:00,100,100
http://irail.be/vehicle/IC722,http://irail.be/stations/NMBS/008894755,IC,2017-05-14T22:52:00,2017-05-14T22:52:00,77,77
http://irail.be/vehicle/IC722,http://irail.be/stations/NMBS/008894748,IC,2017-05-14T22:53:00,2017-05-14T22:53:00,76,76
http://irail.be/vehicle/IC722,http://irail.be/stations/NMBS/008894714,IC,2017-05-14T22:55:00,2017-05-14T22:55:00,74,74
http://irail.be/vehicle/IC722,NO-URI,IC,2017-05-14T22:57:00,2017-05-14T22:57:00,32,32
http://irail.be/vehicle/IC722,http://irail.be/stations/NMBS/008894508,IC,2017-05-14T23:01:00,2017-05-14T22:59:00,52,-33
http://irail.be/vehicle/IC722,http://irail.be/stations/NMBS/008894433,IC,2017-05-14T23:04:00,2017-05-14T23:04:00,52,52
http://irail.be/vehicle/IC722,http://irail.be/stations/NMBS/008894425,IC,2017-05-14T23:04:00,2017-05-14T23:04:00,51,51
http://irail.be/vehicle/IC722,NO-URI,IC,2017-05-14T23:07:00,2017-05-14T23:07:00,4,4
http://irail.be/vehicle/IC722,http://irail.be/stations/NMBS/008894201,IC,2017-05-14T23:11:00,2017-05-14T23:09:00,-1,-20
http://irail.be/vehicle/IC722,http://irail.be/stations/NMBS/008894151,IC,2017-05-14T23:16:00,2017-05-14T23:16:00,-1,-1
http://irail.be/vehicle/IC722,http://irail.be/stations/NMBS/008893120,IC,2017-05-14T23:23:00,2017-05-14T23:23:00,,82
http://irail.be/vehicle/IC722,http://irail.be/stations/NMBS/008821006,IC,2017-05-08T22:37:00,2017-05-08T22:37:00,-3,
http://irail.be/vehicle/IC722,http://irail.be/stations/NMBS/008821121,IC,2017-05-08T22:43:00,2017-05-08T22:41:00,40,40
http://irail.be/vehicle/IC722,http://irail.be/stations/NMBS/008821196,IC,2017-05-08T22:46:00,2017-05-08T22:46:00,1,1
http://irail.be/vehicle/IC722,NO-URI,IC,2017-05-08T22:50:00,2017-05-08T22:50:00,1,1
http://irail.be/vehicle/IC722,http://irail.be/stations/NMBS/008894821,IC,2017-05-08T22:50:00,2017-05-08T22:50:00,27,27
http://irail.be/vehicle/IC722,http://irail.be/stations/NMBS/008894755,IC,2017-05-08T22:52:00,2017-05-08T22:52:00,8,8
http://irail.be/vehicle/IC722,http://irail.be/stations/NMBS/008894748,IC,2017-05-08T22:53:00,2017-05-08T22:53:00,-23,-23
http://irail.be/vehicle/IC722,http://irail.be/stations/NMBS/008894714,IC,2017-05-08T22:56:00,2017-05-08T22:56:00,-46,-46
http://irail.be/vehicle/IC722,NO-URI,IC,2017-05-08T22:57:00,2017-05-08T22:57:00,-57,-57
http://irail.be/vehicle/IC722,http://irail.be/stations/NMBS/008894508,IC,2017-05-08T23:00:00,2017-05-08T22:59:00,118,-96
http://irail.be/vehicle/IC722,http://irail.be/stations/NMBS/008894433,IC,2017-05-08T23:03:00,2017-05-08T23:03:00,118,118
http://irail.be/vehicle/IC722,http://irail.be/stations/NMBS/008894425,IC,2017-05-08T23:04:00,2017-05-08T23:04:00,86,86
http://irail.be/vehicle/IC722,NO-URI,IC,2017-05-08T23:06:00,2017-05-08T23:06:00,82,82
http://irail.be/vehicle/IC722,http://irail.be/stations/NMBS/008894201,IC,2017-05-08T23:09:00,2017-05-08T23:08:00,53,75
http://irail.be/vehicle/IC722,http://irail.be/stations/NMBS/008894151,IC,2017-05-08T23:15:00,2017-05-08T23:15:00,62,53
http://irail.be/vehicle/IC722,http://irail.be/stations/NMBS/008893120,IC,2017-05-08T23:24:00,2017-05-08T23:23:00,88,33
http://irail.be/vehicle/IC722,http://irail.be/stations/NMBS/008893179,IC,2017-05-08T23:26:00,2017-05-08T23:26:00,88,88
http://irail.be/vehicle/IC722,NO-URI,IC,2017-05-08T23:27:00,2017-05-08T23:27:00,59,59
http://irail.be/vehicle/IC722,http://irail.be/stations/NMBS/008892007,IC,2017-05-08T23:36:00,2017-05-08T23:33:00,22,56
http://irail.be/vehicle/IC722,http://irail.be/stations/NMBS/008892080,IC,2017-05-08T23:43:00,2017-05-08T23:42:00,-15,7
http://irail.be/vehicle/IC722,NO-URI,IC,2017-05-08T23:48:00,2017-05-08T23:48:00,-69,-69
http://irail.be/vehicle/IC722,http://irail.be/stations/NMBS/008892106,IC,2017-05-08T23:50:00,2017-05-08T23:49:00,27,-63
http://irail.be/vehicle/IC722,http://irail.be/stations/NMBS/008896149,IC,2017-05-08T23:58:00,2017-05-08T23:57:00,-6,-26
http://irail.be/vehicle/IC722,http://irail.be/stations/NMBS/008896115,IC,2017-05-09T00:04:00,2017-05-09T00:04:00,-49,-49
http://irail.be/vehicle/IC722,http://irail.be/stations/NMBS/008896008,IC,2017-05-09T00:10:00,2017-05-09T00:10:00,,-114
http://irail.be/vehicle/IC722,http://irail.be/stations/NMBS/008821006,IC,2017-06-01T22:37:00,2017-06-01T22:37:00,60,
http://irail.be/vehicle/IC722,http://irail.be/stations/NMBS/008821121,IC,2017-06-01T22:43:00,2017-06-01T22:41:00,27,27
http://irail.be/vehicle/IC722,http://irail.be/stations/NMBS/008821196,IC,2017-06-01T22:46:00,2017-06-01T22:46:00,18,18
http://irail.be/vehicle/IC722,NO-URI,IC,2017-06-01T22:50:00,2017-06-01T22:50:00,18,18
http://irail.be/vehicle/IC722,http://irail.be/stations/NMBS/008894821,IC,2017-06-01T22:50:00,2017-06-01T22:50:00,49,49
http://irail.be/vehicle/IC722,http://irail.be/stations/NMBS/008894755,IC,2017-06-01T22:52:00,2017-06-01T22:52:00,44,44
http://irail.be/vehicle/IC722,http://irail.be/stations/NMBS/008894748,IC,2017-06-01T22:53:00,2017-06-01T22:53:00,46,46
http://irail.be/vehicle/IC722,http://irail.be/stations/NMBS/008894714,IC,2017-06-01T22:55:00,2017-06-01T22:55:00,52,52
http://irail.be/vehicle/IC722,NO-URI,IC,2017-06-01T22:57:00,2017-06-01T22:57:00,11,11
http://irail.be/vehicle/IC722,http://irail.be/stations/NMBS/008894508,IC,2017-06-01T23:00:00,2017-06-01T22:59:00,76,-50
http://irail.be/vehicle/IC722,http://irail.be/stations/NMBS/008894433,IC,2017-06-01T23:03:00,2017-06-01T23:03:00,76,76
http://irail.be/vehicle/IC722,http://irail.be/stations/NMBS/008894425,IC,2017-06-01T23:03:00,2017-06-01T23:03:00,103,103
http://irail.be/vehicle/IC722,NO-URI,IC,2017-06-01T23:06:00,2017-06-01T23:06:00,62,62
http://irail.be/vehicle/IC722,http://irail.be/stations/NMBS/008894201,IC,2017-06-01T23:09:00,2017-06-01T23:08:00,45,46
http://irail.be/vehicle/IC722,http://irail.be/stations/NMBS/008894151,IC,2017-06-01T23:15:00,2017-06-01T23:15:00,64,45
http://irail.be/vehicle/IC722,http://irail.be/stations/NMBS/008893120,IC,2017-06-01T23:24:00,2017-06-01T23:23:00,95,28
http://irail.be/vehicle/IC722,http://irail.be/stations/NMBS/008893179,IC,2017-06-01T23:26:00,2017-06-01T23:26:00,95,95
http://irail.be/vehicle/IC722,NO-URI,IC,2017-06-01T23:27:00,2017-06-01T23:27:00,478,478
http://irail.be/vehicle/IC722,http://irail.be/stations/NMBS/008892007,IC,2017-06-01T23:36:00,2017-06-01T23:33:00,425,512
http://irail.be/vehicle/IC722,http://irail.be/stations/NMBS/008892080,IC,2017-06-01T23:43:00,2017-06-01T23:42:00,402,430
http://irail.be/vehicle/IC722,NO-URI,IC,2017-06-01T23:48:00,2017-06-01T23:48:00,369,369
http://irail.be/vehicle/IC722,http://irail.be/stations/NMBS/008892106,IC,2017-06-01T23:50:00,2017-06-01T23:49:00,413,385
http://irail.be/vehicle/IC722,http://irail.be/stations/NMBS/008896149,IC,2017-06-01T23:58:00,2017-06-01T23:57:00,344,351
http://irail.be/vehicle/IC722,http://irail.be/stations/NMBS/008896115,IC,2017-06-02T00:04:00,2017-06-02T00:04:00,319,319
http://irail.be/vehicle/IC722,http://irail.be/stations/NMBS/008896008,IC,2017-06-02T00:10:00,2017-06-02T00:10:00,,251
http://irail.be/vehicle/IC722,http://irail.be/stations/NMBS/008821006,IC,2017-04-11T22:37:00,2017-04-11T22:37:00,76,
http://irail.be/vehicle/IC722,http://irail.be/stations/NMBS/008821121,IC,2017-04-11T22:43:00,2017-04-11T22:41:00,42,42
http://irail.be/vehicle/IC722,http://irail.be/stations/NMBS/008821196,IC,2017-04-11T22:46:00,2017-04-11T22:46:00,0,0
http://irail.be/vehicle/IC722,NO-URI,IC,2017-04-11T22:50:00,2017-04-11T22:50:00,0,0
http://irail.be/vehicle/IC722,http://irail.be/stations/NMBS/008894821,IC,2017-04-11T22:50:00,2017-04-11T22:50:00,25,25
http://irail.be/vehicle/IC722,http://irail.be/stations/NMBS/008894755,IC,2017-04-11T22:52:00,2017-04-11T22:52:00,5,5
http://irail.be/vehicle/IC722,http://irail.be/stations/NMBS/008894748,IC,2017-04-11T22:53:00,2017-04-11T22:53:00,6,6
http://irail.be/vehicle/IC722,http://irail.be/stations/NMBS/008894714,IC,2017-04-11T22:55:00,2017-04-11T22:55:00,14,14
http://irail.be/vehicle/IC722,NO-URI,IC,2017-04-11T22:57:00,2017-04-11T22:57:00,-26,-26
http://irail.be/vehicle/IC722,http://irail.be/stations/NMBS/008894508,IC,2017-04-11T23:00:00,2017-04-11T22:59:00,52,-88
http://irail.be/vehicle/IC722,http://irail.be/stations/NMBS/008894433,IC,2017-04-11T23:03:00,2017-04-11T23:03:00,52,52
http://irail.be/vehicle/IC722,http://irail.be/stations/NMBS/008894425,IC,2017-04-11T23:03:00,2017-04-11T23:03:00,70,70
http://irail.be/vehicle/IC722,NO-URI,IC,2017-04-11T23:06:00,2017-04-11T23:06:00,29,29
http://irail.be/vehicle/IC722,http://irail.be/stations/NMBS/008894201,IC,2017-04-11T23:09:00,2017-04-11T23:08:00,82,96
http://irail.be/vehicle/IC722,http://irail.be/stations/NMBS/008894151,IC,2017-04-11T23:15:00,2017-04-11T23:15:00,82,82
http://irail.be/vehicle/IC722,http://irail.be/stations/NMBS/008893120,IC,2017-04-11T23:24:00,2017-04-11T23:23:00,80,19
http://irail.be/vehicle/IC722,http://irail.be/stations/NMBS/008893179,IC,2017-04-11T23:26:00,2017-04-11T23:26:00,80,80
http://irail.be/vehicle/IC722,NO-URI,IC,2017-04-11T23:27:00,2017-04-11T23:27:00,33,33
http://irail.be/vehicle/IC722,http://irail.be/stations/NMBS/008892007,IC,2017-04-11T23:36:00,2017-04-11T23:33:00,20,32
http://irail.be/vehicle/IC722,http://irail.be/stations/NMBS/008892080,IC,2017-04-11T23:43:00,2017-04-11T23:42:00,-33,-6
http://irail.be/vehicle/IC722,NO-URI,IC,2017-04-11T23:48:00,2017-04-11T23:48:00,-90,-90
http://irail.be/vehicle/IC722,http://irail.be/stations/NMBS/008892106,IC,2017-04-11T23:50:00,2017-04-11T23:49:00,24,-86
http://irail.be/vehicle/IC722,http://irail.be/stations/NMBS/008896149,IC,2017-04-11T23:58:00,2017-04-11T23:57:00,-5,-37
http://irail.be/vehicle/IC722,http://irail.be/stations/NMBS/008896115,IC,2017-04-12T00:04:00,2017-04-12T00:04:00,-5,-5
http://irail.be/vehicle/IC722,http://irail.be/stations/NMBS/008896008,IC,2017-04-12T00:10:00,2017-04-12T00:10:00,,-138
http://irail.be/vehicle/IC722,http://irail.be/stations/NMBS/008821006,IC,2017-10-08T22:37:00,2017-10-08T22:37:00,11,
http://irail.be/vehicle/IC722,http://irail.be/stations/NMBS/008821121,IC,2017-10-08T22:43:00,2017-10-08T22:41:00,234,234
http://irail.be/vehicle/IC722,http://irail.be/stations/NMBS/008821196,IC,2017-10-08T22:46:00,2017-10-08T22:46:00,197,197
http://irail.be/vehicle/IC722,NO-URI,IC,2017-10-08T22:50:00,2017-10-08T22:50:00,197,197
http://irail.be/vehicle/IC722,http://irail.be/stations/NMBS/008894821,IC,2017-10-08T22:50:00,2017-10-08T22:50:00,225,225
http://irail.be/vehicle/IC722,http://irail.be/stations/NMBS/008894755,IC,2017-10-08T22:52:00,2017-10-08T22:52:00,216,216
http://irail.be/vehicle/IC722,http://irail.be/stations/NMBS/008894748,IC,2017-10-08T22:53:00,2017-10-08T22:53:00,186,186
http://irail.be/vehicle/IC722,http://irail.be/stations/NMBS/008894714,IC,2017-10-08T22:56:00,2017-10-08T22:56:00,166,166
http://irail.be/vehicle/IC722,NO-URI,IC,2017-10-08T22:57:00,2017-10-08T22:57:00,158,158
http://irail.be/vehicle/IC722,http://irail.be/stations/NMBS/008894508,IC,2017-10-08T23:01:00,2017-10-08T22:59:00,149,121
http://irail.be/vehicle/IC722,http://irail.be/stations/NMBS/008894433,IC,2017-10-08T23:04:00,2017-10-08T23:04:00,149,149
http://irail.be/vehicle/IC722,http://irail.be/stations/NMBS/008894425,IC,2017-10-08T23:05:00,2017-10-08T23:05:00,123,123
http://irail.be/vehicle/IC722,NO-URI,IC,2017-10-08T23:07:00,2017-10-08T23:07:00,122,122
http://irail.be/vehicle/IC722,http://irail.be/stations/NMBS/008894201,IC,2017-10-08T23:11:00,2017-10-08T23:09:00,41,121
http://irail.be/vehicle/IC722,http://irail.be/stations/NMBS/008894151,IC,2017-10-08T23:16:00,2017-10-08T23:16:00,41,41
http://irail.be/vehicle/IC722,http://irail.be/stations/NMBS/008893120,IC,2017-10-08T23:24:00,2017-10-08T23:23:00,56,-18
http://irail.be/vehicle/IC722,http://irail.be/stations/NMBS/008893179,IC,2017-10-08T23:26:00,2017-10-08T23:26:00,56,56
http://irail.be/vehicle/IC722,NO-URI,IC,2017-10-08T23:27:00,2017-10-08T23:27:00,3,3
http://irail.be/vehicle/IC722,http://irail.be/stations/NMBS/008892007,IC,2017-10-08T23:36:00,2017-10-08T23:33:00,11,-30
http://irail.be/vehicle/IC722,http://irail.be/stations/NMBS/008892080,IC,2017-10-08T23:43:00,2017-10-08T23:42:00,10,17
http://irail.be/vehicle/IC722,NO-URI,IC,2017-10-08T23:47:00,2017-10-08T23:47:00,4,4
http://irail.be/vehicle/IC722,http://irail.be/stations/NMBS/008892106,IC,2017-10-08T23:50:00,2017-10-08T23:49:00,40,5
http://irail.be/vehicle/IC722,http://irail.be/stations/NMBS/008896149,IC,2017-10-08T23:58:00,2017-10-08T23:57:00,33,18
http://irail.be/vehicle/IC722,http://irail.be/stations/NMBS/008896115,IC,2017-10-09T00:04:00,2017-10-09T00:04:00,17,11
http://irail.be/vehicle/IC722,http://irail.be/stations/NMBS/008896008,IC,2017-10-09T00:10:00,2017-10-09T00:10:00,,-47
http://irail.be/vehicle/IC722,http://irail.be/stations/NMBS/008821006,IC,2017-01-07T22:37:00,2017-01-07T22:37:00,25,
http://irail.be/vehicle/IC722,http://irail.be/stations/NMBS/008821121,IC,2017-01-07T22:43:00,2017-01-07T22:41:00,80,80
http://irail.be/vehicle/IC722,http://irail.be/stations/NMBS/008821196,IC,2017-01-07T22:46:00,2017-01-07T22:46:00,56,56
http://irail.be/vehicle/IC722,NO-URI,IC,2017-01-07T22:50:00,2017-01-07T22:50:00,56,56
http://irail.be/vehicle/IC722,http://irail.be/stations/NMBS/008894821,IC,2017-01-07T22:50:00,2017-01-07T22:50:00,80,80
http://irail.be/vehicle/IC722,http://irail.be/stations/NMBS/008894755,IC,2017-01-07T22:52:00,2017-01-07T22:52:00,59,59
http://irail.be/vehicle/IC722,http://irail.be/stations/NMBS/008894748,IC,2017-01-07T22:53:00,2017-01-07T22:53:00,28,28
http://irail.be/vehicle/IC722,http://irail.be/stations/NMBS/008894714,IC,2017-01-07T22:56:00,2017-01-07T22:56:00,9,9
http://irail.be/vehicle/IC722,NO-URI,IC,2017-01-07T22:57:00,2017-01-07T22:57:00,-4,-4
http://irail.be/vehicle/IC722,http://irail.be/stations/NMBS/008894508,IC,2017-01-07T23:01:00,2017-01-07T22:59:00,91,-35
http://irail.be/vehicle/IC722,http://irail.be/stations/NMBS/008894433,IC,2017-01-07T23:04:00,2017-01-07T23:04:00,91,91
http://irail.be/vehicle/IC722,http://irail.be/stations/NMBS/008894425,IC,2017-01-07T23:05:00,2017-01-07T23:05:00,66,66
http://irail.be/vehicle/IC722,NO-URI,IC,2017-01-07T23:07:00,2017-01-07T23:07:00,59,59
http://irail.be/vehicle/IC722,http://irail.be/stations/NMBS/008894201,IC,2017-01-07T23:11:00,2017-01-07T23:09:00,-1,51
http://irail.be/vehicle/IC722,http://irail.be/stations/NMBS/008894151,IC,2017-01-07T23:16:00,2017-01-07T23:16:00,-1,-1
http://irail.be/vehicle/IC722,http://irail.be/stations/NMBS/008893120,IC,2017-01-07T23:24:00,2017-01-07T23:23:00,-3,-27
http://irail.be/vehicle/IC722,http://irail.be/stations/NMBS/008893179,IC,2017-01-07T23:26:00,2017-01-07T23:26:00,-3,-3
http://irail.be/vehicle/IC722,NO-URI,IC,2017-01-07T23:27:00,2017-01-07T23:27:00,-57,-57
http://irail.be/vehicle/IC722,http://irail.be/stations/NMBS/008892007,IC,2017-01-07T23:36:00,2017-01-07T23:33:00,8,-84
http://irail.be/vehicle/IC722,http://irail.be/stations/NMBS/008892080,IC,2017-01-07T23:43:00,2017-01-07T23:42:00,-5,-1
http://irail.be/vehicle/IC722,NO-URI,IC,2017-01-07T23:47:00,2017-01-07T23:47:00,-11,-11
http://irail.be/vehicle/IC722,http://irail.be/stations/NMBS/008892106,IC,2017-01-07T23:50:00,2017-01-07T23:49:00,47,-5
http://irail.be/vehicle/IC722,http://irail.be/stations/NMBS/008896149,IC,2017-01-07T23:58:00,2017-01-07T23:57:00,14,23
http://irail.be/vehicle/IC722,http://irail.be/stations/NMBS/008896115,IC,2017-01-08T00:04:00,2017-01-08T00:04:00,-9,-9
http://irail.be/vehicle/IC722,http://irail.be/stations/NMBS/008896008,IC,2017-01-08T00:10:00,2017-01-08T00:10:00,,-22
http://irail.be/vehicle/IC722,http://irail.be/stations/NMBS/008821006,IC,2017-08-21T22:37:00,2017-08-21T22:37:00,48,
http://irail.be/vehicle/IC722,http://irail.be/stations/NMBS/008821121,IC,2017-08-21T22:43:00,2017-08-21T22:41:00,7,7
http://irail.be/vehicle/IC722,http://irail.be/stations/NMBS/008821196,IC,2017-08-21T22:46:00,2017-08-21T22:46:00,-16,-16
http://irail.be/vehicle/IC722,NO-URI,IC,2017-08-21T22:50:00,2017-08-21T22:50:00,-16,-16
http://irail.be/vehicle/IC722,http://irail.be/stations/NMBS/008894821,IC,2017-08-21T22:50:00,2017-08-21T22:50:00,13,13
http://irail.be/vehicle/IC722,http://irail.be/stations/NMBS/008894755,IC,2017-08-21T22:52:00,2017-08-21T22:52:00,15,15
http://irail.be/vehicle/IC722,http://irail.be/stations/NMBS/008894748,IC,2017-08-21T22:53:00,2017-08-21T22:53:00,-9,-9
http://irail.be/vehicle/IC722,http://irail.be/stations/NMBS/008894714,IC,2017-08-21T22:56:00,2017-08-21T22:56:00,-11,-11
http://irail.be/vehicle/IC722,NO-URI,IC,2017-08-21T22:57:00,2017-08-21T22:57:00,-17,-17
http://irail.be/vehicle/IC722,http://irail.be/stations/NMBS/008894508,IC,2017-08-21T23:00:00,2017-08-21T22:59:00,109,-54
http://irail.be/vehicle/IC722,http://irail.be/stations/NMBS/008894433,IC,2017-08-21T23:03:00,2017-08-21T23:03:00,109,109
http://irail.be/vehicle/IC722,http://irail.be/stations/NMBS/008894425,IC,2017-08-21T23:04:00,2017-08-21T23:04:00,114,114
http://irail.be/vehicle/IC722,NO-URI,IC,2017-08-21T23:06:00,2017-08-21T23:06:00,107,107
http://irail.be/vehicle/IC722,http://irail.be/stations/NMBS/008894201,IC,2017-08-21T23:09:00,2017-08-21T23:08:00,104,106
http://irail.be/vehicle/IC722,http://irail.be/stations/NMBS/008894151,IC,2017-08-21T23:15:00,2017-08-21T23:15:00,115,104
http://irail.be/vehicle/IC722,http://irail.be/stations/NMBS/008893120,IC,2017-08-21T23:24:00,2017-08-21T23:23:00,196,104
http://irail.be/vehicle/IC722,http://irail.be/stations/NMBS/008893179,IC,2017-08-21T23:26:00,2017-08-21T23:26:00,196,196
http://irail.be/vehicle/IC722,NO-URI,IC,2017-08-21T23:27:00,2017-08-21T23:27:00,153,153
http://irail.be/vehicle/IC722,http://irail.be/stations/NMBS/008892007,IC,2017-08-21T23:36:00,2017-08-21T23:33:00,1667,126
http://irail.be/vehicle/IC722,http://irail.be/stations/NMBS/008892080,IC,2017-08-21T23:43:00,2017-08-21T23:42:00,1633,1686
http://irail.be/vehicle/IC722,NO-URI,IC,2017-08-21T23:48:00,2017-08-21T23:48:00,1575,1575
http://irail.be/vehicle/IC722,http://irail.be/stations/NMBS/008892106,IC,2017-08-21T23:50:00,2017-08-21T23:49:00,1602,1578
http://irail.be/vehicle/IC722,http://irail.be/stations/NMBS/008896149,IC,2017-08-21T23:58:00,2017-08-21T23:57:00,1531,1543
http://irail.be/vehicle/IC722,http://irail.be/stations/NMBS/008896115,IC,2017-08-22T00:04:00,2017-08-22T00:04:00,1500,1485
http://irail.be/vehicle/IC722,http://irail.be/stations/NMBS/008896008,IC,2017-08-22T00:10:00,2017-08-22T00:10:00,,1527
http://irail.be/vehicle/IC722,http://irail.be/stations/NMBS/008821006,IC,2017-02-24T22:37:00,2017-02-24T22:37:00,1,
http://irail.be/vehicle/IC722,http://irail.be/stations/NMBS/008821121,IC,2017-02-24T22:43:00,2017-02-24T22:41:00,31,31
http://irail.be/vehicle/IC722,http://irail.be/stations/NMBS/008821196,IC,2017-02-24T22:46:00,2017-02-24T22:46:00,-22,-22
http://irail.be/vehicle/IC722,NO-URI,IC,2017-02-24T22:50:00,2017-02-24T22:50:00,-22,-22
http://irail.be/vehicle/IC722,http://irail.be/stations/NMBS/008894821,IC,2017-02-24T22:50:00,2017-02-24T22:50:00,7,7
http://irail.be/vehicle/IC722,http://irail.be/stations/NMBS/008894755,IC,2017-02-24T22:52:00,2017-02-24T22:52:00,-4,-4
http://irail.be/vehicle/IC722,http://irail.be/stations/NMBS/008894748,IC,2017-02-24T22:53:00,2017-02-24T22:53:00,-30,-30
http://irail.be/vehicle/IC722,http://irail.be/stations/NMBS/008894714,IC,2017-02-24T22:56:00,2017-02-24T22:56:00,-41,-41
http://irail.be/vehicle/IC722,NO-URI,IC,2017-02-24T22:57:00,2017-02-24T22:57:00,-52,-52
http://irail.be/vehicle/IC722,http://irail.be/stations/NMBS/008894508,IC,2017-02-24T23:00:00,2017-02-24T22:59:00,61,-83
http://irail.be/vehicle/IC722,http://irail.be/stations/NMBS/008894433,IC,2017-02-24T23:03:00,2017-02-24T23:03:00,61,61
http://irail.be/vehicle/IC722,http://irail.be/stations/NMBS/008894425,IC,2017-02-24T23:04:00,2017-02-24T23:04:00,21,21
http://irail.be/vehicle/IC722,NO-URI,IC,2017-02-24T23:06:00,2017-02-24T23:06:00,18,18
http://irail.be/vehicle/IC722,http://irail.be/stations/NMBS/008894201,IC,2017-02-24T23:09:00,2017-02-24T23:08:00,26,25
http://irail.be/vehicle/IC722,http://irail.be/stations/NMBS/008894151,IC,2017-02-24T23:15:00,2017-02-24T23:15:00,36,26
http://irail.be/vehicle/IC722,http://irail.be/stations/NMBS/008893120,IC,2017-02-24T23:24:00,2017-02-24T23:23:00,66,-7
http://irail.be/vehicle/IC722,http://irail.be/stations/NMBS/008893179,IC,2017-02-24T23:26:00,2017-02-24T23:26:00,66,66
http://irail.be/vehicle/IC722,NO-URI,IC,2017-02-24T23:27:00,2017-02-24T23:27:00,-15,-15
http://irail.be/vehicle/IC722,http://irail.be/stations/NMBS/008892007,IC,2017-02-24T23:36:00,2017-02-24T23:33:00,60,-41
http://irail.be/vehicle/IC722,http://irail.be/stations/NMBS/008892080,IC,2017-02-24T23:43:00,2017-02-24T23:42:00,47,65
http://irail.be/vehicle/IC722,NO-URI,IC,2017-02-24T23:48:00,2017-02-24T23:48:00,-11,-11
http://irail.be/vehicle/IC722,http://irail.be/stations/NMBS/008892106,IC,2017-02-24T23:50:00,2017-02-24T23:49:00,50,-4
http://irail.be/vehicle/IC722,http://irail.be/stations/NMBS/008896149,IC,2017-02-24T23:58:00,2017-02-24T23:57:00,17,-7
http://irail.be/vehicle/IC722,http://irail.be/stations/NMBS/008896115,IC,2017-02-25T00:04:00,2017-02-25T00:04:00,17,17
http://irail.be/vehicle/IC722,http://irail.be/stations/NMBS/008896008,IC,2017-02-25T00:10:00,2017-02-25T00:10:00,,-99
http://irail.be/vehicle/IC722,http://irail.be/stations/NMBS/008821006,IC,2017-07-02T22:37:00,2017-07-02T22:37:00,10,
http://irail.be/vehicle/IC722,http://irail.be/stations/NMBS/008821121,IC,2017-07-02T22:43:00,2017-07-02T22:41:00,2,2
http://irail.be/vehicle/IC722,http://irail.be/stations/NMBS/008821196,IC,2017-07-02T22:46:00,2017-07-02T22:46:00,-41,-41
http://irail.be/vehicle/IC722,NO-URI,IC,2017-07-02T22:50:00,2017-07-02T22:50:00,-41,-41
http://irail.be/vehicle/IC722,http://irail.be/stations/NMBS/008894821,IC,2017-07-02T22:50:00,2017-07-02T22:50:00,-18,-18
http://irail.be/vehicle/IC722,http://irail.be/stations/NMBS/008894755,IC,2017-07-02T22:52:00,2017-07-02T22:52:00,-32,-32
http://irail.be/vehicle/IC722,http://irail.be/stations/NMBS/008894748,IC,2017-07-02T22:53:00,2017-07-02T22:53:00,-60,-60
http://irail.be/vehicle/IC722,http://irail.be/stations/NMBS/008894714,IC,2017-07-02T22:56:00,2017-07-02T22:56:00,-60,-60
http://irail.be/vehicle/IC722,NO-URI,IC,2017-07-02T22:57:00,2017-07-02T22:57:00,-63,-63
http://irail.be/vehicle/IC722,http://irail.be/stations/NMBS/008894508,IC,2017-07-02T23:01:00,2017-07-02T22:59:00,33,-65
http://irail.be/vehicle/IC722,http://irail.be/stations/NMBS/008894433,IC,2017-07-02T23:04:00,2017-07-02T23:04:00,33,33
http://irail.be/vehicle/IC722,http://irail.be/stations/NMBS/008894425,IC,2017-07-02T23:05:00,2017-07-02T23:05:00,-18,-18
http://irail.be/vehicle/IC722,NO-URI,IC,2017-07-02T23:07:00,2017-07-02T23:07:00,-15,-15
http://irail.be/vehicle/IC722,http://irail.be/stations/NMBS/008894201,IC,2017-07-02T23:11:00,2017-07-02T23:09:00,6,-18
http://irail.be/vehicle/IC722,http://irail.be/stations/NMBS/008894151,IC,2017-07-02T23:16:00,2017-07-02T23:16:00,6,6
http://irail.be/vehicle/IC722,http://irail.be/stations/NMBS/008893120,IC,2017-07-02T23:24:00,2017-07-02T23:23:00,78,36
http://irail.be/vehicle/IC722,http://irail.be/stations/NMBS/008893179,IC,2017-07-02T23:26:00,2017-07-02T23:26:00,78,78
http://irail.be/vehicle/IC722,NO-URI,IC,2017-07-02T23:27:00,2017-07-02T23:27:00,42,42
http://irail.be/vehicle/IC722,http://irail.be/stations/NMBS/008892007,IC,2017-07-02T23:36:00,2017-07-02T23:33:00,22,10
http://irail.be/vehicle/IC722,http://irail.be/stations/NMBS/008892080,IC,2017-07-02T23:43:00,2017-07-02T23:42:00,0,9
http://irail.be/vehicle/IC722,NO-URI,IC,2017-07-02T23:47:00,2017-07-02T23:47:00,-14,-14
http://irail.be/vehicle/IC722,http://irail.be/stations/NMBS/008892106,IC,2017-07-02T23:50:00,2017-07-02T23:49:00,22,-11
http://irail.be/vehicle/IC722,http://irail.be/stations/NMBS/008896149,IC,2017-07-02T23:58:00,2017-07-02T23:57:00,-27,-25
http://irail.be/vehicle/IC722,http://irail.be/stations/NMBS/008896115,IC,2017-07-03T00:04:00,2017-07-03T00:04:00,-40,-40
http://irail.be/vehicle/IC722,http://irail.be/stations/NMBS/008896008,IC,2017-07-03T00:10:00,2017-07-03T00:10:00,,-89
http://irail.be/vehicle/IC722,http://irail.be/stations/NMBS/008821006,IC,2017-07-12T22:37:00,2017-07-12T22:37:00,67,
http://irail.be/vehicle/IC722,http://irail.be/stations/NMBS/008821121,IC,2017-07-12T22:43:00,2017-07-12T22:41:00,109,109
http://irail.be/vehicle/IC722,http://irail.be/stations/NMBS/008821196,IC,2017-07-12T22:46:00,2017-07-12T22:46:00,75,75
http://irail.be/vehicle/IC722,NO-URI,IC,2017-07-12T22:50:00,2017-07-12T22:50:00,75,75
http://irail.be/vehicle/IC722,http://irail.be/stations/NMBS/008894821,IC,2017-07-12T22:50:00,2017-07-12T22:50:00,106,106
http://irail.be/vehicle/IC722,http://irail.be/stations/NMBS/008894755,IC,2017-07-12T22:52:00,2017-07-12T22:52:00,98,98
http://irail.be/vehicle/IC722,http://irail.be/stations/NMBS/008894748,IC,2017-07-12T22:53:00,2017-07-12T22:53:00,99,99
http://irail.be/vehicle/IC722,http://irail.be/stations/NMBS/008894714,IC,2017-07-12T22:55:00,2017-07-12T22:55:00,113,113
http://irail.be/vehicle/IC722,NO-URI,IC,2017-07-12T22:57:00,2017-07-12T22:57:00,75,75
http://irail.be/vehicle/IC722,http://irail.be/stations/NMBS/008894508,IC,2017-07-12T23:00:00,2017-07-12T22:59:00,78,13
http://irail.be/vehicle/IC722,http://irail.be/stations/NMBS/008894433,IC,2017-07-12T23:03:00,2017-07-12T23:03:00,78,78
http://irail.be/vehicle/IC722,http://irail.be/stations/NMBS/008894425,IC,2017-07-12T23:03:00,2017-07-12T23:03:00,81,81
http://irail.be/vehicle/IC722,NO-URI,IC,2017-07-12T23:06:00,2017-07-12T23:06:00,44,44
http://irail.be/vehicle/IC722,http://irail.be/stations/NMBS/008894201,IC,2017-07-12T23:09:00,2017-07-12T23:08:00,56,30
http://irail.be/vehicle/IC722,http://irail.be/stations/NMBS/008894151,IC,2017-07-12T23:15:00,2017-07-12T23:15:00,65,56
http://irail.be/vehicle/IC722,http://irail.be/stations/NMBS/008893120,IC,2017-07-12T23:24:00,2017-07-12T23:23:00,79,26
http://irail.be/vehicle/IC722,http://irail.be/stations/NMBS/008893179,IC,2017-07-12T23:26:00,2017-07-12T23:26:00,79,79
http://irail.be/vehicle/IC722,NO-URI,IC,2017-07-12T23:27:00,2017-07-12T23:27:00,13,13
http://irail.be/vehicle/IC722,http://irail.be/stations/NMBS/008892007,IC,2017-07-12T23:36:00,2017-07-12T23:33:00,10,12
http://irail.be/vehicle/IC722,http://irail.be/stations/NMBS/008892080,IC,2017-07-12T23:43:00,2017-07-12T23:42:00,-19,-1
http://irail.be/vehicle/IC722,NO-URI,IC,2017-07-12T23:48:00,2017-07-12T23:48:00,-74,-74
http://irail.be/vehicle/IC722,http://irail.be/stations/NMBS/008892106,IC,2017-07-12T23:50:00,2017-07-12T23:49:00,23,-70
http://irail.be/vehicle/IC722,http://irail.be/stations/NMBS/008896149,IC,2017-07-12T23:58:00,2017-07-12T23:57:00,-8,-17
http://irail.be/vehicle/IC722,http://irail.be/stations/NMBS/008896115,IC,2017-07-13T00:04:00,2017-07-13T00:04:00,-50,-50
http://irail.be/vehicle/IC722,http://irail.be/stations/NMBS/008896008,IC,2017-07-13T00:10:00,2017-07-13T00:10:00,,-125
http://irail.be/vehicle/IC722,http://irail.be/stations/NMBS/008821006,IC,2017-07-04T22:37:00,2017-07-04T22:37:00,28,
http://irail.be/vehicle/IC722,http://irail.be/stations/NMBS/008821121,IC,2017-07-04T22:43:00,2017-07-04T22:41:00,36,36
http://irail.be/vehicle/IC722,http://irail.be/stations/NMBS/008821196,IC,2017-07-04T22:46:00,2017-07-04T22:46:00,-8,-8
http://irail.be/vehicle/IC722,NO-URI,IC,2017-07-04T22:50:00,2017-07-04T22:50:00,-8,-8
http://irail.be/vehicle/IC722,http://irail.be/stations/NMBS/008894821,IC,2017-07-04T22:50:00,2017-07-04T22:50:00,20,20
http://irail.be/vehicle/IC722,http://irail.be/stations/NMBS/008894755,IC,2017-07-04T22:52:00,2017-07-04T22:52:00,22,22
http://irail.be/vehicle/IC722,http://irail.be/stations/NMBS/008894748,IC,2017-07-04T22:53:00,2017-07-04T22:53:00,-9,-9
http://irail.be/vehicle/IC722,http://irail.be/stations/NMBS/008894714,IC,2017-07-04T22:56:00,2017-07-04T22:56:00,-32,-32
http://irail.be/vehicle/IC722,NO-URI,IC,2017-07-04T22:57:00,2017-07-04T22:57:00,-45,-45
http://irail.be/vehicle/IC722,http://irail.be/stations/NMBS/008894508,IC,2017-07-04T23:00:00,2017-07-04T22:59:00,175,-83
http://irail.be/vehicle/IC722,http://irail.be/stations/NMBS/008894433,IC,2017-07-04T23:03:00,2017-07-04T23:03:00,175,175
http://irail.be/vehicle/IC722,http://irail.be/stations/NMBS/008894425,IC,2017-07-04T23:04:00,2017-07-04T23:04:00,132,132
http://irail.be/vehicle/IC722,NO-URI,IC,2017-07-04T23:06:00,2017-07-04T23:06:00,124,124
http://irail.be/vehicle/IC722,http://irail.be/stations/NMBS/008894201,IC,2017-07-04T23:09:00,2017-07-04T23:08:00,97,111
http://irail.be/vehicle/IC722,http://irail.be/stations/NMBS/008894151,IC,2017-07-04T23:15:00,2017-07-04T23:15:00,135,97
http://irail.be/vehicle/IC722,http://irail.be/stations/NMBS/008893120,IC,2017-07-04T23:24:00,2017-07-04T23:23:00,192,174
http://irail.be/vehicle/IC722,http://irail.be/stations/NMBS/008893179,IC,2017-07-04T23:26:00,2017-07-04T23:26:00,192,192
http://irail.be/vehicle/IC722,NO-URI,IC,2017-07-04T23:27:00,2017-07-04T23:27:00,131,131
http://irail.be/vehicle/IC722,http://irail.be/stations/NMBS/008892007,IC,2017-07-04T23:36:00,2017-07-04T23:33:00,736,179
http://irail.be/vehicle/IC722,http://irail.be/stations/NMBS/008892080,IC,2017-07-04T23:43:00,2017-07-04T23:42:00,750,790
http://irail.be/vehicle/IC722,NO-URI,IC,2017-07-04T23:48:00,2017-07-04T23:48:00,694,694
http://irail.be/vehicle/IC722,http://irail.be/stations/NMBS/008892106,IC,2017-07-04T23:50:00,2017-07-04T23:49:00,733,699
http://irail.be/vehicle/IC722,http://irail.be/stations/NMBS/008896149,IC,2017-07-04T23:58:00,2017-07-04T23:57:00,658,671
http://irail.be/vehicle/IC722,http://irail.be/stations/NMBS/008896115,IC,2017-07-05T00:04:00,2017-07-05T00:04:00,701,602
http://irail.be/vehicle/IC722,http://irail.be/stations/NMBS/008896008,IC,2017-07-05T00:10:00,2017-07-05T00:10:00,,678
http://irail.be/vehicle/IC722,http://irail.be/stations/NMBS/008821006,IC,2017-11-23T22:37:00,2017-11-23T22:37:00,45,
http://irail.be/vehicle/IC722,http://irail.be/stations/NMBS/008821121,IC,2017-11-23T22:43:00,2017-11-23T22:41:00,38,38
http://irail.be/vehicle/IC722,http://irail.be/stations/NMBS/008821196,IC,2017-11-23T22:46:00,2017-11-23T22:46:00,21,21
http://irail.be/vehicle/IC722,NO-URI,IC,2017-11-23T22:50:00,2017-11-23T22:50:00,21,21
http://irail.be/vehicle/IC722,http://irail.be/stations/NMBS/008894821,IC,2017-11-23T22:50:00,2017-11-23T22:50:00,47,47
http://irail.be/vehicle/IC722,http://irail.be/stations/NMBS/008894755,IC,2017-11-23T22:52:00,2017-11-23T22:52:00,104,104
http://irail.be/vehicle/IC722,http://irail.be/stations/NMBS/008894748,IC,2017-11-23T22:53:00,2017-11-23T22:53:00,94,94
http://irail.be/vehicle/IC722,http://irail.be/stations/NMBS/008894714,IC,2017-11-23T22:56:00,2017-11-23T22:56:00,79,79
http://irail.be/vehicle/IC722,NO-URI,IC,2017-11-23T22:57:00,2017-11-23T22:57:00,68,68
http://irail.be/vehicle/IC722,http://irail.be/stations/NMBS/008894508,IC,2017-11-23T23:00:00,2017-11-23T22:59:00,115,31
http://irail.be/vehicle/IC722,http://irail.be/stations/NMBS/008894433,IC,2017-11-23T23:03:00,2017-11-23T23:03:00,115,115
http://irail.be/vehicle/IC722,http://irail.be/stations/NMBS/008894425,IC,2017-11-23T23:04:00,2017-11-23T23:04:00,63,63
http://irail.be/vehicle/IC722,NO-URI,IC,2017-11-23T23:06:00,2017-11-23T23:06:00,57,57
http://irail.be/vehicle/IC722,http://irail.be/stations/NMBS/008894201,IC,2017-11-23T23:09:00,2017-11-23T23:08:00,33,44
http://irail.be/vehicle/IC722,http://irail.be/stations/NMBS/008894151,IC,2017-11-23T23:15:00,2017-11-23T23:15:00,45,33
http://irail.be/vehicle/IC722,http://irail.be/stations/NMBS/008893120,IC,2017-11-23T23:24:00,2017-11-23T23:23:00,79,-20
http://irail.be/vehicle/IC722,http://irail.be/stations/NMBS/008893179,IC,2017-11-23T23:26:00,2017-11-23T23:26:00,79,79
http://irail.be/vehicle/IC722,NO-URI,IC,2017-11-23T23:27:00,2017-11-23T23:27:00,59,59
http://irail.be/vehicle/IC722,http://irail.be/stations/NMBS/008892007,IC,2017-11-23T23:36:00,2017-11-23T23:33:00,723,35
http://irail.be/vehicle/IC722,http://irail.be/stations/NMBS/008892080,IC,2017-11-23T23:43:00,2017-11-23T23:42:00,673,704
http://irail.be/vehicle/IC722,NO-URI,IC,2017-11-23T23:48:00,2017-11-23T23:48:00,629,629
http://irail.be/vehicle/IC722,http://irail.be/stations/NMBS/008892106,IC,2017-11-23T23:50:00,2017-11-23T23:49:00,759,723
http://irail.be/vehicle/IC722,http://irail.be/stations/NMBS/008896149,IC,2017-11-23T23:58:00,2017-11-23T23:57:00,675,690
http://irail.be/vehicle/IC722,http://irail.be/stations/NMBS/008896115,IC,2017-11-24T00:04:00,2017-11-24T00:04:00,619,619
http://irail.be/vehicle/IC722,http://irail.be/stations/NMBS/008896008,IC,2017-11-24T00:10:00,2017-11-24T00:10:00,,530
http://irail.be/vehicle/IC722,http://irail.be/stations/NMBS/008821006,IC,2017-07-23T22:37:00,2017-07-23T22:37:00,12,
http://irail.be/vehicle/IC722,http://irail.be/stations/NMBS/008821121,IC,2017-07-23T22:43:00,2017-07-23T22:41:00,16,16
http://irail.be/vehicle/IC722,http://irail.be/stations/NMBS/008821196,IC,2017-07-23T22:46:00,2017-07-23T22:46:00,20,20
http://irail.be/vehicle/IC722,NO-URI,IC,2017-07-23T22:50:00,2017-07-23T22:50:00,20,20
http://irail.be/vehicle/IC722,http://irail.be/stations/NMBS/008894821,IC,2017-07-23T22:50:00,2017-07-23T22:50:00,46,46
http://irail.be/vehicle/IC722,http://irail.be/stations/NMBS/008894755,IC,2017-07-23T22:52:00,2017-07-23T22:52:00,32,32
http://irail.be/vehicle/IC722,http://irail.be/stations/NMBS/008894748,IC,2017-07-23T22:53:00,2017-07-23T22:53:00,4,4
http://irail.be/vehicle/IC722,http://irail.be/stations/NMBS/008894714,IC,2017-07-23T22:56:00,2017-07-23T22:56:00,-10,-10
http://irail.be/vehicle/IC722,NO-URI,IC,2017-07-23T22:57:00,2017-07-23T22:57:00,-21,-21
http://irail.be/vehicle/IC722,http://irail.be/stations/NMBS/008894508,IC,2017-07-23T23:01:00,2017-07-23T22:59:00,59,-61
http://irail.be/vehicle/IC722,http://irail.be/stations/NMBS/008894433,IC,2017-07-23T23:04:00,2017-07-23T23:04:00,59,59
http://irail.be/vehicle/IC722,http://irail.be/stations/NMBS/008894425,IC,2017-07-23T23:05:00,2017-07-23T23:05:00,26,26
http://irail.be/vehicle/IC722,NO-URI,IC,2017-07-23T23:07:00,2017-07-23T23:07:00,36,36
http://irail.be/vehicle/IC722,http://irail.be/stations/NMBS/008894201,IC,2017-07-23T23:11:00,2017-07-23T23:09:00,6,32
http://irail.be/vehicle/IC722,http://irail.be/stations/NMBS/008894151,IC,2017-07-23T23:16:00,2017-07-23T23:16:00,6,6
http://irail.be/vehicle/IC722,http://irail.be/stations/NMBS/008893120,IC,2017-07-23T23:24:00,2017-07-23T23:23:00,32,-34
http://irail.be/vehicle/IC722,http://irail.be/stations/NMBS/008893179,IC,2017-07-23T23:26:00,2017-07-23T23:26:00,32,32
http://irail.be/vehicle/IC722,NO-URI,IC,2017-07-23T23:27:00,2017-07-23T23:27:00,-7,-7
http://irail.be/vehicle/IC722,http://irail.be/stations/NMBS/008892007,IC,2017-07-23T23:36:00,2017-07-23T23:33:00,24,-34
http://irail.be/vehicle/IC722,http://irail.be/stations/NMBS/008892080,IC,2017-07-23T23:43:00,2017-07-23T23:42:00,65,55
http://irail.be/vehicle/IC722,NO-URI,IC,2017-07-23T23:47:00,2017-07-23T23:47:00,63,63
http://irail.be/vehicle/IC722,http://irail.be/stations/NMBS/008892106,IC,2017-07-23T23:50:00,2017-07-23T23:49:00,52,59
http://irail.be/vehicle/IC722,http://irail.be/stations/NMBS/008896149,IC,2017-07-23T23:58:00,2017-07-23T23:57:00,16,15
http://irail.be/vehicle/IC722,http://irail.be/stations/NMBS/008896115,IC,2017-07-24T00:04:00,2017-07-24T00:04:00,-12,-12
http://irail.be/vehicle/IC722,http://irail.be/stations/NMBS/008896008,IC,2017-07-24T00:10:00,2017-07-24T00:10:00,,-98
http://irail.be/vehicle/IC722,http://irail.be/stations/NMBS/008821006,IC,2017-08-08T22:37:00,2017-08-08T22:37:00,42,
http://irail.be/vehicle/IC722,http://irail.be/stations/NMBS/008821121,IC,2017-08-08T22:43:00,2017-08-08T22:41:00,17,17
http://irail.be/vehicle/IC722,http://irail.be/stations/NMBS/008821196,IC,2017-08-08T22:46:00,2017-08-08T22:46:00,-33,-33
http://irail.be/vehicle/IC722,NO-URI,IC,2017-08-08T22:50:00,2017-08-08T22:50:00,-33,-33
http://irail.be/vehicle/IC722,http://irail.be/stations/NMBS/008894821,IC,2017-08-08T22:50:00,2017-08-08T22:50:00,17,17
http://irail.be/vehicle/IC722,http://irail.be/stations/NMBS/008894755,IC,2017-08-08T22:52:00,2017-08-08T22:52:00,1,1
http://irail.be/vehicle/IC722,http://irail.be/stations/NMBS/008894748,IC,2017-08-08T22:53:00,2017-08-08T22:53:00,-59,-59
http://irail.be/vehicle/IC722,http://irail.be/stations/NMBS/008894714,IC,2017-08-08T22:56:00,2017-08-08T22:56:00,-60,-60
http://irail.be/vehicle/IC722,NO-URI,IC,2017-08-08T22:57:00,2017-08-08T22:57:00,-92,-92
http://irail.be/vehicle/IC722,http://irail.be/stations/NMBS/008894508,IC,2017-08-08T23:00:00,2017-08-08T22:59:00,61,-131
http://irail.be/vehicle/IC722,http://irail.be/stations/NMBS/008894433,IC,2017-08-08T23:03:00,2017-08-08T23:03:00,61,61
http://irail.be/vehicle/IC722,http://irail.be/stations/NMBS/008894425,IC,2017-08-08T23:04:00,2017-08-08T23:04:00,0,0
http://irail.be/vehicle/IC722,NO-URI,IC,2017-08-08T23:06:00,2017-08-08T23:06:00,27,27
http://irail.be/vehicle/IC722,http://irail.be/stations/NMBS/008894201,IC,2017-08-08T23:09:00,2017-08-08T23:08:00,-8,-43
http://irail.be/vehicle/IC722,http://irail.be/stations/NMBS/008894151,IC,2017-08-08T23:15:00,2017-08-08T23:15:00,1,-8
http://irail.be/vehicle/IC722,http://irail.be/stations/NMBS/008893120,IC,2017-08-08T23:24:00,2017-08-08T23:23:00,50,-54
http://irail.be/vehicle/IC722,http://irail.be/stations/NMBS/008893179,IC,2017-08-08T23:26:00,2017-08-08T23:26:00,50,50
http://irail.be/vehicle/IC722,NO-URI,IC,2017-08-08T23:27:00,2017-08-08T23:27:00,-23,-23
http://irail.be/vehicle/IC722,http://irail.be/stations/NMBS/008892007,IC,2017-08-08T23:36:00,2017-08-08T23:33:00,388,-62
http://irail.be/vehicle/IC722,http://irail.be/stations/NMBS/008892080,IC,2017-08-08T23:43:00,2017-08-08T23:42:00,317,356
http://irail.be/vehicle/IC722,NO-URI,IC,2017-08-08T23:48:00,2017-08-08T23:48:00,269,269
http://irail.be/vehicle/IC722,http://irail.be/stations/NMBS/008892106,IC,2017-08-08T23:50:00,2017-08-08T23:49:00,277,261
http://irail.be/vehicle/IC722,http://irail.be/stations/NMBS/008896149,IC,2017-08-08T23:58:00,2017-08-08T23:57:00,203,219
http://irail.be/vehicle/IC722,http://irail.be/stations/NMBS/008896115,IC,2017-08-09T00:04:00,2017-08-09T00:04:00,156,156
http://irail.be/vehicle/IC722,http://irail.be/stations/NMBS/008896008,IC,2017-08-09T00:10:00,2017-08-09T00:10:00,,77
http://irail.be/vehicle/IC722,http://irail.be/stations/NMBS/008821006,IC,2017-02-13T22:37:00,2017-02-13T22:37:00,27,
http://irail.be/vehicle/IC722,http://irail.be/stations/NMBS/008821121,IC,2017-02-13T22:43:00,2017-02-13T22:41:00,28,28
http://irail.be/vehicle/IC722,http://irail.be/stations/NMBS/008821196,IC,2017-02-13T22:46:00,2017-02-13T22:46:00,-16,-16
http://irail.be/vehicle/IC722,NO-URI,IC,2017-02-13T22:50:00,2017-02-13T22:50:00,-16,-16
http://irail.be/vehicle/IC722,http://irail.be/stations/NMBS/008894821,IC,2017-02-13T22:50:00,2017-02-13T22:50:00,9,9
http://irail.be/vehicle/IC722,http://irail.be/stations/NMBS/008894755,IC,2017-02-13T22:52:00,2017-02-13T22:52:00,4,4
http://irail.be/vehicle/IC722,http://irail.be/stations/NMBS/008894748,IC,2017-02-13T22:53:00,2017-02-13T22:53:00,-26,-26
http://irail.be/vehicle/IC722,http://irail.be/stations/NMBS/008894714,IC,2017-02-13T22:56:00,2017-02-13T22:56:00,-46,-46
http://irail.be/vehicle/IC722,NO-URI,IC,2017-02-13T22:57:00,2017-02-13T22:57:00,-57,-57
http://irail.be/vehicle/IC722,http://irail.be/stations/NMBS/008894508,IC,2017-02-13T23:00:00,2017-02-13T22:59:00,54,-94
http://irail.be/vehicle/IC722,http://irail.be/stations/NMBS/008894433,IC,2017-02-13T23:03:00,2017-02-13T23:03:00,54,54
http://irail.be/vehicle/IC722,http://irail.be/stations/NMBS/008894425,IC,2017-02-13T23:04:00,2017-02-13T23:04:00,30,30
http://irail.be/vehicle/IC722,NO-URI,IC,2017-02-13T23:06:00,2017-02-13T23:06:00,26,26
http://irail.be/vehicle/IC722,http://irail.be/stations/NMBS/008894201,IC,2017-02-13T23:09:00,2017-02-13T23:08:00,1,15
http://irail.be/vehicle/IC722,http://irail.be/stations/NMBS/008894151,IC,2017-02-13T23:15:00,2017-02-13T23:15:00,11,1
http://irail.be/vehicle/IC722,http://irail.be/stations/NMBS/008893120,IC,2017-02-13T23:24:00,2017-02-13T23:23:00,110,34
http://irail.be/vehicle/IC722,http://irail.be/stations/NMBS/008893179,IC,2017-02-13T23:26:00,2017-02-13T23:26:00,110,110
http://irail.be/vehicle/IC722,NO-URI,IC,2017-02-13T23:27:00,2017-02-13T23:27:00,74,74
http://irail.be/vehicle/IC722,http://irail.be/stations/NMBS/008892007,IC,2017-02-13T23:36:00,2017-02-13T23:33:00,31,44
http://irail.be/vehicle/IC722,http://irail.be/stations/NMBS/008892080,IC,2017-02-13T23:43:00,2017-02-13T23:42:00,-17,22
http://irail.be/vehicle/IC722,NO-URI,IC,2017-02-13T23:48:00,2017-02-13T23:48:00,-56,-56
http://irail.be/vehicle/IC722,http://irail.be/stations/NMBS/008892106,IC,2017-02-13T23:50:00,2017-02-13T23:49:00,40,-48
http://irail.be/vehicle/IC722,http://irail.be/stations/NMBS/008896149,IC,2017-02-13T23:58:00,2017-02-13T23:57:00,22,9
http://irail.be/vehicle/IC722,http://irail.be/stations/NMBS/008896115,IC,2017-02-14T00:04:00,2017-02-14T00:04:00,-42,-42
http://irail.be/vehicle/IC722,http://irail.be/stations/NMBS/008896008,IC,2017-02-14T00:10:00,2017-02-14T00:10:00,,-109
http://irail.be/vehicle/IC722,http://irail.be/stations/NMBS/008821006,IC,2017-03-14T22:37:00,2017-03-14T22:37:00,68,
http://irail.be/vehicle/IC722,http://irail.be/stations/NMBS/008821121,IC,2017-03-14T22:43:00,2017-03-14T22:41:00,23,23
http://irail.be/vehicle/IC722,http://irail.be/stations/NMBS/008821196,IC,2017-03-14T22:46:00,2017-03-14T22:46:00,7,7
http://irail.be/vehicle/IC722,NO-URI,IC,2017-03-14T22:50:00,2017-03-14T22:50:00,7,7
http://irail.be/vehicle/IC722,http://irail.be/stations/NMBS/008894821,IC,2017-03-14T22:50:00,2017-03-14T22:50:00,32,32
http://irail.be/vehicle/IC722,http://irail.be/stations/NMBS/008894755,IC,2017-03-14T22:52:00,2017-03-14T22:52:00,11,11
http://irail.be/vehicle/IC722,http://irail.be/stations/NMBS/008894748,IC,2017-03-14T22:53:00,2017-03-14T22:53:00,12,12
http://irail.be/vehicle/IC722,http://irail.be/stations/NMBS/008894714,IC,2017-03-14T22:55:00,2017-03-14T22:55:00,15,15
http://irail.be/vehicle/IC722,NO-URI,IC,2017-03-14T22:57:00,2017-03-14T22:57:00,-25,-25
http://irail.be/vehicle/IC722,http://irail.be/stations/NMBS/008894508,IC,2017-03-14T23:00:00,2017-03-14T22:59:00,54,-84
http://irail.be/vehicle/IC722,http://irail.be/stations/NMBS/008894433,IC,2017-03-14T23:03:00,2017-03-14T23:03:00,54,54
http://irail.be/vehicle/IC722,http://irail.be/stations/NMBS/008894425,IC,2017-03-14T23:03:00,2017-03-14T23:03:00,61,61
http://irail.be/vehicle/IC722,NO-URI,IC,2017-03-14T23:06:00,2017-03-14T23:06:00,18,18
http://irail.be/vehicle/IC722,http://irail.be/stations/NMBS/008894201,IC,2017-03-14T23:09:00,2017-03-14T23:08:00,15,-2
http://irail.be/vehicle/IC722,http://irail.be/stations/NMBS/008894151,IC,2017-03-14T23:15:00,2017-03-14T23:15:00,19,15
http://irail.be/vehicle/IC722,http://irail.be/stations/NMBS/008893120,IC,2017-03-14T23:24:00,2017-03-14T23:23:00,51,-31
http://irail.be/vehicle/IC722,http://irail.be/stations/NMBS/008893179,IC,2017-03-14T23:26:00,2017-03-14T23:26:00,51,51
http://irail.be/vehicle/IC722,NO-URI,IC,2017-03-14T23:27:00,2017-03-14T23:27:00,-10,-10
http://irail.be/vehicle/IC722,http://irail.be/stations/NMBS/008892007,IC,2017-03-14T23:36:00,2017-03-14T23:33:00,25,-39
http://irail.be/vehicle/IC722,http://irail.be/stations/NMBS/008892080,IC,2017-03-14T23:43:00,2017-03-14T23:42:00,-14,24
http://irail.be/vehicle/IC722,NO-URI,IC,2017-03-14T23:48:00,2017-03-14T23:48:00,-73,-73
http://irail.be/vehicle/IC722,http://irail.be/stations/NMBS/008892106,IC,2017-03-14T23:50:00,2017-03-14T23:49:00,49,-66
http://irail.be/vehicle/IC722,http://irail.be/stations/NMBS/008896149,IC,2017-03-14T23:58:00,2017-03-14T23:57:00,-13,-13
http://irail.be/vehicle/IC722,http://irail.be/stations/NMBS/008896115,IC,2017-03-15T00:04:00,2017-03-15T00:04:00,-13,-13
http://irail.be/vehicle/IC722,http://irail.be/stations/NMBS/008896008,IC,2017-03-15T00:10:00,2017-03-15T00:10:00,,-130
http://irail.be/vehicle/IC722,http://irail.be/stations/NMBS/008821006,IC,2017-11-11T22:37:00,2017-11-11T22:37:00,22,
http://irail.be/vehicle/IC722,http://irail.be/stations/NMBS/008821121,IC,2017-11-11T22:43:00,2017-11-11T22:41:00,36,36
http://irail.be/vehicle/IC722,http://irail.be/stations/NMBS/008821196,IC,2017-11-11T22:46:00,2017-11-11T22:46:00,-11,-11
http://irail.be/vehicle/IC722,NO-URI,IC,2017-11-11T22:50:00,2017-11-11T22:50:00,-11,-11
http://irail.be/vehicle/IC722,http://irail.be/stations/NMBS/008894821,IC,2017-11-11T22:50:00,2017-11-11T22:50:00,14,14
http://irail.be/vehicle/IC722,http://irail.be/stations/NMBS/008894755,IC,2017-11-11T22:52:00,2017-11-11T22:52:00,-6,-6
http://irail.be/vehicle/IC722,http://irail.be/stations/NMBS/008894748,IC,2017-11-11T22:53:00,2017-11-11T22:53:00,-37,-37
http://irail.be/vehicle/IC722,http://irail.be/stations/NMBS/008894714,IC,2017-11-11T22:56:00,2017-11-11T22:56:00,-61,-61
http://irail.be/vehicle/IC722,NO-URI,IC,2017-11-11T22:57:00,2017-11-11T22:57:00,-69,-69
http://irail.be/vehicle/IC722,http://irail.be/stations/NMBS/008894508,IC,2017-11-11T23:01:00,2017-11-11T22:59:00,40,-105
http://irail.be/vehicle/IC722,http://irail.be/stations/NMBS/008894433,IC,2017-11-11T23:04:00,2017-11-11T23:04:00,40,40
http://irail.be/vehicle/IC722,http://irail.be/stations/NMBS/008894425,IC,2017-11-11T23:05:00,2017-11-11T23:05:00,-11,-11
http://irail.be/vehicle/IC722,NO-URI,IC,2017-11-11T23:07:00,2017-11-11T23:07:00,-18,-18
http://irail.be/vehicle/IC722,http://irail.be/stations/NMBS/008894201,IC,2017-11-11T23:11:00,2017-11-11T23:09:00,0,-28
http://irail.be/vehicle/IC722,http://irail.be/stations/NMBS/008894151,IC,2017-11-11T23:16:00,2017-11-11T23:16:00,0,0
http://irail.be/vehicle/IC722,http://irail.be/stations/NMBS/008893120,IC,2017-11-11T23:24:00,2017-11-11T23:23:00,-5,-94
http://irail.be/vehicle/IC722,http://irail.be/stations/NMBS/008893179,IC,2017-11-11T23:26:00,2017-11-11T23:26:00,-5,-5
http://irail.be/vehicle/IC722,NO-URI,IC,2017-11-11T23:27:00,2017-11-11T23:27:00,-12,-12
http://irail.be/vehicle/IC722,http://irail.be/stations/NMBS/008892007,IC,2017-11-11T23:36:00,2017-11-11T23:33:00,56,-49
http://irail.be/vehicle/IC722,http://irail.be/stations/NMBS/008892080,IC,2017-11-11T23:43:00,2017-11-11T23:42:00,67,38
http://irail.be/vehicle/IC722,NO-URI,IC,2017-11-11T23:47:00,2017-11-11T23:47:00,47,47
http://irail.be/vehicle/IC722,http://irail.be/stations/NMBS/008892106,IC,2017-11-11T23:50:00,2017-11-11T23:49:00,24,44
http://irail.be/vehicle/IC722,http://irail.be/stations/NMBS/008896149,IC,2017-11-11T23:58:00,2017-11-11T23:57:00,148,43
http://irail.be/vehicle/IC722,http://irail.be/stations/NMBS/008896115,IC,2017-11-12T00:04:00,2017-11-12T00:04:00,136,136
http://irail.be/vehicle/IC722,http://irail.be/stations/NMBS/008896008,IC,2017-11-12T00:10:00,2017-11-12T00:10:00,,72
http://irail.be/vehicle/IC722,http://irail.be/stations/NMBS/008821006,IC,2017-12-29T22:37:00,2017-12-29T22:37:00,75,
http://irail.be/vehicle/IC722,http://irail.be/stations/NMBS/008821121,IC,2017-12-29T22:43:00,2017-12-29T22:41:00,34,34
http://irail.be/vehicle/IC722,http://irail.be/stations/NMBS/008821196,IC,2017-12-29T22:47:00,2017-12-29T22:47:00,12,12
http://irail.be/vehicle/IC722,NO-URI,IC,2017-12-29T22:50:00,2017-12-29T22:50:00,12,12
http://irail.be/vehicle/IC722,http://irail.be/stations/NMBS/008894821,IC,2017-12-29T22:50:00,2017-12-29T22:50:00,47,47
http://irail.be/vehicle/IC722,http://irail.be/stations/NMBS/008894755,IC,2017-12-29T22:52:00,2017-12-29T22:52:00,40,40
http://irail.be/vehicle/IC722,http://irail.be/stations/NMBS/008894748,IC,2017-12-29T22:53:00,2017-12-29T22:53:00,14,14
http://irail.be/vehicle/IC722,http://irail.be/stations/NMBS/008894714,IC,2017-12-29T22:56:00,2017-12-29T22:56:00,-1,-1
http://irail.be/vehicle/IC722,NO-URI,IC,2017-12-29T22:57:00,2017-12-29T22:57:00,-13,-13
http://irail.be/vehicle/IC722,http://irail.be/stations/NMBS/008894508,IC,2017-12-29T23:02:00,2017-12-29T23:00:00,45,-94
http://irail.be/vehicle/IC722,http://irail.be/stations/NMBS/008894433,IC,2017-12-29T23:05:00,2017-12-29T23:05:00,45,45
http://irail.be/vehicle/IC722,http://irail.be/stations/NMBS/008894425,IC,2017-12-29T23:06:00,2017-12-29T23:06:00,-2,-2
http://irail.be/vehicle/IC722,NO-URI,IC,2017-12-29T23:08:00,2017-12-29T23:08:00,-4,-4
http://irail.be/vehicle/IC722,http://irail.be/stations/NMBS/008894201,IC,2017-12-29T23:11:00,2017-12-29T23:10:00,-8,-13
http://irail.be/vehicle/IC722,http://irail.be/stations/NMBS/008894151,IC,2017-12-29T23:16:00,2017-12-29T23:16:00,-8,-8
http://irail.be/vehicle/IC722,http://irail.be/stations/NMBS/008893120,IC,2017-12-29T23:25:00,2017-12-29T23:24:00,12,-133
http://irail.be/vehicle/IC722,http://irail.be/stations/NMBS/008893179,IC,2017-12-29T23:27:00,2017-12-29T23:27:00,12,12
http://irail.be/vehicle/IC722,NO-URI,IC,2017-12-29T23:28:00,2017-12-29T23:28:00,21,21
http://irail.be/vehicle/IC722,http://irail.be/stations/NMBS/008892007,IC,2017-12-29T23:36:00,2017-12-29T23:33:00,55,-14
http://irail.be/vehicle/IC722,http://irail.be/stations/NMBS/008892080,IC,2017-12-29T23:44:00,2017-12-29T23:43:00,-7,-3
http://irail.be/vehicle/IC722,NO-URI,IC,2017-12-29T23:48:00,2017-12-29T23:48:00,-19,-19
http://irail.be/vehicle/IC722,http://irail.be/stations/NMBS/008892106,IC,2017-12-29T23:50:00,2017-12-29T23:49:00,48,-7
http://irail.be/vehicle/IC722,http://irail.be/stations/NMBS/008896149,IC,2017-12-29T23:58:00,2017-12-29T23:57:00,127,58
http://irail.be/vehicle/IC722,http://irail.be/stations/NMBS/008896115,IC,2017-12-30T00:04:00,2017-12-30T00:04:00,124,124
http://irail.be/vehicle/IC722,http://irail.be/stations/NMBS/008896008,IC,2017-12-30T00:11:00,2017-12-30T00:11:00,,1
http://irail.be/vehicle/IC722,http://irail.be/stations/NMBS/008821006,IC,2017-09-20T22:37:00,2017-09-20T22:37:00,27,
http://irail.be/vehicle/IC722,http://irail.be/stations/NMBS/008821121,IC,2017-09-20T22:43:00,2017-09-20T22:41:00,34,34
http://irail.be/vehicle/IC722,http://irail.be/stations/NMBS/008821196,IC,2017-09-20T22:46:00,2017-09-20T22:46:00,-9,-9
http://irail.be/vehicle/IC722,NO-URI,IC,2017-09-20T22:50:00,2017-09-20T22:50:00,-9,-9
http://irail.be/vehicle/IC722,http://irail.be/stations/NMBS/008894821,IC,2017-09-20T22:50:00,2017-09-20T22:50:00,19,19
http://irail.be/vehicle/IC722,http://irail.be/stations/NMBS/008894755,IC,2017-09-20T22:52:00,2017-09-20T22:52:00,28,28
http://irail.be/vehicle/IC722,http://irail.be/stations/NMBS/008894748,IC,2017-09-20T22:53:00,2017-09-20T22:53:00,-1,-1
http://irail.be/vehicle/IC722,http://irail.be/stations/NMBS/008894714,IC,2017-09-20T22:56:00,2017-09-20T22:56:00,-21,-21
http://irail.be/vehicle/IC722,NO-URI,IC,2017-09-20T22:57:00,2017-09-20T22:57:00,-34,-34
http://irail.be/vehicle/IC722,http://irail.be/stations/NMBS/008894508,IC,2017-09-20T23:00:00,2017-09-20T22:59:00,63,-65
http://irail.be/vehicle/IC722,http://irail.be/stations/NMBS/008894433,IC,2017-09-20T23:03:00,2017-09-20T23:03:00,63,63
http://irail.be/vehicle/IC722,http://irail.be/stations/NMBS/008894425,IC,2017-09-20T23:04:00,2017-09-20T23:04:00,53,53
http://irail.be/vehicle/IC722,NO-URI,IC,2017-09-20T23:06:00,2017-09-20T23:06:00,46,46
http://irail.be/vehicle/IC722,http://irail.be/stations/NMBS/008894201,IC,2017-09-20T23:09:00,2017-09-20T23:08:00,37,52
http://irail.be/vehicle/IC722,http://irail.be/stations/NMBS/008894151,IC,2017-09-20T23:15:00,2017-09-20T23:15:00,44,37
http://irail.be/vehicle/IC722,http://irail.be/stations/NMBS/008893120,IC,2017-09-20T23:24:00,2017-09-20T23:23:00,94,0
http://irail.be/vehicle/IC722,http://irail.be/stations/NMBS/008893179,IC,2017-09-20T23:26:00,2017-09-20T23:26:00,94,94
http://irail.be/vehicle/IC722,NO-URI,IC,2017-09-20T23:27:00,2017-09-20T23:27:00,42,42
http://irail.be/vehicle/IC722,http://irail.be/stations/NMBS/008892007,IC,2017-09-20T23:36:00,2017-09-20T23:33:00,39,11
http://irail.be/vehicle/IC722,http://irail.be/stations/NMBS/008892080,IC,2017-09-20T23:43:00,2017-09-20T23:42:00,5,24
http://irail.be/vehicle/IC722,NO-URI,IC,2017-09-20T23:48:00,2017-09-20T23:48:00,-42,-42
http://irail.be/vehicle/IC722,http://irail.be/stations/NMBS/008892106,IC,2017-09-20T23:50:00,2017-09-20T23:49:00,39,-25
http://irail.be/vehicle/IC722,http://irail.be/stations/NMBS/008896149,IC,2017-09-20T23:58:00,2017-09-20T23:57:00,36,-15
http://irail.be/vehicle/IC722,http://irail.be/stations/NMBS/008896115,IC,2017-09-21T00:04:00,2017-09-21T00:04:00,37,22
http://irail.be/vehicle/IC722,http://irail.be/stations/NMBS/008896008,IC,2017-09-21T00:10:00,2017-09-21T00:10:00,,-13
http://irail.be/vehicle/IC722,http://irail.be/stations/NMBS/008821006,IC,2017-01-25T22:37:00,2017-01-25T22:37:00,22,
http://irail.be/vehicle/IC722,http://irail.be/stations/NMBS/008821121,IC,2017-01-25T22:43:00,2017-01-25T22:41:00,26,26
http://irail.be/vehicle/IC722,http://irail.be/stations/NMBS/008821196,IC,2017-01-25T22:46:00,2017-01-25T22:46:00,-18,-18
http://irail.be/vehicle/IC722,NO-URI,IC,2017-01-25T22:50:00,2017-01-25T22:50:00,-18,-18
http://irail.be/vehicle/IC722,http://irail.be/stations/NMBS/008894821,IC,2017-01-25T22:50:00,2017-01-25T22:50:00,6,6
http://irail.be/vehicle/IC722,http://irail.be/stations/NMBS/008894755,IC,2017-01-25T22:52:00,2017-01-25T22:52:00,-18,-18
http://irail.be/vehicle/IC722,http://irail.be/stations/NMBS/008894748,IC,2017-01-25T22:53:00,2017-01-25T22:53:00,-18,-18
http://irail.be/vehicle/IC722,http://irail.be/stations/NMBS/008894714,IC,2017-01-25T22:55:00,2017-01-25T22:55:00,-17,-17
http://irail.be/vehicle/IC722,NO-URI,IC,2017-01-25T22:57:00,2017-01-25T22:57:00,-56,-56
http://irail.be/vehicle/IC722,http://irail.be/stations/NMBS/008894508,IC,2017-01-25T23:00:00,2017-01-25T22:59:00,56,-114
http://irail.be/vehicle/IC722,http://irail.be/stations/NMBS/008894433,IC,2017-01-25T23:03:00,2017-01-25T23:03:00,56,56
http://irail.be/vehicle/IC722,http://irail.be/stations/NMBS/008894425,IC,2017-01-25T23:03:00,2017-01-25T23:03:00,65,65
http://irail.be/vehicle/IC722,NO-URI,IC,2017-01-25T23:06:00,2017-01-25T23:06:00,22,22
http://irail.be/vehicle/IC722,http://irail.be/stations/NMBS/008894201,IC,2017-01-25T23:09:00,2017-01-25T23:08:00,8,8
http://irail.be/vehicle/IC722,http://irail.be/stations/NMBS/008894151,IC,2017-01-25T23:15:00,2017-01-25T23:15:00,36,8
http://irail.be/vehicle/IC722,http://irail.be/stations/NMBS/008893120,IC,2017-01-25T23:24:00,2017-01-25T23:23:00,71,34
http://irail.be/vehicle/IC722,http://irail.be/stations/NMBS/008893179,IC,2017-01-25T23:26:00,2017-01-25T23:26:00,71,71
http://irail.be/vehicle/IC722,NO-URI,IC,2017-01-25T23:27:00,2017-01-25T23:27:00,26,26
http://irail.be/vehicle/IC722,http://irail.be/stations/NMBS/008892007,IC,2017-01-25T23:36:00,2017-01-25T23:33:00,32,9
http://irail.be/vehicle/IC722,http://irail.be/stations/NMBS/008892080,IC,2017-01-25T23:43:00,2017-01-25T23:42:00,4,39
http://irail.be/vehicle/IC722,NO-URI,IC,2017-01-25T23:48:00,2017-01-25T23:48:00,-44,-44
http://irail.be/vehicle/IC722,http://irail.be/stations/NMBS/008892106,IC,2017-01-25T23:50:00,2017-01-25T23:49:00,40,-41
http://irail.be/vehicle/IC722,http://irail.be/stations/NMBS/008896149,IC,2017-01-25T23:58:00,2017-01-25T23:57:00,18,-6
http://irail.be/vehicle/IC722,http://irail.be/stations/NMBS/008896115,IC,2017-01-26T00:04:00,2017-01-26T00:04:00,-15,-15
http://irail.be/vehicle/IC722,http://irail.be/stations/NMBS/008896008,IC,2017-01-26T00:10:00,2017-01-26T00:10:00,,-52
http://irail.be/vehicle/IC722,http://irail.be/stations/NMBS/008821006,IC,2017-12-07T22:37:00,2017-12-07T22:37:00,23,
http://irail.be/vehicle/IC722,http://irail.be/stations/NMBS/008821121,IC,2017-12-07T22:43:00,2017-12-07T22:41:00,17,17
http://irail.be/vehicle/IC722,http://irail.be/stations/NMBS/008821196,IC,2017-12-07T22:46:00,2017-12-07T22:46:00,-14,-14
http://irail.be/vehicle/IC722,NO-URI,IC,2017-12-07T22:50:00,2017-12-07T22:50:00,-14,-14
http://irail.be/vehicle/IC722,http://irail.be/stations/NMBS/008894821,IC,2017-12-07T22:50:00,2017-12-07T22:50:00,16,16
http://irail.be/vehicle/IC722,http://irail.be/stations/NMBS/008894755,IC,2017-12-07T22:52:00,2017-12-07T22:52:00,5,5
http://irail.be/vehicle/IC722,http://irail.be/stations/NMBS/008894748,IC,2017-12-07T22:53:00,2017-12-07T22:53:00,-22,-22
http://irail.be/vehicle/IC722,http://irail.be/stations/NMBS/008894714,IC,2017-12-07T22:56:00,2017-12-07T22:56:00,-43,-43
http://irail.be/vehicle/IC722,NO-URI,IC,2017-12-07T22:57:00,2017-12-07T22:57:00,-54,-54
http://irail.be/vehicle/IC722,http://irail.be/stations/NMBS/008894508,IC,2017-12-07T23:00:00,2017-12-07T22:59:00,70,-90
http://irail.be/vehicle/IC722,http://irail.be/stations/NMBS/008894433,IC,2017-12-07T23:03:00,2017-12-07T23:03:00,70,70
http://irail.be/vehicle/IC722,http://irail.be/stations/NMBS/008894425,IC,2017-12-07T23:04:00,2017-12-07T23:04:00,34,34
http://irail.be/vehicle/IC722,NO-URI,IC,2017-12-07T23:06:00,2017-12-07T23:06:00,26,26
http://irail.be/vehicle/IC722,http://irail.be/stations/NMBS/008894201,IC,2017-12-07T23:09:00,2017-12-07T23:08:00,44,14
http://irail.be/vehicle/IC722,http://irail.be/stations/NMBS/008894151,IC,2017-12-07T23:15:00,2017-12-07T23:15:00,59,44
http://irail.be/vehicle/IC722,http://irail.be/stations/NMBS/008893120,IC,2017-12-07T23:24:00,2017-12-07T23:23:00,102,40
http://irail.be/vehicle/IC722,http://irail.be/stations/NMBS/008893179,IC,2017-12-07T23:26:00,2017-12-07T23:26:00,102,102
http://irail.be/vehicle/IC722,NO-URI,IC,2017-12-07T23:27:00,2017-12-07T23:27:00,44,44
http://irail.be/vehicle/IC722,http://irail.be/stations/NMBS/008892007,IC,2017-12-07T23:36:00,2017-12-07T23:33:00,40,26
http://irail.be/vehicle/IC722,http://irail.be/stations/NMBS/008892080,IC,2017-12-07T23:43:00,2017-12-07T23:42:00,-1,18
http://irail.be/vehicle/IC722,NO-URI,IC,2017-12-07T23:48:00,2017-12-07T23:48:00,-59,-59
http://irail.be/vehicle/IC722,http://irail.be/stations/NMBS/008892106,IC,2017-12-07T23:50:00,2017-12-07T23:49:00,36,-52
http://irail.be/vehicle/IC722,http://irail.be/stations/NMBS/008896149,IC,2017-12-07T23:58:00,2017-12-07T23:57:00,140,52
http://irail.be/vehicle/IC722,http://irail.be/stations/NMBS/008896115,IC,2017-12-08T00:04:00,2017-12-08T00:04:00,125,120
http://irail.be/vehicle/IC722,http://irail.be/stations/NMBS/008896008,IC,2017-12-08T00:10:00,2017-12-08T00:10:00,,87
http://irail.be/vehicle/IC722,http://irail.be/stations/NMBS/008821006,IC,2017-07-03T22:37:00,2017-07-03T22:37:00,34,
http://irail.be/vehicle/IC722,http://irail.be/stations/NMBS/008821121,IC,2017-07-03T22:43:00,2017-07-03T22:41:00,23,23
http://irail.be/vehicle/IC722,http://irail.be/stations/NMBS/008821196,IC,2017-07-03T22:46:00,2017-07-03T22:46:00,4,4
http://irail.be/vehicle/IC722,NO-URI,IC,2017-07-03T22:50:00,2017-07-03T22:50:00,4,4
http://irail.be/vehicle/IC722,http://irail.be/stations/NMBS/008894821,IC,2017-07-03T22:50:00,2017-07-03T22:50:00,25,25
http://irail.be/vehicle/IC722,http://irail.be/stations/NMBS/008894755,IC,2017-07-03T22:52:00,2017-07-03T22:52:00,5,5
http://irail.be/vehicle/IC722,http://irail.be/stations/NMBS/008894748,IC,2017-07-03T22:53:00,2017-07-03T22:53:00,-22,-22
http://irail.be/vehicle/IC722,http://irail.be/stations/NMBS/008894714,IC,2017-07-03T22:56:00,2017-07-03T22:56:00,-37,-37
http://irail.be/vehicle/IC722,NO-URI,IC,2017-07-03T22:57:00,2017-07-03T22:57:00,-47,-47
http://irail.be/vehicle/IC722,http://irail.be/stations/NMBS/008894508,IC,2017-07-03T23:00:00,2017-07-03T22:59:00,54,-79
http://irail.be/vehicle/IC722,http://irail.be/stations/NMBS/008894433,IC,2017-07-03T23:03:00,2017-07-03T23:03:00,54,54
http://irail.be/vehicle/IC722,http://irail.be/stations/NMBS/008894425,IC,2017-07-03T23:04:00,2017-07-03T23:04:00,25,25
http://irail.be/vehicle/IC722,NO-URI,IC,2017-07-03T23:06:00,2017-07-03T23:06:00,20,20
http://irail.be/vehicle/IC722,http://irail.be/stations/NMBS/008894201,IC,2017-07-03T23:09:00,2017-07-03T23:08:00,49,14
http://irail.be/vehicle/IC722,http://irail.be/stations/NMBS/008894151,IC,2017-07-03T23:15:00,2017-07-03T23:15:00,49,49
http://irail.be/vehicle/IC722,http://irail.be/stations/NMBS/008893120,IC,2017-07-03T23:24:00,2017-07-03T23:23:00,89,63
http://irail.be/vehicle/IC722,http://irail.be/stations/NMBS/008893179,IC,2017-07-03T23:26:00,2017-07-03T23:26:00,89,89
http://irail.be/vehicle/IC722,NO-URI,IC,2017-07-03T23:27:00,2017-07-03T23:27:00,29,29
http://irail.be/vehicle/IC722,http://irail.be/stations/NMBS/008892007,IC,2017-07-03T23:36:00,2017-07-03T23:33:00,5,0
http://irail.be/vehicle/IC722,http://irail.be/stations/NMBS/008892080,IC,2017-07-03T23:43:00,2017-07-03T23:42:00,-29,-24
http://irail.be/vehicle/IC722,NO-URI,IC,2017-07-03T23:48:00,2017-07-03T23:48:00,-77,-77
http://irail.be/vehicle/IC722,http://irail.be/stations/NMBS/008892106,IC,2017-07-03T23:50:00,2017-07-03T23:49:00,19,-63
http://irail.be/vehicle/IC722,http://irail.be/stations/NMBS/008896149,IC,2017-07-03T23:58:00,2017-07-03T23:57:00,-14,-45
http://irail.be/vehicle/IC722,http://irail.be/stations/NMBS/008896115,IC,2017-07-04T00:04:00,2017-07-04T00:04:00,-30,-63
http://irail.be/vehicle/IC722,http://irail.be/stations/NMBS/008896008,IC,2017-07-04T00:10:00,2017-07-04T00:10:00,,-96
http://irail.be/vehicle/IC722,http://irail.be/stations/NMBS/008821006,IC,2017-08-24T22:37:00,2017-08-24T22:37:00,35,
http://irail.be/vehicle/IC722,http://irail.be/stations/NMBS/008821121,IC,2017-08-24T22:43:00,2017-08-24T22:41:00,35,35
http://irail.be/vehicle/IC722,http://irail.be/stations/NMBS/008821196,IC,2017-08-24T22:46:00,2017-08-24T22:46:00,35,35
http://irail.be/vehicle/IC722,NO-URI,IC,2017-08-24T22:50:00,2017-08-24T22:50:00,35,35
http://irail.be/vehicle/IC722,http://irail.be/stations/NMBS/008894821,IC,2017-08-24T22:50:00,2017-08-24T22:50:00,64,64
http://irail.be/vehicle/IC722,http://irail.be/stations/NMBS/008894755,IC,2017-08-24T22:52:00,2017-08-24T22:52:00,51,51
http://irail.be/vehicle/IC722,http://irail.be/stations/NMBS/008894748,IC,2017-08-24T22:53:00,2017-08-24T22:53:00,21,21
http://irail.be/vehicle/IC722,http://irail.be/stations/NMBS/008894714,IC,2017-08-24T22:56:00,2017-08-24T22:56:00,-4,-4
http://irail.be/vehicle/IC722,NO-URI,IC,2017-08-24T22:57:00,2017-08-24T22:57:00,-15,-15
http://irail.be/vehicle/IC722,http://irail.be/stations/NMBS/008894508,IC,2017-08-24T23:00:00,2017-08-24T22:59:00,116,-56
http://irail.be/vehicle/IC722,http://irail.be/stations/NMBS/008894433,IC,2017-08-24T23:03:00,2017-08-24T23:03:00,116,116
http://irail.be/vehicle/IC722,http://irail.be/stations/NMBS/008894425,IC,2017-08-24T23:04:00,2017-08-24T23:04:00,92,92
http://irail.be/vehicle/IC722,NO-URI,IC,2017-08-24T23:06:00,2017-08-24T23:06:00,85,85
http://irail.be/vehicle/IC722,http://irail.be/stations/NMBS/008894201,IC,2017-08-24T23:09:00,2017-08-24T23:08:00,77,81
http://irail.be/vehicle/IC722,http://irail.be/stations/NMBS/008894151,IC,2017-08-24T23:15:00,2017-08-24T23:15:00,118,77
http://irail.be/vehicle/IC722,http://irail.be/stations/NMBS/008893120,IC,2017-08-24T23:24:00,2017-08-24T23:23:00,189,107
http://irail.be/vehicle/IC722,http://irail.be/stations/NMBS/008893179,IC,2017-08-24T23:26:00,2017-08-24T23:26:00,189,189
http://irail.be/vehicle/IC722,NO-URI,IC,2017-08-24T23:27:00,2017-08-24T23:27:00,134,134
http://irail.be/vehicle/IC722,http://irail.be/stations/NMBS/008892007,IC,2017-08-24T23:36:00,2017-08-24T23:33:00,39,113
http://irail.be/vehicle/IC722,http://irail.be/stations/NMBS/008892080,IC,2017-08-24T23:43:00,2017-08-24T23:42:00,21,44
http://irail.be/vehicle/IC722,NO-URI,IC,2017-08-24T23:48:00,2017-08-24T23:48:00,-32,-32
http://irail.be/vehicle/IC722,http://irail.be/stations/NMBS/008892106,IC,2017-08-24T23:50:00,2017-08-24T23:49:00,33,-29
http://irail.be/vehicle/IC722,http://irail.be/stations/NMBS/008896149,IC,2017-08-24T23:58:00,2017-08-24T23:57:00,-3,-17
http://irail.be/vehicle/IC722,http://irail.be/stations/NMBS/008896115,IC,2017-08-25T00:04:00,2017-08-25T00:04:00,-12,-36
http://irail.be/vehicle/IC722,http://irail.be/stations/NMBS/008896008,IC,2017-08-25T00:10:00,2017-08-25T00:10:00,,26
http://irail.be/vehicle/IC722,http://irail.be/stations/NMBS/008821006,IC,2017-04-27T22:37:00,2017-04-27T22:37:00,25,
http://irail.be/vehicle/IC722,http://irail.be/stations/NMBS/008821121,IC,2017-04-27T22:43:00,2017-04-27T22:41:00,45,45
http://irail.be/vehicle/IC722,http://irail.be/stations/NMBS/008821196,IC,2017-04-27T22:46:00,2017-04-27T22:46:00,6,6
http://irail.be/vehicle/IC722,NO-URI,IC,2017-04-27T22:50:00,2017-04-27T22:50:00,6,6
http://irail.be/vehicle/IC722,http://irail.be/stations/NMBS/008894821,IC,2017-04-27T22:50:00,2017-04-27T22:50:00,30,30
http://irail.be/vehicle/IC722,http://irail.be/stations/NMBS/008894755,IC,2017-04-27T22:52:00,2017-04-27T22:52:00,10,10
http://irail.be/vehicle/IC722,http://irail.be/stations/NMBS/008894748,IC,2017-04-27T22:53:00,2017-04-27T22:53:00,-20,-20
http://irail.be/vehicle/IC722,http://irail.be/stations/NMBS/008894714,IC,2017-04-27T22:56:00,2017-04-27T22:56:00,66,66
http://irail.be/vehicle/IC722,NO-URI,IC,2017-04-27T22:57:00,2017-04-27T22:57:00,82,82
http://irail.be/vehicle/IC722,http://irail.be/stations/NMBS/008894508,IC,2017-04-27T23:00:00,2017-04-27T22:59:00,189,52
http://irail.be/vehicle/IC722,http://irail.be/stations/NMBS/008894433,IC,2017-04-27T23:03:00,2017-04-27T23:03:00,189,189
http://irail.be/vehicle/IC722,http://irail.be/stations/NMBS/008894425,IC,2017-04-27T23:04:00,2017-04-27T23:04:00,251,251
http://irail.be/vehicle/IC722,NO-URI,IC,2017-04-27T23:06:00,2017-04-27T23:06:00,276,276
http://irail.be/vehicle/IC722,http://irail.be/stations/NMBS/008894201,IC,2017-04-27T23:09:00,2017-04-27T23:08:00,276,268
http://irail.be/vehicle/IC722,http://irail.be/stations/NMBS/008894151,IC,2017-04-27T23:15:00,2017-04-27T23:15:00,276,276
http://irail.be/vehicle/IC722,http://irail.be/stations/NMBS/008893120,IC,2017-04-27T23:24:00,2017-04-27T23:23:00,295,228
http://irail.be/vehicle/IC722,http://irail.be/stations/NMBS/008893179,IC,2017-04-27T23:26:00,2017-04-27T23:26:00,295,295
http://irail.be/vehicle/IC722,NO-URI,IC,2017-04-27T23:27:00,2017-04-27T23:27:00,245,245
http://irail.be/vehicle/IC722,http://irail.be/stations/NMBS/008892007,IC,2017-04-27T23:36:00,2017-04-27T23:33:00,259,248
http://irail.be/vehicle/IC722,http://irail.be/stations/NMBS/008892080,IC,2017-04-27T23:43:00,2017-04-27T23:42:00,215,257
http://irail.be/vehicle/IC722,NO-URI,IC,2017-04-27T23:48:00,2017-04-27T23:48:00,155,155
http://irail.be/vehicle/IC722,http://irail.be/stations/NMBS/008892106,IC,2017-04-27T23:50:00,2017-04-27T23:49:00,174,159
http://irail.be/vehicle/IC722,http://irail.be/stations/NMBS/008896149,IC,2017-04-27T23:58:00,2017-04-27T23:57:00,99,109
http://irail.be/vehicle/IC722,http://irail.be/stations/NMBS/008896115,IC,2017-04-28T00:04:00,2017-04-28T00:04:00,99,99
http://irail.be/vehicle/IC722,http://irail.be/stations/NMBS/008896008,IC,2017-04-28T00:10:00,2017-04-28T00:10:00,,-33
http://irail.be/vehicle/IC722,http://irail.be/stations/NMBS/008821006,IC,2017-06-10T22:37:00,2017-06-10T22:37:00,18,
http://irail.be/vehicle/IC722,http://irail.be/stations/NMBS/008821121,IC,2017-06-10T22:43:00,2017-06-10T22:41:00,19,19
http://irail.be/vehicle/IC722,http://irail.be/stations/NMBS/008821196,IC,2017-06-10T22:46:00,2017-06-10T22:46:00,-22,-22
http://irail.be/vehicle/IC722,NO-URI,IC,2017-06-10T22:50:00,2017-06-10T22:50:00,-22,-22
http://irail.be/vehicle/IC722,http://irail.be/stations/NMBS/008894821,IC,2017-06-10T22:50:00,2017-06-10T22:50:00,1,1
http://irail.be/vehicle/IC722,http://irail.be/stations/NMBS/008894755,IC,2017-06-10T22:52:00,2017-06-10T22:52:00,-17,-17
http://irail.be/vehicle/IC722,http://irail.be/stations/NMBS/008894748,IC,2017-06-10T22:53:00,2017-06-10T22:53:00,-15,-15
http://irail.be/vehicle/IC722,http://irail.be/stations/NMBS/008894714,IC,2017-06-10T22:55:00,2017-06-10T22:55:00,-13,-13
http://irail.be/vehicle/IC722,NO-URI,IC,2017-06-10T22:57:00,2017-06-10T22:57:00,-53,-53
http://irail.be/vehicle/IC722,http://irail.be/stations/NMBS/008894508,IC,2017-06-10T23:01:00,2017-06-10T22:59:00,65,-112
http://irail.be/vehicle/IC722,http://irail.be/stations/NMBS/008894433,IC,2017-06-10T23:04:00,2017-06-10T23:04:00,65,65
http://irail.be/vehicle/IC722,http://irail.be/stations/NMBS/008894425,IC,2017-06-10T23:04:00,2017-06-10T23:04:00,67,67
http://irail.be/vehicle/IC722,NO-URI,IC,2017-06-10T23:07:00,2017-06-10T23:07:00,23,23
http://irail.be/vehicle/IC722,http://irail.be/stations/NMBS/008894201,IC,2017-06-10T23:11:00,2017-06-10T23:09:00,18,-1
http://irail.be/vehicle/IC722,http://irail.be/stations/NMBS/008894151,IC,2017-06-10T23:16:00,2017-06-10T23:16:00,18,18
http://irail.be/vehicle/IC722,http://irail.be/stations/NMBS/008893120,IC,2017-06-10T23:24:00,2017-06-10T23:23:00,15,-65
http://irail.be/vehicle/IC722,http://irail.be/stations/NMBS/008893179,IC,2017-06-10T23:26:00,2017-06-10T23:26:00,15,15
http://irail.be/vehicle/IC722,NO-URI,IC,2017-06-10T23:27:00,2017-06-10T23:27:00,-38,-38
http://irail.be/vehicle/IC722,http://irail.be/stations/NMBS/008892007,IC,2017-06-10T23:36:00,2017-06-10T23:33:00,37,-44
http://irail.be/vehicle/IC722,http://irail.be/stations/NMBS/008892080,IC,2017-06-10T23:43:00,2017-06-10T23:42:00,23,2
http://irail.be/vehicle/IC722,NO-URI,IC,2017-06-10T23:47:00,2017-06-10T23:47:00,6,6
http://irail.be/vehicle/IC722,http://irail.be/stations/NMBS/008892106,IC,2017-06-10T23:50:00,2017-06-10T23:49:00,33,4
http://irail.be/vehicle/IC722,http://irail.be/stations/NMBS/008896149,IC,2017-06-10T23:58:00,2017-06-10T23:57:00,2,-25
http://irail.be/vehicle/IC722,http://irail.be/stations/NMBS/008896115,IC,2017-06-11T00:04:00,2017-06-11T00:04:00,-31,-31
http://irail.be/vehicle/IC722,http://irail.be/stations/NMBS/008896008,IC,2017-06-11T00:10:00,2017-06-11T00:10:00,,-102
http://irail.be/vehicle/IC722,http://irail.be/stations/NMBS/008821006,IC,2017-04-25T22:37:00,2017-04-25T22:37:00,2,
http://irail.be/vehicle/IC722,http://irail.be/stations/NMBS/008821121,IC,2017-04-25T22:43:00,2017-04-25T22:41:00,63,63
http://irail.be/vehicle/IC722,http://irail.be/stations/NMBS/008821196,IC,2017-04-25T22:46:00,2017-04-25T22:46:00,52,52
http://irail.be/vehicle/IC722,NO-URI,IC,2017-04-25T22:50:00,2017-04-25T22:50:00,52,52
http://irail.be/vehicle/IC722,http://irail.be/stations/NMBS/008894821,IC,2017-04-25T22:50:00,2017-04-25T22:50:00,76,76
http://irail.be/vehicle/IC722,http://irail.be/stations/NMBS/008894755,IC,2017-04-25T22:52:00,2017-04-25T22:52:00,64,64
http://irail.be/vehicle/IC722,http://irail.be/stations/NMBS/008894748,IC,2017-04-25T22:53:00,2017-04-25T22:53:00,66,66
http://irail.be/vehicle/IC722,http://irail.be/stations/NMBS/008894714,IC,2017-04-25T22:55:00,2017-04-25T22:55:00,83,83
http://irail.be/vehicle/IC722,NO-URI,IC,2017-04-25T22:57:00,2017-04-25T22:57:00,54,54
http://irail.be/vehicle/IC722,http://irail.be/stations/NMBS/008894508,IC,2017-04-25T23:00:00,2017-04-25T22:59:00,101,25
http://irail.be/vehicle/IC722,http://irail.be/stations/NMBS/008894433,IC,2017-04-25T23:03:00,2017-04-25T23:03:00,101,101
http://irail.be/vehicle/IC722,http://irail.be/stations/NMBS/008894425,IC,2017-04-25T23:03:00,2017-04-25T23:03:00,121,121
http://irail.be/vehicle/IC722,NO-URI,IC,2017-04-25T23:06:00,2017-04-25T23:06:00,81,81
http://irail.be/vehicle/IC722,http://irail.be/stations/NMBS/008894201,IC,2017-04-25T23:09:00,2017-04-25T23:08:00,89,96
http://irail.be/vehicle/IC722,http://irail.be/stations/NMBS/008894151,IC,2017-04-25T23:15:00,2017-04-25T23:15:00,118,89
http://irail.be/vehicle/IC722,http://irail.be/stations/NMBS/008893120,IC,2017-04-25T23:24:00,2017-04-25T23:23:00,159,94
http://irail.be/vehicle/IC722,http://irail.be/stations/NMBS/008893179,IC,2017-04-25T23:26:00,2017-04-25T23:26:00,159,159
http://irail.be/vehicle/IC722,NO-URI,IC,2017-04-25T23:27:00,2017-04-25T23:27:00,153,153
http://irail.be/vehicle/IC722,http://irail.be/stations/NMBS/008892007,IC,2017-04-25T23:36:00,2017-04-25T23:33:00,235,189
http://irail.be/vehicle/IC722,http://irail.be/stations/NMBS/008892080,IC,2017-04-25T23:43:00,2017-04-25T23:42:00,214,246
http://irail.be/vehicle/IC722,NO-URI,IC,2017-04-25T23:48:00,2017-04-25T23:48:00,171,171
http://irail.be/vehicle/IC722,http://irail.be/stations/NMBS/008892106,IC,2017-04-25T23:50:00,2017-04-25T23:49:00,245,199
http://irail.be/vehicle/IC722,http://irail.be/stations/NMBS/008896149,IC,2017-04-25T23:58:00,2017-04-25T23:57:00,203,203
http://irail.be/vehicle/IC722,http://irail.be/stations/NMBS/008896115,IC,2017-04-26T00:04:00,2017-04-26T00:04:00,203,203
http://irail.be/vehicle/IC722,http://irail.be/stations/NMBS/008896008,IC,2017-04-26T00:10:00,2017-04-26T00:10:00,,124
http://irail.be/vehicle/IC722,http://irail.be/stations/NMBS/008821006,IC,2017-01-08T22:37:00,2017-01-08T22:37:00,1,
http://irail.be/vehicle/IC722,http://irail.be/stations/NMBS/008821121,IC,2017-01-08T22:43:00,2017-01-08T22:41:00,69,69
http://irail.be/vehicle/IC722,http://irail.be/stations/NMBS/008821196,IC,2017-01-08T22:46:00,2017-01-08T22:46:00,33,33
http://irail.be/vehicle/IC722,NO-URI,IC,2017-01-08T22:50:00,2017-01-08T22:50:00,33,33
http://irail.be/vehicle/IC722,http://irail.be/stations/NMBS/008894821,IC,2017-01-08T22:50:00,2017-01-08T22:50:00,57,57
http://irail.be/vehicle/IC722,http://irail.be/stations/NMBS/008894755,IC,2017-01-08T22:52:00,2017-01-08T22:52:00,38,38
http://irail.be/vehicle/IC722,http://irail.be/stations/NMBS/008894748,IC,2017-01-08T22:53:00,2017-01-08T22:53:00,8,8
http://irail.be/vehicle/IC722,http://irail.be/stations/NMBS/008894714,IC,2017-01-08T22:56:00,2017-01-08T22:56:00,-14,-14
http://irail.be/vehicle/IC722,NO-URI,IC,2017-01-08T22:57:00,2017-01-08T22:57:00,-28,-28
http://irail.be/vehicle/IC722,http://irail.be/stations/NMBS/008894508,IC,2017-01-08T23:01:00,2017-01-08T22:59:00,46,-66
http://irail.be/vehicle/IC722,http://irail.be/stations/NMBS/008894433,IC,2017-01-08T23:04:00,2017-01-08T23:04:00,46,46
http://irail.be/vehicle/IC722,http://irail.be/stations/NMBS/008894425,IC,2017-01-08T23:05:00,2017-01-08T23:05:00,3,3
http://irail.be/vehicle/IC722,NO-URI,IC,2017-01-08T23:07:00,2017-01-08T23:07:00,-2,-2
http://irail.be/vehicle/IC722,http://irail.be/stations/NMBS/008894201,IC,2017-01-08T23:11:00,2017-01-08T23:09:00,5,-9
http://irail.be/vehicle/IC722,http://irail.be/stations/NMBS/008894151,IC,2017-01-08T23:16:00,2017-01-08T23:16:00,5,5
http://irail.be/vehicle/IC722,http://irail.be/stations/NMBS/008893120,IC,2017-01-08T23:24:00,2017-01-08T23:23:00,37,-44
http://irail.be/vehicle/IC722,http://irail.be/stations/NMBS/008893179,IC,2017-01-08T23:26:00,2017-01-08T23:26:00,37,37
http://irail.be/vehicle/IC722,NO-URI,IC,2017-01-08T23:27:00,2017-01-08T23:27:00,-28,-28
http://irail.be/vehicle/IC722,http://irail.be/stations/NMBS/008892007,IC,2017-01-08T23:36:00,2017-01-08T23:33:00,17,-59
http://irail.be/vehicle/IC722,http://irail.be/stations/NMBS/008892080,IC,2017-01-08T23:43:00,2017-01-08T23:42:00,-5,11
http://irail.be/vehicle/IC722,NO-URI,IC,2017-01-08T23:47:00,2017-01-08T23:47:00,-22,-22
http://irail.be/vehicle/IC722,http://irail.be/stations/NMBS/008892106,IC,2017-01-08T23:50:00,2017-01-08T23:49:00,48,-16
http://irail.be/vehicle/IC722,http://irail.be/stations/NMBS/008896149,IC,2017-01-08T23:58:00,2017-01-08T23:57:00,0,4
http://irail.be/vehicle/IC722,http://irail.be/stations/NMBS/008896115,IC,2017-01-09T00:04:00,2017-01-09T00:04:00,-52,-52
http://irail.be/vehicle/IC722,http://irail.be/stations/NMBS/008896008,IC,2017-01-09T00:10:00,2017-01-09T00:10:00,,-102
http://irail.be/vehicle/IC722,http://irail.be/stations/NMBS/008821006,IC,2017-11-08T22:37:00,2017-11-08T22:37:00,16,
http://irail.be/vehicle/IC722,http://irail.be/stations/NMBS/008821121,IC,2017-11-08T22:43:00,2017-11-08T22:41:00,32,32
http://irail.be/vehicle/IC722,http://irail.be/stations/NMBS/008821196,IC,2017-11-08T22:46:00,2017-11-08T22:46:00,18,18
http://irail.be/vehicle/IC722,NO-URI,IC,2017-11-08T22:50:00,2017-11-08T22:50:00,18,18
http://irail.be/vehicle/IC722,http://irail.be/stations/NMBS/008894821,IC,2017-11-08T22:50:00,2017-11-08T22:50:00,46,46
http://irail.be/vehicle/IC722,http://irail.be/stations/NMBS/008894755,IC,2017-11-08T22:52:00,2017-11-08T22:52:00,36,36
http://irail.be/vehicle/IC722,http://irail.be/stations/NMBS/008894748,IC,2017-11-08T22:53:00,2017-11-08T22:53:00,12,12
http://irail.be/vehicle/IC722,http://irail.be/stations/NMBS/008894714,IC,2017-11-08T22:56:00,2017-11-08T22:56:00,9,9
http://irail.be/vehicle/IC722,NO-URI,IC,2017-11-08T22:57:00,2017-11-08T22:57:00,29,29
http://irail.be/vehicle/IC722,http://irail.be/stations/NMBS/008894508,IC,2017-11-08T23:00:00,2017-11-08T22:59:00,132,31
http://irail.be/vehicle/IC722,http://irail.be/stations/NMBS/008894433,IC,2017-11-08T23:03:00,2017-11-08T23:03:00,132,132
http://irail.be/vehicle/IC722,http://irail.be/stations/NMBS/008894425,IC,2017-11-08T23:04:00,2017-11-08T23:04:00,153,153
http://irail.be/vehicle/IC722,NO-URI,IC,2017-11-08T23:06:00,2017-11-08T23:06:00,188,188
http://irail.be/vehicle/IC722,http://irail.be/stations/NMBS/008894201,IC,2017-11-08T23:09:00,2017-11-08T23:08:00,217,223
http://irail.be/vehicle/IC722,http://irail.be/stations/NMBS/008894151,IC,2017-11-08T23:15:00,2017-11-08T23:15:00,237,217
http://irail.be/vehicle/IC722,http://irail.be/stations/NMBS/008893120,IC,2017-11-08T23:24:00,2017-11-08T23:23:00,315,206
http://irail.be/vehicle/IC722,http://irail.be/stations/NMBS/008893179,IC,2017-11-08T23:26:00,2017-11-08T23:26:00,315,315
http://irail.be/vehicle/IC722,NO-URI,IC,2017-11-08T23:27:00,2017-11-08T23:27:00,302,302
http://irail.be/vehicle/IC722,http://irail.be/stations/NMBS/008892007,IC,2017-11-08T23:36:00,2017-11-08T23:33:00,220,281
http://irail.be/vehicle/IC722,http://irail.be/stations/NMBS/008892080,IC,2017-11-08T23:43:00,2017-11-08T23:42:00,216,236
http://irail.be/vehicle/IC722,NO-URI,IC,2017-11-08T23:48:00,2017-11-08T23:48:00,174,174
http://irail.be/vehicle/IC722,http://irail.be/stations/NMBS/008892106,IC,2017-11-08T23:50:00,2017-11-08T23:49:00,240,197
http://irail.be/vehicle/IC722,http://irail.be/stations/NMBS/008896149,IC,2017-11-08T23:58:00,2017-11-08T23:57:00,192,192
http://irail.be/vehicle/IC722,http://irail.be/stations/NMBS/008896115,IC,2017-11-09T00:04:00,2017-11-09T00:04:00,180,180
http://irail.be/vehicle/IC722,http://irail.be/stations/NMBS/008896008,IC,2017-11-09T00:10:00,2017-11-09T00:10:00,,144
http://irail.be/vehicle/IC722,http://irail.be/stations/NMBS/008821006,IC,2017-01-10T22:37:00,2017-01-10T22:37:00,15,
http://irail.be/vehicle/IC722,http://irail.be/stations/NMBS/008821121,IC,2017-01-10T22:43:00,2017-01-10T22:41:00,15,15
http://irail.be/vehicle/IC722,http://irail.be/stations/NMBS/008821196,IC,2017-01-10T22:46:00,2017-01-10T22:46:00,13,13
http://irail.be/vehicle/IC722,NO-URI,IC,2017-01-10T22:50:00,2017-01-10T22:50:00,13,13
http://irail.be/vehicle/IC722,http://irail.be/stations/NMBS/008894821,IC,2017-01-10T22:50:00,2017-01-10T22:50:00,43,43
http://irail.be/vehicle/IC722,http://irail.be/stations/NMBS/008894755,IC,2017-01-10T22:52:00,2017-01-10T22:52:00,46,46
http://irail.be/vehicle/IC722,http://irail.be/stations/NMBS/008894748,IC,2017-01-10T22:53:00,2017-01-10T22:53:00,14,14
http://irail.be/vehicle/IC722,http://irail.be/stations/NMBS/008894714,IC,2017-01-10T22:56:00,2017-01-10T22:56:00,-3,-3
http://irail.be/vehicle/IC722,NO-URI,IC,2017-01-10T22:57:00,2017-01-10T22:57:00,-14,-14
http://irail.be/vehicle/IC722,http://irail.be/stations/NMBS/008894508,IC,2017-01-10T23:00:00,2017-01-10T22:59:00,52,-40
http://irail.be/vehicle/IC722,http://irail.be/stations/NMBS/008894433,IC,2017-01-10T23:03:00,2017-01-10T23:03:00,52,52
http://irail.be/vehicle/IC722,http://irail.be/stations/NMBS/008894425,IC,2017-01-10T23:04:00,2017-01-10T23:04:00,5,5
http://irail.be/vehicle/IC722,NO-URI,IC,2017-01-10T23:06:00,2017-01-10T23:06:00,0,0
http://irail.be/vehicle/IC722,http://irail.be/stations/NMBS/008894201,IC,2017-01-10T23:09:00,2017-01-10T23:08:00,23,-1
http://irail.be/vehicle/IC722,http://irail.be/stations/NMBS/008894151,IC,2017-01-10T23:15:00,2017-01-10T23:15:00,31,23
http://irail.be/vehicle/IC722,http://irail.be/stations/NMBS/008893120,IC,2017-01-10T23:24:00,2017-01-10T23:23:00,45,11
http://irail.be/vehicle/IC722,http://irail.be/stations/NMBS/008893179,IC,2017-01-10T23:26:00,2017-01-10T23:26:00,45,45
http://irail.be/vehicle/IC722,NO-URI,IC,2017-01-10T23:27:00,2017-01-10T23:27:00,53,53
http://irail.be/vehicle/IC722,http://irail.be/stations/NMBS/008892007,IC,2017-01-10T23:36:00,2017-01-10T23:33:00,23,39
http://irail.be/vehicle/IC722,http://irail.be/stations/NMBS/008892080,IC,2017-01-10T23:43:00,2017-01-10T23:42:00,-38,3
http://irail.be/vehicle/IC722,NO-URI,IC,2017-01-10T23:48:00,2017-01-10T23:48:00,-97,-97
http://irail.be/vehicle/IC722,http://irail.be/stations/NMBS/008892106,IC,2017-01-10T23:50:00,2017-01-10T23:49:00,14,-90
http://irail.be/vehicle/IC722,http://irail.be/stations/NMBS/008896149,IC,2017-01-10T23:58:00,2017-01-10T23:57:00,-5,-48
http://irail.be/vehicle/IC722,http://irail.be/stations/NMBS/008896115,IC,2017-01-11T00:04:00,2017-01-11T00:04:00,-69,-69
http://irail.be/vehicle/IC722,http://irail.be/stations/NMBS/008896008,IC,2017-01-11T00:10:00,2017-01-11T00:10:00,,-104
http://irail.be/vehicle/IC722,http://irail.be/stations/NMBS/008821006,IC,2017-05-27T22:36:28,2017-05-27T22:36:28,427,
http://irail.be/vehicle/IC722,http://irail.be/stations/NMBS/008821121,IC,2017-05-27T22:42:56,2017-05-27T22:37:56,349,349
http://irail.be/vehicle/IC722,http://irail.be/stations/NMBS/008821196,IC,2017-05-27T22:46:00,2017-05-27T22:46:00,343,343
http://irail.be/vehicle/IC722,NO-URI,IC,2017-05-27T22:50:00,2017-05-27T22:50:00,343,343
http://irail.be/vehicle/IC722,http://irail.be/stations/NMBS/008894821,IC,2017-05-27T22:50:00,2017-05-27T22:50:00,367,367
http://irail.be/vehicle/IC722,http://irail.be/stations/NMBS/008894755,IC,2017-05-27T22:52:00,2017-05-27T22:52:00,345,345
http://irail.be/vehicle/IC722,http://irail.be/stations/NMBS/008894748,IC,2017-05-27T22:53:00,2017-05-27T22:53:00,346,346
http://irail.be/vehicle/IC722,http://irail.be/stations/NMBS/008894714,IC,2017-05-27T22:55:00,2017-05-27T22:55:00,353,353
http://irail.be/vehicle/IC722,NO-URI,IC,2017-05-27T22:57:00,2017-05-27T22:57:00,316,316
http://irail.be/vehicle/IC722,http://irail.be/stations/NMBS/008894508,IC,2017-05-27T23:01:00,2017-05-27T22:59:00,290,260
http://irail.be/vehicle/IC722,http://irail.be/stations/NMBS/008894433,IC,2017-05-27T23:04:00,2017-05-27T23:04:00,290,290
http://irail.be/vehicle/IC722,http://irail.be/stations/NMBS/008894425,IC,2017-05-27T23:04:00,2017-05-27T23:04:00,290,290
http://irail.be/vehicle/IC722,NO-URI,IC,2017-05-27T23:07:00,2017-05-27T23:07:00,244,244
http://irail.be/vehicle/IC722,http://irail.be/stations/NMBS/008894201,IC,2017-05-27T23:11:00,2017-05-27T23:09:00,173,230
http://irail.be/vehicle/IC722,http://irail.be/stations/NMBS/008894151,IC,2017-05-27T23:16:00,2017-05-27T23:16:00,173,173
http://irail.be/vehicle/IC722,http://irail.be/stations/NMBS/008893120,IC,2017-05-27T23:23:00,2017-05-27T23:23:00,,239
http://irail.be/vehicle/IC722,http://irail.be/stations/NMBS/008821121,IC,2017-06-04T22:43:00,2017-06-04T22:43:00,192,
http://irail.be/vehicle/IC722,http://irail.be/stations/NMBS/008821196,IC,2017-06-04T22:46:00,2017-06-04T22:46:00,189,189
http://irail.be/vehicle/IC722,NO-URI,IC,2017-06-04T22:50:00,2017-06-04T22:50:00,189,189
http://irail.be/vehicle/IC722,http://irail.be/stations/NMBS/008894821,IC,2017-06-04T22:50:00,2017-06-04T22:50:00,215,215
http://irail.be/vehicle/IC722,http://irail.be/stations/NMBS/008894755,IC,2017-06-04T22:52:00,2017-06-04T22:52:00,197,197
http://irail.be/vehicle/IC722,http://irail.be/stations/NMBS/008894748,IC,2017-06-04T22:53:00,2017-06-04T22:53:00,383,383
http://irail.be/vehicle/IC722,http://irail.be/stations/NMBS/008894714,IC,2017-06-04T22:55:00,2017-06-04T22:55:00,379,379
http://irail.be/vehicle/IC722,NO-URI,IC,2017-06-04T22:57:00,2017-06-04T22:57:00,338,338
http://irail.be/vehicle/IC722,http://irail.be/stations/NMBS/008894508,IC,2017-06-04T23:01:00,2017-06-04T22:59:00,337,269
http://irail.be/vehicle/IC722,http://irail.be/stations/NMBS/008894433,IC,2017-06-04T23:04:00,2017-06-04T23:04:00,337,337
http://irail.be/vehicle/IC722,http://irail.be/stations/NMBS/008894425,IC,2017-06-04T23:04:00,2017-06-04T23:04:00,348,348
http://irail.be/vehicle/IC722,NO-URI,IC,2017-06-04T23:07:00,2017-06-04T23:07:00,308,308
http://irail.be/vehicle/IC722,http://irail.be/stations/NMBS/008894201,IC,2017-06-04T23:11:00,2017-06-04T23:09:00,235,291
http://irail.be/vehicle/IC722,http://irail.be/stations/NMBS/008894151,IC,2017-06-04T23:16:00,2017-06-04T23:16:00,235,235
http://irail.be/vehicle/IC722,http://irail.be/stations/NMBS/008893120,IC,2017-06-04T23:23:00,2017-06-04T23:23:00,,218
http://irail.be/vehicle/IC722,http://irail.be/stations/NMBS/008821006,IC,2017-12-09T22:37:00,2017-12-09T22:37:00,19,
http://irail.be/vehicle/IC722,http://irail.be/stations/NMBS/008821121,IC,2017-12-09T22:43:00,2017-12-09T22:41:00,196,196
http://irail.be/vehicle/IC722,http://irail.be/stations/NMBS/008821196,IC,2017-12-09T22:46:00,2017-12-09T22:46:00,146,146
http://irail.be/vehicle/IC722,NO-URI,IC,2017-12-09T22:50:00,2017-12-09T22:50:00,146,146
http://irail.be/vehicle/IC722,http://irail.be/stations/NMBS/008894821,IC,2017-12-09T22:50:00,2017-12-09T22:50:00,173,173
http://irail.be/vehicle/IC722,http://irail.be/stations/NMBS/008894755,IC,2017-12-09T22:52:00,2017-12-09T22:52:00,151,151
http://irail.be/vehicle/IC722,http://irail.be/stations/NMBS/008894748,IC,2017-12-09T22:53:00,2017-12-09T22:53:00,119,119
http://irail.be/vehicle/IC722,http://irail.be/stations/NMBS/008894714,IC,2017-12-09T22:56:00,2017-12-09T22:56:00,95,95
http://irail.be/vehicle/IC722,NO-URI,IC,2017-12-09T22:57:00,2017-12-09T22:57:00,84,84
http://irail.be/vehicle/IC722,http://irail.be/stations/NMBS/008894508,IC,2017-12-09T23:01:00,2017-12-09T22:59:00,62,44
http://irail.be/vehicle/IC722,http://irail.be/stations/NMBS/008894433,IC,2017-12-09T23:04:00,2017-12-09T23:04:00,62,62
http://irail.be/vehicle/IC722,http://irail.be/stations/NMBS/008894425,IC,2017-12-09T23:05:00,2017-12-09T23:05:00,15,15
http://irail.be/vehicle/IC722,NO-URI,IC,2017-12-09T23:07:00,2017-12-09T23:07:00,7,7
http://irail.be/vehicle/IC722,http://irail.be/stations/NMBS/008894201,IC,2017-12-09T23:11:00,2017-12-09T23:09:00,39,-5
http://irail.be/vehicle/IC722,http://irail.be/stations/NMBS/008894151,IC,2017-12-09T23:16:00,2017-12-09T23:16:00,39,39
http://irail.be/vehicle/IC722,http://irail.be/stations/NMBS/008893120,IC,2017-12-09T23:24:00,2017-12-09T23:23:00,45,-1
http://irail.be/vehicle/IC722,http://irail.be/stations/NMBS/008893179,IC,2017-12-09T23:26:00,2017-12-09T23:26:00,45,45
http://irail.be/vehicle/IC722,NO-URI,IC,2017-12-09T23:27:00,2017-12-09T23:27:00,-16,-16
http://irail.be/vehicle/IC722,http://irail.be/stations/NMBS/008892007,IC,2017-12-09T23:36:00,2017-12-09T23:33:00,11,-51
http://irail.be/vehicle/IC722,http://irail.be/stations/NMBS/008892080,IC,2017-12-09T23:43:00,2017-12-09T23:42:00,15,-7
http://irail.be/vehicle/IC722,NO-URI,IC,2017-12-09T23:47:00,2017-12-09T23:47:00,2,2
http://irail.be/vehicle/IC722,http://irail.be/stations/NMBS/008892106,IC,2017-12-09T23:50:00,2017-12-09T23:49:00,41,0
http://irail.be/vehicle/IC722,http://irail.be/stations/NMBS/008896149,IC,2017-12-09T23:58:00,2017-12-09T23:57:00,101,53
http://irail.be/vehicle/IC722,http://irail.be/stations/NMBS/008896115,IC,2017-12-10T00:04:00,2017-12-10T00:04:00,120,111
http://irail.be/vehicle/IC722,http://irail.be/stations/NMBS/008896008,IC,2017-12-10T00:10:00,2017-12-10T00:10:00,,91
http://irail.be/vehicle/IC722,http://irail.be/stations/NMBS/008821006,IC,2017-11-05T22:37:00,2017-11-05T22:37:00,87,
http://irail.be/vehicle/IC722,http://irail.be/stations/NMBS/008821121,IC,2017-11-05T22:43:00,2017-11-05T22:41:00,14,14
http://irail.be/vehicle/IC722,http://irail.be/stations/NMBS/008821196,IC,2017-11-05T22:46:00,2017-11-05T22:46:00,-39,-39
http://irail.be/vehicle/IC722,NO-URI,IC,2017-11-05T22:50:00,2017-11-05T22:50:00,-39,-39
http://irail.be/vehicle/IC722,http://irail.be/stations/NMBS/008894821,IC,2017-11-05T22:50:00,2017-11-05T22:50:00,-16,-16
http://irail.be/vehicle/IC722,http://irail.be/stations/NMBS/008894755,IC,2017-11-05T22:52:00,2017-11-05T22:52:00,-40,-40
http://irail.be/vehicle/IC722,http://irail.be/stations/NMBS/008894748,IC,2017-11-05T22:53:00,2017-11-05T22:53:00,-71,-71
http://irail.be/vehicle/IC722,http://irail.be/stations/NMBS/008894714,IC,2017-11-05T22:56:00,2017-11-05T22:56:00,-95,-95
http://irail.be/vehicle/IC722,NO-URI,IC,2017-11-05T22:57:00,2017-11-05T22:57:00,-108,-108
http://irail.be/vehicle/IC722,http://irail.be/stations/NMBS/008894508,IC,2017-11-05T23:01:00,2017-11-05T22:59:00,46,-153
http://irail.be/vehicle/IC722,http://irail.be/stations/NMBS/008894433,IC,2017-11-05T23:04:00,2017-11-05T23:04:00,46,46
http://irail.be/vehicle/IC722,http://irail.be/stations/NMBS/008894425,IC,2017-11-05T23:05:00,2017-11-05T23:05:00,-7,-7
http://irail.be/vehicle/IC722,NO-URI,IC,2017-11-05T23:07:00,2017-11-05T23:07:00,-16,-16
http://irail.be/vehicle/IC722,http://irail.be/stations/NMBS/008894201,IC,2017-11-05T23:11:00,2017-11-05T23:09:00,-15,-30
http://irail.be/vehicle/IC722,http://irail.be/stations/NMBS/008894151,IC,2017-11-05T23:16:00,2017-11-05T23:16:00,-15,-15
http://irail.be/vehicle/IC722,http://irail.be/stations/NMBS/008893120,IC,2017-11-05T23:24:00,2017-11-05T23:23:00,71,30
http://irail.be/vehicle/IC722,http://irail.be/stations/NMBS/008893179,IC,2017-11-05T23:26:00,2017-11-05T23:26:00,71,71
http://irail.be/vehicle/IC722,NO-URI,IC,2017-11-05T23:27:00,2017-11-05T23:27:00,25,25
http://irail.be/vehicle/IC722,http://irail.be/stations/NMBS/008892007,IC,2017-11-05T23:36:00,2017-11-05T23:33:00,48,-13
http://irail.be/vehicle/IC722,http://irail.be/stations/NMBS/008892080,IC,2017-11-05T23:43:00,2017-11-05T23:42:00,2,16
http://irail.be/vehicle/IC722,NO-URI,IC,2017-11-05T23:47:00,2017-11-05T23:47:00,-13,-13
http://irail.be/vehicle/IC722,http://irail.be/stations/NMBS/008892106,IC,2017-11-05T23:50:00,2017-11-05T23:49:00,-31,-5
http://irail.be/vehicle/IC722,http://irail.be/stations/NMBS/008896149,IC,2017-11-05T23:58:00,2017-11-05T23:57:00,-96,-89
http://irail.be/vehicle/IC722,http://irail.be/stations/NMBS/008896115,IC,2017-11-06T00:04:00,2017-11-06T00:04:00,-123,-123
http://irail.be/vehicle/IC722,http://irail.be/stations/NMBS/008896008,IC,2017-11-06T00:10:00,2017-11-06T00:10:00,,-186
http://irail.be/vehicle/IC722,http://irail.be/stations/NMBS/008821006,IC,2017-10-14T22:37:00,2017-10-14T22:37:00,31,
http://irail.be/vehicle/IC722,http://irail.be/stations/NMBS/008821121,IC,2017-10-14T22:43:00,2017-10-14T22:41:00,20,20
http://irail.be/vehicle/IC722,http://irail.be/stations/NMBS/008821196,IC,2017-10-14T22:46:00,2017-10-14T22:46:00,-24,-24
http://irail.be/vehicle/IC722,NO-URI,IC,2017-10-14T22:50:00,2017-10-14T22:50:00,-24,-24
http://irail.be/vehicle/IC722,http://irail.be/stations/NMBS/008894821,IC,2017-10-14T22:50:00,2017-10-14T22:50:00,3,3
http://irail.be/vehicle/IC722,http://irail.be/stations/NMBS/008894755,IC,2017-10-14T22:52:00,2017-10-14T22:52:00,-18,-18
http://irail.be/vehicle/IC722,http://irail.be/stations/NMBS/008894748,IC,2017-10-14T22:53:00,2017-10-14T22:53:00,-49,-49
http://irail.be/vehicle/IC722,http://irail.be/stations/NMBS/008894714,IC,2017-10-14T22:56:00,2017-10-14T22:56:00,0,0
http://irail.be/vehicle/IC722,NO-URI,IC,2017-10-14T22:57:00,2017-10-14T22:57:00,-106,-106
http://irail.be/vehicle/IC722,http://irail.be/stations/NMBS/008894508,IC,2017-10-14T23:01:00,2017-10-14T22:59:00,0,-131
http://irail.be/vehicle/IC722,http://irail.be/stations/NMBS/008894433,IC,2017-10-14T23:04:00,2017-10-14T23:04:00,61,61
http://irail.be/vehicle/IC722,http://irail.be/stations/NMBS/008894425,IC,2017-10-14T23:05:00,2017-10-14T23:05:00,61,61
http://irail.be/vehicle/IC722,NO-URI,IC,2017-10-14T23:07:00,2017-10-14T23:07:00,52,52
http://irail.be/vehicle/IC722,http://irail.be/stations/NMBS/008894201,IC,2017-10-14T23:11:00,2017-10-14T23:09:00,-7,0
http://irail.be/vehicle/IC722,http://irail.be/stations/NMBS/008894151,IC,2017-10-14T23:16:00,2017-10-14T23:16:00,-7,-7
http://irail.be/vehicle/IC722,http://irail.be/stations/NMBS/008893120,IC,2017-10-14T23:24:00,2017-10-14T23:23:00,62,136
http://irail.be/vehicle/IC722,http://irail.be/stations/NMBS/008893179,IC,2017-10-14T23:26:00,2017-10-14T23:26:00,219,219
http://irail.be/vehicle/IC722,NO-URI,IC,2017-10-14T23:27:00,2017-10-14T23:27:00,44,44
http://irail.be/vehicle/IC722,http://irail.be/stations/NMBS/008892007,IC,2017-10-14T23:36:00,2017-10-14T23:33:00,0,0
http://irail.be/vehicle/IC722,http://irail.be/stations/NMBS/008892080,IC,2017-10-14T23:43:00,2017-10-14T23:42:00,87,0
http://irail.be/vehicle/IC722,NO-URI,IC,2017-10-14T23:47:00,2017-10-14T23:47:00,65,65
http://irail.be/vehicle/IC722,http://irail.be/stations/NMBS/008892106,IC,2017-10-14T23:50:00,2017-10-14T23:49:00,57,59
http://irail.be/vehicle/IC722,http://irail.be/stations/NMBS/008896149,IC,2017-10-14T23:58:00,2017-10-14T23:57:00,-4,-3
http://irail.be/vehicle/IC722,http://irail.be/stations/NMBS/008896115,IC,2017-10-15T00:04:00,2017-10-15T00:04:00,0,0
http://irail.be/vehicle/IC722,http://irail.be/stations/NMBS/008896008,IC,2017-10-15T00:10:00,2017-10-15T00:10:00,,-120
http://irail.be/vehicle/IC722,http://irail.be/stations/NMBS/008821006,IC,2017-01-01T22:37:00,2017-01-01T22:37:00,12,
http://irail.be/vehicle/IC722,http://irail.be/stations/NMBS/008821121,IC,2017-01-01T22:43:00,2017-01-01T22:41:00,45,45
http://irail.be/vehicle/IC722,http://irail.be/stations/NMBS/008821196,IC,2017-01-01T22:46:00,2017-01-01T22:46:00,-6,-6
http://irail.be/vehicle/IC722,NO-URI,IC,2017-01-01T22:50:00,2017-01-01T22:50:00,-6,-6
http://irail.be/vehicle/IC722,http://irail.be/stations/NMBS/008894821,IC,2017-01-01T22:50:00,2017-01-01T22:50:00,18,18
http://irail.be/vehicle/IC722,http://irail.be/stations/NMBS/008894755,IC,2017-01-01T22:52:00,2017-01-01T22:52:00,12,12
http://irail.be/vehicle/IC722,http://irail.be/stations/NMBS/008894748,IC,2017-01-01T22:53:00,2017-01-01T22:53:00,-18,-18
http://irail.be/vehicle/IC722,http://irail.be/stations/NMBS/008894714,IC,2017-01-01T22:56:00,2017-01-01T22:56:00,-41,-41
http://irail.be/vehicle/IC722,NO-URI,IC,2017-01-01T22:57:00,2017-01-01T22:57:00,-54,-54
http://irail.be/vehicle/IC722,http://irail.be/stations/NMBS/008894508,IC,2017-01-01T23:01:00,2017-01-01T22:59:00,120,-87
http://irail.be/vehicle/IC722,http://irail.be/stations/NMBS/008894433,IC,2017-01-01T23:04:00,2017-01-01T23:04:00,120,120
http://irail.be/vehicle/IC722,http://irail.be/stations/NMBS/008894425,IC,2017-01-01T23:05:00,2017-01-01T23:05:00,82,82
http://irail.be/vehicle/IC722,NO-URI,IC,2017-01-01T23:07:00,2017-01-01T23:07:00,76,76
http://irail.be/vehicle/IC722,http://irail.be/stations/NMBS/008894201,IC,2017-01-01T23:11:00,2017-01-01T23:09:00,2,68
http://irail.be/vehicle/IC722,http://irail.be/stations/NMBS/008894151,IC,2017-01-01T23:16:00,2017-01-01T23:16:00,2,2
http://irail.be/vehicle/IC722,http://irail.be/stations/NMBS/008893120,IC,2017-01-01T23:24:00,2017-01-01T23:23:00,18,-30
http://irail.be/vehicle/IC722,http://irail.be/stations/NMBS/008893179,IC,2017-01-01T23:26:00,2017-01-01T23:26:00,18,18
http://irail.be/vehicle/IC722,NO-URI,IC,2017-01-01T23:27:00,2017-01-01T23:27:00,-38,-38
http://irail.be/vehicle/IC722,http://irail.be/stations/NMBS/008892007,IC,2017-01-01T23:36:00,2017-01-01T23:33:00,38,-71
http://irail.be/vehicle/IC722,http://irail.be/stations/NMBS/008892080,IC,2017-01-01T23:43:00,2017-01-01T23:42:00,10,26
http://irail.be/vehicle/IC722,NO-URI,IC,2017-01-01T23:47:00,2017-01-01T23:47:00,7,7
http://irail.be/vehicle/IC722,http://irail.be/stations/NMBS/008892106,IC,2017-01-01T23:50:00,2017-01-01T23:49:00,52,6
http://irail.be/vehicle/IC722,http://irail.be/stations/NMBS/008896149,IC,2017-01-01T23:58:00,2017-01-01T23:57:00,14,5
http://irail.be/vehicle/IC722,http://irail.be/stations/NMBS/008896115,IC,2017-01-02T00:04:00,2017-01-02T00:04:00,-12,-12
http://irail.be/vehicle/IC722,http://irail.be/stations/NMBS/008896008,IC,2017-01-02T00:10:00,2017-01-02T00:10:00,,-68
http://irail.be/vehicle/IC722,http://irail.be/stations/NMBS/008821006,IC,2017-10-18T22:37:00,2017-10-18T22:37:00,4,
http://irail.be/vehicle/IC722,http://irail.be/stations/NMBS/008821121,IC,2017-10-18T22:43:00,2017-10-18T22:41:00,19,19
http://irail.be/vehicle/IC722,http://irail.be/stations/NMBS/008821196,IC,2017-10-18T22:46:00,2017-10-18T22:46:00,-18,-18
http://irail.be/vehicle/IC722,NO-URI,IC,2017-10-18T22:50:00,2017-10-18T22:50:00,-18,-18
http://irail.be/vehicle/IC722,http://irail.be/stations/NMBS/008894821,IC,2017-10-18T22:50:00,2017-10-18T22:50:00,9,9
http://irail.be/vehicle/IC722,http://irail.be/stations/NMBS/008894755,IC,2017-10-18T22:52:00,2017-10-18T22:52:00,-9,-9
http://irail.be/vehicle/IC722,http://irail.be/stations/NMBS/008894748,IC,2017-10-18T22:53:00,2017-10-18T22:53:00,-37,-37
http://irail.be/vehicle/IC722,http://irail.be/stations/NMBS/008894714,IC,2017-10-18T22:56:00,2017-10-18T22:56:00,-51,-51
http://irail.be/vehicle/IC722,NO-URI,IC,2017-10-18T22:57:00,2017-10-18T22:57:00,-59,-59
http://irail.be/vehicle/IC722,http://irail.be/stations/NMBS/008894508,IC,2017-10-18T23:00:00,2017-10-18T22:59:00,59,-92
http://irail.be/vehicle/IC722,http://irail.be/stations/NMBS/008894433,IC,2017-10-18T23:03:00,2017-10-18T23:03:00,59,59
http://irail.be/vehicle/IC722,http://irail.be/stations/NMBS/008894425,IC,2017-10-18T23:04:00,2017-10-18T23:04:00,31,31
http://irail.be/vehicle/IC722,NO-URI,IC,2017-10-18T23:06:00,2017-10-18T23:06:00,28,28
http://irail.be/vehicle/IC722,http://irail.be/stations/NMBS/008894201,IC,2017-10-18T23:09:00,2017-10-18T23:08:00,3,21
http://irail.be/vehicle/IC722,http://irail.be/stations/NMBS/008894151,IC,2017-10-18T23:15:00,2017-10-18T23:15:00,3,3
http://irail.be/vehicle/IC722,http://irail.be/stations/NMBS/008893120,IC,2017-10-18T23:24:00,2017-10-18T23:23:00,256,152
http://irail.be/vehicle/IC722,http://irail.be/stations/NMBS/008893179,IC,2017-10-18T23:26:00,2017-10-18T23:26:00,256,256
http://irail.be/vehicle/IC722,NO-URI,IC,2017-10-18T23:27:00,2017-10-18T23:27:00,235,235
http://irail.be/vehicle/IC722,http://irail.be/stations/NMBS/008892007,IC,2017-10-18T23:36:00,2017-10-18T23:33:00,753,235
http://irail.be/vehicle/IC722,http://irail.be/stations/NMBS/008892080,IC,2017-10-18T23:43:00,2017-10-18T23:42:00,676,720
http://irail.be/vehicle/IC722,NO-URI,IC,2017-10-18T23:48:00,2017-10-18T23:48:00,615,615
http://irail.be/vehicle/IC722,http://irail.be/stations/NMBS/008892106,IC,2017-10-18T23:50:00,2017-10-18T23:49:00,643,620
http://irail.be/vehicle/IC722,http://irail.be/stations/NMBS/008896149,IC,2017-10-18T23:58:00,2017-10-18T23:57:00,561,577
http://irail.be/vehicle/IC722,http://irail.be/stations/NMBS/008896115,IC,2017-10-19T00:04:00,2017-10-19T00:04:00,502,502
http://irail.be/vehicle/IC722,http://irail.be/stations/NMBS/008896008,IC,2017-10-19T00:10:00,2017-10-19T00:10:00,,404
http://irail.be/vehicle/IC722,http://irail.be/stations/NMBS/008821006,IC,2017-03-26T22:37:00,2017-03-26T22:37:00,9,
http://irail.be/vehicle/IC722,http://irail.be/stations/NMBS/008821121,IC,2017-03-26T22:43:00,2017-03-26T22:41:00,24,25
http://irail.be/vehicle/IC722,http://irail.be/stations/NMBS/008821196,IC,2017-03-26T22:46:00,2017-03-26T22:46:00,-19,-19
http://irail.be/vehicle/IC722,NO-URI,IC,2017-03-26T22:50:00,2017-03-26T22:50:00,-19,-19
http://irail.be/vehicle/IC722,http://irail.be/stations/NMBS/008894821,IC,2017-03-26T22:50:00,2017-03-26T22:50:00,3,3
http://irail.be/vehicle/IC722,http://irail.be/stations/NMBS/008894755,IC,2017-03-26T22:52:00,2017-03-26T22:52:00,-12,-12
http://irail.be/vehicle/IC722,http://irail.be/stations/NMBS/008894748,IC,2017-03-26T22:53:00,2017-03-26T22:53:00,-41,-41
http://irail.be/vehicle/IC722,http://irail.be/stations/NMBS/008894714,IC,2017-03-26T22:56:00,2017-03-26T22:56:00,-65,-65
http://irail.be/vehicle/IC722,NO-URI,IC,2017-03-26T22:57:00,2017-03-26T22:57:00,-76,-76
http://irail.be/vehicle/IC722,http://irail.be/stations/NMBS/008894508,IC,2017-03-26T23:01:00,2017-03-26T22:59:00,48,-114
http://irail.be/vehicle/IC722,http://irail.be/stations/NMBS/008894433,IC,2017-03-26T23:04:00,2017-03-26T23:04:00,48,48
http://irail.be/vehicle/IC722,http://irail.be/stations/NMBS/008894425,IC,2017-03-26T23:05:00,2017-03-26T23:05:00,11,11
http://irail.be/vehicle/IC722,NO-URI,IC,2017-03-26T23:07:00,2017-03-26T23:07:00,6,6
http://irail.be/vehicle/IC722,http://irail.be/stations/NMBS/008894201,IC,2017-03-26T23:11:00,2017-03-26T23:09:00,-9,-10
http://irail.be/vehicle/IC722,http://irail.be/stations/NMBS/008894151,IC,2017-03-26T23:16:00,2017-03-26T23:16:00,-9,-9
http://irail.be/vehicle/IC722,http://irail.be/stations/NMBS/008893120,IC,2017-03-26T23:24:00,2017-03-26T23:23:00,8,-73
http://irail.be/vehicle/IC722,http://irail.be/stations/NMBS/008893179,IC,2017-03-26T23:26:00,2017-03-26T23:26:00,8,8
http://irail.be/vehicle/IC722,NO-URI,IC,2017-03-26T23:27:00,2017-03-26T23:27:00,-60,-60
http://irail.be/vehicle/IC722,http://irail.be/stations/NMBS/008892007,IC,2017-03-26T23:36:00,2017-03-26T23:33:00,7,-69
http://irail.be/vehicle/IC722,http://irail.be/stations/NMBS/008892080,IC,2017-03-26T23:43:00,2017-03-26T23:42:00,-15,-25
http://irail.be/vehicle/IC722,NO-URI,IC,2017-03-26T23:47:00,2017-03-26T23:47:00,-25,-25
http://irail.be/vehicle/IC722,http://irail.be/stations/NMBS/008892106,IC,2017-03-26T23:50:00,2017-03-26T23:49:00,23,-29
http://irail.be/vehicle/IC722,http://irail.be/stations/NMBS/008896149,IC,2017-03-26T23:58:00,2017-03-26T23:57:00,-21,-14
http://irail.be/vehicle/IC722,http://irail.be/stations/NMBS/008896115,IC,2017-03-27T00:04:00,2017-03-27T00:04:00,-21,-21
http://irail.be/vehicle/IC722,http://irail.be/stations/NMBS/008896008,IC,2017-03-27T00:10:00,2017-03-27T00:10:00,,-136
http://irail.be/vehicle/IC722,http://irail.be/stations/NMBS/008821006,IC,2017-06-23T22:37:00,2017-06-23T22:37:00,3,
http://irail.be/vehicle/IC722,http://irail.be/stations/NMBS/008821121,IC,2017-06-23T22:43:00,2017-06-23T22:41:00,22,22
http://irail.be/vehicle/IC722,http://irail.be/stations/NMBS/008821196,IC,2017-06-23T22:46:00,2017-06-23T22:46:00,2,2
http://irail.be/vehicle/IC722,NO-URI,IC,2017-06-23T22:50:00,2017-06-23T22:50:00,2,2
http://irail.be/vehicle/IC722,http://irail.be/stations/NMBS/008894821,IC,2017-06-23T22:50:00,2017-06-23T22:50:00,29,29
http://irail.be/vehicle/IC722,http://irail.be/stations/NMBS/008894755,IC,2017-06-23T22:52:00,2017-06-23T22:52:00,15,15
http://irail.be/vehicle/IC722,http://irail.be/stations/NMBS/008894748,IC,2017-06-23T22:53:00,2017-06-23T22:53:00,-13,-13
http://irail.be/vehicle/IC722,http://irail.be/stations/NMBS/008894714,IC,2017-06-23T22:56:00,2017-06-23T22:56:00,-30,-30
http://irail.be/vehicle/IC722,NO-URI,IC,2017-06-23T22:57:00,2017-06-23T22:57:00,-40,-40
http://irail.be/vehicle/IC722,http://irail.be/stations/NMBS/008894508,IC,2017-06-23T23:00:00,2017-06-23T22:59:00,63,-74
http://irail.be/vehicle/IC722,http://irail.be/stations/NMBS/008894433,IC,2017-06-23T23:03:00,2017-06-23T23:03:00,63,63
http://irail.be/vehicle/IC722,http://irail.be/stations/NMBS/008894425,IC,2017-06-23T23:04:00,2017-06-23T23:04:00,37,37
http://irail.be/vehicle/IC722,NO-URI,IC,2017-06-23T23:06:00,2017-06-23T23:06:00,49,49
http://irail.be/vehicle/IC722,http://irail.be/stations/NMBS/008894201,IC,2017-06-23T23:09:00,2017-06-23T23:08:00,45,47
http://irail.be/vehicle/IC722,http://irail.be/stations/NMBS/008894151,IC,2017-06-23T23:15:00,2017-06-23T23:15:00,57,45
http://irail.be/vehicle/IC722,http://irail.be/stations/NMBS/008893120,IC,2017-06-23T23:24:00,2017-06-23T23:23:00,166,143
http://irail.be/vehicle/IC722,http://irail.be/stations/NMBS/008893179,IC,2017-06-23T23:26:00,2017-06-23T23:26:00,166,166
http://irail.be/vehicle/IC722,NO-URI,IC,2017-06-23T23:27:00,2017-06-23T23:27:00,136,136
http://irail.be/vehicle/IC722,http://irail.be/stations/NMBS/008892007,IC,2017-06-23T23:36:00,2017-06-23T23:33:00,71,143
http://irail.be/vehicle/IC722,http://irail.be/stations/NMBS/008892080,IC,2017-06-23T23:43:00,2017-06-23T23:42:00,46,72
http://irail.be/vehicle/IC722,NO-URI,IC,2017-06-23T23:48:00,2017-06-23T23:48:00,-4,-4
http://irail.be/vehicle/IC722,http://irail.be/stations/NMBS/008892106,IC,2017-06-23T23:50:00,2017-06-23T23:49:00,65,6
http://irail.be/vehicle/IC722,http://irail.be/stations/NMBS/008896149,IC,2017-06-23T23:58:00,2017-06-23T23:57:00,8,7
http://irail.be/vehicle/IC722,http://irail.be/stations/NMBS/008896115,IC,2017-06-24T00:04:00,2017-06-24T00:04:00,-44,-44
http://irail.be/vehicle/IC722,http://irail.be/stations/NMBS/008896008,IC,2017-06-24T00:10:00,2017-06-24T00:10:00,,-107
http://irail.be/vehicle/IC722,http://irail.be/stations/NMBS/008821006,IC,2017-05-20T22:37:00,2017-05-20T22:37:00,51,
http://irail.be/vehicle/IC722,http://irail.be/stations/NMBS/008821121,IC,2017-05-20T22:43:00,2017-05-20T22:41:00,39,39
http://irail.be/vehicle/IC722,http://irail.be/stations/NMBS/008821196,IC,2017-05-20T22:46:00,2017-05-20T22:46:00,-16,-16
http://irail.be/vehicle/IC722,NO-URI,IC,2017-05-20T22:50:00,2017-05-20T22:50:00,-16,-16
http://irail.be/vehicle/IC722,http://irail.be/stations/NMBS/008894821,IC,2017-05-20T22:50:00,2017-05-20T22:50:00,6,6
http://irail.be/vehicle/IC722,http://irail.be/stations/NMBS/008894755,IC,2017-05-20T22:52:00,2017-05-20T22:52:00,-16,-16
http://irail.be/vehicle/IC722,http://irail.be/stations/NMBS/008894748,IC,2017-05-20T22:53:00,2017-05-20T22:53:00,-47,-47
http://irail.be/vehicle/IC722,http://irail.be/stations/NMBS/008894714,IC,2017-05-20T22:56:00,2017-05-20T22:56:00,-75,-75
http://irail.be/vehicle/IC722,NO-URI,IC,2017-05-20T22:57:00,2017-05-20T22:57:00,-89,-89
http://irail.be/vehicle/IC722,http://irail.be/stations/NMBS/008894508,IC,2017-05-20T23:01:00,2017-05-20T22:59:00,55,-130
http://irail.be/vehicle/IC722,http://irail.be/stations/NMBS/008894433,IC,2017-05-20T23:04:00,2017-05-20T23:04:00,55,55
http://irail.be/vehicle/IC722,http://irail.be/stations/NMBS/008894425,IC,2017-05-20T23:05:00,2017-05-20T23:05:00,25,25
http://irail.be/vehicle/IC722,NO-URI,IC,2017-05-20T23:07:00,2017-05-20T23:07:00,17,17
http://irail.be/vehicle/IC722,http://irail.be/stations/NMBS/008894201,IC,2017-05-20T23:11:00,2017-05-20T23:09:00,4,4
http://irail.be/vehicle/IC722,http://irail.be/stations/NMBS/008894151,IC,2017-05-20T23:16:00,2017-05-20T23:16:00,4,4
http://irail.be/vehicle/IC722,http://irail.be/stations/NMBS/008893120,IC,2017-05-20T23:24:00,2017-05-20T23:23:00,30,-84
http://irail.be/vehicle/IC722,http://irail.be/stations/NMBS/008893179,IC,2017-05-20T23:26:00,2017-05-20T23:26:00,30,30
http://irail.be/vehicle/IC722,NO-URI,IC,2017-05-20T23:27:00,2017-05-20T23:27:00,-30,-30
http://irail.be/vehicle/IC722,http://irail.be/stations/NMBS/008892007,IC,2017-05-20T23:36:00,2017-05-20T23:33:00,14,-27
http://irail.be/vehicle/IC722,http://irail.be/stations/NMBS/008892080,IC,2017-05-20T23:43:00,2017-05-20T23:42:00,34,0
http://irail.be/vehicle/IC722,NO-URI,IC,2017-05-20T23:47:00,2017-05-20T23:47:00,18,18
http://irail.be/vehicle/IC722,http://irail.be/stations/NMBS/008892106,IC,2017-05-20T23:50:00,2017-05-20T23:49:00,63,17
http://irail.be/vehicle/IC722,http://irail.be/stations/NMBS/008896149,IC,2017-05-20T23:58:00,2017-05-20T23:57:00,17,8
http://irail.be/vehicle/IC722,http://irail.be/stations/NMBS/008896115,IC,2017-05-21T00:04:00,2017-05-21T00:04:00,-13,-23
http://irail.be/vehicle/IC722,http://irail.be/stations/NMBS/008896008,IC,2017-05-21T00:10:00,2017-05-21T00:10:00,,-83
http://irail.be/vehicle/IC722,http://irail.be/stations/NMBS/008821006,IC,2017-08-29T22:37:00,2017-08-29T22:37:00,9,
http://irail.be/vehicle/IC722,http://irail.be/stations/NMBS/008821121,IC,2017-08-29T22:43:00,2017-08-29T22:41:00,27,27
http://irail.be/vehicle/IC722,http://irail.be/stations/NMBS/008821196,IC,2017-08-29T22:46:00,2017-08-29T22:46:00,-31,-31
http://irail.be/vehicle/IC722,NO-URI,IC,2017-08-29T22:50:00,2017-08-29T22:50:00,-31,-31
http://irail.be/vehicle/IC722,http://irail.be/stations/NMBS/008894821,IC,2017-08-29T22:50:00,2017-08-29T22:50:00,-7,-7
http://irail.be/vehicle/IC722,http://irail.be/stations/NMBS/008894755,IC,2017-08-29T22:52:00,2017-08-29T22:52:00,-30,-30
http://irail.be/vehicle/IC722,http://irail.be/stations/NMBS/008894748,IC,2017-08-29T22:53:00,2017-08-29T22:53:00,-61,-61
http://irail.be/vehicle/IC722,http://irail.be/stations/NMBS/008894714,IC,2017-08-29T22:56:00,2017-08-29T22:56:00,-86,-86
http://irail.be/vehicle/IC722,NO-URI,IC,2017-08-29T22:57:00,2017-08-29T22:57:00,-98,-98
http://irail.be/vehicle/IC722,http://irail.be/stations/NMBS/008894508,IC,2017-08-29T23:00:00,2017-08-29T22:59:00,57,-137
http://irail.be/vehicle/IC722,http://irail.be/stations/NMBS/008894433,IC,2017-08-29T23:03:00,2017-08-29T23:03:00,57,57
http://irail.be/vehicle/IC722,http://irail.be/stations/NMBS/008894425,IC,2017-08-29T23:04:00,2017-08-29T23:04:00,2,2
http://irail.be/vehicle/IC722,NO-URI,IC,2017-08-29T23:06:00,2017-08-29T23:06:00,-8,-8
http://irail.be/vehicle/IC722,http://irail.be/stations/NMBS/008894201,IC,2017-08-29T23:09:00,2017-08-29T23:08:00,-8,-20
http://irail.be/vehicle/IC722,http://irail.be/stations/NMBS/008894151,IC,2017-08-29T23:15:00,2017-08-29T23:15:00,99,-8
http://irail.be/vehicle/IC722,http://irail.be/stations/NMBS/008893120,IC,2017-08-29T23:24:00,2017-08-29T23:23:00,94,40
http://irail.be/vehicle/IC722,http://irail.be/stations/NMBS/008893179,IC,2017-08-29T23:26:00,2017-08-29T23:26:00,94,94
http://irail.be/vehicle/IC722,NO-URI,IC,2017-08-29T23:27:00,2017-08-29T23:27:00,20,20
http://irail.be/vehicle/IC722,http://irail.be/stations/NMBS/008892007,IC,2017-08-29T23:36:00,2017-08-29T23:33:00,63,22
http://irail.be/vehicle/IC722,http://irail.be/stations/NMBS/008892080,IC,2017-08-29T23:43:00,2017-08-29T23:42:00,12,42
http://irail.be/vehicle/IC722,NO-URI,IC,2017-08-29T23:48:00,2017-08-29T23:48:00,-47,-47
http://irail.be/vehicle/IC722,http://irail.be/stations/NMBS/008892106,IC,2017-08-29T23:50:00,2017-08-29T23:49:00,28,-45
http://irail.be/vehicle/IC722,http://irail.be/stations/NMBS/008896149,IC,2017-08-29T23:58:00,2017-08-29T23:57:00,-9,-39
http://irail.be/vehicle/IC722,http://irail.be/stations/NMBS/008896115,IC,2017-08-30T00:04:00,2017-08-30T00:04:00,-51,-62
http://irail.be/vehicle/IC722,http://irail.be/stations/NMBS/008896008,IC,2017-08-30T00:10:00,2017-08-30T00:10:00,,-118
http://irail.be/vehicle/IC722,http://irail.be/stations/NMBS/008821121,IC,2017-06-05T22:43:00,2017-06-05T22:43:00,107,
http://irail.be/vehicle/IC722,http://irail.be/stations/NMBS/008821196,IC,2017-06-05T22:46:00,2017-06-05T22:46:00,91,91
http://irail.be/vehicle/IC722,NO-URI,IC,2017-06-05T22:50:00,2017-06-05T22:50:00,91,91
http://irail.be/vehicle/IC722,http://irail.be/stations/NMBS/008894821,IC,2017-06-05T22:50:00,2017-06-05T22:50:00,113,113
http://irail.be/vehicle/IC722,http://irail.be/stations/NMBS/008894755,IC,2017-06-05T22:52:00,2017-06-05T22:52:00,92,92
http://irail.be/vehicle/IC722,http://irail.be/stations/NMBS/008894748,IC,2017-06-05T22:53:00,2017-06-05T22:53:00,94,94
http://irail.be/vehicle/IC722,http://irail.be/stations/NMBS/008894714,IC,2017-06-05T22:55:00,2017-06-05T22:55:00,97,97
http://irail.be/vehicle/IC722,NO-URI,IC,2017-06-05T22:57:00,2017-06-05T22:57:00,54,54
http://irail.be/vehicle/IC722,http://irail.be/stations/NMBS/008894508,IC,2017-06-05T23:01:00,2017-06-05T22:59:00,64,-17
http://irail.be/vehicle/IC722,http://irail.be/stations/NMBS/008894433,IC,2017-06-05T23:04:00,2017-06-05T23:04:00,64,64
http://irail.be/vehicle/IC722,http://irail.be/stations/NMBS/008894425,IC,2017-06-05T23:04:00,2017-06-05T23:04:00,68,68
http://irail.be/vehicle/IC722,NO-URI,IC,2017-06-05T23:07:00,2017-06-05T23:07:00,30,30
http://irail.be/vehicle/IC722,http://irail.be/stations/NMBS/008894201,IC,2017-06-05T23:11:00,2017-06-05T23:09:00,44,12
http://irail.be/vehicle/IC722,http://irail.be/stations/NMBS/008894151,IC,2017-06-05T23:16:00,2017-06-05T23:16:00,44,44
http://irail.be/vehicle/IC722,http://irail.be/stations/NMBS/008893120,IC,2017-06-05T23:23:00,2017-06-05T23:23:00,,-24
http://irail.be/vehicle/IC722,http://irail.be/stations/NMBS/008821006,IC,2017-05-29T22:37:00,2017-05-29T22:37:00,973,
http://irail.be/vehicle/IC722,http://irail.be/stations/NMBS/008821121,IC,2017-05-29T22:43:00,2017-05-29T22:41:00,887,887
http://irail.be/vehicle/IC722,http://irail.be/stations/NMBS/008821196,IC,2017-05-29T22:46:00,2017-05-29T22:46:00,860,860
http://irail.be/vehicle/IC722,NO-URI,IC,2017-05-29T22:50:00,2017-05-29T22:50:00,860,860
http://irail.be/vehicle/IC722,http://irail.be/stations/NMBS/008894821,IC,2017-05-29T22:50:00,2017-05-29T22:50:00,888,888
http://irail.be/vehicle/IC722,http://irail.be/stations/NMBS/008894755,IC,2017-05-29T22:52:00,2017-05-29T22:52:00,877,877
http://irail.be/vehicle/IC722,http://irail.be/stations/NMBS/008894748,IC,2017-05-29T22:53:00,2017-05-29T22:53:00,847,847
http://irail.be/vehicle/IC722,http://irail.be/stations/NMBS/008894714,IC,2017-05-29T22:56:00,2017-05-29T22:56:00,825,825
http://irail.be/vehicle/IC722,NO-URI,IC,2017-05-29T22:57:00,2017-05-29T22:57:00,813,813
http://irail.be/vehicle/IC722,http://irail.be/stations/NMBS/008894508,IC,2017-05-29T23:00:00,2017-05-29T22:59:00,825,774
http://irail.be/vehicle/IC722,http://irail.be/stations/NMBS/008894433,IC,2017-05-29T23:03:00,2017-05-29T23:03:00,825,825
http://irail.be/vehicle/IC722,http://irail.be/stations/NMBS/008894425,IC,2017-05-29T23:04:00,2017-05-29T23:04:00,774,774
http://irail.be/vehicle/IC722,NO-URI,IC,2017-05-29T23:06:00,2017-05-29T23:06:00,769,769
http://irail.be/vehicle/IC722,http://irail.be/stations/NMBS/008894201,IC,2017-05-29T23:09:00,2017-05-29T23:08:00,750,757
http://irail.be/vehicle/IC722,http://irail.be/stations/NMBS/008894151,IC,2017-05-29T23:15:00,2017-05-29T23:15:00,758,750
http://irail.be/vehicle/IC722,http://irail.be/stations/NMBS/008893120,IC,2017-05-29T23:24:00,2017-05-29T23:23:00,893,815
http://irail.be/vehicle/IC722,http://irail.be/stations/NMBS/008893179,IC,2017-05-29T23:26:00,2017-05-29T23:26:00,893,893
http://irail.be/vehicle/IC722,NO-URI,IC,2017-05-29T23:27:00,2017-05-29T23:27:00,872,872
http://irail.be/vehicle/IC722,http://irail.be/stations/NMBS/008892007,IC,2017-05-29T23:36:00,2017-05-29T23:33:00,816,893
http://irail.be/vehicle/IC722,http://irail.be/stations/NMBS/008892080,IC,2017-05-29T23:43:00,2017-05-29T23:42:00,737,792
http://irail.be/vehicle/IC722,NO-URI,IC,2017-05-29T23:48:00,2017-05-29T23:48:00,676,676
http://irail.be/vehicle/IC722,http://irail.be/stations/NMBS/008892106,IC,2017-05-29T23:50:00,2017-05-29T23:49:00,690,679
http://irail.be/vehicle/IC722,http://irail.be/stations/NMBS/008896149,IC,2017-05-29T23:58:00,2017-05-29T23:57:00,606,626
http://irail.be/vehicle/IC722,http://irail.be/stations/NMBS/008896115,IC,2017-05-30T00:04:00,2017-05-30T00:04:00,561,561
http://irail.be/vehicle/IC722,http://irail.be/stations/NMBS/008896008,IC,2017-05-30T00:10:00,2017-05-30T00:10:00,,469
http://irail.be/vehicle/IC722,http://irail.be/stations/NMBS/008821006,IC,2017-11-30T22:37:00,2017-11-30T22:37:00,1,
http://irail.be/vehicle/IC722,http://irail.be/stations/NMBS/008821121,IC,2017-11-30T22:43:00,2017-11-30T22:41:00,9,9
http://irail.be/vehicle/IC722,http://irail.be/stations/NMBS/008821196,IC,2017-11-30T22:46:00,2017-11-30T22:46:00,-17,-17
http://irail.be/vehicle/IC722,NO-URI,IC,2017-11-30T22:50:00,2017-11-30T22:50:00,-17,-17
http://irail.be/vehicle/IC722,http://irail.be/stations/NMBS/008894821,IC,2017-11-30T22:50:00,2017-11-30T22:50:00,10,10
http://irail.be/vehicle/IC722,http://irail.be/stations/NMBS/008894755,IC,2017-11-30T22:52:00,2017-11-30T22:52:00,-9,-9
http://irail.be/vehicle/IC722,http://irail.be/stations/NMBS/008894748,IC,2017-11-30T22:53:00,2017-11-30T22:53:00,-37,-37
http://irail.be/vehicle/IC722,http://irail.be/stations/NMBS/008894714,IC,2017-11-30T22:56:00,2017-11-30T22:56:00,-57,-57
http://irail.be/vehicle/IC722,NO-URI,IC,2017-11-30T22:57:00,2017-11-30T22:57:00,-69,-69
http://irail.be/vehicle/IC722,http://irail.be/stations/NMBS/008894508,IC,2017-11-30T23:00:00,2017-11-30T22:59:00,58,-100
http://irail.be/vehicle/IC722,http://irail.be/stations/NMBS/008894433,IC,2017-11-30T23:03:00,2017-11-30T23:03:00,58,58
http://irail.be/vehicle/IC722,http://irail.be/stations/NMBS/008894425,IC,2017-11-30T23:04:00,2017-11-30T23:04:00,17,17
http://irail.be/vehicle/IC722,NO-URI,IC,2017-11-30T23:06:00,2017-11-30T23:06:00,15,15
http://irail.be/vehicle/IC722,http://irail.be/stations/NMBS/008894201,IC,2017-11-30T23:09:00,2017-11-30T23:08:00,116,114
http://irail.be/vehicle/IC722,http://irail.be/stations/NMBS/008894151,IC,2017-11-30T23:15:00,2017-11-30T23:15:00,357,116
http://irail.be/vehicle/IC722,http://irail.be/stations/NMBS/008893120,IC,2017-11-30T23:24:00,2017-11-30T23:23:00,284,226
http://irail.be/vehicle/IC722,http://irail.be/stations/NMBS/008893179,IC,2017-11-30T23:26:00,2017-11-30T23:26:00,284,284
http://irail.be/vehicle/IC722,NO-URI,IC,2017-11-30T23:27:00,2017-11-30T23:27:00,224,224
http://irail.be/vehicle/IC722,http://irail.be/stations/NMBS/008892007,IC,2017-11-30T23:36:00,2017-11-30T23:33:00,119,198
http://irail.be/vehicle/IC722,http://irail.be/stations/NMBS/008892080,IC,2017-11-30T23:43:00,2017-11-30T23:42:00,70,99
http://irail.be/vehicle/IC722,NO-URI,IC,2017-11-30T23:48:00,2017-11-30T23:48:00,13,13
http://irail.be/vehicle/IC722,http://irail.be/stations/NMBS/008892106,IC,2017-11-30T23:50:00,2017-11-30T23:49:00,67,24
http://irail.be/vehicle/IC722,http://irail.be/stations/NMBS/008896149,IC,2017-11-30T23:58:00,2017-11-30T23:57:00,107,94
http://irail.be/vehicle/IC722,http://irail.be/stations/NMBS/008896115,IC,2017-12-01T00:04:00,2017-12-01T00:04:00,100,100
http://irail.be/vehicle/IC722,http://irail.be/stations/NMBS/008896008,IC,2017-12-01T00:10:00,2017-12-01T00:10:00,,54
http://irail.be/vehicle/IC722,http://irail.be/stations/NMBS/008821006,IC,2017-10-29T22:37:00,2017-10-29T22:37:00,31,
http://irail.be/vehicle/IC722,http://irail.be/stations/NMBS/008821121,IC,2017-10-29T22:43:00,2017-10-29T22:41:00,56,56
http://irail.be/vehicle/IC722,http://irail.be/stations/NMBS/008821196,IC,2017-10-29T22:46:00,2017-10-29T22:46:00,39,39
http://irail.be/vehicle/IC722,NO-URI,IC,2017-10-29T22:50:00,2017-10-29T22:50:00,39,39
http://irail.be/vehicle/IC722,http://irail.be/stations/NMBS/008894821,IC,2017-10-29T22:50:00,2017-10-29T22:50:00,65,65
http://irail.be/vehicle/IC722,http://irail.be/stations/NMBS/008894755,IC,2017-10-29T22:52:00,2017-10-29T22:52:00,58,58
http://irail.be/vehicle/IC722,http://irail.be/stations/NMBS/008894748,IC,2017-10-29T22:53:00,2017-10-29T22:53:00,28,28
http://irail.be/vehicle/IC722,http://irail.be/stations/NMBS/008894714,IC,2017-10-29T22:56:00,2017-10-29T22:56:00,3,3
http://irail.be/vehicle/IC722,NO-URI,IC,2017-10-29T22:57:00,2017-10-29T22:57:00,-11,-11
http://irail.be/vehicle/IC722,http://irail.be/stations/NMBS/008894508,IC,2017-10-29T23:01:00,2017-10-29T22:59:00,56,-51
http://irail.be/vehicle/IC722,http://irail.be/stations/NMBS/008894433,IC,2017-10-29T23:04:00,2017-10-29T23:04:00,56,56
http://irail.be/vehicle/IC722,http://irail.be/stations/NMBS/008894425,IC,2017-10-29T23:05:00,2017-10-29T23:05:00,22,22
http://irail.be/vehicle/IC722,NO-URI,IC,2017-10-29T23:07:00,2017-10-29T23:07:00,14,14
http://irail.be/vehicle/IC722,http://irail.be/stations/NMBS/008894201,IC,2017-10-29T23:11:00,2017-10-29T23:09:00,10,2
http://irail.be/vehicle/IC722,http://irail.be/stations/NMBS/008894151,IC,2017-10-29T23:16:00,2017-10-29T23:16:00,10,10
http://irail.be/vehicle/IC722,http://irail.be/stations/NMBS/008893120,IC,2017-10-29T23:24:00,2017-10-29T23:23:00,22,-63
http://irail.be/vehicle/IC722,http://irail.be/stations/NMBS/008893179,IC,2017-10-29T23:26:00,2017-10-29T23:26:00,22,22
http://irail.be/vehicle/IC722,NO-URI,IC,2017-10-29T23:27:00,2017-10-29T23:27:00,-39,-39
http://irail.be/vehicle/IC722,http://irail.be/stations/NMBS/008892007,IC,2017-10-29T23:36:00,2017-10-29T23:33:00,22,-72
http://irail.be/vehicle/IC722,http://irail.be/stations/NMBS/008892080,IC,2017-10-29T23:43:00,2017-10-29T23:42:00,53,24
http://irail.be/vehicle/IC722,NO-URI,IC,2017-10-29T23:47:00,2017-10-29T23:47:00,51,51
http://irail.be/vehicle/IC722,http://irail.be/stations/NMBS/008892106,IC,2017-10-29T23:50:00,2017-10-29T23:49:00,46,47
http://irail.be/vehicle/IC722,http://irail.be/stations/NMBS/008896149,IC,2017-10-29T23:58:00,2017-10-29T23:57:00,164,0
http://irail.be/vehicle/IC722,http://irail.be/stations/NMBS/008896115,IC,2017-10-30T00:04:00,2017-10-30T00:04:00,126,126
http://irail.be/vehicle/IC722,http://irail.be/stations/NMBS/008896008,IC,2017-10-30T00:10:00,2017-10-30T00:10:00,,45
http://irail.be/vehicle/IC722,http://irail.be/stations/NMBS/008821006,IC,2017-09-12T22:37:00,2017-09-12T22:37:00,63,
http://irail.be/vehicle/IC722,http://irail.be/stations/NMBS/008821121,IC,2017-09-12T22:43:00,2017-09-12T22:41:00,35,35
http://irail.be/vehicle/IC722,http://irail.be/stations/NMBS/008821196,IC,2017-09-12T22:46:00,2017-09-12T22:46:00,17,17
http://irail.be/vehicle/IC722,NO-URI,IC,2017-09-12T22:50:00,2017-09-12T22:50:00,17,17
http://irail.be/vehicle/IC722,http://irail.be/stations/NMBS/008894821,IC,2017-09-12T22:50:00,2017-09-12T22:50:00,41,41
http://irail.be/vehicle/IC722,http://irail.be/stations/NMBS/008894755,IC,2017-09-12T22:52:00,2017-09-12T22:52:00,24,24
http://irail.be/vehicle/IC722,http://irail.be/stations/NMBS/008894748,IC,2017-09-12T22:53:00,2017-09-12T22:53:00,-3,-3
http://irail.be/vehicle/IC722,http://irail.be/stations/NMBS/008894714,IC,2017-09-12T22:56:00,2017-09-12T22:56:00,-14,-14
http://irail.be/vehicle/IC722,NO-URI,IC,2017-09-12T22:57:00,2017-09-12T22:57:00,-23,-23
http://irail.be/vehicle/IC722,http://irail.be/stations/NMBS/008894508,IC,2017-09-12T23:00:00,2017-09-12T22:59:00,82,-47
http://irail.be/vehicle/IC722,http://irail.be/stations/NMBS/008894433,IC,2017-09-12T23:03:00,2017-09-12T23:03:00,82,82
http://irail.be/vehicle/IC722,http://irail.be/stations/NMBS/008894425,IC,2017-09-12T23:04:00,2017-09-12T23:04:00,39,39
http://irail.be/vehicle/IC722,NO-URI,IC,2017-09-12T23:06:00,2017-09-12T23:06:00,43,43
http://irail.be/vehicle/IC722,http://irail.be/stations/NMBS/008894201,IC,2017-09-12T23:09:00,2017-09-12T23:08:00,38,40
http://irail.be/vehicle/IC722,http://irail.be/stations/NMBS/008894151,IC,2017-09-12T23:15:00,2017-09-12T23:15:00,38,38
http://irail.be/vehicle/IC722,http://irail.be/stations/NMBS/008893120,IC,2017-09-12T23:24:00,2017-09-12T23:23:00,64,0
http://irail.be/vehicle/IC722,http://irail.be/stations/NMBS/008893179,IC,2017-09-12T23:26:00,2017-09-12T23:26:00,64,64
http://irail.be/vehicle/IC722,NO-URI,IC,2017-09-12T23:27:00,2017-09-12T23:27:00,63,63
http://irail.be/vehicle/IC722,http://irail.be/stations/NMBS/008892007,IC,2017-09-12T23:36:00,2017-09-12T23:33:00,30,42
http://irail.be/vehicle/IC722,http://irail.be/stations/NMBS/008892080,IC,2017-09-12T23:43:00,2017-09-12T23:42:00,-13,16
http://irail.be/vehicle/IC722,NO-URI,IC,2017-09-12T23:48:00,2017-09-12T23:48:00,-56,-56
http://irail.be/vehicle/IC722,http://irail.be/stations/NMBS/008892106,IC,2017-09-12T23:50:00,2017-09-12T23:49:00,40,-43
http://irail.be/vehicle/IC722,http://irail.be/stations/NMBS/008896149,IC,2017-09-12T23:58:00,2017-09-12T23:57:00,17,-5
http://irail.be/vehicle/IC722,http://irail.be/stations/NMBS/008896115,IC,2017-09-13T00:04:00,2017-09-13T00:04:00,-18,-31
http://irail.be/vehicle/IC722,http://irail.be/stations/NMBS/008896008,IC,2017-09-13T00:10:00,2017-09-13T00:10:00,,-76
http://irail.be/vehicle/IC722,http://irail.be/stations/NMBS/008821006,IC,2017-03-07T22:37:00,2017-03-07T22:37:00,46,
http://irail.be/vehicle/IC722,http://irail.be/stations/NMBS/008821121,IC,2017-03-07T22:43:00,2017-03-07T22:41:00,23,23
http://irail.be/vehicle/IC722,http://irail.be/stations/NMBS/008821196,IC,2017-03-07T22:46:00,2017-03-07T22:46:00,-3,-3
http://irail.be/vehicle/IC722,NO-URI,IC,2017-03-07T22:50:00,2017-03-07T22:50:00,-3,-3
http://irail.be/vehicle/IC722,http://irail.be/stations/NMBS/008894821,IC,2017-03-07T22:50:00,2017-03-07T22:50:00,21,21
http://irail.be/vehicle/IC722,http://irail.be/stations/NMBS/008894755,IC,2017-03-07T22:52:00,2017-03-07T22:52:00,1,1
http://irail.be/vehicle/IC722,http://irail.be/stations/NMBS/008894748,IC,2017-03-07T22:53:00,2017-03-07T22:53:00,-26,-26
http://irail.be/vehicle/IC722,http://irail.be/stations/NMBS/008894714,IC,2017-03-07T22:56:00,2017-03-07T22:56:00,-42,-42
http://irail.be/vehicle/IC722,NO-URI,IC,2017-03-07T22:57:00,2017-03-07T22:57:00,-53,-53
http://irail.be/vehicle/IC722,http://irail.be/stations/NMBS/008894508,IC,2017-03-07T23:00:00,2017-03-07T22:59:00,58,-92
http://irail.be/vehicle/IC722,http://irail.be/stations/NMBS/008894433,IC,2017-03-07T23:03:00,2017-03-07T23:03:00,58,58
http://irail.be/vehicle/IC722,http://irail.be/stations/NMBS/008894425,IC,2017-03-07T23:04:00,2017-03-07T23:04:00,37,37
http://irail.be/vehicle/IC722,NO-URI,IC,2017-03-07T23:06:00,2017-03-07T23:06:00,38,38
http://irail.be/vehicle/IC722,http://irail.be/stations/NMBS/008894201,IC,2017-03-07T23:09:00,2017-03-07T23:08:00,79,40
http://irail.be/vehicle/IC722,http://irail.be/stations/NMBS/008894151,IC,2017-03-07T23:15:00,2017-03-07T23:15:00,173,79
http://irail.be/vehicle/IC722,http://irail.be/stations/NMBS/008893120,IC,2017-03-07T23:24:00,2017-03-07T23:23:00,279,174
http://irail.be/vehicle/IC722,http://irail.be/stations/NMBS/008893179,IC,2017-03-07T23:26:00,2017-03-07T23:26:00,279,279
http://irail.be/vehicle/IC722,NO-URI,IC,2017-03-07T23:27:00,2017-03-07T23:27:00,240,240
http://irail.be/vehicle/IC722,http://irail.be/stations/NMBS/008892007,IC,2017-03-07T23:36:00,2017-03-07T23:33:00,1834,246
http://irail.be/vehicle/IC722,http://irail.be/stations/NMBS/008892080,IC,2017-03-07T23:43:00,2017-03-07T23:42:00,1924,1864
http://irail.be/vehicle/IC722,NO-URI,IC,2017-03-07T23:48:00,2017-03-07T23:48:00,1904,1904
http://irail.be/vehicle/IC722,http://irail.be/stations/NMBS/008892106,IC,2017-03-07T23:50:00,2017-03-07T23:49:00,2017,1985
http://irail.be/vehicle/IC722,http://irail.be/stations/NMBS/008896149,IC,2017-03-07T23:58:00,2017-03-07T23:57:00,1959,1961
http://irail.be/vehicle/IC722,http://irail.be/stations/NMBS/008896115,IC,2017-03-08T00:04:00,2017-03-08T00:04:00,1959,1959
http://irail.be/vehicle/IC722,http://irail.be/stations/NMBS/008896008,IC,2017-03-08T00:10:00,2017-03-08T00:10:00,,1887
http://irail.be/vehicle/IC722,http://irail.be/stations/NMBS/008821006,IC,2017-03-06T22:37:00,2017-03-06T22:37:00,1528,
http://irail.be/vehicle/IC722,http://irail.be/stations/NMBS/008821121,IC,2017-03-06T22:43:00,2017-03-06T22:41:00,1476,1476
http://irail.be/vehicle/IC722,http://irail.be/stations/NMBS/008821196,IC,2017-03-06T22:46:00,2017-03-06T22:46:00,1480,1480
http://irail.be/vehicle/IC722,NO-URI,IC,2017-03-06T22:50:00,2017-03-06T22:50:00,1480,1480
http://irail.be/vehicle/IC722,http://irail.be/stations/NMBS/008894821,IC,2017-03-06T22:50:00,2017-03-06T22:50:00,1506,1506
http://irail.be/vehicle/IC722,http://irail.be/stations/NMBS/008894755,IC,2017-03-06T22:52:00,2017-03-06T22:52:00,1492,1492
http://irail.be/vehicle/IC722,http://irail.be/stations/NMBS/008894748,IC,2017-03-06T22:53:00,2017-03-06T22:53:00,1462,1462
http://irail.be/vehicle/IC722,http://irail.be/stations/NMBS/008894714,IC,2017-03-06T22:56:00,2017-03-06T22:56:00,1440,1440
http://irail.be/vehicle/IC722,NO-URI,IC,2017-03-06T22:57:00,2017-03-06T22:57:00,1427,1427
http://irail.be/vehicle/IC722,http://irail.be/stations/NMBS/008894508,IC,2017-03-06T23:00:00,2017-03-06T22:59:00,1479,1382
http://irail.be/vehicle/IC722,http://irail.be/stations/NMBS/008894433,IC,2017-03-06T23:03:00,2017-03-06T23:03:00,1479,1479
http://irail.be/vehicle/IC722,http://irail.be/stations/NMBS/008894425,IC,2017-03-06T23:04:00,2017-03-06T23:04:00,1468,1468
http://irail.be/vehicle/IC722,NO-URI,IC,2017-03-06T23:06:00,2017-03-06T23:06:00,1461,1461
http://irail.be/vehicle/IC722,http://irail.be/stations/NMBS/008894201,IC,2017-03-06T23:09:00,2017-03-06T23:08:00,1418,1448
http://irail.be/vehicle/IC722,http://irail.be/stations/NMBS/008894151,IC,2017-03-06T23:15:00,2017-03-06T23:15:00,1455,1418
http://irail.be/vehicle/IC722,http://irail.be/stations/NMBS/008893120,IC,2017-03-06T23:24:00,2017-03-06T23:23:00,1556,1482
http://irail.be/vehicle/IC722,http://irail.be/stations/NMBS/008893179,IC,2017-03-06T23:26:00,2017-03-06T23:26:00,1556,1556
http://irail.be/vehicle/IC722,NO-URI,IC,2017-03-06T23:27:00,2017-03-06T23:27:00,1503,1503
http://irail.be/vehicle/IC722,http://irail.be/stations/NMBS/008892007,IC,2017-03-06T23:36:00,2017-03-06T23:33:00,1376,1470
http://irail.be/vehicle/IC722,http://irail.be/stations/NMBS/008892080,IC,2017-03-06T23:43:00,2017-03-06T23:42:00,1304,1351
http://irail.be/vehicle/IC722,NO-URI,IC,2017-03-06T23:48:00,2017-03-06T23:48:00,1242,1242
http://irail.be/vehicle/IC722,http://irail.be/stations/NMBS/008892106,IC,2017-03-06T23:50:00,2017-03-06T23:49:00,1271,1247
http://irail.be/vehicle/IC722,http://irail.be/stations/NMBS/008896149,IC,2017-03-06T23:58:00,2017-03-06T23:57:00,1193,1205
http://irail.be/vehicle/IC722,http://irail.be/stations/NMBS/008896115,IC,2017-03-07T00:04:00,2017-03-07T00:04:00,1193,1193
http://irail.be/vehicle/IC722,http://irail.be/stations/NMBS/008896008,IC,2017-03-07T00:10:00,2017-03-07T00:10:00,,1045
http://irail.be/vehicle/IC722,http://irail.be/stations/NMBS/008821006,IC,2017-07-07T22:37:00,2017-07-07T22:37:00,819,
http://irail.be/vehicle/IC722,http://irail.be/stations/NMBS/008821121,IC,2017-07-07T22:43:00,2017-07-07T22:41:00,769,769
http://irail.be/vehicle/IC722,http://irail.be/stations/NMBS/008821196,IC,2017-07-07T22:46:00,2017-07-07T22:46:00,740,740
http://irail.be/vehicle/IC722,NO-URI,IC,2017-07-07T22:50:00,2017-07-07T22:50:00,740,740
http://irail.be/vehicle/IC722,http://irail.be/stations/NMBS/008894821,IC,2017-07-07T22:50:00,2017-07-07T22:50:00,771,771
http://irail.be/vehicle/IC722,http://irail.be/stations/NMBS/008894755,IC,2017-07-07T22:52:00,2017-07-07T22:52:00,767,767
http://irail.be/vehicle/IC722,http://irail.be/stations/NMBS/008894748,IC,2017-07-07T22:53:00,2017-07-07T22:53:00,738,738
http://irail.be/vehicle/IC722,http://irail.be/stations/NMBS/008894714,IC,2017-07-07T22:56:00,2017-07-07T22:56:00,722,722
http://irail.be/vehicle/IC722,NO-URI,IC,2017-07-07T22:57:00,2017-07-07T22:57:00,711,711
http://irail.be/vehicle/IC722,http://irail.be/stations/NMBS/008894508,IC,2017-07-07T23:00:00,2017-07-07T22:59:00,736,675
http://irail.be/vehicle/IC722,http://irail.be/stations/NMBS/008894433,IC,2017-07-07T23:03:00,2017-07-07T23:03:00,736,736
http://irail.be/vehicle/IC722,http://irail.be/stations/NMBS/008894425,IC,2017-07-07T23:04:00,2017-07-07T23:04:00,706,706
http://irail.be/vehicle/IC722,NO-URI,IC,2017-07-07T23:06:00,2017-07-07T23:06:00,700,700
http://irail.be/vehicle/IC722,http://irail.be/stations/NMBS/008894201,IC,2017-07-07T23:09:00,2017-07-07T23:08:00,666,692
http://irail.be/vehicle/IC722,http://irail.be/stations/NMBS/008894151,IC,2017-07-07T23:15:00,2017-07-07T23:15:00,666,666
http://irail.be/vehicle/IC722,http://irail.be/stations/NMBS/008893120,IC,2017-07-07T23:24:00,2017-07-07T23:23:00,734,653
http://irail.be/vehicle/IC722,http://irail.be/stations/NMBS/008893179,IC,2017-07-07T23:26:00,2017-07-07T23:26:00,734,734
http://irail.be/vehicle/IC722,NO-URI,IC,2017-07-07T23:27:00,2017-07-07T23:27:00,717,717
http://irail.be/vehicle/IC722,http://irail.be/stations/NMBS/008892007,IC,2017-07-07T23:36:00,2017-07-07T23:33:00,616,686
http://irail.be/vehicle/IC722,http://irail.be/stations/NMBS/008892080,IC,2017-07-07T23:43:00,2017-07-07T23:42:00,582,607
http://irail.be/vehicle/IC722,NO-URI,IC,2017-07-07T23:48:00,2017-07-07T23:48:00,533,533
http://irail.be/vehicle/IC722,http://irail.be/stations/NMBS/008892106,IC,2017-07-07T23:50:00,2017-07-07T23:49:00,558,535
http://irail.be/vehicle/IC722,http://irail.be/stations/NMBS/008896149,IC,2017-07-07T23:58:00,2017-07-07T23:57:00,503,506
http://irail.be/vehicle/IC722,http://irail.be/stations/NMBS/008896115,IC,2017-07-08T00:04:00,2017-07-08T00:04:00,461,461
http://irail.be/vehicle/IC722,http://irail.be/stations/NMBS/008896008,IC,2017-07-08T00:10:00,2017-07-08T00:10:00,,383
http://irail.be/vehicle/IC722,http://irail.be/stations/NMBS/008821006,IC,2017-03-23T22:37:00,2017-03-23T22:37:00,30,
http://irail.be/vehicle/IC722,http://irail.be/stations/NMBS/008821121,IC,2017-03-23T22:43:00,2017-03-23T22:41:00,28,28
http://irail.be/vehicle/IC722,http://irail.be/stations/NMBS/008821196,IC,2017-03-23T22:46:00,2017-03-23T22:46:00,-16,-16
http://irail.be/vehicle/IC722,NO-URI,IC,2017-03-23T22:50:00,2017-03-23T22:50:00,-16,-16
http://irail.be/vehicle/IC722,http://irail.be/stations/NMBS/008894821,IC,2017-03-23T22:50:00,2017-03-23T22:50:00,12,11
http://irail.be/vehicle/IC722,http://irail.be/stations/NMBS/008894755,IC,2017-03-23T22:52:00,2017-03-23T22:52:00,-5,-5
http://irail.be/vehicle/IC722,http://irail.be/stations/NMBS/008894748,IC,2017-03-23T22:53:00,2017-03-23T22:53:00,-5,-5
http://irail.be/vehicle/IC722,http://irail.be/stations/NMBS/008894714,IC,2017-03-23T22:55:00,2017-03-23T22:55:00,-6,-6
http://irail.be/vehicle/IC722,NO-URI,IC,2017-03-23T22:57:00,2017-03-23T22:57:00,-48,-48
http://irail.be/vehicle/IC722,http://irail.be/stations/NMBS/008894508,IC,2017-03-23T23:00:00,2017-03-23T22:59:00,54,-118
http://irail.be/vehicle/IC722,http://irail.be/stations/NMBS/008894433,IC,2017-03-23T23:03:00,2017-03-23T23:03:00,54,54
http://irail.be/vehicle/IC722,http://irail.be/stations/NMBS/008894425,IC,2017-03-23T23:03:00,2017-03-23T23:03:00,65,65
http://irail.be/vehicle/IC722,NO-URI,IC,2017-03-23T23:06:00,2017-03-23T23:06:00,17,17
http://irail.be/vehicle/IC722,http://irail.be/stations/NMBS/008894201,IC,2017-03-23T23:09:00,2017-03-23T23:08:00,46,-4
http://irail.be/vehicle/IC722,http://irail.be/stations/NMBS/008894151,IC,2017-03-23T23:15:00,2017-03-23T23:15:00,46,46
http://irail.be/vehicle/IC722,http://irail.be/stations/NMBS/008893120,IC,2017-03-23T23:24:00,2017-03-23T23:23:00,71,-15
http://irail.be/vehicle/IC722,http://irail.be/stations/NMBS/008893179,IC,2017-03-23T23:26:00,2017-03-23T23:26:00,71,71
http://irail.be/vehicle/IC722,NO-URI,IC,2017-03-23T23:27:00,2017-03-23T23:27:00,31,31
http://irail.be/vehicle/IC722,http://irail.be/stations/NMBS/008892007,IC,2017-03-23T23:36:00,2017-03-23T23:33:00,32,-5
http://irail.be/vehicle/IC722,http://irail.be/stations/NMBS/008892080,IC,2017-03-23T23:43:00,2017-03-23T23:42:00,1,15
http://irail.be/vehicle/IC722,NO-URI,IC,2017-03-23T23:48:00,2017-03-23T23:48:00,-61,-61
http://irail.be/vehicle/IC722,http://irail.be/stations/NMBS/008892106,IC,2017-03-23T23:50:00,2017-03-23T23:49:00,38,-59
http://irail.be/vehicle/IC722,http://irail.be/stations/NMBS/008896149,IC,2017-03-23T23:58:00,2017-03-23T23:57:00,-5,-32
http://irail.be/vehicle/IC722,http://irail.be/stations/NMBS/008896115,IC,2017-03-24T00:04:00,2017-03-24T00:04:00,-5,-5
http://irail.be/vehicle/IC722,http://irail.be/stations/NMBS/008896008,IC,2017-03-24T00:10:00,2017-03-24T00:10:00,,-133
http://irail.be/vehicle/IC722,http://irail.be/stations/NMBS/008821006,IC,2017-06-19T22:37:00,2017-06-19T22:37:00,106,
http://irail.be/vehicle/IC722,http://irail.be/stations/NMBS/008821121,IC,2017-06-19T22:43:00,2017-06-19T22:41:00,25,25
http://irail.be/vehicle/IC722,http://irail.be/stations/NMBS/008821196,IC,2017-06-19T22:46:00,2017-06-19T22:46:00,-11,-11
http://irail.be/vehicle/IC722,NO-URI,IC,2017-06-19T22:50:00,2017-06-19T22:50:00,-11,-11
http://irail.be/vehicle/IC722,http://irail.be/stations/NMBS/008894821,IC,2017-06-19T22:50:00,2017-06-19T22:50:00,14,14
http://irail.be/vehicle/IC722,http://irail.be/stations/NMBS/008894755,IC,2017-06-19T22:52:00,2017-06-19T22:52:00,-1,-1
http://irail.be/vehicle/IC722,http://irail.be/stations/NMBS/008894748,IC,2017-06-19T22:53:00,2017-06-19T22:53:00,-31,-31
http://irail.be/vehicle/IC722,http://irail.be/stations/NMBS/008894714,IC,2017-06-19T22:56:00,2017-06-19T22:56:00,-52,-52
http://irail.be/vehicle/IC722,NO-URI,IC,2017-06-19T22:57:00,2017-06-19T22:57:00,-62,-62
http://irail.be/vehicle/IC722,http://irail.be/stations/NMBS/008894508,IC,2017-06-19T23:00:00,2017-06-19T22:59:00,103,-92
http://irail.be/vehicle/IC722,http://irail.be/stations/NMBS/008894433,IC,2017-06-19T23:03:00,2017-06-19T23:03:00,103,103
http://irail.be/vehicle/IC722,http://irail.be/stations/NMBS/008894425,IC,2017-06-19T23:04:00,2017-06-19T23:04:00,65,65
http://irail.be/vehicle/IC722,NO-URI,IC,2017-06-19T23:06:00,2017-06-19T23:06:00,60,60
http://irail.be/vehicle/IC722,http://irail.be/stations/NMBS/008894201,IC,2017-06-19T23:09:00,2017-06-19T23:08:00,62,51
http://irail.be/vehicle/IC722,http://irail.be/stations/NMBS/008894151,IC,2017-06-19T23:15:00,2017-06-19T23:15:00,85,62
http://irail.be/vehicle/IC722,http://irail.be/stations/NMBS/008893120,IC,2017-06-19T23:24:00,2017-06-19T23:23:00,204,186
http://irail.be/vehicle/IC722,http://irail.be/stations/NMBS/008893179,IC,2017-06-19T23:26:00,2017-06-19T23:26:00,204,204
http://irail.be/vehicle/IC722,NO-URI,IC,2017-06-19T23:27:00,2017-06-19T23:27:00,157,157
http://irail.be/vehicle/IC722,http://irail.be/stations/NMBS/008892007,IC,2017-06-19T23:36:00,2017-06-19T23:33:00,1422,130
http://irail.be/vehicle/IC722,http://irail.be/stations/NMBS/008892080,IC,2017-06-19T23:43:00,2017-06-19T23:42:00,1406,1447
http://irail.be/vehicle/IC722,NO-URI,IC,2017-06-19T23:48:00,2017-06-19T23:48:00,1352,1352
http://irail.be/vehicle/IC722,http://irail.be/stations/NMBS/008892106,IC,2017-06-19T23:50:00,2017-06-19T23:49:00,1408,1356
http://irail.be/vehicle/IC722,http://irail.be/stations/NMBS/008896149,IC,2017-06-19T23:58:00,2017-06-19T23:57:00,1350,1361
http://irail.be/vehicle/IC722,http://irail.be/stations/NMBS/008896115,IC,2017-06-20T00:04:00,2017-06-20T00:04:00,1304,1304
http://irail.be/vehicle/IC722,http://irail.be/stations/NMBS/008896008,IC,2017-06-20T00:10:00,2017-06-20T00:10:00,,1220
http://irail.be/vehicle/IC722,http://irail.be/stations/NMBS/008821006,IC,2017-10-01T22:37:00,2017-10-01T22:37:00,44,
http://irail.be/vehicle/IC722,http://irail.be/stations/NMBS/008821121,IC,2017-10-01T22:43:00,2017-10-01T22:41:00,26,26
http://irail.be/vehicle/IC722,http://irail.be/stations/NMBS/008821196,IC,2017-10-01T22:46:00,2017-10-01T22:46:00,5,5
http://irail.be/vehicle/IC722,NO-URI,IC,2017-10-01T22:50:00,2017-10-01T22:50:00,5,5
http://irail.be/vehicle/IC722,http://irail.be/stations/NMBS/008894821,IC,2017-10-01T22:50:00,2017-10-01T22:50:00,31,31
http://irail.be/vehicle/IC722,http://irail.be/stations/NMBS/008894755,IC,2017-10-01T22:52:00,2017-10-01T22:52:00,24,24
http://irail.be/vehicle/IC722,http://irail.be/stations/NMBS/008894748,IC,2017-10-01T22:53:00,2017-10-01T22:53:00,-5,-5
http://irail.be/vehicle/IC722,http://irail.be/stations/NMBS/008894714,IC,2017-10-01T22:56:00,2017-10-01T22:56:00,-19,-19
http://irail.be/vehicle/IC722,NO-URI,IC,2017-10-01T22:57:00,2017-10-01T22:57:00,-28,-28
http://irail.be/vehicle/IC722,http://irail.be/stations/NMBS/008894508,IC,2017-10-01T23:01:00,2017-10-01T22:59:00,51,-66
http://irail.be/vehicle/IC722,http://irail.be/stations/NMBS/008894433,IC,2017-10-01T23:04:00,2017-10-01T23:04:00,51,51
http://irail.be/vehicle/IC722,http://irail.be/stations/NMBS/008894425,IC,2017-10-01T23:05:00,2017-10-01T23:05:00,27,27
http://irail.be/vehicle/IC722,NO-URI,IC,2017-10-01T23:07:00,2017-10-01T23:07:00,25,25
http://irail.be/vehicle/IC722,http://irail.be/stations/NMBS/008894201,IC,2017-10-01T23:11:00,2017-10-01T23:09:00,6,24
http://irail.be/vehicle/IC722,http://irail.be/stations/NMBS/008894151,IC,2017-10-01T23:16:00,2017-10-01T23:16:00,6,6
http://irail.be/vehicle/IC722,http://irail.be/stations/NMBS/008893120,IC,2017-10-01T23:24:00,2017-10-01T23:23:00,40,-34
http://irail.be/vehicle/IC722,http://irail.be/stations/NMBS/008893179,IC,2017-10-01T23:26:00,2017-10-01T23:26:00,40,40
http://irail.be/vehicle/IC722,NO-URI,IC,2017-10-01T23:27:00,2017-10-01T23:27:00,30,30
http://irail.be/vehicle/IC722,http://irail.be/stations/NMBS/008892007,IC,2017-10-01T23:36:00,2017-10-01T23:33:00,14,11
http://irail.be/vehicle/IC722,http://irail.be/stations/NMBS/008892080,IC,2017-10-01T23:43:00,2017-10-01T23:42:00,50,45
http://irail.be/vehicle/IC722,NO-URI,IC,2017-10-01T23:47:00,2017-10-01T23:47:00,56,56
http://irail.be/vehicle/IC722,http://irail.be/stations/NMBS/008892106,IC,2017-10-01T23:50:00,2017-10-01T23:49:00,43,61
http://irail.be/vehicle/IC722,http://irail.be/stations/NMBS/008896149,IC,2017-10-01T23:58:00,2017-10-01T23:57:00,112,22
http://irail.be/vehicle/IC722,http://irail.be/stations/NMBS/008896115,IC,2017-10-02T00:04:00,2017-10-02T00:04:00,83,83
http://irail.be/vehicle/IC722,http://irail.be/stations/NMBS/008896008,IC,2017-10-02T00:10:00,2017-10-02T00:10:00,,3
http://irail.be/vehicle/IC722,http://irail.be/stations/NMBS/008821006,IC,2017-07-29T22:37:00,2017-07-29T22:37:00,65,
http://irail.be/vehicle/IC722,http://irail.be/stations/NMBS/008821121,IC,2017-07-29T22:43:00,2017-07-29T22:41:00,23,23
http://irail.be/vehicle/IC722,http://irail.be/stations/NMBS/008821196,IC,2017-07-29T22:46:00,2017-07-29T22:46:00,3,3
http://irail.be/vehicle/IC722,NO-URI,IC,2017-07-29T22:50:00,2017-07-29T22:50:00,3,3
http://irail.be/vehicle/IC722,http://irail.be/stations/NMBS/008894821,IC,2017-07-29T22:50:00,2017-07-29T22:50:00,30,30
http://irail.be/vehicle/IC722,http://irail.be/stations/NMBS/008894755,IC,2017-07-29T22:52:00,2017-07-29T22:52:00,560,560
http://irail.be/vehicle/IC722,http://irail.be/stations/NMBS/008894748,IC,2017-07-29T22:53:00,2017-07-29T22:53:00,533,533
http://irail.be/vehicle/IC722,http://irail.be/stations/NMBS/008894714,IC,2017-07-29T22:56:00,2017-07-29T22:56:00,507,507
http://irail.be/vehicle/IC722,NO-URI,IC,2017-07-29T22:57:00,2017-07-29T22:57:00,495,495
http://irail.be/vehicle/IC722,http://irail.be/stations/NMBS/008894508,IC,2017-07-29T23:01:00,2017-07-29T22:59:00,707,457
http://irail.be/vehicle/IC722,http://irail.be/stations/NMBS/008894433,IC,2017-07-29T23:04:00,2017-07-29T23:04:00,707,707
http://irail.be/vehicle/IC722,http://irail.be/stations/NMBS/008894425,IC,2017-07-29T23:05:00,2017-07-29T23:05:00,662,662
http://irail.be/vehicle/IC722,NO-URI,IC,2017-07-29T23:07:00,2017-07-29T23:07:00,651,651
http://irail.be/vehicle/IC722,http://irail.be/stations/NMBS/008894201,IC,2017-07-29T23:11:00,2017-07-29T23:09:00,573,638
http://irail.be/vehicle/IC722,http://irail.be/stations/NMBS/008894151,IC,2017-07-29T23:16:00,2017-07-29T23:16:00,573,573
http://irail.be/vehicle/IC722,http://irail.be/stations/NMBS/008893120,IC,2017-07-29T23:24:00,2017-07-29T23:23:00,541,478
http://irail.be/vehicle/IC722,http://irail.be/stations/NMBS/008893179,IC,2017-07-29T23:26:00,2017-07-29T23:26:00,541,541
http://irail.be/vehicle/IC722,NO-URI,IC,2017-07-29T23:27:00,2017-07-29T23:27:00,479,479
http://irail.be/vehicle/IC722,http://irail.be/stations/NMBS/008892007,IC,2017-07-29T23:36:00,2017-07-29T23:33:00,399,445
http://irail.be/vehicle/IC722,http://irail.be/stations/NMBS/008892080,IC,2017-07-29T23:43:00,2017-07-29T23:42:00,359,385
http://irail.be/vehicle/IC722,NO-URI,IC,2017-07-29T23:47:00,2017-07-29T23:47:00,338,338
http://irail.be/vehicle/IC722,http://irail.be/stations/NMBS/008892106,IC,2017-07-29T23:50:00,2017-07-29T23:49:00,300,333
http://irail.be/vehicle/IC722,http://irail.be/stations/NMBS/008896149,IC,2017-07-29T23:58:00,2017-07-29T23:57:00,255,237
http://irail.be/vehicle/IC722,http://irail.be/stations/NMBS/008896115,IC,2017-07-30T00:04:00,2017-07-30T00:04:00,212,212
http://irail.be/vehicle/IC722,http://irail.be/stations/NMBS/008896008,IC,2017-07-30T00:10:00,2017-07-30T00:10:00,,157
http://irail.be/vehicle/IC722,http://irail.be/stations/NMBS/008821006,IC,2017-07-18T22:37:00,2017-07-18T22:37:00,35,
http://irail.be/vehicle/IC722,http://irail.be/stations/NMBS/008821121,IC,2017-07-18T22:43:00,2017-07-18T22:41:00,37,37
http://irail.be/vehicle/IC722,http://irail.be/stations/NMBS/008821196,IC,2017-07-18T22:46:00,2017-07-18T22:46:00,15,15
http://irail.be/vehicle/IC722,NO-URI,IC,2017-07-18T22:50:00,2017-07-18T22:50:00,15,15
http://irail.be/vehicle/IC722,http://irail.be/stations/NMBS/008894821,IC,2017-07-18T22:50:00,2017-07-18T22:50:00,39,39
http://irail.be/vehicle/IC722,http://irail.be/stations/NMBS/008894755,IC,2017-07-18T22:52:00,2017-07-18T22:52:00,23,23
http://irail.be/vehicle/IC722,http://irail.be/stations/NMBS/008894748,IC,2017-07-18T22:53:00,2017-07-18T22:53:00,-5,-5
http://irail.be/vehicle/IC722,http://irail.be/stations/NMBS/008894714,IC,2017-07-18T22:56:00,2017-07-18T22:56:00,-26,-26
http://irail.be/vehicle/IC722,NO-URI,IC,2017-07-18T22:57:00,2017-07-18T22:57:00,-36,-36
http://irail.be/vehicle/IC722,http://irail.be/stations/NMBS/008894508,IC,2017-07-18T23:00:00,2017-07-18T22:59:00,61,-69
http://irail.be/vehicle/IC722,http://irail.be/stations/NMBS/008894433,IC,2017-07-18T23:03:00,2017-07-18T23:03:00,61,61
http://irail.be/vehicle/IC722,http://irail.be/stations/NMBS/008894425,IC,2017-07-18T23:04:00,2017-07-18T23:04:00,40,40
http://irail.be/vehicle/IC722,NO-URI,IC,2017-07-18T23:06:00,2017-07-18T23:06:00,40,40
http://irail.be/vehicle/IC722,http://irail.be/stations/NMBS/008894201,IC,2017-07-18T23:09:00,2017-07-18T23:08:00,57,61
http://irail.be/vehicle/IC722,http://irail.be/stations/NMBS/008894151,IC,2017-07-18T23:15:00,2017-07-18T23:15:00,141,57
http://irail.be/vehicle/IC722,http://irail.be/stations/NMBS/008893120,IC,2017-07-18T23:24:00,2017-07-18T23:23:00,160,89
http://irail.be/vehicle/IC722,http://irail.be/stations/NMBS/008893179,IC,2017-07-18T23:26:00,2017-07-18T23:26:00,160,160
http://irail.be/vehicle/IC722,NO-URI,IC,2017-07-18T23:27:00,2017-07-18T23:27:00,87,87
http://irail.be/vehicle/IC722,http://irail.be/stations/NMBS/008892007,IC,2017-07-18T23:36:00,2017-07-18T23:33:00,251,66
http://irail.be/vehicle/IC722,http://irail.be/stations/NMBS/008892080,IC,2017-07-18T23:43:00,2017-07-18T23:42:00,199,250
http://irail.be/vehicle/IC722,NO-URI,IC,2017-07-18T23:48:00,2017-07-18T23:48:00,160,160
http://irail.be/vehicle/IC722,http://irail.be/stations/NMBS/008892106,IC,2017-07-18T23:50:00,2017-07-18T23:49:00,252,198
http://irail.be/vehicle/IC722,http://irail.be/stations/NMBS/008896149,IC,2017-07-18T23:58:00,2017-07-18T23:57:00,182,191
http://irail.be/vehicle/IC722,http://irail.be/stations/NMBS/008896115,IC,2017-07-19T00:04:00,2017-07-19T00:04:00,131,131
http://irail.be/vehicle/IC722,http://irail.be/stations/NMBS/008896008,IC,2017-07-19T00:10:00,2017-07-19T00:10:00,,36
http://irail.be/vehicle/IC722,http://irail.be/stations/NMBS/008821006,IC,2017-03-08T22:37:00,2017-03-08T22:37:00,0,
http://irail.be/vehicle/IC722,http://irail.be/stations/NMBS/008821121,IC,2017-03-08T22:43:00,2017-03-08T22:41:00,23,23
http://irail.be/vehicle/IC722,http://irail.be/stations/NMBS/008821196,IC,2017-03-08T22:46:00,2017-03-08T22:46:00,-20,-20
http://irail.be/vehicle/IC722,NO-URI,IC,2017-03-08T22:50:00,2017-03-08T22:50:00,-20,-20
http://irail.be/vehicle/IC722,http://irail.be/stations/NMBS/008894821,IC,2017-03-08T22:50:00,2017-03-08T22:50:00,5,5
http://irail.be/vehicle/IC722,http://irail.be/stations/NMBS/008894755,IC,2017-03-08T22:52:00,2017-03-08T22:52:00,-7,-7
http://irail.be/vehicle/IC722,http://irail.be/stations/NMBS/008894748,IC,2017-03-08T22:53:00,2017-03-08T22:53:00,-36,-36
http://irail.be/vehicle/IC722,http://irail.be/stations/NMBS/008894714,IC,2017-03-08T22:56:00,2017-03-08T22:56:00,-57,-57
http://irail.be/vehicle/IC722,NO-URI,IC,2017-03-08T22:57:00,2017-03-08T22:57:00,-44,-44
http://irail.be/vehicle/IC722,http://irail.be/stations/NMBS/008894508,IC,2017-03-08T23:00:00,2017-03-08T22:59:00,60,-54
http://irail.be/vehicle/IC722,http://irail.be/stations/NMBS/008894433,IC,2017-03-08T23:03:00,2017-03-08T23:03:00,60,60
http://irail.be/vehicle/IC722,http://irail.be/stations/NMBS/008894425,IC,2017-03-08T23:04:00,2017-03-08T23:04:00,37,37
http://irail.be/vehicle/IC722,NO-URI,IC,2017-03-08T23:06:00,2017-03-08T23:06:00,40,40
http://irail.be/vehicle/IC722,http://irail.be/stations/NMBS/008894201,IC,2017-03-08T23:09:00,2017-03-08T23:08:00,11,37
http://irail.be/vehicle/IC722,http://irail.be/stations/NMBS/008894151,IC,2017-03-08T23:15:00,2017-03-08T23:15:00,24,11
http://irail.be/vehicle/IC722,http://irail.be/stations/NMBS/008893120,IC,2017-03-08T23:24:00,2017-03-08T23:23:00,22,-20
http://irail.be/vehicle/IC722,http://irail.be/stations/NMBS/008893179,IC,2017-03-08T23:26:00,2017-03-08T23:26:00,22,22
http://irail.be/vehicle/IC722,NO-URI,IC,2017-03-08T23:27:00,2017-03-08T23:27:00,-1,-1
http://irail.be/vehicle/IC722,http://irail.be/stations/NMBS/008892007,IC,2017-03-08T23:36:00,2017-03-08T23:33:00,26,-36
http://irail.be/vehicle/IC722,http://irail.be/stations/NMBS/008892080,IC,2017-03-08T23:43:00,2017-03-08T23:42:00,-22,16
http://irail.be/vehicle/IC722,NO-URI,IC,2017-03-08T23:48:00,2017-03-08T23:48:00,-67,-67
http://irail.be/vehicle/IC722,http://irail.be/stations/NMBS/008892106,IC,2017-03-08T23:50:00,2017-03-08T23:49:00,38,-61
http://irail.be/vehicle/IC722,http://irail.be/stations/NMBS/008896149,IC,2017-03-08T23:58:00,2017-03-08T23:57:00,12,13
http://irail.be/vehicle/IC722,http://irail.be/stations/NMBS/008896115,IC,2017-03-09T00:04:00,2017-03-09T00:04:00,12,12
http://irail.be/vehicle/IC722,http://irail.be/stations/NMBS/008896008,IC,2017-03-09T00:10:00,2017-03-09T00:10:00,,-126
http://irail.be/vehicle/IC722,http://irail.be/stations/NMBS/008821121,IC,2017-12-03T22:43:00,2017-12-03T22:43:00,35,
http://irail.be/vehicle/IC722,http://irail.be/stations/NMBS/008821196,IC,2017-12-03T22:46:00,2017-12-03T22:46:00,0,0
http://irail.be/vehicle/IC722,NO-URI,IC,2017-12-03T22:50:00,2017-12-03T22:50:00,0,0
http://irail.be/vehicle/IC722,http://irail.be/stations/NMBS/008894821,IC,2017-12-03T22:50:00,2017-12-03T22:50:00,27,27
http://irail.be/vehicle/IC722,http://irail.be/stations/NMBS/008894755,IC,2017-12-03T22:52:00,2017-12-03T22:52:00,33,33
http://irail.be/vehicle/IC722,http://irail.be/stations/NMBS/008894748,IC,2017-12-03T22:53:00,2017-12-03T22:53:00,33,33
http://irail.be/vehicle/IC722,http://irail.be/stations/NMBS/008894714,IC,2017-12-03T22:55:00,2017-12-03T22:55:00,38,38
http://irail.be/vehicle/IC722,NO-URI,IC,2017-12-03T22:57:00,2017-12-03T22:57:00,-4,-4
http://irail.be/vehicle/IC722,http://irail.be/stations/NMBS/008894508,IC,2017-12-03T23:01:00,2017-12-03T22:59:00,56,-68
http://irail.be/vehicle/IC722,http://irail.be/stations/NMBS/008894433,IC,2017-12-03T23:04:00,2017-12-03T23:04:00,56,56
http://irail.be/vehicle/IC722,http://irail.be/stations/NMBS/008894425,IC,2017-12-03T23:05:00,2017-12-03T23:05:00,24,24
http://irail.be/vehicle/IC722,NO-URI,IC,2017-12-03T23:07:00,2017-12-03T23:07:00,16,16
http://irail.be/vehicle/IC722,http://irail.be/stations/NMBS/008894201,IC,2017-12-03T23:11:00,2017-12-03T23:09:00,16,23
http://irail.be/vehicle/IC722,http://irail.be/stations/NMBS/008894235,IC,2017-12-03T23:16:00,2017-12-03T23:16:00,2,2
http://irail.be/vehicle/IC722,http://irail.be/stations/NMBS/008893401,IC,2017-12-03T23:22:00,2017-12-03T23:22:00,35,35
http://irail.be/vehicle/IC722,http://irail.be/stations/NMBS/008893518,IC,2017-12-03T23:24:00,2017-12-03T23:24:00,65,65
http://irail.be/vehicle/IC722,http://irail.be/stations/NMBS/008893526,IC,2017-12-03T23:26:00,2017-12-03T23:26:00,64,64
http://irail.be/vehicle/IC722,http://irail.be/stations/NMBS/008893534,IC,2017-12-03T23:27:00,2017-12-03T23:27:00,89,89
http://irail.be/vehicle/IC722,http://irail.be/stations/NMBS/008893542,IC,2017-12-03T23:29:00,2017-12-03T23:29:00,77,77
http://irail.be/vehicle/IC722,http://irail.be/stations/NMBS/008893559,IC,2017-12-03T23:31:00,2017-12-03T23:31:00,45,45
http://irail.be/vehicle/IC722,http://irail.be/stations/NMBS/008893567,IC,2017-12-03T23:35:00,2017-12-03T23:35:00,-44,-44
http://irail.be/vehicle/IC722,http://irail.be/stations/NMBS/008893039,IC,2017-12-03T23:37:00,2017-12-03T23:37:00,-90,-90
http://irail.be/vehicle/IC722,http://irail.be/stations/NMBS/008893013,IC,2017-12-03T23:39:00,2017-12-03T23:39:00,-121,-121
http://irail.be/vehicle/IC722,http://irail.be/stations/NMBS/008892007,IC,2017-12-03T23:45:00,2017-12-03T23:43:00,91,-38
http://irail.be/vehicle/IC722,http://irail.be/stations/NMBS/008892080,IC,2017-12-03T23:49:00,2017-12-03T23:49:00,99,99
http://irail.be/vehicle/IC722,NO-URI,IC,2017-12-03T23:54:00,2017-12-03T23:54:00,-27,-27
http://irail.be/vehicle/IC722,http://irail.be/stations/NMBS/008892106,IC,2017-12-03T23:54:00,2017-12-03T23:54:00,-10,-10
http://irail.be/vehicle/IC722,http://irail.be/stations/NMBS/008896149,IC,2017-12-04T00:01:00,2017-12-04T00:01:00,-68,-84
http://irail.be/vehicle/IC722,http://irail.be/stations/NMBS/008896115,IC,2017-12-04T00:07:00,2017-12-04T00:07:00,-144,-144
http://irail.be/vehicle/IC722,http://irail.be/stations/NMBS/008896008,IC,2017-12-04T00:11:00,2017-12-04T00:11:00,,-88
http://irail.be/vehicle/IC722,http://irail.be/stations/NMBS/008821006,IC,2017-02-27T22:37:00,2017-02-27T22:37:00,1092,
http://irail.be/vehicle/IC722,http://irail.be/stations/NMBS/008821121,IC,2017-02-27T22:43:00,2017-02-27T22:41:00,1031,1031
http://irail.be/vehicle/IC722,http://irail.be/stations/NMBS/008821196,IC,2017-02-27T22:46:00,2017-02-27T22:46:00,996,996
http://irail.be/vehicle/IC722,NO-URI,IC,2017-02-27T22:50:00,2017-02-27T22:50:00,996,996
http://irail.be/vehicle/IC722,http://irail.be/stations/NMBS/008894821,IC,2017-02-27T22:50:00,2017-02-27T22:50:00,1024,1024
http://irail.be/vehicle/IC722,http://irail.be/stations/NMBS/008894755,IC,2017-02-27T22:52:00,2017-02-27T22:52:00,1024,1024
http://irail.be/vehicle/IC722,http://irail.be/stations/NMBS/008894748,IC,2017-02-27T22:53:00,2017-02-27T22:53:00,995,995
http://irail.be/vehicle/IC722,http://irail.be/stations/NMBS/008894714,IC,2017-02-27T22:56:00,2017-02-27T22:56:00,975,975
http://irail.be/vehicle/IC722,NO-URI,IC,2017-02-27T22:57:00,2017-02-27T22:57:00,963,963
http://irail.be/vehicle/IC722,http://irail.be/stations/NMBS/008894508,IC,2017-02-27T23:00:00,2017-02-27T22:59:00,1039,928
http://irail.be/vehicle/IC722,http://irail.be/stations/NMBS/008894433,IC,2017-02-27T23:03:00,2017-02-27T23:03:00,1039,1039
http://irail.be/vehicle/IC722,http://irail.be/stations/NMBS/008894425,IC,2017-02-27T23:04:00,2017-02-27T23:04:00,1031,1031
http://irail.be/vehicle/IC722,NO-URI,IC,2017-02-27T23:06:00,2017-02-27T23:06:00,1027,1027
http://irail.be/vehicle/IC722,http://irail.be/stations/NMBS/008894201,IC,2017-02-27T23:09:00,2017-02-27T23:08:00,1017,1018
http://irail.be/vehicle/IC722,http://irail.be/stations/NMBS/008894151,IC,2017-02-27T23:15:00,2017-02-27T23:15:00,1097,1017
http://irail.be/vehicle/IC722,http://irail.be/stations/NMBS/008893120,IC,2017-02-27T23:24:00,2017-02-27T23:23:00,1196,1134
http://irail.be/vehicle/IC722,http://irail.be/stations/NMBS/008893179,IC,2017-02-27T23:26:00,2017-02-27T23:26:00,1196,1196
http://irail.be/vehicle/IC722,NO-URI,IC,2017-02-27T23:27:00,2017-02-27T23:27:00,1155,1155
http://irail.be/vehicle/IC722,http://irail.be/stations/NMBS/008892007,IC,2017-02-27T23:36:00,2017-02-27T23:33:00,1209,1271
http://irail.be/vehicle/IC722,http://irail.be/stations/NMBS/008892080,IC,2017-02-27T23:43:00,2017-02-27T23:42:00,1199,1221
http://irail.be/vehicle/IC722,NO-URI,IC,2017-02-27T23:48:00,2017-02-27T23:48:00,1175,1175
http://irail.be/vehicle/IC722,http://irail.be/stations/NMBS/008892106,IC,2017-02-27T23:50:00,2017-02-27T23:49:00,1260,1184
http://irail.be/vehicle/IC722,http://irail.be/stations/NMBS/008896149,IC,2017-02-27T23:58:00,2017-02-27T23:57:00,1398,1368
http://irail.be/vehicle/IC722,http://irail.be/stations/NMBS/008896115,IC,2017-02-28T00:04:00,2017-02-28T00:04:00,1402,1398
http://irail.be/vehicle/IC722,http://irail.be/stations/NMBS/008896008,IC,2017-02-28T00:10:00,2017-02-28T00:10:00,,1343
http://irail.be/vehicle/IC722,http://irail.be/stations/NMBS/008821006,IC,2017-04-20T22:37:00,2017-04-20T22:37:00,49,
http://irail.be/vehicle/IC722,http://irail.be/stations/NMBS/008821121,IC,2017-04-20T22:43:00,2017-04-20T22:41:00,30,30
http://irail.be/vehicle/IC722,http://irail.be/stations/NMBS/008821196,IC,2017-04-20T22:46:00,2017-04-20T22:46:00,37,37
http://irail.be/vehicle/IC722,NO-URI,IC,2017-04-20T22:50:00,2017-04-20T22:50:00,37,37
http://irail.be/vehicle/IC722,http://irail.be/stations/NMBS/008894821,IC,2017-04-20T22:50:00,2017-04-20T22:50:00,62,62
http://irail.be/vehicle/IC722,http://irail.be/stations/NMBS/008894755,IC,2017-04-20T22:52:00,2017-04-20T22:52:00,41,41
http://irail.be/vehicle/IC722,http://irail.be/stations/NMBS/008894748,IC,2017-04-20T22:53:00,2017-04-20T22:53:00,43,43
http://irail.be/vehicle/IC722,http://irail.be/stations/NMBS/008894714,IC,2017-04-20T22:55:00,2017-04-20T22:55:00,46,46
http://irail.be/vehicle/IC722,NO-URI,IC,2017-04-20T22:57:00,2017-04-20T22:57:00,5,5
http://irail.be/vehicle/IC722,http://irail.be/stations/NMBS/008894508,IC,2017-04-20T23:00:00,2017-04-20T22:59:00,106,-60
http://irail.be/vehicle/IC722,http://irail.be/stations/NMBS/008894433,IC,2017-04-20T23:03:00,2017-04-20T23:03:00,106,106
http://irail.be/vehicle/IC722,http://irail.be/stations/NMBS/008894425,IC,2017-04-20T23:03:00,2017-04-20T23:03:00,114,114
http://irail.be/vehicle/IC722,NO-URI,IC,2017-04-20T23:06:00,2017-04-20T23:06:00,72,72
http://irail.be/vehicle/IC722,http://irail.be/stations/NMBS/008894201,IC,2017-04-20T23:09:00,2017-04-20T23:08:00,122,52
http://irail.be/vehicle/IC722,http://irail.be/stations/NMBS/008894151,IC,2017-04-20T23:15:00,2017-04-20T23:15:00,163,122
http://irail.be/vehicle/IC722,http://irail.be/stations/NMBS/008893120,IC,2017-04-20T23:24:00,2017-04-20T23:23:00,213,113
http://irail.be/vehicle/IC722,http://irail.be/stations/NMBS/008893179,IC,2017-04-20T23:26:00,2017-04-20T23:26:00,213,213
http://irail.be/vehicle/IC722,NO-URI,IC,2017-04-20T23:27:00,2017-04-20T23:27:00,170,170
http://irail.be/vehicle/IC722,http://irail.be/stations/NMBS/008892007,IC,2017-04-20T23:36:00,2017-04-20T23:33:00,144,180
http://irail.be/vehicle/IC722,http://irail.be/stations/NMBS/008892080,IC,2017-04-20T23:43:00,2017-04-20T23:42:00,142,115
http://irail.be/vehicle/IC722,NO-URI,IC,2017-04-20T23:48:00,2017-04-20T23:48:00,83,83
http://irail.be/vehicle/IC722,http://irail.be/stations/NMBS/008892106,IC,2017-04-20T23:50:00,2017-04-20T23:49:00,140,92
http://irail.be/vehicle/IC722,http://irail.be/stations/NMBS/008896149,IC,2017-04-20T23:58:00,2017-04-20T23:57:00,135,78
http://irail.be/vehicle/IC722,http://irail.be/stations/NMBS/008896115,IC,2017-04-21T00:04:00,2017-04-21T00:04:00,139,135
http://irail.be/vehicle/IC722,http://irail.be/stations/NMBS/008896008,IC,2017-04-21T00:10:00,2017-04-21T00:10:00,,112
http://irail.be/vehicle/IC722,http://irail.be/stations/NMBS/008821006,IC,2017-08-27T22:37:00,2017-08-27T22:37:00,8,
http://irail.be/vehicle/IC722,http://irail.be/stations/NMBS/008821121,IC,2017-08-27T22:43:00,2017-08-27T22:41:00,16,16
http://irail.be/vehicle/IC722,http://irail.be/stations/NMBS/008821196,IC,2017-08-27T22:46:00,2017-08-27T22:46:00,-41,-41
http://irail.be/vehicle/IC722,NO-URI,IC,2017-08-27T22:50:00,2017-08-27T22:50:00,-41,-41
http://irail.be/vehicle/IC722,http://irail.be/stations/NMBS/008894821,IC,2017-08-27T22:50:00,2017-08-27T22:50:00,-17,-17
http://irail.be/vehicle/IC722,http://irail.be/stations/NMBS/008894755,IC,2017-08-27T22:52:00,2017-08-27T22:52:00,-39,-39
http://irail.be/vehicle/IC722,http://irail.be/stations/NMBS/008894748,IC,2017-08-27T22:53:00,2017-08-27T22:53:00,-69,-69
http://irail.be/vehicle/IC722,http://irail.be/stations/NMBS/008894714,IC,2017-08-27T22:56:00,2017-08-27T22:56:00,-93,-93
http://irail.be/vehicle/IC722,NO-URI,IC,2017-08-27T22:57:00,2017-08-27T22:57:00,-106,-106
http://irail.be/vehicle/IC722,http://irail.be/stations/NMBS/008894508,IC,2017-08-27T23:01:00,2017-08-27T22:59:00,85,-149
http://irail.be/vehicle/IC722,http://irail.be/stations/NMBS/008894433,IC,2017-08-27T23:04:00,2017-08-27T23:04:00,85,85
http://irail.be/vehicle/IC722,http://irail.be/stations/NMBS/008894425,IC,2017-08-27T23:05:00,2017-08-27T23:05:00,27,27
http://irail.be/vehicle/IC722,NO-URI,IC,2017-08-27T23:07:00,2017-08-27T23:07:00,24,24
http://irail.be/vehicle/IC722,http://irail.be/stations/NMBS/008894201,IC,2017-08-27T23:11:00,2017-08-27T23:09:00,12,14
http://irail.be/vehicle/IC722,http://irail.be/stations/NMBS/008894151,IC,2017-08-27T23:16:00,2017-08-27T23:16:00,12,12
http://irail.be/vehicle/IC722,http://irail.be/stations/NMBS/008893120,IC,2017-08-27T23:24:00,2017-08-27T23:23:00,28,-35
http://irail.be/vehicle/IC722,http://irail.be/stations/NMBS/008893179,IC,2017-08-27T23:26:00,2017-08-27T23:26:00,28,28
http://irail.be/vehicle/IC722,NO-URI,IC,2017-08-27T23:27:00,2017-08-27T23:27:00,-54,-54
http://irail.be/vehicle/IC722,http://irail.be/stations/NMBS/008892007,IC,2017-08-27T23:36:00,2017-08-27T23:33:00,21,-84
http://irail.be/vehicle/IC722,http://irail.be/stations/NMBS/008892080,IC,2017-08-27T23:43:00,2017-08-27T23:42:00,7,16
http://irail.be/vehicle/IC722,NO-URI,IC,2017-08-27T23:47:00,2017-08-27T23:47:00,-16,-16
http://irail.be/vehicle/IC722,http://irail.be/stations/NMBS/008892106,IC,2017-08-27T23:50:00,2017-08-27T23:49:00,28,-20
http://irail.be/vehicle/IC722,http://irail.be/stations/NMBS/008896149,IC,2017-08-27T23:58:00,2017-08-27T23:57:00,0,-36
http://irail.be/vehicle/IC722,http://irail.be/stations/NMBS/008896115,IC,2017-08-28T00:04:00,2017-08-28T00:04:00,-41,-41
http://irail.be/vehicle/IC722,http://irail.be/stations/NMBS/008896008,IC,2017-08-28T00:10:00,2017-08-28T00:10:00,,-113
http://irail.be/vehicle/IC722,http://irail.be/stations/NMBS/008821006,IC,2017-07-14T22:37:00,2017-07-14T22:37:00,38,
http://irail.be/vehicle/IC722,http://irail.be/stations/NMBS/008821121,IC,2017-07-14T22:43:00,2017-07-14T22:41:00,17,17
http://irail.be/vehicle/IC722,http://irail.be/stations/NMBS/008821196,IC,2017-07-14T22:46:00,2017-07-14T22:46:00,-14,-14
http://irail.be/vehicle/IC722,NO-URI,IC,2017-07-14T22:50:00,2017-07-14T22:50:00,-14,-14
http://irail.be/vehicle/IC722,http://irail.be/stations/NMBS/008894821,IC,2017-07-14T22:50:00,2017-07-14T22:50:00,13,13
http://irail.be/vehicle/IC722,http://irail.be/stations/NMBS/008894755,IC,2017-07-14T22:52:00,2017-07-14T22:52:00,-5,-5
http://irail.be/vehicle/IC722,http://irail.be/stations/NMBS/008894748,IC,2017-07-14T22:53:00,2017-07-14T22:53:00,-4,-4
http://irail.be/vehicle/IC722,http://irail.be/stations/NMBS/008894714,IC,2017-07-14T22:55:00,2017-07-14T22:55:00,4,4
http://irail.be/vehicle/IC722,NO-URI,IC,2017-07-14T22:57:00,2017-07-14T22:57:00,-35,-35
http://irail.be/vehicle/IC722,http://irail.be/stations/NMBS/008894508,IC,2017-07-14T23:00:00,2017-07-14T22:59:00,129,-91
http://irail.be/vehicle/IC722,http://irail.be/stations/NMBS/008894433,IC,2017-07-14T23:03:00,2017-07-14T23:03:00,129,129
http://irail.be/vehicle/IC722,http://irail.be/stations/NMBS/008894425,IC,2017-07-14T23:03:00,2017-07-14T23:03:00,156,156
http://irail.be/vehicle/IC722,NO-URI,IC,2017-07-14T23:06:00,2017-07-14T23:06:00,112,112
http://irail.be/vehicle/IC722,http://irail.be/stations/NMBS/008894201,IC,2017-07-14T23:09:00,2017-07-14T23:08:00,111,99
http://irail.be/vehicle/IC722,http://irail.be/stations/NMBS/008894151,IC,2017-07-14T23:15:00,2017-07-14T23:15:00,155,111
http://irail.be/vehicle/IC722,http://irail.be/stations/NMBS/008893120,IC,2017-07-14T23:24:00,2017-07-14T23:23:00,210,118
http://irail.be/vehicle/IC722,http://irail.be/stations/NMBS/008893179,IC,2017-07-14T23:26:00,2017-07-14T23:26:00,210,210
http://irail.be/vehicle/IC722,NO-URI,IC,2017-07-14T23:27:00,2017-07-14T23:27:00,221,221
http://irail.be/vehicle/IC722,http://irail.be/stations/NMBS/008892007,IC,2017-07-14T23:36:00,2017-07-14T23:33:00,116,215
http://irail.be/vehicle/IC722,http://irail.be/stations/NMBS/008892080,IC,2017-07-14T23:43:00,2017-07-14T23:42:00,184,189
http://irail.be/vehicle/IC722,NO-URI,IC,2017-07-14T23:48:00,2017-07-14T23:48:00,130,130
http://irail.be/vehicle/IC722,http://irail.be/stations/NMBS/008892106,IC,2017-07-14T23:50:00,2017-07-14T23:49:00,170,132
http://irail.be/vehicle/IC722,http://irail.be/stations/NMBS/008896149,IC,2017-07-14T23:58:00,2017-07-14T23:57:00,117,110
http://irail.be/vehicle/IC722,http://irail.be/stations/NMBS/008896115,IC,2017-07-15T00:04:00,2017-07-15T00:04:00,76,75
http://irail.be/vehicle/IC722,http://irail.be/stations/NMBS/008896008,IC,2017-07-15T00:10:00,2017-07-15T00:10:00,,44
http://irail.be/vehicle/IC722,http://irail.be/stations/NMBS/008821006,IC,2017-03-01T22:37:00,2017-03-01T22:37:00,-3,
http://irail.be/vehicle/IC722,http://irail.be/stations/NMBS/008821121,IC,2017-03-01T22:43:00,2017-03-01T22:41:00,26,26
http://irail.be/vehicle/IC722,http://irail.be/stations/NMBS/008821196,IC,2017-03-01T22:46:00,2017-03-01T22:46:00,56,56
http://irail.be/vehicle/IC722,NO-URI,IC,2017-03-01T22:50:00,2017-03-01T22:50:00,57,57
http://irail.be/vehicle/IC722,http://irail.be/stations/NMBS/008894821,IC,2017-03-01T22:50:00,2017-03-01T22:50:00,94,94
http://irail.be/vehicle/IC722,http://irail.be/stations/NMBS/008894755,IC,2017-03-01T22:52:00,2017-03-01T22:52:00,97,97
http://irail.be/vehicle/IC722,http://irail.be/stations/NMBS/008894748,IC,2017-03-01T22:53:00,2017-03-01T22:53:00,66,66
http://irail.be/vehicle/IC722,http://irail.be/stations/NMBS/008894714,IC,2017-03-01T22:56:00,2017-03-01T22:56:00,44,44
http://irail.be/vehicle/IC722,NO-URI,IC,2017-03-01T22:57:00,2017-03-01T22:57:00,35,35
http://irail.be/vehicle/IC722,http://irail.be/stations/NMBS/008894508,IC,2017-03-01T23:00:00,2017-03-01T22:59:00,104,10
http://irail.be/vehicle/IC722,http://irail.be/stations/NMBS/008894433,IC,2017-03-01T23:03:00,2017-03-01T23:03:00,104,104
http://irail.be/vehicle/IC722,http://irail.be/stations/NMBS/008894425,IC,2017-03-01T23:04:00,2017-03-01T23:04:00,101,101
http://irail.be/vehicle/IC722,NO-URI,IC,2017-03-01T23:06:00,2017-03-01T23:06:00,98,98
http://irail.be/vehicle/IC722,http://irail.be/stations/NMBS/008894201,IC,2017-03-01T23:09:00,2017-03-01T23:08:00,105,88
http://irail.be/vehicle/IC722,http://irail.be/stations/NMBS/008894151,IC,2017-03-01T23:15:00,2017-03-01T23:15:00,142,105
http://irail.be/vehicle/IC722,http://irail.be/stations/NMBS/008893120,IC,2017-03-01T23:24:00,2017-03-01T23:23:00,293,231
http://irail.be/vehicle/IC722,http://irail.be/stations/NMBS/008893179,IC,2017-03-01T23:26:00,2017-03-01T23:26:00,293,293
http://irail.be/vehicle/IC722,NO-URI,IC,2017-03-01T23:27:00,2017-03-01T23:27:00,242,242
http://irail.be/vehicle/IC722,http://irail.be/stations/NMBS/008892007,IC,2017-03-01T23:36:00,2017-03-01T23:33:00,141,212
http://irail.be/vehicle/IC722,http://irail.be/stations/NMBS/008892080,IC,2017-03-01T23:43:00,2017-03-01T23:42:00,98,123
http://irail.be/vehicle/IC722,NO-URI,IC,2017-03-01T23:48:00,2017-03-01T23:48:00,45,45
http://irail.be/vehicle/IC722,http://irail.be/stations/NMBS/008892106,IC,2017-03-01T23:50:00,2017-03-01T23:49:00,92,49
http://irail.be/vehicle/IC722,http://irail.be/stations/NMBS/008896149,IC,2017-03-01T23:58:00,2017-03-01T23:57:00,39,46
http://irail.be/vehicle/IC722,http://irail.be/stations/NMBS/008896115,IC,2017-03-02T00:04:00,2017-03-02T00:04:00,39,39
http://irail.be/vehicle/IC722,http://irail.be/stations/NMBS/008896008,IC,2017-03-02T00:10:00,2017-03-02T00:10:00,,-72
http://irail.be/vehicle/IC722,http://irail.be/stations/NMBS/008821006,IC,2017-03-09T22:37:00,2017-03-09T22:37:00,25,
http://irail.be/vehicle/IC722,http://irail.be/stations/NMBS/008821121,IC,2017-03-09T22:43:00,2017-03-09T22:41:00,48,48
http://irail.be/vehicle/IC722,http://irail.be/stations/NMBS/008821196,IC,2017-03-09T22:46:00,2017-03-09T22:46:00,4,4
http://irail.be/vehicle/IC722,NO-URI,IC,2017-03-09T22:50:00,2017-03-09T22:50:00,3,3
http://irail.be/vehicle/IC722,http://irail.be/stations/NMBS/008894821,IC,2017-03-09T22:50:00,2017-03-09T22:50:00,28,28
http://irail.be/vehicle/IC722,http://irail.be/stations/NMBS/008894755,IC,2017-03-09T22:52:00,2017-03-09T22:52:00,9,9
http://irail.be/vehicle/IC722,http://irail.be/stations/NMBS/008894748,IC,2017-03-09T22:53:00,2017-03-09T22:53:00,-22,-22
http://irail.be/vehicle/IC722,http://irail.be/stations/NMBS/008894714,IC,2017-03-09T22:56:00,2017-03-09T22:56:00,-45,-45
http://irail.be/vehicle/IC722,NO-URI,IC,2017-03-09T22:57:00,2017-03-09T22:57:00,-58,-58
http://irail.be/vehicle/IC722,http://irail.be/stations/NMBS/008894508,IC,2017-03-09T23:00:00,2017-03-09T22:59:00,95,-101
http://irail.be/vehicle/IC722,http://irail.be/stations/NMBS/008894433,IC,2017-03-09T23:03:00,2017-03-09T23:03:00,95,95
http://irail.be/vehicle/IC722,http://irail.be/stations/NMBS/008894425,IC,2017-03-09T23:04:00,2017-03-09T23:04:00,72,72
http://irail.be/vehicle/IC722,NO-URI,IC,2017-03-09T23:06:00,2017-03-09T23:06:00,105,105
http://irail.be/vehicle/IC722,http://irail.be/stations/NMBS/008894201,IC,2017-03-09T23:09:00,2017-03-09T23:08:00,74,91
http://irail.be/vehicle/IC722,http://irail.be/stations/NMBS/008894151,IC,2017-03-09T23:15:00,2017-03-09T23:15:00,74,74
http://irail.be/vehicle/IC722,http://irail.be/stations/NMBS/008893120,IC,2017-03-09T23:24:00,2017-03-09T23:23:00,100,11
http://irail.be/vehicle/IC722,http://irail.be/stations/NMBS/008893179,IC,2017-03-09T23:26:00,2017-03-09T23:26:00,100,100
http://irail.be/vehicle/IC722,NO-URI,IC,2017-03-09T23:27:00,2017-03-09T23:27:00,20,20
http://irail.be/vehicle/IC722,http://irail.be/stations/NMBS/008892007,IC,2017-03-09T23:36:00,2017-03-09T23:33:00,85,-14
http://irail.be/vehicle/IC722,http://irail.be/stations/NMBS/008892080,IC,2017-03-09T23:43:00,2017-03-09T23:42:00,8,55
http://irail.be/vehicle/IC722,NO-URI,IC,2017-03-09T23:48:00,2017-03-09T23:48:00,-52,-52
http://irail.be/vehicle/IC722,http://irail.be/stations/NMBS/008892106,IC,2017-03-09T23:50:00,2017-03-09T23:49:00,37,-50
http://irail.be/vehicle/IC722,http://irail.be/stations/NMBS/008896149,IC,2017-03-09T23:58:00,2017-03-09T23:57:00,-14,-27
http://irail.be/vehicle/IC722,http://irail.be/stations/NMBS/008896115,IC,2017-03-10T00:04:00,2017-03-10T00:04:00,-14,-14
http://irail.be/vehicle/IC722,http://irail.be/stations/NMBS/008896008,IC,2017-03-10T00:10:00,2017-03-10T00:10:00,,-20
http://irail.be/vehicle/IC722,http://irail.be/stations/NMBS/008821006,IC,2017-10-28T22:37:00,2017-10-28T22:37:00,19,
http://irail.be/vehicle/IC722,http://irail.be/stations/NMBS/008821121,IC,2017-10-28T22:43:00,2017-10-28T22:41:00,63,63
http://irail.be/vehicle/IC722,http://irail.be/stations/NMBS/008821196,IC,2017-10-28T22:46:00,2017-10-28T22:46:00,97,97
http://irail.be/vehicle/IC722,NO-URI,IC,2017-10-28T22:50:00,2017-10-28T22:50:00,97,97
http://irail.be/vehicle/IC722,http://irail.be/stations/NMBS/008894821,IC,2017-10-28T22:50:00,2017-10-28T22:50:00,125,125
http://irail.be/vehicle/IC722,http://irail.be/stations/NMBS/008894755,IC,2017-10-28T22:52:00,2017-10-28T22:52:00,113,113
http://irail.be/vehicle/IC722,http://irail.be/stations/NMBS/008894748,IC,2017-10-28T22:53:00,2017-10-28T22:53:00,88,88
http://irail.be/vehicle/IC722,http://irail.be/stations/NMBS/008894714,IC,2017-10-28T22:56:00,2017-10-28T22:56:00,80,80
http://irail.be/vehicle/IC722,NO-URI,IC,2017-10-28T22:57:00,2017-10-28T22:57:00,73,73
http://irail.be/vehicle/IC722,http://irail.be/stations/NMBS/008894508,IC,2017-10-28T23:01:00,2017-10-28T22:59:00,54,31
http://irail.be/vehicle/IC722,http://irail.be/stations/NMBS/008894433,IC,2017-10-28T23:04:00,2017-10-28T23:04:00,54,54
http://irail.be/vehicle/IC722,http://irail.be/stations/NMBS/008894425,IC,2017-10-28T23:05:00,2017-10-28T23:05:00,13,13
http://irail.be/vehicle/IC722,NO-URI,IC,2017-10-28T23:07:00,2017-10-28T23:07:00,14,14
http://irail.be/vehicle/IC722,http://irail.be/stations/NMBS/008894201,IC,2017-10-28T23:11:00,2017-10-28T23:09:00,7,4
http://irail.be/vehicle/IC722,http://irail.be/stations/NMBS/008894151,IC,2017-10-28T23:16:00,2017-10-28T23:16:00,7,7
http://irail.be/vehicle/IC722,http://irail.be/stations/NMBS/008893120,IC,2017-10-28T23:24:00,2017-10-28T23:23:00,45,-32
http://irail.be/vehicle/IC722,http://irail.be/stations/NMBS/008893179,IC,2017-10-28T23:26:00,2017-10-28T23:26:00,45,45
http://irail.be/vehicle/IC722,NO-URI,IC,2017-10-28T23:27:00,2017-10-28T23:27:00,-9,-9
http://irail.be/vehicle/IC722,http://irail.be/stations/NMBS/008892007,IC,2017-10-28T23:36:00,2017-10-28T23:33:00,28,-48
http://irail.be/vehicle/IC722,http://irail.be/stations/NMBS/008892080,IC,2017-10-28T23:43:00,2017-10-28T23:42:00,83,34
http://irail.be/vehicle/IC722,NO-URI,IC,2017-10-28T23:47:00,2017-10-28T23:47:00,85,85
http://irail.be/vehicle/IC722,http://irail.be/stations/NMBS/008892106,IC,2017-10-28T23:50:00,2017-10-28T23:49:00,162,83
http://irail.be/vehicle/IC722,http://irail.be/stations/NMBS/008896149,IC,2017-10-28T23:58:00,2017-10-28T23:57:00,141,140
http://irail.be/vehicle/IC722,http://irail.be/stations/NMBS/008896115,IC,2017-10-29T00:04:00,2017-10-29T00:04:00,88,88
http://irail.be/vehicle/IC722,http://irail.be/stations/NMBS/008896008,IC,2017-10-29T00:10:00,2017-10-29T00:10:00,,17
http://irail.be/vehicle/IC722,http://irail.be/stations/NMBS/008821006,IC,2017-09-13T22:37:00,2017-09-13T22:37:00,-4,
http://irail.be/vehicle/IC722,http://irail.be/stations/NMBS/008821121,IC,2017-09-13T22:43:00,2017-09-13T22:41:00,22,22
http://irail.be/vehicle/IC722,http://irail.be/stations/NMBS/008821196,IC,2017-09-13T22:46:00,2017-09-13T22:46:00,-20,-20
http://irail.be/vehicle/IC722,NO-URI,IC,2017-09-13T22:50:00,2017-09-13T22:50:00,-20,-20
http://irail.be/vehicle/IC722,http://irail.be/stations/NMBS/008894821,IC,2017-09-13T22:50:00,2017-09-13T22:50:00,5,5
http://irail.be/vehicle/IC722,http://irail.be/stations/NMBS/008894755,IC,2017-09-13T22:52:00,2017-09-13T22:52:00,-8,-8
http://irail.be/vehicle/IC722,http://irail.be/stations/NMBS/008894748,IC,2017-09-13T22:53:00,2017-09-13T22:53:00,-38,-38
http://irail.be/vehicle/IC722,http://irail.be/stations/NMBS/008894714,IC,2017-09-13T22:56:00,2017-09-13T22:56:00,-61,-61
http://irail.be/vehicle/IC722,NO-URI,IC,2017-09-13T22:57:00,2017-09-13T22:57:00,-73,-73
http://irail.be/vehicle/IC722,http://irail.be/stations/NMBS/008894508,IC,2017-09-13T23:00:00,2017-09-13T22:59:00,57,-108
http://irail.be/vehicle/IC722,http://irail.be/stations/NMBS/008894433,IC,2017-09-13T23:03:00,2017-09-13T23:03:00,57,57
http://irail.be/vehicle/IC722,http://irail.be/stations/NMBS/008894425,IC,2017-09-13T23:04:00,2017-09-13T23:04:00,22,22
http://irail.be/vehicle/IC722,NO-URI,IC,2017-09-13T23:06:00,2017-09-13T23:06:00,17,17
http://irail.be/vehicle/IC722,http://irail.be/stations/NMBS/008894201,IC,2017-09-13T23:09:00,2017-09-13T23:08:00,1,7
http://irail.be/vehicle/IC722,http://irail.be/stations/NMBS/008894151,IC,2017-09-13T23:15:00,2017-09-13T23:15:00,2,1
http://irail.be/vehicle/IC722,http://irail.be/stations/NMBS/008893120,IC,2017-09-13T23:24:00,2017-09-13T23:23:00,34,-35
http://irail.be/vehicle/IC722,http://irail.be/stations/NMBS/008893179,IC,2017-09-13T23:26:00,2017-09-13T23:26:00,34,34
http://irail.be/vehicle/IC722,NO-URI,IC,2017-09-13T23:27:00,2017-09-13T23:27:00,-28,-28
http://irail.be/vehicle/IC722,http://irail.be/stations/NMBS/008892007,IC,2017-09-13T23:36:00,2017-09-13T23:33:00,12,-53
http://irail.be/vehicle/IC722,http://irail.be/stations/NMBS/008892080,IC,2017-09-13T23:43:00,2017-09-13T23:42:00,-21,4
http://irail.be/vehicle/IC722,NO-URI,IC,2017-09-13T23:48:00,2017-09-13T23:48:00,-64,-64
http://irail.be/vehicle/IC722,http://irail.be/stations/NMBS/008892106,IC,2017-09-13T23:50:00,2017-09-13T23:49:00,42,-60
http://irail.be/vehicle/IC722,http://irail.be/stations/NMBS/008896149,IC,2017-09-13T23:58:00,2017-09-13T23:57:00,9,-5
http://irail.be/vehicle/IC722,http://irail.be/stations/NMBS/008896115,IC,2017-09-14T00:04:00,2017-09-14T00:04:00,-32,-32
http://irail.be/vehicle/IC722,http://irail.be/stations/NMBS/008896008,IC,2017-09-14T00:10:00,2017-09-14T00:10:00,,-104
http://irail.be/vehicle/IC722,http://irail.be/stations/NMBS/008821006,IC,2017-08-17T22:37:00,2017-08-17T22:37:00,15,
http://irail.be/vehicle/IC722,http://irail.be/stations/NMBS/008821121,IC,2017-08-17T22:43:00,2017-08-17T22:41:00,32,32
http://irail.be/vehicle/IC722,http://irail.be/stations/NMBS/008821196,IC,2017-08-17T22:46:00,2017-08-17T22:46:00,21,21
http://irail.be/vehicle/IC722,NO-URI,IC,2017-08-17T22:50:00,2017-08-17T22:50:00,21,21
http://irail.be/vehicle/IC722,http://irail.be/stations/NMBS/008894821,IC,2017-08-17T22:50:00,2017-08-17T22:50:00,47,47
http://irail.be/vehicle/IC722,http://irail.be/stations/NMBS/008894755,IC,2017-08-17T22:52:00,2017-08-17T22:52:00,27,27
http://irail.be/vehicle/IC722,http://irail.be/stations/NMBS/008894748,IC,2017-08-17T22:53:00,2017-08-17T22:53:00,-3,-3
http://irail.be/vehicle/IC722,http://irail.be/stations/NMBS/008894714,IC,2017-08-17T22:56:00,2017-08-17T22:56:00,-23,-23
http://irail.be/vehicle/IC722,NO-URI,IC,2017-08-17T22:57:00,2017-08-17T22:57:00,-7,-7
http://irail.be/vehicle/IC722,http://irail.be/stations/NMBS/008894508,IC,2017-08-17T23:00:00,2017-08-17T22:59:00,137,-11
http://irail.be/vehicle/IC722,http://irail.be/stations/NMBS/008894433,IC,2017-08-17T23:03:00,2017-08-17T23:03:00,137,137
http://irail.be/vehicle/IC722,http://irail.be/stations/NMBS/008894425,IC,2017-08-17T23:04:00,2017-08-17T23:04:00,235,235
http://irail.be/vehicle/IC722,NO-URI,IC,2017-08-17T23:06:00,2017-08-17T23:06:00,230,230
http://irail.be/vehicle/IC722,http://irail.be/stations/NMBS/008894201,IC,2017-08-17T23:09:00,2017-08-17T23:08:00,293,306
http://irail.be/vehicle/IC722,http://irail.be/stations/NMBS/008894151,IC,2017-08-17T23:15:00,2017-08-17T23:15:00,293,293
http://irail.be/vehicle/IC722,http://irail.be/stations/NMBS/008893120,IC,2017-08-17T23:24:00,2017-08-17T23:23:00,353,238
http://irail.be/vehicle/IC722,http://irail.be/stations/NMBS/008893179,IC,2017-08-17T23:26:00,2017-08-17T23:26:00,353,353
http://irail.be/vehicle/IC722,NO-URI,IC,2017-08-17T23:27:00,2017-08-17T23:27:00,314,314
http://irail.be/vehicle/IC722,http://irail.be/stations/NMBS/008892007,IC,2017-08-17T23:36:00,2017-08-17T23:33:00,395,291
http://irail.be/vehicle/IC722,http://irail.be/stations/NMBS/008892080,IC,2017-08-17T23:43:00,2017-08-17T23:42:00,333,381
http://irail.be/vehicle/IC722,NO-URI,IC,2017-08-17T23:48:00,2017-08-17T23:48:00,279,279
http://irail.be/vehicle/IC722,http://irail.be/stations/NMBS/008892106,IC,2017-08-17T23:50:00,2017-08-17T23:49:00,331,289
http://irail.be/vehicle/IC722,http://irail.be/stations/NMBS/008896149,IC,2017-08-17T23:58:00,2017-08-17T23:57:00,264,274
http://irail.be/vehicle/IC722,http://irail.be/stations/NMBS/008896115,IC,2017-08-18T00:04:00,2017-08-18T00:04:00,220,220
http://irail.be/vehicle/IC722,http://irail.be/stations/NMBS/008896008,IC,2017-08-18T00:10:00,2017-08-18T00:10:00,,156
http://irail.be/vehicle/IC722,http://irail.be/stations/NMBS/008821006,IC,2017-09-14T22:37:00,2017-09-14T22:37:00,5,
http://irail.be/vehicle/IC722,http://irail.be/stations/NMBS/008821121,IC,2017-09-14T22:43:00,2017-09-14T22:41:00,32,32
http://irail.be/vehicle/IC722,http://irail.be/stations/NMBS/008821196,IC,2017-09-14T22:46:00,2017-09-14T22:46:00,-7,-7
http://irail.be/vehicle/IC722,NO-URI,IC,2017-09-14T22:50:00,2017-09-14T22:50:00,-7,-7
http://irail.be/vehicle/IC722,http://irail.be/stations/NMBS/008894821,IC,2017-09-14T22:50:00,2017-09-14T22:50:00,18,18
http://irail.be/vehicle/IC722,http://irail.be/stations/NMBS/008894755,IC,2017-09-14T22:52:00,2017-09-14T22:52:00,10,10
http://irail.be/vehicle/IC722,http://irail.be/stations/NMBS/008894748,IC,2017-09-14T22:53:00,2017-09-14T22:53:00,-20,-20
http://irail.be/vehicle/IC722,http://irail.be/stations/NMBS/008894714,IC,2017-09-14T22:56:00,2017-09-14T22:56:00,-31,-31
http://irail.be/vehicle/IC722,NO-URI,IC,2017-09-14T22:57:00,2017-09-14T22:57:00,-35,-35
http://irail.be/vehicle/IC722,http://irail.be/stations/NMBS/008894508,IC,2017-09-14T23:00:00,2017-09-14T22:59:00,73,-61
http://irail.be/vehicle/IC722,http://irail.be/stations/NMBS/008894433,IC,2017-09-14T23:03:00,2017-09-14T23:03:00,73,73
http://irail.be/vehicle/IC722,http://irail.be/stations/NMBS/008894425,IC,2017-09-14T23:04:00,2017-09-14T23:04:00,63,63
http://irail.be/vehicle/IC722,NO-URI,IC,2017-09-14T23:06:00,2017-09-14T23:06:00,58,58
http://irail.be/vehicle/IC722,http://irail.be/stations/NMBS/008894201,IC,2017-09-14T23:09:00,2017-09-14T23:08:00,123,51
http://irail.be/vehicle/IC722,http://irail.be/stations/NMBS/008894151,IC,2017-09-14T23:15:00,2017-09-14T23:15:00,123,123
http://irail.be/vehicle/IC722,http://irail.be/stations/NMBS/008893120,IC,2017-09-14T23:24:00,2017-09-14T23:23:00,138,60
http://irail.be/vehicle/IC722,http://irail.be/stations/NMBS/008893179,IC,2017-09-14T23:26:00,2017-09-14T23:26:00,138,138
http://irail.be/vehicle/IC722,NO-URI,IC,2017-09-14T23:27:00,2017-09-14T23:27:00,65,65
http://irail.be/vehicle/IC722,http://irail.be/stations/NMBS/008892007,IC,2017-09-14T23:36:00,2017-09-14T23:33:00,23,29
http://irail.be/vehicle/IC722,http://irail.be/stations/NMBS/008892080,IC,2017-09-14T23:43:00,2017-09-14T23:42:00,-17,19
http://irail.be/vehicle/IC722,NO-URI,IC,2017-09-14T23:48:00,2017-09-14T23:48:00,-55,-55
http://irail.be/vehicle/IC722,http://irail.be/stations/NMBS/008892106,IC,2017-09-14T23:50:00,2017-09-14T23:49:00,54,-48
http://irail.be/vehicle/IC722,http://irail.be/stations/NMBS/008896149,IC,2017-09-14T23:58:00,2017-09-14T23:57:00,25,36
http://irail.be/vehicle/IC722,http://irail.be/stations/NMBS/008896115,IC,2017-09-15T00:04:00,2017-09-15T00:04:00,-24,-24
http://irail.be/vehicle/IC722,http://irail.be/stations/NMBS/008896008,IC,2017-09-15T00:10:00,2017-09-15T00:10:00,,-128
http://irail.be/vehicle/IC722,http://irail.be/stations/NMBS/008821006,IC,2017-12-18T22:37:00,2017-12-18T22:37:00,51,
http://irail.be/vehicle/IC722,http://irail.be/stations/NMBS/008821121,IC,2017-12-18T22:43:00,2017-12-18T22:41:00,18,18
http://irail.be/vehicle/IC722,http://irail.be/stations/NMBS/008821196,IC,2017-12-18T22:47:00,2017-12-18T22:47:00,-37,-37
http://irail.be/vehicle/IC722,NO-URI,IC,2017-12-18T22:50:00,2017-12-18T22:50:00,-37,-37
http://irail.be/vehicle/IC722,http://irail.be/stations/NMBS/008894821,IC,2017-12-18T22:50:00,2017-12-18T22:50:00,-2,-2
http://irail.be/vehicle/IC722,http://irail.be/stations/NMBS/008894755,IC,2017-12-18T22:52:00,2017-12-18T22:52:00,-7,-7
http://irail.be/vehicle/IC722,http://irail.be/stations/NMBS/008894748,IC,2017-12-18T22:53:00,2017-12-18T22:53:00,-36,-36
http://irail.be/vehicle/IC722,http://irail.be/stations/NMBS/008894714,IC,2017-12-18T22:56:00,2017-12-18T22:56:00,-57,-57
http://irail.be/vehicle/IC722,NO-URI,IC,2017-12-18T22:57:00,2017-12-18T22:57:00,-71,-71
http://irail.be/vehicle/IC722,http://irail.be/stations/NMBS/008894508,IC,2017-12-18T23:02:00,2017-12-18T23:00:00,1364,-104
http://irail.be/vehicle/IC722,http://irail.be/stations/NMBS/008894433,IC,2017-12-18T23:05:00,2017-12-18T23:05:00,1364,1364
http://irail.be/vehicle/IC722,http://irail.be/stations/NMBS/008894425,IC,2017-12-18T23:06:00,2017-12-18T23:06:00,1393,1393
http://irail.be/vehicle/IC722,NO-URI,IC,2017-12-18T23:08:00,2017-12-18T23:08:00,1389,1389
http://irail.be/vehicle/IC722,http://irail.be/stations/NMBS/008894201,IC,2017-12-18T23:11:00,2017-12-18T23:10:00,1365,1380
http://irail.be/vehicle/IC722,http://irail.be/stations/NMBS/008894151,IC,2017-12-18T23:16:00,2017-12-18T23:16:00,1365,1365
http://irail.be/vehicle/IC722,http://irail.be/stations/NMBS/008893120,IC,2017-12-18T23:25:00,2017-12-18T23:24:00,1279,1219
http://irail.be/vehicle/IC722,http://irail.be/stations/NMBS/008893179,IC,2017-12-18T23:27:00,2017-12-18T23:27:00,1279,1279
http://irail.be/vehicle/IC722,NO-URI,IC,2017-12-18T23:28:00,2017-12-18T23:28:00,1298,1298
http://irail.be/vehicle/IC722,http://irail.be/stations/NMBS/008892007,IC,2017-12-18T23:36:00,2017-12-18T23:33:00,1200,1282
http://irail.be/vehicle/IC722,http://irail.be/stations/NMBS/008892080,IC,2017-12-18T23:44:00,2017-12-18T23:43:00,1111,1144
http://irail.be/vehicle/IC722,NO-URI,IC,2017-12-18T23:48:00,2017-12-18T23:48:00,1100,1100
http://irail.be/vehicle/IC722,http://irail.be/stations/NMBS/008892106,IC,2017-12-18T23:50:00,2017-12-18T23:49:00,1147,1111
http://irail.be/vehicle/IC722,http://irail.be/stations/NMBS/008896149,IC,2017-12-18T23:58:00,2017-12-18T23:57:00,1105,1093
http://irail.be/vehicle/IC722,http://irail.be/stations/NMBS/008896115,IC,2017-12-19T00:04:00,2017-12-19T00:04:00,1068,1068
http://irail.be/vehicle/IC722,http://irail.be/stations/NMBS/008896008,IC,2017-12-19T00:11:00,2017-12-19T00:11:00,,932
http://irail.be/vehicle/IC722,http://irail.be/stations/NMBS/008821006,IC,2017-09-01T22:37:00,2017-09-01T22:37:00,31,
http://irail.be/vehicle/IC722,http://irail.be/stations/NMBS/008821121,IC,2017-09-01T22:43:00,2017-09-01T22:41:00,24,24
http://irail.be/vehicle/IC722,http://irail.be/stations/NMBS/008821196,IC,2017-09-01T22:46:00,2017-09-01T22:46:00,5,5
http://irail.be/vehicle/IC722,NO-URI,IC,2017-09-01T22:50:00,2017-09-01T22:50:00,5,5
http://irail.be/vehicle/IC722,http://irail.be/stations/NMBS/008894821,IC,2017-09-01T22:50:00,2017-09-01T22:50:00,35,35
http://irail.be/vehicle/IC722,http://irail.be/stations/NMBS/008894755,IC,2017-09-01T22:52:00,2017-09-01T22:52:00,61,61
http://irail.be/vehicle/IC722,http://irail.be/stations/NMBS/008894748,IC,2017-09-01T22:53:00,2017-09-01T22:53:00,43,43
http://irail.be/vehicle/IC722,http://irail.be/stations/NMBS/008894714,IC,2017-09-01T22:56:00,2017-09-01T22:56:00,43,43
http://irail.be/vehicle/IC722,NO-URI,IC,2017-09-01T22:57:00,2017-09-01T22:57:00,40,40
http://irail.be/vehicle/IC722,http://irail.be/stations/NMBS/008894508,IC,2017-09-01T23:00:00,2017-09-01T22:59:00,158,22
http://irail.be/vehicle/IC722,http://irail.be/stations/NMBS/008894433,IC,2017-09-01T23:03:00,2017-09-01T23:03:00,158,158
http://irail.be/vehicle/IC722,http://irail.be/stations/NMBS/008894425,IC,2017-09-01T23:04:00,2017-09-01T23:04:00,127,127
http://irail.be/vehicle/IC722,NO-URI,IC,2017-09-01T23:06:00,2017-09-01T23:06:00,120,120
http://irail.be/vehicle/IC722,http://irail.be/stations/NMBS/008894201,IC,2017-09-01T23:09:00,2017-09-01T23:08:00,185,115
http://irail.be/vehicle/IC722,http://irail.be/stations/NMBS/008894151,IC,2017-09-01T23:15:00,2017-09-01T23:15:00,185,185
http://irail.be/vehicle/IC722,http://irail.be/stations/NMBS/008893120,IC,2017-09-01T23:24:00,2017-09-01T23:23:00,171,113
http://irail.be/vehicle/IC722,http://irail.be/stations/NMBS/008893179,IC,2017-09-01T23:26:00,2017-09-01T23:26:00,171,171
http://irail.be/vehicle/IC722,NO-URI,IC,2017-09-01T23:27:00,2017-09-01T23:27:00,94,94
http://irail.be/vehicle/IC722,http://irail.be/stations/NMBS/008892007,IC,2017-09-01T23:36:00,2017-09-01T23:33:00,17,68
http://irail.be/vehicle/IC722,http://irail.be/stations/NMBS/008892080,IC,2017-09-01T23:43:00,2017-09-01T23:42:00,36,46
http://irail.be/vehicle/IC722,NO-URI,IC,2017-09-01T23:48:00,2017-09-01T23:48:00,0,0
http://irail.be/vehicle/IC722,http://irail.be/stations/NMBS/008892106,IC,2017-09-01T23:50:00,2017-09-01T23:49:00,55,9
http://irail.be/vehicle/IC722,http://irail.be/stations/NMBS/008896149,IC,2017-09-01T23:58:00,2017-09-01T23:57:00,8,-1
http://irail.be/vehicle/IC722,http://irail.be/stations/NMBS/008896115,IC,2017-09-02T00:04:00,2017-09-02T00:04:00,-26,-26
http://irail.be/vehicle/IC722,http://irail.be/stations/NMBS/008896008,IC,2017-09-02T00:10:00,2017-09-02T00:10:00,,-104
http://irail.be/vehicle/IC722,http://irail.be/stations/NMBS/008821006,IC,2017-10-10T22:37:00,2017-10-10T22:37:00,25,
http://irail.be/vehicle/IC722,http://irail.be/stations/NMBS/008821121,IC,2017-10-10T22:43:00,2017-10-10T22:41:00,31,31
http://irail.be/vehicle/IC722,http://irail.be/stations/NMBS/008821196,IC,2017-10-10T22:46:00,2017-10-10T22:46:00,2,2
http://irail.be/vehicle/IC722,NO-URI,IC,2017-10-10T22:50:00,2017-10-10T22:50:00,2,2
http://irail.be/vehicle/IC722,http://irail.be/stations/NMBS/008894821,IC,2017-10-10T22:50:00,2017-10-10T22:50:00,28,28
http://irail.be/vehicle/IC722,http://irail.be/stations/NMBS/008894755,IC,2017-10-10T22:52:00,2017-10-10T22:52:00,6,6
http://irail.be/vehicle/IC722,http://irail.be/stations/NMBS/008894748,IC,2017-10-10T22:53:00,2017-10-10T22:53:00,-23,-23
http://irail.be/vehicle/IC722,http://irail.be/stations/NMBS/008894714,IC,2017-10-10T22:56:00,2017-10-10T22:56:00,-48,-48
http://irail.be/vehicle/IC722,NO-URI,IC,2017-10-10T22:57:00,2017-10-10T22:57:00,-60,-60
http://irail.be/vehicle/IC722,http://irail.be/stations/NMBS/008894508,IC,2017-10-10T23:00:00,2017-10-10T22:59:00,71,-94
http://irail.be/vehicle/IC722,http://irail.be/stations/NMBS/008894433,IC,2017-10-10T23:03:00,2017-10-10T23:03:00,71,71
http://irail.be/vehicle/IC722,http://irail.be/stations/NMBS/008894425,IC,2017-10-10T23:04:00,2017-10-10T23:04:00,31,31
http://irail.be/vehicle/IC722,NO-URI,IC,2017-10-10T23:06:00,2017-10-10T23:06:00,25,25
http://irail.be/vehicle/IC722,http://irail.be/stations/NMBS/008894201,IC,2017-10-10T23:09:00,2017-10-10T23:08:00,4,19
http://irail.be/vehicle/IC722,http://irail.be/stations/NMBS/008894151,IC,2017-10-10T23:15:00,2017-10-10T23:15:00,4,4
http://irail.be/vehicle/IC722,http://irail.be/stations/NMBS/008893120,IC,2017-10-10T23:24:00,2017-10-10T23:23:00,114,37
http://irail.be/vehicle/IC722,http://irail.be/stations/NMBS/008893179,IC,2017-10-10T23:26:00,2017-10-10T23:26:00,114,114
http://irail.be/vehicle/IC722,NO-URI,IC,2017-10-10T23:27:00,2017-10-10T23:27:00,64,64
http://irail.be/vehicle/IC722,http://irail.be/stations/NMBS/008892007,IC,2017-10-10T23:36:00,2017-10-10T23:33:00,29,37
http://irail.be/vehicle/IC722,http://irail.be/stations/NMBS/008892080,IC,2017-10-10T23:43:00,2017-10-10T23:42:00,-19,18
http://irail.be/vehicle/IC722,NO-URI,IC,2017-10-10T23:48:00,2017-10-10T23:48:00,-77,-77
http://irail.be/vehicle/IC722,http://irail.be/stations/NMBS/008892106,IC,2017-10-10T23:50:00,2017-10-10T23:49:00,39,-67
http://irail.be/vehicle/IC722,http://irail.be/stations/NMBS/008896149,IC,2017-10-10T23:58:00,2017-10-10T23:57:00,0,-19
http://irail.be/vehicle/IC722,http://irail.be/stations/NMBS/008896115,IC,2017-10-11T00:04:00,2017-10-11T00:04:00,-49,-49
http://irail.be/vehicle/IC722,http://irail.be/stations/NMBS/008896008,IC,2017-10-11T00:10:00,2017-10-11T00:10:00,,-116
http://irail.be/vehicle/IC722,http://irail.be/stations/NMBS/008821006,IC,2017-01-20T22:37:00,2017-01-20T22:37:00,82,
http://irail.be/vehicle/IC722,http://irail.be/stations/NMBS/008821121,IC,2017-01-20T22:43:00,2017-01-20T22:41:00,42,42
http://irail.be/vehicle/IC722,http://irail.be/stations/NMBS/008821196,IC,2017-01-20T22:46:00,2017-01-20T22:46:00,31,31
http://irail.be/vehicle/IC722,NO-URI,IC,2017-01-20T22:50:00,2017-01-20T22:50:00,31,31
http://irail.be/vehicle/IC722,http://irail.be/stations/NMBS/008894821,IC,2017-01-20T22:50:00,2017-01-20T22:50:00,55,55
http://irail.be/vehicle/IC722,http://irail.be/stations/NMBS/008894755,IC,2017-01-20T22:52:00,2017-01-20T22:52:00,39,39
http://irail.be/vehicle/IC722,http://irail.be/stations/NMBS/008894748,IC,2017-01-20T22:53:00,2017-01-20T22:53:00,10,10
http://irail.be/vehicle/IC722,http://irail.be/stations/NMBS/008894714,IC,2017-01-20T22:56:00,2017-01-20T22:56:00,-11,-11
http://irail.be/vehicle/IC722,NO-URI,IC,2017-01-20T22:57:00,2017-01-20T22:57:00,-21,-21
http://irail.be/vehicle/IC722,http://irail.be/stations/NMBS/008894508,IC,2017-01-20T23:00:00,2017-01-20T22:59:00,55,-47
http://irail.be/vehicle/IC722,http://irail.be/stations/NMBS/008894433,IC,2017-01-20T23:03:00,2017-01-20T23:03:00,55,55
http://irail.be/vehicle/IC722,http://irail.be/stations/NMBS/008894425,IC,2017-01-20T23:04:00,2017-01-20T23:04:00,28,28
http://irail.be/vehicle/IC722,NO-URI,IC,2017-01-20T23:06:00,2017-01-20T23:06:00,22,22
http://irail.be/vehicle/IC722,http://irail.be/stations/NMBS/008894201,IC,2017-01-20T23:09:00,2017-01-20T23:08:00,31,16
http://irail.be/vehicle/IC722,http://irail.be/stations/NMBS/008894151,IC,2017-01-20T23:15:00,2017-01-20T23:15:00,45,31
http://irail.be/vehicle/IC722,http://irail.be/stations/NMBS/008893120,IC,2017-01-20T23:24:00,2017-01-20T23:23:00,90,42
http://irail.be/vehicle/IC722,http://irail.be/stations/NMBS/008893179,IC,2017-01-20T23:26:00,2017-01-20T23:26:00,90,90
http://irail.be/vehicle/IC722,NO-URI,IC,2017-01-20T23:27:00,2017-01-20T23:27:00,41,41
http://irail.be/vehicle/IC722,http://irail.be/stations/NMBS/008892007,IC,2017-01-20T23:36:00,2017-01-20T23:33:00,21,8
http://irail.be/vehicle/IC722,http://irail.be/stations/NMBS/008892080,IC,2017-01-20T23:43:00,2017-01-20T23:42:00,-15,9
http://irail.be/vehicle/IC722,NO-URI,IC,2017-01-20T23:48:00,2017-01-20T23:48:00,-73,-73
http://irail.be/vehicle/IC722,http://irail.be/stations/NMBS/008892106,IC,2017-01-20T23:50:00,2017-01-20T23:49:00,35,-60
http://irail.be/vehicle/IC722,http://irail.be/stations/NMBS/008896149,IC,2017-01-20T23:58:00,2017-01-20T23:57:00,-1,-21
http://irail.be/vehicle/IC722,http://irail.be/stations/NMBS/008896115,IC,2017-01-21T00:04:00,2017-01-21T00:04:00,-38,-38
http://irail.be/vehicle/IC722,http://irail.be/stations/NMBS/008896008,IC,2017-01-21T00:10:00,2017-01-21T00:10:00,,-91
http://irail.be/vehicle/IC722,http://irail.be/stations/NMBS/008821006,IC,2017-10-09T22:37:00,2017-10-09T22:37:00,11,
http://irail.be/vehicle/IC722,http://irail.be/stations/NMBS/008821121,IC,2017-10-09T22:43:00,2017-10-09T22:41:00,4,4
http://irail.be/vehicle/IC722,http://irail.be/stations/NMBS/008821196,IC,2017-10-09T22:46:00,2017-10-09T22:46:00,-41,-41
http://irail.be/vehicle/IC722,NO-URI,IC,2017-10-09T22:50:00,2017-10-09T22:50:00,-41,-41
http://irail.be/vehicle/IC722,http://irail.be/stations/NMBS/008894821,IC,2017-10-09T22:50:00,2017-10-09T22:50:00,-14,-14
http://irail.be/vehicle/IC722,http://irail.be/stations/NMBS/008894755,IC,2017-10-09T22:52:00,2017-10-09T22:52:00,-17,-17
http://irail.be/vehicle/IC722,http://irail.be/stations/NMBS/008894748,IC,2017-10-09T22:53:00,2017-10-09T22:53:00,-44,-44
http://irail.be/vehicle/IC722,http://irail.be/stations/NMBS/008894714,IC,2017-10-09T22:56:00,2017-10-09T22:56:00,-64,-64
http://irail.be/vehicle/IC722,NO-URI,IC,2017-10-09T22:57:00,2017-10-09T22:57:00,-76,-76
http://irail.be/vehicle/IC722,http://irail.be/stations/NMBS/008894508,IC,2017-10-09T23:00:00,2017-10-09T22:59:00,63,-111
http://irail.be/vehicle/IC722,http://irail.be/stations/NMBS/008894433,IC,2017-10-09T23:03:00,2017-10-09T23:03:00,63,63
http://irail.be/vehicle/IC722,http://irail.be/stations/NMBS/008894425,IC,2017-10-09T23:04:00,2017-10-09T23:04:00,18,18
http://irail.be/vehicle/IC722,NO-URI,IC,2017-10-09T23:06:00,2017-10-09T23:06:00,11,11
http://irail.be/vehicle/IC722,http://irail.be/stations/NMBS/008894201,IC,2017-10-09T23:09:00,2017-10-09T23:08:00,-8,2
http://irail.be/vehicle/IC722,http://irail.be/stations/NMBS/008894151,IC,2017-10-09T23:15:00,2017-10-09T23:15:00,-8,-8
http://irail.be/vehicle/IC722,http://irail.be/stations/NMBS/008893120,IC,2017-10-09T23:24:00,2017-10-09T23:23:00,196,194
http://irail.be/vehicle/IC722,http://irail.be/stations/NMBS/008893179,IC,2017-10-09T23:26:00,2017-10-09T23:26:00,196,196
http://irail.be/vehicle/IC722,NO-URI,IC,2017-10-09T23:27:00,2017-10-09T23:27:00,186,186
http://irail.be/vehicle/IC722,http://irail.be/stations/NMBS/008892007,IC,2017-10-09T23:36:00,2017-10-09T23:33:00,291,301
http://irail.be/vehicle/IC722,http://irail.be/stations/NMBS/008892080,IC,2017-10-09T23:43:00,2017-10-09T23:42:00,239,292
http://irail.be/vehicle/IC722,NO-URI,IC,2017-10-09T23:48:00,2017-10-09T23:48:00,180,180
http://irail.be/vehicle/IC722,http://irail.be/stations/NMBS/008892106,IC,2017-10-09T23:50:00,2017-10-09T23:49:00,198,185
http://irail.be/vehicle/IC722,http://irail.be/stations/NMBS/008896149,IC,2017-10-09T23:58:00,2017-10-09T23:57:00,109,139
http://irail.be/vehicle/IC722,http://irail.be/stations/NMBS/008896115,IC,2017-10-10T00:04:00,2017-10-10T00:04:00,72,61
http://irail.be/vehicle/IC722,http://irail.be/stations/NMBS/008896008,IC,2017-10-10T00:10:00,2017-10-10T00:10:00,,8
http://irail.be/vehicle/IC722,http://irail.be/stations/NMBS/008821006,IC,2017-09-26T22:37:00,2017-09-26T22:37:00,7,
http://irail.be/vehicle/IC722,http://irail.be/stations/NMBS/008821121,IC,2017-09-26T22:43:00,2017-09-26T22:41:00,24,24
http://irail.be/vehicle/IC722,http://irail.be/stations/NMBS/008821196,IC,2017-09-26T22:46:00,2017-09-26T22:46:00,-16,-16
http://irail.be/vehicle/IC722,NO-URI,IC,2017-09-26T22:50:00,2017-09-26T22:50:00,-16,-16
http://irail.be/vehicle/IC722,http://irail.be/stations/NMBS/008894821,IC,2017-09-26T22:50:00,2017-09-26T22:50:00,11,11
http://irail.be/vehicle/IC722,http://irail.be/stations/NMBS/008894755,IC,2017-09-26T22:52:00,2017-09-26T22:52:00,-3,-3
http://irail.be/vehicle/IC722,http://irail.be/stations/NMBS/008894748,IC,2017-09-26T22:53:00,2017-09-26T22:53:00,-31,-31
http://irail.be/vehicle/IC722,http://irail.be/stations/NMBS/008894714,IC,2017-09-26T22:56:00,2017-09-26T22:56:00,-49,-49
http://irail.be/vehicle/IC722,NO-URI,IC,2017-09-26T22:57:00,2017-09-26T22:57:00,-24,-24
http://irail.be/vehicle/IC722,http://irail.be/stations/NMBS/008894508,IC,2017-09-26T23:00:00,2017-09-26T22:59:00,251,146
http://irail.be/vehicle/IC722,http://irail.be/stations/NMBS/008894433,IC,2017-09-26T23:03:00,2017-09-26T23:03:00,251,251
http://irail.be/vehicle/IC722,http://irail.be/stations/NMBS/008894425,IC,2017-09-26T23:04:00,2017-09-26T23:04:00,223,223
http://irail.be/vehicle/IC722,NO-URI,IC,2017-09-26T23:06:00,2017-09-26T23:06:00,280,280
http://irail.be/vehicle/IC722,http://irail.be/stations/NMBS/008894201,IC,2017-09-26T23:09:00,2017-09-26T23:08:00,309,327
http://irail.be/vehicle/IC722,http://irail.be/stations/NMBS/008894151,IC,2017-09-26T23:15:00,2017-09-26T23:15:00,309,309
http://irail.be/vehicle/IC722,http://irail.be/stations/NMBS/008893120,IC,2017-09-26T23:24:00,2017-09-26T23:23:00,419,289
http://irail.be/vehicle/IC722,http://irail.be/stations/NMBS/008893179,IC,2017-09-26T23:26:00,2017-09-26T23:26:00,419,419
http://irail.be/vehicle/IC722,NO-URI,IC,2017-09-26T23:27:00,2017-09-26T23:27:00,616,616
http://irail.be/vehicle/IC722,http://irail.be/stations/NMBS/008892007,IC,2017-09-26T23:36:00,2017-09-26T23:33:00,535,601
http://irail.be/vehicle/IC722,http://irail.be/stations/NMBS/008892080,IC,2017-09-26T23:43:00,2017-09-26T23:42:00,445,504
http://irail.be/vehicle/IC722,NO-URI,IC,2017-09-26T23:48:00,2017-09-26T23:48:00,385,385
http://irail.be/vehicle/IC722,http://irail.be/stations/NMBS/008892106,IC,2017-09-26T23:50:00,2017-09-26T23:49:00,399,390
http://irail.be/vehicle/IC722,http://irail.be/stations/NMBS/008896149,IC,2017-09-26T23:58:00,2017-09-26T23:57:00,883,781
http://irail.be/vehicle/IC722,http://irail.be/stations/NMBS/008896115,IC,2017-09-27T00:04:00,2017-09-27T00:04:00,846,846
http://irail.be/vehicle/IC722,http://irail.be/stations/NMBS/008896008,IC,2017-09-27T00:10:00,2017-09-27T00:10:00,,785
http://irail.be/vehicle/IC722,http://irail.be/stations/NMBS/008821006,IC,2017-08-31T22:37:00,2017-08-31T22:37:00,37,
http://irail.be/vehicle/IC722,http://irail.be/stations/NMBS/008821121,IC,2017-08-31T22:43:00,2017-08-31T22:41:00,26,26
http://irail.be/vehicle/IC722,http://irail.be/stations/NMBS/008821196,IC,2017-08-31T22:46:00,2017-08-31T22:46:00,-14,-14
http://irail.be/vehicle/IC722,NO-URI,IC,2017-08-31T22:50:00,2017-08-31T22:50:00,-14,-14
http://irail.be/vehicle/IC722,http://irail.be/stations/NMBS/008894821,IC,2017-08-31T22:50:00,2017-08-31T22:50:00,-17,-17
http://irail.be/vehicle/IC722,http://irail.be/stations/NMBS/008894755,IC,2017-08-31T22:52:00,2017-08-31T22:52:00,-4,-4
http://irail.be/vehicle/IC722,http://irail.be/stations/NMBS/008894748,IC,2017-08-31T22:53:00,2017-08-31T22:53:00,-27,-27
http://irail.be/vehicle/IC722,http://irail.be/stations/NMBS/008894714,IC,2017-08-31T22:56:00,2017-08-31T22:56:00,-46,-46
http://irail.be/vehicle/IC722,NO-URI,IC,2017-08-31T22:57:00,2017-08-31T22:57:00,-54,-54
http://irail.be/vehicle/IC722,http://irail.be/stations/NMBS/008894508,IC,2017-08-31T23:00:00,2017-08-31T22:59:00,6,-91
http://irail.be/vehicle/IC722,http://irail.be/stations/NMBS/008894433,IC,2017-08-31T23:03:00,2017-08-31T23:03:00,6,6
http://irail.be/vehicle/IC722,http://irail.be/stations/NMBS/008894425,IC,2017-08-31T23:04:00,2017-08-31T23:04:00,9,9
http://irail.be/vehicle/IC722,NO-URI,IC,2017-08-31T23:06:00,2017-08-31T23:06:00,1,1
http://irail.be/vehicle/IC722,http://irail.be/stations/NMBS/008894201,IC,2017-08-31T23:09:00,2017-08-31T23:08:00,69,-25
http://irail.be/vehicle/IC722,http://irail.be/stations/NMBS/008894151,IC,2017-08-31T23:15:00,2017-08-31T23:15:00,91,69
http://irail.be/vehicle/IC722,http://irail.be/stations/NMBS/008893120,IC,2017-08-31T23:24:00,2017-08-31T23:23:00,111,4
http://irail.be/vehicle/IC722,http://irail.be/stations/NMBS/008893179,IC,2017-08-31T23:26:00,2017-08-31T23:26:00,111,111
http://irail.be/vehicle/IC722,NO-URI,IC,2017-08-31T23:27:00,2017-08-31T23:27:00,49,49
http://irail.be/vehicle/IC722,http://irail.be/stations/NMBS/008892007,IC,2017-08-31T23:36:00,2017-08-31T23:33:00,21,0
http://irail.be/vehicle/IC722,http://irail.be/stations/NMBS/008892080,IC,2017-08-31T23:43:00,2017-08-31T23:42:00,24,2
http://irail.be/vehicle/IC722,NO-URI,IC,2017-08-31T23:48:00,2017-08-31T23:48:00,-63,-63
http://irail.be/vehicle/IC722,http://irail.be/stations/NMBS/008892106,IC,2017-08-31T23:50:00,2017-08-31T23:49:00,65,-80
http://irail.be/vehicle/IC722,http://irail.be/stations/NMBS/008896149,IC,2017-08-31T23:58:00,2017-08-31T23:57:00,17,-40
http://irail.be/vehicle/IC722,http://irail.be/stations/NMBS/008896115,IC,2017-09-01T00:04:00,2017-09-01T00:04:00,-76,-90
http://irail.be/vehicle/IC722,http://irail.be/stations/NMBS/008896008,IC,2017-09-01T00:10:00,2017-09-01T00:10:00,,-150
http://irail.be/vehicle/IC722,NO-URI,IC,2017-02-18T22:31:00,2017-02-18T22:31:00,4444,
http://irail.be/vehicle/IC722,http://irail.be/stations/NMBS/008894821,IC,2017-02-18T22:34:00,2017-02-18T22:34:00,4454,4444
http://irail.be/vehicle/IC722,http://irail.be/stations/NMBS/008894755,IC,2017-02-18T22:41:00,2017-02-18T22:41:00,4248,4247
http://irail.be/vehicle/IC722,http://irail.be/stations/NMBS/008894748,IC,2017-02-18T22:44:00,2017-02-18T22:44:00,4246,4246
http://irail.be/vehicle/IC722,http://irail.be/stations/NMBS/008894714,IC,2017-02-18T22:49:00,2017-02-18T22:49:00,4195,4195
http://irail.be/vehicle/IC722,NO-URI,IC,2017-02-18T22:51:00,2017-02-18T22:51:00,4195,4195
http://irail.be/vehicle/IC722,http://irail.be/stations/NMBS/008894508,IC,2017-02-18T22:53:00,2017-02-18T22:53:00,4267,4165
http://irail.be/vehicle/IC722,http://irail.be/stations/NMBS/008894433,IC,2017-02-18T22:59:00,2017-02-18T22:59:00,4109,4109
http://irail.be/vehicle/IC722,http://irail.be/stations/NMBS/008894425,IC,2017-02-18T23:02:00,2017-02-18T23:02:00,4109,4109
http://irail.be/vehicle/IC722,NO-URI,IC,2017-02-18T23:07:00,2017-02-18T23:07:00,4042,4042
http://irail.be/vehicle/IC722,http://irail.be/stations/NMBS/008894201,IC,2017-02-18T23:11:00,2017-02-18T23:09:00,3966,4012
http://irail.be/vehicle/IC722,http://irail.be/stations/NMBS/008894151,IC,2017-02-18T23:16:00,2017-02-18T23:16:00,3966,3966
http://irail.be/vehicle/IC722,http://irail.be/stations/NMBS/008893120,IC,2017-02-18T23:24:00,2017-02-18T23:23:00,3957,3893
http://irail.be/vehicle/IC722,http://irail.be/stations/NMBS/008893179,IC,2017-02-18T23:26:00,2017-02-18T23:26:00,3957,3957
http://irail.be/vehicle/IC722,NO-URI,IC,2017-02-18T23:27:00,2017-02-18T23:27:00,3886,3886
http://irail.be/vehicle/IC722,http://irail.be/stations/NMBS/008892007,IC,2017-02-18T23:36:00,2017-02-18T23:33:00,3791,3871
http://irail.be/vehicle/IC722,http://irail.be/stations/NMBS/008892080,IC,2017-02-18T23:43:00,2017-02-18T23:42:00,3867,3789
http://irail.be/vehicle/IC722,NO-URI,IC,2017-02-18T23:47:00,2017-02-18T23:47:00,3852,3852
http://irail.be/vehicle/IC722,http://irail.be/stations/NMBS/008892106,IC,2017-02-18T23:50:00,2017-02-18T23:49:00,3835,3850
http://irail.be/vehicle/IC722,http://irail.be/stations/NMBS/008896149,IC,2017-02-18T23:58:00,2017-02-18T23:57:00,3796,3779
http://irail.be/vehicle/IC722,http://irail.be/stations/NMBS/008896115,IC,2017-02-19T00:04:00,2017-02-19T00:04:00,3809,3796
http://irail.be/vehicle/IC722,http://irail.be/stations/NMBS/008896008,IC,2017-02-19T00:10:00,2017-02-19T00:10:00,,3836
http://irail.be/vehicle/IC722,http://irail.be/stations/NMBS/008821006,IC,2017-09-18T22:37:00,2017-09-18T22:37:00,17,
http://irail.be/vehicle/IC722,http://irail.be/stations/NMBS/008821121,IC,2017-09-18T22:43:00,2017-09-18T22:41:00,19,19
http://irail.be/vehicle/IC722,http://irail.be/stations/NMBS/008821196,IC,2017-09-18T22:46:00,2017-09-18T22:46:00,12,12
http://irail.be/vehicle/IC722,NO-URI,IC,2017-09-18T22:50:00,2017-09-18T22:50:00,12,12
http://irail.be/vehicle/IC722,http://irail.be/stations/NMBS/008894821,IC,2017-09-18T22:50:00,2017-09-18T22:50:00,40,40
http://irail.be/vehicle/IC722,http://irail.be/stations/NMBS/008894755,IC,2017-09-18T22:52:00,2017-09-18T22:52:00,35,35
http://irail.be/vehicle/IC722,http://irail.be/stations/NMBS/008894748,IC,2017-09-18T22:53:00,2017-09-18T22:53:00,6,6
http://irail.be/vehicle/IC722,http://irail.be/stations/NMBS/008894714,IC,2017-09-18T22:56:00,2017-09-18T22:56:00,-13,-13
http://irail.be/vehicle/IC722,NO-URI,IC,2017-09-18T22:57:00,2017-09-18T22:57:00,-28,-28
http://irail.be/vehicle/IC722,http://irail.be/stations/NMBS/008894508,IC,2017-09-18T23:00:00,2017-09-18T22:59:00,94,-66
http://irail.be/vehicle/IC722,http://irail.be/stations/NMBS/008894433,IC,2017-09-18T23:03:00,2017-09-18T23:03:00,94,94
http://irail.be/vehicle/IC722,http://irail.be/stations/NMBS/008894425,IC,2017-09-18T23:04:00,2017-09-18T23:04:00,56,56
http://irail.be/vehicle/IC722,NO-URI,IC,2017-09-18T23:06:00,2017-09-18T23:06:00,50,50
http://irail.be/vehicle/IC722,http://irail.be/stations/NMBS/008894201,IC,2017-09-18T23:09:00,2017-09-18T23:08:00,38,43
http://irail.be/vehicle/IC722,http://irail.be/stations/NMBS/008894151,IC,2017-09-18T23:15:00,2017-09-18T23:15:00,55,38
http://irail.be/vehicle/IC722,http://irail.be/stations/NMBS/008893120,IC,2017-09-18T23:24:00,2017-09-18T23:23:00,106,20
http://irail.be/vehicle/IC722,http://irail.be/stations/NMBS/008893179,IC,2017-09-18T23:26:00,2017-09-18T23:26:00,106,106
http://irail.be/vehicle/IC722,NO-URI,IC,2017-09-18T23:27:00,2017-09-18T23:27:00,51,51
http://irail.be/vehicle/IC722,http://irail.be/stations/NMBS/008892007,IC,2017-09-18T23:36:00,2017-09-18T23:33:00,19,26
http://irail.be/vehicle/IC722,http://irail.be/stations/NMBS/008892080,IC,2017-09-18T23:43:00,2017-09-18T23:42:00,35,70
http://irail.be/vehicle/IC722,NO-URI,IC,2017-09-18T23:48:00,2017-09-18T23:48:00,-22,-22
http://irail.be/vehicle/IC722,http://irail.be/stations/NMBS/008892106,IC,2017-09-18T23:50:00,2017-09-18T23:49:00,56,-15
http://irail.be/vehicle/IC722,http://irail.be/stations/NMBS/008896149,IC,2017-09-18T23:58:00,2017-09-18T23:57:00,4,6
http://irail.be/vehicle/IC722,http://irail.be/stations/NMBS/008896115,IC,2017-09-19T00:04:00,2017-09-19T00:04:00,-49,-49
http://irail.be/vehicle/IC722,http://irail.be/stations/NMBS/008896008,IC,2017-09-19T00:10:00,2017-09-19T00:10:00,,-122
http://irail.be/vehicle/IC722,http://irail.be/stations/NMBS/008821006,IC,2017-07-17T22:37:00,2017-07-17T22:37:00,1,
http://irail.be/vehicle/IC722,http://irail.be/stations/NMBS/008821121,IC,2017-07-17T22:43:00,2017-07-17T22:41:00,21,21
http://irail.be/vehicle/IC722,http://irail.be/stations/NMBS/008821196,IC,2017-07-17T22:46:00,2017-07-17T22:46:00,-1,-1
http://irail.be/vehicle/IC722,NO-URI,IC,2017-07-17T22:50:00,2017-07-17T22:50:00,-1,-1
http://irail.be/vehicle/IC722,http://irail.be/stations/NMBS/008894821,IC,2017-07-17T22:50:00,2017-07-17T22:50:00,23,23
http://irail.be/vehicle/IC722,http://irail.be/stations/NMBS/008894755,IC,2017-07-17T22:52:00,2017-07-17T22:52:00,9,9
http://irail.be/vehicle/IC722,http://irail.be/stations/NMBS/008894748,IC,2017-07-17T22:53:00,2017-07-17T22:53:00,11,11
http://irail.be/vehicle/IC722,http://irail.be/stations/NMBS/008894714,IC,2017-07-17T22:55:00,2017-07-17T22:55:00,17,17
http://irail.be/vehicle/IC722,NO-URI,IC,2017-07-17T22:57:00,2017-07-17T22:57:00,-23,-23
http://irail.be/vehicle/IC722,http://irail.be/stations/NMBS/008894508,IC,2017-07-17T23:00:00,2017-07-17T22:59:00,121,-85
http://irail.be/vehicle/IC722,http://irail.be/stations/NMBS/008894433,IC,2017-07-17T23:03:00,2017-07-17T23:03:00,121,121
http://irail.be/vehicle/IC722,http://irail.be/stations/NMBS/008894425,IC,2017-07-17T23:03:00,2017-07-17T23:03:00,149,149
http://irail.be/vehicle/IC722,NO-URI,IC,2017-07-17T23:06:00,2017-07-17T23:06:00,110,110
http://irail.be/vehicle/IC722,http://irail.be/stations/NMBS/008894201,IC,2017-07-17T23:09:00,2017-07-17T23:08:00,102,92
http://irail.be/vehicle/IC722,http://irail.be/stations/NMBS/008894151,IC,2017-07-17T23:15:00,2017-07-17T23:15:00,112,102
http://irail.be/vehicle/IC722,http://irail.be/stations/NMBS/008893120,IC,2017-07-17T23:24:00,2017-07-17T23:23:00,117,49
http://irail.be/vehicle/IC722,http://irail.be/stations/NMBS/008893179,IC,2017-07-17T23:26:00,2017-07-17T23:26:00,117,117
http://irail.be/vehicle/IC722,NO-URI,IC,2017-07-17T23:27:00,2017-07-17T23:27:00,44,44
http://irail.be/vehicle/IC722,http://irail.be/stations/NMBS/008892007,IC,2017-07-17T23:36:00,2017-07-17T23:33:00,19,30
http://irail.be/vehicle/IC722,http://irail.be/stations/NMBS/008892080,IC,2017-07-17T23:43:00,2017-07-17T23:42:00,-12,9
http://irail.be/vehicle/IC722,NO-URI,IC,2017-07-17T23:48:00,2017-07-17T23:48:00,-35,-35
http://irail.be/vehicle/IC722,http://irail.be/stations/NMBS/008892106,IC,2017-07-17T23:50:00,2017-07-17T23:49:00,70,-2
http://irail.be/vehicle/IC722,http://irail.be/stations/NMBS/008896149,IC,2017-07-17T23:58:00,2017-07-17T23:57:00,30,29
http://irail.be/vehicle/IC722,http://irail.be/stations/NMBS/008896115,IC,2017-07-18T00:04:00,2017-07-18T00:04:00,0,0
http://irail.be/vehicle/IC722,http://irail.be/stations/NMBS/008896008,IC,2017-07-18T00:10:00,2017-07-18T00:10:00,,-46
http://irail.be/vehicle/IC722,http://irail.be/stations/NMBS/008821006,IC,2017-09-03T22:37:00,2017-09-03T22:37:00,79,
http://irail.be/vehicle/IC722,http://irail.be/stations/NMBS/008821121,IC,2017-09-03T22:43:00,2017-09-03T22:41:00,43,43
http://irail.be/vehicle/IC722,http://irail.be/stations/NMBS/008821196,IC,2017-09-03T22:46:00,2017-09-03T22:46:00,14,14
http://irail.be/vehicle/IC722,NO-URI,IC,2017-09-03T22:50:00,2017-09-03T22:50:00,14,14
http://irail.be/vehicle/IC722,http://irail.be/stations/NMBS/008894821,IC,2017-09-03T22:50:00,2017-09-03T22:50:00,42,42
http://irail.be/vehicle/IC722,http://irail.be/stations/NMBS/008894755,IC,2017-09-03T22:52:00,2017-09-03T22:52:00,25,25
http://irail.be/vehicle/IC722,http://irail.be/stations/NMBS/008894748,IC,2017-09-03T22:53:00,2017-09-03T22:53:00,-3,-3
http://irail.be/vehicle/IC722,http://irail.be/stations/NMBS/008894714,IC,2017-09-03T22:56:00,2017-09-03T22:56:00,-27,-27
http://irail.be/vehicle/IC722,NO-URI,IC,2017-09-03T22:57:00,2017-09-03T22:57:00,-41,-41
http://irail.be/vehicle/IC722,http://irail.be/stations/NMBS/008894508,IC,2017-09-03T23:01:00,2017-09-03T22:59:00,68,-69
http://irail.be/vehicle/IC722,http://irail.be/stations/NMBS/008894433,IC,2017-09-03T23:04:00,2017-09-03T23:04:00,68,68
http://irail.be/vehicle/IC722,http://irail.be/stations/NMBS/008894425,IC,2017-09-03T23:05:00,2017-09-03T23:05:00,16,16
http://irail.be/vehicle/IC722,NO-URI,IC,2017-09-03T23:07:00,2017-09-03T23:07:00,7,7
http://irail.be/vehicle/IC722,http://irail.be/stations/NMBS/008894201,IC,2017-09-03T23:11:00,2017-09-03T23:09:00,24,4
http://irail.be/vehicle/IC722,http://irail.be/stations/NMBS/008894151,IC,2017-09-03T23:16:00,2017-09-03T23:16:00,24,24
http://irail.be/vehicle/IC722,http://irail.be/stations/NMBS/008893120,IC,2017-09-03T23:24:00,2017-09-03T23:23:00,17,-65
http://irail.be/vehicle/IC722,http://irail.be/stations/NMBS/008893179,IC,2017-09-03T23:26:00,2017-09-03T23:26:00,17,17
http://irail.be/vehicle/IC722,NO-URI,IC,2017-09-03T23:27:00,2017-09-03T23:27:00,-63,-63
http://irail.be/vehicle/IC722,http://irail.be/stations/NMBS/008892007,IC,2017-09-03T23:36:00,2017-09-03T23:33:00,36,-63
http://irail.be/vehicle/IC722,http://irail.be/stations/NMBS/008892080,IC,2017-09-03T23:43:00,2017-09-03T23:42:00,60,72
http://irail.be/vehicle/IC722,NO-URI,IC,2017-09-03T23:47:00,2017-09-03T23:47:00,36,36
http://irail.be/vehicle/IC722,http://irail.be/stations/NMBS/008892106,IC,2017-09-03T23:50:00,2017-09-03T23:49:00,56,40
http://irail.be/vehicle/IC722,http://irail.be/stations/NMBS/008896149,IC,2017-09-03T23:58:00,2017-09-03T23:57:00,9,0
http://irail.be/vehicle/IC722,http://irail.be/stations/NMBS/008896115,IC,2017-09-04T00:04:00,2017-09-04T00:04:00,-4,-4
http://irail.be/vehicle/IC722,http://irail.be/stations/NMBS/008896008,IC,2017-09-04T00:10:00,2017-09-04T00:10:00,,-32
http://irail.be/vehicle/IC722,NO-URI,IC,2017-02-19T22:31:00,2017-02-19T22:31:00,4,
http://irail.be/vehicle/IC722,http://irail.be/stations/NMBS/008894821,IC,2017-02-19T22:34:00,2017-02-19T22:34:00,14,4
http://irail.be/vehicle/IC722,http://irail.be/stations/NMBS/008894755,IC,2017-02-19T22:41:00,2017-02-19T22:41:00,1,1
http://irail.be/vehicle/IC722,http://irail.be/stations/NMBS/008894748,IC,2017-02-19T22:44:00,2017-02-19T22:44:00,4,4
http://irail.be/vehicle/IC722,http://irail.be/stations/NMBS/008894714,IC,2017-02-19T22:49:00,2017-02-19T22:49:00,-22,-43
http://irail.be/vehicle/IC722,NO-URI,IC,2017-02-19T22:51:00,2017-02-19T22:51:00,-22,-22
http://irail.be/vehicle/IC722,http://irail.be/stations/NMBS/008894508,IC,2017-02-19T22:53:00,2017-02-19T22:53:00,32,-48
http://irail.be/vehicle/IC722,http://irail.be/stations/NMBS/008894433,IC,2017-02-19T22:59:00,2017-02-19T22:59:00,32,32
http://irail.be/vehicle/IC722,http://irail.be/stations/NMBS/008894425,IC,2017-02-19T23:02:00,2017-02-19T23:02:00,-37,-37
http://irail.be/vehicle/IC722,NO-URI,IC,2017-02-19T23:07:00,2017-02-19T23:07:00,-113,-113
http://irail.be/vehicle/IC722,http://irail.be/stations/NMBS/008894201,IC,2017-02-19T23:11:00,2017-02-19T23:09:00,0,-143
http://irail.be/vehicle/IC722,http://irail.be/stations/NMBS/008894151,IC,2017-02-19T23:16:00,2017-02-19T23:16:00,0,0
http://irail.be/vehicle/IC722,http://irail.be/stations/NMBS/008893120,IC,2017-02-19T23:24:00,2017-02-19T23:23:00,54,-48
http://irail.be/vehicle/IC722,http://irail.be/stations/NMBS/008893179,IC,2017-02-19T23:26:00,2017-02-19T23:26:00,54,54
http://irail.be/vehicle/IC722,NO-URI,IC,2017-02-19T23:27:00,2017-02-19T23:27:00,-23,-23
http://irail.be/vehicle/IC722,http://irail.be/stations/NMBS/008892007,IC,2017-02-19T23:36:00,2017-02-19T23:33:00,92,-54
http://irail.be/vehicle/IC722,http://irail.be/stations/NMBS/008892080,IC,2017-02-19T23:43:00,2017-02-19T23:42:00,53,71
http://irail.be/vehicle/IC722,NO-URI,IC,2017-02-19T23:47:00,2017-02-19T23:47:00,38,38
http://irail.be/vehicle/IC722,http://irail.be/stations/NMBS/008892106,IC,2017-02-19T23:50:00,2017-02-19T23:49:00,24,34
http://irail.be/vehicle/IC722,http://irail.be/stations/NMBS/008896149,IC,2017-02-19T23:58:00,2017-02-19T23:57:00,-10,-35
http://irail.be/vehicle/IC722,http://irail.be/stations/NMBS/008896115,IC,2017-02-20T00:04:00,2017-02-20T00:04:00,-10,-10
http://irail.be/vehicle/IC722,http://irail.be/stations/NMBS/008896008,IC,2017-02-20T00:10:00,2017-02-20T00:10:00,,-124
http://irail.be/vehicle/IC722,http://irail.be/stations/NMBS/008821006,IC,2017-06-30T22:37:00,2017-06-30T22:37:00,27,
http://irail.be/vehicle/IC722,http://irail.be/stations/NMBS/008821121,IC,2017-06-30T22:43:00,2017-06-30T22:41:00,48,48
http://irail.be/vehicle/IC722,http://irail.be/stations/NMBS/008821196,IC,2017-06-30T22:46:00,2017-06-30T22:46:00,13,13
http://irail.be/vehicle/IC722,NO-URI,IC,2017-06-30T22:50:00,2017-06-30T22:50:00,13,13
http://irail.be/vehicle/IC722,http://irail.be/stations/NMBS/008894821,IC,2017-06-30T22:50:00,2017-06-30T22:50:00,10,10
http://irail.be/vehicle/IC722,http://irail.be/stations/NMBS/008894755,IC,2017-06-30T22:52:00,2017-06-30T22:52:00,13,13
http://irail.be/vehicle/IC722,http://irail.be/stations/NMBS/008894748,IC,2017-06-30T22:53:00,2017-06-30T22:53:00,-8,-8
http://irail.be/vehicle/IC722,http://irail.be/stations/NMBS/008894714,IC,2017-06-30T22:56:00,2017-06-30T22:56:00,-29,-29
http://irail.be/vehicle/IC722,NO-URI,IC,2017-06-30T22:57:00,2017-06-30T22:57:00,-42,-42
http://irail.be/vehicle/IC722,http://irail.be/stations/NMBS/008894508,IC,2017-06-30T23:00:00,2017-06-30T22:59:00,26,-81
http://irail.be/vehicle/IC722,http://irail.be/stations/NMBS/008894433,IC,2017-06-30T23:03:00,2017-06-30T23:03:00,26,26
http://irail.be/vehicle/IC722,http://irail.be/stations/NMBS/008894425,IC,2017-06-30T23:04:00,2017-06-30T23:04:00,31,31
http://irail.be/vehicle/IC722,NO-URI,IC,2017-06-30T23:06:00,2017-06-30T23:06:00,26,26
http://irail.be/vehicle/IC722,http://irail.be/stations/NMBS/008894201,IC,2017-06-30T23:09:00,2017-06-30T23:08:00,48,-3
http://irail.be/vehicle/IC722,http://irail.be/stations/NMBS/008894151,IC,2017-06-30T23:15:00,2017-06-30T23:15:00,55,48
http://irail.be/vehicle/IC722,http://irail.be/stations/NMBS/008893120,IC,2017-06-30T23:24:00,2017-06-30T23:23:00,159,91
http://irail.be/vehicle/IC722,http://irail.be/stations/NMBS/008893179,IC,2017-06-30T23:26:00,2017-06-30T23:26:00,159,159
http://irail.be/vehicle/IC722,NO-URI,IC,2017-06-30T23:27:00,2017-06-30T23:27:00,96,96
http://irail.be/vehicle/IC722,http://irail.be/stations/NMBS/008892007,IC,2017-06-30T23:36:00,2017-06-30T23:33:00,942,99
http://irail.be/vehicle/IC722,http://irail.be/stations/NMBS/008892080,IC,2017-06-30T23:43:00,2017-06-30T23:42:00,959,919
http://irail.be/vehicle/IC722,NO-URI,IC,2017-06-30T23:48:00,2017-06-30T23:48:00,992,992
http://irail.be/vehicle/IC722,http://irail.be/stations/NMBS/008892106,IC,2017-06-30T23:50:00,2017-06-30T23:49:00,1075,1005
http://irail.be/vehicle/IC722,http://irail.be/stations/NMBS/008896149,IC,2017-06-30T23:58:00,2017-06-30T23:57:00,1029,968
http://irail.be/vehicle/IC722,http://irail.be/stations/NMBS/008896115,IC,2017-07-01T00:04:00,2017-07-01T00:04:00,967,939
http://irail.be/vehicle/IC722,http://irail.be/stations/NMBS/008896008,IC,2017-07-01T00:10:00,2017-07-01T00:10:00,,896
http://irail.be/vehicle/IC722,http://irail.be/stations/NMBS/008821006,IC,2017-02-17T22:37:00,2017-02-17T22:37:00,148,
http://irail.be/vehicle/IC722,http://irail.be/stations/NMBS/008821121,IC,2017-02-17T22:43:00,2017-02-17T22:41:00,153,153
http://irail.be/vehicle/IC722,http://irail.be/stations/NMBS/008821196,IC,2017-02-17T22:46:00,2017-02-17T22:46:00,109,109
http://irail.be/vehicle/IC722,NO-URI,IC,2017-02-17T22:50:00,2017-02-17T22:50:00,109,109
http://irail.be/vehicle/IC722,http://irail.be/stations/NMBS/008894821,IC,2017-02-17T22:50:00,2017-02-17T22:50:00,137,137
http://irail.be/vehicle/IC722,http://irail.be/stations/NMBS/008894755,IC,2017-02-17T22:52:00,2017-02-17T22:52:00,127,127
http://irail.be/vehicle/IC722,http://irail.be/stations/NMBS/008894748,IC,2017-02-17T22:53:00,2017-02-17T22:53:00,98,98
http://irail.be/vehicle/IC722,http://irail.be/stations/NMBS/008894714,IC,2017-02-17T22:56:00,2017-02-17T22:56:00,86,86
http://irail.be/vehicle/IC722,NO-URI,IC,2017-02-17T22:57:00,2017-02-17T22:57:00,75,75
http://irail.be/vehicle/IC722,http://irail.be/stations/NMBS/008894508,IC,2017-02-17T23:00:00,2017-02-17T22:59:00,199,40
http://irail.be/vehicle/IC722,http://irail.be/stations/NMBS/008894433,IC,2017-02-17T23:03:00,2017-02-17T23:03:00,199,199
http://irail.be/vehicle/IC722,http://irail.be/stations/NMBS/008894425,IC,2017-02-17T23:04:00,2017-02-17T23:04:00,157,157
http://irail.be/vehicle/IC722,NO-URI,IC,2017-02-17T23:06:00,2017-02-17T23:06:00,150,150
http://irail.be/vehicle/IC722,http://irail.be/stations/NMBS/008894201,IC,2017-02-17T23:09:00,2017-02-17T23:08:00,294,305
http://irail.be/vehicle/IC722,http://irail.be/stations/NMBS/008894151,IC,2017-02-17T23:15:00,2017-02-17T23:15:00,332,294
http://irail.be/vehicle/IC722,http://irail.be/stations/NMBS/008893120,IC,2017-02-17T23:24:00,2017-02-17T23:23:00,383,284
http://irail.be/vehicle/IC722,http://irail.be/stations/NMBS/008893179,IC,2017-02-17T23:26:00,2017-02-17T23:26:00,383,383
http://irail.be/vehicle/IC722,NO-URI,IC,2017-02-17T23:27:00,2017-02-17T23:27:00,381,381
http://irail.be/vehicle/IC722,http://irail.be/stations/NMBS/008892007,IC,2017-02-17T23:36:00,2017-02-17T23:33:00,389,448
http://irail.be/vehicle/IC722,http://irail.be/stations/NMBS/008892080,IC,2017-02-17T23:43:00,2017-02-17T23:42:00,335,368
http://irail.be/vehicle/IC722,NO-URI,IC,2017-02-17T23:48:00,2017-02-17T23:48:00,274,274
http://irail.be/vehicle/IC722,http://irail.be/stations/NMBS/008892106,IC,2017-02-17T23:50:00,2017-02-17T23:49:00,310,277
http://irail.be/vehicle/IC722,http://irail.be/stations/NMBS/008896149,IC,2017-02-17T23:58:00,2017-02-17T23:57:00,256,247
http://irail.be/vehicle/IC722,http://irail.be/stations/NMBS/008896115,IC,2017-02-18T00:04:00,2017-02-18T00:04:00,334,256
http://irail.be/vehicle/IC722,http://irail.be/stations/NMBS/008896008,IC,2017-02-18T00:10:00,2017-02-18T00:10:00,,369
http://irail.be/vehicle/IC722,http://irail.be/stations/NMBS/008821006,IC,2017-05-03T22:37:00,2017-05-03T22:37:00,65,
http://irail.be/vehicle/IC722,http://irail.be/stations/NMBS/008821121,IC,2017-05-03T22:43:00,2017-05-03T22:41:00,49,49
http://irail.be/vehicle/IC722,http://irail.be/stations/NMBS/008821196,IC,2017-05-03T22:46:00,2017-05-03T22:46:00,9,9
http://irail.be/vehicle/IC722,NO-URI,IC,2017-05-03T22:50:00,2017-05-03T22:50:00,9,9
http://irail.be/vehicle/IC722,http://irail.be/stations/NMBS/008894821,IC,2017-05-03T22:50:00,2017-05-03T22:50:00,33,33
http://irail.be/vehicle/IC722,http://irail.be/stations/NMBS/008894755,IC,2017-05-03T22:52:00,2017-05-03T22:52:00,15,15
http://irail.be/vehicle/IC722,http://irail.be/stations/NMBS/008894748,IC,2017-05-03T22:53:00,2017-05-03T22:53:00,-15,-15
http://irail.be/vehicle/IC722,http://irail.be/stations/NMBS/008894714,IC,2017-05-03T22:56:00,2017-05-03T22:56:00,92,92
http://irail.be/vehicle/IC722,NO-URI,IC,2017-05-03T22:57:00,2017-05-03T22:57:00,108,108
http://irail.be/vehicle/IC722,http://irail.be/stations/NMBS/008894508,IC,2017-05-03T23:00:00,2017-05-03T22:59:00,177,78
http://irail.be/vehicle/IC722,http://irail.be/stations/NMBS/008894433,IC,2017-05-03T23:03:00,2017-05-03T23:03:00,177,177
http://irail.be/vehicle/IC722,http://irail.be/stations/NMBS/008894425,IC,2017-05-03T23:04:00,2017-05-03T23:04:00,133,133
http://irail.be/vehicle/IC722,NO-URI,IC,2017-05-03T23:06:00,2017-05-03T23:06:00,127,127
http://irail.be/vehicle/IC722,http://irail.be/stations/NMBS/008894201,IC,2017-05-03T23:09:00,2017-05-03T23:08:00,135,120
http://irail.be/vehicle/IC722,http://irail.be/stations/NMBS/008894151,IC,2017-05-03T23:15:00,2017-05-03T23:15:00,159,135
http://irail.be/vehicle/IC722,http://irail.be/stations/NMBS/008893120,IC,2017-05-03T23:24:00,2017-05-03T23:23:00,191,103
http://irail.be/vehicle/IC722,http://irail.be/stations/NMBS/008893179,IC,2017-05-03T23:26:00,2017-05-03T23:26:00,191,191
http://irail.be/vehicle/IC722,NO-URI,IC,2017-05-03T23:27:00,2017-05-03T23:27:00,139,139
http://irail.be/vehicle/IC722,http://irail.be/stations/NMBS/008892007,IC,2017-05-03T23:36:00,2017-05-03T23:33:00,72,136
http://irail.be/vehicle/IC722,http://irail.be/stations/NMBS/008892080,IC,2017-05-03T23:43:00,2017-05-03T23:42:00,21,38
http://irail.be/vehicle/IC722,NO-URI,IC,2017-05-03T23:48:00,2017-05-03T23:48:00,-38,-38
http://irail.be/vehicle/IC722,http://irail.be/stations/NMBS/008892106,IC,2017-05-03T23:50:00,2017-05-03T23:49:00,107,-35
http://irail.be/vehicle/IC722,http://irail.be/stations/NMBS/008896149,IC,2017-05-03T23:58:00,2017-05-03T23:57:00,90,46
http://irail.be/vehicle/IC722,http://irail.be/stations/NMBS/008896115,IC,2017-05-04T00:04:00,2017-05-04T00:04:00,51,51
http://irail.be/vehicle/IC722,http://irail.be/stations/NMBS/008896008,IC,2017-05-04T00:10:00,2017-05-04T00:10:00,,11
http://irail.be/vehicle/IC722,http://irail.be/stations/NMBS/008821006,IC,2017-05-22T22:37:00,2017-05-22T22:37:00,15,
http://irail.be/vehicle/IC722,http://irail.be/stations/NMBS/008821121,IC,2017-05-22T22:43:00,2017-05-22T22:41:00,12,12
http://irail.be/vehicle/IC722,http://irail.be/stations/NMBS/008821196,IC,2017-05-22T22:46:00,2017-05-22T22:46:00,-34,-34
http://irail.be/vehicle/IC722,NO-URI,IC,2017-05-22T22:50:00,2017-05-22T22:50:00,-34,-34
http://irail.be/vehicle/IC722,http://irail.be/stations/NMBS/008894821,IC,2017-05-22T22:50:00,2017-05-22T22:50:00,-8,-8
http://irail.be/vehicle/IC722,http://irail.be/stations/NMBS/008894755,IC,2017-05-22T22:52:00,2017-05-22T22:52:00,-21,-21
http://irail.be/vehicle/IC722,http://irail.be/stations/NMBS/008894748,IC,2017-05-22T22:53:00,2017-05-22T22:53:00,-50,-50
http://irail.be/vehicle/IC722,http://irail.be/stations/NMBS/008894714,IC,2017-05-22T22:56:00,2017-05-22T22:56:00,-69,-69
http://irail.be/vehicle/IC722,NO-URI,IC,2017-05-22T22:57:00,2017-05-22T22:57:00,-78,-78
http://irail.be/vehicle/IC722,http://irail.be/stations/NMBS/008894508,IC,2017-05-22T23:00:00,2017-05-22T22:59:00,140,-95
http://irail.be/vehicle/IC722,http://irail.be/stations/NMBS/008894433,IC,2017-05-22T23:03:00,2017-05-22T23:03:00,140,140
http://irail.be/vehicle/IC722,http://irail.be/stations/NMBS/008894425,IC,2017-05-22T23:04:00,2017-05-22T23:04:00,98,98
http://irail.be/vehicle/IC722,NO-URI,IC,2017-05-22T23:06:00,2017-05-22T23:06:00,95,95
http://irail.be/vehicle/IC722,http://irail.be/stations/NMBS/008894201,IC,2017-05-22T23:09:00,2017-05-22T23:08:00,89,92
http://irail.be/vehicle/IC722,http://irail.be/stations/NMBS/008894151,IC,2017-05-22T23:15:00,2017-05-22T23:15:00,121,89
http://irail.be/vehicle/IC722,http://irail.be/stations/NMBS/008893120,IC,2017-05-22T23:24:00,2017-05-22T23:23:00,181,105
http://irail.be/vehicle/IC722,http://irail.be/stations/NMBS/008893179,IC,2017-05-22T23:26:00,2017-05-22T23:26:00,181,181
http://irail.be/vehicle/IC722,NO-URI,IC,2017-05-22T23:27:00,2017-05-22T23:27:00,151,151
http://irail.be/vehicle/IC722,http://irail.be/stations/NMBS/008892007,IC,2017-05-22T23:36:00,2017-05-22T23:33:00,63,151
http://irail.be/vehicle/IC722,http://irail.be/stations/NMBS/008892080,IC,2017-05-22T23:43:00,2017-05-22T23:42:00,15,37
http://irail.be/vehicle/IC722,NO-URI,IC,2017-05-22T23:48:00,2017-05-22T23:48:00,-46,-46
http://irail.be/vehicle/IC722,http://irail.be/stations/NMBS/008892106,IC,2017-05-22T23:50:00,2017-05-22T23:49:00,74,-38
http://irail.be/vehicle/IC722,http://irail.be/stations/NMBS/008896149,IC,2017-05-22T23:58:00,2017-05-22T23:57:00,26,13
http://irail.be/vehicle/IC722,http://irail.be/stations/NMBS/008896115,IC,2017-05-23T00:04:00,2017-05-23T00:04:00,-15,-15
http://irail.be/vehicle/IC722,http://irail.be/stations/NMBS/008896008,IC,2017-05-23T00:10:00,2017-05-23T00:10:00,,-79
http://irail.be/vehicle/IC722,http://irail.be/stations/NMBS/008821006,IC,2017-10-31T22:37:00,2017-10-31T22:37:00,127,
http://irail.be/vehicle/IC722,http://irail.be/stations/NMBS/008821121,IC,2017-10-31T22:43:00,2017-10-31T22:41:00,46,46
http://irail.be/vehicle/IC722,http://irail.be/stations/NMBS/008821196,IC,2017-10-31T22:46:00,2017-10-31T22:46:00,41,41
http://irail.be/vehicle/IC722,NO-URI,IC,2017-10-31T22:50:00,2017-10-31T22:50:00,41,41
http://irail.be/vehicle/IC722,http://irail.be/stations/NMBS/008894821,IC,2017-10-31T22:50:00,2017-10-31T22:50:00,68,68
http://irail.be/vehicle/IC722,http://irail.be/stations/NMBS/008894755,IC,2017-10-31T22:52:00,2017-10-31T22:52:00,49,49
http://irail.be/vehicle/IC722,http://irail.be/stations/NMBS/008894748,IC,2017-10-31T22:53:00,2017-10-31T22:53:00,20,20
http://irail.be/vehicle/IC722,http://irail.be/stations/NMBS/008894714,IC,2017-10-31T22:56:00,2017-10-31T22:56:00,-3,-3
http://irail.be/vehicle/IC722,NO-URI,IC,2017-10-31T22:57:00,2017-10-31T22:57:00,-12,-12
http://irail.be/vehicle/IC722,http://irail.be/stations/NMBS/008894508,IC,2017-10-31T23:00:00,2017-10-31T22:59:00,53,-52
http://irail.be/vehicle/IC722,http://irail.be/stations/NMBS/008894433,IC,2017-10-31T23:03:00,2017-10-31T23:03:00,53,53
http://irail.be/vehicle/IC722,http://irail.be/stations/NMBS/008894425,IC,2017-10-31T23:04:00,2017-10-31T23:04:00,4,4
http://irail.be/vehicle/IC722,NO-URI,IC,2017-10-31T23:06:00,2017-10-31T23:06:00,0,0
http://irail.be/vehicle/IC722,http://irail.be/stations/NMBS/008894201,IC,2017-10-31T23:09:00,2017-10-31T23:08:00,-2,-10
http://irail.be/vehicle/IC722,http://irail.be/stations/NMBS/008894151,IC,2017-10-31T23:15:00,2017-10-31T23:15:00,-2,-2
http://irail.be/vehicle/IC722,http://irail.be/stations/NMBS/008893120,IC,2017-10-31T23:24:00,2017-10-31T23:23:00,155,78
http://irail.be/vehicle/IC722,http://irail.be/stations/NMBS/008893179,IC,2017-10-31T23:26:00,2017-10-31T23:26:00,155,155
http://irail.be/vehicle/IC722,NO-URI,IC,2017-10-31T23:27:00,2017-10-31T23:27:00,84,84
http://irail.be/vehicle/IC722,http://irail.be/stations/NMBS/008892007,IC,2017-10-31T23:36:00,2017-10-31T23:33:00,23,51
http://irail.be/vehicle/IC722,http://irail.be/stations/NMBS/008892080,IC,2017-10-31T23:43:00,2017-10-31T23:42:00,-19,-4
http://irail.be/vehicle/IC722,NO-URI,IC,2017-10-31T23:48:00,2017-10-31T23:48:00,-65,-65
http://irail.be/vehicle/IC722,http://irail.be/stations/NMBS/008892106,IC,2017-10-31T23:50:00,2017-10-31T23:49:00,50,-54
http://irail.be/vehicle/IC722,http://irail.be/stations/NMBS/008896149,IC,2017-10-31T23:58:00,2017-10-31T23:57:00,31,-11
http://irail.be/vehicle/IC722,http://irail.be/stations/NMBS/008896115,IC,2017-11-01T00:04:00,2017-11-01T00:04:00,-14,-14
http://irail.be/vehicle/IC722,http://irail.be/stations/NMBS/008896008,IC,2017-11-01T00:10:00,2017-11-01T00:10:00,,-95
http://irail.be/vehicle/IC722,http://irail.be/stations/NMBS/008821006,IC,2017-12-05T22:37:00,2017-12-05T22:37:00,42,
http://irail.be/vehicle/IC722,http://irail.be/stations/NMBS/008821121,IC,2017-12-05T22:43:00,2017-12-05T22:41:00,10,10
http://irail.be/vehicle/IC722,http://irail.be/stations/NMBS/008821196,IC,2017-12-05T22:46:00,2017-12-05T22:46:00,-4,-4
http://irail.be/vehicle/IC722,NO-URI,IC,2017-12-05T22:50:00,2017-12-05T22:50:00,-4,-4
http://irail.be/vehicle/IC722,http://irail.be/stations/NMBS/008894821,IC,2017-12-05T22:50:00,2017-12-05T22:50:00,24,24
http://irail.be/vehicle/IC722,http://irail.be/stations/NMBS/008894755,IC,2017-12-05T22:52:00,2017-12-05T22:52:00,9,9
http://irail.be/vehicle/IC722,http://irail.be/stations/NMBS/008894748,IC,2017-12-05T22:53:00,2017-12-05T22:53:00,-19,-19
http://irail.be/vehicle/IC722,http://irail.be/stations/NMBS/008894714,IC,2017-12-05T22:56:00,2017-12-05T22:56:00,-37,-37
http://irail.be/vehicle/IC722,NO-URI,IC,2017-12-05T22:57:00,2017-12-05T22:57:00,56,56
http://irail.be/vehicle/IC722,http://irail.be/stations/NMBS/008894508,IC,2017-12-05T23:00:00,2017-12-05T22:59:00,158,79
http://irail.be/vehicle/IC722,http://irail.be/stations/NMBS/008894433,IC,2017-12-05T23:03:00,2017-12-05T23:03:00,158,158
http://irail.be/vehicle/IC722,http://irail.be/stations/NMBS/008894425,IC,2017-12-05T23:04:00,2017-12-05T23:04:00,413,413
http://irail.be/vehicle/IC722,NO-URI,IC,2017-12-05T23:06:00,2017-12-05T23:06:00,470,470
http://irail.be/vehicle/IC722,http://irail.be/stations/NMBS/008894201,IC,2017-12-05T23:09:00,2017-12-05T23:08:00,489,499
http://irail.be/vehicle/IC722,http://irail.be/stations/NMBS/008894151,IC,2017-12-05T23:15:00,2017-12-05T23:15:00,525,489
http://irail.be/vehicle/IC722,http://irail.be/stations/NMBS/008893120,IC,2017-12-05T23:24:00,2017-12-05T23:23:00,622,550
http://irail.be/vehicle/IC722,http://irail.be/stations/NMBS/008893179,IC,2017-12-05T23:26:00,2017-12-05T23:26:00,622,622
http://irail.be/vehicle/IC722,NO-URI,IC,2017-12-05T23:27:00,2017-12-05T23:27:00,578,578
http://irail.be/vehicle/IC722,http://irail.be/stations/NMBS/008892007,IC,2017-12-05T23:36:00,2017-12-05T23:33:00,499,552
http://irail.be/vehicle/IC722,http://irail.be/stations/NMBS/008892080,IC,2017-12-05T23:43:00,2017-12-05T23:42:00,459,502
http://irail.be/vehicle/IC722,NO-URI,IC,2017-12-05T23:48:00,2017-12-05T23:48:00,407,407
http://irail.be/vehicle/IC722,http://irail.be/stations/NMBS/008892106,IC,2017-12-05T23:50:00,2017-12-05T23:49:00,448,414
http://irail.be/vehicle/IC722,http://irail.be/stations/NMBS/008896149,IC,2017-12-05T23:58:00,2017-12-05T23:57:00,558,491
http://irail.be/vehicle/IC722,http://irail.be/stations/NMBS/008896115,IC,2017-12-06T00:04:00,2017-12-06T00:04:00,557,557
http://irail.be/vehicle/IC722,http://irail.be/stations/NMBS/008896008,IC,2017-12-06T00:10:00,2017-12-06T00:10:00,,527
http://irail.be/vehicle/IC722,http://irail.be/stations/NMBS/008821006,IC,2017-02-11T22:37:00,2017-02-11T22:37:00,23,
http://irail.be/vehicle/IC722,http://irail.be/stations/NMBS/008821121,IC,2017-02-11T22:43:00,2017-02-11T22:41:00,11,11
http://irail.be/vehicle/IC722,http://irail.be/stations/NMBS/008821196,IC,2017-02-11T22:46:00,2017-02-11T22:46:00,-26,-26
http://irail.be/vehicle/IC722,NO-URI,IC,2017-02-11T22:50:00,2017-02-11T22:50:00,-26,-26
http://irail.be/vehicle/IC722,http://irail.be/stations/NMBS/008894821,IC,2017-02-11T22:50:00,2017-02-11T22:50:00,-3,-3
http://irail.be/vehicle/IC722,http://irail.be/stations/NMBS/008894755,IC,2017-02-11T22:52:00,2017-02-11T22:52:00,-24,-24
http://irail.be/vehicle/IC722,http://irail.be/stations/NMBS/008894748,IC,2017-02-11T22:53:00,2017-02-11T22:53:00,-53,-53
http://irail.be/vehicle/IC722,http://irail.be/stations/NMBS/008894714,IC,2017-02-11T22:56:00,2017-02-11T22:56:00,-78,-78
http://irail.be/vehicle/IC722,NO-URI,IC,2017-02-11T22:57:00,2017-02-11T22:57:00,-89,-89
http://irail.be/vehicle/IC722,http://irail.be/stations/NMBS/008894508,IC,2017-02-11T23:01:00,2017-02-11T22:59:00,45,-124
http://irail.be/vehicle/IC722,http://irail.be/stations/NMBS/008894433,IC,2017-02-11T23:04:00,2017-02-11T23:04:00,45,45
http://irail.be/vehicle/IC722,http://irail.be/stations/NMBS/008894425,IC,2017-02-11T23:05:00,2017-02-11T23:05:00,1,1
http://irail.be/vehicle/IC722,NO-URI,IC,2017-02-11T23:07:00,2017-02-11T23:07:00,-5,-5
http://irail.be/vehicle/IC722,http://irail.be/stations/NMBS/008894201,IC,2017-02-11T23:11:00,2017-02-11T23:09:00,3,-11
http://irail.be/vehicle/IC722,http://irail.be/stations/NMBS/008894151,IC,2017-02-11T23:16:00,2017-02-11T23:16:00,3,3
http://irail.be/vehicle/IC722,http://irail.be/stations/NMBS/008893120,IC,2017-02-11T23:24:00,2017-02-11T23:23:00,17,-87
http://irail.be/vehicle/IC722,http://irail.be/stations/NMBS/008893179,IC,2017-02-11T23:26:00,2017-02-11T23:26:00,17,17
http://irail.be/vehicle/IC722,NO-URI,IC,2017-02-11T23:27:00,2017-02-11T23:27:00,-43,-43
http://irail.be/vehicle/IC722,http://irail.be/stations/NMBS/008892007,IC,2017-02-11T23:36:00,2017-02-11T23:33:00,26,-38
http://irail.be/vehicle/IC722,http://irail.be/stations/NMBS/008892080,IC,2017-02-11T23:43:00,2017-02-11T23:42:00,-16,5
http://irail.be/vehicle/IC722,NO-URI,IC,2017-02-11T23:47:00,2017-02-11T23:47:00,-36,-36
http://irail.be/vehicle/IC722,http://irail.be/stations/NMBS/008892106,IC,2017-02-11T23:50:00,2017-02-11T23:49:00,24,-35
http://irail.be/vehicle/IC722,http://irail.be/stations/NMBS/008896149,IC,2017-02-11T23:58:00,2017-02-11T23:57:00,-6,-39
http://irail.be/vehicle/IC722,http://irail.be/stations/NMBS/008896115,IC,2017-02-12T00:04:00,2017-02-12T00:04:00,-61,-61
http://irail.be/vehicle/IC722,http://irail.be/stations/NMBS/008896008,IC,2017-02-12T00:10:00,2017-02-12T00:10:00,,-123
http://irail.be/vehicle/IC722,http://irail.be/stations/NMBS/008821006,IC,2017-09-05T22:37:00,2017-09-05T22:37:00,16,
http://irail.be/vehicle/IC722,http://irail.be/stations/NMBS/008821121,IC,2017-09-05T22:43:00,2017-09-05T22:41:00,51,51
http://irail.be/vehicle/IC722,http://irail.be/stations/NMBS/008821196,IC,2017-09-05T22:46:00,2017-09-05T22:46:00,9,9
http://irail.be/vehicle/IC722,NO-URI,IC,2017-09-05T22:50:00,2017-09-05T22:50:00,9,9
http://irail.be/vehicle/IC722,http://irail.be/stations/NMBS/008894821,IC,2017-09-05T22:50:00,2017-09-05T22:50:00,32,32
http://irail.be/vehicle/IC722,http://irail.be/stations/NMBS/008894755,IC,2017-09-05T22:52:00,2017-09-05T22:52:00,11,11
http://irail.be/vehicle/IC722,http://irail.be/stations/NMBS/008894748,IC,2017-09-05T22:53:00,2017-09-05T22:53:00,14,14
http://irail.be/vehicle/IC722,http://irail.be/stations/NMBS/008894714,IC,2017-09-05T22:55:00,2017-09-05T22:55:00,16,16
http://irail.be/vehicle/IC722,NO-URI,IC,2017-09-05T22:57:00,2017-09-05T22:57:00,-24,-24
http://irail.be/vehicle/IC722,http://irail.be/stations/NMBS/008894508,IC,2017-09-05T23:00:00,2017-09-05T22:59:00,43,-83
http://irail.be/vehicle/IC722,http://irail.be/stations/NMBS/008894433,IC,2017-09-05T23:03:00,2017-09-05T23:03:00,43,43
http://irail.be/vehicle/IC722,http://irail.be/stations/NMBS/008894425,IC,2017-09-05T23:03:00,2017-09-05T23:03:00,47,47
http://irail.be/vehicle/IC722,NO-URI,IC,2017-09-05T23:06:00,2017-09-05T23:06:00,1,1
http://irail.be/vehicle/IC722,http://irail.be/stations/NMBS/008894201,IC,2017-09-05T23:09:00,2017-09-05T23:08:00,-11,-21
http://irail.be/vehicle/IC722,http://irail.be/stations/NMBS/008894151,IC,2017-09-05T23:15:00,2017-09-05T23:15:00,-11,-11
http://irail.be/vehicle/IC722,http://irail.be/stations/NMBS/008893120,IC,2017-09-05T23:24:00,2017-09-05T23:23:00,4,-74
http://irail.be/vehicle/IC722,http://irail.be/stations/NMBS/008893179,IC,2017-09-05T23:26:00,2017-09-05T23:26:00,4,4
http://irail.be/vehicle/IC722,NO-URI,IC,2017-09-05T23:27:00,2017-09-05T23:27:00,-68,-68
http://irail.be/vehicle/IC722,http://irail.be/stations/NMBS/008892007,IC,2017-09-05T23:36:00,2017-09-05T23:33:00,790,-92
http://irail.be/vehicle/IC722,http://irail.be/stations/NMBS/008892080,IC,2017-09-05T23:43:00,2017-09-05T23:42:00,712,751
http://irail.be/vehicle/IC722,NO-URI,IC,2017-09-05T23:48:00,2017-09-05T23:48:00,670,670
http://irail.be/vehicle/IC722,http://irail.be/stations/NMBS/008892106,IC,2017-09-05T23:50:00,2017-09-05T23:49:00,727,687
http://irail.be/vehicle/IC722,http://irail.be/stations/NMBS/008896149,IC,2017-09-05T23:58:00,2017-09-05T23:57:00,725,720
http://irail.be/vehicle/IC722,http://irail.be/stations/NMBS/008896115,IC,2017-09-06T00:04:00,2017-09-06T00:04:00,731,717
http://irail.be/vehicle/IC722,http://irail.be/stations/NMBS/008896008,IC,2017-09-06T00:10:00,2017-09-06T00:10:00,,703
