http://irail.be/vehicle/L5786,http://irail.be/stations/NMBS/008864501,L,2017-11-02T15:54:00,2017-11-02T15:54:00,126,
http://irail.be/vehicle/L5786,http://irail.be/stations/NMBS/008864915,L,2017-11-02T16:00:00,2017-11-02T16:00:00,164,164
http://irail.be/vehicle/L5786,http://irail.be/stations/NMBS/008864923,L,2017-11-02T16:02:00,2017-11-02T16:02:00,164,164
http://irail.be/vehicle/L5786,http://irail.be/stations/NMBS/008864931,L,2017-11-02T16:05:00,2017-11-02T16:04:00,164,164
http://irail.be/vehicle/L5786,http://irail.be/stations/NMBS/008864949,L,2017-11-02T16:08:00,2017-11-02T16:08:00,164,164
http://irail.be/vehicle/L5786,NO-URI,L,2017-11-02T16:09:00,2017-11-02T16:09:00,164,164
http://irail.be/vehicle/L5786,http://irail.be/stations/NMBS/008864956,L,2017-11-02T16:12:00,2017-11-02T16:12:00,117,117
http://irail.be/vehicle/L5786,http://irail.be/stations/NMBS/008864964,L,2017-11-02T16:15:00,2017-11-02T16:15:00,117,117
http://irail.be/vehicle/L5786,http://irail.be/stations/NMBS/008863362,L,2017-11-02T16:19:00,2017-11-02T16:19:00,117,117
http://irail.be/vehicle/L5786,http://irail.be/stations/NMBS/008863354,L,2017-11-02T16:22:00,2017-11-02T16:22:00,117,117
http://irail.be/vehicle/L5786,NO-URI,L,2017-11-02T16:24:00,2017-11-02T16:24:00,117,117
http://irail.be/vehicle/L5786,http://irail.be/stations/NMBS/008863008,L,2017-11-02T16:25:00,2017-11-02T16:25:00,,110
http://irail.be/vehicle/L5786,http://irail.be/stations/NMBS/008864501,L,2017-10-04T15:54:00,2017-10-04T15:54:00,116,
http://irail.be/vehicle/L5786,http://irail.be/stations/NMBS/008864915,L,2017-10-04T16:00:00,2017-10-04T16:00:00,144,144
http://irail.be/vehicle/L5786,http://irail.be/stations/NMBS/008864923,L,2017-10-04T16:02:00,2017-10-04T16:02:00,144,144
http://irail.be/vehicle/L5786,http://irail.be/stations/NMBS/008864931,L,2017-10-04T16:05:00,2017-10-04T16:04:00,144,144
http://irail.be/vehicle/L5786,http://irail.be/stations/NMBS/008864949,L,2017-10-04T16:08:00,2017-10-04T16:08:00,144,144
http://irail.be/vehicle/L5786,NO-URI,L,2017-10-04T16:09:00,2017-10-04T16:09:00,144,144
http://irail.be/vehicle/L5786,http://irail.be/stations/NMBS/008864956,L,2017-10-04T16:12:00,2017-10-04T16:12:00,108,108
http://irail.be/vehicle/L5786,http://irail.be/stations/NMBS/008864964,L,2017-10-04T16:15:00,2017-10-04T16:15:00,108,108
http://irail.be/vehicle/L5786,http://irail.be/stations/NMBS/008863362,L,2017-10-04T16:19:00,2017-10-04T16:19:00,108,108
http://irail.be/vehicle/L5786,http://irail.be/stations/NMBS/008863354,L,2017-10-04T16:22:00,2017-10-04T16:22:00,108,108
http://irail.be/vehicle/L5786,NO-URI,L,2017-10-04T16:24:00,2017-10-04T16:24:00,108,108
http://irail.be/vehicle/L5786,http://irail.be/stations/NMBS/008863008,L,2017-10-04T16:25:00,2017-10-04T16:25:00,,105
http://irail.be/vehicle/L5786,http://irail.be/stations/NMBS/008864501,L,2017-09-11T15:54:00,2017-09-11T15:54:00,135,
http://irail.be/vehicle/L5786,http://irail.be/stations/NMBS/008864915,L,2017-09-11T16:00:00,2017-09-11T16:00:00,119,119
http://irail.be/vehicle/L5786,http://irail.be/stations/NMBS/008864923,L,2017-09-11T16:02:00,2017-09-11T16:02:00,119,119
http://irail.be/vehicle/L5786,http://irail.be/stations/NMBS/008864931,L,2017-09-11T16:05:00,2017-09-11T16:04:00,119,119
http://irail.be/vehicle/L5786,http://irail.be/stations/NMBS/008864949,L,2017-09-11T16:08:00,2017-09-11T16:08:00,119,119
http://irail.be/vehicle/L5786,NO-URI,L,2017-09-11T16:09:00,2017-09-11T16:09:00,119,119
http://irail.be/vehicle/L5786,http://irail.be/stations/NMBS/008864956,L,2017-09-11T16:12:00,2017-09-11T16:12:00,38,38
http://irail.be/vehicle/L5786,http://irail.be/stations/NMBS/008864964,L,2017-09-11T16:15:00,2017-09-11T16:15:00,38,38
http://irail.be/vehicle/L5786,http://irail.be/stations/NMBS/008863362,L,2017-09-11T16:19:00,2017-09-11T16:19:00,38,38
http://irail.be/vehicle/L5786,http://irail.be/stations/NMBS/008863354,L,2017-09-11T16:22:00,2017-09-11T16:22:00,38,38
http://irail.be/vehicle/L5786,NO-URI,L,2017-09-11T16:24:00,2017-09-11T16:24:00,38,38
http://irail.be/vehicle/L5786,http://irail.be/stations/NMBS/008863008,L,2017-09-11T16:25:00,2017-09-11T16:25:00,,29
http://irail.be/vehicle/L5786,http://irail.be/stations/NMBS/008864501,L,2017-09-04T15:54:00,2017-09-04T15:54:00,78,
http://irail.be/vehicle/L5786,http://irail.be/stations/NMBS/008864915,L,2017-09-04T16:00:00,2017-09-04T16:00:00,111,111
http://irail.be/vehicle/L5786,http://irail.be/stations/NMBS/008864923,L,2017-09-04T16:02:00,2017-09-04T16:02:00,111,111
http://irail.be/vehicle/L5786,http://irail.be/stations/NMBS/008864931,L,2017-09-04T16:05:00,2017-09-04T16:04:00,111,111
http://irail.be/vehicle/L5786,http://irail.be/stations/NMBS/008864949,L,2017-09-04T16:08:00,2017-09-04T16:08:00,111,111
http://irail.be/vehicle/L5786,NO-URI,L,2017-09-04T16:09:00,2017-09-04T16:09:00,111,111
http://irail.be/vehicle/L5786,http://irail.be/stations/NMBS/008864956,L,2017-09-04T16:12:00,2017-09-04T16:12:00,153,153
http://irail.be/vehicle/L5786,http://irail.be/stations/NMBS/008864964,L,2017-09-04T16:15:00,2017-09-04T16:15:00,153,153
http://irail.be/vehicle/L5786,http://irail.be/stations/NMBS/008863362,L,2017-09-04T16:19:00,2017-09-04T16:19:00,153,153
http://irail.be/vehicle/L5786,http://irail.be/stations/NMBS/008863354,L,2017-09-04T16:22:00,2017-09-04T16:22:00,153,153
http://irail.be/vehicle/L5786,NO-URI,L,2017-09-04T16:24:00,2017-09-04T16:24:00,153,153
http://irail.be/vehicle/L5786,http://irail.be/stations/NMBS/008863008,L,2017-09-04T16:25:00,2017-09-04T16:25:00,,162
http://irail.be/vehicle/L5786,http://irail.be/stations/NMBS/008864501,L,2017-11-09T15:54:00,2017-11-09T15:54:00,32,
http://irail.be/vehicle/L5786,http://irail.be/stations/NMBS/008864915,L,2017-11-09T16:00:00,2017-11-09T16:00:00,44,44
http://irail.be/vehicle/L5786,http://irail.be/stations/NMBS/008864923,L,2017-11-09T16:02:00,2017-11-09T16:02:00,44,44
http://irail.be/vehicle/L5786,http://irail.be/stations/NMBS/008864931,L,2017-11-09T16:05:00,2017-11-09T16:04:00,44,44
http://irail.be/vehicle/L5786,http://irail.be/stations/NMBS/008864949,L,2017-11-09T16:08:00,2017-11-09T16:08:00,44,44
http://irail.be/vehicle/L5786,NO-URI,L,2017-11-09T16:09:00,2017-11-09T16:09:00,44,44
http://irail.be/vehicle/L5786,http://irail.be/stations/NMBS/008864956,L,2017-11-09T16:12:00,2017-11-09T16:12:00,46,46
http://irail.be/vehicle/L5786,http://irail.be/stations/NMBS/008864964,L,2017-11-09T16:15:00,2017-11-09T16:15:00,46,46
http://irail.be/vehicle/L5786,http://irail.be/stations/NMBS/008863362,L,2017-11-09T16:19:00,2017-11-09T16:19:00,46,46
http://irail.be/vehicle/L5786,http://irail.be/stations/NMBS/008863354,L,2017-11-09T16:22:00,2017-11-09T16:22:00,46,46
http://irail.be/vehicle/L5786,NO-URI,L,2017-11-09T16:24:00,2017-11-09T16:24:00,46,46
http://irail.be/vehicle/L5786,http://irail.be/stations/NMBS/008863008,L,2017-11-09T16:25:00,2017-11-09T16:25:00,,40
http://irail.be/vehicle/L5786,NO-URI,L,2017-02-14T16:19:00,2017-02-14T16:19:00,6,
http://irail.be/vehicle/L5786,http://irail.be/stations/NMBS/008864956,L,2017-02-14T16:23:00,2017-02-14T16:23:00,6,6
http://irail.be/vehicle/L5786,http://irail.be/stations/NMBS/008864964,L,2017-02-14T16:26:00,2017-02-14T16:26:00,6,6
http://irail.be/vehicle/L5786,http://irail.be/stations/NMBS/008863362,L,2017-02-14T16:30:00,2017-02-14T16:30:00,6,6
http://irail.be/vehicle/L5786,http://irail.be/stations/NMBS/008863354,L,2017-02-14T16:34:00,2017-02-14T16:34:00,6,6
http://irail.be/vehicle/L5786,NO-URI,L,2017-02-14T16:36:00,2017-02-14T16:36:00,6,6
http://irail.be/vehicle/L5786,http://irail.be/stations/NMBS/008863008,L,2017-02-14T16:37:00,2017-02-14T16:37:00,,7
http://irail.be/vehicle/L5786,NO-URI,L,2017-06-07T16:19:00,2017-06-07T16:19:00,83,
http://irail.be/vehicle/L5786,http://irail.be/stations/NMBS/008864956,L,2017-06-07T16:23:00,2017-06-07T16:23:00,83,83
http://irail.be/vehicle/L5786,http://irail.be/stations/NMBS/008864964,L,2017-06-07T16:26:00,2017-06-07T16:26:00,83,83
http://irail.be/vehicle/L5786,http://irail.be/stations/NMBS/008863362,L,2017-06-07T16:30:00,2017-06-07T16:30:00,83,83
http://irail.be/vehicle/L5786,http://irail.be/stations/NMBS/008863354,L,2017-06-07T16:34:00,2017-06-07T16:34:00,83,83
http://irail.be/vehicle/L5786,NO-URI,L,2017-06-07T16:36:00,2017-06-07T16:36:00,83,83
http://irail.be/vehicle/L5786,http://irail.be/stations/NMBS/008863008,L,2017-06-07T16:37:00,2017-06-07T16:37:00,,100
http://irail.be/vehicle/L5786,NO-URI,L,2017-02-09T16:19:00,2017-02-09T16:19:00,120,
http://irail.be/vehicle/L5786,http://irail.be/stations/NMBS/008864956,L,2017-02-09T16:23:00,2017-02-09T16:23:00,120,120
http://irail.be/vehicle/L5786,http://irail.be/stations/NMBS/008864964,L,2017-02-09T16:26:00,2017-02-09T16:26:00,120,120
http://irail.be/vehicle/L5786,http://irail.be/stations/NMBS/008863362,L,2017-02-09T16:30:00,2017-02-09T16:30:00,120,120
http://irail.be/vehicle/L5786,http://irail.be/stations/NMBS/008863354,L,2017-02-09T16:34:00,2017-02-09T16:34:00,120,120
http://irail.be/vehicle/L5786,NO-URI,L,2017-02-09T16:36:00,2017-02-09T16:36:00,120,120
http://irail.be/vehicle/L5786,http://irail.be/stations/NMBS/008863008,L,2017-02-09T16:37:00,2017-02-09T16:37:00,,130
http://irail.be/vehicle/L5786,http://irail.be/stations/NMBS/008864501,L,2017-11-10T15:54:00,2017-11-10T15:54:00,651,
http://irail.be/vehicle/L5786,http://irail.be/stations/NMBS/008864915,L,2017-11-10T16:00:00,2017-11-10T16:00:00,629,629
http://irail.be/vehicle/L5786,http://irail.be/stations/NMBS/008864923,L,2017-11-10T16:02:00,2017-11-10T16:02:00,629,629
http://irail.be/vehicle/L5786,http://irail.be/stations/NMBS/008864931,L,2017-11-10T16:05:00,2017-11-10T16:04:00,629,629
http://irail.be/vehicle/L5786,http://irail.be/stations/NMBS/008864949,L,2017-11-10T16:08:00,2017-11-10T16:08:00,629,629
http://irail.be/vehicle/L5786,NO-URI,L,2017-11-10T16:09:00,2017-11-10T16:09:00,629,629
http://irail.be/vehicle/L5786,http://irail.be/stations/NMBS/008864956,L,2017-11-10T16:12:00,2017-11-10T16:12:00,574,574
http://irail.be/vehicle/L5786,http://irail.be/stations/NMBS/008864964,L,2017-11-10T16:15:00,2017-11-10T16:15:00,574,574
http://irail.be/vehicle/L5786,http://irail.be/stations/NMBS/008863362,L,2017-11-10T16:19:00,2017-11-10T16:19:00,574,574
http://irail.be/vehicle/L5786,http://irail.be/stations/NMBS/008863354,L,2017-11-10T16:22:00,2017-11-10T16:22:00,574,574
http://irail.be/vehicle/L5786,NO-URI,L,2017-11-10T16:24:00,2017-11-10T16:24:00,574,574
http://irail.be/vehicle/L5786,http://irail.be/stations/NMBS/008863008,L,2017-11-10T16:25:00,2017-11-10T16:25:00,,581
http://irail.be/vehicle/L5786,NO-URI,L,2017-04-21T16:19:00,2017-04-21T16:19:00,54,
http://irail.be/vehicle/L5786,http://irail.be/stations/NMBS/008864956,L,2017-04-21T16:23:00,2017-04-21T16:23:00,54,54
http://irail.be/vehicle/L5786,http://irail.be/stations/NMBS/008864964,L,2017-04-21T16:26:00,2017-04-21T16:26:00,54,54
http://irail.be/vehicle/L5786,http://irail.be/stations/NMBS/008863362,L,2017-04-21T16:30:00,2017-04-21T16:30:00,54,54
http://irail.be/vehicle/L5786,http://irail.be/stations/NMBS/008863354,L,2017-04-21T16:34:00,2017-04-21T16:34:00,54,54
http://irail.be/vehicle/L5786,NO-URI,L,2017-04-21T16:36:00,2017-04-21T16:36:00,54,54
http://irail.be/vehicle/L5786,http://irail.be/stations/NMBS/008863008,L,2017-04-21T16:37:00,2017-04-21T16:37:00,,58
http://irail.be/vehicle/L5786,NO-URI,L,2017-06-08T16:19:00,2017-06-08T16:19:00,31,
http://irail.be/vehicle/L5786,http://irail.be/stations/NMBS/008864956,L,2017-06-08T16:23:00,2017-06-08T16:23:00,31,31
http://irail.be/vehicle/L5786,http://irail.be/stations/NMBS/008864964,L,2017-06-08T16:26:00,2017-06-08T16:26:00,31,31
http://irail.be/vehicle/L5786,http://irail.be/stations/NMBS/008863362,L,2017-06-08T16:30:00,2017-06-08T16:30:00,31,31
http://irail.be/vehicle/L5786,http://irail.be/stations/NMBS/008863354,L,2017-06-08T16:34:00,2017-06-08T16:34:00,31,31
http://irail.be/vehicle/L5786,NO-URI,L,2017-06-08T16:36:00,2017-06-08T16:36:00,31,31
http://irail.be/vehicle/L5786,http://irail.be/stations/NMBS/008863008,L,2017-06-08T16:37:00,2017-06-08T16:37:00,,48
http://irail.be/vehicle/L5786,http://irail.be/stations/NMBS/008864501,L,2017-07-05T15:52:00,2017-07-05T15:52:00,85,
http://irail.be/vehicle/L5786,http://irail.be/stations/NMBS/008864915,L,2017-07-05T15:58:00,2017-07-05T15:58:00,57,57
http://irail.be/vehicle/L5786,http://irail.be/stations/NMBS/008864923,L,2017-07-05T16:00:00,2017-07-05T16:00:00,57,57
http://irail.be/vehicle/L5786,http://irail.be/stations/NMBS/008864931,L,2017-07-05T16:03:00,2017-07-05T16:02:00,57,57
http://irail.be/vehicle/L5786,http://irail.be/stations/NMBS/008864949,L,2017-07-05T16:06:00,2017-07-05T16:06:00,57,57
http://irail.be/vehicle/L5786,NO-URI,L,2017-07-05T16:07:00,2017-07-05T16:07:00,57,57
http://irail.be/vehicle/L5786,http://irail.be/stations/NMBS/008864956,L,2017-07-05T16:10:00,2017-07-05T16:10:00,40,40
http://irail.be/vehicle/L5786,http://irail.be/stations/NMBS/008864964,L,2017-07-05T16:13:00,2017-07-05T16:13:00,40,40
http://irail.be/vehicle/L5786,http://irail.be/stations/NMBS/008863362,L,2017-07-05T16:18:00,2017-07-05T16:18:00,40,40
http://irail.be/vehicle/L5786,http://irail.be/stations/NMBS/008863354,L,2017-07-05T16:22:00,2017-07-05T16:22:00,40,40
http://irail.be/vehicle/L5786,NO-URI,L,2017-07-05T16:24:00,2017-07-05T16:24:00,40,40
http://irail.be/vehicle/L5786,http://irail.be/stations/NMBS/008863008,L,2017-07-05T16:26:00,2017-07-05T16:26:00,,34
http://irail.be/vehicle/L5786,NO-URI,L,2017-03-20T16:19:00,2017-03-20T16:19:00,75,
http://irail.be/vehicle/L5786,http://irail.be/stations/NMBS/008864956,L,2017-03-20T16:23:00,2017-03-20T16:23:00,75,75
http://irail.be/vehicle/L5786,http://irail.be/stations/NMBS/008864964,L,2017-03-20T16:26:00,2017-03-20T16:26:00,75,75
http://irail.be/vehicle/L5786,http://irail.be/stations/NMBS/008863362,L,2017-03-20T16:30:00,2017-03-20T16:30:00,75,75
http://irail.be/vehicle/L5786,http://irail.be/stations/NMBS/008863354,L,2017-03-20T16:34:00,2017-03-20T16:34:00,75,75
http://irail.be/vehicle/L5786,NO-URI,L,2017-03-20T16:36:00,2017-03-20T16:36:00,75,75
http://irail.be/vehicle/L5786,http://irail.be/stations/NMBS/008863008,L,2017-03-20T16:37:00,2017-03-20T16:37:00,,77
http://irail.be/vehicle/L5786,NO-URI,L,2017-05-12T16:19:00,2017-05-12T16:19:00,55,
http://irail.be/vehicle/L5786,http://irail.be/stations/NMBS/008864956,L,2017-05-12T16:23:00,2017-05-12T16:23:00,55,55
http://irail.be/vehicle/L5786,http://irail.be/stations/NMBS/008864964,L,2017-05-12T16:26:00,2017-05-12T16:26:00,55,55
http://irail.be/vehicle/L5786,http://irail.be/stations/NMBS/008863362,L,2017-05-12T16:30:00,2017-05-12T16:30:00,55,55
http://irail.be/vehicle/L5786,http://irail.be/stations/NMBS/008863354,L,2017-05-12T16:34:00,2017-05-12T16:34:00,55,55
http://irail.be/vehicle/L5786,NO-URI,L,2017-05-12T16:36:00,2017-05-12T16:36:00,55,55
http://irail.be/vehicle/L5786,http://irail.be/stations/NMBS/008863008,L,2017-05-12T16:37:00,2017-05-12T16:37:00,,63
http://irail.be/vehicle/L5786,http://irail.be/stations/NMBS/008864501,L,2017-11-22T15:54:00,2017-11-22T15:54:00,364,
http://irail.be/vehicle/L5786,http://irail.be/stations/NMBS/008864915,L,2017-11-22T16:00:00,2017-11-22T16:00:00,306,306
http://irail.be/vehicle/L5786,http://irail.be/stations/NMBS/008864923,L,2017-11-22T16:02:00,2017-11-22T16:02:00,306,306
http://irail.be/vehicle/L5786,http://irail.be/stations/NMBS/008864931,L,2017-11-22T16:05:00,2017-11-22T16:04:00,306,306
http://irail.be/vehicle/L5786,http://irail.be/stations/NMBS/008864949,L,2017-11-22T16:08:00,2017-11-22T16:08:00,306,306
http://irail.be/vehicle/L5786,NO-URI,L,2017-11-22T16:09:00,2017-11-22T16:09:00,306,306
http://irail.be/vehicle/L5786,http://irail.be/stations/NMBS/008864956,L,2017-11-22T16:12:00,2017-11-22T16:12:00,136,136
http://irail.be/vehicle/L5786,http://irail.be/stations/NMBS/008864964,L,2017-11-22T16:15:00,2017-11-22T16:15:00,136,136
http://irail.be/vehicle/L5786,http://irail.be/stations/NMBS/008863362,L,2017-11-22T16:19:00,2017-11-22T16:19:00,136,136
http://irail.be/vehicle/L5786,http://irail.be/stations/NMBS/008863354,L,2017-11-22T16:22:00,2017-11-22T16:22:00,136,136
http://irail.be/vehicle/L5786,NO-URI,L,2017-11-22T16:24:00,2017-11-22T16:24:00,136,136
http://irail.be/vehicle/L5786,http://irail.be/stations/NMBS/008863008,L,2017-11-22T16:25:00,2017-11-22T16:25:00,,129
http://irail.be/vehicle/L5786,NO-URI,L,2017-02-02T16:19:00,2017-02-02T16:19:00,63,
http://irail.be/vehicle/L5786,http://irail.be/stations/NMBS/008864956,L,2017-02-02T16:23:00,2017-02-02T16:23:00,63,63
http://irail.be/vehicle/L5786,http://irail.be/stations/NMBS/008864964,L,2017-02-02T16:26:00,2017-02-02T16:26:00,63,63
http://irail.be/vehicle/L5786,http://irail.be/stations/NMBS/008863362,L,2017-02-02T16:30:00,2017-02-02T16:30:00,64,63
http://irail.be/vehicle/L5786,http://irail.be/stations/NMBS/008863354,L,2017-02-02T16:34:00,2017-02-02T16:34:00,64,63
http://irail.be/vehicle/L5786,NO-URI,L,2017-02-02T16:36:00,2017-02-02T16:36:00,63,63
http://irail.be/vehicle/L5786,http://irail.be/stations/NMBS/008863008,L,2017-02-02T16:37:00,2017-02-02T16:37:00,,66
http://irail.be/vehicle/L5786,NO-URI,L,2017-02-06T16:19:00,2017-02-06T16:19:00,90,
http://irail.be/vehicle/L5786,http://irail.be/stations/NMBS/008864956,L,2017-02-06T16:23:00,2017-02-06T16:23:00,90,90
http://irail.be/vehicle/L5786,http://irail.be/stations/NMBS/008864964,L,2017-02-06T16:26:00,2017-02-06T16:26:00,90,90
http://irail.be/vehicle/L5786,http://irail.be/stations/NMBS/008863362,L,2017-02-06T16:30:00,2017-02-06T16:30:00,90,90
http://irail.be/vehicle/L5786,http://irail.be/stations/NMBS/008863354,L,2017-02-06T16:34:00,2017-02-06T16:34:00,90,90
http://irail.be/vehicle/L5786,NO-URI,L,2017-02-06T16:36:00,2017-02-06T16:36:00,90,90
http://irail.be/vehicle/L5786,http://irail.be/stations/NMBS/008863008,L,2017-02-06T16:37:00,2017-02-06T16:37:00,,107
http://irail.be/vehicle/L5786,http://irail.be/stations/NMBS/008864501,L,2017-08-02T15:52:00,2017-08-02T15:52:00,159,
http://irail.be/vehicle/L5786,http://irail.be/stations/NMBS/008864915,L,2017-08-02T15:58:00,2017-08-02T15:58:00,110,110
http://irail.be/vehicle/L5786,http://irail.be/stations/NMBS/008864923,L,2017-08-02T16:00:00,2017-08-02T16:00:00,110,110
http://irail.be/vehicle/L5786,http://irail.be/stations/NMBS/008864931,L,2017-08-02T16:03:00,2017-08-02T16:02:00,110,110
http://irail.be/vehicle/L5786,http://irail.be/stations/NMBS/008864949,L,2017-08-02T16:06:00,2017-08-02T16:06:00,110,110
http://irail.be/vehicle/L5786,NO-URI,L,2017-08-02T16:07:00,2017-08-02T16:07:00,110,110
http://irail.be/vehicle/L5786,http://irail.be/stations/NMBS/008864956,L,2017-08-02T16:10:00,2017-08-02T16:10:00,420,416
http://irail.be/vehicle/L5786,http://irail.be/stations/NMBS/008864964,L,2017-08-02T16:13:00,2017-08-02T16:13:00,420,420
http://irail.be/vehicle/L5786,http://irail.be/stations/NMBS/008863362,L,2017-08-02T16:18:00,2017-08-02T16:18:00,420,420
http://irail.be/vehicle/L5786,http://irail.be/stations/NMBS/008863354,L,2017-08-02T16:22:00,2017-08-02T16:22:00,420,420
http://irail.be/vehicle/L5786,NO-URI,L,2017-08-02T16:24:00,2017-08-02T16:24:00,420,420
http://irail.be/vehicle/L5786,http://irail.be/stations/NMBS/008863008,L,2017-08-02T16:26:00,2017-08-02T16:26:00,,425
http://irail.be/vehicle/L5786,NO-URI,L,2017-02-21T16:19:00,2017-02-21T16:19:00,44,
http://irail.be/vehicle/L5786,http://irail.be/stations/NMBS/008864956,L,2017-02-21T16:23:00,2017-02-21T16:23:00,44,44
http://irail.be/vehicle/L5786,http://irail.be/stations/NMBS/008864964,L,2017-02-21T16:26:00,2017-02-21T16:26:00,44,44
http://irail.be/vehicle/L5786,http://irail.be/stations/NMBS/008863362,L,2017-02-21T16:30:00,2017-02-21T16:30:00,44,44
http://irail.be/vehicle/L5786,http://irail.be/stations/NMBS/008863354,L,2017-02-21T16:34:00,2017-02-21T16:34:00,44,44
http://irail.be/vehicle/L5786,NO-URI,L,2017-02-21T16:36:00,2017-02-21T16:36:00,44,44
http://irail.be/vehicle/L5786,http://irail.be/stations/NMBS/008863008,L,2017-02-21T16:37:00,2017-02-21T16:37:00,,46
http://irail.be/vehicle/L5786,NO-URI,L,2017-03-16T16:19:00,2017-03-16T16:19:00,77,
http://irail.be/vehicle/L5786,http://irail.be/stations/NMBS/008864956,L,2017-03-16T16:23:00,2017-03-16T16:23:00,77,77
http://irail.be/vehicle/L5786,http://irail.be/stations/NMBS/008864964,L,2017-03-16T16:26:00,2017-03-16T16:26:00,77,77
http://irail.be/vehicle/L5786,http://irail.be/stations/NMBS/008863362,L,2017-03-16T16:30:00,2017-03-16T16:30:00,77,77
http://irail.be/vehicle/L5786,http://irail.be/stations/NMBS/008863354,L,2017-03-16T16:34:00,2017-03-16T16:34:00,77,77
http://irail.be/vehicle/L5786,NO-URI,L,2017-03-16T16:36:00,2017-03-16T16:36:00,77,77
http://irail.be/vehicle/L5786,http://irail.be/stations/NMBS/008863008,L,2017-03-16T16:37:00,2017-03-16T16:37:00,,100
http://irail.be/vehicle/L5786,NO-URI,L,2017-01-24T16:19:00,2017-01-24T16:19:00,187,
http://irail.be/vehicle/L5786,http://irail.be/stations/NMBS/008864956,L,2017-01-24T16:23:00,2017-01-24T16:23:00,187,187
http://irail.be/vehicle/L5786,http://irail.be/stations/NMBS/008864964,L,2017-01-24T16:26:00,2017-01-24T16:26:00,187,187
http://irail.be/vehicle/L5786,http://irail.be/stations/NMBS/008863362,L,2017-01-24T16:30:00,2017-01-24T16:30:00,187,187
http://irail.be/vehicle/L5786,http://irail.be/stations/NMBS/008863354,L,2017-01-24T16:34:00,2017-01-24T16:34:00,187,187
http://irail.be/vehicle/L5786,NO-URI,L,2017-01-24T16:36:00,2017-01-24T16:36:00,187,187
http://irail.be/vehicle/L5786,http://irail.be/stations/NMBS/008863008,L,2017-01-24T16:37:00,2017-01-24T16:37:00,,196
http://irail.be/vehicle/L5786,NO-URI,L,2017-02-03T16:19:00,2017-02-03T16:19:00,46,
http://irail.be/vehicle/L5786,http://irail.be/stations/NMBS/008864956,L,2017-02-03T16:23:00,2017-02-03T16:23:00,46,46
http://irail.be/vehicle/L5786,http://irail.be/stations/NMBS/008864964,L,2017-02-03T16:26:00,2017-02-03T16:26:00,46,46
http://irail.be/vehicle/L5786,http://irail.be/stations/NMBS/008863362,L,2017-02-03T16:30:00,2017-02-03T16:30:00,46,46
http://irail.be/vehicle/L5786,http://irail.be/stations/NMBS/008863354,L,2017-02-03T16:34:00,2017-02-03T16:34:00,46,46
http://irail.be/vehicle/L5786,NO-URI,L,2017-02-03T16:36:00,2017-02-03T16:36:00,48,48
http://irail.be/vehicle/L5786,http://irail.be/stations/NMBS/008863008,L,2017-02-03T16:37:00,2017-02-03T16:37:00,,65
http://irail.be/vehicle/L5786,NO-URI,L,2017-05-19T16:19:00,2017-05-19T16:19:00,13,
http://irail.be/vehicle/L5786,http://irail.be/stations/NMBS/008864956,L,2017-05-19T16:23:00,2017-05-19T16:23:00,13,13
http://irail.be/vehicle/L5786,http://irail.be/stations/NMBS/008864964,L,2017-05-19T16:26:00,2017-05-19T16:26:00,13,13
http://irail.be/vehicle/L5786,http://irail.be/stations/NMBS/008863362,L,2017-05-19T16:30:00,2017-05-19T16:30:00,13,13
http://irail.be/vehicle/L5786,http://irail.be/stations/NMBS/008863354,L,2017-05-19T16:34:00,2017-05-19T16:34:00,13,13
http://irail.be/vehicle/L5786,NO-URI,L,2017-05-19T16:36:00,2017-05-19T16:36:00,13,13
http://irail.be/vehicle/L5786,http://irail.be/stations/NMBS/008863008,L,2017-05-19T16:37:00,2017-05-19T16:37:00,,20
http://irail.be/vehicle/L5786,http://irail.be/stations/NMBS/008864501,L,2017-07-28T15:52:00,2017-07-28T15:52:00,208,
http://irail.be/vehicle/L5786,http://irail.be/stations/NMBS/008864915,L,2017-07-28T15:58:00,2017-07-28T15:58:00,213,213
http://irail.be/vehicle/L5786,http://irail.be/stations/NMBS/008864923,L,2017-07-28T16:00:00,2017-07-28T16:00:00,213,213
http://irail.be/vehicle/L5786,http://irail.be/stations/NMBS/008864931,L,2017-07-28T16:03:00,2017-07-28T16:02:00,213,213
http://irail.be/vehicle/L5786,http://irail.be/stations/NMBS/008864949,L,2017-07-28T16:06:00,2017-07-28T16:06:00,213,213
http://irail.be/vehicle/L5786,NO-URI,L,2017-07-28T16:07:00,2017-07-28T16:07:00,213,213
http://irail.be/vehicle/L5786,http://irail.be/stations/NMBS/008864956,L,2017-07-28T16:10:00,2017-07-28T16:10:00,130,130
http://irail.be/vehicle/L5786,http://irail.be/stations/NMBS/008864964,L,2017-07-28T16:13:00,2017-07-28T16:13:00,130,130
http://irail.be/vehicle/L5786,http://irail.be/stations/NMBS/008863362,L,2017-07-28T16:18:00,2017-07-28T16:18:00,130,130
http://irail.be/vehicle/L5786,http://irail.be/stations/NMBS/008863354,L,2017-07-28T16:22:00,2017-07-28T16:22:00,130,130
http://irail.be/vehicle/L5786,NO-URI,L,2017-07-28T16:24:00,2017-07-28T16:24:00,130,130
http://irail.be/vehicle/L5786,http://irail.be/stations/NMBS/008863008,L,2017-07-28T16:26:00,2017-07-28T16:26:00,,112
http://irail.be/vehicle/L5786,NO-URI,L,2017-03-24T16:19:00,2017-03-24T16:19:00,16,
http://irail.be/vehicle/L5786,http://irail.be/stations/NMBS/008864956,L,2017-03-24T16:23:00,2017-03-24T16:23:00,16,16
http://irail.be/vehicle/L5786,http://irail.be/stations/NMBS/008864964,L,2017-03-24T16:26:00,2017-03-24T16:26:00,16,16
http://irail.be/vehicle/L5786,http://irail.be/stations/NMBS/008863362,L,2017-03-24T16:30:00,2017-03-24T16:30:00,16,16
http://irail.be/vehicle/L5786,http://irail.be/stations/NMBS/008863354,L,2017-03-24T16:34:00,2017-03-24T16:34:00,16,16
http://irail.be/vehicle/L5786,NO-URI,L,2017-03-24T16:36:00,2017-03-24T16:36:00,16,16
http://irail.be/vehicle/L5786,http://irail.be/stations/NMBS/008863008,L,2017-03-24T16:37:00,2017-03-24T16:37:00,,21
http://irail.be/vehicle/L5786,NO-URI,L,2017-02-08T16:19:00,2017-02-08T16:19:00,-5,
http://irail.be/vehicle/L5786,http://irail.be/stations/NMBS/008864956,L,2017-02-08T16:23:00,2017-02-08T16:23:00,-5,-5
http://irail.be/vehicle/L5786,http://irail.be/stations/NMBS/008864964,L,2017-02-08T16:26:00,2017-02-08T16:26:00,-5,-5
http://irail.be/vehicle/L5786,http://irail.be/stations/NMBS/008863362,L,2017-02-08T16:30:00,2017-02-08T16:30:00,-5,-5
http://irail.be/vehicle/L5786,http://irail.be/stations/NMBS/008863354,L,2017-02-08T16:34:00,2017-02-08T16:34:00,-5,-5
http://irail.be/vehicle/L5786,NO-URI,L,2017-02-08T16:36:00,2017-02-08T16:36:00,-5,-5
http://irail.be/vehicle/L5786,http://irail.be/stations/NMBS/008863008,L,2017-02-08T16:37:00,2017-02-08T16:37:00,,6
http://irail.be/vehicle/L5786,http://irail.be/stations/NMBS/008864501,L,2017-12-14T16:07:00,2017-12-14T16:07:00,86,
http://irail.be/vehicle/L5786,http://irail.be/stations/NMBS/008864915,L,2017-12-14T16:13:00,2017-12-14T16:13:00,68,68
http://irail.be/vehicle/L5786,http://irail.be/stations/NMBS/008864923,L,2017-12-14T16:15:00,2017-12-14T16:15:00,68,68
http://irail.be/vehicle/L5786,http://irail.be/stations/NMBS/008864931,L,2017-12-14T16:17:00,2017-12-14T16:17:00,68,68
http://irail.be/vehicle/L5786,http://irail.be/stations/NMBS/008864949,L,2017-12-14T16:20:00,2017-12-14T16:20:00,68,68
http://irail.be/vehicle/L5786,NO-URI,L,2017-12-14T16:21:00,2017-12-14T16:21:00,68,68
http://irail.be/vehicle/L5786,http://irail.be/stations/NMBS/008864956,L,2017-12-14T16:24:00,2017-12-14T16:24:00,70,70
http://irail.be/vehicle/L5786,http://irail.be/stations/NMBS/008864964,L,2017-12-14T16:27:00,2017-12-14T16:27:00,70,70
http://irail.be/vehicle/L5786,http://irail.be/stations/NMBS/008863362,L,2017-12-14T16:31:00,2017-12-14T16:31:00,70,70
http://irail.be/vehicle/L5786,http://irail.be/stations/NMBS/008863354,L,2017-12-14T16:35:00,2017-12-14T16:34:00,70,70
http://irail.be/vehicle/L5786,NO-URI,L,2017-12-14T16:37:00,2017-12-14T16:37:00,70,70
http://irail.be/vehicle/L5786,http://irail.be/stations/NMBS/008863008,L,2017-12-14T16:38:00,2017-12-14T16:38:00,,64
http://irail.be/vehicle/L5786,NO-URI,L,2017-02-23T16:19:00,2017-02-23T16:19:00,29,
http://irail.be/vehicle/L5786,http://irail.be/stations/NMBS/008864956,L,2017-02-23T16:23:00,2017-02-23T16:23:00,29,29
http://irail.be/vehicle/L5786,http://irail.be/stations/NMBS/008864964,L,2017-02-23T16:26:00,2017-02-23T16:26:00,29,29
http://irail.be/vehicle/L5786,http://irail.be/stations/NMBS/008863362,L,2017-02-23T16:30:00,2017-02-23T16:30:00,29,29
http://irail.be/vehicle/L5786,http://irail.be/stations/NMBS/008863354,L,2017-02-23T16:34:00,2017-02-23T16:34:00,29,29
http://irail.be/vehicle/L5786,NO-URI,L,2017-02-23T16:36:00,2017-02-23T16:36:00,29,29
http://irail.be/vehicle/L5786,http://irail.be/stations/NMBS/008863008,L,2017-02-23T16:37:00,2017-02-23T16:37:00,,38
http://irail.be/vehicle/L5786,NO-URI,L,2017-06-09T16:19:00,2017-06-09T16:19:00,39,
http://irail.be/vehicle/L5786,http://irail.be/stations/NMBS/008864956,L,2017-06-09T16:23:00,2017-06-09T16:23:00,39,39
http://irail.be/vehicle/L5786,http://irail.be/stations/NMBS/008864964,L,2017-06-09T16:26:00,2017-06-09T16:26:00,39,39
http://irail.be/vehicle/L5786,http://irail.be/stations/NMBS/008863362,L,2017-06-09T16:30:00,2017-06-09T16:30:00,39,39
http://irail.be/vehicle/L5786,http://irail.be/stations/NMBS/008863354,L,2017-06-09T16:34:00,2017-06-09T16:34:00,39,39
http://irail.be/vehicle/L5786,NO-URI,L,2017-06-09T16:36:00,2017-06-09T16:36:00,39,39
http://irail.be/vehicle/L5786,http://irail.be/stations/NMBS/008863008,L,2017-06-09T16:37:00,2017-06-09T16:37:00,,46
http://irail.be/vehicle/L5786,http://irail.be/stations/NMBS/008864501,L,2017-10-30T15:54:00,2017-10-30T15:54:00,96,
http://irail.be/vehicle/L5786,http://irail.be/stations/NMBS/008864915,L,2017-10-30T16:00:00,2017-10-30T16:00:00,130,130
http://irail.be/vehicle/L5786,http://irail.be/stations/NMBS/008864923,L,2017-10-30T16:02:00,2017-10-30T16:02:00,130,130
http://irail.be/vehicle/L5786,http://irail.be/stations/NMBS/008864931,L,2017-10-30T16:05:00,2017-10-30T16:04:00,130,130
http://irail.be/vehicle/L5786,http://irail.be/stations/NMBS/008864949,L,2017-10-30T16:08:00,2017-10-30T16:08:00,130,130
http://irail.be/vehicle/L5786,NO-URI,L,2017-10-30T16:09:00,2017-10-30T16:09:00,130,130
http://irail.be/vehicle/L5786,http://irail.be/stations/NMBS/008864956,L,2017-10-30T16:12:00,2017-10-30T16:12:00,54,54
http://irail.be/vehicle/L5786,http://irail.be/stations/NMBS/008864964,L,2017-10-30T16:15:00,2017-10-30T16:15:00,54,54
http://irail.be/vehicle/L5786,http://irail.be/stations/NMBS/008863362,L,2017-10-30T16:19:00,2017-10-30T16:19:00,54,54
http://irail.be/vehicle/L5786,http://irail.be/stations/NMBS/008863354,L,2017-10-30T16:22:00,2017-10-30T16:22:00,54,54
http://irail.be/vehicle/L5786,NO-URI,L,2017-10-30T16:24:00,2017-10-30T16:24:00,54,54
http://irail.be/vehicle/L5786,http://irail.be/stations/NMBS/008863008,L,2017-10-30T16:25:00,2017-10-30T16:25:00,,54
http://irail.be/vehicle/L5786,NO-URI,L,2017-01-23T16:19:00,2017-01-23T16:19:00,-1,
http://irail.be/vehicle/L5786,http://irail.be/stations/NMBS/008864956,L,2017-01-23T16:23:00,2017-01-23T16:23:00,0,-1
http://irail.be/vehicle/L5786,http://irail.be/stations/NMBS/008864964,L,2017-01-23T16:26:00,2017-01-23T16:26:00,-1,-1
http://irail.be/vehicle/L5786,http://irail.be/stations/NMBS/008863362,L,2017-01-23T16:30:00,2017-01-23T16:30:00,-1,-1
http://irail.be/vehicle/L5786,http://irail.be/stations/NMBS/008863354,L,2017-01-23T16:34:00,2017-01-23T16:34:00,0,-1
http://irail.be/vehicle/L5786,NO-URI,L,2017-01-23T16:36:00,2017-01-23T16:36:00,0,0
http://irail.be/vehicle/L5786,http://irail.be/stations/NMBS/008863008,L,2017-01-23T16:37:00,2017-01-23T16:37:00,,12
http://irail.be/vehicle/L5786,NO-URI,L,2017-01-27T16:19:00,2017-01-27T16:19:00,55,
http://irail.be/vehicle/L5786,http://irail.be/stations/NMBS/008864956,L,2017-01-27T16:23:00,2017-01-27T16:23:00,55,55
http://irail.be/vehicle/L5786,http://irail.be/stations/NMBS/008864964,L,2017-01-27T16:26:00,2017-01-27T16:26:00,55,55
http://irail.be/vehicle/L5786,http://irail.be/stations/NMBS/008863362,L,2017-01-27T16:30:00,2017-01-27T16:30:00,55,55
http://irail.be/vehicle/L5786,http://irail.be/stations/NMBS/008863354,L,2017-01-27T16:34:00,2017-01-27T16:34:00,55,55
http://irail.be/vehicle/L5786,NO-URI,L,2017-01-27T16:36:00,2017-01-27T16:36:00,55,55
http://irail.be/vehicle/L5786,http://irail.be/stations/NMBS/008863008,L,2017-01-27T16:37:00,2017-01-27T16:37:00,,65
http://irail.be/vehicle/L5786,http://irail.be/stations/NMBS/008864501,L,2017-08-01T15:52:00,2017-08-01T15:52:00,156,
http://irail.be/vehicle/L5786,http://irail.be/stations/NMBS/008864915,L,2017-08-01T15:58:00,2017-08-01T15:58:00,84,84
http://irail.be/vehicle/L5786,http://irail.be/stations/NMBS/008864923,L,2017-08-01T16:00:00,2017-08-01T16:00:00,84,84
http://irail.be/vehicle/L5786,http://irail.be/stations/NMBS/008864931,L,2017-08-01T16:03:00,2017-08-01T16:02:00,84,84
http://irail.be/vehicle/L5786,http://irail.be/stations/NMBS/008864949,L,2017-08-01T16:06:00,2017-08-01T16:06:00,84,84
http://irail.be/vehicle/L5786,NO-URI,L,2017-08-01T16:07:00,2017-08-01T16:07:00,84,84
http://irail.be/vehicle/L5786,http://irail.be/stations/NMBS/008864956,L,2017-08-01T16:10:00,2017-08-01T16:10:00,168,168
http://irail.be/vehicle/L5786,http://irail.be/stations/NMBS/008864964,L,2017-08-01T16:13:00,2017-08-01T16:13:00,87,87
http://irail.be/vehicle/L5786,http://irail.be/stations/NMBS/008863362,L,2017-08-01T16:18:00,2017-08-01T16:18:00,87,87
http://irail.be/vehicle/L5786,http://irail.be/stations/NMBS/008863354,L,2017-08-01T16:22:00,2017-08-01T16:22:00,87,87
http://irail.be/vehicle/L5786,NO-URI,L,2017-08-01T16:24:00,2017-08-01T16:24:00,87,87
http://irail.be/vehicle/L5786,http://irail.be/stations/NMBS/008863008,L,2017-08-01T16:26:00,2017-08-01T16:26:00,,65
http://irail.be/vehicle/L5786,NO-URI,L,2017-03-13T16:19:00,2017-03-13T16:19:00,210,
http://irail.be/vehicle/L5786,http://irail.be/stations/NMBS/008864956,L,2017-03-13T16:23:00,2017-03-13T16:23:00,210,210
http://irail.be/vehicle/L5786,http://irail.be/stations/NMBS/008864964,L,2017-03-13T16:26:00,2017-03-13T16:26:00,210,210
http://irail.be/vehicle/L5786,http://irail.be/stations/NMBS/008863362,L,2017-03-13T16:30:00,2017-03-13T16:30:00,210,210
http://irail.be/vehicle/L5786,http://irail.be/stations/NMBS/008863354,L,2017-03-13T16:34:00,2017-03-13T16:34:00,210,210
http://irail.be/vehicle/L5786,NO-URI,L,2017-03-13T16:36:00,2017-03-13T16:36:00,210,210
http://irail.be/vehicle/L5786,http://irail.be/stations/NMBS/008863008,L,2017-03-13T16:37:00,2017-03-13T16:37:00,,249
http://irail.be/vehicle/L5786,NO-URI,L,2017-05-10T16:19:00,2017-05-10T16:19:00,143,
http://irail.be/vehicle/L5786,http://irail.be/stations/NMBS/008864956,L,2017-05-10T16:23:00,2017-05-10T16:23:00,143,143
http://irail.be/vehicle/L5786,http://irail.be/stations/NMBS/008864964,L,2017-05-10T16:26:00,2017-05-10T16:26:00,143,143
http://irail.be/vehicle/L5786,http://irail.be/stations/NMBS/008863362,L,2017-05-10T16:30:00,2017-05-10T16:30:00,143,143
http://irail.be/vehicle/L5786,http://irail.be/stations/NMBS/008863354,L,2017-05-10T16:34:00,2017-05-10T16:34:00,143,143
http://irail.be/vehicle/L5786,NO-URI,L,2017-05-10T16:36:00,2017-05-10T16:36:00,143,143
http://irail.be/vehicle/L5786,http://irail.be/stations/NMBS/008863008,L,2017-05-10T16:37:00,2017-05-10T16:37:00,,159
http://irail.be/vehicle/L5786,http://irail.be/stations/NMBS/008864501,L,2017-09-15T15:54:00,2017-09-15T15:54:00,66,
http://irail.be/vehicle/L5786,http://irail.be/stations/NMBS/008864915,L,2017-09-15T16:00:00,2017-09-15T16:00:00,46,46
http://irail.be/vehicle/L5786,http://irail.be/stations/NMBS/008864923,L,2017-09-15T16:02:00,2017-09-15T16:02:00,46,46
http://irail.be/vehicle/L5786,http://irail.be/stations/NMBS/008864931,L,2017-09-15T16:05:00,2017-09-15T16:04:00,46,46
http://irail.be/vehicle/L5786,http://irail.be/stations/NMBS/008864949,L,2017-09-15T16:08:00,2017-09-15T16:08:00,46,46
http://irail.be/vehicle/L5786,NO-URI,L,2017-09-15T16:09:00,2017-09-15T16:09:00,46,46
http://irail.be/vehicle/L5786,http://irail.be/stations/NMBS/008864956,L,2017-09-15T16:12:00,2017-09-15T16:12:00,56,56
http://irail.be/vehicle/L5786,http://irail.be/stations/NMBS/008864964,L,2017-09-15T16:15:00,2017-09-15T16:15:00,56,56
http://irail.be/vehicle/L5786,http://irail.be/stations/NMBS/008863362,L,2017-09-15T16:19:00,2017-09-15T16:19:00,56,56
http://irail.be/vehicle/L5786,http://irail.be/stations/NMBS/008863354,L,2017-09-15T16:22:00,2017-09-15T16:22:00,56,56
http://irail.be/vehicle/L5786,NO-URI,L,2017-09-15T16:24:00,2017-09-15T16:24:00,56,56
http://irail.be/vehicle/L5786,http://irail.be/stations/NMBS/008863008,L,2017-09-15T16:25:00,2017-09-15T16:25:00,,46
http://irail.be/vehicle/L5786,NO-URI,L,2017-04-24T16:19:00,2017-04-24T16:19:00,76,
http://irail.be/vehicle/L5786,http://irail.be/stations/NMBS/008864956,L,2017-04-24T16:23:00,2017-04-24T16:23:00,76,76
http://irail.be/vehicle/L5786,http://irail.be/stations/NMBS/008864964,L,2017-04-24T16:26:00,2017-04-24T16:26:00,76,76
http://irail.be/vehicle/L5786,http://irail.be/stations/NMBS/008863362,L,2017-04-24T16:30:00,2017-04-24T16:30:00,76,76
http://irail.be/vehicle/L5786,http://irail.be/stations/NMBS/008863354,L,2017-04-24T16:34:00,2017-04-24T16:34:00,76,76
http://irail.be/vehicle/L5786,NO-URI,L,2017-04-24T16:36:00,2017-04-24T16:36:00,76,76
http://irail.be/vehicle/L5786,http://irail.be/stations/NMBS/008863008,L,2017-04-24T16:37:00,2017-04-24T16:37:00,,87
http://irail.be/vehicle/L5786,http://irail.be/stations/NMBS/008864501,L,2017-07-31T15:52:00,2017-07-31T15:52:00,241,
http://irail.be/vehicle/L5786,http://irail.be/stations/NMBS/008864915,L,2017-07-31T15:58:00,2017-07-31T15:58:00,204,204
http://irail.be/vehicle/L5786,http://irail.be/stations/NMBS/008864923,L,2017-07-31T16:00:00,2017-07-31T16:00:00,204,204
http://irail.be/vehicle/L5786,http://irail.be/stations/NMBS/008864931,L,2017-07-31T16:03:00,2017-07-31T16:02:00,204,204
http://irail.be/vehicle/L5786,http://irail.be/stations/NMBS/008864949,L,2017-07-31T16:06:00,2017-07-31T16:06:00,204,204
http://irail.be/vehicle/L5786,NO-URI,L,2017-07-31T16:07:00,2017-07-31T16:07:00,204,204
http://irail.be/vehicle/L5786,http://irail.be/stations/NMBS/008864956,L,2017-07-31T16:10:00,2017-07-31T16:10:00,282,282
http://irail.be/vehicle/L5786,http://irail.be/stations/NMBS/008864964,L,2017-07-31T16:13:00,2017-07-31T16:13:00,214,214
http://irail.be/vehicle/L5786,http://irail.be/stations/NMBS/008863362,L,2017-07-31T16:18:00,2017-07-31T16:18:00,214,214
http://irail.be/vehicle/L5786,http://irail.be/stations/NMBS/008863354,L,2017-07-31T16:22:00,2017-07-31T16:22:00,214,214
http://irail.be/vehicle/L5786,NO-URI,L,2017-07-31T16:24:00,2017-07-31T16:24:00,214,214
http://irail.be/vehicle/L5786,http://irail.be/stations/NMBS/008863008,L,2017-07-31T16:26:00,2017-07-31T16:26:00,,193
http://irail.be/vehicle/L5786,NO-URI,L,2017-01-12T16:19:00,2017-01-12T16:19:00,19,
http://irail.be/vehicle/L5786,http://irail.be/stations/NMBS/008864956,L,2017-01-12T16:23:00,2017-01-12T16:23:00,19,19
http://irail.be/vehicle/L5786,http://irail.be/stations/NMBS/008864964,L,2017-01-12T16:26:00,2017-01-12T16:26:00,19,19
http://irail.be/vehicle/L5786,http://irail.be/stations/NMBS/008863362,L,2017-01-12T16:30:00,2017-01-12T16:30:00,19,19
http://irail.be/vehicle/L5786,http://irail.be/stations/NMBS/008863354,L,2017-01-12T16:34:00,2017-01-12T16:34:00,19,19
http://irail.be/vehicle/L5786,NO-URI,L,2017-01-12T16:36:00,2017-01-12T16:36:00,19,19
http://irail.be/vehicle/L5786,http://irail.be/stations/NMBS/008863008,L,2017-01-12T16:37:00,2017-01-12T16:37:00,,29
http://irail.be/vehicle/L5786,http://irail.be/stations/NMBS/008864501,L,2017-12-11T16:07:00,2017-12-11T16:07:00,58,
http://irail.be/vehicle/L5786,http://irail.be/stations/NMBS/008864915,L,2017-12-11T16:13:00,2017-12-11T16:13:00,31,31
http://irail.be/vehicle/L5786,http://irail.be/stations/NMBS/008864923,L,2017-12-11T16:15:00,2017-12-11T16:15:00,31,31
http://irail.be/vehicle/L5786,http://irail.be/stations/NMBS/008864931,L,2017-12-11T16:17:00,2017-12-11T16:17:00,31,31
http://irail.be/vehicle/L5786,http://irail.be/stations/NMBS/008864949,L,2017-12-11T16:20:00,2017-12-11T16:20:00,31,31
http://irail.be/vehicle/L5786,NO-URI,L,2017-12-11T16:21:00,2017-12-11T16:21:00,31,31
http://irail.be/vehicle/L5786,http://irail.be/stations/NMBS/008864956,L,2017-12-11T16:24:00,2017-12-11T16:24:00,68,68
http://irail.be/vehicle/L5786,http://irail.be/stations/NMBS/008864964,L,2017-12-11T16:27:00,2017-12-11T16:27:00,68,68
http://irail.be/vehicle/L5786,http://irail.be/stations/NMBS/008863362,L,2017-12-11T16:31:00,2017-12-11T16:31:00,68,68
http://irail.be/vehicle/L5786,http://irail.be/stations/NMBS/008863354,L,2017-12-11T16:35:00,2017-12-11T16:34:00,68,68
http://irail.be/vehicle/L5786,NO-URI,L,2017-12-11T16:37:00,2017-12-11T16:37:00,68,68
http://irail.be/vehicle/L5786,http://irail.be/stations/NMBS/008863008,L,2017-12-11T16:38:00,2017-12-11T16:38:00,,59
http://irail.be/vehicle/L5786,NO-URI,L,2017-06-06T16:19:00,2017-06-06T16:19:00,79,
http://irail.be/vehicle/L5786,http://irail.be/stations/NMBS/008864956,L,2017-06-06T16:23:00,2017-06-06T16:23:00,79,79
http://irail.be/vehicle/L5786,http://irail.be/stations/NMBS/008864964,L,2017-06-06T16:26:00,2017-06-06T16:26:00,79,79
http://irail.be/vehicle/L5786,http://irail.be/stations/NMBS/008863362,L,2017-06-06T16:30:00,2017-06-06T16:30:00,79,79
http://irail.be/vehicle/L5786,http://irail.be/stations/NMBS/008863354,L,2017-06-06T16:34:00,2017-06-06T16:34:00,79,79
http://irail.be/vehicle/L5786,NO-URI,L,2017-06-06T16:36:00,2017-06-06T16:36:00,79,79
http://irail.be/vehicle/L5786,http://irail.be/stations/NMBS/008863008,L,2017-06-06T16:37:00,2017-06-06T16:37:00,,87
http://irail.be/vehicle/L5786,http://irail.be/stations/NMBS/008864501,L,2017-07-19T15:52:00,2017-07-19T15:52:00,248,
http://irail.be/vehicle/L5786,http://irail.be/stations/NMBS/008864915,L,2017-07-19T15:58:00,2017-07-19T15:58:00,185,185
http://irail.be/vehicle/L5786,http://irail.be/stations/NMBS/008864923,L,2017-07-19T16:00:00,2017-07-19T16:00:00,185,185
http://irail.be/vehicle/L5786,http://irail.be/stations/NMBS/008864931,L,2017-07-19T16:03:00,2017-07-19T16:02:00,185,185
http://irail.be/vehicle/L5786,http://irail.be/stations/NMBS/008864949,L,2017-07-19T16:06:00,2017-07-19T16:06:00,185,185
http://irail.be/vehicle/L5786,NO-URI,L,2017-07-19T16:07:00,2017-07-19T16:07:00,185,185
http://irail.be/vehicle/L5786,http://irail.be/stations/NMBS/008864956,L,2017-07-19T16:10:00,2017-07-19T16:10:00,58,58
http://irail.be/vehicle/L5786,http://irail.be/stations/NMBS/008864964,L,2017-07-19T16:13:00,2017-07-19T16:13:00,58,58
http://irail.be/vehicle/L5786,http://irail.be/stations/NMBS/008863362,L,2017-07-19T16:18:00,2017-07-19T16:18:00,58,58
http://irail.be/vehicle/L5786,http://irail.be/stations/NMBS/008863354,L,2017-07-19T16:22:00,2017-07-19T16:22:00,58,58
http://irail.be/vehicle/L5786,NO-URI,L,2017-07-19T16:24:00,2017-07-19T16:24:00,58,58
http://irail.be/vehicle/L5786,http://irail.be/stations/NMBS/008863008,L,2017-07-19T16:26:00,2017-07-19T16:26:00,,39
http://irail.be/vehicle/L5786,NO-URI,L,2017-03-28T16:19:00,2017-03-28T16:19:00,2,
http://irail.be/vehicle/L5786,http://irail.be/stations/NMBS/008864956,L,2017-03-28T16:23:00,2017-03-28T16:23:00,2,2
http://irail.be/vehicle/L5786,http://irail.be/stations/NMBS/008864964,L,2017-03-28T16:26:00,2017-03-28T16:26:00,2,2
http://irail.be/vehicle/L5786,http://irail.be/stations/NMBS/008863362,L,2017-03-28T16:30:00,2017-03-28T16:30:00,2,2
http://irail.be/vehicle/L5786,http://irail.be/stations/NMBS/008863354,L,2017-03-28T16:34:00,2017-03-28T16:34:00,2,2
http://irail.be/vehicle/L5786,NO-URI,L,2017-03-28T16:36:00,2017-03-28T16:36:00,2,2
http://irail.be/vehicle/L5786,http://irail.be/stations/NMBS/008863008,L,2017-03-28T16:37:00,2017-03-28T16:37:00,,13
http://irail.be/vehicle/L5786,http://irail.be/stations/NMBS/008864501,L,2017-10-03T15:54:00,2017-10-03T15:54:00,104,
http://irail.be/vehicle/L5786,http://irail.be/stations/NMBS/008864915,L,2017-10-03T16:00:00,2017-10-03T16:00:00,82,82
http://irail.be/vehicle/L5786,http://irail.be/stations/NMBS/008864923,L,2017-10-03T16:02:00,2017-10-03T16:02:00,82,82
http://irail.be/vehicle/L5786,http://irail.be/stations/NMBS/008864931,L,2017-10-03T16:05:00,2017-10-03T16:04:00,82,82
http://irail.be/vehicle/L5786,http://irail.be/stations/NMBS/008864949,L,2017-10-03T16:08:00,2017-10-03T16:08:00,82,82
http://irail.be/vehicle/L5786,NO-URI,L,2017-10-03T16:09:00,2017-10-03T16:09:00,82,82
http://irail.be/vehicle/L5786,http://irail.be/stations/NMBS/008864956,L,2017-10-03T16:12:00,2017-10-03T16:12:00,-23,-23
http://irail.be/vehicle/L5786,http://irail.be/stations/NMBS/008864964,L,2017-10-03T16:15:00,2017-10-03T16:15:00,-23,-23
http://irail.be/vehicle/L5786,http://irail.be/stations/NMBS/008863362,L,2017-10-03T16:19:00,2017-10-03T16:19:00,-23,-23
http://irail.be/vehicle/L5786,http://irail.be/stations/NMBS/008863354,L,2017-10-03T16:22:00,2017-10-03T16:22:00,-23,-23
http://irail.be/vehicle/L5786,NO-URI,L,2017-10-03T16:24:00,2017-10-03T16:24:00,-23,-23
http://irail.be/vehicle/L5786,http://irail.be/stations/NMBS/008863008,L,2017-10-03T16:25:00,2017-10-03T16:25:00,,-30
http://irail.be/vehicle/L5786,http://irail.be/stations/NMBS/008864501,L,2017-12-12T16:07:00,2017-12-12T16:07:00,62,
http://irail.be/vehicle/L5786,http://irail.be/stations/NMBS/008864915,L,2017-12-12T16:13:00,2017-12-12T16:13:00,69,69
http://irail.be/vehicle/L5786,http://irail.be/stations/NMBS/008864923,L,2017-12-12T16:15:00,2017-12-12T16:15:00,69,69
http://irail.be/vehicle/L5786,http://irail.be/stations/NMBS/008864931,L,2017-12-12T16:17:00,2017-12-12T16:17:00,69,69
http://irail.be/vehicle/L5786,http://irail.be/stations/NMBS/008864949,L,2017-12-12T16:20:00,2017-12-12T16:20:00,69,69
http://irail.be/vehicle/L5786,NO-URI,L,2017-12-12T16:21:00,2017-12-12T16:21:00,69,69
http://irail.be/vehicle/L5786,http://irail.be/stations/NMBS/008864956,L,2017-12-12T16:24:00,2017-12-12T16:24:00,29,29
http://irail.be/vehicle/L5786,http://irail.be/stations/NMBS/008864964,L,2017-12-12T16:27:00,2017-12-12T16:27:00,29,29
http://irail.be/vehicle/L5786,http://irail.be/stations/NMBS/008863362,L,2017-12-12T16:31:00,2017-12-12T16:31:00,29,29
http://irail.be/vehicle/L5786,http://irail.be/stations/NMBS/008863354,L,2017-12-12T16:35:00,2017-12-12T16:34:00,29,29
http://irail.be/vehicle/L5786,NO-URI,L,2017-12-12T16:37:00,2017-12-12T16:37:00,29,29
http://irail.be/vehicle/L5786,http://irail.be/stations/NMBS/008863008,L,2017-12-12T16:38:00,2017-12-12T16:38:00,,30
http://irail.be/vehicle/L5786,http://irail.be/stations/NMBS/008864501,L,2017-11-15T15:54:00,2017-11-15T15:54:00,57,
http://irail.be/vehicle/L5786,http://irail.be/stations/NMBS/008864915,L,2017-11-15T16:00:00,2017-11-15T16:00:00,52,52
http://irail.be/vehicle/L5786,http://irail.be/stations/NMBS/008864923,L,2017-11-15T16:02:00,2017-11-15T16:02:00,52,52
http://irail.be/vehicle/L5786,http://irail.be/stations/NMBS/008864931,L,2017-11-15T16:05:00,2017-11-15T16:04:00,52,52
http://irail.be/vehicle/L5786,http://irail.be/stations/NMBS/008864949,L,2017-11-15T16:08:00,2017-11-15T16:08:00,52,52
http://irail.be/vehicle/L5786,NO-URI,L,2017-11-15T16:09:00,2017-11-15T16:09:00,52,52
http://irail.be/vehicle/L5786,http://irail.be/stations/NMBS/008864956,L,2017-11-15T16:12:00,2017-11-15T16:12:00,22,22
http://irail.be/vehicle/L5786,http://irail.be/stations/NMBS/008864964,L,2017-11-15T16:15:00,2017-11-15T16:15:00,22,22
http://irail.be/vehicle/L5786,http://irail.be/stations/NMBS/008863362,L,2017-11-15T16:19:00,2017-11-15T16:19:00,22,22
http://irail.be/vehicle/L5786,http://irail.be/stations/NMBS/008863354,L,2017-11-15T16:22:00,2017-11-15T16:22:00,22,22
http://irail.be/vehicle/L5786,NO-URI,L,2017-11-15T16:24:00,2017-11-15T16:24:00,22,22
http://irail.be/vehicle/L5786,http://irail.be/stations/NMBS/008863008,L,2017-11-15T16:25:00,2017-11-15T16:25:00,,16
http://irail.be/vehicle/L5786,NO-URI,L,2017-01-31T16:19:00,2017-01-31T16:19:00,27,
http://irail.be/vehicle/L5786,http://irail.be/stations/NMBS/008864956,L,2017-01-31T16:23:00,2017-01-31T16:23:00,27,27
http://irail.be/vehicle/L5786,http://irail.be/stations/NMBS/008864964,L,2017-01-31T16:26:00,2017-01-31T16:26:00,27,27
http://irail.be/vehicle/L5786,http://irail.be/stations/NMBS/008863362,L,2017-01-31T16:30:00,2017-01-31T16:30:00,27,27
http://irail.be/vehicle/L5786,http://irail.be/stations/NMBS/008863354,L,2017-01-31T16:34:00,2017-01-31T16:34:00,27,27
http://irail.be/vehicle/L5786,NO-URI,L,2017-01-31T16:36:00,2017-01-31T16:36:00,27,27
http://irail.be/vehicle/L5786,http://irail.be/stations/NMBS/008863008,L,2017-01-31T16:37:00,2017-01-31T16:37:00,,56
http://irail.be/vehicle/L5786,http://irail.be/stations/NMBS/008864501,L,2017-09-21T15:54:00,2017-09-21T15:54:00,331,
http://irail.be/vehicle/L5786,http://irail.be/stations/NMBS/008864915,L,2017-09-21T16:00:00,2017-09-21T16:00:00,298,298
http://irail.be/vehicle/L5786,http://irail.be/stations/NMBS/008864923,L,2017-09-21T16:02:00,2017-09-21T16:02:00,298,298
http://irail.be/vehicle/L5786,http://irail.be/stations/NMBS/008864931,L,2017-09-21T16:05:00,2017-09-21T16:04:00,298,298
http://irail.be/vehicle/L5786,http://irail.be/stations/NMBS/008864949,L,2017-09-21T16:08:00,2017-09-21T16:08:00,298,298
http://irail.be/vehicle/L5786,NO-URI,L,2017-09-21T16:09:00,2017-09-21T16:09:00,298,298
http://irail.be/vehicle/L5786,http://irail.be/stations/NMBS/008864956,L,2017-09-21T16:12:00,2017-09-21T16:12:00,236,236
http://irail.be/vehicle/L5786,http://irail.be/stations/NMBS/008864964,L,2017-09-21T16:15:00,2017-09-21T16:15:00,236,236
http://irail.be/vehicle/L5786,http://irail.be/stations/NMBS/008863362,L,2017-09-21T16:19:00,2017-09-21T16:19:00,236,236
http://irail.be/vehicle/L5786,http://irail.be/stations/NMBS/008863354,L,2017-09-21T16:22:00,2017-09-21T16:22:00,236,236
http://irail.be/vehicle/L5786,NO-URI,L,2017-09-21T16:24:00,2017-09-21T16:24:00,236,236
http://irail.be/vehicle/L5786,http://irail.be/stations/NMBS/008863008,L,2017-09-21T16:25:00,2017-09-21T16:25:00,,232
http://irail.be/vehicle/L5786,http://irail.be/stations/NMBS/008864501,L,2017-11-21T15:54:00,2017-11-21T15:54:00,111,
http://irail.be/vehicle/L5786,http://irail.be/stations/NMBS/008864915,L,2017-11-21T16:00:00,2017-11-21T16:00:00,150,150
http://irail.be/vehicle/L5786,http://irail.be/stations/NMBS/008864923,L,2017-11-21T16:02:00,2017-11-21T16:02:00,150,150
http://irail.be/vehicle/L5786,http://irail.be/stations/NMBS/008864931,L,2017-11-21T16:05:00,2017-11-21T16:04:00,150,150
http://irail.be/vehicle/L5786,http://irail.be/stations/NMBS/008864949,L,2017-11-21T16:08:00,2017-11-21T16:08:00,150,150
http://irail.be/vehicle/L5786,NO-URI,L,2017-11-21T16:09:00,2017-11-21T16:09:00,150,150
http://irail.be/vehicle/L5786,http://irail.be/stations/NMBS/008864956,L,2017-11-21T16:12:00,2017-11-21T16:12:00,157,157
http://irail.be/vehicle/L5786,http://irail.be/stations/NMBS/008864964,L,2017-11-21T16:15:00,2017-11-21T16:15:00,157,157
http://irail.be/vehicle/L5786,http://irail.be/stations/NMBS/008863362,L,2017-11-21T16:19:00,2017-11-21T16:19:00,157,157
http://irail.be/vehicle/L5786,http://irail.be/stations/NMBS/008863354,L,2017-11-21T16:22:00,2017-11-21T16:22:00,157,157
http://irail.be/vehicle/L5786,NO-URI,L,2017-11-21T16:24:00,2017-11-21T16:24:00,157,157
http://irail.be/vehicle/L5786,http://irail.be/stations/NMBS/008863008,L,2017-11-21T16:25:00,2017-11-21T16:25:00,,166
http://irail.be/vehicle/L5786,http://irail.be/stations/NMBS/008864501,L,2017-12-28T16:07:00,2017-12-28T16:07:00,15,
http://irail.be/vehicle/L5786,http://irail.be/stations/NMBS/008864915,L,2017-12-28T16:13:00,2017-12-28T16:13:00,48,48
http://irail.be/vehicle/L5786,http://irail.be/stations/NMBS/008864923,L,2017-12-28T16:15:00,2017-12-28T16:15:00,48,48
http://irail.be/vehicle/L5786,http://irail.be/stations/NMBS/008864931,L,2017-12-28T16:17:00,2017-12-28T16:17:00,48,48
http://irail.be/vehicle/L5786,http://irail.be/stations/NMBS/008864949,L,2017-12-28T16:20:00,2017-12-28T16:20:00,48,48
http://irail.be/vehicle/L5786,NO-URI,L,2017-12-28T16:21:00,2017-12-28T16:21:00,48,48
http://irail.be/vehicle/L5786,http://irail.be/stations/NMBS/008864956,L,2017-12-28T16:24:00,2017-12-28T16:24:00,53,53
http://irail.be/vehicle/L5786,http://irail.be/stations/NMBS/008864964,L,2017-12-28T16:27:00,2017-12-28T16:27:00,15,15
http://irail.be/vehicle/L5786,http://irail.be/stations/NMBS/008863362,L,2017-12-28T16:31:00,2017-12-28T16:31:00,15,15
http://irail.be/vehicle/L5786,http://irail.be/stations/NMBS/008863354,L,2017-12-28T16:35:00,2017-12-28T16:34:00,15,15
http://irail.be/vehicle/L5786,NO-URI,L,2017-12-28T16:37:00,2017-12-28T16:37:00,15,15
http://irail.be/vehicle/L5786,http://irail.be/stations/NMBS/008863008,L,2017-12-28T16:38:00,2017-12-28T16:38:00,,19
http://irail.be/vehicle/L5786,NO-URI,L,2017-03-02T16:19:00,2017-03-02T16:19:00,174,
http://irail.be/vehicle/L5786,http://irail.be/stations/NMBS/008864956,L,2017-03-02T16:23:00,2017-03-02T16:23:00,174,174
http://irail.be/vehicle/L5786,http://irail.be/stations/NMBS/008864964,L,2017-03-02T16:26:00,2017-03-02T16:26:00,174,174
http://irail.be/vehicle/L5786,http://irail.be/stations/NMBS/008863362,L,2017-03-02T16:30:00,2017-03-02T16:30:00,174,174
http://irail.be/vehicle/L5786,http://irail.be/stations/NMBS/008863354,L,2017-03-02T16:34:00,2017-03-02T16:34:00,174,174
http://irail.be/vehicle/L5786,NO-URI,L,2017-03-02T16:36:00,2017-03-02T16:36:00,174,174
http://irail.be/vehicle/L5786,http://irail.be/stations/NMBS/008863008,L,2017-03-02T16:37:00,2017-03-02T16:37:00,,185
http://irail.be/vehicle/L5786,http://irail.be/stations/NMBS/008864501,L,2017-12-20T16:07:00,2017-12-20T16:07:00,50,
http://irail.be/vehicle/L5786,http://irail.be/stations/NMBS/008864915,L,2017-12-20T16:13:00,2017-12-20T16:13:00,34,34
http://irail.be/vehicle/L5786,http://irail.be/stations/NMBS/008864923,L,2017-12-20T16:15:00,2017-12-20T16:15:00,34,34
http://irail.be/vehicle/L5786,http://irail.be/stations/NMBS/008864931,L,2017-12-20T16:17:00,2017-12-20T16:17:00,34,34
http://irail.be/vehicle/L5786,http://irail.be/stations/NMBS/008864949,L,2017-12-20T16:20:00,2017-12-20T16:20:00,34,34
http://irail.be/vehicle/L5786,NO-URI,L,2017-12-20T16:21:00,2017-12-20T16:21:00,34,34
http://irail.be/vehicle/L5786,http://irail.be/stations/NMBS/008864956,L,2017-12-20T16:24:00,2017-12-20T16:24:00,22,22
http://irail.be/vehicle/L5786,http://irail.be/stations/NMBS/008864964,L,2017-12-20T16:27:00,2017-12-20T16:27:00,-4,-4
http://irail.be/vehicle/L5786,http://irail.be/stations/NMBS/008863362,L,2017-12-20T16:31:00,2017-12-20T16:31:00,-4,-4
http://irail.be/vehicle/L5786,http://irail.be/stations/NMBS/008863354,L,2017-12-20T16:35:00,2017-12-20T16:34:00,-4,-4
http://irail.be/vehicle/L5786,NO-URI,L,2017-12-20T16:37:00,2017-12-20T16:37:00,-4,-4
http://irail.be/vehicle/L5786,http://irail.be/stations/NMBS/008863008,L,2017-12-20T16:38:00,2017-12-20T16:38:00,,-15
http://irail.be/vehicle/L5786,http://irail.be/stations/NMBS/008864501,L,2017-06-14T15:52:00,2017-06-14T15:52:00,58,
http://irail.be/vehicle/L5786,http://irail.be/stations/NMBS/008864915,L,2017-06-14T15:58:00,2017-06-14T15:58:00,231,231
http://irail.be/vehicle/L5786,http://irail.be/stations/NMBS/008864923,L,2017-06-14T16:00:00,2017-06-14T16:00:00,231,231
http://irail.be/vehicle/L5786,http://irail.be/stations/NMBS/008864931,L,2017-06-14T16:03:00,2017-06-14T16:02:00,231,231
http://irail.be/vehicle/L5786,http://irail.be/stations/NMBS/008864949,L,2017-06-14T16:06:00,2017-06-14T16:06:00,231,231
http://irail.be/vehicle/L5786,NO-URI,L,2017-06-14T16:07:00,2017-06-14T16:07:00,231,231
http://irail.be/vehicle/L5786,http://irail.be/stations/NMBS/008864956,L,2017-06-14T16:10:00,2017-06-14T16:10:00,174,174
http://irail.be/vehicle/L5786,http://irail.be/stations/NMBS/008864964,L,2017-06-14T16:13:00,2017-06-14T16:13:00,174,174
http://irail.be/vehicle/L5786,http://irail.be/stations/NMBS/008863362,L,2017-06-14T16:18:00,2017-06-14T16:18:00,174,174
http://irail.be/vehicle/L5786,http://irail.be/stations/NMBS/008863354,L,2017-06-14T16:22:00,2017-06-14T16:22:00,174,174
http://irail.be/vehicle/L5786,NO-URI,L,2017-06-14T16:24:00,2017-06-14T16:24:00,174,174
http://irail.be/vehicle/L5786,http://irail.be/stations/NMBS/008863008,L,2017-06-14T16:26:00,2017-06-14T16:26:00,,155
http://irail.be/vehicle/L5786,http://irail.be/stations/NMBS/008864501,L,2017-08-18T15:54:00,2017-08-18T15:54:00,175,
http://irail.be/vehicle/L5786,http://irail.be/stations/NMBS/008864915,L,2017-08-18T16:00:00,2017-08-18T16:00:00,276,276
http://irail.be/vehicle/L5786,http://irail.be/stations/NMBS/008864923,L,2017-08-18T16:02:00,2017-08-18T16:02:00,276,276
http://irail.be/vehicle/L5786,http://irail.be/stations/NMBS/008864931,L,2017-08-18T16:05:00,2017-08-18T16:04:00,276,276
http://irail.be/vehicle/L5786,http://irail.be/stations/NMBS/008864949,L,2017-08-18T16:08:00,2017-08-18T16:08:00,276,276
http://irail.be/vehicle/L5786,NO-URI,L,2017-08-18T16:09:00,2017-08-18T16:09:00,276,276
http://irail.be/vehicle/L5786,http://irail.be/stations/NMBS/008864956,L,2017-08-18T16:12:00,2017-08-18T16:12:00,253,253
http://irail.be/vehicle/L5786,http://irail.be/stations/NMBS/008864964,L,2017-08-18T16:15:00,2017-08-18T16:15:00,178,178
http://irail.be/vehicle/L5786,http://irail.be/stations/NMBS/008863362,L,2017-08-18T16:20:00,2017-08-18T16:20:00,178,178
http://irail.be/vehicle/L5786,http://irail.be/stations/NMBS/008863354,L,2017-08-18T16:24:00,2017-08-18T16:24:00,178,178
http://irail.be/vehicle/L5786,NO-URI,L,2017-08-18T16:26:00,2017-08-18T16:26:00,178,178
http://irail.be/vehicle/L5786,http://irail.be/stations/NMBS/008863008,L,2017-08-18T16:28:00,2017-08-18T16:28:00,,161
http://irail.be/vehicle/L5786,http://irail.be/stations/NMBS/008864501,L,2017-11-06T15:54:00,2017-11-06T15:54:00,199,
http://irail.be/vehicle/L5786,http://irail.be/stations/NMBS/008864915,L,2017-11-06T16:00:00,2017-11-06T16:00:00,134,134
http://irail.be/vehicle/L5786,http://irail.be/stations/NMBS/008864923,L,2017-11-06T16:02:00,2017-11-06T16:02:00,134,134
http://irail.be/vehicle/L5786,http://irail.be/stations/NMBS/008864931,L,2017-11-06T16:05:00,2017-11-06T16:04:00,134,134
http://irail.be/vehicle/L5786,http://irail.be/stations/NMBS/008864949,L,2017-11-06T16:08:00,2017-11-06T16:08:00,134,134
http://irail.be/vehicle/L5786,NO-URI,L,2017-11-06T16:09:00,2017-11-06T16:09:00,134,134
http://irail.be/vehicle/L5786,http://irail.be/stations/NMBS/008864956,L,2017-11-06T16:12:00,2017-11-06T16:12:00,124,124
http://irail.be/vehicle/L5786,http://irail.be/stations/NMBS/008864964,L,2017-11-06T16:15:00,2017-11-06T16:15:00,124,124
http://irail.be/vehicle/L5786,http://irail.be/stations/NMBS/008863362,L,2017-11-06T16:19:00,2017-11-06T16:19:00,124,124
http://irail.be/vehicle/L5786,http://irail.be/stations/NMBS/008863354,L,2017-11-06T16:22:00,2017-11-06T16:22:00,124,124
http://irail.be/vehicle/L5786,NO-URI,L,2017-11-06T16:24:00,2017-11-06T16:24:00,124,124
http://irail.be/vehicle/L5786,http://irail.be/stations/NMBS/008863008,L,2017-11-06T16:25:00,2017-11-06T16:25:00,,120
http://irail.be/vehicle/L5786,http://irail.be/stations/NMBS/008864501,L,2017-07-24T15:52:00,2017-07-24T15:52:00,49,
http://irail.be/vehicle/L5786,http://irail.be/stations/NMBS/008864915,L,2017-07-24T15:58:00,2017-07-24T15:58:00,48,48
http://irail.be/vehicle/L5786,http://irail.be/stations/NMBS/008864923,L,2017-07-24T16:00:00,2017-07-24T16:00:00,48,48
http://irail.be/vehicle/L5786,http://irail.be/stations/NMBS/008864931,L,2017-07-24T16:03:00,2017-07-24T16:02:00,48,48
http://irail.be/vehicle/L5786,http://irail.be/stations/NMBS/008864949,L,2017-07-24T16:06:00,2017-07-24T16:06:00,48,48
http://irail.be/vehicle/L5786,NO-URI,L,2017-07-24T16:07:00,2017-07-24T16:07:00,,48
http://irail.be/vehicle/L5786,http://irail.be/stations/NMBS/008864501,L,2017-07-27T15:52:00,2017-07-27T15:52:00,56,
http://irail.be/vehicle/L5786,http://irail.be/stations/NMBS/008864915,L,2017-07-27T15:58:00,2017-07-27T15:58:00,36,36
http://irail.be/vehicle/L5786,http://irail.be/stations/NMBS/008864923,L,2017-07-27T16:00:00,2017-07-27T16:00:00,36,36
http://irail.be/vehicle/L5786,http://irail.be/stations/NMBS/008864931,L,2017-07-27T16:03:00,2017-07-27T16:02:00,36,36
http://irail.be/vehicle/L5786,http://irail.be/stations/NMBS/008864949,L,2017-07-27T16:06:00,2017-07-27T16:06:00,36,36
http://irail.be/vehicle/L5786,NO-URI,L,2017-07-27T16:07:00,2017-07-27T16:07:00,36,36
http://irail.be/vehicle/L5786,http://irail.be/stations/NMBS/008864956,L,2017-07-27T16:10:00,2017-07-27T16:10:00,29,29
http://irail.be/vehicle/L5786,http://irail.be/stations/NMBS/008864964,L,2017-07-27T16:13:00,2017-07-27T16:13:00,29,29
http://irail.be/vehicle/L5786,http://irail.be/stations/NMBS/008863362,L,2017-07-27T16:18:00,2017-07-27T16:18:00,29,29
http://irail.be/vehicle/L5786,http://irail.be/stations/NMBS/008863354,L,2017-07-27T16:22:00,2017-07-27T16:22:00,29,29
http://irail.be/vehicle/L5786,NO-URI,L,2017-07-27T16:24:00,2017-07-27T16:24:00,29,29
http://irail.be/vehicle/L5786,http://irail.be/stations/NMBS/008863008,L,2017-07-27T16:26:00,2017-07-27T16:26:00,,11
http://irail.be/vehicle/L5786,http://irail.be/stations/NMBS/008864501,L,2017-10-27T15:54:00,2017-10-27T15:54:00,54,
http://irail.be/vehicle/L5786,http://irail.be/stations/NMBS/008864915,L,2017-10-27T16:00:00,2017-10-27T16:00:00,26,26
http://irail.be/vehicle/L5786,http://irail.be/stations/NMBS/008864923,L,2017-10-27T16:02:00,2017-10-27T16:02:00,26,26
http://irail.be/vehicle/L5786,http://irail.be/stations/NMBS/008864931,L,2017-10-27T16:05:00,2017-10-27T16:04:00,26,26
http://irail.be/vehicle/L5786,http://irail.be/stations/NMBS/008864949,L,2017-10-27T16:08:00,2017-10-27T16:08:00,26,26
http://irail.be/vehicle/L5786,NO-URI,L,2017-10-27T16:09:00,2017-10-27T16:09:00,26,26
http://irail.be/vehicle/L5786,http://irail.be/stations/NMBS/008864956,L,2017-10-27T16:12:00,2017-10-27T16:12:00,61,61
http://irail.be/vehicle/L5786,http://irail.be/stations/NMBS/008864964,L,2017-10-27T16:15:00,2017-10-27T16:15:00,61,61
http://irail.be/vehicle/L5786,http://irail.be/stations/NMBS/008863362,L,2017-10-27T16:19:00,2017-10-27T16:19:00,61,61
http://irail.be/vehicle/L5786,http://irail.be/stations/NMBS/008863354,L,2017-10-27T16:22:00,2017-10-27T16:22:00,61,61
http://irail.be/vehicle/L5786,NO-URI,L,2017-10-27T16:24:00,2017-10-27T16:24:00,61,61
http://irail.be/vehicle/L5786,http://irail.be/stations/NMBS/008863008,L,2017-10-27T16:25:00,2017-10-27T16:25:00,,58
http://irail.be/vehicle/L5786,http://irail.be/stations/NMBS/008864501,L,2017-08-09T15:52:00,2017-08-09T15:52:00,93,
http://irail.be/vehicle/L5786,http://irail.be/stations/NMBS/008864915,L,2017-08-09T15:58:00,2017-08-09T15:58:00,132,132
http://irail.be/vehicle/L5786,http://irail.be/stations/NMBS/008864923,L,2017-08-09T16:00:00,2017-08-09T16:00:00,132,132
http://irail.be/vehicle/L5786,http://irail.be/stations/NMBS/008864931,L,2017-08-09T16:03:00,2017-08-09T16:02:00,132,132
http://irail.be/vehicle/L5786,http://irail.be/stations/NMBS/008864949,L,2017-08-09T16:06:00,2017-08-09T16:06:00,132,132
http://irail.be/vehicle/L5786,NO-URI,L,2017-08-09T16:07:00,2017-08-09T16:07:00,132,132
http://irail.be/vehicle/L5786,http://irail.be/stations/NMBS/008864956,L,2017-08-09T16:10:00,2017-08-09T16:10:00,118,118
http://irail.be/vehicle/L5786,http://irail.be/stations/NMBS/008864964,L,2017-08-09T16:13:00,2017-08-09T16:13:00,41,41
http://irail.be/vehicle/L5786,http://irail.be/stations/NMBS/008863362,L,2017-08-09T16:18:00,2017-08-09T16:18:00,41,41
http://irail.be/vehicle/L5786,http://irail.be/stations/NMBS/008863354,L,2017-08-09T16:22:00,2017-08-09T16:22:00,41,41
http://irail.be/vehicle/L5786,NO-URI,L,2017-08-09T16:24:00,2017-08-09T16:24:00,41,41
http://irail.be/vehicle/L5786,http://irail.be/stations/NMBS/008863008,L,2017-08-09T16:26:00,2017-08-09T16:26:00,,21
http://irail.be/vehicle/L5786,http://irail.be/stations/NMBS/008864501,L,2017-09-29T15:54:00,2017-09-29T15:54:00,69,
http://irail.be/vehicle/L5786,http://irail.be/stations/NMBS/008864915,L,2017-09-29T16:00:00,2017-09-29T16:00:00,89,89
http://irail.be/vehicle/L5786,http://irail.be/stations/NMBS/008864923,L,2017-09-29T16:02:00,2017-09-29T16:02:00,89,89
http://irail.be/vehicle/L5786,http://irail.be/stations/NMBS/008864931,L,2017-09-29T16:05:00,2017-09-29T16:04:00,89,89
http://irail.be/vehicle/L5786,http://irail.be/stations/NMBS/008864949,L,2017-09-29T16:08:00,2017-09-29T16:08:00,89,89
http://irail.be/vehicle/L5786,NO-URI,L,2017-09-29T16:09:00,2017-09-29T16:09:00,89,89
http://irail.be/vehicle/L5786,http://irail.be/stations/NMBS/008864956,L,2017-09-29T16:12:00,2017-09-29T16:12:00,81,81
http://irail.be/vehicle/L5786,http://irail.be/stations/NMBS/008864964,L,2017-09-29T16:15:00,2017-09-29T16:15:00,49,49
http://irail.be/vehicle/L5786,http://irail.be/stations/NMBS/008863362,L,2017-09-29T16:19:00,2017-09-29T16:19:00,49,49
http://irail.be/vehicle/L5786,http://irail.be/stations/NMBS/008863354,L,2017-09-29T16:22:00,2017-09-29T16:22:00,49,49
http://irail.be/vehicle/L5786,NO-URI,L,2017-09-29T16:24:00,2017-09-29T16:24:00,49,49
http://irail.be/vehicle/L5786,http://irail.be/stations/NMBS/008863008,L,2017-09-29T16:25:00,2017-09-29T16:25:00,,42
http://irail.be/vehicle/L5786,NO-URI,L,2017-05-31T16:19:00,2017-05-31T16:19:00,21,
http://irail.be/vehicle/L5786,http://irail.be/stations/NMBS/008864956,L,2017-05-31T16:23:00,2017-05-31T16:23:00,21,21
http://irail.be/vehicle/L5786,http://irail.be/stations/NMBS/008864964,L,2017-05-31T16:26:00,2017-05-31T16:26:00,21,21
http://irail.be/vehicle/L5786,http://irail.be/stations/NMBS/008863362,L,2017-05-31T16:30:00,2017-05-31T16:30:00,21,21
http://irail.be/vehicle/L5786,http://irail.be/stations/NMBS/008863354,L,2017-05-31T16:34:00,2017-05-31T16:34:00,21,21
http://irail.be/vehicle/L5786,NO-URI,L,2017-05-31T16:36:00,2017-05-31T16:36:00,21,21
http://irail.be/vehicle/L5786,http://irail.be/stations/NMBS/008863008,L,2017-05-31T16:37:00,2017-05-31T16:37:00,,28
http://irail.be/vehicle/L5786,http://irail.be/stations/NMBS/008864501,L,2017-08-22T15:54:00,2017-08-22T15:54:00,90,
http://irail.be/vehicle/L5786,http://irail.be/stations/NMBS/008864915,L,2017-08-22T16:00:00,2017-08-22T16:00:00,164,164
http://irail.be/vehicle/L5786,http://irail.be/stations/NMBS/008864923,L,2017-08-22T16:02:00,2017-08-22T16:02:00,164,164
http://irail.be/vehicle/L5786,http://irail.be/stations/NMBS/008864931,L,2017-08-22T16:05:00,2017-08-22T16:04:00,164,164
http://irail.be/vehicle/L5786,http://irail.be/stations/NMBS/008864949,L,2017-08-22T16:08:00,2017-08-22T16:08:00,164,164
http://irail.be/vehicle/L5786,NO-URI,L,2017-08-22T16:09:00,2017-08-22T16:09:00,164,164
http://irail.be/vehicle/L5786,http://irail.be/stations/NMBS/008864956,L,2017-08-22T16:12:00,2017-08-22T16:12:00,234,234
http://irail.be/vehicle/L5786,http://irail.be/stations/NMBS/008864964,L,2017-08-22T16:15:00,2017-08-22T16:15:00,225,225
http://irail.be/vehicle/L5786,http://irail.be/stations/NMBS/008863362,L,2017-08-22T16:20:00,2017-08-22T16:20:00,225,225
http://irail.be/vehicle/L5786,http://irail.be/stations/NMBS/008863354,L,2017-08-22T16:24:00,2017-08-22T16:24:00,225,225
http://irail.be/vehicle/L5786,NO-URI,L,2017-08-22T16:26:00,2017-08-22T16:26:00,225,225
http://irail.be/vehicle/L5786,http://irail.be/stations/NMBS/008863008,L,2017-08-22T16:28:00,2017-08-22T16:28:00,,215
http://irail.be/vehicle/L5786,http://irail.be/stations/NMBS/008864501,L,2017-09-19T15:54:00,2017-09-19T15:54:00,87,
http://irail.be/vehicle/L5786,http://irail.be/stations/NMBS/008864915,L,2017-09-19T16:00:00,2017-09-19T16:00:00,127,127
http://irail.be/vehicle/L5786,http://irail.be/stations/NMBS/008864923,L,2017-09-19T16:02:00,2017-09-19T16:02:00,127,127
http://irail.be/vehicle/L5786,http://irail.be/stations/NMBS/008864931,L,2017-09-19T16:05:00,2017-09-19T16:04:00,127,127
http://irail.be/vehicle/L5786,http://irail.be/stations/NMBS/008864949,L,2017-09-19T16:08:00,2017-09-19T16:08:00,127,127
http://irail.be/vehicle/L5786,NO-URI,L,2017-09-19T16:09:00,2017-09-19T16:09:00,127,127
http://irail.be/vehicle/L5786,http://irail.be/stations/NMBS/008864956,L,2017-09-19T16:12:00,2017-09-19T16:12:00,198,198
http://irail.be/vehicle/L5786,http://irail.be/stations/NMBS/008864964,L,2017-09-19T16:15:00,2017-09-19T16:15:00,198,198
http://irail.be/vehicle/L5786,http://irail.be/stations/NMBS/008863362,L,2017-09-19T16:19:00,2017-09-19T16:19:00,198,198
http://irail.be/vehicle/L5786,http://irail.be/stations/NMBS/008863354,L,2017-09-19T16:22:00,2017-09-19T16:22:00,198,198
http://irail.be/vehicle/L5786,NO-URI,L,2017-09-19T16:24:00,2017-09-19T16:24:00,198,198
http://irail.be/vehicle/L5786,http://irail.be/stations/NMBS/008863008,L,2017-09-19T16:25:00,2017-09-19T16:25:00,,199
http://irail.be/vehicle/L5786,NO-URI,L,2017-01-19T16:19:00,2017-01-19T16:19:00,41,
http://irail.be/vehicle/L5786,http://irail.be/stations/NMBS/008864956,L,2017-01-19T16:23:00,2017-01-19T16:23:00,41,41
http://irail.be/vehicle/L5786,http://irail.be/stations/NMBS/008864964,L,2017-01-19T16:26:00,2017-01-19T16:26:00,41,41
http://irail.be/vehicle/L5786,http://irail.be/stations/NMBS/008863362,L,2017-01-19T16:30:00,2017-01-19T16:30:00,41,41
http://irail.be/vehicle/L5786,http://irail.be/stations/NMBS/008863354,L,2017-01-19T16:34:00,2017-01-19T16:34:00,41,41
http://irail.be/vehicle/L5786,NO-URI,L,2017-01-19T16:36:00,2017-01-19T16:36:00,41,41
http://irail.be/vehicle/L5786,http://irail.be/stations/NMBS/008863008,L,2017-01-19T16:37:00,2017-01-19T16:37:00,,48
http://irail.be/vehicle/L5786,NO-URI,L,2017-01-04T16:19:00,2017-01-04T16:19:00,35,
http://irail.be/vehicle/L5786,http://irail.be/stations/NMBS/008864956,L,2017-01-04T16:23:00,2017-01-04T16:23:00,35,35
http://irail.be/vehicle/L5786,http://irail.be/stations/NMBS/008864964,L,2017-01-04T16:26:00,2017-01-04T16:26:00,35,35
http://irail.be/vehicle/L5786,http://irail.be/stations/NMBS/008863362,L,2017-01-04T16:30:00,2017-01-04T16:30:00,35,35
http://irail.be/vehicle/L5786,http://irail.be/stations/NMBS/008863354,L,2017-01-04T16:34:00,2017-01-04T16:34:00,35,35
http://irail.be/vehicle/L5786,NO-URI,L,2017-01-04T16:36:00,2017-01-04T16:36:00,35,35
http://irail.be/vehicle/L5786,http://irail.be/stations/NMBS/008863008,L,2017-01-04T16:37:00,2017-01-04T16:37:00,,39
http://irail.be/vehicle/L5786,http://irail.be/stations/NMBS/008864501,L,2017-06-12T15:52:00,2017-06-12T15:52:00,95,
http://irail.be/vehicle/L5786,http://irail.be/stations/NMBS/008864915,L,2017-06-12T15:58:00,2017-06-12T15:58:00,197,197
http://irail.be/vehicle/L5786,http://irail.be/stations/NMBS/008864923,L,2017-06-12T16:00:00,2017-06-12T16:00:00,197,197
http://irail.be/vehicle/L5786,http://irail.be/stations/NMBS/008864931,L,2017-06-12T16:03:00,2017-06-12T16:02:00,197,197
http://irail.be/vehicle/L5786,http://irail.be/stations/NMBS/008864949,L,2017-06-12T16:06:00,2017-06-12T16:06:00,197,197
http://irail.be/vehicle/L5786,NO-URI,L,2017-06-12T16:07:00,2017-06-12T16:07:00,197,197
http://irail.be/vehicle/L5786,http://irail.be/stations/NMBS/008864956,L,2017-06-12T16:10:00,2017-06-12T16:10:00,174,174
http://irail.be/vehicle/L5786,http://irail.be/stations/NMBS/008864964,L,2017-06-12T16:13:00,2017-06-12T16:13:00,174,174
http://irail.be/vehicle/L5786,http://irail.be/stations/NMBS/008863362,L,2017-06-12T16:18:00,2017-06-12T16:18:00,174,174
http://irail.be/vehicle/L5786,http://irail.be/stations/NMBS/008863354,L,2017-06-12T16:22:00,2017-06-12T16:22:00,174,174
http://irail.be/vehicle/L5786,NO-URI,L,2017-06-12T16:24:00,2017-06-12T16:24:00,174,174
http://irail.be/vehicle/L5786,http://irail.be/stations/NMBS/008863008,L,2017-06-12T16:26:00,2017-06-12T16:26:00,,160
http://irail.be/vehicle/L5786,http://irail.be/stations/NMBS/008864501,L,2017-06-20T15:52:00,2017-06-20T15:52:00,200,
http://irail.be/vehicle/L5786,http://irail.be/stations/NMBS/008864915,L,2017-06-20T15:58:00,2017-06-20T15:58:00,317,317
http://irail.be/vehicle/L5786,http://irail.be/stations/NMBS/008864923,L,2017-06-20T16:00:00,2017-06-20T16:00:00,317,317
http://irail.be/vehicle/L5786,http://irail.be/stations/NMBS/008864931,L,2017-06-20T16:03:00,2017-06-20T16:02:00,317,317
http://irail.be/vehicle/L5786,http://irail.be/stations/NMBS/008864949,L,2017-06-20T16:06:00,2017-06-20T16:06:00,317,317
http://irail.be/vehicle/L5786,NO-URI,L,2017-06-20T16:07:00,2017-06-20T16:07:00,317,317
http://irail.be/vehicle/L5786,http://irail.be/stations/NMBS/008864956,L,2017-06-20T16:10:00,2017-06-20T16:10:00,563,563
http://irail.be/vehicle/L5786,http://irail.be/stations/NMBS/008864964,L,2017-06-20T16:13:00,2017-06-20T16:13:00,563,563
http://irail.be/vehicle/L5786,http://irail.be/stations/NMBS/008863362,L,2017-06-20T16:18:00,2017-06-20T16:18:00,563,563
http://irail.be/vehicle/L5786,http://irail.be/stations/NMBS/008863354,L,2017-06-20T16:22:00,2017-06-20T16:22:00,563,563
http://irail.be/vehicle/L5786,NO-URI,L,2017-06-20T16:24:00,2017-06-20T16:24:00,563,563
http://irail.be/vehicle/L5786,http://irail.be/stations/NMBS/008863008,L,2017-06-20T16:26:00,2017-06-20T16:26:00,,550
http://irail.be/vehicle/L5786,NO-URI,L,2017-01-09T16:19:00,2017-01-09T16:19:00,136,
http://irail.be/vehicle/L5786,http://irail.be/stations/NMBS/008864956,L,2017-01-09T16:23:00,2017-01-09T16:23:00,136,136
http://irail.be/vehicle/L5786,http://irail.be/stations/NMBS/008864964,L,2017-01-09T16:26:00,2017-01-09T16:26:00,136,136
http://irail.be/vehicle/L5786,http://irail.be/stations/NMBS/008863362,L,2017-01-09T16:30:00,2017-01-09T16:30:00,136,136
http://irail.be/vehicle/L5786,http://irail.be/stations/NMBS/008863354,L,2017-01-09T16:34:00,2017-01-09T16:34:00,136,136
http://irail.be/vehicle/L5786,NO-URI,L,2017-01-09T16:36:00,2017-01-09T16:36:00,136,136
http://irail.be/vehicle/L5786,http://irail.be/stations/NMBS/008863008,L,2017-01-09T16:37:00,2017-01-09T16:37:00,,150
http://irail.be/vehicle/L5786,NO-URI,L,2017-01-13T16:19:00,2017-01-13T16:19:00,16,
http://irail.be/vehicle/L5786,http://irail.be/stations/NMBS/008864956,L,2017-01-13T16:23:00,2017-01-13T16:23:00,16,16
http://irail.be/vehicle/L5786,http://irail.be/stations/NMBS/008864964,L,2017-01-13T16:26:00,2017-01-13T16:26:00,16,16
http://irail.be/vehicle/L5786,http://irail.be/stations/NMBS/008863362,L,2017-01-13T16:30:00,2017-01-13T16:30:00,16,16
http://irail.be/vehicle/L5786,http://irail.be/stations/NMBS/008863354,L,2017-01-13T16:34:00,2017-01-13T16:34:00,16,16
http://irail.be/vehicle/L5786,NO-URI,L,2017-01-13T16:36:00,2017-01-13T16:36:00,16,16
http://irail.be/vehicle/L5786,http://irail.be/stations/NMBS/008863008,L,2017-01-13T16:37:00,2017-01-13T16:37:00,,24
http://irail.be/vehicle/L5786,http://irail.be/stations/NMBS/008864501,L,2017-11-29T15:54:00,2017-11-29T15:54:00,166,
http://irail.be/vehicle/L5786,http://irail.be/stations/NMBS/008864915,L,2017-11-29T16:00:00,2017-11-29T16:00:00,296,296
http://irail.be/vehicle/L5786,http://irail.be/stations/NMBS/008864923,L,2017-11-29T16:02:00,2017-11-29T16:02:00,296,296
http://irail.be/vehicle/L5786,http://irail.be/stations/NMBS/008864931,L,2017-11-29T16:05:00,2017-11-29T16:04:00,296,296
http://irail.be/vehicle/L5786,http://irail.be/stations/NMBS/008864949,L,2017-11-29T16:08:00,2017-11-29T16:08:00,296,296
http://irail.be/vehicle/L5786,NO-URI,L,2017-11-29T16:09:00,2017-11-29T16:09:00,296,296
http://irail.be/vehicle/L5786,http://irail.be/stations/NMBS/008864956,L,2017-11-29T16:12:00,2017-11-29T16:12:00,335,335
http://irail.be/vehicle/L5786,http://irail.be/stations/NMBS/008864964,L,2017-11-29T16:15:00,2017-11-29T16:15:00,335,335
http://irail.be/vehicle/L5786,http://irail.be/stations/NMBS/008863362,L,2017-11-29T16:19:00,2017-11-29T16:19:00,335,335
http://irail.be/vehicle/L5786,http://irail.be/stations/NMBS/008863354,L,2017-11-29T16:22:00,2017-11-29T16:22:00,335,335
http://irail.be/vehicle/L5786,NO-URI,L,2017-11-29T16:24:00,2017-11-29T16:24:00,335,335
http://irail.be/vehicle/L5786,http://irail.be/stations/NMBS/008863008,L,2017-11-29T16:25:00,2017-11-29T16:25:00,,340
http://irail.be/vehicle/L5786,NO-URI,L,2017-02-28T16:19:00,2017-02-28T16:19:00,224,
http://irail.be/vehicle/L5786,http://irail.be/stations/NMBS/008864956,L,2017-02-28T16:23:00,2017-02-28T16:23:00,224,224
http://irail.be/vehicle/L5786,http://irail.be/stations/NMBS/008864964,L,2017-02-28T16:26:00,2017-02-28T16:26:00,224,224
http://irail.be/vehicle/L5786,http://irail.be/stations/NMBS/008863362,L,2017-02-28T16:30:00,2017-02-28T16:30:00,224,224
http://irail.be/vehicle/L5786,http://irail.be/stations/NMBS/008863354,L,2017-02-28T16:34:00,2017-02-28T16:34:00,224,224
http://irail.be/vehicle/L5786,NO-URI,L,2017-02-28T16:36:00,2017-02-28T16:36:00,224,224
http://irail.be/vehicle/L5786,http://irail.be/stations/NMBS/008863008,L,2017-02-28T16:37:00,2017-02-28T16:37:00,,246
http://irail.be/vehicle/L5786,NO-URI,L,2017-03-21T16:19:00,2017-03-21T16:19:00,4,
http://irail.be/vehicle/L5786,http://irail.be/stations/NMBS/008864956,L,2017-03-21T16:23:00,2017-03-21T16:23:00,4,4
http://irail.be/vehicle/L5786,http://irail.be/stations/NMBS/008864964,L,2017-03-21T16:26:00,2017-03-21T16:26:00,4,4
http://irail.be/vehicle/L5786,http://irail.be/stations/NMBS/008863362,L,2017-03-21T16:30:00,2017-03-21T16:30:00,4,4
http://irail.be/vehicle/L5786,http://irail.be/stations/NMBS/008863354,L,2017-03-21T16:34:00,2017-03-21T16:34:00,4,4
http://irail.be/vehicle/L5786,NO-URI,L,2017-03-21T16:36:00,2017-03-21T16:36:00,4,4
http://irail.be/vehicle/L5786,http://irail.be/stations/NMBS/008863008,L,2017-03-21T16:37:00,2017-03-21T16:37:00,,-3
http://irail.be/vehicle/L5786,http://irail.be/stations/NMBS/008864501,L,2017-10-02T15:54:00,2017-10-02T15:54:00,61,
http://irail.be/vehicle/L5786,http://irail.be/stations/NMBS/008864915,L,2017-10-02T16:00:00,2017-10-02T16:00:00,23,23
http://irail.be/vehicle/L5786,http://irail.be/stations/NMBS/008864923,L,2017-10-02T16:02:00,2017-10-02T16:02:00,23,23
http://irail.be/vehicle/L5786,http://irail.be/stations/NMBS/008864931,L,2017-10-02T16:05:00,2017-10-02T16:04:00,23,23
http://irail.be/vehicle/L5786,http://irail.be/stations/NMBS/008864949,L,2017-10-02T16:08:00,2017-10-02T16:08:00,23,23
http://irail.be/vehicle/L5786,NO-URI,L,2017-10-02T16:09:00,2017-10-02T16:09:00,23,23
http://irail.be/vehicle/L5786,http://irail.be/stations/NMBS/008864956,L,2017-10-02T16:12:00,2017-10-02T16:12:00,5,5
http://irail.be/vehicle/L5786,http://irail.be/stations/NMBS/008864964,L,2017-10-02T16:15:00,2017-10-02T16:15:00,5,5
http://irail.be/vehicle/L5786,http://irail.be/stations/NMBS/008863362,L,2017-10-02T16:19:00,2017-10-02T16:19:00,5,5
http://irail.be/vehicle/L5786,http://irail.be/stations/NMBS/008863354,L,2017-10-02T16:22:00,2017-10-02T16:22:00,5,5
http://irail.be/vehicle/L5786,NO-URI,L,2017-10-02T16:24:00,2017-10-02T16:24:00,5,5
http://irail.be/vehicle/L5786,http://irail.be/stations/NMBS/008863008,L,2017-10-02T16:25:00,2017-10-02T16:25:00,,2
http://irail.be/vehicle/L5786,NO-URI,L,2017-04-04T16:19:00,2017-04-04T16:19:00,-10,
http://irail.be/vehicle/L5786,http://irail.be/stations/NMBS/008864956,L,2017-04-04T16:23:00,2017-04-04T16:23:00,-10,-10
http://irail.be/vehicle/L5786,http://irail.be/stations/NMBS/008864964,L,2017-04-04T16:26:00,2017-04-04T16:26:00,-10,-10
http://irail.be/vehicle/L5786,http://irail.be/stations/NMBS/008863362,L,2017-04-04T16:30:00,2017-04-04T16:30:00,-10,-10
http://irail.be/vehicle/L5786,http://irail.be/stations/NMBS/008863354,L,2017-04-04T16:34:00,2017-04-04T16:34:00,-10,-10
http://irail.be/vehicle/L5786,NO-URI,L,2017-04-04T16:36:00,2017-04-04T16:36:00,-10,-10
http://irail.be/vehicle/L5786,http://irail.be/stations/NMBS/008863008,L,2017-04-04T16:37:00,2017-04-04T16:37:00,,0
http://irail.be/vehicle/L5786,NO-URI,L,2017-05-24T16:19:00,2017-05-24T16:19:00,147,
http://irail.be/vehicle/L5786,http://irail.be/stations/NMBS/008864956,L,2017-05-24T16:23:00,2017-05-24T16:23:00,147,147
http://irail.be/vehicle/L5786,http://irail.be/stations/NMBS/008864964,L,2017-05-24T16:26:00,2017-05-24T16:26:00,147,147
http://irail.be/vehicle/L5786,http://irail.be/stations/NMBS/008863362,L,2017-05-24T16:30:00,2017-05-24T16:30:00,147,147
http://irail.be/vehicle/L5786,http://irail.be/stations/NMBS/008863354,L,2017-05-24T16:34:00,2017-05-24T16:34:00,147,147
http://irail.be/vehicle/L5786,NO-URI,L,2017-05-24T16:36:00,2017-05-24T16:36:00,147,147
http://irail.be/vehicle/L5786,http://irail.be/stations/NMBS/008863008,L,2017-05-24T16:37:00,2017-05-24T16:37:00,,151
http://irail.be/vehicle/L5786,http://irail.be/stations/NMBS/008864501,L,2017-10-16T15:54:00,2017-10-16T15:54:00,160,
http://irail.be/vehicle/L5786,http://irail.be/stations/NMBS/008864915,L,2017-10-16T16:00:00,2017-10-16T16:00:00,127,127
http://irail.be/vehicle/L5786,http://irail.be/stations/NMBS/008864923,L,2017-10-16T16:02:00,2017-10-16T16:02:00,127,127
http://irail.be/vehicle/L5786,http://irail.be/stations/NMBS/008864931,L,2017-10-16T16:05:00,2017-10-16T16:04:00,127,127
http://irail.be/vehicle/L5786,http://irail.be/stations/NMBS/008864949,L,2017-10-16T16:08:00,2017-10-16T16:08:00,127,127
http://irail.be/vehicle/L5786,NO-URI,L,2017-10-16T16:09:00,2017-10-16T16:09:00,127,127
http://irail.be/vehicle/L5786,http://irail.be/stations/NMBS/008864956,L,2017-10-16T16:12:00,2017-10-16T16:12:00,56,56
http://irail.be/vehicle/L5786,http://irail.be/stations/NMBS/008864964,L,2017-10-16T16:15:00,2017-10-16T16:15:00,56,56
http://irail.be/vehicle/L5786,http://irail.be/stations/NMBS/008863362,L,2017-10-16T16:19:00,2017-10-16T16:19:00,56,56
http://irail.be/vehicle/L5786,http://irail.be/stations/NMBS/008863354,L,2017-10-16T16:22:00,2017-10-16T16:22:00,56,56
http://irail.be/vehicle/L5786,NO-URI,L,2017-10-16T16:24:00,2017-10-16T16:24:00,56,56
http://irail.be/vehicle/L5786,http://irail.be/stations/NMBS/008863008,L,2017-10-16T16:25:00,2017-10-16T16:25:00,,64
http://irail.be/vehicle/L5786,http://irail.be/stations/NMBS/008864501,L,2017-07-13T15:52:00,2017-07-13T15:52:00,104,
http://irail.be/vehicle/L5786,http://irail.be/stations/NMBS/008864915,L,2017-07-13T15:58:00,2017-07-13T15:58:00,100,100
http://irail.be/vehicle/L5786,http://irail.be/stations/NMBS/008864923,L,2017-07-13T16:00:00,2017-07-13T16:00:00,100,100
http://irail.be/vehicle/L5786,http://irail.be/stations/NMBS/008864931,L,2017-07-13T16:03:00,2017-07-13T16:02:00,100,100
http://irail.be/vehicle/L5786,http://irail.be/stations/NMBS/008864949,L,2017-07-13T16:06:00,2017-07-13T16:06:00,100,100
http://irail.be/vehicle/L5786,NO-URI,L,2017-07-13T16:07:00,2017-07-13T16:07:00,100,100
http://irail.be/vehicle/L5786,http://irail.be/stations/NMBS/008864956,L,2017-07-13T16:10:00,2017-07-13T16:10:00,30,30
http://irail.be/vehicle/L5786,http://irail.be/stations/NMBS/008864964,L,2017-07-13T16:13:00,2017-07-13T16:13:00,30,30
http://irail.be/vehicle/L5786,http://irail.be/stations/NMBS/008863362,L,2017-07-13T16:18:00,2017-07-13T16:18:00,30,30
http://irail.be/vehicle/L5786,http://irail.be/stations/NMBS/008863354,L,2017-07-13T16:22:00,2017-07-13T16:22:00,30,30
http://irail.be/vehicle/L5786,NO-URI,L,2017-07-13T16:24:00,2017-07-13T16:24:00,30,30
http://irail.be/vehicle/L5786,http://irail.be/stations/NMBS/008863008,L,2017-07-13T16:26:00,2017-07-13T16:26:00,,17
http://irail.be/vehicle/L5786,NO-URI,L,2017-02-10T16:19:00,2017-02-10T16:19:00,-164,
http://irail.be/vehicle/L5786,http://irail.be/stations/NMBS/008864956,L,2017-02-10T16:23:00,2017-02-10T16:23:00,-164,-164
http://irail.be/vehicle/L5786,http://irail.be/stations/NMBS/008864964,L,2017-02-10T16:26:00,2017-02-10T16:26:00,-164,-164
http://irail.be/vehicle/L5786,http://irail.be/stations/NMBS/008863362,L,2017-02-10T16:30:00,2017-02-10T16:30:00,-164,-164
http://irail.be/vehicle/L5786,http://irail.be/stations/NMBS/008863354,L,2017-02-10T16:34:00,2017-02-10T16:34:00,-164,-164
http://irail.be/vehicle/L5786,NO-URI,L,2017-02-10T16:36:00,2017-02-10T16:36:00,-164,-164
http://irail.be/vehicle/L5786,http://irail.be/stations/NMBS/008863008,L,2017-02-10T16:37:00,2017-02-10T16:37:00,,-158
http://irail.be/vehicle/L5786,NO-URI,L,2017-05-11T16:19:00,2017-05-11T16:19:00,11,
http://irail.be/vehicle/L5786,http://irail.be/stations/NMBS/008864956,L,2017-05-11T16:23:00,2017-05-11T16:23:00,11,11
http://irail.be/vehicle/L5786,http://irail.be/stations/NMBS/008864964,L,2017-05-11T16:26:00,2017-05-11T16:26:00,11,11
http://irail.be/vehicle/L5786,http://irail.be/stations/NMBS/008863362,L,2017-05-11T16:30:00,2017-05-11T16:30:00,11,11
http://irail.be/vehicle/L5786,http://irail.be/stations/NMBS/008863354,L,2017-05-11T16:34:00,2017-05-11T16:34:00,11,11
http://irail.be/vehicle/L5786,NO-URI,L,2017-05-11T16:36:00,2017-05-11T16:36:00,11,11
http://irail.be/vehicle/L5786,http://irail.be/stations/NMBS/008863008,L,2017-05-11T16:37:00,2017-05-11T16:37:00,,18
http://irail.be/vehicle/L5786,http://irail.be/stations/NMBS/008864501,L,2017-08-23T15:54:00,2017-08-23T15:54:00,53,
http://irail.be/vehicle/L5786,http://irail.be/stations/NMBS/008864915,L,2017-08-23T16:00:00,2017-08-23T16:00:00,52,52
http://irail.be/vehicle/L5786,http://irail.be/stations/NMBS/008864923,L,2017-08-23T16:02:00,2017-08-23T16:02:00,52,52
http://irail.be/vehicle/L5786,http://irail.be/stations/NMBS/008864931,L,2017-08-23T16:05:00,2017-08-23T16:04:00,52,52
http://irail.be/vehicle/L5786,http://irail.be/stations/NMBS/008864949,L,2017-08-23T16:08:00,2017-08-23T16:08:00,52,52
http://irail.be/vehicle/L5786,NO-URI,L,2017-08-23T16:09:00,2017-08-23T16:09:00,52,52
http://irail.be/vehicle/L5786,http://irail.be/stations/NMBS/008864956,L,2017-08-23T16:12:00,2017-08-23T16:12:00,28,28
http://irail.be/vehicle/L5786,http://irail.be/stations/NMBS/008864964,L,2017-08-23T16:15:00,2017-08-23T16:15:00,22,22
http://irail.be/vehicle/L5786,http://irail.be/stations/NMBS/008863362,L,2017-08-23T16:20:00,2017-08-23T16:20:00,22,22
http://irail.be/vehicle/L5786,http://irail.be/stations/NMBS/008863354,L,2017-08-23T16:24:00,2017-08-23T16:24:00,22,22
http://irail.be/vehicle/L5786,NO-URI,L,2017-08-23T16:26:00,2017-08-23T16:26:00,22,22
http://irail.be/vehicle/L5786,http://irail.be/stations/NMBS/008863008,L,2017-08-23T16:28:00,2017-08-23T16:28:00,,6
http://irail.be/vehicle/L5786,NO-URI,L,2017-05-18T16:19:00,2017-05-18T16:19:00,20,
http://irail.be/vehicle/L5786,http://irail.be/stations/NMBS/008864956,L,2017-05-18T16:23:00,2017-05-18T16:23:00,20,20
http://irail.be/vehicle/L5786,http://irail.be/stations/NMBS/008864964,L,2017-05-18T16:26:00,2017-05-18T16:26:00,20,20
http://irail.be/vehicle/L5786,http://irail.be/stations/NMBS/008863362,L,2017-05-18T16:30:00,2017-05-18T16:30:00,20,20
http://irail.be/vehicle/L5786,http://irail.be/stations/NMBS/008863354,L,2017-05-18T16:34:00,2017-05-18T16:34:00,20,20
http://irail.be/vehicle/L5786,NO-URI,L,2017-05-18T16:36:00,2017-05-18T16:36:00,20,20
http://irail.be/vehicle/L5786,http://irail.be/stations/NMBS/008863008,L,2017-05-18T16:37:00,2017-05-18T16:37:00,,27
http://irail.be/vehicle/L5786,http://irail.be/stations/NMBS/008864501,L,2017-12-27T16:07:00,2017-12-27T16:07:00,87,
http://irail.be/vehicle/L5786,http://irail.be/stations/NMBS/008864915,L,2017-12-27T16:13:00,2017-12-27T16:13:00,128,128
http://irail.be/vehicle/L5786,http://irail.be/stations/NMBS/008864923,L,2017-12-27T16:15:00,2017-12-27T16:15:00,128,128
http://irail.be/vehicle/L5786,http://irail.be/stations/NMBS/008864931,L,2017-12-27T16:17:00,2017-12-27T16:17:00,128,128
http://irail.be/vehicle/L5786,http://irail.be/stations/NMBS/008864949,L,2017-12-27T16:20:00,2017-12-27T16:20:00,128,128
http://irail.be/vehicle/L5786,NO-URI,L,2017-12-27T16:21:00,2017-12-27T16:21:00,128,128
http://irail.be/vehicle/L5786,http://irail.be/stations/NMBS/008864956,L,2017-12-27T16:24:00,2017-12-27T16:24:00,117,117
http://irail.be/vehicle/L5786,http://irail.be/stations/NMBS/008864964,L,2017-12-27T16:27:00,2017-12-27T16:27:00,62,62
http://irail.be/vehicle/L5786,http://irail.be/stations/NMBS/008863362,L,2017-12-27T16:31:00,2017-12-27T16:31:00,62,62
http://irail.be/vehicle/L5786,http://irail.be/stations/NMBS/008863354,L,2017-12-27T16:35:00,2017-12-27T16:34:00,62,62
http://irail.be/vehicle/L5786,NO-URI,L,2017-12-27T16:37:00,2017-12-27T16:37:00,62,62
http://irail.be/vehicle/L5786,http://irail.be/stations/NMBS/008863008,L,2017-12-27T16:38:00,2017-12-27T16:38:00,,62
http://irail.be/vehicle/L5786,NO-URI,L,2017-04-28T16:19:00,2017-04-28T16:19:00,225,
http://irail.be/vehicle/L5786,http://irail.be/stations/NMBS/008864956,L,2017-04-28T16:23:00,2017-04-28T16:23:00,225,225
http://irail.be/vehicle/L5786,http://irail.be/stations/NMBS/008864964,L,2017-04-28T16:26:00,2017-04-28T16:26:00,225,225
http://irail.be/vehicle/L5786,http://irail.be/stations/NMBS/008863362,L,2017-04-28T16:30:00,2017-04-28T16:30:00,225,225
http://irail.be/vehicle/L5786,http://irail.be/stations/NMBS/008863354,L,2017-04-28T16:34:00,2017-04-28T16:34:00,225,225
http://irail.be/vehicle/L5786,NO-URI,L,2017-04-28T16:36:00,2017-04-28T16:36:00,225,225
http://irail.be/vehicle/L5786,http://irail.be/stations/NMBS/008863008,L,2017-04-28T16:37:00,2017-04-28T16:37:00,,253
http://irail.be/vehicle/L5786,NO-URI,L,2017-05-15T16:19:00,2017-05-15T16:19:00,119,
http://irail.be/vehicle/L5786,http://irail.be/stations/NMBS/008864956,L,2017-05-15T16:23:00,2017-05-15T16:23:00,119,119
http://irail.be/vehicle/L5786,http://irail.be/stations/NMBS/008864964,L,2017-05-15T16:26:00,2017-05-15T16:26:00,119,119
http://irail.be/vehicle/L5786,http://irail.be/stations/NMBS/008863362,L,2017-05-15T16:30:00,2017-05-15T16:30:00,119,119
http://irail.be/vehicle/L5786,http://irail.be/stations/NMBS/008863354,L,2017-05-15T16:34:00,2017-05-15T16:34:00,119,119
http://irail.be/vehicle/L5786,NO-URI,L,2017-05-15T16:36:00,2017-05-15T16:36:00,119,119
http://irail.be/vehicle/L5786,http://irail.be/stations/NMBS/008863008,L,2017-05-15T16:37:00,2017-05-15T16:37:00,,125
http://irail.be/vehicle/L5786,http://irail.be/stations/NMBS/008864501,L,2017-10-17T15:54:00,2017-10-17T15:54:00,104,
http://irail.be/vehicle/L5786,http://irail.be/stations/NMBS/008864915,L,2017-10-17T16:00:00,2017-10-17T16:00:00,96,96
http://irail.be/vehicle/L5786,http://irail.be/stations/NMBS/008864923,L,2017-10-17T16:02:00,2017-10-17T16:02:00,96,96
http://irail.be/vehicle/L5786,http://irail.be/stations/NMBS/008864931,L,2017-10-17T16:05:00,2017-10-17T16:04:00,96,96
http://irail.be/vehicle/L5786,http://irail.be/stations/NMBS/008864949,L,2017-10-17T16:08:00,2017-10-17T16:08:00,96,96
http://irail.be/vehicle/L5786,NO-URI,L,2017-10-17T16:09:00,2017-10-17T16:09:00,96,96
http://irail.be/vehicle/L5786,http://irail.be/stations/NMBS/008864956,L,2017-10-17T16:12:00,2017-10-17T16:12:00,67,67
http://irail.be/vehicle/L5786,http://irail.be/stations/NMBS/008864964,L,2017-10-17T16:15:00,2017-10-17T16:15:00,67,67
http://irail.be/vehicle/L5786,http://irail.be/stations/NMBS/008863362,L,2017-10-17T16:19:00,2017-10-17T16:19:00,67,67
http://irail.be/vehicle/L5786,http://irail.be/stations/NMBS/008863354,L,2017-10-17T16:22:00,2017-10-17T16:22:00,67,67
http://irail.be/vehicle/L5786,NO-URI,L,2017-10-17T16:24:00,2017-10-17T16:24:00,67,67
http://irail.be/vehicle/L5786,http://irail.be/stations/NMBS/008863008,L,2017-10-17T16:25:00,2017-10-17T16:25:00,,136
http://irail.be/vehicle/L5786,NO-URI,L,2017-02-07T16:19:00,2017-02-07T16:19:00,454,
http://irail.be/vehicle/L5786,http://irail.be/stations/NMBS/008864956,L,2017-02-07T16:23:00,2017-02-07T16:23:00,454,454
http://irail.be/vehicle/L5786,http://irail.be/stations/NMBS/008864964,L,2017-02-07T16:26:00,2017-02-07T16:26:00,454,454
http://irail.be/vehicle/L5786,http://irail.be/stations/NMBS/008863362,L,2017-02-07T16:30:00,2017-02-07T16:30:00,454,454
http://irail.be/vehicle/L5786,http://irail.be/stations/NMBS/008863354,L,2017-02-07T16:34:00,2017-02-07T16:34:00,454,454
http://irail.be/vehicle/L5786,NO-URI,L,2017-02-07T16:36:00,2017-02-07T16:36:00,454,454
http://irail.be/vehicle/L5786,http://irail.be/stations/NMBS/008863008,L,2017-02-07T16:37:00,2017-02-07T16:37:00,,488
http://irail.be/vehicle/L5786,http://irail.be/stations/NMBS/008864501,L,2017-09-06T15:54:00,2017-09-06T15:54:00,119,
http://irail.be/vehicle/L5786,http://irail.be/stations/NMBS/008864915,L,2017-09-06T16:00:00,2017-09-06T16:00:00,60,60
http://irail.be/vehicle/L5786,http://irail.be/stations/NMBS/008864923,L,2017-09-06T16:02:00,2017-09-06T16:02:00,60,60
http://irail.be/vehicle/L5786,http://irail.be/stations/NMBS/008864931,L,2017-09-06T16:05:00,2017-09-06T16:04:00,60,60
http://irail.be/vehicle/L5786,http://irail.be/stations/NMBS/008864949,L,2017-09-06T16:08:00,2017-09-06T16:08:00,60,60
http://irail.be/vehicle/L5786,NO-URI,L,2017-09-06T16:09:00,2017-09-06T16:09:00,60,60
http://irail.be/vehicle/L5786,http://irail.be/stations/NMBS/008864956,L,2017-09-06T16:12:00,2017-09-06T16:12:00,82,82
http://irail.be/vehicle/L5786,http://irail.be/stations/NMBS/008864964,L,2017-09-06T16:15:00,2017-09-06T16:15:00,82,82
http://irail.be/vehicle/L5786,http://irail.be/stations/NMBS/008863362,L,2017-09-06T16:19:00,2017-09-06T16:19:00,82,82
http://irail.be/vehicle/L5786,http://irail.be/stations/NMBS/008863354,L,2017-09-06T16:22:00,2017-09-06T16:22:00,82,82
http://irail.be/vehicle/L5786,NO-URI,L,2017-09-06T16:24:00,2017-09-06T16:24:00,82,82
http://irail.be/vehicle/L5786,http://irail.be/stations/NMBS/008863008,L,2017-09-06T16:25:00,2017-09-06T16:25:00,,100
http://irail.be/vehicle/L5786,http://irail.be/stations/NMBS/008864501,L,2017-06-22T15:52:00,2017-06-22T15:52:00,85,
http://irail.be/vehicle/L5786,http://irail.be/stations/NMBS/008864915,L,2017-06-22T15:58:00,2017-06-22T15:58:00,134,134
http://irail.be/vehicle/L5786,http://irail.be/stations/NMBS/008864923,L,2017-06-22T16:00:00,2017-06-22T16:00:00,134,134
http://irail.be/vehicle/L5786,http://irail.be/stations/NMBS/008864931,L,2017-06-22T16:03:00,2017-06-22T16:02:00,134,134
http://irail.be/vehicle/L5786,http://irail.be/stations/NMBS/008864949,L,2017-06-22T16:06:00,2017-06-22T16:06:00,134,134
http://irail.be/vehicle/L5786,NO-URI,L,2017-06-22T16:07:00,2017-06-22T16:07:00,134,134
http://irail.be/vehicle/L5786,http://irail.be/stations/NMBS/008864956,L,2017-06-22T16:10:00,2017-06-22T16:10:00,116,116
http://irail.be/vehicle/L5786,http://irail.be/stations/NMBS/008864964,L,2017-06-22T16:13:00,2017-06-22T16:13:00,116,116
http://irail.be/vehicle/L5786,http://irail.be/stations/NMBS/008863362,L,2017-06-22T16:18:00,2017-06-22T16:18:00,116,116
http://irail.be/vehicle/L5786,http://irail.be/stations/NMBS/008863354,L,2017-06-22T16:22:00,2017-06-22T16:22:00,116,116
http://irail.be/vehicle/L5786,NO-URI,L,2017-06-22T16:24:00,2017-06-22T16:24:00,116,116
http://irail.be/vehicle/L5786,http://irail.be/stations/NMBS/008863008,L,2017-06-22T16:26:00,2017-06-22T16:26:00,,104
http://irail.be/vehicle/L5786,http://irail.be/stations/NMBS/008864501,L,2017-11-16T15:54:00,2017-11-16T15:54:00,54,
http://irail.be/vehicle/L5786,http://irail.be/stations/NMBS/008864915,L,2017-11-16T16:00:00,2017-11-16T16:00:00,67,67
http://irail.be/vehicle/L5786,http://irail.be/stations/NMBS/008864923,L,2017-11-16T16:02:00,2017-11-16T16:02:00,67,67
http://irail.be/vehicle/L5786,http://irail.be/stations/NMBS/008864931,L,2017-11-16T16:05:00,2017-11-16T16:04:00,67,67
http://irail.be/vehicle/L5786,http://irail.be/stations/NMBS/008864949,L,2017-11-16T16:08:00,2017-11-16T16:08:00,67,67
http://irail.be/vehicle/L5786,NO-URI,L,2017-11-16T16:09:00,2017-11-16T16:09:00,67,67
http://irail.be/vehicle/L5786,http://irail.be/stations/NMBS/008864956,L,2017-11-16T16:12:00,2017-11-16T16:12:00,39,39
http://irail.be/vehicle/L5786,http://irail.be/stations/NMBS/008864964,L,2017-11-16T16:15:00,2017-11-16T16:15:00,39,39
http://irail.be/vehicle/L5786,http://irail.be/stations/NMBS/008863362,L,2017-11-16T16:19:00,2017-11-16T16:19:00,39,39
http://irail.be/vehicle/L5786,http://irail.be/stations/NMBS/008863354,L,2017-11-16T16:22:00,2017-11-16T16:22:00,39,39
http://irail.be/vehicle/L5786,NO-URI,L,2017-11-16T16:24:00,2017-11-16T16:24:00,39,39
http://irail.be/vehicle/L5786,http://irail.be/stations/NMBS/008863008,L,2017-11-16T16:25:00,2017-11-16T16:25:00,,33
http://irail.be/vehicle/L5786,http://irail.be/stations/NMBS/008864501,L,2017-12-06T15:54:00,2017-12-06T15:54:00,58,
http://irail.be/vehicle/L5786,http://irail.be/stations/NMBS/008864915,L,2017-12-06T16:00:00,2017-12-06T16:00:00,16,16
http://irail.be/vehicle/L5786,http://irail.be/stations/NMBS/008864923,L,2017-12-06T16:02:00,2017-12-06T16:02:00,16,16
http://irail.be/vehicle/L5786,http://irail.be/stations/NMBS/008864931,L,2017-12-06T16:05:00,2017-12-06T16:04:00,16,16
http://irail.be/vehicle/L5786,http://irail.be/stations/NMBS/008864949,L,2017-12-06T16:08:00,2017-12-06T16:08:00,16,16
http://irail.be/vehicle/L5786,NO-URI,L,2017-12-06T16:09:00,2017-12-06T16:09:00,16,16
http://irail.be/vehicle/L5786,http://irail.be/stations/NMBS/008864956,L,2017-12-06T16:12:00,2017-12-06T16:12:00,119,119
http://irail.be/vehicle/L5786,http://irail.be/stations/NMBS/008864964,L,2017-12-06T16:15:00,2017-12-06T16:15:00,119,119
http://irail.be/vehicle/L5786,http://irail.be/stations/NMBS/008863362,L,2017-12-06T16:19:00,2017-12-06T16:19:00,119,119
http://irail.be/vehicle/L5786,http://irail.be/stations/NMBS/008863354,L,2017-12-06T16:22:00,2017-12-06T16:22:00,119,119
http://irail.be/vehicle/L5786,NO-URI,L,2017-12-06T16:24:00,2017-12-06T16:24:00,119,119
http://irail.be/vehicle/L5786,http://irail.be/stations/NMBS/008863008,L,2017-12-06T16:25:00,2017-12-06T16:25:00,,126
http://irail.be/vehicle/L5786,NO-URI,L,2017-04-05T16:19:00,2017-04-05T16:19:00,0,0
http://irail.be/vehicle/L5786,http://irail.be/stations/NMBS/008864956,L,2017-04-05T16:23:00,2017-04-05T16:23:00,0,0
http://irail.be/vehicle/L5786,http://irail.be/stations/NMBS/008864964,L,2017-04-05T16:26:00,2017-04-05T16:26:00,0,0
http://irail.be/vehicle/L5786,http://irail.be/stations/NMBS/008863362,L,2017-04-05T16:30:00,2017-04-05T16:30:00,0,0
http://irail.be/vehicle/L5786,http://irail.be/stations/NMBS/008863354,L,2017-04-05T16:34:00,2017-04-05T16:34:00,0,0
http://irail.be/vehicle/L5786,NO-URI,L,2017-04-05T16:36:00,2017-04-05T16:36:00,0,0
http://irail.be/vehicle/L5786,http://irail.be/stations/NMBS/008863008,L,2017-04-05T16:37:00,2017-04-05T16:37:00,0,0
http://irail.be/vehicle/L5786,NO-URI,L,2017-05-17T16:19:00,2017-05-17T16:19:00,48,
http://irail.be/vehicle/L5786,http://irail.be/stations/NMBS/008864956,L,2017-05-17T16:23:00,2017-05-17T16:23:00,48,48
http://irail.be/vehicle/L5786,http://irail.be/stations/NMBS/008864964,L,2017-05-17T16:26:00,2017-05-17T16:26:00,48,48
http://irail.be/vehicle/L5786,http://irail.be/stations/NMBS/008863362,L,2017-05-17T16:30:00,2017-05-17T16:30:00,48,48
http://irail.be/vehicle/L5786,http://irail.be/stations/NMBS/008863354,L,2017-05-17T16:34:00,2017-05-17T16:34:00,48,48
http://irail.be/vehicle/L5786,NO-URI,L,2017-05-17T16:36:00,2017-05-17T16:36:00,48,48
http://irail.be/vehicle/L5786,http://irail.be/stations/NMBS/008863008,L,2017-05-17T16:37:00,2017-05-17T16:37:00,,57
http://irail.be/vehicle/L5786,http://irail.be/stations/NMBS/008864501,L,2017-11-13T15:54:00,2017-11-13T15:54:00,70,
http://irail.be/vehicle/L5786,http://irail.be/stations/NMBS/008864915,L,2017-11-13T16:00:00,2017-11-13T16:00:00,119,119
http://irail.be/vehicle/L5786,http://irail.be/stations/NMBS/008864923,L,2017-11-13T16:02:00,2017-11-13T16:02:00,119,119
http://irail.be/vehicle/L5786,http://irail.be/stations/NMBS/008864931,L,2017-11-13T16:05:00,2017-11-13T16:04:00,119,119
http://irail.be/vehicle/L5786,http://irail.be/stations/NMBS/008864949,L,2017-11-13T16:08:00,2017-11-13T16:08:00,119,119
http://irail.be/vehicle/L5786,NO-URI,L,2017-11-13T16:09:00,2017-11-13T16:09:00,119,119
http://irail.be/vehicle/L5786,http://irail.be/stations/NMBS/008864956,L,2017-11-13T16:12:00,2017-11-13T16:12:00,150,150
http://irail.be/vehicle/L5786,http://irail.be/stations/NMBS/008864964,L,2017-11-13T16:15:00,2017-11-13T16:15:00,150,150
http://irail.be/vehicle/L5786,http://irail.be/stations/NMBS/008863362,L,2017-11-13T16:19:00,2017-11-13T16:19:00,150,150
http://irail.be/vehicle/L5786,http://irail.be/stations/NMBS/008863354,L,2017-11-13T16:22:00,2017-11-13T16:22:00,150,150
http://irail.be/vehicle/L5786,NO-URI,L,2017-11-13T16:24:00,2017-11-13T16:24:00,150,150
http://irail.be/vehicle/L5786,http://irail.be/stations/NMBS/008863008,L,2017-11-13T16:25:00,2017-11-13T16:25:00,,155
http://irail.be/vehicle/L5786,http://irail.be/stations/NMBS/008864501,L,2017-10-20T15:54:00,2017-10-20T15:54:00,88,
http://irail.be/vehicle/L5786,http://irail.be/stations/NMBS/008864915,L,2017-10-20T16:00:00,2017-10-20T16:00:00,71,71
http://irail.be/vehicle/L5786,http://irail.be/stations/NMBS/008864923,L,2017-10-20T16:02:00,2017-10-20T16:02:00,71,71
http://irail.be/vehicle/L5786,http://irail.be/stations/NMBS/008864931,L,2017-10-20T16:05:00,2017-10-20T16:04:00,71,71
http://irail.be/vehicle/L5786,http://irail.be/stations/NMBS/008864949,L,2017-10-20T16:08:00,2017-10-20T16:08:00,71,71
http://irail.be/vehicle/L5786,NO-URI,L,2017-10-20T16:09:00,2017-10-20T16:09:00,71,71
http://irail.be/vehicle/L5786,http://irail.be/stations/NMBS/008864956,L,2017-10-20T16:12:00,2017-10-20T16:12:00,14,14
http://irail.be/vehicle/L5786,http://irail.be/stations/NMBS/008864964,L,2017-10-20T16:15:00,2017-10-20T16:15:00,14,14
http://irail.be/vehicle/L5786,http://irail.be/stations/NMBS/008863362,L,2017-10-20T16:19:00,2017-10-20T16:19:00,14,14
http://irail.be/vehicle/L5786,http://irail.be/stations/NMBS/008863354,L,2017-10-20T16:22:00,2017-10-20T16:22:00,14,14
http://irail.be/vehicle/L5786,NO-URI,L,2017-10-20T16:24:00,2017-10-20T16:24:00,14,14
http://irail.be/vehicle/L5786,http://irail.be/stations/NMBS/008863008,L,2017-10-20T16:25:00,2017-10-20T16:25:00,,13
http://irail.be/vehicle/L5786,NO-URI,L,2017-01-26T16:19:00,2017-01-26T16:19:00,18,
http://irail.be/vehicle/L5786,http://irail.be/stations/NMBS/008864956,L,2017-01-26T16:23:00,2017-01-26T16:23:00,18,16
http://irail.be/vehicle/L5786,http://irail.be/stations/NMBS/008864964,L,2017-01-26T16:26:00,2017-01-26T16:26:00,18,16
http://irail.be/vehicle/L5786,http://irail.be/stations/NMBS/008863362,L,2017-01-26T16:30:00,2017-01-26T16:30:00,16,16
http://irail.be/vehicle/L5786,http://irail.be/stations/NMBS/008863354,L,2017-01-26T16:34:00,2017-01-26T16:34:00,16,16
http://irail.be/vehicle/L5786,NO-URI,L,2017-01-26T16:36:00,2017-01-26T16:36:00,18,18
http://irail.be/vehicle/L5786,http://irail.be/stations/NMBS/008863008,L,2017-01-26T16:37:00,2017-01-26T16:37:00,,23
http://irail.be/vehicle/L5786,NO-URI,L,2017-04-12T16:19:00,2017-04-12T16:19:00,50,
http://irail.be/vehicle/L5786,http://irail.be/stations/NMBS/008864956,L,2017-04-12T16:23:00,2017-04-12T16:23:00,50,50
http://irail.be/vehicle/L5786,http://irail.be/stations/NMBS/008864964,L,2017-04-12T16:26:00,2017-04-12T16:26:00,50,50
http://irail.be/vehicle/L5786,http://irail.be/stations/NMBS/008863362,L,2017-04-12T16:30:00,2017-04-12T16:30:00,50,50
http://irail.be/vehicle/L5786,http://irail.be/stations/NMBS/008863354,L,2017-04-12T16:34:00,2017-04-12T16:34:00,50,50
http://irail.be/vehicle/L5786,NO-URI,L,2017-04-12T16:36:00,2017-04-12T16:36:00,50,50
http://irail.be/vehicle/L5786,http://irail.be/stations/NMBS/008863008,L,2017-04-12T16:37:00,2017-04-12T16:37:00,,54
http://irail.be/vehicle/L5786,http://irail.be/stations/NMBS/008864501,L,2017-06-16T15:52:00,2017-06-16T15:52:00,52,
http://irail.be/vehicle/L5786,http://irail.be/stations/NMBS/008864915,L,2017-06-16T15:58:00,2017-06-16T15:58:00,457,457
http://irail.be/vehicle/L5786,http://irail.be/stations/NMBS/008864923,L,2017-06-16T16:00:00,2017-06-16T16:00:00,457,457
http://irail.be/vehicle/L5786,http://irail.be/stations/NMBS/008864931,L,2017-06-16T16:03:00,2017-06-16T16:02:00,457,457
http://irail.be/vehicle/L5786,http://irail.be/stations/NMBS/008864949,L,2017-06-16T16:06:00,2017-06-16T16:06:00,457,457
http://irail.be/vehicle/L5786,NO-URI,L,2017-06-16T16:07:00,2017-06-16T16:07:00,457,457
http://irail.be/vehicle/L5786,http://irail.be/stations/NMBS/008864956,L,2017-06-16T16:10:00,2017-06-16T16:10:00,873,873
http://irail.be/vehicle/L5786,http://irail.be/stations/NMBS/008864964,L,2017-06-16T16:13:00,2017-06-16T16:13:00,873,873
http://irail.be/vehicle/L5786,http://irail.be/stations/NMBS/008863362,L,2017-06-16T16:18:00,2017-06-16T16:18:00,873,873
http://irail.be/vehicle/L5786,http://irail.be/stations/NMBS/008863354,L,2017-06-16T16:22:00,2017-06-16T16:22:00,873,873
http://irail.be/vehicle/L5786,NO-URI,L,2017-06-16T16:24:00,2017-06-16T16:24:00,873,873
http://irail.be/vehicle/L5786,http://irail.be/stations/NMBS/008863008,L,2017-06-16T16:26:00,2017-06-16T16:26:00,,853
http://irail.be/vehicle/L5786,http://irail.be/stations/NMBS/008864501,L,2017-11-20T15:54:00,2017-11-20T15:54:00,328,
http://irail.be/vehicle/L5786,http://irail.be/stations/NMBS/008864915,L,2017-11-20T16:00:00,2017-11-20T16:00:00,412,412
http://irail.be/vehicle/L5786,http://irail.be/stations/NMBS/008864923,L,2017-11-20T16:02:00,2017-11-20T16:02:00,412,412
http://irail.be/vehicle/L5786,http://irail.be/stations/NMBS/008864931,L,2017-11-20T16:05:00,2017-11-20T16:04:00,412,412
http://irail.be/vehicle/L5786,http://irail.be/stations/NMBS/008864949,L,2017-11-20T16:08:00,2017-11-20T16:08:00,412,412
http://irail.be/vehicle/L5786,NO-URI,L,2017-11-20T16:09:00,2017-11-20T16:09:00,412,412
http://irail.be/vehicle/L5786,http://irail.be/stations/NMBS/008864956,L,2017-11-20T16:12:00,2017-11-20T16:12:00,573,573
http://irail.be/vehicle/L5786,http://irail.be/stations/NMBS/008864964,L,2017-11-20T16:15:00,2017-11-20T16:15:00,573,573
http://irail.be/vehicle/L5786,http://irail.be/stations/NMBS/008863362,L,2017-11-20T16:19:00,2017-11-20T16:19:00,573,573
http://irail.be/vehicle/L5786,http://irail.be/stations/NMBS/008863354,L,2017-11-20T16:22:00,2017-11-20T16:22:00,573,573
http://irail.be/vehicle/L5786,NO-URI,L,2017-11-20T16:24:00,2017-11-20T16:24:00,573,573
http://irail.be/vehicle/L5786,http://irail.be/stations/NMBS/008863008,L,2017-11-20T16:25:00,2017-11-20T16:25:00,,585
http://irail.be/vehicle/L5786,http://irail.be/stations/NMBS/008864501,L,2017-12-26T16:07:00,2017-12-26T16:07:00,40,
http://irail.be/vehicle/L5786,http://irail.be/stations/NMBS/008864915,L,2017-12-26T16:13:00,2017-12-26T16:13:00,32,32
http://irail.be/vehicle/L5786,http://irail.be/stations/NMBS/008864923,L,2017-12-26T16:15:00,2017-12-26T16:15:00,32,32
http://irail.be/vehicle/L5786,http://irail.be/stations/NMBS/008864931,L,2017-12-26T16:17:00,2017-12-26T16:17:00,32,32
http://irail.be/vehicle/L5786,http://irail.be/stations/NMBS/008864949,L,2017-12-26T16:20:00,2017-12-26T16:20:00,32,32
http://irail.be/vehicle/L5786,NO-URI,L,2017-12-26T16:21:00,2017-12-26T16:21:00,32,32
http://irail.be/vehicle/L5786,http://irail.be/stations/NMBS/008864956,L,2017-12-26T16:24:00,2017-12-26T16:24:00,19,19
http://irail.be/vehicle/L5786,http://irail.be/stations/NMBS/008864964,L,2017-12-26T16:27:00,2017-12-26T16:27:00,-43,-43
http://irail.be/vehicle/L5786,http://irail.be/stations/NMBS/008863362,L,2017-12-26T16:31:00,2017-12-26T16:31:00,-43,-43
http://irail.be/vehicle/L5786,http://irail.be/stations/NMBS/008863354,L,2017-12-26T16:35:00,2017-12-26T16:34:00,-43,-43
http://irail.be/vehicle/L5786,NO-URI,L,2017-12-26T16:37:00,2017-12-26T16:37:00,-43,-43
http://irail.be/vehicle/L5786,http://irail.be/stations/NMBS/008863008,L,2017-12-26T16:38:00,2017-12-26T16:38:00,,-50
http://irail.be/vehicle/L5786,NO-URI,L,2017-02-16T16:19:00,2017-02-16T16:19:00,74,
http://irail.be/vehicle/L5786,http://irail.be/stations/NMBS/008864956,L,2017-02-16T16:23:00,2017-02-16T16:23:00,74,74
http://irail.be/vehicle/L5786,http://irail.be/stations/NMBS/008864964,L,2017-02-16T16:26:00,2017-02-16T16:26:00,74,74
http://irail.be/vehicle/L5786,http://irail.be/stations/NMBS/008863362,L,2017-02-16T16:30:00,2017-02-16T16:30:00,74,74
http://irail.be/vehicle/L5786,http://irail.be/stations/NMBS/008863354,L,2017-02-16T16:34:00,2017-02-16T16:34:00,74,74
http://irail.be/vehicle/L5786,NO-URI,L,2017-02-16T16:36:00,2017-02-16T16:36:00,74,74
http://irail.be/vehicle/L5786,http://irail.be/stations/NMBS/008863008,L,2017-02-16T16:37:00,2017-02-16T16:37:00,,83
http://irail.be/vehicle/L5786,NO-URI,L,2017-04-18T16:19:00,2017-04-18T16:19:00,36,
http://irail.be/vehicle/L5786,http://irail.be/stations/NMBS/008864956,L,2017-04-18T16:23:00,2017-04-18T16:23:00,36,36
http://irail.be/vehicle/L5786,http://irail.be/stations/NMBS/008864964,L,2017-04-18T16:26:00,2017-04-18T16:26:00,36,36
http://irail.be/vehicle/L5786,http://irail.be/stations/NMBS/008863362,L,2017-04-18T16:30:00,2017-04-18T16:30:00,36,36
http://irail.be/vehicle/L5786,http://irail.be/stations/NMBS/008863354,L,2017-04-18T16:34:00,2017-04-18T16:34:00,36,36
http://irail.be/vehicle/L5786,NO-URI,L,2017-04-18T16:36:00,2017-04-18T16:36:00,36,36
http://irail.be/vehicle/L5786,http://irail.be/stations/NMBS/008863008,L,2017-04-18T16:37:00,2017-04-18T16:37:00,,51
http://irail.be/vehicle/L5786,http://irail.be/stations/NMBS/008864501,L,2017-12-15T16:07:00,2017-12-15T16:07:00,41,
http://irail.be/vehicle/L5786,http://irail.be/stations/NMBS/008864915,L,2017-12-15T16:13:00,2017-12-15T16:13:00,26,26
http://irail.be/vehicle/L5786,http://irail.be/stations/NMBS/008864923,L,2017-12-15T16:15:00,2017-12-15T16:15:00,26,26
http://irail.be/vehicle/L5786,http://irail.be/stations/NMBS/008864931,L,2017-12-15T16:17:00,2017-12-15T16:17:00,26,26
http://irail.be/vehicle/L5786,http://irail.be/stations/NMBS/008864949,L,2017-12-15T16:20:00,2017-12-15T16:20:00,26,26
http://irail.be/vehicle/L5786,NO-URI,L,2017-12-15T16:21:00,2017-12-15T16:21:00,26,26
http://irail.be/vehicle/L5786,http://irail.be/stations/NMBS/008864956,L,2017-12-15T16:24:00,2017-12-15T16:24:00,18,18
http://irail.be/vehicle/L5786,http://irail.be/stations/NMBS/008864964,L,2017-12-15T16:27:00,2017-12-15T16:27:00,18,18
http://irail.be/vehicle/L5786,http://irail.be/stations/NMBS/008863362,L,2017-12-15T16:31:00,2017-12-15T16:31:00,18,18
http://irail.be/vehicle/L5786,http://irail.be/stations/NMBS/008863354,L,2017-12-15T16:35:00,2017-12-15T16:34:00,18,18
http://irail.be/vehicle/L5786,NO-URI,L,2017-12-15T16:37:00,2017-12-15T16:37:00,18,18
http://irail.be/vehicle/L5786,http://irail.be/stations/NMBS/008863008,L,2017-12-15T16:38:00,2017-12-15T16:38:00,,12
http://irail.be/vehicle/L5786,http://irail.be/stations/NMBS/008864501,L,2017-07-10T15:52:00,2017-07-10T15:52:00,110,
http://irail.be/vehicle/L5786,http://irail.be/stations/NMBS/008864915,L,2017-07-10T15:58:00,2017-07-10T15:58:00,162,162
http://irail.be/vehicle/L5786,http://irail.be/stations/NMBS/008864923,L,2017-07-10T16:00:00,2017-07-10T16:00:00,162,162
http://irail.be/vehicle/L5786,http://irail.be/stations/NMBS/008864931,L,2017-07-10T16:03:00,2017-07-10T16:02:00,162,162
http://irail.be/vehicle/L5786,http://irail.be/stations/NMBS/008864949,L,2017-07-10T16:06:00,2017-07-10T16:06:00,162,162
http://irail.be/vehicle/L5786,NO-URI,L,2017-07-10T16:07:00,2017-07-10T16:07:00,162,162
http://irail.be/vehicle/L5786,http://irail.be/stations/NMBS/008864956,L,2017-07-10T16:10:00,2017-07-10T16:10:00,604,604
http://irail.be/vehicle/L5786,http://irail.be/stations/NMBS/008864964,L,2017-07-10T16:13:00,2017-07-10T16:13:00,604,604
http://irail.be/vehicle/L5786,http://irail.be/stations/NMBS/008863362,L,2017-07-10T16:18:00,2017-07-10T16:18:00,604,604
http://irail.be/vehicle/L5786,http://irail.be/stations/NMBS/008863354,L,2017-07-10T16:22:00,2017-07-10T16:22:00,604,604
http://irail.be/vehicle/L5786,NO-URI,L,2017-07-10T16:24:00,2017-07-10T16:24:00,604,604
http://irail.be/vehicle/L5786,http://irail.be/stations/NMBS/008863008,L,2017-07-10T16:26:00,2017-07-10T16:26:00,,583
http://irail.be/vehicle/L5786,NO-URI,L,2017-04-06T16:19:00,2017-04-06T16:19:00,107,
http://irail.be/vehicle/L5786,http://irail.be/stations/NMBS/008864956,L,2017-04-06T16:23:00,2017-04-06T16:23:00,107,107
http://irail.be/vehicle/L5786,http://irail.be/stations/NMBS/008864964,L,2017-04-06T16:26:00,2017-04-06T16:26:00,107,107
http://irail.be/vehicle/L5786,http://irail.be/stations/NMBS/008863362,L,2017-04-06T16:30:00,2017-04-06T16:30:00,107,107
http://irail.be/vehicle/L5786,http://irail.be/stations/NMBS/008863354,L,2017-04-06T16:34:00,2017-04-06T16:34:00,107,107
http://irail.be/vehicle/L5786,NO-URI,L,2017-04-06T16:36:00,2017-04-06T16:36:00,107,107
http://irail.be/vehicle/L5786,http://irail.be/stations/NMBS/008863008,L,2017-04-06T16:37:00,2017-04-06T16:37:00,,121
http://irail.be/vehicle/L5786,http://irail.be/stations/NMBS/008864501,L,2017-09-07T15:54:00,2017-09-07T15:54:00,442,
http://irail.be/vehicle/L5786,http://irail.be/stations/NMBS/008864915,L,2017-09-07T16:00:00,2017-09-07T16:00:00,430,430
http://irail.be/vehicle/L5786,http://irail.be/stations/NMBS/008864923,L,2017-09-07T16:02:00,2017-09-07T16:02:00,430,430
http://irail.be/vehicle/L5786,http://irail.be/stations/NMBS/008864931,L,2017-09-07T16:05:00,2017-09-07T16:04:00,430,430
http://irail.be/vehicle/L5786,http://irail.be/stations/NMBS/008864949,L,2017-09-07T16:08:00,2017-09-07T16:08:00,430,430
http://irail.be/vehicle/L5786,NO-URI,L,2017-09-07T16:09:00,2017-09-07T16:09:00,430,430
http://irail.be/vehicle/L5786,http://irail.be/stations/NMBS/008864956,L,2017-09-07T16:12:00,2017-09-07T16:12:00,430,430
http://irail.be/vehicle/L5786,http://irail.be/stations/NMBS/008864964,L,2017-09-07T16:15:00,2017-09-07T16:15:00,430,430
http://irail.be/vehicle/L5786,http://irail.be/stations/NMBS/008863362,L,2017-09-07T16:19:00,2017-09-07T16:19:00,430,430
http://irail.be/vehicle/L5786,http://irail.be/stations/NMBS/008863354,L,2017-09-07T16:22:00,2017-09-07T16:22:00,430,430
http://irail.be/vehicle/L5786,NO-URI,L,2017-09-07T16:24:00,2017-09-07T16:24:00,430,430
http://irail.be/vehicle/L5786,http://irail.be/stations/NMBS/008863008,L,2017-09-07T16:25:00,2017-09-07T16:25:00,,426
http://irail.be/vehicle/L5786,http://irail.be/stations/NMBS/008864501,L,2017-07-25T15:52:00,2017-07-25T15:52:00,216,
http://irail.be/vehicle/L5786,http://irail.be/stations/NMBS/008864915,L,2017-07-25T15:58:00,2017-07-25T15:58:00,152,152
http://irail.be/vehicle/L5786,http://irail.be/stations/NMBS/008864923,L,2017-07-25T16:00:00,2017-07-25T16:00:00,152,152
http://irail.be/vehicle/L5786,http://irail.be/stations/NMBS/008864931,L,2017-07-25T16:03:00,2017-07-25T16:02:00,152,152
http://irail.be/vehicle/L5786,http://irail.be/stations/NMBS/008864949,L,2017-07-25T16:06:00,2017-07-25T16:06:00,152,152
http://irail.be/vehicle/L5786,NO-URI,L,2017-07-25T16:07:00,2017-07-25T16:07:00,152,152
http://irail.be/vehicle/L5786,http://irail.be/stations/NMBS/008864956,L,2017-07-25T16:10:00,2017-07-25T16:10:00,13,13
http://irail.be/vehicle/L5786,http://irail.be/stations/NMBS/008864964,L,2017-07-25T16:13:00,2017-07-25T16:13:00,13,13
http://irail.be/vehicle/L5786,http://irail.be/stations/NMBS/008863362,L,2017-07-25T16:18:00,2017-07-25T16:18:00,13,13
http://irail.be/vehicle/L5786,http://irail.be/stations/NMBS/008863354,L,2017-07-25T16:22:00,2017-07-25T16:22:00,13,13
http://irail.be/vehicle/L5786,NO-URI,L,2017-07-25T16:24:00,2017-07-25T16:24:00,13,13
http://irail.be/vehicle/L5786,http://irail.be/stations/NMBS/008863008,L,2017-07-25T16:26:00,2017-07-25T16:26:00,,-8
http://irail.be/vehicle/L5786,http://irail.be/stations/NMBS/008864501,L,2017-08-25T15:54:00,2017-08-25T15:54:00,81,
http://irail.be/vehicle/L5786,http://irail.be/stations/NMBS/008864915,L,2017-08-25T16:00:00,2017-08-25T16:00:00,78,78
http://irail.be/vehicle/L5786,http://irail.be/stations/NMBS/008864923,L,2017-08-25T16:02:00,2017-08-25T16:02:00,78,78
http://irail.be/vehicle/L5786,http://irail.be/stations/NMBS/008864931,L,2017-08-25T16:05:00,2017-08-25T16:04:00,78,78
http://irail.be/vehicle/L5786,http://irail.be/stations/NMBS/008864949,L,2017-08-25T16:08:00,2017-08-25T16:08:00,78,78
http://irail.be/vehicle/L5786,NO-URI,L,2017-08-25T16:09:00,2017-08-25T16:09:00,78,78
http://irail.be/vehicle/L5786,http://irail.be/stations/NMBS/008864956,L,2017-08-25T16:12:00,2017-08-25T16:12:00,67,67
http://irail.be/vehicle/L5786,http://irail.be/stations/NMBS/008864964,L,2017-08-25T16:15:00,2017-08-25T16:15:00,-29,-29
http://irail.be/vehicle/L5786,http://irail.be/stations/NMBS/008863362,L,2017-08-25T16:20:00,2017-08-25T16:20:00,-29,-29
http://irail.be/vehicle/L5786,http://irail.be/stations/NMBS/008863354,L,2017-08-25T16:24:00,2017-08-25T16:24:00,-29,-29
http://irail.be/vehicle/L5786,NO-URI,L,2017-08-25T16:26:00,2017-08-25T16:26:00,-29,-29
http://irail.be/vehicle/L5786,http://irail.be/stations/NMBS/008863008,L,2017-08-25T16:28:00,2017-08-25T16:28:00,,-48
http://irail.be/vehicle/L5786,http://irail.be/stations/NMBS/008864501,L,2017-11-17T15:54:00,2017-11-17T15:54:00,227,
http://irail.be/vehicle/L5786,http://irail.be/stations/NMBS/008864915,L,2017-11-17T16:00:00,2017-11-17T16:00:00,405,405
http://irail.be/vehicle/L5786,http://irail.be/stations/NMBS/008864923,L,2017-11-17T16:02:00,2017-11-17T16:02:00,405,405
http://irail.be/vehicle/L5786,http://irail.be/stations/NMBS/008864931,L,2017-11-17T16:05:00,2017-11-17T16:04:00,405,405
http://irail.be/vehicle/L5786,http://irail.be/stations/NMBS/008864949,L,2017-11-17T16:08:00,2017-11-17T16:08:00,405,405
http://irail.be/vehicle/L5786,NO-URI,L,2017-11-17T16:09:00,2017-11-17T16:09:00,405,405
http://irail.be/vehicle/L5786,http://irail.be/stations/NMBS/008864956,L,2017-11-17T16:12:00,2017-11-17T16:12:00,367,367
http://irail.be/vehicle/L5786,http://irail.be/stations/NMBS/008864964,L,2017-11-17T16:15:00,2017-11-17T16:15:00,367,367
http://irail.be/vehicle/L5786,http://irail.be/stations/NMBS/008863362,L,2017-11-17T16:19:00,2017-11-17T16:19:00,367,367
http://irail.be/vehicle/L5786,http://irail.be/stations/NMBS/008863354,L,2017-11-17T16:22:00,2017-11-17T16:22:00,367,367
http://irail.be/vehicle/L5786,NO-URI,L,2017-11-17T16:24:00,2017-11-17T16:24:00,367,367
http://irail.be/vehicle/L5786,http://irail.be/stations/NMBS/008863008,L,2017-11-17T16:25:00,2017-11-17T16:25:00,,362
http://irail.be/vehicle/L5786,http://irail.be/stations/NMBS/008864501,L,2017-11-07T15:54:00,2017-11-07T15:54:00,123,
http://irail.be/vehicle/L5786,http://irail.be/stations/NMBS/008864915,L,2017-11-07T16:00:00,2017-11-07T16:00:00,63,63
http://irail.be/vehicle/L5786,http://irail.be/stations/NMBS/008864923,L,2017-11-07T16:02:00,2017-11-07T16:02:00,63,63
http://irail.be/vehicle/L5786,http://irail.be/stations/NMBS/008864931,L,2017-11-07T16:05:00,2017-11-07T16:04:00,63,63
http://irail.be/vehicle/L5786,http://irail.be/stations/NMBS/008864949,L,2017-11-07T16:08:00,2017-11-07T16:08:00,63,63
http://irail.be/vehicle/L5786,NO-URI,L,2017-11-07T16:09:00,2017-11-07T16:09:00,63,63
http://irail.be/vehicle/L5786,http://irail.be/stations/NMBS/008864956,L,2017-11-07T16:12:00,2017-11-07T16:12:00,41,41
http://irail.be/vehicle/L5786,http://irail.be/stations/NMBS/008864964,L,2017-11-07T16:15:00,2017-11-07T16:15:00,41,41
http://irail.be/vehicle/L5786,http://irail.be/stations/NMBS/008863362,L,2017-11-07T16:19:00,2017-11-07T16:19:00,41,41
http://irail.be/vehicle/L5786,http://irail.be/stations/NMBS/008863354,L,2017-11-07T16:22:00,2017-11-07T16:22:00,41,41
http://irail.be/vehicle/L5786,NO-URI,L,2017-11-07T16:24:00,2017-11-07T16:24:00,41,41
http://irail.be/vehicle/L5786,http://irail.be/stations/NMBS/008863008,L,2017-11-07T16:25:00,2017-11-07T16:25:00,,35
http://irail.be/vehicle/L5786,NO-URI,L,2017-01-05T16:19:00,2017-01-05T16:19:00,18,
http://irail.be/vehicle/L5786,http://irail.be/stations/NMBS/008864956,L,2017-01-05T16:23:00,2017-01-05T16:23:00,18,18
http://irail.be/vehicle/L5786,http://irail.be/stations/NMBS/008864964,L,2017-01-05T16:26:00,2017-01-05T16:26:00,18,18
http://irail.be/vehicle/L5786,http://irail.be/stations/NMBS/008863362,L,2017-01-05T16:30:00,2017-01-05T16:30:00,18,18
http://irail.be/vehicle/L5786,http://irail.be/stations/NMBS/008863354,L,2017-01-05T16:34:00,2017-01-05T16:34:00,18,18
http://irail.be/vehicle/L5786,NO-URI,L,2017-01-05T16:36:00,2017-01-05T16:36:00,18,18
http://irail.be/vehicle/L5786,http://irail.be/stations/NMBS/008863008,L,2017-01-05T16:37:00,2017-01-05T16:37:00,,23
http://irail.be/vehicle/L5786,http://irail.be/stations/NMBS/008864501,L,2017-08-28T15:52:00,2017-08-28T15:52:00,59,
http://irail.be/vehicle/L5786,http://irail.be/stations/NMBS/008864915,L,2017-08-28T15:58:00,2017-08-28T15:58:00,218,218
http://irail.be/vehicle/L5786,http://irail.be/stations/NMBS/008864923,L,2017-08-28T16:00:00,2017-08-28T16:00:00,218,218
http://irail.be/vehicle/L5786,http://irail.be/stations/NMBS/008864931,L,2017-08-28T16:03:00,2017-08-28T16:02:00,218,218
http://irail.be/vehicle/L5786,http://irail.be/stations/NMBS/008864949,L,2017-08-28T16:06:00,2017-08-28T16:06:00,218,218
http://irail.be/vehicle/L5786,NO-URI,L,2017-08-28T16:07:00,2017-08-28T16:07:00,218,218
http://irail.be/vehicle/L5786,http://irail.be/stations/NMBS/008864956,L,2017-08-28T16:10:00,2017-08-28T16:10:00,299,299
http://irail.be/vehicle/L5786,http://irail.be/stations/NMBS/008864964,L,2017-08-28T16:13:00,2017-08-28T16:13:00,216,216
http://irail.be/vehicle/L5786,http://irail.be/stations/NMBS/008863362,L,2017-08-28T16:18:00,2017-08-28T16:18:00,216,216
http://irail.be/vehicle/L5786,http://irail.be/stations/NMBS/008863354,L,2017-08-28T16:22:00,2017-08-28T16:22:00,216,216
http://irail.be/vehicle/L5786,NO-URI,L,2017-08-28T16:24:00,2017-08-28T16:24:00,216,216
http://irail.be/vehicle/L5786,http://irail.be/stations/NMBS/008863008,L,2017-08-28T16:26:00,2017-08-28T16:26:00,,197
http://irail.be/vehicle/L5786,NO-URI,L,2017-01-30T16:19:00,2017-01-30T16:19:00,24,
http://irail.be/vehicle/L5786,http://irail.be/stations/NMBS/008864956,L,2017-01-30T16:23:00,2017-01-30T16:23:00,24,24
http://irail.be/vehicle/L5786,http://irail.be/stations/NMBS/008864964,L,2017-01-30T16:26:00,2017-01-30T16:26:00,24,24
http://irail.be/vehicle/L5786,http://irail.be/stations/NMBS/008863362,L,2017-01-30T16:30:00,2017-01-30T16:30:00,24,24
http://irail.be/vehicle/L5786,http://irail.be/stations/NMBS/008863354,L,2017-01-30T16:34:00,2017-01-30T16:34:00,24,24
http://irail.be/vehicle/L5786,NO-URI,L,2017-01-30T16:36:00,2017-01-30T16:36:00,24,24
http://irail.be/vehicle/L5786,http://irail.be/stations/NMBS/008863008,L,2017-01-30T16:37:00,2017-01-30T16:37:00,,27
http://irail.be/vehicle/L5786,http://irail.be/stations/NMBS/008864501,L,2017-08-03T15:52:00,2017-08-03T15:52:00,154,
http://irail.be/vehicle/L5786,http://irail.be/stations/NMBS/008864915,L,2017-08-03T15:58:00,2017-08-03T15:58:00,14,14
http://irail.be/vehicle/L5786,http://irail.be/stations/NMBS/008864923,L,2017-08-03T16:00:00,2017-08-03T16:00:00,14,14
http://irail.be/vehicle/L5786,http://irail.be/stations/NMBS/008864931,L,2017-08-03T16:03:00,2017-08-03T16:02:00,14,14
http://irail.be/vehicle/L5786,http://irail.be/stations/NMBS/008864949,L,2017-08-03T16:06:00,2017-08-03T16:06:00,14,14
http://irail.be/vehicle/L5786,NO-URI,L,2017-08-03T16:07:00,2017-08-03T16:07:00,14,14
http://irail.be/vehicle/L5786,http://irail.be/stations/NMBS/008864956,L,2017-08-03T16:10:00,2017-08-03T16:10:00,1,1
http://irail.be/vehicle/L5786,http://irail.be/stations/NMBS/008864964,L,2017-08-03T16:13:00,2017-08-03T16:13:00,-20,-20
http://irail.be/vehicle/L5786,http://irail.be/stations/NMBS/008863362,L,2017-08-03T16:18:00,2017-08-03T16:18:00,-20,-20
http://irail.be/vehicle/L5786,http://irail.be/stations/NMBS/008863354,L,2017-08-03T16:22:00,2017-08-03T16:22:00,-20,-20
http://irail.be/vehicle/L5786,NO-URI,L,2017-08-03T16:24:00,2017-08-03T16:24:00,-20,-20
http://irail.be/vehicle/L5786,http://irail.be/stations/NMBS/008863008,L,2017-08-03T16:26:00,2017-08-03T16:26:00,,-38
http://irail.be/vehicle/L5786,NO-URI,L,2017-04-10T16:19:00,2017-04-10T16:19:00,109,
http://irail.be/vehicle/L5786,http://irail.be/stations/NMBS/008864956,L,2017-04-10T16:23:00,2017-04-10T16:23:00,109,109
http://irail.be/vehicle/L5786,http://irail.be/stations/NMBS/008864964,L,2017-04-10T16:26:00,2017-04-10T16:26:00,109,109
http://irail.be/vehicle/L5786,http://irail.be/stations/NMBS/008863362,L,2017-04-10T16:30:00,2017-04-10T16:30:00,109,109
http://irail.be/vehicle/L5786,http://irail.be/stations/NMBS/008863354,L,2017-04-10T16:34:00,2017-04-10T16:34:00,109,109
http://irail.be/vehicle/L5786,NO-URI,L,2017-04-10T16:36:00,2017-04-10T16:36:00,109,109
http://irail.be/vehicle/L5786,http://irail.be/stations/NMBS/008863008,L,2017-04-10T16:37:00,2017-04-10T16:37:00,,123
http://irail.be/vehicle/L5786,http://irail.be/stations/NMBS/008864501,L,2017-12-13T16:07:00,2017-12-13T16:07:00,1296,
http://irail.be/vehicle/L5786,http://irail.be/stations/NMBS/008864915,L,2017-12-13T16:13:00,2017-12-13T16:13:00,1300,1300
http://irail.be/vehicle/L5786,http://irail.be/stations/NMBS/008864923,L,2017-12-13T16:15:00,2017-12-13T16:15:00,1300,1300
http://irail.be/vehicle/L5786,http://irail.be/stations/NMBS/008864931,L,2017-12-13T16:17:00,2017-12-13T16:17:00,1300,1300
http://irail.be/vehicle/L5786,http://irail.be/stations/NMBS/008864949,L,2017-12-13T16:20:00,2017-12-13T16:20:00,1300,1300
http://irail.be/vehicle/L5786,NO-URI,L,2017-12-13T16:21:00,2017-12-13T16:21:00,1300,1300
http://irail.be/vehicle/L5786,http://irail.be/stations/NMBS/008864956,L,2017-12-13T16:24:00,2017-12-13T16:24:00,1173,1173
http://irail.be/vehicle/L5786,http://irail.be/stations/NMBS/008864964,L,2017-12-13T16:27:00,2017-12-13T16:27:00,1173,1173
http://irail.be/vehicle/L5786,http://irail.be/stations/NMBS/008863362,L,2017-12-13T16:31:00,2017-12-13T16:31:00,1173,1173
http://irail.be/vehicle/L5786,http://irail.be/stations/NMBS/008863354,L,2017-12-13T16:35:00,2017-12-13T16:34:00,1173,1173
http://irail.be/vehicle/L5786,NO-URI,L,2017-12-13T16:37:00,2017-12-13T16:37:00,1173,1173
http://irail.be/vehicle/L5786,http://irail.be/stations/NMBS/008863008,L,2017-12-13T16:38:00,2017-12-13T16:38:00,,1165
http://irail.be/vehicle/L5786,http://irail.be/stations/NMBS/008864501,L,2017-11-28T15:54:00,2017-11-28T15:54:00,285,
http://irail.be/vehicle/L5786,http://irail.be/stations/NMBS/008864915,L,2017-11-28T16:00:00,2017-11-28T16:00:00,321,321
http://irail.be/vehicle/L5786,http://irail.be/stations/NMBS/008864923,L,2017-11-28T16:02:00,2017-11-28T16:02:00,321,321
http://irail.be/vehicle/L5786,http://irail.be/stations/NMBS/008864931,L,2017-11-28T16:05:00,2017-11-28T16:04:00,321,321
http://irail.be/vehicle/L5786,http://irail.be/stations/NMBS/008864949,L,2017-11-28T16:08:00,2017-11-28T16:08:00,321,321
http://irail.be/vehicle/L5786,NO-URI,L,2017-11-28T16:09:00,2017-11-28T16:09:00,321,321
http://irail.be/vehicle/L5786,http://irail.be/stations/NMBS/008864956,L,2017-11-28T16:12:00,2017-11-28T16:12:00,320,320
http://irail.be/vehicle/L5786,http://irail.be/stations/NMBS/008864964,L,2017-11-28T16:15:00,2017-11-28T16:15:00,320,320
http://irail.be/vehicle/L5786,http://irail.be/stations/NMBS/008863362,L,2017-11-28T16:19:00,2017-11-28T16:19:00,320,320
http://irail.be/vehicle/L5786,http://irail.be/stations/NMBS/008863354,L,2017-11-28T16:22:00,2017-11-28T16:22:00,320,320
http://irail.be/vehicle/L5786,NO-URI,L,2017-11-28T16:24:00,2017-11-28T16:24:00,320,320
http://irail.be/vehicle/L5786,http://irail.be/stations/NMBS/008863008,L,2017-11-28T16:25:00,2017-11-28T16:25:00,,331
http://irail.be/vehicle/L5786,http://irail.be/stations/NMBS/008864501,L,2017-10-12T15:54:00,2017-10-12T15:54:00,68,
http://irail.be/vehicle/L5786,http://irail.be/stations/NMBS/008864915,L,2017-10-12T16:00:00,2017-10-12T16:00:00,37,37
http://irail.be/vehicle/L5786,http://irail.be/stations/NMBS/008864923,L,2017-10-12T16:02:00,2017-10-12T16:02:00,37,37
http://irail.be/vehicle/L5786,http://irail.be/stations/NMBS/008864931,L,2017-10-12T16:05:00,2017-10-12T16:04:00,37,37
http://irail.be/vehicle/L5786,http://irail.be/stations/NMBS/008864949,L,2017-10-12T16:08:00,2017-10-12T16:08:00,37,37
http://irail.be/vehicle/L5786,NO-URI,L,2017-10-12T16:09:00,2017-10-12T16:09:00,37,37
http://irail.be/vehicle/L5786,http://irail.be/stations/NMBS/008864956,L,2017-10-12T16:12:00,2017-10-12T16:12:00,8,8
http://irail.be/vehicle/L5786,http://irail.be/stations/NMBS/008864964,L,2017-10-12T16:15:00,2017-10-12T16:15:00,8,8
http://irail.be/vehicle/L5786,http://irail.be/stations/NMBS/008863362,L,2017-10-12T16:19:00,2017-10-12T16:19:00,8,8
http://irail.be/vehicle/L5786,http://irail.be/stations/NMBS/008863354,L,2017-10-12T16:22:00,2017-10-12T16:22:00,8,8
http://irail.be/vehicle/L5786,NO-URI,L,2017-10-12T16:24:00,2017-10-12T16:24:00,8,8
http://irail.be/vehicle/L5786,http://irail.be/stations/NMBS/008863008,L,2017-10-12T16:25:00,2017-10-12T16:25:00,,20
http://irail.be/vehicle/L5786,http://irail.be/stations/NMBS/008864501,L,2017-10-13T15:54:00,2017-10-13T15:54:00,154,
http://irail.be/vehicle/L5786,http://irail.be/stations/NMBS/008864915,L,2017-10-13T16:00:00,2017-10-13T16:00:00,205,205
http://irail.be/vehicle/L5786,http://irail.be/stations/NMBS/008864923,L,2017-10-13T16:02:00,2017-10-13T16:02:00,205,205
http://irail.be/vehicle/L5786,http://irail.be/stations/NMBS/008864931,L,2017-10-13T16:05:00,2017-10-13T16:04:00,205,205
http://irail.be/vehicle/L5786,http://irail.be/stations/NMBS/008864949,L,2017-10-13T16:08:00,2017-10-13T16:08:00,205,205
http://irail.be/vehicle/L5786,NO-URI,L,2017-10-13T16:09:00,2017-10-13T16:09:00,205,205
http://irail.be/vehicle/L5786,http://irail.be/stations/NMBS/008864956,L,2017-10-13T16:12:00,2017-10-13T16:12:00,328,328
http://irail.be/vehicle/L5786,http://irail.be/stations/NMBS/008864964,L,2017-10-13T16:15:00,2017-10-13T16:15:00,328,328
http://irail.be/vehicle/L5786,http://irail.be/stations/NMBS/008863362,L,2017-10-13T16:19:00,2017-10-13T16:19:00,328,328
http://irail.be/vehicle/L5786,http://irail.be/stations/NMBS/008863354,L,2017-10-13T16:22:00,2017-10-13T16:22:00,328,328
http://irail.be/vehicle/L5786,NO-URI,L,2017-10-13T16:24:00,2017-10-13T16:24:00,328,328
http://irail.be/vehicle/L5786,http://irail.be/stations/NMBS/008863008,L,2017-10-13T16:25:00,2017-10-13T16:25:00,,326
http://irail.be/vehicle/L5786,NO-URI,L,2017-02-20T16:19:00,2017-02-20T16:19:00,8,
http://irail.be/vehicle/L5786,http://irail.be/stations/NMBS/008864956,L,2017-02-20T16:23:00,2017-02-20T16:23:00,8,8
http://irail.be/vehicle/L5786,http://irail.be/stations/NMBS/008864964,L,2017-02-20T16:26:00,2017-02-20T16:26:00,8,8
http://irail.be/vehicle/L5786,http://irail.be/stations/NMBS/008863362,L,2017-02-20T16:30:00,2017-02-20T16:30:00,8,8
http://irail.be/vehicle/L5786,http://irail.be/stations/NMBS/008863354,L,2017-02-20T16:34:00,2017-02-20T16:34:00,8,8
http://irail.be/vehicle/L5786,NO-URI,L,2017-02-20T16:36:00,2017-02-20T16:36:00,8,8
http://irail.be/vehicle/L5786,http://irail.be/stations/NMBS/008863008,L,2017-02-20T16:37:00,2017-02-20T16:37:00,,15
http://irail.be/vehicle/L5786,http://irail.be/stations/NMBS/008864501,L,2017-09-08T15:54:00,2017-09-08T15:54:00,59,
http://irail.be/vehicle/L5786,http://irail.be/stations/NMBS/008864915,L,2017-09-08T16:00:00,2017-09-08T16:00:00,79,79
http://irail.be/vehicle/L5786,http://irail.be/stations/NMBS/008864923,L,2017-09-08T16:02:00,2017-09-08T16:02:00,79,79
http://irail.be/vehicle/L5786,http://irail.be/stations/NMBS/008864931,L,2017-09-08T16:05:00,2017-09-08T16:04:00,79,79
http://irail.be/vehicle/L5786,http://irail.be/stations/NMBS/008864949,L,2017-09-08T16:08:00,2017-09-08T16:08:00,79,79
http://irail.be/vehicle/L5786,NO-URI,L,2017-09-08T16:09:00,2017-09-08T16:09:00,79,79
http://irail.be/vehicle/L5786,http://irail.be/stations/NMBS/008864956,L,2017-09-08T16:12:00,2017-09-08T16:12:00,68,68
http://irail.be/vehicle/L5786,http://irail.be/stations/NMBS/008864964,L,2017-09-08T16:15:00,2017-09-08T16:15:00,68,68
http://irail.be/vehicle/L5786,http://irail.be/stations/NMBS/008863362,L,2017-09-08T16:19:00,2017-09-08T16:19:00,68,68
http://irail.be/vehicle/L5786,http://irail.be/stations/NMBS/008863354,L,2017-09-08T16:22:00,2017-09-08T16:22:00,68,68
http://irail.be/vehicle/L5786,NO-URI,L,2017-09-08T16:24:00,2017-09-08T16:24:00,68,68
http://irail.be/vehicle/L5786,http://irail.be/stations/NMBS/008863008,L,2017-09-08T16:25:00,2017-09-08T16:25:00,,72
http://irail.be/vehicle/L5786,http://irail.be/stations/NMBS/008864501,L,2017-10-05T15:54:00,2017-10-05T15:54:00,111,
http://irail.be/vehicle/L5786,http://irail.be/stations/NMBS/008864915,L,2017-10-05T16:00:00,2017-10-05T16:00:00,86,86
http://irail.be/vehicle/L5786,http://irail.be/stations/NMBS/008864923,L,2017-10-05T16:02:00,2017-10-05T16:02:00,86,86
http://irail.be/vehicle/L5786,http://irail.be/stations/NMBS/008864931,L,2017-10-05T16:05:00,2017-10-05T16:04:00,86,86
http://irail.be/vehicle/L5786,http://irail.be/stations/NMBS/008864949,L,2017-10-05T16:08:00,2017-10-05T16:08:00,86,86
http://irail.be/vehicle/L5786,NO-URI,L,2017-10-05T16:09:00,2017-10-05T16:09:00,86,86
http://irail.be/vehicle/L5786,http://irail.be/stations/NMBS/008864956,L,2017-10-05T16:12:00,2017-10-05T16:12:00,53,53
http://irail.be/vehicle/L5786,http://irail.be/stations/NMBS/008864964,L,2017-10-05T16:15:00,2017-10-05T16:15:00,53,53
http://irail.be/vehicle/L5786,http://irail.be/stations/NMBS/008863362,L,2017-10-05T16:19:00,2017-10-05T16:19:00,53,53
http://irail.be/vehicle/L5786,http://irail.be/stations/NMBS/008863354,L,2017-10-05T16:22:00,2017-10-05T16:22:00,53,53
http://irail.be/vehicle/L5786,NO-URI,L,2017-10-05T16:24:00,2017-10-05T16:24:00,53,53
http://irail.be/vehicle/L5786,http://irail.be/stations/NMBS/008863008,L,2017-10-05T16:25:00,2017-10-05T16:25:00,,52
http://irail.be/vehicle/L5786,http://irail.be/stations/NMBS/008864501,L,2017-12-21T16:07:00,2017-12-21T16:07:00,36,
http://irail.be/vehicle/L5786,http://irail.be/stations/NMBS/008864915,L,2017-12-21T16:13:00,2017-12-21T16:13:00,73,73
http://irail.be/vehicle/L5786,http://irail.be/stations/NMBS/008864923,L,2017-12-21T16:15:00,2017-12-21T16:15:00,73,73
http://irail.be/vehicle/L5786,http://irail.be/stations/NMBS/008864931,L,2017-12-21T16:17:00,2017-12-21T16:17:00,73,73
http://irail.be/vehicle/L5786,http://irail.be/stations/NMBS/008864949,L,2017-12-21T16:20:00,2017-12-21T16:20:00,73,73
http://irail.be/vehicle/L5786,NO-URI,L,2017-12-21T16:21:00,2017-12-21T16:21:00,73,73
http://irail.be/vehicle/L5786,http://irail.be/stations/NMBS/008864956,L,2017-12-21T16:24:00,2017-12-21T16:24:00,87,65
http://irail.be/vehicle/L5786,http://irail.be/stations/NMBS/008864964,L,2017-12-21T16:27:00,2017-12-21T16:27:00,87,87
http://irail.be/vehicle/L5786,http://irail.be/stations/NMBS/008863362,L,2017-12-21T16:31:00,2017-12-21T16:31:00,87,87
http://irail.be/vehicle/L5786,http://irail.be/stations/NMBS/008863354,L,2017-12-21T16:35:00,2017-12-21T16:34:00,87,87
http://irail.be/vehicle/L5786,NO-URI,L,2017-12-21T16:37:00,2017-12-21T16:37:00,87,87
http://irail.be/vehicle/L5786,http://irail.be/stations/NMBS/008863008,L,2017-12-21T16:38:00,2017-12-21T16:38:00,,87
http://irail.be/vehicle/L5786,NO-URI,L,2017-03-31T16:19:00,2017-03-31T16:19:00,52,
http://irail.be/vehicle/L5786,http://irail.be/stations/NMBS/008864956,L,2017-03-31T16:23:00,2017-03-31T16:23:00,52,52
http://irail.be/vehicle/L5786,http://irail.be/stations/NMBS/008864964,L,2017-03-31T16:26:00,2017-03-31T16:26:00,52,52
http://irail.be/vehicle/L5786,http://irail.be/stations/NMBS/008863362,L,2017-03-31T16:30:00,2017-03-31T16:30:00,52,52
http://irail.be/vehicle/L5786,http://irail.be/stations/NMBS/008863354,L,2017-03-31T16:34:00,2017-03-31T16:34:00,52,52
http://irail.be/vehicle/L5786,NO-URI,L,2017-03-31T16:36:00,2017-03-31T16:36:00,52,52
http://irail.be/vehicle/L5786,http://irail.be/stations/NMBS/008863008,L,2017-03-31T16:37:00,2017-03-31T16:37:00,,70
http://irail.be/vehicle/L5786,http://irail.be/stations/NMBS/008864501,L,2017-08-04T15:52:00,2017-08-04T15:52:00,188,
http://irail.be/vehicle/L5786,http://irail.be/stations/NMBS/008864915,L,2017-08-04T15:58:00,2017-08-04T15:58:00,177,177
http://irail.be/vehicle/L5786,http://irail.be/stations/NMBS/008864923,L,2017-08-04T16:00:00,2017-08-04T16:00:00,177,177
http://irail.be/vehicle/L5786,http://irail.be/stations/NMBS/008864931,L,2017-08-04T16:03:00,2017-08-04T16:02:00,177,177
http://irail.be/vehicle/L5786,http://irail.be/stations/NMBS/008864949,L,2017-08-04T16:06:00,2017-08-04T16:06:00,177,177
http://irail.be/vehicle/L5786,NO-URI,L,2017-08-04T16:07:00,2017-08-04T16:07:00,177,177
http://irail.be/vehicle/L5786,http://irail.be/stations/NMBS/008864956,L,2017-08-04T16:10:00,2017-08-04T16:10:00,174,174
http://irail.be/vehicle/L5786,http://irail.be/stations/NMBS/008864964,L,2017-08-04T16:13:00,2017-08-04T16:13:00,140,140
http://irail.be/vehicle/L5786,http://irail.be/stations/NMBS/008863362,L,2017-08-04T16:18:00,2017-08-04T16:18:00,140,140
http://irail.be/vehicle/L5786,http://irail.be/stations/NMBS/008863354,L,2017-08-04T16:22:00,2017-08-04T16:22:00,140,140
http://irail.be/vehicle/L5786,NO-URI,L,2017-08-04T16:24:00,2017-08-04T16:24:00,140,140
http://irail.be/vehicle/L5786,http://irail.be/stations/NMBS/008863008,L,2017-08-04T16:26:00,2017-08-04T16:26:00,,134
http://irail.be/vehicle/L5786,NO-URI,L,2017-05-04T16:19:00,2017-05-04T16:19:00,74,
http://irail.be/vehicle/L5786,http://irail.be/stations/NMBS/008864956,L,2017-05-04T16:23:00,2017-05-04T16:23:00,74,74
http://irail.be/vehicle/L5786,http://irail.be/stations/NMBS/008864964,L,2017-05-04T16:26:00,2017-05-04T16:26:00,74,74
http://irail.be/vehicle/L5786,http://irail.be/stations/NMBS/008863362,L,2017-05-04T16:30:00,2017-05-04T16:30:00,74,74
http://irail.be/vehicle/L5786,http://irail.be/stations/NMBS/008863354,L,2017-05-04T16:34:00,2017-05-04T16:34:00,74,74
http://irail.be/vehicle/L5786,NO-URI,L,2017-05-04T16:36:00,2017-05-04T16:36:00,74,74
http://irail.be/vehicle/L5786,http://irail.be/stations/NMBS/008863008,L,2017-05-04T16:37:00,2017-05-04T16:37:00,,83
http://irail.be/vehicle/L5786,NO-URI,L,2017-02-01T16:19:00,2017-02-01T16:19:00,7,
http://irail.be/vehicle/L5786,http://irail.be/stations/NMBS/008864956,L,2017-02-01T16:23:00,2017-02-01T16:23:00,7,7
http://irail.be/vehicle/L5786,http://irail.be/stations/NMBS/008864964,L,2017-02-01T16:26:00,2017-02-01T16:26:00,7,7
http://irail.be/vehicle/L5786,http://irail.be/stations/NMBS/008863362,L,2017-02-01T16:30:00,2017-02-01T16:30:00,8,7
http://irail.be/vehicle/L5786,http://irail.be/stations/NMBS/008863354,L,2017-02-01T16:34:00,2017-02-01T16:34:00,8,7
http://irail.be/vehicle/L5786,NO-URI,L,2017-02-01T16:36:00,2017-02-01T16:36:00,7,7
http://irail.be/vehicle/L5786,http://irail.be/stations/NMBS/008863008,L,2017-02-01T16:37:00,2017-02-01T16:37:00,,10
http://irail.be/vehicle/L5786,http://irail.be/stations/NMBS/008864501,L,2017-06-28T15:52:00,2017-06-28T15:52:00,63,
http://irail.be/vehicle/L5786,http://irail.be/stations/NMBS/008864915,L,2017-06-28T15:58:00,2017-06-28T15:58:00,2515,2515
http://irail.be/vehicle/L5786,http://irail.be/stations/NMBS/008864923,L,2017-06-28T16:00:00,2017-06-28T16:00:00,2515,2515
http://irail.be/vehicle/L5786,http://irail.be/stations/NMBS/008864931,L,2017-06-28T16:03:00,2017-06-28T16:02:00,2515,2515
http://irail.be/vehicle/L5786,http://irail.be/stations/NMBS/008864949,L,2017-06-28T16:06:00,2017-06-28T16:06:00,2515,2515
http://irail.be/vehicle/L5786,NO-URI,L,2017-06-28T16:07:00,2017-06-28T16:07:00,2515,2515
http://irail.be/vehicle/L5786,http://irail.be/stations/NMBS/008864956,L,2017-06-28T16:10:00,2017-06-28T16:10:00,4595,4595
http://irail.be/vehicle/L5786,http://irail.be/stations/NMBS/008864964,L,2017-06-28T16:13:00,2017-06-28T16:13:00,4595,4595
http://irail.be/vehicle/L5786,http://irail.be/stations/NMBS/008863362,L,2017-06-28T16:18:00,2017-06-28T16:18:00,4595,4595
http://irail.be/vehicle/L5786,http://irail.be/stations/NMBS/008863354,L,2017-06-28T16:22:00,2017-06-28T16:22:00,4595,4595
http://irail.be/vehicle/L5786,NO-URI,L,2017-06-28T16:24:00,2017-06-28T16:24:00,4595,4595
http://irail.be/vehicle/L5786,http://irail.be/stations/NMBS/008863008,L,2017-06-28T16:26:00,2017-06-28T16:26:00,,4596
http://irail.be/vehicle/L5786,NO-URI,L,2017-05-16T16:19:00,2017-05-16T16:19:00,4,
http://irail.be/vehicle/L5786,http://irail.be/stations/NMBS/008864956,L,2017-05-16T16:23:00,2017-05-16T16:23:00,4,4
http://irail.be/vehicle/L5786,http://irail.be/stations/NMBS/008864964,L,2017-05-16T16:26:00,2017-05-16T16:26:00,4,4
http://irail.be/vehicle/L5786,http://irail.be/stations/NMBS/008863362,L,2017-05-16T16:30:00,2017-05-16T16:30:00,4,4
http://irail.be/vehicle/L5786,http://irail.be/stations/NMBS/008863354,L,2017-05-16T16:34:00,2017-05-16T16:34:00,4,4
http://irail.be/vehicle/L5786,NO-URI,L,2017-05-16T16:36:00,2017-05-16T16:36:00,4,4
http://irail.be/vehicle/L5786,http://irail.be/stations/NMBS/008863008,L,2017-05-16T16:37:00,2017-05-16T16:37:00,,6
http://irail.be/vehicle/L5786,NO-URI,L,2017-03-17T16:19:00,2017-03-17T16:19:00,43,
http://irail.be/vehicle/L5786,http://irail.be/stations/NMBS/008864956,L,2017-03-17T16:23:00,2017-03-17T16:23:00,43,43
http://irail.be/vehicle/L5786,http://irail.be/stations/NMBS/008864964,L,2017-03-17T16:26:00,2017-03-17T16:26:00,43,43
http://irail.be/vehicle/L5786,http://irail.be/stations/NMBS/008863362,L,2017-03-17T16:30:00,2017-03-17T16:30:00,43,43
http://irail.be/vehicle/L5786,http://irail.be/stations/NMBS/008863354,L,2017-03-17T16:34:00,2017-03-17T16:34:00,43,43
http://irail.be/vehicle/L5786,NO-URI,L,2017-03-17T16:36:00,2017-03-17T16:36:00,43,43
http://irail.be/vehicle/L5786,http://irail.be/stations/NMBS/008863008,L,2017-03-17T16:37:00,2017-03-17T16:37:00,,33
http://irail.be/vehicle/L5786,http://irail.be/stations/NMBS/008864501,L,2017-07-26T15:52:00,2017-07-26T15:52:00,78,
http://irail.be/vehicle/L5786,http://irail.be/stations/NMBS/008864915,L,2017-07-26T15:58:00,2017-07-26T15:58:00,128,128
http://irail.be/vehicle/L5786,http://irail.be/stations/NMBS/008864923,L,2017-07-26T16:00:00,2017-07-26T16:00:00,128,128
http://irail.be/vehicle/L5786,http://irail.be/stations/NMBS/008864931,L,2017-07-26T16:03:00,2017-07-26T16:02:00,128,128
http://irail.be/vehicle/L5786,http://irail.be/stations/NMBS/008864949,L,2017-07-26T16:06:00,2017-07-26T16:06:00,128,128
http://irail.be/vehicle/L5786,NO-URI,L,2017-07-26T16:07:00,2017-07-26T16:07:00,128,128
http://irail.be/vehicle/L5786,http://irail.be/stations/NMBS/008864956,L,2017-07-26T16:10:00,2017-07-26T16:10:00,86,86
http://irail.be/vehicle/L5786,http://irail.be/stations/NMBS/008864964,L,2017-07-26T16:13:00,2017-07-26T16:13:00,86,86
http://irail.be/vehicle/L5786,http://irail.be/stations/NMBS/008863362,L,2017-07-26T16:18:00,2017-07-26T16:18:00,86,86
http://irail.be/vehicle/L5786,http://irail.be/stations/NMBS/008863354,L,2017-07-26T16:22:00,2017-07-26T16:22:00,86,86
http://irail.be/vehicle/L5786,NO-URI,L,2017-07-26T16:24:00,2017-07-26T16:24:00,86,86
http://irail.be/vehicle/L5786,http://irail.be/stations/NMBS/008863008,L,2017-07-26T16:26:00,2017-07-26T16:26:00,,71
http://irail.be/vehicle/L5786,http://irail.be/stations/NMBS/008864501,L,2017-08-07T15:52:00,2017-08-07T15:52:00,243,
http://irail.be/vehicle/L5786,http://irail.be/stations/NMBS/008864915,L,2017-08-07T15:58:00,2017-08-07T15:58:00,148,148
http://irail.be/vehicle/L5786,http://irail.be/stations/NMBS/008864923,L,2017-08-07T16:00:00,2017-08-07T16:00:00,148,148
http://irail.be/vehicle/L5786,http://irail.be/stations/NMBS/008864931,L,2017-08-07T16:03:00,2017-08-07T16:02:00,148,148
http://irail.be/vehicle/L5786,http://irail.be/stations/NMBS/008864949,L,2017-08-07T16:06:00,2017-08-07T16:06:00,148,148
http://irail.be/vehicle/L5786,NO-URI,L,2017-08-07T16:07:00,2017-08-07T16:07:00,148,148
http://irail.be/vehicle/L5786,http://irail.be/stations/NMBS/008864956,L,2017-08-07T16:10:00,2017-08-07T16:10:00,146,146
http://irail.be/vehicle/L5786,http://irail.be/stations/NMBS/008864964,L,2017-08-07T16:13:00,2017-08-07T16:13:00,74,74
http://irail.be/vehicle/L5786,http://irail.be/stations/NMBS/008863362,L,2017-08-07T16:18:00,2017-08-07T16:18:00,74,74
http://irail.be/vehicle/L5786,http://irail.be/stations/NMBS/008863354,L,2017-08-07T16:22:00,2017-08-07T16:22:00,74,74
http://irail.be/vehicle/L5786,NO-URI,L,2017-08-07T16:24:00,2017-08-07T16:24:00,74,74
http://irail.be/vehicle/L5786,http://irail.be/stations/NMBS/008863008,L,2017-08-07T16:26:00,2017-08-07T16:26:00,,60
http://irail.be/vehicle/L5786,http://irail.be/stations/NMBS/008864501,L,2017-12-04T15:54:00,2017-12-04T15:54:00,75,
http://irail.be/vehicle/L5786,http://irail.be/stations/NMBS/008864915,L,2017-12-04T16:00:00,2017-12-04T16:00:00,74,74
http://irail.be/vehicle/L5786,http://irail.be/stations/NMBS/008864923,L,2017-12-04T16:02:00,2017-12-04T16:02:00,74,74
http://irail.be/vehicle/L5786,http://irail.be/stations/NMBS/008864931,L,2017-12-04T16:05:00,2017-12-04T16:04:00,74,74
http://irail.be/vehicle/L5786,http://irail.be/stations/NMBS/008864949,L,2017-12-04T16:08:00,2017-12-04T16:08:00,74,74
http://irail.be/vehicle/L5786,NO-URI,L,2017-12-04T16:09:00,2017-12-04T16:09:00,74,74
http://irail.be/vehicle/L5786,http://irail.be/stations/NMBS/008864956,L,2017-12-04T16:12:00,2017-12-04T16:12:00,30,30
http://irail.be/vehicle/L5786,http://irail.be/stations/NMBS/008864964,L,2017-12-04T16:15:00,2017-12-04T16:15:00,30,30
http://irail.be/vehicle/L5786,http://irail.be/stations/NMBS/008863362,L,2017-12-04T16:19:00,2017-12-04T16:19:00,30,30
http://irail.be/vehicle/L5786,http://irail.be/stations/NMBS/008863354,L,2017-12-04T16:22:00,2017-12-04T16:22:00,30,30
http://irail.be/vehicle/L5786,NO-URI,L,2017-12-04T16:24:00,2017-12-04T16:24:00,30,30
http://irail.be/vehicle/L5786,http://irail.be/stations/NMBS/008863008,L,2017-12-04T16:25:00,2017-12-04T16:25:00,,27
http://irail.be/vehicle/L5786,http://irail.be/stations/NMBS/008864501,L,2017-06-29T15:52:00,2017-06-29T15:52:00,346,
http://irail.be/vehicle/L5786,http://irail.be/stations/NMBS/008864915,L,2017-06-29T15:58:00,2017-06-29T15:58:00,240,240
http://irail.be/vehicle/L5786,http://irail.be/stations/NMBS/008864923,L,2017-06-29T16:00:00,2017-06-29T16:00:00,240,240
http://irail.be/vehicle/L5786,http://irail.be/stations/NMBS/008864931,L,2017-06-29T16:03:00,2017-06-29T16:02:00,240,240
http://irail.be/vehicle/L5786,http://irail.be/stations/NMBS/008864949,L,2017-06-29T16:06:00,2017-06-29T16:06:00,240,240
http://irail.be/vehicle/L5786,NO-URI,L,2017-06-29T16:07:00,2017-06-29T16:07:00,240,240
http://irail.be/vehicle/L5786,http://irail.be/stations/NMBS/008864956,L,2017-06-29T16:10:00,2017-06-29T16:10:00,155,155
http://irail.be/vehicle/L5786,http://irail.be/stations/NMBS/008864964,L,2017-06-29T16:13:00,2017-06-29T16:13:00,155,155
http://irail.be/vehicle/L5786,http://irail.be/stations/NMBS/008863362,L,2017-06-29T16:18:00,2017-06-29T16:18:00,155,155
http://irail.be/vehicle/L5786,http://irail.be/stations/NMBS/008863354,L,2017-06-29T16:22:00,2017-06-29T16:22:00,155,155
http://irail.be/vehicle/L5786,NO-URI,L,2017-06-29T16:24:00,2017-06-29T16:24:00,155,155
http://irail.be/vehicle/L5786,http://irail.be/stations/NMBS/008863008,L,2017-06-29T16:26:00,2017-06-29T16:26:00,,126
http://irail.be/vehicle/L5786,NO-URI,L,2017-04-19T16:19:00,2017-04-19T16:19:00,175,
http://irail.be/vehicle/L5786,http://irail.be/stations/NMBS/008864956,L,2017-04-19T16:23:00,2017-04-19T16:23:00,175,175
http://irail.be/vehicle/L5786,http://irail.be/stations/NMBS/008864964,L,2017-04-19T16:26:00,2017-04-19T16:26:00,175,175
http://irail.be/vehicle/L5786,http://irail.be/stations/NMBS/008863362,L,2017-04-19T16:30:00,2017-04-19T16:30:00,175,175
http://irail.be/vehicle/L5786,http://irail.be/stations/NMBS/008863354,L,2017-04-19T16:34:00,2017-04-19T16:34:00,175,175
http://irail.be/vehicle/L5786,NO-URI,L,2017-04-19T16:36:00,2017-04-19T16:36:00,175,175
http://irail.be/vehicle/L5786,http://irail.be/stations/NMBS/008863008,L,2017-04-19T16:37:00,2017-04-19T16:37:00,,202
http://irail.be/vehicle/L5786,http://irail.be/stations/NMBS/008864501,L,2017-06-26T15:52:00,2017-06-26T15:52:00,73,
http://irail.be/vehicle/L5786,http://irail.be/stations/NMBS/008864915,L,2017-06-26T15:58:00,2017-06-26T15:58:00,210,210
http://irail.be/vehicle/L5786,http://irail.be/stations/NMBS/008864923,L,2017-06-26T16:00:00,2017-06-26T16:00:00,210,210
http://irail.be/vehicle/L5786,http://irail.be/stations/NMBS/008864931,L,2017-06-26T16:03:00,2017-06-26T16:02:00,210,210
http://irail.be/vehicle/L5786,http://irail.be/stations/NMBS/008864949,L,2017-06-26T16:06:00,2017-06-26T16:06:00,210,210
http://irail.be/vehicle/L5786,NO-URI,L,2017-06-26T16:07:00,2017-06-26T16:07:00,210,210
http://irail.be/vehicle/L5786,http://irail.be/stations/NMBS/008864956,L,2017-06-26T16:10:00,2017-06-26T16:10:00,156,156
http://irail.be/vehicle/L5786,http://irail.be/stations/NMBS/008864964,L,2017-06-26T16:13:00,2017-06-26T16:13:00,156,156
http://irail.be/vehicle/L5786,http://irail.be/stations/NMBS/008863362,L,2017-06-26T16:18:00,2017-06-26T16:18:00,156,156
http://irail.be/vehicle/L5786,http://irail.be/stations/NMBS/008863354,L,2017-06-26T16:22:00,2017-06-26T16:22:00,156,156
http://irail.be/vehicle/L5786,NO-URI,L,2017-06-26T16:24:00,2017-06-26T16:24:00,156,156
http://irail.be/vehicle/L5786,http://irail.be/stations/NMBS/008863008,L,2017-06-26T16:26:00,2017-06-26T16:26:00,,136
http://irail.be/vehicle/L5786,http://irail.be/stations/NMBS/008864501,L,2017-10-11T15:54:00,2017-10-11T15:54:00,63,
http://irail.be/vehicle/L5786,http://irail.be/stations/NMBS/008864915,L,2017-10-11T16:00:00,2017-10-11T16:00:00,61,61
http://irail.be/vehicle/L5786,http://irail.be/stations/NMBS/008864923,L,2017-10-11T16:02:00,2017-10-11T16:02:00,61,61
http://irail.be/vehicle/L5786,http://irail.be/stations/NMBS/008864931,L,2017-10-11T16:05:00,2017-10-11T16:04:00,61,61
http://irail.be/vehicle/L5786,http://irail.be/stations/NMBS/008864949,L,2017-10-11T16:08:00,2017-10-11T16:08:00,61,61
http://irail.be/vehicle/L5786,NO-URI,L,2017-10-11T16:09:00,2017-10-11T16:09:00,61,61
http://irail.be/vehicle/L5786,http://irail.be/stations/NMBS/008864956,L,2017-10-11T16:12:00,2017-10-11T16:12:00,74,74
http://irail.be/vehicle/L5786,http://irail.be/stations/NMBS/008864964,L,2017-10-11T16:15:00,2017-10-11T16:15:00,74,74
http://irail.be/vehicle/L5786,http://irail.be/stations/NMBS/008863362,L,2017-10-11T16:19:00,2017-10-11T16:19:00,74,74
http://irail.be/vehicle/L5786,http://irail.be/stations/NMBS/008863354,L,2017-10-11T16:22:00,2017-10-11T16:22:00,74,74
http://irail.be/vehicle/L5786,NO-URI,L,2017-10-11T16:24:00,2017-10-11T16:24:00,74,74
http://irail.be/vehicle/L5786,http://irail.be/stations/NMBS/008863008,L,2017-10-11T16:25:00,2017-10-11T16:25:00,,74
http://irail.be/vehicle/L5786,NO-URI,L,2017-02-15T16:19:00,2017-02-15T16:19:00,97,
http://irail.be/vehicle/L5786,http://irail.be/stations/NMBS/008864956,L,2017-02-15T16:23:00,2017-02-15T16:23:00,97,97
http://irail.be/vehicle/L5786,http://irail.be/stations/NMBS/008864964,L,2017-02-15T16:26:00,2017-02-15T16:26:00,97,97
http://irail.be/vehicle/L5786,http://irail.be/stations/NMBS/008863362,L,2017-02-15T16:30:00,2017-02-15T16:30:00,97,97
http://irail.be/vehicle/L5786,http://irail.be/stations/NMBS/008863354,L,2017-02-15T16:34:00,2017-02-15T16:34:00,97,97
http://irail.be/vehicle/L5786,NO-URI,L,2017-02-15T16:36:00,2017-02-15T16:36:00,97,97
http://irail.be/vehicle/L5786,http://irail.be/stations/NMBS/008863008,L,2017-02-15T16:37:00,2017-02-15T16:37:00,,110
http://irail.be/vehicle/L5786,http://irail.be/stations/NMBS/008864501,L,2017-09-25T15:54:00,2017-09-25T15:54:00,54,
http://irail.be/vehicle/L5786,http://irail.be/stations/NMBS/008864915,L,2017-09-25T16:00:00,2017-09-25T16:00:00,29,29
http://irail.be/vehicle/L5786,http://irail.be/stations/NMBS/008864923,L,2017-09-25T16:02:00,2017-09-25T16:02:00,29,29
http://irail.be/vehicle/L5786,http://irail.be/stations/NMBS/008864931,L,2017-09-25T16:05:00,2017-09-25T16:04:00,29,29
http://irail.be/vehicle/L5786,http://irail.be/stations/NMBS/008864949,L,2017-09-25T16:08:00,2017-09-25T16:08:00,29,29
http://irail.be/vehicle/L5786,NO-URI,L,2017-09-25T16:09:00,2017-09-25T16:09:00,29,29
http://irail.be/vehicle/L5786,http://irail.be/stations/NMBS/008864956,L,2017-09-25T16:12:00,2017-09-25T16:12:00,29,29
http://irail.be/vehicle/L5786,http://irail.be/stations/NMBS/008864964,L,2017-09-25T16:15:00,2017-09-25T16:15:00,29,29
http://irail.be/vehicle/L5786,http://irail.be/stations/NMBS/008863362,L,2017-09-25T16:19:00,2017-09-25T16:19:00,29,29
http://irail.be/vehicle/L5786,http://irail.be/stations/NMBS/008863354,L,2017-09-25T16:22:00,2017-09-25T16:22:00,29,29
http://irail.be/vehicle/L5786,NO-URI,L,2017-09-25T16:24:00,2017-09-25T16:24:00,29,29
http://irail.be/vehicle/L5786,http://irail.be/stations/NMBS/008863008,L,2017-09-25T16:25:00,2017-09-25T16:25:00,,22
http://irail.be/vehicle/L5786,NO-URI,L,2017-04-03T16:19:00,2017-04-03T16:19:00,118,
http://irail.be/vehicle/L5786,http://irail.be/stations/NMBS/008864956,L,2017-04-03T16:23:00,2017-04-03T16:23:00,118,118
http://irail.be/vehicle/L5786,http://irail.be/stations/NMBS/008864964,L,2017-04-03T16:26:00,2017-04-03T16:26:00,118,118
http://irail.be/vehicle/L5786,http://irail.be/stations/NMBS/008863362,L,2017-04-03T16:30:00,2017-04-03T16:30:00,118,118
http://irail.be/vehicle/L5786,http://irail.be/stations/NMBS/008863354,L,2017-04-03T16:34:00,2017-04-03T16:34:00,118,118
http://irail.be/vehicle/L5786,NO-URI,L,2017-04-03T16:36:00,2017-04-03T16:36:00,118,118
http://irail.be/vehicle/L5786,http://irail.be/stations/NMBS/008863008,L,2017-04-03T16:37:00,2017-04-03T16:37:00,,129
http://irail.be/vehicle/L5786,http://irail.be/stations/NMBS/008864501,L,2017-11-24T15:54:00,2017-11-24T15:54:00,49,
http://irail.be/vehicle/L5786,http://irail.be/stations/NMBS/008864915,L,2017-11-24T16:00:00,2017-11-24T16:00:00,76,76
http://irail.be/vehicle/L5786,http://irail.be/stations/NMBS/008864923,L,2017-11-24T16:02:00,2017-11-24T16:02:00,76,76
http://irail.be/vehicle/L5786,http://irail.be/stations/NMBS/008864931,L,2017-11-24T16:05:00,2017-11-24T16:04:00,76,76
http://irail.be/vehicle/L5786,http://irail.be/stations/NMBS/008864949,L,2017-11-24T16:08:00,2017-11-24T16:08:00,76,76
http://irail.be/vehicle/L5786,NO-URI,L,2017-11-24T16:09:00,2017-11-24T16:09:00,76,76
http://irail.be/vehicle/L5786,http://irail.be/stations/NMBS/008864956,L,2017-11-24T16:12:00,2017-11-24T16:12:00,46,46
http://irail.be/vehicle/L5786,http://irail.be/stations/NMBS/008864964,L,2017-11-24T16:15:00,2017-11-24T16:15:00,46,46
http://irail.be/vehicle/L5786,http://irail.be/stations/NMBS/008863362,L,2017-11-24T16:19:00,2017-11-24T16:19:00,46,46
http://irail.be/vehicle/L5786,http://irail.be/stations/NMBS/008863354,L,2017-11-24T16:22:00,2017-11-24T16:22:00,46,46
http://irail.be/vehicle/L5786,NO-URI,L,2017-11-24T16:24:00,2017-11-24T16:24:00,46,46
http://irail.be/vehicle/L5786,http://irail.be/stations/NMBS/008863008,L,2017-11-24T16:25:00,2017-11-24T16:25:00,,38
http://irail.be/vehicle/L5786,NO-URI,L,2017-03-15T16:19:00,2017-03-15T16:19:00,241,
http://irail.be/vehicle/L5786,http://irail.be/stations/NMBS/008864956,L,2017-03-15T16:23:00,2017-03-15T16:23:00,241,241
http://irail.be/vehicle/L5786,http://irail.be/stations/NMBS/008864964,L,2017-03-15T16:26:00,2017-03-15T16:26:00,241,241
http://irail.be/vehicle/L5786,http://irail.be/stations/NMBS/008863362,L,2017-03-15T16:30:00,2017-03-15T16:30:00,241,241
http://irail.be/vehicle/L5786,http://irail.be/stations/NMBS/008863354,L,2017-03-15T16:34:00,2017-03-15T16:34:00,241,241
http://irail.be/vehicle/L5786,NO-URI,L,2017-03-15T16:36:00,2017-03-15T16:36:00,241,241
http://irail.be/vehicle/L5786,http://irail.be/stations/NMBS/008863008,L,2017-03-15T16:37:00,2017-03-15T16:37:00,,248
http://irail.be/vehicle/L5786,http://irail.be/stations/NMBS/008864501,L,2017-11-14T15:54:00,2017-11-14T15:54:00,159,
http://irail.be/vehicle/L5786,http://irail.be/stations/NMBS/008864915,L,2017-11-14T16:00:00,2017-11-14T16:00:00,161,161
http://irail.be/vehicle/L5786,http://irail.be/stations/NMBS/008864923,L,2017-11-14T16:02:00,2017-11-14T16:02:00,161,161
http://irail.be/vehicle/L5786,http://irail.be/stations/NMBS/008864931,L,2017-11-14T16:05:00,2017-11-14T16:04:00,161,161
http://irail.be/vehicle/L5786,http://irail.be/stations/NMBS/008864949,L,2017-11-14T16:08:00,2017-11-14T16:08:00,161,161
http://irail.be/vehicle/L5786,NO-URI,L,2017-11-14T16:09:00,2017-11-14T16:09:00,161,161
http://irail.be/vehicle/L5786,http://irail.be/stations/NMBS/008864956,L,2017-11-14T16:12:00,2017-11-14T16:12:00,103,103
http://irail.be/vehicle/L5786,http://irail.be/stations/NMBS/008864964,L,2017-11-14T16:15:00,2017-11-14T16:15:00,103,103
http://irail.be/vehicle/L5786,http://irail.be/stations/NMBS/008863362,L,2017-11-14T16:19:00,2017-11-14T16:19:00,103,103
http://irail.be/vehicle/L5786,http://irail.be/stations/NMBS/008863354,L,2017-11-14T16:22:00,2017-11-14T16:22:00,103,103
http://irail.be/vehicle/L5786,NO-URI,L,2017-11-14T16:24:00,2017-11-14T16:24:00,103,103
http://irail.be/vehicle/L5786,http://irail.be/stations/NMBS/008863008,L,2017-11-14T16:25:00,2017-11-14T16:25:00,,93
http://irail.be/vehicle/L5786,http://irail.be/stations/NMBS/008864501,L,2017-07-06T15:52:00,2017-07-06T15:52:00,152,
http://irail.be/vehicle/L5786,http://irail.be/stations/NMBS/008864915,L,2017-07-06T15:58:00,2017-07-06T15:58:00,184,184
http://irail.be/vehicle/L5786,http://irail.be/stations/NMBS/008864923,L,2017-07-06T16:00:00,2017-07-06T16:00:00,184,184
http://irail.be/vehicle/L5786,http://irail.be/stations/NMBS/008864931,L,2017-07-06T16:03:00,2017-07-06T16:02:00,184,184
http://irail.be/vehicle/L5786,http://irail.be/stations/NMBS/008864949,L,2017-07-06T16:06:00,2017-07-06T16:06:00,184,184
http://irail.be/vehicle/L5786,NO-URI,L,2017-07-06T16:07:00,2017-07-06T16:07:00,184,184
http://irail.be/vehicle/L5786,http://irail.be/stations/NMBS/008864956,L,2017-07-06T16:10:00,2017-07-06T16:10:00,69,69
http://irail.be/vehicle/L5786,http://irail.be/stations/NMBS/008864964,L,2017-07-06T16:13:00,2017-07-06T16:13:00,69,69
http://irail.be/vehicle/L5786,http://irail.be/stations/NMBS/008863362,L,2017-07-06T16:18:00,2017-07-06T16:18:00,69,69
http://irail.be/vehicle/L5786,http://irail.be/stations/NMBS/008863354,L,2017-07-06T16:22:00,2017-07-06T16:22:00,69,69
http://irail.be/vehicle/L5786,NO-URI,L,2017-07-06T16:24:00,2017-07-06T16:24:00,69,69
http://irail.be/vehicle/L5786,http://irail.be/stations/NMBS/008863008,L,2017-07-06T16:26:00,2017-07-06T16:26:00,,53
http://irail.be/vehicle/L5786,NO-URI,L,2017-01-17T16:19:00,2017-01-17T16:19:00,121,
http://irail.be/vehicle/L5786,http://irail.be/stations/NMBS/008864956,L,2017-01-17T16:23:00,2017-01-17T16:23:00,121,121
http://irail.be/vehicle/L5786,http://irail.be/stations/NMBS/008864964,L,2017-01-17T16:26:00,2017-01-17T16:26:00,121,121
http://irail.be/vehicle/L5786,http://irail.be/stations/NMBS/008863362,L,2017-01-17T16:30:00,2017-01-17T16:30:00,121,121
http://irail.be/vehicle/L5786,http://irail.be/stations/NMBS/008863354,L,2017-01-17T16:34:00,2017-01-17T16:34:00,121,121
http://irail.be/vehicle/L5786,NO-URI,L,2017-01-17T16:36:00,2017-01-17T16:36:00,121,121
http://irail.be/vehicle/L5786,http://irail.be/stations/NMBS/008863008,L,2017-01-17T16:37:00,2017-01-17T16:37:00,,122
http://irail.be/vehicle/L5786,http://irail.be/stations/NMBS/008864501,L,2017-10-23T15:54:00,2017-10-23T15:54:00,126,
http://irail.be/vehicle/L5786,http://irail.be/stations/NMBS/008864915,L,2017-10-23T16:00:00,2017-10-23T16:00:00,217,217
http://irail.be/vehicle/L5786,http://irail.be/stations/NMBS/008864923,L,2017-10-23T16:02:00,2017-10-23T16:02:00,217,217
http://irail.be/vehicle/L5786,http://irail.be/stations/NMBS/008864931,L,2017-10-23T16:05:00,2017-10-23T16:04:00,217,217
http://irail.be/vehicle/L5786,http://irail.be/stations/NMBS/008864949,L,2017-10-23T16:08:00,2017-10-23T16:08:00,217,217
http://irail.be/vehicle/L5786,NO-URI,L,2017-10-23T16:09:00,2017-10-23T16:09:00,217,217
http://irail.be/vehicle/L5786,http://irail.be/stations/NMBS/008864956,L,2017-10-23T16:12:00,2017-10-23T16:12:00,198,198
http://irail.be/vehicle/L5786,http://irail.be/stations/NMBS/008864964,L,2017-10-23T16:15:00,2017-10-23T16:15:00,198,198
http://irail.be/vehicle/L5786,http://irail.be/stations/NMBS/008863362,L,2017-10-23T16:19:00,2017-10-23T16:19:00,198,198
http://irail.be/vehicle/L5786,http://irail.be/stations/NMBS/008863354,L,2017-10-23T16:22:00,2017-10-23T16:22:00,198,198
http://irail.be/vehicle/L5786,NO-URI,L,2017-10-23T16:24:00,2017-10-23T16:24:00,198,198
http://irail.be/vehicle/L5786,http://irail.be/stations/NMBS/008863008,L,2017-10-23T16:25:00,2017-10-23T16:25:00,,198
http://irail.be/vehicle/L5786,http://irail.be/stations/NMBS/008864501,L,2017-10-24T15:54:00,2017-10-24T15:54:00,561,
http://irail.be/vehicle/L5786,http://irail.be/stations/NMBS/008864915,L,2017-10-24T16:00:00,2017-10-24T16:00:00,653,653
http://irail.be/vehicle/L5786,http://irail.be/stations/NMBS/008864923,L,2017-10-24T16:02:00,2017-10-24T16:02:00,653,653
http://irail.be/vehicle/L5786,http://irail.be/stations/NMBS/008864931,L,2017-10-24T16:05:00,2017-10-24T16:04:00,653,653
http://irail.be/vehicle/L5786,http://irail.be/stations/NMBS/008864949,L,2017-10-24T16:08:00,2017-10-24T16:08:00,653,653
http://irail.be/vehicle/L5786,NO-URI,L,2017-10-24T16:09:00,2017-10-24T16:09:00,653,653
http://irail.be/vehicle/L5786,http://irail.be/stations/NMBS/008864956,L,2017-10-24T16:12:00,2017-10-24T16:12:00,753,753
http://irail.be/vehicle/L5786,http://irail.be/stations/NMBS/008864964,L,2017-10-24T16:15:00,2017-10-24T16:15:00,753,753
http://irail.be/vehicle/L5786,http://irail.be/stations/NMBS/008863362,L,2017-10-24T16:19:00,2017-10-24T16:19:00,753,753
http://irail.be/vehicle/L5786,http://irail.be/stations/NMBS/008863354,L,2017-10-24T16:22:00,2017-10-24T16:22:00,753,753
http://irail.be/vehicle/L5786,NO-URI,L,2017-10-24T16:24:00,2017-10-24T16:24:00,753,753
http://irail.be/vehicle/L5786,http://irail.be/stations/NMBS/008863008,L,2017-10-24T16:25:00,2017-10-24T16:25:00,,775
http://irail.be/vehicle/L5786,NO-URI,L,2017-04-14T16:19:00,2017-04-14T16:19:00,76,
http://irail.be/vehicle/L5786,http://irail.be/stations/NMBS/008864956,L,2017-04-14T16:23:00,2017-04-14T16:23:00,76,76
http://irail.be/vehicle/L5786,http://irail.be/stations/NMBS/008864964,L,2017-04-14T16:26:00,2017-04-14T16:26:00,76,76
http://irail.be/vehicle/L5786,http://irail.be/stations/NMBS/008863362,L,2017-04-14T16:30:00,2017-04-14T16:30:00,76,76
http://irail.be/vehicle/L5786,http://irail.be/stations/NMBS/008863354,L,2017-04-14T16:34:00,2017-04-14T16:34:00,76,76
http://irail.be/vehicle/L5786,NO-URI,L,2017-04-14T16:36:00,2017-04-14T16:36:00,76,76
http://irail.be/vehicle/L5786,http://irail.be/stations/NMBS/008863008,L,2017-04-14T16:37:00,2017-04-14T16:37:00,,90
http://irail.be/vehicle/L5786,http://irail.be/stations/NMBS/008864501,L,2017-10-19T15:54:00,2017-10-19T15:54:00,210,
http://irail.be/vehicle/L5786,http://irail.be/stations/NMBS/008864915,L,2017-10-19T16:00:00,2017-10-19T16:00:00,200,200
http://irail.be/vehicle/L5786,http://irail.be/stations/NMBS/008864923,L,2017-10-19T16:02:00,2017-10-19T16:02:00,200,200
http://irail.be/vehicle/L5786,http://irail.be/stations/NMBS/008864931,L,2017-10-19T16:05:00,2017-10-19T16:04:00,200,200
http://irail.be/vehicle/L5786,http://irail.be/stations/NMBS/008864949,L,2017-10-19T16:08:00,2017-10-19T16:08:00,200,200
http://irail.be/vehicle/L5786,NO-URI,L,2017-10-19T16:09:00,2017-10-19T16:09:00,200,200
http://irail.be/vehicle/L5786,http://irail.be/stations/NMBS/008864956,L,2017-10-19T16:12:00,2017-10-19T16:12:00,123,123
http://irail.be/vehicle/L5786,http://irail.be/stations/NMBS/008864964,L,2017-10-19T16:15:00,2017-10-19T16:15:00,123,123
http://irail.be/vehicle/L5786,http://irail.be/stations/NMBS/008863362,L,2017-10-19T16:19:00,2017-10-19T16:19:00,123,123
http://irail.be/vehicle/L5786,http://irail.be/stations/NMBS/008863354,L,2017-10-19T16:22:00,2017-10-19T16:22:00,123,123
http://irail.be/vehicle/L5786,NO-URI,L,2017-10-19T16:24:00,2017-10-19T16:24:00,123,123
http://irail.be/vehicle/L5786,http://irail.be/stations/NMBS/008863008,L,2017-10-19T16:25:00,2017-10-19T16:25:00,,116
http://irail.be/vehicle/L5786,http://irail.be/stations/NMBS/008864501,L,2017-06-27T15:52:00,2017-06-27T15:52:00,403,
http://irail.be/vehicle/L5786,http://irail.be/stations/NMBS/008864915,L,2017-06-27T15:58:00,2017-06-27T15:58:00,457,457
http://irail.be/vehicle/L5786,http://irail.be/stations/NMBS/008864923,L,2017-06-27T16:00:00,2017-06-27T16:00:00,457,457
http://irail.be/vehicle/L5786,http://irail.be/stations/NMBS/008864931,L,2017-06-27T16:03:00,2017-06-27T16:02:00,457,457
http://irail.be/vehicle/L5786,http://irail.be/stations/NMBS/008864949,L,2017-06-27T16:06:00,2017-06-27T16:06:00,457,457
http://irail.be/vehicle/L5786,NO-URI,L,2017-06-27T16:07:00,2017-06-27T16:07:00,457,457
http://irail.be/vehicle/L5786,http://irail.be/stations/NMBS/008864956,L,2017-06-27T16:10:00,2017-06-27T16:10:00,438,438
http://irail.be/vehicle/L5786,http://irail.be/stations/NMBS/008864964,L,2017-06-27T16:13:00,2017-06-27T16:13:00,438,438
http://irail.be/vehicle/L5786,http://irail.be/stations/NMBS/008863362,L,2017-06-27T16:18:00,2017-06-27T16:18:00,438,438
http://irail.be/vehicle/L5786,http://irail.be/stations/NMBS/008863354,L,2017-06-27T16:22:00,2017-06-27T16:22:00,438,438
http://irail.be/vehicle/L5786,NO-URI,L,2017-06-27T16:24:00,2017-06-27T16:24:00,438,438
http://irail.be/vehicle/L5786,http://irail.be/stations/NMBS/008863008,L,2017-06-27T16:26:00,2017-06-27T16:26:00,,429
http://irail.be/vehicle/L5786,http://irail.be/stations/NMBS/008864501,L,2017-08-14T15:52:00,2017-08-14T15:52:00,144,
http://irail.be/vehicle/L5786,http://irail.be/stations/NMBS/008864915,L,2017-08-14T15:58:00,2017-08-14T15:58:00,175,175
http://irail.be/vehicle/L5786,http://irail.be/stations/NMBS/008864923,L,2017-08-14T16:00:00,2017-08-14T16:00:00,175,175
http://irail.be/vehicle/L5786,http://irail.be/stations/NMBS/008864931,L,2017-08-14T16:03:00,2017-08-14T16:02:00,175,175
http://irail.be/vehicle/L5786,http://irail.be/stations/NMBS/008864949,L,2017-08-14T16:06:00,2017-08-14T16:06:00,175,175
http://irail.be/vehicle/L5786,NO-URI,L,2017-08-14T16:07:00,2017-08-14T16:07:00,175,175
http://irail.be/vehicle/L5786,http://irail.be/stations/NMBS/008864956,L,2017-08-14T16:10:00,2017-08-14T16:10:00,806,806
http://irail.be/vehicle/L5786,http://irail.be/stations/NMBS/008864964,L,2017-08-14T16:13:00,2017-08-14T16:13:00,716,716
http://irail.be/vehicle/L5786,http://irail.be/stations/NMBS/008863362,L,2017-08-14T16:18:00,2017-08-14T16:18:00,716,716
http://irail.be/vehicle/L5786,http://irail.be/stations/NMBS/008863354,L,2017-08-14T16:22:00,2017-08-14T16:22:00,716,716
http://irail.be/vehicle/L5786,NO-URI,L,2017-08-14T16:24:00,2017-08-14T16:24:00,716,716
http://irail.be/vehicle/L5786,http://irail.be/stations/NMBS/008863008,L,2017-08-14T16:26:00,2017-08-14T16:26:00,,700
http://irail.be/vehicle/L5786,NO-URI,L,2017-01-16T16:19:00,2017-01-16T16:19:00,-10,
http://irail.be/vehicle/L5786,http://irail.be/stations/NMBS/008864956,L,2017-01-16T16:23:00,2017-01-16T16:23:00,-10,-10
http://irail.be/vehicle/L5786,http://irail.be/stations/NMBS/008864964,L,2017-01-16T16:26:00,2017-01-16T16:26:00,-10,-10
http://irail.be/vehicle/L5786,http://irail.be/stations/NMBS/008863362,L,2017-01-16T16:30:00,2017-01-16T16:30:00,-10,-10
http://irail.be/vehicle/L5786,http://irail.be/stations/NMBS/008863354,L,2017-01-16T16:34:00,2017-01-16T16:34:00,-10,-10
http://irail.be/vehicle/L5786,NO-URI,L,2017-01-16T16:36:00,2017-01-16T16:36:00,-10,-10
http://irail.be/vehicle/L5786,http://irail.be/stations/NMBS/008863008,L,2017-01-16T16:37:00,2017-01-16T16:37:00,,-9
http://irail.be/vehicle/L5786,NO-URI,L,2017-02-22T16:19:00,2017-02-22T16:19:00,12,
http://irail.be/vehicle/L5786,http://irail.be/stations/NMBS/008864956,L,2017-02-22T16:23:00,2017-02-22T16:23:00,12,12
http://irail.be/vehicle/L5786,http://irail.be/stations/NMBS/008864964,L,2017-02-22T16:26:00,2017-02-22T16:26:00,12,12
http://irail.be/vehicle/L5786,http://irail.be/stations/NMBS/008863362,L,2017-02-22T16:30:00,2017-02-22T16:30:00,12,12
http://irail.be/vehicle/L5786,http://irail.be/stations/NMBS/008863354,L,2017-02-22T16:34:00,2017-02-22T16:34:00,12,12
http://irail.be/vehicle/L5786,NO-URI,L,2017-02-22T16:36:00,2017-02-22T16:36:00,12,12
http://irail.be/vehicle/L5786,http://irail.be/stations/NMBS/008863008,L,2017-02-22T16:37:00,2017-02-22T16:37:00,,15
http://irail.be/vehicle/L5786,http://irail.be/stations/NMBS/008864501,L,2017-08-16T15:52:00,2017-08-16T15:52:00,132,
http://irail.be/vehicle/L5786,http://irail.be/stations/NMBS/008864915,L,2017-08-16T15:58:00,2017-08-16T15:58:00,257,257
http://irail.be/vehicle/L5786,http://irail.be/stations/NMBS/008864923,L,2017-08-16T16:00:00,2017-08-16T16:00:00,257,257
http://irail.be/vehicle/L5786,http://irail.be/stations/NMBS/008864931,L,2017-08-16T16:03:00,2017-08-16T16:02:00,257,257
http://irail.be/vehicle/L5786,http://irail.be/stations/NMBS/008864949,L,2017-08-16T16:06:00,2017-08-16T16:06:00,257,257
http://irail.be/vehicle/L5786,NO-URI,L,2017-08-16T16:07:00,2017-08-16T16:07:00,257,257
http://irail.be/vehicle/L5786,http://irail.be/stations/NMBS/008864956,L,2017-08-16T16:10:00,2017-08-16T16:10:00,240,240
http://irail.be/vehicle/L5786,http://irail.be/stations/NMBS/008864964,L,2017-08-16T16:13:00,2017-08-16T16:13:00,163,163
http://irail.be/vehicle/L5786,http://irail.be/stations/NMBS/008863362,L,2017-08-16T16:18:00,2017-08-16T16:18:00,163,163
http://irail.be/vehicle/L5786,http://irail.be/stations/NMBS/008863354,L,2017-08-16T16:22:00,2017-08-16T16:22:00,163,163
http://irail.be/vehicle/L5786,NO-URI,L,2017-08-16T16:24:00,2017-08-16T16:24:00,163,163
http://irail.be/vehicle/L5786,http://irail.be/stations/NMBS/008863008,L,2017-08-16T16:26:00,2017-08-16T16:26:00,,149
http://irail.be/vehicle/L5786,NO-URI,L,2017-03-10T16:19:00,2017-03-10T16:19:00,31,
http://irail.be/vehicle/L5786,http://irail.be/stations/NMBS/008864956,L,2017-03-10T16:23:00,2017-03-10T16:23:00,31,31
http://irail.be/vehicle/L5786,http://irail.be/stations/NMBS/008864964,L,2017-03-10T16:26:00,2017-03-10T16:26:00,31,31
http://irail.be/vehicle/L5786,http://irail.be/stations/NMBS/008863362,L,2017-03-10T16:30:00,2017-03-10T16:30:00,31,31
http://irail.be/vehicle/L5786,http://irail.be/stations/NMBS/008863354,L,2017-03-10T16:34:00,2017-03-10T16:34:00,31,31
http://irail.be/vehicle/L5786,NO-URI,L,2017-03-10T16:36:00,2017-03-10T16:36:00,31,31
http://irail.be/vehicle/L5786,http://irail.be/stations/NMBS/008863008,L,2017-03-10T16:37:00,2017-03-10T16:37:00,,45
http://irail.be/vehicle/L5786,http://irail.be/stations/NMBS/008864501,L,2017-10-25T15:54:00,2017-10-25T15:54:00,80,
http://irail.be/vehicle/L5786,http://irail.be/stations/NMBS/008864915,L,2017-10-25T16:00:00,2017-10-25T16:00:00,164,164
http://irail.be/vehicle/L5786,http://irail.be/stations/NMBS/008864923,L,2017-10-25T16:02:00,2017-10-25T16:02:00,164,164
http://irail.be/vehicle/L5786,http://irail.be/stations/NMBS/008864931,L,2017-10-25T16:05:00,2017-10-25T16:04:00,164,164
http://irail.be/vehicle/L5786,http://irail.be/stations/NMBS/008864949,L,2017-10-25T16:08:00,2017-10-25T16:08:00,164,164
http://irail.be/vehicle/L5786,NO-URI,L,2017-10-25T16:09:00,2017-10-25T16:09:00,164,164
http://irail.be/vehicle/L5786,http://irail.be/stations/NMBS/008864956,L,2017-10-25T16:12:00,2017-10-25T16:12:00,174,174
http://irail.be/vehicle/L5786,http://irail.be/stations/NMBS/008864964,L,2017-10-25T16:15:00,2017-10-25T16:15:00,174,174
http://irail.be/vehicle/L5786,http://irail.be/stations/NMBS/008863362,L,2017-10-25T16:19:00,2017-10-25T16:19:00,174,174
http://irail.be/vehicle/L5786,http://irail.be/stations/NMBS/008863354,L,2017-10-25T16:22:00,2017-10-25T16:22:00,174,174
http://irail.be/vehicle/L5786,NO-URI,L,2017-10-25T16:24:00,2017-10-25T16:24:00,174,174
http://irail.be/vehicle/L5786,http://irail.be/stations/NMBS/008863008,L,2017-10-25T16:25:00,2017-10-25T16:25:00,,178
http://irail.be/vehicle/L5786,http://irail.be/stations/NMBS/008864501,L,2017-10-06T15:54:00,2017-10-06T15:54:00,202,
http://irail.be/vehicle/L5786,http://irail.be/stations/NMBS/008864915,L,2017-10-06T16:00:00,2017-10-06T16:00:00,312,312
http://irail.be/vehicle/L5786,http://irail.be/stations/NMBS/008864923,L,2017-10-06T16:02:00,2017-10-06T16:02:00,312,312
http://irail.be/vehicle/L5786,http://irail.be/stations/NMBS/008864931,L,2017-10-06T16:05:00,2017-10-06T16:04:00,312,312
http://irail.be/vehicle/L5786,http://irail.be/stations/NMBS/008864949,L,2017-10-06T16:08:00,2017-10-06T16:08:00,312,312
http://irail.be/vehicle/L5786,NO-URI,L,2017-10-06T16:09:00,2017-10-06T16:09:00,312,312
http://irail.be/vehicle/L5786,http://irail.be/stations/NMBS/008864956,L,2017-10-06T16:12:00,2017-10-06T16:12:00,349,349
http://irail.be/vehicle/L5786,http://irail.be/stations/NMBS/008864964,L,2017-10-06T16:15:00,2017-10-06T16:15:00,349,349
http://irail.be/vehicle/L5786,http://irail.be/stations/NMBS/008863362,L,2017-10-06T16:19:00,2017-10-06T16:19:00,349,349
http://irail.be/vehicle/L5786,http://irail.be/stations/NMBS/008863354,L,2017-10-06T16:22:00,2017-10-06T16:22:00,349,349
http://irail.be/vehicle/L5786,NO-URI,L,2017-10-06T16:24:00,2017-10-06T16:24:00,349,349
http://irail.be/vehicle/L5786,http://irail.be/stations/NMBS/008863008,L,2017-10-06T16:25:00,2017-10-06T16:25:00,,353
http://irail.be/vehicle/L5786,NO-URI,L,2017-05-02T16:19:00,2017-05-02T16:19:00,57,
http://irail.be/vehicle/L5786,http://irail.be/stations/NMBS/008864956,L,2017-05-02T16:23:00,2017-05-02T16:23:00,57,57
http://irail.be/vehicle/L5786,http://irail.be/stations/NMBS/008864964,L,2017-05-02T16:26:00,2017-05-02T16:26:00,57,57
http://irail.be/vehicle/L5786,http://irail.be/stations/NMBS/008863362,L,2017-05-02T16:30:00,2017-05-02T16:30:00,57,57
http://irail.be/vehicle/L5786,http://irail.be/stations/NMBS/008863354,L,2017-05-02T16:34:00,2017-05-02T16:34:00,57,57
http://irail.be/vehicle/L5786,NO-URI,L,2017-05-02T16:36:00,2017-05-02T16:36:00,57,57
http://irail.be/vehicle/L5786,http://irail.be/stations/NMBS/008863008,L,2017-05-02T16:37:00,2017-05-02T16:37:00,,61
http://irail.be/vehicle/L5786,NO-URI,L,2017-03-29T16:19:00,2017-03-29T16:19:00,59,
http://irail.be/vehicle/L5786,http://irail.be/stations/NMBS/008864956,L,2017-03-29T16:23:00,2017-03-29T16:23:00,59,59
http://irail.be/vehicle/L5786,http://irail.be/stations/NMBS/008864964,L,2017-03-29T16:26:00,2017-03-29T16:26:00,59,59
http://irail.be/vehicle/L5786,http://irail.be/stations/NMBS/008863362,L,2017-03-29T16:30:00,2017-03-29T16:30:00,59,59
http://irail.be/vehicle/L5786,http://irail.be/stations/NMBS/008863354,L,2017-03-29T16:34:00,2017-03-29T16:34:00,59,59
http://irail.be/vehicle/L5786,NO-URI,L,2017-03-29T16:36:00,2017-03-29T16:36:00,59,59
http://irail.be/vehicle/L5786,http://irail.be/stations/NMBS/008863008,L,2017-03-29T16:37:00,2017-03-29T16:37:00,,68
http://irail.be/vehicle/L5786,NO-URI,L,2017-04-13T16:19:00,2017-04-13T16:19:00,15,
http://irail.be/vehicle/L5786,http://irail.be/stations/NMBS/008864956,L,2017-04-13T16:23:00,2017-04-13T16:23:00,15,15
http://irail.be/vehicle/L5786,http://irail.be/stations/NMBS/008864964,L,2017-04-13T16:26:00,2017-04-13T16:26:00,15,15
http://irail.be/vehicle/L5786,http://irail.be/stations/NMBS/008863362,L,2017-04-13T16:30:00,2017-04-13T16:30:00,15,15
http://irail.be/vehicle/L5786,http://irail.be/stations/NMBS/008863354,L,2017-04-13T16:34:00,2017-04-13T16:34:00,15,15
http://irail.be/vehicle/L5786,NO-URI,L,2017-04-13T16:36:00,2017-04-13T16:36:00,15,15
http://irail.be/vehicle/L5786,http://irail.be/stations/NMBS/008863008,L,2017-04-13T16:37:00,2017-04-13T16:37:00,,27
http://irail.be/vehicle/L5786,NO-URI,L,2017-05-05T16:19:00,2017-05-05T16:19:00,93,
http://irail.be/vehicle/L5786,http://irail.be/stations/NMBS/008864956,L,2017-05-05T16:23:00,2017-05-05T16:23:00,93,93
http://irail.be/vehicle/L5786,http://irail.be/stations/NMBS/008864964,L,2017-05-05T16:26:00,2017-05-05T16:26:00,93,93
http://irail.be/vehicle/L5786,http://irail.be/stations/NMBS/008863362,L,2017-05-05T16:30:00,2017-05-05T16:30:00,93,93
http://irail.be/vehicle/L5786,http://irail.be/stations/NMBS/008863354,L,2017-05-05T16:34:00,2017-05-05T16:34:00,93,93
http://irail.be/vehicle/L5786,NO-URI,L,2017-05-05T16:36:00,2017-05-05T16:36:00,93,93
http://irail.be/vehicle/L5786,http://irail.be/stations/NMBS/008863008,L,2017-05-05T16:37:00,2017-05-05T16:37:00,,108
http://irail.be/vehicle/L5786,NO-URI,L,2017-03-22T16:19:00,2017-03-22T16:19:00,-80,
http://irail.be/vehicle/L5786,http://irail.be/stations/NMBS/008864956,L,2017-03-22T16:23:00,2017-03-22T16:23:00,-80,-80
http://irail.be/vehicle/L5786,http://irail.be/stations/NMBS/008864964,L,2017-03-22T16:26:00,2017-03-22T16:26:00,-80,-80
http://irail.be/vehicle/L5786,http://irail.be/stations/NMBS/008863362,L,2017-03-22T16:30:00,2017-03-22T16:30:00,-80,-80
http://irail.be/vehicle/L5786,http://irail.be/stations/NMBS/008863354,L,2017-03-22T16:34:00,2017-03-22T16:34:00,-80,-80
http://irail.be/vehicle/L5786,NO-URI,L,2017-03-22T16:36:00,2017-03-22T16:36:00,-80,-80
http://irail.be/vehicle/L5786,http://irail.be/stations/NMBS/008863008,L,2017-03-22T16:37:00,2017-03-22T16:37:00,,-76
http://irail.be/vehicle/L5786,http://irail.be/stations/NMBS/008864501,L,2017-09-27T15:54:00,2017-09-27T15:54:00,184,
http://irail.be/vehicle/L5786,http://irail.be/stations/NMBS/008864915,L,2017-09-27T16:00:00,2017-09-27T16:00:00,167,167
http://irail.be/vehicle/L5786,http://irail.be/stations/NMBS/008864923,L,2017-09-27T16:02:00,2017-09-27T16:02:00,167,167
http://irail.be/vehicle/L5786,http://irail.be/stations/NMBS/008864931,L,2017-09-27T16:05:00,2017-09-27T16:04:00,167,167
http://irail.be/vehicle/L5786,http://irail.be/stations/NMBS/008864949,L,2017-09-27T16:08:00,2017-09-27T16:08:00,167,167
http://irail.be/vehicle/L5786,NO-URI,L,2017-09-27T16:09:00,2017-09-27T16:09:00,167,167
http://irail.be/vehicle/L5786,http://irail.be/stations/NMBS/008864956,L,2017-09-27T16:12:00,2017-09-27T16:12:00,44,44
http://irail.be/vehicle/L5786,http://irail.be/stations/NMBS/008864964,L,2017-09-27T16:15:00,2017-09-27T16:15:00,44,44
http://irail.be/vehicle/L5786,http://irail.be/stations/NMBS/008863362,L,2017-09-27T16:19:00,2017-09-27T16:19:00,44,44
http://irail.be/vehicle/L5786,http://irail.be/stations/NMBS/008863354,L,2017-09-27T16:22:00,2017-09-27T16:22:00,44,44
http://irail.be/vehicle/L5786,NO-URI,L,2017-09-27T16:24:00,2017-09-27T16:24:00,44,44
http://irail.be/vehicle/L5786,http://irail.be/stations/NMBS/008863008,L,2017-09-27T16:25:00,2017-09-27T16:25:00,,36
http://irail.be/vehicle/L5786,http://irail.be/stations/NMBS/008864501,L,2017-09-28T15:54:00,2017-09-28T15:54:00,113,
http://irail.be/vehicle/L5786,http://irail.be/stations/NMBS/008864915,L,2017-09-28T16:00:00,2017-09-28T16:00:00,199,199
http://irail.be/vehicle/L5786,http://irail.be/stations/NMBS/008864923,L,2017-09-28T16:02:00,2017-09-28T16:02:00,199,199
http://irail.be/vehicle/L5786,http://irail.be/stations/NMBS/008864931,L,2017-09-28T16:05:00,2017-09-28T16:04:00,199,199
http://irail.be/vehicle/L5786,http://irail.be/stations/NMBS/008864949,L,2017-09-28T16:08:00,2017-09-28T16:08:00,199,199
http://irail.be/vehicle/L5786,NO-URI,L,2017-09-28T16:09:00,2017-09-28T16:09:00,199,199
http://irail.be/vehicle/L5786,http://irail.be/stations/NMBS/008864956,L,2017-09-28T16:12:00,2017-09-28T16:12:00,221,133
http://irail.be/vehicle/L5786,http://irail.be/stations/NMBS/008864964,L,2017-09-28T16:15:00,2017-09-28T16:15:00,221,221
http://irail.be/vehicle/L5786,http://irail.be/stations/NMBS/008863362,L,2017-09-28T16:19:00,2017-09-28T16:19:00,221,221
http://irail.be/vehicle/L5786,http://irail.be/stations/NMBS/008863354,L,2017-09-28T16:22:00,2017-09-28T16:22:00,221,221
http://irail.be/vehicle/L5786,NO-URI,L,2017-09-28T16:24:00,2017-09-28T16:24:00,221,221
http://irail.be/vehicle/L5786,http://irail.be/stations/NMBS/008863008,L,2017-09-28T16:25:00,2017-09-28T16:25:00,,215
http://irail.be/vehicle/L5786,http://irail.be/stations/NMBS/008864501,L,2017-08-10T15:52:00,2017-08-10T15:52:00,90,
http://irail.be/vehicle/L5786,http://irail.be/stations/NMBS/008864915,L,2017-08-10T15:58:00,2017-08-10T15:58:00,90,90
http://irail.be/vehicle/L5786,http://irail.be/stations/NMBS/008864923,L,2017-08-10T16:00:00,2017-08-10T16:00:00,90,90
http://irail.be/vehicle/L5786,http://irail.be/stations/NMBS/008864931,L,2017-08-10T16:03:00,2017-08-10T16:02:00,90,90
http://irail.be/vehicle/L5786,http://irail.be/stations/NMBS/008864949,L,2017-08-10T16:06:00,2017-08-10T16:06:00,90,90
http://irail.be/vehicle/L5786,NO-URI,L,2017-08-10T16:07:00,2017-08-10T16:07:00,90,90
http://irail.be/vehicle/L5786,http://irail.be/stations/NMBS/008864956,L,2017-08-10T16:10:00,2017-08-10T16:10:00,65,65
http://irail.be/vehicle/L5786,http://irail.be/stations/NMBS/008864964,L,2017-08-10T16:13:00,2017-08-10T16:13:00,-33,-33
http://irail.be/vehicle/L5786,http://irail.be/stations/NMBS/008863362,L,2017-08-10T16:18:00,2017-08-10T16:18:00,-33,-33
http://irail.be/vehicle/L5786,http://irail.be/stations/NMBS/008863354,L,2017-08-10T16:22:00,2017-08-10T16:22:00,-33,-33
http://irail.be/vehicle/L5786,NO-URI,L,2017-08-10T16:24:00,2017-08-10T16:24:00,-33,-33
http://irail.be/vehicle/L5786,http://irail.be/stations/NMBS/008863008,L,2017-08-10T16:26:00,2017-08-10T16:26:00,,-41
http://irail.be/vehicle/L5786,NO-URI,L,2017-06-02T16:19:00,2017-06-02T16:19:00,127,
http://irail.be/vehicle/L5786,http://irail.be/stations/NMBS/008864956,L,2017-06-02T16:23:00,2017-06-02T16:23:00,127,127
http://irail.be/vehicle/L5786,http://irail.be/stations/NMBS/008864964,L,2017-06-02T16:26:00,2017-06-02T16:26:00,127,127
http://irail.be/vehicle/L5786,http://irail.be/stations/NMBS/008863362,L,2017-06-02T16:30:00,2017-06-02T16:30:00,127,127
http://irail.be/vehicle/L5786,http://irail.be/stations/NMBS/008863354,L,2017-06-02T16:34:00,2017-06-02T16:34:00,127,127
http://irail.be/vehicle/L5786,NO-URI,L,2017-06-02T16:36:00,2017-06-02T16:36:00,127,127
http://irail.be/vehicle/L5786,http://irail.be/stations/NMBS/008863008,L,2017-06-02T16:37:00,2017-06-02T16:37:00,,144
http://irail.be/vehicle/L5786,NO-URI,L,2017-01-06T16:19:00,2017-01-06T16:19:00,21,
http://irail.be/vehicle/L5786,http://irail.be/stations/NMBS/008864956,L,2017-01-06T16:23:00,2017-01-06T16:23:00,21,21
http://irail.be/vehicle/L5786,http://irail.be/stations/NMBS/008864964,L,2017-01-06T16:26:00,2017-01-06T16:26:00,21,21
http://irail.be/vehicle/L5786,http://irail.be/stations/NMBS/008863362,L,2017-01-06T16:30:00,2017-01-06T16:30:00,21,21
http://irail.be/vehicle/L5786,http://irail.be/stations/NMBS/008863354,L,2017-01-06T16:34:00,2017-01-06T16:34:00,21,21
http://irail.be/vehicle/L5786,NO-URI,L,2017-01-06T16:36:00,2017-01-06T16:36:00,21,21
http://irail.be/vehicle/L5786,http://irail.be/stations/NMBS/008863008,L,2017-01-06T16:37:00,2017-01-06T16:37:00,,30
http://irail.be/vehicle/L5786,NO-URI,L,2017-04-26T16:19:00,2017-04-26T16:19:00,72,
http://irail.be/vehicle/L5786,http://irail.be/stations/NMBS/008864956,L,2017-04-26T16:23:00,2017-04-26T16:23:00,72,72
http://irail.be/vehicle/L5786,http://irail.be/stations/NMBS/008864964,L,2017-04-26T16:26:00,2017-04-26T16:26:00,72,72
http://irail.be/vehicle/L5786,http://irail.be/stations/NMBS/008863362,L,2017-04-26T16:30:00,2017-04-26T16:30:00,72,72
http://irail.be/vehicle/L5786,http://irail.be/stations/NMBS/008863354,L,2017-04-26T16:34:00,2017-04-26T16:34:00,72,72
http://irail.be/vehicle/L5786,NO-URI,L,2017-04-26T16:36:00,2017-04-26T16:36:00,72,72
http://irail.be/vehicle/L5786,http://irail.be/stations/NMBS/008863008,L,2017-04-26T16:37:00,2017-04-26T16:37:00,,99
http://irail.be/vehicle/L5786,http://irail.be/stations/NMBS/008864501,L,2017-06-13T15:52:00,2017-06-13T15:52:00,84,
http://irail.be/vehicle/L5786,http://irail.be/stations/NMBS/008864915,L,2017-06-13T15:58:00,2017-06-13T15:58:00,434,434
http://irail.be/vehicle/L5786,http://irail.be/stations/NMBS/008864923,L,2017-06-13T16:00:00,2017-06-13T16:00:00,434,434
http://irail.be/vehicle/L5786,http://irail.be/stations/NMBS/008864931,L,2017-06-13T16:03:00,2017-06-13T16:02:00,434,434
http://irail.be/vehicle/L5786,http://irail.be/stations/NMBS/008864949,L,2017-06-13T16:06:00,2017-06-13T16:06:00,434,434
http://irail.be/vehicle/L5786,NO-URI,L,2017-06-13T16:07:00,2017-06-13T16:07:00,434,434
http://irail.be/vehicle/L5786,http://irail.be/stations/NMBS/008864956,L,2017-06-13T16:10:00,2017-06-13T16:10:00,585,585
http://irail.be/vehicle/L5786,http://irail.be/stations/NMBS/008864964,L,2017-06-13T16:13:00,2017-06-13T16:13:00,585,585
http://irail.be/vehicle/L5786,http://irail.be/stations/NMBS/008863362,L,2017-06-13T16:18:00,2017-06-13T16:18:00,585,585
http://irail.be/vehicle/L5786,http://irail.be/stations/NMBS/008863354,L,2017-06-13T16:22:00,2017-06-13T16:22:00,585,585
http://irail.be/vehicle/L5786,NO-URI,L,2017-06-13T16:24:00,2017-06-13T16:24:00,585,585
http://irail.be/vehicle/L5786,http://irail.be/stations/NMBS/008863008,L,2017-06-13T16:26:00,2017-06-13T16:26:00,,565
http://irail.be/vehicle/L5786,http://irail.be/stations/NMBS/008864501,L,2017-10-26T15:54:00,2017-10-26T15:54:00,97,
http://irail.be/vehicle/L5786,http://irail.be/stations/NMBS/008864915,L,2017-10-26T16:00:00,2017-10-26T16:00:00,85,85
http://irail.be/vehicle/L5786,http://irail.be/stations/NMBS/008864923,L,2017-10-26T16:02:00,2017-10-26T16:02:00,85,85
http://irail.be/vehicle/L5786,http://irail.be/stations/NMBS/008864931,L,2017-10-26T16:05:00,2017-10-26T16:04:00,85,85
http://irail.be/vehicle/L5786,http://irail.be/stations/NMBS/008864949,L,2017-10-26T16:08:00,2017-10-26T16:08:00,85,85
http://irail.be/vehicle/L5786,NO-URI,L,2017-10-26T16:09:00,2017-10-26T16:09:00,85,85
http://irail.be/vehicle/L5786,http://irail.be/stations/NMBS/008864956,L,2017-10-26T16:12:00,2017-10-26T16:12:00,92,92
http://irail.be/vehicle/L5786,http://irail.be/stations/NMBS/008864964,L,2017-10-26T16:15:00,2017-10-26T16:15:00,92,92
http://irail.be/vehicle/L5786,http://irail.be/stations/NMBS/008863362,L,2017-10-26T16:19:00,2017-10-26T16:19:00,92,92
http://irail.be/vehicle/L5786,http://irail.be/stations/NMBS/008863354,L,2017-10-26T16:22:00,2017-10-26T16:22:00,92,92
http://irail.be/vehicle/L5786,NO-URI,L,2017-10-26T16:24:00,2017-10-26T16:24:00,92,92
http://irail.be/vehicle/L5786,http://irail.be/stations/NMBS/008863008,L,2017-10-26T16:25:00,2017-10-26T16:25:00,,92
http://irail.be/vehicle/L5786,NO-URI,L,2017-03-03T16:19:00,2017-03-03T16:19:00,-8,
http://irail.be/vehicle/L5786,http://irail.be/stations/NMBS/008864956,L,2017-03-03T16:23:00,2017-03-03T16:23:00,-8,-8
http://irail.be/vehicle/L5786,http://irail.be/stations/NMBS/008864964,L,2017-03-03T16:26:00,2017-03-03T16:26:00,-8,-8
http://irail.be/vehicle/L5786,http://irail.be/stations/NMBS/008863362,L,2017-03-03T16:30:00,2017-03-03T16:30:00,-8,-8
http://irail.be/vehicle/L5786,http://irail.be/stations/NMBS/008863354,L,2017-03-03T16:34:00,2017-03-03T16:34:00,-8,-8
http://irail.be/vehicle/L5786,NO-URI,L,2017-03-03T16:36:00,2017-03-03T16:36:00,-8,-8
http://irail.be/vehicle/L5786,http://irail.be/stations/NMBS/008863008,L,2017-03-03T16:37:00,2017-03-03T16:37:00,,20
http://irail.be/vehicle/L5786,NO-URI,L,2017-03-30T16:19:00,2017-03-30T16:19:00,59,
http://irail.be/vehicle/L5786,http://irail.be/stations/NMBS/008864956,L,2017-03-30T16:23:00,2017-03-30T16:23:00,59,59
http://irail.be/vehicle/L5786,http://irail.be/stations/NMBS/008864964,L,2017-03-30T16:26:00,2017-03-30T16:26:00,59,59
http://irail.be/vehicle/L5786,http://irail.be/stations/NMBS/008863362,L,2017-03-30T16:30:00,2017-03-30T16:30:00,59,59
http://irail.be/vehicle/L5786,http://irail.be/stations/NMBS/008863354,L,2017-03-30T16:34:00,2017-03-30T16:34:00,59,59
http://irail.be/vehicle/L5786,NO-URI,L,2017-03-30T16:36:00,2017-03-30T16:36:00,59,59
http://irail.be/vehicle/L5786,http://irail.be/stations/NMBS/008863008,L,2017-03-30T16:37:00,2017-03-30T16:37:00,,67
http://irail.be/vehicle/L5786,NO-URI,L,2017-03-27T16:19:00,2017-03-27T16:19:00,63,
http://irail.be/vehicle/L5786,http://irail.be/stations/NMBS/008864956,L,2017-03-27T16:23:00,2017-03-27T16:23:00,63,63
http://irail.be/vehicle/L5786,http://irail.be/stations/NMBS/008864964,L,2017-03-27T16:26:00,2017-03-27T16:26:00,63,63
http://irail.be/vehicle/L5786,http://irail.be/stations/NMBS/008863362,L,2017-03-27T16:30:00,2017-03-27T16:30:00,63,63
http://irail.be/vehicle/L5786,http://irail.be/stations/NMBS/008863354,L,2017-03-27T16:34:00,2017-03-27T16:34:00,63,63
http://irail.be/vehicle/L5786,NO-URI,L,2017-03-27T16:36:00,2017-03-27T16:36:00,63,63
http://irail.be/vehicle/L5786,http://irail.be/stations/NMBS/008863008,L,2017-03-27T16:37:00,2017-03-27T16:37:00,,74
http://irail.be/vehicle/L5786,http://irail.be/stations/NMBS/008864501,L,2017-12-19T16:07:00,2017-12-19T16:07:00,80,
http://irail.be/vehicle/L5786,http://irail.be/stations/NMBS/008864915,L,2017-12-19T16:13:00,2017-12-19T16:13:00,71,71
http://irail.be/vehicle/L5786,http://irail.be/stations/NMBS/008864923,L,2017-12-19T16:15:00,2017-12-19T16:15:00,71,71
http://irail.be/vehicle/L5786,http://irail.be/stations/NMBS/008864931,L,2017-12-19T16:17:00,2017-12-19T16:17:00,71,71
http://irail.be/vehicle/L5786,http://irail.be/stations/NMBS/008864949,L,2017-12-19T16:20:00,2017-12-19T16:20:00,71,71
http://irail.be/vehicle/L5786,NO-URI,L,2017-12-19T16:21:00,2017-12-19T16:21:00,71,71
http://irail.be/vehicle/L5786,http://irail.be/stations/NMBS/008864956,L,2017-12-19T16:24:00,2017-12-19T16:24:00,57,57
http://irail.be/vehicle/L5786,http://irail.be/stations/NMBS/008864964,L,2017-12-19T16:27:00,2017-12-19T16:27:00,-34,-34
http://irail.be/vehicle/L5786,http://irail.be/stations/NMBS/008863362,L,2017-12-19T16:31:00,2017-12-19T16:31:00,-34,-34
http://irail.be/vehicle/L5786,http://irail.be/stations/NMBS/008863354,L,2017-12-19T16:35:00,2017-12-19T16:34:00,-34,-34
http://irail.be/vehicle/L5786,NO-URI,L,2017-12-19T16:37:00,2017-12-19T16:37:00,-34,-34
http://irail.be/vehicle/L5786,http://irail.be/stations/NMBS/008863008,L,2017-12-19T16:38:00,2017-12-19T16:38:00,,-31
http://irail.be/vehicle/L5786,NO-URI,L,2017-01-02T16:19:00,2017-01-02T16:19:00,60,
http://irail.be/vehicle/L5786,http://irail.be/stations/NMBS/008864956,L,2017-01-02T16:23:00,2017-01-02T16:23:00,60,60
http://irail.be/vehicle/L5786,http://irail.be/stations/NMBS/008864964,L,2017-01-02T16:26:00,2017-01-02T16:26:00,60,60
http://irail.be/vehicle/L5786,http://irail.be/stations/NMBS/008863362,L,2017-01-02T16:30:00,2017-01-02T16:30:00,60,60
http://irail.be/vehicle/L5786,http://irail.be/stations/NMBS/008863354,L,2017-01-02T16:34:00,2017-01-02T16:34:00,60,60
http://irail.be/vehicle/L5786,NO-URI,L,2017-01-02T16:36:00,2017-01-02T16:36:00,60,60
http://irail.be/vehicle/L5786,http://irail.be/stations/NMBS/008863008,L,2017-01-02T16:37:00,2017-01-02T16:37:00,,69
http://irail.be/vehicle/L5786,NO-URI,L,2017-01-11T16:19:00,2017-01-11T16:19:00,168,
http://irail.be/vehicle/L5786,http://irail.be/stations/NMBS/008864956,L,2017-01-11T16:23:00,2017-01-11T16:23:00,168,168
http://irail.be/vehicle/L5786,http://irail.be/stations/NMBS/008864964,L,2017-01-11T16:26:00,2017-01-11T16:26:00,168,168
http://irail.be/vehicle/L5786,http://irail.be/stations/NMBS/008863362,L,2017-01-11T16:30:00,2017-01-11T16:30:00,168,168
http://irail.be/vehicle/L5786,http://irail.be/stations/NMBS/008863354,L,2017-01-11T16:34:00,2017-01-11T16:34:00,168,168
http://irail.be/vehicle/L5786,NO-URI,L,2017-01-11T16:36:00,2017-01-11T16:36:00,168,168
http://irail.be/vehicle/L5786,http://irail.be/stations/NMBS/008863008,L,2017-01-11T16:37:00,2017-01-11T16:37:00,,188
http://irail.be/vehicle/L5786,http://irail.be/stations/NMBS/008864501,L,2017-11-03T15:54:00,2017-11-03T15:54:00,67,
http://irail.be/vehicle/L5786,http://irail.be/stations/NMBS/008864915,L,2017-11-03T16:00:00,2017-11-03T16:00:00,78,78
http://irail.be/vehicle/L5786,http://irail.be/stations/NMBS/008864923,L,2017-11-03T16:02:00,2017-11-03T16:02:00,78,78
http://irail.be/vehicle/L5786,http://irail.be/stations/NMBS/008864931,L,2017-11-03T16:05:00,2017-11-03T16:04:00,78,78
http://irail.be/vehicle/L5786,http://irail.be/stations/NMBS/008864949,L,2017-11-03T16:08:00,2017-11-03T16:08:00,78,78
http://irail.be/vehicle/L5786,NO-URI,L,2017-11-03T16:09:00,2017-11-03T16:09:00,78,78
http://irail.be/vehicle/L5786,http://irail.be/stations/NMBS/008864956,L,2017-11-03T16:12:00,2017-11-03T16:12:00,37,37
http://irail.be/vehicle/L5786,http://irail.be/stations/NMBS/008864964,L,2017-11-03T16:15:00,2017-11-03T16:15:00,37,37
http://irail.be/vehicle/L5786,http://irail.be/stations/NMBS/008863362,L,2017-11-03T16:19:00,2017-11-03T16:19:00,37,37
http://irail.be/vehicle/L5786,http://irail.be/stations/NMBS/008863354,L,2017-11-03T16:22:00,2017-11-03T16:22:00,37,37
http://irail.be/vehicle/L5786,NO-URI,L,2017-11-03T16:24:00,2017-11-03T16:24:00,37,37
http://irail.be/vehicle/L5786,http://irail.be/stations/NMBS/008863008,L,2017-11-03T16:25:00,2017-11-03T16:25:00,,35
http://irail.be/vehicle/L5786,http://irail.be/stations/NMBS/008864501,L,2017-06-21T15:52:00,2017-06-21T15:52:00,326,
http://irail.be/vehicle/L5786,http://irail.be/stations/NMBS/008864915,L,2017-06-21T15:58:00,2017-06-21T15:58:00,489,489
http://irail.be/vehicle/L5786,http://irail.be/stations/NMBS/008864923,L,2017-06-21T16:00:00,2017-06-21T16:00:00,489,489
http://irail.be/vehicle/L5786,http://irail.be/stations/NMBS/008864931,L,2017-06-21T16:03:00,2017-06-21T16:02:00,489,489
http://irail.be/vehicle/L5786,http://irail.be/stations/NMBS/008864949,L,2017-06-21T16:06:00,2017-06-21T16:06:00,489,489
http://irail.be/vehicle/L5786,NO-URI,L,2017-06-21T16:07:00,2017-06-21T16:07:00,489,489
http://irail.be/vehicle/L5786,http://irail.be/stations/NMBS/008864956,L,2017-06-21T16:10:00,2017-06-21T16:10:00,951,951
http://irail.be/vehicle/L5786,http://irail.be/stations/NMBS/008864964,L,2017-06-21T16:13:00,2017-06-21T16:13:00,951,951
http://irail.be/vehicle/L5786,http://irail.be/stations/NMBS/008863362,L,2017-06-21T16:18:00,2017-06-21T16:18:00,951,951
http://irail.be/vehicle/L5786,http://irail.be/stations/NMBS/008863354,L,2017-06-21T16:22:00,2017-06-21T16:22:00,951,951
http://irail.be/vehicle/L5786,NO-URI,L,2017-06-21T16:24:00,2017-06-21T16:24:00,951,951
http://irail.be/vehicle/L5786,http://irail.be/stations/NMBS/008863008,L,2017-06-21T16:26:00,2017-06-21T16:26:00,,930
http://irail.be/vehicle/L5786,NO-URI,L,2017-01-03T16:19:00,2017-01-03T16:19:00,24,
http://irail.be/vehicle/L5786,http://irail.be/stations/NMBS/008864956,L,2017-01-03T16:23:00,2017-01-03T16:23:00,24,24
http://irail.be/vehicle/L5786,http://irail.be/stations/NMBS/008864964,L,2017-01-03T16:26:00,2017-01-03T16:26:00,24,24
http://irail.be/vehicle/L5786,http://irail.be/stations/NMBS/008863362,L,2017-01-03T16:30:00,2017-01-03T16:30:00,24,24
http://irail.be/vehicle/L5786,http://irail.be/stations/NMBS/008863354,L,2017-01-03T16:34:00,2017-01-03T16:34:00,24,24
http://irail.be/vehicle/L5786,NO-URI,L,2017-01-03T16:36:00,2017-01-03T16:36:00,24,24
http://irail.be/vehicle/L5786,http://irail.be/stations/NMBS/008863008,L,2017-01-03T16:37:00,2017-01-03T16:37:00,,29
http://irail.be/vehicle/L5786,http://irail.be/stations/NMBS/008864501,L,2017-12-22T16:07:00,2017-12-22T16:07:00,67,
http://irail.be/vehicle/L5786,http://irail.be/stations/NMBS/008864915,L,2017-12-22T16:13:00,2017-12-22T16:13:00,113,113
http://irail.be/vehicle/L5786,http://irail.be/stations/NMBS/008864923,L,2017-12-22T16:15:00,2017-12-22T16:15:00,113,113
http://irail.be/vehicle/L5786,http://irail.be/stations/NMBS/008864931,L,2017-12-22T16:17:00,2017-12-22T16:17:00,113,113
http://irail.be/vehicle/L5786,http://irail.be/stations/NMBS/008864949,L,2017-12-22T16:20:00,2017-12-22T16:20:00,113,113
http://irail.be/vehicle/L5786,NO-URI,L,2017-12-22T16:21:00,2017-12-22T16:21:00,113,113
http://irail.be/vehicle/L5786,http://irail.be/stations/NMBS/008864956,L,2017-12-22T16:24:00,2017-12-22T16:24:00,108,108
http://irail.be/vehicle/L5786,http://irail.be/stations/NMBS/008864964,L,2017-12-22T16:27:00,2017-12-22T16:27:00,7,7
http://irail.be/vehicle/L5786,http://irail.be/stations/NMBS/008863362,L,2017-12-22T16:31:00,2017-12-22T16:31:00,7,7
http://irail.be/vehicle/L5786,http://irail.be/stations/NMBS/008863354,L,2017-12-22T16:35:00,2017-12-22T16:34:00,7,7
http://irail.be/vehicle/L5786,NO-URI,L,2017-12-22T16:37:00,2017-12-22T16:37:00,7,7
http://irail.be/vehicle/L5786,http://irail.be/stations/NMBS/008863008,L,2017-12-22T16:38:00,2017-12-22T16:38:00,,15
http://irail.be/vehicle/L5786,NO-URI,L,2017-05-30T16:19:00,2017-05-30T16:19:00,49,
http://irail.be/vehicle/L5786,http://irail.be/stations/NMBS/008864956,L,2017-05-30T16:23:00,2017-05-30T16:23:00,49,49
http://irail.be/vehicle/L5786,http://irail.be/stations/NMBS/008864964,L,2017-05-30T16:26:00,2017-05-30T16:26:00,49,49
http://irail.be/vehicle/L5786,http://irail.be/stations/NMBS/008863362,L,2017-05-30T16:30:00,2017-05-30T16:30:00,49,49
http://irail.be/vehicle/L5786,http://irail.be/stations/NMBS/008863354,L,2017-05-30T16:34:00,2017-05-30T16:34:00,49,49
http://irail.be/vehicle/L5786,NO-URI,L,2017-05-30T16:36:00,2017-05-30T16:36:00,49,49
http://irail.be/vehicle/L5786,http://irail.be/stations/NMBS/008863008,L,2017-05-30T16:37:00,2017-05-30T16:37:00,,65
http://irail.be/vehicle/L5786,NO-URI,L,2017-05-26T16:19:00,2017-05-26T16:19:00,15,
http://irail.be/vehicle/L5786,http://irail.be/stations/NMBS/008864956,L,2017-05-26T16:23:00,2017-05-26T16:23:00,15,15
http://irail.be/vehicle/L5786,http://irail.be/stations/NMBS/008864964,L,2017-05-26T16:26:00,2017-05-26T16:26:00,15,15
http://irail.be/vehicle/L5786,http://irail.be/stations/NMBS/008863362,L,2017-05-26T16:30:00,2017-05-26T16:30:00,15,15
http://irail.be/vehicle/L5786,http://irail.be/stations/NMBS/008863354,L,2017-05-26T16:34:00,2017-05-26T16:34:00,15,15
http://irail.be/vehicle/L5786,NO-URI,L,2017-05-26T16:36:00,2017-05-26T16:36:00,15,15
http://irail.be/vehicle/L5786,http://irail.be/stations/NMBS/008863008,L,2017-05-26T16:37:00,2017-05-26T16:37:00,,26
http://irail.be/vehicle/L5786,http://irail.be/stations/NMBS/008864501,L,2017-11-27T15:54:00,2017-11-27T15:54:00,531,
http://irail.be/vehicle/L5786,http://irail.be/stations/NMBS/008864915,L,2017-11-27T16:00:00,2017-11-27T16:00:00,620,620
http://irail.be/vehicle/L5786,http://irail.be/stations/NMBS/008864923,L,2017-11-27T16:02:00,2017-11-27T16:02:00,620,620
http://irail.be/vehicle/L5786,http://irail.be/stations/NMBS/008864931,L,2017-11-27T16:05:00,2017-11-27T16:04:00,620,620
http://irail.be/vehicle/L5786,http://irail.be/stations/NMBS/008864949,L,2017-11-27T16:08:00,2017-11-27T16:08:00,620,620
http://irail.be/vehicle/L5786,NO-URI,L,2017-11-27T16:09:00,2017-11-27T16:09:00,620,620
http://irail.be/vehicle/L5786,http://irail.be/stations/NMBS/008864956,L,2017-11-27T16:12:00,2017-11-27T16:12:00,678,678
http://irail.be/vehicle/L5786,http://irail.be/stations/NMBS/008864964,L,2017-11-27T16:15:00,2017-11-27T16:15:00,678,678
http://irail.be/vehicle/L5786,http://irail.be/stations/NMBS/008863362,L,2017-11-27T16:19:00,2017-11-27T16:19:00,678,678
http://irail.be/vehicle/L5786,http://irail.be/stations/NMBS/008863354,L,2017-11-27T16:22:00,2017-11-27T16:22:00,678,678
http://irail.be/vehicle/L5786,NO-URI,L,2017-11-27T16:24:00,2017-11-27T16:24:00,678,678
http://irail.be/vehicle/L5786,http://irail.be/stations/NMBS/008863008,L,2017-11-27T16:25:00,2017-11-27T16:25:00,,674
http://irail.be/vehicle/L5786,http://irail.be/stations/NMBS/008864501,L,2017-07-11T15:52:00,2017-07-11T15:52:00,333,
http://irail.be/vehicle/L5786,http://irail.be/stations/NMBS/008864915,L,2017-07-11T15:58:00,2017-07-11T15:58:00,333,333
http://irail.be/vehicle/L5786,http://irail.be/stations/NMBS/008864923,L,2017-07-11T16:00:00,2017-07-11T16:00:00,333,333
http://irail.be/vehicle/L5786,http://irail.be/stations/NMBS/008864931,L,2017-07-11T16:03:00,2017-07-11T16:02:00,333,333
http://irail.be/vehicle/L5786,http://irail.be/stations/NMBS/008864949,L,2017-07-11T16:06:00,2017-07-11T16:06:00,333,333
http://irail.be/vehicle/L5786,NO-URI,L,2017-07-11T16:07:00,2017-07-11T16:07:00,333,333
http://irail.be/vehicle/L5786,http://irail.be/stations/NMBS/008864956,L,2017-07-11T16:10:00,2017-07-11T16:10:00,187,187
http://irail.be/vehicle/L5786,http://irail.be/stations/NMBS/008864964,L,2017-07-11T16:13:00,2017-07-11T16:13:00,187,187
http://irail.be/vehicle/L5786,http://irail.be/stations/NMBS/008863362,L,2017-07-11T16:18:00,2017-07-11T16:18:00,187,187
http://irail.be/vehicle/L5786,http://irail.be/stations/NMBS/008863354,L,2017-07-11T16:22:00,2017-07-11T16:22:00,187,187
http://irail.be/vehicle/L5786,NO-URI,L,2017-07-11T16:24:00,2017-07-11T16:24:00,187,187
http://irail.be/vehicle/L5786,http://irail.be/stations/NMBS/008863008,L,2017-07-11T16:26:00,2017-07-11T16:26:00,,166
http://irail.be/vehicle/L5786,NO-URI,L,2017-04-07T16:19:00,2017-04-07T16:19:00,112,
http://irail.be/vehicle/L5786,http://irail.be/stations/NMBS/008864956,L,2017-04-07T16:23:00,2017-04-07T16:23:00,112,112
http://irail.be/vehicle/L5786,http://irail.be/stations/NMBS/008864964,L,2017-04-07T16:26:00,2017-04-07T16:26:00,112,112
http://irail.be/vehicle/L5786,http://irail.be/stations/NMBS/008863362,L,2017-04-07T16:30:00,2017-04-07T16:30:00,112,112
http://irail.be/vehicle/L5786,http://irail.be/stations/NMBS/008863354,L,2017-04-07T16:34:00,2017-04-07T16:34:00,112,112
http://irail.be/vehicle/L5786,NO-URI,L,2017-04-07T16:36:00,2017-04-07T16:36:00,112,112
http://irail.be/vehicle/L5786,http://irail.be/stations/NMBS/008863008,L,2017-04-07T16:37:00,2017-04-07T16:37:00,,113
http://irail.be/vehicle/L5786,http://irail.be/stations/NMBS/008864501,L,2017-08-11T15:52:00,2017-08-11T15:52:00,73,
http://irail.be/vehicle/L5786,http://irail.be/stations/NMBS/008864915,L,2017-08-11T15:58:00,2017-08-11T15:58:00,138,138
http://irail.be/vehicle/L5786,http://irail.be/stations/NMBS/008864923,L,2017-08-11T16:00:00,2017-08-11T16:00:00,138,138
http://irail.be/vehicle/L5786,http://irail.be/stations/NMBS/008864931,L,2017-08-11T16:03:00,2017-08-11T16:02:00,138,138
http://irail.be/vehicle/L5786,http://irail.be/stations/NMBS/008864949,L,2017-08-11T16:06:00,2017-08-11T16:06:00,138,138
http://irail.be/vehicle/L5786,NO-URI,L,2017-08-11T16:07:00,2017-08-11T16:07:00,138,138
http://irail.be/vehicle/L5786,http://irail.be/stations/NMBS/008864956,L,2017-08-11T16:10:00,2017-08-11T16:10:00,177,121
http://irail.be/vehicle/L5786,http://irail.be/stations/NMBS/008864964,L,2017-08-11T16:13:00,2017-08-11T16:13:00,177,177
http://irail.be/vehicle/L5786,http://irail.be/stations/NMBS/008863362,L,2017-08-11T16:18:00,2017-08-11T16:18:00,177,177
http://irail.be/vehicle/L5786,http://irail.be/stations/NMBS/008863354,L,2017-08-11T16:22:00,2017-08-11T16:22:00,177,177
http://irail.be/vehicle/L5786,NO-URI,L,2017-08-11T16:24:00,2017-08-11T16:24:00,177,177
http://irail.be/vehicle/L5786,http://irail.be/stations/NMBS/008863008,L,2017-08-11T16:26:00,2017-08-11T16:26:00,,157
http://irail.be/vehicle/L5786,http://irail.be/stations/NMBS/008864501,L,2017-07-20T15:52:00,2017-07-20T15:52:00,38,
http://irail.be/vehicle/L5786,http://irail.be/stations/NMBS/008864915,L,2017-07-20T15:58:00,2017-07-20T15:58:00,10,10
http://irail.be/vehicle/L5786,http://irail.be/stations/NMBS/008864923,L,2017-07-20T16:00:00,2017-07-20T16:00:00,10,10
http://irail.be/vehicle/L5786,http://irail.be/stations/NMBS/008864931,L,2017-07-20T16:03:00,2017-07-20T16:02:00,10,10
http://irail.be/vehicle/L5786,http://irail.be/stations/NMBS/008864949,L,2017-07-20T16:06:00,2017-07-20T16:06:00,10,10
http://irail.be/vehicle/L5786,NO-URI,L,2017-07-20T16:07:00,2017-07-20T16:07:00,10,10
http://irail.be/vehicle/L5786,http://irail.be/stations/NMBS/008864956,L,2017-07-20T16:10:00,2017-07-20T16:10:00,20,20
http://irail.be/vehicle/L5786,http://irail.be/stations/NMBS/008864964,L,2017-07-20T16:13:00,2017-07-20T16:13:00,20,20
http://irail.be/vehicle/L5786,http://irail.be/stations/NMBS/008863362,L,2017-07-20T16:18:00,2017-07-20T16:18:00,20,20
http://irail.be/vehicle/L5786,http://irail.be/stations/NMBS/008863354,L,2017-07-20T16:22:00,2017-07-20T16:22:00,20,20
http://irail.be/vehicle/L5786,NO-URI,L,2017-07-20T16:24:00,2017-07-20T16:24:00,20,20
http://irail.be/vehicle/L5786,http://irail.be/stations/NMBS/008863008,L,2017-07-20T16:26:00,2017-07-20T16:26:00,,-1
http://irail.be/vehicle/L5786,http://irail.be/stations/NMBS/008864501,L,2017-12-08T15:54:00,2017-12-08T15:54:00,113,
http://irail.be/vehicle/L5786,http://irail.be/stations/NMBS/008864915,L,2017-12-08T16:00:00,2017-12-08T16:00:00,189,189
http://irail.be/vehicle/L5786,http://irail.be/stations/NMBS/008864923,L,2017-12-08T16:02:00,2017-12-08T16:02:00,189,189
http://irail.be/vehicle/L5786,http://irail.be/stations/NMBS/008864931,L,2017-12-08T16:05:00,2017-12-08T16:04:00,189,189
http://irail.be/vehicle/L5786,http://irail.be/stations/NMBS/008864949,L,2017-12-08T16:08:00,2017-12-08T16:08:00,189,189
http://irail.be/vehicle/L5786,NO-URI,L,2017-12-08T16:09:00,2017-12-08T16:09:00,189,189
http://irail.be/vehicle/L5786,http://irail.be/stations/NMBS/008864956,L,2017-12-08T16:12:00,2017-12-08T16:12:00,231,231
http://irail.be/vehicle/L5786,http://irail.be/stations/NMBS/008864964,L,2017-12-08T16:15:00,2017-12-08T16:15:00,231,231
http://irail.be/vehicle/L5786,http://irail.be/stations/NMBS/008863362,L,2017-12-08T16:19:00,2017-12-08T16:19:00,231,231
http://irail.be/vehicle/L5786,http://irail.be/stations/NMBS/008863354,L,2017-12-08T16:22:00,2017-12-08T16:22:00,231,231
http://irail.be/vehicle/L5786,NO-URI,L,2017-12-08T16:24:00,2017-12-08T16:24:00,231,231
http://irail.be/vehicle/L5786,http://irail.be/stations/NMBS/008863008,L,2017-12-08T16:25:00,2017-12-08T16:25:00,,233
http://irail.be/vehicle/L5786,http://irail.be/stations/NMBS/008864501,L,2017-12-01T15:54:00,2017-12-01T15:54:00,0,0
http://irail.be/vehicle/L5786,http://irail.be/stations/NMBS/008864915,L,2017-12-01T16:00:00,2017-12-01T16:00:00,0,0
http://irail.be/vehicle/L5786,http://irail.be/stations/NMBS/008864923,L,2017-12-01T16:02:00,2017-12-01T16:02:00,0,0
http://irail.be/vehicle/L5786,http://irail.be/stations/NMBS/008864931,L,2017-12-01T16:05:00,2017-12-01T16:04:00,0,0
http://irail.be/vehicle/L5786,http://irail.be/stations/NMBS/008864949,L,2017-12-01T16:08:00,2017-12-01T16:08:00,0,0
http://irail.be/vehicle/L5786,NO-URI,L,2017-12-01T16:09:00,2017-12-01T16:09:00,0,0
http://irail.be/vehicle/L5786,http://irail.be/stations/NMBS/008864956,L,2017-12-01T16:12:00,2017-12-01T16:12:00,0,0
http://irail.be/vehicle/L5786,http://irail.be/stations/NMBS/008864964,L,2017-12-01T16:15:00,2017-12-01T16:15:00,0,0
http://irail.be/vehicle/L5786,http://irail.be/stations/NMBS/008863362,L,2017-12-01T16:19:00,2017-12-01T16:19:00,0,0
http://irail.be/vehicle/L5786,http://irail.be/stations/NMBS/008863354,L,2017-12-01T16:22:00,2017-12-01T16:22:00,0,0
http://irail.be/vehicle/L5786,NO-URI,L,2017-12-01T16:24:00,2017-12-01T16:24:00,0,0
http://irail.be/vehicle/L5786,http://irail.be/stations/NMBS/008863008,L,2017-12-01T16:25:00,2017-12-01T16:25:00,0,0
http://irail.be/vehicle/L5786,NO-URI,L,2017-01-18T16:19:00,2017-01-18T16:19:00,65,
http://irail.be/vehicle/L5786,http://irail.be/stations/NMBS/008864956,L,2017-01-18T16:23:00,2017-01-18T16:23:00,65,64
http://irail.be/vehicle/L5786,http://irail.be/stations/NMBS/008864964,L,2017-01-18T16:26:00,2017-01-18T16:26:00,64,64
http://irail.be/vehicle/L5786,http://irail.be/stations/NMBS/008863362,L,2017-01-18T16:30:00,2017-01-18T16:30:00,65,65
http://irail.be/vehicle/L5786,http://irail.be/stations/NMBS/008863354,L,2017-01-18T16:34:00,2017-01-18T16:34:00,64,64
http://irail.be/vehicle/L5786,NO-URI,L,2017-01-18T16:36:00,2017-01-18T16:36:00,64,64
http://irail.be/vehicle/L5786,http://irail.be/stations/NMBS/008863008,L,2017-01-18T16:37:00,2017-01-18T16:37:00,,73
http://irail.be/vehicle/L5786,http://irail.be/stations/NMBS/008864501,L,2017-09-22T15:54:00,2017-09-22T15:54:00,68,
http://irail.be/vehicle/L5786,http://irail.be/stations/NMBS/008864915,L,2017-09-22T16:00:00,2017-09-22T16:00:00,162,162
http://irail.be/vehicle/L5786,http://irail.be/stations/NMBS/008864923,L,2017-09-22T16:02:00,2017-09-22T16:02:00,162,162
http://irail.be/vehicle/L5786,http://irail.be/stations/NMBS/008864931,L,2017-09-22T16:05:00,2017-09-22T16:04:00,162,162
http://irail.be/vehicle/L5786,http://irail.be/stations/NMBS/008864949,L,2017-09-22T16:08:00,2017-09-22T16:08:00,162,162
http://irail.be/vehicle/L5786,NO-URI,L,2017-09-22T16:09:00,2017-09-22T16:09:00,162,162
http://irail.be/vehicle/L5786,http://irail.be/stations/NMBS/008864956,L,2017-09-22T16:12:00,2017-09-22T16:12:00,172,172
http://irail.be/vehicle/L5786,http://irail.be/stations/NMBS/008864964,L,2017-09-22T16:15:00,2017-09-22T16:15:00,172,172
http://irail.be/vehicle/L5786,http://irail.be/stations/NMBS/008863362,L,2017-09-22T16:19:00,2017-09-22T16:19:00,172,172
http://irail.be/vehicle/L5786,http://irail.be/stations/NMBS/008863354,L,2017-09-22T16:22:00,2017-09-22T16:22:00,172,172
http://irail.be/vehicle/L5786,NO-URI,L,2017-09-22T16:24:00,2017-09-22T16:24:00,172,172
http://irail.be/vehicle/L5786,http://irail.be/stations/NMBS/008863008,L,2017-09-22T16:25:00,2017-09-22T16:25:00,,178
http://irail.be/vehicle/L5786,NO-URI,L,2017-05-23T16:19:00,2017-05-23T16:19:00,153,
http://irail.be/vehicle/L5786,http://irail.be/stations/NMBS/008864956,L,2017-05-23T16:23:00,2017-05-23T16:23:00,153,153
http://irail.be/vehicle/L5786,http://irail.be/stations/NMBS/008864964,L,2017-05-23T16:26:00,2017-05-23T16:26:00,153,153
http://irail.be/vehicle/L5786,http://irail.be/stations/NMBS/008863362,L,2017-05-23T16:30:00,2017-05-23T16:30:00,153,153
http://irail.be/vehicle/L5786,http://irail.be/stations/NMBS/008863354,L,2017-05-23T16:34:00,2017-05-23T16:34:00,153,153
http://irail.be/vehicle/L5786,NO-URI,L,2017-05-23T16:36:00,2017-05-23T16:36:00,153,153
http://irail.be/vehicle/L5786,http://irail.be/stations/NMBS/008863008,L,2017-05-23T16:37:00,2017-05-23T16:37:00,,173
http://irail.be/vehicle/L5786,http://irail.be/stations/NMBS/008864501,L,2017-08-30T15:52:00,2017-08-30T15:52:00,66,
http://irail.be/vehicle/L5786,http://irail.be/stations/NMBS/008864915,L,2017-08-30T15:58:00,2017-08-30T15:58:00,109,109
http://irail.be/vehicle/L5786,http://irail.be/stations/NMBS/008864923,L,2017-08-30T16:00:00,2017-08-30T16:00:00,109,109
http://irail.be/vehicle/L5786,http://irail.be/stations/NMBS/008864931,L,2017-08-30T16:03:00,2017-08-30T16:02:00,109,109
http://irail.be/vehicle/L5786,http://irail.be/stations/NMBS/008864949,L,2017-08-30T16:06:00,2017-08-30T16:06:00,109,109
http://irail.be/vehicle/L5786,NO-URI,L,2017-08-30T16:07:00,2017-08-30T16:07:00,109,109
http://irail.be/vehicle/L5786,http://irail.be/stations/NMBS/008864956,L,2017-08-30T16:10:00,2017-08-30T16:10:00,189,189
http://irail.be/vehicle/L5786,http://irail.be/stations/NMBS/008864964,L,2017-08-30T16:13:00,2017-08-30T16:13:00,92,92
http://irail.be/vehicle/L5786,http://irail.be/stations/NMBS/008863362,L,2017-08-30T16:18:00,2017-08-30T16:18:00,92,92
http://irail.be/vehicle/L5786,http://irail.be/stations/NMBS/008863354,L,2017-08-30T16:22:00,2017-08-30T16:22:00,92,92
http://irail.be/vehicle/L5786,NO-URI,L,2017-08-30T16:24:00,2017-08-30T16:24:00,92,92
http://irail.be/vehicle/L5786,http://irail.be/stations/NMBS/008863008,L,2017-08-30T16:26:00,2017-08-30T16:26:00,,71
http://irail.be/vehicle/L5786,NO-URI,L,2017-05-09T16:19:00,2017-05-09T16:19:00,51,
http://irail.be/vehicle/L5786,http://irail.be/stations/NMBS/008864956,L,2017-05-09T16:23:00,2017-05-09T16:23:00,51,51
http://irail.be/vehicle/L5786,http://irail.be/stations/NMBS/008864964,L,2017-05-09T16:26:00,2017-05-09T16:26:00,51,51
http://irail.be/vehicle/L5786,http://irail.be/stations/NMBS/008863362,L,2017-05-09T16:30:00,2017-05-09T16:30:00,51,51
http://irail.be/vehicle/L5786,http://irail.be/stations/NMBS/008863354,L,2017-05-09T16:34:00,2017-05-09T16:34:00,51,51
http://irail.be/vehicle/L5786,NO-URI,L,2017-05-09T16:36:00,2017-05-09T16:36:00,51,51
http://irail.be/vehicle/L5786,http://irail.be/stations/NMBS/008863008,L,2017-05-09T16:37:00,2017-05-09T16:37:00,,59
http://irail.be/vehicle/L5786,NO-URI,L,2017-05-08T16:19:00,2017-05-08T16:19:00,128,
http://irail.be/vehicle/L5786,http://irail.be/stations/NMBS/008864956,L,2017-05-08T16:23:00,2017-05-08T16:23:00,129,128
http://irail.be/vehicle/L5786,http://irail.be/stations/NMBS/008864964,L,2017-05-08T16:26:00,2017-05-08T16:26:00,128,128
http://irail.be/vehicle/L5786,http://irail.be/stations/NMBS/008863362,L,2017-05-08T16:30:00,2017-05-08T16:30:00,129,128
http://irail.be/vehicle/L5786,http://irail.be/stations/NMBS/008863354,L,2017-05-08T16:34:00,2017-05-08T16:34:00,129,128
http://irail.be/vehicle/L5786,NO-URI,L,2017-05-08T16:36:00,2017-05-08T16:36:00,129,129
http://irail.be/vehicle/L5786,http://irail.be/stations/NMBS/008863008,L,2017-05-08T16:37:00,2017-05-08T16:37:00,,148
http://irail.be/vehicle/L5786,NO-URI,L,2017-06-01T16:19:00,2017-06-01T16:19:00,73,
http://irail.be/vehicle/L5786,http://irail.be/stations/NMBS/008864956,L,2017-06-01T16:23:00,2017-06-01T16:23:00,73,72
http://irail.be/vehicle/L5786,http://irail.be/stations/NMBS/008864964,L,2017-06-01T16:26:00,2017-06-01T16:26:00,73,73
http://irail.be/vehicle/L5786,http://irail.be/stations/NMBS/008863362,L,2017-06-01T16:30:00,2017-06-01T16:30:00,73,73
http://irail.be/vehicle/L5786,http://irail.be/stations/NMBS/008863354,L,2017-06-01T16:34:00,2017-06-01T16:34:00,72,72
http://irail.be/vehicle/L5786,NO-URI,L,2017-06-01T16:36:00,2017-06-01T16:36:00,72,72
http://irail.be/vehicle/L5786,http://irail.be/stations/NMBS/008863008,L,2017-06-01T16:37:00,2017-06-01T16:37:00,,87
http://irail.be/vehicle/L5786,NO-URI,L,2017-04-11T16:19:00,2017-04-11T16:19:00,105,
http://irail.be/vehicle/L5786,http://irail.be/stations/NMBS/008864956,L,2017-04-11T16:23:00,2017-04-11T16:23:00,105,105
http://irail.be/vehicle/L5786,http://irail.be/stations/NMBS/008864964,L,2017-04-11T16:26:00,2017-04-11T16:26:00,105,105
http://irail.be/vehicle/L5786,http://irail.be/stations/NMBS/008863362,L,2017-04-11T16:30:00,2017-04-11T16:30:00,105,105
http://irail.be/vehicle/L5786,http://irail.be/stations/NMBS/008863354,L,2017-04-11T16:34:00,2017-04-11T16:34:00,105,105
http://irail.be/vehicle/L5786,NO-URI,L,2017-04-11T16:36:00,2017-04-11T16:36:00,105,105
http://irail.be/vehicle/L5786,http://irail.be/stations/NMBS/008863008,L,2017-04-11T16:37:00,2017-04-11T16:37:00,,112
http://irail.be/vehicle/L5786,http://irail.be/stations/NMBS/008864501,L,2017-08-21T15:54:00,2017-08-21T15:54:00,84,
http://irail.be/vehicle/L5786,http://irail.be/stations/NMBS/008864915,L,2017-08-21T16:00:00,2017-08-21T16:00:00,165,165
http://irail.be/vehicle/L5786,http://irail.be/stations/NMBS/008864923,L,2017-08-21T16:02:00,2017-08-21T16:02:00,165,165
http://irail.be/vehicle/L5786,http://irail.be/stations/NMBS/008864931,L,2017-08-21T16:05:00,2017-08-21T16:04:00,165,165
http://irail.be/vehicle/L5786,http://irail.be/stations/NMBS/008864949,L,2017-08-21T16:08:00,2017-08-21T16:08:00,165,165
http://irail.be/vehicle/L5786,NO-URI,L,2017-08-21T16:09:00,2017-08-21T16:09:00,165,165
http://irail.be/vehicle/L5786,http://irail.be/stations/NMBS/008864956,L,2017-08-21T16:12:00,2017-08-21T16:12:00,160,148
http://irail.be/vehicle/L5786,http://irail.be/stations/NMBS/008864964,L,2017-08-21T16:15:00,2017-08-21T16:15:00,160,160
http://irail.be/vehicle/L5786,http://irail.be/stations/NMBS/008863362,L,2017-08-21T16:20:00,2017-08-21T16:20:00,160,160
http://irail.be/vehicle/L5786,http://irail.be/stations/NMBS/008863354,L,2017-08-21T16:24:00,2017-08-21T16:24:00,160,160
http://irail.be/vehicle/L5786,NO-URI,L,2017-08-21T16:26:00,2017-08-21T16:26:00,160,160
http://irail.be/vehicle/L5786,http://irail.be/stations/NMBS/008863008,L,2017-08-21T16:28:00,2017-08-21T16:28:00,,172
http://irail.be/vehicle/L5786,NO-URI,L,2017-02-24T16:19:00,2017-02-24T16:19:00,96,
http://irail.be/vehicle/L5786,http://irail.be/stations/NMBS/008864956,L,2017-02-24T16:23:00,2017-02-24T16:23:00,96,96
http://irail.be/vehicle/L5786,http://irail.be/stations/NMBS/008864964,L,2017-02-24T16:26:00,2017-02-24T16:26:00,96,96
http://irail.be/vehicle/L5786,http://irail.be/stations/NMBS/008863362,L,2017-02-24T16:30:00,2017-02-24T16:30:00,96,96
http://irail.be/vehicle/L5786,http://irail.be/stations/NMBS/008863354,L,2017-02-24T16:34:00,2017-02-24T16:34:00,96,96
http://irail.be/vehicle/L5786,NO-URI,L,2017-02-24T16:36:00,2017-02-24T16:36:00,96,96
http://irail.be/vehicle/L5786,http://irail.be/stations/NMBS/008863008,L,2017-02-24T16:37:00,2017-02-24T16:37:00,,103
http://irail.be/vehicle/L5786,http://irail.be/stations/NMBS/008864501,L,2017-07-12T15:52:00,2017-07-12T15:52:00,64,
http://irail.be/vehicle/L5786,http://irail.be/stations/NMBS/008864915,L,2017-07-12T15:58:00,2017-07-12T15:58:00,140,140
http://irail.be/vehicle/L5786,http://irail.be/stations/NMBS/008864923,L,2017-07-12T16:00:00,2017-07-12T16:00:00,140,140
http://irail.be/vehicle/L5786,http://irail.be/stations/NMBS/008864931,L,2017-07-12T16:03:00,2017-07-12T16:02:00,140,140
http://irail.be/vehicle/L5786,http://irail.be/stations/NMBS/008864949,L,2017-07-12T16:06:00,2017-07-12T16:06:00,140,140
http://irail.be/vehicle/L5786,NO-URI,L,2017-07-12T16:07:00,2017-07-12T16:07:00,140,140
http://irail.be/vehicle/L5786,http://irail.be/stations/NMBS/008864956,L,2017-07-12T16:10:00,2017-07-12T16:10:00,319,319
http://irail.be/vehicle/L5786,http://irail.be/stations/NMBS/008864964,L,2017-07-12T16:13:00,2017-07-12T16:13:00,319,319
http://irail.be/vehicle/L5786,http://irail.be/stations/NMBS/008863362,L,2017-07-12T16:18:00,2017-07-12T16:18:00,319,319
http://irail.be/vehicle/L5786,http://irail.be/stations/NMBS/008863354,L,2017-07-12T16:22:00,2017-07-12T16:22:00,319,319
http://irail.be/vehicle/L5786,NO-URI,L,2017-07-12T16:24:00,2017-07-12T16:24:00,319,319
http://irail.be/vehicle/L5786,http://irail.be/stations/NMBS/008863008,L,2017-07-12T16:26:00,2017-07-12T16:26:00,,301
http://irail.be/vehicle/L5786,http://irail.be/stations/NMBS/008864501,L,2017-07-04T15:52:00,2017-07-04T15:52:00,82,
http://irail.be/vehicle/L5786,http://irail.be/stations/NMBS/008864915,L,2017-07-04T15:58:00,2017-07-04T15:58:00,115,115
http://irail.be/vehicle/L5786,http://irail.be/stations/NMBS/008864923,L,2017-07-04T16:00:00,2017-07-04T16:00:00,115,115
http://irail.be/vehicle/L5786,http://irail.be/stations/NMBS/008864931,L,2017-07-04T16:03:00,2017-07-04T16:02:00,115,115
http://irail.be/vehicle/L5786,http://irail.be/stations/NMBS/008864949,L,2017-07-04T16:06:00,2017-07-04T16:06:00,115,115
http://irail.be/vehicle/L5786,NO-URI,L,2017-07-04T16:07:00,2017-07-04T16:07:00,115,115
http://irail.be/vehicle/L5786,http://irail.be/stations/NMBS/008864956,L,2017-07-04T16:10:00,2017-07-04T16:10:00,78,78
http://irail.be/vehicle/L5786,http://irail.be/stations/NMBS/008864964,L,2017-07-04T16:13:00,2017-07-04T16:13:00,78,78
http://irail.be/vehicle/L5786,http://irail.be/stations/NMBS/008863362,L,2017-07-04T16:18:00,2017-07-04T16:18:00,78,78
http://irail.be/vehicle/L5786,http://irail.be/stations/NMBS/008863354,L,2017-07-04T16:22:00,2017-07-04T16:22:00,78,78
http://irail.be/vehicle/L5786,NO-URI,L,2017-07-04T16:24:00,2017-07-04T16:24:00,78,78
http://irail.be/vehicle/L5786,http://irail.be/stations/NMBS/008863008,L,2017-07-04T16:26:00,2017-07-04T16:26:00,,57
http://irail.be/vehicle/L5786,http://irail.be/stations/NMBS/008864501,L,2017-11-23T15:54:00,2017-11-23T15:54:00,125,
http://irail.be/vehicle/L5786,http://irail.be/stations/NMBS/008864915,L,2017-11-23T16:00:00,2017-11-23T16:00:00,196,196
http://irail.be/vehicle/L5786,http://irail.be/stations/NMBS/008864923,L,2017-11-23T16:02:00,2017-11-23T16:02:00,196,196
http://irail.be/vehicle/L5786,http://irail.be/stations/NMBS/008864931,L,2017-11-23T16:05:00,2017-11-23T16:04:00,196,196
http://irail.be/vehicle/L5786,http://irail.be/stations/NMBS/008864949,L,2017-11-23T16:08:00,2017-11-23T16:08:00,196,196
http://irail.be/vehicle/L5786,NO-URI,L,2017-11-23T16:09:00,2017-11-23T16:09:00,196,196
http://irail.be/vehicle/L5786,http://irail.be/stations/NMBS/008864956,L,2017-11-23T16:12:00,2017-11-23T16:12:00,261,261
http://irail.be/vehicle/L5786,http://irail.be/stations/NMBS/008864964,L,2017-11-23T16:15:00,2017-11-23T16:15:00,261,261
http://irail.be/vehicle/L5786,http://irail.be/stations/NMBS/008863362,L,2017-11-23T16:19:00,2017-11-23T16:19:00,261,261
http://irail.be/vehicle/L5786,http://irail.be/stations/NMBS/008863354,L,2017-11-23T16:22:00,2017-11-23T16:22:00,261,261
http://irail.be/vehicle/L5786,NO-URI,L,2017-11-23T16:24:00,2017-11-23T16:24:00,261,261
http://irail.be/vehicle/L5786,http://irail.be/stations/NMBS/008863008,L,2017-11-23T16:25:00,2017-11-23T16:25:00,,273
http://irail.be/vehicle/L5786,http://irail.be/stations/NMBS/008864501,L,2017-08-08T15:52:00,2017-08-08T15:52:00,187,
http://irail.be/vehicle/L5786,http://irail.be/stations/NMBS/008864915,L,2017-08-08T15:58:00,2017-08-08T15:58:00,135,135
http://irail.be/vehicle/L5786,http://irail.be/stations/NMBS/008864923,L,2017-08-08T16:00:00,2017-08-08T16:00:00,135,135
http://irail.be/vehicle/L5786,http://irail.be/stations/NMBS/008864931,L,2017-08-08T16:03:00,2017-08-08T16:02:00,135,135
http://irail.be/vehicle/L5786,http://irail.be/stations/NMBS/008864949,L,2017-08-08T16:06:00,2017-08-08T16:06:00,135,135
http://irail.be/vehicle/L5786,NO-URI,L,2017-08-08T16:07:00,2017-08-08T16:07:00,135,135
http://irail.be/vehicle/L5786,http://irail.be/stations/NMBS/008864956,L,2017-08-08T16:10:00,2017-08-08T16:10:00,129,129
http://irail.be/vehicle/L5786,http://irail.be/stations/NMBS/008864964,L,2017-08-08T16:13:00,2017-08-08T16:13:00,75,75
http://irail.be/vehicle/L5786,http://irail.be/stations/NMBS/008863362,L,2017-08-08T16:18:00,2017-08-08T16:18:00,75,75
http://irail.be/vehicle/L5786,http://irail.be/stations/NMBS/008863354,L,2017-08-08T16:22:00,2017-08-08T16:22:00,75,75
http://irail.be/vehicle/L5786,NO-URI,L,2017-08-08T16:24:00,2017-08-08T16:24:00,75,75
http://irail.be/vehicle/L5786,http://irail.be/stations/NMBS/008863008,L,2017-08-08T16:26:00,2017-08-08T16:26:00,,57
http://irail.be/vehicle/L5786,NO-URI,L,2017-02-13T16:19:00,2017-02-13T16:19:00,132,
http://irail.be/vehicle/L5786,http://irail.be/stations/NMBS/008864956,L,2017-02-13T16:23:00,2017-02-13T16:23:00,132,132
http://irail.be/vehicle/L5786,http://irail.be/stations/NMBS/008864964,L,2017-02-13T16:26:00,2017-02-13T16:26:00,132,132
http://irail.be/vehicle/L5786,http://irail.be/stations/NMBS/008863362,L,2017-02-13T16:30:00,2017-02-13T16:30:00,132,132
http://irail.be/vehicle/L5786,http://irail.be/stations/NMBS/008863354,L,2017-02-13T16:34:00,2017-02-13T16:34:00,132,132
http://irail.be/vehicle/L5786,NO-URI,L,2017-02-13T16:36:00,2017-02-13T16:36:00,132,132
http://irail.be/vehicle/L5786,http://irail.be/stations/NMBS/008863008,L,2017-02-13T16:37:00,2017-02-13T16:37:00,,141
http://irail.be/vehicle/L5786,NO-URI,L,2017-03-14T16:19:00,2017-03-14T16:19:00,51,
http://irail.be/vehicle/L5786,http://irail.be/stations/NMBS/008864956,L,2017-03-14T16:23:00,2017-03-14T16:23:00,51,51
http://irail.be/vehicle/L5786,http://irail.be/stations/NMBS/008864964,L,2017-03-14T16:26:00,2017-03-14T16:26:00,51,51
http://irail.be/vehicle/L5786,http://irail.be/stations/NMBS/008863362,L,2017-03-14T16:30:00,2017-03-14T16:30:00,51,51
http://irail.be/vehicle/L5786,http://irail.be/stations/NMBS/008863354,L,2017-03-14T16:34:00,2017-03-14T16:34:00,51,51
http://irail.be/vehicle/L5786,NO-URI,L,2017-03-14T16:36:00,2017-03-14T16:36:00,51,51
http://irail.be/vehicle/L5786,http://irail.be/stations/NMBS/008863008,L,2017-03-14T16:37:00,2017-03-14T16:37:00,,61
http://irail.be/vehicle/L5786,http://irail.be/stations/NMBS/008864501,L,2017-12-29T16:07:00,2017-12-29T16:07:00,21,
http://irail.be/vehicle/L5786,http://irail.be/stations/NMBS/008864915,L,2017-12-29T16:13:00,2017-12-29T16:13:00,6,6
http://irail.be/vehicle/L5786,http://irail.be/stations/NMBS/008864923,L,2017-12-29T16:15:00,2017-12-29T16:15:00,6,6
http://irail.be/vehicle/L5786,http://irail.be/stations/NMBS/008864931,L,2017-12-29T16:17:00,2017-12-29T16:17:00,6,6
http://irail.be/vehicle/L5786,http://irail.be/stations/NMBS/008864949,L,2017-12-29T16:20:00,2017-12-29T16:20:00,6,6
http://irail.be/vehicle/L5786,NO-URI,L,2017-12-29T16:21:00,2017-12-29T16:21:00,6,6
http://irail.be/vehicle/L5786,http://irail.be/stations/NMBS/008864956,L,2017-12-29T16:24:00,2017-12-29T16:24:00,-2,-5
http://irail.be/vehicle/L5786,http://irail.be/stations/NMBS/008864964,L,2017-12-29T16:27:00,2017-12-29T16:27:00,-2,-2
http://irail.be/vehicle/L5786,http://irail.be/stations/NMBS/008863362,L,2017-12-29T16:31:00,2017-12-29T16:31:00,-2,-2
http://irail.be/vehicle/L5786,http://irail.be/stations/NMBS/008863354,L,2017-12-29T16:35:00,2017-12-29T16:34:00,-2,-2
http://irail.be/vehicle/L5786,NO-URI,L,2017-12-29T16:37:00,2017-12-29T16:37:00,-2,-2
http://irail.be/vehicle/L5786,http://irail.be/stations/NMBS/008863008,L,2017-12-29T16:38:00,2017-12-29T16:38:00,,-7
http://irail.be/vehicle/L5786,http://irail.be/stations/NMBS/008864501,L,2017-09-20T15:54:00,2017-09-20T15:54:00,62,
http://irail.be/vehicle/L5786,http://irail.be/stations/NMBS/008864915,L,2017-09-20T16:00:00,2017-09-20T16:00:00,17,17
http://irail.be/vehicle/L5786,http://irail.be/stations/NMBS/008864923,L,2017-09-20T16:02:00,2017-09-20T16:02:00,17,17
http://irail.be/vehicle/L5786,http://irail.be/stations/NMBS/008864931,L,2017-09-20T16:05:00,2017-09-20T16:04:00,17,17
http://irail.be/vehicle/L5786,http://irail.be/stations/NMBS/008864949,L,2017-09-20T16:08:00,2017-09-20T16:08:00,17,17
http://irail.be/vehicle/L5786,NO-URI,L,2017-09-20T16:09:00,2017-09-20T16:09:00,17,17
http://irail.be/vehicle/L5786,http://irail.be/stations/NMBS/008864956,L,2017-09-20T16:12:00,2017-09-20T16:12:00,39,39
http://irail.be/vehicle/L5786,http://irail.be/stations/NMBS/008864964,L,2017-09-20T16:15:00,2017-09-20T16:15:00,39,39
http://irail.be/vehicle/L5786,http://irail.be/stations/NMBS/008863362,L,2017-09-20T16:19:00,2017-09-20T16:19:00,39,39
http://irail.be/vehicle/L5786,http://irail.be/stations/NMBS/008863354,L,2017-09-20T16:22:00,2017-09-20T16:22:00,39,39
http://irail.be/vehicle/L5786,NO-URI,L,2017-09-20T16:24:00,2017-09-20T16:24:00,39,39
http://irail.be/vehicle/L5786,http://irail.be/stations/NMBS/008863008,L,2017-09-20T16:25:00,2017-09-20T16:25:00,,31
http://irail.be/vehicle/L5786,NO-URI,L,2017-01-25T16:19:00,2017-01-25T16:19:00,33,
http://irail.be/vehicle/L5786,http://irail.be/stations/NMBS/008864956,L,2017-01-25T16:23:00,2017-01-25T16:23:00,33,33
http://irail.be/vehicle/L5786,http://irail.be/stations/NMBS/008864964,L,2017-01-25T16:26:00,2017-01-25T16:26:00,33,33
http://irail.be/vehicle/L5786,http://irail.be/stations/NMBS/008863362,L,2017-01-25T16:30:00,2017-01-25T16:30:00,34,34
http://irail.be/vehicle/L5786,http://irail.be/stations/NMBS/008863354,L,2017-01-25T16:34:00,2017-01-25T16:34:00,34,34
http://irail.be/vehicle/L5786,NO-URI,L,2017-01-25T16:36:00,2017-01-25T16:36:00,34,34
http://irail.be/vehicle/L5786,http://irail.be/stations/NMBS/008863008,L,2017-01-25T16:37:00,2017-01-25T16:37:00,,58
http://irail.be/vehicle/L5786,http://irail.be/stations/NMBS/008864501,L,2017-12-07T15:54:00,2017-12-07T15:54:00,62,
http://irail.be/vehicle/L5786,http://irail.be/stations/NMBS/008864915,L,2017-12-07T16:00:00,2017-12-07T16:00:00,179,179
http://irail.be/vehicle/L5786,http://irail.be/stations/NMBS/008864923,L,2017-12-07T16:02:00,2017-12-07T16:02:00,179,179
http://irail.be/vehicle/L5786,http://irail.be/stations/NMBS/008864931,L,2017-12-07T16:05:00,2017-12-07T16:04:00,179,179
http://irail.be/vehicle/L5786,http://irail.be/stations/NMBS/008864949,L,2017-12-07T16:08:00,2017-12-07T16:08:00,179,179
http://irail.be/vehicle/L5786,NO-URI,L,2017-12-07T16:09:00,2017-12-07T16:09:00,179,179
http://irail.be/vehicle/L5786,http://irail.be/stations/NMBS/008864956,L,2017-12-07T16:12:00,2017-12-07T16:12:00,259,259
http://irail.be/vehicle/L5786,http://irail.be/stations/NMBS/008864964,L,2017-12-07T16:15:00,2017-12-07T16:15:00,259,259
http://irail.be/vehicle/L5786,http://irail.be/stations/NMBS/008863362,L,2017-12-07T16:19:00,2017-12-07T16:19:00,259,259
http://irail.be/vehicle/L5786,http://irail.be/stations/NMBS/008863354,L,2017-12-07T16:22:00,2017-12-07T16:22:00,259,259
http://irail.be/vehicle/L5786,NO-URI,L,2017-12-07T16:24:00,2017-12-07T16:24:00,259,259
http://irail.be/vehicle/L5786,http://irail.be/stations/NMBS/008863008,L,2017-12-07T16:25:00,2017-12-07T16:25:00,,251
http://irail.be/vehicle/L5786,http://irail.be/stations/NMBS/008864501,L,2017-07-03T15:52:00,2017-07-03T15:52:00,46,
http://irail.be/vehicle/L5786,http://irail.be/stations/NMBS/008864915,L,2017-07-03T15:58:00,2017-07-03T15:58:00,572,572
http://irail.be/vehicle/L5786,http://irail.be/stations/NMBS/008864923,L,2017-07-03T16:00:00,2017-07-03T16:00:00,572,572
http://irail.be/vehicle/L5786,http://irail.be/stations/NMBS/008864931,L,2017-07-03T16:03:00,2017-07-03T16:02:00,572,572
http://irail.be/vehicle/L5786,http://irail.be/stations/NMBS/008864949,L,2017-07-03T16:06:00,2017-07-03T16:06:00,572,572
http://irail.be/vehicle/L5786,NO-URI,L,2017-07-03T16:07:00,2017-07-03T16:07:00,572,572
http://irail.be/vehicle/L5786,http://irail.be/stations/NMBS/008864956,L,2017-07-03T16:10:00,2017-07-03T16:10:00,807,807
http://irail.be/vehicle/L5786,http://irail.be/stations/NMBS/008864964,L,2017-07-03T16:13:00,2017-07-03T16:13:00,807,807
http://irail.be/vehicle/L5786,http://irail.be/stations/NMBS/008863362,L,2017-07-03T16:18:00,2017-07-03T16:18:00,807,807
http://irail.be/vehicle/L5786,http://irail.be/stations/NMBS/008863354,L,2017-07-03T16:22:00,2017-07-03T16:22:00,807,807
http://irail.be/vehicle/L5786,NO-URI,L,2017-07-03T16:24:00,2017-07-03T16:24:00,807,807
http://irail.be/vehicle/L5786,http://irail.be/stations/NMBS/008863008,L,2017-07-03T16:26:00,2017-07-03T16:26:00,,794
http://irail.be/vehicle/L5786,http://irail.be/stations/NMBS/008864501,L,2017-08-24T15:54:00,2017-08-24T15:54:00,53,
http://irail.be/vehicle/L5786,http://irail.be/stations/NMBS/008864915,L,2017-08-24T16:00:00,2017-08-24T16:00:00,171,171
http://irail.be/vehicle/L5786,http://irail.be/stations/NMBS/008864923,L,2017-08-24T16:02:00,2017-08-24T16:02:00,171,171
http://irail.be/vehicle/L5786,http://irail.be/stations/NMBS/008864931,L,2017-08-24T16:05:00,2017-08-24T16:04:00,171,171
http://irail.be/vehicle/L5786,http://irail.be/stations/NMBS/008864949,L,2017-08-24T16:08:00,2017-08-24T16:08:00,171,171
http://irail.be/vehicle/L5786,NO-URI,L,2017-08-24T16:09:00,2017-08-24T16:09:00,171,171
http://irail.be/vehicle/L5786,http://irail.be/stations/NMBS/008864956,L,2017-08-24T16:12:00,2017-08-24T16:12:00,243,243
http://irail.be/vehicle/L5786,http://irail.be/stations/NMBS/008864964,L,2017-08-24T16:15:00,2017-08-24T16:15:00,75,75
http://irail.be/vehicle/L5786,http://irail.be/stations/NMBS/008863362,L,2017-08-24T16:20:00,2017-08-24T16:20:00,75,75
http://irail.be/vehicle/L5786,http://irail.be/stations/NMBS/008863354,L,2017-08-24T16:24:00,2017-08-24T16:24:00,75,75
http://irail.be/vehicle/L5786,NO-URI,L,2017-08-24T16:26:00,2017-08-24T16:26:00,75,75
http://irail.be/vehicle/L5786,http://irail.be/stations/NMBS/008863008,L,2017-08-24T16:28:00,2017-08-24T16:28:00,,57
http://irail.be/vehicle/L5786,NO-URI,L,2017-04-27T16:19:00,2017-04-27T16:19:00,24,
http://irail.be/vehicle/L5786,http://irail.be/stations/NMBS/008864956,L,2017-04-27T16:23:00,2017-04-27T16:23:00,24,24
http://irail.be/vehicle/L5786,http://irail.be/stations/NMBS/008864964,L,2017-04-27T16:26:00,2017-04-27T16:26:00,24,24
http://irail.be/vehicle/L5786,http://irail.be/stations/NMBS/008863362,L,2017-04-27T16:30:00,2017-04-27T16:30:00,24,24
http://irail.be/vehicle/L5786,http://irail.be/stations/NMBS/008863354,L,2017-04-27T16:34:00,2017-04-27T16:34:00,24,24
http://irail.be/vehicle/L5786,NO-URI,L,2017-04-27T16:36:00,2017-04-27T16:36:00,24,24
http://irail.be/vehicle/L5786,http://irail.be/stations/NMBS/008863008,L,2017-04-27T16:37:00,2017-04-27T16:37:00,,35
http://irail.be/vehicle/L5786,NO-URI,L,2017-04-25T16:19:00,2017-04-25T16:19:00,14,
http://irail.be/vehicle/L5786,http://irail.be/stations/NMBS/008864956,L,2017-04-25T16:23:00,2017-04-25T16:23:00,14,14
http://irail.be/vehicle/L5786,http://irail.be/stations/NMBS/008864964,L,2017-04-25T16:26:00,2017-04-25T16:26:00,14,14
http://irail.be/vehicle/L5786,http://irail.be/stations/NMBS/008863362,L,2017-04-25T16:30:00,2017-04-25T16:30:00,14,14
http://irail.be/vehicle/L5786,http://irail.be/stations/NMBS/008863354,L,2017-04-25T16:34:00,2017-04-25T16:34:00,14,14
http://irail.be/vehicle/L5786,NO-URI,L,2017-04-25T16:36:00,2017-04-25T16:36:00,14,14
http://irail.be/vehicle/L5786,http://irail.be/stations/NMBS/008863008,L,2017-04-25T16:37:00,2017-04-25T16:37:00,,20
http://irail.be/vehicle/L5786,http://irail.be/stations/NMBS/008864501,L,2017-11-08T15:54:00,2017-11-08T15:54:00,58,
http://irail.be/vehicle/L5786,http://irail.be/stations/NMBS/008864915,L,2017-11-08T16:00:00,2017-11-08T16:00:00,57,57
http://irail.be/vehicle/L5786,http://irail.be/stations/NMBS/008864923,L,2017-11-08T16:02:00,2017-11-08T16:02:00,57,57
http://irail.be/vehicle/L5786,http://irail.be/stations/NMBS/008864931,L,2017-11-08T16:05:00,2017-11-08T16:04:00,57,57
http://irail.be/vehicle/L5786,http://irail.be/stations/NMBS/008864949,L,2017-11-08T16:08:00,2017-11-08T16:08:00,57,57
http://irail.be/vehicle/L5786,NO-URI,L,2017-11-08T16:09:00,2017-11-08T16:09:00,57,57
http://irail.be/vehicle/L5786,http://irail.be/stations/NMBS/008864956,L,2017-11-08T16:12:00,2017-11-08T16:12:00,28,28
http://irail.be/vehicle/L5786,http://irail.be/stations/NMBS/008864964,L,2017-11-08T16:15:00,2017-11-08T16:15:00,28,28
http://irail.be/vehicle/L5786,http://irail.be/stations/NMBS/008863362,L,2017-11-08T16:19:00,2017-11-08T16:19:00,28,28
http://irail.be/vehicle/L5786,http://irail.be/stations/NMBS/008863354,L,2017-11-08T16:22:00,2017-11-08T16:22:00,28,28
http://irail.be/vehicle/L5786,NO-URI,L,2017-11-08T16:24:00,2017-11-08T16:24:00,28,28
http://irail.be/vehicle/L5786,http://irail.be/stations/NMBS/008863008,L,2017-11-08T16:25:00,2017-11-08T16:25:00,,21
http://irail.be/vehicle/L5786,NO-URI,L,2017-01-10T16:19:00,2017-01-10T16:19:00,80,
http://irail.be/vehicle/L5786,http://irail.be/stations/NMBS/008864956,L,2017-01-10T16:23:00,2017-01-10T16:23:00,80,80
http://irail.be/vehicle/L5786,http://irail.be/stations/NMBS/008864964,L,2017-01-10T16:26:00,2017-01-10T16:26:00,80,80
http://irail.be/vehicle/L5786,http://irail.be/stations/NMBS/008863362,L,2017-01-10T16:30:00,2017-01-10T16:30:00,80,80
http://irail.be/vehicle/L5786,http://irail.be/stations/NMBS/008863354,L,2017-01-10T16:34:00,2017-01-10T16:34:00,80,80
http://irail.be/vehicle/L5786,NO-URI,L,2017-01-10T16:36:00,2017-01-10T16:36:00,80,80
http://irail.be/vehicle/L5786,http://irail.be/stations/NMBS/008863008,L,2017-01-10T16:37:00,2017-01-10T16:37:00,,115
http://irail.be/vehicle/L5786,http://irail.be/stations/NMBS/008864501,L,2017-10-18T15:54:00,2017-10-18T15:54:00,37,
http://irail.be/vehicle/L5786,http://irail.be/stations/NMBS/008864915,L,2017-10-18T16:00:00,2017-10-18T16:00:00,31,31
http://irail.be/vehicle/L5786,http://irail.be/stations/NMBS/008864923,L,2017-10-18T16:02:00,2017-10-18T16:02:00,31,31
http://irail.be/vehicle/L5786,http://irail.be/stations/NMBS/008864931,L,2017-10-18T16:05:00,2017-10-18T16:04:00,31,31
http://irail.be/vehicle/L5786,http://irail.be/stations/NMBS/008864949,L,2017-10-18T16:08:00,2017-10-18T16:08:00,31,31
http://irail.be/vehicle/L5786,NO-URI,L,2017-10-18T16:09:00,2017-10-18T16:09:00,31,31
http://irail.be/vehicle/L5786,http://irail.be/stations/NMBS/008864956,L,2017-10-18T16:12:00,2017-10-18T16:12:00,11,11
http://irail.be/vehicle/L5786,http://irail.be/stations/NMBS/008864964,L,2017-10-18T16:15:00,2017-10-18T16:15:00,11,11
http://irail.be/vehicle/L5786,http://irail.be/stations/NMBS/008863362,L,2017-10-18T16:19:00,2017-10-18T16:19:00,11,11
http://irail.be/vehicle/L5786,http://irail.be/stations/NMBS/008863354,L,2017-10-18T16:22:00,2017-10-18T16:22:00,11,11
http://irail.be/vehicle/L5786,NO-URI,L,2017-10-18T16:24:00,2017-10-18T16:24:00,11,11
http://irail.be/vehicle/L5786,http://irail.be/stations/NMBS/008863008,L,2017-10-18T16:25:00,2017-10-18T16:25:00,,86
http://irail.be/vehicle/L5786,http://irail.be/stations/NMBS/008864501,L,2017-06-23T15:52:00,2017-06-23T15:52:00,118,
http://irail.be/vehicle/L5786,http://irail.be/stations/NMBS/008864915,L,2017-06-23T15:58:00,2017-06-23T15:58:00,104,104
http://irail.be/vehicle/L5786,http://irail.be/stations/NMBS/008864923,L,2017-06-23T16:00:00,2017-06-23T16:00:00,104,104
http://irail.be/vehicle/L5786,http://irail.be/stations/NMBS/008864931,L,2017-06-23T16:03:00,2017-06-23T16:02:00,104,104
http://irail.be/vehicle/L5786,http://irail.be/stations/NMBS/008864949,L,2017-06-23T16:06:00,2017-06-23T16:06:00,104,104
http://irail.be/vehicle/L5786,NO-URI,L,2017-06-23T16:07:00,2017-06-23T16:07:00,104,104
http://irail.be/vehicle/L5786,http://irail.be/stations/NMBS/008864956,L,2017-06-23T16:10:00,2017-06-23T16:10:00,12,12
http://irail.be/vehicle/L5786,http://irail.be/stations/NMBS/008864964,L,2017-06-23T16:13:00,2017-06-23T16:13:00,12,12
http://irail.be/vehicle/L5786,http://irail.be/stations/NMBS/008863362,L,2017-06-23T16:18:00,2017-06-23T16:18:00,12,12
http://irail.be/vehicle/L5786,http://irail.be/stations/NMBS/008863354,L,2017-06-23T16:22:00,2017-06-23T16:22:00,12,12
http://irail.be/vehicle/L5786,NO-URI,L,2017-06-23T16:24:00,2017-06-23T16:24:00,12,12
http://irail.be/vehicle/L5786,http://irail.be/stations/NMBS/008863008,L,2017-06-23T16:26:00,2017-06-23T16:26:00,,-6
http://irail.be/vehicle/L5786,http://irail.be/stations/NMBS/008864501,L,2017-08-29T15:52:00,2017-08-29T15:52:00,80,
http://irail.be/vehicle/L5786,http://irail.be/stations/NMBS/008864915,L,2017-08-29T15:58:00,2017-08-29T15:58:00,82,82
http://irail.be/vehicle/L5786,http://irail.be/stations/NMBS/008864923,L,2017-08-29T16:00:00,2017-08-29T16:00:00,82,82
http://irail.be/vehicle/L5786,http://irail.be/stations/NMBS/008864931,L,2017-08-29T16:03:00,2017-08-29T16:02:00,82,82
http://irail.be/vehicle/L5786,http://irail.be/stations/NMBS/008864949,L,2017-08-29T16:06:00,2017-08-29T16:06:00,82,82
http://irail.be/vehicle/L5786,NO-URI,L,2017-08-29T16:07:00,2017-08-29T16:07:00,82,82
http://irail.be/vehicle/L5786,http://irail.be/stations/NMBS/008864956,L,2017-08-29T16:10:00,2017-08-29T16:10:00,66,66
http://irail.be/vehicle/L5786,http://irail.be/stations/NMBS/008864964,L,2017-08-29T16:13:00,2017-08-29T16:13:00,-12,-12
http://irail.be/vehicle/L5786,http://irail.be/stations/NMBS/008863362,L,2017-08-29T16:18:00,2017-08-29T16:18:00,-12,-12
http://irail.be/vehicle/L5786,http://irail.be/stations/NMBS/008863354,L,2017-08-29T16:22:00,2017-08-29T16:22:00,-12,-12
http://irail.be/vehicle/L5786,NO-URI,L,2017-08-29T16:24:00,2017-08-29T16:24:00,-12,-12
http://irail.be/vehicle/L5786,http://irail.be/stations/NMBS/008863008,L,2017-08-29T16:26:00,2017-08-29T16:26:00,,-26
http://irail.be/vehicle/L5786,NO-URI,L,2017-05-29T16:19:00,2017-05-29T16:19:00,50,
http://irail.be/vehicle/L5786,http://irail.be/stations/NMBS/008864956,L,2017-05-29T16:23:00,2017-05-29T16:23:00,50,49
http://irail.be/vehicle/L5786,http://irail.be/stations/NMBS/008864964,L,2017-05-29T16:26:00,2017-05-29T16:26:00,50,50
http://irail.be/vehicle/L5786,http://irail.be/stations/NMBS/008863362,L,2017-05-29T16:30:00,2017-05-29T16:30:00,50,50
http://irail.be/vehicle/L5786,http://irail.be/stations/NMBS/008863354,L,2017-05-29T16:34:00,2017-05-29T16:34:00,50,50
http://irail.be/vehicle/L5786,NO-URI,L,2017-05-29T16:36:00,2017-05-29T16:36:00,50,49
http://irail.be/vehicle/L5786,http://irail.be/stations/NMBS/008863008,L,2017-05-29T16:37:00,2017-05-29T16:37:00,,76
http://irail.be/vehicle/L5786,http://irail.be/stations/NMBS/008864501,L,2017-11-30T15:54:00,2017-11-30T15:54:00,151,
http://irail.be/vehicle/L5786,http://irail.be/stations/NMBS/008864915,L,2017-11-30T16:00:00,2017-11-30T16:00:00,344,344
http://irail.be/vehicle/L5786,http://irail.be/stations/NMBS/008864923,L,2017-11-30T16:02:00,2017-11-30T16:02:00,344,344
http://irail.be/vehicle/L5786,http://irail.be/stations/NMBS/008864931,L,2017-11-30T16:05:00,2017-11-30T16:04:00,344,344
http://irail.be/vehicle/L5786,http://irail.be/stations/NMBS/008864949,L,2017-11-30T16:08:00,2017-11-30T16:08:00,344,344
http://irail.be/vehicle/L5786,NO-URI,L,2017-11-30T16:09:00,2017-11-30T16:09:00,344,344
http://irail.be/vehicle/L5786,http://irail.be/stations/NMBS/008864956,L,2017-11-30T16:12:00,2017-11-30T16:12:00,397,397
http://irail.be/vehicle/L5786,http://irail.be/stations/NMBS/008864964,L,2017-11-30T16:15:00,2017-11-30T16:15:00,397,397
http://irail.be/vehicle/L5786,http://irail.be/stations/NMBS/008863362,L,2017-11-30T16:19:00,2017-11-30T16:19:00,397,397
http://irail.be/vehicle/L5786,http://irail.be/stations/NMBS/008863354,L,2017-11-30T16:22:00,2017-11-30T16:22:00,397,397
http://irail.be/vehicle/L5786,NO-URI,L,2017-11-30T16:24:00,2017-11-30T16:24:00,397,397
http://irail.be/vehicle/L5786,http://irail.be/stations/NMBS/008863008,L,2017-11-30T16:25:00,2017-11-30T16:25:00,,401
http://irail.be/vehicle/L5786,http://irail.be/stations/NMBS/008864501,L,2017-09-12T15:54:00,2017-09-12T15:54:00,89,
http://irail.be/vehicle/L5786,http://irail.be/stations/NMBS/008864915,L,2017-09-12T16:00:00,2017-09-12T16:00:00,91,91
http://irail.be/vehicle/L5786,http://irail.be/stations/NMBS/008864923,L,2017-09-12T16:02:00,2017-09-12T16:02:00,91,91
http://irail.be/vehicle/L5786,http://irail.be/stations/NMBS/008864931,L,2017-09-12T16:05:00,2017-09-12T16:04:00,91,91
http://irail.be/vehicle/L5786,http://irail.be/stations/NMBS/008864949,L,2017-09-12T16:08:00,2017-09-12T16:08:00,91,91
http://irail.be/vehicle/L5786,NO-URI,L,2017-09-12T16:09:00,2017-09-12T16:09:00,91,91
http://irail.be/vehicle/L5786,http://irail.be/stations/NMBS/008864956,L,2017-09-12T16:12:00,2017-09-12T16:12:00,54,54
http://irail.be/vehicle/L5786,http://irail.be/stations/NMBS/008864964,L,2017-09-12T16:15:00,2017-09-12T16:15:00,54,54
http://irail.be/vehicle/L5786,http://irail.be/stations/NMBS/008863362,L,2017-09-12T16:19:00,2017-09-12T16:19:00,54,54
http://irail.be/vehicle/L5786,http://irail.be/stations/NMBS/008863354,L,2017-09-12T16:22:00,2017-09-12T16:22:00,54,54
http://irail.be/vehicle/L5786,NO-URI,L,2017-09-12T16:24:00,2017-09-12T16:24:00,54,54
http://irail.be/vehicle/L5786,http://irail.be/stations/NMBS/008863008,L,2017-09-12T16:25:00,2017-09-12T16:25:00,,46
http://irail.be/vehicle/L5786,NO-URI,L,2017-03-07T16:19:00,2017-03-07T16:19:00,53,
http://irail.be/vehicle/L5786,http://irail.be/stations/NMBS/008864956,L,2017-03-07T16:23:00,2017-03-07T16:23:00,53,53
http://irail.be/vehicle/L5786,http://irail.be/stations/NMBS/008864964,L,2017-03-07T16:26:00,2017-03-07T16:26:00,53,53
http://irail.be/vehicle/L5786,http://irail.be/stations/NMBS/008863362,L,2017-03-07T16:30:00,2017-03-07T16:30:00,53,53
http://irail.be/vehicle/L5786,http://irail.be/stations/NMBS/008863354,L,2017-03-07T16:34:00,2017-03-07T16:34:00,53,53
http://irail.be/vehicle/L5786,NO-URI,L,2017-03-07T16:36:00,2017-03-07T16:36:00,53,53
http://irail.be/vehicle/L5786,http://irail.be/stations/NMBS/008863008,L,2017-03-07T16:37:00,2017-03-07T16:37:00,,81
http://irail.be/vehicle/L5786,NO-URI,L,2017-03-06T16:19:00,2017-03-06T16:19:00,96,
http://irail.be/vehicle/L5786,http://irail.be/stations/NMBS/008864956,L,2017-03-06T16:23:00,2017-03-06T16:23:00,96,96
http://irail.be/vehicle/L5786,http://irail.be/stations/NMBS/008864964,L,2017-03-06T16:26:00,2017-03-06T16:26:00,96,96
http://irail.be/vehicle/L5786,http://irail.be/stations/NMBS/008863362,L,2017-03-06T16:30:00,2017-03-06T16:30:00,96,96
http://irail.be/vehicle/L5786,http://irail.be/stations/NMBS/008863354,L,2017-03-06T16:34:00,2017-03-06T16:34:00,96,96
http://irail.be/vehicle/L5786,NO-URI,L,2017-03-06T16:36:00,2017-03-06T16:36:00,96,96
http://irail.be/vehicle/L5786,http://irail.be/stations/NMBS/008863008,L,2017-03-06T16:37:00,2017-03-06T16:37:00,,160
http://irail.be/vehicle/L5786,http://irail.be/stations/NMBS/008864501,L,2017-07-07T15:52:00,2017-07-07T15:52:00,121,
http://irail.be/vehicle/L5786,http://irail.be/stations/NMBS/008864915,L,2017-07-07T15:58:00,2017-07-07T15:58:00,176,176
http://irail.be/vehicle/L5786,http://irail.be/stations/NMBS/008864923,L,2017-07-07T16:00:00,2017-07-07T16:00:00,176,176
http://irail.be/vehicle/L5786,http://irail.be/stations/NMBS/008864931,L,2017-07-07T16:03:00,2017-07-07T16:02:00,176,176
http://irail.be/vehicle/L5786,http://irail.be/stations/NMBS/008864949,L,2017-07-07T16:06:00,2017-07-07T16:06:00,176,176
http://irail.be/vehicle/L5786,NO-URI,L,2017-07-07T16:07:00,2017-07-07T16:07:00,176,176
http://irail.be/vehicle/L5786,http://irail.be/stations/NMBS/008864956,L,2017-07-07T16:10:00,2017-07-07T16:10:00,221,221
http://irail.be/vehicle/L5786,http://irail.be/stations/NMBS/008864964,L,2017-07-07T16:13:00,2017-07-07T16:13:00,221,221
http://irail.be/vehicle/L5786,http://irail.be/stations/NMBS/008863362,L,2017-07-07T16:18:00,2017-07-07T16:18:00,221,221
http://irail.be/vehicle/L5786,http://irail.be/stations/NMBS/008863354,L,2017-07-07T16:22:00,2017-07-07T16:22:00,221,221
http://irail.be/vehicle/L5786,NO-URI,L,2017-07-07T16:24:00,2017-07-07T16:24:00,221,221
http://irail.be/vehicle/L5786,http://irail.be/stations/NMBS/008863008,L,2017-07-07T16:26:00,2017-07-07T16:26:00,,217
http://irail.be/vehicle/L5786,NO-URI,L,2017-03-23T16:19:00,2017-03-23T16:19:00,41,
http://irail.be/vehicle/L5786,http://irail.be/stations/NMBS/008864956,L,2017-03-23T16:23:00,2017-03-23T16:23:00,41,41
http://irail.be/vehicle/L5786,http://irail.be/stations/NMBS/008864964,L,2017-03-23T16:26:00,2017-03-23T16:26:00,41,41
http://irail.be/vehicle/L5786,http://irail.be/stations/NMBS/008863362,L,2017-03-23T16:30:00,2017-03-23T16:30:00,41,41
http://irail.be/vehicle/L5786,http://irail.be/stations/NMBS/008863354,L,2017-03-23T16:34:00,2017-03-23T16:34:00,41,41
http://irail.be/vehicle/L5786,NO-URI,L,2017-03-23T16:36:00,2017-03-23T16:36:00,41,41
http://irail.be/vehicle/L5786,http://irail.be/stations/NMBS/008863008,L,2017-03-23T16:37:00,2017-03-23T16:37:00,,46
http://irail.be/vehicle/L5786,http://irail.be/stations/NMBS/008864501,L,2017-06-19T15:52:00,2017-06-19T15:52:00,651,
http://irail.be/vehicle/L5786,http://irail.be/stations/NMBS/008864915,L,2017-06-19T15:58:00,2017-06-19T15:58:00,646,646
http://irail.be/vehicle/L5786,http://irail.be/stations/NMBS/008864923,L,2017-06-19T16:00:00,2017-06-19T16:00:00,646,646
http://irail.be/vehicle/L5786,http://irail.be/stations/NMBS/008864931,L,2017-06-19T16:03:00,2017-06-19T16:02:00,646,646
http://irail.be/vehicle/L5786,http://irail.be/stations/NMBS/008864949,L,2017-06-19T16:06:00,2017-06-19T16:06:00,646,646
http://irail.be/vehicle/L5786,NO-URI,L,2017-06-19T16:07:00,2017-06-19T16:07:00,646,646
http://irail.be/vehicle/L5786,http://irail.be/stations/NMBS/008864956,L,2017-06-19T16:10:00,2017-06-19T16:10:00,769,769
http://irail.be/vehicle/L5786,http://irail.be/stations/NMBS/008864964,L,2017-06-19T16:13:00,2017-06-19T16:13:00,769,769
http://irail.be/vehicle/L5786,http://irail.be/stations/NMBS/008863362,L,2017-06-19T16:18:00,2017-06-19T16:18:00,769,769
http://irail.be/vehicle/L5786,http://irail.be/stations/NMBS/008863354,L,2017-06-19T16:22:00,2017-06-19T16:22:00,769,769
http://irail.be/vehicle/L5786,NO-URI,L,2017-06-19T16:24:00,2017-06-19T16:24:00,769,769
http://irail.be/vehicle/L5786,http://irail.be/stations/NMBS/008863008,L,2017-06-19T16:26:00,2017-06-19T16:26:00,,760
http://irail.be/vehicle/L5786,http://irail.be/stations/NMBS/008864501,L,2017-07-18T15:52:00,2017-07-18T15:52:00,61,
http://irail.be/vehicle/L5786,http://irail.be/stations/NMBS/008864915,L,2017-07-18T15:58:00,2017-07-18T15:58:00,68,68
http://irail.be/vehicle/L5786,http://irail.be/stations/NMBS/008864923,L,2017-07-18T16:00:00,2017-07-18T16:00:00,68,68
http://irail.be/vehicle/L5786,http://irail.be/stations/NMBS/008864931,L,2017-07-18T16:03:00,2017-07-18T16:02:00,68,68
http://irail.be/vehicle/L5786,http://irail.be/stations/NMBS/008864949,L,2017-07-18T16:06:00,2017-07-18T16:06:00,68,68
http://irail.be/vehicle/L5786,NO-URI,L,2017-07-18T16:07:00,2017-07-18T16:07:00,68,68
http://irail.be/vehicle/L5786,http://irail.be/stations/NMBS/008864956,L,2017-07-18T16:10:00,2017-07-18T16:10:00,79,79
http://irail.be/vehicle/L5786,http://irail.be/stations/NMBS/008864964,L,2017-07-18T16:13:00,2017-07-18T16:13:00,79,79
http://irail.be/vehicle/L5786,http://irail.be/stations/NMBS/008863362,L,2017-07-18T16:18:00,2017-07-18T16:18:00,79,79
http://irail.be/vehicle/L5786,http://irail.be/stations/NMBS/008863354,L,2017-07-18T16:22:00,2017-07-18T16:22:00,79,79
http://irail.be/vehicle/L5786,NO-URI,L,2017-07-18T16:24:00,2017-07-18T16:24:00,79,79
http://irail.be/vehicle/L5786,http://irail.be/stations/NMBS/008863008,L,2017-07-18T16:26:00,2017-07-18T16:26:00,,67
http://irail.be/vehicle/L5786,NO-URI,L,2017-03-08T16:19:00,2017-03-08T16:19:00,156,
http://irail.be/vehicle/L5786,http://irail.be/stations/NMBS/008864956,L,2017-03-08T16:23:00,2017-03-08T16:23:00,156,156
http://irail.be/vehicle/L5786,http://irail.be/stations/NMBS/008864964,L,2017-03-08T16:26:00,2017-03-08T16:26:00,156,156
http://irail.be/vehicle/L5786,http://irail.be/stations/NMBS/008863362,L,2017-03-08T16:30:00,2017-03-08T16:30:00,156,156
http://irail.be/vehicle/L5786,http://irail.be/stations/NMBS/008863354,L,2017-03-08T16:34:00,2017-03-08T16:34:00,156,156
http://irail.be/vehicle/L5786,NO-URI,L,2017-03-08T16:36:00,2017-03-08T16:36:00,156,156
http://irail.be/vehicle/L5786,http://irail.be/stations/NMBS/008863008,L,2017-03-08T16:37:00,2017-03-08T16:37:00,,180
http://irail.be/vehicle/L5786,NO-URI,L,2017-02-27T16:19:00,2017-02-27T16:19:00,415,
http://irail.be/vehicle/L5786,http://irail.be/stations/NMBS/008864956,L,2017-02-27T16:23:00,2017-02-27T16:23:00,415,415
http://irail.be/vehicle/L5786,http://irail.be/stations/NMBS/008864964,L,2017-02-27T16:26:00,2017-02-27T16:26:00,415,415
http://irail.be/vehicle/L5786,http://irail.be/stations/NMBS/008863362,L,2017-02-27T16:30:00,2017-02-27T16:30:00,415,415
http://irail.be/vehicle/L5786,http://irail.be/stations/NMBS/008863354,L,2017-02-27T16:34:00,2017-02-27T16:34:00,415,415
http://irail.be/vehicle/L5786,NO-URI,L,2017-02-27T16:36:00,2017-02-27T16:36:00,415,415
http://irail.be/vehicle/L5786,http://irail.be/stations/NMBS/008863008,L,2017-02-27T16:37:00,2017-02-27T16:37:00,,422
http://irail.be/vehicle/L5786,NO-URI,L,2017-04-20T16:19:00,2017-04-20T16:19:00,-38,
http://irail.be/vehicle/L5786,http://irail.be/stations/NMBS/008864956,L,2017-04-20T16:23:00,2017-04-20T16:23:00,-38,-38
http://irail.be/vehicle/L5786,http://irail.be/stations/NMBS/008864964,L,2017-04-20T16:26:00,2017-04-20T16:26:00,-38,-38
http://irail.be/vehicle/L5786,http://irail.be/stations/NMBS/008863362,L,2017-04-20T16:30:00,2017-04-20T16:30:00,-38,-38
http://irail.be/vehicle/L5786,http://irail.be/stations/NMBS/008863354,L,2017-04-20T16:34:00,2017-04-20T16:34:00,-38,-38
http://irail.be/vehicle/L5786,NO-URI,L,2017-04-20T16:36:00,2017-04-20T16:36:00,-38,-38
http://irail.be/vehicle/L5786,http://irail.be/stations/NMBS/008863008,L,2017-04-20T16:37:00,2017-04-20T16:37:00,,-35
http://irail.be/vehicle/L5786,http://irail.be/stations/NMBS/008864501,L,2017-07-14T15:52:00,2017-07-14T15:52:00,85,
http://irail.be/vehicle/L5786,http://irail.be/stations/NMBS/008864915,L,2017-07-14T15:58:00,2017-07-14T15:58:00,83,83
http://irail.be/vehicle/L5786,http://irail.be/stations/NMBS/008864923,L,2017-07-14T16:00:00,2017-07-14T16:00:00,83,83
http://irail.be/vehicle/L5786,http://irail.be/stations/NMBS/008864931,L,2017-07-14T16:03:00,2017-07-14T16:02:00,83,83
http://irail.be/vehicle/L5786,http://irail.be/stations/NMBS/008864949,L,2017-07-14T16:06:00,2017-07-14T16:06:00,83,83
http://irail.be/vehicle/L5786,NO-URI,L,2017-07-14T16:07:00,2017-07-14T16:07:00,83,83
http://irail.be/vehicle/L5786,http://irail.be/stations/NMBS/008864956,L,2017-07-14T16:10:00,2017-07-14T16:10:00,41,41
http://irail.be/vehicle/L5786,http://irail.be/stations/NMBS/008864964,L,2017-07-14T16:13:00,2017-07-14T16:13:00,41,41
http://irail.be/vehicle/L5786,http://irail.be/stations/NMBS/008863362,L,2017-07-14T16:18:00,2017-07-14T16:18:00,41,41
http://irail.be/vehicle/L5786,http://irail.be/stations/NMBS/008863354,L,2017-07-14T16:22:00,2017-07-14T16:22:00,41,41
http://irail.be/vehicle/L5786,NO-URI,L,2017-07-14T16:24:00,2017-07-14T16:24:00,41,41
http://irail.be/vehicle/L5786,http://irail.be/stations/NMBS/008863008,L,2017-07-14T16:26:00,2017-07-14T16:26:00,,45
http://irail.be/vehicle/L5786,NO-URI,L,2017-03-01T16:19:00,2017-03-01T16:19:00,133,
http://irail.be/vehicle/L5786,http://irail.be/stations/NMBS/008864956,L,2017-03-01T16:23:00,2017-03-01T16:23:00,133,133
http://irail.be/vehicle/L5786,http://irail.be/stations/NMBS/008864964,L,2017-03-01T16:26:00,2017-03-01T16:26:00,133,133
http://irail.be/vehicle/L5786,http://irail.be/stations/NMBS/008863362,L,2017-03-01T16:30:00,2017-03-01T16:30:00,133,133
http://irail.be/vehicle/L5786,http://irail.be/stations/NMBS/008863354,L,2017-03-01T16:34:00,2017-03-01T16:34:00,133,133
http://irail.be/vehicle/L5786,NO-URI,L,2017-03-01T16:36:00,2017-03-01T16:36:00,133,133
http://irail.be/vehicle/L5786,http://irail.be/stations/NMBS/008863008,L,2017-03-01T16:37:00,2017-03-01T16:37:00,,144
http://irail.be/vehicle/L5786,NO-URI,L,2017-03-09T16:19:00,2017-03-09T16:19:00,46,
http://irail.be/vehicle/L5786,http://irail.be/stations/NMBS/008864956,L,2017-03-09T16:23:00,2017-03-09T16:23:00,46,46
http://irail.be/vehicle/L5786,http://irail.be/stations/NMBS/008864964,L,2017-03-09T16:26:00,2017-03-09T16:26:00,46,46
http://irail.be/vehicle/L5786,http://irail.be/stations/NMBS/008863362,L,2017-03-09T16:30:00,2017-03-09T16:30:00,46,46
http://irail.be/vehicle/L5786,http://irail.be/stations/NMBS/008863354,L,2017-03-09T16:34:00,2017-03-09T16:34:00,46,46
http://irail.be/vehicle/L5786,NO-URI,L,2017-03-09T16:36:00,2017-03-09T16:36:00,46,46
http://irail.be/vehicle/L5786,http://irail.be/stations/NMBS/008863008,L,2017-03-09T16:37:00,2017-03-09T16:37:00,,60
http://irail.be/vehicle/L5786,http://irail.be/stations/NMBS/008864501,L,2017-09-13T15:54:00,2017-09-13T15:54:00,273,
http://irail.be/vehicle/L5786,http://irail.be/stations/NMBS/008864915,L,2017-09-13T16:00:00,2017-09-13T16:00:00,225,225
http://irail.be/vehicle/L5786,http://irail.be/stations/NMBS/008864923,L,2017-09-13T16:02:00,2017-09-13T16:02:00,225,225
http://irail.be/vehicle/L5786,http://irail.be/stations/NMBS/008864931,L,2017-09-13T16:05:00,2017-09-13T16:04:00,225,225
http://irail.be/vehicle/L5786,http://irail.be/stations/NMBS/008864949,L,2017-09-13T16:08:00,2017-09-13T16:08:00,225,225
http://irail.be/vehicle/L5786,NO-URI,L,2017-09-13T16:09:00,2017-09-13T16:09:00,225,225
http://irail.be/vehicle/L5786,http://irail.be/stations/NMBS/008864956,L,2017-09-13T16:12:00,2017-09-13T16:12:00,188,188
http://irail.be/vehicle/L5786,http://irail.be/stations/NMBS/008864964,L,2017-09-13T16:15:00,2017-09-13T16:15:00,188,188
http://irail.be/vehicle/L5786,http://irail.be/stations/NMBS/008863362,L,2017-09-13T16:19:00,2017-09-13T16:19:00,188,188
http://irail.be/vehicle/L5786,http://irail.be/stations/NMBS/008863354,L,2017-09-13T16:22:00,2017-09-13T16:22:00,188,188
http://irail.be/vehicle/L5786,NO-URI,L,2017-09-13T16:24:00,2017-09-13T16:24:00,188,188
http://irail.be/vehicle/L5786,http://irail.be/stations/NMBS/008863008,L,2017-09-13T16:25:00,2017-09-13T16:25:00,,184
http://irail.be/vehicle/L5786,http://irail.be/stations/NMBS/008864501,L,2017-08-17T15:52:00,2017-08-17T15:52:00,78,
http://irail.be/vehicle/L5786,http://irail.be/stations/NMBS/008864915,L,2017-08-17T15:58:00,2017-08-17T15:58:00,85,85
http://irail.be/vehicle/L5786,http://irail.be/stations/NMBS/008864923,L,2017-08-17T16:00:00,2017-08-17T16:00:00,85,85
http://irail.be/vehicle/L5786,http://irail.be/stations/NMBS/008864931,L,2017-08-17T16:03:00,2017-08-17T16:02:00,85,85
http://irail.be/vehicle/L5786,http://irail.be/stations/NMBS/008864949,L,2017-08-17T16:06:00,2017-08-17T16:06:00,85,85
http://irail.be/vehicle/L5786,NO-URI,L,2017-08-17T16:07:00,2017-08-17T16:07:00,85,85
http://irail.be/vehicle/L5786,http://irail.be/stations/NMBS/008864956,L,2017-08-17T16:10:00,2017-08-17T16:10:00,65,65
http://irail.be/vehicle/L5786,http://irail.be/stations/NMBS/008864964,L,2017-08-17T16:13:00,2017-08-17T16:13:00,55,55
http://irail.be/vehicle/L5786,http://irail.be/stations/NMBS/008863362,L,2017-08-17T16:18:00,2017-08-17T16:18:00,55,55
http://irail.be/vehicle/L5786,http://irail.be/stations/NMBS/008863354,L,2017-08-17T16:22:00,2017-08-17T16:22:00,55,55
http://irail.be/vehicle/L5786,NO-URI,L,2017-08-17T16:24:00,2017-08-17T16:24:00,55,55
http://irail.be/vehicle/L5786,http://irail.be/stations/NMBS/008863008,L,2017-08-17T16:26:00,2017-08-17T16:26:00,,41
http://irail.be/vehicle/L5786,http://irail.be/stations/NMBS/008864501,L,2017-09-14T15:54:00,2017-09-14T15:54:00,77,
http://irail.be/vehicle/L5786,http://irail.be/stations/NMBS/008864915,L,2017-09-14T16:00:00,2017-09-14T16:00:00,182,182
http://irail.be/vehicle/L5786,http://irail.be/stations/NMBS/008864923,L,2017-09-14T16:02:00,2017-09-14T16:02:00,182,182
http://irail.be/vehicle/L5786,http://irail.be/stations/NMBS/008864931,L,2017-09-14T16:05:00,2017-09-14T16:04:00,182,182
http://irail.be/vehicle/L5786,http://irail.be/stations/NMBS/008864949,L,2017-09-14T16:08:00,2017-09-14T16:08:00,182,182
http://irail.be/vehicle/L5786,NO-URI,L,2017-09-14T16:09:00,2017-09-14T16:09:00,182,182
http://irail.be/vehicle/L5786,http://irail.be/stations/NMBS/008864956,L,2017-09-14T16:12:00,2017-09-14T16:12:00,250,250
http://irail.be/vehicle/L5786,http://irail.be/stations/NMBS/008864964,L,2017-09-14T16:15:00,2017-09-14T16:15:00,250,250
http://irail.be/vehicle/L5786,http://irail.be/stations/NMBS/008863362,L,2017-09-14T16:19:00,2017-09-14T16:19:00,250,250
http://irail.be/vehicle/L5786,http://irail.be/stations/NMBS/008863354,L,2017-09-14T16:22:00,2017-09-14T16:22:00,250,250
http://irail.be/vehicle/L5786,NO-URI,L,2017-09-14T16:24:00,2017-09-14T16:24:00,250,250
http://irail.be/vehicle/L5786,http://irail.be/stations/NMBS/008863008,L,2017-09-14T16:25:00,2017-09-14T16:25:00,,240
http://irail.be/vehicle/L5786,http://irail.be/stations/NMBS/008864501,L,2017-12-18T16:07:00,2017-12-18T16:07:00,51,
http://irail.be/vehicle/L5786,http://irail.be/stations/NMBS/008864915,L,2017-12-18T16:13:00,2017-12-18T16:13:00,102,102
http://irail.be/vehicle/L5786,http://irail.be/stations/NMBS/008864923,L,2017-12-18T16:15:00,2017-12-18T16:15:00,102,102
http://irail.be/vehicle/L5786,http://irail.be/stations/NMBS/008864931,L,2017-12-18T16:17:00,2017-12-18T16:17:00,102,102
http://irail.be/vehicle/L5786,http://irail.be/stations/NMBS/008864949,L,2017-12-18T16:20:00,2017-12-18T16:20:00,102,102
http://irail.be/vehicle/L5786,NO-URI,L,2017-12-18T16:21:00,2017-12-18T16:21:00,102,102
http://irail.be/vehicle/L5786,http://irail.be/stations/NMBS/008864956,L,2017-12-18T16:24:00,2017-12-18T16:24:00,90,90
http://irail.be/vehicle/L5786,http://irail.be/stations/NMBS/008864964,L,2017-12-18T16:27:00,2017-12-18T16:27:00,79,79
http://irail.be/vehicle/L5786,http://irail.be/stations/NMBS/008863362,L,2017-12-18T16:31:00,2017-12-18T16:31:00,79,79
http://irail.be/vehicle/L5786,http://irail.be/stations/NMBS/008863354,L,2017-12-18T16:35:00,2017-12-18T16:34:00,79,79
http://irail.be/vehicle/L5786,NO-URI,L,2017-12-18T16:37:00,2017-12-18T16:37:00,79,79
http://irail.be/vehicle/L5786,http://irail.be/stations/NMBS/008863008,L,2017-12-18T16:38:00,2017-12-18T16:38:00,,80
http://irail.be/vehicle/L5786,http://irail.be/stations/NMBS/008864501,L,2017-09-01T15:52:00,2017-09-01T15:52:00,57,
http://irail.be/vehicle/L5786,http://irail.be/stations/NMBS/008864915,L,2017-09-01T15:58:00,2017-09-01T15:58:00,148,148
http://irail.be/vehicle/L5786,http://irail.be/stations/NMBS/008864923,L,2017-09-01T16:00:00,2017-09-01T16:00:00,148,148
http://irail.be/vehicle/L5786,http://irail.be/stations/NMBS/008864931,L,2017-09-01T16:03:00,2017-09-01T16:02:00,148,148
http://irail.be/vehicle/L5786,http://irail.be/stations/NMBS/008864949,L,2017-09-01T16:06:00,2017-09-01T16:06:00,148,148
http://irail.be/vehicle/L5786,NO-URI,L,2017-09-01T16:07:00,2017-09-01T16:07:00,148,148
http://irail.be/vehicle/L5786,http://irail.be/stations/NMBS/008864956,L,2017-09-01T16:10:00,2017-09-01T16:10:00,343,343
http://irail.be/vehicle/L5786,http://irail.be/stations/NMBS/008864964,L,2017-09-01T16:13:00,2017-09-01T16:13:00,251,251
http://irail.be/vehicle/L5786,http://irail.be/stations/NMBS/008863362,L,2017-09-01T16:18:00,2017-09-01T16:18:00,251,251
http://irail.be/vehicle/L5786,http://irail.be/stations/NMBS/008863354,L,2017-09-01T16:22:00,2017-09-01T16:22:00,251,251
http://irail.be/vehicle/L5786,NO-URI,L,2017-09-01T16:24:00,2017-09-01T16:24:00,251,251
http://irail.be/vehicle/L5786,http://irail.be/stations/NMBS/008863008,L,2017-09-01T16:26:00,2017-09-01T16:26:00,,231
http://irail.be/vehicle/L5786,NO-URI,L,2017-01-20T16:19:00,2017-01-20T16:19:00,48,
http://irail.be/vehicle/L5786,http://irail.be/stations/NMBS/008864956,L,2017-01-20T16:23:00,2017-01-20T16:23:00,49,48
http://irail.be/vehicle/L5786,http://irail.be/stations/NMBS/008864964,L,2017-01-20T16:26:00,2017-01-20T16:26:00,48,48
http://irail.be/vehicle/L5786,http://irail.be/stations/NMBS/008863362,L,2017-01-20T16:30:00,2017-01-20T16:30:00,48,48
http://irail.be/vehicle/L5786,http://irail.be/stations/NMBS/008863354,L,2017-01-20T16:34:00,2017-01-20T16:34:00,48,48
http://irail.be/vehicle/L5786,NO-URI,L,2017-01-20T16:36:00,2017-01-20T16:36:00,48,48
http://irail.be/vehicle/L5786,http://irail.be/stations/NMBS/008863008,L,2017-01-20T16:37:00,2017-01-20T16:37:00,,56
http://irail.be/vehicle/L5786,http://irail.be/stations/NMBS/008864501,L,2017-10-09T15:54:00,2017-10-09T15:54:00,159,
http://irail.be/vehicle/L5786,http://irail.be/stations/NMBS/008864915,L,2017-10-09T16:00:00,2017-10-09T16:00:00,150,150
http://irail.be/vehicle/L5786,http://irail.be/stations/NMBS/008864923,L,2017-10-09T16:02:00,2017-10-09T16:02:00,150,150
http://irail.be/vehicle/L5786,http://irail.be/stations/NMBS/008864931,L,2017-10-09T16:05:00,2017-10-09T16:04:00,150,150
http://irail.be/vehicle/L5786,http://irail.be/stations/NMBS/008864949,L,2017-10-09T16:08:00,2017-10-09T16:08:00,150,150
http://irail.be/vehicle/L5786,NO-URI,L,2017-10-09T16:09:00,2017-10-09T16:09:00,150,150
http://irail.be/vehicle/L5786,http://irail.be/stations/NMBS/008864956,L,2017-10-09T16:12:00,2017-10-09T16:12:00,35,35
http://irail.be/vehicle/L5786,http://irail.be/stations/NMBS/008864964,L,2017-10-09T16:15:00,2017-10-09T16:15:00,35,35
http://irail.be/vehicle/L5786,http://irail.be/stations/NMBS/008863362,L,2017-10-09T16:19:00,2017-10-09T16:19:00,35,35
http://irail.be/vehicle/L5786,http://irail.be/stations/NMBS/008863354,L,2017-10-09T16:22:00,2017-10-09T16:22:00,35,35
http://irail.be/vehicle/L5786,NO-URI,L,2017-10-09T16:24:00,2017-10-09T16:24:00,35,35
http://irail.be/vehicle/L5786,http://irail.be/stations/NMBS/008863008,L,2017-10-09T16:25:00,2017-10-09T16:25:00,,28
http://irail.be/vehicle/L5786,http://irail.be/stations/NMBS/008864501,L,2017-09-26T15:54:00,2017-09-26T15:54:00,95,
http://irail.be/vehicle/L5786,http://irail.be/stations/NMBS/008864915,L,2017-09-26T16:00:00,2017-09-26T16:00:00,66,66
http://irail.be/vehicle/L5786,http://irail.be/stations/NMBS/008864923,L,2017-09-26T16:02:00,2017-09-26T16:02:00,66,66
http://irail.be/vehicle/L5786,http://irail.be/stations/NMBS/008864931,L,2017-09-26T16:05:00,2017-09-26T16:04:00,66,66
http://irail.be/vehicle/L5786,http://irail.be/stations/NMBS/008864949,L,2017-09-26T16:08:00,2017-09-26T16:08:00,66,66
http://irail.be/vehicle/L5786,NO-URI,L,2017-09-26T16:09:00,2017-09-26T16:09:00,66,66
http://irail.be/vehicle/L5786,http://irail.be/stations/NMBS/008864956,L,2017-09-26T16:12:00,2017-09-26T16:12:00,82,82
http://irail.be/vehicle/L5786,http://irail.be/stations/NMBS/008864964,L,2017-09-26T16:15:00,2017-09-26T16:15:00,82,82
http://irail.be/vehicle/L5786,http://irail.be/stations/NMBS/008863362,L,2017-09-26T16:19:00,2017-09-26T16:19:00,82,82
http://irail.be/vehicle/L5786,http://irail.be/stations/NMBS/008863354,L,2017-09-26T16:22:00,2017-09-26T16:22:00,82,82
http://irail.be/vehicle/L5786,NO-URI,L,2017-09-26T16:24:00,2017-09-26T16:24:00,82,82
http://irail.be/vehicle/L5786,http://irail.be/stations/NMBS/008863008,L,2017-09-26T16:25:00,2017-09-26T16:25:00,,79
http://irail.be/vehicle/L5786,http://irail.be/stations/NMBS/008864501,L,2017-08-31T15:52:00,2017-08-31T15:52:00,59,
http://irail.be/vehicle/L5786,http://irail.be/stations/NMBS/008864915,L,2017-08-31T15:58:00,2017-08-31T15:58:00,61,61
http://irail.be/vehicle/L5786,http://irail.be/stations/NMBS/008864923,L,2017-08-31T16:00:00,2017-08-31T16:00:00,61,61
http://irail.be/vehicle/L5786,http://irail.be/stations/NMBS/008864931,L,2017-08-31T16:03:00,2017-08-31T16:02:00,61,61
http://irail.be/vehicle/L5786,http://irail.be/stations/NMBS/008864949,L,2017-08-31T16:06:00,2017-08-31T16:06:00,61,61
http://irail.be/vehicle/L5786,NO-URI,L,2017-08-31T16:07:00,2017-08-31T16:07:00,61,61
http://irail.be/vehicle/L5786,http://irail.be/stations/NMBS/008864956,L,2017-08-31T16:10:00,2017-08-31T16:10:00,41,41
http://irail.be/vehicle/L5786,http://irail.be/stations/NMBS/008864964,L,2017-08-31T16:13:00,2017-08-31T16:13:00,-24,-24
http://irail.be/vehicle/L5786,http://irail.be/stations/NMBS/008863362,L,2017-08-31T16:18:00,2017-08-31T16:18:00,-24,-24
http://irail.be/vehicle/L5786,http://irail.be/stations/NMBS/008863354,L,2017-08-31T16:22:00,2017-08-31T16:22:00,-24,-24
http://irail.be/vehicle/L5786,NO-URI,L,2017-08-31T16:24:00,2017-08-31T16:24:00,-24,-24
http://irail.be/vehicle/L5786,http://irail.be/stations/NMBS/008863008,L,2017-08-31T16:26:00,2017-08-31T16:26:00,,-35
http://irail.be/vehicle/L5786,http://irail.be/stations/NMBS/008864501,L,2017-09-18T15:54:00,2017-09-18T15:54:00,70,
http://irail.be/vehicle/L5786,http://irail.be/stations/NMBS/008864915,L,2017-09-18T16:00:00,2017-09-18T16:00:00,89,89
http://irail.be/vehicle/L5786,http://irail.be/stations/NMBS/008864923,L,2017-09-18T16:02:00,2017-09-18T16:02:00,89,89
http://irail.be/vehicle/L5786,http://irail.be/stations/NMBS/008864931,L,2017-09-18T16:05:00,2017-09-18T16:04:00,89,89
http://irail.be/vehicle/L5786,http://irail.be/stations/NMBS/008864949,L,2017-09-18T16:08:00,2017-09-18T16:08:00,89,89
http://irail.be/vehicle/L5786,NO-URI,L,2017-09-18T16:09:00,2017-09-18T16:09:00,89,89
http://irail.be/vehicle/L5786,http://irail.be/stations/NMBS/008864956,L,2017-09-18T16:12:00,2017-09-18T16:12:00,40,40
http://irail.be/vehicle/L5786,http://irail.be/stations/NMBS/008864964,L,2017-09-18T16:15:00,2017-09-18T16:15:00,40,40
http://irail.be/vehicle/L5786,http://irail.be/stations/NMBS/008863362,L,2017-09-18T16:19:00,2017-09-18T16:19:00,40,40
http://irail.be/vehicle/L5786,http://irail.be/stations/NMBS/008863354,L,2017-09-18T16:22:00,2017-09-18T16:22:00,40,40
http://irail.be/vehicle/L5786,NO-URI,L,2017-09-18T16:24:00,2017-09-18T16:24:00,40,40
http://irail.be/vehicle/L5786,http://irail.be/stations/NMBS/008863008,L,2017-09-18T16:25:00,2017-09-18T16:25:00,,31
http://irail.be/vehicle/L5786,http://irail.be/stations/NMBS/008864501,L,2017-07-17T15:52:00,2017-07-17T15:52:00,125,
http://irail.be/vehicle/L5786,http://irail.be/stations/NMBS/008864915,L,2017-07-17T15:58:00,2017-07-17T15:58:00,157,157
http://irail.be/vehicle/L5786,http://irail.be/stations/NMBS/008864923,L,2017-07-17T16:00:00,2017-07-17T16:00:00,157,157
http://irail.be/vehicle/L5786,http://irail.be/stations/NMBS/008864931,L,2017-07-17T16:03:00,2017-07-17T16:02:00,157,157
http://irail.be/vehicle/L5786,http://irail.be/stations/NMBS/008864949,L,2017-07-17T16:06:00,2017-07-17T16:06:00,157,157
http://irail.be/vehicle/L5786,NO-URI,L,2017-07-17T16:07:00,2017-07-17T16:07:00,157,157
http://irail.be/vehicle/L5786,http://irail.be/stations/NMBS/008864956,L,2017-07-17T16:10:00,2017-07-17T16:10:00,58,58
http://irail.be/vehicle/L5786,http://irail.be/stations/NMBS/008864964,L,2017-07-17T16:13:00,2017-07-17T16:13:00,58,58
http://irail.be/vehicle/L5786,http://irail.be/stations/NMBS/008863362,L,2017-07-17T16:18:00,2017-07-17T16:18:00,58,58
http://irail.be/vehicle/L5786,http://irail.be/stations/NMBS/008863354,L,2017-07-17T16:22:00,2017-07-17T16:22:00,58,58
http://irail.be/vehicle/L5786,NO-URI,L,2017-07-17T16:24:00,2017-07-17T16:24:00,58,58
http://irail.be/vehicle/L5786,http://irail.be/stations/NMBS/008863008,L,2017-07-17T16:26:00,2017-07-17T16:26:00,,46
http://irail.be/vehicle/L5786,http://irail.be/stations/NMBS/008864501,L,2017-06-30T15:52:00,2017-06-30T15:52:00,200,
http://irail.be/vehicle/L5786,http://irail.be/stations/NMBS/008864915,L,2017-06-30T15:58:00,2017-06-30T15:58:00,234,234
http://irail.be/vehicle/L5786,http://irail.be/stations/NMBS/008864923,L,2017-06-30T16:00:00,2017-06-30T16:00:00,234,234
http://irail.be/vehicle/L5786,http://irail.be/stations/NMBS/008864931,L,2017-06-30T16:03:00,2017-06-30T16:02:00,234,234
http://irail.be/vehicle/L5786,http://irail.be/stations/NMBS/008864949,L,2017-06-30T16:06:00,2017-06-30T16:06:00,234,234
http://irail.be/vehicle/L5786,NO-URI,L,2017-06-30T16:07:00,2017-06-30T16:07:00,234,234
http://irail.be/vehicle/L5786,http://irail.be/stations/NMBS/008864956,L,2017-06-30T16:10:00,2017-06-30T16:10:00,263,263
http://irail.be/vehicle/L5786,http://irail.be/stations/NMBS/008864964,L,2017-06-30T16:13:00,2017-06-30T16:13:00,263,263
http://irail.be/vehicle/L5786,http://irail.be/stations/NMBS/008863362,L,2017-06-30T16:18:00,2017-06-30T16:18:00,263,263
http://irail.be/vehicle/L5786,http://irail.be/stations/NMBS/008863354,L,2017-06-30T16:22:00,2017-06-30T16:22:00,263,263
http://irail.be/vehicle/L5786,NO-URI,L,2017-06-30T16:24:00,2017-06-30T16:24:00,263,263
http://irail.be/vehicle/L5786,http://irail.be/stations/NMBS/008863008,L,2017-06-30T16:26:00,2017-06-30T16:26:00,,243
http://irail.be/vehicle/L5786,NO-URI,L,2017-02-17T16:19:00,2017-02-17T16:19:00,153,
http://irail.be/vehicle/L5786,http://irail.be/stations/NMBS/008864956,L,2017-02-17T16:23:00,2017-02-17T16:23:00,153,153
http://irail.be/vehicle/L5786,http://irail.be/stations/NMBS/008864964,L,2017-02-17T16:26:00,2017-02-17T16:26:00,153,153
http://irail.be/vehicle/L5786,http://irail.be/stations/NMBS/008863362,L,2017-02-17T16:30:00,2017-02-17T16:30:00,153,153
http://irail.be/vehicle/L5786,http://irail.be/stations/NMBS/008863354,L,2017-02-17T16:34:00,2017-02-17T16:34:00,153,153
http://irail.be/vehicle/L5786,NO-URI,L,2017-02-17T16:36:00,2017-02-17T16:36:00,153,153
http://irail.be/vehicle/L5786,http://irail.be/stations/NMBS/008863008,L,2017-02-17T16:37:00,2017-02-17T16:37:00,,169
http://irail.be/vehicle/L5786,NO-URI,L,2017-05-03T16:19:00,2017-05-03T16:19:00,36,
http://irail.be/vehicle/L5786,http://irail.be/stations/NMBS/008864956,L,2017-05-03T16:23:00,2017-05-03T16:23:00,36,36
http://irail.be/vehicle/L5786,http://irail.be/stations/NMBS/008864964,L,2017-05-03T16:26:00,2017-05-03T16:26:00,36,36
http://irail.be/vehicle/L5786,http://irail.be/stations/NMBS/008863362,L,2017-05-03T16:30:00,2017-05-03T16:30:00,36,36
http://irail.be/vehicle/L5786,http://irail.be/stations/NMBS/008863354,L,2017-05-03T16:34:00,2017-05-03T16:34:00,36,36
http://irail.be/vehicle/L5786,NO-URI,L,2017-05-03T16:36:00,2017-05-03T16:36:00,36,36
http://irail.be/vehicle/L5786,http://irail.be/stations/NMBS/008863008,L,2017-05-03T16:37:00,2017-05-03T16:37:00,,43
http://irail.be/vehicle/L5786,NO-URI,L,2017-05-22T16:19:00,2017-05-22T16:19:00,41,
http://irail.be/vehicle/L5786,http://irail.be/stations/NMBS/008864956,L,2017-05-22T16:23:00,2017-05-22T16:23:00,41,41
http://irail.be/vehicle/L5786,http://irail.be/stations/NMBS/008864964,L,2017-05-22T16:26:00,2017-05-22T16:26:00,41,41
http://irail.be/vehicle/L5786,http://irail.be/stations/NMBS/008863362,L,2017-05-22T16:30:00,2017-05-22T16:30:00,41,41
http://irail.be/vehicle/L5786,http://irail.be/stations/NMBS/008863354,L,2017-05-22T16:34:00,2017-05-22T16:34:00,41,41
http://irail.be/vehicle/L5786,NO-URI,L,2017-05-22T16:36:00,2017-05-22T16:36:00,41,41
http://irail.be/vehicle/L5786,http://irail.be/stations/NMBS/008863008,L,2017-05-22T16:37:00,2017-05-22T16:37:00,,51
http://irail.be/vehicle/L5786,http://irail.be/stations/NMBS/008864501,L,2017-10-31T15:54:00,2017-10-31T15:54:00,75,
http://irail.be/vehicle/L5786,http://irail.be/stations/NMBS/008864915,L,2017-10-31T16:00:00,2017-10-31T16:00:00,98,98
http://irail.be/vehicle/L5786,http://irail.be/stations/NMBS/008864923,L,2017-10-31T16:02:00,2017-10-31T16:02:00,98,98
http://irail.be/vehicle/L5786,http://irail.be/stations/NMBS/008864931,L,2017-10-31T16:05:00,2017-10-31T16:04:00,98,98
http://irail.be/vehicle/L5786,http://irail.be/stations/NMBS/008864949,L,2017-10-31T16:08:00,2017-10-31T16:08:00,98,98
http://irail.be/vehicle/L5786,NO-URI,L,2017-10-31T16:09:00,2017-10-31T16:09:00,98,98
http://irail.be/vehicle/L5786,http://irail.be/stations/NMBS/008864956,L,2017-10-31T16:12:00,2017-10-31T16:12:00,95,95
http://irail.be/vehicle/L5786,http://irail.be/stations/NMBS/008864964,L,2017-10-31T16:15:00,2017-10-31T16:15:00,95,95
http://irail.be/vehicle/L5786,http://irail.be/stations/NMBS/008863362,L,2017-10-31T16:19:00,2017-10-31T16:19:00,95,95
http://irail.be/vehicle/L5786,http://irail.be/stations/NMBS/008863354,L,2017-10-31T16:22:00,2017-10-31T16:22:00,95,95
http://irail.be/vehicle/L5786,NO-URI,L,2017-10-31T16:24:00,2017-10-31T16:24:00,95,95
http://irail.be/vehicle/L5786,http://irail.be/stations/NMBS/008863008,L,2017-10-31T16:25:00,2017-10-31T16:25:00,,89
http://irail.be/vehicle/L5786,http://irail.be/stations/NMBS/008864501,L,2017-12-05T15:54:00,2017-12-05T15:54:00,103,
http://irail.be/vehicle/L5786,http://irail.be/stations/NMBS/008864915,L,2017-12-05T16:00:00,2017-12-05T16:00:00,168,168
http://irail.be/vehicle/L5786,http://irail.be/stations/NMBS/008864923,L,2017-12-05T16:02:00,2017-12-05T16:02:00,168,168
http://irail.be/vehicle/L5786,http://irail.be/stations/NMBS/008864931,L,2017-12-05T16:05:00,2017-12-05T16:04:00,168,168
http://irail.be/vehicle/L5786,http://irail.be/stations/NMBS/008864949,L,2017-12-05T16:08:00,2017-12-05T16:08:00,168,168
http://irail.be/vehicle/L5786,NO-URI,L,2017-12-05T16:09:00,2017-12-05T16:09:00,168,168
http://irail.be/vehicle/L5786,http://irail.be/stations/NMBS/008864956,L,2017-12-05T16:12:00,2017-12-05T16:12:00,120,120
http://irail.be/vehicle/L5786,http://irail.be/stations/NMBS/008864964,L,2017-12-05T16:15:00,2017-12-05T16:15:00,120,120
http://irail.be/vehicle/L5786,http://irail.be/stations/NMBS/008863362,L,2017-12-05T16:19:00,2017-12-05T16:19:00,120,120
http://irail.be/vehicle/L5786,http://irail.be/stations/NMBS/008863354,L,2017-12-05T16:22:00,2017-12-05T16:22:00,120,120
http://irail.be/vehicle/L5786,NO-URI,L,2017-12-05T16:24:00,2017-12-05T16:24:00,120,120
http://irail.be/vehicle/L5786,http://irail.be/stations/NMBS/008863008,L,2017-12-05T16:25:00,2017-12-05T16:25:00,,122
http://irail.be/vehicle/L5786,http://irail.be/stations/NMBS/008864501,L,2017-09-05T15:54:00,2017-09-05T15:54:00,67,
http://irail.be/vehicle/L5786,http://irail.be/stations/NMBS/008864915,L,2017-09-05T16:00:00,2017-09-05T16:00:00,52,52
http://irail.be/vehicle/L5786,http://irail.be/stations/NMBS/008864923,L,2017-09-05T16:02:00,2017-09-05T16:02:00,52,52
http://irail.be/vehicle/L5786,http://irail.be/stations/NMBS/008864931,L,2017-09-05T16:05:00,2017-09-05T16:04:00,52,52
http://irail.be/vehicle/L5786,http://irail.be/stations/NMBS/008864949,L,2017-09-05T16:08:00,2017-09-05T16:08:00,52,52
http://irail.be/vehicle/L5786,NO-URI,L,2017-09-05T16:09:00,2017-09-05T16:09:00,52,52
http://irail.be/vehicle/L5786,http://irail.be/stations/NMBS/008864956,L,2017-09-05T16:12:00,2017-09-05T16:12:00,105,105
http://irail.be/vehicle/L5786,http://irail.be/stations/NMBS/008864964,L,2017-09-05T16:15:00,2017-09-05T16:15:00,105,105
http://irail.be/vehicle/L5786,http://irail.be/stations/NMBS/008863362,L,2017-09-05T16:19:00,2017-09-05T16:19:00,105,105
http://irail.be/vehicle/L5786,http://irail.be/stations/NMBS/008863354,L,2017-09-05T16:22:00,2017-09-05T16:22:00,105,105
http://irail.be/vehicle/L5786,NO-URI,L,2017-09-05T16:24:00,2017-09-05T16:24:00,105,105
http://irail.be/vehicle/L5786,http://irail.be/stations/NMBS/008863008,L,2017-09-05T16:25:00,2017-09-05T16:25:00,,99
