http://irail.be/vehicle/IC4434,http://irail.be/stations/NMBS/008831005,IC,2019-05-02T13:08:00,2019-05-02T13:08:00,-29,
http://irail.be/vehicle/IC4434,http://irail.be/stations/NMBS/008832334,IC,2019-05-02T13:18:00,2019-05-02T13:18:00,-25,-25
http://irail.be/vehicle/IC4434,http://irail.be/stations/NMBS/008832250,IC,2019-05-02T13:24:00,2019-05-02T13:24:00,-61,-67
http://irail.be/vehicle/IC4434,NO-URI,IC,2019-05-02T13:25:00,2019-05-02T13:25:00,-61,-61
http://irail.be/vehicle/IC4434,http://irail.be/stations/NMBS/008832243,IC,2019-05-02T13:28:00,2019-05-02T13:28:00,-50,-95
http://irail.be/vehicle/IC4434,http://irail.be/stations/NMBS/008832235,IC,2019-05-02T13:32:00,2019-05-02T13:31:00,-48,-50
http://irail.be/vehicle/IC4434,http://irail.be/stations/NMBS/008832227,IC,2019-05-02T13:37:00,2019-05-02T13:37:00,-98,-98
http://irail.be/vehicle/IC4434,http://irail.be/stations/NMBS/008832003,IC,2019-05-02T13:41:00,2019-05-02T13:41:00,-1,-125
http://irail.be/vehicle/IC4434,http://irail.be/stations/NMBS/008832045,IC,2019-05-02T13:48:00,2019-05-02T13:48:00,-52,-64
http://irail.be/vehicle/IC4434,http://irail.be/stations/NMBS/008832409,IC,2019-05-02T13:53:00,2019-05-02T13:53:00,,-4
http://irail.be/vehicle/IC4434,http://irail.be/stations/NMBS/008831005,IC,2019-03-26T13:08:00,2019-03-26T13:08:00,98,
http://irail.be/vehicle/IC4434,http://irail.be/stations/NMBS/008832334,IC,2019-03-26T13:18:00,2019-03-26T13:18:00,40,40
http://irail.be/vehicle/IC4434,http://irail.be/stations/NMBS/008832250,IC,2019-03-26T13:24:00,2019-03-26T13:24:00,2,-12
http://irail.be/vehicle/IC4434,NO-URI,IC,2019-03-26T13:25:00,2019-03-26T13:25:00,2,2
http://irail.be/vehicle/IC4434,http://irail.be/stations/NMBS/008832243,IC,2019-03-26T13:28:00,2019-03-26T13:28:00,86,64
http://irail.be/vehicle/IC4434,http://irail.be/stations/NMBS/008832235,IC,2019-03-26T13:32:00,2019-03-26T13:31:00,86,86
http://irail.be/vehicle/IC4434,http://irail.be/stations/NMBS/008832227,IC,2019-03-26T13:37:00,2019-03-26T13:37:00,-29,-86
http://irail.be/vehicle/IC4434,http://irail.be/stations/NMBS/008832003,IC,2019-03-26T13:41:00,2019-03-26T13:41:00,51,-24
http://irail.be/vehicle/IC4434,http://irail.be/stations/NMBS/008832045,IC,2019-03-26T13:48:00,2019-03-26T13:48:00,-22,-27
http://irail.be/vehicle/IC4434,http://irail.be/stations/NMBS/008832409,IC,2019-03-26T13:53:00,2019-03-26T13:53:00,,-3
http://irail.be/vehicle/IC4434,http://irail.be/stations/NMBS/008831005,IC,2019-02-22T13:08:00,2019-02-22T13:08:00,-18,
http://irail.be/vehicle/IC4434,http://irail.be/stations/NMBS/008832334,IC,2019-02-22T13:18:00,2019-02-22T13:18:00,42,42
http://irail.be/vehicle/IC4434,http://irail.be/stations/NMBS/008832250,IC,2019-02-22T13:24:00,2019-02-22T13:24:00,26,18
http://irail.be/vehicle/IC4434,NO-URI,IC,2019-02-22T13:25:00,2019-02-22T13:25:00,26,26
http://irail.be/vehicle/IC4434,http://irail.be/stations/NMBS/008832243,IC,2019-02-22T13:28:00,2019-02-22T13:28:00,127,105
http://irail.be/vehicle/IC4434,http://irail.be/stations/NMBS/008832235,IC,2019-02-22T13:32:00,2019-02-22T13:31:00,127,127
http://irail.be/vehicle/IC4434,http://irail.be/stations/NMBS/008832227,IC,2019-02-22T13:37:00,2019-02-22T13:37:00,-45,-47
http://irail.be/vehicle/IC4434,http://irail.be/stations/NMBS/008832003,IC,2019-02-22T13:41:00,2019-02-22T13:41:00,58,-36
http://irail.be/vehicle/IC4434,http://irail.be/stations/NMBS/008832045,IC,2019-02-22T13:48:00,2019-02-22T13:48:00,18,-11
http://irail.be/vehicle/IC4434,http://irail.be/stations/NMBS/008832409,IC,2019-02-22T13:53:00,2019-02-22T13:53:00,,111
http://irail.be/vehicle/IC4434,http://irail.be/stations/NMBS/008831005,IC,2019-02-20T13:08:00,2019-02-20T13:08:00,-7,
http://irail.be/vehicle/IC4434,http://irail.be/stations/NMBS/008832334,IC,2019-02-20T13:18:00,2019-02-20T13:18:00,-40,-40
http://irail.be/vehicle/IC4434,http://irail.be/stations/NMBS/008832250,IC,2019-02-20T13:24:00,2019-02-20T13:24:00,-12,-99
http://irail.be/vehicle/IC4434,NO-URI,IC,2019-02-20T13:25:00,2019-02-20T13:25:00,-12,-12
http://irail.be/vehicle/IC4434,http://irail.be/stations/NMBS/008832243,IC,2019-02-20T13:28:00,2019-02-20T13:28:00,63,43
http://irail.be/vehicle/IC4434,http://irail.be/stations/NMBS/008832235,IC,2019-02-20T13:32:00,2019-02-20T13:31:00,63,63
http://irail.be/vehicle/IC4434,http://irail.be/stations/NMBS/008832227,IC,2019-02-20T13:37:00,2019-02-20T13:37:00,-53,-74
http://irail.be/vehicle/IC4434,http://irail.be/stations/NMBS/008832003,IC,2019-02-20T13:41:00,2019-02-20T13:41:00,27,-57
http://irail.be/vehicle/IC4434,http://irail.be/stations/NMBS/008832045,IC,2019-02-20T13:48:00,2019-02-20T13:48:00,-18,-61
http://irail.be/vehicle/IC4434,http://irail.be/stations/NMBS/008832409,IC,2019-02-20T13:53:00,2019-02-20T13:53:00,,7
http://irail.be/vehicle/IC4434,http://irail.be/stations/NMBS/008831005,IC,2019-01-09T13:08:00,2019-01-09T13:08:00,108,
http://irail.be/vehicle/IC4434,http://irail.be/stations/NMBS/008832334,IC,2019-01-09T13:18:00,2019-01-09T13:18:00,99,99
http://irail.be/vehicle/IC4434,http://irail.be/stations/NMBS/008832250,IC,2019-01-09T13:24:00,2019-01-09T13:24:00,172,52
http://irail.be/vehicle/IC4434,NO-URI,IC,2019-01-09T13:25:00,2019-01-09T13:25:00,172,172
http://irail.be/vehicle/IC4434,http://irail.be/stations/NMBS/008832243,IC,2019-01-09T13:28:00,2019-01-09T13:28:00,313,290
http://irail.be/vehicle/IC4434,http://irail.be/stations/NMBS/008832235,IC,2019-01-09T13:32:00,2019-01-09T13:31:00,313,313
http://irail.be/vehicle/IC4434,http://irail.be/stations/NMBS/008832227,IC,2019-01-09T13:37:00,2019-01-09T13:37:00,203,202
http://irail.be/vehicle/IC4434,http://irail.be/stations/NMBS/008832003,IC,2019-01-09T13:41:00,2019-01-09T13:41:00,352,203
http://irail.be/vehicle/IC4434,http://irail.be/stations/NMBS/008832045,IC,2019-01-09T13:48:00,2019-01-09T13:48:00,273,265
http://irail.be/vehicle/IC4434,http://irail.be/stations/NMBS/008832409,IC,2019-01-09T13:53:00,2019-01-09T13:53:00,,310
http://irail.be/vehicle/IC4434,http://irail.be/stations/NMBS/008831005,IC,2019-03-04T13:08:00,2019-03-04T13:08:00,27,
http://irail.be/vehicle/IC4434,http://irail.be/stations/NMBS/008832334,IC,2019-03-04T13:18:00,2019-03-04T13:18:00,-41,-41
http://irail.be/vehicle/IC4434,http://irail.be/stations/NMBS/008832250,IC,2019-03-04T13:24:00,2019-03-04T13:24:00,-33,-90
http://irail.be/vehicle/IC4434,NO-URI,IC,2019-03-04T13:25:00,2019-03-04T13:25:00,-33,-33
http://irail.be/vehicle/IC4434,http://irail.be/stations/NMBS/008832243,IC,2019-03-04T13:28:00,2019-03-04T13:28:00,48,26
http://irail.be/vehicle/IC4434,http://irail.be/stations/NMBS/008832235,IC,2019-03-04T13:32:00,2019-03-04T13:31:00,48,48
http://irail.be/vehicle/IC4434,http://irail.be/stations/NMBS/008832227,IC,2019-03-04T13:37:00,2019-03-04T13:37:00,-95,-98
http://irail.be/vehicle/IC4434,http://irail.be/stations/NMBS/008832003,IC,2019-03-04T13:41:00,2019-03-04T13:41:00,-3,-99
http://irail.be/vehicle/IC4434,http://irail.be/stations/NMBS/008832045,IC,2019-03-04T13:48:00,2019-03-04T13:48:00,-68,-83
http://irail.be/vehicle/IC4434,http://irail.be/stations/NMBS/008832409,IC,2019-03-04T13:53:00,2019-03-04T13:53:00,,235
http://irail.be/vehicle/IC4434,http://irail.be/stations/NMBS/008831005,IC,2019-03-07T13:08:00,2019-03-07T13:08:00,-18,
http://irail.be/vehicle/IC4434,http://irail.be/stations/NMBS/008832334,IC,2019-03-07T13:18:00,2019-03-07T13:18:00,-27,-27
http://irail.be/vehicle/IC4434,http://irail.be/stations/NMBS/008832250,IC,2019-03-07T13:24:00,2019-03-07T13:24:00,-36,-56
http://irail.be/vehicle/IC4434,NO-URI,IC,2019-03-07T13:25:00,2019-03-07T13:25:00,-36,-36
http://irail.be/vehicle/IC4434,http://irail.be/stations/NMBS/008832243,IC,2019-03-07T13:28:00,2019-03-07T13:28:00,93,68
http://irail.be/vehicle/IC4434,http://irail.be/stations/NMBS/008832235,IC,2019-03-07T13:32:00,2019-03-07T13:31:00,93,93
http://irail.be/vehicle/IC4434,http://irail.be/stations/NMBS/008832227,IC,2019-03-07T13:37:00,2019-03-07T13:37:00,-76,-83
http://irail.be/vehicle/IC4434,http://irail.be/stations/NMBS/008832003,IC,2019-03-07T13:41:00,2019-03-07T13:41:00,11,-78
http://irail.be/vehicle/IC4434,http://irail.be/stations/NMBS/008832045,IC,2019-03-07T13:48:00,2019-03-07T13:48:00,-25,-32
http://irail.be/vehicle/IC4434,http://irail.be/stations/NMBS/008832409,IC,2019-03-07T13:53:00,2019-03-07T13:53:00,,25
http://irail.be/vehicle/IC4434,http://irail.be/stations/NMBS/008831005,IC,2019-03-06T13:08:00,2019-03-06T13:08:00,41,
http://irail.be/vehicle/IC4434,http://irail.be/stations/NMBS/008832334,IC,2019-03-06T13:18:00,2019-03-06T13:18:00,31,31
http://irail.be/vehicle/IC4434,http://irail.be/stations/NMBS/008832250,IC,2019-03-06T13:24:00,2019-03-06T13:24:00,-20,-26
http://irail.be/vehicle/IC4434,NO-URI,IC,2019-03-06T13:25:00,2019-03-06T13:25:00,-20,-20
http://irail.be/vehicle/IC4434,http://irail.be/stations/NMBS/008832243,IC,2019-03-06T13:28:00,2019-03-06T13:28:00,60,40
http://irail.be/vehicle/IC4434,http://irail.be/stations/NMBS/008832235,IC,2019-03-06T13:32:00,2019-03-06T13:31:00,60,60
http://irail.be/vehicle/IC4434,http://irail.be/stations/NMBS/008832227,IC,2019-03-06T13:37:00,2019-03-06T13:37:00,-29,-92
http://irail.be/vehicle/IC4434,http://irail.be/stations/NMBS/008832003,IC,2019-03-06T13:41:00,2019-03-06T13:41:00,61,-27
http://irail.be/vehicle/IC4434,http://irail.be/stations/NMBS/008832045,IC,2019-03-06T13:48:00,2019-03-06T13:48:00,-6,-25
http://irail.be/vehicle/IC4434,http://irail.be/stations/NMBS/008832409,IC,2019-03-06T13:53:00,2019-03-06T13:53:00,,24
http://irail.be/vehicle/IC4434,http://irail.be/stations/NMBS/008831005,IC,2019-02-14T13:08:00,2019-02-14T13:08:00,29,
http://irail.be/vehicle/IC4434,http://irail.be/stations/NMBS/008832334,IC,2019-02-14T13:18:00,2019-02-14T13:18:00,56,56
http://irail.be/vehicle/IC4434,http://irail.be/stations/NMBS/008832250,IC,2019-02-14T13:24:00,2019-02-14T13:24:00,19,9
http://irail.be/vehicle/IC4434,NO-URI,IC,2019-02-14T13:25:00,2019-02-14T13:25:00,19,19
http://irail.be/vehicle/IC4434,http://irail.be/stations/NMBS/008832243,IC,2019-02-14T13:28:00,2019-02-14T13:28:00,89,69
http://irail.be/vehicle/IC4434,http://irail.be/stations/NMBS/008832235,IC,2019-02-14T13:32:00,2019-02-14T13:31:00,89,89
http://irail.be/vehicle/IC4434,http://irail.be/stations/NMBS/008832227,IC,2019-02-14T13:37:00,2019-02-14T13:37:00,-90,-102
http://irail.be/vehicle/IC4434,http://irail.be/stations/NMBS/008832003,IC,2019-02-14T13:41:00,2019-02-14T13:41:00,3,-88
http://irail.be/vehicle/IC4434,http://irail.be/stations/NMBS/008832045,IC,2019-02-14T13:48:00,2019-02-14T13:48:00,-74,-83
http://irail.be/vehicle/IC4434,http://irail.be/stations/NMBS/008832409,IC,2019-02-14T13:53:00,2019-02-14T13:53:00,,-20
http://irail.be/vehicle/IC4434,http://irail.be/stations/NMBS/008831005,IC,2019-04-29T13:08:00,2019-04-29T13:08:00,58,
http://irail.be/vehicle/IC4434,http://irail.be/stations/NMBS/008832334,IC,2019-04-29T13:18:00,2019-04-29T13:18:00,69,69
http://irail.be/vehicle/IC4434,http://irail.be/stations/NMBS/008832250,IC,2019-04-29T13:24:00,2019-04-29T13:24:00,53,26
http://irail.be/vehicle/IC4434,NO-URI,IC,2019-04-29T13:25:00,2019-04-29T13:25:00,53,53
http://irail.be/vehicle/IC4434,http://irail.be/stations/NMBS/008832243,IC,2019-04-29T13:28:00,2019-04-29T13:28:00,43,24
http://irail.be/vehicle/IC4434,http://irail.be/stations/NMBS/008832235,IC,2019-04-29T13:32:00,2019-04-29T13:31:00,43,43
http://irail.be/vehicle/IC4434,http://irail.be/stations/NMBS/008832227,IC,2019-04-29T13:37:00,2019-04-29T13:37:00,-61,-61
http://irail.be/vehicle/IC4434,http://irail.be/stations/NMBS/008832003,IC,2019-04-29T13:41:00,2019-04-29T13:41:00,3,-77
http://irail.be/vehicle/IC4434,http://irail.be/stations/NMBS/008832045,IC,2019-04-29T13:48:00,2019-04-29T13:48:00,-49,-53
http://irail.be/vehicle/IC4434,http://irail.be/stations/NMBS/008832409,IC,2019-04-29T13:53:00,2019-04-29T13:53:00,,-13
http://irail.be/vehicle/IC4434,http://irail.be/stations/NMBS/008831005,IC,2019-05-27T13:08:00,2019-05-27T13:08:00,-11,
http://irail.be/vehicle/IC4434,http://irail.be/stations/NMBS/008832334,IC,2019-05-27T13:18:00,2019-05-27T13:18:00,-6,-6
http://irail.be/vehicle/IC4434,http://irail.be/stations/NMBS/008832250,IC,2019-05-27T13:24:00,2019-05-27T13:24:00,11,2
http://irail.be/vehicle/IC4434,NO-URI,IC,2019-05-27T13:25:00,2019-05-27T13:25:00,11,11
http://irail.be/vehicle/IC4434,http://irail.be/stations/NMBS/008832243,IC,2019-05-27T13:28:00,2019-05-27T13:28:00,34,-2
http://irail.be/vehicle/IC4434,http://irail.be/stations/NMBS/008832235,IC,2019-05-27T13:32:00,2019-05-27T13:31:00,116,116
http://irail.be/vehicle/IC4434,http://irail.be/stations/NMBS/008832227,IC,2019-05-27T13:37:00,2019-05-27T13:37:00,-74,-74
http://irail.be/vehicle/IC4434,http://irail.be/stations/NMBS/008832003,IC,2019-05-27T13:41:00,2019-05-27T13:41:00,-24,-109
http://irail.be/vehicle/IC4434,http://irail.be/stations/NMBS/008832045,IC,2019-05-27T13:48:00,2019-05-27T13:48:00,-84,-84
http://irail.be/vehicle/IC4434,http://irail.be/stations/NMBS/008832409,IC,2019-05-27T13:53:00,2019-05-27T13:53:00,,-69
http://irail.be/vehicle/IC4434,http://irail.be/stations/NMBS/008831005,IC,2019-02-15T13:08:00,2019-02-15T13:08:00,51,
http://irail.be/vehicle/IC4434,http://irail.be/stations/NMBS/008832334,IC,2019-02-15T13:18:00,2019-02-15T13:18:00,27,27
http://irail.be/vehicle/IC4434,http://irail.be/stations/NMBS/008832250,IC,2019-02-15T13:24:00,2019-02-15T13:24:00,-19,-19
http://irail.be/vehicle/IC4434,NO-URI,IC,2019-02-15T13:25:00,2019-02-15T13:25:00,-22,-22
http://irail.be/vehicle/IC4434,http://irail.be/stations/NMBS/008832243,IC,2019-02-15T13:28:00,2019-02-15T13:28:00,58,36
http://irail.be/vehicle/IC4434,http://irail.be/stations/NMBS/008832235,IC,2019-02-15T13:32:00,2019-02-15T13:31:00,58,58
http://irail.be/vehicle/IC4434,http://irail.be/stations/NMBS/008832227,IC,2019-02-15T13:37:00,2019-02-15T13:37:00,-80,-80
http://irail.be/vehicle/IC4434,http://irail.be/stations/NMBS/008832003,IC,2019-02-15T13:41:00,2019-02-15T13:41:00,-2,-78
http://irail.be/vehicle/IC4434,http://irail.be/stations/NMBS/008832045,IC,2019-02-15T13:48:00,2019-02-15T13:48:00,-59,-85
http://irail.be/vehicle/IC4434,http://irail.be/stations/NMBS/008832409,IC,2019-02-15T13:53:00,2019-02-15T13:53:00,,20
http://irail.be/vehicle/IC4434,http://irail.be/stations/NMBS/008831005,IC,2019-01-28T13:08:00,2019-01-28T13:08:00,-10,
http://irail.be/vehicle/IC4434,http://irail.be/stations/NMBS/008832334,IC,2019-01-28T13:18:00,2019-01-28T13:18:00,-6,-6
http://irail.be/vehicle/IC4434,http://irail.be/stations/NMBS/008832250,IC,2019-01-28T13:24:00,2019-01-28T13:24:00,-37,-59
http://irail.be/vehicle/IC4434,NO-URI,IC,2019-01-28T13:25:00,2019-01-28T13:25:00,-37,-37
http://irail.be/vehicle/IC4434,http://irail.be/stations/NMBS/008832243,IC,2019-01-28T13:28:00,2019-01-28T13:28:00,64,44
http://irail.be/vehicle/IC4434,http://irail.be/stations/NMBS/008832235,IC,2019-01-28T13:32:00,2019-01-28T13:31:00,64,64
http://irail.be/vehicle/IC4434,http://irail.be/stations/NMBS/008832227,IC,2019-01-28T13:37:00,2019-01-28T13:37:00,-65,-106
http://irail.be/vehicle/IC4434,http://irail.be/stations/NMBS/008832003,IC,2019-01-28T13:41:00,2019-01-28T13:41:00,15,-63
http://irail.be/vehicle/IC4434,http://irail.be/stations/NMBS/008832045,IC,2019-01-28T13:48:00,2019-01-28T13:48:00,-61,-73
http://irail.be/vehicle/IC4434,http://irail.be/stations/NMBS/008832409,IC,2019-01-28T13:53:00,2019-01-28T13:53:00,,84
http://irail.be/vehicle/IC4434,http://irail.be/stations/NMBS/008831005,IC,2019-05-09T13:08:00,2019-05-09T13:08:00,-12,
http://irail.be/vehicle/IC4434,http://irail.be/stations/NMBS/008832334,IC,2019-05-09T13:18:00,2019-05-09T13:18:00,48,48
http://irail.be/vehicle/IC4434,http://irail.be/stations/NMBS/008832250,IC,2019-05-09T13:24:00,2019-05-09T13:24:00,75,65
http://irail.be/vehicle/IC4434,NO-URI,IC,2019-05-09T13:25:00,2019-05-09T13:25:00,75,75
http://irail.be/vehicle/IC4434,http://irail.be/stations/NMBS/008832243,IC,2019-05-09T13:28:00,2019-05-09T13:28:00,95,48
http://irail.be/vehicle/IC4434,http://irail.be/stations/NMBS/008832235,IC,2019-05-09T13:32:00,2019-05-09T13:31:00,49,197
http://irail.be/vehicle/IC4434,http://irail.be/stations/NMBS/008832227,IC,2019-05-09T13:37:00,2019-05-09T13:37:00,49,39
http://irail.be/vehicle/IC4434,http://irail.be/stations/NMBS/008832003,IC,2019-05-09T13:41:00,2019-05-09T13:41:00,96,26
http://irail.be/vehicle/IC4434,http://irail.be/stations/NMBS/008832045,IC,2019-05-09T13:48:00,2019-05-09T13:48:00,38,24
http://irail.be/vehicle/IC4434,http://irail.be/stations/NMBS/008832409,IC,2019-05-09T13:53:00,2019-05-09T13:53:00,,76
http://irail.be/vehicle/IC4434,http://irail.be/stations/NMBS/008831005,IC,2019-04-13T13:08:00,2019-04-13T13:08:00,-29,
http://irail.be/vehicle/IC4434,http://irail.be/stations/NMBS/008832334,IC,2019-04-13T13:18:00,2019-04-13T13:18:00,-18,-18
http://irail.be/vehicle/IC4434,http://irail.be/stations/NMBS/008832250,IC,2019-04-13T13:24:00,2019-04-13T13:24:00,-38,-41
http://irail.be/vehicle/IC4434,NO-URI,IC,2019-04-13T13:25:00,2019-04-13T13:25:00,-38,-38
http://irail.be/vehicle/IC4434,http://irail.be/stations/NMBS/008832243,IC,2019-04-13T13:28:00,2019-04-13T13:28:00,75,52
http://irail.be/vehicle/IC4434,http://irail.be/stations/NMBS/008832235,IC,2019-04-13T13:32:00,2019-04-13T13:31:00,75,75
http://irail.be/vehicle/IC4434,http://irail.be/stations/NMBS/008832227,IC,2019-04-13T13:37:00,2019-04-13T13:37:00,-35,-75
http://irail.be/vehicle/IC4434,http://irail.be/stations/NMBS/008832003,IC,2019-04-13T13:41:00,2019-04-13T13:41:00,53,-28
http://irail.be/vehicle/IC4434,http://irail.be/stations/NMBS/008832045,IC,2019-04-13T13:48:00,2019-04-13T13:48:00,-5,-10
http://irail.be/vehicle/IC4434,http://irail.be/stations/NMBS/008832409,IC,2019-04-13T13:53:00,2019-04-13T13:53:00,,16
http://irail.be/vehicle/IC4434,http://irail.be/stations/NMBS/008831005,IC,2019-03-28T13:08:00,2019-03-28T13:08:00,0,
http://irail.be/vehicle/IC4434,http://irail.be/stations/NMBS/008832334,IC,2019-03-28T13:18:00,2019-03-28T13:18:00,6,6
http://irail.be/vehicle/IC4434,http://irail.be/stations/NMBS/008832250,IC,2019-03-28T13:24:00,2019-03-28T13:24:00,-16,-32
http://irail.be/vehicle/IC4434,NO-URI,IC,2019-03-28T13:25:00,2019-03-28T13:25:00,-16,-16
http://irail.be/vehicle/IC4434,http://irail.be/stations/NMBS/008832243,IC,2019-03-28T13:28:00,2019-03-28T13:28:00,81,59
http://irail.be/vehicle/IC4434,http://irail.be/stations/NMBS/008832235,IC,2019-03-28T13:32:00,2019-03-28T13:31:00,81,81
http://irail.be/vehicle/IC4434,http://irail.be/stations/NMBS/008832227,IC,2019-03-28T13:37:00,2019-03-28T13:37:00,-81,-83
http://irail.be/vehicle/IC4434,http://irail.be/stations/NMBS/008832003,IC,2019-03-28T13:41:00,2019-03-28T13:41:00,39,-61
http://irail.be/vehicle/IC4434,http://irail.be/stations/NMBS/008832045,IC,2019-03-28T13:48:00,2019-03-28T13:48:00,-22,-34
http://irail.be/vehicle/IC4434,http://irail.be/stations/NMBS/008832409,IC,2019-03-28T13:53:00,2019-03-28T13:53:00,,0
http://irail.be/vehicle/IC4434,http://irail.be/stations/NMBS/008831005,IC,2019-06-17T13:08:00,2019-06-17T13:08:00,-15,
http://irail.be/vehicle/IC4434,http://irail.be/stations/NMBS/008832334,IC,2019-06-17T13:18:00,2019-06-17T13:18:00,-21,-21
http://irail.be/vehicle/IC4434,http://irail.be/stations/NMBS/008832250,IC,2019-06-17T13:24:00,2019-06-17T13:24:00,-30,-46
http://irail.be/vehicle/IC4434,NO-URI,IC,2019-06-17T13:25:00,2019-06-17T13:25:00,-30,-30
http://irail.be/vehicle/IC4434,http://irail.be/stations/NMBS/008832243,IC,2019-06-17T13:28:00,2019-06-17T13:28:00,-29,-62
http://irail.be/vehicle/IC4434,http://irail.be/stations/NMBS/008832235,IC,2019-06-17T13:32:00,2019-06-17T13:31:00,86,86
http://irail.be/vehicle/IC4434,http://irail.be/stations/NMBS/008832227,IC,2019-06-17T13:37:00,2019-06-17T13:37:00,-45,-52
http://irail.be/vehicle/IC4434,http://irail.be/stations/NMBS/008832003,IC,2019-06-17T13:41:00,2019-06-17T13:41:00,49,-55
http://irail.be/vehicle/IC4434,http://irail.be/stations/NMBS/008832045,IC,2019-06-17T13:48:00,2019-06-17T13:48:00,38,6
http://irail.be/vehicle/IC4434,http://irail.be/stations/NMBS/008832409,IC,2019-06-17T13:53:00,2019-06-17T13:53:00,,52
http://irail.be/vehicle/IC4434,http://irail.be/stations/NMBS/008831005,IC,2019-01-16T13:08:00,2019-01-16T13:08:00,-12,
http://irail.be/vehicle/IC4434,http://irail.be/stations/NMBS/008832334,IC,2019-01-16T13:18:00,2019-01-16T13:18:00,-22,-22
http://irail.be/vehicle/IC4434,http://irail.be/stations/NMBS/008832250,IC,2019-01-16T13:24:00,2019-01-16T13:24:00,-43,-60
http://irail.be/vehicle/IC4434,NO-URI,IC,2019-01-16T13:25:00,2019-01-16T13:25:00,-43,-43
http://irail.be/vehicle/IC4434,http://irail.be/stations/NMBS/008832243,IC,2019-01-16T13:28:00,2019-01-16T13:28:00,99,77
http://irail.be/vehicle/IC4434,http://irail.be/stations/NMBS/008832235,IC,2019-01-16T13:32:00,2019-01-16T13:31:00,99,99
http://irail.be/vehicle/IC4434,http://irail.be/stations/NMBS/008832227,IC,2019-01-16T13:37:00,2019-01-16T13:37:00,21,-76
http://irail.be/vehicle/IC4434,http://irail.be/stations/NMBS/008832003,IC,2019-01-16T13:41:00,2019-01-16T13:41:00,146,22
http://irail.be/vehicle/IC4434,http://irail.be/stations/NMBS/008832045,IC,2019-01-16T13:48:00,2019-01-16T13:48:00,89,66
http://irail.be/vehicle/IC4434,http://irail.be/stations/NMBS/008832409,IC,2019-01-16T13:53:00,2019-01-16T13:53:00,,118
http://irail.be/vehicle/IC4434,http://irail.be/stations/NMBS/008831005,IC,2019-05-13T13:08:00,2019-05-13T13:08:00,-16,
http://irail.be/vehicle/IC4434,http://irail.be/stations/NMBS/008832334,IC,2019-05-13T13:18:00,2019-05-13T13:18:00,-1,-1
http://irail.be/vehicle/IC4434,http://irail.be/stations/NMBS/008832250,IC,2019-05-13T13:24:00,2019-05-13T13:24:00,9,2
http://irail.be/vehicle/IC4434,NO-URI,IC,2019-05-13T13:25:00,2019-05-13T13:25:00,9,9
http://irail.be/vehicle/IC4434,http://irail.be/stations/NMBS/008832243,IC,2019-05-13T13:28:00,2019-05-13T13:28:00,15,-9
http://irail.be/vehicle/IC4434,http://irail.be/stations/NMBS/008832235,IC,2019-05-13T13:32:00,2019-05-13T13:31:00,104,104
http://irail.be/vehicle/IC4434,http://irail.be/stations/NMBS/008832227,IC,2019-05-13T13:37:00,2019-05-13T13:37:00,-61,-75
http://irail.be/vehicle/IC4434,http://irail.be/stations/NMBS/008832003,IC,2019-05-13T13:41:00,2019-05-13T13:41:00,14,-67
http://irail.be/vehicle/IC4434,http://irail.be/stations/NMBS/008832045,IC,2019-05-13T13:48:00,2019-05-13T13:48:00,-15,-40
http://irail.be/vehicle/IC4434,http://irail.be/stations/NMBS/008832409,IC,2019-05-13T13:53:00,2019-05-13T13:53:00,,10
http://irail.be/vehicle/IC4434,http://irail.be/stations/NMBS/008831005,IC,2019-02-27T13:08:00,2019-02-27T13:08:00,-3,
http://irail.be/vehicle/IC4434,http://irail.be/stations/NMBS/008832334,IC,2019-02-27T13:18:00,2019-02-27T13:18:00,-27,-27
http://irail.be/vehicle/IC4434,http://irail.be/stations/NMBS/008832250,IC,2019-02-27T13:24:00,2019-02-27T13:24:00,-65,-77
http://irail.be/vehicle/IC4434,NO-URI,IC,2019-02-27T13:25:00,2019-02-27T13:25:00,-65,-65
http://irail.be/vehicle/IC4434,http://irail.be/stations/NMBS/008832243,IC,2019-02-27T13:28:00,2019-02-27T13:28:00,78,52
http://irail.be/vehicle/IC4434,http://irail.be/stations/NMBS/008832235,IC,2019-02-27T13:32:00,2019-02-27T13:31:00,78,78
http://irail.be/vehicle/IC4434,http://irail.be/stations/NMBS/008832227,IC,2019-02-27T13:37:00,2019-02-27T13:37:00,-15,-76
http://irail.be/vehicle/IC4434,http://irail.be/stations/NMBS/008832003,IC,2019-02-27T13:41:00,2019-02-27T13:41:00,108,-12
http://irail.be/vehicle/IC4434,http://irail.be/stations/NMBS/008832045,IC,2019-02-27T13:48:00,2019-02-27T13:48:00,42,24
http://irail.be/vehicle/IC4434,http://irail.be/stations/NMBS/008832409,IC,2019-02-27T13:53:00,2019-02-27T13:53:00,,85
http://irail.be/vehicle/IC4434,http://irail.be/stations/NMBS/008831005,IC,2019-06-04T13:08:00,2019-06-04T13:08:00,-14,
http://irail.be/vehicle/IC4434,http://irail.be/stations/NMBS/008832334,IC,2019-06-04T13:18:00,2019-06-04T13:18:00,-27,-27
http://irail.be/vehicle/IC4434,http://irail.be/stations/NMBS/008832250,IC,2019-06-04T13:24:00,2019-06-04T13:24:00,-29,-64
http://irail.be/vehicle/IC4434,NO-URI,IC,2019-06-04T13:25:00,2019-06-04T13:25:00,-29,-29
http://irail.be/vehicle/IC4434,http://irail.be/stations/NMBS/008832243,IC,2019-06-04T13:28:00,2019-06-04T13:28:00,-8,-60
http://irail.be/vehicle/IC4434,http://irail.be/stations/NMBS/008832235,IC,2019-06-04T13:32:00,2019-06-04T13:31:00,98,98
http://irail.be/vehicle/IC4434,http://irail.be/stations/NMBS/008832227,IC,2019-06-04T13:37:00,2019-06-04T13:37:00,-52,-80
http://irail.be/vehicle/IC4434,http://irail.be/stations/NMBS/008832003,IC,2019-06-04T13:41:00,2019-06-04T13:41:00,39,-61
http://irail.be/vehicle/IC4434,http://irail.be/stations/NMBS/008832045,IC,2019-06-04T13:48:00,2019-06-04T13:48:00,-10,-12
http://irail.be/vehicle/IC4434,http://irail.be/stations/NMBS/008832409,IC,2019-06-04T13:53:00,2019-06-04T13:53:00,,33
http://irail.be/vehicle/IC4434,http://irail.be/stations/NMBS/008831005,IC,2019-06-12T13:08:00,2019-06-12T13:08:00,15,
http://irail.be/vehicle/IC4434,http://irail.be/stations/NMBS/008832334,IC,2019-06-12T13:18:00,2019-06-12T13:18:00,25,25
http://irail.be/vehicle/IC4434,http://irail.be/stations/NMBS/008832250,IC,2019-06-12T13:24:00,2019-06-12T13:24:00,0,-12
http://irail.be/vehicle/IC4434,NO-URI,IC,2019-06-12T13:25:00,2019-06-12T13:25:00,0,0
http://irail.be/vehicle/IC4434,http://irail.be/stations/NMBS/008832243,IC,2019-06-12T13:28:00,2019-06-12T13:28:00,20,-18
http://irail.be/vehicle/IC4434,http://irail.be/stations/NMBS/008832235,IC,2019-06-12T13:32:00,2019-06-12T13:31:00,123,123
http://irail.be/vehicle/IC4434,http://irail.be/stations/NMBS/008832227,IC,2019-06-12T13:37:00,2019-06-12T13:37:00,-35,-51
http://irail.be/vehicle/IC4434,http://irail.be/stations/NMBS/008832003,IC,2019-06-12T13:41:00,2019-06-12T13:41:00,29,-55
http://irail.be/vehicle/IC4434,http://irail.be/stations/NMBS/008832045,IC,2019-06-12T13:48:00,2019-06-12T13:48:00,-16,-43
http://irail.be/vehicle/IC4434,http://irail.be/stations/NMBS/008832409,IC,2019-06-12T13:53:00,2019-06-12T13:53:00,,22
http://irail.be/vehicle/IC4434,http://irail.be/stations/NMBS/008831005,IC,2019-03-16T12:42:00,2019-03-16T12:42:00,207,
http://irail.be/vehicle/IC4434,http://irail.be/stations/NMBS/008832334,IC,2019-03-16T12:52:00,2019-03-16T12:52:00,133,133
http://irail.be/vehicle/IC4434,http://irail.be/stations/NMBS/008832250,IC,2019-03-16T12:58:00,2019-03-16T12:58:00,91,75
http://irail.be/vehicle/IC4434,NO-URI,IC,2019-03-16T12:59:00,2019-03-16T12:59:00,91,91
http://irail.be/vehicle/IC4434,http://irail.be/stations/NMBS/008832243,IC,2019-03-16T13:02:00,2019-03-16T13:02:00,167,146
http://irail.be/vehicle/IC4434,http://irail.be/stations/NMBS/008832235,IC,2019-03-16T13:06:00,2019-03-16T13:05:00,167,167
http://irail.be/vehicle/IC4434,http://irail.be/stations/NMBS/008832227,IC,2019-03-16T13:11:00,2019-03-16T13:11:00,20,7
http://irail.be/vehicle/IC4434,http://irail.be/stations/NMBS/008832003,IC,2019-03-16T13:15:00,2019-03-16T13:15:00,,18
http://irail.be/vehicle/IC4434,http://irail.be/stations/NMBS/008831005,IC,2019-06-24T13:08:00,2019-06-24T13:08:00,-24,
http://irail.be/vehicle/IC4434,http://irail.be/stations/NMBS/008832334,IC,2019-06-24T13:18:00,2019-06-24T13:18:00,-36,-36
http://irail.be/vehicle/IC4434,http://irail.be/stations/NMBS/008832250,IC,2019-06-24T13:24:00,2019-06-24T13:24:00,-59,-77
http://irail.be/vehicle/IC4434,NO-URI,IC,2019-06-24T13:25:00,2019-06-24T13:25:00,-59,-59
http://irail.be/vehicle/IC4434,http://irail.be/stations/NMBS/008832243,IC,2019-06-24T13:28:00,2019-06-24T13:28:00,-44,-78
http://irail.be/vehicle/IC4434,http://irail.be/stations/NMBS/008832235,IC,2019-06-24T13:32:00,2019-06-24T13:31:00,63,63
http://irail.be/vehicle/IC4434,http://irail.be/stations/NMBS/008832227,IC,2019-06-24T13:37:00,2019-06-24T13:37:00,-71,-92
http://irail.be/vehicle/IC4434,http://irail.be/stations/NMBS/008832003,IC,2019-06-24T13:41:00,2019-06-24T13:41:00,31,-83
http://irail.be/vehicle/IC4434,http://irail.be/stations/NMBS/008832045,IC,2019-06-24T13:48:00,2019-06-24T13:48:00,-2,-40
http://irail.be/vehicle/IC4434,http://irail.be/stations/NMBS/008832409,IC,2019-06-24T13:53:00,2019-06-24T13:53:00,,2
http://irail.be/vehicle/IC4434,http://irail.be/stations/NMBS/008831005,IC,2019-03-30T13:08:00,2019-03-30T13:08:00,-23,
http://irail.be/vehicle/IC4434,http://irail.be/stations/NMBS/008832334,IC,2019-03-30T13:18:00,2019-03-30T13:18:00,8,8
http://irail.be/vehicle/IC4434,http://irail.be/stations/NMBS/008832250,IC,2019-03-30T13:24:00,2019-03-30T13:24:00,-6,-28
http://irail.be/vehicle/IC4434,NO-URI,IC,2019-03-30T13:25:00,2019-03-30T13:25:00,-6,-6
http://irail.be/vehicle/IC4434,http://irail.be/stations/NMBS/008832243,IC,2019-03-30T13:28:00,2019-03-30T13:28:00,104,78
http://irail.be/vehicle/IC4434,http://irail.be/stations/NMBS/008832235,IC,2019-03-30T13:32:00,2019-03-30T13:31:00,104,104
http://irail.be/vehicle/IC4434,http://irail.be/stations/NMBS/008832227,IC,2019-03-30T13:37:00,2019-03-30T13:37:00,-40,-47
http://irail.be/vehicle/IC4434,http://irail.be/stations/NMBS/008832003,IC,2019-03-30T13:41:00,2019-03-30T13:41:00,49,-42
http://irail.be/vehicle/IC4434,http://irail.be/stations/NMBS/008832045,IC,2019-03-30T13:48:00,2019-03-30T13:48:00,-20,-32
http://irail.be/vehicle/IC4434,http://irail.be/stations/NMBS/008832409,IC,2019-03-30T13:53:00,2019-03-30T13:53:00,,2
http://irail.be/vehicle/IC4434,http://irail.be/stations/NMBS/008831005,IC,2019-01-22T13:08:00,2019-01-22T13:08:00,112,
http://irail.be/vehicle/IC4434,http://irail.be/stations/NMBS/008832334,IC,2019-01-22T13:18:00,2019-01-22T13:18:00,100,100
http://irail.be/vehicle/IC4434,http://irail.be/stations/NMBS/008832250,IC,2019-01-22T13:24:00,2019-01-22T13:24:00,51,45
http://irail.be/vehicle/IC4434,NO-URI,IC,2019-01-22T13:25:00,2019-01-22T13:25:00,51,51
http://irail.be/vehicle/IC4434,http://irail.be/stations/NMBS/008832243,IC,2019-01-22T13:28:00,2019-01-22T13:28:00,123,96
http://irail.be/vehicle/IC4434,http://irail.be/stations/NMBS/008832235,IC,2019-01-22T13:32:00,2019-01-22T13:31:00,123,123
http://irail.be/vehicle/IC4434,http://irail.be/stations/NMBS/008832227,IC,2019-01-22T13:37:00,2019-01-22T13:37:00,-54,-54
http://irail.be/vehicle/IC4434,http://irail.be/stations/NMBS/008832003,IC,2019-01-22T13:41:00,2019-01-22T13:41:00,49,-48
http://irail.be/vehicle/IC4434,http://irail.be/stations/NMBS/008832045,IC,2019-01-22T13:48:00,2019-01-22T13:48:00,-19,-36
http://irail.be/vehicle/IC4434,http://irail.be/stations/NMBS/008832409,IC,2019-01-22T13:53:00,2019-01-22T13:53:00,,35
http://irail.be/vehicle/IC4434,http://irail.be/stations/NMBS/008831005,IC,2019-03-05T13:08:00,2019-03-05T13:08:00,-15,
http://irail.be/vehicle/IC4434,http://irail.be/stations/NMBS/008832334,IC,2019-03-05T13:18:00,2019-03-05T13:18:00,-32,-32
http://irail.be/vehicle/IC4434,http://irail.be/stations/NMBS/008832250,IC,2019-03-05T13:24:00,2019-03-05T13:24:00,-37,-78
http://irail.be/vehicle/IC4434,NO-URI,IC,2019-03-05T13:25:00,2019-03-05T13:25:00,-37,-37
http://irail.be/vehicle/IC4434,http://irail.be/stations/NMBS/008832243,IC,2019-03-05T13:28:00,2019-03-05T13:28:00,56,36
http://irail.be/vehicle/IC4434,http://irail.be/stations/NMBS/008832235,IC,2019-03-05T13:32:00,2019-03-05T13:31:00,56,56
http://irail.be/vehicle/IC4434,http://irail.be/stations/NMBS/008832227,IC,2019-03-05T13:37:00,2019-03-05T13:37:00,-46,-93
http://irail.be/vehicle/IC4434,http://irail.be/stations/NMBS/008832003,IC,2019-03-05T13:41:00,2019-03-05T13:41:00,27,-47
http://irail.be/vehicle/IC4434,http://irail.be/stations/NMBS/008832045,IC,2019-03-05T13:48:00,2019-03-05T13:48:00,-28,-48
http://irail.be/vehicle/IC4434,http://irail.be/stations/NMBS/008832409,IC,2019-03-05T13:53:00,2019-03-05T13:53:00,,-12
http://irail.be/vehicle/IC4434,http://irail.be/stations/NMBS/008831005,IC,2019-01-05T13:08:00,2019-01-05T13:08:00,-20,
http://irail.be/vehicle/IC4434,http://irail.be/stations/NMBS/008832334,IC,2019-01-05T13:18:00,2019-01-05T13:18:00,-40,-40
http://irail.be/vehicle/IC4434,http://irail.be/stations/NMBS/008832250,IC,2019-01-05T13:24:00,2019-01-05T13:24:00,-72,-92
http://irail.be/vehicle/IC4434,NO-URI,IC,2019-01-05T13:25:00,2019-01-05T13:25:00,-72,-72
http://irail.be/vehicle/IC4434,http://irail.be/stations/NMBS/008832243,IC,2019-01-05T13:28:00,2019-01-05T13:28:00,29,5
http://irail.be/vehicle/IC4434,http://irail.be/stations/NMBS/008832235,IC,2019-01-05T13:32:00,2019-01-05T13:31:00,29,29
http://irail.be/vehicle/IC4434,http://irail.be/stations/NMBS/008832227,IC,2019-01-05T13:37:00,2019-01-05T13:37:00,-35,-124
http://irail.be/vehicle/IC4434,http://irail.be/stations/NMBS/008832003,IC,2019-01-05T13:41:00,2019-01-05T13:41:00,55,-30
http://irail.be/vehicle/IC4434,http://irail.be/stations/NMBS/008832045,IC,2019-01-05T13:48:00,2019-01-05T13:48:00,-21,-26
http://irail.be/vehicle/IC4434,http://irail.be/stations/NMBS/008832409,IC,2019-01-05T13:53:00,2019-01-05T13:53:00,,-7
http://irail.be/vehicle/IC4434,http://irail.be/stations/NMBS/008831005,IC,2019-06-14T13:08:00,2019-06-14T13:08:00,-32,
http://irail.be/vehicle/IC4434,http://irail.be/stations/NMBS/008832334,IC,2019-06-14T13:18:00,2019-06-14T13:18:00,-45,-45
http://irail.be/vehicle/IC4434,http://irail.be/stations/NMBS/008832250,IC,2019-06-14T13:24:00,2019-06-14T13:24:00,-98,-108
http://irail.be/vehicle/IC4434,NO-URI,IC,2019-06-14T13:25:00,2019-06-14T13:25:00,-98,-98
http://irail.be/vehicle/IC4434,http://irail.be/stations/NMBS/008832243,IC,2019-06-14T13:28:00,2019-06-14T13:28:00,-49,-137
http://irail.be/vehicle/IC4434,http://irail.be/stations/NMBS/008832235,IC,2019-06-14T13:32:00,2019-06-14T13:31:00,90,90
http://irail.be/vehicle/IC4434,http://irail.be/stations/NMBS/008832227,IC,2019-06-14T13:37:00,2019-06-14T13:37:00,253,253
http://irail.be/vehicle/IC4434,http://irail.be/stations/NMBS/008832003,IC,2019-06-14T13:41:00,2019-06-14T13:41:00,310,210
http://irail.be/vehicle/IC4434,http://irail.be/stations/NMBS/008832045,IC,2019-06-14T13:48:00,2019-06-14T13:48:00,240,238
http://irail.be/vehicle/IC4434,http://irail.be/stations/NMBS/008832409,IC,2019-06-14T13:53:00,2019-06-14T13:53:00,,537
http://irail.be/vehicle/IC4434,http://irail.be/stations/NMBS/008831005,IC,2019-05-07T13:08:00,2019-05-07T13:08:00,416,
http://irail.be/vehicle/IC4434,http://irail.be/stations/NMBS/008832334,IC,2019-05-07T13:18:00,2019-05-07T13:18:00,383,383
http://irail.be/vehicle/IC4434,http://irail.be/stations/NMBS/008832250,IC,2019-05-07T13:24:00,2019-05-07T13:24:00,351,338
http://irail.be/vehicle/IC4434,NO-URI,IC,2019-05-07T13:25:00,2019-05-07T13:25:00,351,351
http://irail.be/vehicle/IC4434,http://irail.be/stations/NMBS/008832243,IC,2019-05-07T13:28:00,2019-05-07T13:28:00,344,310
http://irail.be/vehicle/IC4434,http://irail.be/stations/NMBS/008832235,IC,2019-05-07T13:32:00,2019-05-07T13:31:00,260,427
http://irail.be/vehicle/IC4434,http://irail.be/stations/NMBS/008832227,IC,2019-05-07T13:37:00,2019-05-07T13:37:00,282,244
http://irail.be/vehicle/IC4434,http://irail.be/stations/NMBS/008832003,IC,2019-05-07T13:41:00,2019-05-07T13:41:00,366,273
http://irail.be/vehicle/IC4434,http://irail.be/stations/NMBS/008832045,IC,2019-05-07T13:48:00,2019-05-07T13:48:00,302,293
http://irail.be/vehicle/IC4434,http://irail.be/stations/NMBS/008832409,IC,2019-05-07T13:53:00,2019-05-07T13:53:00,,309
http://irail.be/vehicle/IC4434,http://irail.be/stations/NMBS/008831005,IC,2019-02-28T13:08:00,2019-02-28T13:08:00,859,
http://irail.be/vehicle/IC4434,http://irail.be/stations/NMBS/008832334,IC,2019-02-28T13:18:00,2019-02-28T13:18:00,814,814
http://irail.be/vehicle/IC4434,http://irail.be/stations/NMBS/008832250,IC,2019-02-28T13:24:00,2019-02-28T13:24:00,768,768
http://irail.be/vehicle/IC4434,NO-URI,IC,2019-02-28T13:25:00,2019-02-28T13:25:00,760,760
http://irail.be/vehicle/IC4434,http://irail.be/stations/NMBS/008832243,IC,2019-02-28T13:28:00,2019-02-28T13:28:00,821,800
http://irail.be/vehicle/IC4434,http://irail.be/stations/NMBS/008832235,IC,2019-02-28T13:32:00,2019-02-28T13:31:00,821,821
http://irail.be/vehicle/IC4434,http://irail.be/stations/NMBS/008832227,IC,2019-02-28T13:37:00,2019-02-28T13:37:00,643,643
http://irail.be/vehicle/IC4434,http://irail.be/stations/NMBS/008832003,IC,2019-02-28T13:41:00,2019-02-28T13:41:00,705,627
http://irail.be/vehicle/IC4434,http://irail.be/stations/NMBS/008832045,IC,2019-02-28T13:48:00,2019-02-28T13:48:00,626,624
http://irail.be/vehicle/IC4434,http://irail.be/stations/NMBS/008832409,IC,2019-02-28T13:53:00,2019-02-28T13:53:00,,676
http://irail.be/vehicle/IC4434,http://irail.be/stations/NMBS/008831005,IC,2019-02-08T13:08:00,2019-02-08T13:08:00,-12,
http://irail.be/vehicle/IC4434,http://irail.be/stations/NMBS/008832334,IC,2019-02-08T13:18:00,2019-02-08T13:18:00,-25,-25
http://irail.be/vehicle/IC4434,http://irail.be/stations/NMBS/008832250,IC,2019-02-08T13:24:00,2019-02-08T13:24:00,-47,-73
http://irail.be/vehicle/IC4434,NO-URI,IC,2019-02-08T13:25:00,2019-02-08T13:25:00,-47,-47
http://irail.be/vehicle/IC4434,http://irail.be/stations/NMBS/008832243,IC,2019-02-08T13:28:00,2019-02-08T13:28:00,29,9
http://irail.be/vehicle/IC4434,http://irail.be/stations/NMBS/008832235,IC,2019-02-08T13:32:00,2019-02-08T13:31:00,29,29
http://irail.be/vehicle/IC4434,http://irail.be/stations/NMBS/008832227,IC,2019-02-08T13:37:00,2019-02-08T13:37:00,-109,-122
http://irail.be/vehicle/IC4434,http://irail.be/stations/NMBS/008832003,IC,2019-02-08T13:41:00,2019-02-08T13:41:00,49,-92
http://irail.be/vehicle/IC4434,http://irail.be/stations/NMBS/008832045,IC,2019-02-08T13:48:00,2019-02-08T13:48:00,-21,-38
http://irail.be/vehicle/IC4434,http://irail.be/stations/NMBS/008832409,IC,2019-02-08T13:53:00,2019-02-08T13:53:00,,31
http://irail.be/vehicle/IC4434,http://irail.be/stations/NMBS/008831005,IC,2019-01-24T13:08:00,2019-01-24T13:08:00,-6,
http://irail.be/vehicle/IC4434,http://irail.be/stations/NMBS/008832334,IC,2019-01-24T13:18:00,2019-01-24T13:18:00,10,10
http://irail.be/vehicle/IC4434,http://irail.be/stations/NMBS/008832250,IC,2019-01-24T13:24:00,2019-01-24T13:24:00,-21,-35
http://irail.be/vehicle/IC4434,NO-URI,IC,2019-01-24T13:25:00,2019-01-24T13:25:00,-21,-21
http://irail.be/vehicle/IC4434,http://irail.be/stations/NMBS/008832243,IC,2019-01-24T13:28:00,2019-01-24T13:28:00,104,65
http://irail.be/vehicle/IC4434,http://irail.be/stations/NMBS/008832235,IC,2019-01-24T13:32:00,2019-01-24T13:31:00,104,104
http://irail.be/vehicle/IC4434,http://irail.be/stations/NMBS/008832227,IC,2019-01-24T13:37:00,2019-01-24T13:37:00,-54,-58
http://irail.be/vehicle/IC4434,http://irail.be/stations/NMBS/008832003,IC,2019-01-24T13:41:00,2019-01-24T13:41:00,46,-49
http://irail.be/vehicle/IC4434,http://irail.be/stations/NMBS/008832045,IC,2019-01-24T13:48:00,2019-01-24T13:48:00,7,-29
http://irail.be/vehicle/IC4434,http://irail.be/stations/NMBS/008832409,IC,2019-01-24T13:53:00,2019-01-24T13:53:00,,101
http://irail.be/vehicle/IC4434,http://irail.be/stations/NMBS/008831005,IC,2019-03-14T13:08:00,2019-03-14T13:08:00,6,
http://irail.be/vehicle/IC4434,http://irail.be/stations/NMBS/008832334,IC,2019-03-14T13:18:00,2019-03-14T13:18:00,-34,-34
http://irail.be/vehicle/IC4434,http://irail.be/stations/NMBS/008832250,IC,2019-03-14T13:24:00,2019-03-14T13:24:00,-72,-80
http://irail.be/vehicle/IC4434,NO-URI,IC,2019-03-14T13:25:00,2019-03-14T13:25:00,-72,-72
http://irail.be/vehicle/IC4434,http://irail.be/stations/NMBS/008832243,IC,2019-03-14T13:28:00,2019-03-14T13:28:00,6,-15
http://irail.be/vehicle/IC4434,http://irail.be/stations/NMBS/008832235,IC,2019-03-14T13:32:00,2019-03-14T13:31:00,6,6
http://irail.be/vehicle/IC4434,http://irail.be/stations/NMBS/008832227,IC,2019-03-14T13:37:00,2019-03-14T13:37:00,-145,-177
http://irail.be/vehicle/IC4434,http://irail.be/stations/NMBS/008832003,IC,2019-03-14T13:41:00,2019-03-14T13:41:00,-39,-141
http://irail.be/vehicle/IC4434,http://irail.be/stations/NMBS/008832045,IC,2019-03-14T13:48:00,2019-03-14T13:48:00,-112,-121
http://irail.be/vehicle/IC4434,http://irail.be/stations/NMBS/008832409,IC,2019-03-14T13:53:00,2019-03-14T13:53:00,,-94
http://irail.be/vehicle/IC4434,http://irail.be/stations/NMBS/008831005,IC,2019-04-08T13:08:00,2019-04-08T13:08:00,-8,
http://irail.be/vehicle/IC4434,http://irail.be/stations/NMBS/008832334,IC,2019-04-08T13:18:00,2019-04-08T13:18:00,177,177
http://irail.be/vehicle/IC4434,http://irail.be/stations/NMBS/008832250,IC,2019-04-08T13:24:00,2019-04-08T13:24:00,135,120
http://irail.be/vehicle/IC4434,NO-URI,IC,2019-04-08T13:25:00,2019-04-08T13:25:00,135,135
http://irail.be/vehicle/IC4434,http://irail.be/stations/NMBS/008832243,IC,2019-04-08T13:28:00,2019-04-08T13:28:00,211,191
http://irail.be/vehicle/IC4434,http://irail.be/stations/NMBS/008832235,IC,2019-04-08T13:32:00,2019-04-08T13:31:00,211,211
http://irail.be/vehicle/IC4434,http://irail.be/stations/NMBS/008832227,IC,2019-04-08T13:37:00,2019-04-08T13:37:00,25,25
http://irail.be/vehicle/IC4434,http://irail.be/stations/NMBS/008832003,IC,2019-04-08T13:41:07,2019-04-08T13:41:07,94,8
http://irail.be/vehicle/IC4434,http://irail.be/stations/NMBS/008832045,IC,2019-04-08T13:48:00,2019-04-08T13:48:00,34,10
http://irail.be/vehicle/IC4434,http://irail.be/stations/NMBS/008832409,IC,2019-04-08T13:53:00,2019-04-08T13:53:00,,42
http://irail.be/vehicle/IC4434,http://irail.be/stations/NMBS/008831005,IC,2019-03-25T13:08:00,2019-03-25T13:08:00,6,
http://irail.be/vehicle/IC4434,http://irail.be/stations/NMBS/008832334,IC,2019-03-25T13:18:00,2019-03-25T13:18:00,-10,-10
http://irail.be/vehicle/IC4434,http://irail.be/stations/NMBS/008832250,IC,2019-03-25T13:24:00,2019-03-25T13:24:00,-5,-47
http://irail.be/vehicle/IC4434,NO-URI,IC,2019-03-25T13:25:00,2019-03-25T13:25:00,-5,-5
http://irail.be/vehicle/IC4434,http://irail.be/stations/NMBS/008832243,IC,2019-03-25T13:28:00,2019-03-25T13:28:00,83,56
http://irail.be/vehicle/IC4434,http://irail.be/stations/NMBS/008832235,IC,2019-03-25T13:32:00,2019-03-25T13:31:00,83,83
http://irail.be/vehicle/IC4434,http://irail.be/stations/NMBS/008832227,IC,2019-03-25T13:37:00,2019-03-25T13:37:00,-75,-96
http://irail.be/vehicle/IC4434,http://irail.be/stations/NMBS/008832003,IC,2019-03-25T13:41:00,2019-03-25T13:41:00,64,-79
http://irail.be/vehicle/IC4434,http://irail.be/stations/NMBS/008832045,IC,2019-03-25T13:48:00,2019-03-25T13:48:00,7,-19
http://irail.be/vehicle/IC4434,http://irail.be/stations/NMBS/008832409,IC,2019-03-25T13:53:00,2019-03-25T13:53:00,,40
http://irail.be/vehicle/IC4434,http://irail.be/stations/NMBS/008831005,IC,2019-06-11T13:08:00,2019-06-11T13:08:00,-24,
http://irail.be/vehicle/IC4434,http://irail.be/stations/NMBS/008832334,IC,2019-06-11T13:18:00,2019-06-11T13:18:00,84,84
http://irail.be/vehicle/IC4434,http://irail.be/stations/NMBS/008832250,IC,2019-06-11T13:24:00,2019-06-11T13:24:00,39,25
http://irail.be/vehicle/IC4434,NO-URI,IC,2019-06-11T13:25:00,2019-06-11T13:25:00,39,39
http://irail.be/vehicle/IC4434,http://irail.be/stations/NMBS/008832243,IC,2019-06-11T13:28:00,2019-06-11T13:28:00,46,10
http://irail.be/vehicle/IC4434,http://irail.be/stations/NMBS/008832235,IC,2019-06-11T13:32:00,2019-06-11T13:31:00,146,146
http://irail.be/vehicle/IC4434,http://irail.be/stations/NMBS/008832227,IC,2019-06-11T13:37:00,2019-06-11T13:37:00,-34,-38
http://irail.be/vehicle/IC4434,http://irail.be/stations/NMBS/008832003,IC,2019-06-11T13:41:00,2019-06-11T13:41:00,10,-56
http://irail.be/vehicle/IC4434,http://irail.be/stations/NMBS/008832045,IC,2019-06-11T13:48:00,2019-06-11T13:48:00,-25,-57
http://irail.be/vehicle/IC4434,http://irail.be/stations/NMBS/008832409,IC,2019-06-11T13:53:00,2019-06-11T13:53:00,,7
http://irail.be/vehicle/IC4434,http://irail.be/stations/NMBS/008831005,IC,2019-04-09T13:08:00,2019-04-09T13:08:00,73,
http://irail.be/vehicle/IC4434,http://irail.be/stations/NMBS/008832334,IC,2019-04-09T13:18:00,2019-04-09T13:18:00,54,54
http://irail.be/vehicle/IC4434,http://irail.be/stations/NMBS/008832250,IC,2019-04-09T13:24:00,2019-04-09T13:24:00,23,1
http://irail.be/vehicle/IC4434,NO-URI,IC,2019-04-09T13:25:00,2019-04-09T13:25:00,23,23
http://irail.be/vehicle/IC4434,http://irail.be/stations/NMBS/008832243,IC,2019-04-09T13:28:00,2019-04-09T13:28:00,114,92
http://irail.be/vehicle/IC4434,http://irail.be/stations/NMBS/008832235,IC,2019-04-09T13:32:00,2019-04-09T13:31:00,114,114
http://irail.be/vehicle/IC4434,http://irail.be/stations/NMBS/008832227,IC,2019-04-09T13:37:00,2019-04-09T13:37:00,-53,-72
http://irail.be/vehicle/IC4434,http://irail.be/stations/NMBS/008832003,IC,2019-04-09T13:41:00,2019-04-09T13:41:00,72,-48
http://irail.be/vehicle/IC4434,http://irail.be/stations/NMBS/008832045,IC,2019-04-09T13:48:00,2019-04-09T13:48:00,0,-9
http://irail.be/vehicle/IC4434,http://irail.be/stations/NMBS/008832409,IC,2019-04-09T13:53:00,2019-04-09T13:53:00,,122
http://irail.be/vehicle/IC4434,http://irail.be/stations/NMBS/008831005,IC,2019-04-06T13:08:00,2019-04-06T13:08:00,-24,
http://irail.be/vehicle/IC4434,http://irail.be/stations/NMBS/008832334,IC,2019-04-06T13:18:00,2019-04-06T13:18:00,-19,-19
http://irail.be/vehicle/IC4434,http://irail.be/stations/NMBS/008832250,IC,2019-04-06T13:24:00,2019-04-06T13:24:00,-32,-40
http://irail.be/vehicle/IC4434,NO-URI,IC,2019-04-06T13:25:00,2019-04-06T13:25:00,-32,-32
http://irail.be/vehicle/IC4434,http://irail.be/stations/NMBS/008832243,IC,2019-04-06T13:28:00,2019-04-06T13:28:00,51,32
http://irail.be/vehicle/IC4434,http://irail.be/stations/NMBS/008832235,IC,2019-04-06T13:32:00,2019-04-06T13:31:00,51,51
http://irail.be/vehicle/IC4434,http://irail.be/stations/NMBS/008832227,IC,2019-04-06T13:37:00,2019-04-06T13:37:00,-43,-109
http://irail.be/vehicle/IC4434,http://irail.be/stations/NMBS/008832003,IC,2019-04-06T13:41:00,2019-04-06T13:41:00,44,-39
http://irail.be/vehicle/IC4434,http://irail.be/stations/NMBS/008832045,IC,2019-04-06T13:48:00,2019-04-06T13:48:00,-37,-43
http://irail.be/vehicle/IC4434,http://irail.be/stations/NMBS/008832409,IC,2019-04-06T13:53:00,2019-04-06T13:53:00,,-29
http://irail.be/vehicle/IC4434,http://irail.be/stations/NMBS/008831005,IC,2019-05-06T13:08:00,2019-05-06T13:08:00,-14,
http://irail.be/vehicle/IC4434,http://irail.be/stations/NMBS/008832334,IC,2019-05-06T13:18:00,2019-05-06T13:18:00,-25,-25
http://irail.be/vehicle/IC4434,http://irail.be/stations/NMBS/008832250,IC,2019-05-06T13:24:00,2019-05-06T13:24:00,-69,-70
http://irail.be/vehicle/IC4434,NO-URI,IC,2019-05-06T13:25:00,2019-05-06T13:25:00,-69,-69
http://irail.be/vehicle/IC4434,http://irail.be/stations/NMBS/008832243,IC,2019-05-06T13:28:00,2019-05-06T13:28:00,-68,-100
http://irail.be/vehicle/IC4434,http://irail.be/stations/NMBS/008832235,IC,2019-05-06T13:32:00,2019-05-06T13:31:00,-67,89
http://irail.be/vehicle/IC4434,http://irail.be/stations/NMBS/008832227,IC,2019-05-06T13:37:00,2019-05-06T13:37:00,-70,-75
http://irail.be/vehicle/IC4434,http://irail.be/stations/NMBS/008832003,IC,2019-05-06T13:41:00,2019-05-06T13:41:00,67,-76
http://irail.be/vehicle/IC4434,http://irail.be/stations/NMBS/008832045,IC,2019-05-06T13:48:00,2019-05-06T13:48:00,33,5
http://irail.be/vehicle/IC4434,http://irail.be/stations/NMBS/008832409,IC,2019-05-06T13:53:00,2019-05-06T13:53:00,,75
http://irail.be/vehicle/IC4434,http://irail.be/stations/NMBS/008831005,IC,2019-02-18T13:08:00,2019-02-18T13:08:00,151,
http://irail.be/vehicle/IC4434,http://irail.be/stations/NMBS/008832334,IC,2019-02-18T13:18:00,2019-02-18T13:18:00,109,109
http://irail.be/vehicle/IC4434,http://irail.be/stations/NMBS/008832250,IC,2019-02-18T13:24:00,2019-02-18T13:24:00,64,60
http://irail.be/vehicle/IC4434,NO-URI,IC,2019-02-18T13:25:00,2019-02-18T13:25:00,64,64
http://irail.be/vehicle/IC4434,http://irail.be/stations/NMBS/008832243,IC,2019-02-18T13:28:00,2019-02-18T13:28:00,139,118
http://irail.be/vehicle/IC4434,http://irail.be/stations/NMBS/008832235,IC,2019-02-18T13:32:00,2019-02-18T13:31:00,139,139
http://irail.be/vehicle/IC4434,http://irail.be/stations/NMBS/008832227,IC,2019-02-18T13:37:00,2019-02-18T13:37:00,-26,-26
http://irail.be/vehicle/IC4434,http://irail.be/stations/NMBS/008832003,IC,2019-02-18T13:41:00,2019-02-18T13:41:00,51,-34
http://irail.be/vehicle/IC4434,http://irail.be/stations/NMBS/008832045,IC,2019-02-18T13:48:00,2019-02-18T13:48:00,-23,-25
http://irail.be/vehicle/IC4434,http://irail.be/stations/NMBS/008832409,IC,2019-02-18T13:53:00,2019-02-18T13:53:00,,7
http://irail.be/vehicle/IC4434,http://irail.be/stations/NMBS/008831005,IC,2019-01-07T13:08:00,2019-01-07T13:08:00,32,
http://irail.be/vehicle/IC4434,http://irail.be/stations/NMBS/008832334,IC,2019-01-07T13:18:00,2019-01-07T13:18:00,24,24
http://irail.be/vehicle/IC4434,http://irail.be/stations/NMBS/008832250,IC,2019-01-07T13:24:00,2019-01-07T13:24:00,53,32
http://irail.be/vehicle/IC4434,NO-URI,IC,2019-01-07T13:25:00,2019-01-07T13:25:00,53,53
http://irail.be/vehicle/IC4434,http://irail.be/stations/NMBS/008832243,IC,2019-01-07T13:28:00,2019-01-07T13:28:00,162,131
http://irail.be/vehicle/IC4434,http://irail.be/stations/NMBS/008832235,IC,2019-01-07T13:32:00,2019-01-07T13:31:00,162,162
http://irail.be/vehicle/IC4434,http://irail.be/stations/NMBS/008832227,IC,2019-01-07T13:37:00,2019-01-07T13:37:00,-4,-4
http://irail.be/vehicle/IC4434,http://irail.be/stations/NMBS/008832003,IC,2019-01-07T13:41:00,2019-01-07T13:41:00,98,-8
http://irail.be/vehicle/IC4434,http://irail.be/stations/NMBS/008832045,IC,2019-01-07T13:48:00,2019-01-07T13:48:00,60,16
http://irail.be/vehicle/IC4434,http://irail.be/stations/NMBS/008832409,IC,2019-01-07T13:53:00,2019-01-07T13:53:00,,82
http://irail.be/vehicle/IC4434,http://irail.be/stations/NMBS/008831005,IC,2019-01-31T13:08:00,2019-01-31T13:08:00,21,
http://irail.be/vehicle/IC4434,http://irail.be/stations/NMBS/008832334,IC,2019-01-31T13:18:00,2019-01-31T13:18:00,28,28
http://irail.be/vehicle/IC4434,http://irail.be/stations/NMBS/008832250,IC,2019-01-31T13:24:00,2019-01-31T13:24:00,11,-7
http://irail.be/vehicle/IC4434,NO-URI,IC,2019-01-31T13:25:00,2019-01-31T13:25:00,11,11
http://irail.be/vehicle/IC4434,http://irail.be/stations/NMBS/008832243,IC,2019-01-31T13:28:00,2019-01-31T13:28:00,112,90
http://irail.be/vehicle/IC4434,http://irail.be/stations/NMBS/008832235,IC,2019-01-31T13:32:00,2019-01-31T13:31:00,112,112
http://irail.be/vehicle/IC4434,http://irail.be/stations/NMBS/008832227,IC,2019-01-31T13:37:00,2019-01-31T13:37:00,-19,-42
http://irail.be/vehicle/IC4434,http://irail.be/stations/NMBS/008832003,IC,2019-01-31T13:41:00,2019-01-31T13:41:00,134,-4
http://irail.be/vehicle/IC4434,http://irail.be/stations/NMBS/008832045,IC,2019-01-31T13:48:00,2019-01-31T13:48:00,100,73
http://irail.be/vehicle/IC4434,http://irail.be/stations/NMBS/008832409,IC,2019-01-31T13:53:00,2019-01-31T13:53:00,,165
http://irail.be/vehicle/IC4434,http://irail.be/stations/NMBS/008831005,IC,2019-05-28T13:08:00,2019-05-28T13:08:00,-2,
http://irail.be/vehicle/IC4434,http://irail.be/stations/NMBS/008832334,IC,2019-05-28T13:18:00,2019-05-28T13:18:00,-10,-10
http://irail.be/vehicle/IC4434,http://irail.be/stations/NMBS/008832250,IC,2019-05-28T13:24:00,2019-05-28T13:24:00,7,-20
http://irail.be/vehicle/IC4434,NO-URI,IC,2019-05-28T13:25:00,2019-05-28T13:25:00,7,7
http://irail.be/vehicle/IC4434,http://irail.be/stations/NMBS/008832243,IC,2019-05-28T13:28:00,2019-05-28T13:28:00,-4,-26
http://irail.be/vehicle/IC4434,http://irail.be/stations/NMBS/008832235,IC,2019-05-28T13:32:00,2019-05-28T13:31:00,95,95
http://irail.be/vehicle/IC4434,http://irail.be/stations/NMBS/008832227,IC,2019-05-28T13:37:00,2019-05-28T13:37:00,-26,-69
http://irail.be/vehicle/IC4434,http://irail.be/stations/NMBS/008832003,IC,2019-05-28T13:41:00,2019-05-28T13:41:00,21,-50
http://irail.be/vehicle/IC4434,http://irail.be/stations/NMBS/008832045,IC,2019-05-28T13:48:00,2019-05-28T13:48:00,-21,-56
http://irail.be/vehicle/IC4434,http://irail.be/stations/NMBS/008832409,IC,2019-05-28T13:53:00,2019-05-28T13:53:00,,1
http://irail.be/vehicle/IC4434,http://irail.be/stations/NMBS/008831005,IC,2019-02-02T13:08:00,2019-02-02T13:08:00,5,
http://irail.be/vehicle/IC4434,http://irail.be/stations/NMBS/008832334,IC,2019-02-02T13:18:00,2019-02-02T13:18:00,-11,-11
http://irail.be/vehicle/IC4434,http://irail.be/stations/NMBS/008832250,IC,2019-02-02T13:24:00,2019-02-02T13:24:00,-26,-56
http://irail.be/vehicle/IC4434,NO-URI,IC,2019-02-02T13:25:00,2019-02-02T13:25:00,-26,-26
http://irail.be/vehicle/IC4434,http://irail.be/stations/NMBS/008832243,IC,2019-02-02T13:28:00,2019-02-02T13:28:00,91,59
http://irail.be/vehicle/IC4434,http://irail.be/stations/NMBS/008832235,IC,2019-02-02T13:32:00,2019-02-02T13:31:00,91,91
http://irail.be/vehicle/IC4434,http://irail.be/stations/NMBS/008832227,IC,2019-02-02T13:37:00,2019-02-02T13:37:00,-27,-62
http://irail.be/vehicle/IC4434,http://irail.be/stations/NMBS/008832003,IC,2019-02-02T13:41:00,2019-02-02T13:41:00,97,-3
http://irail.be/vehicle/IC4434,http://irail.be/stations/NMBS/008832045,IC,2019-02-02T13:48:00,2019-02-02T13:48:00,56,17
http://irail.be/vehicle/IC4434,http://irail.be/stations/NMBS/008832409,IC,2019-02-02T13:53:00,2019-02-02T13:53:00,,90
http://irail.be/vehicle/IC4434,http://irail.be/stations/NMBS/008831005,IC,2019-05-15T13:08:00,2019-05-15T13:08:00,6,
http://irail.be/vehicle/IC4434,http://irail.be/stations/NMBS/008832334,IC,2019-05-15T13:18:00,2019-05-15T13:18:00,30,30
http://irail.be/vehicle/IC4434,http://irail.be/stations/NMBS/008832250,IC,2019-05-15T13:24:00,2019-05-15T13:24:00,35,21
http://irail.be/vehicle/IC4434,NO-URI,IC,2019-05-15T13:25:00,2019-05-15T13:25:00,35,35
http://irail.be/vehicle/IC4434,http://irail.be/stations/NMBS/008832243,IC,2019-05-15T13:28:00,2019-05-15T13:28:00,37,3
http://irail.be/vehicle/IC4434,http://irail.be/stations/NMBS/008832235,IC,2019-05-15T13:32:00,2019-05-15T13:31:00,142,142
http://irail.be/vehicle/IC4434,http://irail.be/stations/NMBS/008832227,IC,2019-05-15T13:37:00,2019-05-15T13:37:00,-21,-21
http://irail.be/vehicle/IC4434,http://irail.be/stations/NMBS/008832003,IC,2019-05-15T13:41:00,2019-05-15T13:41:00,36,-42
http://irail.be/vehicle/IC4434,http://irail.be/stations/NMBS/008832045,IC,2019-05-15T13:48:00,2019-05-15T13:48:00,-12,-28
http://irail.be/vehicle/IC4434,http://irail.be/stations/NMBS/008832409,IC,2019-05-15T13:53:00,2019-05-15T13:53:00,,10
http://irail.be/vehicle/IC4434,http://irail.be/stations/NMBS/008831005,IC,2019-03-23T13:08:00,2019-03-23T13:08:00,-15,
http://irail.be/vehicle/IC4434,http://irail.be/stations/NMBS/008832334,IC,2019-03-23T13:18:00,2019-03-23T13:18:00,-32,-32
http://irail.be/vehicle/IC4434,http://irail.be/stations/NMBS/008832250,IC,2019-03-23T13:24:00,2019-03-23T13:24:00,-33,-74
http://irail.be/vehicle/IC4434,NO-URI,IC,2019-03-23T13:25:00,2019-03-23T13:25:00,-33,-33
http://irail.be/vehicle/IC4434,http://irail.be/stations/NMBS/008832243,IC,2019-03-23T13:28:00,2019-03-23T13:28:00,70,50
http://irail.be/vehicle/IC4434,http://irail.be/stations/NMBS/008832235,IC,2019-03-23T13:32:00,2019-03-23T13:31:00,70,70
http://irail.be/vehicle/IC4434,http://irail.be/stations/NMBS/008832227,IC,2019-03-23T13:37:00,2019-03-23T13:37:00,-56,-104
http://irail.be/vehicle/IC4434,http://irail.be/stations/NMBS/008832003,IC,2019-03-23T13:41:00,2019-03-23T13:41:00,77,-39
http://irail.be/vehicle/IC4434,http://irail.be/stations/NMBS/008832045,IC,2019-03-23T13:48:00,2019-03-23T13:48:00,13,-12
http://irail.be/vehicle/IC4434,http://irail.be/stations/NMBS/008832409,IC,2019-03-23T13:53:00,2019-03-23T13:53:00,,10
http://irail.be/vehicle/IC4434,http://irail.be/stations/NMBS/008831005,IC,2019-02-09T13:08:00,2019-02-09T13:08:00,113,
http://irail.be/vehicle/IC4434,http://irail.be/stations/NMBS/008832334,IC,2019-02-09T13:18:00,2019-02-09T13:18:00,98,98
http://irail.be/vehicle/IC4434,http://irail.be/stations/NMBS/008832250,IC,2019-02-09T13:24:00,2019-02-09T13:24:00,68,51
http://irail.be/vehicle/IC4434,NO-URI,IC,2019-02-09T13:25:00,2019-02-09T13:25:00,68,68
http://irail.be/vehicle/IC4434,http://irail.be/stations/NMBS/008832243,IC,2019-02-09T13:28:00,2019-02-09T13:28:00,166,148
http://irail.be/vehicle/IC4434,http://irail.be/stations/NMBS/008832235,IC,2019-02-09T13:32:00,2019-02-09T13:31:00,166,166
http://irail.be/vehicle/IC4434,http://irail.be/stations/NMBS/008832227,IC,2019-02-09T13:37:00,2019-02-09T13:37:00,1,-14
http://irail.be/vehicle/IC4434,http://irail.be/stations/NMBS/008832003,IC,2019-02-09T13:41:00,2019-02-09T13:41:00,124,16
http://irail.be/vehicle/IC4434,http://irail.be/stations/NMBS/008832045,IC,2019-02-09T13:48:00,2019-02-09T13:48:00,144,47
http://irail.be/vehicle/IC4434,http://irail.be/stations/NMBS/008832409,IC,2019-02-09T13:53:00,2019-02-09T13:53:00,,183
http://irail.be/vehicle/IC4434,http://irail.be/stations/NMBS/008831005,IC,2019-02-05T13:08:00,2019-02-05T13:08:00,-3,
http://irail.be/vehicle/IC4434,http://irail.be/stations/NMBS/008832334,IC,2019-02-05T13:18:00,2019-02-05T13:18:00,30,30
http://irail.be/vehicle/IC4434,http://irail.be/stations/NMBS/008832250,IC,2019-02-05T13:24:00,2019-02-05T13:24:00,5,-25
http://irail.be/vehicle/IC4434,NO-URI,IC,2019-02-05T13:25:00,2019-02-05T13:25:00,5,5
http://irail.be/vehicle/IC4434,http://irail.be/stations/NMBS/008832243,IC,2019-02-05T13:28:00,2019-02-05T13:28:00,100,80
http://irail.be/vehicle/IC4434,http://irail.be/stations/NMBS/008832235,IC,2019-02-05T13:32:00,2019-02-05T13:31:00,100,100
http://irail.be/vehicle/IC4434,http://irail.be/stations/NMBS/008832227,IC,2019-02-05T13:37:00,2019-02-05T13:37:00,-17,-62
http://irail.be/vehicle/IC4434,http://irail.be/stations/NMBS/008832003,IC,2019-02-05T13:41:00,2019-02-05T13:41:00,76,-22
http://irail.be/vehicle/IC4434,http://irail.be/stations/NMBS/008832045,IC,2019-02-05T13:48:00,2019-02-05T13:48:00,41,-7
http://irail.be/vehicle/IC4434,http://irail.be/stations/NMBS/008832409,IC,2019-02-05T13:53:00,2019-02-05T13:53:00,,66
http://irail.be/vehicle/IC4434,http://irail.be/stations/NMBS/008831005,IC,2019-03-01T13:08:00,2019-03-01T13:08:00,12,
http://irail.be/vehicle/IC4434,http://irail.be/stations/NMBS/008832334,IC,2019-03-01T13:18:00,2019-03-01T13:18:00,11,11
http://irail.be/vehicle/IC4434,http://irail.be/stations/NMBS/008832250,IC,2019-03-01T13:24:00,2019-03-01T13:24:00,-33,-42
http://irail.be/vehicle/IC4434,NO-URI,IC,2019-03-01T13:25:00,2019-03-01T13:25:00,-33,-33
http://irail.be/vehicle/IC4434,http://irail.be/stations/NMBS/008832243,IC,2019-03-01T13:28:00,2019-03-01T13:28:00,44,24
http://irail.be/vehicle/IC4434,http://irail.be/stations/NMBS/008832235,IC,2019-03-01T13:32:00,2019-03-01T13:31:00,44,44
http://irail.be/vehicle/IC4434,http://irail.be/stations/NMBS/008832227,IC,2019-03-01T13:37:00,2019-03-01T13:37:00,-74,-80
http://irail.be/vehicle/IC4434,http://irail.be/stations/NMBS/008832003,IC,2019-03-01T13:41:00,2019-03-01T13:41:00,53,-70
http://irail.be/vehicle/IC4434,http://irail.be/stations/NMBS/008832045,IC,2019-03-01T13:48:00,2019-03-01T13:48:00,-29,-35
http://irail.be/vehicle/IC4434,http://irail.be/stations/NMBS/008832409,IC,2019-03-01T13:53:00,2019-03-01T13:53:00,,189
http://irail.be/vehicle/IC4434,http://irail.be/stations/NMBS/008831005,IC,2019-01-29T13:08:00,2019-01-29T13:08:00,-15,
http://irail.be/vehicle/IC4434,http://irail.be/stations/NMBS/008832334,IC,2019-01-29T13:18:00,2019-01-29T13:18:00,-46,-46
http://irail.be/vehicle/IC4434,http://irail.be/stations/NMBS/008832250,IC,2019-01-29T13:24:00,2019-01-29T13:24:00,-65,-72
http://irail.be/vehicle/IC4434,NO-URI,IC,2019-01-29T13:25:00,2019-01-29T13:25:00,-65,-65
http://irail.be/vehicle/IC4434,http://irail.be/stations/NMBS/008832243,IC,2019-01-29T13:28:00,2019-01-29T13:28:00,43,23
http://irail.be/vehicle/IC4434,http://irail.be/stations/NMBS/008832235,IC,2019-01-29T13:32:00,2019-01-29T13:31:00,43,43
http://irail.be/vehicle/IC4434,http://irail.be/stations/NMBS/008832227,IC,2019-01-29T13:37:00,2019-01-29T13:37:00,-63,-101
http://irail.be/vehicle/IC4434,http://irail.be/stations/NMBS/008832003,IC,2019-01-29T13:41:00,2019-01-29T13:41:00,46,-54
http://irail.be/vehicle/IC4434,http://irail.be/stations/NMBS/008832045,IC,2019-01-29T13:48:00,2019-01-29T13:48:00,-10,-17
http://irail.be/vehicle/IC4434,http://irail.be/stations/NMBS/008832409,IC,2019-01-29T13:53:00,2019-01-29T13:53:00,,16
http://irail.be/vehicle/IC4434,http://irail.be/stations/NMBS/008831005,IC,2019-02-04T13:08:00,2019-02-04T13:08:00,-7,
http://irail.be/vehicle/IC4434,http://irail.be/stations/NMBS/008832334,IC,2019-02-04T13:18:00,2019-02-04T13:18:00,-32,-32
http://irail.be/vehicle/IC4434,http://irail.be/stations/NMBS/008832250,IC,2019-02-04T13:24:00,2019-02-04T13:24:00,-46,-90
http://irail.be/vehicle/IC4434,NO-URI,IC,2019-02-04T13:25:00,2019-02-04T13:25:00,-46,-46
http://irail.be/vehicle/IC4434,http://irail.be/stations/NMBS/008832243,IC,2019-02-04T13:28:00,2019-02-04T13:28:00,36,17
http://irail.be/vehicle/IC4434,http://irail.be/stations/NMBS/008832235,IC,2019-02-04T13:32:00,2019-02-04T13:31:00,36,36
http://irail.be/vehicle/IC4434,http://irail.be/stations/NMBS/008832227,IC,2019-02-04T13:37:00,2019-02-04T13:37:00,-59,-122
http://irail.be/vehicle/IC4434,http://irail.be/stations/NMBS/008832003,IC,2019-02-04T13:41:00,2019-02-04T13:41:00,33,-61
http://irail.be/vehicle/IC4434,http://irail.be/stations/NMBS/008832045,IC,2019-02-04T13:48:00,2019-02-04T13:48:00,-22,-59
http://irail.be/vehicle/IC4434,http://irail.be/stations/NMBS/008832409,IC,2019-02-04T13:53:00,2019-02-04T13:53:00,,86
http://irail.be/vehicle/IC4434,http://irail.be/stations/NMBS/008831005,IC,2019-05-03T13:08:00,2019-05-03T13:08:00,26,
http://irail.be/vehicle/IC4434,http://irail.be/stations/NMBS/008832334,IC,2019-05-03T13:18:00,2019-05-03T13:18:00,18,18
http://irail.be/vehicle/IC4434,http://irail.be/stations/NMBS/008832250,IC,2019-05-03T13:24:00,2019-05-03T13:24:00,-7,-22
http://irail.be/vehicle/IC4434,NO-URI,IC,2019-05-03T13:25:00,2019-05-03T13:25:00,-7,-7
http://irail.be/vehicle/IC4434,http://irail.be/stations/NMBS/008832243,IC,2019-05-03T13:28:00,2019-05-03T13:28:00,18,-37
http://irail.be/vehicle/IC4434,http://irail.be/stations/NMBS/008832235,IC,2019-05-03T13:32:00,2019-05-03T13:31:00,-24,18
http://irail.be/vehicle/IC4434,http://irail.be/stations/NMBS/008832227,IC,2019-05-03T13:37:00,2019-05-03T13:37:00,-31,-70
http://irail.be/vehicle/IC4434,http://irail.be/stations/NMBS/008832003,IC,2019-05-03T13:41:00,2019-05-03T13:41:00,134,-52
http://irail.be/vehicle/IC4434,http://irail.be/stations/NMBS/008832045,IC,2019-05-03T13:48:00,2019-05-03T13:48:00,97,72
http://irail.be/vehicle/IC4434,http://irail.be/stations/NMBS/008832409,IC,2019-05-03T13:53:00,2019-05-03T13:53:00,,107
http://irail.be/vehicle/IC4434,http://irail.be/stations/NMBS/008831005,IC,2019-01-08T13:08:00,2019-01-08T13:08:00,40,
http://irail.be/vehicle/IC4434,http://irail.be/stations/NMBS/008832334,IC,2019-01-08T13:18:00,2019-01-08T13:18:00,71,71
http://irail.be/vehicle/IC4434,http://irail.be/stations/NMBS/008832250,IC,2019-01-08T13:24:00,2019-01-08T13:24:00,60,31
http://irail.be/vehicle/IC4434,NO-URI,IC,2019-01-08T13:25:00,2019-01-08T13:25:00,60,60
http://irail.be/vehicle/IC4434,http://irail.be/stations/NMBS/008832243,IC,2019-01-08T13:28:00,2019-01-08T13:28:00,156,133
http://irail.be/vehicle/IC4434,http://irail.be/stations/NMBS/008832235,IC,2019-01-08T13:32:00,2019-01-08T13:31:00,156,156
http://irail.be/vehicle/IC4434,http://irail.be/stations/NMBS/008832227,IC,2019-01-08T13:37:00,2019-01-08T13:37:00,30,-4
http://irail.be/vehicle/IC4434,http://irail.be/stations/NMBS/008832003,IC,2019-01-08T13:41:00,2019-01-08T13:41:00,118,35
http://irail.be/vehicle/IC4434,http://irail.be/stations/NMBS/008832045,IC,2019-01-08T13:48:00,2019-01-08T13:48:00,100,51
http://irail.be/vehicle/IC4434,http://irail.be/stations/NMBS/008832409,IC,2019-01-08T13:53:00,2019-01-08T13:53:00,,150
http://irail.be/vehicle/IC4434,http://irail.be/stations/NMBS/008831005,IC,2019-04-23T13:08:00,2019-04-23T13:08:00,38,
http://irail.be/vehicle/IC4434,http://irail.be/stations/NMBS/008832334,IC,2019-04-23T13:18:00,2019-04-23T13:18:00,47,47
http://irail.be/vehicle/IC4434,http://irail.be/stations/NMBS/008832250,IC,2019-04-23T13:24:00,2019-04-23T13:24:00,18,13
http://irail.be/vehicle/IC4434,NO-URI,IC,2019-04-23T13:25:00,2019-04-23T13:25:00,18,18
http://irail.be/vehicle/IC4434,http://irail.be/stations/NMBS/008832243,IC,2019-04-23T13:28:00,2019-04-23T13:28:00,25,0
http://irail.be/vehicle/IC4434,http://irail.be/stations/NMBS/008832235,IC,2019-04-23T13:32:00,2019-04-23T13:31:00,-26,25
http://irail.be/vehicle/IC4434,http://irail.be/stations/NMBS/008832227,IC,2019-04-23T13:37:00,2019-04-23T13:37:00,-57,-73
http://irail.be/vehicle/IC4434,http://irail.be/stations/NMBS/008832003,IC,2019-04-23T13:41:00,2019-04-23T13:41:00,62,-77
http://irail.be/vehicle/IC4434,http://irail.be/stations/NMBS/008832045,IC,2019-04-23T13:48:00,2019-04-23T13:48:00,-2,-5
http://irail.be/vehicle/IC4434,http://irail.be/stations/NMBS/008832409,IC,2019-04-23T13:53:00,2019-04-23T13:53:00,,34
http://irail.be/vehicle/IC4434,http://irail.be/stations/NMBS/008831005,IC,2019-01-26T13:08:00,2019-01-26T13:08:00,-11,
http://irail.be/vehicle/IC4434,http://irail.be/stations/NMBS/008832334,IC,2019-01-26T13:18:00,2019-01-26T13:18:00,-3,-3
http://irail.be/vehicle/IC4434,http://irail.be/stations/NMBS/008832250,IC,2019-01-26T13:24:00,2019-01-26T13:24:00,-19,-38
http://irail.be/vehicle/IC4434,NO-URI,IC,2019-01-26T13:25:00,2019-01-26T13:25:00,-19,-19
http://irail.be/vehicle/IC4434,http://irail.be/stations/NMBS/008832243,IC,2019-01-26T13:28:00,2019-01-26T13:28:00,86,55
http://irail.be/vehicle/IC4434,http://irail.be/stations/NMBS/008832235,IC,2019-01-26T13:32:00,2019-01-26T13:31:00,86,86
http://irail.be/vehicle/IC4434,http://irail.be/stations/NMBS/008832227,IC,2019-01-26T13:37:00,2019-01-26T13:37:00,-31,-77
http://irail.be/vehicle/IC4434,http://irail.be/stations/NMBS/008832003,IC,2019-01-26T13:41:00,2019-01-26T13:41:00,53,-32
http://irail.be/vehicle/IC4434,http://irail.be/stations/NMBS/008832045,IC,2019-01-26T13:48:00,2019-01-26T13:48:00,2,-19
http://irail.be/vehicle/IC4434,http://irail.be/stations/NMBS/008832409,IC,2019-01-26T13:53:00,2019-01-26T13:53:00,,-6
http://irail.be/vehicle/IC4434,http://irail.be/stations/NMBS/008831005,IC,2019-01-10T13:08:00,2019-01-10T13:08:00,-8,
http://irail.be/vehicle/IC4434,http://irail.be/stations/NMBS/008832334,IC,2019-01-10T13:18:00,2019-01-10T13:18:00,-29,-29
http://irail.be/vehicle/IC4434,http://irail.be/stations/NMBS/008832250,IC,2019-01-10T13:24:00,2019-01-10T13:24:00,-21,-73
http://irail.be/vehicle/IC4434,NO-URI,IC,2019-01-10T13:25:00,2019-01-10T13:25:00,-21,-21
http://irail.be/vehicle/IC4434,http://irail.be/stations/NMBS/008832243,IC,2019-01-10T13:28:00,2019-01-10T13:28:00,73,54
http://irail.be/vehicle/IC4434,http://irail.be/stations/NMBS/008832235,IC,2019-01-10T13:32:00,2019-01-10T13:31:00,73,73
http://irail.be/vehicle/IC4434,http://irail.be/stations/NMBS/008832227,IC,2019-01-10T13:37:00,2019-01-10T13:37:00,-29,-87
http://irail.be/vehicle/IC4434,http://irail.be/stations/NMBS/008832003,IC,2019-01-10T13:41:00,2019-01-10T13:41:00,86,-28
http://irail.be/vehicle/IC4434,http://irail.be/stations/NMBS/008832045,IC,2019-01-10T13:48:00,2019-01-10T13:48:00,24,4
http://irail.be/vehicle/IC4434,http://irail.be/stations/NMBS/008832409,IC,2019-01-10T13:53:00,2019-01-10T13:53:00,,30
http://irail.be/vehicle/IC4434,http://irail.be/stations/NMBS/008831005,IC,2019-04-01T13:08:00,2019-04-01T13:08:00,1076,
http://irail.be/vehicle/IC4434,http://irail.be/stations/NMBS/008832334,IC,2019-04-01T13:18:00,2019-04-01T13:18:00,999,999
http://irail.be/vehicle/IC4434,http://irail.be/stations/NMBS/008832250,IC,2019-04-01T13:24:00,2019-04-01T13:24:00,957,949
http://irail.be/vehicle/IC4434,NO-URI,IC,2019-04-01T13:25:00,2019-04-01T13:25:00,957,957
http://irail.be/vehicle/IC4434,http://irail.be/stations/NMBS/008832243,IC,2019-04-01T13:28:00,2019-04-01T13:28:00,1036,1017
http://irail.be/vehicle/IC4434,http://irail.be/stations/NMBS/008832235,IC,2019-04-01T13:32:00,2019-04-01T13:31:00,1036,1036
http://irail.be/vehicle/IC4434,http://irail.be/stations/NMBS/008832227,IC,2019-04-01T13:37:00,2019-04-01T13:37:00,870,870
http://irail.be/vehicle/IC4434,http://irail.be/stations/NMBS/008832003,IC,2019-04-01T13:41:00,2019-04-01T13:41:00,951,863
http://irail.be/vehicle/IC4434,http://irail.be/stations/NMBS/008832045,IC,2019-04-01T13:48:00,2019-04-01T13:48:00,1064,870
http://irail.be/vehicle/IC4434,http://irail.be/stations/NMBS/008832409,IC,2019-04-01T13:53:00,2019-04-01T13:53:00,,1081
http://irail.be/vehicle/IC4434,http://irail.be/stations/NMBS/008831005,IC,2019-05-16T13:08:00,2019-05-16T13:08:00,49,
http://irail.be/vehicle/IC4434,http://irail.be/stations/NMBS/008832334,IC,2019-05-16T13:18:00,2019-05-16T13:18:00,121,121
http://irail.be/vehicle/IC4434,http://irail.be/stations/NMBS/008832250,IC,2019-05-16T13:24:00,2019-05-16T13:24:00,129,125
http://irail.be/vehicle/IC4434,NO-URI,IC,2019-05-16T13:25:00,2019-05-16T13:25:00,129,129
http://irail.be/vehicle/IC4434,http://irail.be/stations/NMBS/008832243,IC,2019-05-16T13:28:00,2019-05-16T13:28:00,112,95
http://irail.be/vehicle/IC4434,http://irail.be/stations/NMBS/008832235,IC,2019-05-16T13:32:00,2019-05-16T13:31:00,192,192
http://irail.be/vehicle/IC4434,http://irail.be/stations/NMBS/008832227,IC,2019-05-16T13:37:00,2019-05-16T13:37:00,14,3
http://irail.be/vehicle/IC4434,http://irail.be/stations/NMBS/008832003,IC,2019-05-16T13:41:00,2019-05-16T13:41:00,82,4
http://irail.be/vehicle/IC4434,http://irail.be/stations/NMBS/008832045,IC,2019-05-16T13:48:00,2019-05-16T13:48:00,14,14
http://irail.be/vehicle/IC4434,http://irail.be/stations/NMBS/008832409,IC,2019-05-16T13:53:00,2019-05-16T13:53:00,,39
http://irail.be/vehicle/IC4434,http://irail.be/stations/NMBS/008831005,IC,2019-04-18T13:08:00,2019-04-18T13:08:00,32,
http://irail.be/vehicle/IC4434,http://irail.be/stations/NMBS/008832334,IC,2019-04-18T13:18:00,2019-04-18T13:18:00,368,368
http://irail.be/vehicle/IC4434,http://irail.be/stations/NMBS/008832250,IC,2019-04-18T13:24:00,2019-04-18T13:24:00,393,368
http://irail.be/vehicle/IC4434,NO-URI,IC,2019-04-18T13:25:00,2019-04-18T13:25:00,393,393
http://irail.be/vehicle/IC4434,http://irail.be/stations/NMBS/008832243,IC,2019-04-18T13:28:00,2019-04-18T13:28:00,479,453
http://irail.be/vehicle/IC4434,http://irail.be/stations/NMBS/008832235,IC,2019-04-18T13:32:00,2019-04-18T13:31:00,479,479
http://irail.be/vehicle/IC4434,http://irail.be/stations/NMBS/008832227,IC,2019-04-18T13:37:00,2019-04-18T13:37:00,493,310
http://irail.be/vehicle/IC4434,http://irail.be/stations/NMBS/008832003,IC,2019-04-18T13:41:00,2019-04-18T13:41:00,633,510
http://irail.be/vehicle/IC4434,http://irail.be/stations/NMBS/008832045,IC,2019-04-18T13:48:00,2019-04-18T13:48:00,578,558
http://irail.be/vehicle/IC4434,http://irail.be/stations/NMBS/008832409,IC,2019-04-18T13:53:00,2019-04-18T13:53:00,,602
http://irail.be/vehicle/IC4434,http://irail.be/stations/NMBS/008831005,IC,2019-03-11T13:08:00,2019-03-11T13:08:00,26,
http://irail.be/vehicle/IC4434,http://irail.be/stations/NMBS/008832334,IC,2019-03-11T13:18:00,2019-03-11T13:18:00,63,63
http://irail.be/vehicle/IC4434,http://irail.be/stations/NMBS/008832250,IC,2019-03-11T13:24:00,2019-03-11T13:24:00,53,16
http://irail.be/vehicle/IC4434,NO-URI,IC,2019-03-11T13:25:00,2019-03-11T13:25:00,53,53
http://irail.be/vehicle/IC4434,http://irail.be/stations/NMBS/008832243,IC,2019-03-11T13:28:00,2019-03-11T13:28:00,168,143
http://irail.be/vehicle/IC4434,http://irail.be/stations/NMBS/008832235,IC,2019-03-11T13:32:00,2019-03-11T13:31:00,168,168
http://irail.be/vehicle/IC4434,http://irail.be/stations/NMBS/008832227,IC,2019-03-11T13:37:00,2019-03-11T13:37:00,923,923
http://irail.be/vehicle/IC4434,http://irail.be/stations/NMBS/008832003,IC,2019-03-11T13:41:00,2019-03-11T13:41:00,986,912
http://irail.be/vehicle/IC4434,http://irail.be/stations/NMBS/008832045,IC,2019-03-11T13:48:00,2019-03-11T13:48:00,921,913
http://irail.be/vehicle/IC4434,http://irail.be/stations/NMBS/008832409,IC,2019-03-11T13:53:00,2019-03-11T13:53:00,,975
http://irail.be/vehicle/IC4434,http://irail.be/stations/NMBS/008831005,IC,2019-05-14T13:08:00,2019-05-14T13:08:00,167,
http://irail.be/vehicle/IC4434,http://irail.be/stations/NMBS/008832334,IC,2019-05-14T13:18:00,2019-05-14T13:18:00,230,230
http://irail.be/vehicle/IC4434,http://irail.be/stations/NMBS/008832250,IC,2019-05-14T13:24:00,2019-05-14T13:24:00,273,262
http://irail.be/vehicle/IC4434,NO-URI,IC,2019-05-14T13:25:00,2019-05-14T13:25:00,273,273
http://irail.be/vehicle/IC4434,http://irail.be/stations/NMBS/008832243,IC,2019-05-14T13:28:00,2019-05-14T13:28:00,252,232
http://irail.be/vehicle/IC4434,http://irail.be/stations/NMBS/008832235,IC,2019-05-14T13:32:00,2019-05-14T13:31:00,336,336
http://irail.be/vehicle/IC4434,http://irail.be/stations/NMBS/008832227,IC,2019-05-14T13:37:00,2019-05-14T13:37:00,152,151
http://irail.be/vehicle/IC4434,http://irail.be/stations/NMBS/008832003,IC,2019-05-14T13:41:00,2019-05-14T13:41:00,251,140
http://irail.be/vehicle/IC4434,http://irail.be/stations/NMBS/008832045,IC,2019-05-14T13:48:00,2019-05-14T13:48:00,224,216
http://irail.be/vehicle/IC4434,http://irail.be/stations/NMBS/008832409,IC,2019-05-14T13:53:00,2019-05-14T13:53:00,,255
http://irail.be/vehicle/IC4434,http://irail.be/stations/NMBS/008831005,IC,2019-05-21T13:08:00,2019-05-21T13:08:00,17,
http://irail.be/vehicle/IC4434,http://irail.be/stations/NMBS/008832334,IC,2019-05-21T13:18:00,2019-05-21T13:18:00,95,95
http://irail.be/vehicle/IC4434,http://irail.be/stations/NMBS/008832250,IC,2019-05-21T13:24:00,2019-05-21T13:24:00,106,95
http://irail.be/vehicle/IC4434,NO-URI,IC,2019-05-21T13:25:00,2019-05-21T13:25:00,106,106
http://irail.be/vehicle/IC4434,http://irail.be/stations/NMBS/008832243,IC,2019-05-21T13:28:00,2019-05-21T13:28:00,105,73
http://irail.be/vehicle/IC4434,http://irail.be/stations/NMBS/008832235,IC,2019-05-21T13:32:00,2019-05-21T13:31:00,201,201
http://irail.be/vehicle/IC4434,http://irail.be/stations/NMBS/008832227,IC,2019-05-21T13:37:00,2019-05-21T13:37:00,19,15
http://irail.be/vehicle/IC4434,http://irail.be/stations/NMBS/008832003,IC,2019-05-21T13:41:00,2019-05-21T13:41:00,86,-6
http://irail.be/vehicle/IC4434,http://irail.be/stations/NMBS/008832045,IC,2019-05-21T13:48:00,2019-05-21T13:48:00,52,39
http://irail.be/vehicle/IC4434,http://irail.be/stations/NMBS/008832409,IC,2019-05-21T13:53:00,2019-05-21T13:53:00,,84
http://irail.be/vehicle/IC4434,http://irail.be/stations/NMBS/008831005,IC,2019-03-29T13:08:00,2019-03-29T13:08:00,6,
http://irail.be/vehicle/IC4434,http://irail.be/stations/NMBS/008832334,IC,2019-03-29T13:18:00,2019-03-29T13:18:00,-1,-1
http://irail.be/vehicle/IC4434,http://irail.be/stations/NMBS/008832250,IC,2019-03-29T13:24:00,2019-03-29T13:24:00,12,-60
http://irail.be/vehicle/IC4434,NO-URI,IC,2019-03-29T13:25:00,2019-03-29T13:25:00,12,12
http://irail.be/vehicle/IC4434,http://irail.be/stations/NMBS/008832243,IC,2019-03-29T13:28:00,2019-03-29T13:28:00,105,83
http://irail.be/vehicle/IC4434,http://irail.be/stations/NMBS/008832235,IC,2019-03-29T13:32:00,2019-03-29T13:31:00,105,105
http://irail.be/vehicle/IC4434,http://irail.be/stations/NMBS/008832227,IC,2019-03-29T13:37:00,2019-03-29T13:37:00,-37,-80
http://irail.be/vehicle/IC4434,http://irail.be/stations/NMBS/008832003,IC,2019-03-29T13:41:00,2019-03-29T13:41:00,73,-34
http://irail.be/vehicle/IC4434,http://irail.be/stations/NMBS/008832045,IC,2019-03-29T13:48:00,2019-03-29T13:48:00,3,-24
http://irail.be/vehicle/IC4434,http://irail.be/stations/NMBS/008832409,IC,2019-03-29T13:53:00,2019-03-29T13:53:00,,25
http://irail.be/vehicle/IC4434,http://irail.be/stations/NMBS/008831005,IC,2019-03-12T13:08:00,2019-03-12T13:08:00,-9,
http://irail.be/vehicle/IC4434,http://irail.be/stations/NMBS/008832334,IC,2019-03-12T13:18:00,2019-03-12T13:18:00,25,25
http://irail.be/vehicle/IC4434,http://irail.be/stations/NMBS/008832250,IC,2019-03-12T13:24:00,2019-03-12T13:24:00,6,-8
http://irail.be/vehicle/IC4434,NO-URI,IC,2019-03-12T13:25:00,2019-03-12T13:25:00,6,6
http://irail.be/vehicle/IC4434,http://irail.be/stations/NMBS/008832243,IC,2019-03-12T13:28:00,2019-03-12T13:28:00,91,69
http://irail.be/vehicle/IC4434,http://irail.be/stations/NMBS/008832235,IC,2019-03-12T13:32:00,2019-03-12T13:31:00,91,91
http://irail.be/vehicle/IC4434,http://irail.be/stations/NMBS/008832227,IC,2019-03-12T13:37:00,2019-03-12T13:37:00,9,3
http://irail.be/vehicle/IC4434,http://irail.be/stations/NMBS/008832003,IC,2019-03-12T13:41:00,2019-03-12T13:41:00,104,22
http://irail.be/vehicle/IC4434,http://irail.be/stations/NMBS/008832045,IC,2019-03-12T13:48:00,2019-03-12T13:48:00,52,33
http://irail.be/vehicle/IC4434,http://irail.be/stations/NMBS/008832409,IC,2019-03-12T13:53:00,2019-03-12T13:53:00,,112
http://irail.be/vehicle/IC4434,http://irail.be/stations/NMBS/008831005,IC,2019-03-15T13:08:00,2019-03-15T13:08:00,97,
http://irail.be/vehicle/IC4434,http://irail.be/stations/NMBS/008832334,IC,2019-03-15T13:18:00,2019-03-15T13:18:00,87,87
http://irail.be/vehicle/IC4434,http://irail.be/stations/NMBS/008832250,IC,2019-03-15T13:24:00,2019-03-15T13:24:00,64,44
http://irail.be/vehicle/IC4434,NO-URI,IC,2019-03-15T13:25:00,2019-03-15T13:25:00,64,64
http://irail.be/vehicle/IC4434,http://irail.be/stations/NMBS/008832243,IC,2019-03-15T13:28:00,2019-03-15T13:28:00,164,143
http://irail.be/vehicle/IC4434,http://irail.be/stations/NMBS/008832235,IC,2019-03-15T13:32:00,2019-03-15T13:31:00,164,164
http://irail.be/vehicle/IC4434,http://irail.be/stations/NMBS/008832227,IC,2019-03-15T13:37:00,2019-03-15T13:37:00,22,10
http://irail.be/vehicle/IC4434,http://irail.be/stations/NMBS/008832003,IC,2019-03-15T13:41:00,2019-03-15T13:41:00,119,24
http://irail.be/vehicle/IC4434,http://irail.be/stations/NMBS/008832045,IC,2019-03-15T13:48:00,2019-03-15T13:48:00,75,51
http://irail.be/vehicle/IC4434,http://irail.be/stations/NMBS/008832409,IC,2019-03-15T13:53:00,2019-03-15T13:53:00,,109
http://irail.be/vehicle/IC4434,http://irail.be/stations/NMBS/008831005,IC,2019-04-19T13:08:00,2019-04-19T13:08:00,32,
http://irail.be/vehicle/IC4434,http://irail.be/stations/NMBS/008832334,IC,2019-04-19T13:18:00,2019-04-19T13:18:00,-18,-18
http://irail.be/vehicle/IC4434,http://irail.be/stations/NMBS/008832250,IC,2019-04-19T13:24:00,2019-04-19T13:24:00,-28,-73
http://irail.be/vehicle/IC4434,NO-URI,IC,2019-04-19T13:25:00,2019-04-19T13:25:00,-28,-28
http://irail.be/vehicle/IC4434,http://irail.be/stations/NMBS/008832243,IC,2019-04-19T13:28:00,2019-04-19T13:28:00,63,41
http://irail.be/vehicle/IC4434,http://irail.be/stations/NMBS/008832235,IC,2019-04-19T13:32:00,2019-04-19T13:31:00,63,63
http://irail.be/vehicle/IC4434,http://irail.be/stations/NMBS/008832227,IC,2019-04-19T13:37:00,2019-04-19T13:37:00,-50,-53
http://irail.be/vehicle/IC4434,http://irail.be/stations/NMBS/008832003,IC,2019-04-19T13:41:00,2019-04-19T13:41:00,47,-54
http://irail.be/vehicle/IC4434,http://irail.be/stations/NMBS/008832045,IC,2019-04-19T13:48:00,2019-04-19T13:48:00,-31,-45
http://irail.be/vehicle/IC4434,http://irail.be/stations/NMBS/008832409,IC,2019-04-19T13:53:00,2019-04-19T13:53:00,,171
http://irail.be/vehicle/IC4434,http://irail.be/stations/NMBS/008831005,IC,2019-02-23T13:08:00,2019-02-23T13:08:00,87,
http://irail.be/vehicle/IC4434,http://irail.be/stations/NMBS/008832334,IC,2019-02-23T13:18:00,2019-02-23T13:18:00,81,81
http://irail.be/vehicle/IC4434,http://irail.be/stations/NMBS/008832250,IC,2019-02-23T13:24:00,2019-02-23T13:24:00,48,28
http://irail.be/vehicle/IC4434,NO-URI,IC,2019-02-23T13:25:00,2019-02-23T13:25:00,48,48
http://irail.be/vehicle/IC4434,http://irail.be/stations/NMBS/008832243,IC,2019-02-23T13:28:00,2019-02-23T13:28:00,161,127
http://irail.be/vehicle/IC4434,http://irail.be/stations/NMBS/008832235,IC,2019-02-23T13:32:00,2019-02-23T13:31:00,161,161
http://irail.be/vehicle/IC4434,http://irail.be/stations/NMBS/008832227,IC,2019-02-23T13:37:00,2019-02-23T13:37:00,18,-1
http://irail.be/vehicle/IC4434,http://irail.be/stations/NMBS/008832003,IC,2019-02-23T13:41:00,2019-02-23T13:41:00,122,15
http://irail.be/vehicle/IC4434,http://irail.be/stations/NMBS/008832045,IC,2019-02-23T13:48:00,2019-02-23T13:48:00,505,500
http://irail.be/vehicle/IC4434,http://irail.be/stations/NMBS/008832409,IC,2019-02-23T13:53:00,2019-02-23T13:53:00,,532
http://irail.be/vehicle/IC4434,http://irail.be/stations/NMBS/008831005,IC,2019-03-18T13:08:00,2019-03-18T13:08:00,-17,
http://irail.be/vehicle/IC4434,http://irail.be/stations/NMBS/008832334,IC,2019-03-18T13:18:00,2019-03-18T13:18:00,19,19
http://irail.be/vehicle/IC4434,http://irail.be/stations/NMBS/008832250,IC,2019-03-18T13:24:00,2019-03-18T13:24:00,37,-17
http://irail.be/vehicle/IC4434,NO-URI,IC,2019-03-18T13:25:00,2019-03-18T13:25:00,37,37
http://irail.be/vehicle/IC4434,http://irail.be/stations/NMBS/008832243,IC,2019-03-18T13:28:00,2019-03-18T13:28:00,124,97
http://irail.be/vehicle/IC4434,http://irail.be/stations/NMBS/008832235,IC,2019-03-18T13:32:00,2019-03-18T13:31:00,124,124
http://irail.be/vehicle/IC4434,http://irail.be/stations/NMBS/008832227,IC,2019-03-18T13:37:00,2019-03-18T13:37:00,-27,-27
http://irail.be/vehicle/IC4434,http://irail.be/stations/NMBS/008832003,IC,2019-03-18T13:41:00,2019-03-18T13:41:00,47,-35
http://irail.be/vehicle/IC4434,http://irail.be/stations/NMBS/008832045,IC,2019-03-18T13:48:00,2019-03-18T13:48:00,9,-17
http://irail.be/vehicle/IC4434,http://irail.be/stations/NMBS/008832409,IC,2019-03-18T13:53:00,2019-03-18T13:53:00,,241
http://irail.be/vehicle/IC4434,http://irail.be/stations/NMBS/008831005,IC,2019-06-06T13:08:00,2019-06-06T13:08:00,-7,
http://irail.be/vehicle/IC4434,http://irail.be/stations/NMBS/008832334,IC,2019-06-06T13:18:00,2019-06-06T13:18:00,74,74
http://irail.be/vehicle/IC4434,http://irail.be/stations/NMBS/008832250,IC,2019-06-06T13:24:00,2019-06-06T13:24:00,79,41
http://irail.be/vehicle/IC4434,NO-URI,IC,2019-06-06T13:25:00,2019-06-06T13:25:00,79,79
http://irail.be/vehicle/IC4434,http://irail.be/stations/NMBS/008832243,IC,2019-06-06T13:28:00,2019-06-06T13:28:00,95,63
http://irail.be/vehicle/IC4434,http://irail.be/stations/NMBS/008832235,IC,2019-06-06T13:32:00,2019-06-06T13:31:00,194,194
http://irail.be/vehicle/IC4434,http://irail.be/stations/NMBS/008832227,IC,2019-06-06T13:37:00,2019-06-06T13:37:00,29,26
http://irail.be/vehicle/IC4434,http://irail.be/stations/NMBS/008832003,IC,2019-06-06T13:41:00,2019-06-06T13:41:00,91,10
http://irail.be/vehicle/IC4434,http://irail.be/stations/NMBS/008832045,IC,2019-06-06T13:48:00,2019-06-06T13:48:00,69,35
http://irail.be/vehicle/IC4434,http://irail.be/stations/NMBS/008832409,IC,2019-06-06T13:53:00,2019-06-06T13:53:00,,99
http://irail.be/vehicle/IC4434,NO-URI,IC,2019-05-11T13:23:00,2019-05-11T13:23:00,-29,
http://irail.be/vehicle/IC4434,http://irail.be/stations/NMBS/008832243,IC,2019-05-11T13:28:00,2019-05-11T13:26:00,-27,10
http://irail.be/vehicle/IC4434,http://irail.be/stations/NMBS/008832235,IC,2019-05-11T13:32:00,2019-05-11T13:31:00,86,86
http://irail.be/vehicle/IC4434,http://irail.be/stations/NMBS/008832227,IC,2019-05-11T13:37:00,2019-05-11T13:37:00,-43,-92
http://irail.be/vehicle/IC4434,http://irail.be/stations/NMBS/008832003,IC,2019-05-11T13:41:00,2019-05-11T13:41:00,14,-56
http://irail.be/vehicle/IC4434,http://irail.be/stations/NMBS/008832045,IC,2019-05-11T13:48:00,2019-05-11T13:48:00,-41,-58
http://irail.be/vehicle/IC4434,http://irail.be/stations/NMBS/008832409,IC,2019-05-11T13:53:00,2019-05-11T13:53:00,,-33
http://irail.be/vehicle/IC4434,http://irail.be/stations/NMBS/008831005,IC,2019-02-19T13:08:00,2019-02-19T13:08:00,-23,
http://irail.be/vehicle/IC4434,http://irail.be/stations/NMBS/008832334,IC,2019-02-19T13:18:00,2019-02-19T13:18:00,-24,-24
http://irail.be/vehicle/IC4434,http://irail.be/stations/NMBS/008832250,IC,2019-02-19T13:24:00,2019-02-19T13:24:00,-32,-76
http://irail.be/vehicle/IC4434,NO-URI,IC,2019-02-19T13:25:00,2019-02-19T13:25:00,-32,-32
http://irail.be/vehicle/IC4434,http://irail.be/stations/NMBS/008832243,IC,2019-02-19T13:28:00,2019-02-19T13:28:00,63,40
http://irail.be/vehicle/IC4434,http://irail.be/stations/NMBS/008832235,IC,2019-02-19T13:32:00,2019-02-19T13:31:00,63,63
http://irail.be/vehicle/IC4434,http://irail.be/stations/NMBS/008832227,IC,2019-02-19T13:37:00,2019-02-19T13:37:00,-37,-92
http://irail.be/vehicle/IC4434,http://irail.be/stations/NMBS/008832003,IC,2019-02-19T13:41:00,2019-02-19T13:41:00,80,-34
http://irail.be/vehicle/IC4434,http://irail.be/stations/NMBS/008832045,IC,2019-02-19T13:48:00,2019-02-19T13:48:00,37,-6
http://irail.be/vehicle/IC4434,http://irail.be/stations/NMBS/008832409,IC,2019-02-19T13:53:00,2019-02-19T13:53:00,,74
http://irail.be/vehicle/IC4434,NO-URI,IC,2019-05-04T13:23:00,2019-05-04T13:23:00,-65,
http://irail.be/vehicle/IC4434,http://irail.be/stations/NMBS/008832243,IC,2019-05-04T13:28:00,2019-05-04T13:26:00,1,-11
http://irail.be/vehicle/IC4434,http://irail.be/stations/NMBS/008832235,IC,2019-05-04T13:32:00,2019-05-04T13:31:00,-33,1
http://irail.be/vehicle/IC4434,http://irail.be/stations/NMBS/008832227,IC,2019-05-04T13:37:00,2019-05-04T13:37:00,-48,-48
http://irail.be/vehicle/IC4434,http://irail.be/stations/NMBS/008832003,IC,2019-05-04T13:41:00,2019-05-04T13:41:00,55,-58
http://irail.be/vehicle/IC4434,http://irail.be/stations/NMBS/008832045,IC,2019-05-04T13:48:00,2019-05-04T13:48:00,1,-8
http://irail.be/vehicle/IC4434,http://irail.be/stations/NMBS/008832409,IC,2019-05-04T13:53:00,2019-05-04T13:53:00,,-11
http://irail.be/vehicle/IC4434,http://irail.be/stations/NMBS/008831005,IC,2019-05-20T13:08:00,2019-05-20T13:08:00,88,
http://irail.be/vehicle/IC4434,http://irail.be/stations/NMBS/008832334,IC,2019-05-20T13:18:00,2019-05-20T13:18:00,180,180
http://irail.be/vehicle/IC4434,http://irail.be/stations/NMBS/008832250,IC,2019-05-20T13:24:00,2019-05-20T13:24:00,215,202
http://irail.be/vehicle/IC4434,NO-URI,IC,2019-05-20T13:25:00,2019-05-20T13:25:00,215,215
http://irail.be/vehicle/IC4434,http://irail.be/stations/NMBS/008832243,IC,2019-05-20T13:28:00,2019-05-20T13:28:00,221,183
http://irail.be/vehicle/IC4434,http://irail.be/stations/NMBS/008832235,IC,2019-05-20T13:32:00,2019-05-20T13:31:00,322,322
http://irail.be/vehicle/IC4434,http://irail.be/stations/NMBS/008832227,IC,2019-05-20T13:37:00,2019-05-20T13:37:00,132,132
http://irail.be/vehicle/IC4434,http://irail.be/stations/NMBS/008832003,IC,2019-05-20T13:41:00,2019-05-20T13:41:00,224,106
http://irail.be/vehicle/IC4434,http://irail.be/stations/NMBS/008832045,IC,2019-05-20T13:48:00,2019-05-20T13:48:00,193,165
http://irail.be/vehicle/IC4434,http://irail.be/stations/NMBS/008832409,IC,2019-05-20T13:53:00,2019-05-20T13:53:00,,239
http://irail.be/vehicle/IC4434,http://irail.be/stations/NMBS/008831005,IC,2019-01-11T13:08:00,2019-01-11T13:08:00,86,
http://irail.be/vehicle/IC4434,http://irail.be/stations/NMBS/008832334,IC,2019-01-11T13:18:00,2019-01-11T13:18:00,63,63
http://irail.be/vehicle/IC4434,http://irail.be/stations/NMBS/008832250,IC,2019-01-11T13:24:00,2019-01-11T13:24:00,19,10
http://irail.be/vehicle/IC4434,NO-URI,IC,2019-01-11T13:25:00,2019-01-11T13:25:00,19,19
http://irail.be/vehicle/IC4434,http://irail.be/stations/NMBS/008832243,IC,2019-01-11T13:28:00,2019-01-11T13:28:00,116,96
http://irail.be/vehicle/IC4434,http://irail.be/stations/NMBS/008832235,IC,2019-01-11T13:32:00,2019-01-11T13:31:00,116,116
http://irail.be/vehicle/IC4434,http://irail.be/stations/NMBS/008832227,IC,2019-01-11T13:37:00,2019-01-11T13:37:00,-67,-67
http://irail.be/vehicle/IC4434,http://irail.be/stations/NMBS/008832003,IC,2019-01-11T13:41:00,2019-01-11T13:41:00,18,-74
http://irail.be/vehicle/IC4434,http://irail.be/stations/NMBS/008832045,IC,2019-01-11T13:48:00,2019-01-11T13:48:00,-54,-69
http://irail.be/vehicle/IC4434,http://irail.be/stations/NMBS/008832409,IC,2019-01-11T13:53:00,2019-01-11T13:53:00,,-20
http://irail.be/vehicle/IC4434,http://irail.be/stations/NMBS/008831005,IC,2019-02-26T13:08:00,2019-02-26T13:08:00,-6,
http://irail.be/vehicle/IC4434,http://irail.be/stations/NMBS/008832334,IC,2019-02-26T13:18:00,2019-02-26T13:18:00,-42,-42
http://irail.be/vehicle/IC4434,http://irail.be/stations/NMBS/008832250,IC,2019-02-26T13:24:00,2019-02-26T13:24:00,-82,-92
http://irail.be/vehicle/IC4434,NO-URI,IC,2019-02-26T13:25:00,2019-02-26T13:25:00,-82,-82
http://irail.be/vehicle/IC4434,http://irail.be/stations/NMBS/008832243,IC,2019-02-26T13:28:00,2019-02-26T13:28:00,-5,-29
http://irail.be/vehicle/IC4434,http://irail.be/stations/NMBS/008832235,IC,2019-02-26T13:32:00,2019-02-26T13:31:00,-5,-5
http://irail.be/vehicle/IC4434,http://irail.be/stations/NMBS/008832227,IC,2019-02-26T13:37:00,2019-02-26T13:37:00,-182,-182
http://irail.be/vehicle/IC4434,http://irail.be/stations/NMBS/008832003,IC,2019-02-26T13:41:00,2019-02-26T13:41:00,-19,-178
http://irail.be/vehicle/IC4434,http://irail.be/stations/NMBS/008832045,IC,2019-02-26T13:48:00,2019-02-26T13:48:00,-86,-106
http://irail.be/vehicle/IC4434,http://irail.be/stations/NMBS/008832409,IC,2019-02-26T13:53:00,2019-02-26T13:53:00,,-68
http://irail.be/vehicle/IC4434,http://irail.be/stations/NMBS/008831005,IC,2019-04-12T13:08:00,2019-04-12T13:08:00,3,
http://irail.be/vehicle/IC4434,http://irail.be/stations/NMBS/008832334,IC,2019-04-12T13:18:00,2019-04-12T13:18:00,-34,-34
http://irail.be/vehicle/IC4434,http://irail.be/stations/NMBS/008832250,IC,2019-04-12T13:24:00,2019-04-12T13:24:00,-35,-87
http://irail.be/vehicle/IC4434,NO-URI,IC,2019-04-12T13:25:00,2019-04-12T13:25:00,-35,-35
http://irail.be/vehicle/IC4434,http://irail.be/stations/NMBS/008832243,IC,2019-04-12T13:28:00,2019-04-12T13:28:00,65,42
http://irail.be/vehicle/IC4434,http://irail.be/stations/NMBS/008832235,IC,2019-04-12T13:32:00,2019-04-12T13:31:00,65,65
http://irail.be/vehicle/IC4434,http://irail.be/stations/NMBS/008832227,IC,2019-04-12T13:37:00,2019-04-12T13:37:00,-38,-93
http://irail.be/vehicle/IC4434,http://irail.be/stations/NMBS/008832003,IC,2019-04-12T13:41:00,2019-04-12T13:41:00,60,-38
http://irail.be/vehicle/IC4434,http://irail.be/stations/NMBS/008832045,IC,2019-04-12T13:48:00,2019-04-12T13:48:00,-20,-23
http://irail.be/vehicle/IC4434,http://irail.be/stations/NMBS/008832409,IC,2019-04-12T13:53:00,2019-04-12T13:53:00,,-6
http://irail.be/vehicle/IC4434,http://irail.be/stations/NMBS/008831005,IC,2019-04-27T13:08:00,2019-04-27T13:08:00,46,
http://irail.be/vehicle/IC4434,http://irail.be/stations/NMBS/008832334,IC,2019-04-27T13:18:00,2019-04-27T13:18:00,-5,-5
http://irail.be/vehicle/IC4434,http://irail.be/stations/NMBS/008832250,IC,2019-04-27T13:24:00,2019-04-27T13:24:00,-32,-56
http://irail.be/vehicle/IC4434,NO-URI,IC,2019-04-27T13:25:00,2019-04-27T13:25:00,-32,-32
http://irail.be/vehicle/IC4434,http://irail.be/stations/NMBS/008832243,IC,2019-04-27T13:28:00,2019-04-27T13:28:00,-8,-58
http://irail.be/vehicle/IC4434,http://irail.be/stations/NMBS/008832235,IC,2019-04-27T13:32:00,2019-04-27T13:31:00,-28,-8
http://irail.be/vehicle/IC4434,http://irail.be/stations/NMBS/008832227,IC,2019-04-27T13:37:00,2019-04-27T13:37:00,-34,-75
http://irail.be/vehicle/IC4434,http://irail.be/stations/NMBS/008832003,IC,2019-04-27T13:41:00,2019-04-27T13:41:00,25,-56
http://irail.be/vehicle/IC4434,http://irail.be/stations/NMBS/008832045,IC,2019-04-27T13:48:00,2019-04-27T13:48:00,6,-17
http://irail.be/vehicle/IC4434,http://irail.be/stations/NMBS/008832409,IC,2019-04-27T13:53:00,2019-04-27T13:53:00,,45
http://irail.be/vehicle/IC4434,http://irail.be/stations/NMBS/008831005,IC,2019-03-02T13:08:00,2019-03-02T13:08:00,-11,
http://irail.be/vehicle/IC4434,http://irail.be/stations/NMBS/008832334,IC,2019-03-02T13:18:00,2019-03-02T13:18:00,4,4
http://irail.be/vehicle/IC4434,http://irail.be/stations/NMBS/008832250,IC,2019-03-02T13:24:00,2019-03-02T13:24:00,-35,-44
http://irail.be/vehicle/IC4434,NO-URI,IC,2019-03-02T13:25:00,2019-03-02T13:25:00,-35,-35
http://irail.be/vehicle/IC4434,http://irail.be/stations/NMBS/008832243,IC,2019-03-02T13:28:00,2019-03-02T13:28:00,57,37
http://irail.be/vehicle/IC4434,http://irail.be/stations/NMBS/008832235,IC,2019-03-02T13:32:00,2019-03-02T13:31:00,57,57
http://irail.be/vehicle/IC4434,http://irail.be/stations/NMBS/008832227,IC,2019-03-02T13:37:00,2019-03-02T13:37:00,-47,-109
http://irail.be/vehicle/IC4434,http://irail.be/stations/NMBS/008832003,IC,2019-03-02T13:41:00,2019-03-02T13:41:00,61,-51
http://irail.be/vehicle/IC4434,http://irail.be/stations/NMBS/008832045,IC,2019-03-02T13:48:00,2019-03-02T13:48:00,15,-8
http://irail.be/vehicle/IC4434,http://irail.be/stations/NMBS/008832409,IC,2019-03-02T13:53:00,2019-03-02T13:53:00,,58
http://irail.be/vehicle/IC4434,http://irail.be/stations/NMBS/008831005,IC,2019-05-22T13:08:00,2019-05-22T13:08:00,-13,
http://irail.be/vehicle/IC4434,http://irail.be/stations/NMBS/008832334,IC,2019-05-22T13:18:00,2019-05-22T13:18:00,226,226
http://irail.be/vehicle/IC4434,http://irail.be/stations/NMBS/008832250,IC,2019-05-22T13:24:00,2019-05-22T13:24:00,272,243
http://irail.be/vehicle/IC4434,NO-URI,IC,2019-05-22T13:25:00,2019-05-22T13:25:00,272,272
http://irail.be/vehicle/IC4434,http://irail.be/stations/NMBS/008832243,IC,2019-05-22T13:28:00,2019-05-22T13:28:00,266,241
http://irail.be/vehicle/IC4434,http://irail.be/stations/NMBS/008832235,IC,2019-05-22T13:32:00,2019-05-22T13:31:00,361,361
http://irail.be/vehicle/IC4434,http://irail.be/stations/NMBS/008832227,IC,2019-05-22T13:37:00,2019-05-22T13:37:00,189,177
http://irail.be/vehicle/IC4434,http://irail.be/stations/NMBS/008832003,IC,2019-05-22T13:41:00,2019-05-22T13:41:00,260,169
http://irail.be/vehicle/IC4434,http://irail.be/stations/NMBS/008832045,IC,2019-05-22T13:48:00,2019-05-22T13:48:00,207,193
http://irail.be/vehicle/IC4434,http://irail.be/stations/NMBS/008832409,IC,2019-05-22T13:53:00,2019-05-22T13:53:00,,214
http://irail.be/vehicle/IC4434,http://irail.be/stations/NMBS/008831005,IC,2019-04-17T13:08:00,2019-04-17T13:08:00,102,
http://irail.be/vehicle/IC4434,http://irail.be/stations/NMBS/008832334,IC,2019-04-17T13:18:00,2019-04-17T13:18:00,68,68
http://irail.be/vehicle/IC4434,http://irail.be/stations/NMBS/008832250,IC,2019-04-17T13:24:00,2019-04-17T13:24:00,56,50
http://irail.be/vehicle/IC4434,NO-URI,IC,2019-04-17T13:25:00,2019-04-17T13:25:00,56,56
http://irail.be/vehicle/IC4434,http://irail.be/stations/NMBS/008832243,IC,2019-04-17T13:28:00,2019-04-17T13:28:00,150,130
http://irail.be/vehicle/IC4434,http://irail.be/stations/NMBS/008832235,IC,2019-04-17T13:32:00,2019-04-17T13:31:00,150,150
http://irail.be/vehicle/IC4434,http://irail.be/stations/NMBS/008832227,IC,2019-04-17T13:37:00,2019-04-17T13:37:00,-38,-38
http://irail.be/vehicle/IC4434,http://irail.be/stations/NMBS/008832003,IC,2019-04-17T13:41:00,2019-04-17T13:41:00,32,-46
http://irail.be/vehicle/IC4434,http://irail.be/stations/NMBS/008832045,IC,2019-04-17T13:48:00,2019-04-17T13:48:00,-52,-53
http://irail.be/vehicle/IC4434,http://irail.be/stations/NMBS/008832409,IC,2019-04-17T13:53:00,2019-04-17T13:53:00,,-15
http://irail.be/vehicle/IC4434,http://irail.be/stations/NMBS/008831005,IC,2019-05-10T13:08:00,2019-05-10T13:08:00,-5,
http://irail.be/vehicle/IC4434,http://irail.be/stations/NMBS/008832334,IC,2019-05-10T13:18:00,2019-05-10T13:18:00,-30,-30
http://irail.be/vehicle/IC4434,http://irail.be/stations/NMBS/008832250,IC,2019-05-10T13:24:00,2019-05-10T13:24:00,-20,-23
http://irail.be/vehicle/IC4434,NO-URI,IC,2019-05-10T13:25:00,2019-05-10T13:25:00,-20,-20
http://irail.be/vehicle/IC4434,http://irail.be/stations/NMBS/008832243,IC,2019-05-10T13:28:00,2019-05-10T13:28:00,-24,-44
http://irail.be/vehicle/IC4434,http://irail.be/stations/NMBS/008832235,IC,2019-05-10T13:32:00,2019-05-10T13:31:00,109,109
http://irail.be/vehicle/IC4434,http://irail.be/stations/NMBS/008832227,IC,2019-05-10T13:37:00,2019-05-10T13:37:00,-74,-74
http://irail.be/vehicle/IC4434,http://irail.be/stations/NMBS/008832003,IC,2019-05-10T13:41:00,2019-05-10T13:41:00,-21,-105
http://irail.be/vehicle/IC4434,http://irail.be/stations/NMBS/008832045,IC,2019-05-10T13:48:00,2019-05-10T13:48:00,-80,-87
http://irail.be/vehicle/IC4434,http://irail.be/stations/NMBS/008832409,IC,2019-05-10T13:53:00,2019-05-10T13:53:00,,-43
http://irail.be/vehicle/IC4434,http://irail.be/stations/NMBS/008831005,IC,2019-04-24T13:08:00,2019-04-24T13:08:00,28,
http://irail.be/vehicle/IC4434,http://irail.be/stations/NMBS/008832334,IC,2019-04-24T13:18:00,2019-04-24T13:18:00,-6,-6
http://irail.be/vehicle/IC4434,http://irail.be/stations/NMBS/008832250,IC,2019-04-24T13:24:00,2019-04-24T13:24:00,-39,-47
http://irail.be/vehicle/IC4434,NO-URI,IC,2019-04-24T13:25:00,2019-04-24T13:25:00,-39,-39
http://irail.be/vehicle/IC4434,http://irail.be/stations/NMBS/008832243,IC,2019-04-24T13:28:00,2019-04-24T13:28:00,-36,-63
http://irail.be/vehicle/IC4434,http://irail.be/stations/NMBS/008832235,IC,2019-04-24T13:32:00,2019-04-24T13:31:00,-60,-36
http://irail.be/vehicle/IC4434,http://irail.be/stations/NMBS/008832227,IC,2019-04-24T13:37:00,2019-04-24T13:37:00,-111,-111
http://irail.be/vehicle/IC4434,http://irail.be/stations/NMBS/008832003,IC,2019-04-24T13:41:00,2019-04-24T13:41:00,-55,-146
http://irail.be/vehicle/IC4434,http://irail.be/stations/NMBS/008832045,IC,2019-04-24T13:48:00,2019-04-24T13:48:00,-106,-125
http://irail.be/vehicle/IC4434,http://irail.be/stations/NMBS/008832409,IC,2019-04-24T13:53:00,2019-04-24T13:53:00,,-78
http://irail.be/vehicle/IC4434,http://irail.be/stations/NMBS/008831005,IC,2019-02-12T13:08:00,2019-02-12T13:08:00,88,
http://irail.be/vehicle/IC4434,http://irail.be/stations/NMBS/008832334,IC,2019-02-12T13:18:00,2019-02-12T13:18:00,66,66
http://irail.be/vehicle/IC4434,http://irail.be/stations/NMBS/008832250,IC,2019-02-12T13:24:00,2019-02-12T13:24:00,35,25
http://irail.be/vehicle/IC4434,NO-URI,IC,2019-02-12T13:25:00,2019-02-12T13:25:00,35,35
http://irail.be/vehicle/IC4434,http://irail.be/stations/NMBS/008832243,IC,2019-02-12T13:28:00,2019-02-12T13:28:00,143,121
http://irail.be/vehicle/IC4434,http://irail.be/stations/NMBS/008832235,IC,2019-02-12T13:32:00,2019-02-12T13:31:00,143,143
http://irail.be/vehicle/IC4434,http://irail.be/stations/NMBS/008832227,IC,2019-02-12T13:37:00,2019-02-12T13:37:00,-32,-39
http://irail.be/vehicle/IC4434,http://irail.be/stations/NMBS/008832003,IC,2019-02-12T13:41:00,2019-02-12T13:41:00,57,-29
http://irail.be/vehicle/IC4434,http://irail.be/stations/NMBS/008832045,IC,2019-02-12T13:48:00,2019-02-12T13:48:00,-37,-37
http://irail.be/vehicle/IC4434,http://irail.be/stations/NMBS/008832409,IC,2019-02-12T13:53:00,2019-02-12T13:53:00,,-40
http://irail.be/vehicle/IC4434,http://irail.be/stations/NMBS/008831005,IC,2019-01-04T13:08:00,2019-01-04T13:08:00,-26,
http://irail.be/vehicle/IC4434,http://irail.be/stations/NMBS/008832334,IC,2019-01-04T13:18:00,2019-01-04T13:18:00,-42,-42
http://irail.be/vehicle/IC4434,http://irail.be/stations/NMBS/008832250,IC,2019-01-04T13:24:00,2019-01-04T13:24:00,-48,-97
http://irail.be/vehicle/IC4434,NO-URI,IC,2019-01-04T13:25:00,2019-01-04T13:25:00,-48,-48
http://irail.be/vehicle/IC4434,http://irail.be/stations/NMBS/008832243,IC,2019-01-04T13:28:00,2019-01-04T13:28:00,58,36
http://irail.be/vehicle/IC4434,http://irail.be/stations/NMBS/008832235,IC,2019-01-04T13:32:00,2019-01-04T13:31:00,58,58
http://irail.be/vehicle/IC4434,http://irail.be/stations/NMBS/008832227,IC,2019-01-04T13:37:00,2019-01-04T13:37:00,-72,-114
http://irail.be/vehicle/IC4434,http://irail.be/stations/NMBS/008832003,IC,2019-01-04T13:41:00,2019-01-04T13:41:00,2,-72
http://irail.be/vehicle/IC4434,http://irail.be/stations/NMBS/008832045,IC,2019-01-04T13:48:00,2019-01-04T13:48:00,-55,-81
http://irail.be/vehicle/IC4434,http://irail.be/stations/NMBS/008832409,IC,2019-01-04T13:53:00,2019-01-04T13:53:00,,52
http://irail.be/vehicle/IC4434,http://irail.be/stations/NMBS/008831005,IC,2019-04-03T13:08:00,2019-04-03T13:08:00,-30,
http://irail.be/vehicle/IC4434,http://irail.be/stations/NMBS/008832334,IC,2019-04-03T13:18:00,2019-04-03T13:18:00,-42,-42
http://irail.be/vehicle/IC4434,http://irail.be/stations/NMBS/008832250,IC,2019-04-03T13:24:00,2019-04-03T13:24:00,-38,-99
http://irail.be/vehicle/IC4434,NO-URI,IC,2019-04-03T13:25:00,2019-04-03T13:25:00,-38,-38
http://irail.be/vehicle/IC4434,http://irail.be/stations/NMBS/008832243,IC,2019-04-03T13:28:00,2019-04-03T13:28:00,62,42
http://irail.be/vehicle/IC4434,http://irail.be/stations/NMBS/008832235,IC,2019-04-03T13:32:00,2019-04-03T13:31:00,62,62
http://irail.be/vehicle/IC4434,http://irail.be/stations/NMBS/008832227,IC,2019-04-03T13:37:00,2019-04-03T13:37:00,-47,-98
http://irail.be/vehicle/IC4434,http://irail.be/stations/NMBS/008832003,IC,2019-04-03T13:41:00,2019-04-03T13:41:00,29,-49
http://irail.be/vehicle/IC4434,http://irail.be/stations/NMBS/008832045,IC,2019-04-03T13:48:00,2019-04-03T13:48:00,-44,-62
http://irail.be/vehicle/IC4434,http://irail.be/stations/NMBS/008832409,IC,2019-04-03T13:53:00,2019-04-03T13:53:00,,-36
http://irail.be/vehicle/IC4434,http://irail.be/stations/NMBS/008831005,IC,2019-06-28T13:08:00,2019-06-28T13:08:00,377,
http://irail.be/vehicle/IC4434,http://irail.be/stations/NMBS/008832334,IC,2019-06-28T13:18:00,2019-06-28T13:18:00,365,365
http://irail.be/vehicle/IC4434,http://irail.be/stations/NMBS/008832250,IC,2019-06-28T13:24:00,2019-06-28T13:24:00,338,318
http://irail.be/vehicle/IC4434,NO-URI,IC,2019-06-28T13:25:00,2019-06-28T13:25:00,338,338
http://irail.be/vehicle/IC4434,http://irail.be/stations/NMBS/008832243,IC,2019-06-28T13:28:00,2019-06-28T13:28:00,356,306
http://irail.be/vehicle/IC4434,http://irail.be/stations/NMBS/008832235,IC,2019-06-28T13:32:00,2019-06-28T13:31:00,453,453
http://irail.be/vehicle/IC4434,http://irail.be/stations/NMBS/008832227,IC,2019-06-28T13:37:00,2019-06-28T13:37:00,280,280
http://irail.be/vehicle/IC4434,http://irail.be/stations/NMBS/008832003,IC,2019-06-28T13:41:00,2019-06-28T13:41:00,334,260
http://irail.be/vehicle/IC4434,http://irail.be/stations/NMBS/008832045,IC,2019-06-28T13:48:00,2019-06-28T13:48:00,307,277
http://irail.be/vehicle/IC4434,http://irail.be/stations/NMBS/008832409,IC,2019-06-28T13:53:00,2019-06-28T13:53:00,,309
http://irail.be/vehicle/IC4434,http://irail.be/stations/NMBS/008831005,IC,2019-01-30T13:08:00,2019-01-30T13:08:00,-11,
http://irail.be/vehicle/IC4434,http://irail.be/stations/NMBS/008832334,IC,2019-01-30T13:18:00,2019-01-30T13:18:00,5,5
http://irail.be/vehicle/IC4434,http://irail.be/stations/NMBS/008832250,IC,2019-01-30T13:24:00,2019-01-30T13:24:00,-23,-43
http://irail.be/vehicle/IC4434,NO-URI,IC,2019-01-30T13:25:00,2019-01-30T13:25:00,-23,-23
http://irail.be/vehicle/IC4434,http://irail.be/stations/NMBS/008832243,IC,2019-01-30T13:28:00,2019-01-30T13:28:00,78,59
http://irail.be/vehicle/IC4434,http://irail.be/stations/NMBS/008832235,IC,2019-01-30T13:32:00,2019-01-30T13:31:00,78,78
http://irail.be/vehicle/IC4434,http://irail.be/stations/NMBS/008832227,IC,2019-01-30T13:37:00,2019-01-30T13:37:00,-19,-74
http://irail.be/vehicle/IC4434,http://irail.be/stations/NMBS/008832003,IC,2019-01-30T13:41:00,2019-01-30T13:41:00,80,-18
http://irail.be/vehicle/IC4434,http://irail.be/stations/NMBS/008832045,IC,2019-01-30T13:48:00,2019-01-30T13:48:00,18,-12
http://irail.be/vehicle/IC4434,http://irail.be/stations/NMBS/008832409,IC,2019-01-30T13:53:00,2019-01-30T13:53:00,,25
http://irail.be/vehicle/IC4434,http://irail.be/stations/NMBS/008831005,IC,2019-03-09T12:42:00,2019-03-09T12:42:00,-35,
http://irail.be/vehicle/IC4434,http://irail.be/stations/NMBS/008832334,IC,2019-03-09T12:52:00,2019-03-09T12:52:00,-91,-91
http://irail.be/vehicle/IC4434,http://irail.be/stations/NMBS/008832250,IC,2019-03-09T12:58:00,2019-03-09T12:58:00,-136,-136
http://irail.be/vehicle/IC4434,NO-URI,IC,2019-03-09T12:59:00,2019-03-09T12:59:00,-140,-140
http://irail.be/vehicle/IC4434,http://irail.be/stations/NMBS/008832243,IC,2019-03-09T13:02:00,2019-03-09T13:02:00,32,-7
http://irail.be/vehicle/IC4434,http://irail.be/stations/NMBS/008832235,IC,2019-03-09T13:06:00,2019-03-09T13:05:00,32,32
http://irail.be/vehicle/IC4434,http://irail.be/stations/NMBS/008832227,IC,2019-03-09T13:11:00,2019-03-09T13:11:00,-75,-89
http://irail.be/vehicle/IC4434,http://irail.be/stations/NMBS/008832003,IC,2019-03-09T13:15:00,2019-03-09T13:15:00,,-69
http://irail.be/vehicle/IC4434,http://irail.be/stations/NMBS/008831005,IC,2019-01-18T13:08:00,2019-01-18T13:08:00,6,
http://irail.be/vehicle/IC4434,http://irail.be/stations/NMBS/008832334,IC,2019-01-18T13:18:00,2019-01-18T13:18:00,-36,-36
http://irail.be/vehicle/IC4434,http://irail.be/stations/NMBS/008832250,IC,2019-01-18T13:24:00,2019-01-18T13:24:00,-92,-94
http://irail.be/vehicle/IC4434,NO-URI,IC,2019-01-18T13:25:00,2019-01-18T13:25:00,-92,-92
http://irail.be/vehicle/IC4434,http://irail.be/stations/NMBS/008832243,IC,2019-01-18T13:28:00,2019-01-18T13:28:00,-15,-34
http://irail.be/vehicle/IC4434,http://irail.be/stations/NMBS/008832235,IC,2019-01-18T13:32:00,2019-01-18T13:31:00,-55,-15
http://irail.be/vehicle/IC4434,http://irail.be/stations/NMBS/008832227,IC,2019-01-18T13:37:00,2019-01-18T13:37:00,-95,-111
http://irail.be/vehicle/IC4434,http://irail.be/stations/NMBS/008832003,IC,2019-01-18T13:41:00,2019-01-18T13:41:00,46,-100
http://irail.be/vehicle/IC4434,http://irail.be/stations/NMBS/008832045,IC,2019-01-18T13:48:00,2019-01-18T13:48:00,-30,-47
http://irail.be/vehicle/IC4434,http://irail.be/stations/NMBS/008832409,IC,2019-01-18T13:53:00,2019-01-18T13:53:00,,58
http://irail.be/vehicle/IC4434,http://irail.be/stations/NMBS/008831005,IC,2019-02-11T13:08:00,2019-02-11T13:08:00,372,
http://irail.be/vehicle/IC4434,http://irail.be/stations/NMBS/008832334,IC,2019-02-11T13:18:00,2019-02-11T13:18:00,348,348
http://irail.be/vehicle/IC4434,http://irail.be/stations/NMBS/008832250,IC,2019-02-11T13:24:00,2019-02-11T13:24:00,330,307
http://irail.be/vehicle/IC4434,NO-URI,IC,2019-02-11T13:25:00,2019-02-11T13:25:00,330,330
http://irail.be/vehicle/IC4434,http://irail.be/stations/NMBS/008832243,IC,2019-02-11T13:28:00,2019-02-11T13:28:00,416,392
http://irail.be/vehicle/IC4434,http://irail.be/stations/NMBS/008832235,IC,2019-02-11T13:32:00,2019-02-11T13:31:00,416,416
http://irail.be/vehicle/IC4434,http://irail.be/stations/NMBS/008832227,IC,2019-02-11T13:37:00,2019-02-11T13:37:00,256,256
http://irail.be/vehicle/IC4434,http://irail.be/stations/NMBS/008832003,IC,2019-02-11T13:41:00,2019-02-11T13:41:00,345,259
http://irail.be/vehicle/IC4434,http://irail.be/stations/NMBS/008832045,IC,2019-02-11T13:48:00,2019-02-11T13:48:00,280,268
http://irail.be/vehicle/IC4434,http://irail.be/stations/NMBS/008832409,IC,2019-02-11T13:53:00,2019-02-11T13:53:00,,300
http://irail.be/vehicle/IC4434,http://irail.be/stations/NMBS/008831005,IC,2019-06-21T13:08:00,2019-06-21T13:08:00,840,
http://irail.be/vehicle/IC4434,http://irail.be/stations/NMBS/008832334,IC,2019-06-21T13:18:00,2019-06-21T13:18:00,835,835
http://irail.be/vehicle/IC4434,http://irail.be/stations/NMBS/008832250,IC,2019-06-21T13:24:00,2019-06-21T13:24:00,806,788
http://irail.be/vehicle/IC4434,NO-URI,IC,2019-06-21T13:25:00,2019-06-21T13:25:00,806,806
http://irail.be/vehicle/IC4434,http://irail.be/stations/NMBS/008832243,IC,2019-06-21T13:28:00,2019-06-21T13:28:00,814,776
http://irail.be/vehicle/IC4434,http://irail.be/stations/NMBS/008832235,IC,2019-06-21T13:32:00,2019-06-21T13:31:00,896,896
http://irail.be/vehicle/IC4434,http://irail.be/stations/NMBS/008832227,IC,2019-06-21T13:37:00,2019-06-21T13:37:00,725,725
http://irail.be/vehicle/IC4434,http://irail.be/stations/NMBS/008832003,IC,2019-06-21T13:41:00,2019-06-21T13:41:00,853,710
http://irail.be/vehicle/IC4434,http://irail.be/stations/NMBS/008832045,IC,2019-06-21T13:48:00,2019-06-21T13:48:00,890,811
http://irail.be/vehicle/IC4434,http://irail.be/stations/NMBS/008832409,IC,2019-06-21T13:53:00,2019-06-21T13:53:00,,934
http://irail.be/vehicle/IC4434,http://irail.be/stations/NMBS/008831005,IC,2019-04-05T13:08:00,2019-04-05T13:08:00,-28,
http://irail.be/vehicle/IC4434,http://irail.be/stations/NMBS/008832334,IC,2019-04-05T13:18:00,2019-04-05T13:18:00,-24,-24
http://irail.be/vehicle/IC4434,http://irail.be/stations/NMBS/008832250,IC,2019-04-05T13:24:00,2019-04-05T13:24:00,-55,-60
http://irail.be/vehicle/IC4434,NO-URI,IC,2019-04-05T13:25:00,2019-04-05T13:25:00,-55,-55
http://irail.be/vehicle/IC4434,http://irail.be/stations/NMBS/008832243,IC,2019-04-05T13:28:00,2019-04-05T13:28:00,43,22
http://irail.be/vehicle/IC4434,http://irail.be/stations/NMBS/008832235,IC,2019-04-05T13:32:00,2019-04-05T13:31:00,43,43
http://irail.be/vehicle/IC4434,http://irail.be/stations/NMBS/008832227,IC,2019-04-05T13:37:00,2019-04-05T13:37:00,-109,-122
http://irail.be/vehicle/IC4434,http://irail.be/stations/NMBS/008832003,IC,2019-04-05T13:41:00,2019-04-05T13:41:00,-9,-105
http://irail.be/vehicle/IC4434,http://irail.be/stations/NMBS/008832045,IC,2019-04-05T13:48:00,2019-04-05T13:48:00,-61,-86
http://irail.be/vehicle/IC4434,http://irail.be/stations/NMBS/008832409,IC,2019-04-05T13:53:00,2019-04-05T13:53:00,,-25
http://irail.be/vehicle/IC4434,http://irail.be/stations/NMBS/008831005,IC,2019-05-23T13:08:00,2019-05-23T13:08:00,-36,
http://irail.be/vehicle/IC4434,http://irail.be/stations/NMBS/008832334,IC,2019-05-23T13:18:00,2019-05-23T13:18:00,-12,-12
http://irail.be/vehicle/IC4434,http://irail.be/stations/NMBS/008832250,IC,2019-05-23T13:24:00,2019-05-23T13:24:00,29,17
http://irail.be/vehicle/IC4434,NO-URI,IC,2019-05-23T13:25:00,2019-05-23T13:25:00,29,29
http://irail.be/vehicle/IC4434,http://irail.be/stations/NMBS/008832243,IC,2019-05-23T13:28:00,2019-05-23T13:28:00,31,6
http://irail.be/vehicle/IC4434,http://irail.be/stations/NMBS/008832235,IC,2019-05-23T13:32:00,2019-05-23T13:31:00,117,117
http://irail.be/vehicle/IC4434,http://irail.be/stations/NMBS/008832227,IC,2019-05-23T13:37:00,2019-05-23T13:37:00,-37,-54
http://irail.be/vehicle/IC4434,http://irail.be/stations/NMBS/008832003,IC,2019-05-23T13:41:00,2019-05-23T13:41:00,40,-44
http://irail.be/vehicle/IC4434,http://irail.be/stations/NMBS/008832045,IC,2019-05-23T13:48:00,2019-05-23T13:48:00,-2,-6
http://irail.be/vehicle/IC4434,http://irail.be/stations/NMBS/008832409,IC,2019-05-23T13:53:00,2019-05-23T13:53:00,,85
http://irail.be/vehicle/IC4434,http://irail.be/stations/NMBS/008831005,IC,2019-06-08T12:38:00,2019-06-08T12:38:00,-34,
http://irail.be/vehicle/IC4434,http://irail.be/stations/NMBS/008832334,IC,2019-06-08T12:48:00,2019-06-08T12:48:00,-39,-39
http://irail.be/vehicle/IC4434,http://irail.be/stations/NMBS/008832250,IC,2019-06-08T12:54:00,2019-06-08T12:54:00,-62,-82
http://irail.be/vehicle/IC4434,NO-URI,IC,2019-06-08T12:55:00,2019-06-08T12:55:00,-62,-62
http://irail.be/vehicle/IC4434,http://irail.be/stations/NMBS/008832243,IC,2019-06-08T12:58:00,2019-06-08T12:58:00,-40,-94
http://irail.be/vehicle/IC4434,http://irail.be/stations/NMBS/008832235,IC,2019-06-08T13:02:00,2019-06-08T13:01:00,103,103
http://irail.be/vehicle/IC4434,http://irail.be/stations/NMBS/008832227,IC,2019-06-08T13:07:00,2019-06-08T13:07:00,-57,-66
http://irail.be/vehicle/IC4434,http://irail.be/stations/NMBS/008832003,IC,2019-06-08T13:11:00,2019-06-08T13:11:00,13,-69
http://irail.be/vehicle/IC4434,http://irail.be/stations/NMBS/008832045,IC,2019-06-08T13:18:00,2019-06-08T13:18:00,-39,-53
http://irail.be/vehicle/IC4434,http://irail.be/stations/NMBS/008832409,IC,2019-06-08T13:23:00,2019-06-08T13:23:00,,-45
http://irail.be/vehicle/IC4434,http://irail.be/stations/NMBS/008831005,IC,2019-06-18T13:08:00,2019-06-18T13:08:00,162,
http://irail.be/vehicle/IC4434,http://irail.be/stations/NMBS/008832334,IC,2019-06-18T13:18:00,2019-06-18T13:18:00,165,165
http://irail.be/vehicle/IC4434,http://irail.be/stations/NMBS/008832250,IC,2019-06-18T13:24:00,2019-06-18T13:24:00,122,115
http://irail.be/vehicle/IC4434,NO-URI,IC,2019-06-18T13:25:00,2019-06-18T13:25:00,122,122
http://irail.be/vehicle/IC4434,http://irail.be/stations/NMBS/008832243,IC,2019-06-18T13:28:00,2019-06-18T13:28:00,143,103
http://irail.be/vehicle/IC4434,http://irail.be/stations/NMBS/008832235,IC,2019-06-18T13:32:00,2019-06-18T13:31:00,243,243
http://irail.be/vehicle/IC4434,http://irail.be/stations/NMBS/008832227,IC,2019-06-18T13:37:00,2019-06-18T13:37:00,73,59
http://irail.be/vehicle/IC4434,http://irail.be/stations/NMBS/008832003,IC,2019-06-18T13:41:00,2019-06-18T13:41:00,129,55
http://irail.be/vehicle/IC4434,http://irail.be/stations/NMBS/008832045,IC,2019-06-18T13:48:00,2019-06-18T13:48:00,95,77
http://irail.be/vehicle/IC4434,http://irail.be/stations/NMBS/008832409,IC,2019-06-18T13:53:00,2019-06-18T13:53:00,,177
http://irail.be/vehicle/IC4434,http://irail.be/stations/NMBS/008831005,IC,2019-01-19T13:08:00,2019-01-19T13:08:00,-13,
http://irail.be/vehicle/IC4434,http://irail.be/stations/NMBS/008832334,IC,2019-01-19T13:18:00,2019-01-19T13:18:00,-56,-56
http://irail.be/vehicle/IC4434,http://irail.be/stations/NMBS/008832250,IC,2019-01-19T13:24:00,2019-01-19T13:24:00,-87,-99
http://irail.be/vehicle/IC4434,NO-URI,IC,2019-01-19T13:25:00,2019-01-19T13:25:00,-87,-87
http://irail.be/vehicle/IC4434,http://irail.be/stations/NMBS/008832243,IC,2019-01-19T13:28:00,2019-01-19T13:28:00,-5,-35
http://irail.be/vehicle/IC4434,http://irail.be/stations/NMBS/008832235,IC,2019-01-19T13:32:00,2019-01-19T13:31:00,-5,-5
http://irail.be/vehicle/IC4434,http://irail.be/stations/NMBS/008832227,IC,2019-01-19T13:37:00,2019-01-19T13:37:00,-124,-170
http://irail.be/vehicle/IC4434,http://irail.be/stations/NMBS/008832003,IC,2019-01-19T13:41:00,2019-01-19T13:41:00,8,-113
http://irail.be/vehicle/IC4434,http://irail.be/stations/NMBS/008832045,IC,2019-01-19T13:48:00,2019-01-19T13:48:00,-2,-86
http://irail.be/vehicle/IC4434,http://irail.be/stations/NMBS/008832409,IC,2019-01-19T13:53:00,2019-01-19T13:53:00,,135
http://irail.be/vehicle/IC4434,http://irail.be/stations/NMBS/008831005,IC,2019-06-07T13:08:00,2019-06-07T13:08:00,2,
http://irail.be/vehicle/IC4434,http://irail.be/stations/NMBS/008832334,IC,2019-06-07T13:18:00,2019-06-07T13:18:00,1,1
http://irail.be/vehicle/IC4434,http://irail.be/stations/NMBS/008832250,IC,2019-06-07T13:24:00,2019-06-07T13:24:00,-39,-48
http://irail.be/vehicle/IC4434,NO-URI,IC,2019-06-07T13:25:00,2019-06-07T13:25:00,-39,-39
http://irail.be/vehicle/IC4434,http://irail.be/stations/NMBS/008832243,IC,2019-06-07T13:28:00,2019-06-07T13:28:00,-34,-64
http://irail.be/vehicle/IC4434,http://irail.be/stations/NMBS/008832235,IC,2019-06-07T13:32:00,2019-06-07T13:31:00,29,29
http://irail.be/vehicle/IC4434,http://irail.be/stations/NMBS/008832227,IC,2019-06-07T13:37:00,2019-06-07T13:37:00,-105,-136
http://irail.be/vehicle/IC4434,http://irail.be/stations/NMBS/008832003,IC,2019-06-07T13:41:00,2019-06-07T13:41:00,3,-117
http://irail.be/vehicle/IC4434,http://irail.be/stations/NMBS/008832045,IC,2019-06-07T13:48:00,2019-06-07T13:48:00,-49,-61
http://irail.be/vehicle/IC4434,http://irail.be/stations/NMBS/008832409,IC,2019-06-07T13:53:00,2019-06-07T13:53:00,,138
http://irail.be/vehicle/IC4434,http://irail.be/stations/NMBS/008831005,IC,2019-02-07T13:08:00,2019-02-07T13:08:00,13,
http://irail.be/vehicle/IC4434,http://irail.be/stations/NMBS/008832334,IC,2019-02-07T13:18:00,2019-02-07T13:18:00,-37,-37
http://irail.be/vehicle/IC4434,http://irail.be/stations/NMBS/008832250,IC,2019-02-07T13:24:00,2019-02-07T13:24:00,-76,-89
http://irail.be/vehicle/IC4434,NO-URI,IC,2019-02-07T13:25:00,2019-02-07T13:25:00,-76,-76
http://irail.be/vehicle/IC4434,http://irail.be/stations/NMBS/008832243,IC,2019-02-07T13:28:00,2019-02-07T13:28:00,35,15
http://irail.be/vehicle/IC4434,http://irail.be/stations/NMBS/008832235,IC,2019-02-07T13:32:00,2019-02-07T13:31:00,35,35
http://irail.be/vehicle/IC4434,http://irail.be/stations/NMBS/008832227,IC,2019-02-07T13:37:00,2019-02-07T13:37:00,-70,-105
http://irail.be/vehicle/IC4434,http://irail.be/stations/NMBS/008832003,IC,2019-02-07T13:41:00,2019-02-07T13:41:00,1,-72
http://irail.be/vehicle/IC4434,http://irail.be/stations/NMBS/008832045,IC,2019-02-07T13:48:00,2019-02-07T13:48:00,-67,-90
http://irail.be/vehicle/IC4434,http://irail.be/stations/NMBS/008832409,IC,2019-02-07T13:53:00,2019-02-07T13:53:00,,19
http://irail.be/vehicle/IC4434,http://irail.be/stations/NMBS/008831005,IC,2019-02-21T13:08:00,2019-02-21T13:08:00,3,
http://irail.be/vehicle/IC4434,http://irail.be/stations/NMBS/008832334,IC,2019-02-21T13:18:00,2019-02-21T13:18:00,-31,-31
http://irail.be/vehicle/IC4434,http://irail.be/stations/NMBS/008832250,IC,2019-02-21T13:24:00,2019-02-21T13:24:00,-31,-79
http://irail.be/vehicle/IC4434,NO-URI,IC,2019-02-21T13:25:00,2019-02-21T13:25:00,-31,-31
http://irail.be/vehicle/IC4434,http://irail.be/stations/NMBS/008832243,IC,2019-02-21T13:28:00,2019-02-21T13:28:00,61,42
http://irail.be/vehicle/IC4434,http://irail.be/stations/NMBS/008832235,IC,2019-02-21T13:32:00,2019-02-21T13:31:00,61,61
http://irail.be/vehicle/IC4434,http://irail.be/stations/NMBS/008832227,IC,2019-02-21T13:37:00,2019-02-21T13:37:00,-4,-4
http://irail.be/vehicle/IC4434,http://irail.be/stations/NMBS/008832003,IC,2019-02-21T13:41:00,2019-02-21T13:41:00,71,-9
http://irail.be/vehicle/IC4434,http://irail.be/stations/NMBS/008832045,IC,2019-02-21T13:48:00,2019-02-21T13:48:00,-1,-4
http://irail.be/vehicle/IC4434,http://irail.be/stations/NMBS/008832409,IC,2019-02-21T13:53:00,2019-02-21T13:53:00,,12
http://irail.be/vehicle/IC4434,http://irail.be/stations/NMBS/008831005,IC,2019-06-15T12:38:00,2019-06-15T12:38:00,175,
http://irail.be/vehicle/IC4434,http://irail.be/stations/NMBS/008832334,IC,2019-06-15T12:48:00,2019-06-15T12:48:00,133,133
http://irail.be/vehicle/IC4434,http://irail.be/stations/NMBS/008832250,IC,2019-06-15T12:54:00,2019-06-15T12:54:00,80,78
http://irail.be/vehicle/IC4434,NO-URI,IC,2019-06-15T12:55:00,2019-06-15T12:55:00,80,80
http://irail.be/vehicle/IC4434,http://irail.be/stations/NMBS/008832243,IC,2019-06-15T12:58:00,2019-06-15T12:58:00,65,51
http://irail.be/vehicle/IC4434,http://irail.be/stations/NMBS/008832235,IC,2019-06-15T13:02:00,2019-06-15T13:01:00,139,139
http://irail.be/vehicle/IC4434,http://irail.be/stations/NMBS/008832227,IC,2019-06-15T13:07:00,2019-06-15T13:07:00,-44,-44
http://irail.be/vehicle/IC4434,http://irail.be/stations/NMBS/008832003,IC,2019-06-15T13:11:00,2019-06-15T13:11:00,-4,-80
http://irail.be/vehicle/IC4434,http://irail.be/stations/NMBS/008832045,IC,2019-06-15T13:18:00,2019-06-15T13:18:00,-66,-69
http://irail.be/vehicle/IC4434,http://irail.be/stations/NMBS/008832409,IC,2019-06-15T13:23:00,2019-06-15T13:23:00,,-60
http://irail.be/vehicle/IC4434,http://irail.be/stations/NMBS/008831005,IC,2019-05-24T13:08:00,2019-05-24T13:08:00,24,
http://irail.be/vehicle/IC4434,http://irail.be/stations/NMBS/008832334,IC,2019-05-24T13:18:00,2019-05-24T13:18:00,-20,-20
http://irail.be/vehicle/IC4434,http://irail.be/stations/NMBS/008832250,IC,2019-05-24T13:24:00,2019-05-24T13:24:00,-12,-18
http://irail.be/vehicle/IC4434,NO-URI,IC,2019-05-24T13:25:00,2019-05-24T13:25:00,-12,-12
http://irail.be/vehicle/IC4434,http://irail.be/stations/NMBS/008832243,IC,2019-05-24T13:28:00,2019-05-24T13:28:00,0,-41
http://irail.be/vehicle/IC4434,http://irail.be/stations/NMBS/008832235,IC,2019-05-24T13:32:00,2019-05-24T13:31:00,626,630
http://irail.be/vehicle/IC4434,http://irail.be/stations/NMBS/008832227,IC,2019-05-24T13:37:00,2019-05-24T13:37:00,616,613
http://irail.be/vehicle/IC4434,http://irail.be/stations/NMBS/008832003,IC,2019-05-24T13:41:00,2019-05-24T13:41:00,670,590
http://irail.be/vehicle/IC4434,http://irail.be/stations/NMBS/008832045,IC,2019-05-24T13:48:00,2019-05-24T13:48:00,595,587
http://irail.be/vehicle/IC4434,http://irail.be/stations/NMBS/008832409,IC,2019-05-24T13:53:00,2019-05-24T13:53:00,,606
http://irail.be/vehicle/IC4434,http://irail.be/stations/NMBS/008831005,IC,2019-03-19T13:08:00,2019-03-19T13:08:00,95,
http://irail.be/vehicle/IC4434,http://irail.be/stations/NMBS/008832334,IC,2019-03-19T13:18:00,2019-03-19T13:18:00,18,18
http://irail.be/vehicle/IC4434,http://irail.be/stations/NMBS/008832250,IC,2019-03-19T13:24:00,2019-03-19T13:24:00,-35,-36
http://irail.be/vehicle/IC4434,NO-URI,IC,2019-03-19T13:25:00,2019-03-19T13:25:00,-35,-35
http://irail.be/vehicle/IC4434,http://irail.be/stations/NMBS/008832243,IC,2019-03-19T13:28:00,2019-03-19T13:28:00,55,34
http://irail.be/vehicle/IC4434,http://irail.be/stations/NMBS/008832235,IC,2019-03-19T13:32:00,2019-03-19T13:31:00,55,55
http://irail.be/vehicle/IC4434,http://irail.be/stations/NMBS/008832227,IC,2019-03-19T13:37:00,2019-03-19T13:37:00,-49,-107
http://irail.be/vehicle/IC4434,http://irail.be/stations/NMBS/008832003,IC,2019-03-19T13:41:00,2019-03-19T13:41:00,32,-52
http://irail.be/vehicle/IC4434,http://irail.be/stations/NMBS/008832045,IC,2019-03-19T13:48:00,2019-03-19T13:48:00,-64,-66
http://irail.be/vehicle/IC4434,http://irail.be/stations/NMBS/008832409,IC,2019-03-19T13:53:00,2019-03-19T13:53:00,,-57
http://irail.be/vehicle/IC4434,http://irail.be/stations/NMBS/008831005,IC,2019-06-05T13:08:00,2019-06-05T13:08:00,241,
http://irail.be/vehicle/IC4434,http://irail.be/stations/NMBS/008832334,IC,2019-06-05T13:18:00,2019-06-05T13:18:00,266,266
http://irail.be/vehicle/IC4434,http://irail.be/stations/NMBS/008832250,IC,2019-06-05T13:24:00,2019-06-05T13:24:00,236,226
http://irail.be/vehicle/IC4434,NO-URI,IC,2019-06-05T13:25:00,2019-06-05T13:25:00,236,236
http://irail.be/vehicle/IC4434,http://irail.be/stations/NMBS/008832243,IC,2019-06-05T13:28:00,2019-06-05T13:28:00,237,212
http://irail.be/vehicle/IC4434,http://irail.be/stations/NMBS/008832235,IC,2019-06-05T13:32:00,2019-06-05T13:31:00,325,325
http://irail.be/vehicle/IC4434,http://irail.be/stations/NMBS/008832227,IC,2019-06-05T13:37:00,2019-06-05T13:37:00,143,143
http://irail.be/vehicle/IC4434,http://irail.be/stations/NMBS/008832003,IC,2019-06-05T13:41:00,2019-06-05T13:41:00,164,107
http://irail.be/vehicle/IC4434,http://irail.be/stations/NMBS/008832045,IC,2019-06-05T13:48:00,2019-06-05T13:48:00,127,109
http://irail.be/vehicle/IC4434,http://irail.be/stations/NMBS/008832409,IC,2019-06-05T13:53:00,2019-06-05T13:53:00,,285
http://irail.be/vehicle/IC4434,http://irail.be/stations/NMBS/008831005,IC,2019-01-15T13:08:00,2019-01-15T13:08:00,4,
http://irail.be/vehicle/IC4434,http://irail.be/stations/NMBS/008832334,IC,2019-01-15T13:18:00,2019-01-15T13:18:00,37,37
http://irail.be/vehicle/IC4434,http://irail.be/stations/NMBS/008832250,IC,2019-01-15T13:24:00,2019-01-15T13:24:00,5,-12
http://irail.be/vehicle/IC4434,NO-URI,IC,2019-01-15T13:25:00,2019-01-15T13:25:00,5,5
http://irail.be/vehicle/IC4434,http://irail.be/stations/NMBS/008832243,IC,2019-01-15T13:28:00,2019-01-15T13:28:00,104,83
http://irail.be/vehicle/IC4434,http://irail.be/stations/NMBS/008832235,IC,2019-01-15T13:32:00,2019-01-15T13:31:00,104,104
http://irail.be/vehicle/IC4434,http://irail.be/stations/NMBS/008832227,IC,2019-01-15T13:37:00,2019-01-15T13:37:00,-64,-64
http://irail.be/vehicle/IC4434,http://irail.be/stations/NMBS/008832003,IC,2019-01-15T13:41:00,2019-01-15T13:41:00,32,-68
http://irail.be/vehicle/IC4434,http://irail.be/stations/NMBS/008832045,IC,2019-01-15T13:48:00,2019-01-15T13:48:00,-34,-66
http://irail.be/vehicle/IC4434,http://irail.be/stations/NMBS/008832409,IC,2019-01-15T13:53:00,2019-01-15T13:53:00,,-1
http://irail.be/vehicle/IC4434,http://irail.be/stations/NMBS/008831005,IC,2019-02-06T13:08:00,2019-02-06T13:08:00,5,
http://irail.be/vehicle/IC4434,http://irail.be/stations/NMBS/008832334,IC,2019-02-06T13:18:00,2019-02-06T13:18:00,32,32
http://irail.be/vehicle/IC4434,http://irail.be/stations/NMBS/008832250,IC,2019-02-06T13:24:00,2019-02-06T13:24:00,23,-19
http://irail.be/vehicle/IC4434,NO-URI,IC,2019-02-06T13:25:00,2019-02-06T13:25:00,23,23
http://irail.be/vehicle/IC4434,http://irail.be/stations/NMBS/008832243,IC,2019-02-06T13:28:00,2019-02-06T13:28:00,121,100
http://irail.be/vehicle/IC4434,http://irail.be/stations/NMBS/008832235,IC,2019-02-06T13:32:00,2019-02-06T13:31:00,121,121
http://irail.be/vehicle/IC4434,http://irail.be/stations/NMBS/008832227,IC,2019-02-06T13:37:00,2019-02-06T13:37:00,13,-53
http://irail.be/vehicle/IC4434,http://irail.be/stations/NMBS/008832003,IC,2019-02-06T13:41:00,2019-02-06T13:41:00,112,9
http://irail.be/vehicle/IC4434,http://irail.be/stations/NMBS/008832045,IC,2019-02-06T13:48:00,2019-02-06T13:48:00,60,23
http://irail.be/vehicle/IC4434,http://irail.be/stations/NMBS/008832409,IC,2019-02-06T13:53:00,2019-02-06T13:53:00,,85
http://irail.be/vehicle/IC4434,http://irail.be/stations/NMBS/008831005,IC,2019-04-25T13:08:00,2019-04-25T13:08:00,1,
http://irail.be/vehicle/IC4434,http://irail.be/stations/NMBS/008832334,IC,2019-04-25T13:18:00,2019-04-25T13:18:00,-36,-36
http://irail.be/vehicle/IC4434,http://irail.be/stations/NMBS/008832250,IC,2019-04-25T13:24:00,2019-04-25T13:24:00,-60,-74
http://irail.be/vehicle/IC4434,NO-URI,IC,2019-04-25T13:25:00,2019-04-25T13:25:00,-60,-60
http://irail.be/vehicle/IC4434,http://irail.be/stations/NMBS/008832243,IC,2019-04-25T13:28:00,2019-04-25T13:28:00,-66,-92
http://irail.be/vehicle/IC4434,http://irail.be/stations/NMBS/008832235,IC,2019-04-25T13:32:00,2019-04-25T13:31:00,-36,-66
http://irail.be/vehicle/IC4434,http://irail.be/stations/NMBS/008832227,IC,2019-04-25T13:37:00,2019-04-25T13:37:00,-65,-82
http://irail.be/vehicle/IC4434,http://irail.be/stations/NMBS/008832003,IC,2019-04-25T13:41:00,2019-04-25T13:41:00,12,-73
http://irail.be/vehicle/IC4434,http://irail.be/stations/NMBS/008832045,IC,2019-04-25T13:48:00,2019-04-25T13:48:00,-37,-51
http://irail.be/vehicle/IC4434,http://irail.be/stations/NMBS/008832409,IC,2019-04-25T13:53:00,2019-04-25T13:53:00,,-11
http://irail.be/vehicle/IC4434,http://irail.be/stations/NMBS/008831005,IC,2019-06-13T13:08:00,2019-06-13T13:08:00,35,
http://irail.be/vehicle/IC4434,http://irail.be/stations/NMBS/008832334,IC,2019-06-13T13:18:00,2019-06-13T13:18:00,73,73
http://irail.be/vehicle/IC4434,http://irail.be/stations/NMBS/008832250,IC,2019-06-13T13:24:00,2019-06-13T13:24:00,49,27
http://irail.be/vehicle/IC4434,NO-URI,IC,2019-06-13T13:25:00,2019-06-13T13:25:00,49,49
http://irail.be/vehicle/IC4434,http://irail.be/stations/NMBS/008832243,IC,2019-06-13T13:28:00,2019-06-13T13:28:00,52,11
http://irail.be/vehicle/IC4434,http://irail.be/stations/NMBS/008832235,IC,2019-06-13T13:32:00,2019-06-13T13:31:00,165,165
http://irail.be/vehicle/IC4434,http://irail.be/stations/NMBS/008832227,IC,2019-06-13T13:37:00,2019-06-13T13:37:00,-15,-22
http://irail.be/vehicle/IC4434,http://irail.be/stations/NMBS/008832003,IC,2019-06-13T13:41:00,2019-06-13T13:41:00,40,-35
http://irail.be/vehicle/IC4434,http://irail.be/stations/NMBS/008832045,IC,2019-06-13T13:48:00,2019-06-13T13:48:00,-16,-31
http://irail.be/vehicle/IC4434,http://irail.be/stations/NMBS/008832409,IC,2019-06-13T13:53:00,2019-06-13T13:53:00,,40
http://irail.be/vehicle/IC4434,http://irail.be/stations/NMBS/008831005,IC,2019-06-29T12:38:00,2019-06-29T12:38:00,-3,
http://irail.be/vehicle/IC4434,http://irail.be/stations/NMBS/008832334,IC,2019-06-29T12:48:00,2019-06-29T12:48:00,-27,-27
http://irail.be/vehicle/IC4434,http://irail.be/stations/NMBS/008832250,IC,2019-06-29T12:54:00,2019-06-29T12:54:00,-56,-70
http://irail.be/vehicle/IC4434,NO-URI,IC,2019-06-29T12:55:00,2019-06-29T12:55:00,-56,-56
http://irail.be/vehicle/IC4434,http://irail.be/stations/NMBS/008832243,IC,2019-06-29T12:58:00,2019-06-29T12:58:00,-68,-91
http://irail.be/vehicle/IC4434,http://irail.be/stations/NMBS/008832235,IC,2019-06-29T13:02:00,2019-06-29T13:01:00,13,13
http://irail.be/vehicle/IC4434,http://irail.be/stations/NMBS/008832227,IC,2019-06-29T13:07:00,2019-06-29T13:07:00,-171,-171
http://irail.be/vehicle/IC4434,http://irail.be/stations/NMBS/008832003,IC,2019-06-29T13:11:00,2019-06-29T13:11:00,-123,-207
http://irail.be/vehicle/IC4434,http://irail.be/stations/NMBS/008832045,IC,2019-06-29T13:18:00,2019-06-29T13:18:00,-139,-179
http://irail.be/vehicle/IC4434,http://irail.be/stations/NMBS/008832409,IC,2019-06-29T13:23:00,2019-06-29T13:23:00,,-114
http://irail.be/vehicle/IC4434,http://irail.be/stations/NMBS/008831005,IC,2019-01-03T13:08:00,2019-01-03T13:08:00,6,
http://irail.be/vehicle/IC4434,http://irail.be/stations/NMBS/008832334,IC,2019-01-03T13:18:00,2019-01-03T13:18:00,-37,-37
http://irail.be/vehicle/IC4434,http://irail.be/stations/NMBS/008832250,IC,2019-01-03T13:24:00,2019-01-03T13:24:00,-49,-83
http://irail.be/vehicle/IC4434,NO-URI,IC,2019-01-03T13:25:00,2019-01-03T13:25:00,-49,-49
http://irail.be/vehicle/IC4434,http://irail.be/stations/NMBS/008832243,IC,2019-01-03T13:28:00,2019-01-03T13:28:00,54,35
http://irail.be/vehicle/IC4434,http://irail.be/stations/NMBS/008832235,IC,2019-01-03T13:32:00,2019-01-03T13:31:00,54,54
http://irail.be/vehicle/IC4434,http://irail.be/stations/NMBS/008832227,IC,2019-01-03T13:37:00,2019-01-03T13:37:00,-49,-97
http://irail.be/vehicle/IC4434,http://irail.be/stations/NMBS/008832003,IC,2019-01-03T13:41:00,2019-01-03T13:41:00,36,-51
http://irail.be/vehicle/IC4434,http://irail.be/stations/NMBS/008832045,IC,2019-01-03T13:48:00,2019-01-03T13:48:00,-37,-41
http://irail.be/vehicle/IC4434,http://irail.be/stations/NMBS/008832409,IC,2019-01-03T13:53:00,2019-01-03T13:53:00,,4
http://irail.be/vehicle/IC4434,http://irail.be/stations/NMBS/008831005,IC,2019-06-19T13:08:00,2019-06-19T13:08:00,163,
http://irail.be/vehicle/IC4434,http://irail.be/stations/NMBS/008832334,IC,2019-06-19T13:18:00,2019-06-19T13:18:00,166,166
http://irail.be/vehicle/IC4434,http://irail.be/stations/NMBS/008832250,IC,2019-06-19T13:24:00,2019-06-19T13:24:00,129,125
http://irail.be/vehicle/IC4434,NO-URI,IC,2019-06-19T13:25:00,2019-06-19T13:25:00,129,129
http://irail.be/vehicle/IC4434,http://irail.be/stations/NMBS/008832243,IC,2019-06-19T13:28:00,2019-06-19T13:28:00,123,98
http://irail.be/vehicle/IC4434,http://irail.be/stations/NMBS/008832235,IC,2019-06-19T13:32:00,2019-06-19T13:31:00,214,214
http://irail.be/vehicle/IC4434,http://irail.be/stations/NMBS/008832227,IC,2019-06-19T13:37:00,2019-06-19T13:37:00,30,30
http://irail.be/vehicle/IC4434,http://irail.be/stations/NMBS/008832003,IC,2019-06-19T13:41:00,2019-06-19T13:41:00,84,10
http://irail.be/vehicle/IC4434,http://irail.be/stations/NMBS/008832045,IC,2019-06-19T13:48:00,2019-06-19T13:48:00,26,19
http://irail.be/vehicle/IC4434,http://irail.be/stations/NMBS/008832409,IC,2019-06-19T13:53:00,2019-06-19T13:53:00,,78
http://irail.be/vehicle/IC4434,http://irail.be/stations/NMBS/008831005,IC,2019-06-25T13:08:00,2019-06-25T13:08:00,-16,
http://irail.be/vehicle/IC4434,http://irail.be/stations/NMBS/008832334,IC,2019-06-25T13:18:00,2019-06-25T13:18:00,-37,-37
http://irail.be/vehicle/IC4434,http://irail.be/stations/NMBS/008832250,IC,2019-06-25T13:24:00,2019-06-25T13:24:00,-70,-71
http://irail.be/vehicle/IC4434,NO-URI,IC,2019-06-25T13:25:00,2019-06-25T13:25:00,-70,-70
http://irail.be/vehicle/IC4434,http://irail.be/stations/NMBS/008832243,IC,2019-06-25T13:28:00,2019-06-25T13:28:00,-71,-97
http://irail.be/vehicle/IC4434,http://irail.be/stations/NMBS/008832235,IC,2019-06-25T13:32:00,2019-06-25T13:31:00,3,3
http://irail.be/vehicle/IC4434,http://irail.be/stations/NMBS/008832227,IC,2019-06-25T13:37:00,2019-06-25T13:37:00,-162,-176
http://irail.be/vehicle/IC4434,http://irail.be/stations/NMBS/008832003,IC,2019-06-25T13:41:00,2019-06-25T13:41:00,-86,-166
http://irail.be/vehicle/IC4434,http://irail.be/stations/NMBS/008832045,IC,2019-06-25T13:48:00,2019-06-25T13:48:00,-99,-129
http://irail.be/vehicle/IC4434,http://irail.be/stations/NMBS/008832409,IC,2019-06-25T13:53:00,2019-06-25T13:53:00,,46
http://irail.be/vehicle/IC4434,http://irail.be/stations/NMBS/008831005,IC,2019-02-16T13:08:00,2019-02-16T13:08:00,88,
http://irail.be/vehicle/IC4434,http://irail.be/stations/NMBS/008832334,IC,2019-02-16T13:18:00,2019-02-16T13:18:00,94,94
http://irail.be/vehicle/IC4434,http://irail.be/stations/NMBS/008832250,IC,2019-02-16T13:24:00,2019-02-16T13:24:00,82,72
http://irail.be/vehicle/IC4434,NO-URI,IC,2019-02-16T13:25:00,2019-02-16T13:25:00,82,82
http://irail.be/vehicle/IC4434,http://irail.be/stations/NMBS/008832243,IC,2019-02-16T13:28:00,2019-02-16T13:28:00,197,166
http://irail.be/vehicle/IC4434,http://irail.be/stations/NMBS/008832235,IC,2019-02-16T13:32:00,2019-02-16T13:31:00,197,197
http://irail.be/vehicle/IC4434,http://irail.be/stations/NMBS/008832227,IC,2019-02-16T13:37:00,2019-02-16T13:37:00,56,50
http://irail.be/vehicle/IC4434,http://irail.be/stations/NMBS/008832003,IC,2019-02-16T13:41:00,2019-02-16T13:41:00,247,70
http://irail.be/vehicle/IC4434,http://irail.be/stations/NMBS/008832045,IC,2019-02-16T13:48:00,2019-02-16T13:48:00,183,174
http://irail.be/vehicle/IC4434,http://irail.be/stations/NMBS/008832409,IC,2019-02-16T13:53:00,2019-02-16T13:53:00,,213
http://irail.be/vehicle/IC4434,http://irail.be/stations/NMBS/008831005,IC,2019-03-08T13:08:00,2019-03-08T13:08:00,-18,
http://irail.be/vehicle/IC4434,http://irail.be/stations/NMBS/008832334,IC,2019-03-08T13:18:00,2019-03-08T13:18:00,-15,-15
http://irail.be/vehicle/IC4434,http://irail.be/stations/NMBS/008832250,IC,2019-03-08T13:24:00,2019-03-08T13:24:00,-43,-47
http://irail.be/vehicle/IC4434,NO-URI,IC,2019-03-08T13:25:00,2019-03-08T13:25:00,-43,-43
http://irail.be/vehicle/IC4434,http://irail.be/stations/NMBS/008832243,IC,2019-03-08T13:28:00,2019-03-08T13:28:00,68,47
http://irail.be/vehicle/IC4434,http://irail.be/stations/NMBS/008832235,IC,2019-03-08T13:32:00,2019-03-08T13:31:00,68,68
http://irail.be/vehicle/IC4434,http://irail.be/stations/NMBS/008832227,IC,2019-03-08T13:37:00,2019-03-08T13:37:00,-52,-82
http://irail.be/vehicle/IC4434,http://irail.be/stations/NMBS/008832003,IC,2019-03-08T13:41:00,2019-03-08T13:41:00,63,-56
http://irail.be/vehicle/IC4434,http://irail.be/stations/NMBS/008832045,IC,2019-03-08T13:48:00,2019-03-08T13:48:00,-25,-27
http://irail.be/vehicle/IC4434,http://irail.be/stations/NMBS/008832409,IC,2019-03-08T13:53:00,2019-03-08T13:53:00,,-5
http://irail.be/vehicle/IC4434,http://irail.be/stations/NMBS/008831005,IC,2019-04-26T13:08:00,2019-04-26T13:08:00,103,
http://irail.be/vehicle/IC4434,http://irail.be/stations/NMBS/008832334,IC,2019-04-26T13:18:00,2019-04-26T13:18:00,58,58
http://irail.be/vehicle/IC4434,http://irail.be/stations/NMBS/008832250,IC,2019-04-26T13:24:00,2019-04-26T13:24:00,35,19
http://irail.be/vehicle/IC4434,NO-URI,IC,2019-04-26T13:25:00,2019-04-26T13:25:00,35,35
http://irail.be/vehicle/IC4434,http://irail.be/stations/NMBS/008832243,IC,2019-04-26T13:28:00,2019-04-26T13:28:00,59,24
http://irail.be/vehicle/IC4434,http://irail.be/stations/NMBS/008832235,IC,2019-04-26T13:32:00,2019-04-26T13:31:00,12,59
http://irail.be/vehicle/IC4434,http://irail.be/stations/NMBS/008832227,IC,2019-04-26T13:37:00,2019-04-26T13:37:00,68,-6
http://irail.be/vehicle/IC4434,http://irail.be/stations/NMBS/008832003,IC,2019-04-26T13:41:00,2019-04-26T13:41:00,148,56
http://irail.be/vehicle/IC4434,http://irail.be/stations/NMBS/008832045,IC,2019-04-26T13:48:00,2019-04-26T13:48:00,102,80
http://irail.be/vehicle/IC4434,http://irail.be/stations/NMBS/008832409,IC,2019-04-26T13:53:00,2019-04-26T13:53:00,,138
http://irail.be/vehicle/IC4434,http://irail.be/stations/NMBS/008831005,IC,2019-01-21T13:08:00,2019-01-21T13:08:00,42,
http://irail.be/vehicle/IC4434,http://irail.be/stations/NMBS/008832334,IC,2019-01-21T13:18:00,2019-01-21T13:18:00,111,111
http://irail.be/vehicle/IC4434,http://irail.be/stations/NMBS/008832250,IC,2019-01-21T13:24:00,2019-01-21T13:24:00,68,55
http://irail.be/vehicle/IC4434,NO-URI,IC,2019-01-21T13:25:00,2019-01-21T13:25:00,68,68
http://irail.be/vehicle/IC4434,http://irail.be/stations/NMBS/008832243,IC,2019-01-21T13:28:00,2019-01-21T13:28:00,150,128
http://irail.be/vehicle/IC4434,http://irail.be/stations/NMBS/008832235,IC,2019-01-21T13:32:00,2019-01-21T13:31:00,150,150
http://irail.be/vehicle/IC4434,http://irail.be/stations/NMBS/008832227,IC,2019-01-21T13:37:00,2019-01-21T13:37:00,-12,-12
http://irail.be/vehicle/IC4434,http://irail.be/stations/NMBS/008832003,IC,2019-01-21T13:41:00,2019-01-21T13:41:00,62,-23
http://irail.be/vehicle/IC4434,http://irail.be/stations/NMBS/008832045,IC,2019-01-21T13:48:00,2019-01-21T13:48:00,2,-25
http://irail.be/vehicle/IC4434,http://irail.be/stations/NMBS/008832409,IC,2019-01-21T13:53:00,2019-01-21T13:53:00,,253
http://irail.be/vehicle/IC4434,http://irail.be/stations/NMBS/008831005,IC,2019-06-01T12:38:00,2019-06-01T12:38:00,109,
http://irail.be/vehicle/IC4434,http://irail.be/stations/NMBS/008832334,IC,2019-06-01T12:48:00,2019-06-01T12:48:00,30,30
http://irail.be/vehicle/IC4434,http://irail.be/stations/NMBS/008832250,IC,2019-06-01T12:54:00,2019-06-01T12:54:00,18,18
http://irail.be/vehicle/IC4434,NO-URI,IC,2019-06-01T12:55:00,2019-06-01T12:55:00,18,18
http://irail.be/vehicle/IC4434,http://irail.be/stations/NMBS/008832243,IC,2019-06-01T12:58:00,2019-06-01T12:58:00,-1,-19
http://irail.be/vehicle/IC4434,http://irail.be/stations/NMBS/008832235,IC,2019-06-01T13:02:00,2019-06-01T13:01:00,99,99
http://irail.be/vehicle/IC4434,http://irail.be/stations/NMBS/008832227,IC,2019-06-01T13:07:00,2019-06-01T13:07:00,-36,-86
http://irail.be/vehicle/IC4434,http://irail.be/stations/NMBS/008832003,IC,2019-06-01T13:11:00,2019-06-01T13:11:00,19,-61
http://irail.be/vehicle/IC4434,http://irail.be/stations/NMBS/008832045,IC,2019-06-01T13:18:00,2019-06-01T13:18:00,-29,-52
http://irail.be/vehicle/IC4434,http://irail.be/stations/NMBS/008832409,IC,2019-06-01T13:23:00,2019-06-01T13:23:00,,-42
http://irail.be/vehicle/IC4434,http://irail.be/stations/NMBS/008831005,IC,2019-03-13T13:08:00,2019-03-13T13:08:00,14,
http://irail.be/vehicle/IC4434,http://irail.be/stations/NMBS/008832334,IC,2019-03-13T13:18:00,2019-03-13T13:18:00,47,47
http://irail.be/vehicle/IC4434,http://irail.be/stations/NMBS/008832250,IC,2019-03-13T13:24:00,2019-03-13T13:24:00,37,21
http://irail.be/vehicle/IC4434,NO-URI,IC,2019-03-13T13:25:00,2019-03-13T13:25:00,37,37
http://irail.be/vehicle/IC4434,http://irail.be/stations/NMBS/008832243,IC,2019-03-13T13:28:00,2019-03-13T13:28:00,120,99
http://irail.be/vehicle/IC4434,http://irail.be/stations/NMBS/008832235,IC,2019-03-13T13:32:00,2019-03-13T13:31:00,120,120
http://irail.be/vehicle/IC4434,http://irail.be/stations/NMBS/008832227,IC,2019-03-13T13:37:00,2019-03-13T13:37:00,-51,-57
http://irail.be/vehicle/IC4434,http://irail.be/stations/NMBS/008832003,IC,2019-03-13T13:41:00,2019-03-13T13:41:00,66,-47
http://irail.be/vehicle/IC4434,http://irail.be/stations/NMBS/008832045,IC,2019-03-13T13:48:00,2019-03-13T13:48:00,26,6
http://irail.be/vehicle/IC4434,http://irail.be/stations/NMBS/008832409,IC,2019-03-13T13:53:00,2019-03-13T13:53:00,,74
http://irail.be/vehicle/IC4434,http://irail.be/stations/NMBS/008831005,IC,2019-02-25T13:08:00,2019-02-25T13:08:00,14,
http://irail.be/vehicle/IC4434,http://irail.be/stations/NMBS/008832334,IC,2019-02-25T13:18:00,2019-02-25T13:18:00,-25,-25
http://irail.be/vehicle/IC4434,http://irail.be/stations/NMBS/008832250,IC,2019-02-25T13:24:00,2019-02-25T13:24:00,-54,-75
http://irail.be/vehicle/IC4434,NO-URI,IC,2019-02-25T13:25:00,2019-02-25T13:25:00,-54,-54
http://irail.be/vehicle/IC4434,http://irail.be/stations/NMBS/008832243,IC,2019-02-25T13:28:00,2019-02-25T13:28:00,86,67
http://irail.be/vehicle/IC4434,http://irail.be/stations/NMBS/008832235,IC,2019-02-25T13:32:00,2019-02-25T13:31:00,86,86
http://irail.be/vehicle/IC4434,http://irail.be/stations/NMBS/008832227,IC,2019-02-25T13:37:00,2019-02-25T13:37:00,319,319
http://irail.be/vehicle/IC4434,http://irail.be/stations/NMBS/008832003,IC,2019-02-25T13:41:00,2019-02-25T13:41:00,371,306
http://irail.be/vehicle/IC4434,http://irail.be/stations/NMBS/008832045,IC,2019-02-25T13:48:00,2019-02-25T13:48:00,278,273
http://irail.be/vehicle/IC4434,http://irail.be/stations/NMBS/008832409,IC,2019-02-25T13:53:00,2019-02-25T13:53:00,,280
http://irail.be/vehicle/IC4434,http://irail.be/stations/NMBS/008831005,IC,2019-04-16T13:08:00,2019-04-16T13:08:00,-26,
http://irail.be/vehicle/IC4434,http://irail.be/stations/NMBS/008832334,IC,2019-04-16T13:18:00,2019-04-16T13:18:00,-43,-43
http://irail.be/vehicle/IC4434,http://irail.be/stations/NMBS/008832250,IC,2019-04-16T13:24:00,2019-04-16T13:24:00,-43,-88
http://irail.be/vehicle/IC4434,NO-URI,IC,2019-04-16T13:25:00,2019-04-16T13:25:00,-43,-43
http://irail.be/vehicle/IC4434,http://irail.be/stations/NMBS/008832243,IC,2019-04-16T13:28:00,2019-04-16T13:28:00,58,38
http://irail.be/vehicle/IC4434,http://irail.be/stations/NMBS/008832235,IC,2019-04-16T13:32:00,2019-04-16T13:31:00,58,58
http://irail.be/vehicle/IC4434,http://irail.be/stations/NMBS/008832227,IC,2019-04-16T13:37:00,2019-04-16T13:37:00,-51,-97
http://irail.be/vehicle/IC4434,http://irail.be/stations/NMBS/008832003,IC,2019-04-16T13:41:00,2019-04-16T13:41:00,102,-51
http://irail.be/vehicle/IC4434,http://irail.be/stations/NMBS/008832045,IC,2019-04-16T13:48:00,2019-04-16T13:48:00,33,18
http://irail.be/vehicle/IC4434,http://irail.be/stations/NMBS/008832409,IC,2019-04-16T13:53:00,2019-04-16T13:53:00,,71
http://irail.be/vehicle/IC4434,http://irail.be/stations/NMBS/008831005,IC,2019-06-20T13:08:00,2019-06-20T13:08:00,53,
http://irail.be/vehicle/IC4434,http://irail.be/stations/NMBS/008832334,IC,2019-06-20T13:18:00,2019-06-20T13:18:00,97,97
http://irail.be/vehicle/IC4434,http://irail.be/stations/NMBS/008832250,IC,2019-06-20T13:24:00,2019-06-20T13:24:00,49,41
http://irail.be/vehicle/IC4434,NO-URI,IC,2019-06-20T13:25:00,2019-06-20T13:25:00,49,49
http://irail.be/vehicle/IC4434,http://irail.be/stations/NMBS/008832243,IC,2019-06-20T13:28:00,2019-06-20T13:28:00,73,23
http://irail.be/vehicle/IC4434,http://irail.be/stations/NMBS/008832235,IC,2019-06-20T13:32:00,2019-06-20T13:31:00,167,167
http://irail.be/vehicle/IC4434,http://irail.be/stations/NMBS/008832227,IC,2019-06-20T13:37:00,2019-06-20T13:37:00,12,-16
http://irail.be/vehicle/IC4434,http://irail.be/stations/NMBS/008832003,IC,2019-06-20T13:41:00,2019-06-20T13:41:00,69,-11
http://irail.be/vehicle/IC4434,http://irail.be/stations/NMBS/008832045,IC,2019-06-20T13:48:00,2019-06-20T13:48:00,45,28
http://irail.be/vehicle/IC4434,http://irail.be/stations/NMBS/008832409,IC,2019-06-20T13:53:00,2019-06-20T13:53:00,,56
http://irail.be/vehicle/IC4434,http://irail.be/stations/NMBS/008831005,IC,2019-06-22T13:08:00,2019-06-22T13:08:00,-33,
http://irail.be/vehicle/IC4434,http://irail.be/stations/NMBS/008832334,IC,2019-06-22T13:18:00,2019-06-22T13:18:00,-42,-42
http://irail.be/vehicle/IC4434,http://irail.be/stations/NMBS/008832250,IC,2019-06-22T13:24:00,2019-06-22T13:24:00,-62,-102
http://irail.be/vehicle/IC4434,NO-URI,IC,2019-06-22T13:25:00,2019-06-22T13:25:00,-62,-62
http://irail.be/vehicle/IC4434,http://irail.be/stations/NMBS/008832243,IC,2019-06-22T13:28:00,2019-06-22T13:28:00,-39,-94
http://irail.be/vehicle/IC4434,http://irail.be/stations/NMBS/008832235,IC,2019-06-22T13:32:00,2019-06-22T13:31:00,83,83
http://irail.be/vehicle/IC4434,http://irail.be/stations/NMBS/008832227,IC,2019-06-22T13:37:00,2019-06-22T13:37:00,-51,-105
http://irail.be/vehicle/IC4434,http://irail.be/stations/NMBS/008832003,IC,2019-06-22T13:41:00,2019-06-22T13:41:00,3,-72
http://irail.be/vehicle/IC4434,http://irail.be/stations/NMBS/008832045,IC,2019-06-22T13:48:00,2019-06-22T13:48:00,-46,-61
http://irail.be/vehicle/IC4434,http://irail.be/stations/NMBS/008832409,IC,2019-06-22T13:53:00,2019-06-22T13:53:00,,-38
http://irail.be/vehicle/IC4434,http://irail.be/stations/NMBS/008831005,IC,2019-03-27T13:08:00,2019-03-27T13:08:00,7,
http://irail.be/vehicle/IC4434,http://irail.be/stations/NMBS/008832334,IC,2019-03-27T13:18:00,2019-03-27T13:18:00,44,44
http://irail.be/vehicle/IC4434,http://irail.be/stations/NMBS/008832250,IC,2019-03-27T13:24:00,2019-03-27T13:24:00,29,14
http://irail.be/vehicle/IC4434,NO-URI,IC,2019-03-27T13:25:00,2019-03-27T13:25:00,29,29
http://irail.be/vehicle/IC4434,http://irail.be/stations/NMBS/008832243,IC,2019-03-27T13:28:00,2019-03-27T13:28:00,133,106
http://irail.be/vehicle/IC4434,http://irail.be/stations/NMBS/008832235,IC,2019-03-27T13:32:00,2019-03-27T13:31:00,133,133
http://irail.be/vehicle/IC4434,http://irail.be/stations/NMBS/008832227,IC,2019-03-27T13:37:00,2019-03-27T13:37:00,-22,-23
http://irail.be/vehicle/IC4434,http://irail.be/stations/NMBS/008832003,IC,2019-03-27T13:41:00,2019-03-27T13:41:00,74,-13
http://irail.be/vehicle/IC4434,http://irail.be/stations/NMBS/008832045,IC,2019-03-27T13:48:00,2019-03-27T13:48:00,24,5
http://irail.be/vehicle/IC4434,http://irail.be/stations/NMBS/008832409,IC,2019-03-27T13:53:00,2019-03-27T13:53:00,,47
http://irail.be/vehicle/IC4434,http://irail.be/stations/NMBS/008831005,IC,2019-04-15T13:08:00,2019-04-15T13:08:00,5,
http://irail.be/vehicle/IC4434,http://irail.be/stations/NMBS/008832334,IC,2019-04-15T13:18:00,2019-04-15T13:18:00,-29,-29
http://irail.be/vehicle/IC4434,http://irail.be/stations/NMBS/008832250,IC,2019-04-15T13:24:00,2019-04-15T13:24:00,-36,-90
http://irail.be/vehicle/IC4434,NO-URI,IC,2019-04-15T13:25:00,2019-04-15T13:25:00,-36,-36
http://irail.be/vehicle/IC4434,http://irail.be/stations/NMBS/008832243,IC,2019-04-15T13:28:00,2019-04-15T13:28:00,56,37
http://irail.be/vehicle/IC4434,http://irail.be/stations/NMBS/008832235,IC,2019-04-15T13:32:00,2019-04-15T13:31:00,56,56
http://irail.be/vehicle/IC4434,http://irail.be/stations/NMBS/008832227,IC,2019-04-15T13:37:00,2019-04-15T13:37:00,-38,-92
http://irail.be/vehicle/IC4434,http://irail.be/stations/NMBS/008832003,IC,2019-04-15T13:41:00,2019-04-15T13:41:00,26,-44
http://irail.be/vehicle/IC4434,http://irail.be/stations/NMBS/008832045,IC,2019-04-15T13:48:00,2019-04-15T13:48:00,-49,-71
http://irail.be/vehicle/IC4434,http://irail.be/stations/NMBS/008832409,IC,2019-04-15T13:53:00,2019-04-15T13:53:00,,-43
http://irail.be/vehicle/IC4434,http://irail.be/stations/NMBS/008831005,IC,2019-01-14T13:08:00,2019-01-14T13:08:00,-4,
http://irail.be/vehicle/IC4434,http://irail.be/stations/NMBS/008832334,IC,2019-01-14T13:18:00,2019-01-14T13:18:00,-43,-43
http://irail.be/vehicle/IC4434,http://irail.be/stations/NMBS/008832250,IC,2019-01-14T13:24:00,2019-01-14T13:24:00,-56,-72
http://irail.be/vehicle/IC4434,NO-URI,IC,2019-01-14T13:25:00,2019-01-14T13:25:00,-56,-56
http://irail.be/vehicle/IC4434,http://irail.be/stations/NMBS/008832243,IC,2019-01-14T13:28:00,2019-01-14T13:28:00,58,24
http://irail.be/vehicle/IC4434,http://irail.be/stations/NMBS/008832235,IC,2019-01-14T13:32:00,2019-01-14T13:31:00,58,58
http://irail.be/vehicle/IC4434,http://irail.be/stations/NMBS/008832227,IC,2019-01-14T13:37:00,2019-01-14T13:37:00,-91,-97
http://irail.be/vehicle/IC4434,http://irail.be/stations/NMBS/008832003,IC,2019-01-14T13:41:00,2019-01-14T13:41:00,-3,-93
http://irail.be/vehicle/IC4434,http://irail.be/stations/NMBS/008832045,IC,2019-01-14T13:48:00,2019-01-14T13:48:00,-69,-103
http://irail.be/vehicle/IC4434,http://irail.be/stations/NMBS/008832409,IC,2019-01-14T13:53:00,2019-01-14T13:53:00,,-54
http://irail.be/vehicle/IC4434,http://irail.be/stations/NMBS/008831005,IC,2019-01-02T13:08:00,2019-01-02T13:08:00,-7,
http://irail.be/vehicle/IC4434,http://irail.be/stations/NMBS/008832334,IC,2019-01-02T13:18:00,2019-01-02T13:18:00,57,57
http://irail.be/vehicle/IC4434,http://irail.be/stations/NMBS/008832250,IC,2019-01-02T13:24:00,2019-01-02T13:24:00,34,18
http://irail.be/vehicle/IC4434,NO-URI,IC,2019-01-02T13:25:00,2019-01-02T13:25:00,34,34
http://irail.be/vehicle/IC4434,http://irail.be/stations/NMBS/008832243,IC,2019-01-02T13:28:00,2019-01-02T13:28:00,163,124
http://irail.be/vehicle/IC4434,http://irail.be/stations/NMBS/008832235,IC,2019-01-02T13:32:00,2019-01-02T13:31:00,163,163
http://irail.be/vehicle/IC4434,http://irail.be/stations/NMBS/008832227,IC,2019-01-02T13:37:00,2019-01-02T13:37:00,6,6
http://irail.be/vehicle/IC4434,http://irail.be/stations/NMBS/008832003,IC,2019-01-02T13:41:00,2019-01-02T13:41:00,83,11
http://irail.be/vehicle/IC4434,http://irail.be/stations/NMBS/008832045,IC,2019-01-02T13:48:00,2019-01-02T13:48:00,24,1
http://irail.be/vehicle/IC4434,http://irail.be/stations/NMBS/008832409,IC,2019-01-02T13:53:00,2019-01-02T13:53:00,,47
http://irail.be/vehicle/IC4434,http://irail.be/stations/NMBS/008831005,IC,2019-01-25T13:08:00,2019-01-25T13:08:00,-23,
http://irail.be/vehicle/IC4434,http://irail.be/stations/NMBS/008832334,IC,2019-01-25T13:18:00,2019-01-25T13:18:00,-11,-11
http://irail.be/vehicle/IC4434,http://irail.be/stations/NMBS/008832250,IC,2019-01-25T13:24:00,2019-01-25T13:24:00,-53,-54
http://irail.be/vehicle/IC4434,NO-URI,IC,2019-01-25T13:25:00,2019-01-25T13:25:00,-53,-53
http://irail.be/vehicle/IC4434,http://irail.be/stations/NMBS/008832243,IC,2019-01-25T13:28:00,2019-01-25T13:28:00,34,6
http://irail.be/vehicle/IC4434,http://irail.be/stations/NMBS/008832235,IC,2019-01-25T13:32:00,2019-01-25T13:31:00,34,34
http://irail.be/vehicle/IC4434,http://irail.be/stations/NMBS/008832227,IC,2019-01-25T13:37:00,2019-01-25T13:37:00,-135,-135
http://irail.be/vehicle/IC4434,http://irail.be/stations/NMBS/008832003,IC,2019-01-25T13:41:00,2019-01-25T13:41:00,18,-127
http://irail.be/vehicle/IC4434,http://irail.be/stations/NMBS/008832045,IC,2019-01-25T13:48:00,2019-01-25T13:48:00,-29,-56
http://irail.be/vehicle/IC4434,http://irail.be/stations/NMBS/008832409,IC,2019-01-25T13:53:00,2019-01-25T13:53:00,,101
http://irail.be/vehicle/IC4434,http://irail.be/stations/NMBS/008831005,IC,2019-05-17T13:08:00,2019-05-17T13:08:00,10,
http://irail.be/vehicle/IC4434,http://irail.be/stations/NMBS/008832334,IC,2019-05-17T13:18:00,2019-05-17T13:18:00,68,68
http://irail.be/vehicle/IC4434,http://irail.be/stations/NMBS/008832250,IC,2019-05-17T13:24:00,2019-05-17T13:24:00,135,93
http://irail.be/vehicle/IC4434,NO-URI,IC,2019-05-17T13:25:00,2019-05-17T13:25:00,135,135
http://irail.be/vehicle/IC4434,http://irail.be/stations/NMBS/008832243,IC,2019-05-17T13:28:00,2019-05-17T13:28:00,149,95
http://irail.be/vehicle/IC4434,http://irail.be/stations/NMBS/008832235,IC,2019-05-17T13:32:00,2019-05-17T13:31:00,290,290
http://irail.be/vehicle/IC4434,http://irail.be/stations/NMBS/008832227,IC,2019-05-17T13:37:00,2019-05-17T13:37:00,130,116
http://irail.be/vehicle/IC4434,http://irail.be/stations/NMBS/008832003,IC,2019-05-17T13:41:00,2019-05-17T13:41:00,218,112
http://irail.be/vehicle/IC4434,http://irail.be/stations/NMBS/008832045,IC,2019-05-17T13:48:00,2019-05-17T13:48:00,209,172
http://irail.be/vehicle/IC4434,http://irail.be/stations/NMBS/008832409,IC,2019-05-17T13:53:00,2019-05-17T13:53:00,,271
http://irail.be/vehicle/IC4434,http://irail.be/stations/NMBS/008831005,IC,2019-04-30T13:08:00,2019-04-30T13:08:00,-30,
http://irail.be/vehicle/IC4434,http://irail.be/stations/NMBS/008832334,IC,2019-04-30T13:18:00,2019-04-30T13:18:00,-41,-41
http://irail.be/vehicle/IC4434,http://irail.be/stations/NMBS/008832250,IC,2019-04-30T13:24:00,2019-04-30T13:24:00,-36,-81
http://irail.be/vehicle/IC4434,NO-URI,IC,2019-04-30T13:25:00,2019-04-30T13:25:00,-36,-36
http://irail.be/vehicle/IC4434,http://irail.be/stations/NMBS/008832243,IC,2019-04-30T13:28:00,2019-04-30T13:28:00,-11,-43
http://irail.be/vehicle/IC4434,http://irail.be/stations/NMBS/008832235,IC,2019-04-30T13:32:00,2019-04-30T13:31:00,-46,-11
http://irail.be/vehicle/IC4434,http://irail.be/stations/NMBS/008832227,IC,2019-04-30T13:37:00,2019-04-30T13:37:00,-60,-92
http://irail.be/vehicle/IC4434,http://irail.be/stations/NMBS/008832003,IC,2019-04-30T13:41:00,2019-04-30T13:41:00,4,-62
http://irail.be/vehicle/IC4434,http://irail.be/stations/NMBS/008832045,IC,2019-04-30T13:48:00,2019-04-30T13:48:00,-67,-69
http://irail.be/vehicle/IC4434,http://irail.be/stations/NMBS/008832409,IC,2019-04-30T13:53:00,2019-04-30T13:53:00,,-1
http://irail.be/vehicle/IC4434,http://irail.be/stations/NMBS/008831005,IC,2019-03-21T13:08:00,2019-03-21T13:08:00,8,
http://irail.be/vehicle/IC4434,http://irail.be/stations/NMBS/008832334,IC,2019-03-21T13:18:00,2019-03-21T13:18:00,-3,-3
http://irail.be/vehicle/IC4434,http://irail.be/stations/NMBS/008832250,IC,2019-03-21T13:24:00,2019-03-21T13:24:00,-39,-41
http://irail.be/vehicle/IC4434,NO-URI,IC,2019-03-21T13:25:00,2019-03-21T13:25:00,-39,-39
http://irail.be/vehicle/IC4434,http://irail.be/stations/NMBS/008832243,IC,2019-03-21T13:28:00,2019-03-21T13:28:00,46,22
http://irail.be/vehicle/IC4434,http://irail.be/stations/NMBS/008832235,IC,2019-03-21T13:32:00,2019-03-21T13:31:00,46,46
http://irail.be/vehicle/IC4434,http://irail.be/stations/NMBS/008832227,IC,2019-03-21T13:37:00,2019-03-21T13:37:00,-69,-123
http://irail.be/vehicle/IC4434,http://irail.be/stations/NMBS/008832003,IC,2019-03-21T13:41:00,2019-03-21T13:41:00,141,-53
http://irail.be/vehicle/IC4434,http://irail.be/stations/NMBS/008832045,IC,2019-03-21T13:48:00,2019-03-21T13:48:00,63,63
http://irail.be/vehicle/IC4434,http://irail.be/stations/NMBS/008832409,IC,2019-03-21T13:53:00,2019-03-21T13:53:00,,96
http://irail.be/vehicle/IC4434,http://irail.be/stations/NMBS/008831005,IC,2019-06-26T13:08:00,2019-06-26T13:08:00,34,
http://irail.be/vehicle/IC4434,http://irail.be/stations/NMBS/008832334,IC,2019-06-26T13:18:00,2019-06-26T13:18:00,-1,-1
http://irail.be/vehicle/IC4434,http://irail.be/stations/NMBS/008832250,IC,2019-06-26T13:24:00,2019-06-26T13:24:00,-21,-33
http://irail.be/vehicle/IC4434,NO-URI,IC,2019-06-26T13:25:00,2019-06-26T13:25:00,-21,-21
http://irail.be/vehicle/IC4434,http://irail.be/stations/NMBS/008832243,IC,2019-06-26T13:28:00,2019-06-26T13:28:00,-22,-43
http://irail.be/vehicle/IC4434,http://irail.be/stations/NMBS/008832235,IC,2019-06-26T13:32:00,2019-06-26T13:31:00,102,102
http://irail.be/vehicle/IC4434,http://irail.be/stations/NMBS/008832227,IC,2019-06-26T13:37:00,2019-06-26T13:37:00,-35,-73
http://irail.be/vehicle/IC4434,http://irail.be/stations/NMBS/008832003,IC,2019-06-26T13:41:00,2019-06-26T13:41:00,32,-42
http://irail.be/vehicle/IC4434,http://irail.be/stations/NMBS/008832045,IC,2019-06-26T13:48:00,2019-06-26T13:48:00,2,-33
http://irail.be/vehicle/IC4434,http://irail.be/stations/NMBS/008832409,IC,2019-06-26T13:53:00,2019-06-26T13:53:00,,84
http://irail.be/vehicle/IC4434,http://irail.be/stations/NMBS/008831005,IC,2019-05-08T13:08:00,2019-05-08T13:08:00,-5,
http://irail.be/vehicle/IC4434,http://irail.be/stations/NMBS/008832334,IC,2019-05-08T13:18:00,2019-05-08T13:18:00,-38,-38
http://irail.be/vehicle/IC4434,http://irail.be/stations/NMBS/008832250,IC,2019-05-08T13:24:00,2019-05-08T13:24:00,-34,-83
http://irail.be/vehicle/IC4434,NO-URI,IC,2019-05-08T13:25:00,2019-05-08T13:25:00,-34,-34
http://irail.be/vehicle/IC4434,http://irail.be/stations/NMBS/008832243,IC,2019-05-08T13:28:00,2019-05-08T13:28:00,-2,-66
http://irail.be/vehicle/IC4434,http://irail.be/stations/NMBS/008832235,IC,2019-05-08T13:32:00,2019-05-08T13:31:00,-58,103
http://irail.be/vehicle/IC4434,http://irail.be/stations/NMBS/008832227,IC,2019-05-08T13:37:00,2019-05-08T13:37:00,-60,-77
http://irail.be/vehicle/IC4434,http://irail.be/stations/NMBS/008832003,IC,2019-05-08T13:41:00,2019-05-08T13:41:00,-9,-75
http://irail.be/vehicle/IC4434,http://irail.be/stations/NMBS/008832045,IC,2019-05-08T13:48:00,2019-05-08T13:48:00,-71,-85
http://irail.be/vehicle/IC4434,http://irail.be/stations/NMBS/008832409,IC,2019-05-08T13:53:00,2019-05-08T13:53:00,,60
http://irail.be/vehicle/IC4434,http://irail.be/stations/NMBS/008831005,IC,2019-06-03T13:08:00,2019-06-03T13:08:00,84,
http://irail.be/vehicle/IC4434,http://irail.be/stations/NMBS/008832334,IC,2019-06-03T13:18:00,2019-06-03T13:18:00,67,67
http://irail.be/vehicle/IC4434,http://irail.be/stations/NMBS/008832250,IC,2019-06-03T13:24:00,2019-06-03T13:24:00,24,24
http://irail.be/vehicle/IC4434,NO-URI,IC,2019-06-03T13:25:00,2019-06-03T13:25:00,19,19
http://irail.be/vehicle/IC4434,http://irail.be/stations/NMBS/008832243,IC,2019-06-03T13:28:00,2019-06-03T13:28:00,5,-19
http://irail.be/vehicle/IC4434,http://irail.be/stations/NMBS/008832235,IC,2019-06-03T13:32:00,2019-06-03T13:31:00,89,89
http://irail.be/vehicle/IC4434,http://irail.be/stations/NMBS/008832227,IC,2019-06-03T13:37:00,2019-06-03T13:37:00,-92,-92
http://irail.be/vehicle/IC4434,http://irail.be/stations/NMBS/008832003,IC,2019-06-03T13:41:00,2019-06-03T13:41:00,-12,-116
http://irail.be/vehicle/IC4434,http://irail.be/stations/NMBS/008832045,IC,2019-06-03T13:48:00,2019-06-03T13:48:00,-56,-76
http://irail.be/vehicle/IC4434,http://irail.be/stations/NMBS/008832409,IC,2019-06-03T13:53:00,2019-06-03T13:53:00,,-33
http://irail.be/vehicle/IC4434,http://irail.be/stations/NMBS/008831005,IC,2019-05-25T12:38:00,2019-05-25T12:38:00,-31,
http://irail.be/vehicle/IC4434,http://irail.be/stations/NMBS/008832334,IC,2019-05-25T12:48:00,2019-05-25T12:48:00,-3,-3
http://irail.be/vehicle/IC4434,http://irail.be/stations/NMBS/008832250,IC,2019-05-25T12:54:00,2019-05-25T12:54:00,41,-1
http://irail.be/vehicle/IC4434,NO-URI,IC,2019-05-25T12:55:00,2019-05-25T12:55:00,41,41
http://irail.be/vehicle/IC4434,http://irail.be/stations/NMBS/008832243,IC,2019-05-25T12:58:00,2019-05-25T12:58:00,31,6
http://irail.be/vehicle/IC4434,http://irail.be/stations/NMBS/008832235,IC,2019-05-25T13:02:00,2019-05-25T13:01:00,126,126
http://irail.be/vehicle/IC4434,http://irail.be/stations/NMBS/008832227,IC,2019-05-25T13:07:00,2019-05-25T13:07:00,-20,-32
http://irail.be/vehicle/IC4434,http://irail.be/stations/NMBS/008832003,IC,2019-05-25T13:11:00,2019-05-25T13:11:00,46,-30
http://irail.be/vehicle/IC4434,http://irail.be/stations/NMBS/008832045,IC,2019-05-25T13:18:00,2019-05-25T13:18:00,26,6
http://irail.be/vehicle/IC4434,http://irail.be/stations/NMBS/008832409,IC,2019-05-25T13:23:00,2019-05-25T13:23:00,,54
http://irail.be/vehicle/IC4434,http://irail.be/stations/NMBS/008831005,IC,2019-05-18T13:08:00,2019-05-18T13:08:00,-26,
http://irail.be/vehicle/IC4434,http://irail.be/stations/NMBS/008832334,IC,2019-05-18T13:18:00,2019-05-18T13:18:00,-26,-26
http://irail.be/vehicle/IC4434,http://irail.be/stations/NMBS/008832250,IC,2019-05-18T13:24:00,2019-05-18T13:24:00,20,-11
http://irail.be/vehicle/IC4434,NO-URI,IC,2019-05-18T13:25:00,2019-05-18T13:25:00,20,20
http://irail.be/vehicle/IC4434,http://irail.be/stations/NMBS/008832243,IC,2019-05-18T13:28:00,2019-05-18T13:28:00,23,-3
http://irail.be/vehicle/IC4434,http://irail.be/stations/NMBS/008832235,IC,2019-05-18T13:32:00,2019-05-18T13:31:00,119,119
http://irail.be/vehicle/IC4434,http://irail.be/stations/NMBS/008832227,IC,2019-05-18T13:37:00,2019-05-18T13:37:00,-51,-58
http://irail.be/vehicle/IC4434,http://irail.be/stations/NMBS/008832003,IC,2019-05-18T13:41:00,2019-05-18T13:41:00,6,-70
http://irail.be/vehicle/IC4434,http://irail.be/stations/NMBS/008832045,IC,2019-05-18T13:48:00,2019-05-18T13:48:00,-40,-52
http://irail.be/vehicle/IC4434,http://irail.be/stations/NMBS/008832409,IC,2019-05-18T13:53:00,2019-05-18T13:53:00,,-27
http://irail.be/vehicle/IC4434,http://irail.be/stations/NMBS/008831005,IC,2019-03-22T13:08:00,2019-03-22T13:08:00,14,
http://irail.be/vehicle/IC4434,http://irail.be/stations/NMBS/008832334,IC,2019-03-22T13:18:00,2019-03-22T13:18:00,28,28
http://irail.be/vehicle/IC4434,http://irail.be/stations/NMBS/008832250,IC,2019-03-22T13:24:00,2019-03-22T13:24:00,35,4
http://irail.be/vehicle/IC4434,NO-URI,IC,2019-03-22T13:25:00,2019-03-22T13:25:00,35,35
http://irail.be/vehicle/IC4434,http://irail.be/stations/NMBS/008832243,IC,2019-03-22T13:28:00,2019-03-22T13:28:00,124,102
http://irail.be/vehicle/IC4434,http://irail.be/stations/NMBS/008832235,IC,2019-03-22T13:32:00,2019-03-22T13:31:00,124,124
http://irail.be/vehicle/IC4434,http://irail.be/stations/NMBS/008832227,IC,2019-03-22T13:37:00,2019-03-22T13:37:00,-35,-35
http://irail.be/vehicle/IC4434,http://irail.be/stations/NMBS/008832003,IC,2019-03-22T13:41:00,2019-03-22T13:41:00,51,-41
http://irail.be/vehicle/IC4434,http://irail.be/stations/NMBS/008832045,IC,2019-03-22T13:48:00,2019-03-22T13:48:00,-20,-29
http://irail.be/vehicle/IC4434,http://irail.be/stations/NMBS/008832409,IC,2019-03-22T13:53:00,2019-03-22T13:53:00,,102
http://irail.be/vehicle/IC4434,http://irail.be/stations/NMBS/008831005,IC,2019-04-02T13:08:00,2019-04-02T13:08:00,45,
http://irail.be/vehicle/IC4434,http://irail.be/stations/NMBS/008832334,IC,2019-04-02T13:18:00,2019-04-02T13:18:00,66,66
http://irail.be/vehicle/IC4434,http://irail.be/stations/NMBS/008832250,IC,2019-04-02T13:24:00,2019-04-02T13:24:00,26,20
http://irail.be/vehicle/IC4434,NO-URI,IC,2019-04-02T13:25:00,2019-04-02T13:25:00,26,26
http://irail.be/vehicle/IC4434,http://irail.be/stations/NMBS/008832243,IC,2019-04-02T13:28:00,2019-04-02T13:28:00,103,80
http://irail.be/vehicle/IC4434,http://irail.be/stations/NMBS/008832235,IC,2019-04-02T13:32:00,2019-04-02T13:31:00,103,103
http://irail.be/vehicle/IC4434,http://irail.be/stations/NMBS/008832227,IC,2019-04-02T13:37:00,2019-04-02T13:37:00,-70,-73
http://irail.be/vehicle/IC4434,http://irail.be/stations/NMBS/008832003,IC,2019-04-02T13:41:00,2019-04-02T13:41:00,20,-67
http://irail.be/vehicle/IC4434,http://irail.be/stations/NMBS/008832045,IC,2019-04-02T13:48:00,2019-04-02T13:48:00,-37,-51
http://irail.be/vehicle/IC4434,http://irail.be/stations/NMBS/008832409,IC,2019-04-02T13:53:00,2019-04-02T13:53:00,,104
http://irail.be/vehicle/IC4434,http://irail.be/stations/NMBS/008831005,IC,2019-02-01T13:08:00,2019-02-01T13:08:00,-14,
http://irail.be/vehicle/IC4434,http://irail.be/stations/NMBS/008832334,IC,2019-02-01T13:18:00,2019-02-01T13:18:00,-14,-14
http://irail.be/vehicle/IC4434,http://irail.be/stations/NMBS/008832250,IC,2019-02-01T13:24:00,2019-02-01T13:24:00,18,-21
http://irail.be/vehicle/IC4434,NO-URI,IC,2019-02-01T13:25:00,2019-02-01T13:25:00,18,18
http://irail.be/vehicle/IC4434,http://irail.be/stations/NMBS/008832243,IC,2019-02-01T13:28:00,2019-02-01T13:28:00,129,109
http://irail.be/vehicle/IC4434,http://irail.be/stations/NMBS/008832235,IC,2019-02-01T13:32:00,2019-02-01T13:31:00,129,129
http://irail.be/vehicle/IC4434,http://irail.be/stations/NMBS/008832227,IC,2019-02-01T13:37:00,2019-02-01T13:37:00,-20,-24
http://irail.be/vehicle/IC4434,http://irail.be/stations/NMBS/008832003,IC,2019-02-01T13:41:00,2019-02-01T13:41:00,64,-22
http://irail.be/vehicle/IC4434,http://irail.be/stations/NMBS/008832045,IC,2019-02-01T13:48:00,2019-02-01T13:48:00,-12,-30
http://irail.be/vehicle/IC4434,http://irail.be/stations/NMBS/008832409,IC,2019-02-01T13:53:00,2019-02-01T13:53:00,,3
http://irail.be/vehicle/IC4434,http://irail.be/stations/NMBS/008831005,IC,2019-04-10T13:08:00,2019-04-10T13:08:00,0,
http://irail.be/vehicle/IC4434,http://irail.be/stations/NMBS/008832334,IC,2019-04-10T13:18:00,2019-04-10T13:18:00,39,39
http://irail.be/vehicle/IC4434,http://irail.be/stations/NMBS/008832250,IC,2019-04-10T13:24:00,2019-04-10T13:24:00,6,-1
http://irail.be/vehicle/IC4434,NO-URI,IC,2019-04-10T13:25:00,2019-04-10T13:25:00,6,6
http://irail.be/vehicle/IC4434,http://irail.be/stations/NMBS/008832243,IC,2019-04-10T13:28:00,2019-04-10T13:28:00,99,67
http://irail.be/vehicle/IC4434,http://irail.be/stations/NMBS/008832235,IC,2019-04-10T13:32:00,2019-04-10T13:31:00,99,99
http://irail.be/vehicle/IC4434,http://irail.be/stations/NMBS/008832227,IC,2019-04-10T13:37:00,2019-04-10T13:37:00,55,55
http://irail.be/vehicle/IC4434,http://irail.be/stations/NMBS/008832003,IC,2019-04-10T13:41:00,2019-04-10T13:41:00,149,55
http://irail.be/vehicle/IC4434,http://irail.be/stations/NMBS/008832045,IC,2019-04-10T13:48:00,2019-04-10T13:48:00,93,88
http://irail.be/vehicle/IC4434,http://irail.be/stations/NMBS/008832409,IC,2019-04-10T13:53:00,2019-04-10T13:53:00,,235
http://irail.be/vehicle/IC4434,http://irail.be/stations/NMBS/008831005,IC,2019-05-29T13:08:00,2019-05-29T13:08:00,2,
http://irail.be/vehicle/IC4434,http://irail.be/stations/NMBS/008832334,IC,2019-05-29T13:18:00,2019-05-29T13:18:00,-16,-16
http://irail.be/vehicle/IC4434,http://irail.be/stations/NMBS/008832250,IC,2019-05-29T13:24:00,2019-05-29T13:24:00,9,-5
http://irail.be/vehicle/IC4434,NO-URI,IC,2019-05-29T13:25:00,2019-05-29T13:25:00,9,9
http://irail.be/vehicle/IC4434,http://irail.be/stations/NMBS/008832243,IC,2019-05-29T13:28:00,2019-05-29T13:28:00,5,-23
http://irail.be/vehicle/IC4434,http://irail.be/stations/NMBS/008832235,IC,2019-05-29T13:32:00,2019-05-29T13:31:00,96,96
http://irail.be/vehicle/IC4434,http://irail.be/stations/NMBS/008832227,IC,2019-05-29T13:37:00,2019-05-29T13:37:00,-39,-87
http://irail.be/vehicle/IC4434,http://irail.be/stations/NMBS/008832003,IC,2019-05-29T13:41:00,2019-05-29T13:41:00,49,-52
http://irail.be/vehicle/IC4434,http://irail.be/stations/NMBS/008832045,IC,2019-05-29T13:48:00,2019-05-29T13:48:00,5,-23
http://irail.be/vehicle/IC4434,http://irail.be/stations/NMBS/008832409,IC,2019-05-29T13:53:00,2019-05-29T13:53:00,,33
http://irail.be/vehicle/IC4434,http://irail.be/stations/NMBS/008831005,IC,2019-04-11T13:08:00,2019-04-11T13:08:00,80,
http://irail.be/vehicle/IC4434,http://irail.be/stations/NMBS/008832334,IC,2019-04-11T13:18:00,2019-04-11T13:18:00,60,60
http://irail.be/vehicle/IC4434,http://irail.be/stations/NMBS/008832250,IC,2019-04-11T13:24:00,2019-04-11T13:24:00,28,17
http://irail.be/vehicle/IC4434,NO-URI,IC,2019-04-11T13:25:00,2019-04-11T13:25:00,28,28
http://irail.be/vehicle/IC4434,http://irail.be/stations/NMBS/008832243,IC,2019-04-11T13:28:00,2019-04-11T13:28:00,141,120
http://irail.be/vehicle/IC4434,http://irail.be/stations/NMBS/008832235,IC,2019-04-11T13:32:00,2019-04-11T13:31:00,141,141
http://irail.be/vehicle/IC4434,http://irail.be/stations/NMBS/008832227,IC,2019-04-11T13:37:00,2019-04-11T13:37:00,-29,-39
http://irail.be/vehicle/IC4434,http://irail.be/stations/NMBS/008832003,IC,2019-04-11T13:41:00,2019-04-11T13:41:00,85,-30
http://irail.be/vehicle/IC4434,http://irail.be/stations/NMBS/008832045,IC,2019-04-11T13:48:00,2019-04-11T13:48:00,32,7
http://irail.be/vehicle/IC4434,http://irail.be/stations/NMBS/008832409,IC,2019-04-11T13:53:00,2019-04-11T13:53:00,,73
http://irail.be/vehicle/IC4434,http://irail.be/stations/NMBS/008831005,IC,2019-03-20T13:08:00,2019-03-20T13:08:00,-14,
http://irail.be/vehicle/IC4434,http://irail.be/stations/NMBS/008832334,IC,2019-03-20T13:18:00,2019-03-20T13:18:00,-45,-45
http://irail.be/vehicle/IC4434,http://irail.be/stations/NMBS/008832250,IC,2019-03-20T13:24:00,2019-03-20T13:24:00,-81,-103
http://irail.be/vehicle/IC4434,NO-URI,IC,2019-03-20T13:25:00,2019-03-20T13:25:00,-81,-81
http://irail.be/vehicle/IC4434,http://irail.be/stations/NMBS/008832243,IC,2019-03-20T13:28:00,2019-03-20T13:28:00,87,66
http://irail.be/vehicle/IC4434,http://irail.be/stations/NMBS/008832235,IC,2019-03-20T13:32:00,2019-03-20T13:31:00,87,87
http://irail.be/vehicle/IC4434,http://irail.be/stations/NMBS/008832227,IC,2019-03-20T13:37:00,2019-03-20T13:37:00,-36,-77
http://irail.be/vehicle/IC4434,http://irail.be/stations/NMBS/008832003,IC,2019-03-20T13:41:00,2019-03-20T13:41:00,52,-38
http://irail.be/vehicle/IC4434,http://irail.be/stations/NMBS/008832045,IC,2019-03-20T13:48:00,2019-03-20T13:48:00,-36,-44
http://irail.be/vehicle/IC4434,http://irail.be/stations/NMBS/008832409,IC,2019-03-20T13:53:00,2019-03-20T13:53:00,,-30
http://irail.be/vehicle/IC4434,http://irail.be/stations/NMBS/008831005,IC,2019-01-12T13:08:00,2019-01-12T13:08:00,-7,
http://irail.be/vehicle/IC4434,http://irail.be/stations/NMBS/008832334,IC,2019-01-12T13:18:00,2019-01-12T13:18:00,-31,-31
http://irail.be/vehicle/IC4434,http://irail.be/stations/NMBS/008832250,IC,2019-01-12T13:24:00,2019-01-12T13:24:00,-69,-72
http://irail.be/vehicle/IC4434,NO-URI,IC,2019-01-12T13:25:00,2019-01-12T13:25:00,-69,-69
http://irail.be/vehicle/IC4434,http://irail.be/stations/NMBS/008832243,IC,2019-01-12T13:28:00,2019-01-12T13:28:00,28,4
http://irail.be/vehicle/IC4434,http://irail.be/stations/NMBS/008832235,IC,2019-01-12T13:32:00,2019-01-12T13:31:00,28,28
http://irail.be/vehicle/IC4434,http://irail.be/stations/NMBS/008832227,IC,2019-01-12T13:37:00,2019-01-12T13:37:00,-129,-129
http://irail.be/vehicle/IC4434,http://irail.be/stations/NMBS/008832003,IC,2019-01-12T13:41:00,2019-01-12T13:41:00,-65,-133
http://irail.be/vehicle/IC4434,http://irail.be/stations/NMBS/008832045,IC,2019-01-12T13:48:00,2019-01-12T13:48:00,-127,-152
http://irail.be/vehicle/IC4434,http://irail.be/stations/NMBS/008832409,IC,2019-01-12T13:53:00,2019-01-12T13:53:00,,-81
http://irail.be/vehicle/IC4434,http://irail.be/stations/NMBS/008831005,IC,2019-04-04T13:08:00,2019-04-04T13:08:00,-2,
http://irail.be/vehicle/IC4434,http://irail.be/stations/NMBS/008832334,IC,2019-04-04T13:18:00,2019-04-04T13:18:00,-30,-30
http://irail.be/vehicle/IC4434,http://irail.be/stations/NMBS/008832250,IC,2019-04-04T13:24:00,2019-04-04T13:24:00,-28,-75
http://irail.be/vehicle/IC4434,NO-URI,IC,2019-04-04T13:25:00,2019-04-04T13:25:00,-28,-28
http://irail.be/vehicle/IC4434,http://irail.be/stations/NMBS/008832243,IC,2019-04-04T13:28:00,2019-04-04T13:28:00,74,54
http://irail.be/vehicle/IC4434,http://irail.be/stations/NMBS/008832235,IC,2019-04-04T13:32:00,2019-04-04T13:31:00,74,74
http://irail.be/vehicle/IC4434,http://irail.be/stations/NMBS/008832227,IC,2019-04-04T13:37:00,2019-04-04T13:37:00,-24,-86
http://irail.be/vehicle/IC4434,http://irail.be/stations/NMBS/008832003,IC,2019-04-04T13:41:00,2019-04-04T13:41:00,59,-27
http://irail.be/vehicle/IC4434,http://irail.be/stations/NMBS/008832045,IC,2019-04-04T13:48:00,2019-04-04T13:48:00,-10,-31
http://irail.be/vehicle/IC4434,http://irail.be/stations/NMBS/008832409,IC,2019-04-04T13:53:00,2019-04-04T13:53:00,,10
http://irail.be/vehicle/IC4434,http://irail.be/stations/NMBS/008831005,IC,2019-01-17T13:08:00,2019-01-17T13:08:00,-1,
http://irail.be/vehicle/IC4434,http://irail.be/stations/NMBS/008832334,IC,2019-01-17T13:18:00,2019-01-17T13:18:00,-27,-27
http://irail.be/vehicle/IC4434,http://irail.be/stations/NMBS/008832250,IC,2019-01-17T13:24:00,2019-01-17T13:24:00,-19,-60
http://irail.be/vehicle/IC4434,NO-URI,IC,2019-01-17T13:25:00,2019-01-17T13:25:00,-19,-19
http://irail.be/vehicle/IC4434,http://irail.be/stations/NMBS/008832243,IC,2019-01-17T13:28:00,2019-01-17T13:28:00,69,43
http://irail.be/vehicle/IC4434,http://irail.be/stations/NMBS/008832235,IC,2019-01-17T13:32:00,2019-01-17T13:31:00,69,69
http://irail.be/vehicle/IC4434,http://irail.be/stations/NMBS/008832227,IC,2019-01-17T13:37:00,2019-01-17T13:37:00,-67,-94
http://irail.be/vehicle/IC4434,http://irail.be/stations/NMBS/008832003,IC,2019-01-17T13:41:00,2019-01-17T13:41:00,34,-58
http://irail.be/vehicle/IC4434,http://irail.be/stations/NMBS/008832045,IC,2019-01-17T13:48:00,2019-01-17T13:48:00,-21,-35
http://irail.be/vehicle/IC4434,http://irail.be/stations/NMBS/008832409,IC,2019-01-17T13:53:00,2019-01-17T13:53:00,,40
http://irail.be/vehicle/IC4434,http://irail.be/stations/NMBS/008831005,IC,2019-01-23T13:08:00,2019-01-23T13:08:00,-6,
http://irail.be/vehicle/IC4434,http://irail.be/stations/NMBS/008832334,IC,2019-01-23T13:18:00,2019-01-23T13:18:00,-12,-12
http://irail.be/vehicle/IC4434,http://irail.be/stations/NMBS/008832250,IC,2019-01-23T13:24:00,2019-01-23T13:24:00,-26,-45
http://irail.be/vehicle/IC4434,NO-URI,IC,2019-01-23T13:25:00,2019-01-23T13:25:00,-26,-26
http://irail.be/vehicle/IC4434,http://irail.be/stations/NMBS/008832243,IC,2019-01-23T13:28:00,2019-01-23T13:28:00,66,42
http://irail.be/vehicle/IC4434,http://irail.be/stations/NMBS/008832235,IC,2019-01-23T13:32:00,2019-01-23T13:31:00,66,66
http://irail.be/vehicle/IC4434,http://irail.be/stations/NMBS/008832227,IC,2019-01-23T13:37:00,2019-01-23T13:37:00,-51,-59
http://irail.be/vehicle/IC4434,http://irail.be/stations/NMBS/008832003,IC,2019-01-23T13:41:00,2019-01-23T13:41:00,56,-52
http://irail.be/vehicle/IC4434,http://irail.be/stations/NMBS/008832045,IC,2019-01-23T13:48:00,2019-01-23T13:48:00,-17,-30
http://irail.be/vehicle/IC4434,http://irail.be/stations/NMBS/008832409,IC,2019-01-23T13:53:00,2019-01-23T13:53:00,,31
http://irail.be/vehicle/IC4434,http://irail.be/stations/NMBS/008831005,IC,2019-05-31T13:08:00,2019-05-31T13:08:00,-32,
http://irail.be/vehicle/IC4434,http://irail.be/stations/NMBS/008832334,IC,2019-05-31T13:18:00,2019-05-31T13:18:00,-23,-23
http://irail.be/vehicle/IC4434,http://irail.be/stations/NMBS/008832250,IC,2019-05-31T13:24:00,2019-05-31T13:24:00,-26,-26
http://irail.be/vehicle/IC4434,NO-URI,IC,2019-05-31T13:25:00,2019-05-31T13:25:00,-27,-27
http://irail.be/vehicle/IC4434,http://irail.be/stations/NMBS/008832243,IC,2019-05-31T13:28:00,2019-05-31T13:28:00,-18,-59
http://irail.be/vehicle/IC4434,http://irail.be/stations/NMBS/008832235,IC,2019-05-31T13:32:00,2019-05-31T13:31:00,96,96
http://irail.be/vehicle/IC4434,http://irail.be/stations/NMBS/008832227,IC,2019-05-31T13:37:00,2019-05-31T13:37:00,-38,-90
http://irail.be/vehicle/IC4434,http://irail.be/stations/NMBS/008832003,IC,2019-05-31T13:41:00,2019-05-31T13:41:00,49,-60
http://irail.be/vehicle/IC4434,http://irail.be/stations/NMBS/008832045,IC,2019-05-31T13:48:00,2019-05-31T13:48:00,-21,-24
http://irail.be/vehicle/IC4434,http://irail.be/stations/NMBS/008832409,IC,2019-05-31T13:53:00,2019-05-31T13:53:00,,287
