http://irail.be/vehicle/IC2004,http://irail.be/stations/NMBS/008814001,IC,2018-08-09T05:50:00,2018-08-09T05:50:00,-10,
http://irail.be/vehicle/IC2004,http://irail.be/stations/NMBS/008813037,IC,2018-08-09T05:52:00,2018-08-09T05:52:00,37,37
http://irail.be/vehicle/IC2004,http://irail.be/stations/NMBS/008813003,IC,2018-08-09T05:54:00,2018-08-09T05:53:00,53,42
http://irail.be/vehicle/IC2004,http://irail.be/stations/NMBS/008813045,IC,2018-08-09T05:55:00,2018-08-09T05:55:00,57,57
http://irail.be/vehicle/IC2004,http://irail.be/stations/NMBS/008812005,IC,2018-08-09T06:01:00,2018-08-09T05:58:00,43,45
http://irail.be/vehicle/IC2004,http://irail.be/stations/NMBS/008811007,IC,2018-08-09T06:04:00,2018-08-09T06:04:00,21,21
http://irail.be/vehicle/IC2004,http://irail.be/stations/NMBS/008811148,IC,2018-08-09T06:07:00,2018-08-09T06:07:00,39,39
http://irail.be/vehicle/IC2004,http://irail.be/stations/NMBS/008811189,IC,2018-08-09T06:08:00,2018-08-09T06:08:00,39,39
http://irail.be/vehicle/IC2004,http://irail.be/stations/NMBS/008822269,IC,2018-08-09T06:11:00,2018-08-09T06:11:00,45,45
http://irail.be/vehicle/IC2004,http://irail.be/stations/NMBS/008822251,IC,2018-08-09T06:12:00,2018-08-09T06:12:00,7,7
http://irail.be/vehicle/IC2004,http://irail.be/stations/NMBS/008822004,IC,2018-08-09T06:18:00,2018-08-09T06:16:00,-13,26
http://irail.be/vehicle/IC2004,http://irail.be/stations/NMBS/008822343,IC,2018-08-09T06:21:00,2018-08-09T06:21:00,-13,-13
http://irail.be/vehicle/IC2004,http://irail.be/stations/NMBS/008822228,IC,2018-08-09T06:23:00,2018-08-09T06:23:00,-73,-73
http://irail.be/vehicle/IC2004,http://irail.be/stations/NMBS/008822210,IC,2018-08-09T06:24:00,2018-08-09T06:24:00,-73,-73
http://irail.be/vehicle/IC2004,http://irail.be/stations/NMBS/008821311,IC,2018-08-09T06:26:00,2018-08-09T06:26:00,-65,-65
http://irail.be/vehicle/IC2004,http://irail.be/stations/NMBS/008821337,IC,2018-08-09T06:27:00,2018-08-09T06:27:00,-50,-50
http://irail.be/vehicle/IC2004,http://irail.be/stations/NMBS/008821238,IC,2018-08-09T06:28:00,2018-08-09T06:28:00,-39,-39
http://irail.be/vehicle/IC2004,http://irail.be/stations/NMBS/008821154,IC,2018-08-09T06:28:00,2018-08-09T06:28:00,8,8
http://irail.be/vehicle/IC2004,http://irail.be/stations/NMBS/008821121,IC,2018-08-09T06:31:00,2018-08-09T06:30:00,50,15
http://irail.be/vehicle/IC2004,http://irail.be/stations/NMBS/008821006,IC,2018-08-09T06:39:00,2018-08-09T06:35:00,7,7
http://irail.be/vehicle/IC2004,http://irail.be/stations/NMBS/008821063,IC,2018-08-09T06:44:00,2018-08-09T06:43:00,-80,-80
http://irail.be/vehicle/IC2004,http://irail.be/stations/NMBS/008821089,IC,2018-08-09T06:51:00,2018-08-09T06:47:00,-14,46
http://irail.be/vehicle/IC2004,NO-URI,IC,2018-08-09T06:54:00,2018-08-09T06:54:00,,-226
http://irail.be/vehicle/IC2004,http://irail.be/stations/NMBS/008814001,IC,2018-09-13T05:50:00,2018-09-13T05:50:00,-18,
http://irail.be/vehicle/IC2004,http://irail.be/stations/NMBS/008813037,IC,2018-09-13T05:52:00,2018-09-13T05:52:00,21,21
http://irail.be/vehicle/IC2004,http://irail.be/stations/NMBS/008813003,IC,2018-09-13T05:54:00,2018-09-13T05:53:00,30,25
http://irail.be/vehicle/IC2004,http://irail.be/stations/NMBS/008813045,IC,2018-09-13T05:56:00,2018-09-13T05:56:00,7,7
http://irail.be/vehicle/IC2004,http://irail.be/stations/NMBS/008812005,IC,2018-09-13T06:02:00,2018-09-13T05:58:00,20,1
http://irail.be/vehicle/IC2004,http://irail.be/stations/NMBS/008811007,IC,2018-09-13T06:05:00,2018-09-13T06:05:00,-32,-32
http://irail.be/vehicle/IC2004,http://irail.be/stations/NMBS/008811148,IC,2018-09-13T06:08:00,2018-09-13T06:08:00,-51,-51
http://irail.be/vehicle/IC2004,http://irail.be/stations/NMBS/008811189,IC,2018-09-13T06:09:00,2018-09-13T06:09:00,-51,-51
http://irail.be/vehicle/IC2004,http://irail.be/stations/NMBS/008822269,IC,2018-09-13T06:11:00,2018-09-13T06:11:00,-51,-51
http://irail.be/vehicle/IC2004,http://irail.be/stations/NMBS/008822251,IC,2018-09-13T06:12:00,2018-09-13T06:12:00,-59,-59
http://irail.be/vehicle/IC2004,http://irail.be/stations/NMBS/008822004,IC,2018-09-13T06:18:00,2018-09-13T06:16:00,-30,-116
http://irail.be/vehicle/IC2004,http://irail.be/stations/NMBS/008822343,IC,2018-09-13T06:21:00,2018-09-13T06:21:00,-30,-30
http://irail.be/vehicle/IC2004,http://irail.be/stations/NMBS/008822228,IC,2018-09-13T06:23:00,2018-09-13T06:23:00,-83,-83
http://irail.be/vehicle/IC2004,http://irail.be/stations/NMBS/008822210,IC,2018-09-13T06:24:00,2018-09-13T06:24:00,-83,-83
http://irail.be/vehicle/IC2004,http://irail.be/stations/NMBS/008821311,IC,2018-09-13T06:26:00,2018-09-13T06:26:00,-88,-88
http://irail.be/vehicle/IC2004,http://irail.be/stations/NMBS/008821337,IC,2018-09-13T06:27:00,2018-09-13T06:27:00,-93,-93
http://irail.be/vehicle/IC2004,http://irail.be/stations/NMBS/008821238,IC,2018-09-13T06:28:00,2018-09-13T06:28:00,-101,-101
http://irail.be/vehicle/IC2004,http://irail.be/stations/NMBS/008821154,IC,2018-09-13T06:28:00,2018-09-13T06:28:00,-67,-67
http://irail.be/vehicle/IC2004,http://irail.be/stations/NMBS/008821121,IC,2018-09-13T06:32:00,2018-09-13T06:30:00,2,-71
http://irail.be/vehicle/IC2004,http://irail.be/stations/NMBS/008821006,IC,2018-09-13T06:39:00,2018-09-13T06:36:00,7,-67
http://irail.be/vehicle/IC2004,http://irail.be/stations/NMBS/008821063,IC,2018-09-13T06:44:00,2018-09-13T06:43:00,-117,-117
http://irail.be/vehicle/IC2004,http://irail.be/stations/NMBS/008821089,IC,2018-09-13T06:51:00,2018-09-13T06:47:00,112,293
http://irail.be/vehicle/IC2004,NO-URI,IC,2018-09-13T06:54:00,2018-09-13T06:54:00,,112
http://irail.be/vehicle/IC2004,http://irail.be/stations/NMBS/008814001,IC,2018-09-14T05:50:00,2018-09-14T05:50:00,0,
http://irail.be/vehicle/IC2004,http://irail.be/stations/NMBS/008813037,IC,2018-09-14T05:52:00,2018-09-14T05:52:00,63,63
http://irail.be/vehicle/IC2004,http://irail.be/stations/NMBS/008813003,IC,2018-09-14T05:54:00,2018-09-14T05:53:00,62,77
http://irail.be/vehicle/IC2004,http://irail.be/stations/NMBS/008813045,IC,2018-09-14T05:56:00,2018-09-14T05:56:00,39,39
http://irail.be/vehicle/IC2004,http://irail.be/stations/NMBS/008812005,IC,2018-09-14T06:02:00,2018-09-14T05:58:00,33,43
http://irail.be/vehicle/IC2004,http://irail.be/stations/NMBS/008811007,IC,2018-09-14T06:05:00,2018-09-14T06:05:00,40,40
http://irail.be/vehicle/IC2004,http://irail.be/stations/NMBS/008811148,IC,2018-09-14T06:08:00,2018-09-14T06:08:00,53,53
http://irail.be/vehicle/IC2004,http://irail.be/stations/NMBS/008811189,IC,2018-09-14T06:09:00,2018-09-14T06:09:00,53,53
http://irail.be/vehicle/IC2004,http://irail.be/stations/NMBS/008822269,IC,2018-09-14T06:11:00,2018-09-14T06:11:00,51,51
http://irail.be/vehicle/IC2004,http://irail.be/stations/NMBS/008822251,IC,2018-09-14T06:12:00,2018-09-14T06:12:00,40,40
http://irail.be/vehicle/IC2004,http://irail.be/stations/NMBS/008822004,IC,2018-09-14T06:18:00,2018-09-14T06:16:00,-20,-12
http://irail.be/vehicle/IC2004,http://irail.be/stations/NMBS/008822343,IC,2018-09-14T06:21:00,2018-09-14T06:21:00,-20,-20
http://irail.be/vehicle/IC2004,http://irail.be/stations/NMBS/008822228,IC,2018-09-14T06:23:00,2018-09-14T06:23:00,-85,-85
http://irail.be/vehicle/IC2004,http://irail.be/stations/NMBS/008822210,IC,2018-09-14T06:24:00,2018-09-14T06:24:00,-85,-85
http://irail.be/vehicle/IC2004,http://irail.be/stations/NMBS/008821311,IC,2018-09-14T06:26:00,2018-09-14T06:26:00,-86,-86
http://irail.be/vehicle/IC2004,http://irail.be/stations/NMBS/008821337,IC,2018-09-14T06:27:00,2018-09-14T06:27:00,-79,-79
http://irail.be/vehicle/IC2004,http://irail.be/stations/NMBS/008821238,IC,2018-09-14T06:28:00,2018-09-14T06:28:00,-77,-77
http://irail.be/vehicle/IC2004,http://irail.be/stations/NMBS/008821154,IC,2018-09-14T06:28:00,2018-09-14T06:28:00,-35,-35
http://irail.be/vehicle/IC2004,http://irail.be/stations/NMBS/008821121,IC,2018-09-14T06:32:00,2018-09-14T06:30:00,35,1
http://irail.be/vehicle/IC2004,http://irail.be/stations/NMBS/008821006,IC,2018-09-14T06:39:00,2018-09-14T06:36:00,22,31
http://irail.be/vehicle/IC2004,http://irail.be/stations/NMBS/008821063,IC,2018-09-14T06:44:00,2018-09-14T06:43:00,-41,-41
http://irail.be/vehicle/IC2004,http://irail.be/stations/NMBS/008821089,IC,2018-09-14T06:51:00,2018-09-14T06:47:00,245,481
http://irail.be/vehicle/IC2004,NO-URI,IC,2018-09-14T06:54:00,2018-09-14T06:54:00,,245
http://irail.be/vehicle/IC2004,http://irail.be/stations/NMBS/008814001,IC,2018-09-04T05:50:00,2018-09-04T05:50:00,-10,
http://irail.be/vehicle/IC2004,http://irail.be/stations/NMBS/008813037,IC,2018-09-04T05:52:00,2018-09-04T05:52:00,46,46
http://irail.be/vehicle/IC2004,http://irail.be/stations/NMBS/008813003,IC,2018-09-04T05:54:00,2018-09-04T05:53:00,58,56
http://irail.be/vehicle/IC2004,http://irail.be/stations/NMBS/008813045,IC,2018-09-04T05:56:00,2018-09-04T05:56:00,45,45
http://irail.be/vehicle/IC2004,http://irail.be/stations/NMBS/008812005,IC,2018-09-04T06:02:00,2018-09-04T05:58:00,58,47
http://irail.be/vehicle/IC2004,http://irail.be/stations/NMBS/008811007,IC,2018-09-04T06:05:00,2018-09-04T06:05:00,36,36
http://irail.be/vehicle/IC2004,http://irail.be/stations/NMBS/008811148,IC,2018-09-04T06:08:00,2018-09-04T06:08:00,22,22
http://irail.be/vehicle/IC2004,http://irail.be/stations/NMBS/008811189,IC,2018-09-04T06:09:00,2018-09-04T06:09:00,22,22
http://irail.be/vehicle/IC2004,http://irail.be/stations/NMBS/008822269,IC,2018-09-04T06:11:00,2018-09-04T06:11:00,22,22
http://irail.be/vehicle/IC2004,http://irail.be/stations/NMBS/008822251,IC,2018-09-04T06:12:00,2018-09-04T06:12:00,16,16
http://irail.be/vehicle/IC2004,http://irail.be/stations/NMBS/008822004,IC,2018-09-04T06:18:00,2018-09-04T06:16:00,212,-28
http://irail.be/vehicle/IC2004,http://irail.be/stations/NMBS/008822343,IC,2018-09-04T06:21:00,2018-09-04T06:21:00,212,212
http://irail.be/vehicle/IC2004,http://irail.be/stations/NMBS/008822228,IC,2018-09-04T06:23:00,2018-09-04T06:23:00,175,175
http://irail.be/vehicle/IC2004,http://irail.be/stations/NMBS/008822210,IC,2018-09-04T06:24:00,2018-09-04T06:24:00,175,175
http://irail.be/vehicle/IC2004,http://irail.be/stations/NMBS/008821311,IC,2018-09-04T06:26:00,2018-09-04T06:26:00,171,171
http://irail.be/vehicle/IC2004,http://irail.be/stations/NMBS/008821337,IC,2018-09-04T06:27:00,2018-09-04T06:27:00,166,166
http://irail.be/vehicle/IC2004,http://irail.be/stations/NMBS/008821238,IC,2018-09-04T06:28:00,2018-09-04T06:28:00,159,159
http://irail.be/vehicle/IC2004,http://irail.be/stations/NMBS/008821154,IC,2018-09-04T06:28:00,2018-09-04T06:28:00,192,192
http://irail.be/vehicle/IC2004,http://irail.be/stations/NMBS/008821121,IC,2018-09-04T06:32:00,2018-09-04T06:30:00,144,187
http://irail.be/vehicle/IC2004,http://irail.be/stations/NMBS/008821006,IC,2018-09-04T06:39:00,2018-09-04T06:36:00,16,105
http://irail.be/vehicle/IC2004,http://irail.be/stations/NMBS/008821063,IC,2018-09-04T06:44:00,2018-09-04T06:43:00,-79,-79
http://irail.be/vehicle/IC2004,http://irail.be/stations/NMBS/008821089,IC,2018-09-04T06:51:00,2018-09-04T06:47:00,-63,121
http://irail.be/vehicle/IC2004,NO-URI,IC,2018-09-04T06:54:00,2018-09-04T06:54:00,,-63
http://irail.be/vehicle/IC2004,http://irail.be/stations/NMBS/008814001,IC,2018-05-07T05:50:00,2018-05-07T05:50:00,0,
http://irail.be/vehicle/IC2004,http://irail.be/stations/NMBS/008813037,IC,2018-05-07T05:52:00,2018-05-07T05:52:00,40,40
http://irail.be/vehicle/IC2004,http://irail.be/stations/NMBS/008813003,IC,2018-05-07T05:54:00,2018-05-07T05:53:00,70,48
http://irail.be/vehicle/IC2004,http://irail.be/stations/NMBS/008813045,IC,2018-05-07T05:55:00,2018-05-07T05:55:00,78,78
http://irail.be/vehicle/IC2004,http://irail.be/stations/NMBS/008812005,IC,2018-05-07T06:01:00,2018-05-07T05:58:00,46,77
http://irail.be/vehicle/IC2004,http://irail.be/stations/NMBS/008811007,IC,2018-05-07T06:04:00,2018-05-07T06:04:00,16,16
http://irail.be/vehicle/IC2004,http://irail.be/stations/NMBS/008811148,IC,2018-05-07T06:07:00,2018-05-07T06:07:00,7,7
http://irail.be/vehicle/IC2004,http://irail.be/stations/NMBS/008811189,IC,2018-05-07T06:08:00,2018-05-07T06:08:00,7,7
http://irail.be/vehicle/IC2004,http://irail.be/stations/NMBS/008822269,IC,2018-05-07T06:11:00,2018-05-07T06:11:00,8,8
http://irail.be/vehicle/IC2004,http://irail.be/stations/NMBS/008822251,IC,2018-05-07T06:12:00,2018-05-07T06:12:00,-53,-53
http://irail.be/vehicle/IC2004,http://irail.be/stations/NMBS/008822004,IC,2018-05-07T06:18:00,2018-05-07T06:16:00,-11,-24
http://irail.be/vehicle/IC2004,http://irail.be/stations/NMBS/008822343,IC,2018-05-07T06:21:00,2018-05-07T06:21:00,-11,-11
http://irail.be/vehicle/IC2004,http://irail.be/stations/NMBS/008822228,IC,2018-05-07T06:23:00,2018-05-07T06:23:00,-49,-49
http://irail.be/vehicle/IC2004,http://irail.be/stations/NMBS/008822210,IC,2018-05-07T06:24:00,2018-05-07T06:24:00,-49,-49
http://irail.be/vehicle/IC2004,http://irail.be/stations/NMBS/008821311,IC,2018-05-07T06:26:00,2018-05-07T06:26:00,-49,-49
http://irail.be/vehicle/IC2004,http://irail.be/stations/NMBS/008821337,IC,2018-05-07T06:27:00,2018-05-07T06:27:00,-54,-54
http://irail.be/vehicle/IC2004,http://irail.be/stations/NMBS/008821238,IC,2018-05-07T06:28:00,2018-05-07T06:28:00,-59,-59
http://irail.be/vehicle/IC2004,http://irail.be/stations/NMBS/008821154,IC,2018-05-07T06:28:00,2018-05-07T06:28:00,-23,-23
http://irail.be/vehicle/IC2004,http://irail.be/stations/NMBS/008821121,IC,2018-05-07T06:31:00,2018-05-07T06:30:00,22,-12
http://irail.be/vehicle/IC2004,http://irail.be/stations/NMBS/008821006,IC,2018-05-07T06:40:00,2018-05-07T06:35:00,-118,-43
http://irail.be/vehicle/IC2004,http://irail.be/stations/NMBS/008821063,IC,2018-05-07T06:45:00,2018-05-07T06:45:00,-211,-211
http://irail.be/vehicle/IC2004,http://irail.be/stations/NMBS/008821089,IC,2018-05-07T06:47:00,2018-05-07T06:47:00,-161,-161
http://irail.be/vehicle/IC2004,NO-URI,IC,2018-05-07T06:49:00,2018-05-07T06:49:00,,-94
http://irail.be/vehicle/IC2004,http://irail.be/stations/NMBS/008814001,IC,2018-09-25T05:50:00,2018-09-25T05:50:00,246,
http://irail.be/vehicle/IC2004,http://irail.be/stations/NMBS/008813037,IC,2018-09-25T05:52:00,2018-09-25T05:52:00,365,365
http://irail.be/vehicle/IC2004,http://irail.be/stations/NMBS/008813003,IC,2018-09-25T05:54:00,2018-09-25T05:53:00,413,423
http://irail.be/vehicle/IC2004,http://irail.be/stations/NMBS/008813045,IC,2018-09-25T05:56:00,2018-09-25T05:56:00,391,391
http://irail.be/vehicle/IC2004,http://irail.be/stations/NMBS/008812005,IC,2018-09-25T06:02:00,2018-09-25T05:58:00,321,413
http://irail.be/vehicle/IC2004,http://irail.be/stations/NMBS/008811007,IC,2018-09-25T06:05:00,2018-09-25T06:05:00,573,573
http://irail.be/vehicle/IC2004,http://irail.be/stations/NMBS/008811148,IC,2018-09-25T06:08:00,2018-09-25T06:08:00,584,584
http://irail.be/vehicle/IC2004,http://irail.be/stations/NMBS/008811189,IC,2018-09-25T06:09:00,2018-09-25T06:09:00,584,584
http://irail.be/vehicle/IC2004,http://irail.be/stations/NMBS/008822269,IC,2018-09-25T06:11:00,2018-09-25T06:11:00,585,585
http://irail.be/vehicle/IC2004,http://irail.be/stations/NMBS/008822251,IC,2018-09-25T06:12:00,2018-09-25T06:12:00,580,580
http://irail.be/vehicle/IC2004,http://irail.be/stations/NMBS/008822004,IC,2018-09-25T06:18:00,2018-09-25T06:16:00,608,532
http://irail.be/vehicle/IC2004,http://irail.be/stations/NMBS/008822343,IC,2018-09-25T06:21:00,2018-09-25T06:21:00,608,608
http://irail.be/vehicle/IC2004,http://irail.be/stations/NMBS/008822228,IC,2018-09-25T06:23:00,2018-09-25T06:23:00,567,567
http://irail.be/vehicle/IC2004,http://irail.be/stations/NMBS/008822210,IC,2018-09-25T06:24:00,2018-09-25T06:24:00,567,567
http://irail.be/vehicle/IC2004,http://irail.be/stations/NMBS/008821311,IC,2018-09-25T06:26:00,2018-09-25T06:26:00,569,569
http://irail.be/vehicle/IC2004,http://irail.be/stations/NMBS/008821337,IC,2018-09-25T06:27:00,2018-09-25T06:27:00,564,564
http://irail.be/vehicle/IC2004,http://irail.be/stations/NMBS/008821238,IC,2018-09-25T06:28:00,2018-09-25T06:28:00,558,558
http://irail.be/vehicle/IC2004,http://irail.be/stations/NMBS/008821154,IC,2018-09-25T06:28:00,2018-09-25T06:28:00,592,592
http://irail.be/vehicle/IC2004,http://irail.be/stations/NMBS/008821121,IC,2018-09-25T06:32:00,2018-09-25T06:30:00,694,701
http://irail.be/vehicle/IC2004,http://irail.be/stations/NMBS/008821006,IC,2018-09-25T06:39:00,2018-09-25T06:36:00,638,744
http://irail.be/vehicle/IC2004,http://irail.be/stations/NMBS/008821063,IC,2018-09-25T06:44:00,2018-09-25T06:43:00,535,535
http://irail.be/vehicle/IC2004,http://irail.be/stations/NMBS/008821089,IC,2018-09-25T06:51:00,2018-09-25T06:47:00,632,692
http://irail.be/vehicle/IC2004,NO-URI,IC,2018-09-25T06:54:00,2018-09-25T06:54:00,,445
http://irail.be/vehicle/IC2004,http://irail.be/stations/NMBS/008814001,IC,2018-03-05T05:50:00,2018-03-05T05:50:00,46,
http://irail.be/vehicle/IC2004,http://irail.be/stations/NMBS/008813037,IC,2018-03-05T05:52:00,2018-03-05T05:52:00,85,85
http://irail.be/vehicle/IC2004,http://irail.be/stations/NMBS/008813003,IC,2018-03-05T05:54:00,2018-03-05T05:53:00,128,88
http://irail.be/vehicle/IC2004,http://irail.be/stations/NMBS/008813045,IC,2018-03-05T05:55:00,2018-03-05T05:55:00,155,155
http://irail.be/vehicle/IC2004,http://irail.be/stations/NMBS/008812005,IC,2018-03-05T06:01:00,2018-03-05T05:58:00,48,147
http://irail.be/vehicle/IC2004,http://irail.be/stations/NMBS/008811007,IC,2018-03-05T06:04:00,2018-03-05T06:04:00,45,45
http://irail.be/vehicle/IC2004,http://irail.be/stations/NMBS/008811148,IC,2018-03-05T06:07:00,2018-03-05T06:07:00,10,10
http://irail.be/vehicle/IC2004,http://irail.be/stations/NMBS/008811189,IC,2018-03-05T06:08:00,2018-03-05T06:08:00,10,10
http://irail.be/vehicle/IC2004,http://irail.be/stations/NMBS/008822269,IC,2018-03-05T06:11:00,2018-03-05T06:11:00,14,14
http://irail.be/vehicle/IC2004,http://irail.be/stations/NMBS/008822251,IC,2018-03-05T06:12:00,2018-03-05T06:12:00,-40,-40
http://irail.be/vehicle/IC2004,http://irail.be/stations/NMBS/008822004,IC,2018-03-05T06:18:00,2018-03-05T06:16:00,25,-106
http://irail.be/vehicle/IC2004,http://irail.be/stations/NMBS/008822343,IC,2018-03-05T06:20:00,2018-03-05T06:20:00,25,25
http://irail.be/vehicle/IC2004,http://irail.be/stations/NMBS/008822228,IC,2018-03-05T06:23:00,2018-03-05T06:23:00,-14,-14
http://irail.be/vehicle/IC2004,http://irail.be/stations/NMBS/008822210,IC,2018-03-05T06:24:00,2018-03-05T06:24:00,-14,-14
http://irail.be/vehicle/IC2004,http://irail.be/stations/NMBS/008821311,IC,2018-03-05T06:26:00,2018-03-05T06:26:00,-14,-14
http://irail.be/vehicle/IC2004,http://irail.be/stations/NMBS/008821337,IC,2018-03-05T06:27:00,2018-03-05T06:27:00,-21,-21
http://irail.be/vehicle/IC2004,http://irail.be/stations/NMBS/008821238,IC,2018-03-05T06:28:00,2018-03-05T06:28:00,-28,-28
http://irail.be/vehicle/IC2004,http://irail.be/stations/NMBS/008821154,IC,2018-03-05T06:29:00,2018-03-05T06:29:00,-45,-45
http://irail.be/vehicle/IC2004,http://irail.be/stations/NMBS/008821121,IC,2018-03-05T06:31:00,2018-03-05T06:30:00,24,-24
http://irail.be/vehicle/IC2004,http://irail.be/stations/NMBS/008821006,IC,2018-03-05T06:39:00,2018-03-05T06:35:00,-20,-24
http://irail.be/vehicle/IC2004,http://irail.be/stations/NMBS/008821063,IC,2018-03-05T06:43:00,2018-03-05T06:43:00,-44,-44
http://irail.be/vehicle/IC2004,http://irail.be/stations/NMBS/008821089,IC,2018-03-05T06:46:00,2018-03-05T06:46:00,45,45
http://irail.be/vehicle/IC2004,NO-URI,IC,2018-03-05T06:49:00,2018-03-05T06:49:00,,42
http://irail.be/vehicle/IC2004,http://irail.be/stations/NMBS/008814001,IC,2018-06-01T05:50:00,2018-06-01T05:50:00,111,
http://irail.be/vehicle/IC2004,http://irail.be/stations/NMBS/008813037,IC,2018-06-01T05:52:00,2018-06-01T05:52:00,142,142
http://irail.be/vehicle/IC2004,http://irail.be/stations/NMBS/008813003,IC,2018-06-01T05:54:00,2018-06-01T05:53:00,231,147
http://irail.be/vehicle/IC2004,http://irail.be/stations/NMBS/008813045,IC,2018-06-01T05:55:00,2018-06-01T05:55:00,239,239
http://irail.be/vehicle/IC2004,http://irail.be/stations/NMBS/008812005,IC,2018-06-01T06:01:00,2018-06-01T05:58:00,144,228
http://irail.be/vehicle/IC2004,http://irail.be/stations/NMBS/008811007,IC,2018-06-01T06:04:00,2018-06-01T06:04:00,90,90
http://irail.be/vehicle/IC2004,http://irail.be/stations/NMBS/008811148,IC,2018-06-01T06:07:00,2018-06-01T06:07:00,69,69
http://irail.be/vehicle/IC2004,http://irail.be/stations/NMBS/008811189,IC,2018-06-01T06:08:00,2018-06-01T06:08:00,69,69
http://irail.be/vehicle/IC2004,http://irail.be/stations/NMBS/008822269,IC,2018-06-01T06:11:00,2018-06-01T06:11:00,89,89
http://irail.be/vehicle/IC2004,http://irail.be/stations/NMBS/008822251,IC,2018-06-01T06:12:00,2018-06-01T06:12:00,97,97
http://irail.be/vehicle/IC2004,http://irail.be/stations/NMBS/008822004,IC,2018-06-01T06:18:00,2018-06-01T06:16:00,4,40
http://irail.be/vehicle/IC2004,http://irail.be/stations/NMBS/008822343,IC,2018-06-01T06:21:00,2018-06-01T06:21:00,4,4
http://irail.be/vehicle/IC2004,http://irail.be/stations/NMBS/008822228,IC,2018-06-01T06:23:00,2018-06-01T06:23:00,-68,-68
http://irail.be/vehicle/IC2004,http://irail.be/stations/NMBS/008822210,IC,2018-06-01T06:24:00,2018-06-01T06:24:00,-68,-68
http://irail.be/vehicle/IC2004,http://irail.be/stations/NMBS/008821311,IC,2018-06-01T06:26:00,2018-06-01T06:26:00,-75,-75
http://irail.be/vehicle/IC2004,http://irail.be/stations/NMBS/008821337,IC,2018-06-01T06:27:00,2018-06-01T06:27:00,-83,-83
http://irail.be/vehicle/IC2004,http://irail.be/stations/NMBS/008821238,IC,2018-06-01T06:28:00,2018-06-01T06:28:00,-92,-92
http://irail.be/vehicle/IC2004,http://irail.be/stations/NMBS/008821154,IC,2018-06-01T06:28:00,2018-06-01T06:28:00,-60,-60
http://irail.be/vehicle/IC2004,http://irail.be/stations/NMBS/008821121,IC,2018-06-01T06:31:00,2018-06-01T06:30:00,13,-63
http://irail.be/vehicle/IC2004,http://irail.be/stations/NMBS/008821006,IC,2018-06-01T06:40:00,2018-06-01T06:35:00,-96,-48
http://irail.be/vehicle/IC2004,http://irail.be/stations/NMBS/008821063,IC,2018-06-01T06:45:00,2018-06-01T06:45:00,-212,-212
http://irail.be/vehicle/IC2004,http://irail.be/stations/NMBS/008821089,IC,2018-06-01T06:47:00,2018-06-01T06:47:00,-147,-147
http://irail.be/vehicle/IC2004,NO-URI,IC,2018-06-01T06:49:00,2018-06-01T06:49:00,,-78
http://irail.be/vehicle/IC2004,http://irail.be/stations/NMBS/008814001,IC,2018-10-05T05:50:00,2018-10-05T05:50:00,-12,
http://irail.be/vehicle/IC2004,http://irail.be/stations/NMBS/008813037,IC,2018-10-05T05:52:00,2018-10-05T05:52:00,34,34
http://irail.be/vehicle/IC2004,http://irail.be/stations/NMBS/008813003,IC,2018-10-05T05:54:00,2018-10-05T05:53:00,32,40
http://irail.be/vehicle/IC2004,http://irail.be/stations/NMBS/008813045,IC,2018-10-05T05:56:00,2018-10-05T05:56:00,5,5
http://irail.be/vehicle/IC2004,http://irail.be/stations/NMBS/008812005,IC,2018-10-05T06:02:00,2018-10-05T05:58:00,34,1
http://irail.be/vehicle/IC2004,http://irail.be/stations/NMBS/008811007,IC,2018-10-05T06:05:00,2018-10-05T06:05:00,-23,-23
http://irail.be/vehicle/IC2004,http://irail.be/stations/NMBS/008811148,IC,2018-10-05T06:08:00,2018-10-05T06:08:00,-35,-35
http://irail.be/vehicle/IC2004,http://irail.be/stations/NMBS/008811189,IC,2018-10-05T06:09:00,2018-10-05T06:09:00,-35,-35
http://irail.be/vehicle/IC2004,http://irail.be/stations/NMBS/008822269,IC,2018-10-05T06:11:00,2018-10-05T06:11:00,-32,-32
http://irail.be/vehicle/IC2004,http://irail.be/stations/NMBS/008822251,IC,2018-10-05T06:12:00,2018-10-05T06:12:00,-34,-34
http://irail.be/vehicle/IC2004,http://irail.be/stations/NMBS/008822004,IC,2018-10-05T06:18:00,2018-10-05T06:16:00,-17,-74
http://irail.be/vehicle/IC2004,http://irail.be/stations/NMBS/008822343,IC,2018-10-05T06:21:00,2018-10-05T06:21:00,-17,-17
http://irail.be/vehicle/IC2004,http://irail.be/stations/NMBS/008822228,IC,2018-10-05T06:23:00,2018-10-05T06:23:00,-77,-77
http://irail.be/vehicle/IC2004,http://irail.be/stations/NMBS/008822210,IC,2018-10-05T06:24:00,2018-10-05T06:24:00,-77,-77
http://irail.be/vehicle/IC2004,http://irail.be/stations/NMBS/008821311,IC,2018-10-05T06:26:00,2018-10-05T06:26:00,-82,-82
http://irail.be/vehicle/IC2004,http://irail.be/stations/NMBS/008821337,IC,2018-10-05T06:27:00,2018-10-05T06:27:00,-87,-87
http://irail.be/vehicle/IC2004,http://irail.be/stations/NMBS/008821238,IC,2018-10-05T06:28:00,2018-10-05T06:28:00,-93,-93
http://irail.be/vehicle/IC2004,http://irail.be/stations/NMBS/008821154,IC,2018-10-05T06:28:00,2018-10-05T06:28:00,-60,-60
http://irail.be/vehicle/IC2004,http://irail.be/stations/NMBS/008821121,IC,2018-10-05T06:32:00,2018-10-05T06:30:00,23,-47
http://irail.be/vehicle/IC2004,http://irail.be/stations/NMBS/008821006,IC,2018-10-05T06:39:00,2018-10-05T06:36:00,12,-27
http://irail.be/vehicle/IC2004,http://irail.be/stations/NMBS/008821063,IC,2018-10-05T06:44:00,2018-10-05T06:43:00,-95,-95
http://irail.be/vehicle/IC2004,http://irail.be/stations/NMBS/008821089,IC,2018-10-05T06:51:00,2018-10-05T06:47:00,100,160
http://irail.be/vehicle/IC2004,NO-URI,IC,2018-10-05T06:54:00,2018-10-05T06:54:00,,-86
http://irail.be/vehicle/IC2004,http://irail.be/stations/NMBS/008814001,IC,2018-08-28T05:50:00,2018-08-28T05:50:00,-10,
http://irail.be/vehicle/IC2004,http://irail.be/stations/NMBS/008813037,IC,2018-08-28T05:52:00,2018-08-28T05:52:00,38,38
http://irail.be/vehicle/IC2004,http://irail.be/stations/NMBS/008813003,IC,2018-08-28T05:54:00,2018-08-28T05:53:00,59,45
http://irail.be/vehicle/IC2004,http://irail.be/stations/NMBS/008813045,IC,2018-08-28T05:55:00,2018-08-28T05:55:00,70,70
http://irail.be/vehicle/IC2004,http://irail.be/stations/NMBS/008812005,IC,2018-08-28T06:01:00,2018-08-28T05:58:00,29,60
http://irail.be/vehicle/IC2004,http://irail.be/stations/NMBS/008811007,IC,2018-08-28T06:04:00,2018-08-28T06:04:00,-9,-9
http://irail.be/vehicle/IC2004,http://irail.be/stations/NMBS/008811148,IC,2018-08-28T06:07:00,2018-08-28T06:07:00,-21,-21
http://irail.be/vehicle/IC2004,http://irail.be/stations/NMBS/008811189,IC,2018-08-28T06:08:00,2018-08-28T06:08:00,-21,-21
http://irail.be/vehicle/IC2004,http://irail.be/stations/NMBS/008822269,IC,2018-08-28T06:11:00,2018-08-28T06:11:00,-20,-20
http://irail.be/vehicle/IC2004,http://irail.be/stations/NMBS/008822251,IC,2018-08-28T06:12:00,2018-08-28T06:12:00,-90,-90
http://irail.be/vehicle/IC2004,http://irail.be/stations/NMBS/008822004,IC,2018-08-28T06:18:00,2018-08-28T06:16:00,-35,-137
http://irail.be/vehicle/IC2004,http://irail.be/stations/NMBS/008822343,IC,2018-08-28T06:21:00,2018-08-28T06:21:00,-35,-35
http://irail.be/vehicle/IC2004,http://irail.be/stations/NMBS/008822228,IC,2018-08-28T06:23:00,2018-08-28T06:23:00,-98,-98
http://irail.be/vehicle/IC2004,http://irail.be/stations/NMBS/008822210,IC,2018-08-28T06:24:00,2018-08-28T06:24:00,-98,-98
http://irail.be/vehicle/IC2004,http://irail.be/stations/NMBS/008821311,IC,2018-08-28T06:26:00,2018-08-28T06:26:00,-99,-99
http://irail.be/vehicle/IC2004,http://irail.be/stations/NMBS/008821337,IC,2018-08-28T06:27:00,2018-08-28T06:27:00,-103,-103
http://irail.be/vehicle/IC2004,http://irail.be/stations/NMBS/008821238,IC,2018-08-28T06:28:00,2018-08-28T06:28:00,-110,-110
http://irail.be/vehicle/IC2004,http://irail.be/stations/NMBS/008821154,IC,2018-08-28T06:28:00,2018-08-28T06:28:00,-77,-77
http://irail.be/vehicle/IC2004,http://irail.be/stations/NMBS/008821121,IC,2018-08-28T06:31:00,2018-08-28T06:30:00,12,-76
http://irail.be/vehicle/IC2004,http://irail.be/stations/NMBS/008821006,IC,2018-08-28T06:39:00,2018-08-28T06:35:00,10,-26
http://irail.be/vehicle/IC2004,http://irail.be/stations/NMBS/008821063,IC,2018-08-28T06:44:00,2018-08-28T06:43:00,-84,-84
http://irail.be/vehicle/IC2004,http://irail.be/stations/NMBS/008821089,IC,2018-08-28T06:51:00,2018-08-28T06:47:00,-14,46
http://irail.be/vehicle/IC2004,NO-URI,IC,2018-08-28T06:54:00,2018-08-28T06:54:00,,-202
http://irail.be/vehicle/IC2004,http://irail.be/stations/NMBS/008814001,IC,2018-04-12T05:50:00,2018-04-12T05:50:00,-5,
http://irail.be/vehicle/IC2004,http://irail.be/stations/NMBS/008813037,IC,2018-04-12T05:52:00,2018-04-12T05:52:00,43,43
http://irail.be/vehicle/IC2004,http://irail.be/stations/NMBS/008813003,IC,2018-04-12T05:54:00,2018-04-12T05:53:00,62,50
http://irail.be/vehicle/IC2004,http://irail.be/stations/NMBS/008813045,IC,2018-04-12T05:55:00,2018-04-12T05:55:00,70,70
http://irail.be/vehicle/IC2004,http://irail.be/stations/NMBS/008812005,IC,2018-04-12T06:01:00,2018-04-12T05:58:00,-9,66
http://irail.be/vehicle/IC2004,http://irail.be/stations/NMBS/008811007,IC,2018-04-12T06:04:00,2018-04-12T06:04:00,-51,-51
http://irail.be/vehicle/IC2004,http://irail.be/stations/NMBS/008811148,IC,2018-04-12T06:07:00,2018-04-12T06:07:00,-48,-48
http://irail.be/vehicle/IC2004,http://irail.be/stations/NMBS/008811189,IC,2018-04-12T06:08:00,2018-04-12T06:08:00,-48,-48
http://irail.be/vehicle/IC2004,http://irail.be/stations/NMBS/008822269,IC,2018-04-12T06:11:00,2018-04-12T06:11:00,-47,-47
http://irail.be/vehicle/IC2004,http://irail.be/stations/NMBS/008822251,IC,2018-04-12T06:12:00,2018-04-12T06:12:00,-104,-104
http://irail.be/vehicle/IC2004,http://irail.be/stations/NMBS/008822004,IC,2018-04-12T06:18:00,2018-04-12T06:16:00,-14,-123
http://irail.be/vehicle/IC2004,http://irail.be/stations/NMBS/008822343,IC,2018-04-12T06:21:00,2018-04-12T06:21:00,-14,-14
http://irail.be/vehicle/IC2004,http://irail.be/stations/NMBS/008822228,IC,2018-04-12T06:23:00,2018-04-12T06:23:00,-40,-40
http://irail.be/vehicle/IC2004,http://irail.be/stations/NMBS/008822210,IC,2018-04-12T06:24:00,2018-04-12T06:24:00,-40,-40
http://irail.be/vehicle/IC2004,http://irail.be/stations/NMBS/008821311,IC,2018-04-12T06:26:00,2018-04-12T06:26:00,-40,-40
http://irail.be/vehicle/IC2004,http://irail.be/stations/NMBS/008821337,IC,2018-04-12T06:27:00,2018-04-12T06:27:00,-36,-36
http://irail.be/vehicle/IC2004,http://irail.be/stations/NMBS/008821238,IC,2018-04-12T06:28:00,2018-04-12T06:28:00,-31,-31
http://irail.be/vehicle/IC2004,http://irail.be/stations/NMBS/008821154,IC,2018-04-12T06:28:00,2018-04-12T06:28:00,47,47
http://irail.be/vehicle/IC2004,http://irail.be/stations/NMBS/008821121,IC,2018-04-12T06:31:00,2018-04-12T06:30:00,174,147
http://irail.be/vehicle/IC2004,http://irail.be/stations/NMBS/008821006,IC,2018-04-12T06:40:00,2018-04-12T06:35:00,-1,109
http://irail.be/vehicle/IC2004,http://irail.be/stations/NMBS/008821063,IC,2018-04-12T06:45:00,2018-04-12T06:45:00,-80,-80
http://irail.be/vehicle/IC2004,http://irail.be/stations/NMBS/008821089,IC,2018-04-12T06:47:00,2018-04-12T06:47:00,-53,-53
http://irail.be/vehicle/IC2004,NO-URI,IC,2018-04-12T06:49:00,2018-04-12T06:49:00,,28
http://irail.be/vehicle/IC2004,http://irail.be/stations/NMBS/008814001,IC,2018-11-16T05:50:00,2018-11-16T05:50:00,7,
http://irail.be/vehicle/IC2004,http://irail.be/stations/NMBS/008813037,IC,2018-11-16T05:52:00,2018-11-16T05:52:00,59,59
http://irail.be/vehicle/IC2004,http://irail.be/stations/NMBS/008813003,IC,2018-11-16T05:54:00,2018-11-16T05:53:00,58,65
http://irail.be/vehicle/IC2004,http://irail.be/stations/NMBS/008813045,IC,2018-11-16T05:56:00,2018-11-16T05:56:00,44,44
http://irail.be/vehicle/IC2004,http://irail.be/stations/NMBS/008812005,IC,2018-11-16T06:02:00,2018-11-16T05:58:00,32,46
http://irail.be/vehicle/IC2004,http://irail.be/stations/NMBS/008811007,IC,2018-11-16T06:05:00,2018-11-16T06:05:00,-18,-18
http://irail.be/vehicle/IC2004,http://irail.be/stations/NMBS/008811148,IC,2018-11-16T06:08:00,2018-11-16T06:08:00,-18,-18
http://irail.be/vehicle/IC2004,http://irail.be/stations/NMBS/008811189,IC,2018-11-16T06:09:00,2018-11-16T06:09:00,-18,-18
http://irail.be/vehicle/IC2004,http://irail.be/stations/NMBS/008822269,IC,2018-11-16T06:11:00,2018-11-16T06:11:00,-8,-8
http://irail.be/vehicle/IC2004,http://irail.be/stations/NMBS/008822251,IC,2018-11-16T06:12:00,2018-11-16T06:12:00,81,81
http://irail.be/vehicle/IC2004,http://irail.be/stations/NMBS/008822004,IC,2018-11-16T06:18:00,2018-11-16T06:16:00,-3,100
http://irail.be/vehicle/IC2004,http://irail.be/stations/NMBS/008822343,IC,2018-11-16T06:21:00,2018-11-16T06:21:00,-3,-3
http://irail.be/vehicle/IC2004,http://irail.be/stations/NMBS/008822228,IC,2018-11-16T06:23:00,2018-11-16T06:23:00,-60,-60
http://irail.be/vehicle/IC2004,http://irail.be/stations/NMBS/008822210,IC,2018-11-16T06:24:00,2018-11-16T06:24:00,-60,-60
http://irail.be/vehicle/IC2004,http://irail.be/stations/NMBS/008821311,IC,2018-11-16T06:26:00,2018-11-16T06:26:00,-68,-68
http://irail.be/vehicle/IC2004,http://irail.be/stations/NMBS/008821337,IC,2018-11-16T06:27:00,2018-11-16T06:27:00,-76,-76
http://irail.be/vehicle/IC2004,http://irail.be/stations/NMBS/008821238,IC,2018-11-16T06:28:00,2018-11-16T06:28:00,-85,-85
http://irail.be/vehicle/IC2004,http://irail.be/stations/NMBS/008821154,IC,2018-11-16T06:28:00,2018-11-16T06:28:00,-53,-53
http://irail.be/vehicle/IC2004,http://irail.be/stations/NMBS/008821121,IC,2018-11-16T06:32:00,2018-11-16T06:30:00,0,-59
http://irail.be/vehicle/IC2004,http://irail.be/stations/NMBS/008821006,IC,2018-11-16T06:39:00,2018-11-16T06:36:00,3,-61
http://irail.be/vehicle/IC2004,http://irail.be/stations/NMBS/008821063,IC,2018-11-16T06:44:00,2018-11-16T06:43:00,-105,-105
http://irail.be/vehicle/IC2004,http://irail.be/stations/NMBS/008821089,IC,2018-11-16T06:51:00,2018-11-16T06:47:00,211,271
http://irail.be/vehicle/IC2004,NO-URI,IC,2018-11-16T06:54:00,2018-11-16T06:54:00,,18
http://irail.be/vehicle/IC2004,http://irail.be/stations/NMBS/008814001,IC,2018-07-06T05:50:00,2018-07-06T05:50:00,-74,
http://irail.be/vehicle/IC2004,http://irail.be/stations/NMBS/008813037,IC,2018-07-06T05:52:00,2018-07-06T05:52:00,-22,-22
http://irail.be/vehicle/IC2004,http://irail.be/stations/NMBS/008813003,IC,2018-07-06T05:54:00,2018-07-06T05:53:00,4,-14
http://irail.be/vehicle/IC2004,http://irail.be/stations/NMBS/008813045,IC,2018-07-06T05:55:00,2018-07-06T05:55:00,13,13
http://irail.be/vehicle/IC2004,http://irail.be/stations/NMBS/008812005,IC,2018-07-06T06:01:00,2018-07-06T05:58:00,-30,5
http://irail.be/vehicle/IC2004,http://irail.be/stations/NMBS/008811007,IC,2018-07-06T06:04:00,2018-07-06T06:04:00,-70,-70
http://irail.be/vehicle/IC2004,http://irail.be/stations/NMBS/008811148,IC,2018-07-06T06:07:00,2018-07-06T06:07:00,-80,-80
http://irail.be/vehicle/IC2004,http://irail.be/stations/NMBS/008811189,IC,2018-07-06T06:08:00,2018-07-06T06:08:00,-80,-80
http://irail.be/vehicle/IC2004,http://irail.be/stations/NMBS/008822269,IC,2018-07-06T06:11:00,2018-07-06T06:11:00,-79,-79
http://irail.be/vehicle/IC2004,http://irail.be/stations/NMBS/008822251,IC,2018-07-06T06:12:00,2018-07-06T06:12:00,-133,-133
http://irail.be/vehicle/IC2004,http://irail.be/stations/NMBS/008822004,IC,2018-07-06T06:18:00,2018-07-06T06:16:00,-101,-145
http://irail.be/vehicle/IC2004,http://irail.be/stations/NMBS/008822343,IC,2018-07-06T06:21:00,2018-07-06T06:21:00,-101,-101
http://irail.be/vehicle/IC2004,http://irail.be/stations/NMBS/008822228,IC,2018-07-06T06:23:00,2018-07-06T06:23:00,-156,-156
http://irail.be/vehicle/IC2004,http://irail.be/stations/NMBS/008822210,IC,2018-07-06T06:24:00,2018-07-06T06:24:00,-156,-156
http://irail.be/vehicle/IC2004,http://irail.be/stations/NMBS/008821311,IC,2018-07-06T06:26:00,2018-07-06T06:26:00,-154,-154
http://irail.be/vehicle/IC2004,http://irail.be/stations/NMBS/008821337,IC,2018-07-06T06:27:00,2018-07-06T06:27:00,-154,-154
http://irail.be/vehicle/IC2004,http://irail.be/stations/NMBS/008821238,IC,2018-07-06T06:28:00,2018-07-06T06:28:00,-158,-158
http://irail.be/vehicle/IC2004,http://irail.be/stations/NMBS/008821154,IC,2018-07-06T06:28:00,2018-07-06T06:28:00,-121,-121
http://irail.be/vehicle/IC2004,http://irail.be/stations/NMBS/008821121,IC,2018-07-06T06:31:00,2018-07-06T06:30:00,-16,-106
http://irail.be/vehicle/IC2004,http://irail.be/stations/NMBS/008821006,IC,2018-07-06T06:39:00,2018-07-06T06:35:00,-26,-17
http://irail.be/vehicle/IC2004,http://irail.be/stations/NMBS/008821063,IC,2018-07-06T06:44:00,2018-07-06T06:43:00,-116,-116
http://irail.be/vehicle/IC2004,http://irail.be/stations/NMBS/008821089,IC,2018-07-06T06:51:00,2018-07-06T06:47:00,-162,60
http://irail.be/vehicle/IC2004,NO-URI,IC,2018-07-06T06:54:00,2018-07-06T06:54:00,,-162
http://irail.be/vehicle/IC2004,http://irail.be/stations/NMBS/008814001,IC,2018-05-14T05:50:00,2018-05-14T05:50:00,23,
http://irail.be/vehicle/IC2004,http://irail.be/stations/NMBS/008813037,IC,2018-05-14T05:52:00,2018-05-14T05:52:00,75,75
http://irail.be/vehicle/IC2004,http://irail.be/stations/NMBS/008813003,IC,2018-05-14T05:54:00,2018-05-14T05:53:00,103,87
http://irail.be/vehicle/IC2004,http://irail.be/stations/NMBS/008813045,IC,2018-05-14T05:55:00,2018-05-14T05:55:00,122,122
http://irail.be/vehicle/IC2004,http://irail.be/stations/NMBS/008812005,IC,2018-05-14T06:01:00,2018-05-14T05:58:00,34,119
http://irail.be/vehicle/IC2004,http://irail.be/stations/NMBS/008811007,IC,2018-05-14T06:04:00,2018-05-14T06:04:00,35,35
http://irail.be/vehicle/IC2004,http://irail.be/stations/NMBS/008811148,IC,2018-05-14T06:07:00,2018-05-14T06:07:00,45,45
http://irail.be/vehicle/IC2004,http://irail.be/stations/NMBS/008811189,IC,2018-05-14T06:08:00,2018-05-14T06:08:00,45,45
http://irail.be/vehicle/IC2004,http://irail.be/stations/NMBS/008822269,IC,2018-05-14T06:11:00,2018-05-14T06:11:00,45,45
http://irail.be/vehicle/IC2004,http://irail.be/stations/NMBS/008822251,IC,2018-05-14T06:12:00,2018-05-14T06:12:00,-12,-12
http://irail.be/vehicle/IC2004,http://irail.be/stations/NMBS/008822004,IC,2018-05-14T06:18:00,2018-05-14T06:16:00,-3,-9
http://irail.be/vehicle/IC2004,http://irail.be/stations/NMBS/008822343,IC,2018-05-14T06:21:00,2018-05-14T06:21:00,-3,-3
http://irail.be/vehicle/IC2004,http://irail.be/stations/NMBS/008822228,IC,2018-05-14T06:23:00,2018-05-14T06:23:00,-10,-10
http://irail.be/vehicle/IC2004,http://irail.be/stations/NMBS/008822210,IC,2018-05-14T06:24:00,2018-05-14T06:24:00,-3,-3
http://irail.be/vehicle/IC2004,http://irail.be/stations/NMBS/008821311,IC,2018-05-14T06:26:00,2018-05-14T06:26:00,-3,-3
http://irail.be/vehicle/IC2004,http://irail.be/stations/NMBS/008821337,IC,2018-05-14T06:27:00,2018-05-14T06:27:00,-5,-5
http://irail.be/vehicle/IC2004,http://irail.be/stations/NMBS/008821238,IC,2018-05-14T06:28:00,2018-05-14T06:28:00,-13,-13
http://irail.be/vehicle/IC2004,http://irail.be/stations/NMBS/008821154,IC,2018-05-14T06:28:00,2018-05-14T06:28:00,19,19
http://irail.be/vehicle/IC2004,http://irail.be/stations/NMBS/008821121,IC,2018-05-14T06:31:00,2018-05-14T06:30:00,90,19
http://irail.be/vehicle/IC2004,http://irail.be/stations/NMBS/008821006,IC,2018-05-14T06:35:00,2018-05-14T06:35:00,,92
http://irail.be/vehicle/IC2004,http://irail.be/stations/NMBS/008814001,IC,2018-02-20T05:50:00,2018-02-20T05:50:00,28,
http://irail.be/vehicle/IC2004,http://irail.be/stations/NMBS/008813037,IC,2018-02-20T05:52:00,2018-02-20T05:52:00,82,82
http://irail.be/vehicle/IC2004,http://irail.be/stations/NMBS/008813003,IC,2018-02-20T05:54:00,2018-02-20T05:53:00,69,86
http://irail.be/vehicle/IC2004,http://irail.be/stations/NMBS/008813045,IC,2018-02-20T05:56:00,2018-02-20T05:56:00,56,56
http://irail.be/vehicle/IC2004,http://irail.be/stations/NMBS/008812005,IC,2018-02-20T06:01:00,2018-02-20T05:58:00,54,55
http://irail.be/vehicle/IC2004,http://irail.be/stations/NMBS/008811007,IC,2018-02-20T06:04:00,2018-02-20T06:04:00,25,25
http://irail.be/vehicle/IC2004,http://irail.be/stations/NMBS/008811148,IC,2018-02-20T06:07:00,2018-02-20T06:07:00,9,9
http://irail.be/vehicle/IC2004,http://irail.be/stations/NMBS/008811189,IC,2018-02-20T06:08:00,2018-02-20T06:08:00,9,9
http://irail.be/vehicle/IC2004,http://irail.be/stations/NMBS/008822269,IC,2018-02-20T06:11:00,2018-02-20T06:11:00,10,10
http://irail.be/vehicle/IC2004,http://irail.be/stations/NMBS/008822251,IC,2018-02-20T06:12:00,2018-02-20T06:12:00,-43,-43
http://irail.be/vehicle/IC2004,http://irail.be/stations/NMBS/008822004,IC,2018-02-20T06:18:00,2018-02-20T06:16:00,5,-72
http://irail.be/vehicle/IC2004,http://irail.be/stations/NMBS/008822343,IC,2018-02-20T06:21:00,2018-02-20T06:21:00,5,5
http://irail.be/vehicle/IC2004,http://irail.be/stations/NMBS/008822228,IC,2018-02-20T06:23:00,2018-02-20T06:23:00,-19,-19
http://irail.be/vehicle/IC2004,http://irail.be/stations/NMBS/008822210,IC,2018-02-20T06:24:00,2018-02-20T06:24:00,-19,-19
http://irail.be/vehicle/IC2004,http://irail.be/stations/NMBS/008821311,IC,2018-02-20T06:26:00,2018-02-20T06:26:00,-19,-19
http://irail.be/vehicle/IC2004,http://irail.be/stations/NMBS/008821337,IC,2018-02-20T06:27:00,2018-02-20T06:27:00,-19,-19
http://irail.be/vehicle/IC2004,http://irail.be/stations/NMBS/008821238,IC,2018-02-20T06:28:00,2018-02-20T06:28:00,-25,-25
http://irail.be/vehicle/IC2004,http://irail.be/stations/NMBS/008821154,IC,2018-02-20T06:28:00,2018-02-20T06:28:00,9,9
http://irail.be/vehicle/IC2004,http://irail.be/stations/NMBS/008821121,IC,2018-02-20T06:31:00,2018-02-20T06:30:00,50,6
http://irail.be/vehicle/IC2004,http://irail.be/stations/NMBS/008821006,IC,2018-02-20T06:39:00,2018-02-20T06:35:00,61,47
http://irail.be/vehicle/IC2004,http://irail.be/stations/NMBS/008821063,IC,2018-02-20T06:43:00,2018-02-20T06:43:00,23,23
http://irail.be/vehicle/IC2004,http://irail.be/stations/NMBS/008821089,IC,2018-02-20T06:46:00,2018-02-20T06:46:00,49,49
http://irail.be/vehicle/IC2004,NO-URI,IC,2018-02-20T06:49:00,2018-02-20T06:49:00,,34
http://irail.be/vehicle/IC2004,http://irail.be/stations/NMBS/008814001,IC,2018-10-11T05:50:00,2018-10-11T05:50:00,-14,
http://irail.be/vehicle/IC2004,http://irail.be/stations/NMBS/008813037,IC,2018-10-11T05:52:00,2018-10-11T05:52:00,27,27
http://irail.be/vehicle/IC2004,http://irail.be/stations/NMBS/008813003,IC,2018-10-11T05:54:00,2018-10-11T05:53:00,24,38
http://irail.be/vehicle/IC2004,http://irail.be/stations/NMBS/008813045,IC,2018-10-11T05:56:00,2018-10-11T05:56:00,1,1
http://irail.be/vehicle/IC2004,http://irail.be/stations/NMBS/008812005,IC,2018-10-11T06:02:00,2018-10-11T05:58:00,187,-1
http://irail.be/vehicle/IC2004,http://irail.be/stations/NMBS/008811007,IC,2018-10-11T06:05:00,2018-10-11T06:05:00,86,86
http://irail.be/vehicle/IC2004,http://irail.be/stations/NMBS/008811148,IC,2018-10-11T06:08:00,2018-10-11T06:08:00,201,201
http://irail.be/vehicle/IC2004,http://irail.be/stations/NMBS/008811189,IC,2018-10-11T06:09:00,2018-10-11T06:09:00,201,201
http://irail.be/vehicle/IC2004,http://irail.be/stations/NMBS/008822269,IC,2018-10-11T06:11:00,2018-10-11T06:11:00,202,202
http://irail.be/vehicle/IC2004,http://irail.be/stations/NMBS/008822251,IC,2018-10-11T06:12:00,2018-10-11T06:12:00,308,308
http://irail.be/vehicle/IC2004,http://irail.be/stations/NMBS/008822004,IC,2018-10-11T06:18:00,2018-10-11T06:16:00,308,382
http://irail.be/vehicle/IC2004,http://irail.be/stations/NMBS/008822343,IC,2018-10-11T06:21:00,2018-10-11T06:21:00,308,308
http://irail.be/vehicle/IC2004,http://irail.be/stations/NMBS/008822228,IC,2018-10-11T06:23:00,2018-10-11T06:23:00,241,241
http://irail.be/vehicle/IC2004,http://irail.be/stations/NMBS/008822210,IC,2018-10-11T06:24:00,2018-10-11T06:24:00,241,241
http://irail.be/vehicle/IC2004,http://irail.be/stations/NMBS/008821311,IC,2018-10-11T06:26:00,2018-10-11T06:26:00,240,240
http://irail.be/vehicle/IC2004,http://irail.be/stations/NMBS/008821337,IC,2018-10-11T06:27:00,2018-10-11T06:27:00,242,242
http://irail.be/vehicle/IC2004,http://irail.be/stations/NMBS/008821238,IC,2018-10-11T06:28:00,2018-10-11T06:28:00,243,243
http://irail.be/vehicle/IC2004,http://irail.be/stations/NMBS/008821154,IC,2018-10-11T06:28:00,2018-10-11T06:28:00,283,283
http://irail.be/vehicle/IC2004,http://irail.be/stations/NMBS/008821121,IC,2018-10-11T06:32:00,2018-10-11T06:30:00,282,301
http://irail.be/vehicle/IC2004,http://irail.be/stations/NMBS/008821006,IC,2018-10-11T06:39:00,2018-10-11T06:36:00,182,270
http://irail.be/vehicle/IC2004,http://irail.be/stations/NMBS/008821063,IC,2018-10-11T06:44:00,2018-10-11T06:43:00,94,94
http://irail.be/vehicle/IC2004,http://irail.be/stations/NMBS/008821089,IC,2018-10-11T06:51:00,2018-10-11T06:47:00,270,330
http://irail.be/vehicle/IC2004,NO-URI,IC,2018-10-11T06:54:00,2018-10-11T06:54:00,,81
http://irail.be/vehicle/IC2004,http://irail.be/stations/NMBS/008814001,IC,2018-03-23T05:50:00,2018-03-23T05:50:00,-21,
http://irail.be/vehicle/IC2004,http://irail.be/stations/NMBS/008813037,IC,2018-03-23T05:52:00,2018-03-23T05:52:00,33,33
http://irail.be/vehicle/IC2004,http://irail.be/stations/NMBS/008813003,IC,2018-03-23T05:54:00,2018-03-23T05:53:00,140,45
http://irail.be/vehicle/IC2004,http://irail.be/stations/NMBS/008813045,IC,2018-03-23T05:56:00,2018-03-23T05:56:00,130,130
http://irail.be/vehicle/IC2004,http://irail.be/stations/NMBS/008812005,IC,2018-03-23T06:01:00,2018-03-23T05:58:00,27,123
http://irail.be/vehicle/IC2004,http://irail.be/stations/NMBS/008811007,IC,2018-03-23T06:04:00,2018-03-23T06:04:00,2,2
http://irail.be/vehicle/IC2004,http://irail.be/stations/NMBS/008811148,IC,2018-03-23T06:07:00,2018-03-23T06:07:00,54,54
http://irail.be/vehicle/IC2004,http://irail.be/stations/NMBS/008811189,IC,2018-03-23T06:08:00,2018-03-23T06:08:00,54,54
http://irail.be/vehicle/IC2004,http://irail.be/stations/NMBS/008822269,IC,2018-03-23T06:11:00,2018-03-23T06:11:00,54,54
http://irail.be/vehicle/IC2004,http://irail.be/stations/NMBS/008822251,IC,2018-03-23T06:12:00,2018-03-23T06:12:00,-8,-8
http://irail.be/vehicle/IC2004,http://irail.be/stations/NMBS/008822004,IC,2018-03-23T06:18:00,2018-03-23T06:16:00,-37,-36
http://irail.be/vehicle/IC2004,http://irail.be/stations/NMBS/008822343,IC,2018-03-23T06:21:00,2018-03-23T06:21:00,-37,-37
http://irail.be/vehicle/IC2004,http://irail.be/stations/NMBS/008822228,IC,2018-03-23T06:23:00,2018-03-23T06:23:00,-96,-96
http://irail.be/vehicle/IC2004,http://irail.be/stations/NMBS/008822210,IC,2018-03-23T06:24:00,2018-03-23T06:24:00,-96,-96
http://irail.be/vehicle/IC2004,http://irail.be/stations/NMBS/008821311,IC,2018-03-23T06:26:00,2018-03-23T06:26:00,-96,-96
http://irail.be/vehicle/IC2004,http://irail.be/stations/NMBS/008821337,IC,2018-03-23T06:27:00,2018-03-23T06:27:00,-97,-97
http://irail.be/vehicle/IC2004,http://irail.be/stations/NMBS/008821238,IC,2018-03-23T06:28:00,2018-03-23T06:28:00,-100,-100
http://irail.be/vehicle/IC2004,http://irail.be/stations/NMBS/008821154,IC,2018-03-23T06:28:00,2018-03-23T06:28:00,-56,-56
http://irail.be/vehicle/IC2004,http://irail.be/stations/NMBS/008821121,IC,2018-03-23T06:31:00,2018-03-23T06:30:00,-10,-49
http://irail.be/vehicle/IC2004,http://irail.be/stations/NMBS/008821006,IC,2018-03-23T06:39:00,2018-03-23T06:35:00,95,-56
http://irail.be/vehicle/IC2004,http://irail.be/stations/NMBS/008821063,IC,2018-03-23T06:43:00,2018-03-23T06:43:00,52,52
http://irail.be/vehicle/IC2004,http://irail.be/stations/NMBS/008821089,IC,2018-03-23T06:46:00,2018-03-23T06:46:00,106,106
http://irail.be/vehicle/IC2004,NO-URI,IC,2018-03-23T06:49:00,2018-03-23T06:49:00,,101
http://irail.be/vehicle/IC2004,http://irail.be/stations/NMBS/008814001,IC,2018-04-26T05:50:00,2018-04-26T05:50:00,82,
http://irail.be/vehicle/IC2004,http://irail.be/stations/NMBS/008813037,IC,2018-04-26T05:52:00,2018-04-26T05:52:00,121,121
http://irail.be/vehicle/IC2004,http://irail.be/stations/NMBS/008813003,IC,2018-04-26T05:54:00,2018-04-26T05:53:00,146,134
http://irail.be/vehicle/IC2004,http://irail.be/stations/NMBS/008813045,IC,2018-04-26T05:55:00,2018-04-26T05:55:00,156,156
http://irail.be/vehicle/IC2004,http://irail.be/stations/NMBS/008812005,IC,2018-04-26T06:01:00,2018-04-26T05:58:00,54,154
http://irail.be/vehicle/IC2004,http://irail.be/stations/NMBS/008811007,IC,2018-04-26T06:04:00,2018-04-26T06:04:00,15,15
http://irail.be/vehicle/IC2004,http://irail.be/stations/NMBS/008811148,IC,2018-04-26T06:07:00,2018-04-26T06:07:00,-5,-5
http://irail.be/vehicle/IC2004,http://irail.be/stations/NMBS/008811189,IC,2018-04-26T06:08:00,2018-04-26T06:08:00,-5,-5
http://irail.be/vehicle/IC2004,http://irail.be/stations/NMBS/008822269,IC,2018-04-26T06:11:00,2018-04-26T06:11:00,-7,-7
http://irail.be/vehicle/IC2004,http://irail.be/stations/NMBS/008822251,IC,2018-04-26T06:12:00,2018-04-26T06:12:00,-68,-68
http://irail.be/vehicle/IC2004,http://irail.be/stations/NMBS/008822004,IC,2018-04-26T06:18:00,2018-04-26T06:16:00,1,59
http://irail.be/vehicle/IC2004,http://irail.be/stations/NMBS/008822343,IC,2018-04-26T06:21:00,2018-04-26T06:21:00,1,1
http://irail.be/vehicle/IC2004,http://irail.be/stations/NMBS/008822228,IC,2018-04-26T06:23:00,2018-04-26T06:23:00,-45,-45
http://irail.be/vehicle/IC2004,http://irail.be/stations/NMBS/008822210,IC,2018-04-26T06:24:00,2018-04-26T06:24:00,-45,-45
http://irail.be/vehicle/IC2004,http://irail.be/stations/NMBS/008821311,IC,2018-04-26T06:26:00,2018-04-26T06:26:00,-45,-45
http://irail.be/vehicle/IC2004,http://irail.be/stations/NMBS/008821337,IC,2018-04-26T06:27:00,2018-04-26T06:27:00,-48,-48
http://irail.be/vehicle/IC2004,http://irail.be/stations/NMBS/008821238,IC,2018-04-26T06:28:00,2018-04-26T06:28:00,-52,-52
http://irail.be/vehicle/IC2004,http://irail.be/stations/NMBS/008821154,IC,2018-04-26T06:28:00,2018-04-26T06:28:00,-15,-15
http://irail.be/vehicle/IC2004,http://irail.be/stations/NMBS/008821121,IC,2018-04-26T06:31:00,2018-04-26T06:30:00,96,36
http://irail.be/vehicle/IC2004,http://irail.be/stations/NMBS/008821006,IC,2018-04-26T06:40:00,2018-04-26T06:35:00,87,78
http://irail.be/vehicle/IC2004,http://irail.be/stations/NMBS/008821063,IC,2018-04-26T06:45:00,2018-04-26T06:45:00,-13,-13
http://irail.be/vehicle/IC2004,http://irail.be/stations/NMBS/008821089,IC,2018-04-26T06:47:00,2018-04-26T06:47:00,17,17
http://irail.be/vehicle/IC2004,NO-URI,IC,2018-04-26T06:49:00,2018-04-26T06:49:00,,69
http://irail.be/vehicle/IC2004,http://irail.be/stations/NMBS/008814001,IC,2018-04-23T05:50:00,2018-04-23T05:50:00,29,
http://irail.be/vehicle/IC2004,http://irail.be/stations/NMBS/008813037,IC,2018-04-23T05:52:00,2018-04-23T05:52:00,58,58
http://irail.be/vehicle/IC2004,http://irail.be/stations/NMBS/008813003,IC,2018-04-23T05:54:00,2018-04-23T05:53:00,79,64
http://irail.be/vehicle/IC2004,http://irail.be/stations/NMBS/008813045,IC,2018-04-23T05:55:00,2018-04-23T05:55:00,90,90
http://irail.be/vehicle/IC2004,http://irail.be/stations/NMBS/008812005,IC,2018-04-23T06:01:00,2018-04-23T05:58:00,47,86
http://irail.be/vehicle/IC2004,http://irail.be/stations/NMBS/008811007,IC,2018-04-23T06:04:00,2018-04-23T06:04:00,50,50
http://irail.be/vehicle/IC2004,http://irail.be/stations/NMBS/008811148,IC,2018-04-23T06:07:00,2018-04-23T06:07:00,249,249
http://irail.be/vehicle/IC2004,http://irail.be/stations/NMBS/008811189,IC,2018-04-23T06:08:00,2018-04-23T06:08:00,249,249
http://irail.be/vehicle/IC2004,http://irail.be/stations/NMBS/008822269,IC,2018-04-23T06:11:00,2018-04-23T06:11:00,336,336
http://irail.be/vehicle/IC2004,http://irail.be/stations/NMBS/008822251,IC,2018-04-23T06:14:00,2018-04-23T06:12:00,554,554
http://irail.be/vehicle/IC2004,http://irail.be/stations/NMBS/008822004,IC,2018-04-23T06:18:00,2018-04-23T06:16:00,622,554
http://irail.be/vehicle/IC2004,http://irail.be/stations/NMBS/008822343,IC,2018-04-23T06:21:00,2018-04-23T06:21:00,622,622
http://irail.be/vehicle/IC2004,http://irail.be/stations/NMBS/008822228,IC,2018-04-23T06:23:00,2018-04-23T06:23:00,742,742
http://irail.be/vehicle/IC2004,http://irail.be/stations/NMBS/008822210,IC,2018-04-23T06:24:00,2018-04-23T06:24:00,742,742
http://irail.be/vehicle/IC2004,http://irail.be/stations/NMBS/008821311,IC,2018-04-23T06:26:00,2018-04-23T06:26:00,742,742
http://irail.be/vehicle/IC2004,http://irail.be/stations/NMBS/008821337,IC,2018-04-23T06:27:00,2018-04-23T06:27:00,741,741
http://irail.be/vehicle/IC2004,http://irail.be/stations/NMBS/008821238,IC,2018-04-23T06:28:00,2018-04-23T06:28:00,737,737
http://irail.be/vehicle/IC2004,http://irail.be/stations/NMBS/008821154,IC,2018-04-23T06:28:00,2018-04-23T06:28:00,771,771
http://irail.be/vehicle/IC2004,http://irail.be/stations/NMBS/008821121,IC,2018-04-23T06:31:00,2018-04-23T06:30:00,849,790
http://irail.be/vehicle/IC2004,http://irail.be/stations/NMBS/008821006,IC,2018-04-23T06:40:00,2018-04-23T06:35:00,882,854
http://irail.be/vehicle/IC2004,http://irail.be/stations/NMBS/008821063,IC,2018-04-23T06:45:00,2018-04-23T06:45:00,770,770
http://irail.be/vehicle/IC2004,http://irail.be/stations/NMBS/008821089,IC,2018-04-23T06:47:00,2018-04-23T06:47:00,799,799
http://irail.be/vehicle/IC2004,NO-URI,IC,2018-04-23T06:49:00,2018-04-23T06:49:00,,866
http://irail.be/vehicle/IC2004,http://irail.be/stations/NMBS/008814001,IC,2018-02-09T05:50:00,2018-02-09T05:50:00,3,
http://irail.be/vehicle/IC2004,http://irail.be/stations/NMBS/008813037,IC,2018-02-09T05:52:00,2018-02-09T05:52:00,85,85
http://irail.be/vehicle/IC2004,http://irail.be/stations/NMBS/008813003,IC,2018-02-09T05:54:00,2018-02-09T05:53:00,105,94
http://irail.be/vehicle/IC2004,http://irail.be/stations/NMBS/008813045,IC,2018-02-09T05:56:00,2018-02-09T05:56:00,82,82
http://irail.be/vehicle/IC2004,http://irail.be/stations/NMBS/008812005,IC,2018-02-09T06:01:00,2018-02-09T05:58:00,45,78
http://irail.be/vehicle/IC2004,http://irail.be/stations/NMBS/008811007,IC,2018-02-09T06:04:00,2018-02-09T06:04:00,100,100
http://irail.be/vehicle/IC2004,http://irail.be/stations/NMBS/008811148,IC,2018-02-09T06:07:00,2018-02-09T06:07:00,123,123
http://irail.be/vehicle/IC2004,http://irail.be/stations/NMBS/008811189,IC,2018-02-09T06:08:00,2018-02-09T06:08:00,123,123
http://irail.be/vehicle/IC2004,http://irail.be/stations/NMBS/008822269,IC,2018-02-09T06:11:00,2018-02-09T06:11:00,162,162
http://irail.be/vehicle/IC2004,http://irail.be/stations/NMBS/008822251,IC,2018-02-09T06:12:00,2018-02-09T06:12:00,136,136
http://irail.be/vehicle/IC2004,http://irail.be/stations/NMBS/008822004,IC,2018-02-09T06:18:00,2018-02-09T06:16:00,31,81
http://irail.be/vehicle/IC2004,http://irail.be/stations/NMBS/008822343,IC,2018-02-09T06:21:00,2018-02-09T06:21:00,31,31
http://irail.be/vehicle/IC2004,http://irail.be/stations/NMBS/008822228,IC,2018-02-09T06:23:00,2018-02-09T06:23:00,9,9
http://irail.be/vehicle/IC2004,http://irail.be/stations/NMBS/008822210,IC,2018-02-09T06:24:00,2018-02-09T06:24:00,9,9
http://irail.be/vehicle/IC2004,http://irail.be/stations/NMBS/008821311,IC,2018-02-09T06:26:00,2018-02-09T06:26:00,9,9
http://irail.be/vehicle/IC2004,http://irail.be/stations/NMBS/008821337,IC,2018-02-09T06:27:00,2018-02-09T06:27:00,11,11
http://irail.be/vehicle/IC2004,http://irail.be/stations/NMBS/008821238,IC,2018-02-09T06:28:00,2018-02-09T06:28:00,5,5
http://irail.be/vehicle/IC2004,http://irail.be/stations/NMBS/008821154,IC,2018-02-09T06:28:00,2018-02-09T06:28:00,40,40
http://irail.be/vehicle/IC2004,http://irail.be/stations/NMBS/008821121,IC,2018-02-09T06:31:00,2018-02-09T06:30:00,133,41
http://irail.be/vehicle/IC2004,http://irail.be/stations/NMBS/008821006,IC,2018-02-09T06:39:00,2018-02-09T06:35:00,352,103
http://irail.be/vehicle/IC2004,http://irail.be/stations/NMBS/008821063,IC,2018-02-09T06:43:00,2018-02-09T06:43:00,450,450
http://irail.be/vehicle/IC2004,http://irail.be/stations/NMBS/008821089,IC,2018-02-09T06:46:00,2018-02-09T06:46:00,412,412
http://irail.be/vehicle/IC2004,NO-URI,IC,2018-02-09T06:49:00,2018-02-09T06:49:00,,423
http://irail.be/vehicle/IC2004,http://irail.be/stations/NMBS/008814001,IC,2018-07-12T05:50:00,2018-07-12T05:50:00,-27,
http://irail.be/vehicle/IC2004,http://irail.be/stations/NMBS/008813037,IC,2018-07-12T05:52:00,2018-07-12T05:52:00,24,24
http://irail.be/vehicle/IC2004,http://irail.be/stations/NMBS/008813003,IC,2018-07-12T05:54:00,2018-07-12T05:53:00,49,33
http://irail.be/vehicle/IC2004,http://irail.be/stations/NMBS/008813045,IC,2018-07-12T05:55:00,2018-07-12T05:55:00,56,56
http://irail.be/vehicle/IC2004,http://irail.be/stations/NMBS/008812005,IC,2018-07-12T06:01:00,2018-07-12T05:58:00,28,44
http://irail.be/vehicle/IC2004,http://irail.be/stations/NMBS/008811007,IC,2018-07-12T06:04:00,2018-07-12T06:04:00,-22,-22
http://irail.be/vehicle/IC2004,http://irail.be/stations/NMBS/008811148,IC,2018-07-12T06:07:00,2018-07-12T06:07:00,-44,-44
http://irail.be/vehicle/IC2004,http://irail.be/stations/NMBS/008811189,IC,2018-07-12T06:08:00,2018-07-12T06:08:00,-44,-44
http://irail.be/vehicle/IC2004,http://irail.be/stations/NMBS/008822269,IC,2018-07-12T06:11:00,2018-07-12T06:11:00,-47,-47
http://irail.be/vehicle/IC2004,http://irail.be/stations/NMBS/008822251,IC,2018-07-12T06:12:00,2018-07-12T06:12:00,-107,-107
http://irail.be/vehicle/IC2004,http://irail.be/stations/NMBS/008822004,IC,2018-07-12T06:18:00,2018-07-12T06:16:00,-37,-149
http://irail.be/vehicle/IC2004,http://irail.be/stations/NMBS/008822343,IC,2018-07-12T06:21:00,2018-07-12T06:21:00,-37,-37
http://irail.be/vehicle/IC2004,http://irail.be/stations/NMBS/008822228,IC,2018-07-12T06:23:00,2018-07-12T06:23:00,-88,-88
http://irail.be/vehicle/IC2004,http://irail.be/stations/NMBS/008822210,IC,2018-07-12T06:24:00,2018-07-12T06:24:00,-88,-88
http://irail.be/vehicle/IC2004,http://irail.be/stations/NMBS/008821311,IC,2018-07-12T06:26:00,2018-07-12T06:26:00,-92,-92
http://irail.be/vehicle/IC2004,http://irail.be/stations/NMBS/008821337,IC,2018-07-12T06:27:00,2018-07-12T06:27:00,-100,-100
http://irail.be/vehicle/IC2004,http://irail.be/stations/NMBS/008821238,IC,2018-07-12T06:28:00,2018-07-12T06:28:00,-108,-108
http://irail.be/vehicle/IC2004,http://irail.be/stations/NMBS/008821154,IC,2018-07-12T06:28:00,2018-07-12T06:28:00,-74,-74
http://irail.be/vehicle/IC2004,http://irail.be/stations/NMBS/008821121,IC,2018-07-12T06:31:00,2018-07-12T06:30:00,2,-75
http://irail.be/vehicle/IC2004,http://irail.be/stations/NMBS/008821006,IC,2018-07-12T06:39:00,2018-07-12T06:35:00,7,-45
http://irail.be/vehicle/IC2004,http://irail.be/stations/NMBS/008821063,IC,2018-07-12T06:44:00,2018-07-12T06:43:00,-94,-94
http://irail.be/vehicle/IC2004,http://irail.be/stations/NMBS/008821089,IC,2018-07-12T06:51:00,2018-07-12T06:47:00,-61,53
http://irail.be/vehicle/IC2004,NO-URI,IC,2018-07-12T06:54:00,2018-07-12T06:54:00,,-61
http://irail.be/vehicle/IC2004,http://irail.be/stations/NMBS/008814001,IC,2018-06-25T05:50:00,2018-06-25T05:50:00,-1,
http://irail.be/vehicle/IC2004,http://irail.be/stations/NMBS/008813037,IC,2018-06-25T05:52:00,2018-06-25T05:52:00,38,38
http://irail.be/vehicle/IC2004,http://irail.be/stations/NMBS/008813003,IC,2018-06-25T05:54:00,2018-06-25T05:53:00,54,42
http://irail.be/vehicle/IC2004,http://irail.be/stations/NMBS/008813045,IC,2018-06-25T05:55:00,2018-06-25T05:55:00,65,65
http://irail.be/vehicle/IC2004,http://irail.be/stations/NMBS/008812005,IC,2018-06-25T06:01:00,2018-06-25T05:58:00,35,51
http://irail.be/vehicle/IC2004,http://irail.be/stations/NMBS/008811007,IC,2018-06-25T06:04:00,2018-06-25T06:04:00,-7,-7
http://irail.be/vehicle/IC2004,http://irail.be/stations/NMBS/008811148,IC,2018-06-25T06:07:00,2018-06-25T06:07:00,-24,-24
http://irail.be/vehicle/IC2004,http://irail.be/stations/NMBS/008811189,IC,2018-06-25T06:08:00,2018-06-25T06:08:00,-24,-24
http://irail.be/vehicle/IC2004,http://irail.be/stations/NMBS/008822269,IC,2018-06-25T06:11:00,2018-06-25T06:11:00,-22,-22
http://irail.be/vehicle/IC2004,http://irail.be/stations/NMBS/008822251,IC,2018-06-25T06:12:00,2018-06-25T06:12:00,-37,-37
http://irail.be/vehicle/IC2004,http://irail.be/stations/NMBS/008822004,IC,2018-06-25T06:18:00,2018-06-25T06:16:00,-23,-36
http://irail.be/vehicle/IC2004,http://irail.be/stations/NMBS/008822343,IC,2018-06-25T06:21:00,2018-06-25T06:21:00,-23,-23
http://irail.be/vehicle/IC2004,http://irail.be/stations/NMBS/008822228,IC,2018-06-25T06:23:00,2018-06-25T06:23:00,-72,-72
http://irail.be/vehicle/IC2004,http://irail.be/stations/NMBS/008822210,IC,2018-06-25T06:24:00,2018-06-25T06:24:00,-72,-72
http://irail.be/vehicle/IC2004,http://irail.be/stations/NMBS/008821311,IC,2018-06-25T06:26:00,2018-06-25T06:26:00,-75,-75
http://irail.be/vehicle/IC2004,http://irail.be/stations/NMBS/008821337,IC,2018-06-25T06:27:00,2018-06-25T06:27:00,-70,-70
http://irail.be/vehicle/IC2004,http://irail.be/stations/NMBS/008821238,IC,2018-06-25T06:28:00,2018-06-25T06:28:00,-72,-72
http://irail.be/vehicle/IC2004,http://irail.be/stations/NMBS/008821154,IC,2018-06-25T06:28:00,2018-06-25T06:28:00,-34,-34
http://irail.be/vehicle/IC2004,http://irail.be/stations/NMBS/008821121,IC,2018-06-25T06:31:00,2018-06-25T06:30:00,29,-43
http://irail.be/vehicle/IC2004,http://irail.be/stations/NMBS/008821006,IC,2018-06-25T06:39:00,2018-06-25T06:35:00,12,-22
http://irail.be/vehicle/IC2004,http://irail.be/stations/NMBS/008821063,IC,2018-06-25T06:44:00,2018-06-25T06:43:00,-96,-96
http://irail.be/vehicle/IC2004,http://irail.be/stations/NMBS/008821089,IC,2018-06-25T06:51:00,2018-06-25T06:47:00,-146,18
http://irail.be/vehicle/IC2004,NO-URI,IC,2018-06-25T06:54:00,2018-06-25T06:54:00,,-146
http://irail.be/vehicle/IC2004,http://irail.be/stations/NMBS/008814001,IC,2018-07-16T05:50:00,2018-07-16T05:50:00,-17,
http://irail.be/vehicle/IC2004,http://irail.be/stations/NMBS/008813037,IC,2018-07-16T05:52:00,2018-07-16T05:52:00,25,25
http://irail.be/vehicle/IC2004,http://irail.be/stations/NMBS/008813003,IC,2018-07-16T05:54:00,2018-07-16T05:53:00,58,30
http://irail.be/vehicle/IC2004,http://irail.be/stations/NMBS/008813045,IC,2018-07-16T05:55:00,2018-07-16T05:55:00,67,67
http://irail.be/vehicle/IC2004,http://irail.be/stations/NMBS/008812005,IC,2018-07-16T06:01:00,2018-07-16T05:58:00,28,52
http://irail.be/vehicle/IC2004,http://irail.be/stations/NMBS/008811007,IC,2018-07-16T06:04:00,2018-07-16T06:04:00,-5,-5
http://irail.be/vehicle/IC2004,http://irail.be/stations/NMBS/008811148,IC,2018-07-16T06:07:00,2018-07-16T06:07:00,-27,-27
http://irail.be/vehicle/IC2004,http://irail.be/stations/NMBS/008811189,IC,2018-07-16T06:08:00,2018-07-16T06:08:00,-27,-27
http://irail.be/vehicle/IC2004,http://irail.be/stations/NMBS/008822269,IC,2018-07-16T06:11:00,2018-07-16T06:11:00,-28,-28
http://irail.be/vehicle/IC2004,http://irail.be/stations/NMBS/008822251,IC,2018-07-16T06:12:00,2018-07-16T06:12:00,-91,-91
http://irail.be/vehicle/IC2004,http://irail.be/stations/NMBS/008822004,IC,2018-07-16T06:18:00,2018-07-16T06:16:00,-35,-128
http://irail.be/vehicle/IC2004,http://irail.be/stations/NMBS/008822343,IC,2018-07-16T06:21:00,2018-07-16T06:21:00,-35,-35
http://irail.be/vehicle/IC2004,http://irail.be/stations/NMBS/008822228,IC,2018-07-16T06:23:00,2018-07-16T06:23:00,-91,-91
http://irail.be/vehicle/IC2004,http://irail.be/stations/NMBS/008822210,IC,2018-07-16T06:24:00,2018-07-16T06:24:00,-91,-91
http://irail.be/vehicle/IC2004,http://irail.be/stations/NMBS/008821311,IC,2018-07-16T06:26:00,2018-07-16T06:26:00,-91,-91
http://irail.be/vehicle/IC2004,http://irail.be/stations/NMBS/008821337,IC,2018-07-16T06:27:00,2018-07-16T06:27:00,-82,-82
http://irail.be/vehicle/IC2004,http://irail.be/stations/NMBS/008821238,IC,2018-07-16T06:28:00,2018-07-16T06:28:00,-76,-76
http://irail.be/vehicle/IC2004,http://irail.be/stations/NMBS/008821154,IC,2018-07-16T06:28:00,2018-07-16T06:28:00,-33,-33
http://irail.be/vehicle/IC2004,http://irail.be/stations/NMBS/008821121,IC,2018-07-16T06:31:00,2018-07-16T06:30:00,16,-33
http://irail.be/vehicle/IC2004,http://irail.be/stations/NMBS/008821006,IC,2018-07-16T06:39:00,2018-07-16T06:35:00,10,-17
http://irail.be/vehicle/IC2004,http://irail.be/stations/NMBS/008821063,IC,2018-07-16T06:44:00,2018-07-16T06:43:00,-94,-94
http://irail.be/vehicle/IC2004,http://irail.be/stations/NMBS/008821089,IC,2018-07-16T06:51:00,2018-07-16T06:47:00,-61,161
http://irail.be/vehicle/IC2004,NO-URI,IC,2018-07-16T06:54:00,2018-07-16T06:54:00,,-61
http://irail.be/vehicle/IC2004,http://irail.be/stations/NMBS/008814001,IC,2018-03-19T05:50:00,2018-03-19T05:50:00,-3,
http://irail.be/vehicle/IC2004,http://irail.be/stations/NMBS/008813037,IC,2018-03-19T05:52:00,2018-03-19T05:52:00,46,46
http://irail.be/vehicle/IC2004,http://irail.be/stations/NMBS/008813003,IC,2018-03-19T05:54:00,2018-03-19T05:53:00,57,65
http://irail.be/vehicle/IC2004,http://irail.be/stations/NMBS/008813045,IC,2018-03-19T05:56:00,2018-03-19T05:56:00,49,49
http://irail.be/vehicle/IC2004,http://irail.be/stations/NMBS/008812005,IC,2018-03-19T06:01:00,2018-03-19T05:58:00,32,47
http://irail.be/vehicle/IC2004,http://irail.be/stations/NMBS/008811007,IC,2018-03-19T06:04:00,2018-03-19T06:04:00,74,74
http://irail.be/vehicle/IC2004,http://irail.be/stations/NMBS/008811148,IC,2018-03-19T06:07:00,2018-03-19T06:07:00,194,194
http://irail.be/vehicle/IC2004,http://irail.be/stations/NMBS/008811189,IC,2018-03-19T06:08:00,2018-03-19T06:08:00,194,194
http://irail.be/vehicle/IC2004,http://irail.be/stations/NMBS/008822269,IC,2018-03-19T06:11:00,2018-03-19T06:11:00,225,225
http://irail.be/vehicle/IC2004,http://irail.be/stations/NMBS/008822251,IC,2018-03-19T06:12:00,2018-03-19T06:12:00,156,156
http://irail.be/vehicle/IC2004,http://irail.be/stations/NMBS/008822004,IC,2018-03-19T06:18:00,2018-03-19T06:16:00,19,107
http://irail.be/vehicle/IC2004,http://irail.be/stations/NMBS/008822343,IC,2018-03-19T06:21:00,2018-03-19T06:21:00,19,19
http://irail.be/vehicle/IC2004,http://irail.be/stations/NMBS/008822228,IC,2018-03-19T06:23:00,2018-03-19T06:23:00,-18,-18
http://irail.be/vehicle/IC2004,http://irail.be/stations/NMBS/008822210,IC,2018-03-19T06:24:00,2018-03-19T06:24:00,-18,-18
http://irail.be/vehicle/IC2004,http://irail.be/stations/NMBS/008821311,IC,2018-03-19T06:26:00,2018-03-19T06:26:00,-18,-18
http://irail.be/vehicle/IC2004,http://irail.be/stations/NMBS/008821337,IC,2018-03-19T06:27:00,2018-03-19T06:27:00,-23,-23
http://irail.be/vehicle/IC2004,http://irail.be/stations/NMBS/008821238,IC,2018-03-19T06:28:00,2018-03-19T06:28:00,-28,-28
http://irail.be/vehicle/IC2004,http://irail.be/stations/NMBS/008821154,IC,2018-03-19T06:28:00,2018-03-19T06:28:00,8,8
http://irail.be/vehicle/IC2004,http://irail.be/stations/NMBS/008821121,IC,2018-03-19T06:31:00,2018-03-19T06:30:00,39,16
http://irail.be/vehicle/IC2004,http://irail.be/stations/NMBS/008821006,IC,2018-03-19T06:39:00,2018-03-19T06:35:00,48,3
http://irail.be/vehicle/IC2004,http://irail.be/stations/NMBS/008821063,IC,2018-03-19T06:43:00,2018-03-19T06:43:00,15,15
http://irail.be/vehicle/IC2004,http://irail.be/stations/NMBS/008821089,IC,2018-03-19T06:46:00,2018-03-19T06:46:00,150,150
http://irail.be/vehicle/IC2004,NO-URI,IC,2018-03-19T06:49:00,2018-03-19T06:49:00,,184
http://irail.be/vehicle/IC2004,http://irail.be/stations/NMBS/008814001,IC,2018-10-31T05:50:00,2018-10-31T05:50:00,11,
http://irail.be/vehicle/IC2004,http://irail.be/stations/NMBS/008813037,IC,2018-10-31T05:52:00,2018-10-31T05:52:00,47,47
http://irail.be/vehicle/IC2004,http://irail.be/stations/NMBS/008813003,IC,2018-10-31T05:54:00,2018-10-31T05:53:00,40,50
http://irail.be/vehicle/IC2004,http://irail.be/stations/NMBS/008813045,IC,2018-10-31T05:56:00,2018-10-31T05:56:00,15,15
http://irail.be/vehicle/IC2004,http://irail.be/stations/NMBS/008812005,IC,2018-10-31T06:02:00,2018-10-31T05:58:00,19,8
http://irail.be/vehicle/IC2004,http://irail.be/stations/NMBS/008811007,IC,2018-10-31T06:05:00,2018-10-31T06:05:00,-40,-40
http://irail.be/vehicle/IC2004,http://irail.be/stations/NMBS/008811148,IC,2018-10-31T06:08:00,2018-10-31T06:08:00,-58,-58
http://irail.be/vehicle/IC2004,http://irail.be/stations/NMBS/008811189,IC,2018-10-31T06:09:00,2018-10-31T06:09:00,-58,-58
http://irail.be/vehicle/IC2004,http://irail.be/stations/NMBS/008822269,IC,2018-10-31T06:11:00,2018-10-31T06:11:00,-57,-57
http://irail.be/vehicle/IC2004,http://irail.be/stations/NMBS/008822251,IC,2018-10-31T06:12:00,2018-10-31T06:12:00,-65,-65
http://irail.be/vehicle/IC2004,http://irail.be/stations/NMBS/008822004,IC,2018-10-31T06:18:00,2018-10-31T06:16:00,-25,-112
http://irail.be/vehicle/IC2004,http://irail.be/stations/NMBS/008822343,IC,2018-10-31T06:21:00,2018-10-31T06:21:00,-25,-25
http://irail.be/vehicle/IC2004,http://irail.be/stations/NMBS/008822228,IC,2018-10-31T06:23:00,2018-10-31T06:23:00,-98,-98
http://irail.be/vehicle/IC2004,http://irail.be/stations/NMBS/008822210,IC,2018-10-31T06:24:00,2018-10-31T06:24:00,-98,-98
http://irail.be/vehicle/IC2004,http://irail.be/stations/NMBS/008821311,IC,2018-10-31T06:26:00,2018-10-31T06:26:00,-100,-100
http://irail.be/vehicle/IC2004,http://irail.be/stations/NMBS/008821337,IC,2018-10-31T06:27:00,2018-10-31T06:27:00,-103,-103
http://irail.be/vehicle/IC2004,http://irail.be/stations/NMBS/008821238,IC,2018-10-31T06:28:00,2018-10-31T06:28:00,-107,-107
http://irail.be/vehicle/IC2004,http://irail.be/stations/NMBS/008821154,IC,2018-10-31T06:28:00,2018-10-31T06:28:00,-70,-70
http://irail.be/vehicle/IC2004,http://irail.be/stations/NMBS/008821121,IC,2018-10-31T06:32:00,2018-10-31T06:30:00,-1,-75
http://irail.be/vehicle/IC2004,http://irail.be/stations/NMBS/008821006,IC,2018-10-31T06:39:00,2018-10-31T06:36:00,3,-64
http://irail.be/vehicle/IC2004,http://irail.be/stations/NMBS/008821063,IC,2018-10-31T06:44:00,2018-10-31T06:43:00,-107,-107
http://irail.be/vehicle/IC2004,http://irail.be/stations/NMBS/008821089,IC,2018-10-31T06:51:00,2018-10-31T06:47:00,-52,36
http://irail.be/vehicle/IC2004,NO-URI,IC,2018-10-31T06:54:00,2018-10-31T06:54:00,,-52
http://irail.be/vehicle/IC2004,http://irail.be/stations/NMBS/008814001,IC,2018-03-26T05:50:00,2018-03-26T05:50:00,40,
http://irail.be/vehicle/IC2004,http://irail.be/stations/NMBS/008813037,IC,2018-03-26T05:52:00,2018-03-26T05:52:00,77,77
http://irail.be/vehicle/IC2004,http://irail.be/stations/NMBS/008813003,IC,2018-03-26T05:54:00,2018-03-26T05:53:00,84,79
http://irail.be/vehicle/IC2004,http://irail.be/stations/NMBS/008813045,IC,2018-03-26T05:56:00,2018-03-26T05:56:00,66,66
http://irail.be/vehicle/IC2004,http://irail.be/stations/NMBS/008812005,IC,2018-03-26T06:01:00,2018-03-26T05:58:00,18,57
http://irail.be/vehicle/IC2004,http://irail.be/stations/NMBS/008811007,IC,2018-03-26T06:04:00,2018-03-26T06:04:00,-12,-12
http://irail.be/vehicle/IC2004,http://irail.be/stations/NMBS/008811148,IC,2018-03-26T06:07:00,2018-03-26T06:07:00,40,40
http://irail.be/vehicle/IC2004,http://irail.be/stations/NMBS/008811189,IC,2018-03-26T06:08:00,2018-03-26T06:08:00,40,40
http://irail.be/vehicle/IC2004,http://irail.be/stations/NMBS/008822269,IC,2018-03-26T06:11:00,2018-03-26T06:11:00,49,49
http://irail.be/vehicle/IC2004,http://irail.be/stations/NMBS/008822251,IC,2018-03-26T06:12:00,2018-03-26T06:12:00,42,42
http://irail.be/vehicle/IC2004,http://irail.be/stations/NMBS/008822004,IC,2018-03-26T06:18:00,2018-03-26T06:16:00,-23,36
http://irail.be/vehicle/IC2004,http://irail.be/stations/NMBS/008822343,IC,2018-03-26T06:21:00,2018-03-26T06:21:00,-23,-23
http://irail.be/vehicle/IC2004,http://irail.be/stations/NMBS/008822228,IC,2018-03-26T06:23:00,2018-03-26T06:23:00,-87,-87
http://irail.be/vehicle/IC2004,http://irail.be/stations/NMBS/008822210,IC,2018-03-26T06:24:00,2018-03-26T06:24:00,-87,-87
http://irail.be/vehicle/IC2004,http://irail.be/stations/NMBS/008821311,IC,2018-03-26T06:26:00,2018-03-26T06:26:00,-87,-87
http://irail.be/vehicle/IC2004,http://irail.be/stations/NMBS/008821337,IC,2018-03-26T06:27:00,2018-03-26T06:27:00,-93,-93
http://irail.be/vehicle/IC2004,http://irail.be/stations/NMBS/008821238,IC,2018-03-26T06:28:00,2018-03-26T06:28:00,-100,-100
http://irail.be/vehicle/IC2004,http://irail.be/stations/NMBS/008821154,IC,2018-03-26T06:28:00,2018-03-26T06:28:00,-67,-67
http://irail.be/vehicle/IC2004,http://irail.be/stations/NMBS/008821121,IC,2018-03-26T06:31:00,2018-03-26T06:30:00,0,-70
http://irail.be/vehicle/IC2004,http://irail.be/stations/NMBS/008821006,IC,2018-03-26T06:39:00,2018-03-26T06:35:00,10,-42
http://irail.be/vehicle/IC2004,http://irail.be/stations/NMBS/008821063,IC,2018-03-26T06:43:00,2018-03-26T06:43:00,-39,-39
http://irail.be/vehicle/IC2004,http://irail.be/stations/NMBS/008821089,IC,2018-03-26T06:46:00,2018-03-26T06:46:00,267,267
http://irail.be/vehicle/IC2004,NO-URI,IC,2018-03-26T06:49:00,2018-03-26T06:49:00,,257
http://irail.be/vehicle/IC2004,http://irail.be/stations/NMBS/008814001,IC,2018-03-08T05:50:00,2018-03-08T05:50:00,5,
http://irail.be/vehicle/IC2004,http://irail.be/stations/NMBS/008813037,IC,2018-03-08T05:52:00,2018-03-08T05:52:00,48,48
http://irail.be/vehicle/IC2004,http://irail.be/stations/NMBS/008813003,IC,2018-03-08T05:54:00,2018-03-08T05:53:00,42,51
http://irail.be/vehicle/IC2004,http://irail.be/stations/NMBS/008813045,IC,2018-03-08T05:56:00,2018-03-08T05:56:00,24,24
http://irail.be/vehicle/IC2004,http://irail.be/stations/NMBS/008812005,IC,2018-03-08T06:01:00,2018-03-08T05:58:00,16,18
http://irail.be/vehicle/IC2004,http://irail.be/stations/NMBS/008811007,IC,2018-03-08T06:04:00,2018-03-08T06:04:00,6,6
http://irail.be/vehicle/IC2004,http://irail.be/stations/NMBS/008811148,IC,2018-03-08T06:07:00,2018-03-08T06:07:00,-13,-13
http://irail.be/vehicle/IC2004,http://irail.be/stations/NMBS/008811189,IC,2018-03-08T06:08:00,2018-03-08T06:08:00,-13,-13
http://irail.be/vehicle/IC2004,http://irail.be/stations/NMBS/008822269,IC,2018-03-08T06:11:00,2018-03-08T06:11:00,-15,-15
http://irail.be/vehicle/IC2004,http://irail.be/stations/NMBS/008822251,IC,2018-03-08T06:12:00,2018-03-08T06:12:00,-70,-70
http://irail.be/vehicle/IC2004,http://irail.be/stations/NMBS/008822004,IC,2018-03-08T06:18:00,2018-03-08T06:16:00,-23,-120
http://irail.be/vehicle/IC2004,http://irail.be/stations/NMBS/008822343,IC,2018-03-08T06:21:00,2018-03-08T06:21:00,-23,-23
http://irail.be/vehicle/IC2004,http://irail.be/stations/NMBS/008822228,IC,2018-03-08T06:23:00,2018-03-08T06:23:00,-55,-55
http://irail.be/vehicle/IC2004,http://irail.be/stations/NMBS/008822210,IC,2018-03-08T06:24:00,2018-03-08T06:24:00,-55,-55
http://irail.be/vehicle/IC2004,http://irail.be/stations/NMBS/008821311,IC,2018-03-08T06:26:00,2018-03-08T06:26:00,-55,-55
http://irail.be/vehicle/IC2004,http://irail.be/stations/NMBS/008821337,IC,2018-03-08T06:27:00,2018-03-08T06:27:00,-59,-59
http://irail.be/vehicle/IC2004,http://irail.be/stations/NMBS/008821238,IC,2018-03-08T06:28:00,2018-03-08T06:28:00,-65,-65
http://irail.be/vehicle/IC2004,http://irail.be/stations/NMBS/008821154,IC,2018-03-08T06:28:00,2018-03-08T06:28:00,-25,-25
http://irail.be/vehicle/IC2004,http://irail.be/stations/NMBS/008821121,IC,2018-03-08T06:31:00,2018-03-08T06:30:00,14,-17
http://irail.be/vehicle/IC2004,http://irail.be/stations/NMBS/008821006,IC,2018-03-08T06:39:00,2018-03-08T06:35:00,19,-12
http://irail.be/vehicle/IC2004,http://irail.be/stations/NMBS/008821063,IC,2018-03-08T06:43:00,2018-03-08T06:43:00,-22,-22
http://irail.be/vehicle/IC2004,http://irail.be/stations/NMBS/008821089,IC,2018-03-08T06:46:00,2018-03-08T06:46:00,-47,-47
http://irail.be/vehicle/IC2004,NO-URI,IC,2018-03-08T06:49:00,2018-03-08T06:49:00,,-61
http://irail.be/vehicle/IC2004,http://irail.be/stations/NMBS/008814001,IC,2018-12-14T05:49:00,2018-12-14T05:49:00,26,
http://irail.be/vehicle/IC2004,http://irail.be/stations/NMBS/008813037,IC,2018-12-14T05:51:00,2018-12-14T05:51:00,49,49
http://irail.be/vehicle/IC2004,http://irail.be/stations/NMBS/008813003,IC,2018-12-14T05:54:00,2018-12-14T05:53:00,9,32
http://irail.be/vehicle/IC2004,http://irail.be/stations/NMBS/008813045,IC,2018-12-14T05:55:00,2018-12-14T05:55:00,19,19
http://irail.be/vehicle/IC2004,http://irail.be/stations/NMBS/008812005,IC,2018-12-14T06:02:00,2018-12-14T05:58:00,387,7
http://irail.be/vehicle/IC2004,http://irail.be/stations/NMBS/008811007,IC,2018-12-14T06:05:00,2018-12-14T06:05:00,420,420
http://irail.be/vehicle/IC2004,http://irail.be/stations/NMBS/008811148,IC,2018-12-14T06:08:00,2018-12-14T06:08:00,418,418
http://irail.be/vehicle/IC2004,http://irail.be/stations/NMBS/008811189,IC,2018-12-14T06:09:00,2018-12-14T06:09:00,418,418
http://irail.be/vehicle/IC2004,http://irail.be/stations/NMBS/008822269,IC,2018-12-14T06:11:00,2018-12-14T06:11:00,420,420
http://irail.be/vehicle/IC2004,http://irail.be/stations/NMBS/008822251,IC,2018-12-14T06:12:00,2018-12-14T06:12:00,414,414
http://irail.be/vehicle/IC2004,http://irail.be/stations/NMBS/008822004,IC,2018-12-14T06:18:00,2018-12-14T06:16:00,579,652
http://irail.be/vehicle/IC2004,http://irail.be/stations/NMBS/008822343,IC,2018-12-14T06:21:00,2018-12-14T06:21:00,579,579
http://irail.be/vehicle/IC2004,http://irail.be/stations/NMBS/008822228,IC,2018-12-14T06:23:00,2018-12-14T06:23:00,526,526
http://irail.be/vehicle/IC2004,http://irail.be/stations/NMBS/008822210,IC,2018-12-14T06:24:00,2018-12-14T06:24:00,526,526
http://irail.be/vehicle/IC2004,http://irail.be/stations/NMBS/008821311,IC,2018-12-14T06:26:00,2018-12-14T06:26:00,521,521
http://irail.be/vehicle/IC2004,http://irail.be/stations/NMBS/008821337,IC,2018-12-14T06:27:00,2018-12-14T06:27:00,516,516
http://irail.be/vehicle/IC2004,http://irail.be/stations/NMBS/008821238,IC,2018-12-14T06:28:00,2018-12-14T06:28:00,509,509
http://irail.be/vehicle/IC2004,http://irail.be/stations/NMBS/008821154,IC,2018-12-14T06:28:00,2018-12-14T06:28:00,542,542
http://irail.be/vehicle/IC2004,http://irail.be/stations/NMBS/008821121,IC,2018-12-14T06:32:00,2018-12-14T06:30:00,669,550
http://irail.be/vehicle/IC2004,http://irail.be/stations/NMBS/008821006,IC,2018-12-14T06:36:00,2018-12-14T06:36:00,,774
http://irail.be/vehicle/IC2004,http://irail.be/stations/NMBS/008814001,IC,2018-05-31T05:50:00,2018-05-31T05:50:00,-12,
http://irail.be/vehicle/IC2004,http://irail.be/stations/NMBS/008813037,IC,2018-05-31T05:52:00,2018-05-31T05:52:00,27,27
http://irail.be/vehicle/IC2004,http://irail.be/stations/NMBS/008813003,IC,2018-05-31T05:54:00,2018-05-31T05:53:00,53,31
http://irail.be/vehicle/IC2004,http://irail.be/stations/NMBS/008813045,IC,2018-05-31T05:55:00,2018-05-31T05:55:00,60,60
http://irail.be/vehicle/IC2004,http://irail.be/stations/NMBS/008812005,IC,2018-05-31T06:01:00,2018-05-31T05:58:00,35,49
http://irail.be/vehicle/IC2004,http://irail.be/stations/NMBS/008811007,IC,2018-05-31T06:04:00,2018-05-31T06:04:00,-13,-13
http://irail.be/vehicle/IC2004,http://irail.be/stations/NMBS/008811148,IC,2018-05-31T06:07:00,2018-05-31T06:07:00,21,21
http://irail.be/vehicle/IC2004,http://irail.be/stations/NMBS/008811189,IC,2018-05-31T06:08:00,2018-05-31T06:08:00,21,21
http://irail.be/vehicle/IC2004,http://irail.be/stations/NMBS/008822269,IC,2018-05-31T06:11:00,2018-05-31T06:11:00,40,40
http://irail.be/vehicle/IC2004,http://irail.be/stations/NMBS/008822251,IC,2018-05-31T06:12:00,2018-05-31T06:12:00,-3,-3
http://irail.be/vehicle/IC2004,http://irail.be/stations/NMBS/008822004,IC,2018-05-31T06:18:00,2018-05-31T06:16:00,-30,-43
http://irail.be/vehicle/IC2004,http://irail.be/stations/NMBS/008822343,IC,2018-05-31T06:21:00,2018-05-31T06:21:00,-30,-30
http://irail.be/vehicle/IC2004,http://irail.be/stations/NMBS/008822228,IC,2018-05-31T06:23:00,2018-05-31T06:23:00,-59,-59
http://irail.be/vehicle/IC2004,http://irail.be/stations/NMBS/008822210,IC,2018-05-31T06:24:00,2018-05-31T06:24:00,-59,-59
http://irail.be/vehicle/IC2004,http://irail.be/stations/NMBS/008821311,IC,2018-05-31T06:26:00,2018-05-31T06:26:00,-47,-47
http://irail.be/vehicle/IC2004,http://irail.be/stations/NMBS/008821337,IC,2018-05-31T06:27:00,2018-05-31T06:27:00,-30,-30
http://irail.be/vehicle/IC2004,http://irail.be/stations/NMBS/008821238,IC,2018-05-31T06:28:00,2018-05-31T06:28:00,-23,-23
http://irail.be/vehicle/IC2004,http://irail.be/stations/NMBS/008821154,IC,2018-05-31T06:28:00,2018-05-31T06:28:00,21,21
http://irail.be/vehicle/IC2004,http://irail.be/stations/NMBS/008821121,IC,2018-05-31T06:31:00,2018-05-31T06:30:00,83,26
http://irail.be/vehicle/IC2004,http://irail.be/stations/NMBS/008821006,IC,2018-05-31T06:40:00,2018-05-31T06:35:00,27,45
http://irail.be/vehicle/IC2004,http://irail.be/stations/NMBS/008821063,IC,2018-05-31T06:45:00,2018-05-31T06:45:00,-79,-79
http://irail.be/vehicle/IC2004,http://irail.be/stations/NMBS/008821089,IC,2018-05-31T06:47:00,2018-05-31T06:47:00,-40,-40
http://irail.be/vehicle/IC2004,NO-URI,IC,2018-05-31T06:49:00,2018-05-31T06:49:00,,25
http://irail.be/vehicle/IC2004,http://irail.be/stations/NMBS/008814001,IC,2018-06-18T05:50:00,2018-06-18T05:50:00,-2,
http://irail.be/vehicle/IC2004,http://irail.be/stations/NMBS/008813037,IC,2018-06-18T05:52:00,2018-06-18T05:52:00,39,39
http://irail.be/vehicle/IC2004,http://irail.be/stations/NMBS/008813003,IC,2018-06-18T05:54:00,2018-06-18T05:53:00,71,43
http://irail.be/vehicle/IC2004,http://irail.be/stations/NMBS/008813045,IC,2018-06-18T05:55:00,2018-06-18T05:55:00,88,88
http://irail.be/vehicle/IC2004,http://irail.be/stations/NMBS/008812005,IC,2018-06-18T06:01:00,2018-06-18T05:58:00,28,80
http://irail.be/vehicle/IC2004,http://irail.be/stations/NMBS/008811007,IC,2018-06-18T06:04:00,2018-06-18T06:04:00,-16,-16
http://irail.be/vehicle/IC2004,http://irail.be/stations/NMBS/008811148,IC,2018-06-18T06:07:00,2018-06-18T06:07:00,-21,-21
http://irail.be/vehicle/IC2004,http://irail.be/stations/NMBS/008811189,IC,2018-06-18T06:08:00,2018-06-18T06:08:00,-21,-21
http://irail.be/vehicle/IC2004,http://irail.be/stations/NMBS/008822269,IC,2018-06-18T06:11:00,2018-06-18T06:11:00,-23,-23
http://irail.be/vehicle/IC2004,http://irail.be/stations/NMBS/008822251,IC,2018-06-18T06:12:00,2018-06-18T06:12:00,-75,-75
http://irail.be/vehicle/IC2004,http://irail.be/stations/NMBS/008822004,IC,2018-06-18T06:18:00,2018-06-18T06:16:00,-28,-100
http://irail.be/vehicle/IC2004,http://irail.be/stations/NMBS/008822343,IC,2018-06-18T06:21:00,2018-06-18T06:21:00,-28,-28
http://irail.be/vehicle/IC2004,http://irail.be/stations/NMBS/008822228,IC,2018-06-18T06:23:00,2018-06-18T06:23:00,-67,-67
http://irail.be/vehicle/IC2004,http://irail.be/stations/NMBS/008822210,IC,2018-06-18T06:24:00,2018-06-18T06:24:00,-67,-67
http://irail.be/vehicle/IC2004,http://irail.be/stations/NMBS/008821311,IC,2018-06-18T06:26:00,2018-06-18T06:26:00,-75,-75
http://irail.be/vehicle/IC2004,http://irail.be/stations/NMBS/008821337,IC,2018-06-18T06:27:00,2018-06-18T06:27:00,-77,-77
http://irail.be/vehicle/IC2004,http://irail.be/stations/NMBS/008821238,IC,2018-06-18T06:28:00,2018-06-18T06:28:00,-79,-79
http://irail.be/vehicle/IC2004,http://irail.be/stations/NMBS/008821154,IC,2018-06-18T06:28:00,2018-06-18T06:28:00,-42,-42
http://irail.be/vehicle/IC2004,http://irail.be/stations/NMBS/008821121,IC,2018-06-18T06:31:00,2018-06-18T06:30:00,46,-42
http://irail.be/vehicle/IC2004,http://irail.be/stations/NMBS/008821006,IC,2018-06-18T06:39:00,2018-06-18T06:35:00,2,11
http://irail.be/vehicle/IC2004,http://irail.be/stations/NMBS/008821063,IC,2018-06-18T06:44:00,2018-06-18T06:43:00,-104,-104
http://irail.be/vehicle/IC2004,http://irail.be/stations/NMBS/008821089,IC,2018-06-18T06:51:00,2018-06-18T06:47:00,-218,10
http://irail.be/vehicle/IC2004,NO-URI,IC,2018-06-18T06:54:00,2018-06-18T06:54:00,,-218
http://irail.be/vehicle/IC2004,http://irail.be/stations/NMBS/008814001,IC,2018-01-19T05:50:00,2018-01-19T05:50:00,17,
http://irail.be/vehicle/IC2004,http://irail.be/stations/NMBS/008813037,IC,2018-01-19T05:52:00,2018-01-19T05:52:00,81,81
http://irail.be/vehicle/IC2004,http://irail.be/stations/NMBS/008813003,IC,2018-01-19T05:54:00,2018-01-19T05:53:00,160,92
http://irail.be/vehicle/IC2004,http://irail.be/stations/NMBS/008813045,IC,2018-01-19T05:55:00,2018-01-19T05:55:00,185,185
http://irail.be/vehicle/IC2004,http://irail.be/stations/NMBS/008812005,IC,2018-01-19T06:01:00,2018-01-19T05:58:00,55,181
http://irail.be/vehicle/IC2004,http://irail.be/stations/NMBS/008811007,IC,2018-01-19T06:04:00,2018-01-19T06:04:00,29,29
http://irail.be/vehicle/IC2004,http://irail.be/stations/NMBS/008811148,IC,2018-01-19T06:07:00,2018-01-19T06:07:00,19,19
http://irail.be/vehicle/IC2004,http://irail.be/stations/NMBS/008811189,IC,2018-01-19T06:08:00,2018-01-19T06:08:00,19,19
http://irail.be/vehicle/IC2004,http://irail.be/stations/NMBS/008822269,IC,2018-01-19T06:11:00,2018-01-19T06:11:00,19,19
http://irail.be/vehicle/IC2004,http://irail.be/stations/NMBS/008822251,IC,2018-01-19T06:12:00,2018-01-19T06:12:00,-32,-32
http://irail.be/vehicle/IC2004,http://irail.be/stations/NMBS/008822004,IC,2018-01-19T06:18:00,2018-01-19T06:16:00,63,-74
http://irail.be/vehicle/IC2004,http://irail.be/stations/NMBS/008822343,IC,2018-01-19T06:20:00,2018-01-19T06:20:00,63,63
http://irail.be/vehicle/IC2004,http://irail.be/stations/NMBS/008822228,IC,2018-01-19T06:23:00,2018-01-19T06:23:00,21,21
http://irail.be/vehicle/IC2004,http://irail.be/stations/NMBS/008822210,IC,2018-01-19T06:24:00,2018-01-19T06:24:00,21,21
http://irail.be/vehicle/IC2004,http://irail.be/stations/NMBS/008821311,IC,2018-01-19T06:26:00,2018-01-19T06:26:00,21,21
http://irail.be/vehicle/IC2004,http://irail.be/stations/NMBS/008821337,IC,2018-01-19T06:27:00,2018-01-19T06:27:00,16,16
http://irail.be/vehicle/IC2004,http://irail.be/stations/NMBS/008821238,IC,2018-01-19T06:28:00,2018-01-19T06:28:00,8,8
http://irail.be/vehicle/IC2004,http://irail.be/stations/NMBS/008821154,IC,2018-01-19T06:29:00,2018-01-19T06:29:00,-11,-11
http://irail.be/vehicle/IC2004,http://irail.be/stations/NMBS/008821121,IC,2018-01-19T06:31:00,2018-01-19T06:30:00,118,38
http://irail.be/vehicle/IC2004,http://irail.be/stations/NMBS/008821006,IC,2018-01-19T06:39:00,2018-01-19T06:35:00,178,118
http://irail.be/vehicle/IC2004,http://irail.be/stations/NMBS/008821063,IC,2018-01-19T06:43:00,2018-01-19T06:43:00,170,170
http://irail.be/vehicle/IC2004,http://irail.be/stations/NMBS/008821089,IC,2018-01-19T06:46:00,2018-01-19T06:46:00,204,204
http://irail.be/vehicle/IC2004,NO-URI,IC,2018-01-19T06:49:00,2018-01-19T06:49:00,,227
http://irail.be/vehicle/IC2004,http://irail.be/stations/NMBS/008814001,IC,2018-01-04T05:50:00,2018-01-04T05:50:00,28,
http://irail.be/vehicle/IC2004,http://irail.be/stations/NMBS/008813037,IC,2018-01-04T05:52:00,2018-01-04T05:52:00,162,162
http://irail.be/vehicle/IC2004,http://irail.be/stations/NMBS/008813003,IC,2018-01-04T05:54:00,2018-01-04T05:53:00,298,277
http://irail.be/vehicle/IC2004,http://irail.be/stations/NMBS/008813045,IC,2018-01-04T05:55:00,2018-01-04T05:55:00,303,303
http://irail.be/vehicle/IC2004,http://irail.be/stations/NMBS/008812005,IC,2018-01-04T06:01:00,2018-01-04T05:58:00,151,300
http://irail.be/vehicle/IC2004,http://irail.be/stations/NMBS/008811007,IC,2018-01-04T06:04:00,2018-01-04T06:04:00,104,104
http://irail.be/vehicle/IC2004,http://irail.be/stations/NMBS/008811148,IC,2018-01-04T06:07:00,2018-01-04T06:07:00,83,83
http://irail.be/vehicle/IC2004,http://irail.be/stations/NMBS/008811189,IC,2018-01-04T06:08:00,2018-01-04T06:08:00,83,83
http://irail.be/vehicle/IC2004,http://irail.be/stations/NMBS/008822269,IC,2018-01-04T06:11:00,2018-01-04T06:11:00,83,83
http://irail.be/vehicle/IC2004,http://irail.be/stations/NMBS/008822251,IC,2018-01-04T06:12:00,2018-01-04T06:12:00,16,16
http://irail.be/vehicle/IC2004,http://irail.be/stations/NMBS/008822004,IC,2018-01-04T06:18:00,2018-01-04T06:16:00,-4,-36
http://irail.be/vehicle/IC2004,http://irail.be/stations/NMBS/008822343,IC,2018-01-04T06:20:00,2018-01-04T06:20:00,-4,-4
http://irail.be/vehicle/IC2004,http://irail.be/stations/NMBS/008822228,IC,2018-01-04T06:23:00,2018-01-04T06:23:00,-101,-101
http://irail.be/vehicle/IC2004,http://irail.be/stations/NMBS/008822210,IC,2018-01-04T06:24:00,2018-01-04T06:24:00,-101,-101
http://irail.be/vehicle/IC2004,http://irail.be/stations/NMBS/008821311,IC,2018-01-04T06:26:00,2018-01-04T06:26:00,-101,-101
http://irail.be/vehicle/IC2004,http://irail.be/stations/NMBS/008821337,IC,2018-01-04T06:27:00,2018-01-04T06:27:00,-111,-111
http://irail.be/vehicle/IC2004,http://irail.be/stations/NMBS/008821238,IC,2018-01-04T06:28:00,2018-01-04T06:28:00,-120,-120
http://irail.be/vehicle/IC2004,http://irail.be/stations/NMBS/008821154,IC,2018-01-04T06:29:00,2018-01-04T06:29:00,-139,-139
http://irail.be/vehicle/IC2004,http://irail.be/stations/NMBS/008821121,IC,2018-01-04T06:31:00,2018-01-04T06:30:00,28,-87
http://irail.be/vehicle/IC2004,http://irail.be/stations/NMBS/008821006,IC,2018-01-04T06:39:00,2018-01-04T06:35:00,54,-28
http://irail.be/vehicle/IC2004,http://irail.be/stations/NMBS/008821063,IC,2018-01-04T06:43:00,2018-01-04T06:43:00,27,27
http://irail.be/vehicle/IC2004,http://irail.be/stations/NMBS/008821089,IC,2018-01-04T06:46:00,2018-01-04T06:46:00,48,48
http://irail.be/vehicle/IC2004,NO-URI,IC,2018-01-04T06:49:00,2018-01-04T06:49:00,,74
http://irail.be/vehicle/IC2004,http://irail.be/stations/NMBS/008814001,IC,2018-10-08T05:50:00,2018-10-08T05:50:00,12,
http://irail.be/vehicle/IC2004,http://irail.be/stations/NMBS/008813037,IC,2018-10-08T05:52:00,2018-10-08T05:52:00,63,63
http://irail.be/vehicle/IC2004,http://irail.be/stations/NMBS/008813003,IC,2018-10-08T05:54:00,2018-10-08T05:53:00,61,75
http://irail.be/vehicle/IC2004,http://irail.be/stations/NMBS/008813045,IC,2018-10-08T05:56:00,2018-10-08T05:56:00,40,40
http://irail.be/vehicle/IC2004,http://irail.be/stations/NMBS/008812005,IC,2018-10-08T06:02:00,2018-10-08T05:58:00,23,37
http://irail.be/vehicle/IC2004,http://irail.be/stations/NMBS/008811007,IC,2018-10-08T06:05:00,2018-10-08T06:05:00,-27,-27
http://irail.be/vehicle/IC2004,http://irail.be/stations/NMBS/008811148,IC,2018-10-08T06:08:00,2018-10-08T06:08:00,-22,-22
http://irail.be/vehicle/IC2004,http://irail.be/stations/NMBS/008811189,IC,2018-10-08T06:09:00,2018-10-08T06:09:00,-22,-22
http://irail.be/vehicle/IC2004,http://irail.be/stations/NMBS/008822269,IC,2018-10-08T06:11:00,2018-10-08T06:11:00,-21,-21
http://irail.be/vehicle/IC2004,http://irail.be/stations/NMBS/008822251,IC,2018-10-08T06:12:00,2018-10-08T06:12:00,-18,-18
http://irail.be/vehicle/IC2004,http://irail.be/stations/NMBS/008822004,IC,2018-10-08T06:18:00,2018-10-08T06:16:00,3,63
http://irail.be/vehicle/IC2004,http://irail.be/stations/NMBS/008822343,IC,2018-10-08T06:21:00,2018-10-08T06:21:00,3,3
http://irail.be/vehicle/IC2004,http://irail.be/stations/NMBS/008822228,IC,2018-10-08T06:23:00,2018-10-08T06:23:00,-70,-70
http://irail.be/vehicle/IC2004,http://irail.be/stations/NMBS/008822210,IC,2018-10-08T06:24:00,2018-10-08T06:24:00,-70,-70
http://irail.be/vehicle/IC2004,http://irail.be/stations/NMBS/008821311,IC,2018-10-08T06:26:00,2018-10-08T06:26:00,-77,-77
http://irail.be/vehicle/IC2004,http://irail.be/stations/NMBS/008821337,IC,2018-10-08T06:27:00,2018-10-08T06:27:00,-85,-85
http://irail.be/vehicle/IC2004,http://irail.be/stations/NMBS/008821238,IC,2018-10-08T06:28:00,2018-10-08T06:28:00,-94,-94
http://irail.be/vehicle/IC2004,http://irail.be/stations/NMBS/008821154,IC,2018-10-08T06:28:00,2018-10-08T06:28:00,-62,-62
http://irail.be/vehicle/IC2004,http://irail.be/stations/NMBS/008821121,IC,2018-10-08T06:32:00,2018-10-08T06:30:00,-2,-63
http://irail.be/vehicle/IC2004,http://irail.be/stations/NMBS/008821006,IC,2018-10-08T06:39:00,2018-10-08T06:36:00,25,-28
http://irail.be/vehicle/IC2004,http://irail.be/stations/NMBS/008821063,IC,2018-10-08T06:44:00,2018-10-08T06:43:00,-77,-77
http://irail.be/vehicle/IC2004,http://irail.be/stations/NMBS/008821089,IC,2018-10-08T06:51:00,2018-10-08T06:47:00,-50,172
http://irail.be/vehicle/IC2004,NO-URI,IC,2018-10-08T06:54:00,2018-10-08T06:54:00,,-50
http://irail.be/vehicle/IC2004,http://irail.be/stations/NMBS/008814001,IC,2018-10-30T05:50:00,2018-10-30T05:50:00,1,
http://irail.be/vehicle/IC2004,http://irail.be/stations/NMBS/008813037,IC,2018-10-30T05:52:00,2018-10-30T05:52:00,42,42
http://irail.be/vehicle/IC2004,http://irail.be/stations/NMBS/008813003,IC,2018-10-30T05:54:00,2018-10-30T05:53:00,24,48
http://irail.be/vehicle/IC2004,http://irail.be/stations/NMBS/008813045,IC,2018-10-30T05:56:00,2018-10-30T05:56:00,-1,-1
http://irail.be/vehicle/IC2004,http://irail.be/stations/NMBS/008812005,IC,2018-10-30T06:02:00,2018-10-30T05:58:00,21,-5
http://irail.be/vehicle/IC2004,http://irail.be/stations/NMBS/008811007,IC,2018-10-30T06:05:00,2018-10-30T06:05:00,-17,-17
http://irail.be/vehicle/IC2004,http://irail.be/stations/NMBS/008811148,IC,2018-10-30T06:08:00,2018-10-30T06:08:00,-31,-31
http://irail.be/vehicle/IC2004,http://irail.be/stations/NMBS/008811189,IC,2018-10-30T06:09:00,2018-10-30T06:09:00,-31,-31
http://irail.be/vehicle/IC2004,http://irail.be/stations/NMBS/008822269,IC,2018-10-30T06:11:00,2018-10-30T06:11:00,-32,-32
http://irail.be/vehicle/IC2004,http://irail.be/stations/NMBS/008822251,IC,2018-10-30T06:12:00,2018-10-30T06:12:00,-39,-39
http://irail.be/vehicle/IC2004,http://irail.be/stations/NMBS/008822004,IC,2018-10-30T06:18:00,2018-10-30T06:16:00,-37,-90
http://irail.be/vehicle/IC2004,http://irail.be/stations/NMBS/008822343,IC,2018-10-30T06:21:00,2018-10-30T06:21:00,-37,-37
http://irail.be/vehicle/IC2004,http://irail.be/stations/NMBS/008822228,IC,2018-10-30T06:23:00,2018-10-30T06:23:00,-101,-101
http://irail.be/vehicle/IC2004,http://irail.be/stations/NMBS/008822210,IC,2018-10-30T06:24:00,2018-10-30T06:24:00,-101,-101
http://irail.be/vehicle/IC2004,http://irail.be/stations/NMBS/008821311,IC,2018-10-30T06:26:00,2018-10-30T06:26:00,-108,-108
http://irail.be/vehicle/IC2004,http://irail.be/stations/NMBS/008821337,IC,2018-10-30T06:27:00,2018-10-30T06:27:00,-115,-115
http://irail.be/vehicle/IC2004,http://irail.be/stations/NMBS/008821238,IC,2018-10-30T06:28:00,2018-10-30T06:28:00,-119,-119
http://irail.be/vehicle/IC2004,http://irail.be/stations/NMBS/008821154,IC,2018-10-30T06:28:00,2018-10-30T06:28:00,-85,-85
http://irail.be/vehicle/IC2004,http://irail.be/stations/NMBS/008821121,IC,2018-10-30T06:32:00,2018-10-30T06:30:00,-11,-87
http://irail.be/vehicle/IC2004,http://irail.be/stations/NMBS/008821006,IC,2018-10-30T06:39:00,2018-10-30T06:36:00,48,-53
http://irail.be/vehicle/IC2004,http://irail.be/stations/NMBS/008821063,IC,2018-10-30T06:44:00,2018-10-30T06:43:00,-70,-70
http://irail.be/vehicle/IC2004,http://irail.be/stations/NMBS/008821089,IC,2018-10-30T06:51:00,2018-10-30T06:47:00,-31,124
http://irail.be/vehicle/IC2004,NO-URI,IC,2018-10-30T06:54:00,2018-10-30T06:54:00,,-31
http://irail.be/vehicle/IC2004,http://irail.be/stations/NMBS/008814001,IC,2018-05-09T05:50:00,2018-05-09T05:50:00,-5,
http://irail.be/vehicle/IC2004,http://irail.be/stations/NMBS/008813037,IC,2018-05-09T05:52:00,2018-05-09T05:52:00,34,34
http://irail.be/vehicle/IC2004,http://irail.be/stations/NMBS/008813003,IC,2018-05-09T05:54:00,2018-05-09T05:53:00,60,40
http://irail.be/vehicle/IC2004,http://irail.be/stations/NMBS/008813045,IC,2018-05-09T05:55:00,2018-05-09T05:55:00,66,66
http://irail.be/vehicle/IC2004,http://irail.be/stations/NMBS/008812005,IC,2018-05-09T06:01:00,2018-05-09T05:58:00,45,63
http://irail.be/vehicle/IC2004,http://irail.be/stations/NMBS/008811007,IC,2018-05-09T06:04:00,2018-05-09T06:04:00,-6,-6
http://irail.be/vehicle/IC2004,http://irail.be/stations/NMBS/008811148,IC,2018-05-09T06:07:00,2018-05-09T06:07:00,-23,-23
http://irail.be/vehicle/IC2004,http://irail.be/stations/NMBS/008811189,IC,2018-05-09T06:08:00,2018-05-09T06:08:00,-23,-23
http://irail.be/vehicle/IC2004,http://irail.be/stations/NMBS/008822269,IC,2018-05-09T06:11:00,2018-05-09T06:11:00,-23,-23
http://irail.be/vehicle/IC2004,http://irail.be/stations/NMBS/008822251,IC,2018-05-09T06:12:00,2018-05-09T06:12:00,-83,-83
http://irail.be/vehicle/IC2004,http://irail.be/stations/NMBS/008822004,IC,2018-05-09T06:18:00,2018-05-09T06:16:00,-19,-93
http://irail.be/vehicle/IC2004,http://irail.be/stations/NMBS/008822343,IC,2018-05-09T06:21:00,2018-05-09T06:21:00,-19,-19
http://irail.be/vehicle/IC2004,http://irail.be/stations/NMBS/008822228,IC,2018-05-09T06:23:00,2018-05-09T06:23:00,-85,-85
http://irail.be/vehicle/IC2004,http://irail.be/stations/NMBS/008822210,IC,2018-05-09T06:24:00,2018-05-09T06:24:00,-85,-85
http://irail.be/vehicle/IC2004,http://irail.be/stations/NMBS/008821311,IC,2018-05-09T06:26:00,2018-05-09T06:26:00,-85,-85
http://irail.be/vehicle/IC2004,http://irail.be/stations/NMBS/008821337,IC,2018-05-09T06:27:00,2018-05-09T06:27:00,-92,-92
http://irail.be/vehicle/IC2004,http://irail.be/stations/NMBS/008821238,IC,2018-05-09T06:28:00,2018-05-09T06:28:00,-101,-101
http://irail.be/vehicle/IC2004,http://irail.be/stations/NMBS/008821154,IC,2018-05-09T06:28:00,2018-05-09T06:28:00,-68,-68
http://irail.be/vehicle/IC2004,http://irail.be/stations/NMBS/008821121,IC,2018-05-09T06:31:00,2018-05-09T06:30:00,21,-69
http://irail.be/vehicle/IC2004,http://irail.be/stations/NMBS/008821006,IC,2018-05-09T06:40:00,2018-05-09T06:35:00,-144,-39
http://irail.be/vehicle/IC2004,http://irail.be/stations/NMBS/008821063,IC,2018-05-09T06:45:00,2018-05-09T06:45:00,-244,-244
http://irail.be/vehicle/IC2004,http://irail.be/stations/NMBS/008821089,IC,2018-05-09T06:47:00,2018-05-09T06:47:00,-217,-217
http://irail.be/vehicle/IC2004,NO-URI,IC,2018-05-09T06:49:00,2018-05-09T06:49:00,,-148
http://irail.be/vehicle/IC2004,http://irail.be/stations/NMBS/008814001,IC,2018-11-02T05:50:00,2018-11-02T05:50:00,-16,
http://irail.be/vehicle/IC2004,http://irail.be/stations/NMBS/008813037,IC,2018-11-02T05:52:00,2018-11-02T05:52:00,29,29
http://irail.be/vehicle/IC2004,http://irail.be/stations/NMBS/008813003,IC,2018-11-02T05:54:00,2018-11-02T05:53:00,37,35
http://irail.be/vehicle/IC2004,http://irail.be/stations/NMBS/008813045,IC,2018-11-02T05:56:00,2018-11-02T05:56:00,17,17
http://irail.be/vehicle/IC2004,http://irail.be/stations/NMBS/008812005,IC,2018-11-02T06:02:00,2018-11-02T05:58:00,18,13
http://irail.be/vehicle/IC2004,http://irail.be/stations/NMBS/008811007,IC,2018-11-02T06:05:00,2018-11-02T06:05:00,-32,-32
http://irail.be/vehicle/IC2004,http://irail.be/stations/NMBS/008811148,IC,2018-11-02T06:08:00,2018-11-02T06:08:00,-44,-44
http://irail.be/vehicle/IC2004,http://irail.be/stations/NMBS/008811189,IC,2018-11-02T06:09:00,2018-11-02T06:09:00,-44,-44
http://irail.be/vehicle/IC2004,http://irail.be/stations/NMBS/008822269,IC,2018-11-02T06:11:00,2018-11-02T06:11:00,-44,-44
http://irail.be/vehicle/IC2004,http://irail.be/stations/NMBS/008822251,IC,2018-11-02T06:12:00,2018-11-02T06:12:00,-48,-48
http://irail.be/vehicle/IC2004,http://irail.be/stations/NMBS/008822004,IC,2018-11-02T06:18:00,2018-11-02T06:16:00,-29,-96
http://irail.be/vehicle/IC2004,http://irail.be/stations/NMBS/008822343,IC,2018-11-02T06:21:00,2018-11-02T06:21:00,-29,-29
http://irail.be/vehicle/IC2004,http://irail.be/stations/NMBS/008822228,IC,2018-11-02T06:23:00,2018-11-02T06:23:00,-89,-89
http://irail.be/vehicle/IC2004,http://irail.be/stations/NMBS/008822210,IC,2018-11-02T06:24:00,2018-11-02T06:24:00,-89,-89
http://irail.be/vehicle/IC2004,http://irail.be/stations/NMBS/008821311,IC,2018-11-02T06:26:00,2018-11-02T06:26:00,-92,-92
http://irail.be/vehicle/IC2004,http://irail.be/stations/NMBS/008821337,IC,2018-11-02T06:27:00,2018-11-02T06:27:00,-97,-97
http://irail.be/vehicle/IC2004,http://irail.be/stations/NMBS/008821238,IC,2018-11-02T06:28:00,2018-11-02T06:28:00,-102,-102
http://irail.be/vehicle/IC2004,http://irail.be/stations/NMBS/008821154,IC,2018-11-02T06:28:00,2018-11-02T06:28:00,-65,-65
http://irail.be/vehicle/IC2004,http://irail.be/stations/NMBS/008821121,IC,2018-11-02T06:32:00,2018-11-02T06:30:00,16,-76
http://irail.be/vehicle/IC2004,http://irail.be/stations/NMBS/008821006,IC,2018-11-02T06:39:00,2018-11-02T06:36:00,27,-22
http://irail.be/vehicle/IC2004,http://irail.be/stations/NMBS/008821063,IC,2018-11-02T06:44:00,2018-11-02T06:43:00,-93,-93
http://irail.be/vehicle/IC2004,http://irail.be/stations/NMBS/008821089,IC,2018-11-02T06:51:00,2018-11-02T06:47:00,-12,48
http://irail.be/vehicle/IC2004,NO-URI,IC,2018-11-02T06:54:00,2018-11-02T06:54:00,,-212
http://irail.be/vehicle/IC2004,http://irail.be/stations/NMBS/008814001,IC,2018-06-21T05:50:00,2018-06-21T05:50:00,-15,
http://irail.be/vehicle/IC2004,http://irail.be/stations/NMBS/008813037,IC,2018-06-21T05:52:00,2018-06-21T05:52:00,22,22
http://irail.be/vehicle/IC2004,http://irail.be/stations/NMBS/008813003,IC,2018-06-21T05:54:00,2018-06-21T05:53:00,36,26
http://irail.be/vehicle/IC2004,http://irail.be/stations/NMBS/008813045,IC,2018-06-21T05:55:00,2018-06-21T05:55:00,45,45
http://irail.be/vehicle/IC2004,http://irail.be/stations/NMBS/008812005,IC,2018-06-21T06:01:00,2018-06-21T05:58:00,22,31
http://irail.be/vehicle/IC2004,http://irail.be/stations/NMBS/008811007,IC,2018-06-21T06:04:00,2018-06-21T06:04:00,-17,-17
http://irail.be/vehicle/IC2004,http://irail.be/stations/NMBS/008811148,IC,2018-06-21T06:07:00,2018-06-21T06:07:00,-31,-31
http://irail.be/vehicle/IC2004,http://irail.be/stations/NMBS/008811189,IC,2018-06-21T06:08:00,2018-06-21T06:08:00,-31,-31
http://irail.be/vehicle/IC2004,http://irail.be/stations/NMBS/008822269,IC,2018-06-21T06:11:00,2018-06-21T06:11:00,-35,-35
http://irail.be/vehicle/IC2004,http://irail.be/stations/NMBS/008822251,IC,2018-06-21T06:12:00,2018-06-21T06:12:00,-85,-85
http://irail.be/vehicle/IC2004,http://irail.be/stations/NMBS/008822004,IC,2018-06-21T06:18:00,2018-06-21T06:16:00,-13,-117
http://irail.be/vehicle/IC2004,http://irail.be/stations/NMBS/008822343,IC,2018-06-21T06:21:00,2018-06-21T06:21:00,-13,-13
http://irail.be/vehicle/IC2004,http://irail.be/stations/NMBS/008822228,IC,2018-06-21T06:23:00,2018-06-21T06:23:00,-87,-87
http://irail.be/vehicle/IC2004,http://irail.be/stations/NMBS/008822210,IC,2018-06-21T06:24:00,2018-06-21T06:24:00,-87,-87
http://irail.be/vehicle/IC2004,http://irail.be/stations/NMBS/008821311,IC,2018-06-21T06:26:00,2018-06-21T06:26:00,-89,-89
http://irail.be/vehicle/IC2004,http://irail.be/stations/NMBS/008821337,IC,2018-06-21T06:27:00,2018-06-21T06:27:00,-81,-81
http://irail.be/vehicle/IC2004,http://irail.be/stations/NMBS/008821238,IC,2018-06-21T06:28:00,2018-06-21T06:28:00,-77,-77
http://irail.be/vehicle/IC2004,http://irail.be/stations/NMBS/008821154,IC,2018-06-21T06:28:00,2018-06-21T06:28:00,-35,-35
http://irail.be/vehicle/IC2004,http://irail.be/stations/NMBS/008821121,IC,2018-06-21T06:31:00,2018-06-21T06:30:00,12,-39
http://irail.be/vehicle/IC2004,http://irail.be/stations/NMBS/008821006,IC,2018-06-21T06:39:00,2018-06-21T06:35:00,10,-55
http://irail.be/vehicle/IC2004,http://irail.be/stations/NMBS/008821063,IC,2018-06-21T06:44:00,2018-06-21T06:43:00,-98,-98
http://irail.be/vehicle/IC2004,http://irail.be/stations/NMBS/008821089,IC,2018-06-21T06:51:00,2018-06-21T06:47:00,-184,24
http://irail.be/vehicle/IC2004,NO-URI,IC,2018-06-21T06:54:00,2018-06-21T06:54:00,,-184
http://irail.be/vehicle/IC2004,http://irail.be/stations/NMBS/008814001,IC,2018-06-14T05:50:00,2018-06-14T05:50:00,-20,
http://irail.be/vehicle/IC2004,http://irail.be/stations/NMBS/008813037,IC,2018-06-14T05:52:00,2018-06-14T05:52:00,22,22
http://irail.be/vehicle/IC2004,http://irail.be/stations/NMBS/008813003,IC,2018-06-14T05:54:00,2018-06-14T05:53:00,46,24
http://irail.be/vehicle/IC2004,http://irail.be/stations/NMBS/008813045,IC,2018-06-14T05:55:00,2018-06-14T05:55:00,55,55
http://irail.be/vehicle/IC2004,http://irail.be/stations/NMBS/008812005,IC,2018-06-14T06:01:00,2018-06-14T05:58:00,22,43
http://irail.be/vehicle/IC2004,http://irail.be/stations/NMBS/008811007,IC,2018-06-14T06:04:00,2018-06-14T06:04:00,-24,-24
http://irail.be/vehicle/IC2004,http://irail.be/stations/NMBS/008811148,IC,2018-06-14T06:07:00,2018-06-14T06:07:00,-44,-44
http://irail.be/vehicle/IC2004,http://irail.be/stations/NMBS/008811189,IC,2018-06-14T06:08:00,2018-06-14T06:08:00,-44,-44
http://irail.be/vehicle/IC2004,http://irail.be/stations/NMBS/008822269,IC,2018-06-14T06:11:00,2018-06-14T06:11:00,-41,-41
http://irail.be/vehicle/IC2004,http://irail.be/stations/NMBS/008822251,IC,2018-06-14T06:12:00,2018-06-14T06:12:00,-62,-62
http://irail.be/vehicle/IC2004,http://irail.be/stations/NMBS/008822004,IC,2018-06-14T06:18:00,2018-06-14T06:16:00,-33,-53
http://irail.be/vehicle/IC2004,http://irail.be/stations/NMBS/008822343,IC,2018-06-14T06:21:00,2018-06-14T06:21:00,-33,-33
http://irail.be/vehicle/IC2004,http://irail.be/stations/NMBS/008822228,IC,2018-06-14T06:23:00,2018-06-14T06:23:00,-94,-94
http://irail.be/vehicle/IC2004,http://irail.be/stations/NMBS/008822210,IC,2018-06-14T06:24:00,2018-06-14T06:24:00,-94,-94
http://irail.be/vehicle/IC2004,http://irail.be/stations/NMBS/008821311,IC,2018-06-14T06:26:00,2018-06-14T06:26:00,-86,-86
http://irail.be/vehicle/IC2004,http://irail.be/stations/NMBS/008821337,IC,2018-06-14T06:27:00,2018-06-14T06:27:00,-79,-79
http://irail.be/vehicle/IC2004,http://irail.be/stations/NMBS/008821238,IC,2018-06-14T06:28:00,2018-06-14T06:28:00,-80,-80
http://irail.be/vehicle/IC2004,http://irail.be/stations/NMBS/008821154,IC,2018-06-14T06:28:00,2018-06-14T06:28:00,-43,-43
http://irail.be/vehicle/IC2004,http://irail.be/stations/NMBS/008821121,IC,2018-06-14T06:31:00,2018-06-14T06:30:00,13,-46
http://irail.be/vehicle/IC2004,http://irail.be/stations/NMBS/008821006,IC,2018-06-14T06:39:00,2018-06-14T06:35:00,12,-56
http://irail.be/vehicle/IC2004,http://irail.be/stations/NMBS/008821063,IC,2018-06-14T06:44:00,2018-06-14T06:43:00,-100,-100
http://irail.be/vehicle/IC2004,http://irail.be/stations/NMBS/008821089,IC,2018-06-14T06:51:00,2018-06-14T06:47:00,-154,73
http://irail.be/vehicle/IC2004,NO-URI,IC,2018-06-14T06:54:00,2018-06-14T06:54:00,,-154
http://irail.be/vehicle/IC2004,http://irail.be/stations/NMBS/008814001,IC,2018-07-26T05:50:00,2018-07-26T05:50:00,-4,
http://irail.be/vehicle/IC2004,http://irail.be/stations/NMBS/008813037,IC,2018-07-26T05:52:00,2018-07-26T05:52:00,42,42
http://irail.be/vehicle/IC2004,http://irail.be/stations/NMBS/008813003,IC,2018-07-26T05:54:00,2018-07-26T05:53:00,68,45
http://irail.be/vehicle/IC2004,http://irail.be/stations/NMBS/008813045,IC,2018-07-26T05:55:00,2018-07-26T05:55:00,75,75
http://irail.be/vehicle/IC2004,http://irail.be/stations/NMBS/008812005,IC,2018-07-26T06:01:00,2018-07-26T05:58:00,39,64
http://irail.be/vehicle/IC2004,http://irail.be/stations/NMBS/008811007,IC,2018-07-26T06:04:00,2018-07-26T06:04:00,-11,-11
http://irail.be/vehicle/IC2004,http://irail.be/stations/NMBS/008811148,IC,2018-07-26T06:07:00,2018-07-26T06:07:00,-30,-30
http://irail.be/vehicle/IC2004,http://irail.be/stations/NMBS/008811189,IC,2018-07-26T06:08:00,2018-07-26T06:08:00,-30,-30
http://irail.be/vehicle/IC2004,http://irail.be/stations/NMBS/008822269,IC,2018-07-26T06:11:00,2018-07-26T06:11:00,-30,-30
http://irail.be/vehicle/IC2004,http://irail.be/stations/NMBS/008822251,IC,2018-07-26T06:12:00,2018-07-26T06:12:00,-96,-96
http://irail.be/vehicle/IC2004,http://irail.be/stations/NMBS/008822004,IC,2018-07-26T06:18:00,2018-07-26T06:16:00,-24,-157
http://irail.be/vehicle/IC2004,http://irail.be/stations/NMBS/008822343,IC,2018-07-26T06:21:00,2018-07-26T06:21:00,-24,-24
http://irail.be/vehicle/IC2004,http://irail.be/stations/NMBS/008822228,IC,2018-07-26T06:23:00,2018-07-26T06:23:00,-72,-72
http://irail.be/vehicle/IC2004,http://irail.be/stations/NMBS/008822210,IC,2018-07-26T06:24:00,2018-07-26T06:24:00,-72,-72
http://irail.be/vehicle/IC2004,http://irail.be/stations/NMBS/008821311,IC,2018-07-26T06:26:00,2018-07-26T06:26:00,-72,-72
http://irail.be/vehicle/IC2004,http://irail.be/stations/NMBS/008821337,IC,2018-07-26T06:27:00,2018-07-26T06:27:00,-75,-75
http://irail.be/vehicle/IC2004,http://irail.be/stations/NMBS/008821238,IC,2018-07-26T06:28:00,2018-07-26T06:28:00,-81,-81
http://irail.be/vehicle/IC2004,http://irail.be/stations/NMBS/008821154,IC,2018-07-26T06:28:00,2018-07-26T06:28:00,-48,-48
http://irail.be/vehicle/IC2004,http://irail.be/stations/NMBS/008821121,IC,2018-07-26T06:31:00,2018-07-26T06:30:00,14,-56
http://irail.be/vehicle/IC2004,http://irail.be/stations/NMBS/008821006,IC,2018-07-26T06:39:00,2018-07-26T06:35:00,27,41
http://irail.be/vehicle/IC2004,http://irail.be/stations/NMBS/008821063,IC,2018-07-26T06:44:00,2018-07-26T06:43:00,-42,-42
http://irail.be/vehicle/IC2004,http://irail.be/stations/NMBS/008821089,IC,2018-07-26T06:51:00,2018-07-26T06:47:00,-97,92
http://irail.be/vehicle/IC2004,NO-URI,IC,2018-07-26T06:54:00,2018-07-26T06:54:00,,-97
http://irail.be/vehicle/IC2004,http://irail.be/stations/NMBS/008814001,IC,2018-03-02T05:50:00,2018-03-02T05:50:00,187,
http://irail.be/vehicle/IC2004,http://irail.be/stations/NMBS/008813037,IC,2018-03-02T05:52:00,2018-03-02T05:52:00,254,254
http://irail.be/vehicle/IC2004,http://irail.be/stations/NMBS/008813003,IC,2018-03-02T05:54:00,2018-03-02T05:53:00,281,256
http://irail.be/vehicle/IC2004,http://irail.be/stations/NMBS/008813045,IC,2018-03-02T05:55:00,2018-03-02T05:55:00,298,298
http://irail.be/vehicle/IC2004,http://irail.be/stations/NMBS/008812005,IC,2018-03-02T06:01:00,2018-03-02T05:58:00,207,292
http://irail.be/vehicle/IC2004,http://irail.be/stations/NMBS/008811007,IC,2018-03-02T06:04:00,2018-03-02T06:04:00,206,206
http://irail.be/vehicle/IC2004,http://irail.be/stations/NMBS/008811148,IC,2018-03-02T06:07:00,2018-03-02T06:07:00,220,220
http://irail.be/vehicle/IC2004,http://irail.be/stations/NMBS/008811189,IC,2018-03-02T06:08:00,2018-03-02T06:08:00,220,220
http://irail.be/vehicle/IC2004,http://irail.be/stations/NMBS/008822269,IC,2018-03-02T06:11:00,2018-03-02T06:11:00,227,227
http://irail.be/vehicle/IC2004,http://irail.be/stations/NMBS/008822251,IC,2018-03-02T06:12:00,2018-03-02T06:12:00,171,171
http://irail.be/vehicle/IC2004,http://irail.be/stations/NMBS/008822004,IC,2018-03-02T06:18:00,2018-03-02T06:16:00,298,330
http://irail.be/vehicle/IC2004,http://irail.be/stations/NMBS/008822343,IC,2018-03-02T06:20:00,2018-03-02T06:20:00,298,298
http://irail.be/vehicle/IC2004,http://irail.be/stations/NMBS/008822228,IC,2018-03-02T06:23:00,2018-03-02T06:23:00,235,235
http://irail.be/vehicle/IC2004,http://irail.be/stations/NMBS/008822210,IC,2018-03-02T06:24:00,2018-03-02T06:24:00,235,235
http://irail.be/vehicle/IC2004,http://irail.be/stations/NMBS/008821311,IC,2018-03-02T06:26:00,2018-03-02T06:26:00,235,235
http://irail.be/vehicle/IC2004,http://irail.be/stations/NMBS/008821337,IC,2018-03-02T06:27:00,2018-03-02T06:27:00,230,230
http://irail.be/vehicle/IC2004,http://irail.be/stations/NMBS/008821238,IC,2018-03-02T06:28:00,2018-03-02T06:28:00,225,225
http://irail.be/vehicle/IC2004,http://irail.be/stations/NMBS/008821154,IC,2018-03-02T06:29:00,2018-03-02T06:29:00,206,206
http://irail.be/vehicle/IC2004,http://irail.be/stations/NMBS/008821121,IC,2018-03-02T06:31:00,2018-03-02T06:30:00,347,241
http://irail.be/vehicle/IC2004,http://irail.be/stations/NMBS/008821006,IC,2018-03-02T06:39:00,2018-03-02T06:35:00,318,335
http://irail.be/vehicle/IC2004,http://irail.be/stations/NMBS/008821063,IC,2018-03-02T06:43:00,2018-03-02T06:43:00,291,291
http://irail.be/vehicle/IC2004,http://irail.be/stations/NMBS/008821089,IC,2018-03-02T06:46:00,2018-03-02T06:46:00,354,354
http://irail.be/vehicle/IC2004,NO-URI,IC,2018-03-02T06:49:00,2018-03-02T06:49:00,,383
http://irail.be/vehicle/IC2004,http://irail.be/stations/NMBS/008814001,IC,2018-02-06T05:50:00,2018-02-06T05:50:00,28,
http://irail.be/vehicle/IC2004,http://irail.be/stations/NMBS/008813037,IC,2018-02-06T05:52:00,2018-02-06T05:52:00,74,74
http://irail.be/vehicle/IC2004,http://irail.be/stations/NMBS/008813003,IC,2018-02-06T05:54:00,2018-02-06T05:53:00,78,83
http://irail.be/vehicle/IC2004,http://irail.be/stations/NMBS/008813045,IC,2018-02-06T05:56:00,2018-02-06T05:56:00,64,64
http://irail.be/vehicle/IC2004,http://irail.be/stations/NMBS/008812005,IC,2018-02-06T06:01:00,2018-02-06T05:58:00,55,64
http://irail.be/vehicle/IC2004,http://irail.be/stations/NMBS/008811007,IC,2018-02-06T06:04:00,2018-02-06T06:04:00,22,22
http://irail.be/vehicle/IC2004,http://irail.be/stations/NMBS/008811148,IC,2018-02-06T06:07:00,2018-02-06T06:07:00,11,11
http://irail.be/vehicle/IC2004,http://irail.be/stations/NMBS/008811189,IC,2018-02-06T06:08:00,2018-02-06T06:08:00,11,11
http://irail.be/vehicle/IC2004,http://irail.be/stations/NMBS/008822269,IC,2018-02-06T06:11:00,2018-02-06T06:11:00,11,11
http://irail.be/vehicle/IC2004,http://irail.be/stations/NMBS/008822251,IC,2018-02-06T06:12:00,2018-02-06T06:12:00,-55,-55
http://irail.be/vehicle/IC2004,http://irail.be/stations/NMBS/008822004,IC,2018-02-06T06:18:00,2018-02-06T06:16:00,-10,-81
http://irail.be/vehicle/IC2004,http://irail.be/stations/NMBS/008822343,IC,2018-02-06T06:21:00,2018-02-06T06:21:00,-10,-10
http://irail.be/vehicle/IC2004,http://irail.be/stations/NMBS/008822228,IC,2018-02-06T06:23:00,2018-02-06T06:23:00,-58,-58
http://irail.be/vehicle/IC2004,http://irail.be/stations/NMBS/008822210,IC,2018-02-06T06:24:00,2018-02-06T06:24:00,-58,-58
http://irail.be/vehicle/IC2004,http://irail.be/stations/NMBS/008821311,IC,2018-02-06T06:26:00,2018-02-06T06:26:00,-58,-58
http://irail.be/vehicle/IC2004,http://irail.be/stations/NMBS/008821337,IC,2018-02-06T06:27:00,2018-02-06T06:27:00,-63,-63
http://irail.be/vehicle/IC2004,http://irail.be/stations/NMBS/008821238,IC,2018-02-06T06:28:00,2018-02-06T06:28:00,-67,-67
http://irail.be/vehicle/IC2004,http://irail.be/stations/NMBS/008821154,IC,2018-02-06T06:28:00,2018-02-06T06:28:00,-27,-27
http://irail.be/vehicle/IC2004,http://irail.be/stations/NMBS/008821121,IC,2018-02-06T06:31:00,2018-02-06T06:30:00,72,13
http://irail.be/vehicle/IC2004,http://irail.be/stations/NMBS/008821006,IC,2018-02-06T06:39:00,2018-02-06T06:35:00,23,60
http://irail.be/vehicle/IC2004,http://irail.be/stations/NMBS/008821063,IC,2018-02-06T06:43:00,2018-02-06T06:43:00,-11,-11
http://irail.be/vehicle/IC2004,http://irail.be/stations/NMBS/008821089,IC,2018-02-06T06:46:00,2018-02-06T06:46:00,140,140
http://irail.be/vehicle/IC2004,NO-URI,IC,2018-02-06T06:49:00,2018-02-06T06:49:00,,157
http://irail.be/vehicle/IC2004,http://irail.be/stations/NMBS/008814001,IC,2018-03-30T05:50:00,2018-03-30T05:50:00,2,
http://irail.be/vehicle/IC2004,http://irail.be/stations/NMBS/008813037,IC,2018-03-30T05:52:00,2018-03-30T05:52:00,54,54
http://irail.be/vehicle/IC2004,http://irail.be/stations/NMBS/008813003,IC,2018-03-30T05:54:00,2018-03-30T05:53:00,68,66
http://irail.be/vehicle/IC2004,http://irail.be/stations/NMBS/008813045,IC,2018-03-30T05:56:00,2018-03-30T05:56:00,59,59
http://irail.be/vehicle/IC2004,http://irail.be/stations/NMBS/008812005,IC,2018-03-30T06:01:00,2018-03-30T05:58:00,21,55
http://irail.be/vehicle/IC2004,http://irail.be/stations/NMBS/008811007,IC,2018-03-30T06:04:00,2018-03-30T06:04:00,2,2
http://irail.be/vehicle/IC2004,http://irail.be/stations/NMBS/008811148,IC,2018-03-30T06:07:00,2018-03-30T06:07:00,73,73
http://irail.be/vehicle/IC2004,http://irail.be/stations/NMBS/008811189,IC,2018-03-30T06:08:00,2018-03-30T06:08:00,73,73
http://irail.be/vehicle/IC2004,http://irail.be/stations/NMBS/008822269,IC,2018-03-30T06:11:00,2018-03-30T06:11:00,81,81
http://irail.be/vehicle/IC2004,http://irail.be/stations/NMBS/008822251,IC,2018-03-30T06:12:00,2018-03-30T06:12:00,32,32
http://irail.be/vehicle/IC2004,http://irail.be/stations/NMBS/008822004,IC,2018-03-30T06:18:00,2018-03-30T06:16:00,9,86
http://irail.be/vehicle/IC2004,http://irail.be/stations/NMBS/008822343,IC,2018-03-30T06:21:00,2018-03-30T06:21:00,9,9
http://irail.be/vehicle/IC2004,http://irail.be/stations/NMBS/008822228,IC,2018-03-30T06:23:00,2018-03-30T06:23:00,-30,-30
http://irail.be/vehicle/IC2004,http://irail.be/stations/NMBS/008822210,IC,2018-03-30T06:24:00,2018-03-30T06:24:00,-30,-30
http://irail.be/vehicle/IC2004,http://irail.be/stations/NMBS/008821311,IC,2018-03-30T06:26:00,2018-03-30T06:26:00,-30,-30
http://irail.be/vehicle/IC2004,http://irail.be/stations/NMBS/008821337,IC,2018-03-30T06:27:00,2018-03-30T06:27:00,-33,-33
http://irail.be/vehicle/IC2004,http://irail.be/stations/NMBS/008821238,IC,2018-03-30T06:28:00,2018-03-30T06:28:00,-36,-36
http://irail.be/vehicle/IC2004,http://irail.be/stations/NMBS/008821154,IC,2018-03-30T06:28:00,2018-03-30T06:28:00,1,1
http://irail.be/vehicle/IC2004,http://irail.be/stations/NMBS/008821121,IC,2018-03-30T06:31:00,2018-03-30T06:30:00,24,-4
http://irail.be/vehicle/IC2004,http://irail.be/stations/NMBS/008821006,IC,2018-03-30T06:39:00,2018-03-30T06:35:00,10,-13
http://irail.be/vehicle/IC2004,http://irail.be/stations/NMBS/008821063,IC,2018-03-30T06:43:00,2018-03-30T06:43:00,26,26
http://irail.be/vehicle/IC2004,http://irail.be/stations/NMBS/008821089,IC,2018-03-30T06:46:00,2018-03-30T06:46:00,123,123
http://irail.be/vehicle/IC2004,NO-URI,IC,2018-03-30T06:49:00,2018-03-30T06:49:00,,139
http://irail.be/vehicle/IC2004,http://irail.be/stations/NMBS/008814001,IC,2018-09-06T05:50:00,2018-09-06T05:50:00,-5,
http://irail.be/vehicle/IC2004,http://irail.be/stations/NMBS/008813037,IC,2018-09-06T05:52:00,2018-09-06T05:52:00,48,48
http://irail.be/vehicle/IC2004,http://irail.be/stations/NMBS/008813003,IC,2018-09-06T05:54:00,2018-09-06T05:53:00,58,63
http://irail.be/vehicle/IC2004,http://irail.be/stations/NMBS/008813045,IC,2018-09-06T05:56:00,2018-09-06T05:56:00,34,34
http://irail.be/vehicle/IC2004,http://irail.be/stations/NMBS/008812005,IC,2018-09-06T06:02:00,2018-09-06T05:58:00,41,27
http://irail.be/vehicle/IC2004,http://irail.be/stations/NMBS/008811007,IC,2018-09-06T06:05:00,2018-09-06T06:05:00,48,48
http://irail.be/vehicle/IC2004,http://irail.be/stations/NMBS/008811148,IC,2018-09-06T06:08:00,2018-09-06T06:08:00,48,48
http://irail.be/vehicle/IC2004,http://irail.be/stations/NMBS/008811189,IC,2018-09-06T06:09:00,2018-09-06T06:09:00,48,48
http://irail.be/vehicle/IC2004,http://irail.be/stations/NMBS/008822269,IC,2018-09-06T06:11:00,2018-09-06T06:11:00,53,53
http://irail.be/vehicle/IC2004,http://irail.be/stations/NMBS/008822251,IC,2018-09-06T06:12:00,2018-09-06T06:12:00,55,55
http://irail.be/vehicle/IC2004,http://irail.be/stations/NMBS/008822004,IC,2018-09-06T06:18:00,2018-09-06T06:16:00,-8,4
http://irail.be/vehicle/IC2004,http://irail.be/stations/NMBS/008822343,IC,2018-09-06T06:21:00,2018-09-06T06:21:00,-8,-8
http://irail.be/vehicle/IC2004,http://irail.be/stations/NMBS/008822228,IC,2018-09-06T06:23:00,2018-09-06T06:23:00,-12,-12
http://irail.be/vehicle/IC2004,http://irail.be/stations/NMBS/008822210,IC,2018-09-06T06:24:00,2018-09-06T06:24:00,-12,-12
http://irail.be/vehicle/IC2004,http://irail.be/stations/NMBS/008821311,IC,2018-09-06T06:26:00,2018-09-06T06:26:00,126,126
http://irail.be/vehicle/IC2004,http://irail.be/stations/NMBS/008821337,IC,2018-09-06T06:27:00,2018-09-06T06:27:00,209,209
http://irail.be/vehicle/IC2004,http://irail.be/stations/NMBS/008821246,IC,2018-09-06T06:28:50,2018-09-06T06:28:50,205,205
http://irail.be/vehicle/IC2004,http://irail.be/stations/NMBS/008821147,IC,2018-09-06T06:30:59,2018-09-06T06:30:59,279,279
http://irail.be/vehicle/IC2004,http://irail.be/stations/NMBS/008821121,IC,2018-09-06T06:32:00,2018-09-06T06:30:00,508,510
http://irail.be/vehicle/IC2004,http://irail.be/stations/NMBS/008821006,IC,2018-09-06T06:39:00,2018-09-06T06:36:00,425,474
http://irail.be/vehicle/IC2004,http://irail.be/stations/NMBS/008821063,IC,2018-09-06T06:44:00,2018-09-06T06:43:00,340,340
http://irail.be/vehicle/IC2004,http://irail.be/stations/NMBS/008821089,IC,2018-09-06T06:51:00,2018-09-06T06:47:00,390,450
http://irail.be/vehicle/IC2004,NO-URI,IC,2018-09-06T06:54:00,2018-09-06T06:54:00,,185
http://irail.be/vehicle/IC2004,http://irail.be/stations/NMBS/008814001,IC,2018-03-20T05:50:00,2018-03-20T05:50:00,-7,
http://irail.be/vehicle/IC2004,http://irail.be/stations/NMBS/008813037,IC,2018-03-20T05:52:00,2018-03-20T05:52:00,33,33
http://irail.be/vehicle/IC2004,http://irail.be/stations/NMBS/008813003,IC,2018-03-20T05:54:00,2018-03-20T05:53:00,35,36
http://irail.be/vehicle/IC2004,http://irail.be/stations/NMBS/008813045,IC,2018-03-20T05:56:00,2018-03-20T05:56:00,18,18
http://irail.be/vehicle/IC2004,http://irail.be/stations/NMBS/008812005,IC,2018-03-20T06:01:00,2018-03-20T05:58:00,29,10
http://irail.be/vehicle/IC2004,http://irail.be/stations/NMBS/008811007,IC,2018-03-20T06:04:00,2018-03-20T06:04:00,5,5
http://irail.be/vehicle/IC2004,http://irail.be/stations/NMBS/008811148,IC,2018-03-20T06:07:00,2018-03-20T06:07:00,43,43
http://irail.be/vehicle/IC2004,http://irail.be/stations/NMBS/008811189,IC,2018-03-20T06:08:00,2018-03-20T06:08:00,43,43
http://irail.be/vehicle/IC2004,http://irail.be/stations/NMBS/008822269,IC,2018-03-20T06:11:00,2018-03-20T06:11:00,42,42
http://irail.be/vehicle/IC2004,http://irail.be/stations/NMBS/008822251,IC,2018-03-20T06:12:00,2018-03-20T06:12:00,-22,-22
http://irail.be/vehicle/IC2004,http://irail.be/stations/NMBS/008822004,IC,2018-03-20T06:18:00,2018-03-20T06:16:00,-26,-67
http://irail.be/vehicle/IC2004,http://irail.be/stations/NMBS/008822343,IC,2018-03-20T06:21:00,2018-03-20T06:21:00,-26,-26
http://irail.be/vehicle/IC2004,http://irail.be/stations/NMBS/008822228,IC,2018-03-20T06:23:00,2018-03-20T06:23:00,-68,-68
http://irail.be/vehicle/IC2004,http://irail.be/stations/NMBS/008822210,IC,2018-03-20T06:24:00,2018-03-20T06:24:00,-68,-68
http://irail.be/vehicle/IC2004,http://irail.be/stations/NMBS/008821311,IC,2018-03-20T06:26:00,2018-03-20T06:26:00,-68,-68
http://irail.be/vehicle/IC2004,http://irail.be/stations/NMBS/008821337,IC,2018-03-20T06:27:00,2018-03-20T06:27:00,-73,-73
http://irail.be/vehicle/IC2004,http://irail.be/stations/NMBS/008821238,IC,2018-03-20T06:28:00,2018-03-20T06:28:00,-82,-82
http://irail.be/vehicle/IC2004,http://irail.be/stations/NMBS/008821154,IC,2018-03-20T06:28:00,2018-03-20T06:28:00,-49,-49
http://irail.be/vehicle/IC2004,http://irail.be/stations/NMBS/008821121,IC,2018-03-20T06:31:00,2018-03-20T06:30:00,2,-59
http://irail.be/vehicle/IC2004,http://irail.be/stations/NMBS/008821006,IC,2018-03-20T06:39:00,2018-03-20T06:35:00,-20,-3
http://irail.be/vehicle/IC2004,http://irail.be/stations/NMBS/008821063,IC,2018-03-20T06:43:00,2018-03-20T06:43:00,-40,-40
http://irail.be/vehicle/IC2004,http://irail.be/stations/NMBS/008821089,IC,2018-03-20T06:46:00,2018-03-20T06:46:00,-59,-59
http://irail.be/vehicle/IC2004,NO-URI,IC,2018-03-20T06:49:00,2018-03-20T06:49:00,,-60
http://irail.be/vehicle/IC2004,http://irail.be/stations/NMBS/008814001,IC,2018-07-23T05:50:00,2018-07-23T05:50:00,-16,
http://irail.be/vehicle/IC2004,http://irail.be/stations/NMBS/008813037,IC,2018-07-23T05:52:00,2018-07-23T05:52:00,24,24
http://irail.be/vehicle/IC2004,http://irail.be/stations/NMBS/008813003,IC,2018-07-23T05:54:00,2018-07-23T05:53:00,46,32
http://irail.be/vehicle/IC2004,http://irail.be/stations/NMBS/008813045,IC,2018-07-23T05:55:00,2018-07-23T05:55:00,51,51
http://irail.be/vehicle/IC2004,http://irail.be/stations/NMBS/008812005,IC,2018-07-23T06:01:00,2018-07-23T05:58:00,33,38
http://irail.be/vehicle/IC2004,http://irail.be/stations/NMBS/008811007,IC,2018-07-23T06:04:00,2018-07-23T06:04:00,-21,-21
http://irail.be/vehicle/IC2004,http://irail.be/stations/NMBS/008811148,IC,2018-07-23T06:07:00,2018-07-23T06:07:00,-38,-38
http://irail.be/vehicle/IC2004,http://irail.be/stations/NMBS/008811189,IC,2018-07-23T06:08:00,2018-07-23T06:08:00,-38,-38
http://irail.be/vehicle/IC2004,http://irail.be/stations/NMBS/008822269,IC,2018-07-23T06:11:00,2018-07-23T06:11:00,-37,-37
http://irail.be/vehicle/IC2004,http://irail.be/stations/NMBS/008822251,IC,2018-07-23T06:12:00,2018-07-23T06:12:00,-94,-94
http://irail.be/vehicle/IC2004,http://irail.be/stations/NMBS/008822004,IC,2018-07-23T06:18:00,2018-07-23T06:16:00,-26,-138
http://irail.be/vehicle/IC2004,http://irail.be/stations/NMBS/008822343,IC,2018-07-23T06:21:00,2018-07-23T06:21:00,-26,-26
http://irail.be/vehicle/IC2004,http://irail.be/stations/NMBS/008822228,IC,2018-07-23T06:23:00,2018-07-23T06:23:00,-79,-79
http://irail.be/vehicle/IC2004,http://irail.be/stations/NMBS/008822210,IC,2018-07-23T06:24:00,2018-07-23T06:24:00,-79,-79
http://irail.be/vehicle/IC2004,http://irail.be/stations/NMBS/008821311,IC,2018-07-23T06:26:00,2018-07-23T06:26:00,-85,-85
http://irail.be/vehicle/IC2004,http://irail.be/stations/NMBS/008821337,IC,2018-07-23T06:27:00,2018-07-23T06:27:00,-86,-86
http://irail.be/vehicle/IC2004,http://irail.be/stations/NMBS/008821238,IC,2018-07-23T06:28:00,2018-07-23T06:28:00,-88,-88
http://irail.be/vehicle/IC2004,http://irail.be/stations/NMBS/008821154,IC,2018-07-23T06:28:00,2018-07-23T06:28:00,-51,-51
http://irail.be/vehicle/IC2004,http://irail.be/stations/NMBS/008821121,IC,2018-07-23T06:31:00,2018-07-23T06:30:00,12,-45
http://irail.be/vehicle/IC2004,http://irail.be/stations/NMBS/008821006,IC,2018-07-23T06:39:00,2018-07-23T06:35:00,15,6
http://irail.be/vehicle/IC2004,http://irail.be/stations/NMBS/008821063,IC,2018-07-23T06:44:00,2018-07-23T06:43:00,-88,-88
http://irail.be/vehicle/IC2004,http://irail.be/stations/NMBS/008821089,IC,2018-07-23T06:51:00,2018-07-23T06:47:00,10,7
http://irail.be/vehicle/IC2004,NO-URI,IC,2018-07-23T06:54:00,2018-07-23T06:54:00,,10
http://irail.be/vehicle/IC2004,http://irail.be/stations/NMBS/008814001,IC,2018-01-17T05:50:00,2018-01-17T05:50:00,12,
http://irail.be/vehicle/IC2004,http://irail.be/stations/NMBS/008813037,IC,2018-01-17T05:52:00,2018-01-17T05:52:00,71,71
http://irail.be/vehicle/IC2004,http://irail.be/stations/NMBS/008813003,IC,2018-01-17T05:54:00,2018-01-17T05:53:00,106,81
http://irail.be/vehicle/IC2004,http://irail.be/stations/NMBS/008813045,IC,2018-01-17T05:55:00,2018-01-17T05:55:00,120,120
http://irail.be/vehicle/IC2004,http://irail.be/stations/NMBS/008812005,IC,2018-01-17T06:01:00,2018-01-17T05:58:00,36,119
http://irail.be/vehicle/IC2004,http://irail.be/stations/NMBS/008811007,IC,2018-01-17T06:04:00,2018-01-17T06:04:00,37,37
http://irail.be/vehicle/IC2004,http://irail.be/stations/NMBS/008811148,IC,2018-01-17T06:07:00,2018-01-17T06:07:00,22,22
http://irail.be/vehicle/IC2004,http://irail.be/stations/NMBS/008811189,IC,2018-01-17T06:08:00,2018-01-17T06:08:00,22,22
http://irail.be/vehicle/IC2004,http://irail.be/stations/NMBS/008822269,IC,2018-01-17T06:11:00,2018-01-17T06:11:00,24,24
http://irail.be/vehicle/IC2004,http://irail.be/stations/NMBS/008822251,IC,2018-01-17T06:12:00,2018-01-17T06:12:00,-32,-32
http://irail.be/vehicle/IC2004,http://irail.be/stations/NMBS/008822004,IC,2018-01-17T06:18:00,2018-01-17T06:16:00,-8,-33
http://irail.be/vehicle/IC2004,http://irail.be/stations/NMBS/008822343,IC,2018-01-17T06:20:00,2018-01-17T06:20:00,-8,-8
http://irail.be/vehicle/IC2004,http://irail.be/stations/NMBS/008822228,IC,2018-01-17T06:23:00,2018-01-17T06:23:00,-26,-26
http://irail.be/vehicle/IC2004,http://irail.be/stations/NMBS/008822210,IC,2018-01-17T06:24:00,2018-01-17T06:24:00,-26,-26
http://irail.be/vehicle/IC2004,http://irail.be/stations/NMBS/008821311,IC,2018-01-17T06:26:00,2018-01-17T06:26:00,-26,-26
http://irail.be/vehicle/IC2004,http://irail.be/stations/NMBS/008821337,IC,2018-01-17T06:27:00,2018-01-17T06:27:00,-24,-24
http://irail.be/vehicle/IC2004,http://irail.be/stations/NMBS/008821238,IC,2018-01-17T06:28:00,2018-01-17T06:28:00,-26,-26
http://irail.be/vehicle/IC2004,http://irail.be/stations/NMBS/008821154,IC,2018-01-17T06:29:00,2018-01-17T06:29:00,-40,-40
http://irail.be/vehicle/IC2004,http://irail.be/stations/NMBS/008821121,IC,2018-01-17T06:31:00,2018-01-17T06:30:00,78,6
http://irail.be/vehicle/IC2004,http://irail.be/stations/NMBS/008821006,IC,2018-01-17T06:39:00,2018-01-17T06:35:00,103,68
http://irail.be/vehicle/IC2004,http://irail.be/stations/NMBS/008821063,IC,2018-01-17T06:43:00,2018-01-17T06:43:00,40,40
http://irail.be/vehicle/IC2004,http://irail.be/stations/NMBS/008821089,IC,2018-01-17T06:46:00,2018-01-17T06:46:00,135,135
http://irail.be/vehicle/IC2004,NO-URI,IC,2018-01-17T06:49:00,2018-01-17T06:49:00,,156
http://irail.be/vehicle/IC2004,http://irail.be/stations/NMBS/008814001,IC,2018-09-26T05:50:00,2018-09-26T05:50:00,-15,
http://irail.be/vehicle/IC2004,http://irail.be/stations/NMBS/008813037,IC,2018-09-26T05:52:00,2018-09-26T05:52:00,66,66
http://irail.be/vehicle/IC2004,http://irail.be/stations/NMBS/008813003,IC,2018-09-26T05:54:00,2018-09-26T05:53:00,74,87
http://irail.be/vehicle/IC2004,http://irail.be/stations/NMBS/008813045,IC,2018-09-26T05:56:00,2018-09-26T05:56:00,61,61
http://irail.be/vehicle/IC2004,http://irail.be/stations/NMBS/008812005,IC,2018-09-26T06:02:00,2018-09-26T05:58:00,34,66
http://irail.be/vehicle/IC2004,http://irail.be/stations/NMBS/008811007,IC,2018-09-26T06:05:00,2018-09-26T06:05:00,20,20
http://irail.be/vehicle/IC2004,http://irail.be/stations/NMBS/008811148,IC,2018-09-26T06:08:00,2018-09-26T06:08:00,30,30
http://irail.be/vehicle/IC2004,http://irail.be/stations/NMBS/008811189,IC,2018-09-26T06:09:00,2018-09-26T06:09:00,30,30
http://irail.be/vehicle/IC2004,http://irail.be/stations/NMBS/008822269,IC,2018-09-26T06:11:00,2018-09-26T06:11:00,31,31
http://irail.be/vehicle/IC2004,http://irail.be/stations/NMBS/008822251,IC,2018-09-26T06:12:00,2018-09-26T06:12:00,20,20
http://irail.be/vehicle/IC2004,http://irail.be/stations/NMBS/008822004,IC,2018-09-26T06:18:00,2018-09-26T06:16:00,28,120
http://irail.be/vehicle/IC2004,http://irail.be/stations/NMBS/008822343,IC,2018-09-26T06:21:00,2018-09-26T06:21:00,28,28
http://irail.be/vehicle/IC2004,http://irail.be/stations/NMBS/008822228,IC,2018-09-26T06:23:00,2018-09-26T06:23:00,-27,-27
http://irail.be/vehicle/IC2004,http://irail.be/stations/NMBS/008822210,IC,2018-09-26T06:24:00,2018-09-26T06:24:00,-27,-27
http://irail.be/vehicle/IC2004,http://irail.be/stations/NMBS/008821311,IC,2018-09-26T06:26:00,2018-09-26T06:26:00,-30,-30
http://irail.be/vehicle/IC2004,http://irail.be/stations/NMBS/008821337,IC,2018-09-26T06:27:00,2018-09-26T06:27:00,-32,-32
http://irail.be/vehicle/IC2004,http://irail.be/stations/NMBS/008821238,IC,2018-09-26T06:28:00,2018-09-26T06:28:00,-34,-34
http://irail.be/vehicle/IC2004,http://irail.be/stations/NMBS/008821154,IC,2018-09-26T06:28:00,2018-09-26T06:28:00,4,4
http://irail.be/vehicle/IC2004,http://irail.be/stations/NMBS/008821121,IC,2018-09-26T06:32:00,2018-09-26T06:30:00,17,-1
http://irail.be/vehicle/IC2004,http://irail.be/stations/NMBS/008821006,IC,2018-09-26T06:39:00,2018-09-26T06:36:00,6,2
http://irail.be/vehicle/IC2004,http://irail.be/stations/NMBS/008821063,IC,2018-09-26T06:44:00,2018-09-26T06:43:00,-68,-68
http://irail.be/vehicle/IC2004,http://irail.be/stations/NMBS/008821089,IC,2018-09-26T06:51:00,2018-09-26T06:47:00,-7,53
http://irail.be/vehicle/IC2004,NO-URI,IC,2018-09-26T06:54:00,2018-09-26T06:54:00,,-215
http://irail.be/vehicle/IC2004,http://irail.be/stations/NMBS/008814001,IC,2018-04-11T05:50:00,2018-04-11T05:50:00,-17,
http://irail.be/vehicle/IC2004,http://irail.be/stations/NMBS/008813037,IC,2018-04-11T05:52:00,2018-04-11T05:52:00,30,30
http://irail.be/vehicle/IC2004,http://irail.be/stations/NMBS/008813003,IC,2018-04-11T05:54:00,2018-04-11T05:53:00,51,36
http://irail.be/vehicle/IC2004,http://irail.be/stations/NMBS/008813045,IC,2018-04-11T05:55:00,2018-04-11T05:55:00,61,61
http://irail.be/vehicle/IC2004,http://irail.be/stations/NMBS/008812005,IC,2018-04-11T06:01:00,2018-04-11T05:58:00,36,57
http://irail.be/vehicle/IC2004,http://irail.be/stations/NMBS/008811007,IC,2018-04-11T06:04:00,2018-04-11T06:04:00,-7,-7
http://irail.be/vehicle/IC2004,http://irail.be/stations/NMBS/008811148,IC,2018-04-11T06:07:00,2018-04-11T06:07:00,-2,-2
http://irail.be/vehicle/IC2004,http://irail.be/stations/NMBS/008811189,IC,2018-04-11T06:08:00,2018-04-11T06:08:00,-2,-2
http://irail.be/vehicle/IC2004,http://irail.be/stations/NMBS/008822269,IC,2018-04-11T06:11:00,2018-04-11T06:11:00,3,3
http://irail.be/vehicle/IC2004,http://irail.be/stations/NMBS/008822251,IC,2018-04-11T06:12:00,2018-04-11T06:12:00,-50,-50
http://irail.be/vehicle/IC2004,http://irail.be/stations/NMBS/008822004,IC,2018-04-11T06:18:00,2018-04-11T06:16:00,-32,-84
http://irail.be/vehicle/IC2004,http://irail.be/stations/NMBS/008822343,IC,2018-04-11T06:21:00,2018-04-11T06:21:00,-32,-32
http://irail.be/vehicle/IC2004,http://irail.be/stations/NMBS/008822228,IC,2018-04-11T06:23:00,2018-04-11T06:23:00,-76,-76
http://irail.be/vehicle/IC2004,http://irail.be/stations/NMBS/008822210,IC,2018-04-11T06:24:00,2018-04-11T06:24:00,-76,-76
http://irail.be/vehicle/IC2004,http://irail.be/stations/NMBS/008821311,IC,2018-04-11T06:26:00,2018-04-11T06:26:00,-76,-76
http://irail.be/vehicle/IC2004,http://irail.be/stations/NMBS/008821337,IC,2018-04-11T06:27:00,2018-04-11T06:27:00,-76,-76
http://irail.be/vehicle/IC2004,http://irail.be/stations/NMBS/008821238,IC,2018-04-11T06:28:00,2018-04-11T06:28:00,-77,-77
http://irail.be/vehicle/IC2004,http://irail.be/stations/NMBS/008821154,IC,2018-04-11T06:28:00,2018-04-11T06:28:00,-35,-35
http://irail.be/vehicle/IC2004,http://irail.be/stations/NMBS/008821121,IC,2018-04-11T06:31:00,2018-04-11T06:30:00,58,7
http://irail.be/vehicle/IC2004,http://irail.be/stations/NMBS/008821006,IC,2018-04-11T06:40:00,2018-04-11T06:35:00,-9,13
http://irail.be/vehicle/IC2004,http://irail.be/stations/NMBS/008821063,IC,2018-04-11T06:45:00,2018-04-11T06:45:00,-90,-90
http://irail.be/vehicle/IC2004,http://irail.be/stations/NMBS/008821089,IC,2018-04-11T06:47:00,2018-04-11T06:47:00,-53,-53
http://irail.be/vehicle/IC2004,NO-URI,IC,2018-04-11T06:49:00,2018-04-11T06:49:00,,7
http://irail.be/vehicle/IC2004,http://irail.be/stations/NMBS/008814001,IC,2018-09-28T05:50:00,2018-09-28T05:50:00,8,
http://irail.be/vehicle/IC2004,http://irail.be/stations/NMBS/008813037,IC,2018-09-28T05:52:00,2018-09-28T05:52:00,45,45
http://irail.be/vehicle/IC2004,http://irail.be/stations/NMBS/008813003,IC,2018-09-28T05:54:00,2018-09-28T05:53:00,27,52
http://irail.be/vehicle/IC2004,http://irail.be/stations/NMBS/008813045,IC,2018-09-28T05:56:00,2018-09-28T05:56:00,1,1
http://irail.be/vehicle/IC2004,http://irail.be/stations/NMBS/008812005,IC,2018-09-28T06:02:00,2018-09-28T05:58:00,30,-3
http://irail.be/vehicle/IC2004,http://irail.be/stations/NMBS/008811007,IC,2018-09-28T06:05:00,2018-09-28T06:05:00,-14,-14
http://irail.be/vehicle/IC2004,http://irail.be/stations/NMBS/008811148,IC,2018-09-28T06:08:00,2018-09-28T06:08:00,-8,-8
http://irail.be/vehicle/IC2004,http://irail.be/stations/NMBS/008811189,IC,2018-09-28T06:09:00,2018-09-28T06:09:00,-8,-8
http://irail.be/vehicle/IC2004,http://irail.be/stations/NMBS/008822269,IC,2018-09-28T06:11:00,2018-09-28T06:11:00,-1,-1
http://irail.be/vehicle/IC2004,http://irail.be/stations/NMBS/008822251,IC,2018-09-28T06:12:00,2018-09-28T06:12:00,17,17
http://irail.be/vehicle/IC2004,http://irail.be/stations/NMBS/008822004,IC,2018-09-28T06:18:00,2018-09-28T06:16:00,12,3
http://irail.be/vehicle/IC2004,http://irail.be/stations/NMBS/008822343,IC,2018-09-28T06:21:00,2018-09-28T06:21:00,12,12
http://irail.be/vehicle/IC2004,http://irail.be/stations/NMBS/008822228,IC,2018-09-28T06:23:00,2018-09-28T06:23:00,-33,-33
http://irail.be/vehicle/IC2004,http://irail.be/stations/NMBS/008822210,IC,2018-09-28T06:24:00,2018-09-28T06:24:00,-33,-33
http://irail.be/vehicle/IC2004,http://irail.be/stations/NMBS/008821311,IC,2018-09-28T06:26:00,2018-09-28T06:26:00,-34,-34
http://irail.be/vehicle/IC2004,http://irail.be/stations/NMBS/008821337,IC,2018-09-28T06:27:00,2018-09-28T06:27:00,-33,-33
http://irail.be/vehicle/IC2004,http://irail.be/stations/NMBS/008821238,IC,2018-09-28T06:28:00,2018-09-28T06:28:00,-32,-32
http://irail.be/vehicle/IC2004,http://irail.be/stations/NMBS/008821154,IC,2018-09-28T06:28:00,2018-09-28T06:28:00,7,7
http://irail.be/vehicle/IC2004,http://irail.be/stations/NMBS/008821121,IC,2018-09-28T06:32:00,2018-09-28T06:30:00,19,26
http://irail.be/vehicle/IC2004,http://irail.be/stations/NMBS/008821006,IC,2018-09-28T06:39:00,2018-09-28T06:36:00,18,-25
http://irail.be/vehicle/IC2004,http://irail.be/stations/NMBS/008821063,IC,2018-09-28T06:44:00,2018-09-28T06:43:00,-58,-58
http://irail.be/vehicle/IC2004,http://irail.be/stations/NMBS/008821089,IC,2018-09-28T06:51:00,2018-09-28T06:47:00,6,66
http://irail.be/vehicle/IC2004,NO-URI,IC,2018-09-28T06:54:00,2018-09-28T06:54:00,,-189
http://irail.be/vehicle/IC2004,http://irail.be/stations/NMBS/008814001,IC,2018-03-09T05:50:00,2018-03-09T05:50:00,2,
http://irail.be/vehicle/IC2004,http://irail.be/stations/NMBS/008813037,IC,2018-03-09T05:52:00,2018-03-09T05:52:00,42,42
http://irail.be/vehicle/IC2004,http://irail.be/stations/NMBS/008813003,IC,2018-03-09T05:54:00,2018-03-09T05:53:00,23,45
http://irail.be/vehicle/IC2004,http://irail.be/stations/NMBS/008813045,IC,2018-03-09T05:56:00,2018-03-09T05:56:00,1,1
http://irail.be/vehicle/IC2004,http://irail.be/stations/NMBS/008812005,IC,2018-03-09T06:01:00,2018-03-09T05:58:00,25,-5
http://irail.be/vehicle/IC2004,http://irail.be/stations/NMBS/008811007,IC,2018-03-09T06:04:00,2018-03-09T06:04:00,-1,-1
http://irail.be/vehicle/IC2004,http://irail.be/stations/NMBS/008811148,IC,2018-03-09T06:07:00,2018-03-09T06:07:00,-33,-33
http://irail.be/vehicle/IC2004,http://irail.be/stations/NMBS/008811189,IC,2018-03-09T06:08:00,2018-03-09T06:08:00,-33,-33
http://irail.be/vehicle/IC2004,http://irail.be/stations/NMBS/008822269,IC,2018-03-09T06:11:00,2018-03-09T06:11:00,-36,-36
http://irail.be/vehicle/IC2004,http://irail.be/stations/NMBS/008822251,IC,2018-03-09T06:12:00,2018-03-09T06:12:00,-89,-89
http://irail.be/vehicle/IC2004,http://irail.be/stations/NMBS/008822004,IC,2018-03-09T06:18:00,2018-03-09T06:16:00,-11,-102
http://irail.be/vehicle/IC2004,http://irail.be/stations/NMBS/008822343,IC,2018-03-09T06:21:00,2018-03-09T06:21:00,-11,-11
http://irail.be/vehicle/IC2004,http://irail.be/stations/NMBS/008822228,IC,2018-03-09T06:23:00,2018-03-09T06:23:00,-41,-41
http://irail.be/vehicle/IC2004,http://irail.be/stations/NMBS/008822210,IC,2018-03-09T06:24:00,2018-03-09T06:24:00,-41,-41
http://irail.be/vehicle/IC2004,http://irail.be/stations/NMBS/008821311,IC,2018-03-09T06:26:00,2018-03-09T06:26:00,-41,-41
http://irail.be/vehicle/IC2004,http://irail.be/stations/NMBS/008821337,IC,2018-03-09T06:27:00,2018-03-09T06:27:00,-25,-25
http://irail.be/vehicle/IC2004,http://irail.be/stations/NMBS/008821238,IC,2018-03-09T06:28:00,2018-03-09T06:28:00,-14,-14
http://irail.be/vehicle/IC2004,http://irail.be/stations/NMBS/008821154,IC,2018-03-09T06:28:00,2018-03-09T06:28:00,32,32
http://irail.be/vehicle/IC2004,http://irail.be/stations/NMBS/008821121,IC,2018-03-09T06:31:00,2018-03-09T06:30:00,62,30
http://irail.be/vehicle/IC2004,http://irail.be/stations/NMBS/008821006,IC,2018-03-09T06:39:00,2018-03-09T06:35:00,4,47
http://irail.be/vehicle/IC2004,http://irail.be/stations/NMBS/008821063,IC,2018-03-09T06:43:00,2018-03-09T06:43:00,-51,-51
http://irail.be/vehicle/IC2004,http://irail.be/stations/NMBS/008821089,IC,2018-03-09T06:46:00,2018-03-09T06:46:00,-32,-32
http://irail.be/vehicle/IC2004,NO-URI,IC,2018-03-09T06:49:00,2018-03-09T06:49:00,,-36
http://irail.be/vehicle/IC2004,http://irail.be/stations/NMBS/008814001,IC,2018-02-23T05:50:00,2018-02-23T05:50:00,-9,
http://irail.be/vehicle/IC2004,http://irail.be/stations/NMBS/008813037,IC,2018-02-23T05:52:00,2018-02-23T05:52:00,52,52
http://irail.be/vehicle/IC2004,http://irail.be/stations/NMBS/008813003,IC,2018-02-23T05:54:00,2018-02-23T05:53:00,46,62
http://irail.be/vehicle/IC2004,http://irail.be/stations/NMBS/008813045,IC,2018-02-23T05:56:00,2018-02-23T05:56:00,35,35
http://irail.be/vehicle/IC2004,http://irail.be/stations/NMBS/008812005,IC,2018-02-23T06:01:00,2018-02-23T05:58:00,42,32
http://irail.be/vehicle/IC2004,http://irail.be/stations/NMBS/008811007,IC,2018-02-23T06:04:00,2018-02-23T06:04:00,18,18
http://irail.be/vehicle/IC2004,http://irail.be/stations/NMBS/008811148,IC,2018-02-23T06:07:00,2018-02-23T06:07:00,11,11
http://irail.be/vehicle/IC2004,http://irail.be/stations/NMBS/008811189,IC,2018-02-23T06:08:00,2018-02-23T06:08:00,11,11
http://irail.be/vehicle/IC2004,http://irail.be/stations/NMBS/008822269,IC,2018-02-23T06:11:00,2018-02-23T06:11:00,15,15
http://irail.be/vehicle/IC2004,http://irail.be/stations/NMBS/008822251,IC,2018-02-23T06:12:00,2018-02-23T06:12:00,-34,-34
http://irail.be/vehicle/IC2004,http://irail.be/stations/NMBS/008822004,IC,2018-02-23T06:18:00,2018-02-23T06:16:00,-20,-80
http://irail.be/vehicle/IC2004,http://irail.be/stations/NMBS/008822343,IC,2018-02-23T06:21:00,2018-02-23T06:21:00,-20,-20
http://irail.be/vehicle/IC2004,http://irail.be/stations/NMBS/008822228,IC,2018-02-23T06:23:00,2018-02-23T06:23:00,-57,-57
http://irail.be/vehicle/IC2004,http://irail.be/stations/NMBS/008822210,IC,2018-02-23T06:24:00,2018-02-23T06:24:00,-57,-57
http://irail.be/vehicle/IC2004,http://irail.be/stations/NMBS/008821311,IC,2018-02-23T06:26:00,2018-02-23T06:26:00,-57,-57
http://irail.be/vehicle/IC2004,http://irail.be/stations/NMBS/008821337,IC,2018-02-23T06:27:00,2018-02-23T06:27:00,-54,-54
http://irail.be/vehicle/IC2004,http://irail.be/stations/NMBS/008821238,IC,2018-02-23T06:28:00,2018-02-23T06:28:00,-57,-57
http://irail.be/vehicle/IC2004,http://irail.be/stations/NMBS/008821154,IC,2018-02-23T06:28:00,2018-02-23T06:28:00,-21,-21
http://irail.be/vehicle/IC2004,http://irail.be/stations/NMBS/008821121,IC,2018-02-23T06:31:00,2018-02-23T06:30:00,81,18
http://irail.be/vehicle/IC2004,http://irail.be/stations/NMBS/008821006,IC,2018-02-23T06:39:00,2018-02-23T06:35:00,118,59
http://irail.be/vehicle/IC2004,http://irail.be/stations/NMBS/008821063,IC,2018-02-23T06:43:00,2018-02-23T06:43:00,127,127
http://irail.be/vehicle/IC2004,http://irail.be/stations/NMBS/008821089,IC,2018-02-23T06:46:00,2018-02-23T06:46:00,163,163
http://irail.be/vehicle/IC2004,NO-URI,IC,2018-02-23T06:49:00,2018-02-23T06:49:00,,216
http://irail.be/vehicle/IC2004,http://irail.be/stations/NMBS/008814001,IC,2018-10-16T05:50:00,2018-10-16T05:50:00,0,
http://irail.be/vehicle/IC2004,http://irail.be/stations/NMBS/008813037,IC,2018-10-16T05:52:00,2018-10-16T05:52:00,27,27
http://irail.be/vehicle/IC2004,http://irail.be/stations/NMBS/008813003,IC,2018-10-16T05:54:00,2018-10-16T05:53:00,32,29
http://irail.be/vehicle/IC2004,http://irail.be/stations/NMBS/008813045,IC,2018-10-16T05:56:00,2018-10-16T05:56:00,6,6
http://irail.be/vehicle/IC2004,http://irail.be/stations/NMBS/008812005,IC,2018-10-16T06:02:00,2018-10-16T05:58:00,63,-2
http://irail.be/vehicle/IC2004,http://irail.be/stations/NMBS/008811007,IC,2018-10-16T06:05:00,2018-10-16T06:05:00,9,9
http://irail.be/vehicle/IC2004,http://irail.be/stations/NMBS/008811148,IC,2018-10-16T06:08:00,2018-10-16T06:08:00,-14,-14
http://irail.be/vehicle/IC2004,http://irail.be/stations/NMBS/008811189,IC,2018-10-16T06:09:00,2018-10-16T06:09:00,-14,-14
http://irail.be/vehicle/IC2004,http://irail.be/stations/NMBS/008822269,IC,2018-10-16T06:11:00,2018-10-16T06:11:00,-14,-14
http://irail.be/vehicle/IC2004,http://irail.be/stations/NMBS/008822251,IC,2018-10-16T06:12:00,2018-10-16T06:12:00,-15,-15
http://irail.be/vehicle/IC2004,http://irail.be/stations/NMBS/008822004,IC,2018-10-16T06:18:00,2018-10-16T06:16:00,-2,-71
http://irail.be/vehicle/IC2004,http://irail.be/stations/NMBS/008822343,IC,2018-10-16T06:21:00,2018-10-16T06:21:00,-2,-2
http://irail.be/vehicle/IC2004,http://irail.be/stations/NMBS/008822228,IC,2018-10-16T06:23:00,2018-10-16T06:23:00,-74,-74
http://irail.be/vehicle/IC2004,http://irail.be/stations/NMBS/008822210,IC,2018-10-16T06:24:00,2018-10-16T06:24:00,-74,-74
http://irail.be/vehicle/IC2004,http://irail.be/stations/NMBS/008821311,IC,2018-10-16T06:26:00,2018-10-16T06:26:00,-80,-80
http://irail.be/vehicle/IC2004,http://irail.be/stations/NMBS/008821337,IC,2018-10-16T06:27:00,2018-10-16T06:27:00,-86,-86
http://irail.be/vehicle/IC2004,http://irail.be/stations/NMBS/008821238,IC,2018-10-16T06:28:00,2018-10-16T06:28:00,-94,-94
http://irail.be/vehicle/IC2004,http://irail.be/stations/NMBS/008821154,IC,2018-10-16T06:28:00,2018-10-16T06:28:00,-62,-62
http://irail.be/vehicle/IC2004,http://irail.be/stations/NMBS/008821121,IC,2018-10-16T06:32:00,2018-10-16T06:30:00,29,-62
http://irail.be/vehicle/IC2004,http://irail.be/stations/NMBS/008821006,IC,2018-10-16T06:39:00,2018-10-16T06:36:00,36,-35
http://irail.be/vehicle/IC2004,http://irail.be/stations/NMBS/008821063,IC,2018-10-16T06:44:00,2018-10-16T06:43:00,-86,-86
http://irail.be/vehicle/IC2004,http://irail.be/stations/NMBS/008821089,IC,2018-10-16T06:51:00,2018-10-16T06:47:00,19,49
http://irail.be/vehicle/IC2004,NO-URI,IC,2018-10-16T06:54:00,2018-10-16T06:54:00,,19
http://irail.be/vehicle/IC2004,http://irail.be/stations/NMBS/008814001,IC,2018-08-21T05:50:00,2018-08-21T05:50:00,-3,
http://irail.be/vehicle/IC2004,http://irail.be/stations/NMBS/008813037,IC,2018-08-21T05:52:00,2018-08-21T05:52:00,37,37
http://irail.be/vehicle/IC2004,http://irail.be/stations/NMBS/008813003,IC,2018-08-21T05:54:00,2018-08-21T05:53:00,59,43
http://irail.be/vehicle/IC2004,http://irail.be/stations/NMBS/008813045,IC,2018-08-21T05:55:00,2018-08-21T05:55:00,64,64
http://irail.be/vehicle/IC2004,http://irail.be/stations/NMBS/008812005,IC,2018-08-21T06:01:00,2018-08-21T05:58:00,31,51
http://irail.be/vehicle/IC2004,http://irail.be/stations/NMBS/008811007,IC,2018-08-21T06:04:00,2018-08-21T06:04:00,-16,-16
http://irail.be/vehicle/IC2004,http://irail.be/stations/NMBS/008811148,IC,2018-08-21T06:07:00,2018-08-21T06:07:00,-29,-29
http://irail.be/vehicle/IC2004,http://irail.be/stations/NMBS/008811189,IC,2018-08-21T06:08:00,2018-08-21T06:08:00,-29,-29
http://irail.be/vehicle/IC2004,http://irail.be/stations/NMBS/008822269,IC,2018-08-21T06:11:00,2018-08-21T06:11:00,-29,-29
http://irail.be/vehicle/IC2004,http://irail.be/stations/NMBS/008822251,IC,2018-08-21T06:12:00,2018-08-21T06:12:00,-91,-91
http://irail.be/vehicle/IC2004,http://irail.be/stations/NMBS/008822004,IC,2018-08-21T06:18:00,2018-08-21T06:16:00,-25,-145
http://irail.be/vehicle/IC2004,http://irail.be/stations/NMBS/008822343,IC,2018-08-21T06:21:00,2018-08-21T06:21:00,-25,-25
http://irail.be/vehicle/IC2004,http://irail.be/stations/NMBS/008822228,IC,2018-08-21T06:23:00,2018-08-21T06:23:00,-84,-84
http://irail.be/vehicle/IC2004,http://irail.be/stations/NMBS/008822210,IC,2018-08-21T06:24:00,2018-08-21T06:24:00,-84,-84
http://irail.be/vehicle/IC2004,http://irail.be/stations/NMBS/008821311,IC,2018-08-21T06:26:00,2018-08-21T06:26:00,-91,-91
http://irail.be/vehicle/IC2004,http://irail.be/stations/NMBS/008821337,IC,2018-08-21T06:27:00,2018-08-21T06:27:00,-96,-96
http://irail.be/vehicle/IC2004,http://irail.be/stations/NMBS/008821238,IC,2018-08-21T06:28:00,2018-08-21T06:28:00,-100,-100
http://irail.be/vehicle/IC2004,http://irail.be/stations/NMBS/008821154,IC,2018-08-21T06:28:00,2018-08-21T06:28:00,-64,-64
http://irail.be/vehicle/IC2004,http://irail.be/stations/NMBS/008821121,IC,2018-08-21T06:31:00,2018-08-21T06:30:00,13,-66
http://irail.be/vehicle/IC2004,http://irail.be/stations/NMBS/008821006,IC,2018-08-21T06:39:00,2018-08-21T06:35:00,10,-46
http://irail.be/vehicle/IC2004,http://irail.be/stations/NMBS/008821063,IC,2018-08-21T06:44:00,2018-08-21T06:43:00,-87,-87
http://irail.be/vehicle/IC2004,http://irail.be/stations/NMBS/008821089,IC,2018-08-21T06:51:00,2018-08-21T06:47:00,-147,53
http://irail.be/vehicle/IC2004,NO-URI,IC,2018-08-21T06:54:00,2018-08-21T06:54:00,,-147
http://irail.be/vehicle/IC2004,http://irail.be/stations/NMBS/008814001,IC,2018-09-19T05:50:00,2018-09-19T05:50:00,-20,
http://irail.be/vehicle/IC2004,http://irail.be/stations/NMBS/008813037,IC,2018-09-19T05:52:00,2018-09-19T05:52:00,10,10
http://irail.be/vehicle/IC2004,http://irail.be/stations/NMBS/008813003,IC,2018-09-19T05:54:00,2018-09-19T05:53:00,-7,13
http://irail.be/vehicle/IC2004,http://irail.be/stations/NMBS/008813045,IC,2018-09-19T05:56:00,2018-09-19T05:56:00,-30,-30
http://irail.be/vehicle/IC2004,http://irail.be/stations/NMBS/008812005,IC,2018-09-19T06:02:00,2018-09-19T05:58:00,22,-38
http://irail.be/vehicle/IC2004,http://irail.be/stations/NMBS/008811007,IC,2018-09-19T06:05:00,2018-09-19T06:05:00,13,13
http://irail.be/vehicle/IC2004,http://irail.be/stations/NMBS/008811148,IC,2018-09-19T06:08:00,2018-09-19T06:08:00,84,84
http://irail.be/vehicle/IC2004,http://irail.be/stations/NMBS/008811189,IC,2018-09-19T06:09:00,2018-09-19T06:09:00,84,84
http://irail.be/vehicle/IC2004,http://irail.be/stations/NMBS/008822269,IC,2018-09-19T06:11:00,2018-09-19T06:11:00,313,313
http://irail.be/vehicle/IC2004,http://irail.be/stations/NMBS/008822251,IC,2018-09-19T06:12:00,2018-09-19T06:12:00,359,359
http://irail.be/vehicle/IC2004,http://irail.be/stations/NMBS/008822004,IC,2018-09-19T06:18:00,2018-09-19T06:16:00,292,356
http://irail.be/vehicle/IC2004,http://irail.be/stations/NMBS/008822343,IC,2018-09-19T06:21:00,2018-09-19T06:21:00,292,292
http://irail.be/vehicle/IC2004,http://irail.be/stations/NMBS/008822228,IC,2018-09-19T06:23:00,2018-09-19T06:23:00,243,243
http://irail.be/vehicle/IC2004,http://irail.be/stations/NMBS/008822210,IC,2018-09-19T06:24:00,2018-09-19T06:24:00,243,243
http://irail.be/vehicle/IC2004,http://irail.be/stations/NMBS/008821311,IC,2018-09-19T06:26:00,2018-09-19T06:26:00,248,248
http://irail.be/vehicle/IC2004,http://irail.be/stations/NMBS/008821337,IC,2018-09-19T06:27:00,2018-09-19T06:27:00,254,254
http://irail.be/vehicle/IC2004,http://irail.be/stations/NMBS/008821238,IC,2018-09-19T06:28:00,2018-09-19T06:28:00,254,254
http://irail.be/vehicle/IC2004,http://irail.be/stations/NMBS/008821154,IC,2018-09-19T06:28:00,2018-09-19T06:28:00,302,302
http://irail.be/vehicle/IC2004,http://irail.be/stations/NMBS/008821121,IC,2018-09-19T06:32:00,2018-09-19T06:30:00,333,350
http://irail.be/vehicle/IC2004,http://irail.be/stations/NMBS/008821006,IC,2018-09-19T06:36:00,2018-09-19T06:36:00,,336
http://irail.be/vehicle/IC2004,http://irail.be/stations/NMBS/008814001,IC,2018-01-10T05:50:00,2018-01-10T05:50:00,11,
http://irail.be/vehicle/IC2004,http://irail.be/stations/NMBS/008813037,IC,2018-01-10T05:52:00,2018-01-10T05:52:00,61,61
http://irail.be/vehicle/IC2004,http://irail.be/stations/NMBS/008813003,IC,2018-01-10T05:54:00,2018-01-10T05:53:00,81,67
http://irail.be/vehicle/IC2004,http://irail.be/stations/NMBS/008813045,IC,2018-01-10T05:55:00,2018-01-10T05:55:00,96,96
http://irail.be/vehicle/IC2004,http://irail.be/stations/NMBS/008812005,IC,2018-01-10T06:01:00,2018-01-10T05:58:00,44,92
http://irail.be/vehicle/IC2004,http://irail.be/stations/NMBS/008811007,IC,2018-01-10T06:04:00,2018-01-10T06:04:00,10,10
http://irail.be/vehicle/IC2004,http://irail.be/stations/NMBS/008811148,IC,2018-01-10T06:07:00,2018-01-10T06:07:00,3,3
http://irail.be/vehicle/IC2004,http://irail.be/stations/NMBS/008811189,IC,2018-01-10T06:08:00,2018-01-10T06:08:00,3,3
http://irail.be/vehicle/IC2004,http://irail.be/stations/NMBS/008822269,IC,2018-01-10T06:11:00,2018-01-10T06:11:00,5,5
http://irail.be/vehicle/IC2004,http://irail.be/stations/NMBS/008822251,IC,2018-01-10T06:12:00,2018-01-10T06:12:00,-55,-55
http://irail.be/vehicle/IC2004,http://irail.be/stations/NMBS/008822004,IC,2018-01-10T06:18:00,2018-01-10T06:16:00,-1,-109
http://irail.be/vehicle/IC2004,http://irail.be/stations/NMBS/008822343,IC,2018-01-10T06:20:00,2018-01-10T06:20:00,-1,-1
http://irail.be/vehicle/IC2004,http://irail.be/stations/NMBS/008822228,IC,2018-01-10T06:23:00,2018-01-10T06:23:00,-63,-63
http://irail.be/vehicle/IC2004,http://irail.be/stations/NMBS/008822210,IC,2018-01-10T06:24:00,2018-01-10T06:24:00,-63,-63
http://irail.be/vehicle/IC2004,http://irail.be/stations/NMBS/008821311,IC,2018-01-10T06:26:00,2018-01-10T06:26:00,-63,-63
http://irail.be/vehicle/IC2004,http://irail.be/stations/NMBS/008821337,IC,2018-01-10T06:27:00,2018-01-10T06:27:00,-60,-60
http://irail.be/vehicle/IC2004,http://irail.be/stations/NMBS/008821238,IC,2018-01-10T06:28:00,2018-01-10T06:28:00,-59,-59
http://irail.be/vehicle/IC2004,http://irail.be/stations/NMBS/008821154,IC,2018-01-10T06:29:00,2018-01-10T06:29:00,-69,-69
http://irail.be/vehicle/IC2004,http://irail.be/stations/NMBS/008821121,IC,2018-01-10T06:31:00,2018-01-10T06:30:00,30,-12
http://irail.be/vehicle/IC2004,http://irail.be/stations/NMBS/008821006,IC,2018-01-10T06:39:00,2018-01-10T06:35:00,-18,-18
http://irail.be/vehicle/IC2004,http://irail.be/stations/NMBS/008821063,IC,2018-01-10T06:43:00,2018-01-10T06:43:00,-56,-56
http://irail.be/vehicle/IC2004,http://irail.be/stations/NMBS/008821089,IC,2018-01-10T06:46:00,2018-01-10T06:46:00,45,45
http://irail.be/vehicle/IC2004,NO-URI,IC,2018-01-10T06:49:00,2018-01-10T06:49:00,,44
http://irail.be/vehicle/IC2004,http://irail.be/stations/NMBS/008814001,IC,2018-01-15T05:50:00,2018-01-15T05:50:00,2509,
http://irail.be/vehicle/IC2004,http://irail.be/stations/NMBS/008813037,IC,2018-01-15T05:52:00,2018-01-15T05:52:00,2694,2694
http://irail.be/vehicle/IC2004,http://irail.be/stations/NMBS/008813003,IC,2018-01-15T05:54:00,2018-01-15T05:53:00,2810,2711
http://irail.be/vehicle/IC2004,http://irail.be/stations/NMBS/008813045,IC,2018-01-15T05:55:00,2018-01-15T05:55:00,2832,2832
http://irail.be/vehicle/IC2004,http://irail.be/stations/NMBS/008812005,IC,2018-01-15T06:01:00,2018-01-15T05:58:00,2786,2831
http://irail.be/vehicle/IC2004,http://irail.be/stations/NMBS/008811007,IC,2018-01-15T06:04:00,2018-01-15T06:04:00,2736,2736
http://irail.be/vehicle/IC2004,http://irail.be/stations/NMBS/008811148,IC,2018-01-15T06:07:00,2018-01-15T06:07:00,2711,2711
http://irail.be/vehicle/IC2004,http://irail.be/stations/NMBS/008811189,IC,2018-01-15T06:08:00,2018-01-15T06:08:00,2711,2711
http://irail.be/vehicle/IC2004,http://irail.be/stations/NMBS/008822269,IC,2018-01-15T06:11:00,2018-01-15T06:11:00,2710,2710
http://irail.be/vehicle/IC2004,http://irail.be/stations/NMBS/008822251,IC,2018-01-15T06:12:00,2018-01-15T06:12:00,2640,2640
http://irail.be/vehicle/IC2004,http://irail.be/stations/NMBS/008822004,IC,2018-01-15T06:18:00,2018-01-15T06:16:00,2481,2581
http://irail.be/vehicle/IC2004,http://irail.be/stations/NMBS/008822343,IC,2018-01-15T06:20:00,2018-01-15T06:20:00,2481,2481
http://irail.be/vehicle/IC2004,http://irail.be/stations/NMBS/008822228,IC,2018-01-15T06:23:00,2018-01-15T06:23:00,2384,2384
http://irail.be/vehicle/IC2004,http://irail.be/stations/NMBS/008822210,IC,2018-01-15T06:24:00,2018-01-15T06:24:00,2384,2384
http://irail.be/vehicle/IC2004,http://irail.be/stations/NMBS/008821311,IC,2018-01-15T06:26:00,2018-01-15T06:26:00,2384,2384
http://irail.be/vehicle/IC2004,http://irail.be/stations/NMBS/008821337,IC,2018-01-15T06:27:00,2018-01-15T06:27:00,2375,2375
http://irail.be/vehicle/IC2004,http://irail.be/stations/NMBS/008821238,IC,2018-01-15T06:28:00,2018-01-15T06:28:00,2364,2364
http://irail.be/vehicle/IC2004,http://irail.be/stations/NMBS/008821154,IC,2018-01-15T06:29:00,2018-01-15T06:29:00,2344,2344
http://irail.be/vehicle/IC2004,http://irail.be/stations/NMBS/008821121,IC,2018-01-15T06:31:00,2018-01-15T06:30:00,2761,2447
http://irail.be/vehicle/IC2004,http://irail.be/stations/NMBS/008821006,IC,2018-01-15T06:35:00,2018-01-15T06:35:00,,2749
http://irail.be/vehicle/IC2004,http://irail.be/stations/NMBS/008814001,IC,2018-06-08T05:50:00,2018-06-08T05:50:00,19,
http://irail.be/vehicle/IC2004,http://irail.be/stations/NMBS/008813037,IC,2018-06-08T05:52:00,2018-06-08T05:52:00,60,60
http://irail.be/vehicle/IC2004,http://irail.be/stations/NMBS/008813003,IC,2018-06-08T05:54:00,2018-06-08T05:53:00,94,64
http://irail.be/vehicle/IC2004,http://irail.be/stations/NMBS/008813045,IC,2018-06-08T05:55:00,2018-06-08T05:55:00,104,104
http://irail.be/vehicle/IC2004,http://irail.be/stations/NMBS/008812005,IC,2018-06-08T06:01:00,2018-06-08T05:58:00,39,88
http://irail.be/vehicle/IC2004,http://irail.be/stations/NMBS/008811007,IC,2018-06-08T06:04:00,2018-06-08T06:04:00,-2,-2
http://irail.be/vehicle/IC2004,http://irail.be/stations/NMBS/008811148,IC,2018-06-08T06:07:00,2018-06-08T06:07:00,-21,-21
http://irail.be/vehicle/IC2004,http://irail.be/stations/NMBS/008811189,IC,2018-06-08T06:08:00,2018-06-08T06:08:00,-21,-21
http://irail.be/vehicle/IC2004,http://irail.be/stations/NMBS/008822269,IC,2018-06-08T06:11:00,2018-06-08T06:11:00,-1,-1
http://irail.be/vehicle/IC2004,http://irail.be/stations/NMBS/008822251,IC,2018-06-08T06:12:00,2018-06-08T06:12:00,-29,-29
http://irail.be/vehicle/IC2004,http://irail.be/stations/NMBS/008822004,IC,2018-06-08T06:18:00,2018-06-08T06:16:00,-12,-79
http://irail.be/vehicle/IC2004,http://irail.be/stations/NMBS/008822343,IC,2018-06-08T06:21:00,2018-06-08T06:21:00,-12,-12
http://irail.be/vehicle/IC2004,http://irail.be/stations/NMBS/008822228,IC,2018-06-08T06:23:00,2018-06-08T06:23:00,-49,-49
http://irail.be/vehicle/IC2004,http://irail.be/stations/NMBS/008822210,IC,2018-06-08T06:24:00,2018-06-08T06:24:00,-49,-49
http://irail.be/vehicle/IC2004,http://irail.be/stations/NMBS/008821311,IC,2018-06-08T06:26:00,2018-06-08T06:26:00,-53,-53
http://irail.be/vehicle/IC2004,http://irail.be/stations/NMBS/008821337,IC,2018-06-08T06:27:00,2018-06-08T06:27:00,-59,-59
http://irail.be/vehicle/IC2004,http://irail.be/stations/NMBS/008821238,IC,2018-06-08T06:28:00,2018-06-08T06:28:00,-64,-64
http://irail.be/vehicle/IC2004,http://irail.be/stations/NMBS/008821154,IC,2018-06-08T06:28:00,2018-06-08T06:28:00,-29,-29
http://irail.be/vehicle/IC2004,http://irail.be/stations/NMBS/008821121,IC,2018-06-08T06:31:00,2018-06-08T06:30:00,26,-26
http://irail.be/vehicle/IC2004,http://irail.be/stations/NMBS/008821006,IC,2018-06-08T06:40:00,2018-06-08T06:35:00,-37,28
http://irail.be/vehicle/IC2004,http://irail.be/stations/NMBS/008821063,IC,2018-06-08T06:45:00,2018-06-08T06:45:00,-115,-115
http://irail.be/vehicle/IC2004,http://irail.be/stations/NMBS/008821089,IC,2018-06-08T06:47:00,2018-06-08T06:47:00,-70,-70
http://irail.be/vehicle/IC2004,NO-URI,IC,2018-06-08T06:49:00,2018-06-08T06:49:00,,14
http://irail.be/vehicle/IC2004,http://irail.be/stations/NMBS/008814001,IC,2018-05-15T05:50:00,2018-05-15T05:50:00,30,
http://irail.be/vehicle/IC2004,http://irail.be/stations/NMBS/008813037,IC,2018-05-15T05:52:00,2018-05-15T05:52:00,86,86
http://irail.be/vehicle/IC2004,http://irail.be/stations/NMBS/008813003,IC,2018-05-15T05:54:00,2018-05-15T05:53:00,128,94
http://irail.be/vehicle/IC2004,http://irail.be/stations/NMBS/008813045,IC,2018-05-15T05:55:00,2018-05-15T05:55:00,135,135
http://irail.be/vehicle/IC2004,http://irail.be/stations/NMBS/008812005,IC,2018-05-15T06:01:00,2018-05-15T05:58:00,50,131
http://irail.be/vehicle/IC2004,http://irail.be/stations/NMBS/008811007,IC,2018-05-15T06:04:00,2018-05-15T06:04:00,9,9
http://irail.be/vehicle/IC2004,http://irail.be/stations/NMBS/008811148,IC,2018-05-15T06:07:00,2018-05-15T06:07:00,-6,-6
http://irail.be/vehicle/IC2004,http://irail.be/stations/NMBS/008811189,IC,2018-05-15T06:08:00,2018-05-15T06:08:00,-6,-6
http://irail.be/vehicle/IC2004,http://irail.be/stations/NMBS/008822269,IC,2018-05-15T06:11:00,2018-05-15T06:11:00,-5,-5
http://irail.be/vehicle/IC2004,http://irail.be/stations/NMBS/008822251,IC,2018-05-15T06:12:00,2018-05-15T06:12:00,-62,-62
http://irail.be/vehicle/IC2004,http://irail.be/stations/NMBS/008822004,IC,2018-05-15T06:18:00,2018-05-15T06:16:00,23,-33
http://irail.be/vehicle/IC2004,http://irail.be/stations/NMBS/008822343,IC,2018-05-15T06:21:00,2018-05-15T06:21:00,23,23
http://irail.be/vehicle/IC2004,http://irail.be/stations/NMBS/008822228,IC,2018-05-15T06:23:00,2018-05-15T06:23:00,24,24
http://irail.be/vehicle/IC2004,http://irail.be/stations/NMBS/008822210,IC,2018-05-15T06:24:00,2018-05-15T06:24:00,24,24
http://irail.be/vehicle/IC2004,http://irail.be/stations/NMBS/008821311,IC,2018-05-15T06:26:00,2018-05-15T06:26:00,24,24
http://irail.be/vehicle/IC2004,http://irail.be/stations/NMBS/008821337,IC,2018-05-15T06:27:00,2018-05-15T06:27:00,44,44
http://irail.be/vehicle/IC2004,http://irail.be/stations/NMBS/008821238,IC,2018-05-15T06:28:00,2018-05-15T06:28:00,43,43
http://irail.be/vehicle/IC2004,http://irail.be/stations/NMBS/008821154,IC,2018-05-15T06:28:00,2018-05-15T06:28:00,84,84
http://irail.be/vehicle/IC2004,http://irail.be/stations/NMBS/008821121,IC,2018-05-15T06:31:00,2018-05-15T06:30:00,175,104
http://irail.be/vehicle/IC2004,http://irail.be/stations/NMBS/008821006,IC,2018-05-15T06:40:00,2018-05-15T06:35:00,43,150
http://irail.be/vehicle/IC2004,http://irail.be/stations/NMBS/008821063,IC,2018-05-15T06:45:00,2018-05-15T06:45:00,-49,-49
http://irail.be/vehicle/IC2004,http://irail.be/stations/NMBS/008821089,IC,2018-05-15T06:47:00,2018-05-15T06:47:00,-47,-47
http://irail.be/vehicle/IC2004,NO-URI,IC,2018-05-15T06:49:00,2018-05-15T06:49:00,,74
http://irail.be/vehicle/IC2004,http://irail.be/stations/NMBS/008814001,IC,2018-02-28T05:50:00,2018-02-28T05:50:00,22,
http://irail.be/vehicle/IC2004,http://irail.be/stations/NMBS/008813037,IC,2018-02-28T05:52:00,2018-02-28T05:52:00,77,77
http://irail.be/vehicle/IC2004,http://irail.be/stations/NMBS/008813003,IC,2018-02-28T05:54:00,2018-02-28T05:53:00,105,80
http://irail.be/vehicle/IC2004,http://irail.be/stations/NMBS/008813045,IC,2018-02-28T05:55:00,2018-02-28T05:55:00,118,118
http://irail.be/vehicle/IC2004,http://irail.be/stations/NMBS/008812005,IC,2018-02-28T06:01:00,2018-02-28T05:58:00,29,113
http://irail.be/vehicle/IC2004,http://irail.be/stations/NMBS/008811007,IC,2018-02-28T06:04:00,2018-02-28T06:04:00,17,17
http://irail.be/vehicle/IC2004,http://irail.be/stations/NMBS/008811148,IC,2018-02-28T06:07:00,2018-02-28T06:07:00,1,1
http://irail.be/vehicle/IC2004,http://irail.be/stations/NMBS/008811189,IC,2018-02-28T06:08:00,2018-02-28T06:08:00,1,1
http://irail.be/vehicle/IC2004,http://irail.be/stations/NMBS/008822269,IC,2018-02-28T06:11:00,2018-02-28T06:11:00,5,5
http://irail.be/vehicle/IC2004,http://irail.be/stations/NMBS/008822251,IC,2018-02-28T06:12:00,2018-02-28T06:12:00,-39,-39
http://irail.be/vehicle/IC2004,http://irail.be/stations/NMBS/008822004,IC,2018-02-28T06:18:00,2018-02-28T06:16:00,5,-71
http://irail.be/vehicle/IC2004,http://irail.be/stations/NMBS/008822343,IC,2018-02-28T06:20:00,2018-02-28T06:20:00,5,5
http://irail.be/vehicle/IC2004,http://irail.be/stations/NMBS/008822228,IC,2018-02-28T06:23:00,2018-02-28T06:23:00,-3,-3
http://irail.be/vehicle/IC2004,http://irail.be/stations/NMBS/008822210,IC,2018-02-28T06:24:00,2018-02-28T06:24:00,-3,-3
http://irail.be/vehicle/IC2004,http://irail.be/stations/NMBS/008821311,IC,2018-02-28T06:26:00,2018-02-28T06:26:00,-3,-3
http://irail.be/vehicle/IC2004,http://irail.be/stations/NMBS/008821337,IC,2018-02-28T06:27:00,2018-02-28T06:27:00,-1,-1
http://irail.be/vehicle/IC2004,http://irail.be/stations/NMBS/008821238,IC,2018-02-28T06:28:00,2018-02-28T06:28:00,3,3
http://irail.be/vehicle/IC2004,http://irail.be/stations/NMBS/008821154,IC,2018-02-28T06:29:00,2018-02-28T06:29:00,0,0
http://irail.be/vehicle/IC2004,http://irail.be/stations/NMBS/008821121,IC,2018-02-28T06:31:00,2018-02-28T06:30:00,169,116
http://irail.be/vehicle/IC2004,http://irail.be/stations/NMBS/008821006,IC,2018-02-28T06:39:00,2018-02-28T06:35:00,121,148
http://irail.be/vehicle/IC2004,http://irail.be/stations/NMBS/008821063,IC,2018-02-28T06:43:00,2018-02-28T06:43:00,139,139
http://irail.be/vehicle/IC2004,http://irail.be/stations/NMBS/008821089,IC,2018-02-28T06:46:00,2018-02-28T06:46:00,242,242
http://irail.be/vehicle/IC2004,NO-URI,IC,2018-02-28T06:49:00,2018-02-28T06:49:00,,260
http://irail.be/vehicle/IC2004,http://irail.be/stations/NMBS/008814001,IC,2018-08-17T05:50:00,2018-08-17T05:50:00,-13,
http://irail.be/vehicle/IC2004,http://irail.be/stations/NMBS/008813037,IC,2018-08-17T05:52:00,2018-08-17T05:52:00,33,33
http://irail.be/vehicle/IC2004,http://irail.be/stations/NMBS/008813003,IC,2018-08-17T05:54:00,2018-08-17T05:53:00,45,38
http://irail.be/vehicle/IC2004,http://irail.be/stations/NMBS/008813045,IC,2018-08-17T05:55:00,2018-08-17T05:55:00,58,58
http://irail.be/vehicle/IC2004,http://irail.be/stations/NMBS/008812005,IC,2018-08-17T06:01:00,2018-08-17T05:58:00,22,51
http://irail.be/vehicle/IC2004,http://irail.be/stations/NMBS/008811007,IC,2018-08-17T06:04:00,2018-08-17T06:04:00,-18,-18
http://irail.be/vehicle/IC2004,http://irail.be/stations/NMBS/008811148,IC,2018-08-17T06:07:00,2018-08-17T06:07:00,-32,-32
http://irail.be/vehicle/IC2004,http://irail.be/stations/NMBS/008811189,IC,2018-08-17T06:08:00,2018-08-17T06:08:00,-32,-32
http://irail.be/vehicle/IC2004,http://irail.be/stations/NMBS/008822269,IC,2018-08-17T06:11:00,2018-08-17T06:11:00,-32,-32
http://irail.be/vehicle/IC2004,http://irail.be/stations/NMBS/008822251,IC,2018-08-17T06:12:00,2018-08-17T06:12:00,-94,-94
http://irail.be/vehicle/IC2004,http://irail.be/stations/NMBS/008822004,IC,2018-08-17T06:18:00,2018-08-17T06:16:00,-30,-118
http://irail.be/vehicle/IC2004,http://irail.be/stations/NMBS/008822343,IC,2018-08-17T06:21:00,2018-08-17T06:21:00,-30,-30
http://irail.be/vehicle/IC2004,http://irail.be/stations/NMBS/008822228,IC,2018-08-17T06:23:00,2018-08-17T06:23:00,-87,-87
http://irail.be/vehicle/IC2004,http://irail.be/stations/NMBS/008822210,IC,2018-08-17T06:24:00,2018-08-17T06:24:00,-87,-87
http://irail.be/vehicle/IC2004,http://irail.be/stations/NMBS/008821311,IC,2018-08-17T06:26:00,2018-08-17T06:26:00,-81,-81
http://irail.be/vehicle/IC2004,http://irail.be/stations/NMBS/008821337,IC,2018-08-17T06:27:00,2018-08-17T06:27:00,-83,-83
http://irail.be/vehicle/IC2004,http://irail.be/stations/NMBS/008821238,IC,2018-08-17T06:28:00,2018-08-17T06:28:00,-85,-85
http://irail.be/vehicle/IC2004,http://irail.be/stations/NMBS/008821154,IC,2018-08-17T06:28:00,2018-08-17T06:28:00,-48,-48
http://irail.be/vehicle/IC2004,http://irail.be/stations/NMBS/008821121,IC,2018-08-17T06:31:00,2018-08-17T06:30:00,8,-43
http://irail.be/vehicle/IC2004,http://irail.be/stations/NMBS/008821006,IC,2018-08-17T06:39:00,2018-08-17T06:35:00,7,-36
http://irail.be/vehicle/IC2004,http://irail.be/stations/NMBS/008821063,IC,2018-08-17T06:44:00,2018-08-17T06:43:00,-72,-72
http://irail.be/vehicle/IC2004,http://irail.be/stations/NMBS/008821089,IC,2018-08-17T06:51:00,2018-08-17T06:47:00,72,132
http://irail.be/vehicle/IC2004,NO-URI,IC,2018-08-17T06:54:00,2018-08-17T06:54:00,,-109
http://irail.be/vehicle/IC2004,http://irail.be/stations/NMBS/008814001,IC,2018-03-16T05:50:00,2018-03-16T05:50:00,-26,
http://irail.be/vehicle/IC2004,http://irail.be/stations/NMBS/008813037,IC,2018-03-16T05:52:00,2018-03-16T05:52:00,14,14
http://irail.be/vehicle/IC2004,http://irail.be/stations/NMBS/008813003,IC,2018-03-16T05:54:00,2018-03-16T05:53:00,8,19
http://irail.be/vehicle/IC2004,http://irail.be/stations/NMBS/008813045,IC,2018-03-16T05:56:00,2018-03-16T05:56:00,-5,-5
http://irail.be/vehicle/IC2004,http://irail.be/stations/NMBS/008812005,IC,2018-03-16T06:01:00,2018-03-16T05:58:00,3,-13
http://irail.be/vehicle/IC2004,http://irail.be/stations/NMBS/008811007,IC,2018-03-16T06:04:00,2018-03-16T06:04:00,-15,-15
http://irail.be/vehicle/IC2004,http://irail.be/stations/NMBS/008811148,IC,2018-03-16T06:07:00,2018-03-16T06:07:00,35,35
http://irail.be/vehicle/IC2004,http://irail.be/stations/NMBS/008811189,IC,2018-03-16T06:08:00,2018-03-16T06:08:00,35,35
http://irail.be/vehicle/IC2004,http://irail.be/stations/NMBS/008822269,IC,2018-03-16T06:11:00,2018-03-16T06:11:00,38,38
http://irail.be/vehicle/IC2004,http://irail.be/stations/NMBS/008822251,IC,2018-03-16T06:12:00,2018-03-16T06:12:00,-24,-24
http://irail.be/vehicle/IC2004,http://irail.be/stations/NMBS/008822004,IC,2018-03-16T06:18:00,2018-03-16T06:16:00,-9,-71
http://irail.be/vehicle/IC2004,http://irail.be/stations/NMBS/008822343,IC,2018-03-16T06:21:00,2018-03-16T06:21:00,-9,-9
http://irail.be/vehicle/IC2004,http://irail.be/stations/NMBS/008822228,IC,2018-03-16T06:23:00,2018-03-16T06:23:00,-56,-56
http://irail.be/vehicle/IC2004,http://irail.be/stations/NMBS/008822210,IC,2018-03-16T06:24:00,2018-03-16T06:24:00,-56,-56
http://irail.be/vehicle/IC2004,http://irail.be/stations/NMBS/008821311,IC,2018-03-16T06:26:00,2018-03-16T06:26:00,-56,-56
http://irail.be/vehicle/IC2004,http://irail.be/stations/NMBS/008821337,IC,2018-03-16T06:27:00,2018-03-16T06:27:00,-59,-59
http://irail.be/vehicle/IC2004,http://irail.be/stations/NMBS/008821238,IC,2018-03-16T06:28:00,2018-03-16T06:28:00,-63,-63
http://irail.be/vehicle/IC2004,http://irail.be/stations/NMBS/008821154,IC,2018-03-16T06:28:00,2018-03-16T06:28:00,-27,-27
http://irail.be/vehicle/IC2004,http://irail.be/stations/NMBS/008821121,IC,2018-03-16T06:31:00,2018-03-16T06:30:00,14,-29
http://irail.be/vehicle/IC2004,http://irail.be/stations/NMBS/008821006,IC,2018-03-16T06:39:00,2018-03-16T06:35:00,16,-13
http://irail.be/vehicle/IC2004,http://irail.be/stations/NMBS/008821063,IC,2018-03-16T06:43:00,2018-03-16T06:43:00,-22,-22
http://irail.be/vehicle/IC2004,http://irail.be/stations/NMBS/008821089,IC,2018-03-16T06:46:00,2018-03-16T06:46:00,19,19
http://irail.be/vehicle/IC2004,NO-URI,IC,2018-03-16T06:49:00,2018-03-16T06:49:00,,14
http://irail.be/vehicle/IC2004,http://irail.be/stations/NMBS/008814001,IC,2018-08-06T05:50:00,2018-08-06T05:50:00,84,
http://irail.be/vehicle/IC2004,http://irail.be/stations/NMBS/008813037,IC,2018-08-06T05:52:00,2018-08-06T05:52:00,220,220
http://irail.be/vehicle/IC2004,http://irail.be/stations/NMBS/008813003,IC,2018-08-06T05:54:00,2018-08-06T05:53:00,373,231
http://irail.be/vehicle/IC2004,http://irail.be/stations/NMBS/008813045,IC,2018-08-06T05:55:00,2018-08-06T05:55:00,400,400
http://irail.be/vehicle/IC2004,http://irail.be/stations/NMBS/008812005,IC,2018-08-06T06:01:00,2018-08-06T05:58:00,392,460
http://irail.be/vehicle/IC2004,http://irail.be/stations/NMBS/008811007,IC,2018-08-06T06:04:00,2018-08-06T06:04:00,367,367
http://irail.be/vehicle/IC2004,http://irail.be/stations/NMBS/008811148,IC,2018-08-06T06:07:00,2018-08-06T06:07:00,361,361
http://irail.be/vehicle/IC2004,http://irail.be/stations/NMBS/008811189,IC,2018-08-06T06:08:00,2018-08-06T06:08:00,361,361
http://irail.be/vehicle/IC2004,http://irail.be/stations/NMBS/008822269,IC,2018-08-06T06:11:00,2018-08-06T06:11:00,364,364
http://irail.be/vehicle/IC2004,http://irail.be/stations/NMBS/008822251,IC,2018-08-06T06:12:00,2018-08-06T06:12:00,306,306
http://irail.be/vehicle/IC2004,http://irail.be/stations/NMBS/008822004,IC,2018-08-06T06:18:00,2018-08-06T06:16:00,204,264
http://irail.be/vehicle/IC2004,http://irail.be/stations/NMBS/008822343,IC,2018-08-06T06:21:00,2018-08-06T06:21:00,204,204
http://irail.be/vehicle/IC2004,http://irail.be/stations/NMBS/008822228,IC,2018-08-06T06:23:00,2018-08-06T06:23:00,175,175
http://irail.be/vehicle/IC2004,http://irail.be/stations/NMBS/008822210,IC,2018-08-06T06:24:00,2018-08-06T06:24:00,175,175
http://irail.be/vehicle/IC2004,http://irail.be/stations/NMBS/008821311,IC,2018-08-06T06:26:00,2018-08-06T06:26:00,172,172
http://irail.be/vehicle/IC2004,http://irail.be/stations/NMBS/008821337,IC,2018-08-06T06:27:00,2018-08-06T06:27:00,169,169
http://irail.be/vehicle/IC2004,http://irail.be/stations/NMBS/008821238,IC,2018-08-06T06:28:00,2018-08-06T06:28:00,162,162
http://irail.be/vehicle/IC2004,http://irail.be/stations/NMBS/008821154,IC,2018-08-06T06:28:00,2018-08-06T06:28:00,196,196
http://irail.be/vehicle/IC2004,http://irail.be/stations/NMBS/008821121,IC,2018-08-06T06:31:00,2018-08-06T06:30:00,269,205
http://irail.be/vehicle/IC2004,http://irail.be/stations/NMBS/008821006,IC,2018-08-06T06:35:00,2018-08-06T06:35:00,,277
http://irail.be/vehicle/IC2004,http://irail.be/stations/NMBS/008814001,IC,2018-12-13T05:49:00,2018-12-13T05:49:00,-15,
http://irail.be/vehicle/IC2004,http://irail.be/stations/NMBS/008813037,IC,2018-12-13T05:51:00,2018-12-13T05:51:00,27,27
http://irail.be/vehicle/IC2004,http://irail.be/stations/NMBS/008813003,IC,2018-12-13T05:54:00,2018-12-13T05:53:00,32,8
http://irail.be/vehicle/IC2004,http://irail.be/stations/NMBS/008813045,IC,2018-12-13T05:55:00,2018-12-13T05:55:00,38,38
http://irail.be/vehicle/IC2004,http://irail.be/stations/NMBS/008812005,IC,2018-12-13T06:02:00,2018-12-13T05:58:00,60,35
http://irail.be/vehicle/IC2004,http://irail.be/stations/NMBS/008811007,IC,2018-12-13T06:05:00,2018-12-13T06:05:00,31,31
http://irail.be/vehicle/IC2004,http://irail.be/stations/NMBS/008811148,IC,2018-12-13T06:08:00,2018-12-13T06:08:00,22,22
http://irail.be/vehicle/IC2004,http://irail.be/stations/NMBS/008811189,IC,2018-12-13T06:09:00,2018-12-13T06:09:00,22,22
http://irail.be/vehicle/IC2004,http://irail.be/stations/NMBS/008822269,IC,2018-12-13T06:11:00,2018-12-13T06:11:00,25,25
http://irail.be/vehicle/IC2004,http://irail.be/stations/NMBS/008822251,IC,2018-12-13T06:12:00,2018-12-13T06:12:00,21,21
http://irail.be/vehicle/IC2004,http://irail.be/stations/NMBS/008822004,IC,2018-12-13T06:18:00,2018-12-13T06:16:00,0,-24
http://irail.be/vehicle/IC2004,http://irail.be/stations/NMBS/008822343,IC,2018-12-13T06:21:00,2018-12-13T06:21:00,0,0
http://irail.be/vehicle/IC2004,http://irail.be/stations/NMBS/008822228,IC,2018-12-13T06:23:00,2018-12-13T06:23:00,6,6
http://irail.be/vehicle/IC2004,http://irail.be/stations/NMBS/008822210,IC,2018-12-13T06:24:00,2018-12-13T06:24:00,6,6
http://irail.be/vehicle/IC2004,http://irail.be/stations/NMBS/008821311,IC,2018-12-13T06:26:00,2018-12-13T06:26:00,11,11
http://irail.be/vehicle/IC2004,http://irail.be/stations/NMBS/008821337,IC,2018-12-13T06:27:00,2018-12-13T06:27:00,11,11
http://irail.be/vehicle/IC2004,http://irail.be/stations/NMBS/008821238,IC,2018-12-13T06:28:00,2018-12-13T06:28:00,6,6
http://irail.be/vehicle/IC2004,http://irail.be/stations/NMBS/008821154,IC,2018-12-13T06:28:00,2018-12-13T06:28:00,41,41
http://irail.be/vehicle/IC2004,http://irail.be/stations/NMBS/008821121,IC,2018-12-13T06:32:00,2018-12-13T06:30:00,47,39
http://irail.be/vehicle/IC2004,http://irail.be/stations/NMBS/008821006,IC,2018-12-13T06:39:00,2018-12-13T06:36:00,33,30
http://irail.be/vehicle/IC2004,http://irail.be/stations/NMBS/008821063,IC,2018-12-13T06:44:00,2018-12-13T06:43:00,-57,-57
http://irail.be/vehicle/IC2004,http://irail.be/stations/NMBS/008821089,IC,2018-12-13T06:51:00,2018-12-13T06:47:00,122,58
http://irail.be/vehicle/IC2004,NO-URI,IC,2018-12-13T06:54:00,2018-12-13T06:54:00,,122
http://irail.be/vehicle/IC2004,http://irail.be/stations/NMBS/008814001,IC,2018-10-09T05:50:00,2018-10-09T05:50:00,-12,
http://irail.be/vehicle/IC2004,http://irail.be/stations/NMBS/008813037,IC,2018-10-09T05:52:00,2018-10-09T05:52:00,33,33
http://irail.be/vehicle/IC2004,http://irail.be/stations/NMBS/008813003,IC,2018-10-09T05:54:00,2018-10-09T05:53:00,32,45
http://irail.be/vehicle/IC2004,http://irail.be/stations/NMBS/008813045,IC,2018-10-09T05:56:00,2018-10-09T05:56:00,15,15
http://irail.be/vehicle/IC2004,http://irail.be/stations/NMBS/008812005,IC,2018-10-09T06:02:00,2018-10-09T05:58:00,4,13
http://irail.be/vehicle/IC2004,http://irail.be/stations/NMBS/008811007,IC,2018-10-09T06:05:00,2018-10-09T06:05:00,-40,-40
http://irail.be/vehicle/IC2004,http://irail.be/stations/NMBS/008811148,IC,2018-10-09T06:08:00,2018-10-09T06:08:00,-55,-55
http://irail.be/vehicle/IC2004,http://irail.be/stations/NMBS/008811189,IC,2018-10-09T06:09:00,2018-10-09T06:09:00,-55,-55
http://irail.be/vehicle/IC2004,http://irail.be/stations/NMBS/008822269,IC,2018-10-09T06:11:00,2018-10-09T06:11:00,-55,-55
http://irail.be/vehicle/IC2004,http://irail.be/stations/NMBS/008822251,IC,2018-10-09T06:12:00,2018-10-09T06:12:00,-34,-34
http://irail.be/vehicle/IC2004,http://irail.be/stations/NMBS/008822004,IC,2018-10-09T06:18:00,2018-10-09T06:16:00,-25,28
http://irail.be/vehicle/IC2004,http://irail.be/stations/NMBS/008822343,IC,2018-10-09T06:21:00,2018-10-09T06:21:00,-25,-25
http://irail.be/vehicle/IC2004,http://irail.be/stations/NMBS/008822228,IC,2018-10-09T06:23:00,2018-10-09T06:23:00,-78,-78
http://irail.be/vehicle/IC2004,http://irail.be/stations/NMBS/008822210,IC,2018-10-09T06:24:00,2018-10-09T06:24:00,-78,-78
http://irail.be/vehicle/IC2004,http://irail.be/stations/NMBS/008821311,IC,2018-10-09T06:26:00,2018-10-09T06:26:00,-81,-81
http://irail.be/vehicle/IC2004,http://irail.be/stations/NMBS/008821337,IC,2018-10-09T06:27:00,2018-10-09T06:27:00,-84,-84
http://irail.be/vehicle/IC2004,http://irail.be/stations/NMBS/008821238,IC,2018-10-09T06:28:00,2018-10-09T06:28:00,-91,-91
http://irail.be/vehicle/IC2004,http://irail.be/stations/NMBS/008821154,IC,2018-10-09T06:28:00,2018-10-09T06:28:00,-57,-57
http://irail.be/vehicle/IC2004,http://irail.be/stations/NMBS/008821121,IC,2018-10-09T06:32:00,2018-10-09T06:30:00,-4,-60
http://irail.be/vehicle/IC2004,http://irail.be/stations/NMBS/008821006,IC,2018-10-09T06:39:00,2018-10-09T06:36:00,4,-51
http://irail.be/vehicle/IC2004,http://irail.be/stations/NMBS/008821063,IC,2018-10-09T06:44:00,2018-10-09T06:43:00,-74,-74
http://irail.be/vehicle/IC2004,http://irail.be/stations/NMBS/008821089,IC,2018-10-09T06:51:00,2018-10-09T06:47:00,27,51
http://irail.be/vehicle/IC2004,NO-URI,IC,2018-10-09T06:54:00,2018-10-09T06:54:00,,27
http://irail.be/vehicle/IC2004,http://irail.be/stations/NMBS/008814001,IC,2018-03-13T05:50:00,2018-03-13T05:50:00,-17,
http://irail.be/vehicle/IC2004,http://irail.be/stations/NMBS/008813037,IC,2018-03-13T05:52:00,2018-03-13T05:52:00,16,16
http://irail.be/vehicle/IC2004,http://irail.be/stations/NMBS/008813003,IC,2018-03-13T05:54:00,2018-03-13T05:53:00,15,18
http://irail.be/vehicle/IC2004,http://irail.be/stations/NMBS/008813045,IC,2018-03-13T05:56:00,2018-03-13T05:56:00,-4,-4
http://irail.be/vehicle/IC2004,http://irail.be/stations/NMBS/008812005,IC,2018-03-13T06:01:00,2018-03-13T05:58:00,21,-13
http://irail.be/vehicle/IC2004,http://irail.be/stations/NMBS/008811007,IC,2018-03-13T06:04:00,2018-03-13T06:04:00,5,5
http://irail.be/vehicle/IC2004,http://irail.be/stations/NMBS/008811148,IC,2018-03-13T06:07:00,2018-03-13T06:07:00,-23,-23
http://irail.be/vehicle/IC2004,http://irail.be/stations/NMBS/008811189,IC,2018-03-13T06:08:00,2018-03-13T06:08:00,-23,-23
http://irail.be/vehicle/IC2004,http://irail.be/stations/NMBS/008822269,IC,2018-03-13T06:11:00,2018-03-13T06:11:00,-24,-24
http://irail.be/vehicle/IC2004,http://irail.be/stations/NMBS/008822251,IC,2018-03-13T06:12:00,2018-03-13T06:12:00,-93,-93
http://irail.be/vehicle/IC2004,http://irail.be/stations/NMBS/008822004,IC,2018-03-13T06:18:00,2018-03-13T06:16:00,-18,-36
http://irail.be/vehicle/IC2004,http://irail.be/stations/NMBS/008822343,IC,2018-03-13T06:21:00,2018-03-13T06:21:00,-18,-18
http://irail.be/vehicle/IC2004,http://irail.be/stations/NMBS/008822228,IC,2018-03-13T06:23:00,2018-03-13T06:23:00,-75,-75
http://irail.be/vehicle/IC2004,http://irail.be/stations/NMBS/008822210,IC,2018-03-13T06:24:00,2018-03-13T06:24:00,-75,-75
http://irail.be/vehicle/IC2004,http://irail.be/stations/NMBS/008821311,IC,2018-03-13T06:26:00,2018-03-13T06:26:00,-75,-75
http://irail.be/vehicle/IC2004,http://irail.be/stations/NMBS/008821337,IC,2018-03-13T06:27:00,2018-03-13T06:27:00,-83,-83
http://irail.be/vehicle/IC2004,http://irail.be/stations/NMBS/008821238,IC,2018-03-13T06:28:00,2018-03-13T06:28:00,-93,-93
http://irail.be/vehicle/IC2004,http://irail.be/stations/NMBS/008821154,IC,2018-03-13T06:28:00,2018-03-13T06:28:00,-58,-58
http://irail.be/vehicle/IC2004,http://irail.be/stations/NMBS/008821121,IC,2018-03-13T06:31:00,2018-03-13T06:30:00,5,-48
http://irail.be/vehicle/IC2004,http://irail.be/stations/NMBS/008821006,IC,2018-03-13T06:39:00,2018-03-13T06:35:00,-106,-50
http://irail.be/vehicle/IC2004,http://irail.be/stations/NMBS/008821063,IC,2018-03-13T06:43:00,2018-03-13T06:43:00,-147,-147
http://irail.be/vehicle/IC2004,http://irail.be/stations/NMBS/008821089,IC,2018-03-13T06:46:00,2018-03-13T06:46:00,117,117
http://irail.be/vehicle/IC2004,NO-URI,IC,2018-03-13T06:49:00,2018-03-13T06:49:00,,96
http://irail.be/vehicle/IC2004,http://irail.be/stations/NMBS/008814001,IC,2018-12-03T05:50:00,2018-12-03T05:50:00,9,
http://irail.be/vehicle/IC2004,http://irail.be/stations/NMBS/008813037,IC,2018-12-03T05:52:00,2018-12-03T05:52:00,69,69
http://irail.be/vehicle/IC2004,http://irail.be/stations/NMBS/008813003,IC,2018-12-03T05:54:00,2018-12-03T05:53:00,79,78
http://irail.be/vehicle/IC2004,http://irail.be/stations/NMBS/008813045,IC,2018-12-03T05:56:00,2018-12-03T05:56:00,57,57
http://irail.be/vehicle/IC2004,http://irail.be/stations/NMBS/008812005,IC,2018-12-03T06:02:00,2018-12-03T05:58:00,31,58
http://irail.be/vehicle/IC2004,http://irail.be/stations/NMBS/008811007,IC,2018-12-03T06:05:00,2018-12-03T06:05:00,6,6
http://irail.be/vehicle/IC2004,http://irail.be/stations/NMBS/008811148,IC,2018-12-03T06:08:00,2018-12-03T06:08:00,-10,-10
http://irail.be/vehicle/IC2004,http://irail.be/stations/NMBS/008811189,IC,2018-12-03T06:09:00,2018-12-03T06:09:00,-10,-10
http://irail.be/vehicle/IC2004,http://irail.be/stations/NMBS/008822269,IC,2018-12-03T06:11:00,2018-12-03T06:11:00,-10,-10
http://irail.be/vehicle/IC2004,http://irail.be/stations/NMBS/008822251,IC,2018-12-03T06:12:00,2018-12-03T06:12:00,-13,-13
http://irail.be/vehicle/IC2004,http://irail.be/stations/NMBS/008822004,IC,2018-12-03T06:18:00,2018-12-03T06:16:00,-22,-59
http://irail.be/vehicle/IC2004,http://irail.be/stations/NMBS/008822343,IC,2018-12-03T06:21:00,2018-12-03T06:21:00,-22,-22
http://irail.be/vehicle/IC2004,http://irail.be/stations/NMBS/008822228,IC,2018-12-03T06:23:00,2018-12-03T06:23:00,-80,-80
http://irail.be/vehicle/IC2004,http://irail.be/stations/NMBS/008822210,IC,2018-12-03T06:24:00,2018-12-03T06:24:00,-80,-80
http://irail.be/vehicle/IC2004,http://irail.be/stations/NMBS/008821311,IC,2018-12-03T06:26:00,2018-12-03T06:26:00,-82,-82
http://irail.be/vehicle/IC2004,http://irail.be/stations/NMBS/008821337,IC,2018-12-03T06:27:00,2018-12-03T06:27:00,-83,-83
http://irail.be/vehicle/IC2004,http://irail.be/stations/NMBS/008821238,IC,2018-12-03T06:28:00,2018-12-03T06:28:00,-86,-86
http://irail.be/vehicle/IC2004,http://irail.be/stations/NMBS/008821154,IC,2018-12-03T06:28:00,2018-12-03T06:28:00,-51,-51
http://irail.be/vehicle/IC2004,http://irail.be/stations/NMBS/008821121,IC,2018-12-03T06:32:00,2018-12-03T06:30:00,7,-44
http://irail.be/vehicle/IC2004,http://irail.be/stations/NMBS/008821006,IC,2018-12-03T06:39:00,2018-12-03T06:36:00,4,-34
http://irail.be/vehicle/IC2004,http://irail.be/stations/NMBS/008821063,IC,2018-12-03T06:44:00,2018-12-03T06:43:00,-106,-106
http://irail.be/vehicle/IC2004,http://irail.be/stations/NMBS/008821089,IC,2018-12-03T06:51:00,2018-12-03T06:47:00,-181,48
http://irail.be/vehicle/IC2004,NO-URI,IC,2018-12-03T06:54:00,2018-12-03T06:54:00,,-181
http://irail.be/vehicle/IC2004,http://irail.be/stations/NMBS/008814001,IC,2018-07-13T05:50:00,2018-07-13T05:50:00,1325,
http://irail.be/vehicle/IC2004,http://irail.be/stations/NMBS/008813037,IC,2018-07-13T05:52:00,2018-07-13T05:52:00,1378,1378
http://irail.be/vehicle/IC2004,http://irail.be/stations/NMBS/008813003,IC,2018-07-13T05:54:00,2018-07-13T05:53:00,1437,1415
http://irail.be/vehicle/IC2004,http://irail.be/stations/NMBS/008813045,IC,2018-07-13T05:55:00,2018-07-13T05:55:00,1444,1444
http://irail.be/vehicle/IC2004,http://irail.be/stations/NMBS/008812005,IC,2018-07-13T06:01:00,2018-07-13T05:58:00,1333,1437
http://irail.be/vehicle/IC2004,http://irail.be/stations/NMBS/008811007,IC,2018-07-13T06:04:00,2018-07-13T06:04:00,1329,1329
http://irail.be/vehicle/IC2004,http://irail.be/stations/NMBS/008811148,IC,2018-07-13T06:07:00,2018-07-13T06:07:00,1331,1331
http://irail.be/vehicle/IC2004,http://irail.be/stations/NMBS/008811189,IC,2018-07-13T06:08:00,2018-07-13T06:08:00,1331,1331
http://irail.be/vehicle/IC2004,http://irail.be/stations/NMBS/008822269,IC,2018-07-13T06:11:00,2018-07-13T06:11:00,1333,1333
http://irail.be/vehicle/IC2004,http://irail.be/stations/NMBS/008822251,IC,2018-07-13T06:12:00,2018-07-13T06:12:00,1273,1273
http://irail.be/vehicle/IC2004,http://irail.be/stations/NMBS/008822004,IC,2018-07-13T06:18:00,2018-07-13T06:16:00,1127,1229
http://irail.be/vehicle/IC2004,http://irail.be/stations/NMBS/008822343,IC,2018-07-13T06:21:00,2018-07-13T06:21:00,1127,1127
http://irail.be/vehicle/IC2004,http://irail.be/stations/NMBS/008822228,IC,2018-07-13T06:23:00,2018-07-13T06:23:00,1063,1063
http://irail.be/vehicle/IC2004,http://irail.be/stations/NMBS/008822210,IC,2018-07-13T06:24:00,2018-07-13T06:24:00,1063,1063
http://irail.be/vehicle/IC2004,http://irail.be/stations/NMBS/008821311,IC,2018-07-13T06:26:00,2018-07-13T06:26:00,1059,1059
http://irail.be/vehicle/IC2004,http://irail.be/stations/NMBS/008821337,IC,2018-07-13T06:27:00,2018-07-13T06:27:00,1054,1054
http://irail.be/vehicle/IC2004,http://irail.be/stations/NMBS/008821238,IC,2018-07-13T06:28:00,2018-07-13T06:28:00,1257,1257
http://irail.be/vehicle/IC2004,http://irail.be/stations/NMBS/008821154,IC,2018-07-13T06:28:00,2018-07-13T06:28:00,1467,1467
http://irail.be/vehicle/IC2004,http://irail.be/stations/NMBS/008821121,IC,2018-07-13T06:31:00,2018-07-13T06:30:00,1717,1534
http://irail.be/vehicle/IC2004,http://irail.be/stations/NMBS/008821006,IC,2018-07-13T06:35:00,2018-07-13T06:35:00,,1717
http://irail.be/vehicle/IC2004,http://irail.be/stations/NMBS/008814001,IC,2018-01-05T05:50:00,2018-01-05T05:50:00,10,
http://irail.be/vehicle/IC2004,http://irail.be/stations/NMBS/008813037,IC,2018-01-05T05:52:00,2018-01-05T05:52:00,48,48
http://irail.be/vehicle/IC2004,http://irail.be/stations/NMBS/008813003,IC,2018-01-05T05:54:00,2018-01-05T05:53:00,90,56
http://irail.be/vehicle/IC2004,http://irail.be/stations/NMBS/008813045,IC,2018-01-05T05:55:00,2018-01-05T05:55:00,97,97
http://irail.be/vehicle/IC2004,http://irail.be/stations/NMBS/008812005,IC,2018-01-05T06:01:00,2018-01-05T05:58:00,75,92
http://irail.be/vehicle/IC2004,http://irail.be/stations/NMBS/008811007,IC,2018-01-05T06:04:00,2018-01-05T06:04:00,67,67
http://irail.be/vehicle/IC2004,http://irail.be/stations/NMBS/008811148,IC,2018-01-05T06:07:00,2018-01-05T06:07:00,95,95
http://irail.be/vehicle/IC2004,http://irail.be/stations/NMBS/008811189,IC,2018-01-05T06:08:00,2018-01-05T06:08:00,95,95
http://irail.be/vehicle/IC2004,http://irail.be/stations/NMBS/008822269,IC,2018-01-05T06:11:00,2018-01-05T06:11:00,94,94
http://irail.be/vehicle/IC2004,http://irail.be/stations/NMBS/008822251,IC,2018-01-05T06:12:00,2018-01-05T06:12:00,28,28
http://irail.be/vehicle/IC2004,http://irail.be/stations/NMBS/008822004,IC,2018-01-05T06:18:00,2018-01-05T06:16:00,8,-8
http://irail.be/vehicle/IC2004,http://irail.be/stations/NMBS/008822343,IC,2018-01-05T06:20:00,2018-01-05T06:20:00,8,8
http://irail.be/vehicle/IC2004,http://irail.be/stations/NMBS/008822228,IC,2018-01-05T06:23:00,2018-01-05T06:23:00,35,35
http://irail.be/vehicle/IC2004,http://irail.be/stations/NMBS/008822210,IC,2018-01-05T06:24:00,2018-01-05T06:24:00,35,35
http://irail.be/vehicle/IC2004,http://irail.be/stations/NMBS/008821311,IC,2018-01-05T06:26:00,2018-01-05T06:26:00,35,35
http://irail.be/vehicle/IC2004,http://irail.be/stations/NMBS/008821337,IC,2018-01-05T06:27:00,2018-01-05T06:27:00,30,30
http://irail.be/vehicle/IC2004,http://irail.be/stations/NMBS/008821238,IC,2018-01-05T06:28:00,2018-01-05T06:28:00,25,25
http://irail.be/vehicle/IC2004,http://irail.be/stations/NMBS/008821154,IC,2018-01-05T06:29:00,2018-01-05T06:29:00,10,10
http://irail.be/vehicle/IC2004,http://irail.be/stations/NMBS/008821121,IC,2018-01-05T06:31:00,2018-01-05T06:30:00,121,54
http://irail.be/vehicle/IC2004,http://irail.be/stations/NMBS/008821006,IC,2018-01-05T06:39:00,2018-01-05T06:35:00,134,67
http://irail.be/vehicle/IC2004,http://irail.be/stations/NMBS/008821063,IC,2018-01-05T06:43:00,2018-01-05T06:43:00,119,119
http://irail.be/vehicle/IC2004,http://irail.be/stations/NMBS/008821089,IC,2018-01-05T06:46:00,2018-01-05T06:46:00,401,401
http://irail.be/vehicle/IC2004,NO-URI,IC,2018-01-05T06:49:00,2018-01-05T06:49:00,,402
http://irail.be/vehicle/IC2004,http://irail.be/stations/NMBS/008814001,IC,2018-10-23T05:50:00,2018-10-23T05:50:00,39,
http://irail.be/vehicle/IC2004,http://irail.be/stations/NMBS/008813037,IC,2018-10-23T05:52:00,2018-10-23T05:52:00,101,101
http://irail.be/vehicle/IC2004,http://irail.be/stations/NMBS/008813003,IC,2018-10-23T05:54:00,2018-10-23T05:53:00,94,109
http://irail.be/vehicle/IC2004,http://irail.be/stations/NMBS/008813045,IC,2018-10-23T05:56:00,2018-10-23T05:56:00,80,80
http://irail.be/vehicle/IC2004,http://irail.be/stations/NMBS/008812005,IC,2018-10-23T06:02:00,2018-10-23T05:58:00,27,76
http://irail.be/vehicle/IC2004,http://irail.be/stations/NMBS/008811007,IC,2018-10-23T06:05:00,2018-10-23T06:05:00,-3,-3
http://irail.be/vehicle/IC2004,http://irail.be/stations/NMBS/008811148,IC,2018-10-23T06:08:00,2018-10-23T06:08:00,-6,-6
http://irail.be/vehicle/IC2004,http://irail.be/stations/NMBS/008811189,IC,2018-10-23T06:09:00,2018-10-23T06:09:00,-6,-6
http://irail.be/vehicle/IC2004,http://irail.be/stations/NMBS/008822269,IC,2018-10-23T06:11:00,2018-10-23T06:11:00,-1,-1
http://irail.be/vehicle/IC2004,http://irail.be/stations/NMBS/008822251,IC,2018-10-23T06:12:00,2018-10-23T06:12:00,-2,-2
http://irail.be/vehicle/IC2004,http://irail.be/stations/NMBS/008822004,IC,2018-10-23T06:18:00,2018-10-23T06:16:00,-23,-46
http://irail.be/vehicle/IC2004,http://irail.be/stations/NMBS/008822343,IC,2018-10-23T06:21:00,2018-10-23T06:21:00,-23,-23
http://irail.be/vehicle/IC2004,http://irail.be/stations/NMBS/008822228,IC,2018-10-23T06:23:00,2018-10-23T06:23:00,-58,-58
http://irail.be/vehicle/IC2004,http://irail.be/stations/NMBS/008822210,IC,2018-10-23T06:24:00,2018-10-23T06:24:00,-58,-58
http://irail.be/vehicle/IC2004,http://irail.be/stations/NMBS/008821311,IC,2018-10-23T06:26:00,2018-10-23T06:26:00,-54,-54
http://irail.be/vehicle/IC2004,http://irail.be/stations/NMBS/008821337,IC,2018-10-23T06:27:00,2018-10-23T06:27:00,-48,-48
http://irail.be/vehicle/IC2004,http://irail.be/stations/NMBS/008821238,IC,2018-10-23T06:28:00,2018-10-23T06:28:00,-43,-43
http://irail.be/vehicle/IC2004,http://irail.be/stations/NMBS/008821154,IC,2018-10-23T06:28:00,2018-10-23T06:28:00,-1,-1
http://irail.be/vehicle/IC2004,http://irail.be/stations/NMBS/008821121,IC,2018-10-23T06:32:00,2018-10-23T06:30:00,7,10
http://irail.be/vehicle/IC2004,http://irail.be/stations/NMBS/008821006,IC,2018-10-23T06:39:00,2018-10-23T06:36:00,9,25
http://irail.be/vehicle/IC2004,http://irail.be/stations/NMBS/008821063,IC,2018-10-23T06:44:00,2018-10-23T06:43:00,-83,-83
http://irail.be/vehicle/IC2004,http://irail.be/stations/NMBS/008821089,IC,2018-10-23T06:51:00,2018-10-23T06:47:00,-52,66
http://irail.be/vehicle/IC2004,NO-URI,IC,2018-10-23T06:54:00,2018-10-23T06:54:00,,-52
http://irail.be/vehicle/IC2004,http://irail.be/stations/NMBS/008814001,IC,2018-06-20T05:50:00,2018-06-20T05:50:00,40,
http://irail.be/vehicle/IC2004,http://irail.be/stations/NMBS/008813037,IC,2018-06-20T05:52:00,2018-06-20T05:52:00,85,85
http://irail.be/vehicle/IC2004,http://irail.be/stations/NMBS/008813003,IC,2018-06-20T05:54:00,2018-06-20T05:53:00,121,94
http://irail.be/vehicle/IC2004,http://irail.be/stations/NMBS/008813045,IC,2018-06-20T05:55:00,2018-06-20T05:55:00,132,132
http://irail.be/vehicle/IC2004,http://irail.be/stations/NMBS/008812005,IC,2018-06-20T06:01:00,2018-06-20T05:58:00,31,122
http://irail.be/vehicle/IC2004,http://irail.be/stations/NMBS/008811007,IC,2018-06-20T06:04:00,2018-06-20T06:04:00,-14,-14
http://irail.be/vehicle/IC2004,http://irail.be/stations/NMBS/008811148,IC,2018-06-20T06:07:00,2018-06-20T06:07:00,-33,-33
http://irail.be/vehicle/IC2004,http://irail.be/stations/NMBS/008811189,IC,2018-06-20T06:08:00,2018-06-20T06:08:00,-33,-33
http://irail.be/vehicle/IC2004,http://irail.be/stations/NMBS/008822269,IC,2018-06-20T06:11:00,2018-06-20T06:11:00,-30,-30
http://irail.be/vehicle/IC2004,http://irail.be/stations/NMBS/008822251,IC,2018-06-20T06:12:00,2018-06-20T06:12:00,-69,-69
http://irail.be/vehicle/IC2004,http://irail.be/stations/NMBS/008822004,IC,2018-06-20T06:18:00,2018-06-20T06:16:00,25,-111
http://irail.be/vehicle/IC2004,http://irail.be/stations/NMBS/008822343,IC,2018-06-20T06:21:00,2018-06-20T06:21:00,25,25
http://irail.be/vehicle/IC2004,http://irail.be/stations/NMBS/008822228,IC,2018-06-20T06:23:00,2018-06-20T06:23:00,-16,-16
http://irail.be/vehicle/IC2004,http://irail.be/stations/NMBS/008822210,IC,2018-06-20T06:24:00,2018-06-20T06:24:00,-16,-16
http://irail.be/vehicle/IC2004,http://irail.be/stations/NMBS/008821311,IC,2018-06-20T06:26:00,2018-06-20T06:26:00,-6,-6
http://irail.be/vehicle/IC2004,http://irail.be/stations/NMBS/008821337,IC,2018-06-20T06:27:00,2018-06-20T06:27:00,7,7
http://irail.be/vehicle/IC2004,http://irail.be/stations/NMBS/008821238,IC,2018-06-20T06:28:00,2018-06-20T06:28:00,6,6
http://irail.be/vehicle/IC2004,http://irail.be/stations/NMBS/008821154,IC,2018-06-20T06:28:00,2018-06-20T06:28:00,49,49
http://irail.be/vehicle/IC2004,http://irail.be/stations/NMBS/008821121,IC,2018-06-20T06:31:00,2018-06-20T06:30:00,87,64
http://irail.be/vehicle/IC2004,http://irail.be/stations/NMBS/008821006,IC,2018-06-20T06:39:00,2018-06-20T06:35:00,21,57
http://irail.be/vehicle/IC2004,http://irail.be/stations/NMBS/008821063,IC,2018-06-20T06:44:00,2018-06-20T06:43:00,-21,-21
http://irail.be/vehicle/IC2004,http://irail.be/stations/NMBS/008821089,IC,2018-06-20T06:51:00,2018-06-20T06:47:00,-68,152
http://irail.be/vehicle/IC2004,NO-URI,IC,2018-06-20T06:54:00,2018-06-20T06:54:00,,-68
http://irail.be/vehicle/IC2004,http://irail.be/stations/NMBS/008814001,IC,2018-04-05T05:50:00,2018-04-05T05:50:00,-10,
http://irail.be/vehicle/IC2004,http://irail.be/stations/NMBS/008813037,IC,2018-04-05T05:52:00,2018-04-05T05:52:00,34,34
http://irail.be/vehicle/IC2004,http://irail.be/stations/NMBS/008813003,IC,2018-04-05T05:54:00,2018-04-05T05:53:00,32,39
http://irail.be/vehicle/IC2004,http://irail.be/stations/NMBS/008813045,IC,2018-04-05T05:56:00,2018-04-05T05:56:00,20,20
http://irail.be/vehicle/IC2004,http://irail.be/stations/NMBS/008812005,IC,2018-04-05T06:01:00,2018-04-05T05:58:00,1,13
http://irail.be/vehicle/IC2004,http://irail.be/stations/NMBS/008811007,IC,2018-04-05T06:04:00,2018-04-05T06:04:00,-15,-15
http://irail.be/vehicle/IC2004,http://irail.be/stations/NMBS/008811148,IC,2018-04-05T06:07:00,2018-04-05T06:07:00,-19,-19
http://irail.be/vehicle/IC2004,http://irail.be/stations/NMBS/008811189,IC,2018-04-05T06:08:00,2018-04-05T06:08:00,-19,-19
http://irail.be/vehicle/IC2004,http://irail.be/stations/NMBS/008822269,IC,2018-04-05T06:11:00,2018-04-05T06:11:00,-19,-19
http://irail.be/vehicle/IC2004,http://irail.be/stations/NMBS/008822251,IC,2018-04-05T06:12:00,2018-04-05T06:12:00,-79,-79
http://irail.be/vehicle/IC2004,http://irail.be/stations/NMBS/008822004,IC,2018-04-05T06:18:00,2018-04-05T06:16:00,-37,-119
http://irail.be/vehicle/IC2004,http://irail.be/stations/NMBS/008822343,IC,2018-04-05T06:21:00,2018-04-05T06:21:00,-37,-37
http://irail.be/vehicle/IC2004,http://irail.be/stations/NMBS/008822228,IC,2018-04-05T06:23:00,2018-04-05T06:23:00,-83,-83
http://irail.be/vehicle/IC2004,http://irail.be/stations/NMBS/008822210,IC,2018-04-05T06:24:00,2018-04-05T06:24:00,-83,-83
http://irail.be/vehicle/IC2004,http://irail.be/stations/NMBS/008821311,IC,2018-04-05T06:26:00,2018-04-05T06:26:00,-83,-83
http://irail.be/vehicle/IC2004,http://irail.be/stations/NMBS/008821337,IC,2018-04-05T06:27:00,2018-04-05T06:27:00,-82,-82
http://irail.be/vehicle/IC2004,http://irail.be/stations/NMBS/008821238,IC,2018-04-05T06:28:00,2018-04-05T06:28:00,-80,-80
http://irail.be/vehicle/IC2004,http://irail.be/stations/NMBS/008821154,IC,2018-04-05T06:28:00,2018-04-05T06:28:00,-40,-40
http://irail.be/vehicle/IC2004,http://irail.be/stations/NMBS/008821121,IC,2018-04-05T06:31:00,2018-04-05T06:30:00,19,-31
http://irail.be/vehicle/IC2004,http://irail.be/stations/NMBS/008821006,IC,2018-04-05T06:39:00,2018-04-05T06:35:00,28,-7
http://irail.be/vehicle/IC2004,http://irail.be/stations/NMBS/008821063,IC,2018-04-05T06:43:00,2018-04-05T06:43:00,-11,-11
http://irail.be/vehicle/IC2004,http://irail.be/stations/NMBS/008821089,IC,2018-04-05T06:46:00,2018-04-05T06:46:00,-4,-4
http://irail.be/vehicle/IC2004,NO-URI,IC,2018-04-05T06:49:00,2018-04-05T06:49:00,,-10
http://irail.be/vehicle/IC2004,http://irail.be/stations/NMBS/008814001,IC,2018-04-03T05:50:00,2018-04-03T05:50:00,46,
http://irail.be/vehicle/IC2004,http://irail.be/stations/NMBS/008813037,IC,2018-04-03T05:52:00,2018-04-03T05:52:00,112,112
http://irail.be/vehicle/IC2004,http://irail.be/stations/NMBS/008813003,IC,2018-04-03T05:54:00,2018-04-03T05:53:00,156,130
http://irail.be/vehicle/IC2004,http://irail.be/stations/NMBS/008813045,IC,2018-04-03T05:56:00,2018-04-03T05:56:00,152,152
http://irail.be/vehicle/IC2004,http://irail.be/stations/NMBS/008812005,IC,2018-04-03T06:01:00,2018-04-03T05:58:00,89,150
http://irail.be/vehicle/IC2004,http://irail.be/stations/NMBS/008811007,IC,2018-04-03T06:04:00,2018-04-03T06:04:00,81,81
http://irail.be/vehicle/IC2004,http://irail.be/stations/NMBS/008811148,IC,2018-04-03T06:07:00,2018-04-03T06:07:00,76,76
http://irail.be/vehicle/IC2004,http://irail.be/stations/NMBS/008811189,IC,2018-04-03T06:08:00,2018-04-03T06:08:00,76,76
http://irail.be/vehicle/IC2004,http://irail.be/stations/NMBS/008822269,IC,2018-04-03T06:11:00,2018-04-03T06:11:00,78,78
http://irail.be/vehicle/IC2004,http://irail.be/stations/NMBS/008822251,IC,2018-04-03T06:12:00,2018-04-03T06:12:00,31,31
http://irail.be/vehicle/IC2004,http://irail.be/stations/NMBS/008822004,IC,2018-04-03T06:18:00,2018-04-03T06:16:00,4,37
http://irail.be/vehicle/IC2004,http://irail.be/stations/NMBS/008822343,IC,2018-04-03T06:21:00,2018-04-03T06:21:00,4,4
http://irail.be/vehicle/IC2004,http://irail.be/stations/NMBS/008822228,IC,2018-04-03T06:23:00,2018-04-03T06:23:00,27,27
http://irail.be/vehicle/IC2004,http://irail.be/stations/NMBS/008822210,IC,2018-04-03T06:24:00,2018-04-03T06:24:00,27,27
http://irail.be/vehicle/IC2004,http://irail.be/stations/NMBS/008821311,IC,2018-04-03T06:26:00,2018-04-03T06:26:00,27,27
http://irail.be/vehicle/IC2004,http://irail.be/stations/NMBS/008821337,IC,2018-04-03T06:27:00,2018-04-03T06:27:00,36,36
http://irail.be/vehicle/IC2004,http://irail.be/stations/NMBS/008821238,IC,2018-04-03T06:28:00,2018-04-03T06:28:00,42,42
http://irail.be/vehicle/IC2004,http://irail.be/stations/NMBS/008821154,IC,2018-04-03T06:28:00,2018-04-03T06:28:00,86,86
http://irail.be/vehicle/IC2004,http://irail.be/stations/NMBS/008821121,IC,2018-04-03T06:31:00,2018-04-03T06:30:00,203,131
http://irail.be/vehicle/IC2004,http://irail.be/stations/NMBS/008821006,IC,2018-04-03T06:39:00,2018-04-03T06:35:00,178,202
http://irail.be/vehicle/IC2004,http://irail.be/stations/NMBS/008821063,IC,2018-04-03T06:43:00,2018-04-03T06:43:00,157,157
http://irail.be/vehicle/IC2004,http://irail.be/stations/NMBS/008821089,IC,2018-04-03T06:46:00,2018-04-03T06:46:00,174,174
http://irail.be/vehicle/IC2004,NO-URI,IC,2018-04-03T06:49:00,2018-04-03T06:49:00,,199
http://irail.be/vehicle/IC2004,http://irail.be/stations/NMBS/008814001,IC,2018-11-05T05:50:00,2018-11-05T05:50:00,-9,
http://irail.be/vehicle/IC2004,http://irail.be/stations/NMBS/008813037,IC,2018-11-05T05:52:00,2018-11-05T05:52:00,35,35
http://irail.be/vehicle/IC2004,http://irail.be/stations/NMBS/008813003,IC,2018-11-05T05:54:00,2018-11-05T05:53:00,25,40
http://irail.be/vehicle/IC2004,http://irail.be/stations/NMBS/008813045,IC,2018-11-05T05:56:00,2018-11-05T05:56:00,-1,-1
http://irail.be/vehicle/IC2004,http://irail.be/stations/NMBS/008812005,IC,2018-11-05T06:02:00,2018-11-05T05:58:00,34,-7
http://irail.be/vehicle/IC2004,http://irail.be/stations/NMBS/008811007,IC,2018-11-05T06:05:00,2018-11-05T06:05:00,-13,-13
http://irail.be/vehicle/IC2004,http://irail.be/stations/NMBS/008811148,IC,2018-11-05T06:08:00,2018-11-05T06:08:00,-21,-21
http://irail.be/vehicle/IC2004,http://irail.be/stations/NMBS/008811189,IC,2018-11-05T06:09:00,2018-11-05T06:09:00,-21,-21
http://irail.be/vehicle/IC2004,http://irail.be/stations/NMBS/008822269,IC,2018-11-05T06:11:00,2018-11-05T06:11:00,-20,-20
http://irail.be/vehicle/IC2004,http://irail.be/stations/NMBS/008822251,IC,2018-11-05T06:12:00,2018-11-05T06:12:00,-1,-1
http://irail.be/vehicle/IC2004,http://irail.be/stations/NMBS/008822004,IC,2018-11-05T06:18:00,2018-11-05T06:16:00,55,-13
http://irail.be/vehicle/IC2004,http://irail.be/stations/NMBS/008822343,IC,2018-11-05T06:21:00,2018-11-05T06:21:00,55,55
http://irail.be/vehicle/IC2004,http://irail.be/stations/NMBS/008822228,IC,2018-11-05T06:23:00,2018-11-05T06:23:00,9,9
http://irail.be/vehicle/IC2004,http://irail.be/stations/NMBS/008822210,IC,2018-11-05T06:24:00,2018-11-05T06:24:00,9,9
http://irail.be/vehicle/IC2004,http://irail.be/stations/NMBS/008821311,IC,2018-11-05T06:26:00,2018-11-05T06:26:00,9,9
http://irail.be/vehicle/IC2004,http://irail.be/stations/NMBS/008821337,IC,2018-11-05T06:27:00,2018-11-05T06:27:00,7,7
http://irail.be/vehicle/IC2004,http://irail.be/stations/NMBS/008821238,IC,2018-11-05T06:28:00,2018-11-05T06:28:00,4,4
http://irail.be/vehicle/IC2004,http://irail.be/stations/NMBS/008821154,IC,2018-11-05T06:28:00,2018-11-05T06:28:00,42,42
http://irail.be/vehicle/IC2004,http://irail.be/stations/NMBS/008821121,IC,2018-11-05T06:32:00,2018-11-05T06:30:00,19,41
http://irail.be/vehicle/IC2004,http://irail.be/stations/NMBS/008821006,IC,2018-11-05T06:39:00,2018-11-05T06:36:00,6,-25
http://irail.be/vehicle/IC2004,http://irail.be/stations/NMBS/008821063,IC,2018-11-05T06:44:00,2018-11-05T06:43:00,-85,-85
http://irail.be/vehicle/IC2004,http://irail.be/stations/NMBS/008821089,IC,2018-11-05T06:51:00,2018-11-05T06:47:00,36,96
http://irail.be/vehicle/IC2004,NO-URI,IC,2018-11-05T06:54:00,2018-11-05T06:54:00,,-156
http://irail.be/vehicle/IC2004,http://irail.be/stations/NMBS/008814001,IC,2018-03-14T05:50:00,2018-03-14T05:50:00,8,
http://irail.be/vehicle/IC2004,http://irail.be/stations/NMBS/008813037,IC,2018-03-14T05:52:00,2018-03-14T05:52:00,56,56
http://irail.be/vehicle/IC2004,http://irail.be/stations/NMBS/008813003,IC,2018-03-14T05:54:00,2018-03-14T05:53:00,54,61
http://irail.be/vehicle/IC2004,http://irail.be/stations/NMBS/008813045,IC,2018-03-14T05:56:00,2018-03-14T05:56:00,41,41
http://irail.be/vehicle/IC2004,http://irail.be/stations/NMBS/008812005,IC,2018-03-14T06:01:00,2018-03-14T05:58:00,40,32
http://irail.be/vehicle/IC2004,http://irail.be/stations/NMBS/008811007,IC,2018-03-14T06:04:00,2018-03-14T06:04:00,21,21
http://irail.be/vehicle/IC2004,http://irail.be/stations/NMBS/008811148,IC,2018-03-14T06:07:00,2018-03-14T06:07:00,4,4
http://irail.be/vehicle/IC2004,http://irail.be/stations/NMBS/008811189,IC,2018-03-14T06:08:00,2018-03-14T06:08:00,4,4
http://irail.be/vehicle/IC2004,http://irail.be/stations/NMBS/008822269,IC,2018-03-14T06:11:00,2018-03-14T06:11:00,7,7
http://irail.be/vehicle/IC2004,http://irail.be/stations/NMBS/008822251,IC,2018-03-14T06:12:00,2018-03-14T06:12:00,-51,-51
http://irail.be/vehicle/IC2004,http://irail.be/stations/NMBS/008822004,IC,2018-03-14T06:18:00,2018-03-14T06:16:00,-14,-102
http://irail.be/vehicle/IC2004,http://irail.be/stations/NMBS/008822343,IC,2018-03-14T06:21:00,2018-03-14T06:21:00,-14,-14
http://irail.be/vehicle/IC2004,http://irail.be/stations/NMBS/008822228,IC,2018-03-14T06:23:00,2018-03-14T06:23:00,-36,-36
http://irail.be/vehicle/IC2004,http://irail.be/stations/NMBS/008822210,IC,2018-03-14T06:24:00,2018-03-14T06:24:00,-36,-36
http://irail.be/vehicle/IC2004,http://irail.be/stations/NMBS/008821311,IC,2018-03-14T06:26:00,2018-03-14T06:26:00,-36,-36
http://irail.be/vehicle/IC2004,http://irail.be/stations/NMBS/008821337,IC,2018-03-14T06:27:00,2018-03-14T06:27:00,-39,-39
http://irail.be/vehicle/IC2004,http://irail.be/stations/NMBS/008821238,IC,2018-03-14T06:28:00,2018-03-14T06:28:00,-44,-44
http://irail.be/vehicle/IC2004,http://irail.be/stations/NMBS/008821154,IC,2018-03-14T06:28:00,2018-03-14T06:28:00,-8,-8
http://irail.be/vehicle/IC2004,http://irail.be/stations/NMBS/008821121,IC,2018-03-14T06:31:00,2018-03-14T06:30:00,53,0
http://irail.be/vehicle/IC2004,http://irail.be/stations/NMBS/008821006,IC,2018-03-14T06:39:00,2018-03-14T06:35:00,-14,32
http://irail.be/vehicle/IC2004,http://irail.be/stations/NMBS/008821063,IC,2018-03-14T06:43:00,2018-03-14T06:43:00,-61,-61
http://irail.be/vehicle/IC2004,http://irail.be/stations/NMBS/008821089,IC,2018-03-14T06:46:00,2018-03-14T06:46:00,-4,-4
http://irail.be/vehicle/IC2004,NO-URI,IC,2018-03-14T06:49:00,2018-03-14T06:49:00,,-6
http://irail.be/vehicle/IC2004,http://irail.be/stations/NMBS/008814001,IC,2018-11-23T05:50:00,2018-11-23T05:50:00,-4,
http://irail.be/vehicle/IC2004,http://irail.be/stations/NMBS/008813037,IC,2018-11-23T05:52:00,2018-11-23T05:52:00,37,37
http://irail.be/vehicle/IC2004,http://irail.be/stations/NMBS/008813003,IC,2018-11-23T05:54:00,2018-11-23T05:53:00,49,42
http://irail.be/vehicle/IC2004,http://irail.be/stations/NMBS/008813045,IC,2018-11-23T05:56:00,2018-11-23T05:56:00,27,27
http://irail.be/vehicle/IC2004,http://irail.be/stations/NMBS/008812005,IC,2018-11-23T06:02:00,2018-11-23T05:58:00,22,20
http://irail.be/vehicle/IC2004,http://irail.be/stations/NMBS/008811007,IC,2018-11-23T06:05:00,2018-11-23T06:05:00,-28,-28
http://irail.be/vehicle/IC2004,http://irail.be/stations/NMBS/008811148,IC,2018-11-23T06:08:00,2018-11-23T06:08:00,-49,-49
http://irail.be/vehicle/IC2004,http://irail.be/stations/NMBS/008811189,IC,2018-11-23T06:09:00,2018-11-23T06:09:00,-49,-49
http://irail.be/vehicle/IC2004,http://irail.be/stations/NMBS/008822269,IC,2018-11-23T06:11:00,2018-11-23T06:11:00,-48,-48
http://irail.be/vehicle/IC2004,http://irail.be/stations/NMBS/008822251,IC,2018-11-23T06:12:00,2018-11-23T06:12:00,-57,-57
http://irail.be/vehicle/IC2004,http://irail.be/stations/NMBS/008822004,IC,2018-11-23T06:18:00,2018-11-23T06:16:00,-26,-94
http://irail.be/vehicle/IC2004,http://irail.be/stations/NMBS/008822343,IC,2018-11-23T06:21:00,2018-11-23T06:21:00,-26,-26
http://irail.be/vehicle/IC2004,http://irail.be/stations/NMBS/008822228,IC,2018-11-23T06:23:00,2018-11-23T06:23:00,-56,-56
http://irail.be/vehicle/IC2004,http://irail.be/stations/NMBS/008822210,IC,2018-11-23T06:24:00,2018-11-23T06:24:00,-56,-56
http://irail.be/vehicle/IC2004,http://irail.be/stations/NMBS/008821311,IC,2018-11-23T06:26:00,2018-11-23T06:26:00,-58,-58
http://irail.be/vehicle/IC2004,http://irail.be/stations/NMBS/008821337,IC,2018-11-23T06:27:00,2018-11-23T06:27:00,-57,-57
http://irail.be/vehicle/IC2004,http://irail.be/stations/NMBS/008821238,IC,2018-11-23T06:28:00,2018-11-23T06:28:00,-57,-57
http://irail.be/vehicle/IC2004,http://irail.be/stations/NMBS/008821154,IC,2018-11-23T06:28:00,2018-11-23T06:28:00,-13,-13
http://irail.be/vehicle/IC2004,http://irail.be/stations/NMBS/008821121,IC,2018-11-23T06:32:00,2018-11-23T06:30:00,11,22
http://irail.be/vehicle/IC2004,http://irail.be/stations/NMBS/008821006,IC,2018-11-23T06:39:00,2018-11-23T06:36:00,8,-42
http://irail.be/vehicle/IC2004,http://irail.be/stations/NMBS/008821063,IC,2018-11-23T06:44:00,2018-11-23T06:43:00,-97,-97
http://irail.be/vehicle/IC2004,http://irail.be/stations/NMBS/008821089,IC,2018-11-23T06:51:00,2018-11-23T06:47:00,-89,96
http://irail.be/vehicle/IC2004,NO-URI,IC,2018-11-23T06:54:00,2018-11-23T06:54:00,,-89
http://irail.be/vehicle/IC2004,http://irail.be/stations/NMBS/008814001,IC,2018-07-04T05:50:00,2018-07-04T05:50:00,-5,
http://irail.be/vehicle/IC2004,http://irail.be/stations/NMBS/008813037,IC,2018-07-04T05:52:00,2018-07-04T05:52:00,34,34
http://irail.be/vehicle/IC2004,http://irail.be/stations/NMBS/008813003,IC,2018-07-04T05:54:00,2018-07-04T05:53:00,70,37
http://irail.be/vehicle/IC2004,http://irail.be/stations/NMBS/008813045,IC,2018-07-04T05:55:00,2018-07-04T05:55:00,75,75
http://irail.be/vehicle/IC2004,http://irail.be/stations/NMBS/008812005,IC,2018-07-04T06:01:00,2018-07-04T05:58:00,20,66
http://irail.be/vehicle/IC2004,http://irail.be/stations/NMBS/008811007,IC,2018-07-04T06:04:00,2018-07-04T06:04:00,-25,-25
http://irail.be/vehicle/IC2004,http://irail.be/stations/NMBS/008811148,IC,2018-07-04T06:07:00,2018-07-04T06:07:00,-30,-30
http://irail.be/vehicle/IC2004,http://irail.be/stations/NMBS/008811189,IC,2018-07-04T06:08:00,2018-07-04T06:08:00,-30,-30
http://irail.be/vehicle/IC2004,http://irail.be/stations/NMBS/008822269,IC,2018-07-04T06:11:00,2018-07-04T06:11:00,-27,-27
http://irail.be/vehicle/IC2004,http://irail.be/stations/NMBS/008822251,IC,2018-07-04T06:12:00,2018-07-04T06:12:00,-93,-93
http://irail.be/vehicle/IC2004,http://irail.be/stations/NMBS/008822004,IC,2018-07-04T06:18:00,2018-07-04T06:16:00,-37,-138
http://irail.be/vehicle/IC2004,http://irail.be/stations/NMBS/008822343,IC,2018-07-04T06:21:00,2018-07-04T06:21:00,-37,-37
http://irail.be/vehicle/IC2004,http://irail.be/stations/NMBS/008822228,IC,2018-07-04T06:23:00,2018-07-04T06:23:00,-103,-103
http://irail.be/vehicle/IC2004,http://irail.be/stations/NMBS/008822210,IC,2018-07-04T06:24:00,2018-07-04T06:24:00,-103,-103
http://irail.be/vehicle/IC2004,http://irail.be/stations/NMBS/008821311,IC,2018-07-04T06:26:00,2018-07-04T06:26:00,-109,-109
http://irail.be/vehicle/IC2004,http://irail.be/stations/NMBS/008821337,IC,2018-07-04T06:27:00,2018-07-04T06:27:00,-113,-113
http://irail.be/vehicle/IC2004,http://irail.be/stations/NMBS/008821238,IC,2018-07-04T06:28:00,2018-07-04T06:28:00,-117,-117
http://irail.be/vehicle/IC2004,http://irail.be/stations/NMBS/008821154,IC,2018-07-04T06:28:00,2018-07-04T06:28:00,-80,-80
http://irail.be/vehicle/IC2004,http://irail.be/stations/NMBS/008821121,IC,2018-07-04T06:31:00,2018-07-04T06:30:00,9,-62
http://irail.be/vehicle/IC2004,http://irail.be/stations/NMBS/008821006,IC,2018-07-04T06:39:00,2018-07-04T06:35:00,11,-42
http://irail.be/vehicle/IC2004,http://irail.be/stations/NMBS/008821063,IC,2018-07-04T06:44:00,2018-07-04T06:43:00,-93,-93
http://irail.be/vehicle/IC2004,http://irail.be/stations/NMBS/008821089,IC,2018-07-04T06:51:00,2018-07-04T06:47:00,-38,22
http://irail.be/vehicle/IC2004,NO-URI,IC,2018-07-04T06:54:00,2018-07-04T06:54:00,,-238
http://irail.be/vehicle/IC2004,http://irail.be/stations/NMBS/008814001,IC,2018-01-22T05:50:00,2018-01-22T05:50:00,15,
http://irail.be/vehicle/IC2004,http://irail.be/stations/NMBS/008813037,IC,2018-01-22T05:52:00,2018-01-22T05:52:00,62,62
http://irail.be/vehicle/IC2004,http://irail.be/stations/NMBS/008813003,IC,2018-01-22T05:54:00,2018-01-22T05:53:00,97,67
http://irail.be/vehicle/IC2004,http://irail.be/stations/NMBS/008813045,IC,2018-01-22T05:55:00,2018-01-22T05:55:00,119,119
http://irail.be/vehicle/IC2004,http://irail.be/stations/NMBS/008812005,IC,2018-01-22T06:01:00,2018-01-22T05:58:00,47,114
http://irail.be/vehicle/IC2004,http://irail.be/stations/NMBS/008811007,IC,2018-01-22T06:04:00,2018-01-22T06:04:00,18,18
http://irail.be/vehicle/IC2004,http://irail.be/stations/NMBS/008811148,IC,2018-01-22T06:07:00,2018-01-22T06:07:00,8,8
http://irail.be/vehicle/IC2004,http://irail.be/stations/NMBS/008811189,IC,2018-01-22T06:08:00,2018-01-22T06:08:00,8,8
http://irail.be/vehicle/IC2004,http://irail.be/stations/NMBS/008822269,IC,2018-01-22T06:11:00,2018-01-22T06:11:00,7,7
http://irail.be/vehicle/IC2004,http://irail.be/stations/NMBS/008822251,IC,2018-01-22T06:12:00,2018-01-22T06:12:00,-54,-54
http://irail.be/vehicle/IC2004,http://irail.be/stations/NMBS/008822004,IC,2018-01-22T06:18:00,2018-01-22T06:16:00,1,-103
http://irail.be/vehicle/IC2004,http://irail.be/stations/NMBS/008822343,IC,2018-01-22T06:20:00,2018-01-22T06:20:00,1,1
http://irail.be/vehicle/IC2004,http://irail.be/stations/NMBS/008822228,IC,2018-01-22T06:23:00,2018-01-22T06:23:00,-51,-51
http://irail.be/vehicle/IC2004,http://irail.be/stations/NMBS/008822210,IC,2018-01-22T06:24:00,2018-01-22T06:24:00,-51,-51
http://irail.be/vehicle/IC2004,http://irail.be/stations/NMBS/008821311,IC,2018-01-22T06:26:00,2018-01-22T06:26:00,-51,-51
http://irail.be/vehicle/IC2004,http://irail.be/stations/NMBS/008821337,IC,2018-01-22T06:27:00,2018-01-22T06:27:00,-55,-55
http://irail.be/vehicle/IC2004,http://irail.be/stations/NMBS/008821238,IC,2018-01-22T06:28:00,2018-01-22T06:28:00,-61,-61
http://irail.be/vehicle/IC2004,http://irail.be/stations/NMBS/008821154,IC,2018-01-22T06:29:00,2018-01-22T06:29:00,-79,-79
http://irail.be/vehicle/IC2004,http://irail.be/stations/NMBS/008821121,IC,2018-01-22T06:31:00,2018-01-22T06:30:00,117,-35
http://irail.be/vehicle/IC2004,http://irail.be/stations/NMBS/008821006,IC,2018-01-22T06:39:00,2018-01-22T06:35:00,96,71
http://irail.be/vehicle/IC2004,http://irail.be/stations/NMBS/008821063,IC,2018-01-22T06:43:00,2018-01-22T06:43:00,89,89
http://irail.be/vehicle/IC2004,http://irail.be/stations/NMBS/008821089,IC,2018-01-22T06:46:00,2018-01-22T06:46:00,115,115
http://irail.be/vehicle/IC2004,NO-URI,IC,2018-01-22T06:49:00,2018-01-22T06:49:00,,123
http://irail.be/vehicle/IC2004,http://irail.be/stations/NMBS/008814001,IC,2018-03-12T05:50:00,2018-03-12T05:50:00,48,
http://irail.be/vehicle/IC2004,http://irail.be/stations/NMBS/008813037,IC,2018-03-12T05:52:00,2018-03-12T05:52:00,111,111
http://irail.be/vehicle/IC2004,http://irail.be/stations/NMBS/008813003,IC,2018-03-12T05:54:00,2018-03-12T05:53:00,129,124
http://irail.be/vehicle/IC2004,http://irail.be/stations/NMBS/008813045,IC,2018-03-12T05:56:00,2018-03-12T05:56:00,124,124
http://irail.be/vehicle/IC2004,http://irail.be/stations/NMBS/008812005,IC,2018-03-12T06:01:00,2018-03-12T05:58:00,165,118
http://irail.be/vehicle/IC2004,http://irail.be/stations/NMBS/008811007,IC,2018-03-12T06:04:00,2018-03-12T06:04:00,260,260
http://irail.be/vehicle/IC2004,http://irail.be/stations/NMBS/008811148,IC,2018-03-12T06:07:00,2018-03-12T06:07:00,409,409
http://irail.be/vehicle/IC2004,http://irail.be/stations/NMBS/008811189,IC,2018-03-12T06:08:00,2018-03-12T06:08:00,409,409
http://irail.be/vehicle/IC2004,http://irail.be/stations/NMBS/008822269,IC,2018-03-12T06:11:00,2018-03-12T06:11:00,408,408
http://irail.be/vehicle/IC2004,http://irail.be/stations/NMBS/008822251,IC,2018-03-12T06:12:00,2018-03-12T06:12:00,346,346
http://irail.be/vehicle/IC2004,http://irail.be/stations/NMBS/008822004,IC,2018-03-12T06:18:00,2018-03-12T06:16:00,267,293
http://irail.be/vehicle/IC2004,http://irail.be/stations/NMBS/008822343,IC,2018-03-12T06:21:00,2018-03-12T06:21:00,267,267
http://irail.be/vehicle/IC2004,http://irail.be/stations/NMBS/008822228,IC,2018-03-12T06:23:00,2018-03-12T06:23:00,253,253
http://irail.be/vehicle/IC2004,http://irail.be/stations/NMBS/008822210,IC,2018-03-12T06:24:00,2018-03-12T06:24:00,253,253
http://irail.be/vehicle/IC2004,http://irail.be/stations/NMBS/008821311,IC,2018-03-12T06:26:00,2018-03-12T06:26:00,253,253
http://irail.be/vehicle/IC2004,http://irail.be/stations/NMBS/008821337,IC,2018-03-12T06:27:00,2018-03-12T06:27:00,247,247
http://irail.be/vehicle/IC2004,http://irail.be/stations/NMBS/008821238,IC,2018-03-12T06:28:00,2018-03-12T06:28:00,240,240
http://irail.be/vehicle/IC2004,http://irail.be/stations/NMBS/008821154,IC,2018-03-12T06:28:00,2018-03-12T06:28:00,273,273
http://irail.be/vehicle/IC2004,http://irail.be/stations/NMBS/008821121,IC,2018-03-12T06:31:00,2018-03-12T06:30:00,369,277
http://irail.be/vehicle/IC2004,http://irail.be/stations/NMBS/008821006,IC,2018-03-12T06:35:00,2018-03-12T06:35:00,,393
http://irail.be/vehicle/IC2004,http://irail.be/stations/NMBS/008814001,IC,2018-12-27T05:49:00,2018-12-27T05:49:00,20,
http://irail.be/vehicle/IC2004,http://irail.be/stations/NMBS/008813037,IC,2018-12-27T05:51:00,2018-12-27T05:51:00,44,44
http://irail.be/vehicle/IC2004,http://irail.be/stations/NMBS/008813003,IC,2018-12-27T05:54:00,2018-12-27T05:53:00,36,25
http://irail.be/vehicle/IC2004,http://irail.be/stations/NMBS/008813045,IC,2018-12-27T05:55:00,2018-12-27T05:55:00,45,45
http://irail.be/vehicle/IC2004,http://irail.be/stations/NMBS/008812005,IC,2018-12-27T06:02:00,2018-12-27T05:58:00,43,34
http://irail.be/vehicle/IC2004,http://irail.be/stations/NMBS/008811007,IC,2018-12-27T06:05:00,2018-12-27T06:05:00,5,5
http://irail.be/vehicle/IC2004,http://irail.be/stations/NMBS/008811148,IC,2018-12-27T06:08:00,2018-12-27T06:08:00,8,8
http://irail.be/vehicle/IC2004,http://irail.be/stations/NMBS/008811189,IC,2018-12-27T06:09:00,2018-12-27T06:09:00,8,8
http://irail.be/vehicle/IC2004,http://irail.be/stations/NMBS/008822269,IC,2018-12-27T06:11:00,2018-12-27T06:11:00,12,12
http://irail.be/vehicle/IC2004,http://irail.be/stations/NMBS/008822251,IC,2018-12-27T06:12:00,2018-12-27T06:12:00,26,26
http://irail.be/vehicle/IC2004,http://irail.be/stations/NMBS/008822004,IC,2018-12-27T06:18:00,2018-12-27T06:16:00,-28,5
http://irail.be/vehicle/IC2004,http://irail.be/stations/NMBS/008822343,IC,2018-12-27T06:21:00,2018-12-27T06:21:00,-28,-28
http://irail.be/vehicle/IC2004,http://irail.be/stations/NMBS/008822228,IC,2018-12-27T06:23:00,2018-12-27T06:23:00,-64,-64
http://irail.be/vehicle/IC2004,http://irail.be/stations/NMBS/008822210,IC,2018-12-27T06:24:00,2018-12-27T06:24:00,-64,-64
http://irail.be/vehicle/IC2004,http://irail.be/stations/NMBS/008821311,IC,2018-12-27T06:26:00,2018-12-27T06:26:00,-62,-62
http://irail.be/vehicle/IC2004,http://irail.be/stations/NMBS/008821337,IC,2018-12-27T06:27:00,2018-12-27T06:27:00,-57,-57
http://irail.be/vehicle/IC2004,http://irail.be/stations/NMBS/008821238,IC,2018-12-27T06:28:00,2018-12-27T06:28:00,-55,-55
http://irail.be/vehicle/IC2004,http://irail.be/stations/NMBS/008821154,IC,2018-12-27T06:28:00,2018-12-27T06:28:00,-14,-14
http://irail.be/vehicle/IC2004,http://irail.be/stations/NMBS/008821121,IC,2018-12-27T06:32:00,2018-12-27T06:30:00,23,-2
http://irail.be/vehicle/IC2004,http://irail.be/stations/NMBS/008821006,IC,2018-12-27T06:39:00,2018-12-27T06:36:00,37,-21
http://irail.be/vehicle/IC2004,http://irail.be/stations/NMBS/008821063,IC,2018-12-27T06:44:00,2018-12-27T06:43:00,-46,-46
http://irail.be/vehicle/IC2004,http://irail.be/stations/NMBS/008821089,IC,2018-12-27T06:51:00,2018-12-27T06:47:00,-54,108
http://irail.be/vehicle/IC2004,NO-URI,IC,2018-12-27T06:54:00,2018-12-27T06:54:00,,-54
http://irail.be/vehicle/IC2004,http://irail.be/stations/NMBS/008814001,IC,2018-10-26T05:50:00,2018-10-26T05:50:00,11,
http://irail.be/vehicle/IC2004,http://irail.be/stations/NMBS/008813037,IC,2018-10-26T05:52:00,2018-10-26T05:52:00,65,65
http://irail.be/vehicle/IC2004,http://irail.be/stations/NMBS/008813003,IC,2018-10-26T05:54:00,2018-10-26T05:53:00,89,77
http://irail.be/vehicle/IC2004,http://irail.be/stations/NMBS/008813045,IC,2018-10-26T05:56:00,2018-10-26T05:56:00,72,72
http://irail.be/vehicle/IC2004,http://irail.be/stations/NMBS/008812005,IC,2018-10-26T06:02:00,2018-10-26T05:58:00,45,75
http://irail.be/vehicle/IC2004,http://irail.be/stations/NMBS/008811007,IC,2018-10-26T06:05:00,2018-10-26T06:05:00,22,22
http://irail.be/vehicle/IC2004,http://irail.be/stations/NMBS/008811148,IC,2018-10-26T06:08:00,2018-10-26T06:08:00,24,24
http://irail.be/vehicle/IC2004,http://irail.be/stations/NMBS/008811189,IC,2018-10-26T06:09:00,2018-10-26T06:09:00,24,24
http://irail.be/vehicle/IC2004,http://irail.be/stations/NMBS/008822269,IC,2018-10-26T06:11:00,2018-10-26T06:11:00,29,29
http://irail.be/vehicle/IC2004,http://irail.be/stations/NMBS/008822251,IC,2018-10-26T06:12:00,2018-10-26T06:12:00,30,30
http://irail.be/vehicle/IC2004,http://irail.be/stations/NMBS/008822004,IC,2018-10-26T06:18:00,2018-10-26T06:16:00,13,-6
http://irail.be/vehicle/IC2004,http://irail.be/stations/NMBS/008822343,IC,2018-10-26T06:21:00,2018-10-26T06:21:00,13,13
http://irail.be/vehicle/IC2004,http://irail.be/stations/NMBS/008822228,IC,2018-10-26T06:23:00,2018-10-26T06:23:00,-3,-3
http://irail.be/vehicle/IC2004,http://irail.be/stations/NMBS/008822210,IC,2018-10-26T06:24:00,2018-10-26T06:24:00,-3,-3
http://irail.be/vehicle/IC2004,http://irail.be/stations/NMBS/008821311,IC,2018-10-26T06:26:00,2018-10-26T06:26:00,19,19
http://irail.be/vehicle/IC2004,http://irail.be/stations/NMBS/008821337,IC,2018-10-26T06:27:00,2018-10-26T06:27:00,38,38
http://irail.be/vehicle/IC2004,http://irail.be/stations/NMBS/008821238,IC,2018-10-26T06:28:00,2018-10-26T06:28:00,34,34
http://irail.be/vehicle/IC2004,http://irail.be/stations/NMBS/008821154,IC,2018-10-26T06:28:00,2018-10-26T06:28:00,71,71
http://irail.be/vehicle/IC2004,http://irail.be/stations/NMBS/008821121,IC,2018-10-26T06:32:00,2018-10-26T06:30:00,33,65
http://irail.be/vehicle/IC2004,http://irail.be/stations/NMBS/008821006,IC,2018-10-26T06:39:00,2018-10-26T06:36:00,18,-3
http://irail.be/vehicle/IC2004,http://irail.be/stations/NMBS/008821063,IC,2018-10-26T06:44:00,2018-10-26T06:43:00,-83,-83
http://irail.be/vehicle/IC2004,http://irail.be/stations/NMBS/008821089,IC,2018-10-26T06:51:00,2018-10-26T06:47:00,54,114
http://irail.be/vehicle/IC2004,NO-URI,IC,2018-10-26T06:54:00,2018-10-26T06:54:00,,-129
http://irail.be/vehicle/IC2004,http://irail.be/stations/NMBS/008814001,IC,2018-05-04T05:50:00,2018-05-04T05:50:00,-2,
http://irail.be/vehicle/IC2004,http://irail.be/stations/NMBS/008813037,IC,2018-05-04T05:52:00,2018-05-04T05:52:00,40,40
http://irail.be/vehicle/IC2004,http://irail.be/stations/NMBS/008813003,IC,2018-05-04T05:54:00,2018-05-04T05:53:00,57,47
http://irail.be/vehicle/IC2004,http://irail.be/stations/NMBS/008813045,IC,2018-05-04T05:55:00,2018-05-04T05:55:00,67,67
http://irail.be/vehicle/IC2004,http://irail.be/stations/NMBS/008812005,IC,2018-05-04T06:01:00,2018-05-04T05:58:00,177,65
http://irail.be/vehicle/IC2004,http://irail.be/stations/NMBS/008811007,IC,2018-05-04T06:04:00,2018-05-04T06:04:00,140,140
http://irail.be/vehicle/IC2004,http://irail.be/stations/NMBS/008811148,IC,2018-05-04T06:07:00,2018-05-04T06:07:00,124,124
http://irail.be/vehicle/IC2004,http://irail.be/stations/NMBS/008811189,IC,2018-05-04T06:08:00,2018-05-04T06:08:00,124,124
http://irail.be/vehicle/IC2004,http://irail.be/stations/NMBS/008822269,IC,2018-05-04T06:11:00,2018-05-04T06:11:00,124,124
http://irail.be/vehicle/IC2004,http://irail.be/stations/NMBS/008822251,IC,2018-05-04T06:12:00,2018-05-04T06:12:00,60,60
http://irail.be/vehicle/IC2004,http://irail.be/stations/NMBS/008822004,IC,2018-05-04T06:18:00,2018-05-04T06:16:00,16,65
http://irail.be/vehicle/IC2004,http://irail.be/stations/NMBS/008822343,IC,2018-05-04T06:21:00,2018-05-04T06:21:00,16,16
http://irail.be/vehicle/IC2004,http://irail.be/stations/NMBS/008822228,IC,2018-05-04T06:23:00,2018-05-04T06:23:00,-45,-45
http://irail.be/vehicle/IC2004,http://irail.be/stations/NMBS/008822210,IC,2018-05-04T06:24:00,2018-05-04T06:24:00,-45,-45
http://irail.be/vehicle/IC2004,http://irail.be/stations/NMBS/008821311,IC,2018-05-04T06:26:00,2018-05-04T06:26:00,-45,-45
http://irail.be/vehicle/IC2004,http://irail.be/stations/NMBS/008821337,IC,2018-05-04T06:27:00,2018-05-04T06:27:00,-46,-46
http://irail.be/vehicle/IC2004,http://irail.be/stations/NMBS/008821238,IC,2018-05-04T06:28:00,2018-05-04T06:28:00,165,165
http://irail.be/vehicle/IC2004,http://irail.be/stations/NMBS/008821154,IC,2018-05-04T06:28:00,2018-05-04T06:28:00,231,231
http://irail.be/vehicle/IC2004,http://irail.be/stations/NMBS/008821121,IC,2018-05-04T06:31:00,2018-05-04T06:30:00,341,303
http://irail.be/vehicle/IC2004,http://irail.be/stations/NMBS/008821006,IC,2018-05-04T06:40:00,2018-05-04T06:35:00,162,272
http://irail.be/vehicle/IC2004,http://irail.be/stations/NMBS/008821063,IC,2018-05-04T06:45:00,2018-05-04T06:45:00,59,59
http://irail.be/vehicle/IC2004,http://irail.be/stations/NMBS/008821089,IC,2018-05-04T06:47:00,2018-05-04T06:47:00,82,82
http://irail.be/vehicle/IC2004,NO-URI,IC,2018-05-04T06:49:00,2018-05-04T06:49:00,,142
http://irail.be/vehicle/IC2004,http://irail.be/stations/NMBS/008814001,IC,2018-01-26T05:50:00,2018-01-26T05:50:00,2,
http://irail.be/vehicle/IC2004,http://irail.be/stations/NMBS/008813037,IC,2018-01-26T05:52:00,2018-01-26T05:52:00,50,50
http://irail.be/vehicle/IC2004,http://irail.be/stations/NMBS/008813003,IC,2018-01-26T05:54:00,2018-01-26T05:53:00,71,57
http://irail.be/vehicle/IC2004,http://irail.be/stations/NMBS/008813045,IC,2018-01-26T05:55:00,2018-01-26T05:55:00,82,82
http://irail.be/vehicle/IC2004,http://irail.be/stations/NMBS/008812005,IC,2018-01-26T06:01:00,2018-01-26T05:58:00,39,76
http://irail.be/vehicle/IC2004,http://irail.be/stations/NMBS/008811007,IC,2018-01-26T06:04:00,2018-01-26T06:04:00,2,2
http://irail.be/vehicle/IC2004,http://irail.be/stations/NMBS/008811148,IC,2018-01-26T06:07:00,2018-01-26T06:07:00,-11,-11
http://irail.be/vehicle/IC2004,http://irail.be/stations/NMBS/008811189,IC,2018-01-26T06:08:00,2018-01-26T06:08:00,-11,-11
http://irail.be/vehicle/IC2004,http://irail.be/stations/NMBS/008822269,IC,2018-01-26T06:11:00,2018-01-26T06:11:00,-12,-12
http://irail.be/vehicle/IC2004,http://irail.be/stations/NMBS/008822251,IC,2018-01-26T06:12:00,2018-01-26T06:12:00,-70,-70
http://irail.be/vehicle/IC2004,http://irail.be/stations/NMBS/008822004,IC,2018-01-26T06:18:00,2018-01-26T06:16:00,2,-102
http://irail.be/vehicle/IC2004,http://irail.be/stations/NMBS/008822343,IC,2018-01-26T06:20:00,2018-01-26T06:20:00,2,2
http://irail.be/vehicle/IC2004,http://irail.be/stations/NMBS/008822228,IC,2018-01-26T06:23:00,2018-01-26T06:23:00,-73,-73
http://irail.be/vehicle/IC2004,http://irail.be/stations/NMBS/008822210,IC,2018-01-26T06:24:00,2018-01-26T06:24:00,-73,-73
http://irail.be/vehicle/IC2004,http://irail.be/stations/NMBS/008821311,IC,2018-01-26T06:26:00,2018-01-26T06:26:00,-73,-73
http://irail.be/vehicle/IC2004,http://irail.be/stations/NMBS/008821337,IC,2018-01-26T06:27:00,2018-01-26T06:27:00,-79,-79
http://irail.be/vehicle/IC2004,http://irail.be/stations/NMBS/008821238,IC,2018-01-26T06:28:00,2018-01-26T06:28:00,-85,-85
http://irail.be/vehicle/IC2004,http://irail.be/stations/NMBS/008821154,IC,2018-01-26T06:29:00,2018-01-26T06:29:00,-98,-98
http://irail.be/vehicle/IC2004,http://irail.be/stations/NMBS/008821121,IC,2018-01-26T06:31:00,2018-01-26T06:30:00,26,-45
http://irail.be/vehicle/IC2004,http://irail.be/stations/NMBS/008821006,IC,2018-01-26T06:39:00,2018-01-26T06:35:00,-4,-13
http://irail.be/vehicle/IC2004,http://irail.be/stations/NMBS/008821063,IC,2018-01-26T06:43:00,2018-01-26T06:43:00,-67,-67
http://irail.be/vehicle/IC2004,http://irail.be/stations/NMBS/008821089,IC,2018-01-26T06:46:00,2018-01-26T06:46:00,78,78
http://irail.be/vehicle/IC2004,NO-URI,IC,2018-01-26T06:49:00,2018-01-26T06:49:00,,85
http://irail.be/vehicle/IC2004,http://irail.be/stations/NMBS/008814001,IC,2018-05-29T05:50:00,2018-05-29T05:50:00,-16,
http://irail.be/vehicle/IC2004,http://irail.be/stations/NMBS/008813037,IC,2018-05-29T05:52:00,2018-05-29T05:52:00,27,27
http://irail.be/vehicle/IC2004,http://irail.be/stations/NMBS/008813003,IC,2018-05-29T05:54:00,2018-05-29T05:53:00,75,36
http://irail.be/vehicle/IC2004,http://irail.be/stations/NMBS/008813045,IC,2018-05-29T05:55:00,2018-05-29T05:55:00,81,81
http://irail.be/vehicle/IC2004,http://irail.be/stations/NMBS/008812005,IC,2018-05-29T06:01:00,2018-05-29T05:58:00,37,69
http://irail.be/vehicle/IC2004,http://irail.be/stations/NMBS/008811007,IC,2018-05-29T06:04:00,2018-05-29T06:04:00,-17,-17
http://irail.be/vehicle/IC2004,http://irail.be/stations/NMBS/008811148,IC,2018-05-29T06:07:00,2018-05-29T06:07:00,-25,-25
http://irail.be/vehicle/IC2004,http://irail.be/stations/NMBS/008811189,IC,2018-05-29T06:08:00,2018-05-29T06:08:00,-25,-25
http://irail.be/vehicle/IC2004,http://irail.be/stations/NMBS/008822269,IC,2018-05-29T06:11:00,2018-05-29T06:11:00,1,1
http://irail.be/vehicle/IC2004,http://irail.be/stations/NMBS/008822251,IC,2018-05-29T06:12:00,2018-05-29T06:12:00,-41,-41
http://irail.be/vehicle/IC2004,http://irail.be/stations/NMBS/008822004,IC,2018-05-29T06:18:00,2018-05-29T06:16:00,-22,-79
http://irail.be/vehicle/IC2004,http://irail.be/stations/NMBS/008822343,IC,2018-05-29T06:21:00,2018-05-29T06:21:00,-22,-22
http://irail.be/vehicle/IC2004,http://irail.be/stations/NMBS/008822228,IC,2018-05-29T06:23:00,2018-05-29T06:23:00,-75,-75
http://irail.be/vehicle/IC2004,http://irail.be/stations/NMBS/008822210,IC,2018-05-29T06:24:00,2018-05-29T06:24:00,-75,-75
http://irail.be/vehicle/IC2004,http://irail.be/stations/NMBS/008821311,IC,2018-05-29T06:26:00,2018-05-29T06:26:00,-72,-72
http://irail.be/vehicle/IC2004,http://irail.be/stations/NMBS/008821337,IC,2018-05-29T06:27:00,2018-05-29T06:27:00,-76,-76
http://irail.be/vehicle/IC2004,http://irail.be/stations/NMBS/008821238,IC,2018-05-29T06:28:00,2018-05-29T06:28:00,-80,-80
http://irail.be/vehicle/IC2004,http://irail.be/stations/NMBS/008821154,IC,2018-05-29T06:28:00,2018-05-29T06:28:00,-45,-45
http://irail.be/vehicle/IC2004,http://irail.be/stations/NMBS/008821121,IC,2018-05-29T06:31:00,2018-05-29T06:30:00,16,-46
http://irail.be/vehicle/IC2004,http://irail.be/stations/NMBS/008821006,IC,2018-05-29T06:40:00,2018-05-29T06:35:00,-64,-40
http://irail.be/vehicle/IC2004,http://irail.be/stations/NMBS/008821063,IC,2018-05-29T06:45:00,2018-05-29T06:45:00,-166,-166
http://irail.be/vehicle/IC2004,http://irail.be/stations/NMBS/008821089,IC,2018-05-29T06:47:00,2018-05-29T06:47:00,-78,-78
http://irail.be/vehicle/IC2004,NO-URI,IC,2018-05-29T06:49:00,2018-05-29T06:49:00,,-3
http://irail.be/vehicle/IC2004,http://irail.be/stations/NMBS/008814001,IC,2018-01-23T05:50:00,2018-01-23T05:50:00,17,
http://irail.be/vehicle/IC2004,http://irail.be/stations/NMBS/008813037,IC,2018-01-23T05:52:00,2018-01-23T05:52:00,66,66
http://irail.be/vehicle/IC2004,http://irail.be/stations/NMBS/008813003,IC,2018-01-23T05:54:00,2018-01-23T05:53:00,135,79
http://irail.be/vehicle/IC2004,http://irail.be/stations/NMBS/008813045,IC,2018-01-23T05:55:00,2018-01-23T05:55:00,148,148
http://irail.be/vehicle/IC2004,http://irail.be/stations/NMBS/008812005,IC,2018-01-23T06:01:00,2018-01-23T05:58:00,36,145
http://irail.be/vehicle/IC2004,http://irail.be/stations/NMBS/008811007,IC,2018-01-23T06:04:00,2018-01-23T06:04:00,60,60
http://irail.be/vehicle/IC2004,http://irail.be/stations/NMBS/008811148,IC,2018-01-23T06:07:00,2018-01-23T06:07:00,57,57
http://irail.be/vehicle/IC2004,http://irail.be/stations/NMBS/008811189,IC,2018-01-23T06:08:00,2018-01-23T06:08:00,57,57
http://irail.be/vehicle/IC2004,http://irail.be/stations/NMBS/008822269,IC,2018-01-23T06:11:00,2018-01-23T06:11:00,60,60
http://irail.be/vehicle/IC2004,http://irail.be/stations/NMBS/008822251,IC,2018-01-23T06:12:00,2018-01-23T06:12:00,2,2
http://irail.be/vehicle/IC2004,http://irail.be/stations/NMBS/008822004,IC,2018-01-23T06:18:00,2018-01-23T06:16:00,1,-48
http://irail.be/vehicle/IC2004,http://irail.be/stations/NMBS/008822343,IC,2018-01-23T06:20:00,2018-01-23T06:20:00,1,1
http://irail.be/vehicle/IC2004,http://irail.be/stations/NMBS/008822228,IC,2018-01-23T06:23:00,2018-01-23T06:23:00,-35,-35
http://irail.be/vehicle/IC2004,http://irail.be/stations/NMBS/008822210,IC,2018-01-23T06:24:00,2018-01-23T06:24:00,-35,-35
http://irail.be/vehicle/IC2004,http://irail.be/stations/NMBS/008821311,IC,2018-01-23T06:26:00,2018-01-23T06:26:00,-35,-35
http://irail.be/vehicle/IC2004,http://irail.be/stations/NMBS/008821337,IC,2018-01-23T06:27:00,2018-01-23T06:27:00,-32,-32
http://irail.be/vehicle/IC2004,http://irail.be/stations/NMBS/008821238,IC,2018-01-23T06:28:00,2018-01-23T06:28:00,-34,-34
http://irail.be/vehicle/IC2004,http://irail.be/stations/NMBS/008821154,IC,2018-01-23T06:29:00,2018-01-23T06:29:00,-48,-48
http://irail.be/vehicle/IC2004,http://irail.be/stations/NMBS/008821121,IC,2018-01-23T06:31:00,2018-01-23T06:30:00,91,52
http://irail.be/vehicle/IC2004,http://irail.be/stations/NMBS/008821006,IC,2018-01-23T06:39:00,2018-01-23T06:35:00,34,59
http://irail.be/vehicle/IC2004,http://irail.be/stations/NMBS/008821063,IC,2018-01-23T06:43:00,2018-01-23T06:43:00,-3,-3
http://irail.be/vehicle/IC2004,http://irail.be/stations/NMBS/008821089,IC,2018-01-23T06:46:00,2018-01-23T06:46:00,81,81
http://irail.be/vehicle/IC2004,NO-URI,IC,2018-01-23T06:49:00,2018-01-23T06:49:00,,112
http://irail.be/vehicle/IC2004,http://irail.be/stations/NMBS/008814001,IC,2018-02-07T05:50:00,2018-02-07T05:50:00,43,
http://irail.be/vehicle/IC2004,http://irail.be/stations/NMBS/008813037,IC,2018-02-07T05:52:00,2018-02-07T05:52:00,101,101
http://irail.be/vehicle/IC2004,http://irail.be/stations/NMBS/008813003,IC,2018-02-07T05:54:00,2018-02-07T05:53:00,133,109
http://irail.be/vehicle/IC2004,http://irail.be/stations/NMBS/008813045,IC,2018-02-07T05:56:00,2018-02-07T05:56:00,115,115
http://irail.be/vehicle/IC2004,http://irail.be/stations/NMBS/008812005,IC,2018-02-07T06:01:00,2018-02-07T05:58:00,67,110
http://irail.be/vehicle/IC2004,http://irail.be/stations/NMBS/008811007,IC,2018-02-07T06:04:00,2018-02-07T06:04:00,39,39
http://irail.be/vehicle/IC2004,http://irail.be/stations/NMBS/008811148,IC,2018-02-07T06:07:00,2018-02-07T06:07:00,36,36
http://irail.be/vehicle/IC2004,http://irail.be/stations/NMBS/008811189,IC,2018-02-07T06:08:00,2018-02-07T06:08:00,36,36
http://irail.be/vehicle/IC2004,http://irail.be/stations/NMBS/008822269,IC,2018-02-07T06:11:00,2018-02-07T06:11:00,35,35
http://irail.be/vehicle/IC2004,http://irail.be/stations/NMBS/008822251,IC,2018-02-07T06:12:00,2018-02-07T06:12:00,-19,-19
http://irail.be/vehicle/IC2004,http://irail.be/stations/NMBS/008822004,IC,2018-02-07T06:18:00,2018-02-07T06:16:00,-6,-53
http://irail.be/vehicle/IC2004,http://irail.be/stations/NMBS/008822343,IC,2018-02-07T06:21:00,2018-02-07T06:21:00,-6,-6
http://irail.be/vehicle/IC2004,http://irail.be/stations/NMBS/008822228,IC,2018-02-07T06:23:00,2018-02-07T06:23:00,-33,-33
http://irail.be/vehicle/IC2004,http://irail.be/stations/NMBS/008822210,IC,2018-02-07T06:24:00,2018-02-07T06:24:00,-33,-33
http://irail.be/vehicle/IC2004,http://irail.be/stations/NMBS/008821311,IC,2018-02-07T06:26:00,2018-02-07T06:26:00,-33,-33
http://irail.be/vehicle/IC2004,http://irail.be/stations/NMBS/008821337,IC,2018-02-07T06:27:00,2018-02-07T06:27:00,-38,-38
http://irail.be/vehicle/IC2004,http://irail.be/stations/NMBS/008821238,IC,2018-02-07T06:28:00,2018-02-07T06:28:00,-44,-44
http://irail.be/vehicle/IC2004,http://irail.be/stations/NMBS/008821154,IC,2018-02-07T06:28:00,2018-02-07T06:28:00,-8,-8
http://irail.be/vehicle/IC2004,http://irail.be/stations/NMBS/008821121,IC,2018-02-07T06:31:00,2018-02-07T06:30:00,64,-15
http://irail.be/vehicle/IC2004,http://irail.be/stations/NMBS/008821006,IC,2018-02-07T06:39:00,2018-02-07T06:35:00,30,18
http://irail.be/vehicle/IC2004,http://irail.be/stations/NMBS/008821063,IC,2018-02-07T06:43:00,2018-02-07T06:43:00,-9,-9
http://irail.be/vehicle/IC2004,http://irail.be/stations/NMBS/008821089,IC,2018-02-07T06:46:00,2018-02-07T06:46:00,17,17
http://irail.be/vehicle/IC2004,NO-URI,IC,2018-02-07T06:49:00,2018-02-07T06:49:00,,26
http://irail.be/vehicle/IC2004,http://irail.be/stations/NMBS/008814001,IC,2018-11-06T05:50:00,2018-11-06T05:50:00,47,
http://irail.be/vehicle/IC2004,http://irail.be/stations/NMBS/008813037,IC,2018-11-06T05:52:00,2018-11-06T05:52:00,123,123
http://irail.be/vehicle/IC2004,http://irail.be/stations/NMBS/008813003,IC,2018-11-06T05:54:00,2018-11-06T05:53:00,149,139
http://irail.be/vehicle/IC2004,http://irail.be/stations/NMBS/008813045,IC,2018-11-06T05:56:00,2018-11-06T05:56:00,144,144
http://irail.be/vehicle/IC2004,http://irail.be/stations/NMBS/008812005,IC,2018-11-06T06:02:00,2018-11-06T05:58:00,51,155
http://irail.be/vehicle/IC2004,http://irail.be/stations/NMBS/008811007,IC,2018-11-06T06:05:00,2018-11-06T06:05:00,40,40
http://irail.be/vehicle/IC2004,http://irail.be/stations/NMBS/008811148,IC,2018-11-06T06:08:00,2018-11-06T06:08:00,37,37
http://irail.be/vehicle/IC2004,http://irail.be/stations/NMBS/008811189,IC,2018-11-06T06:09:00,2018-11-06T06:09:00,37,37
http://irail.be/vehicle/IC2004,http://irail.be/stations/NMBS/008822269,IC,2018-11-06T06:11:00,2018-11-06T06:11:00,37,37
http://irail.be/vehicle/IC2004,http://irail.be/stations/NMBS/008822251,IC,2018-11-06T06:12:00,2018-11-06T06:12:00,45,45
http://irail.be/vehicle/IC2004,http://irail.be/stations/NMBS/008822004,IC,2018-11-06T06:18:00,2018-11-06T06:16:00,3,25
http://irail.be/vehicle/IC2004,http://irail.be/stations/NMBS/008822343,IC,2018-11-06T06:21:00,2018-11-06T06:21:00,3,3
http://irail.be/vehicle/IC2004,http://irail.be/stations/NMBS/008822228,IC,2018-11-06T06:23:00,2018-11-06T06:23:00,14,14
http://irail.be/vehicle/IC2004,http://irail.be/stations/NMBS/008822210,IC,2018-11-06T06:24:00,2018-11-06T06:24:00,14,14
http://irail.be/vehicle/IC2004,http://irail.be/stations/NMBS/008821311,IC,2018-11-06T06:26:00,2018-11-06T06:26:00,13,13
http://irail.be/vehicle/IC2004,http://irail.be/stations/NMBS/008821337,IC,2018-11-06T06:27:00,2018-11-06T06:27:00,20,20
http://irail.be/vehicle/IC2004,http://irail.be/stations/NMBS/008821238,IC,2018-11-06T06:28:00,2018-11-06T06:28:00,16,16
http://irail.be/vehicle/IC2004,http://irail.be/stations/NMBS/008821154,IC,2018-11-06T06:28:00,2018-11-06T06:28:00,57,57
http://irail.be/vehicle/IC2004,http://irail.be/stations/NMBS/008821121,IC,2018-11-06T06:32:00,2018-11-06T06:30:00,80,69
http://irail.be/vehicle/IC2004,http://irail.be/stations/NMBS/008821006,IC,2018-11-06T06:39:00,2018-11-06T06:36:00,45,81
http://irail.be/vehicle/IC2004,http://irail.be/stations/NMBS/008821063,IC,2018-11-06T06:44:00,2018-11-06T06:43:00,86,86
http://irail.be/vehicle/IC2004,http://irail.be/stations/NMBS/008821089,IC,2018-11-06T06:51:00,2018-11-06T06:47:00,37,267
http://irail.be/vehicle/IC2004,NO-URI,IC,2018-11-06T06:54:00,2018-11-06T06:54:00,,37
http://irail.be/vehicle/IC2004,http://irail.be/stations/NMBS/008814001,IC,2018-11-26T05:50:00,2018-11-26T05:50:00,-15,
http://irail.be/vehicle/IC2004,http://irail.be/stations/NMBS/008813037,IC,2018-11-26T05:52:00,2018-11-26T05:52:00,35,35
http://irail.be/vehicle/IC2004,http://irail.be/stations/NMBS/008813003,IC,2018-11-26T05:54:00,2018-11-26T05:53:00,68,39
http://irail.be/vehicle/IC2004,http://irail.be/stations/NMBS/008813045,IC,2018-11-26T05:56:00,2018-11-26T05:56:00,48,48
http://irail.be/vehicle/IC2004,http://irail.be/stations/NMBS/008812005,IC,2018-11-26T06:02:00,2018-11-26T05:58:00,30,42
http://irail.be/vehicle/IC2004,http://irail.be/stations/NMBS/008811007,IC,2018-11-26T06:05:00,2018-11-26T06:05:00,-5,-5
http://irail.be/vehicle/IC2004,http://irail.be/stations/NMBS/008811148,IC,2018-11-26T06:08:00,2018-11-26T06:08:00,-13,-13
http://irail.be/vehicle/IC2004,http://irail.be/stations/NMBS/008811189,IC,2018-11-26T06:09:00,2018-11-26T06:09:00,-13,-13
http://irail.be/vehicle/IC2004,http://irail.be/stations/NMBS/008822269,IC,2018-11-26T06:11:00,2018-11-26T06:11:00,-7,-7
http://irail.be/vehicle/IC2004,http://irail.be/stations/NMBS/008822251,IC,2018-11-26T06:12:00,2018-11-26T06:12:00,5,5
http://irail.be/vehicle/IC2004,http://irail.be/stations/NMBS/008822004,IC,2018-11-26T06:18:00,2018-11-26T06:16:00,0,-41
http://irail.be/vehicle/IC2004,http://irail.be/stations/NMBS/008822343,IC,2018-11-26T06:21:00,2018-11-26T06:21:00,0,0
http://irail.be/vehicle/IC2004,http://irail.be/stations/NMBS/008822228,IC,2018-11-26T06:23:00,2018-11-26T06:23:00,-19,-19
http://irail.be/vehicle/IC2004,http://irail.be/stations/NMBS/008822210,IC,2018-11-26T06:24:00,2018-11-26T06:24:00,-19,-19
http://irail.be/vehicle/IC2004,http://irail.be/stations/NMBS/008821311,IC,2018-11-26T06:26:00,2018-11-26T06:26:00,-25,-25
http://irail.be/vehicle/IC2004,http://irail.be/stations/NMBS/008821337,IC,2018-11-26T06:27:00,2018-11-26T06:27:00,-29,-29
http://irail.be/vehicle/IC2004,http://irail.be/stations/NMBS/008821238,IC,2018-11-26T06:28:00,2018-11-26T06:28:00,-35,-35
http://irail.be/vehicle/IC2004,http://irail.be/stations/NMBS/008821154,IC,2018-11-26T06:28:00,2018-11-26T06:28:00,1,1
http://irail.be/vehicle/IC2004,http://irail.be/stations/NMBS/008821121,IC,2018-11-26T06:32:00,2018-11-26T06:30:00,29,5
http://irail.be/vehicle/IC2004,http://irail.be/stations/NMBS/008821006,IC,2018-11-26T06:39:00,2018-11-26T06:36:00,20,-8
http://irail.be/vehicle/IC2004,http://irail.be/stations/NMBS/008821063,IC,2018-11-26T06:44:00,2018-11-26T06:43:00,-89,-89
http://irail.be/vehicle/IC2004,http://irail.be/stations/NMBS/008821089,IC,2018-11-26T06:51:00,2018-11-26T06:47:00,-103,87
http://irail.be/vehicle/IC2004,NO-URI,IC,2018-11-26T06:54:00,2018-11-26T06:54:00,,-103
http://irail.be/vehicle/IC2004,http://irail.be/stations/NMBS/008814001,IC,2018-05-17T05:50:00,2018-05-17T05:50:00,-14,
http://irail.be/vehicle/IC2004,http://irail.be/stations/NMBS/008813037,IC,2018-05-17T05:52:00,2018-05-17T05:52:00,37,37
http://irail.be/vehicle/IC2004,http://irail.be/stations/NMBS/008813003,IC,2018-05-17T05:54:00,2018-05-17T05:53:00,58,47
http://irail.be/vehicle/IC2004,http://irail.be/stations/NMBS/008813045,IC,2018-05-17T05:55:00,2018-05-17T05:55:00,74,74
http://irail.be/vehicle/IC2004,http://irail.be/stations/NMBS/008812005,IC,2018-05-17T06:01:00,2018-05-17T05:58:00,35,75
http://irail.be/vehicle/IC2004,http://irail.be/stations/NMBS/008811007,IC,2018-05-17T06:04:00,2018-05-17T06:04:00,5,5
http://irail.be/vehicle/IC2004,http://irail.be/stations/NMBS/008811148,IC,2018-05-17T06:07:00,2018-05-17T06:07:00,11,11
http://irail.be/vehicle/IC2004,http://irail.be/stations/NMBS/008811189,IC,2018-05-17T06:08:00,2018-05-17T06:08:00,11,11
http://irail.be/vehicle/IC2004,http://irail.be/stations/NMBS/008822269,IC,2018-05-17T06:11:00,2018-05-17T06:11:00,14,14
http://irail.be/vehicle/IC2004,http://irail.be/stations/NMBS/008822251,IC,2018-05-17T06:12:00,2018-05-17T06:12:00,-34,-34
http://irail.be/vehicle/IC2004,http://irail.be/stations/NMBS/008822004,IC,2018-05-17T06:18:00,2018-05-17T06:16:00,-18,-1
http://irail.be/vehicle/IC2004,http://irail.be/stations/NMBS/008822343,IC,2018-05-17T06:21:00,2018-05-17T06:21:00,-18,-18
http://irail.be/vehicle/IC2004,http://irail.be/stations/NMBS/008822228,IC,2018-05-17T06:23:00,2018-05-17T06:23:00,-42,-42
http://irail.be/vehicle/IC2004,http://irail.be/stations/NMBS/008822210,IC,2018-05-17T06:24:00,2018-05-17T06:24:00,-42,-42
http://irail.be/vehicle/IC2004,http://irail.be/stations/NMBS/008821311,IC,2018-05-17T06:26:00,2018-05-17T06:26:00,-42,-42
http://irail.be/vehicle/IC2004,http://irail.be/stations/NMBS/008821337,IC,2018-05-17T06:27:00,2018-05-17T06:27:00,-37,-37
http://irail.be/vehicle/IC2004,http://irail.be/stations/NMBS/008821238,IC,2018-05-17T06:28:00,2018-05-17T06:28:00,-38,-38
http://irail.be/vehicle/IC2004,http://irail.be/stations/NMBS/008821154,IC,2018-05-17T06:28:00,2018-05-17T06:28:00,1,1
http://irail.be/vehicle/IC2004,http://irail.be/stations/NMBS/008821121,IC,2018-05-17T06:31:00,2018-05-17T06:30:00,38,11
http://irail.be/vehicle/IC2004,http://irail.be/stations/NMBS/008821006,IC,2018-05-17T06:40:00,2018-05-17T06:35:00,33,-16
http://irail.be/vehicle/IC2004,http://irail.be/stations/NMBS/008821063,IC,2018-05-17T06:45:00,2018-05-17T06:45:00,-46,-46
http://irail.be/vehicle/IC2004,http://irail.be/stations/NMBS/008821089,IC,2018-05-17T06:47:00,2018-05-17T06:47:00,1,1
http://irail.be/vehicle/IC2004,NO-URI,IC,2018-05-17T06:49:00,2018-05-17T06:49:00,,72
http://irail.be/vehicle/IC2004,http://irail.be/stations/NMBS/008814001,IC,2018-12-07T05:50:00,2018-12-07T05:50:00,609,
http://irail.be/vehicle/IC2004,http://irail.be/stations/NMBS/008813037,IC,2018-12-07T05:52:00,2018-12-07T05:52:00,741,741
http://irail.be/vehicle/IC2004,http://irail.be/stations/NMBS/008813003,IC,2018-12-07T05:54:00,2018-12-07T05:53:00,801,805
http://irail.be/vehicle/IC2004,http://irail.be/stations/NMBS/008813045,IC,2018-12-07T05:56:00,2018-12-07T05:56:00,773,773
http://irail.be/vehicle/IC2004,http://irail.be/stations/NMBS/008812005,IC,2018-12-07T06:02:00,2018-12-07T05:58:00,597,766
http://irail.be/vehicle/IC2004,http://irail.be/stations/NMBS/008811007,IC,2018-12-07T06:05:00,2018-12-07T06:05:00,537,537
http://irail.be/vehicle/IC2004,http://irail.be/stations/NMBS/008811148,IC,2018-12-07T06:08:00,2018-12-07T06:08:00,729,729
http://irail.be/vehicle/IC2004,http://irail.be/stations/NMBS/008811189,IC,2018-12-07T06:09:00,2018-12-07T06:09:00,729,729
http://irail.be/vehicle/IC2004,http://irail.be/stations/NMBS/008822269,IC,2018-12-07T06:11:00,2018-12-07T06:11:00,764,764
http://irail.be/vehicle/IC2004,http://irail.be/stations/NMBS/008822251,IC,2018-12-07T06:12:00,2018-12-07T06:12:00,766,766
http://irail.be/vehicle/IC2004,http://irail.be/stations/NMBS/008822004,IC,2018-12-07T06:18:00,2018-12-07T06:16:00,738,836
http://irail.be/vehicle/IC2004,http://irail.be/stations/NMBS/008822343,IC,2018-12-07T06:21:00,2018-12-07T06:21:00,738,738
http://irail.be/vehicle/IC2004,http://irail.be/stations/NMBS/008822228,IC,2018-12-07T06:23:00,2018-12-07T06:23:00,667,667
http://irail.be/vehicle/IC2004,http://irail.be/stations/NMBS/008822210,IC,2018-12-07T06:24:00,2018-12-07T06:24:00,667,667
http://irail.be/vehicle/IC2004,http://irail.be/stations/NMBS/008821311,IC,2018-12-07T06:26:00,2018-12-07T06:26:00,660,660
http://irail.be/vehicle/IC2004,http://irail.be/stations/NMBS/008821337,IC,2018-12-07T06:27:00,2018-12-07T06:27:00,652,652
http://irail.be/vehicle/IC2004,http://irail.be/stations/NMBS/008821238,IC,2018-12-07T06:28:00,2018-12-07T06:28:00,643,643
http://irail.be/vehicle/IC2004,http://irail.be/stations/NMBS/008821154,IC,2018-12-07T06:28:00,2018-12-07T06:28:00,675,675
http://irail.be/vehicle/IC2004,http://irail.be/stations/NMBS/008821121,IC,2018-12-07T06:32:00,2018-12-07T06:30:00,676,664
http://irail.be/vehicle/IC2004,http://irail.be/stations/NMBS/008821006,IC,2018-12-07T06:36:00,2018-12-07T06:36:00,,667
http://irail.be/vehicle/IC2004,http://irail.be/stations/NMBS/008814001,IC,2018-10-15T05:50:00,2018-10-15T05:50:00,32,
http://irail.be/vehicle/IC2004,http://irail.be/stations/NMBS/008813037,IC,2018-10-15T05:52:00,2018-10-15T05:52:00,85,85
http://irail.be/vehicle/IC2004,http://irail.be/stations/NMBS/008813003,IC,2018-10-15T05:54:00,2018-10-15T05:53:00,107,101
http://irail.be/vehicle/IC2004,http://irail.be/stations/NMBS/008813045,IC,2018-10-15T05:56:00,2018-10-15T05:56:00,90,90
http://irail.be/vehicle/IC2004,http://irail.be/stations/NMBS/008812005,IC,2018-10-15T06:02:00,2018-10-15T05:58:00,29,97
http://irail.be/vehicle/IC2004,http://irail.be/stations/NMBS/008811007,IC,2018-10-15T06:05:00,2018-10-15T06:05:00,-7,-7
http://irail.be/vehicle/IC2004,http://irail.be/stations/NMBS/008811148,IC,2018-10-15T06:08:00,2018-10-15T06:08:00,-15,-15
http://irail.be/vehicle/IC2004,http://irail.be/stations/NMBS/008811189,IC,2018-10-15T06:09:00,2018-10-15T06:09:00,-15,-15
http://irail.be/vehicle/IC2004,http://irail.be/stations/NMBS/008822269,IC,2018-10-15T06:11:00,2018-10-15T06:11:00,-14,-14
http://irail.be/vehicle/IC2004,http://irail.be/stations/NMBS/008822251,IC,2018-10-15T06:12:00,2018-10-15T06:12:00,-17,-17
http://irail.be/vehicle/IC2004,http://irail.be/stations/NMBS/008822004,IC,2018-10-15T06:18:00,2018-10-15T06:16:00,-31,-55
http://irail.be/vehicle/IC2004,http://irail.be/stations/NMBS/008822343,IC,2018-10-15T06:21:00,2018-10-15T06:21:00,-31,-31
http://irail.be/vehicle/IC2004,http://irail.be/stations/NMBS/008822228,IC,2018-10-15T06:23:00,2018-10-15T06:23:00,-82,-82
http://irail.be/vehicle/IC2004,http://irail.be/stations/NMBS/008822210,IC,2018-10-15T06:24:00,2018-10-15T06:24:00,-82,-82
http://irail.be/vehicle/IC2004,http://irail.be/stations/NMBS/008821311,IC,2018-10-15T06:26:00,2018-10-15T06:26:00,-75,-75
http://irail.be/vehicle/IC2004,http://irail.be/stations/NMBS/008821337,IC,2018-10-15T06:27:00,2018-10-15T06:27:00,-79,-79
http://irail.be/vehicle/IC2004,http://irail.be/stations/NMBS/008821238,IC,2018-10-15T06:28:00,2018-10-15T06:28:00,-86,-86
http://irail.be/vehicle/IC2004,http://irail.be/stations/NMBS/008821154,IC,2018-10-15T06:28:00,2018-10-15T06:28:00,-54,-54
http://irail.be/vehicle/IC2004,http://irail.be/stations/NMBS/008821121,IC,2018-10-15T06:32:00,2018-10-15T06:30:00,25,-43
http://irail.be/vehicle/IC2004,http://irail.be/stations/NMBS/008821006,IC,2018-10-15T06:39:00,2018-10-15T06:36:00,-2,8
http://irail.be/vehicle/IC2004,http://irail.be/stations/NMBS/008821063,IC,2018-10-15T06:44:00,2018-10-15T06:43:00,-68,-68
http://irail.be/vehicle/IC2004,http://irail.be/stations/NMBS/008821089,IC,2018-10-15T06:51:00,2018-10-15T06:47:00,-92,121
http://irail.be/vehicle/IC2004,NO-URI,IC,2018-10-15T06:54:00,2018-10-15T06:54:00,,-92
http://irail.be/vehicle/IC2004,http://irail.be/stations/NMBS/008814001,IC,2018-04-24T05:50:00,2018-04-24T05:50:00,9,
http://irail.be/vehicle/IC2004,http://irail.be/stations/NMBS/008813037,IC,2018-04-24T05:52:00,2018-04-24T05:52:00,62,62
http://irail.be/vehicle/IC2004,http://irail.be/stations/NMBS/008813003,IC,2018-04-24T05:54:00,2018-04-24T05:53:00,91,67
http://irail.be/vehicle/IC2004,http://irail.be/stations/NMBS/008813045,IC,2018-04-24T05:55:00,2018-04-24T05:55:00,104,104
http://irail.be/vehicle/IC2004,http://irail.be/stations/NMBS/008812005,IC,2018-04-24T06:01:00,2018-04-24T05:58:00,44,103
http://irail.be/vehicle/IC2004,http://irail.be/stations/NMBS/008811007,IC,2018-04-24T06:04:00,2018-04-24T06:04:00,-17,-17
http://irail.be/vehicle/IC2004,http://irail.be/stations/NMBS/008811148,IC,2018-04-24T06:07:00,2018-04-24T06:07:00,-31,-31
http://irail.be/vehicle/IC2004,http://irail.be/stations/NMBS/008811189,IC,2018-04-24T06:08:00,2018-04-24T06:08:00,-31,-31
http://irail.be/vehicle/IC2004,http://irail.be/stations/NMBS/008822269,IC,2018-04-24T06:11:00,2018-04-24T06:11:00,-31,-31
http://irail.be/vehicle/IC2004,http://irail.be/stations/NMBS/008822251,IC,2018-04-24T06:12:00,2018-04-24T06:12:00,-85,-85
http://irail.be/vehicle/IC2004,http://irail.be/stations/NMBS/008822004,IC,2018-04-24T06:18:00,2018-04-24T06:16:00,-7,-78
http://irail.be/vehicle/IC2004,http://irail.be/stations/NMBS/008822343,IC,2018-04-24T06:21:00,2018-04-24T06:21:00,-7,-7
http://irail.be/vehicle/IC2004,http://irail.be/stations/NMBS/008822228,IC,2018-04-24T06:23:00,2018-04-24T06:23:00,-61,-61
http://irail.be/vehicle/IC2004,http://irail.be/stations/NMBS/008822210,IC,2018-04-24T06:24:00,2018-04-24T06:24:00,-61,-61
http://irail.be/vehicle/IC2004,http://irail.be/stations/NMBS/008821311,IC,2018-04-24T06:26:00,2018-04-24T06:26:00,-61,-61
http://irail.be/vehicle/IC2004,http://irail.be/stations/NMBS/008821337,IC,2018-04-24T06:27:00,2018-04-24T06:27:00,-55,-55
http://irail.be/vehicle/IC2004,http://irail.be/stations/NMBS/008821238,IC,2018-04-24T06:28:00,2018-04-24T06:28:00,-52,-52
http://irail.be/vehicle/IC2004,http://irail.be/stations/NMBS/008821154,IC,2018-04-24T06:28:00,2018-04-24T06:28:00,-12,-12
http://irail.be/vehicle/IC2004,http://irail.be/stations/NMBS/008821121,IC,2018-04-24T06:31:00,2018-04-24T06:30:00,47,5
http://irail.be/vehicle/IC2004,http://irail.be/stations/NMBS/008821006,IC,2018-04-24T06:40:00,2018-04-24T06:35:00,-68,2
http://irail.be/vehicle/IC2004,http://irail.be/stations/NMBS/008821063,IC,2018-04-24T06:45:00,2018-04-24T06:45:00,-180,-180
http://irail.be/vehicle/IC2004,http://irail.be/stations/NMBS/008821089,IC,2018-04-24T06:47:00,2018-04-24T06:47:00,43,43
http://irail.be/vehicle/IC2004,NO-URI,IC,2018-04-24T06:49:00,2018-04-24T06:49:00,,125
http://irail.be/vehicle/IC2004,http://irail.be/stations/NMBS/008814001,IC,2018-05-22T05:50:00,2018-05-22T05:50:00,2,
http://irail.be/vehicle/IC2004,http://irail.be/stations/NMBS/008813037,IC,2018-05-22T05:52:00,2018-05-22T05:52:00,45,45
http://irail.be/vehicle/IC2004,http://irail.be/stations/NMBS/008813003,IC,2018-05-22T05:54:00,2018-05-22T05:53:00,71,51
http://irail.be/vehicle/IC2004,http://irail.be/stations/NMBS/008813045,IC,2018-05-22T05:55:00,2018-05-22T05:55:00,77,77
http://irail.be/vehicle/IC2004,http://irail.be/stations/NMBS/008812005,IC,2018-05-22T06:01:00,2018-05-22T05:58:00,30,74
http://irail.be/vehicle/IC2004,http://irail.be/stations/NMBS/008811007,IC,2018-05-22T06:04:00,2018-05-22T06:04:00,-13,-13
http://irail.be/vehicle/IC2004,http://irail.be/stations/NMBS/008811148,IC,2018-05-22T06:07:00,2018-05-22T06:07:00,-11,-11
http://irail.be/vehicle/IC2004,http://irail.be/stations/NMBS/008811189,IC,2018-05-22T06:08:00,2018-05-22T06:08:00,-11,-11
http://irail.be/vehicle/IC2004,http://irail.be/stations/NMBS/008822269,IC,2018-05-22T06:11:00,2018-05-22T06:11:00,-7,-7
http://irail.be/vehicle/IC2004,http://irail.be/stations/NMBS/008822251,IC,2018-05-22T06:12:00,2018-05-22T06:12:00,-52,-52
http://irail.be/vehicle/IC2004,http://irail.be/stations/NMBS/008822004,IC,2018-05-22T06:18:00,2018-05-22T06:16:00,-12,-83
http://irail.be/vehicle/IC2004,http://irail.be/stations/NMBS/008822343,IC,2018-05-22T06:21:00,2018-05-22T06:21:00,-12,-12
http://irail.be/vehicle/IC2004,http://irail.be/stations/NMBS/008822228,IC,2018-05-22T06:23:00,2018-05-22T06:23:00,-42,-42
http://irail.be/vehicle/IC2004,http://irail.be/stations/NMBS/008822210,IC,2018-05-22T06:24:00,2018-05-22T06:24:00,-42,-42
http://irail.be/vehicle/IC2004,http://irail.be/stations/NMBS/008821311,IC,2018-05-22T06:26:00,2018-05-22T06:26:00,-42,-42
http://irail.be/vehicle/IC2004,http://irail.be/stations/NMBS/008821337,IC,2018-05-22T06:27:00,2018-05-22T06:27:00,-26,-26
http://irail.be/vehicle/IC2004,http://irail.be/stations/NMBS/008821238,IC,2018-05-22T06:28:00,2018-05-22T06:28:00,-15,-15
http://irail.be/vehicle/IC2004,http://irail.be/stations/NMBS/008821154,IC,2018-05-22T06:28:00,2018-05-22T06:28:00,31,31
http://irail.be/vehicle/IC2004,http://irail.be/stations/NMBS/008821121,IC,2018-05-22T06:31:00,2018-05-22T06:30:00,80,45
http://irail.be/vehicle/IC2004,http://irail.be/stations/NMBS/008821006,IC,2018-05-22T06:40:00,2018-05-22T06:35:00,28,34
http://irail.be/vehicle/IC2004,http://irail.be/stations/NMBS/008821063,IC,2018-05-22T06:45:00,2018-05-22T06:45:00,-63,-63
http://irail.be/vehicle/IC2004,http://irail.be/stations/NMBS/008821089,IC,2018-05-22T06:47:00,2018-05-22T06:47:00,16,16
http://irail.be/vehicle/IC2004,NO-URI,IC,2018-05-22T06:49:00,2018-05-22T06:49:00,,93
http://irail.be/vehicle/IC2004,http://irail.be/stations/NMBS/008814001,IC,2018-08-01T05:50:00,2018-08-01T05:50:00,-3,
http://irail.be/vehicle/IC2004,http://irail.be/stations/NMBS/008813037,IC,2018-08-01T05:52:00,2018-08-01T05:52:00,60,60
http://irail.be/vehicle/IC2004,http://irail.be/stations/NMBS/008813003,IC,2018-08-01T05:54:00,2018-08-01T05:53:00,106,76
http://irail.be/vehicle/IC2004,http://irail.be/stations/NMBS/008813045,IC,2018-08-01T05:55:00,2018-08-01T05:55:00,119,119
http://irail.be/vehicle/IC2004,http://irail.be/stations/NMBS/008812005,IC,2018-08-01T06:01:00,2018-08-01T05:58:00,22,107
http://irail.be/vehicle/IC2004,http://irail.be/stations/NMBS/008811007,IC,2018-08-01T06:04:00,2018-08-01T06:04:00,-19,-19
http://irail.be/vehicle/IC2004,http://irail.be/stations/NMBS/008811148,IC,2018-08-01T06:07:00,2018-08-01T06:07:00,-24,-24
http://irail.be/vehicle/IC2004,http://irail.be/stations/NMBS/008811189,IC,2018-08-01T06:08:00,2018-08-01T06:08:00,-24,-24
http://irail.be/vehicle/IC2004,http://irail.be/stations/NMBS/008822269,IC,2018-08-01T06:11:00,2018-08-01T06:11:00,-24,-24
http://irail.be/vehicle/IC2004,http://irail.be/stations/NMBS/008822251,IC,2018-08-01T06:12:00,2018-08-01T06:12:00,-84,-84
http://irail.be/vehicle/IC2004,http://irail.be/stations/NMBS/008822004,IC,2018-08-01T06:18:00,2018-08-01T06:16:00,-30,-133
http://irail.be/vehicle/IC2004,http://irail.be/stations/NMBS/008822343,IC,2018-08-01T06:21:00,2018-08-01T06:21:00,-30,-30
http://irail.be/vehicle/IC2004,http://irail.be/stations/NMBS/008822228,IC,2018-08-01T06:23:00,2018-08-01T06:23:00,-74,-74
http://irail.be/vehicle/IC2004,http://irail.be/stations/NMBS/008822210,IC,2018-08-01T06:24:00,2018-08-01T06:24:00,-74,-74
http://irail.be/vehicle/IC2004,http://irail.be/stations/NMBS/008821311,IC,2018-08-01T06:26:00,2018-08-01T06:26:00,-76,-76
http://irail.be/vehicle/IC2004,http://irail.be/stations/NMBS/008821337,IC,2018-08-01T06:27:00,2018-08-01T06:27:00,-76,-76
http://irail.be/vehicle/IC2004,http://irail.be/stations/NMBS/008821238,IC,2018-08-01T06:28:00,2018-08-01T06:28:00,-81,-81
http://irail.be/vehicle/IC2004,http://irail.be/stations/NMBS/008821154,IC,2018-08-01T06:28:00,2018-08-01T06:28:00,-46,-46
http://irail.be/vehicle/IC2004,http://irail.be/stations/NMBS/008821121,IC,2018-08-01T06:31:00,2018-08-01T06:30:00,4,-45
http://irail.be/vehicle/IC2004,http://irail.be/stations/NMBS/008821006,IC,2018-08-01T06:39:00,2018-08-01T06:35:00,8,-31
http://irail.be/vehicle/IC2004,http://irail.be/stations/NMBS/008821063,IC,2018-08-01T06:44:00,2018-08-01T06:43:00,-59,-59
http://irail.be/vehicle/IC2004,http://irail.be/stations/NMBS/008821089,IC,2018-08-01T06:51:00,2018-08-01T06:47:00,-37,102
http://irail.be/vehicle/IC2004,NO-URI,IC,2018-08-01T06:54:00,2018-08-01T06:54:00,,-37
http://irail.be/vehicle/IC2004,http://irail.be/stations/NMBS/008814001,IC,2018-06-07T05:50:00,2018-06-07T05:50:00,-1,
http://irail.be/vehicle/IC2004,http://irail.be/stations/NMBS/008813037,IC,2018-06-07T05:52:00,2018-06-07T05:52:00,46,46
http://irail.be/vehicle/IC2004,http://irail.be/stations/NMBS/008813003,IC,2018-06-07T05:54:00,2018-06-07T05:53:00,61,51
http://irail.be/vehicle/IC2004,http://irail.be/stations/NMBS/008813045,IC,2018-06-07T05:55:00,2018-06-07T05:55:00,72,72
http://irail.be/vehicle/IC2004,http://irail.be/stations/NMBS/008812005,IC,2018-06-07T06:01:00,2018-06-07T05:58:00,44,60
http://irail.be/vehicle/IC2004,http://irail.be/stations/NMBS/008811007,IC,2018-06-07T06:04:00,2018-06-07T06:04:00,6,6
http://irail.be/vehicle/IC2004,http://irail.be/stations/NMBS/008811148,IC,2018-06-07T06:07:00,2018-06-07T06:07:00,6,6
http://irail.be/vehicle/IC2004,http://irail.be/stations/NMBS/008811189,IC,2018-06-07T06:08:00,2018-06-07T06:08:00,6,6
http://irail.be/vehicle/IC2004,http://irail.be/stations/NMBS/008822269,IC,2018-06-07T06:11:00,2018-06-07T06:11:00,33,33
http://irail.be/vehicle/IC2004,http://irail.be/stations/NMBS/008822251,IC,2018-06-07T06:12:00,2018-06-07T06:12:00,12,12
http://irail.be/vehicle/IC2004,http://irail.be/stations/NMBS/008822004,IC,2018-06-07T06:18:00,2018-06-07T06:16:00,3,-11
http://irail.be/vehicle/IC2004,http://irail.be/stations/NMBS/008822343,IC,2018-06-07T06:21:00,2018-06-07T06:21:00,3,3
http://irail.be/vehicle/IC2004,http://irail.be/stations/NMBS/008822228,IC,2018-06-07T06:23:00,2018-06-07T06:23:00,-19,-19
http://irail.be/vehicle/IC2004,http://irail.be/stations/NMBS/008822210,IC,2018-06-07T06:24:00,2018-06-07T06:24:00,-19,-19
http://irail.be/vehicle/IC2004,http://irail.be/stations/NMBS/008821311,IC,2018-06-07T06:26:00,2018-06-07T06:26:00,-5,-5
http://irail.be/vehicle/IC2004,http://irail.be/stations/NMBS/008821337,IC,2018-06-07T06:27:00,2018-06-07T06:27:00,2,2
http://irail.be/vehicle/IC2004,http://irail.be/stations/NMBS/008821238,IC,2018-06-07T06:28:00,2018-06-07T06:28:00,8,8
http://irail.be/vehicle/IC2004,http://irail.be/stations/NMBS/008821154,IC,2018-06-07T06:28:00,2018-06-07T06:28:00,52,52
http://irail.be/vehicle/IC2004,http://irail.be/stations/NMBS/008821121,IC,2018-06-07T06:31:00,2018-06-07T06:30:00,103,63
http://irail.be/vehicle/IC2004,http://irail.be/stations/NMBS/008821006,IC,2018-06-07T06:40:00,2018-06-07T06:35:00,-26,67
http://irail.be/vehicle/IC2004,http://irail.be/stations/NMBS/008821063,IC,2018-06-07T06:45:00,2018-06-07T06:45:00,-116,-116
http://irail.be/vehicle/IC2004,http://irail.be/stations/NMBS/008821089,IC,2018-06-07T06:47:00,2018-06-07T06:47:00,-69,-69
http://irail.be/vehicle/IC2004,NO-URI,IC,2018-06-07T06:49:00,2018-06-07T06:49:00,,3
http://irail.be/vehicle/IC2004,http://irail.be/stations/NMBS/008814001,IC,2018-12-12T05:49:00,2018-12-12T05:49:00,-20,
http://irail.be/vehicle/IC2004,http://irail.be/stations/NMBS/008813037,IC,2018-12-12T05:51:00,2018-12-12T05:51:00,-2,-2
http://irail.be/vehicle/IC2004,http://irail.be/stations/NMBS/008813003,IC,2018-12-12T05:54:00,2018-12-12T05:53:00,13,-16
http://irail.be/vehicle/IC2004,http://irail.be/stations/NMBS/008813045,IC,2018-12-12T05:55:00,2018-12-12T05:55:00,28,28
http://irail.be/vehicle/IC2004,http://irail.be/stations/NMBS/008812005,IC,2018-12-12T06:02:00,2018-12-12T05:58:00,24,22
http://irail.be/vehicle/IC2004,http://irail.be/stations/NMBS/008811007,IC,2018-12-12T06:05:00,2018-12-12T06:05:00,17,17
http://irail.be/vehicle/IC2004,http://irail.be/stations/NMBS/008811148,IC,2018-12-12T06:08:00,2018-12-12T06:08:00,1,1
http://irail.be/vehicle/IC2004,http://irail.be/stations/NMBS/008811189,IC,2018-12-12T06:09:00,2018-12-12T06:09:00,1,1
http://irail.be/vehicle/IC2004,http://irail.be/stations/NMBS/008822269,IC,2018-12-12T06:11:00,2018-12-12T06:11:00,3,3
http://irail.be/vehicle/IC2004,http://irail.be/stations/NMBS/008822251,IC,2018-12-12T06:12:00,2018-12-12T06:12:00,-11,-11
http://irail.be/vehicle/IC2004,http://irail.be/stations/NMBS/008822004,IC,2018-12-12T06:18:00,2018-12-12T06:16:00,-27,59
http://irail.be/vehicle/IC2004,http://irail.be/stations/NMBS/008822343,IC,2018-12-12T06:21:00,2018-12-12T06:21:00,-27,-27
http://irail.be/vehicle/IC2004,http://irail.be/stations/NMBS/008822228,IC,2018-12-12T06:23:00,2018-12-12T06:23:00,-85,-85
http://irail.be/vehicle/IC2004,http://irail.be/stations/NMBS/008822210,IC,2018-12-12T06:24:00,2018-12-12T06:24:00,-85,-85
http://irail.be/vehicle/IC2004,http://irail.be/stations/NMBS/008821311,IC,2018-12-12T06:26:00,2018-12-12T06:26:00,-75,-75
http://irail.be/vehicle/IC2004,http://irail.be/stations/NMBS/008821337,IC,2018-12-12T06:27:00,2018-12-12T06:27:00,-56,-56
http://irail.be/vehicle/IC2004,http://irail.be/stations/NMBS/008821238,IC,2018-12-12T06:28:00,2018-12-12T06:28:00,-44,-44
http://irail.be/vehicle/IC2004,http://irail.be/stations/NMBS/008821154,IC,2018-12-12T06:28:00,2018-12-12T06:28:00,4,4
http://irail.be/vehicle/IC2004,http://irail.be/stations/NMBS/008821121,IC,2018-12-12T06:32:00,2018-12-12T06:30:00,4,16
http://irail.be/vehicle/IC2004,http://irail.be/stations/NMBS/008821006,IC,2018-12-12T06:39:00,2018-12-12T06:36:00,2,-16
http://irail.be/vehicle/IC2004,http://irail.be/stations/NMBS/008821063,IC,2018-12-12T06:44:00,2018-12-12T06:43:00,-82,-82
http://irail.be/vehicle/IC2004,http://irail.be/stations/NMBS/008821089,IC,2018-12-12T06:51:00,2018-12-12T06:47:00,179,145
http://irail.be/vehicle/IC2004,NO-URI,IC,2018-12-12T06:54:00,2018-12-12T06:54:00,,179
http://irail.be/vehicle/IC2004,http://irail.be/stations/NMBS/008814001,IC,2018-11-30T05:50:00,2018-11-30T05:50:00,-9,
http://irail.be/vehicle/IC2004,http://irail.be/stations/NMBS/008813037,IC,2018-11-30T05:52:00,2018-11-30T05:52:00,34,34
http://irail.be/vehicle/IC2004,http://irail.be/stations/NMBS/008813003,IC,2018-11-30T05:54:00,2018-11-30T05:53:00,26,46
http://irail.be/vehicle/IC2004,http://irail.be/stations/NMBS/008813045,IC,2018-11-30T05:56:00,2018-11-30T05:56:00,3,3
http://irail.be/vehicle/IC2004,http://irail.be/stations/NMBS/008812005,IC,2018-11-30T06:02:00,2018-11-30T05:58:00,24,-2
http://irail.be/vehicle/IC2004,http://irail.be/stations/NMBS/008811007,IC,2018-11-30T06:05:00,2018-11-30T06:05:00,-1,-1
http://irail.be/vehicle/IC2004,http://irail.be/stations/NMBS/008811148,IC,2018-11-30T06:08:00,2018-11-30T06:08:00,-21,-21
http://irail.be/vehicle/IC2004,http://irail.be/stations/NMBS/008811189,IC,2018-11-30T06:09:00,2018-11-30T06:09:00,-21,-21
http://irail.be/vehicle/IC2004,http://irail.be/stations/NMBS/008822269,IC,2018-11-30T06:11:00,2018-11-30T06:11:00,-19,-19
http://irail.be/vehicle/IC2004,http://irail.be/stations/NMBS/008822251,IC,2018-11-30T06:12:00,2018-11-30T06:12:00,-11,-11
http://irail.be/vehicle/IC2004,http://irail.be/stations/NMBS/008822004,IC,2018-11-30T06:18:00,2018-11-30T06:16:00,74,-28
http://irail.be/vehicle/IC2004,http://irail.be/stations/NMBS/008822343,IC,2018-11-30T06:21:00,2018-11-30T06:21:00,74,74
http://irail.be/vehicle/IC2004,http://irail.be/stations/NMBS/008822228,IC,2018-11-30T06:23:00,2018-11-30T06:23:00,31,31
http://irail.be/vehicle/IC2004,http://irail.be/stations/NMBS/008822210,IC,2018-11-30T06:24:00,2018-11-30T06:24:00,31,31
http://irail.be/vehicle/IC2004,http://irail.be/stations/NMBS/008821311,IC,2018-11-30T06:26:00,2018-11-30T06:26:00,33,33
http://irail.be/vehicle/IC2004,http://irail.be/stations/NMBS/008821337,IC,2018-11-30T06:27:00,2018-11-30T06:27:00,40,40
http://irail.be/vehicle/IC2004,http://irail.be/stations/NMBS/008821238,IC,2018-11-30T06:28:00,2018-11-30T06:28:00,44,44
http://irail.be/vehicle/IC2004,http://irail.be/stations/NMBS/008821154,IC,2018-11-30T06:28:00,2018-11-30T06:28:00,87,87
http://irail.be/vehicle/IC2004,http://irail.be/stations/NMBS/008821121,IC,2018-11-30T06:32:00,2018-11-30T06:30:00,86,95
http://irail.be/vehicle/IC2004,http://irail.be/stations/NMBS/008821006,IC,2018-11-30T06:39:00,2018-11-30T06:36:00,32,70
http://irail.be/vehicle/IC2004,http://irail.be/stations/NMBS/008821063,IC,2018-11-30T06:44:00,2018-11-30T06:43:00,-48,-48
http://irail.be/vehicle/IC2004,http://irail.be/stations/NMBS/008821089,IC,2018-11-30T06:51:00,2018-11-30T06:47:00,-124,116
http://irail.be/vehicle/IC2004,NO-URI,IC,2018-11-30T06:54:00,2018-11-30T06:54:00,,-124
http://irail.be/vehicle/IC2004,http://irail.be/stations/NMBS/008814001,IC,2018-12-11T05:49:00,2018-12-11T05:49:00,1,
http://irail.be/vehicle/IC2004,http://irail.be/stations/NMBS/008813037,IC,2018-12-11T05:51:00,2018-12-11T05:51:00,46,46
http://irail.be/vehicle/IC2004,http://irail.be/stations/NMBS/008813003,IC,2018-12-11T05:54:00,2018-12-11T05:53:00,41,28
http://irail.be/vehicle/IC2004,http://irail.be/stations/NMBS/008813045,IC,2018-12-11T05:55:00,2018-12-11T05:55:00,52,52
http://irail.be/vehicle/IC2004,http://irail.be/stations/NMBS/008812005,IC,2018-12-11T06:02:00,2018-12-11T05:58:00,39,42
http://irail.be/vehicle/IC2004,http://irail.be/stations/NMBS/008811007,IC,2018-12-11T06:05:00,2018-12-11T06:05:00,6,6
http://irail.be/vehicle/IC2004,http://irail.be/stations/NMBS/008811148,IC,2018-12-11T06:08:00,2018-12-11T06:08:00,-5,-5
http://irail.be/vehicle/IC2004,http://irail.be/stations/NMBS/008811189,IC,2018-12-11T06:09:00,2018-12-11T06:09:00,-5,-5
http://irail.be/vehicle/IC2004,http://irail.be/stations/NMBS/008822269,IC,2018-12-11T06:11:00,2018-12-11T06:11:00,-2,-2
http://irail.be/vehicle/IC2004,http://irail.be/stations/NMBS/008822251,IC,2018-12-11T06:12:00,2018-12-11T06:12:00,-5,-5
http://irail.be/vehicle/IC2004,http://irail.be/stations/NMBS/008822004,IC,2018-12-11T06:18:00,2018-12-11T06:16:00,-13,-43
http://irail.be/vehicle/IC2004,http://irail.be/stations/NMBS/008822343,IC,2018-12-11T06:21:00,2018-12-11T06:21:00,-13,-13
http://irail.be/vehicle/IC2004,http://irail.be/stations/NMBS/008822228,IC,2018-12-11T06:23:00,2018-12-11T06:23:00,-73,-73
http://irail.be/vehicle/IC2004,http://irail.be/stations/NMBS/008822210,IC,2018-12-11T06:24:00,2018-12-11T06:24:00,-73,-73
http://irail.be/vehicle/IC2004,http://irail.be/stations/NMBS/008821311,IC,2018-12-11T06:26:00,2018-12-11T06:26:00,-76,-76
http://irail.be/vehicle/IC2004,http://irail.be/stations/NMBS/008821337,IC,2018-12-11T06:27:00,2018-12-11T06:27:00,-76,-76
http://irail.be/vehicle/IC2004,http://irail.be/stations/NMBS/008821238,IC,2018-12-11T06:28:00,2018-12-11T06:28:00,-77,-77
http://irail.be/vehicle/IC2004,http://irail.be/stations/NMBS/008821154,IC,2018-12-11T06:28:00,2018-12-11T06:28:00,-39,-39
http://irail.be/vehicle/IC2004,http://irail.be/stations/NMBS/008821121,IC,2018-12-11T06:32:00,2018-12-11T06:30:00,35,-33
http://irail.be/vehicle/IC2004,http://irail.be/stations/NMBS/008821006,IC,2018-12-11T06:39:00,2018-12-11T06:36:00,13,-6
http://irail.be/vehicle/IC2004,http://irail.be/stations/NMBS/008821063,IC,2018-12-11T06:44:00,2018-12-11T06:43:00,-96,-96
http://irail.be/vehicle/IC2004,http://irail.be/stations/NMBS/008821089,IC,2018-12-11T06:51:00,2018-12-11T06:47:00,-83,54
http://irail.be/vehicle/IC2004,NO-URI,IC,2018-12-11T06:54:00,2018-12-11T06:54:00,,-83
http://irail.be/vehicle/IC2004,http://irail.be/stations/NMBS/008814001,IC,2018-07-18T05:50:00,2018-07-18T05:50:00,-18,
http://irail.be/vehicle/IC2004,http://irail.be/stations/NMBS/008813037,IC,2018-07-18T05:52:00,2018-07-18T05:52:00,28,28
http://irail.be/vehicle/IC2004,http://irail.be/stations/NMBS/008813003,IC,2018-07-18T05:54:00,2018-07-18T05:53:00,53,33
http://irail.be/vehicle/IC2004,http://irail.be/stations/NMBS/008813045,IC,2018-07-18T05:55:00,2018-07-18T05:55:00,59,59
http://irail.be/vehicle/IC2004,http://irail.be/stations/NMBS/008812005,IC,2018-07-18T06:01:00,2018-07-18T05:58:00,20,47
http://irail.be/vehicle/IC2004,http://irail.be/stations/NMBS/008811007,IC,2018-07-18T06:04:00,2018-07-18T06:04:00,-21,-21
http://irail.be/vehicle/IC2004,http://irail.be/stations/NMBS/008811148,IC,2018-07-18T06:07:00,2018-07-18T06:07:00,-25,-25
http://irail.be/vehicle/IC2004,http://irail.be/stations/NMBS/008811189,IC,2018-07-18T06:08:00,2018-07-18T06:08:00,-25,-25
http://irail.be/vehicle/IC2004,http://irail.be/stations/NMBS/008822269,IC,2018-07-18T06:11:00,2018-07-18T06:11:00,-24,-24
http://irail.be/vehicle/IC2004,http://irail.be/stations/NMBS/008822251,IC,2018-07-18T06:12:00,2018-07-18T06:12:00,-77,-77
http://irail.be/vehicle/IC2004,http://irail.be/stations/NMBS/008822004,IC,2018-07-18T06:18:00,2018-07-18T06:16:00,-26,-88
http://irail.be/vehicle/IC2004,http://irail.be/stations/NMBS/008822343,IC,2018-07-18T06:21:00,2018-07-18T06:21:00,-26,-26
http://irail.be/vehicle/IC2004,http://irail.be/stations/NMBS/008822228,IC,2018-07-18T06:23:00,2018-07-18T06:23:00,-91,-91
http://irail.be/vehicle/IC2004,http://irail.be/stations/NMBS/008822210,IC,2018-07-18T06:24:00,2018-07-18T06:24:00,-91,-91
http://irail.be/vehicle/IC2004,http://irail.be/stations/NMBS/008821311,IC,2018-07-18T06:26:00,2018-07-18T06:26:00,-75,-75
http://irail.be/vehicle/IC2004,http://irail.be/stations/NMBS/008821337,IC,2018-07-18T06:27:00,2018-07-18T06:27:00,-53,-53
http://irail.be/vehicle/IC2004,http://irail.be/stations/NMBS/008821238,IC,2018-07-18T06:28:00,2018-07-18T06:28:00,-38,-38
http://irail.be/vehicle/IC2004,http://irail.be/stations/NMBS/008821154,IC,2018-07-18T06:28:00,2018-07-18T06:28:00,11,11
http://irail.be/vehicle/IC2004,http://irail.be/stations/NMBS/008821121,IC,2018-07-18T06:31:00,2018-07-18T06:30:00,69,29
http://irail.be/vehicle/IC2004,http://irail.be/stations/NMBS/008821006,IC,2018-07-18T06:39:00,2018-07-18T06:35:00,22,59
http://irail.be/vehicle/IC2004,http://irail.be/stations/NMBS/008821063,IC,2018-07-18T06:44:00,2018-07-18T06:43:00,-78,-78
http://irail.be/vehicle/IC2004,http://irail.be/stations/NMBS/008821089,IC,2018-07-18T06:51:00,2018-07-18T06:47:00,20,80
http://irail.be/vehicle/IC2004,NO-URI,IC,2018-07-18T06:54:00,2018-07-18T06:54:00,,-167
http://irail.be/vehicle/IC2004,http://irail.be/stations/NMBS/008814001,IC,2018-02-05T05:50:00,2018-02-05T05:50:00,15,
http://irail.be/vehicle/IC2004,http://irail.be/stations/NMBS/008813037,IC,2018-02-05T05:52:00,2018-02-05T05:52:00,69,69
http://irail.be/vehicle/IC2004,http://irail.be/stations/NMBS/008813003,IC,2018-02-05T05:54:00,2018-02-05T05:53:00,82,75
http://irail.be/vehicle/IC2004,http://irail.be/stations/NMBS/008813045,IC,2018-02-05T05:56:00,2018-02-05T05:56:00,72,72
http://irail.be/vehicle/IC2004,http://irail.be/stations/NMBS/008812005,IC,2018-02-05T06:01:00,2018-02-05T05:58:00,44,71
http://irail.be/vehicle/IC2004,http://irail.be/stations/NMBS/008811007,IC,2018-02-05T06:04:00,2018-02-05T06:04:00,16,16
http://irail.be/vehicle/IC2004,http://irail.be/stations/NMBS/008811148,IC,2018-02-05T06:07:00,2018-02-05T06:07:00,5,5
http://irail.be/vehicle/IC2004,http://irail.be/stations/NMBS/008811189,IC,2018-02-05T06:08:00,2018-02-05T06:08:00,5,5
http://irail.be/vehicle/IC2004,http://irail.be/stations/NMBS/008822269,IC,2018-02-05T06:11:00,2018-02-05T06:11:00,4,4
http://irail.be/vehicle/IC2004,http://irail.be/stations/NMBS/008822251,IC,2018-02-05T06:12:00,2018-02-05T06:12:00,-60,-60
http://irail.be/vehicle/IC2004,http://irail.be/stations/NMBS/008822004,IC,2018-02-05T06:18:00,2018-02-05T06:16:00,30,-104
http://irail.be/vehicle/IC2004,http://irail.be/stations/NMBS/008822343,IC,2018-02-05T06:21:00,2018-02-05T06:21:00,30,30
http://irail.be/vehicle/IC2004,http://irail.be/stations/NMBS/008822228,IC,2018-02-05T06:23:00,2018-02-05T06:23:00,29,29
http://irail.be/vehicle/IC2004,http://irail.be/stations/NMBS/008822210,IC,2018-02-05T06:24:00,2018-02-05T06:24:00,29,29
http://irail.be/vehicle/IC2004,http://irail.be/stations/NMBS/008821311,IC,2018-02-05T06:26:00,2018-02-05T06:26:00,29,29
http://irail.be/vehicle/IC2004,http://irail.be/stations/NMBS/008821337,IC,2018-02-05T06:27:00,2018-02-05T06:27:00,36,36
http://irail.be/vehicle/IC2004,http://irail.be/stations/NMBS/008821238,IC,2018-02-05T06:28:00,2018-02-05T06:28:00,41,41
http://irail.be/vehicle/IC2004,http://irail.be/stations/NMBS/008821154,IC,2018-02-05T06:28:00,2018-02-05T06:28:00,84,84
http://irail.be/vehicle/IC2004,http://irail.be/stations/NMBS/008821121,IC,2018-02-05T06:31:00,2018-02-05T06:30:00,94,67
http://irail.be/vehicle/IC2004,http://irail.be/stations/NMBS/008821006,IC,2018-02-05T06:39:00,2018-02-05T06:35:00,-12,50
http://irail.be/vehicle/IC2004,http://irail.be/stations/NMBS/008821063,IC,2018-02-05T06:43:00,2018-02-05T06:43:00,-35,-35
http://irail.be/vehicle/IC2004,http://irail.be/stations/NMBS/008821089,IC,2018-02-05T06:46:00,2018-02-05T06:46:00,20,20
http://irail.be/vehicle/IC2004,NO-URI,IC,2018-02-05T06:49:00,2018-02-05T06:49:00,,48
http://irail.be/vehicle/IC2004,http://irail.be/stations/NMBS/008814001,IC,2018-05-11T05:50:00,2018-05-11T05:50:00,3,
http://irail.be/vehicle/IC2004,http://irail.be/stations/NMBS/008813037,IC,2018-05-11T05:52:00,2018-05-11T05:52:00,51,51
http://irail.be/vehicle/IC2004,http://irail.be/stations/NMBS/008813003,IC,2018-05-11T05:54:00,2018-05-11T05:53:00,75,61
http://irail.be/vehicle/IC2004,http://irail.be/stations/NMBS/008813045,IC,2018-05-11T05:55:00,2018-05-11T05:55:00,93,93
http://irail.be/vehicle/IC2004,http://irail.be/stations/NMBS/008812005,IC,2018-05-11T06:01:00,2018-05-11T05:58:00,42,93
http://irail.be/vehicle/IC2004,http://irail.be/stations/NMBS/008811007,IC,2018-05-11T06:04:00,2018-05-11T06:04:00,-3,-3
http://irail.be/vehicle/IC2004,http://irail.be/stations/NMBS/008811148,IC,2018-05-11T06:07:00,2018-05-11T06:07:00,-9,-9
http://irail.be/vehicle/IC2004,http://irail.be/stations/NMBS/008811189,IC,2018-05-11T06:08:00,2018-05-11T06:08:00,-9,-9
http://irail.be/vehicle/IC2004,http://irail.be/stations/NMBS/008822269,IC,2018-05-11T06:11:00,2018-05-11T06:11:00,-5,-5
http://irail.be/vehicle/IC2004,http://irail.be/stations/NMBS/008822251,IC,2018-05-11T06:12:00,2018-05-11T06:12:00,-48,-48
http://irail.be/vehicle/IC2004,http://irail.be/stations/NMBS/008822004,IC,2018-05-11T06:18:00,2018-05-11T06:16:00,-5,-34
http://irail.be/vehicle/IC2004,http://irail.be/stations/NMBS/008822343,IC,2018-05-11T06:21:00,2018-05-11T06:21:00,-5,-5
http://irail.be/vehicle/IC2004,http://irail.be/stations/NMBS/008822228,IC,2018-05-11T06:23:00,2018-05-11T06:23:00,1,1
http://irail.be/vehicle/IC2004,http://irail.be/stations/NMBS/008822210,IC,2018-05-11T06:24:00,2018-05-11T06:24:00,1,1
http://irail.be/vehicle/IC2004,http://irail.be/stations/NMBS/008821311,IC,2018-05-11T06:26:00,2018-05-11T06:26:00,1,1
http://irail.be/vehicle/IC2004,http://irail.be/stations/NMBS/008821337,IC,2018-05-11T06:27:00,2018-05-11T06:27:00,11,11
http://irail.be/vehicle/IC2004,http://irail.be/stations/NMBS/008821238,IC,2018-05-11T06:28:00,2018-05-11T06:28:00,8,8
http://irail.be/vehicle/IC2004,http://irail.be/stations/NMBS/008821154,IC,2018-05-11T06:28:00,2018-05-11T06:28:00,45,45
http://irail.be/vehicle/IC2004,http://irail.be/stations/NMBS/008821121,IC,2018-05-11T06:31:00,2018-05-11T06:30:00,99,56
http://irail.be/vehicle/IC2004,http://irail.be/stations/NMBS/008821006,IC,2018-05-11T06:40:00,2018-05-11T06:35:00,-8,82
http://irail.be/vehicle/IC2004,http://irail.be/stations/NMBS/008821063,IC,2018-05-11T06:45:00,2018-05-11T06:45:00,-43,-43
http://irail.be/vehicle/IC2004,http://irail.be/stations/NMBS/008821089,IC,2018-05-11T06:47:00,2018-05-11T06:47:00,63,63
http://irail.be/vehicle/IC2004,NO-URI,IC,2018-05-11T06:49:00,2018-05-11T06:49:00,,147
http://irail.be/vehicle/IC2004,http://irail.be/stations/NMBS/008814001,IC,2018-07-27T05:50:00,2018-07-27T05:50:00,-21,
http://irail.be/vehicle/IC2004,http://irail.be/stations/NMBS/008813037,IC,2018-07-27T05:52:00,2018-07-27T05:52:00,27,27
http://irail.be/vehicle/IC2004,http://irail.be/stations/NMBS/008813003,IC,2018-07-27T05:54:00,2018-07-27T05:53:00,44,34
http://irail.be/vehicle/IC2004,http://irail.be/stations/NMBS/008813045,IC,2018-07-27T05:55:00,2018-07-27T05:55:00,54,54
http://irail.be/vehicle/IC2004,http://irail.be/stations/NMBS/008812005,IC,2018-07-27T06:01:00,2018-07-27T05:58:00,26,44
http://irail.be/vehicle/IC2004,http://irail.be/stations/NMBS/008811007,IC,2018-07-27T06:04:00,2018-07-27T06:04:00,-24,-24
http://irail.be/vehicle/IC2004,http://irail.be/stations/NMBS/008811148,IC,2018-07-27T06:07:00,2018-07-27T06:07:00,-37,-37
http://irail.be/vehicle/IC2004,http://irail.be/stations/NMBS/008811189,IC,2018-07-27T06:08:00,2018-07-27T06:08:00,-37,-37
http://irail.be/vehicle/IC2004,http://irail.be/stations/NMBS/008822269,IC,2018-07-27T06:11:00,2018-07-27T06:11:00,-37,-37
http://irail.be/vehicle/IC2004,http://irail.be/stations/NMBS/008822251,IC,2018-07-27T06:12:00,2018-07-27T06:12:00,-79,-79
http://irail.be/vehicle/IC2004,http://irail.be/stations/NMBS/008822004,IC,2018-07-27T06:18:00,2018-07-27T06:16:00,-13,-102
http://irail.be/vehicle/IC2004,http://irail.be/stations/NMBS/008822343,IC,2018-07-27T06:21:00,2018-07-27T06:21:00,-13,-13
http://irail.be/vehicle/IC2004,http://irail.be/stations/NMBS/008822228,IC,2018-07-27T06:23:00,2018-07-27T06:23:00,-57,-57
http://irail.be/vehicle/IC2004,http://irail.be/stations/NMBS/008822210,IC,2018-07-27T06:24:00,2018-07-27T06:24:00,-57,-57
http://irail.be/vehicle/IC2004,http://irail.be/stations/NMBS/008821311,IC,2018-07-27T06:26:00,2018-07-27T06:26:00,-56,-56
http://irail.be/vehicle/IC2004,http://irail.be/stations/NMBS/008821337,IC,2018-07-27T06:27:00,2018-07-27T06:27:00,-58,-58
http://irail.be/vehicle/IC2004,http://irail.be/stations/NMBS/008821238,IC,2018-07-27T06:28:00,2018-07-27T06:28:00,-64,-64
http://irail.be/vehicle/IC2004,http://irail.be/stations/NMBS/008821154,IC,2018-07-27T06:28:00,2018-07-27T06:28:00,-28,-28
http://irail.be/vehicle/IC2004,http://irail.be/stations/NMBS/008821121,IC,2018-07-27T06:31:00,2018-07-27T06:30:00,14,-31
http://irail.be/vehicle/IC2004,http://irail.be/stations/NMBS/008821006,IC,2018-07-27T06:39:00,2018-07-27T06:35:00,12,-42
http://irail.be/vehicle/IC2004,http://irail.be/stations/NMBS/008821063,IC,2018-07-27T06:44:00,2018-07-27T06:43:00,-116,-116
http://irail.be/vehicle/IC2004,http://irail.be/stations/NMBS/008821089,IC,2018-07-27T06:51:00,2018-07-27T06:47:00,-127,35
http://irail.be/vehicle/IC2004,NO-URI,IC,2018-07-27T06:54:00,2018-07-27T06:54:00,,-127
http://irail.be/vehicle/IC2004,http://irail.be/stations/NMBS/008814001,IC,2018-04-27T05:50:00,2018-04-27T05:50:00,-13,
http://irail.be/vehicle/IC2004,http://irail.be/stations/NMBS/008813037,IC,2018-04-27T05:52:00,2018-04-27T05:52:00,45,45
http://irail.be/vehicle/IC2004,http://irail.be/stations/NMBS/008813003,IC,2018-04-27T05:54:00,2018-04-27T05:53:00,69,54
http://irail.be/vehicle/IC2004,http://irail.be/stations/NMBS/008813045,IC,2018-04-27T05:55:00,2018-04-27T05:55:00,85,85
http://irail.be/vehicle/IC2004,http://irail.be/stations/NMBS/008812005,IC,2018-04-27T06:01:00,2018-04-27T05:58:00,28,85
http://irail.be/vehicle/IC2004,http://irail.be/stations/NMBS/008811007,IC,2018-04-27T06:04:00,2018-04-27T06:04:00,-12,-12
http://irail.be/vehicle/IC2004,http://irail.be/stations/NMBS/008811148,IC,2018-04-27T06:07:00,2018-04-27T06:07:00,-22,-22
http://irail.be/vehicle/IC2004,http://irail.be/stations/NMBS/008811189,IC,2018-04-27T06:08:00,2018-04-27T06:08:00,-22,-22
http://irail.be/vehicle/IC2004,http://irail.be/stations/NMBS/008822269,IC,2018-04-27T06:11:00,2018-04-27T06:11:00,-18,-18
http://irail.be/vehicle/IC2004,http://irail.be/stations/NMBS/008822251,IC,2018-04-27T06:12:00,2018-04-27T06:12:00,-37,-37
http://irail.be/vehicle/IC2004,http://irail.be/stations/NMBS/008822004,IC,2018-04-27T06:18:00,2018-04-27T06:16:00,-13,28
http://irail.be/vehicle/IC2004,http://irail.be/stations/NMBS/008822343,IC,2018-04-27T06:21:00,2018-04-27T06:21:00,-13,-13
http://irail.be/vehicle/IC2004,http://irail.be/stations/NMBS/008822228,IC,2018-04-27T06:23:00,2018-04-27T06:23:00,-59,-59
http://irail.be/vehicle/IC2004,http://irail.be/stations/NMBS/008822210,IC,2018-04-27T06:24:00,2018-04-27T06:24:00,-59,-59
http://irail.be/vehicle/IC2004,http://irail.be/stations/NMBS/008821311,IC,2018-04-27T06:26:00,2018-04-27T06:26:00,-59,-59
http://irail.be/vehicle/IC2004,http://irail.be/stations/NMBS/008821337,IC,2018-04-27T06:27:00,2018-04-27T06:27:00,-66,-66
http://irail.be/vehicle/IC2004,http://irail.be/stations/NMBS/008821238,IC,2018-04-27T06:28:00,2018-04-27T06:28:00,-74,-74
http://irail.be/vehicle/IC2004,http://irail.be/stations/NMBS/008821154,IC,2018-04-27T06:28:00,2018-04-27T06:28:00,-42,-42
http://irail.be/vehicle/IC2004,http://irail.be/stations/NMBS/008821121,IC,2018-04-27T06:31:00,2018-04-27T06:30:00,19,-50
http://irail.be/vehicle/IC2004,http://irail.be/stations/NMBS/008821006,IC,2018-04-27T06:40:00,2018-04-27T06:35:00,-100,-12
http://irail.be/vehicle/IC2004,http://irail.be/stations/NMBS/008821063,IC,2018-04-27T06:45:00,2018-04-27T06:45:00,-190,-190
http://irail.be/vehicle/IC2004,http://irail.be/stations/NMBS/008821089,IC,2018-04-27T06:47:00,2018-04-27T06:47:00,-56,-56
http://irail.be/vehicle/IC2004,NO-URI,IC,2018-04-27T06:49:00,2018-04-27T06:49:00,,24
http://irail.be/vehicle/IC2004,http://irail.be/stations/NMBS/008814001,IC,2018-09-17T05:50:00,2018-09-17T05:50:00,15,
http://irail.be/vehicle/IC2004,http://irail.be/stations/NMBS/008813037,IC,2018-09-17T05:52:00,2018-09-17T05:52:00,65,65
http://irail.be/vehicle/IC2004,http://irail.be/stations/NMBS/008813003,IC,2018-09-17T05:54:00,2018-09-17T05:53:00,100,71
http://irail.be/vehicle/IC2004,http://irail.be/stations/NMBS/008813045,IC,2018-09-17T05:56:00,2018-09-17T05:56:00,73,73
http://irail.be/vehicle/IC2004,http://irail.be/stations/NMBS/008812005,IC,2018-09-17T06:02:00,2018-09-17T05:58:00,101,73
http://irail.be/vehicle/IC2004,http://irail.be/stations/NMBS/008811007,IC,2018-09-17T06:05:00,2018-09-17T06:05:00,351,351
http://irail.be/vehicle/IC2004,http://irail.be/stations/NMBS/008811148,IC,2018-09-17T06:08:00,2018-09-17T06:08:00,387,387
http://irail.be/vehicle/IC2004,http://irail.be/stations/NMBS/008811189,IC,2018-09-17T06:09:00,2018-09-17T06:09:00,387,387
http://irail.be/vehicle/IC2004,http://irail.be/stations/NMBS/008822269,IC,2018-09-17T06:11:00,2018-09-17T06:11:00,495,495
http://irail.be/vehicle/IC2004,http://irail.be/stations/NMBS/008822251,IC,2018-09-17T06:12:00,2018-09-17T06:12:00,538,538
http://irail.be/vehicle/IC2004,http://irail.be/stations/NMBS/008822004,IC,2018-09-17T06:18:00,2018-09-17T06:16:00,1016,889
http://irail.be/vehicle/IC2004,http://irail.be/stations/NMBS/008822343,IC,2018-09-17T06:21:00,2018-09-17T06:21:00,1016,1016
http://irail.be/vehicle/IC2004,http://irail.be/stations/NMBS/008822228,IC,2018-09-17T06:23:00,2018-09-17T06:23:00,995,995
http://irail.be/vehicle/IC2004,http://irail.be/stations/NMBS/008822210,IC,2018-09-17T06:24:00,2018-09-17T06:24:00,995,995
http://irail.be/vehicle/IC2004,http://irail.be/stations/NMBS/008821311,IC,2018-09-17T06:26:00,2018-09-17T06:26:00,1027,1027
http://irail.be/vehicle/IC2004,http://irail.be/stations/NMBS/008821337,IC,2018-09-17T06:27:00,2018-09-17T06:27:00,1060,1060
http://irail.be/vehicle/IC2004,http://irail.be/stations/NMBS/008821238,IC,2018-09-17T06:28:00,2018-09-17T06:28:00,1243,1243
http://irail.be/vehicle/IC2004,http://irail.be/stations/NMBS/008821154,IC,2018-09-17T06:28:00,2018-09-17T06:28:00,1488,1488
http://irail.be/vehicle/IC2004,http://irail.be/stations/NMBS/008821121,IC,2018-09-17T06:32:00,2018-09-17T06:30:00,1664,1539
http://irail.be/vehicle/IC2004,http://irail.be/stations/NMBS/008821006,IC,2018-09-17T06:36:00,2018-09-17T06:36:00,,1658
http://irail.be/vehicle/IC2004,http://irail.be/stations/NMBS/008814001,IC,2018-11-08T05:50:00,2018-11-08T05:50:00,160,
http://irail.be/vehicle/IC2004,http://irail.be/stations/NMBS/008813037,IC,2018-11-08T05:52:00,2018-11-08T05:52:00,202,202
http://irail.be/vehicle/IC2004,http://irail.be/stations/NMBS/008813003,IC,2018-11-08T05:54:00,2018-11-08T05:53:00,198,208
http://irail.be/vehicle/IC2004,http://irail.be/stations/NMBS/008813045,IC,2018-11-08T05:56:00,2018-11-08T05:56:00,178,178
http://irail.be/vehicle/IC2004,http://irail.be/stations/NMBS/008812005,IC,2018-11-08T06:02:00,2018-11-08T05:58:00,49,177
http://irail.be/vehicle/IC2004,http://irail.be/stations/NMBS/008811007,IC,2018-11-08T06:05:00,2018-11-08T06:05:00,-6,-6
http://irail.be/vehicle/IC2004,http://irail.be/stations/NMBS/008811148,IC,2018-11-08T06:08:00,2018-11-08T06:08:00,-17,-17
http://irail.be/vehicle/IC2004,http://irail.be/stations/NMBS/008811189,IC,2018-11-08T06:09:00,2018-11-08T06:09:00,-17,-17
http://irail.be/vehicle/IC2004,http://irail.be/stations/NMBS/008822269,IC,2018-11-08T06:11:00,2018-11-08T06:11:00,-17,-17
http://irail.be/vehicle/IC2004,http://irail.be/stations/NMBS/008822251,IC,2018-11-08T06:12:00,2018-11-08T06:12:00,-23,-23
http://irail.be/vehicle/IC2004,http://irail.be/stations/NMBS/008822004,IC,2018-11-08T06:18:00,2018-11-08T06:16:00,-26,-54
http://irail.be/vehicle/IC2004,http://irail.be/stations/NMBS/008822343,IC,2018-11-08T06:21:00,2018-11-08T06:21:00,-26,-26
http://irail.be/vehicle/IC2004,http://irail.be/stations/NMBS/008822228,IC,2018-11-08T06:23:00,2018-11-08T06:23:00,-90,-90
http://irail.be/vehicle/IC2004,http://irail.be/stations/NMBS/008822210,IC,2018-11-08T06:24:00,2018-11-08T06:24:00,-90,-90
http://irail.be/vehicle/IC2004,http://irail.be/stations/NMBS/008821311,IC,2018-11-08T06:26:00,2018-11-08T06:26:00,-87,-87
http://irail.be/vehicle/IC2004,http://irail.be/stations/NMBS/008821337,IC,2018-11-08T06:27:00,2018-11-08T06:27:00,-90,-90
http://irail.be/vehicle/IC2004,http://irail.be/stations/NMBS/008821238,IC,2018-11-08T06:28:00,2018-11-08T06:28:00,-98,-98
http://irail.be/vehicle/IC2004,http://irail.be/stations/NMBS/008821154,IC,2018-11-08T06:28:00,2018-11-08T06:28:00,-62,-62
http://irail.be/vehicle/IC2004,http://irail.be/stations/NMBS/008821121,IC,2018-11-08T06:32:00,2018-11-08T06:30:00,11,-68
http://irail.be/vehicle/IC2004,http://irail.be/stations/NMBS/008821006,IC,2018-11-08T06:39:00,2018-11-08T06:36:00,29,-33
http://irail.be/vehicle/IC2004,http://irail.be/stations/NMBS/008821063,IC,2018-11-08T06:44:00,2018-11-08T06:43:00,-82,-82
http://irail.be/vehicle/IC2004,http://irail.be/stations/NMBS/008821089,IC,2018-11-08T06:51:00,2018-11-08T06:47:00,-84,133
http://irail.be/vehicle/IC2004,NO-URI,IC,2018-11-08T06:54:00,2018-11-08T06:54:00,,-84
http://irail.be/vehicle/IC2004,http://irail.be/stations/NMBS/008814001,IC,2018-12-05T05:50:00,2018-12-05T05:50:00,5,
http://irail.be/vehicle/IC2004,http://irail.be/stations/NMBS/008813037,IC,2018-12-05T05:52:00,2018-12-05T05:52:00,61,61
http://irail.be/vehicle/IC2004,http://irail.be/stations/NMBS/008813003,IC,2018-12-05T05:54:00,2018-12-05T05:53:00,81,70
http://irail.be/vehicle/IC2004,http://irail.be/stations/NMBS/008813045,IC,2018-12-05T05:56:00,2018-12-05T05:56:00,65,65
http://irail.be/vehicle/IC2004,http://irail.be/stations/NMBS/008812005,IC,2018-12-05T06:02:00,2018-12-05T05:58:00,54,68
http://irail.be/vehicle/IC2004,http://irail.be/stations/NMBS/008811007,IC,2018-12-05T06:05:00,2018-12-05T06:05:00,20,20
http://irail.be/vehicle/IC2004,http://irail.be/stations/NMBS/008811148,IC,2018-12-05T06:08:00,2018-12-05T06:08:00,18,18
http://irail.be/vehicle/IC2004,http://irail.be/stations/NMBS/008811189,IC,2018-12-05T06:09:00,2018-12-05T06:09:00,18,18
http://irail.be/vehicle/IC2004,http://irail.be/stations/NMBS/008822269,IC,2018-12-05T06:11:00,2018-12-05T06:11:00,25,25
http://irail.be/vehicle/IC2004,http://irail.be/stations/NMBS/008822251,IC,2018-12-05T06:12:00,2018-12-05T06:12:00,36,36
http://irail.be/vehicle/IC2004,http://irail.be/stations/NMBS/008822004,IC,2018-12-05T06:18:00,2018-12-05T06:16:00,5,-11
http://irail.be/vehicle/IC2004,http://irail.be/stations/NMBS/008822343,IC,2018-12-05T06:21:00,2018-12-05T06:21:00,5,5
http://irail.be/vehicle/IC2004,http://irail.be/stations/NMBS/008822228,IC,2018-12-05T06:23:00,2018-12-05T06:23:00,-2,-2
http://irail.be/vehicle/IC2004,http://irail.be/stations/NMBS/008822210,IC,2018-12-05T06:24:00,2018-12-05T06:24:00,-2,-2
http://irail.be/vehicle/IC2004,http://irail.be/stations/NMBS/008821311,IC,2018-12-05T06:26:00,2018-12-05T06:26:00,-6,-6
http://irail.be/vehicle/IC2004,http://irail.be/stations/NMBS/008821337,IC,2018-12-05T06:27:00,2018-12-05T06:27:00,-12,-12
http://irail.be/vehicle/IC2004,http://irail.be/stations/NMBS/008821238,IC,2018-12-05T06:28:00,2018-12-05T06:28:00,-20,-20
http://irail.be/vehicle/IC2004,http://irail.be/stations/NMBS/008821154,IC,2018-12-05T06:28:00,2018-12-05T06:28:00,13,13
http://irail.be/vehicle/IC2004,http://irail.be/stations/NMBS/008821121,IC,2018-12-05T06:32:00,2018-12-05T06:30:00,56,8
http://irail.be/vehicle/IC2004,http://irail.be/stations/NMBS/008821006,IC,2018-12-05T06:39:00,2018-12-05T06:36:00,23,28
http://irail.be/vehicle/IC2004,http://irail.be/stations/NMBS/008821063,IC,2018-12-05T06:44:00,2018-12-05T06:43:00,-82,-82
http://irail.be/vehicle/IC2004,http://irail.be/stations/NMBS/008821089,IC,2018-12-05T06:51:00,2018-12-05T06:47:00,1,61
http://irail.be/vehicle/IC2004,NO-URI,IC,2018-12-05T06:54:00,2018-12-05T06:54:00,,-196
http://irail.be/vehicle/IC2004,http://irail.be/stations/NMBS/008814001,IC,2018-03-29T05:50:00,2018-03-29T05:50:00,82,
http://irail.be/vehicle/IC2004,http://irail.be/stations/NMBS/008813037,IC,2018-03-29T05:52:00,2018-03-29T05:52:00,134,134
http://irail.be/vehicle/IC2004,http://irail.be/stations/NMBS/008813003,IC,2018-03-29T05:54:00,2018-03-29T05:53:00,179,141
http://irail.be/vehicle/IC2004,http://irail.be/stations/NMBS/008813045,IC,2018-03-29T05:56:00,2018-03-29T05:56:00,159,159
http://irail.be/vehicle/IC2004,http://irail.be/stations/NMBS/008812005,IC,2018-03-29T06:01:00,2018-03-29T05:58:00,49,151
http://irail.be/vehicle/IC2004,http://irail.be/stations/NMBS/008811007,IC,2018-03-29T06:04:00,2018-03-29T06:04:00,36,36
http://irail.be/vehicle/IC2004,http://irail.be/stations/NMBS/008811148,IC,2018-03-29T06:07:00,2018-03-29T06:07:00,108,108
http://irail.be/vehicle/IC2004,http://irail.be/stations/NMBS/008811189,IC,2018-03-29T06:08:00,2018-03-29T06:08:00,108,108
http://irail.be/vehicle/IC2004,http://irail.be/stations/NMBS/008822269,IC,2018-03-29T06:11:00,2018-03-29T06:11:00,113,113
http://irail.be/vehicle/IC2004,http://irail.be/stations/NMBS/008822251,IC,2018-03-29T06:12:00,2018-03-29T06:12:00,87,87
http://irail.be/vehicle/IC2004,http://irail.be/stations/NMBS/008822004,IC,2018-03-29T06:18:00,2018-03-29T06:16:00,-5,64
http://irail.be/vehicle/IC2004,http://irail.be/stations/NMBS/008822343,IC,2018-03-29T06:21:00,2018-03-29T06:21:00,-5,-5
http://irail.be/vehicle/IC2004,http://irail.be/stations/NMBS/008822228,IC,2018-03-29T06:23:00,2018-03-29T06:23:00,-40,-40
http://irail.be/vehicle/IC2004,http://irail.be/stations/NMBS/008822210,IC,2018-03-29T06:24:00,2018-03-29T06:24:00,-40,-40
http://irail.be/vehicle/IC2004,http://irail.be/stations/NMBS/008821311,IC,2018-03-29T06:26:00,2018-03-29T06:26:00,-40,-40
http://irail.be/vehicle/IC2004,http://irail.be/stations/NMBS/008821337,IC,2018-03-29T06:27:00,2018-03-29T06:27:00,-39,-39
http://irail.be/vehicle/IC2004,http://irail.be/stations/NMBS/008821238,IC,2018-03-29T06:28:00,2018-03-29T06:28:00,-40,-40
http://irail.be/vehicle/IC2004,http://irail.be/stations/NMBS/008821154,IC,2018-03-29T06:28:00,2018-03-29T06:28:00,5,5
http://irail.be/vehicle/IC2004,http://irail.be/stations/NMBS/008821121,IC,2018-03-29T06:31:00,2018-03-29T06:30:00,64,37
http://irail.be/vehicle/IC2004,http://irail.be/stations/NMBS/008821006,IC,2018-03-29T06:39:00,2018-03-29T06:35:00,125,26
http://irail.be/vehicle/IC2004,http://irail.be/stations/NMBS/008821063,IC,2018-03-29T06:43:00,2018-03-29T06:43:00,80,80
http://irail.be/vehicle/IC2004,http://irail.be/stations/NMBS/008821089,IC,2018-03-29T06:46:00,2018-03-29T06:46:00,101,101
http://irail.be/vehicle/IC2004,NO-URI,IC,2018-03-29T06:49:00,2018-03-29T06:49:00,,87
http://irail.be/vehicle/IC2004,http://irail.be/stations/NMBS/008814001,IC,2018-09-20T05:50:00,2018-09-20T05:50:00,-14,
http://irail.be/vehicle/IC2004,http://irail.be/stations/NMBS/008813037,IC,2018-09-20T05:52:00,2018-09-20T05:52:00,24,24
http://irail.be/vehicle/IC2004,http://irail.be/stations/NMBS/008813003,IC,2018-09-20T05:54:00,2018-09-20T05:53:00,37,37
http://irail.be/vehicle/IC2004,http://irail.be/stations/NMBS/008813045,IC,2018-09-20T05:56:00,2018-09-20T05:56:00,15,15
http://irail.be/vehicle/IC2004,http://irail.be/stations/NMBS/008812005,IC,2018-09-20T06:02:00,2018-09-20T05:58:00,32,9
http://irail.be/vehicle/IC2004,http://irail.be/stations/NMBS/008811007,IC,2018-09-20T06:05:00,2018-09-20T06:05:00,-17,-17
http://irail.be/vehicle/IC2004,http://irail.be/stations/NMBS/008811148,IC,2018-09-20T06:08:00,2018-09-20T06:08:00,-38,-38
http://irail.be/vehicle/IC2004,http://irail.be/stations/NMBS/008811189,IC,2018-09-20T06:09:00,2018-09-20T06:09:00,-38,-38
http://irail.be/vehicle/IC2004,http://irail.be/stations/NMBS/008822269,IC,2018-09-20T06:11:00,2018-09-20T06:11:00,-38,-38
http://irail.be/vehicle/IC2004,http://irail.be/stations/NMBS/008822251,IC,2018-09-20T06:12:00,2018-09-20T06:12:00,-45,-45
http://irail.be/vehicle/IC2004,http://irail.be/stations/NMBS/008822004,IC,2018-09-20T06:18:00,2018-09-20T06:16:00,-26,-103
http://irail.be/vehicle/IC2004,http://irail.be/stations/NMBS/008822343,IC,2018-09-20T06:21:00,2018-09-20T06:21:00,-26,-26
http://irail.be/vehicle/IC2004,http://irail.be/stations/NMBS/008822228,IC,2018-09-20T06:23:00,2018-09-20T06:23:00,-91,-91
http://irail.be/vehicle/IC2004,http://irail.be/stations/NMBS/008822210,IC,2018-09-20T06:24:00,2018-09-20T06:24:00,-91,-91
http://irail.be/vehicle/IC2004,http://irail.be/stations/NMBS/008821311,IC,2018-09-20T06:26:00,2018-09-20T06:26:00,-98,-98
http://irail.be/vehicle/IC2004,http://irail.be/stations/NMBS/008821337,IC,2018-09-20T06:27:00,2018-09-20T06:27:00,-103,-103
http://irail.be/vehicle/IC2004,http://irail.be/stations/NMBS/008821238,IC,2018-09-20T06:28:00,2018-09-20T06:28:00,-111,-111
http://irail.be/vehicle/IC2004,http://irail.be/stations/NMBS/008821154,IC,2018-09-20T06:28:00,2018-09-20T06:28:00,-78,-78
http://irail.be/vehicle/IC2004,http://irail.be/stations/NMBS/008821121,IC,2018-09-20T06:32:00,2018-09-20T06:30:00,23,-69
http://irail.be/vehicle/IC2004,http://irail.be/stations/NMBS/008821006,IC,2018-09-20T06:39:00,2018-09-20T06:36:00,26,-10
http://irail.be/vehicle/IC2004,http://irail.be/stations/NMBS/008821063,IC,2018-09-20T06:44:00,2018-09-20T06:43:00,-71,-71
http://irail.be/vehicle/IC2004,http://irail.be/stations/NMBS/008821089,IC,2018-09-20T06:51:00,2018-09-20T06:47:00,23,83
http://irail.be/vehicle/IC2004,NO-URI,IC,2018-09-20T06:54:00,2018-09-20T06:54:00,,-165
http://irail.be/vehicle/IC2004,http://irail.be/stations/NMBS/008814001,IC,2018-08-24T05:50:00,2018-08-24T05:50:00,-12,
http://irail.be/vehicle/IC2004,http://irail.be/stations/NMBS/008813037,IC,2018-08-24T05:52:00,2018-08-24T05:52:00,21,21
http://irail.be/vehicle/IC2004,http://irail.be/stations/NMBS/008813003,IC,2018-08-24T05:54:00,2018-08-24T05:53:00,32,24
http://irail.be/vehicle/IC2004,http://irail.be/stations/NMBS/008813045,IC,2018-08-24T05:55:00,2018-08-24T05:55:00,38,38
http://irail.be/vehicle/IC2004,http://irail.be/stations/NMBS/008812005,IC,2018-08-24T06:01:00,2018-08-24T05:58:00,30,27
http://irail.be/vehicle/IC2004,http://irail.be/stations/NMBS/008811007,IC,2018-08-24T06:04:00,2018-08-24T06:04:00,-9,-9
http://irail.be/vehicle/IC2004,http://irail.be/stations/NMBS/008811148,IC,2018-08-24T06:07:00,2018-08-24T06:07:00,-30,-30
http://irail.be/vehicle/IC2004,http://irail.be/stations/NMBS/008811189,IC,2018-08-24T06:08:00,2018-08-24T06:08:00,-30,-30
http://irail.be/vehicle/IC2004,http://irail.be/stations/NMBS/008822269,IC,2018-08-24T06:11:00,2018-08-24T06:11:00,-32,-32
http://irail.be/vehicle/IC2004,http://irail.be/stations/NMBS/008822251,IC,2018-08-24T06:12:00,2018-08-24T06:12:00,-104,-104
http://irail.be/vehicle/IC2004,http://irail.be/stations/NMBS/008822004,IC,2018-08-24T06:18:00,2018-08-24T06:16:00,-34,-158
http://irail.be/vehicle/IC2004,http://irail.be/stations/NMBS/008822343,IC,2018-08-24T06:21:00,2018-08-24T06:21:00,-34,-34
http://irail.be/vehicle/IC2004,http://irail.be/stations/NMBS/008822228,IC,2018-08-24T06:23:00,2018-08-24T06:23:00,-110,-110
http://irail.be/vehicle/IC2004,http://irail.be/stations/NMBS/008822210,IC,2018-08-24T06:24:00,2018-08-24T06:24:00,-110,-110
http://irail.be/vehicle/IC2004,http://irail.be/stations/NMBS/008821311,IC,2018-08-24T06:26:00,2018-08-24T06:26:00,-120,-120
http://irail.be/vehicle/IC2004,http://irail.be/stations/NMBS/008821337,IC,2018-08-24T06:27:00,2018-08-24T06:27:00,-129,-129
http://irail.be/vehicle/IC2004,http://irail.be/stations/NMBS/008821238,IC,2018-08-24T06:28:00,2018-08-24T06:28:00,-139,-139
http://irail.be/vehicle/IC2004,http://irail.be/stations/NMBS/008821154,IC,2018-08-24T06:28:00,2018-08-24T06:28:00,-106,-106
http://irail.be/vehicle/IC2004,http://irail.be/stations/NMBS/008821121,IC,2018-08-24T06:31:00,2018-08-24T06:30:00,7,-109
http://irail.be/vehicle/IC2004,http://irail.be/stations/NMBS/008821006,IC,2018-08-24T06:39:00,2018-08-24T06:35:00,18,-68
http://irail.be/vehicle/IC2004,http://irail.be/stations/NMBS/008821063,IC,2018-08-24T06:44:00,2018-08-24T06:43:00,-91,-91
http://irail.be/vehicle/IC2004,http://irail.be/stations/NMBS/008821089,IC,2018-08-24T06:51:00,2018-08-24T06:47:00,-182,47
http://irail.be/vehicle/IC2004,NO-URI,IC,2018-08-24T06:54:00,2018-08-24T06:54:00,,-182
http://irail.be/vehicle/IC2004,http://irail.be/stations/NMBS/008814001,IC,2018-08-22T05:50:00,2018-08-22T05:50:00,-9,
http://irail.be/vehicle/IC2004,http://irail.be/stations/NMBS/008813037,IC,2018-08-22T05:52:00,2018-08-22T05:52:00,23,23
http://irail.be/vehicle/IC2004,http://irail.be/stations/NMBS/008813003,IC,2018-08-22T05:54:00,2018-08-22T05:53:00,31,27
http://irail.be/vehicle/IC2004,http://irail.be/stations/NMBS/008813045,IC,2018-08-22T05:55:00,2018-08-22T05:55:00,35,35
http://irail.be/vehicle/IC2004,http://irail.be/stations/NMBS/008812005,IC,2018-08-22T06:01:00,2018-08-22T05:58:00,23,21
http://irail.be/vehicle/IC2004,http://irail.be/stations/NMBS/008811007,IC,2018-08-22T06:04:00,2018-08-22T06:04:00,-37,-37
http://irail.be/vehicle/IC2004,http://irail.be/stations/NMBS/008811148,IC,2018-08-22T06:07:00,2018-08-22T06:07:00,-58,-58
http://irail.be/vehicle/IC2004,http://irail.be/stations/NMBS/008811189,IC,2018-08-22T06:08:00,2018-08-22T06:08:00,-58,-58
http://irail.be/vehicle/IC2004,http://irail.be/stations/NMBS/008822269,IC,2018-08-22T06:11:00,2018-08-22T06:11:00,-59,-59
http://irail.be/vehicle/IC2004,http://irail.be/stations/NMBS/008822251,IC,2018-08-22T06:12:00,2018-08-22T06:12:00,-125,-125
http://irail.be/vehicle/IC2004,http://irail.be/stations/NMBS/008822004,IC,2018-08-22T06:18:00,2018-08-22T06:16:00,-32,-174
http://irail.be/vehicle/IC2004,http://irail.be/stations/NMBS/008822343,IC,2018-08-22T06:21:00,2018-08-22T06:21:00,-32,-32
http://irail.be/vehicle/IC2004,http://irail.be/stations/NMBS/008822228,IC,2018-08-22T06:23:00,2018-08-22T06:23:00,-102,-102
http://irail.be/vehicle/IC2004,http://irail.be/stations/NMBS/008822210,IC,2018-08-22T06:24:00,2018-08-22T06:24:00,-102,-102
http://irail.be/vehicle/IC2004,http://irail.be/stations/NMBS/008821311,IC,2018-08-22T06:26:00,2018-08-22T06:26:00,-108,-108
http://irail.be/vehicle/IC2004,http://irail.be/stations/NMBS/008821337,IC,2018-08-22T06:27:00,2018-08-22T06:27:00,-113,-113
http://irail.be/vehicle/IC2004,http://irail.be/stations/NMBS/008821238,IC,2018-08-22T06:28:00,2018-08-22T06:28:00,-121,-121
http://irail.be/vehicle/IC2004,http://irail.be/stations/NMBS/008821154,IC,2018-08-22T06:28:00,2018-08-22T06:28:00,-86,-86
http://irail.be/vehicle/IC2004,http://irail.be/stations/NMBS/008821121,IC,2018-08-22T06:31:00,2018-08-22T06:30:00,-2,-95
http://irail.be/vehicle/IC2004,http://irail.be/stations/NMBS/008821006,IC,2018-08-22T06:39:00,2018-08-22T06:35:00,-4,-68
http://irail.be/vehicle/IC2004,http://irail.be/stations/NMBS/008821063,IC,2018-08-22T06:44:00,2018-08-22T06:43:00,-124,-124
http://irail.be/vehicle/IC2004,http://irail.be/stations/NMBS/008821089,IC,2018-08-22T06:51:00,2018-08-22T06:47:00,-226,3
http://irail.be/vehicle/IC2004,NO-URI,IC,2018-08-22T06:54:00,2018-08-22T06:54:00,,-226
http://irail.be/vehicle/IC2004,http://irail.be/stations/NMBS/008814001,IC,2018-11-15T05:50:00,2018-11-15T05:50:00,191,
http://irail.be/vehicle/IC2004,http://irail.be/stations/NMBS/008813037,IC,2018-11-15T05:52:00,2018-11-15T05:52:00,234,234
http://irail.be/vehicle/IC2004,http://irail.be/stations/NMBS/008813003,IC,2018-11-15T05:54:00,2018-11-15T05:53:00,235,238
http://irail.be/vehicle/IC2004,http://irail.be/stations/NMBS/008813045,IC,2018-11-15T05:56:00,2018-11-15T05:56:00,217,217
http://irail.be/vehicle/IC2004,http://irail.be/stations/NMBS/008812005,IC,2018-11-15T06:02:00,2018-11-15T05:58:00,159,302
http://irail.be/vehicle/IC2004,http://irail.be/stations/NMBS/008811007,IC,2018-11-15T06:05:00,2018-11-15T06:05:00,125,125
http://irail.be/vehicle/IC2004,http://irail.be/stations/NMBS/008811148,IC,2018-11-15T06:08:00,2018-11-15T06:08:00,111,111
http://irail.be/vehicle/IC2004,http://irail.be/stations/NMBS/008811189,IC,2018-11-15T06:09:00,2018-11-15T06:09:00,111,111
http://irail.be/vehicle/IC2004,http://irail.be/stations/NMBS/008822269,IC,2018-11-15T06:11:00,2018-11-15T06:11:00,111,111
http://irail.be/vehicle/IC2004,http://irail.be/stations/NMBS/008822251,IC,2018-11-15T06:12:00,2018-11-15T06:12:00,108,108
http://irail.be/vehicle/IC2004,http://irail.be/stations/NMBS/008822004,IC,2018-11-15T06:18:00,2018-11-15T06:16:00,-2,65
http://irail.be/vehicle/IC2004,http://irail.be/stations/NMBS/008822343,IC,2018-11-15T06:21:00,2018-11-15T06:21:00,-2,-2
http://irail.be/vehicle/IC2004,http://irail.be/stations/NMBS/008822228,IC,2018-11-15T06:23:00,2018-11-15T06:23:00,-24,-24
http://irail.be/vehicle/IC2004,http://irail.be/stations/NMBS/008822210,IC,2018-11-15T06:24:00,2018-11-15T06:24:00,-24,-24
http://irail.be/vehicle/IC2004,http://irail.be/stations/NMBS/008821311,IC,2018-11-15T06:26:00,2018-11-15T06:26:00,-28,-28
http://irail.be/vehicle/IC2004,http://irail.be/stations/NMBS/008821337,IC,2018-11-15T06:27:00,2018-11-15T06:27:00,-29,-29
http://irail.be/vehicle/IC2004,http://irail.be/stations/NMBS/008821238,IC,2018-11-15T06:28:00,2018-11-15T06:28:00,-37,-37
http://irail.be/vehicle/IC2004,http://irail.be/stations/NMBS/008821154,IC,2018-11-15T06:28:00,2018-11-15T06:28:00,-3,-3
http://irail.be/vehicle/IC2004,http://irail.be/stations/NMBS/008821121,IC,2018-11-15T06:32:00,2018-11-15T06:30:00,131,-9
http://irail.be/vehicle/IC2004,http://irail.be/stations/NMBS/008821006,IC,2018-11-15T06:36:00,2018-11-15T06:36:00,,136
http://irail.be/vehicle/IC2004,http://irail.be/stations/NMBS/008814001,IC,2018-11-20T05:50:00,2018-11-20T05:50:00,15,
http://irail.be/vehicle/IC2004,http://irail.be/stations/NMBS/008813037,IC,2018-11-20T05:52:00,2018-11-20T05:52:00,65,65
http://irail.be/vehicle/IC2004,http://irail.be/stations/NMBS/008813003,IC,2018-11-20T05:54:00,2018-11-20T05:53:00,169,77
http://irail.be/vehicle/IC2004,http://irail.be/stations/NMBS/008813045,IC,2018-11-20T05:56:00,2018-11-20T05:56:00,151,151
http://irail.be/vehicle/IC2004,http://irail.be/stations/NMBS/008812005,IC,2018-11-20T06:02:00,2018-11-20T05:58:00,80,151
http://irail.be/vehicle/IC2004,http://irail.be/stations/NMBS/008811007,IC,2018-11-20T06:05:00,2018-11-20T06:05:00,46,46
http://irail.be/vehicle/IC2004,http://irail.be/stations/NMBS/008811148,IC,2018-11-20T06:08:00,2018-11-20T06:08:00,34,34
http://irail.be/vehicle/IC2004,http://irail.be/stations/NMBS/008811189,IC,2018-11-20T06:09:00,2018-11-20T06:09:00,34,34
http://irail.be/vehicle/IC2004,http://irail.be/stations/NMBS/008822269,IC,2018-11-20T06:11:00,2018-11-20T06:11:00,35,35
http://irail.be/vehicle/IC2004,http://irail.be/stations/NMBS/008822251,IC,2018-11-20T06:12:00,2018-11-20T06:12:00,31,31
http://irail.be/vehicle/IC2004,http://irail.be/stations/NMBS/008822004,IC,2018-11-20T06:18:00,2018-11-20T06:16:00,-13,-4
http://irail.be/vehicle/IC2004,http://irail.be/stations/NMBS/008822343,IC,2018-11-20T06:21:00,2018-11-20T06:21:00,-13,-13
http://irail.be/vehicle/IC2004,http://irail.be/stations/NMBS/008822228,IC,2018-11-20T06:23:00,2018-11-20T06:23:00,-74,-74
http://irail.be/vehicle/IC2004,http://irail.be/stations/NMBS/008822210,IC,2018-11-20T06:24:00,2018-11-20T06:24:00,-74,-74
http://irail.be/vehicle/IC2004,http://irail.be/stations/NMBS/008821311,IC,2018-11-20T06:26:00,2018-11-20T06:26:00,-76,-76
http://irail.be/vehicle/IC2004,http://irail.be/stations/NMBS/008821337,IC,2018-11-20T06:27:00,2018-11-20T06:27:00,-78,-78
http://irail.be/vehicle/IC2004,http://irail.be/stations/NMBS/008821238,IC,2018-11-20T06:28:00,2018-11-20T06:28:00,-83,-83
http://irail.be/vehicle/IC2004,http://irail.be/stations/NMBS/008821154,IC,2018-11-20T06:28:00,2018-11-20T06:28:00,-50,-50
http://irail.be/vehicle/IC2004,http://irail.be/stations/NMBS/008821121,IC,2018-11-20T06:32:00,2018-11-20T06:30:00,21,-63
http://irail.be/vehicle/IC2004,http://irail.be/stations/NMBS/008821006,IC,2018-11-20T06:39:00,2018-11-20T06:36:00,14,-9
http://irail.be/vehicle/IC2004,http://irail.be/stations/NMBS/008821063,IC,2018-11-20T06:44:00,2018-11-20T06:43:00,-63,-63
http://irail.be/vehicle/IC2004,http://irail.be/stations/NMBS/008821089,IC,2018-11-20T06:51:00,2018-11-20T06:47:00,-16,112
http://irail.be/vehicle/IC2004,NO-URI,IC,2018-11-20T06:54:00,2018-11-20T06:54:00,,-16
http://irail.be/vehicle/IC2004,http://irail.be/stations/NMBS/008814001,IC,2018-07-25T05:50:00,2018-07-25T05:50:00,55,
http://irail.be/vehicle/IC2004,http://irail.be/stations/NMBS/008813037,IC,2018-07-25T05:52:00,2018-07-25T05:52:00,99,99
http://irail.be/vehicle/IC2004,http://irail.be/stations/NMBS/008813003,IC,2018-07-25T05:54:00,2018-07-25T05:53:00,118,101
http://irail.be/vehicle/IC2004,http://irail.be/stations/NMBS/008813045,IC,2018-07-25T05:55:00,2018-07-25T05:55:00,125,125
http://irail.be/vehicle/IC2004,http://irail.be/stations/NMBS/008812005,IC,2018-07-25T06:01:00,2018-07-25T05:58:00,42,111
http://irail.be/vehicle/IC2004,http://irail.be/stations/NMBS/008811007,IC,2018-07-25T06:04:00,2018-07-25T06:04:00,-7,-7
http://irail.be/vehicle/IC2004,http://irail.be/stations/NMBS/008811148,IC,2018-07-25T06:07:00,2018-07-25T06:07:00,-27,-27
http://irail.be/vehicle/IC2004,http://irail.be/stations/NMBS/008811189,IC,2018-07-25T06:08:00,2018-07-25T06:08:00,-27,-27
http://irail.be/vehicle/IC2004,http://irail.be/stations/NMBS/008822269,IC,2018-07-25T06:11:00,2018-07-25T06:11:00,-29,-29
http://irail.be/vehicle/IC2004,http://irail.be/stations/NMBS/008822251,IC,2018-07-25T06:12:00,2018-07-25T06:12:00,-94,-94
http://irail.be/vehicle/IC2004,http://irail.be/stations/NMBS/008822004,IC,2018-07-25T06:18:00,2018-07-25T06:16:00,-28,-156
http://irail.be/vehicle/IC2004,http://irail.be/stations/NMBS/008822343,IC,2018-07-25T06:21:00,2018-07-25T06:21:00,-28,-28
http://irail.be/vehicle/IC2004,http://irail.be/stations/NMBS/008822228,IC,2018-07-25T06:23:00,2018-07-25T06:23:00,-88,-88
http://irail.be/vehicle/IC2004,http://irail.be/stations/NMBS/008822210,IC,2018-07-25T06:24:00,2018-07-25T06:24:00,-88,-88
http://irail.be/vehicle/IC2004,http://irail.be/stations/NMBS/008821311,IC,2018-07-25T06:26:00,2018-07-25T06:26:00,-92,-92
http://irail.be/vehicle/IC2004,http://irail.be/stations/NMBS/008821337,IC,2018-07-25T06:27:00,2018-07-25T06:27:00,-96,-96
http://irail.be/vehicle/IC2004,http://irail.be/stations/NMBS/008821238,IC,2018-07-25T06:28:00,2018-07-25T06:28:00,-100,-100
http://irail.be/vehicle/IC2004,http://irail.be/stations/NMBS/008821154,IC,2018-07-25T06:28:00,2018-07-25T06:28:00,-64,-64
http://irail.be/vehicle/IC2004,http://irail.be/stations/NMBS/008821121,IC,2018-07-25T06:31:00,2018-07-25T06:30:00,1,-68
http://irail.be/vehicle/IC2004,http://irail.be/stations/NMBS/008821006,IC,2018-07-25T06:39:00,2018-07-25T06:35:00,6,-53
http://irail.be/vehicle/IC2004,http://irail.be/stations/NMBS/008821063,IC,2018-07-25T06:44:00,2018-07-25T06:43:00,-111,-111
http://irail.be/vehicle/IC2004,http://irail.be/stations/NMBS/008821089,IC,2018-07-25T06:51:00,2018-07-25T06:47:00,-144,18
http://irail.be/vehicle/IC2004,NO-URI,IC,2018-07-25T06:54:00,2018-07-25T06:54:00,,-144
http://irail.be/vehicle/IC2004,http://irail.be/stations/NMBS/008814001,IC,2018-08-10T05:50:00,2018-08-10T05:50:00,-9,
http://irail.be/vehicle/IC2004,http://irail.be/stations/NMBS/008813037,IC,2018-08-10T05:52:00,2018-08-10T05:52:00,31,31
http://irail.be/vehicle/IC2004,http://irail.be/stations/NMBS/008813003,IC,2018-08-10T05:54:00,2018-08-10T05:53:00,65,44
http://irail.be/vehicle/IC2004,http://irail.be/stations/NMBS/008813045,IC,2018-08-10T05:55:00,2018-08-10T05:55:00,74,74
http://irail.be/vehicle/IC2004,http://irail.be/stations/NMBS/008812005,IC,2018-08-10T06:01:00,2018-08-10T05:58:00,43,63
http://irail.be/vehicle/IC2004,http://irail.be/stations/NMBS/008811007,IC,2018-08-10T06:04:00,2018-08-10T06:04:00,54,54
http://irail.be/vehicle/IC2004,http://irail.be/stations/NMBS/008811148,IC,2018-08-10T06:07:00,2018-08-10T06:07:00,39,39
http://irail.be/vehicle/IC2004,http://irail.be/stations/NMBS/008811189,IC,2018-08-10T06:08:00,2018-08-10T06:08:00,39,39
http://irail.be/vehicle/IC2004,http://irail.be/stations/NMBS/008822269,IC,2018-08-10T06:11:00,2018-08-10T06:11:00,38,38
http://irail.be/vehicle/IC2004,http://irail.be/stations/NMBS/008822251,IC,2018-08-10T06:12:00,2018-08-10T06:12:00,-25,-25
http://irail.be/vehicle/IC2004,http://irail.be/stations/NMBS/008822004,IC,2018-08-10T06:18:00,2018-08-10T06:16:00,-5,-64
http://irail.be/vehicle/IC2004,http://irail.be/stations/NMBS/008822343,IC,2018-08-10T06:21:00,2018-08-10T06:21:00,-5,-5
http://irail.be/vehicle/IC2004,http://irail.be/stations/NMBS/008822228,IC,2018-08-10T06:23:00,2018-08-10T06:23:00,-70,-70
http://irail.be/vehicle/IC2004,http://irail.be/stations/NMBS/008822210,IC,2018-08-10T06:24:00,2018-08-10T06:24:00,-70,-70
http://irail.be/vehicle/IC2004,http://irail.be/stations/NMBS/008821311,IC,2018-08-10T06:26:00,2018-08-10T06:26:00,-73,-73
http://irail.be/vehicle/IC2004,http://irail.be/stations/NMBS/008821337,IC,2018-08-10T06:27:00,2018-08-10T06:27:00,-66,-66
http://irail.be/vehicle/IC2004,http://irail.be/stations/NMBS/008821238,IC,2018-08-10T06:28:00,2018-08-10T06:28:00,-60,-60
http://irail.be/vehicle/IC2004,http://irail.be/stations/NMBS/008821154,IC,2018-08-10T06:28:00,2018-08-10T06:28:00,-18,-18
http://irail.be/vehicle/IC2004,http://irail.be/stations/NMBS/008821121,IC,2018-08-10T06:31:00,2018-08-10T06:30:00,17,-29
http://irail.be/vehicle/IC2004,http://irail.be/stations/NMBS/008821006,IC,2018-08-10T06:39:00,2018-08-10T06:35:00,45,-19
http://irail.be/vehicle/IC2004,http://irail.be/stations/NMBS/008821063,IC,2018-08-10T06:44:00,2018-08-10T06:43:00,-39,-39
http://irail.be/vehicle/IC2004,http://irail.be/stations/NMBS/008821089,IC,2018-08-10T06:51:00,2018-08-10T06:47:00,66,248
http://irail.be/vehicle/IC2004,NO-URI,IC,2018-08-10T06:54:00,2018-08-10T06:54:00,,66
http://irail.be/vehicle/IC2004,http://irail.be/stations/NMBS/008814001,IC,2018-11-27T05:50:00,2018-11-27T05:50:00,26,
http://irail.be/vehicle/IC2004,http://irail.be/stations/NMBS/008813037,IC,2018-11-27T05:52:00,2018-11-27T05:52:00,76,76
http://irail.be/vehicle/IC2004,http://irail.be/stations/NMBS/008813003,IC,2018-11-27T05:54:00,2018-11-27T05:53:00,83,90
http://irail.be/vehicle/IC2004,http://irail.be/stations/NMBS/008813045,IC,2018-11-27T05:56:00,2018-11-27T05:56:00,61,61
http://irail.be/vehicle/IC2004,http://irail.be/stations/NMBS/008812005,IC,2018-11-27T06:02:00,2018-11-27T05:58:00,23,61
http://irail.be/vehicle/IC2004,http://irail.be/stations/NMBS/008811007,IC,2018-11-27T06:05:00,2018-11-27T06:05:00,-14,-14
http://irail.be/vehicle/IC2004,http://irail.be/stations/NMBS/008811148,IC,2018-11-27T06:08:00,2018-11-27T06:08:00,-31,-31
http://irail.be/vehicle/IC2004,http://irail.be/stations/NMBS/008811189,IC,2018-11-27T06:09:00,2018-11-27T06:09:00,-31,-31
http://irail.be/vehicle/IC2004,http://irail.be/stations/NMBS/008822269,IC,2018-11-27T06:11:00,2018-11-27T06:11:00,-30,-30
http://irail.be/vehicle/IC2004,http://irail.be/stations/NMBS/008822251,IC,2018-11-27T06:12:00,2018-11-27T06:12:00,-32,-32
http://irail.be/vehicle/IC2004,http://irail.be/stations/NMBS/008822004,IC,2018-11-27T06:18:00,2018-11-27T06:16:00,-21,-88
http://irail.be/vehicle/IC2004,http://irail.be/stations/NMBS/008822343,IC,2018-11-27T06:21:00,2018-11-27T06:21:00,-21,-21
http://irail.be/vehicle/IC2004,http://irail.be/stations/NMBS/008822228,IC,2018-11-27T06:23:00,2018-11-27T06:23:00,-63,-63
http://irail.be/vehicle/IC2004,http://irail.be/stations/NMBS/008822210,IC,2018-11-27T06:24:00,2018-11-27T06:24:00,-63,-63
http://irail.be/vehicle/IC2004,http://irail.be/stations/NMBS/008821311,IC,2018-11-27T06:26:00,2018-11-27T06:26:00,-55,-55
http://irail.be/vehicle/IC2004,http://irail.be/stations/NMBS/008821337,IC,2018-11-27T06:27:00,2018-11-27T06:27:00,-57,-57
http://irail.be/vehicle/IC2004,http://irail.be/stations/NMBS/008821238,IC,2018-11-27T06:28:00,2018-11-27T06:28:00,-59,-59
http://irail.be/vehicle/IC2004,http://irail.be/stations/NMBS/008821154,IC,2018-11-27T06:28:00,2018-11-27T06:28:00,-17,-17
http://irail.be/vehicle/IC2004,http://irail.be/stations/NMBS/008821121,IC,2018-11-27T06:32:00,2018-11-27T06:30:00,37,7
http://irail.be/vehicle/IC2004,http://irail.be/stations/NMBS/008821006,IC,2018-11-27T06:39:00,2018-11-27T06:36:00,13,2
http://irail.be/vehicle/IC2004,http://irail.be/stations/NMBS/008821063,IC,2018-11-27T06:44:00,2018-11-27T06:43:00,-55,-55
http://irail.be/vehicle/IC2004,http://irail.be/stations/NMBS/008821089,IC,2018-11-27T06:51:00,2018-11-27T06:47:00,-101,128
http://irail.be/vehicle/IC2004,NO-URI,IC,2018-11-27T06:54:00,2018-11-27T06:54:00,,-101
http://irail.be/vehicle/IC2004,http://irail.be/stations/NMBS/008814001,IC,2018-06-04T05:50:00,2018-06-04T05:50:00,143,
http://irail.be/vehicle/IC2004,http://irail.be/stations/NMBS/008813037,IC,2018-06-04T05:52:00,2018-06-04T05:52:00,210,210
http://irail.be/vehicle/IC2004,http://irail.be/stations/NMBS/008813003,IC,2018-06-04T05:54:00,2018-06-04T05:53:00,348,226
http://irail.be/vehicle/IC2004,http://irail.be/stations/NMBS/008813045,IC,2018-06-04T05:55:00,2018-06-04T05:55:00,380,380
http://irail.be/vehicle/IC2004,http://irail.be/stations/NMBS/008812005,IC,2018-06-04T06:01:00,2018-06-04T05:58:00,382,376
http://irail.be/vehicle/IC2004,http://irail.be/stations/NMBS/008811007,IC,2018-06-04T06:04:00,2018-06-04T06:04:00,372,372
http://irail.be/vehicle/IC2004,http://irail.be/stations/NMBS/008811148,IC,2018-06-04T06:07:00,2018-06-04T06:07:00,404,404
http://irail.be/vehicle/IC2004,http://irail.be/stations/NMBS/008811189,IC,2018-06-04T06:08:00,2018-06-04T06:08:00,404,404
http://irail.be/vehicle/IC2004,http://irail.be/stations/NMBS/008822269,IC,2018-06-04T06:11:00,2018-06-04T06:11:00,441,441
http://irail.be/vehicle/IC2004,http://irail.be/stations/NMBS/008822251,IC,2018-06-04T06:12:00,2018-06-04T06:12:00,535,535
http://irail.be/vehicle/IC2004,http://irail.be/stations/NMBS/008822004,IC,2018-06-04T06:18:00,2018-06-04T06:16:00,752,689
http://irail.be/vehicle/IC2004,http://irail.be/stations/NMBS/008822343,IC,2018-06-04T06:21:00,2018-06-04T06:21:00,752,752
http://irail.be/vehicle/IC2004,http://irail.be/stations/NMBS/008822228,IC,2018-06-04T06:23:00,2018-06-04T06:23:00,726,726
http://irail.be/vehicle/IC2004,http://irail.be/stations/NMBS/008822210,IC,2018-06-04T06:24:00,2018-06-04T06:24:00,726,726
http://irail.be/vehicle/IC2004,http://irail.be/stations/NMBS/008821311,IC,2018-06-04T06:26:00,2018-06-04T06:26:00,726,726
http://irail.be/vehicle/IC2004,http://irail.be/stations/NMBS/008821337,IC,2018-06-04T06:27:00,2018-06-04T06:27:00,723,723
http://irail.be/vehicle/IC2004,http://irail.be/stations/NMBS/008821238,IC,2018-06-04T06:28:00,2018-06-04T06:28:00,718,718
http://irail.be/vehicle/IC2004,http://irail.be/stations/NMBS/008821154,IC,2018-06-04T06:28:00,2018-06-04T06:28:00,762,762
http://irail.be/vehicle/IC2004,http://irail.be/stations/NMBS/008821121,IC,2018-06-04T06:31:00,2018-06-04T06:30:00,802,778
http://irail.be/vehicle/IC2004,http://irail.be/stations/NMBS/008821006,IC,2018-06-04T06:40:00,2018-06-04T06:35:00,763,831
http://irail.be/vehicle/IC2004,http://irail.be/stations/NMBS/008821063,IC,2018-06-04T06:45:00,2018-06-04T06:45:00,675,675
http://irail.be/vehicle/IC2004,http://irail.be/stations/NMBS/008821089,IC,2018-06-04T06:47:00,2018-06-04T06:47:00,727,727
http://irail.be/vehicle/IC2004,NO-URI,IC,2018-06-04T06:49:00,2018-06-04T06:49:00,,806
http://irail.be/vehicle/IC2004,http://irail.be/stations/NMBS/008814001,IC,2018-10-29T05:50:00,2018-10-29T05:50:00,-18,
http://irail.be/vehicle/IC2004,http://irail.be/stations/NMBS/008813037,IC,2018-10-29T05:52:00,2018-10-29T05:52:00,22,22
http://irail.be/vehicle/IC2004,http://irail.be/stations/NMBS/008813003,IC,2018-10-29T05:54:00,2018-10-29T05:53:00,36,26
http://irail.be/vehicle/IC2004,http://irail.be/stations/NMBS/008813045,IC,2018-10-29T05:56:00,2018-10-29T05:56:00,13,13
http://irail.be/vehicle/IC2004,http://irail.be/stations/NMBS/008812005,IC,2018-10-29T06:02:00,2018-10-29T05:58:00,26,9
http://irail.be/vehicle/IC2004,http://irail.be/stations/NMBS/008811007,IC,2018-10-29T06:05:00,2018-10-29T06:05:00,-25,-25
http://irail.be/vehicle/IC2004,http://irail.be/stations/NMBS/008811148,IC,2018-10-29T06:08:00,2018-10-29T06:08:00,-42,-42
http://irail.be/vehicle/IC2004,http://irail.be/stations/NMBS/008811189,IC,2018-10-29T06:09:00,2018-10-29T06:09:00,-42,-42
http://irail.be/vehicle/IC2004,http://irail.be/stations/NMBS/008822269,IC,2018-10-29T06:11:00,2018-10-29T06:11:00,-42,-42
http://irail.be/vehicle/IC2004,http://irail.be/stations/NMBS/008822251,IC,2018-10-29T06:12:00,2018-10-29T06:12:00,-47,-47
http://irail.be/vehicle/IC2004,http://irail.be/stations/NMBS/008822004,IC,2018-10-29T06:18:00,2018-10-29T06:16:00,-20,-103
http://irail.be/vehicle/IC2004,http://irail.be/stations/NMBS/008822343,IC,2018-10-29T06:21:00,2018-10-29T06:21:00,-20,-20
http://irail.be/vehicle/IC2004,http://irail.be/stations/NMBS/008822228,IC,2018-10-29T06:23:00,2018-10-29T06:23:00,-63,-63
http://irail.be/vehicle/IC2004,http://irail.be/stations/NMBS/008822210,IC,2018-10-29T06:24:00,2018-10-29T06:24:00,-63,-63
http://irail.be/vehicle/IC2004,http://irail.be/stations/NMBS/008821311,IC,2018-10-29T06:26:00,2018-10-29T06:26:00,-70,-70
http://irail.be/vehicle/IC2004,http://irail.be/stations/NMBS/008821337,IC,2018-10-29T06:27:00,2018-10-29T06:27:00,-76,-76
http://irail.be/vehicle/IC2004,http://irail.be/stations/NMBS/008821238,IC,2018-10-29T06:28:00,2018-10-29T06:28:00,-85,-85
http://irail.be/vehicle/IC2004,http://irail.be/stations/NMBS/008821154,IC,2018-10-29T06:28:00,2018-10-29T06:28:00,-53,-53
http://irail.be/vehicle/IC2004,http://irail.be/stations/NMBS/008821121,IC,2018-10-29T06:32:00,2018-10-29T06:30:00,10,-68
http://irail.be/vehicle/IC2004,http://irail.be/stations/NMBS/008821006,IC,2018-10-29T06:39:00,2018-10-29T06:36:00,34,-36
http://irail.be/vehicle/IC2004,http://irail.be/stations/NMBS/008821063,IC,2018-10-29T06:44:00,2018-10-29T06:43:00,-83,-83
http://irail.be/vehicle/IC2004,http://irail.be/stations/NMBS/008821089,IC,2018-10-29T06:51:00,2018-10-29T06:47:00,64,54
http://irail.be/vehicle/IC2004,NO-URI,IC,2018-10-29T06:54:00,2018-10-29T06:54:00,,64
http://irail.be/vehicle/IC2004,http://irail.be/stations/NMBS/008814001,IC,2018-09-10T05:50:00,2018-09-10T05:50:00,4,
http://irail.be/vehicle/IC2004,http://irail.be/stations/NMBS/008813037,IC,2018-09-10T05:52:00,2018-09-10T05:52:00,48,48
http://irail.be/vehicle/IC2004,http://irail.be/stations/NMBS/008813003,IC,2018-09-10T05:54:00,2018-09-10T05:53:00,64,57
http://irail.be/vehicle/IC2004,http://irail.be/stations/NMBS/008813045,IC,2018-09-10T05:56:00,2018-09-10T05:56:00,58,58
http://irail.be/vehicle/IC2004,http://irail.be/stations/NMBS/008812005,IC,2018-09-10T06:02:00,2018-09-10T05:58:00,32,57
http://irail.be/vehicle/IC2004,http://irail.be/stations/NMBS/008811007,IC,2018-09-10T06:05:00,2018-09-10T06:05:00,-15,-15
http://irail.be/vehicle/IC2004,http://irail.be/stations/NMBS/008811148,IC,2018-09-10T06:08:00,2018-09-10T06:08:00,-24,-24
http://irail.be/vehicle/IC2004,http://irail.be/stations/NMBS/008811189,IC,2018-09-10T06:09:00,2018-09-10T06:09:00,-24,-24
http://irail.be/vehicle/IC2004,http://irail.be/stations/NMBS/008822269,IC,2018-09-10T06:11:00,2018-09-10T06:11:00,-23,-23
http://irail.be/vehicle/IC2004,http://irail.be/stations/NMBS/008822251,IC,2018-09-10T06:12:00,2018-09-10T06:12:00,-26,-26
http://irail.be/vehicle/IC2004,http://irail.be/stations/NMBS/008822004,IC,2018-09-10T06:18:00,2018-09-10T06:16:00,-13,-63
http://irail.be/vehicle/IC2004,http://irail.be/stations/NMBS/008822343,IC,2018-09-10T06:21:00,2018-09-10T06:21:00,-13,-13
http://irail.be/vehicle/IC2004,http://irail.be/stations/NMBS/008822228,IC,2018-09-10T06:23:00,2018-09-10T06:23:00,-43,-43
http://irail.be/vehicle/IC2004,http://irail.be/stations/NMBS/008822210,IC,2018-09-10T06:24:00,2018-09-10T06:24:00,-43,-43
http://irail.be/vehicle/IC2004,http://irail.be/stations/NMBS/008821311,IC,2018-09-10T06:26:00,2018-09-10T06:26:00,-35,-35
http://irail.be/vehicle/IC2004,http://irail.be/stations/NMBS/008821337,IC,2018-09-10T06:27:00,2018-09-10T06:27:00,-38,-38
http://irail.be/vehicle/IC2004,http://irail.be/stations/NMBS/008821238,IC,2018-09-10T06:28:00,2018-09-10T06:28:00,-44,-44
http://irail.be/vehicle/IC2004,http://irail.be/stations/NMBS/008821154,IC,2018-09-10T06:28:00,2018-09-10T06:28:00,-11,-11
http://irail.be/vehicle/IC2004,http://irail.be/stations/NMBS/008821121,IC,2018-09-10T06:32:00,2018-09-10T06:30:00,42,-8
http://irail.be/vehicle/IC2004,http://irail.be/stations/NMBS/008821006,IC,2018-09-10T06:39:00,2018-09-10T06:36:00,13,4
http://irail.be/vehicle/IC2004,http://irail.be/stations/NMBS/008821063,IC,2018-09-10T06:44:00,2018-09-10T06:43:00,-81,-81
http://irail.be/vehicle/IC2004,http://irail.be/stations/NMBS/008821089,IC,2018-09-10T06:51:00,2018-09-10T06:47:00,386,446
http://irail.be/vehicle/IC2004,NO-URI,IC,2018-09-10T06:54:00,2018-09-10T06:54:00,,204
http://irail.be/vehicle/IC2004,http://irail.be/stations/NMBS/008814001,IC,2018-11-29T05:50:00,2018-11-29T05:50:00,8,
http://irail.be/vehicle/IC2004,http://irail.be/stations/NMBS/008813037,IC,2018-11-29T05:52:00,2018-11-29T05:52:00,36,36
http://irail.be/vehicle/IC2004,http://irail.be/stations/NMBS/008813003,IC,2018-11-29T05:54:00,2018-11-29T05:53:00,20,38
http://irail.be/vehicle/IC2004,http://irail.be/stations/NMBS/008813045,IC,2018-11-29T05:56:00,2018-11-29T05:56:00,-8,-8
http://irail.be/vehicle/IC2004,http://irail.be/stations/NMBS/008812005,IC,2018-11-29T06:02:00,2018-11-29T05:58:00,48,-11
http://irail.be/vehicle/IC2004,http://irail.be/stations/NMBS/008811007,IC,2018-11-29T06:05:00,2018-11-29T06:05:00,-9,-9
http://irail.be/vehicle/IC2004,http://irail.be/stations/NMBS/008811148,IC,2018-11-29T06:08:00,2018-11-29T06:08:00,-31,-31
http://irail.be/vehicle/IC2004,http://irail.be/stations/NMBS/008811189,IC,2018-11-29T06:09:00,2018-11-29T06:09:00,-31,-31
http://irail.be/vehicle/IC2004,http://irail.be/stations/NMBS/008822269,IC,2018-11-29T06:11:00,2018-11-29T06:11:00,-27,-27
http://irail.be/vehicle/IC2004,http://irail.be/stations/NMBS/008822251,IC,2018-11-29T06:12:00,2018-11-29T06:12:00,-37,-37
http://irail.be/vehicle/IC2004,http://irail.be/stations/NMBS/008822004,IC,2018-11-29T06:18:00,2018-11-29T06:16:00,-22,-85
http://irail.be/vehicle/IC2004,http://irail.be/stations/NMBS/008822343,IC,2018-11-29T06:21:00,2018-11-29T06:21:00,-22,-22
http://irail.be/vehicle/IC2004,http://irail.be/stations/NMBS/008822228,IC,2018-11-29T06:23:00,2018-11-29T06:23:00,-102,-102
http://irail.be/vehicle/IC2004,http://irail.be/stations/NMBS/008822210,IC,2018-11-29T06:24:00,2018-11-29T06:24:00,-102,-102
http://irail.be/vehicle/IC2004,http://irail.be/stations/NMBS/008821311,IC,2018-11-29T06:26:00,2018-11-29T06:26:00,-114,-114
http://irail.be/vehicle/IC2004,http://irail.be/stations/NMBS/008821337,IC,2018-11-29T06:27:00,2018-11-29T06:27:00,-124,-124
http://irail.be/vehicle/IC2004,http://irail.be/stations/NMBS/008821238,IC,2018-11-29T06:28:00,2018-11-29T06:28:00,-134,-134
http://irail.be/vehicle/IC2004,http://irail.be/stations/NMBS/008821154,IC,2018-11-29T06:28:00,2018-11-29T06:28:00,-102,-102
http://irail.be/vehicle/IC2004,http://irail.be/stations/NMBS/008821121,IC,2018-11-29T06:32:00,2018-11-29T06:30:00,20,-85
http://irail.be/vehicle/IC2004,http://irail.be/stations/NMBS/008821006,IC,2018-11-29T06:39:00,2018-11-29T06:36:00,12,-19
http://irail.be/vehicle/IC2004,http://irail.be/stations/NMBS/008821063,IC,2018-11-29T06:44:00,2018-11-29T06:43:00,-87,-87
http://irail.be/vehicle/IC2004,http://irail.be/stations/NMBS/008821089,IC,2018-11-29T06:51:00,2018-11-29T06:47:00,-75,139
http://irail.be/vehicle/IC2004,NO-URI,IC,2018-11-29T06:54:00,2018-11-29T06:54:00,,-75
http://irail.be/vehicle/IC2004,http://irail.be/stations/NMBS/008814001,IC,2018-03-01T05:50:00,2018-03-01T05:50:00,13,
http://irail.be/vehicle/IC2004,http://irail.be/stations/NMBS/008813037,IC,2018-03-01T05:52:00,2018-03-01T05:52:00,67,67
http://irail.be/vehicle/IC2004,http://irail.be/stations/NMBS/008813003,IC,2018-03-01T05:54:00,2018-03-01T05:53:00,100,84
http://irail.be/vehicle/IC2004,http://irail.be/stations/NMBS/008813045,IC,2018-03-01T05:55:00,2018-03-01T05:55:00,108,108
http://irail.be/vehicle/IC2004,http://irail.be/stations/NMBS/008812005,IC,2018-03-01T06:01:00,2018-03-01T05:58:00,63,106
http://irail.be/vehicle/IC2004,http://irail.be/stations/NMBS/008811007,IC,2018-03-01T06:04:00,2018-03-01T06:04:00,51,51
http://irail.be/vehicle/IC2004,http://irail.be/stations/NMBS/008811148,IC,2018-03-01T06:07:00,2018-03-01T06:07:00,34,34
http://irail.be/vehicle/IC2004,http://irail.be/stations/NMBS/008811189,IC,2018-03-01T06:08:00,2018-03-01T06:08:00,34,34
http://irail.be/vehicle/IC2004,http://irail.be/stations/NMBS/008822269,IC,2018-03-01T06:11:00,2018-03-01T06:11:00,35,35
http://irail.be/vehicle/IC2004,http://irail.be/stations/NMBS/008822251,IC,2018-03-01T06:12:00,2018-03-01T06:12:00,-27,-27
http://irail.be/vehicle/IC2004,http://irail.be/stations/NMBS/008822004,IC,2018-03-01T06:18:00,2018-03-01T06:16:00,23,-81
http://irail.be/vehicle/IC2004,http://irail.be/stations/NMBS/008822343,IC,2018-03-01T06:20:00,2018-03-01T06:20:00,23,23
http://irail.be/vehicle/IC2004,http://irail.be/stations/NMBS/008822228,IC,2018-03-01T06:23:00,2018-03-01T06:23:00,-48,-48
http://irail.be/vehicle/IC2004,http://irail.be/stations/NMBS/008822210,IC,2018-03-01T06:24:00,2018-03-01T06:24:00,-48,-48
http://irail.be/vehicle/IC2004,http://irail.be/stations/NMBS/008821311,IC,2018-03-01T06:26:00,2018-03-01T06:26:00,-48,-48
http://irail.be/vehicle/IC2004,http://irail.be/stations/NMBS/008821337,IC,2018-03-01T06:27:00,2018-03-01T06:27:00,-52,-52
http://irail.be/vehicle/IC2004,http://irail.be/stations/NMBS/008821238,IC,2018-03-01T06:28:00,2018-03-01T06:28:00,-59,-59
http://irail.be/vehicle/IC2004,http://irail.be/stations/NMBS/008821154,IC,2018-03-01T06:29:00,2018-03-01T06:29:00,-76,-76
http://irail.be/vehicle/IC2004,http://irail.be/stations/NMBS/008821121,IC,2018-03-01T06:31:00,2018-03-01T06:30:00,14,-27
http://irail.be/vehicle/IC2004,http://irail.be/stations/NMBS/008821006,IC,2018-03-01T06:39:00,2018-03-01T06:35:00,-89,-14
http://irail.be/vehicle/IC2004,http://irail.be/stations/NMBS/008821063,IC,2018-03-01T06:43:00,2018-03-01T06:43:00,-120,-120
http://irail.be/vehicle/IC2004,http://irail.be/stations/NMBS/008821089,IC,2018-03-01T06:46:00,2018-03-01T06:46:00,165,165
http://irail.be/vehicle/IC2004,NO-URI,IC,2018-03-01T06:49:00,2018-03-01T06:49:00,,180
http://irail.be/vehicle/IC2004,http://irail.be/stations/NMBS/008814001,IC,2018-01-09T05:50:00,2018-01-09T05:50:00,19,
http://irail.be/vehicle/IC2004,http://irail.be/stations/NMBS/008813037,IC,2018-01-09T05:52:00,2018-01-09T05:52:00,71,71
http://irail.be/vehicle/IC2004,http://irail.be/stations/NMBS/008813003,IC,2018-01-09T05:54:00,2018-01-09T05:53:00,90,75
http://irail.be/vehicle/IC2004,http://irail.be/stations/NMBS/008813045,IC,2018-01-09T05:55:00,2018-01-09T05:55:00,98,98
http://irail.be/vehicle/IC2004,http://irail.be/stations/NMBS/008812005,IC,2018-01-09T06:01:00,2018-01-09T05:58:00,54,95
http://irail.be/vehicle/IC2004,http://irail.be/stations/NMBS/008811007,IC,2018-01-09T06:04:00,2018-01-09T06:04:00,27,27
http://irail.be/vehicle/IC2004,http://irail.be/stations/NMBS/008811148,IC,2018-01-09T06:07:00,2018-01-09T06:07:00,40,40
http://irail.be/vehicle/IC2004,http://irail.be/stations/NMBS/008811189,IC,2018-01-09T06:08:00,2018-01-09T06:08:00,40,40
http://irail.be/vehicle/IC2004,http://irail.be/stations/NMBS/008822269,IC,2018-01-09T06:11:00,2018-01-09T06:11:00,52,52
http://irail.be/vehicle/IC2004,http://irail.be/stations/NMBS/008822251,IC,2018-01-09T06:12:00,2018-01-09T06:12:00,0,0
http://irail.be/vehicle/IC2004,http://irail.be/stations/NMBS/008822004,IC,2018-01-09T06:18:00,2018-01-09T06:16:00,11,-45
http://irail.be/vehicle/IC2004,http://irail.be/stations/NMBS/008822343,IC,2018-01-09T06:20:00,2018-01-09T06:20:00,11,11
http://irail.be/vehicle/IC2004,http://irail.be/stations/NMBS/008822228,IC,2018-01-09T06:23:00,2018-01-09T06:23:00,-8,-8
http://irail.be/vehicle/IC2004,http://irail.be/stations/NMBS/008822210,IC,2018-01-09T06:24:00,2018-01-09T06:24:00,-8,-8
http://irail.be/vehicle/IC2004,http://irail.be/stations/NMBS/008821311,IC,2018-01-09T06:26:00,2018-01-09T06:26:00,-8,-8
http://irail.be/vehicle/IC2004,http://irail.be/stations/NMBS/008821337,IC,2018-01-09T06:27:00,2018-01-09T06:27:00,-12,-12
http://irail.be/vehicle/IC2004,http://irail.be/stations/NMBS/008821238,IC,2018-01-09T06:28:00,2018-01-09T06:28:00,-18,-18
http://irail.be/vehicle/IC2004,http://irail.be/stations/NMBS/008821154,IC,2018-01-09T06:29:00,2018-01-09T06:29:00,-33,-33
http://irail.be/vehicle/IC2004,http://irail.be/stations/NMBS/008821121,IC,2018-01-09T06:31:00,2018-01-09T06:30:00,37,2
http://irail.be/vehicle/IC2004,http://irail.be/stations/NMBS/008821006,IC,2018-01-09T06:39:00,2018-01-09T06:35:00,-3,-9
http://irail.be/vehicle/IC2004,http://irail.be/stations/NMBS/008821063,IC,2018-01-09T06:43:00,2018-01-09T06:43:00,-61,-61
http://irail.be/vehicle/IC2004,http://irail.be/stations/NMBS/008821089,IC,2018-01-09T06:46:00,2018-01-09T06:46:00,47,47
http://irail.be/vehicle/IC2004,NO-URI,IC,2018-01-09T06:49:00,2018-01-09T06:49:00,,41
http://irail.be/vehicle/IC2004,http://irail.be/stations/NMBS/008814001,IC,2018-02-19T05:50:00,2018-02-19T05:50:00,24,
http://irail.be/vehicle/IC2004,http://irail.be/stations/NMBS/008813037,IC,2018-02-19T05:52:00,2018-02-19T05:52:00,69,69
http://irail.be/vehicle/IC2004,http://irail.be/stations/NMBS/008813003,IC,2018-02-19T05:54:00,2018-02-19T05:53:00,85,78
http://irail.be/vehicle/IC2004,http://irail.be/stations/NMBS/008813045,IC,2018-02-19T05:56:00,2018-02-19T05:56:00,73,73
http://irail.be/vehicle/IC2004,http://irail.be/stations/NMBS/008812005,IC,2018-02-19T06:01:00,2018-02-19T05:58:00,53,72
http://irail.be/vehicle/IC2004,http://irail.be/stations/NMBS/008811007,IC,2018-02-19T06:04:00,2018-02-19T06:04:00,9,9
http://irail.be/vehicle/IC2004,http://irail.be/stations/NMBS/008811148,IC,2018-02-19T06:07:00,2018-02-19T06:07:00,-1,-1
http://irail.be/vehicle/IC2004,http://irail.be/stations/NMBS/008811189,IC,2018-02-19T06:08:00,2018-02-19T06:08:00,-1,-1
http://irail.be/vehicle/IC2004,http://irail.be/stations/NMBS/008822269,IC,2018-02-19T06:11:00,2018-02-19T06:11:00,1,1
http://irail.be/vehicle/IC2004,http://irail.be/stations/NMBS/008822251,IC,2018-02-19T06:12:00,2018-02-19T06:12:00,-59,-59
http://irail.be/vehicle/IC2004,http://irail.be/stations/NMBS/008822004,IC,2018-02-19T06:18:00,2018-02-19T06:16:00,13,-111
http://irail.be/vehicle/IC2004,http://irail.be/stations/NMBS/008822343,IC,2018-02-19T06:21:00,2018-02-19T06:21:00,13,13
http://irail.be/vehicle/IC2004,http://irail.be/stations/NMBS/008822228,IC,2018-02-19T06:23:00,2018-02-19T06:23:00,-35,-35
http://irail.be/vehicle/IC2004,http://irail.be/stations/NMBS/008822210,IC,2018-02-19T06:24:00,2018-02-19T06:24:00,-35,-35
http://irail.be/vehicle/IC2004,http://irail.be/stations/NMBS/008821311,IC,2018-02-19T06:26:00,2018-02-19T06:26:00,-35,-35
http://irail.be/vehicle/IC2004,http://irail.be/stations/NMBS/008821337,IC,2018-02-19T06:27:00,2018-02-19T06:27:00,-37,-37
http://irail.be/vehicle/IC2004,http://irail.be/stations/NMBS/008821238,IC,2018-02-19T06:28:00,2018-02-19T06:28:00,-44,-44
http://irail.be/vehicle/IC2004,http://irail.be/stations/NMBS/008821154,IC,2018-02-19T06:28:00,2018-02-19T06:28:00,-10,-10
http://irail.be/vehicle/IC2004,http://irail.be/stations/NMBS/008821121,IC,2018-02-19T06:31:00,2018-02-19T06:30:00,44,-16
http://irail.be/vehicle/IC2004,http://irail.be/stations/NMBS/008821006,IC,2018-02-19T06:39:00,2018-02-19T06:35:00,-23,-12
http://irail.be/vehicle/IC2004,http://irail.be/stations/NMBS/008821063,IC,2018-02-19T06:43:00,2018-02-19T06:43:00,-40,-40
http://irail.be/vehicle/IC2004,http://irail.be/stations/NMBS/008821089,IC,2018-02-19T06:46:00,2018-02-19T06:46:00,-84,-84
http://irail.be/vehicle/IC2004,NO-URI,IC,2018-02-19T06:49:00,2018-02-19T06:49:00,,-67
http://irail.be/vehicle/IC2004,http://irail.be/stations/NMBS/008814001,IC,2018-11-22T05:50:00,2018-11-22T05:50:00,-15,
http://irail.be/vehicle/IC2004,http://irail.be/stations/NMBS/008813037,IC,2018-11-22T05:52:00,2018-11-22T05:52:00,54,54
http://irail.be/vehicle/IC2004,http://irail.be/stations/NMBS/008813003,IC,2018-11-22T05:54:00,2018-11-22T05:53:00,72,72
http://irail.be/vehicle/IC2004,http://irail.be/stations/NMBS/008813045,IC,2018-11-22T05:56:00,2018-11-22T05:56:00,53,53
http://irail.be/vehicle/IC2004,http://irail.be/stations/NMBS/008812005,IC,2018-11-22T06:02:00,2018-11-22T05:58:00,173,121
http://irail.be/vehicle/IC2004,http://irail.be/stations/NMBS/008811007,IC,2018-11-22T06:05:00,2018-11-22T06:05:00,115,115
http://irail.be/vehicle/IC2004,http://irail.be/stations/NMBS/008811148,IC,2018-11-22T06:08:00,2018-11-22T06:08:00,334,334
http://irail.be/vehicle/IC2004,http://irail.be/stations/NMBS/008811189,IC,2018-11-22T06:09:00,2018-11-22T06:09:00,334,334
http://irail.be/vehicle/IC2004,http://irail.be/stations/NMBS/008822269,IC,2018-11-22T06:11:00,2018-11-22T06:11:00,335,335
http://irail.be/vehicle/IC2004,http://irail.be/stations/NMBS/008822251,IC,2018-11-22T06:12:00,2018-11-22T06:12:00,331,331
http://irail.be/vehicle/IC2004,http://irail.be/stations/NMBS/008822004,IC,2018-11-22T06:18:00,2018-11-22T06:16:00,187,276
http://irail.be/vehicle/IC2004,http://irail.be/stations/NMBS/008822343,IC,2018-11-22T06:21:00,2018-11-22T06:21:00,187,187
http://irail.be/vehicle/IC2004,http://irail.be/stations/NMBS/008822228,IC,2018-11-22T06:23:00,2018-11-22T06:23:00,152,152
http://irail.be/vehicle/IC2004,http://irail.be/stations/NMBS/008822210,IC,2018-11-22T06:24:00,2018-11-22T06:24:00,152,152
http://irail.be/vehicle/IC2004,http://irail.be/stations/NMBS/008821311,IC,2018-11-22T06:26:00,2018-11-22T06:26:00,147,147
http://irail.be/vehicle/IC2004,http://irail.be/stations/NMBS/008821337,IC,2018-11-22T06:27:00,2018-11-22T06:27:00,142,142
http://irail.be/vehicle/IC2004,http://irail.be/stations/NMBS/008821238,IC,2018-11-22T06:28:00,2018-11-22T06:28:00,133,133
http://irail.be/vehicle/IC2004,http://irail.be/stations/NMBS/008821154,IC,2018-11-22T06:28:00,2018-11-22T06:28:00,166,166
http://irail.be/vehicle/IC2004,http://irail.be/stations/NMBS/008821121,IC,2018-11-22T06:32:00,2018-11-22T06:30:00,140,162
http://irail.be/vehicle/IC2004,http://irail.be/stations/NMBS/008821006,IC,2018-11-22T06:39:00,2018-11-22T06:36:00,20,90
http://irail.be/vehicle/IC2004,http://irail.be/stations/NMBS/008821063,IC,2018-11-22T06:44:00,2018-11-22T06:43:00,-68,-68
http://irail.be/vehicle/IC2004,http://irail.be/stations/NMBS/008821089,IC,2018-11-22T06:51:00,2018-11-22T06:47:00,3,63
http://irail.be/vehicle/IC2004,NO-URI,IC,2018-11-22T06:54:00,2018-11-22T06:54:00,,-200
http://irail.be/vehicle/IC2004,http://irail.be/stations/NMBS/008814001,IC,2018-11-21T05:50:00,2018-11-21T05:50:00,5,
http://irail.be/vehicle/IC2004,http://irail.be/stations/NMBS/008813037,IC,2018-11-21T05:52:00,2018-11-21T05:52:00,43,43
http://irail.be/vehicle/IC2004,http://irail.be/stations/NMBS/008813003,IC,2018-11-21T05:54:00,2018-11-21T05:53:00,80,50
http://irail.be/vehicle/IC2004,http://irail.be/stations/NMBS/008813045,IC,2018-11-21T05:56:00,2018-11-21T05:56:00,62,62
http://irail.be/vehicle/IC2004,http://irail.be/stations/NMBS/008812005,IC,2018-11-21T06:02:00,2018-11-21T05:58:00,25,62
http://irail.be/vehicle/IC2004,http://irail.be/stations/NMBS/008811007,IC,2018-11-21T06:05:00,2018-11-21T06:05:00,-8,-8
http://irail.be/vehicle/IC2004,http://irail.be/stations/NMBS/008811148,IC,2018-11-21T06:08:00,2018-11-21T06:08:00,-22,-22
http://irail.be/vehicle/IC2004,http://irail.be/stations/NMBS/008811189,IC,2018-11-21T06:09:00,2018-11-21T06:09:00,-22,-22
http://irail.be/vehicle/IC2004,http://irail.be/stations/NMBS/008822269,IC,2018-11-21T06:11:00,2018-11-21T06:11:00,-17,-17
http://irail.be/vehicle/IC2004,http://irail.be/stations/NMBS/008822251,IC,2018-11-21T06:12:00,2018-11-21T06:12:00,-4,-4
http://irail.be/vehicle/IC2004,http://irail.be/stations/NMBS/008822004,IC,2018-11-21T06:18:00,2018-11-21T06:16:00,-21,-36
http://irail.be/vehicle/IC2004,http://irail.be/stations/NMBS/008822343,IC,2018-11-21T06:21:00,2018-11-21T06:21:00,-21,-21
http://irail.be/vehicle/IC2004,http://irail.be/stations/NMBS/008822228,IC,2018-11-21T06:23:00,2018-11-21T06:23:00,-76,-76
http://irail.be/vehicle/IC2004,http://irail.be/stations/NMBS/008822210,IC,2018-11-21T06:24:00,2018-11-21T06:24:00,-76,-76
http://irail.be/vehicle/IC2004,http://irail.be/stations/NMBS/008821311,IC,2018-11-21T06:26:00,2018-11-21T06:26:00,-72,-72
http://irail.be/vehicle/IC2004,http://irail.be/stations/NMBS/008821337,IC,2018-11-21T06:27:00,2018-11-21T06:27:00,-74,-74
http://irail.be/vehicle/IC2004,http://irail.be/stations/NMBS/008821238,IC,2018-11-21T06:28:00,2018-11-21T06:28:00,-75,-75
http://irail.be/vehicle/IC2004,http://irail.be/stations/NMBS/008821154,IC,2018-11-21T06:28:00,2018-11-21T06:28:00,-37,-37
http://irail.be/vehicle/IC2004,http://irail.be/stations/NMBS/008821121,IC,2018-11-21T06:32:00,2018-11-21T06:30:00,4,-24
http://irail.be/vehicle/IC2004,http://irail.be/stations/NMBS/008821006,IC,2018-11-21T06:39:00,2018-11-21T06:36:00,10,-30
http://irail.be/vehicle/IC2004,http://irail.be/stations/NMBS/008821063,IC,2018-11-21T06:44:00,2018-11-21T06:43:00,-79,-79
http://irail.be/vehicle/IC2004,http://irail.be/stations/NMBS/008821089,IC,2018-11-21T06:51:00,2018-11-21T06:47:00,37,97
http://irail.be/vehicle/IC2004,NO-URI,IC,2018-11-21T06:54:00,2018-11-21T06:54:00,,-146
http://irail.be/vehicle/IC2004,http://irail.be/stations/NMBS/008814001,IC,2018-10-03T05:50:00,2018-10-03T05:50:00,-3,
http://irail.be/vehicle/IC2004,http://irail.be/stations/NMBS/008813037,IC,2018-10-03T05:52:00,2018-10-03T05:52:00,35,35
http://irail.be/vehicle/IC2004,http://irail.be/stations/NMBS/008813003,IC,2018-10-03T05:54:00,2018-10-03T05:53:00,56,47
http://irail.be/vehicle/IC2004,http://irail.be/stations/NMBS/008813045,IC,2018-10-03T05:56:00,2018-10-03T05:56:00,40,40
http://irail.be/vehicle/IC2004,http://irail.be/stations/NMBS/008812005,IC,2018-10-03T06:02:00,2018-10-03T05:58:00,193,39
http://irail.be/vehicle/IC2004,http://irail.be/stations/NMBS/008811007,IC,2018-10-03T06:05:00,2018-10-03T06:05:00,150,150
http://irail.be/vehicle/IC2004,http://irail.be/stations/NMBS/008811148,IC,2018-10-03T06:08:00,2018-10-03T06:08:00,141,141
http://irail.be/vehicle/IC2004,http://irail.be/stations/NMBS/008811189,IC,2018-10-03T06:09:00,2018-10-03T06:09:00,141,141
http://irail.be/vehicle/IC2004,http://irail.be/stations/NMBS/008822269,IC,2018-10-03T06:11:00,2018-10-03T06:11:00,142,142
http://irail.be/vehicle/IC2004,http://irail.be/stations/NMBS/008822251,IC,2018-10-03T06:12:00,2018-10-03T06:12:00,143,143
http://irail.be/vehicle/IC2004,http://irail.be/stations/NMBS/008822004,IC,2018-10-03T06:18:00,2018-10-03T06:16:00,5,100
http://irail.be/vehicle/IC2004,http://irail.be/stations/NMBS/008822343,IC,2018-10-03T06:21:00,2018-10-03T06:21:00,5,5
http://irail.be/vehicle/IC2004,http://irail.be/stations/NMBS/008822228,IC,2018-10-03T06:23:00,2018-10-03T06:23:00,-47,-47
http://irail.be/vehicle/IC2004,http://irail.be/stations/NMBS/008822210,IC,2018-10-03T06:24:00,2018-10-03T06:24:00,-47,-47
http://irail.be/vehicle/IC2004,http://irail.be/stations/NMBS/008821311,IC,2018-10-03T06:26:00,2018-10-03T06:26:00,-49,-49
http://irail.be/vehicle/IC2004,http://irail.be/stations/NMBS/008821337,IC,2018-10-03T06:27:00,2018-10-03T06:27:00,-51,-51
http://irail.be/vehicle/IC2004,http://irail.be/stations/NMBS/008821238,IC,2018-10-03T06:28:00,2018-10-03T06:28:00,-58,-58
http://irail.be/vehicle/IC2004,http://irail.be/stations/NMBS/008821154,IC,2018-10-03T06:28:00,2018-10-03T06:28:00,-24,-24
http://irail.be/vehicle/IC2004,http://irail.be/stations/NMBS/008821121,IC,2018-10-03T06:32:00,2018-10-03T06:30:00,-29,-21
http://irail.be/vehicle/IC2004,http://irail.be/stations/NMBS/008821006,IC,2018-10-03T06:39:00,2018-10-03T06:36:00,5,-86
http://irail.be/vehicle/IC2004,http://irail.be/stations/NMBS/008821063,IC,2018-10-03T06:44:00,2018-10-03T06:43:00,-95,-95
http://irail.be/vehicle/IC2004,http://irail.be/stations/NMBS/008821089,IC,2018-10-03T06:51:00,2018-10-03T06:47:00,-14,46
http://irail.be/vehicle/IC2004,NO-URI,IC,2018-10-03T06:54:00,2018-10-03T06:54:00,,-200
http://irail.be/vehicle/IC2004,http://irail.be/stations/NMBS/008814001,IC,2018-02-26T05:50:00,2018-02-26T05:50:00,15,
http://irail.be/vehicle/IC2004,http://irail.be/stations/NMBS/008813037,IC,2018-02-26T05:52:00,2018-02-26T05:52:00,62,62
http://irail.be/vehicle/IC2004,http://irail.be/stations/NMBS/008813003,IC,2018-02-26T05:54:00,2018-02-26T05:53:00,69,65
http://irail.be/vehicle/IC2004,http://irail.be/stations/NMBS/008813045,IC,2018-02-26T05:56:00,2018-02-26T05:56:00,53,53
http://irail.be/vehicle/IC2004,http://irail.be/stations/NMBS/008812005,IC,2018-02-26T06:01:00,2018-02-26T05:58:00,39,48
http://irail.be/vehicle/IC2004,http://irail.be/stations/NMBS/008811007,IC,2018-02-26T06:04:00,2018-02-26T06:04:00,2,2
http://irail.be/vehicle/IC2004,http://irail.be/stations/NMBS/008811148,IC,2018-02-26T06:07:00,2018-02-26T06:07:00,-15,-15
http://irail.be/vehicle/IC2004,http://irail.be/stations/NMBS/008811189,IC,2018-02-26T06:08:00,2018-02-26T06:08:00,-15,-15
http://irail.be/vehicle/IC2004,http://irail.be/stations/NMBS/008822269,IC,2018-02-26T06:11:00,2018-02-26T06:11:00,-16,-16
http://irail.be/vehicle/IC2004,http://irail.be/stations/NMBS/008822251,IC,2018-02-26T06:12:00,2018-02-26T06:12:00,-73,-73
http://irail.be/vehicle/IC2004,http://irail.be/stations/NMBS/008822004,IC,2018-02-26T06:18:00,2018-02-26T06:16:00,-18,-115
http://irail.be/vehicle/IC2004,http://irail.be/stations/NMBS/008822343,IC,2018-02-26T06:21:00,2018-02-26T06:21:00,-18,-18
http://irail.be/vehicle/IC2004,http://irail.be/stations/NMBS/008822228,IC,2018-02-26T06:23:00,2018-02-26T06:23:00,-50,-50
http://irail.be/vehicle/IC2004,http://irail.be/stations/NMBS/008822210,IC,2018-02-26T06:24:00,2018-02-26T06:24:00,-50,-50
http://irail.be/vehicle/IC2004,http://irail.be/stations/NMBS/008821311,IC,2018-02-26T06:26:00,2018-02-26T06:26:00,-50,-50
http://irail.be/vehicle/IC2004,http://irail.be/stations/NMBS/008821337,IC,2018-02-26T06:27:00,2018-02-26T06:27:00,-50,-50
http://irail.be/vehicle/IC2004,http://irail.be/stations/NMBS/008821238,IC,2018-02-26T06:28:00,2018-02-26T06:28:00,-55,-55
http://irail.be/vehicle/IC2004,http://irail.be/stations/NMBS/008821154,IC,2018-02-26T06:28:00,2018-02-26T06:28:00,-19,-19
http://irail.be/vehicle/IC2004,http://irail.be/stations/NMBS/008821121,IC,2018-02-26T06:31:00,2018-02-26T06:30:00,46,-18
http://irail.be/vehicle/IC2004,http://irail.be/stations/NMBS/008821006,IC,2018-02-26T06:39:00,2018-02-26T06:35:00,147,109
http://irail.be/vehicle/IC2004,http://irail.be/stations/NMBS/008821063,IC,2018-02-26T06:43:00,2018-02-26T06:43:00,150,150
http://irail.be/vehicle/IC2004,http://irail.be/stations/NMBS/008821089,IC,2018-02-26T06:46:00,2018-02-26T06:46:00,209,209
http://irail.be/vehicle/IC2004,NO-URI,IC,2018-02-26T06:49:00,2018-02-26T06:49:00,,238
http://irail.be/vehicle/IC2004,http://irail.be/stations/NMBS/008814001,IC,2018-09-12T05:50:00,2018-09-12T05:50:00,-24,
http://irail.be/vehicle/IC2004,http://irail.be/stations/NMBS/008813037,IC,2018-09-12T05:52:00,2018-09-12T05:52:00,15,15
http://irail.be/vehicle/IC2004,http://irail.be/stations/NMBS/008813003,IC,2018-09-12T05:54:00,2018-09-12T05:53:00,6,19
http://irail.be/vehicle/IC2004,http://irail.be/stations/NMBS/008813045,IC,2018-09-12T05:56:00,2018-09-12T05:56:00,-20,-20
http://irail.be/vehicle/IC2004,http://irail.be/stations/NMBS/008812005,IC,2018-09-12T06:02:00,2018-09-12T05:58:00,34,-26
http://irail.be/vehicle/IC2004,http://irail.be/stations/NMBS/008811007,IC,2018-09-12T06:05:00,2018-09-12T06:05:00,-25,-25
http://irail.be/vehicle/IC2004,http://irail.be/stations/NMBS/008811148,IC,2018-09-12T06:08:00,2018-09-12T06:08:00,-13,-13
http://irail.be/vehicle/IC2004,http://irail.be/stations/NMBS/008811189,IC,2018-09-12T06:09:00,2018-09-12T06:09:00,-13,-13
http://irail.be/vehicle/IC2004,http://irail.be/stations/NMBS/008822269,IC,2018-09-12T06:11:00,2018-09-12T06:11:00,-3,-3
http://irail.be/vehicle/IC2004,http://irail.be/stations/NMBS/008822251,IC,2018-09-12T06:12:00,2018-09-12T06:12:00,50,50
http://irail.be/vehicle/IC2004,http://irail.be/stations/NMBS/008822004,IC,2018-09-12T06:18:00,2018-09-12T06:16:00,-26,44
http://irail.be/vehicle/IC2004,http://irail.be/stations/NMBS/008822343,IC,2018-09-12T06:21:00,2018-09-12T06:21:00,-26,-26
http://irail.be/vehicle/IC2004,http://irail.be/stations/NMBS/008822228,IC,2018-09-12T06:23:00,2018-09-12T06:23:00,-75,-75
http://irail.be/vehicle/IC2004,http://irail.be/stations/NMBS/008822210,IC,2018-09-12T06:24:00,2018-09-12T06:24:00,-75,-75
http://irail.be/vehicle/IC2004,http://irail.be/stations/NMBS/008821311,IC,2018-09-12T06:26:00,2018-09-12T06:26:00,-78,-78
http://irail.be/vehicle/IC2004,http://irail.be/stations/NMBS/008821337,IC,2018-09-12T06:27:00,2018-09-12T06:27:00,-83,-83
http://irail.be/vehicle/IC2004,http://irail.be/stations/NMBS/008821238,IC,2018-09-12T06:28:00,2018-09-12T06:28:00,-90,-90
http://irail.be/vehicle/IC2004,http://irail.be/stations/NMBS/008821154,IC,2018-09-12T06:28:00,2018-09-12T06:28:00,-56,-56
http://irail.be/vehicle/IC2004,http://irail.be/stations/NMBS/008821121,IC,2018-09-12T06:32:00,2018-09-12T06:30:00,8,-54
http://irail.be/vehicle/IC2004,http://irail.be/stations/NMBS/008821006,IC,2018-09-12T06:39:00,2018-09-12T06:36:00,10,-37
http://irail.be/vehicle/IC2004,http://irail.be/stations/NMBS/008821063,IC,2018-09-12T06:44:00,2018-09-12T06:43:00,-105,-105
http://irail.be/vehicle/IC2004,http://irail.be/stations/NMBS/008821089,IC,2018-09-12T06:51:00,2018-09-12T06:47:00,46,106
http://irail.be/vehicle/IC2004,NO-URI,IC,2018-09-12T06:54:00,2018-09-12T06:54:00,,-154
http://irail.be/vehicle/IC2004,http://irail.be/stations/NMBS/008814001,IC,2018-04-09T05:50:00,2018-04-09T05:50:00,28,
http://irail.be/vehicle/IC2004,http://irail.be/stations/NMBS/008813037,IC,2018-04-09T05:52:00,2018-04-09T05:52:00,81,81
http://irail.be/vehicle/IC2004,http://irail.be/stations/NMBS/008813003,IC,2018-04-09T05:54:00,2018-04-09T05:53:00,104,84
http://irail.be/vehicle/IC2004,http://irail.be/stations/NMBS/008813045,IC,2018-04-09T05:55:00,2018-04-09T05:55:00,109,109
http://irail.be/vehicle/IC2004,http://irail.be/stations/NMBS/008812005,IC,2018-04-09T06:01:00,2018-04-09T05:58:00,41,103
http://irail.be/vehicle/IC2004,http://irail.be/stations/NMBS/008811007,IC,2018-04-09T06:04:00,2018-04-09T06:04:00,8,8
http://irail.be/vehicle/IC2004,http://irail.be/stations/NMBS/008811148,IC,2018-04-09T06:07:00,2018-04-09T06:07:00,19,19
http://irail.be/vehicle/IC2004,http://irail.be/stations/NMBS/008811189,IC,2018-04-09T06:08:00,2018-04-09T06:08:00,19,19
http://irail.be/vehicle/IC2004,http://irail.be/stations/NMBS/008822269,IC,2018-04-09T06:11:00,2018-04-09T06:11:00,23,23
http://irail.be/vehicle/IC2004,http://irail.be/stations/NMBS/008822251,IC,2018-04-09T06:12:00,2018-04-09T06:12:00,24,24
http://irail.be/vehicle/IC2004,http://irail.be/stations/NMBS/008822004,IC,2018-04-09T06:18:00,2018-04-09T06:16:00,5,3
http://irail.be/vehicle/IC2004,http://irail.be/stations/NMBS/008822343,IC,2018-04-09T06:21:00,2018-04-09T06:21:00,5,5
http://irail.be/vehicle/IC2004,http://irail.be/stations/NMBS/008822228,IC,2018-04-09T06:23:00,2018-04-09T06:23:00,9,9
http://irail.be/vehicle/IC2004,http://irail.be/stations/NMBS/008822210,IC,2018-04-09T06:24:00,2018-04-09T06:24:00,9,9
http://irail.be/vehicle/IC2004,http://irail.be/stations/NMBS/008821311,IC,2018-04-09T06:26:00,2018-04-09T06:26:00,9,9
http://irail.be/vehicle/IC2004,http://irail.be/stations/NMBS/008821337,IC,2018-04-09T06:27:00,2018-04-09T06:27:00,47,47
http://irail.be/vehicle/IC2004,http://irail.be/stations/NMBS/008821246,IC,2018-04-09T06:28:49,2018-04-09T06:28:49,32,32
http://irail.be/vehicle/IC2004,http://irail.be/stations/NMBS/008821121,IC,2018-04-09T06:31:00,2018-04-09T06:32:54,429,429
http://irail.be/vehicle/IC2004,http://irail.be/stations/NMBS/008821006,IC,2018-04-09T06:40:00,2018-04-09T06:35:00,298,415
http://irail.be/vehicle/IC2004,http://irail.be/stations/NMBS/008821063,IC,2018-04-09T06:45:00,2018-04-09T06:45:00,214,214
http://irail.be/vehicle/IC2004,http://irail.be/stations/NMBS/008821089,IC,2018-04-09T06:47:00,2018-04-09T06:47:00,230,230
http://irail.be/vehicle/IC2004,NO-URI,IC,2018-04-09T06:49:00,2018-04-09T06:49:00,,292
http://irail.be/vehicle/IC2004,http://irail.be/stations/NMBS/008814001,IC,2018-03-15T05:50:00,2018-03-15T05:50:00,-10,
http://irail.be/vehicle/IC2004,http://irail.be/stations/NMBS/008813037,IC,2018-03-15T05:52:00,2018-03-15T05:52:00,31,31
http://irail.be/vehicle/IC2004,http://irail.be/stations/NMBS/008813003,IC,2018-03-15T05:54:00,2018-03-15T05:53:00,35,36
http://irail.be/vehicle/IC2004,http://irail.be/stations/NMBS/008813045,IC,2018-03-15T05:56:00,2018-03-15T05:56:00,16,16
http://irail.be/vehicle/IC2004,http://irail.be/stations/NMBS/008812005,IC,2018-03-15T06:01:00,2018-03-15T05:58:00,12,8
http://irail.be/vehicle/IC2004,http://irail.be/stations/NMBS/008811007,IC,2018-03-15T06:04:00,2018-03-15T06:04:00,-18,-18
http://irail.be/vehicle/IC2004,http://irail.be/stations/NMBS/008811148,IC,2018-03-15T06:07:00,2018-03-15T06:07:00,-14,-14
http://irail.be/vehicle/IC2004,http://irail.be/stations/NMBS/008811189,IC,2018-03-15T06:08:00,2018-03-15T06:08:00,-14,-14
http://irail.be/vehicle/IC2004,http://irail.be/stations/NMBS/008822269,IC,2018-03-15T06:11:00,2018-03-15T06:11:00,-8,-8
http://irail.be/vehicle/IC2004,http://irail.be/stations/NMBS/008822251,IC,2018-03-15T06:12:00,2018-03-15T06:12:00,-3,-3
http://irail.be/vehicle/IC2004,http://irail.be/stations/NMBS/008822004,IC,2018-03-15T06:18:00,2018-03-15T06:16:00,-29,-6
http://irail.be/vehicle/IC2004,http://irail.be/stations/NMBS/008822343,IC,2018-03-15T06:21:00,2018-03-15T06:21:00,-29,-29
http://irail.be/vehicle/IC2004,http://irail.be/stations/NMBS/008822228,IC,2018-03-15T06:23:00,2018-03-15T06:23:00,-83,-83
http://irail.be/vehicle/IC2004,http://irail.be/stations/NMBS/008822210,IC,2018-03-15T06:24:00,2018-03-15T06:24:00,-83,-83
http://irail.be/vehicle/IC2004,http://irail.be/stations/NMBS/008821311,IC,2018-03-15T06:26:00,2018-03-15T06:26:00,-83,-83
http://irail.be/vehicle/IC2004,http://irail.be/stations/NMBS/008821337,IC,2018-03-15T06:27:00,2018-03-15T06:27:00,-90,-90
http://irail.be/vehicle/IC2004,http://irail.be/stations/NMBS/008821238,IC,2018-03-15T06:28:00,2018-03-15T06:28:00,-96,-96
http://irail.be/vehicle/IC2004,http://irail.be/stations/NMBS/008821154,IC,2018-03-15T06:28:00,2018-03-15T06:28:00,-62,-62
http://irail.be/vehicle/IC2004,http://irail.be/stations/NMBS/008821121,IC,2018-03-15T06:31:00,2018-03-15T06:30:00,0,-62
http://irail.be/vehicle/IC2004,http://irail.be/stations/NMBS/008821006,IC,2018-03-15T06:39:00,2018-03-15T06:35:00,-6,-40
http://irail.be/vehicle/IC2004,http://irail.be/stations/NMBS/008821063,IC,2018-03-15T06:43:00,2018-03-15T06:43:00,-51,-51
http://irail.be/vehicle/IC2004,http://irail.be/stations/NMBS/008821089,IC,2018-03-15T06:46:00,2018-03-15T06:46:00,-19,-19
http://irail.be/vehicle/IC2004,NO-URI,IC,2018-03-15T06:49:00,2018-03-15T06:49:00,,-28
http://irail.be/vehicle/IC2004,http://irail.be/stations/NMBS/008814001,IC,2018-06-19T05:50:00,2018-06-19T05:50:00,-9,
http://irail.be/vehicle/IC2004,http://irail.be/stations/NMBS/008813037,IC,2018-06-19T05:52:00,2018-06-19T05:52:00,33,33
http://irail.be/vehicle/IC2004,http://irail.be/stations/NMBS/008813003,IC,2018-06-19T05:54:00,2018-06-19T05:53:00,51,41
http://irail.be/vehicle/IC2004,http://irail.be/stations/NMBS/008813045,IC,2018-06-19T05:55:00,2018-06-19T05:55:00,58,58
http://irail.be/vehicle/IC2004,http://irail.be/stations/NMBS/008812005,IC,2018-06-19T06:01:00,2018-06-19T05:58:00,19,56
http://irail.be/vehicle/IC2004,http://irail.be/stations/NMBS/008811007,IC,2018-06-19T06:04:00,2018-06-19T06:04:00,-15,-15
http://irail.be/vehicle/IC2004,http://irail.be/stations/NMBS/008811148,IC,2018-06-19T06:07:00,2018-06-19T06:07:00,-35,-35
http://irail.be/vehicle/IC2004,http://irail.be/stations/NMBS/008811189,IC,2018-06-19T06:08:00,2018-06-19T06:08:00,-35,-35
http://irail.be/vehicle/IC2004,http://irail.be/stations/NMBS/008822269,IC,2018-06-19T06:11:00,2018-06-19T06:11:00,-36,-36
http://irail.be/vehicle/IC2004,http://irail.be/stations/NMBS/008822251,IC,2018-06-19T06:12:00,2018-06-19T06:12:00,-95,-95
http://irail.be/vehicle/IC2004,http://irail.be/stations/NMBS/008822004,IC,2018-06-19T06:18:00,2018-06-19T06:16:00,-15,-135
http://irail.be/vehicle/IC2004,http://irail.be/stations/NMBS/008822343,IC,2018-06-19T06:21:00,2018-06-19T06:21:00,-15,-15
http://irail.be/vehicle/IC2004,http://irail.be/stations/NMBS/008822228,IC,2018-06-19T06:23:00,2018-06-19T06:23:00,-47,-47
http://irail.be/vehicle/IC2004,http://irail.be/stations/NMBS/008822210,IC,2018-06-19T06:24:00,2018-06-19T06:24:00,-47,-47
http://irail.be/vehicle/IC2004,http://irail.be/stations/NMBS/008821311,IC,2018-06-19T06:26:00,2018-06-19T06:26:00,-52,-52
http://irail.be/vehicle/IC2004,http://irail.be/stations/NMBS/008821337,IC,2018-06-19T06:27:00,2018-06-19T06:27:00,-57,-57
http://irail.be/vehicle/IC2004,http://irail.be/stations/NMBS/008821238,IC,2018-06-19T06:28:00,2018-06-19T06:28:00,-65,-65
http://irail.be/vehicle/IC2004,http://irail.be/stations/NMBS/008821154,IC,2018-06-19T06:28:00,2018-06-19T06:28:00,-29,-29
http://irail.be/vehicle/IC2004,http://irail.be/stations/NMBS/008821121,IC,2018-06-19T06:31:00,2018-06-19T06:30:00,55,-8
http://irail.be/vehicle/IC2004,http://irail.be/stations/NMBS/008821006,IC,2018-06-19T06:39:00,2018-06-19T06:35:00,33,47
http://irail.be/vehicle/IC2004,http://irail.be/stations/NMBS/008821063,IC,2018-06-19T06:44:00,2018-06-19T06:43:00,-73,-73
http://irail.be/vehicle/IC2004,http://irail.be/stations/NMBS/008821089,IC,2018-06-19T06:51:00,2018-06-19T06:47:00,52,62
http://irail.be/vehicle/IC2004,NO-URI,IC,2018-06-19T06:54:00,2018-06-19T06:54:00,,52
http://irail.be/vehicle/IC2004,http://irail.be/stations/NMBS/008814001,IC,2018-10-18T05:50:00,2018-10-18T05:50:00,62,
http://irail.be/vehicle/IC2004,http://irail.be/stations/NMBS/008813037,IC,2018-10-18T05:52:00,2018-10-18T05:52:00,92,92
http://irail.be/vehicle/IC2004,http://irail.be/stations/NMBS/008813003,IC,2018-10-18T05:54:00,2018-10-18T05:53:00,111,96
http://irail.be/vehicle/IC2004,http://irail.be/stations/NMBS/008813045,IC,2018-10-18T05:56:00,2018-10-18T05:56:00,96,96
http://irail.be/vehicle/IC2004,http://irail.be/stations/NMBS/008812005,IC,2018-10-18T06:02:00,2018-10-18T05:58:00,24,88
http://irail.be/vehicle/IC2004,http://irail.be/stations/NMBS/008811007,IC,2018-10-18T06:05:00,2018-10-18T06:05:00,-34,-34
http://irail.be/vehicle/IC2004,http://irail.be/stations/NMBS/008811148,IC,2018-10-18T06:08:00,2018-10-18T06:08:00,-52,-52
http://irail.be/vehicle/IC2004,http://irail.be/stations/NMBS/008811189,IC,2018-10-18T06:09:00,2018-10-18T06:09:00,-52,-52
http://irail.be/vehicle/IC2004,http://irail.be/stations/NMBS/008822269,IC,2018-10-18T06:11:00,2018-10-18T06:11:00,-52,-52
http://irail.be/vehicle/IC2004,http://irail.be/stations/NMBS/008822251,IC,2018-10-18T06:12:00,2018-10-18T06:12:00,-61,-61
http://irail.be/vehicle/IC2004,http://irail.be/stations/NMBS/008822004,IC,2018-10-18T06:18:00,2018-10-18T06:16:00,-30,-114
http://irail.be/vehicle/IC2004,http://irail.be/stations/NMBS/008822343,IC,2018-10-18T06:21:00,2018-10-18T06:21:00,-30,-30
http://irail.be/vehicle/IC2004,http://irail.be/stations/NMBS/008822228,IC,2018-10-18T06:23:00,2018-10-18T06:23:00,-91,-91
http://irail.be/vehicle/IC2004,http://irail.be/stations/NMBS/008822210,IC,2018-10-18T06:24:00,2018-10-18T06:24:00,-91,-91
http://irail.be/vehicle/IC2004,http://irail.be/stations/NMBS/008821311,IC,2018-10-18T06:26:00,2018-10-18T06:26:00,-94,-94
http://irail.be/vehicle/IC2004,http://irail.be/stations/NMBS/008821337,IC,2018-10-18T06:27:00,2018-10-18T06:27:00,-99,-99
http://irail.be/vehicle/IC2004,http://irail.be/stations/NMBS/008821238,IC,2018-10-18T06:28:00,2018-10-18T06:28:00,-108,-108
http://irail.be/vehicle/IC2004,http://irail.be/stations/NMBS/008821154,IC,2018-10-18T06:28:00,2018-10-18T06:28:00,-76,-76
http://irail.be/vehicle/IC2004,http://irail.be/stations/NMBS/008821121,IC,2018-10-18T06:32:00,2018-10-18T06:30:00,1,-84
http://irail.be/vehicle/IC2004,http://irail.be/stations/NMBS/008821006,IC,2018-10-18T06:39:00,2018-10-18T06:36:00,27,-56
http://irail.be/vehicle/IC2004,http://irail.be/stations/NMBS/008821063,IC,2018-10-18T06:44:00,2018-10-18T06:43:00,-94,-94
http://irail.be/vehicle/IC2004,http://irail.be/stations/NMBS/008821089,IC,2018-10-18T06:51:00,2018-10-18T06:47:00,32,92
http://irail.be/vehicle/IC2004,NO-URI,IC,2018-10-18T06:54:00,2018-10-18T06:54:00,,-157
http://irail.be/vehicle/IC2004,http://irail.be/stations/NMBS/008814001,IC,2018-06-15T05:50:00,2018-06-15T05:50:00,6,
http://irail.be/vehicle/IC2004,http://irail.be/stations/NMBS/008813037,IC,2018-06-15T05:52:00,2018-06-15T05:52:00,67,67
http://irail.be/vehicle/IC2004,http://irail.be/stations/NMBS/008813003,IC,2018-06-15T05:54:00,2018-06-15T05:53:00,101,70
http://irail.be/vehicle/IC2004,http://irail.be/stations/NMBS/008813045,IC,2018-06-15T05:55:00,2018-06-15T05:55:00,106,106
http://irail.be/vehicle/IC2004,http://irail.be/stations/NMBS/008812005,IC,2018-06-15T06:01:00,2018-06-15T05:58:00,26,95
http://irail.be/vehicle/IC2004,http://irail.be/stations/NMBS/008811007,IC,2018-06-15T06:04:00,2018-06-15T06:04:00,-27,-27
http://irail.be/vehicle/IC2004,http://irail.be/stations/NMBS/008811148,IC,2018-06-15T06:07:00,2018-06-15T06:07:00,-48,-48
http://irail.be/vehicle/IC2004,http://irail.be/stations/NMBS/008811189,IC,2018-06-15T06:08:00,2018-06-15T06:08:00,-48,-48
http://irail.be/vehicle/IC2004,http://irail.be/stations/NMBS/008822269,IC,2018-06-15T06:11:00,2018-06-15T06:11:00,-48,-48
http://irail.be/vehicle/IC2004,http://irail.be/stations/NMBS/008822251,IC,2018-06-15T06:12:00,2018-06-15T06:12:00,-114,-114
http://irail.be/vehicle/IC2004,http://irail.be/stations/NMBS/008822004,IC,2018-06-15T06:18:00,2018-06-15T06:16:00,-32,-154
http://irail.be/vehicle/IC2004,http://irail.be/stations/NMBS/008822343,IC,2018-06-15T06:21:00,2018-06-15T06:21:00,-32,-32
http://irail.be/vehicle/IC2004,http://irail.be/stations/NMBS/008822228,IC,2018-06-15T06:23:00,2018-06-15T06:23:00,-99,-99
http://irail.be/vehicle/IC2004,http://irail.be/stations/NMBS/008822210,IC,2018-06-15T06:24:00,2018-06-15T06:24:00,-99,-99
http://irail.be/vehicle/IC2004,http://irail.be/stations/NMBS/008821311,IC,2018-06-15T06:26:00,2018-06-15T06:26:00,-100,-100
http://irail.be/vehicle/IC2004,http://irail.be/stations/NMBS/008821337,IC,2018-06-15T06:27:00,2018-06-15T06:27:00,-104,-104
http://irail.be/vehicle/IC2004,http://irail.be/stations/NMBS/008821238,IC,2018-06-15T06:28:00,2018-06-15T06:28:00,-111,-111
http://irail.be/vehicle/IC2004,http://irail.be/stations/NMBS/008821154,IC,2018-06-15T06:28:00,2018-06-15T06:28:00,-75,-75
http://irail.be/vehicle/IC2004,http://irail.be/stations/NMBS/008821121,IC,2018-06-15T06:31:00,2018-06-15T06:30:00,33,-64
http://irail.be/vehicle/IC2004,http://irail.be/stations/NMBS/008821006,IC,2018-06-15T06:39:00,2018-06-15T06:35:00,5,-8
http://irail.be/vehicle/IC2004,http://irail.be/stations/NMBS/008821063,IC,2018-06-15T06:44:00,2018-06-15T06:43:00,-90,-90
http://irail.be/vehicle/IC2004,http://irail.be/stations/NMBS/008821089,IC,2018-06-15T06:51:00,2018-06-15T06:47:00,-62,92
http://irail.be/vehicle/IC2004,NO-URI,IC,2018-06-15T06:54:00,2018-06-15T06:54:00,,-62
http://irail.be/vehicle/IC2004,http://irail.be/stations/NMBS/008814001,IC,2018-02-01T05:50:00,2018-02-01T05:50:00,12,
http://irail.be/vehicle/IC2004,http://irail.be/stations/NMBS/008813037,IC,2018-02-01T05:52:00,2018-02-01T05:52:00,79,79
http://irail.be/vehicle/IC2004,http://irail.be/stations/NMBS/008813003,IC,2018-02-01T05:54:00,2018-02-01T05:53:00,117,91
http://irail.be/vehicle/IC2004,http://irail.be/stations/NMBS/008813045,IC,2018-02-01T05:55:00,2018-02-01T05:55:00,132,132
http://irail.be/vehicle/IC2004,http://irail.be/stations/NMBS/008812005,IC,2018-02-01T06:01:00,2018-02-01T05:58:00,52,131
http://irail.be/vehicle/IC2004,http://irail.be/stations/NMBS/008811007,IC,2018-02-01T06:04:00,2018-02-01T06:04:00,32,32
http://irail.be/vehicle/IC2004,http://irail.be/stations/NMBS/008811148,IC,2018-02-01T06:07:00,2018-02-01T06:07:00,24,24
http://irail.be/vehicle/IC2004,http://irail.be/stations/NMBS/008811189,IC,2018-02-01T06:08:00,2018-02-01T06:08:00,24,24
http://irail.be/vehicle/IC2004,http://irail.be/stations/NMBS/008822269,IC,2018-02-01T06:11:00,2018-02-01T06:11:00,22,22
http://irail.be/vehicle/IC2004,http://irail.be/stations/NMBS/008822251,IC,2018-02-01T06:12:00,2018-02-01T06:12:00,-35,-35
http://irail.be/vehicle/IC2004,http://irail.be/stations/NMBS/008822004,IC,2018-02-01T06:18:00,2018-02-01T06:16:00,6,-73
http://irail.be/vehicle/IC2004,http://irail.be/stations/NMBS/008822343,IC,2018-02-01T06:20:00,2018-02-01T06:20:00,6,6
http://irail.be/vehicle/IC2004,http://irail.be/stations/NMBS/008822228,IC,2018-02-01T06:23:00,2018-02-01T06:23:00,-31,-31
http://irail.be/vehicle/IC2004,http://irail.be/stations/NMBS/008822210,IC,2018-02-01T06:24:00,2018-02-01T06:24:00,-31,-31
http://irail.be/vehicle/IC2004,http://irail.be/stations/NMBS/008821311,IC,2018-02-01T06:26:00,2018-02-01T06:26:00,-31,-31
http://irail.be/vehicle/IC2004,http://irail.be/stations/NMBS/008821337,IC,2018-02-01T06:27:00,2018-02-01T06:27:00,-35,-35
http://irail.be/vehicle/IC2004,http://irail.be/stations/NMBS/008821238,IC,2018-02-01T06:28:00,2018-02-01T06:28:00,-39,-39
http://irail.be/vehicle/IC2004,http://irail.be/stations/NMBS/008821154,IC,2018-02-01T06:29:00,2018-02-01T06:29:00,-56,-56
http://irail.be/vehicle/IC2004,http://irail.be/stations/NMBS/008821121,IC,2018-02-01T06:31:00,2018-02-01T06:30:00,71,-6
http://irail.be/vehicle/IC2004,http://irail.be/stations/NMBS/008821006,IC,2018-02-01T06:39:00,2018-02-01T06:35:00,218,74
http://irail.be/vehicle/IC2004,http://irail.be/stations/NMBS/008821063,IC,2018-02-01T06:43:00,2018-02-01T06:43:00,225,225
http://irail.be/vehicle/IC2004,http://irail.be/stations/NMBS/008821089,IC,2018-02-01T06:46:00,2018-02-01T06:46:00,293,293
http://irail.be/vehicle/IC2004,NO-URI,IC,2018-02-01T06:49:00,2018-02-01T06:49:00,,307
http://irail.be/vehicle/IC2004,http://irail.be/stations/NMBS/008814001,IC,2018-07-19T05:50:00,2018-07-19T05:50:00,-22,
http://irail.be/vehicle/IC2004,http://irail.be/stations/NMBS/008813037,IC,2018-07-19T05:52:00,2018-07-19T05:52:00,14,14
http://irail.be/vehicle/IC2004,http://irail.be/stations/NMBS/008813003,IC,2018-07-19T05:54:00,2018-07-19T05:53:00,50,25
http://irail.be/vehicle/IC2004,http://irail.be/stations/NMBS/008813045,IC,2018-07-19T05:55:00,2018-07-19T05:55:00,61,61
http://irail.be/vehicle/IC2004,http://irail.be/stations/NMBS/008812005,IC,2018-07-19T06:01:00,2018-07-19T05:58:00,-7,50
http://irail.be/vehicle/IC2004,http://irail.be/stations/NMBS/008811007,IC,2018-07-19T06:04:00,2018-07-19T06:04:00,-45,-45
http://irail.be/vehicle/IC2004,http://irail.be/stations/NMBS/008811148,IC,2018-07-19T06:07:00,2018-07-19T06:07:00,-66,-66
http://irail.be/vehicle/IC2004,http://irail.be/stations/NMBS/008811189,IC,2018-07-19T06:08:00,2018-07-19T06:08:00,-66,-66
http://irail.be/vehicle/IC2004,http://irail.be/stations/NMBS/008822269,IC,2018-07-19T06:11:00,2018-07-19T06:11:00,-69,-69
http://irail.be/vehicle/IC2004,http://irail.be/stations/NMBS/008822251,IC,2018-07-19T06:12:00,2018-07-19T06:12:00,-137,-137
http://irail.be/vehicle/IC2004,http://irail.be/stations/NMBS/008822004,IC,2018-07-19T06:18:00,2018-07-19T06:16:00,-35,-198
http://irail.be/vehicle/IC2004,http://irail.be/stations/NMBS/008822343,IC,2018-07-19T06:21:00,2018-07-19T06:21:00,-35,-35
http://irail.be/vehicle/IC2004,http://irail.be/stations/NMBS/008822228,IC,2018-07-19T06:23:00,2018-07-19T06:23:00,-72,-72
http://irail.be/vehicle/IC2004,http://irail.be/stations/NMBS/008822210,IC,2018-07-19T06:24:00,2018-07-19T06:24:00,-72,-72
http://irail.be/vehicle/IC2004,http://irail.be/stations/NMBS/008821311,IC,2018-07-19T06:26:00,2018-07-19T06:26:00,-72,-72
http://irail.be/vehicle/IC2004,http://irail.be/stations/NMBS/008821337,IC,2018-07-19T06:27:00,2018-07-19T06:27:00,-75,-75
http://irail.be/vehicle/IC2004,http://irail.be/stations/NMBS/008821238,IC,2018-07-19T06:28:00,2018-07-19T06:28:00,-77,-77
http://irail.be/vehicle/IC2004,http://irail.be/stations/NMBS/008821154,IC,2018-07-19T06:28:00,2018-07-19T06:28:00,-31,-31
http://irail.be/vehicle/IC2004,http://irail.be/stations/NMBS/008821121,IC,2018-07-19T06:31:00,2018-07-19T06:30:00,55,0
http://irail.be/vehicle/IC2004,http://irail.be/stations/NMBS/008821006,IC,2018-07-19T06:39:00,2018-07-19T06:35:00,4,42
http://irail.be/vehicle/IC2004,http://irail.be/stations/NMBS/008821063,IC,2018-07-19T06:44:00,2018-07-19T06:43:00,-74,-74
http://irail.be/vehicle/IC2004,http://irail.be/stations/NMBS/008821089,IC,2018-07-19T06:51:00,2018-07-19T06:47:00,-13,102
http://irail.be/vehicle/IC2004,NO-URI,IC,2018-07-19T06:54:00,2018-07-19T06:54:00,,-13
http://irail.be/vehicle/IC2004,http://irail.be/stations/NMBS/008814001,IC,2018-02-12T05:50:00,2018-02-12T05:50:00,4,
http://irail.be/vehicle/IC2004,http://irail.be/stations/NMBS/008813037,IC,2018-02-12T05:52:00,2018-02-12T05:52:00,50,50
http://irail.be/vehicle/IC2004,http://irail.be/stations/NMBS/008813003,IC,2018-02-12T05:54:00,2018-02-12T05:53:00,60,56
http://irail.be/vehicle/IC2004,http://irail.be/stations/NMBS/008813045,IC,2018-02-12T05:56:00,2018-02-12T05:56:00,46,46
http://irail.be/vehicle/IC2004,http://irail.be/stations/NMBS/008812005,IC,2018-02-12T06:01:00,2018-02-12T05:58:00,55,41
http://irail.be/vehicle/IC2004,http://irail.be/stations/NMBS/008811007,IC,2018-02-12T06:04:00,2018-02-12T06:04:00,34,34
http://irail.be/vehicle/IC2004,http://irail.be/stations/NMBS/008811148,IC,2018-02-12T06:07:00,2018-02-12T06:07:00,36,36
http://irail.be/vehicle/IC2004,http://irail.be/stations/NMBS/008811189,IC,2018-02-12T06:08:00,2018-02-12T06:08:00,36,36
http://irail.be/vehicle/IC2004,http://irail.be/stations/NMBS/008822269,IC,2018-02-12T06:11:00,2018-02-12T06:11:00,37,37
http://irail.be/vehicle/IC2004,http://irail.be/stations/NMBS/008822251,IC,2018-02-12T06:12:00,2018-02-12T06:12:00,-18,-18
http://irail.be/vehicle/IC2004,http://irail.be/stations/NMBS/008822004,IC,2018-02-12T06:18:00,2018-02-12T06:16:00,12,-51
http://irail.be/vehicle/IC2004,http://irail.be/stations/NMBS/008822343,IC,2018-02-12T06:21:00,2018-02-12T06:21:00,12,12
http://irail.be/vehicle/IC2004,http://irail.be/stations/NMBS/008822228,IC,2018-02-12T06:23:00,2018-02-12T06:23:00,-1,-1
http://irail.be/vehicle/IC2004,http://irail.be/stations/NMBS/008822210,IC,2018-02-12T06:24:00,2018-02-12T06:24:00,-1,-1
http://irail.be/vehicle/IC2004,http://irail.be/stations/NMBS/008821311,IC,2018-02-12T06:26:00,2018-02-12T06:26:00,-1,-1
http://irail.be/vehicle/IC2004,http://irail.be/stations/NMBS/008821337,IC,2018-02-12T06:27:00,2018-02-12T06:27:00,3,3
http://irail.be/vehicle/IC2004,http://irail.be/stations/NMBS/008821238,IC,2018-02-12T06:28:00,2018-02-12T06:28:00,-2,-2
http://irail.be/vehicle/IC2004,http://irail.be/stations/NMBS/008821154,IC,2018-02-12T06:28:00,2018-02-12T06:28:00,33,33
http://irail.be/vehicle/IC2004,http://irail.be/stations/NMBS/008821121,IC,2018-02-12T06:31:00,2018-02-12T06:30:00,101,32
http://irail.be/vehicle/IC2004,http://irail.be/stations/NMBS/008821006,IC,2018-02-12T06:39:00,2018-02-12T06:35:00,361,141
http://irail.be/vehicle/IC2004,http://irail.be/stations/NMBS/008821063,IC,2018-02-12T06:43:00,2018-02-12T06:43:00,431,431
http://irail.be/vehicle/IC2004,http://irail.be/stations/NMBS/008821089,IC,2018-02-12T06:46:00,2018-02-12T06:46:00,455,455
http://irail.be/vehicle/IC2004,NO-URI,IC,2018-02-12T06:49:00,2018-02-12T06:49:00,,498
http://irail.be/vehicle/IC2004,http://irail.be/stations/NMBS/008814001,IC,2018-01-11T05:50:00,2018-01-11T05:50:00,-1,
http://irail.be/vehicle/IC2004,http://irail.be/stations/NMBS/008813037,IC,2018-01-11T05:52:00,2018-01-11T05:52:00,40,40
http://irail.be/vehicle/IC2004,http://irail.be/stations/NMBS/008813003,IC,2018-01-11T05:54:00,2018-01-11T05:53:00,62,44
http://irail.be/vehicle/IC2004,http://irail.be/stations/NMBS/008813045,IC,2018-01-11T05:55:00,2018-01-11T05:55:00,66,66
http://irail.be/vehicle/IC2004,http://irail.be/stations/NMBS/008812005,IC,2018-01-11T06:01:00,2018-01-11T05:58:00,49,60
http://irail.be/vehicle/IC2004,http://irail.be/stations/NMBS/008811007,IC,2018-01-11T06:04:00,2018-01-11T06:04:00,3,3
http://irail.be/vehicle/IC2004,http://irail.be/stations/NMBS/008811148,IC,2018-01-11T06:07:00,2018-01-11T06:07:00,-19,-19
http://irail.be/vehicle/IC2004,http://irail.be/stations/NMBS/008811189,IC,2018-01-11T06:08:00,2018-01-11T06:08:00,-19,-19
http://irail.be/vehicle/IC2004,http://irail.be/stations/NMBS/008822269,IC,2018-01-11T06:11:00,2018-01-11T06:11:00,-19,-19
http://irail.be/vehicle/IC2004,http://irail.be/stations/NMBS/008822251,IC,2018-01-11T06:12:00,2018-01-11T06:12:00,-88,-88
http://irail.be/vehicle/IC2004,http://irail.be/stations/NMBS/008822004,IC,2018-01-11T06:18:00,2018-01-11T06:16:00,4,-145
http://irail.be/vehicle/IC2004,http://irail.be/stations/NMBS/008822343,IC,2018-01-11T06:20:00,2018-01-11T06:20:00,4,4
http://irail.be/vehicle/IC2004,http://irail.be/stations/NMBS/008822228,IC,2018-01-11T06:23:00,2018-01-11T06:23:00,-85,-85
http://irail.be/vehicle/IC2004,http://irail.be/stations/NMBS/008822210,IC,2018-01-11T06:24:00,2018-01-11T06:24:00,-85,-85
http://irail.be/vehicle/IC2004,http://irail.be/stations/NMBS/008821311,IC,2018-01-11T06:26:00,2018-01-11T06:26:00,-85,-85
http://irail.be/vehicle/IC2004,http://irail.be/stations/NMBS/008821337,IC,2018-01-11T06:27:00,2018-01-11T06:27:00,-92,-92
http://irail.be/vehicle/IC2004,http://irail.be/stations/NMBS/008821238,IC,2018-01-11T06:28:00,2018-01-11T06:28:00,-101,-101
http://irail.be/vehicle/IC2004,http://irail.be/stations/NMBS/008821154,IC,2018-01-11T06:29:00,2018-01-11T06:29:00,-119,-119
http://irail.be/vehicle/IC2004,http://irail.be/stations/NMBS/008821121,IC,2018-01-11T06:31:00,2018-01-11T06:30:00,15,-82
http://irail.be/vehicle/IC2004,http://irail.be/stations/NMBS/008821006,IC,2018-01-11T06:39:00,2018-01-11T06:35:00,-16,-1
http://irail.be/vehicle/IC2004,http://irail.be/stations/NMBS/008821063,IC,2018-01-11T06:43:00,2018-01-11T06:43:00,-85,-85
http://irail.be/vehicle/IC2004,http://irail.be/stations/NMBS/008821089,IC,2018-01-11T06:46:00,2018-01-11T06:46:00,12,12
http://irail.be/vehicle/IC2004,NO-URI,IC,2018-01-11T06:49:00,2018-01-11T06:49:00,,63
http://irail.be/vehicle/IC2004,http://irail.be/stations/NMBS/008814001,IC,2018-07-30T05:50:00,2018-07-30T05:50:00,10,
http://irail.be/vehicle/IC2004,http://irail.be/stations/NMBS/008813037,IC,2018-07-30T05:52:00,2018-07-30T05:52:00,59,59
http://irail.be/vehicle/IC2004,http://irail.be/stations/NMBS/008813003,IC,2018-07-30T05:54:00,2018-07-30T05:53:00,131,73
http://irail.be/vehicle/IC2004,http://irail.be/stations/NMBS/008813045,IC,2018-07-30T05:55:00,2018-07-30T05:55:00,144,144
http://irail.be/vehicle/IC2004,http://irail.be/stations/NMBS/008812005,IC,2018-07-30T06:01:00,2018-07-30T05:58:00,103,134
http://irail.be/vehicle/IC2004,http://irail.be/stations/NMBS/008811007,IC,2018-07-30T06:04:00,2018-07-30T06:04:00,65,65
http://irail.be/vehicle/IC2004,http://irail.be/stations/NMBS/008811148,IC,2018-07-30T06:07:00,2018-07-30T06:07:00,64,64
http://irail.be/vehicle/IC2004,http://irail.be/stations/NMBS/008811189,IC,2018-07-30T06:08:00,2018-07-30T06:08:00,64,64
http://irail.be/vehicle/IC2004,http://irail.be/stations/NMBS/008822269,IC,2018-07-30T06:11:00,2018-07-30T06:11:00,66,66
http://irail.be/vehicle/IC2004,http://irail.be/stations/NMBS/008822251,IC,2018-07-30T06:12:00,2018-07-30T06:12:00,8,8
http://irail.be/vehicle/IC2004,http://irail.be/stations/NMBS/008822004,IC,2018-07-30T06:18:00,2018-07-30T06:16:00,-22,-31
http://irail.be/vehicle/IC2004,http://irail.be/stations/NMBS/008822343,IC,2018-07-30T06:21:00,2018-07-30T06:21:00,-22,-22
http://irail.be/vehicle/IC2004,http://irail.be/stations/NMBS/008822228,IC,2018-07-30T06:23:00,2018-07-30T06:23:00,-73,-73
http://irail.be/vehicle/IC2004,http://irail.be/stations/NMBS/008822210,IC,2018-07-30T06:24:00,2018-07-30T06:24:00,-73,-73
http://irail.be/vehicle/IC2004,http://irail.be/stations/NMBS/008821311,IC,2018-07-30T06:26:00,2018-07-30T06:26:00,-72,-72
http://irail.be/vehicle/IC2004,http://irail.be/stations/NMBS/008821337,IC,2018-07-30T06:27:00,2018-07-30T06:27:00,-73,-73
http://irail.be/vehicle/IC2004,http://irail.be/stations/NMBS/008821238,IC,2018-07-30T06:28:00,2018-07-30T06:28:00,-79,-79
http://irail.be/vehicle/IC2004,http://irail.be/stations/NMBS/008821154,IC,2018-07-30T06:28:00,2018-07-30T06:28:00,-46,-46
http://irail.be/vehicle/IC2004,http://irail.be/stations/NMBS/008821121,IC,2018-07-30T06:31:00,2018-07-30T06:30:00,16,-49
http://irail.be/vehicle/IC2004,http://irail.be/stations/NMBS/008821006,IC,2018-07-30T06:39:00,2018-07-30T06:35:00,9,-15
http://irail.be/vehicle/IC2004,http://irail.be/stations/NMBS/008821063,IC,2018-07-30T06:44:00,2018-07-30T06:43:00,-64,-64
http://irail.be/vehicle/IC2004,http://irail.be/stations/NMBS/008821089,IC,2018-07-30T06:51:00,2018-07-30T06:47:00,-22,102
http://irail.be/vehicle/IC2004,NO-URI,IC,2018-07-30T06:54:00,2018-07-30T06:54:00,,-22
http://irail.be/vehicle/IC2004,http://irail.be/stations/NMBS/008814001,IC,2018-10-19T05:50:00,2018-10-19T05:50:00,-1,
http://irail.be/vehicle/IC2004,http://irail.be/stations/NMBS/008813037,IC,2018-10-19T05:52:00,2018-10-19T05:52:00,46,46
http://irail.be/vehicle/IC2004,http://irail.be/stations/NMBS/008813003,IC,2018-10-19T05:54:00,2018-10-19T05:53:00,66,58
http://irail.be/vehicle/IC2004,http://irail.be/stations/NMBS/008813045,IC,2018-10-19T05:56:00,2018-10-19T05:56:00,56,56
http://irail.be/vehicle/IC2004,http://irail.be/stations/NMBS/008812005,IC,2018-10-19T06:02:00,2018-10-19T05:58:00,22,61
http://irail.be/vehicle/IC2004,http://irail.be/stations/NMBS/008811007,IC,2018-10-19T06:05:00,2018-10-19T06:05:00,38,38
http://irail.be/vehicle/IC2004,http://irail.be/stations/NMBS/008811148,IC,2018-10-19T06:08:00,2018-10-19T06:08:00,22,22
http://irail.be/vehicle/IC2004,http://irail.be/stations/NMBS/008811189,IC,2018-10-19T06:09:00,2018-10-19T06:09:00,22,22
http://irail.be/vehicle/IC2004,http://irail.be/stations/NMBS/008822269,IC,2018-10-19T06:11:00,2018-10-19T06:11:00,23,23
http://irail.be/vehicle/IC2004,http://irail.be/stations/NMBS/008822251,IC,2018-10-19T06:12:00,2018-10-19T06:12:00,22,22
http://irail.be/vehicle/IC2004,http://irail.be/stations/NMBS/008822004,IC,2018-10-19T06:18:00,2018-10-19T06:16:00,-34,-18
http://irail.be/vehicle/IC2004,http://irail.be/stations/NMBS/008822343,IC,2018-10-19T06:21:00,2018-10-19T06:21:00,-34,-34
http://irail.be/vehicle/IC2004,http://irail.be/stations/NMBS/008822228,IC,2018-10-19T06:23:00,2018-10-19T06:23:00,-97,-97
http://irail.be/vehicle/IC2004,http://irail.be/stations/NMBS/008822210,IC,2018-10-19T06:24:00,2018-10-19T06:24:00,-97,-97
http://irail.be/vehicle/IC2004,http://irail.be/stations/NMBS/008821311,IC,2018-10-19T06:26:00,2018-10-19T06:26:00,-88,-88
http://irail.be/vehicle/IC2004,http://irail.be/stations/NMBS/008821337,IC,2018-10-19T06:27:00,2018-10-19T06:27:00,-87,-87
http://irail.be/vehicle/IC2004,http://irail.be/stations/NMBS/008821238,IC,2018-10-19T06:28:00,2018-10-19T06:28:00,-91,-91
http://irail.be/vehicle/IC2004,http://irail.be/stations/NMBS/008821154,IC,2018-10-19T06:28:00,2018-10-19T06:28:00,-56,-56
http://irail.be/vehicle/IC2004,http://irail.be/stations/NMBS/008821121,IC,2018-10-19T06:32:00,2018-10-19T06:30:00,5,-53
http://irail.be/vehicle/IC2004,http://irail.be/stations/NMBS/008821006,IC,2018-10-19T06:39:00,2018-10-19T06:36:00,21,-14
http://irail.be/vehicle/IC2004,http://irail.be/stations/NMBS/008821063,IC,2018-10-19T06:44:00,2018-10-19T06:43:00,-60,-60
http://irail.be/vehicle/IC2004,http://irail.be/stations/NMBS/008821089,IC,2018-10-19T06:51:00,2018-10-19T06:47:00,-1,182
http://irail.be/vehicle/IC2004,NO-URI,IC,2018-10-19T06:54:00,2018-10-19T06:54:00,,-1
http://irail.be/vehicle/IC2004,http://irail.be/stations/NMBS/008814001,IC,2018-05-25T05:50:00,2018-05-25T05:50:00,1571,
http://irail.be/vehicle/IC2004,http://irail.be/stations/NMBS/008813037,IC,2018-05-25T05:52:00,2018-05-25T05:52:00,1609,1609
http://irail.be/vehicle/IC2004,http://irail.be/stations/NMBS/008813003,IC,2018-05-25T05:54:00,2018-05-25T05:53:00,1705,1614
http://irail.be/vehicle/IC2004,http://irail.be/stations/NMBS/008813045,IC,2018-05-25T05:55:00,2018-05-25T05:55:00,1712,1712
http://irail.be/vehicle/IC2004,http://irail.be/stations/NMBS/008812005,IC,2018-05-25T06:01:00,2018-05-25T05:58:00,2410,1710
http://irail.be/vehicle/IC2004,http://irail.be/stations/NMBS/008811007,IC,2018-05-25T06:04:00,2018-05-25T06:04:00,2381,2381
http://irail.be/vehicle/IC2004,http://irail.be/stations/NMBS/008811148,IC,2018-05-25T06:07:00,2018-05-25T06:07:00,2387,2387
http://irail.be/vehicle/IC2004,http://irail.be/stations/NMBS/008811189,IC,2018-05-25T06:08:00,2018-05-25T06:08:00,2387,2387
http://irail.be/vehicle/IC2004,http://irail.be/stations/NMBS/008822269,IC,2018-05-25T06:11:00,2018-05-25T06:11:00,2389,2389
http://irail.be/vehicle/IC2004,http://irail.be/stations/NMBS/008822251,IC,2018-05-25T06:12:00,2018-05-25T06:12:00,2335,2335
http://irail.be/vehicle/IC2004,http://irail.be/stations/NMBS/008822004,IC,2018-05-25T06:18:00,2018-05-25T06:16:00,2206,2304
http://irail.be/vehicle/IC2004,http://irail.be/stations/NMBS/008822343,IC,2018-05-25T06:21:00,2018-05-25T06:21:00,2206,2206
http://irail.be/vehicle/IC2004,http://irail.be/stations/NMBS/008822228,IC,2018-05-25T06:23:00,2018-05-25T06:23:00,2143,2143
http://irail.be/vehicle/IC2004,http://irail.be/stations/NMBS/008822210,IC,2018-05-25T06:24:00,2018-05-25T06:24:00,2143,2143
http://irail.be/vehicle/IC2004,http://irail.be/stations/NMBS/008821311,IC,2018-05-25T06:26:00,2018-05-25T06:26:00,2143,2143
http://irail.be/vehicle/IC2004,http://irail.be/stations/NMBS/008821337,IC,2018-05-25T06:27:00,2018-05-25T06:27:00,2139,2139
http://irail.be/vehicle/IC2004,http://irail.be/stations/NMBS/008821238,IC,2018-05-25T06:28:00,2018-05-25T06:28:00,2132,2132
http://irail.be/vehicle/IC2004,http://irail.be/stations/NMBS/008821154,IC,2018-05-25T06:28:00,2018-05-25T06:28:00,2164,2164
http://irail.be/vehicle/IC2004,http://irail.be/stations/NMBS/008821121,IC,2018-05-25T06:31:00,2018-05-25T06:30:00,2202,2166
http://irail.be/vehicle/IC2004,http://irail.be/stations/NMBS/008821006,IC,2018-05-25T06:35:00,2018-05-25T06:35:00,,2366
http://irail.be/vehicle/IC2004,http://irail.be/stations/NMBS/008814001,IC,2018-08-14T05:50:00,2018-08-14T05:50:00,-20,
http://irail.be/vehicle/IC2004,http://irail.be/stations/NMBS/008813037,IC,2018-08-14T05:52:00,2018-08-14T05:52:00,12,12
http://irail.be/vehicle/IC2004,http://irail.be/stations/NMBS/008813003,IC,2018-08-14T05:54:00,2018-08-14T05:53:00,19,16
http://irail.be/vehicle/IC2004,http://irail.be/stations/NMBS/008813045,IC,2018-08-14T05:55:00,2018-08-14T05:55:00,21,21
http://irail.be/vehicle/IC2004,http://irail.be/stations/NMBS/008812005,IC,2018-08-14T06:01:00,2018-08-14T05:58:00,21,8
http://irail.be/vehicle/IC2004,http://irail.be/stations/NMBS/008811007,IC,2018-08-14T06:04:00,2018-08-14T06:04:00,-8,-8
http://irail.be/vehicle/IC2004,http://irail.be/stations/NMBS/008811148,IC,2018-08-14T06:07:00,2018-08-14T06:07:00,-19,-19
http://irail.be/vehicle/IC2004,http://irail.be/stations/NMBS/008811189,IC,2018-08-14T06:08:00,2018-08-14T06:08:00,-19,-19
http://irail.be/vehicle/IC2004,http://irail.be/stations/NMBS/008822269,IC,2018-08-14T06:11:00,2018-08-14T06:11:00,-20,-20
http://irail.be/vehicle/IC2004,http://irail.be/stations/NMBS/008822251,IC,2018-08-14T06:12:00,2018-08-14T06:12:00,-87,-87
http://irail.be/vehicle/IC2004,http://irail.be/stations/NMBS/008822004,IC,2018-08-14T06:18:00,2018-08-14T06:16:00,-33,-122
http://irail.be/vehicle/IC2004,http://irail.be/stations/NMBS/008822343,IC,2018-08-14T06:21:00,2018-08-14T06:21:00,-33,-33
http://irail.be/vehicle/IC2004,http://irail.be/stations/NMBS/008822228,IC,2018-08-14T06:23:00,2018-08-14T06:23:00,-109,-109
http://irail.be/vehicle/IC2004,http://irail.be/stations/NMBS/008822210,IC,2018-08-14T06:24:00,2018-08-14T06:24:00,-109,-109
http://irail.be/vehicle/IC2004,http://irail.be/stations/NMBS/008821311,IC,2018-08-14T06:26:00,2018-08-14T06:26:00,-114,-114
http://irail.be/vehicle/IC2004,http://irail.be/stations/NMBS/008821337,IC,2018-08-14T06:27:00,2018-08-14T06:27:00,-120,-120
http://irail.be/vehicle/IC2004,http://irail.be/stations/NMBS/008821238,IC,2018-08-14T06:28:00,2018-08-14T06:28:00,-128,-128
http://irail.be/vehicle/IC2004,http://irail.be/stations/NMBS/008821154,IC,2018-08-14T06:28:00,2018-08-14T06:28:00,-91,-91
http://irail.be/vehicle/IC2004,http://irail.be/stations/NMBS/008821121,IC,2018-08-14T06:31:00,2018-08-14T06:30:00,3,-99
http://irail.be/vehicle/IC2004,http://irail.be/stations/NMBS/008821006,IC,2018-08-14T06:39:00,2018-08-14T06:35:00,5,-73
http://irail.be/vehicle/IC2004,http://irail.be/stations/NMBS/008821063,IC,2018-08-14T06:44:00,2018-08-14T06:43:00,-106,-106
http://irail.be/vehicle/IC2004,http://irail.be/stations/NMBS/008821089,IC,2018-08-14T06:51:00,2018-08-14T06:47:00,-74,-14
http://irail.be/vehicle/IC2004,NO-URI,IC,2018-08-14T06:54:00,2018-08-14T06:54:00,,-298
http://irail.be/vehicle/IC2004,http://irail.be/stations/NMBS/008814001,IC,2018-05-23T05:50:00,2018-05-23T05:50:00,-7,
http://irail.be/vehicle/IC2004,http://irail.be/stations/NMBS/008813037,IC,2018-05-23T05:52:00,2018-05-23T05:52:00,32,32
http://irail.be/vehicle/IC2004,http://irail.be/stations/NMBS/008813003,IC,2018-05-23T05:54:00,2018-05-23T05:53:00,49,38
http://irail.be/vehicle/IC2004,http://irail.be/stations/NMBS/008813045,IC,2018-05-23T05:55:00,2018-05-23T05:55:00,56,56
http://irail.be/vehicle/IC2004,http://irail.be/stations/NMBS/008812005,IC,2018-05-23T06:01:00,2018-05-23T05:58:00,14,52
http://irail.be/vehicle/IC2004,http://irail.be/stations/NMBS/008811007,IC,2018-05-23T06:04:00,2018-05-23T06:04:00,-32,-32
http://irail.be/vehicle/IC2004,http://irail.be/stations/NMBS/008811148,IC,2018-05-23T06:07:00,2018-05-23T06:07:00,-44,-44
http://irail.be/vehicle/IC2004,http://irail.be/stations/NMBS/008811189,IC,2018-05-23T06:08:00,2018-05-23T06:08:00,-44,-44
http://irail.be/vehicle/IC2004,http://irail.be/stations/NMBS/008822269,IC,2018-05-23T06:11:00,2018-05-23T06:11:00,-44,-44
http://irail.be/vehicle/IC2004,http://irail.be/stations/NMBS/008822251,IC,2018-05-23T06:12:00,2018-05-23T06:12:00,-109,-109
http://irail.be/vehicle/IC2004,http://irail.be/stations/NMBS/008822004,IC,2018-05-23T06:18:00,2018-05-23T06:16:00,-19,-154
http://irail.be/vehicle/IC2004,http://irail.be/stations/NMBS/008822343,IC,2018-05-23T06:21:00,2018-05-23T06:21:00,-19,-19
http://irail.be/vehicle/IC2004,http://irail.be/stations/NMBS/008822228,IC,2018-05-23T06:23:00,2018-05-23T06:23:00,-62,-62
http://irail.be/vehicle/IC2004,http://irail.be/stations/NMBS/008822210,IC,2018-05-23T06:24:00,2018-05-23T06:24:00,-62,-62
http://irail.be/vehicle/IC2004,http://irail.be/stations/NMBS/008821311,IC,2018-05-23T06:26:00,2018-05-23T06:26:00,-62,-62
http://irail.be/vehicle/IC2004,http://irail.be/stations/NMBS/008821337,IC,2018-05-23T06:27:00,2018-05-23T06:27:00,-64,-64
http://irail.be/vehicle/IC2004,http://irail.be/stations/NMBS/008821238,IC,2018-05-23T06:28:00,2018-05-23T06:28:00,-66,-66
http://irail.be/vehicle/IC2004,http://irail.be/stations/NMBS/008821154,IC,2018-05-23T06:28:00,2018-05-23T06:28:00,0,0
http://irail.be/vehicle/IC2004,http://irail.be/stations/NMBS/008821121,IC,2018-05-23T06:31:00,2018-05-23T06:30:00,140,113
http://irail.be/vehicle/IC2004,http://irail.be/stations/NMBS/008821006,IC,2018-05-23T06:40:00,2018-05-23T06:35:00,88,89
http://irail.be/vehicle/IC2004,http://irail.be/stations/NMBS/008821063,IC,2018-05-23T06:45:00,2018-05-23T06:45:00,1,1
http://irail.be/vehicle/IC2004,http://irail.be/stations/NMBS/008821089,IC,2018-05-23T06:47:00,2018-05-23T06:47:00,21,21
http://irail.be/vehicle/IC2004,NO-URI,IC,2018-05-23T06:49:00,2018-05-23T06:49:00,,87
http://irail.be/vehicle/IC2004,http://irail.be/stations/NMBS/008814001,IC,2018-01-12T05:50:00,2018-01-12T05:50:00,25,
http://irail.be/vehicle/IC2004,http://irail.be/stations/NMBS/008813037,IC,2018-01-12T05:52:00,2018-01-12T05:52:00,90,90
http://irail.be/vehicle/IC2004,http://irail.be/stations/NMBS/008813003,IC,2018-01-12T05:54:00,2018-01-12T05:53:00,138,98
http://irail.be/vehicle/IC2004,http://irail.be/stations/NMBS/008813045,IC,2018-01-12T05:55:00,2018-01-12T05:55:00,148,148
http://irail.be/vehicle/IC2004,http://irail.be/stations/NMBS/008812005,IC,2018-01-12T06:01:00,2018-01-12T05:58:00,51,143
http://irail.be/vehicle/IC2004,http://irail.be/stations/NMBS/008811007,IC,2018-01-12T06:04:00,2018-01-12T06:04:00,11,11
http://irail.be/vehicle/IC2004,http://irail.be/stations/NMBS/008811148,IC,2018-01-12T06:07:00,2018-01-12T06:07:00,2,2
http://irail.be/vehicle/IC2004,http://irail.be/stations/NMBS/008811189,IC,2018-01-12T06:08:00,2018-01-12T06:08:00,2,2
http://irail.be/vehicle/IC2004,http://irail.be/stations/NMBS/008822269,IC,2018-01-12T06:11:00,2018-01-12T06:11:00,2,2
http://irail.be/vehicle/IC2004,http://irail.be/stations/NMBS/008822251,IC,2018-01-12T06:12:00,2018-01-12T06:12:00,-56,-56
http://irail.be/vehicle/IC2004,http://irail.be/stations/NMBS/008822004,IC,2018-01-12T06:18:00,2018-01-12T06:16:00,26,-89
http://irail.be/vehicle/IC2004,http://irail.be/stations/NMBS/008822343,IC,2018-01-12T06:20:00,2018-01-12T06:20:00,26,26
http://irail.be/vehicle/IC2004,http://irail.be/stations/NMBS/008822228,IC,2018-01-12T06:23:00,2018-01-12T06:23:00,-26,-26
http://irail.be/vehicle/IC2004,http://irail.be/stations/NMBS/008822210,IC,2018-01-12T06:24:00,2018-01-12T06:24:00,-26,-26
http://irail.be/vehicle/IC2004,http://irail.be/stations/NMBS/008821311,IC,2018-01-12T06:26:00,2018-01-12T06:26:00,-26,-26
http://irail.be/vehicle/IC2004,http://irail.be/stations/NMBS/008821337,IC,2018-01-12T06:27:00,2018-01-12T06:27:00,-30,-30
http://irail.be/vehicle/IC2004,http://irail.be/stations/NMBS/008821238,IC,2018-01-12T06:28:00,2018-01-12T06:28:00,-37,-37
http://irail.be/vehicle/IC2004,http://irail.be/stations/NMBS/008821154,IC,2018-01-12T06:29:00,2018-01-12T06:29:00,-55,-55
http://irail.be/vehicle/IC2004,http://irail.be/stations/NMBS/008821121,IC,2018-01-12T06:31:00,2018-01-12T06:30:00,88,18
http://irail.be/vehicle/IC2004,http://irail.be/stations/NMBS/008821006,IC,2018-01-12T06:39:00,2018-01-12T06:35:00,31,42
http://irail.be/vehicle/IC2004,http://irail.be/stations/NMBS/008821063,IC,2018-01-12T06:43:00,2018-01-12T06:43:00,-11,-11
http://irail.be/vehicle/IC2004,http://irail.be/stations/NMBS/008821089,IC,2018-01-12T06:46:00,2018-01-12T06:46:00,4,4
http://irail.be/vehicle/IC2004,NO-URI,IC,2018-01-12T06:49:00,2018-01-12T06:49:00,,20
http://irail.be/vehicle/IC2004,http://irail.be/stations/NMBS/008814001,IC,2018-04-17T05:50:00,2018-04-17T05:50:00,8,
http://irail.be/vehicle/IC2004,http://irail.be/stations/NMBS/008813037,IC,2018-04-17T05:52:00,2018-04-17T05:52:00,59,59
http://irail.be/vehicle/IC2004,http://irail.be/stations/NMBS/008813003,IC,2018-04-17T05:54:00,2018-04-17T05:53:00,100,75
http://irail.be/vehicle/IC2004,http://irail.be/stations/NMBS/008813045,IC,2018-04-17T05:55:00,2018-04-17T05:55:00,108,108
http://irail.be/vehicle/IC2004,http://irail.be/stations/NMBS/008812005,IC,2018-04-17T06:01:00,2018-04-17T05:58:00,35,107
http://irail.be/vehicle/IC2004,http://irail.be/stations/NMBS/008811007,IC,2018-04-17T06:04:00,2018-04-17T06:04:00,-33,-33
http://irail.be/vehicle/IC2004,http://irail.be/stations/NMBS/008811148,IC,2018-04-17T06:07:00,2018-04-17T06:07:00,-49,-49
http://irail.be/vehicle/IC2004,http://irail.be/stations/NMBS/008811189,IC,2018-04-17T06:08:00,2018-04-17T06:08:00,-49,-49
http://irail.be/vehicle/IC2004,http://irail.be/stations/NMBS/008822269,IC,2018-04-17T06:11:00,2018-04-17T06:11:00,-48,-48
http://irail.be/vehicle/IC2004,http://irail.be/stations/NMBS/008822251,IC,2018-04-17T06:12:00,2018-04-17T06:12:00,-104,-104
http://irail.be/vehicle/IC2004,http://irail.be/stations/NMBS/008822004,IC,2018-04-17T06:18:00,2018-04-17T06:16:00,-23,-109
http://irail.be/vehicle/IC2004,http://irail.be/stations/NMBS/008822343,IC,2018-04-17T06:21:00,2018-04-17T06:21:00,-23,-23
http://irail.be/vehicle/IC2004,http://irail.be/stations/NMBS/008822228,IC,2018-04-17T06:23:00,2018-04-17T06:23:00,-82,-82
http://irail.be/vehicle/IC2004,http://irail.be/stations/NMBS/008822210,IC,2018-04-17T06:24:00,2018-04-17T06:24:00,-82,-82
http://irail.be/vehicle/IC2004,http://irail.be/stations/NMBS/008821311,IC,2018-04-17T06:26:00,2018-04-17T06:26:00,-82,-82
http://irail.be/vehicle/IC2004,http://irail.be/stations/NMBS/008821337,IC,2018-04-17T06:27:00,2018-04-17T06:27:00,-83,-83
http://irail.be/vehicle/IC2004,http://irail.be/stations/NMBS/008821238,IC,2018-04-17T06:28:00,2018-04-17T06:28:00,-85,-85
http://irail.be/vehicle/IC2004,http://irail.be/stations/NMBS/008821154,IC,2018-04-17T06:28:00,2018-04-17T06:28:00,-50,-50
http://irail.be/vehicle/IC2004,http://irail.be/stations/NMBS/008821121,IC,2018-04-17T06:31:00,2018-04-17T06:30:00,19,-24
http://irail.be/vehicle/IC2004,http://irail.be/stations/NMBS/008821006,IC,2018-04-17T06:40:00,2018-04-17T06:35:00,-62,24
http://irail.be/vehicle/IC2004,http://irail.be/stations/NMBS/008821063,IC,2018-04-17T06:45:00,2018-04-17T06:45:00,-182,-182
http://irail.be/vehicle/IC2004,http://irail.be/stations/NMBS/008821089,IC,2018-04-17T06:47:00,2018-04-17T06:47:00,-156,-156
http://irail.be/vehicle/IC2004,NO-URI,IC,2018-04-17T06:49:00,2018-04-17T06:49:00,,-101
http://irail.be/vehicle/IC2004,http://irail.be/stations/NMBS/008814001,IC,2018-08-13T05:50:00,2018-08-13T05:50:00,-19,
http://irail.be/vehicle/IC2004,http://irail.be/stations/NMBS/008813037,IC,2018-08-13T05:52:00,2018-08-13T05:52:00,31,31
http://irail.be/vehicle/IC2004,http://irail.be/stations/NMBS/008813003,IC,2018-08-13T05:54:00,2018-08-13T05:53:00,79,42
http://irail.be/vehicle/IC2004,http://irail.be/stations/NMBS/008813045,IC,2018-08-13T05:55:00,2018-08-13T05:55:00,92,92
http://irail.be/vehicle/IC2004,http://irail.be/stations/NMBS/008812005,IC,2018-08-13T06:01:00,2018-08-13T05:58:00,24,81
http://irail.be/vehicle/IC2004,http://irail.be/stations/NMBS/008811007,IC,2018-08-13T06:04:00,2018-08-13T06:04:00,-14,-14
http://irail.be/vehicle/IC2004,http://irail.be/stations/NMBS/008811148,IC,2018-08-13T06:07:00,2018-08-13T06:07:00,-24,-24
http://irail.be/vehicle/IC2004,http://irail.be/stations/NMBS/008811189,IC,2018-08-13T06:08:00,2018-08-13T06:08:00,-24,-24
http://irail.be/vehicle/IC2004,http://irail.be/stations/NMBS/008822269,IC,2018-08-13T06:11:00,2018-08-13T06:11:00,-23,-23
http://irail.be/vehicle/IC2004,http://irail.be/stations/NMBS/008822251,IC,2018-08-13T06:12:00,2018-08-13T06:12:00,-79,-79
http://irail.be/vehicle/IC2004,http://irail.be/stations/NMBS/008822004,IC,2018-08-13T06:18:00,2018-08-13T06:16:00,-31,-117
http://irail.be/vehicle/IC2004,http://irail.be/stations/NMBS/008822343,IC,2018-08-13T06:21:00,2018-08-13T06:21:00,-31,-31
http://irail.be/vehicle/IC2004,http://irail.be/stations/NMBS/008822228,IC,2018-08-13T06:23:00,2018-08-13T06:23:00,-61,-61
http://irail.be/vehicle/IC2004,http://irail.be/stations/NMBS/008822210,IC,2018-08-13T06:24:00,2018-08-13T06:24:00,-61,-61
http://irail.be/vehicle/IC2004,http://irail.be/stations/NMBS/008821311,IC,2018-08-13T06:26:00,2018-08-13T06:26:00,-52,-52
http://irail.be/vehicle/IC2004,http://irail.be/stations/NMBS/008821337,IC,2018-08-13T06:27:00,2018-08-13T06:27:00,-38,-38
http://irail.be/vehicle/IC2004,http://irail.be/stations/NMBS/008821238,IC,2018-08-13T06:28:00,2018-08-13T06:28:00,-30,-30
http://irail.be/vehicle/IC2004,http://irail.be/stations/NMBS/008821154,IC,2018-08-13T06:28:00,2018-08-13T06:28:00,15,15
http://irail.be/vehicle/IC2004,http://irail.be/stations/NMBS/008821121,IC,2018-08-13T06:31:00,2018-08-13T06:30:00,1492,14
http://irail.be/vehicle/IC2004,http://irail.be/stations/NMBS/008821006,IC,2018-08-13T06:35:00,2018-08-13T06:35:00,,1489
http://irail.be/vehicle/IC2004,http://irail.be/stations/NMBS/008814001,IC,2018-06-28T05:50:00,2018-06-28T05:50:00,-18,
http://irail.be/vehicle/IC2004,http://irail.be/stations/NMBS/008813037,IC,2018-06-28T05:52:00,2018-06-28T05:52:00,22,22
http://irail.be/vehicle/IC2004,http://irail.be/stations/NMBS/008813003,IC,2018-06-28T05:54:00,2018-06-28T05:53:00,38,29
http://irail.be/vehicle/IC2004,http://irail.be/stations/NMBS/008813045,IC,2018-06-28T05:55:00,2018-06-28T05:55:00,45,45
http://irail.be/vehicle/IC2004,http://irail.be/stations/NMBS/008812005,IC,2018-06-28T06:01:00,2018-06-28T05:58:00,30,36
http://irail.be/vehicle/IC2004,http://irail.be/stations/NMBS/008811007,IC,2018-06-28T06:04:00,2018-06-28T06:04:00,-24,-24
http://irail.be/vehicle/IC2004,http://irail.be/stations/NMBS/008811148,IC,2018-06-28T06:07:00,2018-06-28T06:07:00,-28,-28
http://irail.be/vehicle/IC2004,http://irail.be/stations/NMBS/008811189,IC,2018-06-28T06:08:00,2018-06-28T06:08:00,-28,-28
http://irail.be/vehicle/IC2004,http://irail.be/stations/NMBS/008822269,IC,2018-06-28T06:11:00,2018-06-28T06:11:00,-26,-26
http://irail.be/vehicle/IC2004,http://irail.be/stations/NMBS/008822251,IC,2018-06-28T06:12:00,2018-06-28T06:12:00,-80,-80
http://irail.be/vehicle/IC2004,http://irail.be/stations/NMBS/008822004,IC,2018-06-28T06:18:00,2018-06-28T06:16:00,-19,-125
http://irail.be/vehicle/IC2004,http://irail.be/stations/NMBS/008822343,IC,2018-06-28T06:21:00,2018-06-28T06:21:00,-19,-19
http://irail.be/vehicle/IC2004,http://irail.be/stations/NMBS/008822228,IC,2018-06-28T06:23:00,2018-06-28T06:23:00,-76,-76
http://irail.be/vehicle/IC2004,http://irail.be/stations/NMBS/008822210,IC,2018-06-28T06:24:00,2018-06-28T06:24:00,-76,-76
http://irail.be/vehicle/IC2004,http://irail.be/stations/NMBS/008821311,IC,2018-06-28T06:26:00,2018-06-28T06:26:00,-77,-77
http://irail.be/vehicle/IC2004,http://irail.be/stations/NMBS/008821337,IC,2018-06-28T06:27:00,2018-06-28T06:27:00,-81,-81
http://irail.be/vehicle/IC2004,http://irail.be/stations/NMBS/008821238,IC,2018-06-28T06:28:00,2018-06-28T06:28:00,-88,-88
http://irail.be/vehicle/IC2004,http://irail.be/stations/NMBS/008821154,IC,2018-06-28T06:28:00,2018-06-28T06:28:00,-55,-55
http://irail.be/vehicle/IC2004,http://irail.be/stations/NMBS/008821121,IC,2018-06-28T06:31:00,2018-06-28T06:30:00,16,-66
http://irail.be/vehicle/IC2004,http://irail.be/stations/NMBS/008821006,IC,2018-06-28T06:39:00,2018-06-28T06:35:00,10,-37
http://irail.be/vehicle/IC2004,http://irail.be/stations/NMBS/008821063,IC,2018-06-28T06:44:00,2018-06-28T06:43:00,-97,-97
http://irail.be/vehicle/IC2004,http://irail.be/stations/NMBS/008821089,IC,2018-06-28T06:51:00,2018-06-28T06:47:00,-194,20
http://irail.be/vehicle/IC2004,NO-URI,IC,2018-06-28T06:54:00,2018-06-28T06:54:00,,-194
http://irail.be/vehicle/IC2004,http://irail.be/stations/NMBS/008814001,IC,2018-07-20T05:50:00,2018-07-20T05:50:00,4,
http://irail.be/vehicle/IC2004,http://irail.be/stations/NMBS/008813037,IC,2018-07-20T05:52:00,2018-07-20T05:52:00,36,36
http://irail.be/vehicle/IC2004,http://irail.be/stations/NMBS/008813003,IC,2018-07-20T05:54:00,2018-07-20T05:53:00,51,38
http://irail.be/vehicle/IC2004,http://irail.be/stations/NMBS/008813045,IC,2018-07-20T05:55:00,2018-07-20T05:55:00,55,55
http://irail.be/vehicle/IC2004,http://irail.be/stations/NMBS/008812005,IC,2018-07-20T06:01:00,2018-07-20T05:58:00,21,39
http://irail.be/vehicle/IC2004,http://irail.be/stations/NMBS/008811007,IC,2018-07-20T06:04:00,2018-07-20T06:04:00,-29,-29
http://irail.be/vehicle/IC2004,http://irail.be/stations/NMBS/008811148,IC,2018-07-20T06:07:00,2018-07-20T06:07:00,-41,-41
http://irail.be/vehicle/IC2004,http://irail.be/stations/NMBS/008811189,IC,2018-07-20T06:08:00,2018-07-20T06:08:00,-41,-41
http://irail.be/vehicle/IC2004,http://irail.be/stations/NMBS/008822269,IC,2018-07-20T06:11:00,2018-07-20T06:11:00,-41,-41
http://irail.be/vehicle/IC2004,http://irail.be/stations/NMBS/008822251,IC,2018-07-20T06:12:00,2018-07-20T06:12:00,-106,-106
http://irail.be/vehicle/IC2004,http://irail.be/stations/NMBS/008822004,IC,2018-07-20T06:18:00,2018-07-20T06:16:00,-33,-153
http://irail.be/vehicle/IC2004,http://irail.be/stations/NMBS/008822343,IC,2018-07-20T06:21:00,2018-07-20T06:21:00,-33,-33
http://irail.be/vehicle/IC2004,http://irail.be/stations/NMBS/008822228,IC,2018-07-20T06:23:00,2018-07-20T06:23:00,-98,-98
http://irail.be/vehicle/IC2004,http://irail.be/stations/NMBS/008822210,IC,2018-07-20T06:24:00,2018-07-20T06:24:00,-98,-98
http://irail.be/vehicle/IC2004,http://irail.be/stations/NMBS/008821311,IC,2018-07-20T06:26:00,2018-07-20T06:26:00,-85,-85
http://irail.be/vehicle/IC2004,http://irail.be/stations/NMBS/008821337,IC,2018-07-20T06:27:00,2018-07-20T06:27:00,-65,-65
http://irail.be/vehicle/IC2004,http://irail.be/stations/NMBS/008821238,IC,2018-07-20T06:28:00,2018-07-20T06:28:00,-51,-51
http://irail.be/vehicle/IC2004,http://irail.be/stations/NMBS/008821154,IC,2018-07-20T06:28:00,2018-07-20T06:28:00,-3,-3
http://irail.be/vehicle/IC2004,http://irail.be/stations/NMBS/008821121,IC,2018-07-20T06:31:00,2018-07-20T06:30:00,73,23
http://irail.be/vehicle/IC2004,http://irail.be/stations/NMBS/008821006,IC,2018-07-20T06:39:00,2018-07-20T06:35:00,6,2
http://irail.be/vehicle/IC2004,http://irail.be/stations/NMBS/008821063,IC,2018-07-20T06:44:00,2018-07-20T06:43:00,-119,-119
http://irail.be/vehicle/IC2004,http://irail.be/stations/NMBS/008821089,IC,2018-07-20T06:51:00,2018-07-20T06:47:00,-63,90
http://irail.be/vehicle/IC2004,NO-URI,IC,2018-07-20T06:54:00,2018-07-20T06:54:00,,-63
http://irail.be/vehicle/IC2004,http://irail.be/stations/NMBS/008814001,IC,2018-04-04T05:50:00,2018-04-04T05:50:00,-49,
http://irail.be/vehicle/IC2004,http://irail.be/stations/NMBS/008813037,IC,2018-04-04T05:52:00,2018-04-04T05:52:00,-9,-9
http://irail.be/vehicle/IC2004,http://irail.be/stations/NMBS/008813003,IC,2018-04-04T05:54:00,2018-04-04T05:53:00,-2,0
http://irail.be/vehicle/IC2004,http://irail.be/stations/NMBS/008813045,IC,2018-04-04T05:56:00,2018-04-04T05:56:00,-18,-18
http://irail.be/vehicle/IC2004,http://irail.be/stations/NMBS/008812005,IC,2018-04-04T06:01:00,2018-04-04T05:58:00,-13,-24
http://irail.be/vehicle/IC2004,http://irail.be/stations/NMBS/008811007,IC,2018-04-04T06:04:00,2018-04-04T06:04:00,-36,-36
http://irail.be/vehicle/IC2004,http://irail.be/stations/NMBS/008811148,IC,2018-04-04T06:07:00,2018-04-04T06:07:00,-44,-44
http://irail.be/vehicle/IC2004,http://irail.be/stations/NMBS/008811189,IC,2018-04-04T06:08:00,2018-04-04T06:08:00,-44,-44
http://irail.be/vehicle/IC2004,http://irail.be/stations/NMBS/008822269,IC,2018-04-04T06:11:00,2018-04-04T06:11:00,-42,-42
http://irail.be/vehicle/IC2004,http://irail.be/stations/NMBS/008822251,IC,2018-04-04T06:12:00,2018-04-04T06:12:00,-89,-89
http://irail.be/vehicle/IC2004,http://irail.be/stations/NMBS/008822004,IC,2018-04-04T06:18:00,2018-04-04T06:16:00,-41,-125
http://irail.be/vehicle/IC2004,http://irail.be/stations/NMBS/008822343,IC,2018-04-04T06:21:00,2018-04-04T06:21:00,-41,-41
http://irail.be/vehicle/IC2004,http://irail.be/stations/NMBS/008822228,IC,2018-04-04T06:23:00,2018-04-04T06:23:00,-79,-79
http://irail.be/vehicle/IC2004,http://irail.be/stations/NMBS/008822210,IC,2018-04-04T06:24:00,2018-04-04T06:24:00,-79,-79
http://irail.be/vehicle/IC2004,http://irail.be/stations/NMBS/008821311,IC,2018-04-04T06:26:00,2018-04-04T06:26:00,-79,-79
http://irail.be/vehicle/IC2004,http://irail.be/stations/NMBS/008821337,IC,2018-04-04T06:27:00,2018-04-04T06:27:00,-81,-81
http://irail.be/vehicle/IC2004,http://irail.be/stations/NMBS/008821238,IC,2018-04-04T06:28:00,2018-04-04T06:28:00,-87,-87
http://irail.be/vehicle/IC2004,http://irail.be/stations/NMBS/008821154,IC,2018-04-04T06:28:00,2018-04-04T06:28:00,-52,-52
http://irail.be/vehicle/IC2004,http://irail.be/stations/NMBS/008821121,IC,2018-04-04T06:31:00,2018-04-04T06:30:00,-7,-48
http://irail.be/vehicle/IC2004,http://irail.be/stations/NMBS/008821006,IC,2018-04-04T06:39:00,2018-04-04T06:35:00,-74,-55
http://irail.be/vehicle/IC2004,http://irail.be/stations/NMBS/008821063,IC,2018-04-04T06:43:00,2018-04-04T06:43:00,-107,-107
http://irail.be/vehicle/IC2004,http://irail.be/stations/NMBS/008821089,IC,2018-04-04T06:46:00,2018-04-04T06:46:00,21,21
http://irail.be/vehicle/IC2004,NO-URI,IC,2018-04-04T06:49:00,2018-04-04T06:49:00,,16
http://irail.be/vehicle/IC2004,http://irail.be/stations/NMBS/008814001,IC,2018-12-17T05:49:00,2018-12-17T05:49:00,43,
http://irail.be/vehicle/IC2004,http://irail.be/stations/NMBS/008813037,IC,2018-12-17T05:51:00,2018-12-17T05:51:00,71,71
http://irail.be/vehicle/IC2004,http://irail.be/stations/NMBS/008813003,IC,2018-12-17T05:54:00,2018-12-17T05:53:00,76,54
http://irail.be/vehicle/IC2004,http://irail.be/stations/NMBS/008813045,IC,2018-12-17T05:55:00,2018-12-17T05:55:00,91,91
http://irail.be/vehicle/IC2004,http://irail.be/stations/NMBS/008812005,IC,2018-12-17T06:02:00,2018-12-17T05:58:00,59,79
http://irail.be/vehicle/IC2004,http://irail.be/stations/NMBS/008811007,IC,2018-12-17T06:05:00,2018-12-17T06:05:00,27,27
http://irail.be/vehicle/IC2004,http://irail.be/stations/NMBS/008811148,IC,2018-12-17T06:08:00,2018-12-17T06:08:00,17,17
http://irail.be/vehicle/IC2004,http://irail.be/stations/NMBS/008811189,IC,2018-12-17T06:09:00,2018-12-17T06:09:00,17,17
http://irail.be/vehicle/IC2004,http://irail.be/stations/NMBS/008822269,IC,2018-12-17T06:11:00,2018-12-17T06:11:00,18,18
http://irail.be/vehicle/IC2004,http://irail.be/stations/NMBS/008822251,IC,2018-12-17T06:12:00,2018-12-17T06:12:00,18,18
http://irail.be/vehicle/IC2004,http://irail.be/stations/NMBS/008822004,IC,2018-12-17T06:18:00,2018-12-17T06:16:00,47,82
http://irail.be/vehicle/IC2004,http://irail.be/stations/NMBS/008822343,IC,2018-12-17T06:21:00,2018-12-17T06:21:00,47,47
http://irail.be/vehicle/IC2004,http://irail.be/stations/NMBS/008822228,IC,2018-12-17T06:23:00,2018-12-17T06:23:00,-8,-8
http://irail.be/vehicle/IC2004,http://irail.be/stations/NMBS/008822210,IC,2018-12-17T06:24:00,2018-12-17T06:24:00,-8,-8
http://irail.be/vehicle/IC2004,http://irail.be/stations/NMBS/008821311,IC,2018-12-17T06:26:00,2018-12-17T06:26:00,-12,-12
http://irail.be/vehicle/IC2004,http://irail.be/stations/NMBS/008821337,IC,2018-12-17T06:27:00,2018-12-17T06:27:00,-16,-16
http://irail.be/vehicle/IC2004,http://irail.be/stations/NMBS/008821238,IC,2018-12-17T06:28:00,2018-12-17T06:28:00,-24,-24
http://irail.be/vehicle/IC2004,http://irail.be/stations/NMBS/008821154,IC,2018-12-17T06:28:00,2018-12-17T06:28:00,11,11
http://irail.be/vehicle/IC2004,http://irail.be/stations/NMBS/008821121,IC,2018-12-17T06:32:00,2018-12-17T06:30:00,46,14
http://irail.be/vehicle/IC2004,http://irail.be/stations/NMBS/008821006,IC,2018-12-17T06:39:00,2018-12-17T06:36:00,51,-10
http://irail.be/vehicle/IC2004,http://irail.be/stations/NMBS/008821063,IC,2018-12-17T06:44:00,2018-12-17T06:43:00,-61,-61
http://irail.be/vehicle/IC2004,http://irail.be/stations/NMBS/008821089,IC,2018-12-17T06:51:00,2018-12-17T06:47:00,-24,99
http://irail.be/vehicle/IC2004,NO-URI,IC,2018-12-17T06:54:00,2018-12-17T06:54:00,,-24
http://irail.be/vehicle/IC2004,http://irail.be/stations/NMBS/008814001,IC,2018-06-13T05:50:00,2018-06-13T05:50:00,14,
http://irail.be/vehicle/IC2004,http://irail.be/stations/NMBS/008813037,IC,2018-06-13T05:52:00,2018-06-13T05:52:00,69,69
http://irail.be/vehicle/IC2004,http://irail.be/stations/NMBS/008813003,IC,2018-06-13T05:54:00,2018-06-13T05:53:00,97,74
http://irail.be/vehicle/IC2004,http://irail.be/stations/NMBS/008813045,IC,2018-06-13T05:55:00,2018-06-13T05:55:00,106,106
http://irail.be/vehicle/IC2004,http://irail.be/stations/NMBS/008812005,IC,2018-06-13T06:01:00,2018-06-13T05:58:00,38,94
http://irail.be/vehicle/IC2004,http://irail.be/stations/NMBS/008811007,IC,2018-06-13T06:04:00,2018-06-13T06:04:00,-7,-7
http://irail.be/vehicle/IC2004,http://irail.be/stations/NMBS/008811148,IC,2018-06-13T06:07:00,2018-06-13T06:07:00,-20,-20
http://irail.be/vehicle/IC2004,http://irail.be/stations/NMBS/008811189,IC,2018-06-13T06:08:00,2018-06-13T06:08:00,-20,-20
http://irail.be/vehicle/IC2004,http://irail.be/stations/NMBS/008822269,IC,2018-06-13T06:11:00,2018-06-13T06:11:00,-19,-19
http://irail.be/vehicle/IC2004,http://irail.be/stations/NMBS/008822251,IC,2018-06-13T06:12:00,2018-06-13T06:12:00,-75,-75
http://irail.be/vehicle/IC2004,http://irail.be/stations/NMBS/008822004,IC,2018-06-13T06:18:00,2018-06-13T06:16:00,-15,-107
http://irail.be/vehicle/IC2004,http://irail.be/stations/NMBS/008822343,IC,2018-06-13T06:21:00,2018-06-13T06:21:00,-15,-15
http://irail.be/vehicle/IC2004,http://irail.be/stations/NMBS/008822228,IC,2018-06-13T06:23:00,2018-06-13T06:23:00,-78,-78
http://irail.be/vehicle/IC2004,http://irail.be/stations/NMBS/008822210,IC,2018-06-13T06:24:00,2018-06-13T06:24:00,-78,-78
http://irail.be/vehicle/IC2004,http://irail.be/stations/NMBS/008821311,IC,2018-06-13T06:26:00,2018-06-13T06:26:00,-64,-64
http://irail.be/vehicle/IC2004,http://irail.be/stations/NMBS/008821337,IC,2018-06-13T06:27:00,2018-06-13T06:27:00,-56,-56
http://irail.be/vehicle/IC2004,http://irail.be/stations/NMBS/008821238,IC,2018-06-13T06:28:00,2018-06-13T06:28:00,-57,-57
http://irail.be/vehicle/IC2004,http://irail.be/stations/NMBS/008821154,IC,2018-06-13T06:28:00,2018-06-13T06:28:00,-18,-18
http://irail.be/vehicle/IC2004,http://irail.be/stations/NMBS/008821121,IC,2018-06-13T06:31:00,2018-06-13T06:30:00,50,-1
http://irail.be/vehicle/IC2004,http://irail.be/stations/NMBS/008821006,IC,2018-06-13T06:39:00,2018-06-13T06:35:00,13,58
http://irail.be/vehicle/IC2004,http://irail.be/stations/NMBS/008821063,IC,2018-06-13T06:44:00,2018-06-13T06:43:00,-108,-108
http://irail.be/vehicle/IC2004,http://irail.be/stations/NMBS/008821089,IC,2018-06-13T06:51:00,2018-06-13T06:47:00,-120,47
http://irail.be/vehicle/IC2004,NO-URI,IC,2018-06-13T06:54:00,2018-06-13T06:54:00,,-120
http://irail.be/vehicle/IC2004,http://irail.be/stations/NMBS/008814001,IC,2018-03-28T05:50:00,2018-03-28T05:50:00,4,
http://irail.be/vehicle/IC2004,http://irail.be/stations/NMBS/008813037,IC,2018-03-28T05:52:00,2018-03-28T05:52:00,45,45
http://irail.be/vehicle/IC2004,http://irail.be/stations/NMBS/008813003,IC,2018-03-28T05:54:00,2018-03-28T05:53:00,42,54
http://irail.be/vehicle/IC2004,http://irail.be/stations/NMBS/008813045,IC,2018-03-28T05:56:00,2018-03-28T05:56:00,14,14
http://irail.be/vehicle/IC2004,http://irail.be/stations/NMBS/008812005,IC,2018-03-28T06:01:00,2018-03-28T05:58:00,27,6
http://irail.be/vehicle/IC2004,http://irail.be/stations/NMBS/008811007,IC,2018-03-28T06:04:00,2018-03-28T06:04:00,-9,-9
http://irail.be/vehicle/IC2004,http://irail.be/stations/NMBS/008811148,IC,2018-03-28T06:07:00,2018-03-28T06:07:00,47,47
http://irail.be/vehicle/IC2004,http://irail.be/stations/NMBS/008811189,IC,2018-03-28T06:08:00,2018-03-28T06:08:00,47,47
http://irail.be/vehicle/IC2004,http://irail.be/stations/NMBS/008822269,IC,2018-03-28T06:11:00,2018-03-28T06:11:00,49,49
http://irail.be/vehicle/IC2004,http://irail.be/stations/NMBS/008822251,IC,2018-03-28T06:12:00,2018-03-28T06:12:00,-12,-12
http://irail.be/vehicle/IC2004,http://irail.be/stations/NMBS/008822004,IC,2018-03-28T06:18:00,2018-03-28T06:16:00,-21,-48
http://irail.be/vehicle/IC2004,http://irail.be/stations/NMBS/008822343,IC,2018-03-28T06:21:00,2018-03-28T06:21:00,-21,-21
http://irail.be/vehicle/IC2004,http://irail.be/stations/NMBS/008822228,IC,2018-03-28T06:23:00,2018-03-28T06:23:00,-70,-70
http://irail.be/vehicle/IC2004,http://irail.be/stations/NMBS/008822210,IC,2018-03-28T06:24:00,2018-03-28T06:24:00,-70,-70
http://irail.be/vehicle/IC2004,http://irail.be/stations/NMBS/008821311,IC,2018-03-28T06:26:00,2018-03-28T06:26:00,-70,-70
http://irail.be/vehicle/IC2004,http://irail.be/stations/NMBS/008821337,IC,2018-03-28T06:27:00,2018-03-28T06:27:00,-74,-74
http://irail.be/vehicle/IC2004,http://irail.be/stations/NMBS/008821238,IC,2018-03-28T06:28:00,2018-03-28T06:28:00,-77,-77
http://irail.be/vehicle/IC2004,http://irail.be/stations/NMBS/008821154,IC,2018-03-28T06:28:00,2018-03-28T06:28:00,-42,-42
http://irail.be/vehicle/IC2004,http://irail.be/stations/NMBS/008821121,IC,2018-03-28T06:31:00,2018-03-28T06:30:00,26,-33
http://irail.be/vehicle/IC2004,http://irail.be/stations/NMBS/008821006,IC,2018-03-28T06:39:00,2018-03-28T06:35:00,130,-30
http://irail.be/vehicle/IC2004,http://irail.be/stations/NMBS/008821063,IC,2018-03-28T06:43:00,2018-03-28T06:43:00,90,90
http://irail.be/vehicle/IC2004,http://irail.be/stations/NMBS/008821089,IC,2018-03-28T06:46:00,2018-03-28T06:46:00,74,74
http://irail.be/vehicle/IC2004,NO-URI,IC,2018-03-28T06:49:00,2018-03-28T06:49:00,,69
http://irail.be/vehicle/IC2004,http://irail.be/stations/NMBS/008814001,IC,2018-03-06T05:50:00,2018-03-06T05:50:00,9,
http://irail.be/vehicle/IC2004,http://irail.be/stations/NMBS/008813037,IC,2018-03-06T05:52:00,2018-03-06T05:52:00,47,47
http://irail.be/vehicle/IC2004,http://irail.be/stations/NMBS/008813003,IC,2018-03-06T05:54:00,2018-03-06T05:53:00,46,52
http://irail.be/vehicle/IC2004,http://irail.be/stations/NMBS/008813045,IC,2018-03-06T05:56:00,2018-03-06T05:56:00,31,31
http://irail.be/vehicle/IC2004,http://irail.be/stations/NMBS/008812005,IC,2018-03-06T06:01:00,2018-03-06T05:58:00,26,24
http://irail.be/vehicle/IC2004,http://irail.be/stations/NMBS/008811007,IC,2018-03-06T06:04:00,2018-03-06T06:04:00,17,17
http://irail.be/vehicle/IC2004,http://irail.be/stations/NMBS/008811148,IC,2018-03-06T06:07:00,2018-03-06T06:07:00,-3,-3
http://irail.be/vehicle/IC2004,http://irail.be/stations/NMBS/008811189,IC,2018-03-06T06:08:00,2018-03-06T06:08:00,-3,-3
http://irail.be/vehicle/IC2004,http://irail.be/stations/NMBS/008822269,IC,2018-03-06T06:11:00,2018-03-06T06:11:00,-4,-4
http://irail.be/vehicle/IC2004,http://irail.be/stations/NMBS/008822251,IC,2018-03-06T06:12:00,2018-03-06T06:12:00,-49,-49
http://irail.be/vehicle/IC2004,http://irail.be/stations/NMBS/008822004,IC,2018-03-06T06:18:00,2018-03-06T06:16:00,-18,-57
http://irail.be/vehicle/IC2004,http://irail.be/stations/NMBS/008822343,IC,2018-03-06T06:21:00,2018-03-06T06:21:00,-18,-18
http://irail.be/vehicle/IC2004,http://irail.be/stations/NMBS/008822228,IC,2018-03-06T06:23:00,2018-03-06T06:23:00,-3,-3
http://irail.be/vehicle/IC2004,http://irail.be/stations/NMBS/008822210,IC,2018-03-06T06:24:00,2018-03-06T06:24:00,-3,-3
http://irail.be/vehicle/IC2004,http://irail.be/stations/NMBS/008821311,IC,2018-03-06T06:26:00,2018-03-06T06:26:00,-3,-3
http://irail.be/vehicle/IC2004,http://irail.be/stations/NMBS/008821337,IC,2018-03-06T06:27:00,2018-03-06T06:27:00,15,15
http://irail.be/vehicle/IC2004,http://irail.be/stations/NMBS/008821238,IC,2018-03-06T06:28:00,2018-03-06T06:28:00,21,21
http://irail.be/vehicle/IC2004,http://irail.be/stations/NMBS/008821154,IC,2018-03-06T06:28:00,2018-03-06T06:28:00,64,64
http://irail.be/vehicle/IC2004,http://irail.be/stations/NMBS/008821121,IC,2018-03-06T06:31:00,2018-03-06T06:30:00,138,86
http://irail.be/vehicle/IC2004,http://irail.be/stations/NMBS/008821006,IC,2018-03-06T06:39:00,2018-03-06T06:35:00,91,125
http://irail.be/vehicle/IC2004,http://irail.be/stations/NMBS/008821063,IC,2018-03-06T06:43:00,2018-03-06T06:43:00,56,56
http://irail.be/vehicle/IC2004,http://irail.be/stations/NMBS/008821089,IC,2018-03-06T06:46:00,2018-03-06T06:46:00,61,61
http://irail.be/vehicle/IC2004,NO-URI,IC,2018-03-06T06:49:00,2018-03-06T06:49:00,,70
http://irail.be/vehicle/IC2004,http://irail.be/stations/NMBS/008814001,IC,2018-09-03T05:50:00,2018-09-03T05:50:00,27,
http://irail.be/vehicle/IC2004,http://irail.be/stations/NMBS/008813037,IC,2018-09-03T05:52:00,2018-09-03T05:52:00,84,84
http://irail.be/vehicle/IC2004,http://irail.be/stations/NMBS/008813003,IC,2018-09-03T05:54:00,2018-09-03T05:53:00,99,103
http://irail.be/vehicle/IC2004,http://irail.be/stations/NMBS/008813045,IC,2018-09-03T05:56:00,2018-09-03T05:56:00,85,85
http://irail.be/vehicle/IC2004,http://irail.be/stations/NMBS/008812005,IC,2018-09-03T06:02:00,2018-09-03T05:58:00,36,88
http://irail.be/vehicle/IC2004,http://irail.be/stations/NMBS/008811007,IC,2018-09-03T06:05:00,2018-09-03T06:05:00,10,10
http://irail.be/vehicle/IC2004,http://irail.be/stations/NMBS/008811148,IC,2018-09-03T06:08:00,2018-09-03T06:08:00,1,1
http://irail.be/vehicle/IC2004,http://irail.be/stations/NMBS/008811189,IC,2018-09-03T06:09:00,2018-09-03T06:09:00,1,1
http://irail.be/vehicle/IC2004,http://irail.be/stations/NMBS/008822269,IC,2018-09-03T06:11:00,2018-09-03T06:11:00,3,3
http://irail.be/vehicle/IC2004,http://irail.be/stations/NMBS/008822251,IC,2018-09-03T06:12:00,2018-09-03T06:12:00,-2,-2
http://irail.be/vehicle/IC2004,http://irail.be/stations/NMBS/008822004,IC,2018-09-03T06:18:00,2018-09-03T06:16:00,-8,-53
http://irail.be/vehicle/IC2004,http://irail.be/stations/NMBS/008822343,IC,2018-09-03T06:21:00,2018-09-03T06:21:00,-8,-8
http://irail.be/vehicle/IC2004,http://irail.be/stations/NMBS/008822228,IC,2018-09-03T06:23:00,2018-09-03T06:23:00,-65,-65
http://irail.be/vehicle/IC2004,http://irail.be/stations/NMBS/008822210,IC,2018-09-03T06:24:00,2018-09-03T06:24:00,-65,-65
http://irail.be/vehicle/IC2004,http://irail.be/stations/NMBS/008821311,IC,2018-09-03T06:26:00,2018-09-03T06:26:00,-65,-65
http://irail.be/vehicle/IC2004,http://irail.be/stations/NMBS/008821337,IC,2018-09-03T06:27:00,2018-09-03T06:27:00,-68,-68
http://irail.be/vehicle/IC2004,http://irail.be/stations/NMBS/008821238,IC,2018-09-03T06:28:00,2018-09-03T06:28:00,-74,-74
http://irail.be/vehicle/IC2004,http://irail.be/stations/NMBS/008821154,IC,2018-09-03T06:28:00,2018-09-03T06:28:00,-38,-38
http://irail.be/vehicle/IC2004,http://irail.be/stations/NMBS/008821121,IC,2018-09-03T06:32:00,2018-09-03T06:30:00,11,-41
http://irail.be/vehicle/IC2004,http://irail.be/stations/NMBS/008821006,IC,2018-09-03T06:39:00,2018-09-03T06:36:00,10,-22
http://irail.be/vehicle/IC2004,http://irail.be/stations/NMBS/008821063,IC,2018-09-03T06:44:00,2018-09-03T06:43:00,-101,-101
http://irail.be/vehicle/IC2004,http://irail.be/stations/NMBS/008821089,IC,2018-09-03T06:51:00,2018-09-03T06:47:00,22,82
http://irail.be/vehicle/IC2004,NO-URI,IC,2018-09-03T06:54:00,2018-09-03T06:54:00,,-189
http://irail.be/vehicle/IC2004,http://irail.be/stations/NMBS/008814001,IC,2018-10-25T05:50:00,2018-10-25T05:50:00,-2,
http://irail.be/vehicle/IC2004,http://irail.be/stations/NMBS/008813037,IC,2018-10-25T05:52:00,2018-10-25T05:52:00,57,57
http://irail.be/vehicle/IC2004,http://irail.be/stations/NMBS/008813003,IC,2018-10-25T05:54:00,2018-10-25T05:53:00,93,79
http://irail.be/vehicle/IC2004,http://irail.be/stations/NMBS/008813045,IC,2018-10-25T05:56:00,2018-10-25T05:56:00,79,79
http://irail.be/vehicle/IC2004,http://irail.be/stations/NMBS/008812005,IC,2018-10-25T06:02:00,2018-10-25T05:58:00,32,78
http://irail.be/vehicle/IC2004,http://irail.be/stations/NMBS/008811007,IC,2018-10-25T06:05:00,2018-10-25T06:05:00,-4,-4
http://irail.be/vehicle/IC2004,http://irail.be/stations/NMBS/008811148,IC,2018-10-25T06:08:00,2018-10-25T06:08:00,-2,-2
http://irail.be/vehicle/IC2004,http://irail.be/stations/NMBS/008811189,IC,2018-10-25T06:09:00,2018-10-25T06:09:00,-2,-2
http://irail.be/vehicle/IC2004,http://irail.be/stations/NMBS/008822269,IC,2018-10-25T06:11:00,2018-10-25T06:11:00,0,0
http://irail.be/vehicle/IC2004,http://irail.be/stations/NMBS/008822251,IC,2018-10-25T06:12:00,2018-10-25T06:12:00,0,0
http://irail.be/vehicle/IC2004,http://irail.be/stations/NMBS/008822004,IC,2018-10-25T06:18:00,2018-10-25T06:16:00,-16,-50
http://irail.be/vehicle/IC2004,http://irail.be/stations/NMBS/008822343,IC,2018-10-25T06:21:00,2018-10-25T06:21:00,-16,-16
http://irail.be/vehicle/IC2004,http://irail.be/stations/NMBS/008822228,IC,2018-10-25T06:23:00,2018-10-25T06:23:00,-60,-60
http://irail.be/vehicle/IC2004,http://irail.be/stations/NMBS/008822210,IC,2018-10-25T06:24:00,2018-10-25T06:24:00,-60,-60
http://irail.be/vehicle/IC2004,http://irail.be/stations/NMBS/008821311,IC,2018-10-25T06:26:00,2018-10-25T06:26:00,-64,-64
http://irail.be/vehicle/IC2004,http://irail.be/stations/NMBS/008821337,IC,2018-10-25T06:27:00,2018-10-25T06:27:00,-69,-69
http://irail.be/vehicle/IC2004,http://irail.be/stations/NMBS/008821238,IC,2018-10-25T06:28:00,2018-10-25T06:28:00,-77,-77
http://irail.be/vehicle/IC2004,http://irail.be/stations/NMBS/008821154,IC,2018-10-25T06:28:00,2018-10-25T06:28:00,-44,-44
http://irail.be/vehicle/IC2004,http://irail.be/stations/NMBS/008821121,IC,2018-10-25T06:32:00,2018-10-25T06:30:00,18,-43
http://irail.be/vehicle/IC2004,http://irail.be/stations/NMBS/008821006,IC,2018-10-25T06:39:00,2018-10-25T06:36:00,17,-18
http://irail.be/vehicle/IC2004,http://irail.be/stations/NMBS/008821063,IC,2018-10-25T06:44:00,2018-10-25T06:43:00,-62,-62
http://irail.be/vehicle/IC2004,http://irail.be/stations/NMBS/008821089,IC,2018-10-25T06:51:00,2018-10-25T06:47:00,-37,192
http://irail.be/vehicle/IC2004,NO-URI,IC,2018-10-25T06:54:00,2018-10-25T06:54:00,,-37
http://irail.be/vehicle/IC2004,http://irail.be/stations/NMBS/008814001,IC,2018-07-02T05:50:00,2018-07-02T05:50:00,14,
http://irail.be/vehicle/IC2004,http://irail.be/stations/NMBS/008813037,IC,2018-07-02T05:52:00,2018-07-02T05:52:00,56,56
http://irail.be/vehicle/IC2004,http://irail.be/stations/NMBS/008813003,IC,2018-07-02T05:54:00,2018-07-02T05:53:00,117,68
http://irail.be/vehicle/IC2004,http://irail.be/stations/NMBS/008813045,IC,2018-07-02T05:55:00,2018-07-02T05:55:00,135,135
http://irail.be/vehicle/IC2004,http://irail.be/stations/NMBS/008812005,IC,2018-07-02T06:01:00,2018-07-02T05:58:00,61,128
http://irail.be/vehicle/IC2004,http://irail.be/stations/NMBS/008811007,IC,2018-07-02T06:04:00,2018-07-02T06:04:00,20,20
http://irail.be/vehicle/IC2004,http://irail.be/stations/NMBS/008811148,IC,2018-07-02T06:07:00,2018-07-02T06:07:00,8,8
http://irail.be/vehicle/IC2004,http://irail.be/stations/NMBS/008811189,IC,2018-07-02T06:08:00,2018-07-02T06:08:00,8,8
http://irail.be/vehicle/IC2004,http://irail.be/stations/NMBS/008822269,IC,2018-07-02T06:11:00,2018-07-02T06:11:00,13,13
http://irail.be/vehicle/IC2004,http://irail.be/stations/NMBS/008822251,IC,2018-07-02T06:12:00,2018-07-02T06:12:00,-20,-20
http://irail.be/vehicle/IC2004,http://irail.be/stations/NMBS/008822004,IC,2018-07-02T06:18:00,2018-07-02T06:16:00,14,-26
http://irail.be/vehicle/IC2004,http://irail.be/stations/NMBS/008822343,IC,2018-07-02T06:21:00,2018-07-02T06:21:00,14,14
http://irail.be/vehicle/IC2004,http://irail.be/stations/NMBS/008822228,IC,2018-07-02T06:23:00,2018-07-02T06:23:00,-32,-32
http://irail.be/vehicle/IC2004,http://irail.be/stations/NMBS/008822210,IC,2018-07-02T06:24:00,2018-07-02T06:24:00,-32,-32
http://irail.be/vehicle/IC2004,http://irail.be/stations/NMBS/008821311,IC,2018-07-02T06:26:00,2018-07-02T06:26:00,-18,-18
http://irail.be/vehicle/IC2004,http://irail.be/stations/NMBS/008821337,IC,2018-07-02T06:27:00,2018-07-02T06:27:00,-9,-9
http://irail.be/vehicle/IC2004,http://irail.be/stations/NMBS/008821238,IC,2018-07-02T06:28:00,2018-07-02T06:28:00,-3,-3
http://irail.be/vehicle/IC2004,http://irail.be/stations/NMBS/008821154,IC,2018-07-02T06:28:00,2018-07-02T06:28:00,40,40
http://irail.be/vehicle/IC2004,http://irail.be/stations/NMBS/008821121,IC,2018-07-02T06:31:00,2018-07-02T06:30:00,160,69
http://irail.be/vehicle/IC2004,http://irail.be/stations/NMBS/008821006,IC,2018-07-02T06:39:00,2018-07-02T06:35:00,11,131
http://irail.be/vehicle/IC2004,http://irail.be/stations/NMBS/008821063,IC,2018-07-02T06:44:00,2018-07-02T06:43:00,-76,-76
http://irail.be/vehicle/IC2004,http://irail.be/stations/NMBS/008821089,IC,2018-07-02T06:51:00,2018-07-02T06:47:00,61,158
http://irail.be/vehicle/IC2004,NO-URI,IC,2018-07-02T06:54:00,2018-07-02T06:54:00,,61
http://irail.be/vehicle/IC2004,http://irail.be/stations/NMBS/008814001,IC,2018-12-26T05:49:00,2018-12-26T05:49:00,660,
http://irail.be/vehicle/IC2004,http://irail.be/stations/NMBS/008813037,IC,2018-12-26T05:51:00,2018-12-26T05:51:00,698,698
http://irail.be/vehicle/IC2004,http://irail.be/stations/NMBS/008813003,IC,2018-12-26T05:54:00,2018-12-26T05:53:00,747,739
http://irail.be/vehicle/IC2004,http://irail.be/stations/NMBS/008813045,IC,2018-12-26T05:55:00,2018-12-26T05:55:00,755,755
http://irail.be/vehicle/IC2004,http://irail.be/stations/NMBS/008812005,IC,2018-12-26T06:02:00,2018-12-26T05:58:00,588,742
http://irail.be/vehicle/IC2004,http://irail.be/stations/NMBS/008811007,IC,2018-12-26T06:05:00,2018-12-26T06:05:00,584,584
http://irail.be/vehicle/IC2004,http://irail.be/stations/NMBS/008811148,IC,2018-12-26T06:08:00,2018-12-26T06:08:00,690,690
http://irail.be/vehicle/IC2004,http://irail.be/stations/NMBS/008811189,IC,2018-12-26T06:09:00,2018-12-26T06:09:00,690,690
http://irail.be/vehicle/IC2004,http://irail.be/stations/NMBS/008822269,IC,2018-12-26T06:11:00,2018-12-26T06:11:00,851,851
http://irail.be/vehicle/IC2004,http://irail.be/stations/NMBS/008822251,IC,2018-12-26T06:12:00,2018-12-26T06:12:00,905,905
http://irail.be/vehicle/IC2004,http://irail.be/stations/NMBS/008822004,IC,2018-12-26T06:18:00,2018-12-26T06:16:00,1002,1070
http://irail.be/vehicle/IC2004,http://irail.be/stations/NMBS/008822343,IC,2018-12-26T06:21:00,2018-12-26T06:21:00,1002,1002
http://irail.be/vehicle/IC2004,http://irail.be/stations/NMBS/008822228,IC,2018-12-26T06:23:00,2018-12-26T06:23:00,961,961
http://irail.be/vehicle/IC2004,http://irail.be/stations/NMBS/008822210,IC,2018-12-26T06:24:00,2018-12-26T06:24:00,961,961
http://irail.be/vehicle/IC2004,http://irail.be/stations/NMBS/008821311,IC,2018-12-26T06:26:00,2018-12-26T06:26:00,956,956
http://irail.be/vehicle/IC2004,http://irail.be/stations/NMBS/008821337,IC,2018-12-26T06:27:00,2018-12-26T06:27:00,949,949
http://irail.be/vehicle/IC2004,http://irail.be/stations/NMBS/008821238,IC,2018-12-26T06:28:00,2018-12-26T06:28:00,943,943
http://irail.be/vehicle/IC2004,http://irail.be/stations/NMBS/008821154,IC,2018-12-26T06:28:00,2018-12-26T06:28:00,977,977
http://irail.be/vehicle/IC2004,http://irail.be/stations/NMBS/008821121,IC,2018-12-26T06:32:00,2018-12-26T06:30:00,1103,988
http://irail.be/vehicle/IC2004,http://irail.be/stations/NMBS/008821006,IC,2018-12-26T06:36:00,2018-12-26T06:36:00,,1138
http://irail.be/vehicle/IC2004,http://irail.be/stations/NMBS/008814001,IC,2018-06-05T05:50:00,2018-06-05T05:50:00,133,
http://irail.be/vehicle/IC2004,http://irail.be/stations/NMBS/008813037,IC,2018-06-05T05:52:00,2018-06-05T05:52:00,174,174
http://irail.be/vehicle/IC2004,http://irail.be/stations/NMBS/008813003,IC,2018-06-05T05:54:00,2018-06-05T05:53:00,183,178
http://irail.be/vehicle/IC2004,http://irail.be/stations/NMBS/008813045,IC,2018-06-05T05:55:00,2018-06-05T05:55:00,191,191
http://irail.be/vehicle/IC2004,http://irail.be/stations/NMBS/008812005,IC,2018-06-05T06:01:00,2018-06-05T05:58:00,78,183
http://irail.be/vehicle/IC2004,http://irail.be/stations/NMBS/008811007,IC,2018-06-05T06:04:00,2018-06-05T06:04:00,29,29
http://irail.be/vehicle/IC2004,http://irail.be/stations/NMBS/008811148,IC,2018-06-05T06:07:00,2018-06-05T06:07:00,19,19
http://irail.be/vehicle/IC2004,http://irail.be/stations/NMBS/008811189,IC,2018-06-05T06:08:00,2018-06-05T06:08:00,19,19
http://irail.be/vehicle/IC2004,http://irail.be/stations/NMBS/008822269,IC,2018-06-05T06:11:00,2018-06-05T06:11:00,45,45
http://irail.be/vehicle/IC2004,http://irail.be/stations/NMBS/008822251,IC,2018-06-05T06:12:00,2018-06-05T06:12:00,26,26
http://irail.be/vehicle/IC2004,http://irail.be/stations/NMBS/008822004,IC,2018-06-05T06:18:00,2018-06-05T06:16:00,3,-4
http://irail.be/vehicle/IC2004,http://irail.be/stations/NMBS/008822343,IC,2018-06-05T06:21:00,2018-06-05T06:21:00,3,3
http://irail.be/vehicle/IC2004,http://irail.be/stations/NMBS/008822228,IC,2018-06-05T06:23:00,2018-06-05T06:23:00,-44,-44
http://irail.be/vehicle/IC2004,http://irail.be/stations/NMBS/008822210,IC,2018-06-05T06:24:00,2018-06-05T06:24:00,-44,-44
http://irail.be/vehicle/IC2004,http://irail.be/stations/NMBS/008821311,IC,2018-06-05T06:26:00,2018-06-05T06:26:00,-34,-34
http://irail.be/vehicle/IC2004,http://irail.be/stations/NMBS/008821337,IC,2018-06-05T06:27:00,2018-06-05T06:27:00,-36,-36
http://irail.be/vehicle/IC2004,http://irail.be/stations/NMBS/008821238,IC,2018-06-05T06:28:00,2018-06-05T06:28:00,-40,-40
http://irail.be/vehicle/IC2004,http://irail.be/stations/NMBS/008821154,IC,2018-06-05T06:28:00,2018-06-05T06:28:00,-4,-4
http://irail.be/vehicle/IC2004,http://irail.be/stations/NMBS/008821121,IC,2018-06-05T06:31:00,2018-06-05T06:30:00,44,12
http://irail.be/vehicle/IC2004,http://irail.be/stations/NMBS/008821006,IC,2018-06-05T06:40:00,2018-06-05T06:35:00,-20,28
http://irail.be/vehicle/IC2004,http://irail.be/stations/NMBS/008821063,IC,2018-06-05T06:45:00,2018-06-05T06:45:00,-88,-88
http://irail.be/vehicle/IC2004,http://irail.be/stations/NMBS/008821089,IC,2018-06-05T06:47:00,2018-06-05T06:47:00,12,12
http://irail.be/vehicle/IC2004,NO-URI,IC,2018-06-05T06:49:00,2018-06-05T06:49:00,,79
http://irail.be/vehicle/IC2004,http://irail.be/stations/NMBS/008814001,IC,2018-10-22T05:50:00,2018-10-22T05:50:00,-16,
http://irail.be/vehicle/IC2004,http://irail.be/stations/NMBS/008813037,IC,2018-10-22T05:52:00,2018-10-22T05:52:00,36,36
http://irail.be/vehicle/IC2004,http://irail.be/stations/NMBS/008813003,IC,2018-10-22T05:54:00,2018-10-22T05:53:00,42,44
http://irail.be/vehicle/IC2004,http://irail.be/stations/NMBS/008813045,IC,2018-10-22T05:56:00,2018-10-22T05:56:00,21,21
http://irail.be/vehicle/IC2004,http://irail.be/stations/NMBS/008812005,IC,2018-10-22T06:02:00,2018-10-22T05:58:00,22,18
http://irail.be/vehicle/IC2004,http://irail.be/stations/NMBS/008811007,IC,2018-10-22T06:05:00,2018-10-22T06:05:00,-17,-17
http://irail.be/vehicle/IC2004,http://irail.be/stations/NMBS/008811148,IC,2018-10-22T06:08:00,2018-10-22T06:08:00,-6,-6
http://irail.be/vehicle/IC2004,http://irail.be/stations/NMBS/008811189,IC,2018-10-22T06:09:00,2018-10-22T06:09:00,-6,-6
http://irail.be/vehicle/IC2004,http://irail.be/stations/NMBS/008822269,IC,2018-10-22T06:11:00,2018-10-22T06:11:00,-3,-3
http://irail.be/vehicle/IC2004,http://irail.be/stations/NMBS/008822251,IC,2018-10-22T06:12:00,2018-10-22T06:12:00,12,12
http://irail.be/vehicle/IC2004,http://irail.be/stations/NMBS/008822004,IC,2018-10-22T06:18:00,2018-10-22T06:16:00,-17,-16
http://irail.be/vehicle/IC2004,http://irail.be/stations/NMBS/008822343,IC,2018-10-22T06:21:00,2018-10-22T06:21:00,-17,-17
http://irail.be/vehicle/IC2004,http://irail.be/stations/NMBS/008822228,IC,2018-10-22T06:23:00,2018-10-22T06:23:00,88,88
http://irail.be/vehicle/IC2004,http://irail.be/stations/NMBS/008822210,IC,2018-10-22T06:24:00,2018-10-22T06:24:00,88,88
http://irail.be/vehicle/IC2004,http://irail.be/stations/NMBS/008821311,IC,2018-10-22T06:26:00,2018-10-22T06:26:00,97,97
http://irail.be/vehicle/IC2004,http://irail.be/stations/NMBS/008821337,IC,2018-10-22T06:27:00,2018-10-22T06:27:00,92,92
http://irail.be/vehicle/IC2004,http://irail.be/stations/NMBS/008821238,IC,2018-10-22T06:28:00,2018-10-22T06:28:00,87,87
http://irail.be/vehicle/IC2004,http://irail.be/stations/NMBS/008821154,IC,2018-10-22T06:28:00,2018-10-22T06:28:00,122,122
http://irail.be/vehicle/IC2004,http://irail.be/stations/NMBS/008821121,IC,2018-10-22T06:32:00,2018-10-22T06:30:00,135,129
http://irail.be/vehicle/IC2004,http://irail.be/stations/NMBS/008821006,IC,2018-10-22T06:39:00,2018-10-22T06:36:00,30,125
http://irail.be/vehicle/IC2004,http://irail.be/stations/NMBS/008821063,IC,2018-10-22T06:44:00,2018-10-22T06:43:00,-80,-80
http://irail.be/vehicle/IC2004,http://irail.be/stations/NMBS/008821089,IC,2018-10-22T06:51:00,2018-10-22T06:47:00,-14,156
http://irail.be/vehicle/IC2004,NO-URI,IC,2018-10-22T06:54:00,2018-10-22T06:54:00,,-14
http://irail.be/vehicle/IC2004,http://irail.be/stations/NMBS/008814001,IC,2018-03-22T05:50:00,2018-03-22T05:50:00,29,
http://irail.be/vehicle/IC2004,http://irail.be/stations/NMBS/008813037,IC,2018-03-22T05:52:00,2018-03-22T05:52:00,69,69
http://irail.be/vehicle/IC2004,http://irail.be/stations/NMBS/008813003,IC,2018-03-22T05:54:00,2018-03-22T05:53:00,111,72
http://irail.be/vehicle/IC2004,http://irail.be/stations/NMBS/008813045,IC,2018-03-22T05:56:00,2018-03-22T05:56:00,95,95
http://irail.be/vehicle/IC2004,http://irail.be/stations/NMBS/008812005,IC,2018-03-22T06:01:00,2018-03-22T05:58:00,23,87
http://irail.be/vehicle/IC2004,http://irail.be/stations/NMBS/008811007,IC,2018-03-22T06:04:00,2018-03-22T06:04:00,0,0
http://irail.be/vehicle/IC2004,http://irail.be/stations/NMBS/008811148,IC,2018-03-22T06:07:00,2018-03-22T06:07:00,45,45
http://irail.be/vehicle/IC2004,http://irail.be/stations/NMBS/008811189,IC,2018-03-22T06:08:00,2018-03-22T06:08:00,45,45
http://irail.be/vehicle/IC2004,http://irail.be/stations/NMBS/008822269,IC,2018-03-22T06:11:00,2018-03-22T06:11:00,49,49
http://irail.be/vehicle/IC2004,http://irail.be/stations/NMBS/008822251,IC,2018-03-22T06:12:00,2018-03-22T06:12:00,-16,-16
http://irail.be/vehicle/IC2004,http://irail.be/stations/NMBS/008822004,IC,2018-03-22T06:18:00,2018-03-22T06:16:00,-26,-60
http://irail.be/vehicle/IC2004,http://irail.be/stations/NMBS/008822343,IC,2018-03-22T06:21:00,2018-03-22T06:21:00,-26,-26
http://irail.be/vehicle/IC2004,http://irail.be/stations/NMBS/008822228,IC,2018-03-22T06:23:00,2018-03-22T06:23:00,-75,-75
http://irail.be/vehicle/IC2004,http://irail.be/stations/NMBS/008822210,IC,2018-03-22T06:24:00,2018-03-22T06:24:00,-75,-75
http://irail.be/vehicle/IC2004,http://irail.be/stations/NMBS/008821311,IC,2018-03-22T06:26:00,2018-03-22T06:26:00,-75,-75
http://irail.be/vehicle/IC2004,http://irail.be/stations/NMBS/008821337,IC,2018-03-22T06:27:00,2018-03-22T06:27:00,-79,-79
http://irail.be/vehicle/IC2004,http://irail.be/stations/NMBS/008821238,IC,2018-03-22T06:28:00,2018-03-22T06:28:00,-82,-82
http://irail.be/vehicle/IC2004,http://irail.be/stations/NMBS/008821154,IC,2018-03-22T06:28:00,2018-03-22T06:28:00,-44,-44
http://irail.be/vehicle/IC2004,http://irail.be/stations/NMBS/008821121,IC,2018-03-22T06:31:00,2018-03-22T06:30:00,0,-44
http://irail.be/vehicle/IC2004,http://irail.be/stations/NMBS/008821006,IC,2018-03-22T06:39:00,2018-03-22T06:35:00,-89,-54
http://irail.be/vehicle/IC2004,http://irail.be/stations/NMBS/008821063,IC,2018-03-22T06:43:00,2018-03-22T06:43:00,-109,-109
http://irail.be/vehicle/IC2004,http://irail.be/stations/NMBS/008821089,IC,2018-03-22T06:46:00,2018-03-22T06:46:00,-7,-7
http://irail.be/vehicle/IC2004,NO-URI,IC,2018-03-22T06:49:00,2018-03-22T06:49:00,,-15
http://irail.be/vehicle/IC2004,http://irail.be/stations/NMBS/008814001,IC,2018-07-31T05:50:00,2018-07-31T05:50:00,-9,
http://irail.be/vehicle/IC2004,http://irail.be/stations/NMBS/008813037,IC,2018-07-31T05:52:00,2018-07-31T05:52:00,33,33
http://irail.be/vehicle/IC2004,http://irail.be/stations/NMBS/008813003,IC,2018-07-31T05:54:00,2018-07-31T05:53:00,63,36
http://irail.be/vehicle/IC2004,http://irail.be/stations/NMBS/008813045,IC,2018-07-31T05:55:00,2018-07-31T05:55:00,69,69
http://irail.be/vehicle/IC2004,http://irail.be/stations/NMBS/008812005,IC,2018-07-31T06:01:00,2018-07-31T05:58:00,21,55
http://irail.be/vehicle/IC2004,http://irail.be/stations/NMBS/008811007,IC,2018-07-31T06:04:00,2018-07-31T06:04:00,-32,-32
http://irail.be/vehicle/IC2004,http://irail.be/stations/NMBS/008811148,IC,2018-07-31T06:07:00,2018-07-31T06:07:00,-53,-53
http://irail.be/vehicle/IC2004,http://irail.be/stations/NMBS/008811189,IC,2018-07-31T06:08:00,2018-07-31T06:08:00,-53,-53
http://irail.be/vehicle/IC2004,http://irail.be/stations/NMBS/008822269,IC,2018-07-31T06:11:00,2018-07-31T06:11:00,-54,-54
http://irail.be/vehicle/IC2004,http://irail.be/stations/NMBS/008822251,IC,2018-07-31T06:12:00,2018-07-31T06:12:00,-119,-119
http://irail.be/vehicle/IC2004,http://irail.be/stations/NMBS/008822004,IC,2018-07-31T06:18:00,2018-07-31T06:16:00,-14,-173
http://irail.be/vehicle/IC2004,http://irail.be/stations/NMBS/008822343,IC,2018-07-31T06:21:00,2018-07-31T06:21:00,-14,-14
http://irail.be/vehicle/IC2004,http://irail.be/stations/NMBS/008822228,IC,2018-07-31T06:23:00,2018-07-31T06:23:00,-74,-74
http://irail.be/vehicle/IC2004,http://irail.be/stations/NMBS/008822210,IC,2018-07-31T06:24:00,2018-07-31T06:24:00,-74,-74
http://irail.be/vehicle/IC2004,http://irail.be/stations/NMBS/008821311,IC,2018-07-31T06:26:00,2018-07-31T06:26:00,-77,-77
http://irail.be/vehicle/IC2004,http://irail.be/stations/NMBS/008821337,IC,2018-07-31T06:27:00,2018-07-31T06:27:00,-81,-81
http://irail.be/vehicle/IC2004,http://irail.be/stations/NMBS/008821238,IC,2018-07-31T06:28:00,2018-07-31T06:28:00,-85,-85
http://irail.be/vehicle/IC2004,http://irail.be/stations/NMBS/008821154,IC,2018-07-31T06:28:00,2018-07-31T06:28:00,-49,-49
http://irail.be/vehicle/IC2004,http://irail.be/stations/NMBS/008821121,IC,2018-07-31T06:31:00,2018-07-31T06:30:00,15,-54
http://irail.be/vehicle/IC2004,http://irail.be/stations/NMBS/008821006,IC,2018-07-31T06:39:00,2018-07-31T06:35:00,5,-48
http://irail.be/vehicle/IC2004,http://irail.be/stations/NMBS/008821063,IC,2018-07-31T06:44:00,2018-07-31T06:43:00,-114,-114
http://irail.be/vehicle/IC2004,http://irail.be/stations/NMBS/008821089,IC,2018-07-31T06:51:00,2018-07-31T06:47:00,-33,60
http://irail.be/vehicle/IC2004,NO-URI,IC,2018-07-31T06:54:00,2018-07-31T06:54:00,,-33
http://irail.be/vehicle/IC2004,http://irail.be/stations/NMBS/008814001,IC,2018-12-06T05:50:00,2018-12-06T05:50:00,-23,
http://irail.be/vehicle/IC2004,http://irail.be/stations/NMBS/008813037,IC,2018-12-06T05:52:00,2018-12-06T05:52:00,18,18
http://irail.be/vehicle/IC2004,http://irail.be/stations/NMBS/008813003,IC,2018-12-06T05:54:00,2018-12-06T05:53:00,12,21
http://irail.be/vehicle/IC2004,http://irail.be/stations/NMBS/008813045,IC,2018-12-06T05:56:00,2018-12-06T05:56:00,-11,-11
http://irail.be/vehicle/IC2004,http://irail.be/stations/NMBS/008812005,IC,2018-12-06T06:02:00,2018-12-06T05:58:00,24,-14
http://irail.be/vehicle/IC2004,http://irail.be/stations/NMBS/008811007,IC,2018-12-06T06:05:00,2018-12-06T06:05:00,-23,-23
http://irail.be/vehicle/IC2004,http://irail.be/stations/NMBS/008811148,IC,2018-12-06T06:08:00,2018-12-06T06:08:00,-28,-28
http://irail.be/vehicle/IC2004,http://irail.be/stations/NMBS/008811189,IC,2018-12-06T06:09:00,2018-12-06T06:09:00,-28,-28
http://irail.be/vehicle/IC2004,http://irail.be/stations/NMBS/008822269,IC,2018-12-06T06:11:00,2018-12-06T06:11:00,-24,-24
http://irail.be/vehicle/IC2004,http://irail.be/stations/NMBS/008822251,IC,2018-12-06T06:12:00,2018-12-06T06:12:00,17,17
http://irail.be/vehicle/IC2004,http://irail.be/stations/NMBS/008822004,IC,2018-12-06T06:18:00,2018-12-06T06:16:00,-28,8
http://irail.be/vehicle/IC2004,http://irail.be/stations/NMBS/008822343,IC,2018-12-06T06:21:00,2018-12-06T06:21:00,-28,-28
http://irail.be/vehicle/IC2004,http://irail.be/stations/NMBS/008822228,IC,2018-12-06T06:23:00,2018-12-06T06:23:00,-81,-81
http://irail.be/vehicle/IC2004,http://irail.be/stations/NMBS/008822210,IC,2018-12-06T06:24:00,2018-12-06T06:24:00,-81,-81
http://irail.be/vehicle/IC2004,http://irail.be/stations/NMBS/008821311,IC,2018-12-06T06:26:00,2018-12-06T06:26:00,-89,-89
http://irail.be/vehicle/IC2004,http://irail.be/stations/NMBS/008821337,IC,2018-12-06T06:27:00,2018-12-06T06:27:00,-96,-96
http://irail.be/vehicle/IC2004,http://irail.be/stations/NMBS/008821238,IC,2018-12-06T06:28:00,2018-12-06T06:28:00,-105,-105
http://irail.be/vehicle/IC2004,http://irail.be/stations/NMBS/008821154,IC,2018-12-06T06:28:00,2018-12-06T06:28:00,-73,-73
http://irail.be/vehicle/IC2004,http://irail.be/stations/NMBS/008821121,IC,2018-12-06T06:32:00,2018-12-06T06:30:00,24,-74
http://irail.be/vehicle/IC2004,http://irail.be/stations/NMBS/008821006,IC,2018-12-06T06:39:00,2018-12-06T06:36:00,8,-30
http://irail.be/vehicle/IC2004,http://irail.be/stations/NMBS/008821063,IC,2018-12-06T06:44:00,2018-12-06T06:43:00,-101,-101
http://irail.be/vehicle/IC2004,http://irail.be/stations/NMBS/008821089,IC,2018-12-06T06:51:00,2018-12-06T06:47:00,-69,139
http://irail.be/vehicle/IC2004,NO-URI,IC,2018-12-06T06:54:00,2018-12-06T06:54:00,,-69
http://irail.be/vehicle/IC2004,http://irail.be/stations/NMBS/008814001,IC,2018-01-25T05:50:00,2018-01-25T05:50:00,17,
http://irail.be/vehicle/IC2004,http://irail.be/stations/NMBS/008813037,IC,2018-01-25T05:52:00,2018-01-25T05:52:00,67,67
http://irail.be/vehicle/IC2004,http://irail.be/stations/NMBS/008813003,IC,2018-01-25T05:54:00,2018-01-25T05:53:00,100,77
http://irail.be/vehicle/IC2004,http://irail.be/stations/NMBS/008813045,IC,2018-01-25T05:55:00,2018-01-25T05:55:00,119,119
http://irail.be/vehicle/IC2004,http://irail.be/stations/NMBS/008812005,IC,2018-01-25T06:01:00,2018-01-25T05:58:00,57,118
http://irail.be/vehicle/IC2004,http://irail.be/stations/NMBS/008811007,IC,2018-01-25T06:04:00,2018-01-25T06:04:00,48,48
http://irail.be/vehicle/IC2004,http://irail.be/stations/NMBS/008811148,IC,2018-01-25T06:07:00,2018-01-25T06:07:00,46,46
http://irail.be/vehicle/IC2004,http://irail.be/stations/NMBS/008811189,IC,2018-01-25T06:08:00,2018-01-25T06:08:00,46,46
http://irail.be/vehicle/IC2004,http://irail.be/stations/NMBS/008822269,IC,2018-01-25T06:11:00,2018-01-25T06:11:00,44,44
http://irail.be/vehicle/IC2004,http://irail.be/stations/NMBS/008822251,IC,2018-01-25T06:12:00,2018-01-25T06:12:00,-17,-17
http://irail.be/vehicle/IC2004,http://irail.be/stations/NMBS/008822004,IC,2018-01-25T06:18:00,2018-01-25T06:16:00,11,-51
http://irail.be/vehicle/IC2004,http://irail.be/stations/NMBS/008822343,IC,2018-01-25T06:20:00,2018-01-25T06:20:00,11,11
http://irail.be/vehicle/IC2004,http://irail.be/stations/NMBS/008822228,IC,2018-01-25T06:23:00,2018-01-25T06:23:00,-35,-35
http://irail.be/vehicle/IC2004,http://irail.be/stations/NMBS/008822210,IC,2018-01-25T06:24:00,2018-01-25T06:24:00,-35,-35
http://irail.be/vehicle/IC2004,http://irail.be/stations/NMBS/008821311,IC,2018-01-25T06:26:00,2018-01-25T06:26:00,-35,-35
http://irail.be/vehicle/IC2004,http://irail.be/stations/NMBS/008821337,IC,2018-01-25T06:27:00,2018-01-25T06:27:00,-41,-41
http://irail.be/vehicle/IC2004,http://irail.be/stations/NMBS/008821238,IC,2018-01-25T06:28:00,2018-01-25T06:28:00,-46,-46
http://irail.be/vehicle/IC2004,http://irail.be/stations/NMBS/008821154,IC,2018-01-25T06:29:00,2018-01-25T06:29:00,-61,-61
http://irail.be/vehicle/IC2004,http://irail.be/stations/NMBS/008821121,IC,2018-01-25T06:31:00,2018-01-25T06:30:00,69,-11
http://irail.be/vehicle/IC2004,http://irail.be/stations/NMBS/008821006,IC,2018-01-25T06:39:00,2018-01-25T06:35:00,31,30
http://irail.be/vehicle/IC2004,http://irail.be/stations/NMBS/008821063,IC,2018-01-25T06:43:00,2018-01-25T06:43:00,0,0
http://irail.be/vehicle/IC2004,http://irail.be/stations/NMBS/008821089,IC,2018-01-25T06:46:00,2018-01-25T06:46:00,-17,-17
http://irail.be/vehicle/IC2004,NO-URI,IC,2018-01-25T06:49:00,2018-01-25T06:49:00,,-2
http://irail.be/vehicle/IC2004,http://irail.be/stations/NMBS/008814001,IC,2018-06-11T05:50:00,2018-06-11T05:50:00,-9,
http://irail.be/vehicle/IC2004,http://irail.be/stations/NMBS/008813037,IC,2018-06-11T05:52:00,2018-06-11T05:52:00,33,33
http://irail.be/vehicle/IC2004,http://irail.be/stations/NMBS/008813003,IC,2018-06-11T05:54:00,2018-06-11T05:53:00,57,39
http://irail.be/vehicle/IC2004,http://irail.be/stations/NMBS/008813045,IC,2018-06-11T05:55:00,2018-06-11T05:55:00,68,68
http://irail.be/vehicle/IC2004,http://irail.be/stations/NMBS/008812005,IC,2018-06-11T06:01:00,2018-06-11T05:58:00,29,58
http://irail.be/vehicle/IC2004,http://irail.be/stations/NMBS/008811007,IC,2018-06-11T06:04:00,2018-06-11T06:04:00,-18,-18
http://irail.be/vehicle/IC2004,http://irail.be/stations/NMBS/008811148,IC,2018-06-11T06:07:00,2018-06-11T06:07:00,-28,-28
http://irail.be/vehicle/IC2004,http://irail.be/stations/NMBS/008811189,IC,2018-06-11T06:08:00,2018-06-11T06:08:00,-28,-28
http://irail.be/vehicle/IC2004,http://irail.be/stations/NMBS/008822269,IC,2018-06-11T06:11:00,2018-06-11T06:11:00,-28,-28
http://irail.be/vehicle/IC2004,http://irail.be/stations/NMBS/008822251,IC,2018-06-11T06:12:00,2018-06-11T06:12:00,-88,-88
http://irail.be/vehicle/IC2004,http://irail.be/stations/NMBS/008822004,IC,2018-06-11T06:18:00,2018-06-11T06:16:00,-28,-139
http://irail.be/vehicle/IC2004,http://irail.be/stations/NMBS/008822343,IC,2018-06-11T06:21:00,2018-06-11T06:21:00,-28,-28
http://irail.be/vehicle/IC2004,http://irail.be/stations/NMBS/008822228,IC,2018-06-11T06:23:00,2018-06-11T06:23:00,-73,-73
http://irail.be/vehicle/IC2004,http://irail.be/stations/NMBS/008822210,IC,2018-06-11T06:24:00,2018-06-11T06:24:00,-73,-73
http://irail.be/vehicle/IC2004,http://irail.be/stations/NMBS/008821311,IC,2018-06-11T06:26:00,2018-06-11T06:26:00,-71,-71
http://irail.be/vehicle/IC2004,http://irail.be/stations/NMBS/008821337,IC,2018-06-11T06:27:00,2018-06-11T06:27:00,-73,-73
http://irail.be/vehicle/IC2004,http://irail.be/stations/NMBS/008821238,IC,2018-06-11T06:28:00,2018-06-11T06:28:00,-78,-78
http://irail.be/vehicle/IC2004,http://irail.be/stations/NMBS/008821154,IC,2018-06-11T06:28:00,2018-06-11T06:28:00,-44,-44
http://irail.be/vehicle/IC2004,http://irail.be/stations/NMBS/008821121,IC,2018-06-11T06:31:00,2018-06-11T06:30:00,11,-34
http://irail.be/vehicle/IC2004,http://irail.be/stations/NMBS/008821006,IC,2018-06-11T06:39:00,2018-06-11T06:35:00,8,-28
http://irail.be/vehicle/IC2004,http://irail.be/stations/NMBS/008821063,IC,2018-06-11T06:44:00,2018-06-11T06:43:00,-79,-79
http://irail.be/vehicle/IC2004,http://irail.be/stations/NMBS/008821089,IC,2018-06-11T06:51:00,2018-06-11T06:47:00,-85,111
http://irail.be/vehicle/IC2004,NO-URI,IC,2018-06-11T06:54:00,2018-06-11T06:54:00,,-85
http://irail.be/vehicle/IC2004,http://irail.be/stations/NMBS/008814001,IC,2018-06-27T05:50:00,2018-06-27T05:50:00,-2,
http://irail.be/vehicle/IC2004,http://irail.be/stations/NMBS/008813037,IC,2018-06-27T05:52:00,2018-06-27T05:52:00,55,55
http://irail.be/vehicle/IC2004,http://irail.be/stations/NMBS/008813003,IC,2018-06-27T05:54:00,2018-06-27T05:53:00,85,61
http://irail.be/vehicle/IC2004,http://irail.be/stations/NMBS/008813045,IC,2018-06-27T05:55:00,2018-06-27T05:55:00,101,101
http://irail.be/vehicle/IC2004,http://irail.be/stations/NMBS/008812005,IC,2018-06-27T06:01:00,2018-06-27T05:58:00,20,92
http://irail.be/vehicle/IC2004,http://irail.be/stations/NMBS/008811007,IC,2018-06-27T06:04:00,2018-06-27T06:04:00,-29,-29
http://irail.be/vehicle/IC2004,http://irail.be/stations/NMBS/008811148,IC,2018-06-27T06:07:00,2018-06-27T06:07:00,-15,-15
http://irail.be/vehicle/IC2004,http://irail.be/stations/NMBS/008811189,IC,2018-06-27T06:08:00,2018-06-27T06:08:00,-15,-15
http://irail.be/vehicle/IC2004,http://irail.be/stations/NMBS/008822269,IC,2018-06-27T06:11:00,2018-06-27T06:11:00,-7,-7
http://irail.be/vehicle/IC2004,http://irail.be/stations/NMBS/008822251,IC,2018-06-27T06:12:00,2018-06-27T06:12:00,-12,-12
http://irail.be/vehicle/IC2004,http://irail.be/stations/NMBS/008822004,IC,2018-06-27T06:18:00,2018-06-27T06:16:00,-26,-26
http://irail.be/vehicle/IC2004,http://irail.be/stations/NMBS/008822343,IC,2018-06-27T06:21:00,2018-06-27T06:21:00,-26,-26
http://irail.be/vehicle/IC2004,http://irail.be/stations/NMBS/008822228,IC,2018-06-27T06:23:00,2018-06-27T06:23:00,-26,-26
http://irail.be/vehicle/IC2004,http://irail.be/stations/NMBS/008822210,IC,2018-06-27T06:24:00,2018-06-27T06:24:00,-26,-26
http://irail.be/vehicle/IC2004,http://irail.be/stations/NMBS/008821311,IC,2018-06-27T06:26:00,2018-06-27T06:26:00,24,24
http://irail.be/vehicle/IC2004,http://irail.be/stations/NMBS/008821337,IC,2018-06-27T06:27:00,2018-06-27T06:27:00,45,45
http://irail.be/vehicle/IC2004,http://irail.be/stations/NMBS/008821238,IC,2018-06-27T06:28:00,2018-06-27T06:28:00,48,48
http://irail.be/vehicle/IC2004,http://irail.be/stations/NMBS/008821154,IC,2018-06-27T06:28:00,2018-06-27T06:28:00,90,90
http://irail.be/vehicle/IC2004,http://irail.be/stations/NMBS/008821121,IC,2018-06-27T06:31:00,2018-06-27T06:30:00,105,82
http://irail.be/vehicle/IC2004,http://irail.be/stations/NMBS/008821006,IC,2018-06-27T06:39:00,2018-06-27T06:35:00,0,46
http://irail.be/vehicle/IC2004,http://irail.be/stations/NMBS/008821063,IC,2018-06-27T06:44:00,2018-06-27T06:43:00,-115,-115
http://irail.be/vehicle/IC2004,http://irail.be/stations/NMBS/008821089,IC,2018-06-27T06:51:00,2018-06-27T06:47:00,-25,191
http://irail.be/vehicle/IC2004,NO-URI,IC,2018-06-27T06:54:00,2018-06-27T06:54:00,,-25
http://irail.be/vehicle/IC2004,http://irail.be/stations/NMBS/008814001,IC,2018-02-21T05:50:00,2018-02-21T05:50:00,-3,
http://irail.be/vehicle/IC2004,http://irail.be/stations/NMBS/008813037,IC,2018-02-21T05:52:00,2018-02-21T05:52:00,53,53
http://irail.be/vehicle/IC2004,http://irail.be/stations/NMBS/008813003,IC,2018-02-21T05:54:00,2018-02-21T05:53:00,56,58
http://irail.be/vehicle/IC2004,http://irail.be/stations/NMBS/008813045,IC,2018-02-21T05:56:00,2018-02-21T05:56:00,40,40
http://irail.be/vehicle/IC2004,http://irail.be/stations/NMBS/008812005,IC,2018-02-21T06:01:00,2018-02-21T05:58:00,48,35
http://irail.be/vehicle/IC2004,http://irail.be/stations/NMBS/008811007,IC,2018-02-21T06:04:00,2018-02-21T06:04:00,5,5
http://irail.be/vehicle/IC2004,http://irail.be/stations/NMBS/008811148,IC,2018-02-21T06:07:00,2018-02-21T06:07:00,-11,-11
http://irail.be/vehicle/IC2004,http://irail.be/stations/NMBS/008811189,IC,2018-02-21T06:08:00,2018-02-21T06:08:00,-11,-11
http://irail.be/vehicle/IC2004,http://irail.be/stations/NMBS/008822269,IC,2018-02-21T06:11:00,2018-02-21T06:11:00,-9,-9
http://irail.be/vehicle/IC2004,http://irail.be/stations/NMBS/008822251,IC,2018-02-21T06:12:00,2018-02-21T06:12:00,-65,-65
http://irail.be/vehicle/IC2004,http://irail.be/stations/NMBS/008822004,IC,2018-02-21T06:18:00,2018-02-21T06:16:00,-10,-75
http://irail.be/vehicle/IC2004,http://irail.be/stations/NMBS/008822343,IC,2018-02-21T06:21:00,2018-02-21T06:21:00,-10,-10
http://irail.be/vehicle/IC2004,http://irail.be/stations/NMBS/008822228,IC,2018-02-21T06:23:00,2018-02-21T06:23:00,-25,-25
http://irail.be/vehicle/IC2004,http://irail.be/stations/NMBS/008822210,IC,2018-02-21T06:24:00,2018-02-21T06:24:00,-25,-25
http://irail.be/vehicle/IC2004,http://irail.be/stations/NMBS/008821311,IC,2018-02-21T06:26:00,2018-02-21T06:26:00,-25,-25
http://irail.be/vehicle/IC2004,http://irail.be/stations/NMBS/008821337,IC,2018-02-21T06:27:00,2018-02-21T06:27:00,-28,-28
http://irail.be/vehicle/IC2004,http://irail.be/stations/NMBS/008821238,IC,2018-02-21T06:28:00,2018-02-21T06:28:00,-31,-31
http://irail.be/vehicle/IC2004,http://irail.be/stations/NMBS/008821154,IC,2018-02-21T06:28:00,2018-02-21T06:28:00,8,8
http://irail.be/vehicle/IC2004,http://irail.be/stations/NMBS/008821121,IC,2018-02-21T06:31:00,2018-02-21T06:30:00,81,10
http://irail.be/vehicle/IC2004,http://irail.be/stations/NMBS/008821006,IC,2018-02-21T06:39:00,2018-02-21T06:35:00,75,38
http://irail.be/vehicle/IC2004,http://irail.be/stations/NMBS/008821063,IC,2018-02-21T06:43:00,2018-02-21T06:43:00,47,47
http://irail.be/vehicle/IC2004,http://irail.be/stations/NMBS/008821089,IC,2018-02-21T06:46:00,2018-02-21T06:46:00,206,206
http://irail.be/vehicle/IC2004,NO-URI,IC,2018-02-21T06:49:00,2018-02-21T06:49:00,,218
http://irail.be/vehicle/IC2004,http://irail.be/stations/NMBS/008814001,IC,2018-11-07T05:50:00,2018-11-07T05:50:00,-15,
http://irail.be/vehicle/IC2004,http://irail.be/stations/NMBS/008813037,IC,2018-11-07T05:52:00,2018-11-07T05:52:00,26,26
http://irail.be/vehicle/IC2004,http://irail.be/stations/NMBS/008813003,IC,2018-11-07T05:54:00,2018-11-07T05:53:00,20,33
http://irail.be/vehicle/IC2004,http://irail.be/stations/NMBS/008813045,IC,2018-11-07T05:56:00,2018-11-07T05:56:00,-1,-1
http://irail.be/vehicle/IC2004,http://irail.be/stations/NMBS/008812005,IC,2018-11-07T06:02:00,2018-11-07T05:58:00,22,-5
http://irail.be/vehicle/IC2004,http://irail.be/stations/NMBS/008811007,IC,2018-11-07T06:05:00,2018-11-07T06:05:00,-15,-15
http://irail.be/vehicle/IC2004,http://irail.be/stations/NMBS/008811148,IC,2018-11-07T06:08:00,2018-11-07T06:08:00,-32,-32
http://irail.be/vehicle/IC2004,http://irail.be/stations/NMBS/008811189,IC,2018-11-07T06:09:00,2018-11-07T06:09:00,-32,-32
http://irail.be/vehicle/IC2004,http://irail.be/stations/NMBS/008822269,IC,2018-11-07T06:11:00,2018-11-07T06:11:00,-32,-32
http://irail.be/vehicle/IC2004,http://irail.be/stations/NMBS/008822251,IC,2018-11-07T06:12:00,2018-11-07T06:12:00,-35,-35
http://irail.be/vehicle/IC2004,http://irail.be/stations/NMBS/008822004,IC,2018-11-07T06:18:00,2018-11-07T06:16:00,-28,-75
http://irail.be/vehicle/IC2004,http://irail.be/stations/NMBS/008822343,IC,2018-11-07T06:21:00,2018-11-07T06:21:00,-28,-28
http://irail.be/vehicle/IC2004,http://irail.be/stations/NMBS/008822228,IC,2018-11-07T06:23:00,2018-11-07T06:23:00,-93,-93
http://irail.be/vehicle/IC2004,http://irail.be/stations/NMBS/008822210,IC,2018-11-07T06:24:00,2018-11-07T06:24:00,-93,-93
http://irail.be/vehicle/IC2004,http://irail.be/stations/NMBS/008821311,IC,2018-11-07T06:26:00,2018-11-07T06:26:00,-82,-82
http://irail.be/vehicle/IC2004,http://irail.be/stations/NMBS/008821337,IC,2018-11-07T06:27:00,2018-11-07T06:27:00,-65,-65
http://irail.be/vehicle/IC2004,http://irail.be/stations/NMBS/008821238,IC,2018-11-07T06:28:00,2018-11-07T06:28:00,-54,-54
http://irail.be/vehicle/IC2004,http://irail.be/stations/NMBS/008821154,IC,2018-11-07T06:28:00,2018-11-07T06:28:00,-7,-7
http://irail.be/vehicle/IC2004,http://irail.be/stations/NMBS/008821121,IC,2018-11-07T06:32:00,2018-11-07T06:30:00,6,-11
http://irail.be/vehicle/IC2004,http://irail.be/stations/NMBS/008821006,IC,2018-11-07T06:39:00,2018-11-07T06:36:00,6,-43
http://irail.be/vehicle/IC2004,http://irail.be/stations/NMBS/008821063,IC,2018-11-07T06:44:00,2018-11-07T06:43:00,-91,-91
http://irail.be/vehicle/IC2004,http://irail.be/stations/NMBS/008821089,IC,2018-11-07T06:51:00,2018-11-07T06:47:00,48,108
http://irail.be/vehicle/IC2004,NO-URI,IC,2018-11-07T06:54:00,2018-11-07T06:54:00,,-151
http://irail.be/vehicle/IC2004,http://irail.be/stations/NMBS/008814001,IC,2018-05-16T05:50:00,2018-05-16T05:50:00,12,
http://irail.be/vehicle/IC2004,http://irail.be/stations/NMBS/008813037,IC,2018-05-16T05:52:00,2018-05-16T05:52:00,44,44
http://irail.be/vehicle/IC2004,http://irail.be/stations/NMBS/008813003,IC,2018-05-16T05:54:00,2018-05-16T05:53:00,93,53
http://irail.be/vehicle/IC2004,http://irail.be/stations/NMBS/008813045,IC,2018-05-16T05:55:00,2018-05-16T05:55:00,103,103
http://irail.be/vehicle/IC2004,http://irail.be/stations/NMBS/008812005,IC,2018-05-16T06:01:00,2018-05-16T05:58:00,28,97
http://irail.be/vehicle/IC2004,http://irail.be/stations/NMBS/008811007,IC,2018-05-16T06:04:00,2018-05-16T06:04:00,7,7
http://irail.be/vehicle/IC2004,http://irail.be/stations/NMBS/008811148,IC,2018-05-16T06:07:00,2018-05-16T06:07:00,13,13
http://irail.be/vehicle/IC2004,http://irail.be/stations/NMBS/008811189,IC,2018-05-16T06:08:00,2018-05-16T06:08:00,13,13
http://irail.be/vehicle/IC2004,http://irail.be/stations/NMBS/008822269,IC,2018-05-16T06:11:00,2018-05-16T06:11:00,19,19
http://irail.be/vehicle/IC2004,http://irail.be/stations/NMBS/008822251,IC,2018-05-16T06:12:00,2018-05-16T06:12:00,-24,-24
http://irail.be/vehicle/IC2004,http://irail.be/stations/NMBS/008822004,IC,2018-05-16T06:18:00,2018-05-16T06:16:00,-4,7
http://irail.be/vehicle/IC2004,http://irail.be/stations/NMBS/008822343,IC,2018-05-16T06:21:00,2018-05-16T06:21:00,-4,-4
http://irail.be/vehicle/IC2004,http://irail.be/stations/NMBS/008822228,IC,2018-05-16T06:23:00,2018-05-16T06:23:00,-51,-51
http://irail.be/vehicle/IC2004,http://irail.be/stations/NMBS/008822210,IC,2018-05-16T06:24:00,2018-05-16T06:24:00,-51,-51
http://irail.be/vehicle/IC2004,http://irail.be/stations/NMBS/008821311,IC,2018-05-16T06:26:00,2018-05-16T06:26:00,-51,-51
http://irail.be/vehicle/IC2004,http://irail.be/stations/NMBS/008821337,IC,2018-05-16T06:27:00,2018-05-16T06:27:00,-46,-46
http://irail.be/vehicle/IC2004,http://irail.be/stations/NMBS/008821238,IC,2018-05-16T06:28:00,2018-05-16T06:28:00,-41,-41
http://irail.be/vehicle/IC2004,http://irail.be/stations/NMBS/008821154,IC,2018-05-16T06:28:00,2018-05-16T06:28:00,1,1
http://irail.be/vehicle/IC2004,http://irail.be/stations/NMBS/008821121,IC,2018-05-16T06:31:00,2018-05-16T06:30:00,24,2
http://irail.be/vehicle/IC2004,http://irail.be/stations/NMBS/008821006,IC,2018-05-16T06:40:00,2018-05-16T06:35:00,-26,-23
http://irail.be/vehicle/IC2004,http://irail.be/stations/NMBS/008821063,IC,2018-05-16T06:45:00,2018-05-16T06:45:00,-95,-95
http://irail.be/vehicle/IC2004,http://irail.be/stations/NMBS/008821089,IC,2018-05-16T06:47:00,2018-05-16T06:47:00,-71,-71
http://irail.be/vehicle/IC2004,NO-URI,IC,2018-05-16T06:49:00,2018-05-16T06:49:00,,15
http://irail.be/vehicle/IC2004,http://irail.be/stations/NMBS/008814001,IC,2018-04-06T05:50:00,2018-04-06T05:50:00,-19,
http://irail.be/vehicle/IC2004,http://irail.be/stations/NMBS/008813037,IC,2018-04-06T05:52:00,2018-04-06T05:52:00,29,29
http://irail.be/vehicle/IC2004,http://irail.be/stations/NMBS/008813003,IC,2018-04-06T05:54:00,2018-04-06T05:53:00,25,35
http://irail.be/vehicle/IC2004,http://irail.be/stations/NMBS/008813045,IC,2018-04-06T05:56:00,2018-04-06T05:56:00,8,8
http://irail.be/vehicle/IC2004,http://irail.be/stations/NMBS/008812005,IC,2018-04-06T06:01:00,2018-04-06T05:58:00,5,2
http://irail.be/vehicle/IC2004,http://irail.be/stations/NMBS/008811007,IC,2018-04-06T06:04:00,2018-04-06T06:04:00,-17,-17
http://irail.be/vehicle/IC2004,http://irail.be/stations/NMBS/008811148,IC,2018-04-06T06:07:00,2018-04-06T06:07:00,-24,-24
http://irail.be/vehicle/IC2004,http://irail.be/stations/NMBS/008811189,IC,2018-04-06T06:08:00,2018-04-06T06:08:00,-24,-24
http://irail.be/vehicle/IC2004,http://irail.be/stations/NMBS/008822269,IC,2018-04-06T06:11:00,2018-04-06T06:11:00,-23,-23
http://irail.be/vehicle/IC2004,http://irail.be/stations/NMBS/008822251,IC,2018-04-06T06:12:00,2018-04-06T06:12:00,-80,-80
http://irail.be/vehicle/IC2004,http://irail.be/stations/NMBS/008822004,IC,2018-04-06T06:18:00,2018-04-06T06:16:00,-25,24
http://irail.be/vehicle/IC2004,http://irail.be/stations/NMBS/008822343,IC,2018-04-06T06:21:00,2018-04-06T06:21:00,-25,-25
http://irail.be/vehicle/IC2004,http://irail.be/stations/NMBS/008822228,IC,2018-04-06T06:23:00,2018-04-06T06:23:00,-77,-77
http://irail.be/vehicle/IC2004,http://irail.be/stations/NMBS/008822210,IC,2018-04-06T06:24:00,2018-04-06T06:24:00,-77,-77
http://irail.be/vehicle/IC2004,http://irail.be/stations/NMBS/008821311,IC,2018-04-06T06:26:00,2018-04-06T06:26:00,-77,-77
http://irail.be/vehicle/IC2004,http://irail.be/stations/NMBS/008821337,IC,2018-04-06T06:27:00,2018-04-06T06:27:00,-80,-80
http://irail.be/vehicle/IC2004,http://irail.be/stations/NMBS/008821238,IC,2018-04-06T06:28:00,2018-04-06T06:28:00,-85,-85
http://irail.be/vehicle/IC2004,http://irail.be/stations/NMBS/008821154,IC,2018-04-06T06:28:00,2018-04-06T06:28:00,-47,-47
http://irail.be/vehicle/IC2004,http://irail.be/stations/NMBS/008821121,IC,2018-04-06T06:31:00,2018-04-06T06:30:00,-2,-35
http://irail.be/vehicle/IC2004,http://irail.be/stations/NMBS/008821006,IC,2018-04-06T06:39:00,2018-04-06T06:35:00,-69,-49
http://irail.be/vehicle/IC2004,http://irail.be/stations/NMBS/008821063,IC,2018-04-06T06:43:00,2018-04-06T06:43:00,-103,-103
http://irail.be/vehicle/IC2004,http://irail.be/stations/NMBS/008821089,IC,2018-04-06T06:46:00,2018-04-06T06:46:00,115,115
http://irail.be/vehicle/IC2004,NO-URI,IC,2018-04-06T06:49:00,2018-04-06T06:49:00,,121
http://irail.be/vehicle/IC2004,http://irail.be/stations/NMBS/008814001,IC,2018-02-16T05:50:00,2018-02-16T05:50:00,3,
http://irail.be/vehicle/IC2004,http://irail.be/stations/NMBS/008813037,IC,2018-02-16T05:52:00,2018-02-16T05:52:00,53,53
http://irail.be/vehicle/IC2004,http://irail.be/stations/NMBS/008813003,IC,2018-02-16T05:54:00,2018-02-16T05:53:00,68,64
http://irail.be/vehicle/IC2004,http://irail.be/stations/NMBS/008813045,IC,2018-02-16T05:56:00,2018-02-16T05:56:00,62,62
http://irail.be/vehicle/IC2004,http://irail.be/stations/NMBS/008812005,IC,2018-02-16T06:01:00,2018-02-16T05:58:00,32,59
http://irail.be/vehicle/IC2004,http://irail.be/stations/NMBS/008811007,IC,2018-02-16T06:04:00,2018-02-16T06:04:00,72,72
http://irail.be/vehicle/IC2004,http://irail.be/stations/NMBS/008811148,IC,2018-02-16T06:07:00,2018-02-16T06:07:00,83,83
http://irail.be/vehicle/IC2004,http://irail.be/stations/NMBS/008811189,IC,2018-02-16T06:08:00,2018-02-16T06:08:00,83,83
http://irail.be/vehicle/IC2004,http://irail.be/stations/NMBS/008822269,IC,2018-02-16T06:11:00,2018-02-16T06:11:00,83,83
http://irail.be/vehicle/IC2004,http://irail.be/stations/NMBS/008822251,IC,2018-02-16T06:12:00,2018-02-16T06:12:00,19,19
http://irail.be/vehicle/IC2004,http://irail.be/stations/NMBS/008822004,IC,2018-02-16T06:18:00,2018-02-16T06:16:00,17,-26
http://irail.be/vehicle/IC2004,http://irail.be/stations/NMBS/008822343,IC,2018-02-16T06:21:00,2018-02-16T06:21:00,17,17
http://irail.be/vehicle/IC2004,http://irail.be/stations/NMBS/008822228,IC,2018-02-16T06:23:00,2018-02-16T06:23:00,138,138
http://irail.be/vehicle/IC2004,http://irail.be/stations/NMBS/008822210,IC,2018-02-16T06:24:00,2018-02-16T06:24:00,138,138
http://irail.be/vehicle/IC2004,http://irail.be/stations/NMBS/008821311,IC,2018-02-16T06:26:00,2018-02-16T06:26:00,138,138
http://irail.be/vehicle/IC2004,http://irail.be/stations/NMBS/008821337,IC,2018-02-16T06:27:00,2018-02-16T06:27:00,133,133
http://irail.be/vehicle/IC2004,http://irail.be/stations/NMBS/008821238,IC,2018-02-16T06:28:00,2018-02-16T06:28:00,144,144
http://irail.be/vehicle/IC2004,http://irail.be/stations/NMBS/008821154,IC,2018-02-16T06:28:00,2018-02-16T06:28:00,277,277
http://irail.be/vehicle/IC2004,http://irail.be/stations/NMBS/008821121,IC,2018-02-16T06:31:00,2018-02-16T06:30:00,390,345
http://irail.be/vehicle/IC2004,http://irail.be/stations/NMBS/008821006,IC,2018-02-16T06:39:00,2018-02-16T06:35:00,357,363
http://irail.be/vehicle/IC2004,http://irail.be/stations/NMBS/008821063,IC,2018-02-16T06:43:00,2018-02-16T06:43:00,336,336
http://irail.be/vehicle/IC2004,http://irail.be/stations/NMBS/008821089,IC,2018-02-16T06:46:00,2018-02-16T06:46:00,328,328
http://irail.be/vehicle/IC2004,NO-URI,IC,2018-02-16T06:49:00,2018-02-16T06:49:00,,324
http://irail.be/vehicle/IC2004,http://irail.be/stations/NMBS/008814001,IC,2018-01-16T05:50:00,2018-01-16T05:50:00,10,
http://irail.be/vehicle/IC2004,http://irail.be/stations/NMBS/008813037,IC,2018-01-16T05:52:00,2018-01-16T05:52:00,57,57
http://irail.be/vehicle/IC2004,http://irail.be/stations/NMBS/008813003,IC,2018-01-16T05:54:00,2018-01-16T05:53:00,96,63
http://irail.be/vehicle/IC2004,http://irail.be/stations/NMBS/008813045,IC,2018-01-16T05:55:00,2018-01-16T05:55:00,113,113
http://irail.be/vehicle/IC2004,http://irail.be/stations/NMBS/008812005,IC,2018-01-16T06:01:00,2018-01-16T05:58:00,51,111
http://irail.be/vehicle/IC2004,http://irail.be/stations/NMBS/008811007,IC,2018-01-16T06:04:00,2018-01-16T06:04:00,21,21
http://irail.be/vehicle/IC2004,http://irail.be/stations/NMBS/008811148,IC,2018-01-16T06:07:00,2018-01-16T06:07:00,132,132
http://irail.be/vehicle/IC2004,http://irail.be/stations/NMBS/008811189,IC,2018-01-16T06:08:00,2018-01-16T06:08:00,132,132
http://irail.be/vehicle/IC2004,http://irail.be/stations/NMBS/008822269,IC,2018-01-16T06:11:00,2018-01-16T06:11:00,132,132
http://irail.be/vehicle/IC2004,http://irail.be/stations/NMBS/008822251,IC,2018-01-16T06:12:00,2018-01-16T06:12:00,72,72
http://irail.be/vehicle/IC2004,http://irail.be/stations/NMBS/008822004,IC,2018-01-16T06:18:00,2018-01-16T06:16:00,54,62
http://irail.be/vehicle/IC2004,http://irail.be/stations/NMBS/008822343,IC,2018-01-16T06:20:00,2018-01-16T06:20:00,54,54
http://irail.be/vehicle/IC2004,http://irail.be/stations/NMBS/008822228,IC,2018-01-16T06:23:00,2018-01-16T06:23:00,-3,-3
http://irail.be/vehicle/IC2004,http://irail.be/stations/NMBS/008822210,IC,2018-01-16T06:24:00,2018-01-16T06:24:00,-3,-3
http://irail.be/vehicle/IC2004,http://irail.be/stations/NMBS/008821311,IC,2018-01-16T06:26:00,2018-01-16T06:26:00,-3,-3
http://irail.be/vehicle/IC2004,http://irail.be/stations/NMBS/008821337,IC,2018-01-16T06:27:00,2018-01-16T06:27:00,-9,-9
http://irail.be/vehicle/IC2004,http://irail.be/stations/NMBS/008821238,IC,2018-01-16T06:28:00,2018-01-16T06:28:00,-15,-15
http://irail.be/vehicle/IC2004,http://irail.be/stations/NMBS/008821154,IC,2018-01-16T06:29:00,2018-01-16T06:29:00,-31,-31
http://irail.be/vehicle/IC2004,http://irail.be/stations/NMBS/008821121,IC,2018-01-16T06:31:00,2018-01-16T06:30:00,78,19
http://irail.be/vehicle/IC2004,http://irail.be/stations/NMBS/008821006,IC,2018-01-16T06:39:00,2018-01-16T06:35:00,-12,47
http://irail.be/vehicle/IC2004,http://irail.be/stations/NMBS/008821063,IC,2018-01-16T06:43:00,2018-01-16T06:43:00,-61,-61
http://irail.be/vehicle/IC2004,http://irail.be/stations/NMBS/008821089,IC,2018-01-16T06:46:00,2018-01-16T06:46:00,207,207
http://irail.be/vehicle/IC2004,NO-URI,IC,2018-01-16T06:49:00,2018-01-16T06:49:00,,208
http://irail.be/vehicle/IC2004,http://irail.be/stations/NMBS/008814001,IC,2018-08-07T05:50:00,2018-08-07T05:50:00,0,
http://irail.be/vehicle/IC2004,http://irail.be/stations/NMBS/008813037,IC,2018-08-07T05:52:00,2018-08-07T05:52:00,42,42
http://irail.be/vehicle/IC2004,http://irail.be/stations/NMBS/008813003,IC,2018-08-07T05:54:00,2018-08-07T05:53:00,77,54
http://irail.be/vehicle/IC2004,http://irail.be/stations/NMBS/008813045,IC,2018-08-07T05:55:00,2018-08-07T05:55:00,84,84
http://irail.be/vehicle/IC2004,http://irail.be/stations/NMBS/008812005,IC,2018-08-07T06:01:00,2018-08-07T05:58:00,37,71
http://irail.be/vehicle/IC2004,http://irail.be/stations/NMBS/008811007,IC,2018-08-07T06:04:00,2018-08-07T06:04:00,-9,-9
http://irail.be/vehicle/IC2004,http://irail.be/stations/NMBS/008811148,IC,2018-08-07T06:07:00,2018-08-07T06:07:00,-10,-10
http://irail.be/vehicle/IC2004,http://irail.be/stations/NMBS/008811189,IC,2018-08-07T06:08:00,2018-08-07T06:08:00,-10,-10
http://irail.be/vehicle/IC2004,http://irail.be/stations/NMBS/008822269,IC,2018-08-07T06:11:00,2018-08-07T06:11:00,-8,-8
http://irail.be/vehicle/IC2004,http://irail.be/stations/NMBS/008822251,IC,2018-08-07T06:12:00,2018-08-07T06:12:00,-58,-58
http://irail.be/vehicle/IC2004,http://irail.be/stations/NMBS/008822004,IC,2018-08-07T06:16:00,2018-08-07T06:16:00,,-94
http://irail.be/vehicle/IC2004,http://irail.be/stations/NMBS/008814001,IC,2018-11-12T05:50:00,2018-11-12T05:50:00,35,
http://irail.be/vehicle/IC2004,http://irail.be/stations/NMBS/008813037,IC,2018-11-12T05:52:00,2018-11-12T05:52:00,95,95
http://irail.be/vehicle/IC2004,http://irail.be/stations/NMBS/008813003,IC,2018-11-12T05:54:00,2018-11-12T05:53:00,101,98
http://irail.be/vehicle/IC2004,http://irail.be/stations/NMBS/008813045,IC,2018-11-12T05:56:00,2018-11-12T05:56:00,79,79
http://irail.be/vehicle/IC2004,http://irail.be/stations/NMBS/008812005,IC,2018-11-12T06:02:00,2018-11-12T05:58:00,30,75
http://irail.be/vehicle/IC2004,http://irail.be/stations/NMBS/008811007,IC,2018-11-12T06:05:00,2018-11-12T06:05:00,-16,-16
http://irail.be/vehicle/IC2004,http://irail.be/stations/NMBS/008811148,IC,2018-11-12T06:08:00,2018-11-12T06:08:00,-32,-32
http://irail.be/vehicle/IC2004,http://irail.be/stations/NMBS/008811189,IC,2018-11-12T06:09:00,2018-11-12T06:09:00,-32,-32
http://irail.be/vehicle/IC2004,http://irail.be/stations/NMBS/008822269,IC,2018-11-12T06:11:00,2018-11-12T06:11:00,-31,-31
http://irail.be/vehicle/IC2004,http://irail.be/stations/NMBS/008822251,IC,2018-11-12T06:12:00,2018-11-12T06:12:00,-35,-35
http://irail.be/vehicle/IC2004,http://irail.be/stations/NMBS/008822004,IC,2018-11-12T06:18:00,2018-11-12T06:16:00,-20,-83
http://irail.be/vehicle/IC2004,http://irail.be/stations/NMBS/008822343,IC,2018-11-12T06:21:00,2018-11-12T06:21:00,-20,-20
http://irail.be/vehicle/IC2004,http://irail.be/stations/NMBS/008822228,IC,2018-11-12T06:23:00,2018-11-12T06:23:00,-62,-62
http://irail.be/vehicle/IC2004,http://irail.be/stations/NMBS/008822210,IC,2018-11-12T06:24:00,2018-11-12T06:24:00,-62,-62
http://irail.be/vehicle/IC2004,http://irail.be/stations/NMBS/008821311,IC,2018-11-12T06:26:00,2018-11-12T06:26:00,29,29
http://irail.be/vehicle/IC2004,http://irail.be/stations/NMBS/008821337,IC,2018-11-12T06:27:00,2018-11-12T06:27:00,67,67
http://irail.be/vehicle/IC2004,http://irail.be/stations/NMBS/008821246,IC,2018-11-12T06:28:50,2018-11-12T06:28:50,55,55
http://irail.be/vehicle/IC2004,http://irail.be/stations/NMBS/008821147,IC,2018-11-12T06:30:59,2018-11-12T06:30:59,93,93
http://irail.be/vehicle/IC2004,http://irail.be/stations/NMBS/008821121,IC,2018-11-12T06:32:00,2018-11-12T06:30:00,313,313
http://irail.be/vehicle/IC2004,http://irail.be/stations/NMBS/008821006,IC,2018-11-12T06:39:00,2018-11-12T06:36:00,303,326
http://irail.be/vehicle/IC2004,http://irail.be/stations/NMBS/008821063,IC,2018-11-12T06:44:00,2018-11-12T06:43:00,192,192
http://irail.be/vehicle/IC2004,http://irail.be/stations/NMBS/008821089,IC,2018-11-12T06:51:00,2018-11-12T06:47:00,279,339
http://irail.be/vehicle/IC2004,NO-URI,IC,2018-11-12T06:54:00,2018-11-12T06:54:00,,86
http://irail.be/vehicle/IC2004,http://irail.be/stations/NMBS/008814001,IC,2018-04-20T05:50:00,2018-04-20T05:50:00,-7,
http://irail.be/vehicle/IC2004,http://irail.be/stations/NMBS/008813037,IC,2018-04-20T05:52:00,2018-04-20T05:52:00,42,42
http://irail.be/vehicle/IC2004,http://irail.be/stations/NMBS/008813003,IC,2018-04-20T05:54:00,2018-04-20T05:53:00,57,47
http://irail.be/vehicle/IC2004,http://irail.be/stations/NMBS/008813045,IC,2018-04-20T05:55:00,2018-04-20T05:55:00,66,66
http://irail.be/vehicle/IC2004,http://irail.be/stations/NMBS/008812005,IC,2018-04-20T06:01:00,2018-04-20T05:58:00,46,63
http://irail.be/vehicle/IC2004,http://irail.be/stations/NMBS/008811007,IC,2018-04-20T06:04:00,2018-04-20T06:04:00,5,5
http://irail.be/vehicle/IC2004,http://irail.be/stations/NMBS/008811148,IC,2018-04-20T06:07:00,2018-04-20T06:07:00,-7,-7
http://irail.be/vehicle/IC2004,http://irail.be/stations/NMBS/008811189,IC,2018-04-20T06:08:00,2018-04-20T06:08:00,-7,-7
http://irail.be/vehicle/IC2004,http://irail.be/stations/NMBS/008822269,IC,2018-04-20T06:11:00,2018-04-20T06:11:00,81,81
http://irail.be/vehicle/IC2004,http://irail.be/stations/NMBS/008822251,IC,2018-04-20T06:12:00,2018-04-20T06:12:00,40,40
http://irail.be/vehicle/IC2004,http://irail.be/stations/NMBS/008822004,IC,2018-04-20T06:18:00,2018-04-20T06:16:00,41,84
http://irail.be/vehicle/IC2004,http://irail.be/stations/NMBS/008822343,IC,2018-04-20T06:21:00,2018-04-20T06:21:00,41,41
http://irail.be/vehicle/IC2004,http://irail.be/stations/NMBS/008822228,IC,2018-04-20T06:23:00,2018-04-20T06:23:00,128,128
http://irail.be/vehicle/IC2004,http://irail.be/stations/NMBS/008822210,IC,2018-04-20T06:24:00,2018-04-20T06:24:00,128,128
http://irail.be/vehicle/IC2004,http://irail.be/stations/NMBS/008821311,IC,2018-04-20T06:26:00,2018-04-20T06:26:00,128,128
http://irail.be/vehicle/IC2004,http://irail.be/stations/NMBS/008821337,IC,2018-04-20T06:27:00,2018-04-20T06:27:00,118,118
http://irail.be/vehicle/IC2004,http://irail.be/stations/NMBS/008821238,IC,2018-04-20T06:28:00,2018-04-20T06:28:00,115,115
http://irail.be/vehicle/IC2004,http://irail.be/stations/NMBS/008821154,IC,2018-04-20T06:28:00,2018-04-20T06:28:00,184,184
http://irail.be/vehicle/IC2004,http://irail.be/stations/NMBS/008821121,IC,2018-04-20T06:31:00,2018-04-20T06:30:00,550,511
http://irail.be/vehicle/IC2004,http://irail.be/stations/NMBS/008821006,IC,2018-04-20T06:40:00,2018-04-20T06:35:00,1003,1032
http://irail.be/vehicle/IC2004,http://irail.be/stations/NMBS/008821063,IC,2018-04-20T06:45:00,2018-04-20T06:45:00,918,918
http://irail.be/vehicle/IC2004,http://irail.be/stations/NMBS/008821089,IC,2018-04-20T06:47:00,2018-04-20T06:47:00,990,990
http://irail.be/vehicle/IC2004,NO-URI,IC,2018-04-20T06:49:00,2018-04-20T06:49:00,,1060
http://irail.be/vehicle/IC2004,http://irail.be/stations/NMBS/008814001,IC,2018-05-18T05:50:00,2018-05-18T05:50:00,527,
http://irail.be/vehicle/IC2004,http://irail.be/stations/NMBS/008813037,IC,2018-05-18T05:52:00,2018-05-18T05:52:00,600,600
http://irail.be/vehicle/IC2004,http://irail.be/stations/NMBS/008813003,IC,2018-05-18T05:54:00,2018-05-18T05:53:00,635,626
http://irail.be/vehicle/IC2004,http://irail.be/stations/NMBS/008813045,IC,2018-05-18T05:55:00,2018-05-18T05:55:00,639,639
http://irail.be/vehicle/IC2004,http://irail.be/stations/NMBS/008812005,IC,2018-05-18T06:01:00,2018-05-18T05:58:00,562,635
http://irail.be/vehicle/IC2004,http://irail.be/stations/NMBS/008811007,IC,2018-05-18T06:04:00,2018-05-18T06:04:00,505,505
http://irail.be/vehicle/IC2004,http://irail.be/stations/NMBS/008811148,IC,2018-05-18T06:07:00,2018-05-18T06:07:00,491,491
http://irail.be/vehicle/IC2004,http://irail.be/stations/NMBS/008811189,IC,2018-05-18T06:08:00,2018-05-18T06:08:00,491,491
http://irail.be/vehicle/IC2004,http://irail.be/stations/NMBS/008822269,IC,2018-05-18T06:11:00,2018-05-18T06:11:00,491,491
http://irail.be/vehicle/IC2004,http://irail.be/stations/NMBS/008822251,IC,2018-05-18T06:12:00,2018-05-18T06:12:00,421,421
http://irail.be/vehicle/IC2004,http://irail.be/stations/NMBS/008822004,IC,2018-05-18T06:18:00,2018-05-18T06:16:00,282,402
http://irail.be/vehicle/IC2004,http://irail.be/stations/NMBS/008822343,IC,2018-05-18T06:21:00,2018-05-18T06:21:00,282,282
http://irail.be/vehicle/IC2004,http://irail.be/stations/NMBS/008822228,IC,2018-05-18T06:23:00,2018-05-18T06:23:00,259,259
http://irail.be/vehicle/IC2004,http://irail.be/stations/NMBS/008822210,IC,2018-05-18T06:24:00,2018-05-18T06:24:00,259,259
http://irail.be/vehicle/IC2004,http://irail.be/stations/NMBS/008821311,IC,2018-05-18T06:26:00,2018-05-18T06:26:00,259,259
http://irail.be/vehicle/IC2004,http://irail.be/stations/NMBS/008821337,IC,2018-05-18T06:27:00,2018-05-18T06:27:00,251,251
http://irail.be/vehicle/IC2004,http://irail.be/stations/NMBS/008821238,IC,2018-05-18T06:28:00,2018-05-18T06:28:00,242,242
http://irail.be/vehicle/IC2004,http://irail.be/stations/NMBS/008821154,IC,2018-05-18T06:28:00,2018-05-18T06:28:00,274,274
http://irail.be/vehicle/IC2004,http://irail.be/stations/NMBS/008821121,IC,2018-05-18T06:31:00,2018-05-18T06:30:00,284,267
http://irail.be/vehicle/IC2004,http://irail.be/stations/NMBS/008821006,IC,2018-05-18T06:40:00,2018-05-18T06:35:00,294,225
http://irail.be/vehicle/IC2004,http://irail.be/stations/NMBS/008821063,IC,2018-05-18T06:45:00,2018-05-18T06:45:00,198,198
http://irail.be/vehicle/IC2004,http://irail.be/stations/NMBS/008821089,IC,2018-05-18T06:47:00,2018-05-18T06:47:00,228,228
http://irail.be/vehicle/IC2004,NO-URI,IC,2018-05-18T06:49:00,2018-05-18T06:49:00,,289
http://irail.be/vehicle/IC2004,http://irail.be/stations/NMBS/008814001,IC,2018-05-03T05:50:00,2018-05-03T05:50:00,14,
http://irail.be/vehicle/IC2004,http://irail.be/stations/NMBS/008813037,IC,2018-05-03T05:52:00,2018-05-03T05:52:00,72,72
http://irail.be/vehicle/IC2004,http://irail.be/stations/NMBS/008813003,IC,2018-05-03T05:54:00,2018-05-03T05:53:00,122,94
http://irail.be/vehicle/IC2004,http://irail.be/stations/NMBS/008813045,IC,2018-05-03T05:55:00,2018-05-03T05:55:00,144,144
http://irail.be/vehicle/IC2004,http://irail.be/stations/NMBS/008812005,IC,2018-05-03T06:01:00,2018-05-03T05:58:00,80,148
http://irail.be/vehicle/IC2004,http://irail.be/stations/NMBS/008811007,IC,2018-05-03T06:04:00,2018-05-03T06:04:00,94,94
http://irail.be/vehicle/IC2004,http://irail.be/stations/NMBS/008811148,IC,2018-05-03T06:07:00,2018-05-03T06:07:00,76,76
http://irail.be/vehicle/IC2004,http://irail.be/stations/NMBS/008811189,IC,2018-05-03T06:08:00,2018-05-03T06:08:00,76,76
http://irail.be/vehicle/IC2004,http://irail.be/stations/NMBS/008822269,IC,2018-05-03T06:11:00,2018-05-03T06:11:00,78,78
http://irail.be/vehicle/IC2004,http://irail.be/stations/NMBS/008822251,IC,2018-05-03T06:12:00,2018-05-03T06:12:00,7,7
http://irail.be/vehicle/IC2004,http://irail.be/stations/NMBS/008822004,IC,2018-05-03T06:18:00,2018-05-03T06:16:00,-12,2
http://irail.be/vehicle/IC2004,http://irail.be/stations/NMBS/008822343,IC,2018-05-03T06:21:00,2018-05-03T06:21:00,-12,-12
http://irail.be/vehicle/IC2004,http://irail.be/stations/NMBS/008822228,IC,2018-05-03T06:23:00,2018-05-03T06:23:00,-51,-51
http://irail.be/vehicle/IC2004,http://irail.be/stations/NMBS/008822210,IC,2018-05-03T06:24:00,2018-05-03T06:24:00,-51,-51
http://irail.be/vehicle/IC2004,http://irail.be/stations/NMBS/008821311,IC,2018-05-03T06:26:00,2018-05-03T06:26:00,-51,-51
http://irail.be/vehicle/IC2004,http://irail.be/stations/NMBS/008821337,IC,2018-05-03T06:27:00,2018-05-03T06:27:00,-48,-48
http://irail.be/vehicle/IC2004,http://irail.be/stations/NMBS/008821238,IC,2018-05-03T06:28:00,2018-05-03T06:28:00,-47,-47
http://irail.be/vehicle/IC2004,http://irail.be/stations/NMBS/008821154,IC,2018-05-03T06:28:00,2018-05-03T06:28:00,-5,-5
http://irail.be/vehicle/IC2004,http://irail.be/stations/NMBS/008821121,IC,2018-05-03T06:31:00,2018-05-03T06:30:00,47,-8
http://irail.be/vehicle/IC2004,http://irail.be/stations/NMBS/008821006,IC,2018-05-03T06:40:00,2018-05-03T06:35:00,21,25
http://irail.be/vehicle/IC2004,http://irail.be/stations/NMBS/008821063,IC,2018-05-03T06:45:00,2018-05-03T06:45:00,-58,-58
http://irail.be/vehicle/IC2004,http://irail.be/stations/NMBS/008821089,IC,2018-05-03T06:47:00,2018-05-03T06:47:00,-22,-22
http://irail.be/vehicle/IC2004,NO-URI,IC,2018-05-03T06:49:00,2018-05-03T06:49:00,,98
http://irail.be/vehicle/IC2004,http://irail.be/stations/NMBS/008814001,IC,2018-04-18T05:50:00,2018-04-18T05:50:00,-11,
http://irail.be/vehicle/IC2004,http://irail.be/stations/NMBS/008813037,IC,2018-04-18T05:52:00,2018-04-18T05:52:00,30,30
http://irail.be/vehicle/IC2004,http://irail.be/stations/NMBS/008813003,IC,2018-04-18T05:54:00,2018-04-18T05:53:00,48,34
http://irail.be/vehicle/IC2004,http://irail.be/stations/NMBS/008813045,IC,2018-04-18T05:55:00,2018-04-18T05:55:00,58,58
http://irail.be/vehicle/IC2004,http://irail.be/stations/NMBS/008812005,IC,2018-04-18T06:01:00,2018-04-18T05:58:00,33,57
http://irail.be/vehicle/IC2004,http://irail.be/stations/NMBS/008811007,IC,2018-04-18T06:04:00,2018-04-18T06:04:00,-10,-10
http://irail.be/vehicle/IC2004,http://irail.be/stations/NMBS/008811148,IC,2018-04-18T06:07:00,2018-04-18T06:07:00,-17,-17
http://irail.be/vehicle/IC2004,http://irail.be/stations/NMBS/008811189,IC,2018-04-18T06:08:00,2018-04-18T06:08:00,-17,-17
http://irail.be/vehicle/IC2004,http://irail.be/stations/NMBS/008822269,IC,2018-04-18T06:11:00,2018-04-18T06:11:00,-13,-13
http://irail.be/vehicle/IC2004,http://irail.be/stations/NMBS/008822251,IC,2018-04-18T06:12:00,2018-04-18T06:12:00,-37,-37
http://irail.be/vehicle/IC2004,http://irail.be/stations/NMBS/008822004,IC,2018-04-18T06:18:00,2018-04-18T06:16:00,-9,-33
http://irail.be/vehicle/IC2004,http://irail.be/stations/NMBS/008822343,IC,2018-04-18T06:21:00,2018-04-18T06:21:00,-9,-9
http://irail.be/vehicle/IC2004,http://irail.be/stations/NMBS/008822228,IC,2018-04-18T06:23:00,2018-04-18T06:23:00,-52,-52
http://irail.be/vehicle/IC2004,http://irail.be/stations/NMBS/008822210,IC,2018-04-18T06:24:00,2018-04-18T06:24:00,-52,-52
http://irail.be/vehicle/IC2004,http://irail.be/stations/NMBS/008821311,IC,2018-04-18T06:26:00,2018-04-18T06:26:00,-52,-52
http://irail.be/vehicle/IC2004,http://irail.be/stations/NMBS/008821337,IC,2018-04-18T06:27:00,2018-04-18T06:27:00,-38,-38
http://irail.be/vehicle/IC2004,http://irail.be/stations/NMBS/008821238,IC,2018-04-18T06:28:00,2018-04-18T06:28:00,-32,-32
http://irail.be/vehicle/IC2004,http://irail.be/stations/NMBS/008821154,IC,2018-04-18T06:28:00,2018-04-18T06:28:00,11,11
http://irail.be/vehicle/IC2004,http://irail.be/stations/NMBS/008821121,IC,2018-04-18T06:31:00,2018-04-18T06:30:00,66,11
http://irail.be/vehicle/IC2004,http://irail.be/stations/NMBS/008821006,IC,2018-04-18T06:40:00,2018-04-18T06:35:00,-12,-1
http://irail.be/vehicle/IC2004,http://irail.be/stations/NMBS/008821063,IC,2018-04-18T06:45:00,2018-04-18T06:45:00,-111,-111
http://irail.be/vehicle/IC2004,http://irail.be/stations/NMBS/008821089,IC,2018-04-18T06:47:00,2018-04-18T06:47:00,-56,-56
http://irail.be/vehicle/IC2004,NO-URI,IC,2018-04-18T06:49:00,2018-04-18T06:49:00,,19
http://irail.be/vehicle/IC2004,http://irail.be/stations/NMBS/008814001,IC,2018-02-15T05:50:00,2018-02-15T05:50:00,17,
http://irail.be/vehicle/IC2004,http://irail.be/stations/NMBS/008813037,IC,2018-02-15T05:52:00,2018-02-15T05:52:00,71,71
http://irail.be/vehicle/IC2004,http://irail.be/stations/NMBS/008813003,IC,2018-02-15T05:54:00,2018-02-15T05:53:00,115,78
http://irail.be/vehicle/IC2004,http://irail.be/stations/NMBS/008813045,IC,2018-02-15T05:56:00,2018-02-15T05:56:00,106,106
http://irail.be/vehicle/IC2004,http://irail.be/stations/NMBS/008812005,IC,2018-02-15T06:01:00,2018-02-15T05:58:00,55,102
http://irail.be/vehicle/IC2004,http://irail.be/stations/NMBS/008811007,IC,2018-02-15T06:04:00,2018-02-15T06:04:00,21,21
http://irail.be/vehicle/IC2004,http://irail.be/stations/NMBS/008811148,IC,2018-02-15T06:07:00,2018-02-15T06:07:00,2,2
http://irail.be/vehicle/IC2004,http://irail.be/stations/NMBS/008811189,IC,2018-02-15T06:08:00,2018-02-15T06:08:00,2,2
http://irail.be/vehicle/IC2004,http://irail.be/stations/NMBS/008822269,IC,2018-02-15T06:11:00,2018-02-15T06:11:00,2,2
http://irail.be/vehicle/IC2004,http://irail.be/stations/NMBS/008822251,IC,2018-02-15T06:12:00,2018-02-15T06:12:00,-59,-59
http://irail.be/vehicle/IC2004,http://irail.be/stations/NMBS/008822004,IC,2018-02-15T06:18:00,2018-02-15T06:16:00,21,-100
http://irail.be/vehicle/IC2004,http://irail.be/stations/NMBS/008822343,IC,2018-02-15T06:21:00,2018-02-15T06:21:00,21,21
http://irail.be/vehicle/IC2004,http://irail.be/stations/NMBS/008822228,IC,2018-02-15T06:23:00,2018-02-15T06:23:00,27,27
http://irail.be/vehicle/IC2004,http://irail.be/stations/NMBS/008822210,IC,2018-02-15T06:24:00,2018-02-15T06:24:00,27,27
http://irail.be/vehicle/IC2004,http://irail.be/stations/NMBS/008821311,IC,2018-02-15T06:26:00,2018-02-15T06:26:00,27,27
http://irail.be/vehicle/IC2004,http://irail.be/stations/NMBS/008821337,IC,2018-02-15T06:27:00,2018-02-15T06:27:00,44,44
http://irail.be/vehicle/IC2004,http://irail.be/stations/NMBS/008821238,IC,2018-02-15T06:28:00,2018-02-15T06:28:00,48,48
http://irail.be/vehicle/IC2004,http://irail.be/stations/NMBS/008821154,IC,2018-02-15T06:28:00,2018-02-15T06:28:00,88,88
http://irail.be/vehicle/IC2004,http://irail.be/stations/NMBS/008821121,IC,2018-02-15T06:31:00,2018-02-15T06:30:00,151,93
http://irail.be/vehicle/IC2004,http://irail.be/stations/NMBS/008821006,IC,2018-02-15T06:39:00,2018-02-15T06:35:00,182,133
http://irail.be/vehicle/IC2004,http://irail.be/stations/NMBS/008821063,IC,2018-02-15T06:43:00,2018-02-15T06:43:00,118,118
http://irail.be/vehicle/IC2004,http://irail.be/stations/NMBS/008821089,IC,2018-02-15T06:46:00,2018-02-15T06:46:00,331,331
http://irail.be/vehicle/IC2004,NO-URI,IC,2018-02-15T06:49:00,2018-02-15T06:49:00,,343
http://irail.be/vehicle/IC2004,http://irail.be/stations/NMBS/008814001,IC,2018-12-24T05:49:00,2018-12-24T05:49:00,-13,
http://irail.be/vehicle/IC2004,http://irail.be/stations/NMBS/008813037,IC,2018-12-24T05:51:00,2018-12-24T05:51:00,11,11
http://irail.be/vehicle/IC2004,http://irail.be/stations/NMBS/008813003,IC,2018-12-24T05:54:00,2018-12-24T05:53:00,5,-4
http://irail.be/vehicle/IC2004,http://irail.be/stations/NMBS/008813045,IC,2018-12-24T05:55:00,2018-12-24T05:55:00,14,14
http://irail.be/vehicle/IC2004,http://irail.be/stations/NMBS/008812005,IC,2018-12-24T06:02:00,2018-12-24T05:58:00,13,8
http://irail.be/vehicle/IC2004,http://irail.be/stations/NMBS/008811007,IC,2018-12-24T06:05:00,2018-12-24T06:05:00,-20,-20
http://irail.be/vehicle/IC2004,http://irail.be/stations/NMBS/008811148,IC,2018-12-24T06:08:00,2018-12-24T06:08:00,-32,-32
http://irail.be/vehicle/IC2004,http://irail.be/stations/NMBS/008811189,IC,2018-12-24T06:09:00,2018-12-24T06:09:00,-32,-32
http://irail.be/vehicle/IC2004,http://irail.be/stations/NMBS/008822269,IC,2018-12-24T06:11:00,2018-12-24T06:11:00,-31,-31
http://irail.be/vehicle/IC2004,http://irail.be/stations/NMBS/008822251,IC,2018-12-24T06:12:00,2018-12-24T06:12:00,-25,-25
http://irail.be/vehicle/IC2004,http://irail.be/stations/NMBS/008822004,IC,2018-12-24T06:18:00,2018-12-24T06:16:00,-37,-73
http://irail.be/vehicle/IC2004,http://irail.be/stations/NMBS/008822343,IC,2018-12-24T06:21:00,2018-12-24T06:21:00,-37,-37
http://irail.be/vehicle/IC2004,http://irail.be/stations/NMBS/008822228,IC,2018-12-24T06:23:00,2018-12-24T06:23:00,-80,-80
http://irail.be/vehicle/IC2004,http://irail.be/stations/NMBS/008822210,IC,2018-12-24T06:24:00,2018-12-24T06:24:00,-80,-80
http://irail.be/vehicle/IC2004,http://irail.be/stations/NMBS/008821311,IC,2018-12-24T06:26:00,2018-12-24T06:26:00,-81,-81
http://irail.be/vehicle/IC2004,http://irail.be/stations/NMBS/008821337,IC,2018-12-24T06:27:00,2018-12-24T06:27:00,-85,-85
http://irail.be/vehicle/IC2004,http://irail.be/stations/NMBS/008821238,IC,2018-12-24T06:28:00,2018-12-24T06:28:00,-90,-90
http://irail.be/vehicle/IC2004,http://irail.be/stations/NMBS/008821154,IC,2018-12-24T06:28:00,2018-12-24T06:28:00,-54,-54
http://irail.be/vehicle/IC2004,http://irail.be/stations/NMBS/008821121,IC,2018-12-24T06:32:00,2018-12-24T06:30:00,11,-61
http://irail.be/vehicle/IC2004,http://irail.be/stations/NMBS/008821006,IC,2018-12-24T06:39:00,2018-12-24T06:36:00,1,-2
http://irail.be/vehicle/IC2004,http://irail.be/stations/NMBS/008821063,IC,2018-12-24T06:44:00,2018-12-24T06:43:00,-50,-50
http://irail.be/vehicle/IC2004,http://irail.be/stations/NMBS/008821089,IC,2018-12-24T06:51:00,2018-12-24T06:47:00,47,140
http://irail.be/vehicle/IC2004,NO-URI,IC,2018-12-24T06:54:00,2018-12-24T06:54:00,,47
http://irail.be/vehicle/IC2004,http://irail.be/stations/NMBS/008814001,IC,2018-01-02T05:50:00,2018-01-02T05:50:00,25,
http://irail.be/vehicle/IC2004,http://irail.be/stations/NMBS/008813037,IC,2018-01-02T05:52:00,2018-01-02T05:52:00,80,80
http://irail.be/vehicle/IC2004,http://irail.be/stations/NMBS/008813003,IC,2018-01-02T05:54:00,2018-01-02T05:53:00,117,90
http://irail.be/vehicle/IC2004,http://irail.be/stations/NMBS/008813045,IC,2018-01-02T05:55:00,2018-01-02T05:55:00,132,132
http://irail.be/vehicle/IC2004,http://irail.be/stations/NMBS/008812005,IC,2018-01-02T06:01:00,2018-01-02T05:58:00,82,127
http://irail.be/vehicle/IC2004,http://irail.be/stations/NMBS/008811007,IC,2018-01-02T06:04:00,2018-01-02T06:04:00,29,29
http://irail.be/vehicle/IC2004,http://irail.be/stations/NMBS/008811148,IC,2018-01-02T06:07:00,2018-01-02T06:07:00,18,18
http://irail.be/vehicle/IC2004,http://irail.be/stations/NMBS/008811189,IC,2018-01-02T06:08:00,2018-01-02T06:08:00,18,18
http://irail.be/vehicle/IC2004,http://irail.be/stations/NMBS/008822269,IC,2018-01-02T06:11:00,2018-01-02T06:11:00,17,17
http://irail.be/vehicle/IC2004,http://irail.be/stations/NMBS/008822251,IC,2018-01-02T06:12:00,2018-01-02T06:12:00,-43,-43
http://irail.be/vehicle/IC2004,http://irail.be/stations/NMBS/008822004,IC,2018-01-02T06:18:00,2018-01-02T06:16:00,18,-85
http://irail.be/vehicle/IC2004,http://irail.be/stations/NMBS/008822343,IC,2018-01-02T06:20:00,2018-01-02T06:20:00,18,18
http://irail.be/vehicle/IC2004,http://irail.be/stations/NMBS/008822228,IC,2018-01-02T06:23:00,2018-01-02T06:23:00,-35,-35
http://irail.be/vehicle/IC2004,http://irail.be/stations/NMBS/008822210,IC,2018-01-02T06:24:00,2018-01-02T06:24:00,-35,-35
http://irail.be/vehicle/IC2004,http://irail.be/stations/NMBS/008821311,IC,2018-01-02T06:26:00,2018-01-02T06:26:00,-35,-35
http://irail.be/vehicle/IC2004,http://irail.be/stations/NMBS/008821337,IC,2018-01-02T06:27:00,2018-01-02T06:27:00,-36,-36
http://irail.be/vehicle/IC2004,http://irail.be/stations/NMBS/008821238,IC,2018-01-02T06:28:00,2018-01-02T06:28:00,-42,-42
http://irail.be/vehicle/IC2004,http://irail.be/stations/NMBS/008821154,IC,2018-01-02T06:29:00,2018-01-02T06:29:00,-58,-58
http://irail.be/vehicle/IC2004,http://irail.be/stations/NMBS/008821121,IC,2018-01-02T06:31:00,2018-01-02T06:30:00,94,3
http://irail.be/vehicle/IC2004,http://irail.be/stations/NMBS/008821006,IC,2018-01-02T06:39:00,2018-01-02T06:35:00,195,48
http://irail.be/vehicle/IC2004,http://irail.be/stations/NMBS/008821063,IC,2018-01-02T06:43:00,2018-01-02T06:43:00,116,116
http://irail.be/vehicle/IC2004,http://irail.be/stations/NMBS/008821089,IC,2018-01-02T06:46:00,2018-01-02T06:46:00,109,109
http://irail.be/vehicle/IC2004,NO-URI,IC,2018-01-02T06:49:00,2018-01-02T06:49:00,,136
http://irail.be/vehicle/IC2004,http://irail.be/stations/NMBS/008814001,IC,2018-07-09T05:50:00,2018-07-09T05:50:00,-26,
http://irail.be/vehicle/IC2004,http://irail.be/stations/NMBS/008813037,IC,2018-07-09T05:52:00,2018-07-09T05:52:00,26,26
http://irail.be/vehicle/IC2004,http://irail.be/stations/NMBS/008813003,IC,2018-07-09T05:54:00,2018-07-09T05:53:00,67,32
http://irail.be/vehicle/IC2004,http://irail.be/stations/NMBS/008813045,IC,2018-07-09T05:55:00,2018-07-09T05:55:00,103,103
http://irail.be/vehicle/IC2004,http://irail.be/stations/NMBS/008812005,IC,2018-07-09T06:01:00,2018-07-09T05:58:00,18,100
http://irail.be/vehicle/IC2004,http://irail.be/stations/NMBS/008811007,IC,2018-07-09T06:04:00,2018-07-09T06:04:00,-21,-21
http://irail.be/vehicle/IC2004,http://irail.be/stations/NMBS/008811148,IC,2018-07-09T06:07:00,2018-07-09T06:07:00,-39,-39
http://irail.be/vehicle/IC2004,http://irail.be/stations/NMBS/008811189,IC,2018-07-09T06:08:00,2018-07-09T06:08:00,-39,-39
http://irail.be/vehicle/IC2004,http://irail.be/stations/NMBS/008822269,IC,2018-07-09T06:11:00,2018-07-09T06:11:00,-41,-41
http://irail.be/vehicle/IC2004,http://irail.be/stations/NMBS/008822251,IC,2018-07-09T06:12:00,2018-07-09T06:12:00,-109,-109
http://irail.be/vehicle/IC2004,http://irail.be/stations/NMBS/008822004,IC,2018-07-09T06:18:00,2018-07-09T06:16:00,-38,-170
http://irail.be/vehicle/IC2004,http://irail.be/stations/NMBS/008822343,IC,2018-07-09T06:21:00,2018-07-09T06:21:00,-38,-38
http://irail.be/vehicle/IC2004,http://irail.be/stations/NMBS/008822228,IC,2018-07-09T06:23:00,2018-07-09T06:23:00,-98,-98
http://irail.be/vehicle/IC2004,http://irail.be/stations/NMBS/008822210,IC,2018-07-09T06:24:00,2018-07-09T06:24:00,-98,-98
http://irail.be/vehicle/IC2004,http://irail.be/stations/NMBS/008821311,IC,2018-07-09T06:26:00,2018-07-09T06:26:00,-108,-108
http://irail.be/vehicle/IC2004,http://irail.be/stations/NMBS/008821337,IC,2018-07-09T06:27:00,2018-07-09T06:27:00,-115,-115
http://irail.be/vehicle/IC2004,http://irail.be/stations/NMBS/008821238,IC,2018-07-09T06:28:00,2018-07-09T06:28:00,-124,-124
http://irail.be/vehicle/IC2004,http://irail.be/stations/NMBS/008821154,IC,2018-07-09T06:28:00,2018-07-09T06:28:00,-91,-91
http://irail.be/vehicle/IC2004,http://irail.be/stations/NMBS/008821121,IC,2018-07-09T06:31:00,2018-07-09T06:30:00,4,-89
http://irail.be/vehicle/IC2004,http://irail.be/stations/NMBS/008821006,IC,2018-07-09T06:39:00,2018-07-09T06:35:00,0,-33
http://irail.be/vehicle/IC2004,http://irail.be/stations/NMBS/008821063,IC,2018-07-09T06:44:00,2018-07-09T06:43:00,-100,-100
http://irail.be/vehicle/IC2004,http://irail.be/stations/NMBS/008821089,IC,2018-07-09T06:51:00,2018-07-09T06:47:00,-12,50
http://irail.be/vehicle/IC2004,NO-URI,IC,2018-07-09T06:54:00,2018-07-09T06:54:00,,-12
http://irail.be/vehicle/IC2004,http://irail.be/stations/NMBS/008814001,IC,2018-08-31T05:50:00,2018-08-31T05:50:00,54,
http://irail.be/vehicle/IC2004,http://irail.be/stations/NMBS/008813037,IC,2018-08-31T05:52:00,2018-08-31T05:52:00,103,103
http://irail.be/vehicle/IC2004,http://irail.be/stations/NMBS/008813003,IC,2018-08-31T05:54:00,2018-08-31T05:53:00,230,154
http://irail.be/vehicle/IC2004,http://irail.be/stations/NMBS/008813045,IC,2018-08-31T05:55:00,2018-08-31T05:55:00,237,237
http://irail.be/vehicle/IC2004,http://irail.be/stations/NMBS/008812005,IC,2018-08-31T06:01:00,2018-08-31T05:58:00,229,316
http://irail.be/vehicle/IC2004,http://irail.be/stations/NMBS/008811007,IC,2018-08-31T06:04:00,2018-08-31T06:04:00,179,179
http://irail.be/vehicle/IC2004,http://irail.be/stations/NMBS/008811148,IC,2018-08-31T06:07:00,2018-08-31T06:07:00,320,320
http://irail.be/vehicle/IC2004,http://irail.be/stations/NMBS/008811189,IC,2018-08-31T06:08:00,2018-08-31T06:08:00,320,320
http://irail.be/vehicle/IC2004,http://irail.be/stations/NMBS/008822269,IC,2018-08-31T06:11:00,2018-08-31T06:11:00,320,320
http://irail.be/vehicle/IC2004,http://irail.be/stations/NMBS/008822251,IC,2018-08-31T06:12:00,2018-08-31T06:12:00,270,270
http://irail.be/vehicle/IC2004,http://irail.be/stations/NMBS/008822004,IC,2018-08-31T06:18:00,2018-08-31T06:16:00,243,263
http://irail.be/vehicle/IC2004,http://irail.be/stations/NMBS/008822343,IC,2018-08-31T06:21:00,2018-08-31T06:21:00,243,243
http://irail.be/vehicle/IC2004,http://irail.be/stations/NMBS/008822228,IC,2018-08-31T06:23:00,2018-08-31T06:23:00,223,223
http://irail.be/vehicle/IC2004,http://irail.be/stations/NMBS/008822210,IC,2018-08-31T06:24:00,2018-08-31T06:24:00,223,223
http://irail.be/vehicle/IC2004,http://irail.be/stations/NMBS/008821311,IC,2018-08-31T06:26:00,2018-08-31T06:26:00,221,221
http://irail.be/vehicle/IC2004,http://irail.be/stations/NMBS/008821337,IC,2018-08-31T06:27:00,2018-08-31T06:27:00,218,218
http://irail.be/vehicle/IC2004,http://irail.be/stations/NMBS/008821238,IC,2018-08-31T06:28:00,2018-08-31T06:28:00,213,213
http://irail.be/vehicle/IC2004,http://irail.be/stations/NMBS/008821154,IC,2018-08-31T06:28:00,2018-08-31T06:28:00,246,246
http://irail.be/vehicle/IC2004,http://irail.be/stations/NMBS/008821121,IC,2018-08-31T06:31:00,2018-08-31T06:30:00,321,239
http://irail.be/vehicle/IC2004,http://irail.be/stations/NMBS/008821006,IC,2018-08-31T06:39:00,2018-08-31T06:35:00,167,279
http://irail.be/vehicle/IC2004,http://irail.be/stations/NMBS/008821063,IC,2018-08-31T06:44:00,2018-08-31T06:43:00,90,90
http://irail.be/vehicle/IC2004,http://irail.be/stations/NMBS/008821089,IC,2018-08-31T06:51:00,2018-08-31T06:47:00,365,566
http://irail.be/vehicle/IC2004,NO-URI,IC,2018-08-31T06:54:00,2018-08-31T06:54:00,,365
http://irail.be/vehicle/IC2004,http://irail.be/stations/NMBS/008814001,IC,2018-02-13T05:50:00,2018-02-13T05:50:00,274,
http://irail.be/vehicle/IC2004,http://irail.be/stations/NMBS/008813037,IC,2018-02-13T05:52:00,2018-02-13T05:52:00,331,331
http://irail.be/vehicle/IC2004,http://irail.be/stations/NMBS/008813003,IC,2018-02-13T05:54:00,2018-02-13T05:53:00,352,334
http://irail.be/vehicle/IC2004,http://irail.be/stations/NMBS/008813045,IC,2018-02-13T05:56:00,2018-02-13T05:56:00,333,333
http://irail.be/vehicle/IC2004,http://irail.be/stations/NMBS/008812005,IC,2018-02-13T06:01:00,2018-02-13T05:58:00,238,326
http://irail.be/vehicle/IC2004,http://irail.be/stations/NMBS/008811007,IC,2018-02-13T06:04:00,2018-02-13T06:04:00,188,188
http://irail.be/vehicle/IC2004,http://irail.be/stations/NMBS/008811148,IC,2018-02-13T06:07:00,2018-02-13T06:07:00,164,164
http://irail.be/vehicle/IC2004,http://irail.be/stations/NMBS/008811189,IC,2018-02-13T06:08:00,2018-02-13T06:08:00,164,164
http://irail.be/vehicle/IC2004,http://irail.be/stations/NMBS/008822269,IC,2018-02-13T06:11:00,2018-02-13T06:11:00,162,162
http://irail.be/vehicle/IC2004,http://irail.be/stations/NMBS/008822251,IC,2018-02-13T06:12:00,2018-02-13T06:12:00,90,90
http://irail.be/vehicle/IC2004,http://irail.be/stations/NMBS/008822004,IC,2018-02-13T06:18:00,2018-02-13T06:16:00,309,39
http://irail.be/vehicle/IC2004,http://irail.be/stations/NMBS/008822343,IC,2018-02-13T06:21:00,2018-02-13T06:21:00,309,309
http://irail.be/vehicle/IC2004,http://irail.be/stations/NMBS/008822228,IC,2018-02-13T06:23:00,2018-02-13T06:23:00,301,301
http://irail.be/vehicle/IC2004,http://irail.be/stations/NMBS/008822210,IC,2018-02-13T06:24:00,2018-02-13T06:24:00,301,301
http://irail.be/vehicle/IC2004,http://irail.be/stations/NMBS/008821311,IC,2018-02-13T06:26:00,2018-02-13T06:26:00,301,301
http://irail.be/vehicle/IC2004,http://irail.be/stations/NMBS/008821337,IC,2018-02-13T06:27:00,2018-02-13T06:27:00,292,292
http://irail.be/vehicle/IC2004,http://irail.be/stations/NMBS/008821238,IC,2018-02-13T06:28:00,2018-02-13T06:28:00,391,391
http://irail.be/vehicle/IC2004,http://irail.be/stations/NMBS/008821154,IC,2018-02-13T06:28:00,2018-02-13T06:28:00,445,445
http://irail.be/vehicle/IC2004,http://irail.be/stations/NMBS/008821121,IC,2018-02-13T06:31:00,2018-02-13T06:30:00,553,553
http://irail.be/vehicle/IC2004,http://irail.be/stations/NMBS/008821006,IC,2018-02-13T06:35:00,2018-02-13T06:35:00,,562
http://irail.be/vehicle/IC2004,http://irail.be/stations/NMBS/008814001,IC,2018-03-27T05:50:00,2018-03-27T05:50:00,2,
http://irail.be/vehicle/IC2004,http://irail.be/stations/NMBS/008813037,IC,2018-03-27T05:52:00,2018-03-27T05:52:00,44,44
http://irail.be/vehicle/IC2004,http://irail.be/stations/NMBS/008813003,IC,2018-03-27T05:54:00,2018-03-27T05:53:00,37,50
http://irail.be/vehicle/IC2004,http://irail.be/stations/NMBS/008813045,IC,2018-03-27T05:56:00,2018-03-27T05:56:00,19,19
http://irail.be/vehicle/IC2004,http://irail.be/stations/NMBS/008812005,IC,2018-03-27T06:01:00,2018-03-27T05:58:00,36,20
http://irail.be/vehicle/IC2004,http://irail.be/stations/NMBS/008811007,IC,2018-03-27T06:04:00,2018-03-27T06:04:00,19,19
http://irail.be/vehicle/IC2004,http://irail.be/stations/NMBS/008811148,IC,2018-03-27T06:07:00,2018-03-27T06:07:00,74,74
http://irail.be/vehicle/IC2004,http://irail.be/stations/NMBS/008811189,IC,2018-03-27T06:08:00,2018-03-27T06:08:00,74,74
http://irail.be/vehicle/IC2004,http://irail.be/stations/NMBS/008822269,IC,2018-03-27T06:11:00,2018-03-27T06:11:00,75,75
http://irail.be/vehicle/IC2004,http://irail.be/stations/NMBS/008822251,IC,2018-03-27T06:12:00,2018-03-27T06:12:00,46,46
http://irail.be/vehicle/IC2004,http://irail.be/stations/NMBS/008822004,IC,2018-03-27T06:18:00,2018-03-27T06:16:00,-7,41
http://irail.be/vehicle/IC2004,http://irail.be/stations/NMBS/008822343,IC,2018-03-27T06:21:00,2018-03-27T06:21:00,-7,-7
http://irail.be/vehicle/IC2004,http://irail.be/stations/NMBS/008822228,IC,2018-03-27T06:23:00,2018-03-27T06:23:00,-13,-13
http://irail.be/vehicle/IC2004,http://irail.be/stations/NMBS/008822210,IC,2018-03-27T06:24:00,2018-03-27T06:24:00,-13,-13
http://irail.be/vehicle/IC2004,http://irail.be/stations/NMBS/008821311,IC,2018-03-27T06:26:00,2018-03-27T06:26:00,-13,-13
http://irail.be/vehicle/IC2004,http://irail.be/stations/NMBS/008821337,IC,2018-03-27T06:27:00,2018-03-27T06:27:00,-9,-9
http://irail.be/vehicle/IC2004,http://irail.be/stations/NMBS/008821238,IC,2018-03-27T06:28:00,2018-03-27T06:28:00,-8,-8
http://irail.be/vehicle/IC2004,http://irail.be/stations/NMBS/008821154,IC,2018-03-27T06:28:00,2018-03-27T06:28:00,32,32
http://irail.be/vehicle/IC2004,http://irail.be/stations/NMBS/008821121,IC,2018-03-27T06:31:00,2018-03-27T06:30:00,80,35
http://irail.be/vehicle/IC2004,http://irail.be/stations/NMBS/008821006,IC,2018-03-27T06:39:00,2018-03-27T06:35:00,98,26
http://irail.be/vehicle/IC2004,http://irail.be/stations/NMBS/008821063,IC,2018-03-27T06:43:00,2018-03-27T06:43:00,82,82
http://irail.be/vehicle/IC2004,http://irail.be/stations/NMBS/008821089,IC,2018-03-27T06:46:00,2018-03-27T06:46:00,111,111
http://irail.be/vehicle/IC2004,NO-URI,IC,2018-03-27T06:49:00,2018-03-27T06:49:00,,108
http://irail.be/vehicle/IC2004,http://irail.be/stations/NMBS/008814001,IC,2018-08-02T05:50:00,2018-08-02T05:50:00,12,
http://irail.be/vehicle/IC2004,http://irail.be/stations/NMBS/008813037,IC,2018-08-02T05:52:00,2018-08-02T05:52:00,104,104
http://irail.be/vehicle/IC2004,http://irail.be/stations/NMBS/008813003,IC,2018-08-02T05:54:00,2018-08-02T05:53:00,132,113
http://irail.be/vehicle/IC2004,http://irail.be/stations/NMBS/008813045,IC,2018-08-02T05:55:00,2018-08-02T05:55:00,145,145
http://irail.be/vehicle/IC2004,http://irail.be/stations/NMBS/008812005,IC,2018-08-02T06:01:00,2018-08-02T05:58:00,50,140
http://irail.be/vehicle/IC2004,http://irail.be/stations/NMBS/008811007,IC,2018-08-02T06:04:00,2018-08-02T06:04:00,16,16
http://irail.be/vehicle/IC2004,http://irail.be/stations/NMBS/008811148,IC,2018-08-02T06:07:00,2018-08-02T06:07:00,4,4
http://irail.be/vehicle/IC2004,http://irail.be/stations/NMBS/008811189,IC,2018-08-02T06:08:00,2018-08-02T06:08:00,4,4
http://irail.be/vehicle/IC2004,http://irail.be/stations/NMBS/008822269,IC,2018-08-02T06:11:00,2018-08-02T06:11:00,4,4
http://irail.be/vehicle/IC2004,http://irail.be/stations/NMBS/008822251,IC,2018-08-02T06:12:00,2018-08-02T06:12:00,-58,-58
http://irail.be/vehicle/IC2004,http://irail.be/stations/NMBS/008822004,IC,2018-08-02T06:18:00,2018-08-02T06:16:00,16,37
http://irail.be/vehicle/IC2004,http://irail.be/stations/NMBS/008822343,IC,2018-08-02T06:21:00,2018-08-02T06:21:00,16,16
http://irail.be/vehicle/IC2004,http://irail.be/stations/NMBS/008822228,IC,2018-08-02T06:23:00,2018-08-02T06:23:00,-38,-38
http://irail.be/vehicle/IC2004,http://irail.be/stations/NMBS/008822210,IC,2018-08-02T06:24:00,2018-08-02T06:24:00,-38,-38
http://irail.be/vehicle/IC2004,http://irail.be/stations/NMBS/008821311,IC,2018-08-02T06:26:00,2018-08-02T06:26:00,-30,-30
http://irail.be/vehicle/IC2004,http://irail.be/stations/NMBS/008821337,IC,2018-08-02T06:27:00,2018-08-02T06:27:00,-27,-27
http://irail.be/vehicle/IC2004,http://irail.be/stations/NMBS/008821238,IC,2018-08-02T06:28:00,2018-08-02T06:28:00,-31,-31
http://irail.be/vehicle/IC2004,http://irail.be/stations/NMBS/008821154,IC,2018-08-02T06:28:00,2018-08-02T06:28:00,4,4
http://irail.be/vehicle/IC2004,http://irail.be/stations/NMBS/008821121,IC,2018-08-02T06:31:00,2018-08-02T06:30:00,61,6
http://irail.be/vehicle/IC2004,http://irail.be/stations/NMBS/008821006,IC,2018-08-02T06:39:00,2018-08-02T06:35:00,14,14
http://irail.be/vehicle/IC2004,http://irail.be/stations/NMBS/008821063,IC,2018-08-02T06:44:00,2018-08-02T06:43:00,-83,-83
http://irail.be/vehicle/IC2004,http://irail.be/stations/NMBS/008821089,IC,2018-08-02T06:51:00,2018-08-02T06:47:00,3,71
http://irail.be/vehicle/IC2004,NO-URI,IC,2018-08-02T06:54:00,2018-08-02T06:54:00,,3
http://irail.be/vehicle/IC2004,http://irail.be/stations/NMBS/008814001,IC,2018-05-02T05:50:00,2018-05-02T05:50:00,11,
http://irail.be/vehicle/IC2004,http://irail.be/stations/NMBS/008813037,IC,2018-05-02T05:52:00,2018-05-02T05:52:00,61,61
http://irail.be/vehicle/IC2004,http://irail.be/stations/NMBS/008813003,IC,2018-05-02T05:54:00,2018-05-02T05:53:00,71,67
http://irail.be/vehicle/IC2004,http://irail.be/stations/NMBS/008813045,IC,2018-05-02T05:55:00,2018-05-02T05:55:00,82,82
http://irail.be/vehicle/IC2004,http://irail.be/stations/NMBS/008812005,IC,2018-05-02T06:01:00,2018-05-02T05:58:00,25,81
http://irail.be/vehicle/IC2004,http://irail.be/stations/NMBS/008811007,IC,2018-05-02T06:04:00,2018-05-02T06:04:00,-27,-27
http://irail.be/vehicle/IC2004,http://irail.be/stations/NMBS/008811148,IC,2018-05-02T06:07:00,2018-05-02T06:07:00,-40,-40
http://irail.be/vehicle/IC2004,http://irail.be/stations/NMBS/008811189,IC,2018-05-02T06:08:00,2018-05-02T06:08:00,-40,-40
http://irail.be/vehicle/IC2004,http://irail.be/stations/NMBS/008822269,IC,2018-05-02T06:11:00,2018-05-02T06:11:00,-40,-40
http://irail.be/vehicle/IC2004,http://irail.be/stations/NMBS/008822251,IC,2018-05-02T06:12:00,2018-05-02T06:12:00,-102,-102
http://irail.be/vehicle/IC2004,http://irail.be/stations/NMBS/008822004,IC,2018-05-02T06:18:00,2018-05-02T06:16:00,-27,-109
http://irail.be/vehicle/IC2004,http://irail.be/stations/NMBS/008822343,IC,2018-05-02T06:21:00,2018-05-02T06:21:00,-27,-27
http://irail.be/vehicle/IC2004,http://irail.be/stations/NMBS/008822228,IC,2018-05-02T06:23:00,2018-05-02T06:23:00,-101,-101
http://irail.be/vehicle/IC2004,http://irail.be/stations/NMBS/008822210,IC,2018-05-02T06:24:00,2018-05-02T06:24:00,-101,-101
http://irail.be/vehicle/IC2004,http://irail.be/stations/NMBS/008821311,IC,2018-05-02T06:26:00,2018-05-02T06:26:00,-101,-101
http://irail.be/vehicle/IC2004,http://irail.be/stations/NMBS/008821337,IC,2018-05-02T06:27:00,2018-05-02T06:27:00,-107,-107
http://irail.be/vehicle/IC2004,http://irail.be/stations/NMBS/008821238,IC,2018-05-02T06:28:00,2018-05-02T06:28:00,-113,-113
http://irail.be/vehicle/IC2004,http://irail.be/stations/NMBS/008821154,IC,2018-05-02T06:28:00,2018-05-02T06:28:00,-76,-76
http://irail.be/vehicle/IC2004,http://irail.be/stations/NMBS/008821121,IC,2018-05-02T06:31:00,2018-05-02T06:30:00,12,-62
http://irail.be/vehicle/IC2004,http://irail.be/stations/NMBS/008821006,IC,2018-05-02T06:40:00,2018-05-02T06:35:00,-122,-39
http://irail.be/vehicle/IC2004,http://irail.be/stations/NMBS/008821063,IC,2018-05-02T06:45:00,2018-05-02T06:45:00,-218,-218
http://irail.be/vehicle/IC2004,http://irail.be/stations/NMBS/008821089,IC,2018-05-02T06:47:00,2018-05-02T06:47:00,-100,-100
http://irail.be/vehicle/IC2004,NO-URI,IC,2018-05-02T06:49:00,2018-05-02T06:49:00,,-32
http://irail.be/vehicle/IC2004,http://irail.be/stations/NMBS/008814001,IC,2018-04-10T05:50:00,2018-04-10T05:50:00,-7,
http://irail.be/vehicle/IC2004,http://irail.be/stations/NMBS/008813037,IC,2018-04-10T05:52:00,2018-04-10T05:52:00,34,34
http://irail.be/vehicle/IC2004,http://irail.be/stations/NMBS/008813003,IC,2018-04-10T05:54:00,2018-04-10T05:53:00,53,40
http://irail.be/vehicle/IC2004,http://irail.be/stations/NMBS/008813045,IC,2018-04-10T05:55:00,2018-04-10T05:55:00,60,60
http://irail.be/vehicle/IC2004,http://irail.be/stations/NMBS/008812005,IC,2018-04-10T06:01:00,2018-04-10T05:58:00,50,56
http://irail.be/vehicle/IC2004,http://irail.be/stations/NMBS/008811007,IC,2018-04-10T06:04:00,2018-04-10T06:04:00,0,0
http://irail.be/vehicle/IC2004,http://irail.be/stations/NMBS/008811148,IC,2018-04-10T06:07:00,2018-04-10T06:07:00,-17,-17
http://irail.be/vehicle/IC2004,http://irail.be/stations/NMBS/008811189,IC,2018-04-10T06:08:00,2018-04-10T06:08:00,-17,-17
http://irail.be/vehicle/IC2004,http://irail.be/stations/NMBS/008822269,IC,2018-04-10T06:11:00,2018-04-10T06:11:00,-16,-16
http://irail.be/vehicle/IC2004,http://irail.be/stations/NMBS/008822251,IC,2018-04-10T06:12:00,2018-04-10T06:12:00,-78,-78
http://irail.be/vehicle/IC2004,http://irail.be/stations/NMBS/008822004,IC,2018-04-10T06:18:00,2018-04-10T06:16:00,-10,-124
http://irail.be/vehicle/IC2004,http://irail.be/stations/NMBS/008822343,IC,2018-04-10T06:21:00,2018-04-10T06:21:00,-10,-10
http://irail.be/vehicle/IC2004,http://irail.be/stations/NMBS/008822228,IC,2018-04-10T06:23:00,2018-04-10T06:23:00,-64,-64
http://irail.be/vehicle/IC2004,http://irail.be/stations/NMBS/008822210,IC,2018-04-10T06:24:00,2018-04-10T06:24:00,-64,-64
http://irail.be/vehicle/IC2004,http://irail.be/stations/NMBS/008821311,IC,2018-04-10T06:26:00,2018-04-10T06:26:00,-64,-64
http://irail.be/vehicle/IC2004,http://irail.be/stations/NMBS/008821337,IC,2018-04-10T06:27:00,2018-04-10T06:27:00,-72,-72
http://irail.be/vehicle/IC2004,http://irail.be/stations/NMBS/008821238,IC,2018-04-10T06:28:00,2018-04-10T06:28:00,-79,-79
http://irail.be/vehicle/IC2004,http://irail.be/stations/NMBS/008821154,IC,2018-04-10T06:28:00,2018-04-10T06:28:00,-38,-38
http://irail.be/vehicle/IC2004,http://irail.be/stations/NMBS/008821121,IC,2018-04-10T06:31:00,2018-04-10T06:30:00,12,-27
http://irail.be/vehicle/IC2004,http://irail.be/stations/NMBS/008821006,IC,2018-04-10T06:40:00,2018-04-10T06:35:00,-90,-42
http://irail.be/vehicle/IC2004,http://irail.be/stations/NMBS/008821063,IC,2018-04-10T06:45:00,2018-04-10T06:45:00,-195,-195
http://irail.be/vehicle/IC2004,http://irail.be/stations/NMBS/008821089,IC,2018-04-10T06:47:00,2018-04-10T06:47:00,-160,-160
http://irail.be/vehicle/IC2004,NO-URI,IC,2018-04-10T06:49:00,2018-04-10T06:49:00,,-94
http://irail.be/vehicle/IC2004,http://irail.be/stations/NMBS/008814001,IC,2018-10-17T05:50:00,2018-10-17T05:50:00,0,
http://irail.be/vehicle/IC2004,http://irail.be/stations/NMBS/008813037,IC,2018-10-17T05:52:00,2018-10-17T05:52:00,41,41
http://irail.be/vehicle/IC2004,http://irail.be/stations/NMBS/008813003,IC,2018-10-17T05:54:00,2018-10-17T05:53:00,54,47
http://irail.be/vehicle/IC2004,http://irail.be/stations/NMBS/008813045,IC,2018-10-17T05:56:00,2018-10-17T05:56:00,42,42
http://irail.be/vehicle/IC2004,http://irail.be/stations/NMBS/008812005,IC,2018-10-17T06:02:00,2018-10-17T05:58:00,22,45
http://irail.be/vehicle/IC2004,http://irail.be/stations/NMBS/008811007,IC,2018-10-17T06:05:00,2018-10-17T06:05:00,-8,-8
http://irail.be/vehicle/IC2004,http://irail.be/stations/NMBS/008811148,IC,2018-10-17T06:08:00,2018-10-17T06:08:00,-16,-16
http://irail.be/vehicle/IC2004,http://irail.be/stations/NMBS/008811189,IC,2018-10-17T06:09:00,2018-10-17T06:09:00,-16,-16
http://irail.be/vehicle/IC2004,http://irail.be/stations/NMBS/008822269,IC,2018-10-17T06:11:00,2018-10-17T06:11:00,-15,-15
http://irail.be/vehicle/IC2004,http://irail.be/stations/NMBS/008822251,IC,2018-10-17T06:12:00,2018-10-17T06:12:00,-18,-18
http://irail.be/vehicle/IC2004,http://irail.be/stations/NMBS/008822004,IC,2018-10-17T06:18:00,2018-10-17T06:16:00,-15,-56
http://irail.be/vehicle/IC2004,http://irail.be/stations/NMBS/008822343,IC,2018-10-17T06:21:00,2018-10-17T06:21:00,-15,-15
http://irail.be/vehicle/IC2004,http://irail.be/stations/NMBS/008822228,IC,2018-10-17T06:23:00,2018-10-17T06:23:00,-47,-47
http://irail.be/vehicle/IC2004,http://irail.be/stations/NMBS/008822210,IC,2018-10-17T06:24:00,2018-10-17T06:24:00,-47,-47
http://irail.be/vehicle/IC2004,http://irail.be/stations/NMBS/008821311,IC,2018-10-17T06:26:00,2018-10-17T06:26:00,-50,-50
http://irail.be/vehicle/IC2004,http://irail.be/stations/NMBS/008821337,IC,2018-10-17T06:27:00,2018-10-17T06:27:00,-57,-57
http://irail.be/vehicle/IC2004,http://irail.be/stations/NMBS/008821238,IC,2018-10-17T06:28:00,2018-10-17T06:28:00,-66,-66
http://irail.be/vehicle/IC2004,http://irail.be/stations/NMBS/008821154,IC,2018-10-17T06:28:00,2018-10-17T06:28:00,-27,-27
http://irail.be/vehicle/IC2004,http://irail.be/stations/NMBS/008821121,IC,2018-10-17T06:32:00,2018-10-17T06:30:00,35,-27
http://irail.be/vehicle/IC2004,http://irail.be/stations/NMBS/008821006,IC,2018-10-17T06:39:00,2018-10-17T06:36:00,9,4
http://irail.be/vehicle/IC2004,http://irail.be/stations/NMBS/008821063,IC,2018-10-17T06:44:00,2018-10-17T06:43:00,-93,-93
http://irail.be/vehicle/IC2004,http://irail.be/stations/NMBS/008821089,IC,2018-10-17T06:51:00,2018-10-17T06:47:00,-17,43
http://irail.be/vehicle/IC2004,NO-URI,IC,2018-10-17T06:54:00,2018-10-17T06:54:00,,-17
http://irail.be/vehicle/IC2004,http://irail.be/stations/NMBS/008814001,IC,2018-05-30T05:50:00,2018-05-30T05:50:00,-17,
http://irail.be/vehicle/IC2004,http://irail.be/stations/NMBS/008813037,IC,2018-05-30T05:52:00,2018-05-30T05:52:00,16,16
http://irail.be/vehicle/IC2004,http://irail.be/stations/NMBS/008813003,IC,2018-05-30T05:54:00,2018-05-30T05:53:00,39,20
http://irail.be/vehicle/IC2004,http://irail.be/stations/NMBS/008813045,IC,2018-05-30T05:55:00,2018-05-30T05:55:00,43,43
http://irail.be/vehicle/IC2004,http://irail.be/stations/NMBS/008812005,IC,2018-05-30T06:01:00,2018-05-30T05:58:00,51,30
http://irail.be/vehicle/IC2004,http://irail.be/stations/NMBS/008811007,IC,2018-05-30T06:04:00,2018-05-30T06:04:00,-5,-5
http://irail.be/vehicle/IC2004,http://irail.be/stations/NMBS/008811148,IC,2018-05-30T06:07:00,2018-05-30T06:07:00,9,9
http://irail.be/vehicle/IC2004,http://irail.be/stations/NMBS/008811189,IC,2018-05-30T06:08:00,2018-05-30T06:08:00,9,9
http://irail.be/vehicle/IC2004,http://irail.be/stations/NMBS/008822269,IC,2018-05-30T06:11:00,2018-05-30T06:11:00,46,46
http://irail.be/vehicle/IC2004,http://irail.be/stations/NMBS/008822251,IC,2018-05-30T06:12:00,2018-05-30T06:12:00,0,0
http://irail.be/vehicle/IC2004,http://irail.be/stations/NMBS/008822004,IC,2018-05-30T06:18:00,2018-05-30T06:16:00,-27,-37
http://irail.be/vehicle/IC2004,http://irail.be/stations/NMBS/008822343,IC,2018-05-30T06:21:00,2018-05-30T06:21:00,-27,-27
http://irail.be/vehicle/IC2004,http://irail.be/stations/NMBS/008822228,IC,2018-05-30T06:23:00,2018-05-30T06:23:00,-103,-103
http://irail.be/vehicle/IC2004,http://irail.be/stations/NMBS/008822210,IC,2018-05-30T06:24:00,2018-05-30T06:24:00,-103,-103
http://irail.be/vehicle/IC2004,http://irail.be/stations/NMBS/008821311,IC,2018-05-30T06:26:00,2018-05-30T06:26:00,-109,-109
http://irail.be/vehicle/IC2004,http://irail.be/stations/NMBS/008821337,IC,2018-05-30T06:27:00,2018-05-30T06:27:00,-118,-118
http://irail.be/vehicle/IC2004,http://irail.be/stations/NMBS/008821238,IC,2018-05-30T06:28:00,2018-05-30T06:28:00,-124,-124
http://irail.be/vehicle/IC2004,http://irail.be/stations/NMBS/008821154,IC,2018-05-30T06:28:00,2018-05-30T06:28:00,-84,-84
http://irail.be/vehicle/IC2004,http://irail.be/stations/NMBS/008821121,IC,2018-05-30T06:31:00,2018-05-30T06:30:00,4,-65
http://irail.be/vehicle/IC2004,http://irail.be/stations/NMBS/008821006,IC,2018-05-30T06:40:00,2018-05-30T06:35:00,-48,-71
http://irail.be/vehicle/IC2004,http://irail.be/stations/NMBS/008821063,IC,2018-05-30T06:45:00,2018-05-30T06:45:00,-151,-151
http://irail.be/vehicle/IC2004,http://irail.be/stations/NMBS/008821089,IC,2018-05-30T06:47:00,2018-05-30T06:47:00,-107,-107
http://irail.be/vehicle/IC2004,NO-URI,IC,2018-05-30T06:49:00,2018-05-30T06:49:00,,-41
http://irail.be/vehicle/IC2004,http://irail.be/stations/NMBS/008814001,IC,2018-07-03T05:50:00,2018-07-03T05:50:00,0,
http://irail.be/vehicle/IC2004,http://irail.be/stations/NMBS/008813037,IC,2018-07-03T05:52:00,2018-07-03T05:52:00,51,51
http://irail.be/vehicle/IC2004,http://irail.be/stations/NMBS/008813003,IC,2018-07-03T05:54:00,2018-07-03T05:53:00,87,61
http://irail.be/vehicle/IC2004,http://irail.be/stations/NMBS/008813045,IC,2018-07-03T05:55:00,2018-07-03T05:55:00,95,95
http://irail.be/vehicle/IC2004,http://irail.be/stations/NMBS/008812005,IC,2018-07-03T06:01:00,2018-07-03T05:58:00,15,82
http://irail.be/vehicle/IC2004,http://irail.be/stations/NMBS/008811007,IC,2018-07-03T06:04:00,2018-07-03T06:04:00,-25,-25
http://irail.be/vehicle/IC2004,http://irail.be/stations/NMBS/008811148,IC,2018-07-03T06:07:00,2018-07-03T06:07:00,-42,-42
http://irail.be/vehicle/IC2004,http://irail.be/stations/NMBS/008811189,IC,2018-07-03T06:08:00,2018-07-03T06:08:00,-42,-42
http://irail.be/vehicle/IC2004,http://irail.be/stations/NMBS/008822269,IC,2018-07-03T06:11:00,2018-07-03T06:11:00,-43,-43
http://irail.be/vehicle/IC2004,http://irail.be/stations/NMBS/008822251,IC,2018-07-03T06:12:00,2018-07-03T06:12:00,-109,-109
http://irail.be/vehicle/IC2004,http://irail.be/stations/NMBS/008822004,IC,2018-07-03T06:18:00,2018-07-03T06:16:00,-36,8
http://irail.be/vehicle/IC2004,http://irail.be/stations/NMBS/008822343,IC,2018-07-03T06:21:00,2018-07-03T06:21:00,-36,-36
http://irail.be/vehicle/IC2004,http://irail.be/stations/NMBS/008822228,IC,2018-07-03T06:23:00,2018-07-03T06:23:00,-88,-88
http://irail.be/vehicle/IC2004,http://irail.be/stations/NMBS/008822210,IC,2018-07-03T06:24:00,2018-07-03T06:24:00,-88,-88
http://irail.be/vehicle/IC2004,http://irail.be/stations/NMBS/008821311,IC,2018-07-03T06:26:00,2018-07-03T06:26:00,-93,-93
http://irail.be/vehicle/IC2004,http://irail.be/stations/NMBS/008821337,IC,2018-07-03T06:27:00,2018-07-03T06:27:00,-96,-96
http://irail.be/vehicle/IC2004,http://irail.be/stations/NMBS/008821238,IC,2018-07-03T06:28:00,2018-07-03T06:28:00,-102,-102
http://irail.be/vehicle/IC2004,http://irail.be/stations/NMBS/008821154,IC,2018-07-03T06:28:00,2018-07-03T06:28:00,-66,-66
http://irail.be/vehicle/IC2004,http://irail.be/stations/NMBS/008821121,IC,2018-07-03T06:31:00,2018-07-03T06:30:00,-6,-48
http://irail.be/vehicle/IC2004,http://irail.be/stations/NMBS/008821006,IC,2018-07-03T06:39:00,2018-07-03T06:35:00,7,-68
http://irail.be/vehicle/IC2004,http://irail.be/stations/NMBS/008821063,IC,2018-07-03T06:44:00,2018-07-03T06:43:00,-79,-79
http://irail.be/vehicle/IC2004,http://irail.be/stations/NMBS/008821089,IC,2018-07-03T06:51:00,2018-07-03T06:47:00,-177,41
http://irail.be/vehicle/IC2004,NO-URI,IC,2018-07-03T06:54:00,2018-07-03T06:54:00,,-177
http://irail.be/vehicle/IC2004,http://irail.be/stations/NMBS/008814001,IC,2018-06-12T05:50:00,2018-06-12T05:50:00,-14,
http://irail.be/vehicle/IC2004,http://irail.be/stations/NMBS/008813037,IC,2018-06-12T05:52:00,2018-06-12T05:52:00,32,32
http://irail.be/vehicle/IC2004,http://irail.be/stations/NMBS/008813003,IC,2018-06-12T05:54:00,2018-06-12T05:53:00,53,39
http://irail.be/vehicle/IC2004,http://irail.be/stations/NMBS/008813045,IC,2018-06-12T05:55:00,2018-06-12T05:55:00,68,68
http://irail.be/vehicle/IC2004,http://irail.be/stations/NMBS/008812005,IC,2018-06-12T06:01:00,2018-06-12T05:58:00,21,62
http://irail.be/vehicle/IC2004,http://irail.be/stations/NMBS/008811007,IC,2018-06-12T06:04:00,2018-06-12T06:04:00,-19,-19
http://irail.be/vehicle/IC2004,http://irail.be/stations/NMBS/008811148,IC,2018-06-12T06:07:00,2018-06-12T06:07:00,-24,-24
http://irail.be/vehicle/IC2004,http://irail.be/stations/NMBS/008811189,IC,2018-06-12T06:08:00,2018-06-12T06:08:00,-24,-24
http://irail.be/vehicle/IC2004,http://irail.be/stations/NMBS/008822269,IC,2018-06-12T06:11:00,2018-06-12T06:11:00,-24,-24
http://irail.be/vehicle/IC2004,http://irail.be/stations/NMBS/008822251,IC,2018-06-12T06:12:00,2018-06-12T06:12:00,-70,-70
http://irail.be/vehicle/IC2004,http://irail.be/stations/NMBS/008822004,IC,2018-06-12T06:18:00,2018-06-12T06:16:00,-28,-87
http://irail.be/vehicle/IC2004,http://irail.be/stations/NMBS/008822343,IC,2018-06-12T06:21:00,2018-06-12T06:21:00,-28,-28
http://irail.be/vehicle/IC2004,http://irail.be/stations/NMBS/008822228,IC,2018-06-12T06:23:00,2018-06-12T06:23:00,-92,-92
http://irail.be/vehicle/IC2004,http://irail.be/stations/NMBS/008822210,IC,2018-06-12T06:24:00,2018-06-12T06:24:00,-92,-92
http://irail.be/vehicle/IC2004,http://irail.be/stations/NMBS/008821311,IC,2018-06-12T06:26:00,2018-06-12T06:26:00,-98,-98
http://irail.be/vehicle/IC2004,http://irail.be/stations/NMBS/008821337,IC,2018-06-12T06:27:00,2018-06-12T06:27:00,-106,-106
http://irail.be/vehicle/IC2004,http://irail.be/stations/NMBS/008821238,IC,2018-06-12T06:28:00,2018-06-12T06:28:00,-115,-115
http://irail.be/vehicle/IC2004,http://irail.be/stations/NMBS/008821154,IC,2018-06-12T06:28:00,2018-06-12T06:28:00,-78,-78
http://irail.be/vehicle/IC2004,http://irail.be/stations/NMBS/008821121,IC,2018-06-12T06:31:00,2018-06-12T06:30:00,16,-69
http://irail.be/vehicle/IC2004,http://irail.be/stations/NMBS/008821006,IC,2018-06-12T06:39:00,2018-06-12T06:35:00,5,-31
http://irail.be/vehicle/IC2004,http://irail.be/stations/NMBS/008821063,IC,2018-06-12T06:44:00,2018-06-12T06:43:00,-110,-110
http://irail.be/vehicle/IC2004,http://irail.be/stations/NMBS/008821089,IC,2018-06-12T06:51:00,2018-06-12T06:47:00,243,303
http://irail.be/vehicle/IC2004,NO-URI,IC,2018-06-12T06:54:00,2018-06-12T06:54:00,,20
http://irail.be/vehicle/IC2004,http://irail.be/stations/NMBS/008814001,IC,2018-04-13T05:50:00,2018-04-13T05:50:00,-9,
http://irail.be/vehicle/IC2004,http://irail.be/stations/NMBS/008813037,IC,2018-04-13T05:52:00,2018-04-13T05:52:00,33,33
http://irail.be/vehicle/IC2004,http://irail.be/stations/NMBS/008813003,IC,2018-04-13T05:54:00,2018-04-13T05:53:00,67,39
http://irail.be/vehicle/IC2004,http://irail.be/stations/NMBS/008813045,IC,2018-04-13T05:55:00,2018-04-13T05:55:00,78,78
http://irail.be/vehicle/IC2004,http://irail.be/stations/NMBS/008812005,IC,2018-04-13T06:01:00,2018-04-13T05:58:00,20,74
http://irail.be/vehicle/IC2004,http://irail.be/stations/NMBS/008811007,IC,2018-04-13T06:04:00,2018-04-13T06:04:00,-26,-26
http://irail.be/vehicle/IC2004,http://irail.be/stations/NMBS/008811148,IC,2018-04-13T06:07:00,2018-04-13T06:07:00,-41,-41
http://irail.be/vehicle/IC2004,http://irail.be/stations/NMBS/008811189,IC,2018-04-13T06:08:00,2018-04-13T06:08:00,-41,-41
http://irail.be/vehicle/IC2004,http://irail.be/stations/NMBS/008822269,IC,2018-04-13T06:11:00,2018-04-13T06:11:00,-43,-43
http://irail.be/vehicle/IC2004,http://irail.be/stations/NMBS/008822251,IC,2018-04-13T06:12:00,2018-04-13T06:12:00,-108,-108
http://irail.be/vehicle/IC2004,http://irail.be/stations/NMBS/008822004,IC,2018-04-13T06:18:00,2018-04-13T06:16:00,-24,-164
http://irail.be/vehicle/IC2004,http://irail.be/stations/NMBS/008822343,IC,2018-04-13T06:21:00,2018-04-13T06:21:00,-24,-24
http://irail.be/vehicle/IC2004,http://irail.be/stations/NMBS/008822228,IC,2018-04-13T06:23:00,2018-04-13T06:23:00,-74,-74
http://irail.be/vehicle/IC2004,http://irail.be/stations/NMBS/008822210,IC,2018-04-13T06:24:00,2018-04-13T06:24:00,-74,-74
http://irail.be/vehicle/IC2004,http://irail.be/stations/NMBS/008821311,IC,2018-04-13T06:26:00,2018-04-13T06:26:00,-74,-74
http://irail.be/vehicle/IC2004,http://irail.be/stations/NMBS/008821337,IC,2018-04-13T06:27:00,2018-04-13T06:27:00,-81,-81
http://irail.be/vehicle/IC2004,http://irail.be/stations/NMBS/008821238,IC,2018-04-13T06:28:00,2018-04-13T06:28:00,-90,-90
http://irail.be/vehicle/IC2004,http://irail.be/stations/NMBS/008821154,IC,2018-04-13T06:28:00,2018-04-13T06:28:00,-57,-57
http://irail.be/vehicle/IC2004,http://irail.be/stations/NMBS/008821121,IC,2018-04-13T06:31:00,2018-04-13T06:30:00,9,-53
http://irail.be/vehicle/IC2004,http://irail.be/stations/NMBS/008821006,IC,2018-04-13T06:40:00,2018-04-13T06:35:00,-119,-44
http://irail.be/vehicle/IC2004,http://irail.be/stations/NMBS/008821063,IC,2018-04-13T06:45:00,2018-04-13T06:45:00,-213,-213
http://irail.be/vehicle/IC2004,http://irail.be/stations/NMBS/008821089,IC,2018-04-13T06:47:00,2018-04-13T06:47:00,-33,-33
http://irail.be/vehicle/IC2004,NO-URI,IC,2018-04-13T06:49:00,2018-04-13T06:49:00,,37
http://irail.be/vehicle/IC2004,http://irail.be/stations/NMBS/008814001,IC,2018-10-01T05:50:00,2018-10-01T05:50:00,1,
http://irail.be/vehicle/IC2004,http://irail.be/stations/NMBS/008813037,IC,2018-10-01T05:52:00,2018-10-01T05:52:00,46,46
http://irail.be/vehicle/IC2004,http://irail.be/stations/NMBS/008813003,IC,2018-10-01T05:54:00,2018-10-01T05:53:00,45,52
http://irail.be/vehicle/IC2004,http://irail.be/stations/NMBS/008813045,IC,2018-10-01T05:56:00,2018-10-01T05:56:00,26,26
http://irail.be/vehicle/IC2004,http://irail.be/stations/NMBS/008812005,IC,2018-10-01T06:02:00,2018-10-01T05:58:00,24,24
http://irail.be/vehicle/IC2004,http://irail.be/stations/NMBS/008811007,IC,2018-10-01T06:05:00,2018-10-01T06:05:00,-25,-25
http://irail.be/vehicle/IC2004,http://irail.be/stations/NMBS/008811148,IC,2018-10-01T06:08:00,2018-10-01T06:08:00,-42,-42
http://irail.be/vehicle/IC2004,http://irail.be/stations/NMBS/008811189,IC,2018-10-01T06:09:00,2018-10-01T06:09:00,-42,-42
http://irail.be/vehicle/IC2004,http://irail.be/stations/NMBS/008822269,IC,2018-10-01T06:11:00,2018-10-01T06:11:00,-41,-41
http://irail.be/vehicle/IC2004,http://irail.be/stations/NMBS/008822251,IC,2018-10-01T06:12:00,2018-10-01T06:12:00,-47,-47
http://irail.be/vehicle/IC2004,http://irail.be/stations/NMBS/008822004,IC,2018-10-01T06:18:00,2018-10-01T06:16:00,-21,-93
http://irail.be/vehicle/IC2004,http://irail.be/stations/NMBS/008822343,IC,2018-10-01T06:21:00,2018-10-01T06:21:00,-21,-21
http://irail.be/vehicle/IC2004,http://irail.be/stations/NMBS/008822228,IC,2018-10-01T06:23:00,2018-10-01T06:23:00,-82,-82
http://irail.be/vehicle/IC2004,http://irail.be/stations/NMBS/008822210,IC,2018-10-01T06:24:00,2018-10-01T06:24:00,-82,-82
http://irail.be/vehicle/IC2004,http://irail.be/stations/NMBS/008821311,IC,2018-10-01T06:26:00,2018-10-01T06:26:00,-89,-89
http://irail.be/vehicle/IC2004,http://irail.be/stations/NMBS/008821337,IC,2018-10-01T06:27:00,2018-10-01T06:27:00,-95,-95
http://irail.be/vehicle/IC2004,http://irail.be/stations/NMBS/008821238,IC,2018-10-01T06:28:00,2018-10-01T06:28:00,-104,-104
http://irail.be/vehicle/IC2004,http://irail.be/stations/NMBS/008821154,IC,2018-10-01T06:28:00,2018-10-01T06:28:00,-72,-72
http://irail.be/vehicle/IC2004,http://irail.be/stations/NMBS/008821121,IC,2018-10-01T06:32:00,2018-10-01T06:30:00,3,-84
http://irail.be/vehicle/IC2004,http://irail.be/stations/NMBS/008821006,IC,2018-10-01T06:39:00,2018-10-01T06:36:00,-1,-32
http://irail.be/vehicle/IC2004,http://irail.be/stations/NMBS/008821063,IC,2018-10-01T06:44:00,2018-10-01T06:43:00,-110,-110
http://irail.be/vehicle/IC2004,http://irail.be/stations/NMBS/008821089,IC,2018-10-01T06:51:00,2018-10-01T06:47:00,26,50
http://irail.be/vehicle/IC2004,NO-URI,IC,2018-10-01T06:54:00,2018-10-01T06:54:00,,26
http://irail.be/vehicle/IC2004,http://irail.be/stations/NMBS/008814001,IC,2018-08-29T05:50:00,2018-08-29T05:50:00,-1,
http://irail.be/vehicle/IC2004,http://irail.be/stations/NMBS/008813037,IC,2018-08-29T05:52:00,2018-08-29T05:52:00,53,53
http://irail.be/vehicle/IC2004,http://irail.be/stations/NMBS/008813003,IC,2018-08-29T05:54:00,2018-08-29T05:53:00,102,68
http://irail.be/vehicle/IC2004,http://irail.be/stations/NMBS/008813045,IC,2018-08-29T05:55:00,2018-08-29T05:55:00,126,126
http://irail.be/vehicle/IC2004,http://irail.be/stations/NMBS/008812005,IC,2018-08-29T06:01:00,2018-08-29T05:58:00,51,123
http://irail.be/vehicle/IC2004,http://irail.be/stations/NMBS/008811007,IC,2018-08-29T06:04:00,2018-08-29T06:04:00,42,42
http://irail.be/vehicle/IC2004,http://irail.be/stations/NMBS/008811148,IC,2018-08-29T06:07:00,2018-08-29T06:07:00,33,33
http://irail.be/vehicle/IC2004,http://irail.be/stations/NMBS/008811189,IC,2018-08-29T06:08:00,2018-08-29T06:08:00,33,33
http://irail.be/vehicle/IC2004,http://irail.be/stations/NMBS/008822269,IC,2018-08-29T06:11:00,2018-08-29T06:11:00,33,33
http://irail.be/vehicle/IC2004,http://irail.be/stations/NMBS/008822251,IC,2018-08-29T06:12:00,2018-08-29T06:12:00,-24,-24
http://irail.be/vehicle/IC2004,http://irail.be/stations/NMBS/008822004,IC,2018-08-29T06:18:00,2018-08-29T06:16:00,-4,-62
http://irail.be/vehicle/IC2004,http://irail.be/stations/NMBS/008822343,IC,2018-08-29T06:21:00,2018-08-29T06:21:00,-4,-4
http://irail.be/vehicle/IC2004,http://irail.be/stations/NMBS/008822228,IC,2018-08-29T06:23:00,2018-08-29T06:23:00,-22,-22
http://irail.be/vehicle/IC2004,http://irail.be/stations/NMBS/008822210,IC,2018-08-29T06:24:00,2018-08-29T06:24:00,-22,-22
http://irail.be/vehicle/IC2004,http://irail.be/stations/NMBS/008821311,IC,2018-08-29T06:26:00,2018-08-29T06:26:00,-25,-25
http://irail.be/vehicle/IC2004,http://irail.be/stations/NMBS/008821337,IC,2018-08-29T06:27:00,2018-08-29T06:27:00,-29,-29
http://irail.be/vehicle/IC2004,http://irail.be/stations/NMBS/008821238,IC,2018-08-29T06:28:00,2018-08-29T06:28:00,-32,-32
http://irail.be/vehicle/IC2004,http://irail.be/stations/NMBS/008821154,IC,2018-08-29T06:28:00,2018-08-29T06:28:00,4,4
http://irail.be/vehicle/IC2004,http://irail.be/stations/NMBS/008821121,IC,2018-08-29T06:31:00,2018-08-29T06:30:00,65,26
http://irail.be/vehicle/IC2004,http://irail.be/stations/NMBS/008821006,IC,2018-08-29T06:35:00,2018-08-29T06:35:00,,77
http://irail.be/vehicle/IC2004,http://irail.be/stations/NMBS/008814001,IC,2018-02-08T05:50:00,2018-02-08T05:50:00,1,
http://irail.be/vehicle/IC2004,http://irail.be/stations/NMBS/008813037,IC,2018-02-08T05:52:00,2018-02-08T05:52:00,52,52
http://irail.be/vehicle/IC2004,http://irail.be/stations/NMBS/008813003,IC,2018-02-08T05:54:00,2018-02-08T05:53:00,58,60
http://irail.be/vehicle/IC2004,http://irail.be/stations/NMBS/008813045,IC,2018-02-08T05:56:00,2018-02-08T05:56:00,44,44
http://irail.be/vehicle/IC2004,http://irail.be/stations/NMBS/008812005,IC,2018-02-08T06:01:00,2018-02-08T05:58:00,55,42
http://irail.be/vehicle/IC2004,http://irail.be/stations/NMBS/008811007,IC,2018-02-08T06:04:00,2018-02-08T06:04:00,160,160
http://irail.be/vehicle/IC2004,http://irail.be/stations/NMBS/008811148,IC,2018-02-08T06:07:00,2018-02-08T06:07:00,176,176
http://irail.be/vehicle/IC2004,http://irail.be/stations/NMBS/008811189,IC,2018-02-08T06:08:00,2018-02-08T06:08:00,176,176
http://irail.be/vehicle/IC2004,http://irail.be/stations/NMBS/008822269,IC,2018-02-08T06:11:00,2018-02-08T06:11:00,180,180
http://irail.be/vehicle/IC2004,http://irail.be/stations/NMBS/008822251,IC,2018-02-08T06:12:00,2018-02-08T06:12:00,117,117
http://irail.be/vehicle/IC2004,http://irail.be/stations/NMBS/008822004,IC,2018-02-08T06:18:00,2018-02-08T06:16:00,-3,68
http://irail.be/vehicle/IC2004,http://irail.be/stations/NMBS/008822343,IC,2018-02-08T06:21:00,2018-02-08T06:21:00,-3,-3
http://irail.be/vehicle/IC2004,http://irail.be/stations/NMBS/008822228,IC,2018-02-08T06:23:00,2018-02-08T06:23:00,44,44
http://irail.be/vehicle/IC2004,http://irail.be/stations/NMBS/008822210,IC,2018-02-08T06:24:00,2018-02-08T06:24:00,44,44
http://irail.be/vehicle/IC2004,http://irail.be/stations/NMBS/008821311,IC,2018-02-08T06:26:00,2018-02-08T06:26:00,44,44
http://irail.be/vehicle/IC2004,http://irail.be/stations/NMBS/008821337,IC,2018-02-08T06:27:00,2018-02-08T06:27:00,45,45
http://irail.be/vehicle/IC2004,http://irail.be/stations/NMBS/008821238,IC,2018-02-08T06:28:00,2018-02-08T06:28:00,44,44
http://irail.be/vehicle/IC2004,http://irail.be/stations/NMBS/008821154,IC,2018-02-08T06:28:00,2018-02-08T06:28:00,81,81
http://irail.be/vehicle/IC2004,http://irail.be/stations/NMBS/008821121,IC,2018-02-08T06:31:00,2018-02-08T06:30:00,105,78
http://irail.be/vehicle/IC2004,http://irail.be/stations/NMBS/008821006,IC,2018-02-08T06:39:00,2018-02-08T06:35:00,143,50
http://irail.be/vehicle/IC2004,http://irail.be/stations/NMBS/008821063,IC,2018-02-08T06:43:00,2018-02-08T06:43:00,101,101
http://irail.be/vehicle/IC2004,http://irail.be/stations/NMBS/008821089,IC,2018-02-08T06:46:00,2018-02-08T06:46:00,53,53
http://irail.be/vehicle/IC2004,NO-URI,IC,2018-02-08T06:49:00,2018-02-08T06:49:00,,123
http://irail.be/vehicle/IC2004,http://irail.be/stations/NMBS/008814001,IC,2018-08-08T05:50:00,2018-08-08T05:50:00,-11,
http://irail.be/vehicle/IC2004,http://irail.be/stations/NMBS/008813037,IC,2018-08-08T05:52:00,2018-08-08T05:52:00,36,36
http://irail.be/vehicle/IC2004,http://irail.be/stations/NMBS/008813003,IC,2018-08-08T05:54:00,2018-08-08T05:53:00,59,44
http://irail.be/vehicle/IC2004,http://irail.be/stations/NMBS/008813045,IC,2018-08-08T05:55:00,2018-08-08T05:55:00,67,67
http://irail.be/vehicle/IC2004,http://irail.be/stations/NMBS/008812005,IC,2018-08-08T06:01:00,2018-08-08T05:58:00,39,57
http://irail.be/vehicle/IC2004,http://irail.be/stations/NMBS/008811007,IC,2018-08-08T06:04:00,2018-08-08T06:04:00,-24,-24
http://irail.be/vehicle/IC2004,http://irail.be/stations/NMBS/008811148,IC,2018-08-08T06:07:00,2018-08-08T06:07:00,41,41
http://irail.be/vehicle/IC2004,http://irail.be/stations/NMBS/008811189,IC,2018-08-08T06:08:00,2018-08-08T06:08:00,41,41
http://irail.be/vehicle/IC2004,http://irail.be/stations/NMBS/008822269,IC,2018-08-08T06:11:00,2018-08-08T06:11:00,45,45
http://irail.be/vehicle/IC2004,http://irail.be/stations/NMBS/008822251,IC,2018-08-08T06:14:00,2018-08-08T06:12:00,78,78
http://irail.be/vehicle/IC2004,http://irail.be/stations/NMBS/008822004,IC,2018-08-08T06:18:00,2018-08-08T06:16:00,14,78
http://irail.be/vehicle/IC2004,http://irail.be/stations/NMBS/008822343,IC,2018-08-08T06:21:00,2018-08-08T06:21:00,14,14
http://irail.be/vehicle/IC2004,http://irail.be/stations/NMBS/008822228,IC,2018-08-08T06:23:00,2018-08-08T06:23:00,-39,-39
http://irail.be/vehicle/IC2004,http://irail.be/stations/NMBS/008822210,IC,2018-08-08T06:24:00,2018-08-08T06:24:00,-39,-39
http://irail.be/vehicle/IC2004,http://irail.be/stations/NMBS/008821311,IC,2018-08-08T06:26:00,2018-08-08T06:26:00,-29,-29
http://irail.be/vehicle/IC2004,http://irail.be/stations/NMBS/008821337,IC,2018-08-08T06:27:00,2018-08-08T06:27:00,-22,-22
http://irail.be/vehicle/IC2004,http://irail.be/stations/NMBS/008821238,IC,2018-08-08T06:28:00,2018-08-08T06:28:00,-23,-23
http://irail.be/vehicle/IC2004,http://irail.be/stations/NMBS/008821154,IC,2018-08-08T06:28:00,2018-08-08T06:28:00,16,16
http://irail.be/vehicle/IC2004,http://irail.be/stations/NMBS/008821121,IC,2018-08-08T06:31:00,2018-08-08T06:30:00,42,17
http://irail.be/vehicle/IC2004,http://irail.be/stations/NMBS/008821006,IC,2018-08-08T06:39:00,2018-08-08T06:35:00,3,-14
http://irail.be/vehicle/IC2004,http://irail.be/stations/NMBS/008821063,IC,2018-08-08T06:44:00,2018-08-08T06:43:00,-97,-97
http://irail.be/vehicle/IC2004,http://irail.be/stations/NMBS/008821089,IC,2018-08-08T06:51:00,2018-08-08T06:47:00,-165,43
http://irail.be/vehicle/IC2004,NO-URI,IC,2018-08-08T06:54:00,2018-08-08T06:54:00,,-165
http://irail.be/vehicle/IC2004,http://irail.be/stations/NMBS/008814001,IC,2018-07-05T05:50:00,2018-07-05T05:50:00,-1,
http://irail.be/vehicle/IC2004,http://irail.be/stations/NMBS/008813037,IC,2018-07-05T05:52:00,2018-07-05T05:52:00,38,38
http://irail.be/vehicle/IC2004,http://irail.be/stations/NMBS/008813003,IC,2018-07-05T05:54:00,2018-07-05T05:53:00,65,40
http://irail.be/vehicle/IC2004,http://irail.be/stations/NMBS/008813045,IC,2018-07-05T05:55:00,2018-07-05T05:55:00,73,73
http://irail.be/vehicle/IC2004,http://irail.be/stations/NMBS/008812005,IC,2018-07-05T06:01:00,2018-07-05T05:58:00,22,60
http://irail.be/vehicle/IC2004,http://irail.be/stations/NMBS/008811007,IC,2018-07-05T06:04:00,2018-07-05T06:04:00,-26,-26
http://irail.be/vehicle/IC2004,http://irail.be/stations/NMBS/008811148,IC,2018-07-05T06:07:00,2018-07-05T06:07:00,-52,-52
http://irail.be/vehicle/IC2004,http://irail.be/stations/NMBS/008811189,IC,2018-07-05T06:08:00,2018-07-05T06:08:00,-52,-52
http://irail.be/vehicle/IC2004,http://irail.be/stations/NMBS/008822269,IC,2018-07-05T06:11:00,2018-07-05T06:11:00,-54,-54
http://irail.be/vehicle/IC2004,http://irail.be/stations/NMBS/008822251,IC,2018-07-05T06:12:00,2018-07-05T06:12:00,-125,-125
http://irail.be/vehicle/IC2004,http://irail.be/stations/NMBS/008822004,IC,2018-07-05T06:18:00,2018-07-05T06:16:00,-25,-183
http://irail.be/vehicle/IC2004,http://irail.be/stations/NMBS/008822343,IC,2018-07-05T06:21:00,2018-07-05T06:21:00,-25,-25
http://irail.be/vehicle/IC2004,http://irail.be/stations/NMBS/008822228,IC,2018-07-05T06:23:00,2018-07-05T06:23:00,-100,-100
http://irail.be/vehicle/IC2004,http://irail.be/stations/NMBS/008822210,IC,2018-07-05T06:24:00,2018-07-05T06:24:00,-100,-100
http://irail.be/vehicle/IC2004,http://irail.be/stations/NMBS/008821311,IC,2018-07-05T06:26:00,2018-07-05T06:26:00,-112,-112
http://irail.be/vehicle/IC2004,http://irail.be/stations/NMBS/008821337,IC,2018-07-05T06:27:00,2018-07-05T06:27:00,-123,-123
http://irail.be/vehicle/IC2004,http://irail.be/stations/NMBS/008821238,IC,2018-07-05T06:28:00,2018-07-05T06:28:00,-134,-134
http://irail.be/vehicle/IC2004,http://irail.be/stations/NMBS/008821154,IC,2018-07-05T06:28:00,2018-07-05T06:28:00,-104,-104
http://irail.be/vehicle/IC2004,http://irail.be/stations/NMBS/008821121,IC,2018-07-05T06:31:00,2018-07-05T06:30:00,8,-96
http://irail.be/vehicle/IC2004,http://irail.be/stations/NMBS/008821006,IC,2018-07-05T06:39:00,2018-07-05T06:35:00,11,-49
http://irail.be/vehicle/IC2004,http://irail.be/stations/NMBS/008821063,IC,2018-07-05T06:44:00,2018-07-05T06:43:00,-109,-109
http://irail.be/vehicle/IC2004,http://irail.be/stations/NMBS/008821089,IC,2018-07-05T06:51:00,2018-07-05T06:47:00,-151,54
http://irail.be/vehicle/IC2004,NO-URI,IC,2018-07-05T06:54:00,2018-07-05T06:54:00,,-151
http://irail.be/vehicle/IC2004,http://irail.be/stations/NMBS/008814001,IC,2018-06-26T05:50:00,2018-06-26T05:50:00,-22,
http://irail.be/vehicle/IC2004,http://irail.be/stations/NMBS/008813037,IC,2018-06-26T05:52:00,2018-06-26T05:52:00,28,28
http://irail.be/vehicle/IC2004,http://irail.be/stations/NMBS/008813003,IC,2018-06-26T05:54:00,2018-06-26T05:53:00,56,36
http://irail.be/vehicle/IC2004,http://irail.be/stations/NMBS/008813045,IC,2018-06-26T05:55:00,2018-06-26T05:55:00,81,81
http://irail.be/vehicle/IC2004,http://irail.be/stations/NMBS/008812005,IC,2018-06-26T06:01:00,2018-06-26T05:58:00,22,84
http://irail.be/vehicle/IC2004,http://irail.be/stations/NMBS/008811007,IC,2018-06-26T06:04:00,2018-06-26T06:04:00,-27,-27
http://irail.be/vehicle/IC2004,http://irail.be/stations/NMBS/008811148,IC,2018-06-26T06:07:00,2018-06-26T06:07:00,-44,-44
http://irail.be/vehicle/IC2004,http://irail.be/stations/NMBS/008811189,IC,2018-06-26T06:08:00,2018-06-26T06:08:00,-44,-44
http://irail.be/vehicle/IC2004,http://irail.be/stations/NMBS/008822269,IC,2018-06-26T06:11:00,2018-06-26T06:11:00,-37,-37
http://irail.be/vehicle/IC2004,http://irail.be/stations/NMBS/008822251,IC,2018-06-26T06:12:00,2018-06-26T06:12:00,-86,-86
http://irail.be/vehicle/IC2004,http://irail.be/stations/NMBS/008822004,IC,2018-06-26T06:18:00,2018-06-26T06:16:00,-28,-105
http://irail.be/vehicle/IC2004,http://irail.be/stations/NMBS/008822343,IC,2018-06-26T06:21:00,2018-06-26T06:21:00,-28,-28
http://irail.be/vehicle/IC2004,http://irail.be/stations/NMBS/008822228,IC,2018-06-26T06:23:00,2018-06-26T06:23:00,-90,-90
http://irail.be/vehicle/IC2004,http://irail.be/stations/NMBS/008822210,IC,2018-06-26T06:24:00,2018-06-26T06:24:00,-90,-90
http://irail.be/vehicle/IC2004,http://irail.be/stations/NMBS/008821311,IC,2018-06-26T06:26:00,2018-06-26T06:26:00,-83,-83
http://irail.be/vehicle/IC2004,http://irail.be/stations/NMBS/008821337,IC,2018-06-26T06:27:00,2018-06-26T06:27:00,-70,-70
http://irail.be/vehicle/IC2004,http://irail.be/stations/NMBS/008821238,IC,2018-06-26T06:28:00,2018-06-26T06:28:00,-69,-69
http://irail.be/vehicle/IC2004,http://irail.be/stations/NMBS/008821154,IC,2018-06-26T06:28:00,2018-06-26T06:28:00,-32,-32
http://irail.be/vehicle/IC2004,http://irail.be/stations/NMBS/008821121,IC,2018-06-26T06:31:00,2018-06-26T06:30:00,15,-28
http://irail.be/vehicle/IC2004,http://irail.be/stations/NMBS/008821006,IC,2018-06-26T06:39:00,2018-06-26T06:35:00,40,-18
http://irail.be/vehicle/IC2004,http://irail.be/stations/NMBS/008821063,IC,2018-06-26T06:44:00,2018-06-26T06:43:00,-29,-29
http://irail.be/vehicle/IC2004,http://irail.be/stations/NMBS/008821089,IC,2018-06-26T06:51:00,2018-06-26T06:47:00,41,101
http://irail.be/vehicle/IC2004,NO-URI,IC,2018-06-26T06:54:00,2018-06-26T06:54:00,,-146
http://irail.be/vehicle/IC2004,http://irail.be/stations/NMBS/008814001,IC,2018-04-19T05:50:00,2018-04-19T05:50:00,35,
http://irail.be/vehicle/IC2004,http://irail.be/stations/NMBS/008813037,IC,2018-04-19T05:52:00,2018-04-19T05:52:00,80,80
http://irail.be/vehicle/IC2004,http://irail.be/stations/NMBS/008813003,IC,2018-04-19T05:54:00,2018-04-19T05:53:00,109,85
http://irail.be/vehicle/IC2004,http://irail.be/stations/NMBS/008813045,IC,2018-04-19T05:55:00,2018-04-19T05:55:00,119,119
http://irail.be/vehicle/IC2004,http://irail.be/stations/NMBS/008812005,IC,2018-04-19T06:01:00,2018-04-19T05:58:00,26,115
http://irail.be/vehicle/IC2004,http://irail.be/stations/NMBS/008811007,IC,2018-04-19T06:04:00,2018-04-19T06:04:00,-9,-9
http://irail.be/vehicle/IC2004,http://irail.be/stations/NMBS/008811148,IC,2018-04-19T06:07:00,2018-04-19T06:07:00,-21,-21
http://irail.be/vehicle/IC2004,http://irail.be/stations/NMBS/008811189,IC,2018-04-19T06:08:00,2018-04-19T06:08:00,-21,-21
http://irail.be/vehicle/IC2004,http://irail.be/stations/NMBS/008822269,IC,2018-04-19T06:11:00,2018-04-19T06:11:00,-22,-22
http://irail.be/vehicle/IC2004,http://irail.be/stations/NMBS/008822251,IC,2018-04-19T06:12:00,2018-04-19T06:12:00,-83,-83
http://irail.be/vehicle/IC2004,http://irail.be/stations/NMBS/008822004,IC,2018-04-19T06:18:00,2018-04-19T06:16:00,-12,-133
http://irail.be/vehicle/IC2004,http://irail.be/stations/NMBS/008822343,IC,2018-04-19T06:21:00,2018-04-19T06:21:00,-12,-12
http://irail.be/vehicle/IC2004,http://irail.be/stations/NMBS/008822228,IC,2018-04-19T06:23:00,2018-04-19T06:23:00,-66,-66
http://irail.be/vehicle/IC2004,http://irail.be/stations/NMBS/008822210,IC,2018-04-19T06:24:00,2018-04-19T06:24:00,-66,-66
http://irail.be/vehicle/IC2004,http://irail.be/stations/NMBS/008821311,IC,2018-04-19T06:26:00,2018-04-19T06:26:00,-66,-66
http://irail.be/vehicle/IC2004,http://irail.be/stations/NMBS/008821337,IC,2018-04-19T06:27:00,2018-04-19T06:27:00,-72,-72
http://irail.be/vehicle/IC2004,http://irail.be/stations/NMBS/008821238,IC,2018-04-19T06:28:00,2018-04-19T06:28:00,-77,-77
http://irail.be/vehicle/IC2004,http://irail.be/stations/NMBS/008821154,IC,2018-04-19T06:28:00,2018-04-19T06:28:00,-40,-40
http://irail.be/vehicle/IC2004,http://irail.be/stations/NMBS/008821121,IC,2018-04-19T06:31:00,2018-04-19T06:30:00,30,-35
http://irail.be/vehicle/IC2004,http://irail.be/stations/NMBS/008821006,IC,2018-04-19T06:40:00,2018-04-19T06:35:00,-82,-30
http://irail.be/vehicle/IC2004,http://irail.be/stations/NMBS/008821063,IC,2018-04-19T06:45:00,2018-04-19T06:45:00,-174,-174
http://irail.be/vehicle/IC2004,http://irail.be/stations/NMBS/008821089,IC,2018-04-19T06:47:00,2018-04-19T06:47:00,-41,-41
http://irail.be/vehicle/IC2004,NO-URI,IC,2018-04-19T06:49:00,2018-04-19T06:49:00,,26
http://irail.be/vehicle/IC2004,http://irail.be/stations/NMBS/008814001,IC,2018-11-14T05:50:00,2018-11-14T05:50:00,-5,
http://irail.be/vehicle/IC2004,http://irail.be/stations/NMBS/008813037,IC,2018-11-14T05:52:00,2018-11-14T05:52:00,56,56
http://irail.be/vehicle/IC2004,http://irail.be/stations/NMBS/008813003,IC,2018-11-14T05:54:00,2018-11-14T05:53:00,61,67
http://irail.be/vehicle/IC2004,http://irail.be/stations/NMBS/008813045,IC,2018-11-14T05:56:00,2018-11-14T05:56:00,48,48
http://irail.be/vehicle/IC2004,http://irail.be/stations/NMBS/008812005,IC,2018-11-14T06:02:00,2018-11-14T05:58:00,90,46
http://irail.be/vehicle/IC2004,http://irail.be/stations/NMBS/008811007,IC,2018-11-14T06:05:00,2018-11-14T06:05:00,72,72
http://irail.be/vehicle/IC2004,http://irail.be/stations/NMBS/008811148,IC,2018-11-14T06:08:00,2018-11-14T06:08:00,86,86
http://irail.be/vehicle/IC2004,http://irail.be/stations/NMBS/008811189,IC,2018-11-14T06:09:00,2018-11-14T06:09:00,86,86
http://irail.be/vehicle/IC2004,http://irail.be/stations/NMBS/008822269,IC,2018-11-14T06:11:00,2018-11-14T06:11:00,88,88
http://irail.be/vehicle/IC2004,http://irail.be/stations/NMBS/008822251,IC,2018-11-14T06:12:00,2018-11-14T06:12:00,92,92
http://irail.be/vehicle/IC2004,http://irail.be/stations/NMBS/008822004,IC,2018-11-14T06:18:00,2018-11-14T06:16:00,-4,62
http://irail.be/vehicle/IC2004,http://irail.be/stations/NMBS/008822343,IC,2018-11-14T06:21:00,2018-11-14T06:21:00,-4,-4
http://irail.be/vehicle/IC2004,http://irail.be/stations/NMBS/008822228,IC,2018-11-14T06:23:00,2018-11-14T06:23:00,73,73
http://irail.be/vehicle/IC2004,http://irail.be/stations/NMBS/008822210,IC,2018-11-14T06:24:00,2018-11-14T06:24:00,73,73
http://irail.be/vehicle/IC2004,http://irail.be/stations/NMBS/008821311,IC,2018-11-14T06:26:00,2018-11-14T06:26:00,96,96
http://irail.be/vehicle/IC2004,http://irail.be/stations/NMBS/008821337,IC,2018-11-14T06:27:00,2018-11-14T06:27:00,106,106
http://irail.be/vehicle/IC2004,http://irail.be/stations/NMBS/008821238,IC,2018-11-14T06:28:00,2018-11-14T06:28:00,108,108
http://irail.be/vehicle/IC2004,http://irail.be/stations/NMBS/008821154,IC,2018-11-14T06:28:00,2018-11-14T06:28:00,150,150
http://irail.be/vehicle/IC2004,http://irail.be/stations/NMBS/008821121,IC,2018-11-14T06:32:00,2018-11-14T06:30:00,196,182
http://irail.be/vehicle/IC2004,http://irail.be/stations/NMBS/008821006,IC,2018-11-14T06:36:00,2018-11-14T06:36:00,,228
http://irail.be/vehicle/IC2004,http://irail.be/stations/NMBS/008814001,IC,2018-01-24T05:50:00,2018-01-24T05:50:00,8,
http://irail.be/vehicle/IC2004,http://irail.be/stations/NMBS/008813037,IC,2018-01-24T05:52:00,2018-01-24T05:52:00,54,54
http://irail.be/vehicle/IC2004,http://irail.be/stations/NMBS/008813003,IC,2018-01-24T05:54:00,2018-01-24T05:53:00,77,58
http://irail.be/vehicle/IC2004,http://irail.be/stations/NMBS/008813045,IC,2018-01-24T05:55:00,2018-01-24T05:55:00,83,83
http://irail.be/vehicle/IC2004,http://irail.be/stations/NMBS/008812005,IC,2018-01-24T06:01:00,2018-01-24T05:58:00,43,79
http://irail.be/vehicle/IC2004,http://irail.be/stations/NMBS/008811007,IC,2018-01-24T06:04:00,2018-01-24T06:04:00,3,3
http://irail.be/vehicle/IC2004,http://irail.be/stations/NMBS/008811148,IC,2018-01-24T06:07:00,2018-01-24T06:07:00,-17,-17
http://irail.be/vehicle/IC2004,http://irail.be/stations/NMBS/008811189,IC,2018-01-24T06:08:00,2018-01-24T06:08:00,-17,-17
http://irail.be/vehicle/IC2004,http://irail.be/stations/NMBS/008822269,IC,2018-01-24T06:11:00,2018-01-24T06:11:00,-18,-18
http://irail.be/vehicle/IC2004,http://irail.be/stations/NMBS/008822251,IC,2018-01-24T06:12:00,2018-01-24T06:12:00,-86,-86
http://irail.be/vehicle/IC2004,http://irail.be/stations/NMBS/008822004,IC,2018-01-24T06:18:00,2018-01-24T06:16:00,8,-142
http://irail.be/vehicle/IC2004,http://irail.be/stations/NMBS/008822343,IC,2018-01-24T06:20:00,2018-01-24T06:20:00,,8
http://irail.be/vehicle/IC2004,http://irail.be/stations/NMBS/008814001,IC,2018-06-22T05:50:00,2018-06-22T05:50:00,1,
http://irail.be/vehicle/IC2004,http://irail.be/stations/NMBS/008813037,IC,2018-06-22T05:52:00,2018-06-22T05:52:00,62,62
http://irail.be/vehicle/IC2004,http://irail.be/stations/NMBS/008813003,IC,2018-06-22T05:54:00,2018-06-22T05:53:00,109,85
http://irail.be/vehicle/IC2004,http://irail.be/stations/NMBS/008813045,IC,2018-06-22T05:55:00,2018-06-22T05:55:00,127,127
http://irail.be/vehicle/IC2004,http://irail.be/stations/NMBS/008812005,IC,2018-06-22T06:01:00,2018-06-22T05:58:00,44,119
http://irail.be/vehicle/IC2004,http://irail.be/stations/NMBS/008811007,IC,2018-06-22T06:04:00,2018-06-22T06:04:00,55,55
http://irail.be/vehicle/IC2004,http://irail.be/stations/NMBS/008811148,IC,2018-06-22T06:07:00,2018-06-22T06:07:00,51,51
http://irail.be/vehicle/IC2004,http://irail.be/stations/NMBS/008811189,IC,2018-06-22T06:08:00,2018-06-22T06:08:00,51,51
http://irail.be/vehicle/IC2004,http://irail.be/stations/NMBS/008822269,IC,2018-06-22T06:11:00,2018-06-22T06:11:00,48,48
http://irail.be/vehicle/IC2004,http://irail.be/stations/NMBS/008822251,IC,2018-06-22T06:12:00,2018-06-22T06:12:00,-17,-17
http://irail.be/vehicle/IC2004,http://irail.be/stations/NMBS/008822004,IC,2018-06-22T06:18:00,2018-06-22T06:16:00,-33,-63
http://irail.be/vehicle/IC2004,http://irail.be/stations/NMBS/008822343,IC,2018-06-22T06:21:00,2018-06-22T06:21:00,-33,-33
http://irail.be/vehicle/IC2004,http://irail.be/stations/NMBS/008822228,IC,2018-06-22T06:23:00,2018-06-22T06:23:00,-84,-84
http://irail.be/vehicle/IC2004,http://irail.be/stations/NMBS/008822210,IC,2018-06-22T06:24:00,2018-06-22T06:24:00,-84,-84
http://irail.be/vehicle/IC2004,http://irail.be/stations/NMBS/008821311,IC,2018-06-22T06:26:00,2018-06-22T06:26:00,-74,-74
http://irail.be/vehicle/IC2004,http://irail.be/stations/NMBS/008821337,IC,2018-06-22T06:27:00,2018-06-22T06:27:00,-79,-79
http://irail.be/vehicle/IC2004,http://irail.be/stations/NMBS/008821238,IC,2018-06-22T06:28:00,2018-06-22T06:28:00,-83,-83
http://irail.be/vehicle/IC2004,http://irail.be/stations/NMBS/008821154,IC,2018-06-22T06:28:00,2018-06-22T06:28:00,-47,-47
http://irail.be/vehicle/IC2004,http://irail.be/stations/NMBS/008821121,IC,2018-06-22T06:31:00,2018-06-22T06:30:00,13,-40
http://irail.be/vehicle/IC2004,http://irail.be/stations/NMBS/008821006,IC,2018-06-22T06:35:00,2018-06-22T06:35:00,,41
http://irail.be/vehicle/IC2004,http://irail.be/stations/NMBS/008814001,IC,2018-03-07T05:50:00,2018-03-07T05:50:00,18,
http://irail.be/vehicle/IC2004,http://irail.be/stations/NMBS/008813037,IC,2018-03-07T05:52:00,2018-03-07T05:52:00,49,49
http://irail.be/vehicle/IC2004,http://irail.be/stations/NMBS/008813003,IC,2018-03-07T05:54:00,2018-03-07T05:53:00,47,51
http://irail.be/vehicle/IC2004,http://irail.be/stations/NMBS/008813045,IC,2018-03-07T05:56:00,2018-03-07T05:56:00,24,24
http://irail.be/vehicle/IC2004,http://irail.be/stations/NMBS/008812005,IC,2018-03-07T06:01:00,2018-03-07T05:58:00,35,17
http://irail.be/vehicle/IC2004,http://irail.be/stations/NMBS/008811007,IC,2018-03-07T06:04:00,2018-03-07T06:04:00,27,27
http://irail.be/vehicle/IC2004,http://irail.be/stations/NMBS/008811148,IC,2018-03-07T06:07:00,2018-03-07T06:07:00,28,28
http://irail.be/vehicle/IC2004,http://irail.be/stations/NMBS/008811189,IC,2018-03-07T06:08:00,2018-03-07T06:08:00,28,28
http://irail.be/vehicle/IC2004,http://irail.be/stations/NMBS/008822269,IC,2018-03-07T06:11:00,2018-03-07T06:11:00,25,25
http://irail.be/vehicle/IC2004,http://irail.be/stations/NMBS/008822251,IC,2018-03-07T06:12:00,2018-03-07T06:12:00,-19,-19
http://irail.be/vehicle/IC2004,http://irail.be/stations/NMBS/008822004,IC,2018-03-07T06:18:00,2018-03-07T06:16:00,-6,-39
http://irail.be/vehicle/IC2004,http://irail.be/stations/NMBS/008822343,IC,2018-03-07T06:21:00,2018-03-07T06:21:00,-6,-6
http://irail.be/vehicle/IC2004,http://irail.be/stations/NMBS/008822228,IC,2018-03-07T06:23:00,2018-03-07T06:23:00,18,18
http://irail.be/vehicle/IC2004,http://irail.be/stations/NMBS/008822210,IC,2018-03-07T06:24:00,2018-03-07T06:24:00,18,18
http://irail.be/vehicle/IC2004,http://irail.be/stations/NMBS/008821311,IC,2018-03-07T06:26:00,2018-03-07T06:26:00,18,18
http://irail.be/vehicle/IC2004,http://irail.be/stations/NMBS/008821337,IC,2018-03-07T06:27:00,2018-03-07T06:27:00,38,38
http://irail.be/vehicle/IC2004,http://irail.be/stations/NMBS/008821238,IC,2018-03-07T06:28:00,2018-03-07T06:28:00,40,40
http://irail.be/vehicle/IC2004,http://irail.be/stations/NMBS/008821154,IC,2018-03-07T06:28:00,2018-03-07T06:28:00,79,79
http://irail.be/vehicle/IC2004,http://irail.be/stations/NMBS/008821121,IC,2018-03-07T06:31:00,2018-03-07T06:30:00,124,92
http://irail.be/vehicle/IC2004,http://irail.be/stations/NMBS/008821006,IC,2018-03-07T06:39:00,2018-03-07T06:35:00,40,70
http://irail.be/vehicle/IC2004,http://irail.be/stations/NMBS/008821063,IC,2018-03-07T06:43:00,2018-03-07T06:43:00,-27,-27
http://irail.be/vehicle/IC2004,http://irail.be/stations/NMBS/008821089,IC,2018-03-07T06:46:00,2018-03-07T06:46:00,46,46
http://irail.be/vehicle/IC2004,NO-URI,IC,2018-03-07T06:49:00,2018-03-07T06:49:00,,48
http://irail.be/vehicle/IC2004,http://irail.be/stations/NMBS/008814001,IC,2018-10-04T05:50:00,2018-10-04T05:50:00,-5,
http://irail.be/vehicle/IC2004,http://irail.be/stations/NMBS/008813037,IC,2018-10-04T05:52:00,2018-10-04T05:52:00,51,51
http://irail.be/vehicle/IC2004,http://irail.be/stations/NMBS/008813003,IC,2018-10-04T05:54:00,2018-10-04T05:53:00,99,63
http://irail.be/vehicle/IC2004,http://irail.be/stations/NMBS/008813045,IC,2018-10-04T05:56:00,2018-10-04T05:56:00,87,87
http://irail.be/vehicle/IC2004,http://irail.be/stations/NMBS/008812005,IC,2018-10-04T06:02:00,2018-10-04T05:58:00,131,83
http://irail.be/vehicle/IC2004,http://irail.be/stations/NMBS/008811007,IC,2018-10-04T06:05:00,2018-10-04T06:05:00,113,113
http://irail.be/vehicle/IC2004,http://irail.be/stations/NMBS/008811148,IC,2018-10-04T06:08:00,2018-10-04T06:08:00,185,185
http://irail.be/vehicle/IC2004,http://irail.be/stations/NMBS/008811189,IC,2018-10-04T06:09:00,2018-10-04T06:09:00,185,185
http://irail.be/vehicle/IC2004,http://irail.be/stations/NMBS/008822269,IC,2018-10-04T06:11:00,2018-10-04T06:11:00,227,227
http://irail.be/vehicle/IC2004,http://irail.be/stations/NMBS/008822251,IC,2018-10-04T06:12:00,2018-10-04T06:12:00,238,238
http://irail.be/vehicle/IC2004,http://irail.be/stations/NMBS/008822004,IC,2018-10-04T06:18:00,2018-10-04T06:16:00,151,201
http://irail.be/vehicle/IC2004,http://irail.be/stations/NMBS/008822343,IC,2018-10-04T06:21:00,2018-10-04T06:21:00,151,151
http://irail.be/vehicle/IC2004,http://irail.be/stations/NMBS/008822228,IC,2018-10-04T06:23:00,2018-10-04T06:23:00,111,111
http://irail.be/vehicle/IC2004,http://irail.be/stations/NMBS/008822210,IC,2018-10-04T06:24:00,2018-10-04T06:24:00,111,111
http://irail.be/vehicle/IC2004,http://irail.be/stations/NMBS/008821311,IC,2018-10-04T06:26:00,2018-10-04T06:26:00,114,114
http://irail.be/vehicle/IC2004,http://irail.be/stations/NMBS/008821337,IC,2018-10-04T06:27:00,2018-10-04T06:27:00,113,113
http://irail.be/vehicle/IC2004,http://irail.be/stations/NMBS/008821238,IC,2018-10-04T06:28:00,2018-10-04T06:28:00,107,107
http://irail.be/vehicle/IC2004,http://irail.be/stations/NMBS/008821154,IC,2018-10-04T06:28:00,2018-10-04T06:28:00,142,142
http://irail.be/vehicle/IC2004,http://irail.be/stations/NMBS/008821121,IC,2018-10-04T06:32:00,2018-10-04T06:30:00,152,151
http://irail.be/vehicle/IC2004,http://irail.be/stations/NMBS/008821006,IC,2018-10-04T06:39:00,2018-10-04T06:36:00,95,173
http://irail.be/vehicle/IC2004,http://irail.be/stations/NMBS/008821063,IC,2018-10-04T06:44:00,2018-10-04T06:43:00,27,27
http://irail.be/vehicle/IC2004,http://irail.be/stations/NMBS/008821089,IC,2018-10-04T06:51:00,2018-10-04T06:47:00,184,358
http://irail.be/vehicle/IC2004,NO-URI,IC,2018-10-04T06:54:00,2018-10-04T06:54:00,,184
http://irail.be/vehicle/IC2004,http://irail.be/stations/NMBS/008814001,IC,2018-01-29T05:50:00,2018-01-29T05:50:00,0,
http://irail.be/vehicle/IC2004,http://irail.be/stations/NMBS/008813037,IC,2018-01-29T05:52:00,2018-01-29T05:52:00,42,42
http://irail.be/vehicle/IC2004,http://irail.be/stations/NMBS/008813003,IC,2018-01-29T05:54:00,2018-01-29T05:53:00,46,43
http://irail.be/vehicle/IC2004,http://irail.be/stations/NMBS/008813045,IC,2018-01-29T05:55:00,2018-01-29T05:55:00,48,48
http://irail.be/vehicle/IC2004,http://irail.be/stations/NMBS/008812005,IC,2018-01-29T06:01:00,2018-01-29T05:58:00,42,42
http://irail.be/vehicle/IC2004,http://irail.be/stations/NMBS/008811007,IC,2018-01-29T06:04:00,2018-01-29T06:04:00,11,11
http://irail.be/vehicle/IC2004,http://irail.be/stations/NMBS/008811148,IC,2018-01-29T06:07:00,2018-01-29T06:07:00,4,4
http://irail.be/vehicle/IC2004,http://irail.be/stations/NMBS/008811189,IC,2018-01-29T06:08:00,2018-01-29T06:08:00,4,4
http://irail.be/vehicle/IC2004,http://irail.be/stations/NMBS/008822269,IC,2018-01-29T06:11:00,2018-01-29T06:11:00,3,3
http://irail.be/vehicle/IC2004,http://irail.be/stations/NMBS/008822251,IC,2018-01-29T06:12:00,2018-01-29T06:12:00,-55,-55
http://irail.be/vehicle/IC2004,http://irail.be/stations/NMBS/008822004,IC,2018-01-29T06:18:00,2018-01-29T06:16:00,1,-69
http://irail.be/vehicle/IC2004,http://irail.be/stations/NMBS/008822343,IC,2018-01-29T06:20:00,2018-01-29T06:20:00,1,1
http://irail.be/vehicle/IC2004,http://irail.be/stations/NMBS/008822228,IC,2018-01-29T06:23:00,2018-01-29T06:23:00,-61,-61
http://irail.be/vehicle/IC2004,http://irail.be/stations/NMBS/008822210,IC,2018-01-29T06:24:00,2018-01-29T06:24:00,-61,-61
http://irail.be/vehicle/IC2004,http://irail.be/stations/NMBS/008821311,IC,2018-01-29T06:26:00,2018-01-29T06:26:00,-61,-61
http://irail.be/vehicle/IC2004,http://irail.be/stations/NMBS/008821337,IC,2018-01-29T06:27:00,2018-01-29T06:27:00,-55,-55
http://irail.be/vehicle/IC2004,http://irail.be/stations/NMBS/008821238,IC,2018-01-29T06:28:00,2018-01-29T06:28:00,-52,-52
http://irail.be/vehicle/IC2004,http://irail.be/stations/NMBS/008821154,IC,2018-01-29T06:29:00,2018-01-29T06:29:00,-62,-62
http://irail.be/vehicle/IC2004,http://irail.be/stations/NMBS/008821121,IC,2018-01-29T06:31:00,2018-01-29T06:30:00,18,-29
http://irail.be/vehicle/IC2004,http://irail.be/stations/NMBS/008821006,IC,2018-01-29T06:39:00,2018-01-29T06:35:00,1,-13
http://irail.be/vehicle/IC2004,http://irail.be/stations/NMBS/008821063,IC,2018-01-29T06:43:00,2018-01-29T06:43:00,-27,-27
http://irail.be/vehicle/IC2004,http://irail.be/stations/NMBS/008821089,IC,2018-01-29T06:46:00,2018-01-29T06:46:00,17,17
http://irail.be/vehicle/IC2004,NO-URI,IC,2018-01-29T06:49:00,2018-01-29T06:49:00,,36
http://irail.be/vehicle/IC2004,http://irail.be/stations/NMBS/008814001,IC,2018-04-25T05:50:00,2018-04-25T05:50:00,-6,
http://irail.be/vehicle/IC2004,http://irail.be/stations/NMBS/008813037,IC,2018-04-25T05:52:00,2018-04-25T05:52:00,41,41
http://irail.be/vehicle/IC2004,http://irail.be/stations/NMBS/008813003,IC,2018-04-25T05:54:00,2018-04-25T05:53:00,56,49
http://irail.be/vehicle/IC2004,http://irail.be/stations/NMBS/008813045,IC,2018-04-25T05:55:00,2018-04-25T05:55:00,65,65
http://irail.be/vehicle/IC2004,http://irail.be/stations/NMBS/008812005,IC,2018-04-25T06:01:00,2018-04-25T05:58:00,40,64
http://irail.be/vehicle/IC2004,http://irail.be/stations/NMBS/008811007,IC,2018-04-25T06:04:00,2018-04-25T06:04:00,-5,-5
http://irail.be/vehicle/IC2004,http://irail.be/stations/NMBS/008811148,IC,2018-04-25T06:07:00,2018-04-25T06:07:00,-32,-32
http://irail.be/vehicle/IC2004,http://irail.be/stations/NMBS/008811189,IC,2018-04-25T06:08:00,2018-04-25T06:08:00,-32,-32
http://irail.be/vehicle/IC2004,http://irail.be/stations/NMBS/008822269,IC,2018-04-25T06:11:00,2018-04-25T06:11:00,-34,-34
http://irail.be/vehicle/IC2004,http://irail.be/stations/NMBS/008822251,IC,2018-04-25T06:12:00,2018-04-25T06:12:00,-102,-102
http://irail.be/vehicle/IC2004,http://irail.be/stations/NMBS/008822004,IC,2018-04-25T06:18:00,2018-04-25T06:16:00,-25,-102
http://irail.be/vehicle/IC2004,http://irail.be/stations/NMBS/008822343,IC,2018-04-25T06:21:00,2018-04-25T06:21:00,-25,-25
http://irail.be/vehicle/IC2004,http://irail.be/stations/NMBS/008822228,IC,2018-04-25T06:23:00,2018-04-25T06:23:00,-78,-78
http://irail.be/vehicle/IC2004,http://irail.be/stations/NMBS/008822210,IC,2018-04-25T06:24:00,2018-04-25T06:24:00,-78,-78
http://irail.be/vehicle/IC2004,http://irail.be/stations/NMBS/008821311,IC,2018-04-25T06:26:00,2018-04-25T06:26:00,-78,-78
http://irail.be/vehicle/IC2004,http://irail.be/stations/NMBS/008821337,IC,2018-04-25T06:27:00,2018-04-25T06:27:00,-89,-89
http://irail.be/vehicle/IC2004,http://irail.be/stations/NMBS/008821238,IC,2018-04-25T06:28:00,2018-04-25T06:28:00,-99,-99
http://irail.be/vehicle/IC2004,http://irail.be/stations/NMBS/008821154,IC,2018-04-25T06:28:00,2018-04-25T06:28:00,-67,-67
http://irail.be/vehicle/IC2004,http://irail.be/stations/NMBS/008821121,IC,2018-04-25T06:31:00,2018-04-25T06:30:00,77,20
http://irail.be/vehicle/IC2004,http://irail.be/stations/NMBS/008821006,IC,2018-04-25T06:40:00,2018-04-25T06:35:00,-29,47
http://irail.be/vehicle/IC2004,http://irail.be/stations/NMBS/008821063,IC,2018-04-25T06:45:00,2018-04-25T06:45:00,-150,-150
http://irail.be/vehicle/IC2004,http://irail.be/stations/NMBS/008821089,IC,2018-04-25T06:47:00,2018-04-25T06:47:00,144,144
http://irail.be/vehicle/IC2004,NO-URI,IC,2018-04-25T06:49:00,2018-04-25T06:49:00,,230
http://irail.be/vehicle/IC2004,http://irail.be/stations/NMBS/008814001,IC,2018-01-03T05:50:00,2018-01-03T05:50:00,36,
http://irail.be/vehicle/IC2004,http://irail.be/stations/NMBS/008813037,IC,2018-01-03T05:52:00,2018-01-03T05:52:00,101,101
http://irail.be/vehicle/IC2004,http://irail.be/stations/NMBS/008813003,IC,2018-01-03T05:54:00,2018-01-03T05:53:00,139,107
http://irail.be/vehicle/IC2004,http://irail.be/stations/NMBS/008813045,IC,2018-01-03T05:55:00,2018-01-03T05:55:00,160,160
http://irail.be/vehicle/IC2004,http://irail.be/stations/NMBS/008812005,IC,2018-01-03T06:01:00,2018-01-03T05:58:00,41,156
http://irail.be/vehicle/IC2004,http://irail.be/stations/NMBS/008811007,IC,2018-01-03T06:04:00,2018-01-03T06:04:00,17,17
http://irail.be/vehicle/IC2004,http://irail.be/stations/NMBS/008811148,IC,2018-01-03T06:07:00,2018-01-03T06:07:00,5,5
http://irail.be/vehicle/IC2004,http://irail.be/stations/NMBS/008811189,IC,2018-01-03T06:08:00,2018-01-03T06:08:00,5,5
http://irail.be/vehicle/IC2004,http://irail.be/stations/NMBS/008822269,IC,2018-01-03T06:11:00,2018-01-03T06:11:00,4,4
http://irail.be/vehicle/IC2004,http://irail.be/stations/NMBS/008822251,IC,2018-01-03T06:12:00,2018-01-03T06:12:00,-61,-61
http://irail.be/vehicle/IC2004,http://irail.be/stations/NMBS/008822004,IC,2018-01-03T06:18:00,2018-01-03T06:16:00,25,-59
http://irail.be/vehicle/IC2004,http://irail.be/stations/NMBS/008822343,IC,2018-01-03T06:20:00,2018-01-03T06:20:00,25,25
http://irail.be/vehicle/IC2004,http://irail.be/stations/NMBS/008822228,IC,2018-01-03T06:23:00,2018-01-03T06:23:00,0,0
http://irail.be/vehicle/IC2004,http://irail.be/stations/NMBS/008822210,IC,2018-01-03T06:24:00,2018-01-03T06:24:00,0,0
http://irail.be/vehicle/IC2004,http://irail.be/stations/NMBS/008821311,IC,2018-01-03T06:26:00,2018-01-03T06:26:00,0,0
http://irail.be/vehicle/IC2004,http://irail.be/stations/NMBS/008821337,IC,2018-01-03T06:27:00,2018-01-03T06:27:00,-5,-5
http://irail.be/vehicle/IC2004,http://irail.be/stations/NMBS/008821238,IC,2018-01-03T06:28:00,2018-01-03T06:28:00,-13,-13
http://irail.be/vehicle/IC2004,http://irail.be/stations/NMBS/008821154,IC,2018-01-03T06:29:00,2018-01-03T06:29:00,-27,-27
http://irail.be/vehicle/IC2004,http://irail.be/stations/NMBS/008821121,IC,2018-01-03T06:31:00,2018-01-03T06:30:00,81,9
http://irail.be/vehicle/IC2004,http://irail.be/stations/NMBS/008821006,IC,2018-01-03T06:39:00,2018-01-03T06:35:00,-13,49
http://irail.be/vehicle/IC2004,http://irail.be/stations/NMBS/008821063,IC,2018-01-03T06:43:00,2018-01-03T06:43:00,-34,-34
http://irail.be/vehicle/IC2004,http://irail.be/stations/NMBS/008821089,IC,2018-01-03T06:46:00,2018-01-03T06:46:00,113,113
http://irail.be/vehicle/IC2004,NO-URI,IC,2018-01-03T06:49:00,2018-01-03T06:49:00,,119
http://irail.be/vehicle/IC2004,http://irail.be/stations/NMBS/008814001,IC,2018-08-03T05:50:00,2018-08-03T05:50:00,-12,
http://irail.be/vehicle/IC2004,http://irail.be/stations/NMBS/008813037,IC,2018-08-03T05:52:00,2018-08-03T05:52:00,29,29
http://irail.be/vehicle/IC2004,http://irail.be/stations/NMBS/008813003,IC,2018-08-03T05:54:00,2018-08-03T05:53:00,55,33
http://irail.be/vehicle/IC2004,http://irail.be/stations/NMBS/008813045,IC,2018-08-03T05:55:00,2018-08-03T05:55:00,63,63
http://irail.be/vehicle/IC2004,http://irail.be/stations/NMBS/008812005,IC,2018-08-03T06:01:00,2018-08-03T05:58:00,42,52
http://irail.be/vehicle/IC2004,http://irail.be/stations/NMBS/008811007,IC,2018-08-03T06:04:00,2018-08-03T06:04:00,63,63
http://irail.be/vehicle/IC2004,http://irail.be/stations/NMBS/008811148,IC,2018-08-03T06:07:00,2018-08-03T06:07:00,75,75
http://irail.be/vehicle/IC2004,http://irail.be/stations/NMBS/008811189,IC,2018-08-03T06:08:00,2018-08-03T06:08:00,75,75
http://irail.be/vehicle/IC2004,http://irail.be/stations/NMBS/008822269,IC,2018-08-03T06:11:00,2018-08-03T06:11:00,76,76
http://irail.be/vehicle/IC2004,http://irail.be/stations/NMBS/008822251,IC,2018-08-03T06:12:00,2018-08-03T06:12:00,24,24
http://irail.be/vehicle/IC2004,http://irail.be/stations/NMBS/008822004,IC,2018-08-03T06:18:00,2018-08-03T06:16:00,6,0
http://irail.be/vehicle/IC2004,http://irail.be/stations/NMBS/008822343,IC,2018-08-03T06:21:00,2018-08-03T06:21:00,6,6
http://irail.be/vehicle/IC2004,http://irail.be/stations/NMBS/008822228,IC,2018-08-03T06:23:00,2018-08-03T06:23:00,-47,-47
http://irail.be/vehicle/IC2004,http://irail.be/stations/NMBS/008822210,IC,2018-08-03T06:24:00,2018-08-03T06:24:00,-47,-47
http://irail.be/vehicle/IC2004,http://irail.be/stations/NMBS/008821311,IC,2018-08-03T06:26:00,2018-08-03T06:26:00,-38,-38
http://irail.be/vehicle/IC2004,http://irail.be/stations/NMBS/008821337,IC,2018-08-03T06:27:00,2018-08-03T06:27:00,-26,-26
http://irail.be/vehicle/IC2004,http://irail.be/stations/NMBS/008821238,IC,2018-08-03T06:28:00,2018-08-03T06:28:00,-20,-20
http://irail.be/vehicle/IC2004,http://irail.be/stations/NMBS/008821154,IC,2018-08-03T06:28:00,2018-08-03T06:28:00,23,23
http://irail.be/vehicle/IC2004,http://irail.be/stations/NMBS/008821121,IC,2018-08-03T06:31:00,2018-08-03T06:30:00,37,16
http://irail.be/vehicle/IC2004,http://irail.be/stations/NMBS/008821006,IC,2018-08-03T06:39:00,2018-08-03T06:35:00,11,-19
http://irail.be/vehicle/IC2004,http://irail.be/stations/NMBS/008821063,IC,2018-08-03T06:44:00,2018-08-03T06:43:00,-99,-99
http://irail.be/vehicle/IC2004,http://irail.be/stations/NMBS/008821089,IC,2018-08-03T06:51:00,2018-08-03T06:47:00,-192,46
http://irail.be/vehicle/IC2004,NO-URI,IC,2018-08-03T06:54:00,2018-08-03T06:54:00,,-192
http://irail.be/vehicle/IC2004,http://irail.be/stations/NMBS/008814001,IC,2018-08-20T05:50:00,2018-08-20T05:50:00,-21,
http://irail.be/vehicle/IC2004,http://irail.be/stations/NMBS/008813037,IC,2018-08-20T05:52:00,2018-08-20T05:52:00,27,27
http://irail.be/vehicle/IC2004,http://irail.be/stations/NMBS/008813003,IC,2018-08-20T05:54:00,2018-08-20T05:53:00,45,32
http://irail.be/vehicle/IC2004,http://irail.be/stations/NMBS/008813045,IC,2018-08-20T05:55:00,2018-08-20T05:55:00,54,54
http://irail.be/vehicle/IC2004,http://irail.be/stations/NMBS/008812005,IC,2018-08-20T06:01:00,2018-08-20T05:58:00,36,41
http://irail.be/vehicle/IC2004,http://irail.be/stations/NMBS/008811007,IC,2018-08-20T06:04:00,2018-08-20T06:04:00,4,4
http://irail.be/vehicle/IC2004,http://irail.be/stations/NMBS/008811148,IC,2018-08-20T06:07:00,2018-08-20T06:07:00,24,24
http://irail.be/vehicle/IC2004,http://irail.be/stations/NMBS/008811189,IC,2018-08-20T06:08:00,2018-08-20T06:08:00,24,24
http://irail.be/vehicle/IC2004,http://irail.be/stations/NMBS/008822269,IC,2018-08-20T06:11:00,2018-08-20T06:11:00,26,26
http://irail.be/vehicle/IC2004,http://irail.be/stations/NMBS/008822251,IC,2018-08-20T06:12:00,2018-08-20T06:12:00,-16,-16
http://irail.be/vehicle/IC2004,http://irail.be/stations/NMBS/008822004,IC,2018-08-20T06:18:00,2018-08-20T06:16:00,-32,-28
http://irail.be/vehicle/IC2004,http://irail.be/stations/NMBS/008822343,IC,2018-08-20T06:21:00,2018-08-20T06:21:00,-32,-32
http://irail.be/vehicle/IC2004,http://irail.be/stations/NMBS/008822228,IC,2018-08-20T06:23:00,2018-08-20T06:23:00,-5,-5
http://irail.be/vehicle/IC2004,http://irail.be/stations/NMBS/008822210,IC,2018-08-20T06:24:00,2018-08-20T06:24:00,-5,-5
http://irail.be/vehicle/IC2004,http://irail.be/stations/NMBS/008821311,IC,2018-08-20T06:26:00,2018-08-20T06:26:00,0,0
http://irail.be/vehicle/IC2004,http://irail.be/stations/NMBS/008821337,IC,2018-08-20T06:27:00,2018-08-20T06:27:00,-2,-2
http://irail.be/vehicle/IC2004,http://irail.be/stations/NMBS/008821238,IC,2018-08-20T06:28:00,2018-08-20T06:28:00,-4,-4
http://irail.be/vehicle/IC2004,http://irail.be/stations/NMBS/008821154,IC,2018-08-20T06:28:00,2018-08-20T06:28:00,33,33
http://irail.be/vehicle/IC2004,http://irail.be/stations/NMBS/008821121,IC,2018-08-20T06:31:00,2018-08-20T06:30:00,79,38
http://irail.be/vehicle/IC2004,http://irail.be/stations/NMBS/008821006,IC,2018-08-20T06:39:00,2018-08-20T06:35:00,46,73
http://irail.be/vehicle/IC2004,http://irail.be/stations/NMBS/008821063,IC,2018-08-20T06:44:00,2018-08-20T06:43:00,-61,-61
http://irail.be/vehicle/IC2004,http://irail.be/stations/NMBS/008821089,IC,2018-08-20T06:51:00,2018-08-20T06:47:00,-2,58
http://irail.be/vehicle/IC2004,NO-URI,IC,2018-08-20T06:54:00,2018-08-20T06:54:00,,-190
http://irail.be/vehicle/IC2004,http://irail.be/stations/NMBS/008814001,IC,2018-10-24T05:50:00,2018-10-24T05:50:00,-7,
http://irail.be/vehicle/IC2004,http://irail.be/stations/NMBS/008813037,IC,2018-10-24T05:52:00,2018-10-24T05:52:00,34,34
http://irail.be/vehicle/IC2004,http://irail.be/stations/NMBS/008813003,IC,2018-10-24T05:54:00,2018-10-24T05:53:00,28,42
http://irail.be/vehicle/IC2004,http://irail.be/stations/NMBS/008813045,IC,2018-10-24T05:56:00,2018-10-24T05:56:00,10,10
http://irail.be/vehicle/IC2004,http://irail.be/stations/NMBS/008812005,IC,2018-10-24T06:02:00,2018-10-24T05:58:00,34,8
http://irail.be/vehicle/IC2004,http://irail.be/stations/NMBS/008811007,IC,2018-10-24T06:05:00,2018-10-24T06:05:00,-9,-9
http://irail.be/vehicle/IC2004,http://irail.be/stations/NMBS/008811148,IC,2018-10-24T06:08:00,2018-10-24T06:08:00,-19,-19
http://irail.be/vehicle/IC2004,http://irail.be/stations/NMBS/008811189,IC,2018-10-24T06:09:00,2018-10-24T06:09:00,-19,-19
http://irail.be/vehicle/IC2004,http://irail.be/stations/NMBS/008822269,IC,2018-10-24T06:11:00,2018-10-24T06:11:00,-13,-13
http://irail.be/vehicle/IC2004,http://irail.be/stations/NMBS/008822251,IC,2018-10-24T06:12:00,2018-10-24T06:12:00,41,41
http://irail.be/vehicle/IC2004,http://irail.be/stations/NMBS/008822004,IC,2018-10-24T06:18:00,2018-10-24T06:16:00,-16,31
http://irail.be/vehicle/IC2004,http://irail.be/stations/NMBS/008822343,IC,2018-10-24T06:21:00,2018-10-24T06:21:00,-16,-16
http://irail.be/vehicle/IC2004,http://irail.be/stations/NMBS/008822228,IC,2018-10-24T06:23:00,2018-10-24T06:23:00,-34,-34
http://irail.be/vehicle/IC2004,http://irail.be/stations/NMBS/008822210,IC,2018-10-24T06:24:00,2018-10-24T06:24:00,-34,-34
http://irail.be/vehicle/IC2004,http://irail.be/stations/NMBS/008821311,IC,2018-10-24T06:26:00,2018-10-24T06:26:00,-36,-36
http://irail.be/vehicle/IC2004,http://irail.be/stations/NMBS/008821337,IC,2018-10-24T06:27:00,2018-10-24T06:27:00,-38,-38
http://irail.be/vehicle/IC2004,http://irail.be/stations/NMBS/008821238,IC,2018-10-24T06:28:00,2018-10-24T06:28:00,-41,-41
http://irail.be/vehicle/IC2004,http://irail.be/stations/NMBS/008821154,IC,2018-10-24T06:28:00,2018-10-24T06:28:00,-4,-4
http://irail.be/vehicle/IC2004,http://irail.be/stations/NMBS/008821121,IC,2018-10-24T06:32:00,2018-10-24T06:30:00,25,15
http://irail.be/vehicle/IC2004,http://irail.be/stations/NMBS/008821006,IC,2018-10-24T06:39:00,2018-10-24T06:36:00,21,-20
http://irail.be/vehicle/IC2004,http://irail.be/stations/NMBS/008821063,IC,2018-10-24T06:44:00,2018-10-24T06:43:00,-57,-57
http://irail.be/vehicle/IC2004,http://irail.be/stations/NMBS/008821089,IC,2018-10-24T06:51:00,2018-10-24T06:47:00,38,98
http://irail.be/vehicle/IC2004,NO-URI,IC,2018-10-24T06:54:00,2018-10-24T06:54:00,,-151
http://irail.be/vehicle/IC2004,http://irail.be/stations/NMBS/008814001,IC,2018-11-28T05:50:00,2018-11-28T05:50:00,15,
http://irail.be/vehicle/IC2004,http://irail.be/stations/NMBS/008813037,IC,2018-11-28T05:52:00,2018-11-28T05:52:00,67,67
http://irail.be/vehicle/IC2004,http://irail.be/stations/NMBS/008813003,IC,2018-11-28T05:54:00,2018-11-28T05:53:00,66,74
http://irail.be/vehicle/IC2004,http://irail.be/stations/NMBS/008813045,IC,2018-11-28T05:56:00,2018-11-28T05:56:00,57,57
http://irail.be/vehicle/IC2004,http://irail.be/stations/NMBS/008812005,IC,2018-11-28T06:02:00,2018-11-28T05:58:00,31,60
http://irail.be/vehicle/IC2004,http://irail.be/stations/NMBS/008811007,IC,2018-11-28T06:05:00,2018-11-28T06:05:00,18,18
http://irail.be/vehicle/IC2004,http://irail.be/stations/NMBS/008811148,IC,2018-11-28T06:08:00,2018-11-28T06:08:00,108,108
http://irail.be/vehicle/IC2004,http://irail.be/stations/NMBS/008811189,IC,2018-11-28T06:09:00,2018-11-28T06:09:00,108,108
http://irail.be/vehicle/IC2004,http://irail.be/stations/NMBS/008822269,IC,2018-11-28T06:11:00,2018-11-28T06:11:00,109,109
http://irail.be/vehicle/IC2004,http://irail.be/stations/NMBS/008822251,IC,2018-11-28T06:12:00,2018-11-28T06:12:00,109,109
http://irail.be/vehicle/IC2004,http://irail.be/stations/NMBS/008822004,IC,2018-11-28T06:18:00,2018-11-28T06:16:00,39,73
http://irail.be/vehicle/IC2004,http://irail.be/stations/NMBS/008822343,IC,2018-11-28T06:21:00,2018-11-28T06:21:00,39,39
http://irail.be/vehicle/IC2004,http://irail.be/stations/NMBS/008822228,IC,2018-11-28T06:23:00,2018-11-28T06:23:00,34,34
http://irail.be/vehicle/IC2004,http://irail.be/stations/NMBS/008822210,IC,2018-11-28T06:24:00,2018-11-28T06:24:00,34,34
http://irail.be/vehicle/IC2004,http://irail.be/stations/NMBS/008821311,IC,2018-11-28T06:26:00,2018-11-28T06:26:00,31,31
http://irail.be/vehicle/IC2004,http://irail.be/stations/NMBS/008821337,IC,2018-11-28T06:27:00,2018-11-28T06:27:00,25,25
http://irail.be/vehicle/IC2004,http://irail.be/stations/NMBS/008821238,IC,2018-11-28T06:28:00,2018-11-28T06:28:00,18,18
http://irail.be/vehicle/IC2004,http://irail.be/stations/NMBS/008821154,IC,2018-11-28T06:28:00,2018-11-28T06:28:00,52,52
http://irail.be/vehicle/IC2004,http://irail.be/stations/NMBS/008821121,IC,2018-11-28T06:32:00,2018-11-28T06:30:00,48,51
http://irail.be/vehicle/IC2004,http://irail.be/stations/NMBS/008821006,IC,2018-11-28T06:39:00,2018-11-28T06:36:00,21,17
http://irail.be/vehicle/IC2004,http://irail.be/stations/NMBS/008821063,IC,2018-11-28T06:44:00,2018-11-28T06:43:00,-75,-75
http://irail.be/vehicle/IC2004,http://irail.be/stations/NMBS/008821089,IC,2018-11-28T06:51:00,2018-11-28T06:47:00,35,95
http://irail.be/vehicle/IC2004,NO-URI,IC,2018-11-28T06:54:00,2018-11-28T06:54:00,,-150
http://irail.be/vehicle/IC2004,http://irail.be/stations/NMBS/008814001,IC,2018-09-07T05:50:00,2018-09-07T05:50:00,-19,
http://irail.be/vehicle/IC2004,http://irail.be/stations/NMBS/008813037,IC,2018-09-07T05:52:00,2018-09-07T05:52:00,29,29
http://irail.be/vehicle/IC2004,http://irail.be/stations/NMBS/008813003,IC,2018-09-07T05:54:00,2018-09-07T05:53:00,39,34
http://irail.be/vehicle/IC2004,http://irail.be/stations/NMBS/008813045,IC,2018-09-07T05:56:00,2018-09-07T05:56:00,21,21
http://irail.be/vehicle/IC2004,http://irail.be/stations/NMBS/008812005,IC,2018-09-07T06:02:00,2018-09-07T05:58:00,46,22
http://irail.be/vehicle/IC2004,http://irail.be/stations/NMBS/008811007,IC,2018-09-07T06:05:00,2018-09-07T06:05:00,16,16
http://irail.be/vehicle/IC2004,http://irail.be/stations/NMBS/008811148,IC,2018-09-07T06:08:00,2018-09-07T06:08:00,3,3
http://irail.be/vehicle/IC2004,http://irail.be/stations/NMBS/008811189,IC,2018-09-07T06:09:00,2018-09-07T06:09:00,3,3
http://irail.be/vehicle/IC2004,http://irail.be/stations/NMBS/008822269,IC,2018-09-07T06:11:00,2018-09-07T06:11:00,4,4
http://irail.be/vehicle/IC2004,http://irail.be/stations/NMBS/008822251,IC,2018-09-07T06:12:00,2018-09-07T06:12:00,5,5
http://irail.be/vehicle/IC2004,http://irail.be/stations/NMBS/008822004,IC,2018-09-07T06:18:00,2018-09-07T06:16:00,-19,-40
http://irail.be/vehicle/IC2004,http://irail.be/stations/NMBS/008822343,IC,2018-09-07T06:21:00,2018-09-07T06:21:00,-19,-19
http://irail.be/vehicle/IC2004,http://irail.be/stations/NMBS/008822228,IC,2018-09-07T06:23:00,2018-09-07T06:23:00,-53,-53
http://irail.be/vehicle/IC2004,http://irail.be/stations/NMBS/008822210,IC,2018-09-07T06:24:00,2018-09-07T06:24:00,-53,-53
http://irail.be/vehicle/IC2004,http://irail.be/stations/NMBS/008821311,IC,2018-09-07T06:26:00,2018-09-07T06:26:00,-57,-57
http://irail.be/vehicle/IC2004,http://irail.be/stations/NMBS/008821337,IC,2018-09-07T06:27:00,2018-09-07T06:27:00,-59,-59
http://irail.be/vehicle/IC2004,http://irail.be/stations/NMBS/008821238,IC,2018-09-07T06:28:00,2018-09-07T06:28:00,-66,-66
http://irail.be/vehicle/IC2004,http://irail.be/stations/NMBS/008821154,IC,2018-09-07T06:28:00,2018-09-07T06:28:00,-33,-33
http://irail.be/vehicle/IC2004,http://irail.be/stations/NMBS/008821121,IC,2018-09-07T06:32:00,2018-09-07T06:30:00,30,-25
http://irail.be/vehicle/IC2004,http://irail.be/stations/NMBS/008821006,IC,2018-09-07T06:39:00,2018-09-07T06:36:00,20,-4
http://irail.be/vehicle/IC2004,http://irail.be/stations/NMBS/008821063,IC,2018-09-07T06:44:00,2018-09-07T06:43:00,-66,-66
http://irail.be/vehicle/IC2004,http://irail.be/stations/NMBS/008821089,IC,2018-09-07T06:51:00,2018-09-07T06:47:00,160,220
http://irail.be/vehicle/IC2004,NO-URI,IC,2018-09-07T06:54:00,2018-09-07T06:54:00,,-35
http://irail.be/vehicle/IC2004,http://irail.be/stations/NMBS/008814001,IC,2018-05-28T05:50:00,2018-05-28T05:50:00,-14,
http://irail.be/vehicle/IC2004,http://irail.be/stations/NMBS/008813037,IC,2018-05-28T05:52:00,2018-05-28T05:52:00,41,41
http://irail.be/vehicle/IC2004,http://irail.be/stations/NMBS/008813003,IC,2018-05-28T05:54:00,2018-05-28T05:53:00,76,47
http://irail.be/vehicle/IC2004,http://irail.be/stations/NMBS/008813045,IC,2018-05-28T05:55:00,2018-05-28T05:55:00,89,89
http://irail.be/vehicle/IC2004,http://irail.be/stations/NMBS/008812005,IC,2018-05-28T06:01:00,2018-05-28T05:58:00,31,86
http://irail.be/vehicle/IC2004,http://irail.be/stations/NMBS/008811007,IC,2018-05-28T06:04:00,2018-05-28T06:04:00,-8,-8
http://irail.be/vehicle/IC2004,http://irail.be/stations/NMBS/008811148,IC,2018-05-28T06:07:00,2018-05-28T06:07:00,50,50
http://irail.be/vehicle/IC2004,http://irail.be/stations/NMBS/008811189,IC,2018-05-28T06:08:00,2018-05-28T06:08:00,50,50
http://irail.be/vehicle/IC2004,http://irail.be/stations/NMBS/008822269,IC,2018-05-28T06:11:00,2018-05-28T06:11:00,92,92
http://irail.be/vehicle/IC2004,http://irail.be/stations/NMBS/008822251,IC,2018-05-28T06:12:00,2018-05-28T06:12:00,57,57
http://irail.be/vehicle/IC2004,http://irail.be/stations/NMBS/008822004,IC,2018-05-28T06:18:00,2018-05-28T06:16:00,-20,23
http://irail.be/vehicle/IC2004,http://irail.be/stations/NMBS/008822343,IC,2018-05-28T06:21:00,2018-05-28T06:21:00,-20,-20
http://irail.be/vehicle/IC2004,http://irail.be/stations/NMBS/008822228,IC,2018-05-28T06:23:00,2018-05-28T06:23:00,-70,-70
http://irail.be/vehicle/IC2004,http://irail.be/stations/NMBS/008822210,IC,2018-05-28T06:24:00,2018-05-28T06:24:00,-63,-63
http://irail.be/vehicle/IC2004,http://irail.be/stations/NMBS/008821311,IC,2018-05-28T06:26:00,2018-05-28T06:26:00,-63,-63
http://irail.be/vehicle/IC2004,http://irail.be/stations/NMBS/008821337,IC,2018-05-28T06:27:00,2018-05-28T06:27:00,-63,-63
http://irail.be/vehicle/IC2004,http://irail.be/stations/NMBS/008821238,IC,2018-05-28T06:28:00,2018-05-28T06:28:00,-67,-67
http://irail.be/vehicle/IC2004,http://irail.be/stations/NMBS/008821154,IC,2018-05-28T06:28:00,2018-05-28T06:28:00,-31,-31
http://irail.be/vehicle/IC2004,http://irail.be/stations/NMBS/008821121,IC,2018-05-28T06:31:00,2018-05-28T06:30:00,60,-14
http://irail.be/vehicle/IC2004,http://irail.be/stations/NMBS/008821006,IC,2018-05-28T06:40:00,2018-05-28T06:35:00,-32,9
http://irail.be/vehicle/IC2004,http://irail.be/stations/NMBS/008821063,IC,2018-05-28T06:45:00,2018-05-28T06:45:00,-102,-102
http://irail.be/vehicle/IC2004,http://irail.be/stations/NMBS/008821089,IC,2018-05-28T06:47:00,2018-05-28T06:47:00,22,22
http://irail.be/vehicle/IC2004,NO-URI,IC,2018-05-28T06:49:00,2018-05-28T06:49:00,,104
http://irail.be/vehicle/IC2004,http://irail.be/stations/NMBS/008814001,IC,2018-02-14T05:50:00,2018-02-14T05:50:00,19,
http://irail.be/vehicle/IC2004,http://irail.be/stations/NMBS/008813037,IC,2018-02-14T05:52:00,2018-02-14T05:52:00,69,69
http://irail.be/vehicle/IC2004,http://irail.be/stations/NMBS/008813003,IC,2018-02-14T05:54:00,2018-02-14T05:53:00,81,73
http://irail.be/vehicle/IC2004,http://irail.be/stations/NMBS/008813045,IC,2018-02-14T05:56:00,2018-02-14T05:56:00,68,68
http://irail.be/vehicle/IC2004,http://irail.be/stations/NMBS/008812005,IC,2018-02-14T06:01:00,2018-02-14T05:58:00,22,63
http://irail.be/vehicle/IC2004,http://irail.be/stations/NMBS/008811007,IC,2018-02-14T06:04:00,2018-02-14T06:04:00,-11,-11
http://irail.be/vehicle/IC2004,http://irail.be/stations/NMBS/008811148,IC,2018-02-14T06:07:00,2018-02-14T06:07:00,-29,-29
http://irail.be/vehicle/IC2004,http://irail.be/stations/NMBS/008811189,IC,2018-02-14T06:08:00,2018-02-14T06:08:00,-29,-29
http://irail.be/vehicle/IC2004,http://irail.be/stations/NMBS/008822269,IC,2018-02-14T06:11:00,2018-02-14T06:11:00,-30,-30
http://irail.be/vehicle/IC2004,http://irail.be/stations/NMBS/008822251,IC,2018-02-14T06:12:00,2018-02-14T06:12:00,-83,-83
http://irail.be/vehicle/IC2004,http://irail.be/stations/NMBS/008822004,IC,2018-02-14T06:18:00,2018-02-14T06:16:00,13,-115
http://irail.be/vehicle/IC2004,http://irail.be/stations/NMBS/008822343,IC,2018-02-14T06:21:00,2018-02-14T06:21:00,13,13
http://irail.be/vehicle/IC2004,http://irail.be/stations/NMBS/008822228,IC,2018-02-14T06:23:00,2018-02-14T06:23:00,-15,-15
http://irail.be/vehicle/IC2004,http://irail.be/stations/NMBS/008822210,IC,2018-02-14T06:24:00,2018-02-14T06:24:00,-15,-15
http://irail.be/vehicle/IC2004,http://irail.be/stations/NMBS/008821311,IC,2018-02-14T06:26:00,2018-02-14T06:26:00,-15,-15
http://irail.be/vehicle/IC2004,http://irail.be/stations/NMBS/008821337,IC,2018-02-14T06:27:00,2018-02-14T06:27:00,-16,-16
http://irail.be/vehicle/IC2004,http://irail.be/stations/NMBS/008821238,IC,2018-02-14T06:28:00,2018-02-14T06:28:00,-20,-20
http://irail.be/vehicle/IC2004,http://irail.be/stations/NMBS/008821154,IC,2018-02-14T06:28:00,2018-02-14T06:28:00,18,18
http://irail.be/vehicle/IC2004,http://irail.be/stations/NMBS/008821121,IC,2018-02-14T06:31:00,2018-02-14T06:30:00,85,14
http://irail.be/vehicle/IC2004,http://irail.be/stations/NMBS/008821006,IC,2018-02-14T06:39:00,2018-02-14T06:35:00,150,54
http://irail.be/vehicle/IC2004,http://irail.be/stations/NMBS/008821063,IC,2018-02-14T06:43:00,2018-02-14T06:43:00,120,120
http://irail.be/vehicle/IC2004,http://irail.be/stations/NMBS/008821089,IC,2018-02-14T06:46:00,2018-02-14T06:46:00,109,109
http://irail.be/vehicle/IC2004,NO-URI,IC,2018-02-14T06:49:00,2018-02-14T06:49:00,,161
http://irail.be/vehicle/IC2004,http://irail.be/stations/NMBS/008814001,IC,2018-12-20T05:49:00,2018-12-20T05:49:00,18,
http://irail.be/vehicle/IC2004,http://irail.be/stations/NMBS/008813037,IC,2018-12-20T05:51:00,2018-12-20T05:51:00,44,44
http://irail.be/vehicle/IC2004,http://irail.be/stations/NMBS/008813003,IC,2018-12-20T05:54:00,2018-12-20T05:53:00,23,22
http://irail.be/vehicle/IC2004,http://irail.be/stations/NMBS/008813045,IC,2018-12-20T05:55:00,2018-12-20T05:55:00,32,32
http://irail.be/vehicle/IC2004,http://irail.be/stations/NMBS/008812005,IC,2018-12-20T06:02:00,2018-12-20T05:58:00,43,23
http://irail.be/vehicle/IC2004,http://irail.be/stations/NMBS/008811007,IC,2018-12-20T06:05:00,2018-12-20T06:05:00,-17,-17
http://irail.be/vehicle/IC2004,http://irail.be/stations/NMBS/008811148,IC,2018-12-20T06:08:00,2018-12-20T06:08:00,-30,-30
http://irail.be/vehicle/IC2004,http://irail.be/stations/NMBS/008811189,IC,2018-12-20T06:09:00,2018-12-20T06:09:00,-30,-30
http://irail.be/vehicle/IC2004,http://irail.be/stations/NMBS/008822269,IC,2018-12-20T06:11:00,2018-12-20T06:11:00,-26,-26
http://irail.be/vehicle/IC2004,http://irail.be/stations/NMBS/008822251,IC,2018-12-20T06:12:00,2018-12-20T06:12:00,-25,-25
http://irail.be/vehicle/IC2004,http://irail.be/stations/NMBS/008822004,IC,2018-12-20T06:18:00,2018-12-20T06:16:00,-35,-36
http://irail.be/vehicle/IC2004,http://irail.be/stations/NMBS/008822343,IC,2018-12-20T06:21:00,2018-12-20T06:21:00,-35,-35
http://irail.be/vehicle/IC2004,http://irail.be/stations/NMBS/008822228,IC,2018-12-20T06:23:00,2018-12-20T06:23:00,-100,-100
http://irail.be/vehicle/IC2004,http://irail.be/stations/NMBS/008822210,IC,2018-12-20T06:24:00,2018-12-20T06:24:00,-100,-100
http://irail.be/vehicle/IC2004,http://irail.be/stations/NMBS/008821311,IC,2018-12-20T06:26:00,2018-12-20T06:26:00,-95,-95
http://irail.be/vehicle/IC2004,http://irail.be/stations/NMBS/008821337,IC,2018-12-20T06:27:00,2018-12-20T06:27:00,-94,-94
http://irail.be/vehicle/IC2004,http://irail.be/stations/NMBS/008821238,IC,2018-12-20T06:28:00,2018-12-20T06:28:00,-98,-98
http://irail.be/vehicle/IC2004,http://irail.be/stations/NMBS/008821154,IC,2018-12-20T06:28:00,2018-12-20T06:28:00,-62,-62
http://irail.be/vehicle/IC2004,http://irail.be/stations/NMBS/008821121,IC,2018-12-20T06:32:00,2018-12-20T06:30:00,7,-64
http://irail.be/vehicle/IC2004,http://irail.be/stations/NMBS/008821006,IC,2018-12-20T06:39:00,2018-12-20T06:36:00,4,-19
http://irail.be/vehicle/IC2004,http://irail.be/stations/NMBS/008821063,IC,2018-12-20T06:44:00,2018-12-20T06:43:00,-135,-135
http://irail.be/vehicle/IC2004,http://irail.be/stations/NMBS/008821089,IC,2018-12-20T06:51:00,2018-12-20T06:47:00,-115,42
http://irail.be/vehicle/IC2004,NO-URI,IC,2018-12-20T06:54:00,2018-12-20T06:54:00,,-115
http://irail.be/vehicle/IC2004,http://irail.be/stations/NMBS/008814001,IC,2018-01-31T05:50:00,2018-01-31T05:50:00,109,
http://irail.be/vehicle/IC2004,http://irail.be/stations/NMBS/008813037,IC,2018-01-31T05:52:00,2018-01-31T05:52:00,162,162
http://irail.be/vehicle/IC2004,http://irail.be/stations/NMBS/008813003,IC,2018-01-31T05:54:00,2018-01-31T05:53:00,257,224
http://irail.be/vehicle/IC2004,http://irail.be/stations/NMBS/008813045,IC,2018-01-31T05:55:00,2018-01-31T05:55:00,279,279
http://irail.be/vehicle/IC2004,http://irail.be/stations/NMBS/008812005,IC,2018-01-31T06:01:00,2018-01-31T05:58:00,151,281
http://irail.be/vehicle/IC2004,http://irail.be/stations/NMBS/008811007,IC,2018-01-31T06:04:00,2018-01-31T06:04:00,146,146
http://irail.be/vehicle/IC2004,http://irail.be/stations/NMBS/008811148,IC,2018-01-31T06:07:00,2018-01-31T06:07:00,142,142
http://irail.be/vehicle/IC2004,http://irail.be/stations/NMBS/008811189,IC,2018-01-31T06:08:00,2018-01-31T06:08:00,142,142
http://irail.be/vehicle/IC2004,http://irail.be/stations/NMBS/008822269,IC,2018-01-31T06:11:00,2018-01-31T06:11:00,141,141
http://irail.be/vehicle/IC2004,http://irail.be/stations/NMBS/008822251,IC,2018-01-31T06:12:00,2018-01-31T06:12:00,82,82
http://irail.be/vehicle/IC2004,http://irail.be/stations/NMBS/008822004,IC,2018-01-31T06:18:00,2018-01-31T06:16:00,417,448
http://irail.be/vehicle/IC2004,http://irail.be/stations/NMBS/008822343,IC,2018-01-31T06:20:00,2018-01-31T06:20:00,417,417
http://irail.be/vehicle/IC2004,http://irail.be/stations/NMBS/008822228,IC,2018-01-31T06:23:00,2018-01-31T06:23:00,358,358
http://irail.be/vehicle/IC2004,http://irail.be/stations/NMBS/008822210,IC,2018-01-31T06:24:00,2018-01-31T06:24:00,358,358
http://irail.be/vehicle/IC2004,http://irail.be/stations/NMBS/008821311,IC,2018-01-31T06:26:00,2018-01-31T06:26:00,358,358
http://irail.be/vehicle/IC2004,http://irail.be/stations/NMBS/008821337,IC,2018-01-31T06:27:00,2018-01-31T06:27:00,351,351
http://irail.be/vehicle/IC2004,http://irail.be/stations/NMBS/008821238,IC,2018-01-31T06:28:00,2018-01-31T06:28:00,345,345
http://irail.be/vehicle/IC2004,http://irail.be/stations/NMBS/008821154,IC,2018-01-31T06:29:00,2018-01-31T06:29:00,330,330
http://irail.be/vehicle/IC2004,http://irail.be/stations/NMBS/008821121,IC,2018-01-31T06:31:00,2018-01-31T06:30:00,393,375
http://irail.be/vehicle/IC2004,http://irail.be/stations/NMBS/008821006,IC,2018-01-31T06:39:00,2018-01-31T06:35:00,395,341
http://irail.be/vehicle/IC2004,http://irail.be/stations/NMBS/008821063,IC,2018-01-31T06:43:00,2018-01-31T06:43:00,303,303
http://irail.be/vehicle/IC2004,http://irail.be/stations/NMBS/008821089,IC,2018-01-31T06:46:00,2018-01-31T06:46:00,343,343
http://irail.be/vehicle/IC2004,NO-URI,IC,2018-01-31T06:49:00,2018-01-31T06:49:00,,340
http://irail.be/vehicle/IC2004,http://irail.be/stations/NMBS/008814001,IC,2018-10-10T05:50:00,2018-10-10T05:50:00,224,
http://irail.be/vehicle/IC2004,http://irail.be/stations/NMBS/008813037,IC,2018-10-10T05:52:00,2018-10-10T05:52:00,254,254
http://irail.be/vehicle/IC2004,http://irail.be/stations/NMBS/008813003,IC,2018-10-10T05:54:00,2018-10-10T05:53:00,254,256
http://irail.be/vehicle/IC2004,http://irail.be/stations/NMBS/008813045,IC,2018-10-10T05:56:00,2018-10-10T05:56:00,229,229
http://irail.be/vehicle/IC2004,http://irail.be/stations/NMBS/008812005,IC,2018-10-10T06:02:00,2018-10-10T05:58:00,54,221
http://irail.be/vehicle/IC2004,http://irail.be/stations/NMBS/008811007,IC,2018-10-10T06:05:00,2018-10-10T06:05:00,2,2
http://irail.be/vehicle/IC2004,http://irail.be/stations/NMBS/008811148,IC,2018-10-10T06:08:00,2018-10-10T06:08:00,-24,-24
http://irail.be/vehicle/IC2004,http://irail.be/stations/NMBS/008811189,IC,2018-10-10T06:09:00,2018-10-10T06:09:00,-24,-24
http://irail.be/vehicle/IC2004,http://irail.be/stations/NMBS/008822269,IC,2018-10-10T06:11:00,2018-10-10T06:11:00,-24,-24
http://irail.be/vehicle/IC2004,http://irail.be/stations/NMBS/008822251,IC,2018-10-10T06:12:00,2018-10-10T06:12:00,-27,-27
http://irail.be/vehicle/IC2004,http://irail.be/stations/NMBS/008822004,IC,2018-10-10T06:18:00,2018-10-10T06:16:00,-40,4
http://irail.be/vehicle/IC2004,http://irail.be/stations/NMBS/008822343,IC,2018-10-10T06:21:00,2018-10-10T06:21:00,-40,-40
http://irail.be/vehicle/IC2004,http://irail.be/stations/NMBS/008822228,IC,2018-10-10T06:23:00,2018-10-10T06:23:00,-109,-109
http://irail.be/vehicle/IC2004,http://irail.be/stations/NMBS/008822210,IC,2018-10-10T06:24:00,2018-10-10T06:24:00,-109,-109
http://irail.be/vehicle/IC2004,http://irail.be/stations/NMBS/008821311,IC,2018-10-10T06:26:00,2018-10-10T06:26:00,-116,-116
http://irail.be/vehicle/IC2004,http://irail.be/stations/NMBS/008821337,IC,2018-10-10T06:27:00,2018-10-10T06:27:00,-123,-123
http://irail.be/vehicle/IC2004,http://irail.be/stations/NMBS/008821238,IC,2018-10-10T06:28:00,2018-10-10T06:28:00,-132,-132
http://irail.be/vehicle/IC2004,http://irail.be/stations/NMBS/008821154,IC,2018-10-10T06:28:00,2018-10-10T06:28:00,-96,-96
http://irail.be/vehicle/IC2004,http://irail.be/stations/NMBS/008821121,IC,2018-10-10T06:32:00,2018-10-10T06:30:00,-3,-101
http://irail.be/vehicle/IC2004,http://irail.be/stations/NMBS/008821006,IC,2018-10-10T06:39:00,2018-10-10T06:36:00,9,-62
http://irail.be/vehicle/IC2004,http://irail.be/stations/NMBS/008821063,IC,2018-10-10T06:44:00,2018-10-10T06:43:00,-108,-108
http://irail.be/vehicle/IC2004,http://irail.be/stations/NMBS/008821089,IC,2018-10-10T06:51:00,2018-10-10T06:47:00,-5,63
http://irail.be/vehicle/IC2004,NO-URI,IC,2018-10-10T06:54:00,2018-10-10T06:54:00,,-5
http://irail.be/vehicle/IC2004,http://irail.be/stations/NMBS/008814001,IC,2018-06-06T05:50:00,2018-06-06T05:50:00,2,
http://irail.be/vehicle/IC2004,http://irail.be/stations/NMBS/008813037,IC,2018-06-06T05:52:00,2018-06-06T05:52:00,44,44
http://irail.be/vehicle/IC2004,http://irail.be/stations/NMBS/008813003,IC,2018-06-06T05:54:00,2018-06-06T05:53:00,55,49
http://irail.be/vehicle/IC2004,http://irail.be/stations/NMBS/008813045,IC,2018-06-06T05:55:00,2018-06-06T05:55:00,63,63
http://irail.be/vehicle/IC2004,http://irail.be/stations/NMBS/008812005,IC,2018-06-06T06:01:00,2018-06-06T05:58:00,83,51
http://irail.be/vehicle/IC2004,http://irail.be/stations/NMBS/008811007,IC,2018-06-06T06:04:00,2018-06-06T06:04:00,28,28
http://irail.be/vehicle/IC2004,http://irail.be/stations/NMBS/008811148,IC,2018-06-06T06:07:00,2018-06-06T06:07:00,22,22
http://irail.be/vehicle/IC2004,http://irail.be/stations/NMBS/008811189,IC,2018-06-06T06:08:00,2018-06-06T06:08:00,22,22
http://irail.be/vehicle/IC2004,http://irail.be/stations/NMBS/008822269,IC,2018-06-06T06:11:00,2018-06-06T06:11:00,43,43
http://irail.be/vehicle/IC2004,http://irail.be/stations/NMBS/008822251,IC,2018-06-06T06:12:00,2018-06-06T06:12:00,18,18
http://irail.be/vehicle/IC2004,http://irail.be/stations/NMBS/008822004,IC,2018-06-06T06:18:00,2018-06-06T06:16:00,-20,-24
http://irail.be/vehicle/IC2004,http://irail.be/stations/NMBS/008822343,IC,2018-06-06T06:21:00,2018-06-06T06:21:00,-20,-20
http://irail.be/vehicle/IC2004,http://irail.be/stations/NMBS/008822228,IC,2018-06-06T06:23:00,2018-06-06T06:23:00,-72,-72
http://irail.be/vehicle/IC2004,http://irail.be/stations/NMBS/008822210,IC,2018-06-06T06:24:00,2018-06-06T06:24:00,-72,-72
http://irail.be/vehicle/IC2004,http://irail.be/stations/NMBS/008821311,IC,2018-06-06T06:26:00,2018-06-06T06:26:00,-74,-74
http://irail.be/vehicle/IC2004,http://irail.be/stations/NMBS/008821337,IC,2018-06-06T06:27:00,2018-06-06T06:27:00,-74,-74
http://irail.be/vehicle/IC2004,http://irail.be/stations/NMBS/008821238,IC,2018-06-06T06:28:00,2018-06-06T06:28:00,-76,-76
http://irail.be/vehicle/IC2004,http://irail.be/stations/NMBS/008821154,IC,2018-06-06T06:28:00,2018-06-06T06:28:00,-37,-37
http://irail.be/vehicle/IC2004,http://irail.be/stations/NMBS/008821121,IC,2018-06-06T06:31:00,2018-06-06T06:30:00,10,-43
http://irail.be/vehicle/IC2004,http://irail.be/stations/NMBS/008821006,IC,2018-06-06T06:40:00,2018-06-06T06:35:00,-72,13
http://irail.be/vehicle/IC2004,http://irail.be/stations/NMBS/008821063,IC,2018-06-06T06:45:00,2018-06-06T06:45:00,-187,-187
http://irail.be/vehicle/IC2004,http://irail.be/stations/NMBS/008821089,IC,2018-06-06T06:47:00,2018-06-06T06:47:00,-38,-38
http://irail.be/vehicle/IC2004,NO-URI,IC,2018-06-06T06:49:00,2018-06-06T06:49:00,,27
http://irail.be/vehicle/IC2004,http://irail.be/stations/NMBS/008814001,IC,2018-04-16T05:50:00,2018-04-16T05:50:00,55,
http://irail.be/vehicle/IC2004,http://irail.be/stations/NMBS/008813037,IC,2018-04-16T05:52:00,2018-04-16T05:52:00,105,105
http://irail.be/vehicle/IC2004,http://irail.be/stations/NMBS/008813003,IC,2018-04-16T05:54:00,2018-04-16T05:53:00,152,114
http://irail.be/vehicle/IC2004,http://irail.be/stations/NMBS/008813045,IC,2018-04-16T05:55:00,2018-04-16T05:55:00,163,163
http://irail.be/vehicle/IC2004,http://irail.be/stations/NMBS/008812005,IC,2018-04-16T06:01:00,2018-04-16T05:58:00,42,163
http://irail.be/vehicle/IC2004,http://irail.be/stations/NMBS/008811007,IC,2018-04-16T06:04:00,2018-04-16T06:04:00,-2,-2
http://irail.be/vehicle/IC2004,http://irail.be/stations/NMBS/008811148,IC,2018-04-16T06:07:00,2018-04-16T06:07:00,-14,-14
http://irail.be/vehicle/IC2004,http://irail.be/stations/NMBS/008811189,IC,2018-04-16T06:08:00,2018-04-16T06:08:00,-14,-14
http://irail.be/vehicle/IC2004,http://irail.be/stations/NMBS/008822269,IC,2018-04-16T06:11:00,2018-04-16T06:11:00,-13,-13
http://irail.be/vehicle/IC2004,http://irail.be/stations/NMBS/008822251,IC,2018-04-16T06:12:00,2018-04-16T06:12:00,-38,-38
http://irail.be/vehicle/IC2004,http://irail.be/stations/NMBS/008822004,IC,2018-04-16T06:18:00,2018-04-16T06:16:00,-17,-33
http://irail.be/vehicle/IC2004,http://irail.be/stations/NMBS/008822343,IC,2018-04-16T06:21:00,2018-04-16T06:21:00,-17,-17
http://irail.be/vehicle/IC2004,http://irail.be/stations/NMBS/008822228,IC,2018-04-16T06:23:00,2018-04-16T06:23:00,-58,-58
http://irail.be/vehicle/IC2004,http://irail.be/stations/NMBS/008822210,IC,2018-04-16T06:24:00,2018-04-16T06:24:00,-58,-58
http://irail.be/vehicle/IC2004,http://irail.be/stations/NMBS/008821311,IC,2018-04-16T06:26:00,2018-04-16T06:26:00,-58,-58
http://irail.be/vehicle/IC2004,http://irail.be/stations/NMBS/008821337,IC,2018-04-16T06:27:00,2018-04-16T06:27:00,-54,-54
http://irail.be/vehicle/IC2004,http://irail.be/stations/NMBS/008821238,IC,2018-04-16T06:28:00,2018-04-16T06:28:00,-50,-50
http://irail.be/vehicle/IC2004,http://irail.be/stations/NMBS/008821154,IC,2018-04-16T06:28:00,2018-04-16T06:28:00,-8,-8
http://irail.be/vehicle/IC2004,http://irail.be/stations/NMBS/008821121,IC,2018-04-16T06:31:00,2018-04-16T06:30:00,58,-4
http://irail.be/vehicle/IC2004,http://irail.be/stations/NMBS/008821006,IC,2018-04-16T06:40:00,2018-04-16T06:35:00,-80,14
http://irail.be/vehicle/IC2004,http://irail.be/stations/NMBS/008821063,IC,2018-04-16T06:45:00,2018-04-16T06:45:00,-159,-159
http://irail.be/vehicle/IC2004,http://irail.be/stations/NMBS/008821089,IC,2018-04-16T06:47:00,2018-04-16T06:47:00,-40,-40
http://irail.be/vehicle/IC2004,NO-URI,IC,2018-04-16T06:49:00,2018-04-16T06:49:00,,37
http://irail.be/vehicle/IC2004,http://irail.be/stations/NMBS/008814001,IC,2018-09-24T05:50:00,2018-09-24T05:50:00,-16,
http://irail.be/vehicle/IC2004,http://irail.be/stations/NMBS/008813037,IC,2018-09-24T05:52:00,2018-09-24T05:52:00,38,38
http://irail.be/vehicle/IC2004,http://irail.be/stations/NMBS/008813003,IC,2018-09-24T05:54:00,2018-09-24T05:53:00,36,49
http://irail.be/vehicle/IC2004,http://irail.be/stations/NMBS/008813045,IC,2018-09-24T05:56:00,2018-09-24T05:56:00,16,16
http://irail.be/vehicle/IC2004,http://irail.be/stations/NMBS/008812005,IC,2018-09-24T06:02:00,2018-09-24T05:58:00,55,30
http://irail.be/vehicle/IC2004,http://irail.be/stations/NMBS/008811007,IC,2018-09-24T06:05:00,2018-09-24T06:05:00,13,13
http://irail.be/vehicle/IC2004,http://irail.be/stations/NMBS/008811148,IC,2018-09-24T06:08:00,2018-09-24T06:08:00,13,13
http://irail.be/vehicle/IC2004,http://irail.be/stations/NMBS/008811189,IC,2018-09-24T06:09:00,2018-09-24T06:09:00,13,13
http://irail.be/vehicle/IC2004,http://irail.be/stations/NMBS/008822269,IC,2018-09-24T06:11:00,2018-09-24T06:11:00,20,20
http://irail.be/vehicle/IC2004,http://irail.be/stations/NMBS/008822251,IC,2018-09-24T06:12:00,2018-09-24T06:12:00,22,22
http://irail.be/vehicle/IC2004,http://irail.be/stations/NMBS/008822004,IC,2018-09-24T06:18:00,2018-09-24T06:16:00,-25,-9
http://irail.be/vehicle/IC2004,http://irail.be/stations/NMBS/008822343,IC,2018-09-24T06:21:00,2018-09-24T06:21:00,-25,-25
http://irail.be/vehicle/IC2004,http://irail.be/stations/NMBS/008822228,IC,2018-09-24T06:23:00,2018-09-24T06:23:00,-61,-61
http://irail.be/vehicle/IC2004,http://irail.be/stations/NMBS/008822210,IC,2018-09-24T06:24:00,2018-09-24T06:24:00,-61,-61
http://irail.be/vehicle/IC2004,http://irail.be/stations/NMBS/008821311,IC,2018-09-24T06:26:00,2018-09-24T06:26:00,-31,-31
http://irail.be/vehicle/IC2004,http://irail.be/stations/NMBS/008821337,IC,2018-09-24T06:27:00,2018-09-24T06:27:00,-2,-2
http://irail.be/vehicle/IC2004,http://irail.be/stations/NMBS/008821238,IC,2018-09-24T06:28:00,2018-09-24T06:28:00,5,5
http://irail.be/vehicle/IC2004,http://irail.be/stations/NMBS/008821154,IC,2018-09-24T06:28:00,2018-09-24T06:28:00,48,48
http://irail.be/vehicle/IC2004,http://irail.be/stations/NMBS/008821121,IC,2018-09-24T06:32:00,2018-09-24T06:30:00,37,59
http://irail.be/vehicle/IC2004,http://irail.be/stations/NMBS/008821006,IC,2018-09-24T06:39:00,2018-09-24T06:36:00,10,-6
http://irail.be/vehicle/IC2004,http://irail.be/stations/NMBS/008821063,IC,2018-09-24T06:44:00,2018-09-24T06:43:00,-97,-97
http://irail.be/vehicle/IC2004,http://irail.be/stations/NMBS/008821089,IC,2018-09-24T06:51:00,2018-09-24T06:47:00,-84,148
http://irail.be/vehicle/IC2004,NO-URI,IC,2018-09-24T06:54:00,2018-09-24T06:54:00,,-84
http://irail.be/vehicle/IC2004,http://irail.be/stations/NMBS/008814001,IC,2018-02-22T05:50:00,2018-02-22T05:50:00,249,
http://irail.be/vehicle/IC2004,http://irail.be/stations/NMBS/008813037,IC,2018-02-22T05:52:00,2018-02-22T05:52:00,306,306
http://irail.be/vehicle/IC2004,http://irail.be/stations/NMBS/008813003,IC,2018-02-22T05:54:00,2018-02-22T05:53:00,357,313
http://irail.be/vehicle/IC2004,http://irail.be/stations/NMBS/008813045,IC,2018-02-22T05:55:00,2018-02-22T05:55:00,375,375
http://irail.be/vehicle/IC2004,http://irail.be/stations/NMBS/008812005,IC,2018-02-22T06:01:00,2018-02-22T05:58:00,240,372
http://irail.be/vehicle/IC2004,http://irail.be/stations/NMBS/008811007,IC,2018-02-22T06:04:00,2018-02-22T06:04:00,220,220
http://irail.be/vehicle/IC2004,http://irail.be/stations/NMBS/008811148,IC,2018-02-22T06:07:00,2018-02-22T06:07:00,213,213
http://irail.be/vehicle/IC2004,http://irail.be/stations/NMBS/008811189,IC,2018-02-22T06:08:00,2018-02-22T06:08:00,213,213
http://irail.be/vehicle/IC2004,http://irail.be/stations/NMBS/008822269,IC,2018-02-22T06:11:00,2018-02-22T06:11:00,212,212
http://irail.be/vehicle/IC2004,http://irail.be/stations/NMBS/008822251,IC,2018-02-22T06:12:00,2018-02-22T06:12:00,152,152
http://irail.be/vehicle/IC2004,http://irail.be/stations/NMBS/008822004,IC,2018-02-22T06:18:00,2018-02-22T06:16:00,55,105
http://irail.be/vehicle/IC2004,http://irail.be/stations/NMBS/008822343,IC,2018-02-22T06:20:00,2018-02-22T06:20:00,55,55
http://irail.be/vehicle/IC2004,http://irail.be/stations/NMBS/008822228,IC,2018-02-22T06:23:00,2018-02-22T06:23:00,-1,-1
http://irail.be/vehicle/IC2004,http://irail.be/stations/NMBS/008822210,IC,2018-02-22T06:24:00,2018-02-22T06:24:00,-1,-1
http://irail.be/vehicle/IC2004,http://irail.be/stations/NMBS/008821311,IC,2018-02-22T06:26:00,2018-02-22T06:26:00,-1,-1
http://irail.be/vehicle/IC2004,http://irail.be/stations/NMBS/008821337,IC,2018-02-22T06:27:00,2018-02-22T06:27:00,-5,-5
http://irail.be/vehicle/IC2004,http://irail.be/stations/NMBS/008821238,IC,2018-02-22T06:28:00,2018-02-22T06:28:00,-14,-14
http://irail.be/vehicle/IC2004,http://irail.be/stations/NMBS/008821154,IC,2018-02-22T06:29:00,2018-02-22T06:29:00,-27,-27
http://irail.be/vehicle/IC2004,http://irail.be/stations/NMBS/008821121,IC,2018-02-22T06:31:00,2018-02-22T06:30:00,86,16
http://irail.be/vehicle/IC2004,http://irail.be/stations/NMBS/008821006,IC,2018-02-22T06:39:00,2018-02-22T06:35:00,194,66
http://irail.be/vehicle/IC2004,http://irail.be/stations/NMBS/008821063,IC,2018-02-22T06:43:00,2018-02-22T06:43:00,162,162
http://irail.be/vehicle/IC2004,http://irail.be/stations/NMBS/008821089,IC,2018-02-22T06:46:00,2018-02-22T06:46:00,123,123
http://irail.be/vehicle/IC2004,NO-URI,IC,2018-02-22T06:49:00,2018-02-22T06:49:00,,118
http://irail.be/vehicle/IC2004,http://irail.be/stations/NMBS/008814001,IC,2018-09-21T05:50:00,2018-09-21T05:50:00,-14,
http://irail.be/vehicle/IC2004,http://irail.be/stations/NMBS/008813037,IC,2018-09-21T05:52:00,2018-09-21T05:52:00,32,32
http://irail.be/vehicle/IC2004,http://irail.be/stations/NMBS/008813003,IC,2018-09-21T05:54:00,2018-09-21T05:53:00,34,40
http://irail.be/vehicle/IC2004,http://irail.be/stations/NMBS/008813045,IC,2018-09-21T05:56:00,2018-09-21T05:56:00,13,13
http://irail.be/vehicle/IC2004,http://irail.be/stations/NMBS/008812005,IC,2018-09-21T06:02:00,2018-09-21T05:58:00,38,8
http://irail.be/vehicle/IC2004,http://irail.be/stations/NMBS/008811007,IC,2018-09-21T06:05:00,2018-09-21T06:05:00,-3,-3
http://irail.be/vehicle/IC2004,http://irail.be/stations/NMBS/008811148,IC,2018-09-21T06:08:00,2018-09-21T06:08:00,-21,-21
http://irail.be/vehicle/IC2004,http://irail.be/stations/NMBS/008811189,IC,2018-09-21T06:09:00,2018-09-21T06:09:00,-21,-21
http://irail.be/vehicle/IC2004,http://irail.be/stations/NMBS/008822269,IC,2018-09-21T06:11:00,2018-09-21T06:11:00,-20,-20
http://irail.be/vehicle/IC2004,http://irail.be/stations/NMBS/008822251,IC,2018-09-21T06:12:00,2018-09-21T06:12:00,-25,-25
http://irail.be/vehicle/IC2004,http://irail.be/stations/NMBS/008822004,IC,2018-09-21T06:18:00,2018-09-21T06:16:00,-21,-78
http://irail.be/vehicle/IC2004,http://irail.be/stations/NMBS/008822343,IC,2018-09-21T06:21:00,2018-09-21T06:21:00,-21,-21
http://irail.be/vehicle/IC2004,http://irail.be/stations/NMBS/008822228,IC,2018-09-21T06:23:00,2018-09-21T06:23:00,-74,-74
http://irail.be/vehicle/IC2004,http://irail.be/stations/NMBS/008822210,IC,2018-09-21T06:24:00,2018-09-21T06:24:00,-74,-74
http://irail.be/vehicle/IC2004,http://irail.be/stations/NMBS/008821311,IC,2018-09-21T06:26:00,2018-09-21T06:26:00,-77,-77
http://irail.be/vehicle/IC2004,http://irail.be/stations/NMBS/008821337,IC,2018-09-21T06:27:00,2018-09-21T06:27:00,-81,-81
http://irail.be/vehicle/IC2004,http://irail.be/stations/NMBS/008821238,IC,2018-09-21T06:28:00,2018-09-21T06:28:00,-89,-89
http://irail.be/vehicle/IC2004,http://irail.be/stations/NMBS/008821154,IC,2018-09-21T06:28:00,2018-09-21T06:28:00,-56,-56
http://irail.be/vehicle/IC2004,http://irail.be/stations/NMBS/008821121,IC,2018-09-21T06:32:00,2018-09-21T06:30:00,20,-49
http://irail.be/vehicle/IC2004,http://irail.be/stations/NMBS/008821006,IC,2018-09-21T06:39:00,2018-09-21T06:36:00,16,-9
http://irail.be/vehicle/IC2004,http://irail.be/stations/NMBS/008821063,IC,2018-09-21T06:44:00,2018-09-21T06:43:00,-86,-86
http://irail.be/vehicle/IC2004,http://irail.be/stations/NMBS/008821089,IC,2018-09-21T06:51:00,2018-09-21T06:47:00,51,111
http://irail.be/vehicle/IC2004,NO-URI,IC,2018-09-21T06:54:00,2018-09-21T06:54:00,,-139
http://irail.be/vehicle/IC2004,http://irail.be/stations/NMBS/008814001,IC,2018-12-10T05:49:00,2018-12-10T05:49:00,-16,
http://irail.be/vehicle/IC2004,http://irail.be/stations/NMBS/008813037,IC,2018-12-10T05:51:00,2018-12-10T05:51:00,1,1
http://irail.be/vehicle/IC2004,http://irail.be/stations/NMBS/008813003,IC,2018-12-10T05:54:00,2018-12-10T05:53:00,24,-20
http://irail.be/vehicle/IC2004,http://irail.be/stations/NMBS/008813045,IC,2018-12-10T05:55:00,2018-12-10T05:55:00,37,37
http://irail.be/vehicle/IC2004,http://irail.be/stations/NMBS/008812005,IC,2018-12-10T06:02:00,2018-12-10T05:58:00,20,30
http://irail.be/vehicle/IC2004,http://irail.be/stations/NMBS/008811007,IC,2018-12-10T06:05:00,2018-12-10T06:05:00,-27,-27
http://irail.be/vehicle/IC2004,http://irail.be/stations/NMBS/008811148,IC,2018-12-10T06:08:00,2018-12-10T06:08:00,-30,-30
http://irail.be/vehicle/IC2004,http://irail.be/stations/NMBS/008811189,IC,2018-12-10T06:09:00,2018-12-10T06:09:00,-30,-30
http://irail.be/vehicle/IC2004,http://irail.be/stations/NMBS/008822269,IC,2018-12-10T06:11:00,2018-12-10T06:11:00,-25,-25
http://irail.be/vehicle/IC2004,http://irail.be/stations/NMBS/008822251,IC,2018-12-10T06:12:00,2018-12-10T06:12:00,14,14
http://irail.be/vehicle/IC2004,http://irail.be/stations/NMBS/008822004,IC,2018-12-10T06:18:00,2018-12-10T06:16:00,-27,8
http://irail.be/vehicle/IC2004,http://irail.be/stations/NMBS/008822343,IC,2018-12-10T06:21:00,2018-12-10T06:21:00,-27,-27
http://irail.be/vehicle/IC2004,http://irail.be/stations/NMBS/008822228,IC,2018-12-10T06:23:00,2018-12-10T06:23:00,-74,-74
http://irail.be/vehicle/IC2004,http://irail.be/stations/NMBS/008822210,IC,2018-12-10T06:24:00,2018-12-10T06:24:00,-74,-74
http://irail.be/vehicle/IC2004,http://irail.be/stations/NMBS/008821311,IC,2018-12-10T06:26:00,2018-12-10T06:26:00,-82,-82
http://irail.be/vehicle/IC2004,http://irail.be/stations/NMBS/008821337,IC,2018-12-10T06:27:00,2018-12-10T06:27:00,-89,-89
http://irail.be/vehicle/IC2004,http://irail.be/stations/NMBS/008821238,IC,2018-12-10T06:28:00,2018-12-10T06:28:00,-99,-99
http://irail.be/vehicle/IC2004,http://irail.be/stations/NMBS/008821154,IC,2018-12-10T06:28:00,2018-12-10T06:28:00,-67,-67
http://irail.be/vehicle/IC2004,http://irail.be/stations/NMBS/008821121,IC,2018-12-10T06:32:00,2018-12-10T06:30:00,5,-72
http://irail.be/vehicle/IC2004,http://irail.be/stations/NMBS/008821006,IC,2018-12-10T06:39:00,2018-12-10T06:36:00,13,-51
http://irail.be/vehicle/IC2004,http://irail.be/stations/NMBS/008821063,IC,2018-12-10T06:44:00,2018-12-10T06:43:00,-121,-121
http://irail.be/vehicle/IC2004,http://irail.be/stations/NMBS/008821089,IC,2018-12-10T06:51:00,2018-12-10T06:47:00,149,246
http://irail.be/vehicle/IC2004,NO-URI,IC,2018-12-10T06:54:00,2018-12-10T06:54:00,,149
http://irail.be/vehicle/IC2004,http://irail.be/stations/NMBS/008814001,IC,2018-12-21T05:49:00,2018-12-21T05:49:00,35,
http://irail.be/vehicle/IC2004,http://irail.be/stations/NMBS/008813037,IC,2018-12-21T05:51:00,2018-12-21T05:51:00,59,59
http://irail.be/vehicle/IC2004,http://irail.be/stations/NMBS/008813003,IC,2018-12-21T05:54:00,2018-12-21T05:53:00,34,46
http://irail.be/vehicle/IC2004,http://irail.be/stations/NMBS/008813045,IC,2018-12-21T05:55:00,2018-12-21T05:55:00,44,44
http://irail.be/vehicle/IC2004,http://irail.be/stations/NMBS/008812005,IC,2018-12-21T06:02:00,2018-12-21T05:58:00,70,36
http://irail.be/vehicle/IC2004,http://irail.be/stations/NMBS/008811007,IC,2018-12-21T06:05:00,2018-12-21T06:05:00,54,54
http://irail.be/vehicle/IC2004,http://irail.be/stations/NMBS/008811148,IC,2018-12-21T06:08:00,2018-12-21T06:08:00,54,54
http://irail.be/vehicle/IC2004,http://irail.be/stations/NMBS/008811189,IC,2018-12-21T06:09:00,2018-12-21T06:09:00,54,54
http://irail.be/vehicle/IC2004,http://irail.be/stations/NMBS/008822269,IC,2018-12-21T06:11:00,2018-12-21T06:11:00,55,55
http://irail.be/vehicle/IC2004,http://irail.be/stations/NMBS/008822251,IC,2018-12-21T06:12:00,2018-12-21T06:12:00,58,58
http://irail.be/vehicle/IC2004,http://irail.be/stations/NMBS/008822004,IC,2018-12-21T06:18:00,2018-12-21T06:16:00,2,31
http://irail.be/vehicle/IC2004,http://irail.be/stations/NMBS/008822343,IC,2018-12-21T06:21:00,2018-12-21T06:21:00,2,2
http://irail.be/vehicle/IC2004,http://irail.be/stations/NMBS/008822228,IC,2018-12-21T06:23:00,2018-12-21T06:23:00,-32,-32
http://irail.be/vehicle/IC2004,http://irail.be/stations/NMBS/008822210,IC,2018-12-21T06:24:00,2018-12-21T06:24:00,-32,-32
http://irail.be/vehicle/IC2004,http://irail.be/stations/NMBS/008821311,IC,2018-12-21T06:26:00,2018-12-21T06:26:00,-35,-35
http://irail.be/vehicle/IC2004,http://irail.be/stations/NMBS/008821337,IC,2018-12-21T06:27:00,2018-12-21T06:27:00,-41,-41
http://irail.be/vehicle/IC2004,http://irail.be/stations/NMBS/008821238,IC,2018-12-21T06:28:00,2018-12-21T06:28:00,-47,-47
http://irail.be/vehicle/IC2004,http://irail.be/stations/NMBS/008821154,IC,2018-12-21T06:28:00,2018-12-21T06:28:00,-14,-14
http://irail.be/vehicle/IC2004,http://irail.be/stations/NMBS/008821121,IC,2018-12-21T06:32:00,2018-12-21T06:30:00,45,-7
http://irail.be/vehicle/IC2004,http://irail.be/stations/NMBS/008821006,IC,2018-12-21T06:39:00,2018-12-21T06:36:00,30,13
http://irail.be/vehicle/IC2004,http://irail.be/stations/NMBS/008821063,IC,2018-12-21T06:44:00,2018-12-21T06:43:00,-68,-68
http://irail.be/vehicle/IC2004,http://irail.be/stations/NMBS/008821089,IC,2018-12-21T06:51:00,2018-12-21T06:47:00,-9,139
http://irail.be/vehicle/IC2004,NO-URI,IC,2018-12-21T06:54:00,2018-12-21T06:54:00,,-9
http://irail.be/vehicle/IC2004,http://irail.be/stations/NMBS/008814001,IC,2018-11-19T05:50:00,2018-11-19T05:50:00,0,
http://irail.be/vehicle/IC2004,http://irail.be/stations/NMBS/008813037,IC,2018-11-19T05:52:00,2018-11-19T05:52:00,51,51
http://irail.be/vehicle/IC2004,http://irail.be/stations/NMBS/008813003,IC,2018-11-19T05:54:00,2018-11-19T05:53:00,45,58
http://irail.be/vehicle/IC2004,http://irail.be/stations/NMBS/008813045,IC,2018-11-19T05:56:00,2018-11-19T05:56:00,22,22
http://irail.be/vehicle/IC2004,http://irail.be/stations/NMBS/008812005,IC,2018-11-19T06:02:00,2018-11-19T05:58:00,22,21
http://irail.be/vehicle/IC2004,http://irail.be/stations/NMBS/008811007,IC,2018-11-19T06:05:00,2018-11-19T06:05:00,-19,-19
http://irail.be/vehicle/IC2004,http://irail.be/stations/NMBS/008811148,IC,2018-11-19T06:08:00,2018-11-19T06:08:00,-32,-32
http://irail.be/vehicle/IC2004,http://irail.be/stations/NMBS/008811189,IC,2018-11-19T06:09:00,2018-11-19T06:09:00,-32,-32
http://irail.be/vehicle/IC2004,http://irail.be/stations/NMBS/008822269,IC,2018-11-19T06:11:00,2018-11-19T06:11:00,-29,-29
http://irail.be/vehicle/IC2004,http://irail.be/stations/NMBS/008822251,IC,2018-11-19T06:12:00,2018-11-19T06:12:00,-31,-31
http://irail.be/vehicle/IC2004,http://irail.be/stations/NMBS/008822004,IC,2018-11-19T06:18:00,2018-11-19T06:16:00,-34,-74
http://irail.be/vehicle/IC2004,http://irail.be/stations/NMBS/008822343,IC,2018-11-19T06:21:00,2018-11-19T06:21:00,-34,-34
http://irail.be/vehicle/IC2004,http://irail.be/stations/NMBS/008822228,IC,2018-11-19T06:23:00,2018-11-19T06:23:00,-82,-82
http://irail.be/vehicle/IC2004,http://irail.be/stations/NMBS/008822210,IC,2018-11-19T06:24:00,2018-11-19T06:24:00,-82,-82
http://irail.be/vehicle/IC2004,http://irail.be/stations/NMBS/008821311,IC,2018-11-19T06:26:00,2018-11-19T06:26:00,-65,-65
http://irail.be/vehicle/IC2004,http://irail.be/stations/NMBS/008821337,IC,2018-11-19T06:27:00,2018-11-19T06:27:00,-59,-59
http://irail.be/vehicle/IC2004,http://irail.be/stations/NMBS/008821238,IC,2018-11-19T06:28:00,2018-11-19T06:28:00,-62,-62
http://irail.be/vehicle/IC2004,http://irail.be/stations/NMBS/008821154,IC,2018-11-19T06:28:00,2018-11-19T06:28:00,-25,-25
http://irail.be/vehicle/IC2004,http://irail.be/stations/NMBS/008821121,IC,2018-11-19T06:32:00,2018-11-19T06:30:00,19,-19
http://irail.be/vehicle/IC2004,http://irail.be/stations/NMBS/008821006,IC,2018-11-19T06:39:00,2018-11-19T06:36:00,19,-10
http://irail.be/vehicle/IC2004,http://irail.be/stations/NMBS/008821063,IC,2018-11-19T06:44:00,2018-11-19T06:43:00,-27,-27
http://irail.be/vehicle/IC2004,http://irail.be/stations/NMBS/008821089,IC,2018-11-19T06:51:00,2018-11-19T06:47:00,141,201
http://irail.be/vehicle/IC2004,NO-URI,IC,2018-11-19T06:54:00,2018-11-19T06:54:00,,-45
http://irail.be/vehicle/IC2004,http://irail.be/stations/NMBS/008814001,IC,2018-05-24T05:50:00,2018-05-24T05:50:00,-11,
http://irail.be/vehicle/IC2004,http://irail.be/stations/NMBS/008813037,IC,2018-05-24T05:52:00,2018-05-24T05:52:00,80,80
http://irail.be/vehicle/IC2004,http://irail.be/stations/NMBS/008813003,IC,2018-05-24T05:54:00,2018-05-24T05:53:00,107,93
http://irail.be/vehicle/IC2004,http://irail.be/stations/NMBS/008813045,IC,2018-05-24T05:55:00,2018-05-24T05:55:00,120,120
http://irail.be/vehicle/IC2004,http://irail.be/stations/NMBS/008812005,IC,2018-05-24T06:01:00,2018-05-24T05:58:00,20,120
http://irail.be/vehicle/IC2004,http://irail.be/stations/NMBS/008811007,IC,2018-05-24T06:04:00,2018-05-24T06:04:00,-16,-16
http://irail.be/vehicle/IC2004,http://irail.be/stations/NMBS/008811148,IC,2018-05-24T06:07:00,2018-05-24T06:07:00,-18,-18
http://irail.be/vehicle/IC2004,http://irail.be/stations/NMBS/008811189,IC,2018-05-24T06:08:00,2018-05-24T06:08:00,-18,-18
http://irail.be/vehicle/IC2004,http://irail.be/stations/NMBS/008822269,IC,2018-05-24T06:11:00,2018-05-24T06:11:00,-12,-12
http://irail.be/vehicle/IC2004,http://irail.be/stations/NMBS/008822251,IC,2018-05-24T06:12:00,2018-05-24T06:12:00,-56,-56
http://irail.be/vehicle/IC2004,http://irail.be/stations/NMBS/008822004,IC,2018-05-24T06:18:00,2018-05-24T06:16:00,-20,-79
http://irail.be/vehicle/IC2004,http://irail.be/stations/NMBS/008822343,IC,2018-05-24T06:21:00,2018-05-24T06:21:00,-20,-20
http://irail.be/vehicle/IC2004,http://irail.be/stations/NMBS/008822228,IC,2018-05-24T06:23:00,2018-05-24T06:23:00,-25,-25
http://irail.be/vehicle/IC2004,http://irail.be/stations/NMBS/008822210,IC,2018-05-24T06:24:00,2018-05-24T06:24:00,-25,-25
http://irail.be/vehicle/IC2004,http://irail.be/stations/NMBS/008821311,IC,2018-05-24T06:26:00,2018-05-24T06:26:00,-25,-25
http://irail.be/vehicle/IC2004,http://irail.be/stations/NMBS/008821337,IC,2018-05-24T06:27:00,2018-05-24T06:27:00,-7,-7
http://irail.be/vehicle/IC2004,http://irail.be/stations/NMBS/008821238,IC,2018-05-24T06:28:00,2018-05-24T06:28:00,3,3
http://irail.be/vehicle/IC2004,http://irail.be/stations/NMBS/008821154,IC,2018-05-24T06:28:00,2018-05-24T06:28:00,49,49
http://irail.be/vehicle/IC2004,http://irail.be/stations/NMBS/008821121,IC,2018-05-24T06:31:00,2018-05-24T06:30:00,104,68
http://irail.be/vehicle/IC2004,http://irail.be/stations/NMBS/008821006,IC,2018-05-24T06:40:00,2018-05-24T06:35:00,10,75
http://irail.be/vehicle/IC2004,http://irail.be/stations/NMBS/008821063,IC,2018-05-24T06:45:00,2018-05-24T06:45:00,-67,-67
http://irail.be/vehicle/IC2004,http://irail.be/stations/NMBS/008821089,IC,2018-05-24T06:47:00,2018-05-24T06:47:00,1,1
http://irail.be/vehicle/IC2004,NO-URI,IC,2018-05-24T06:49:00,2018-05-24T06:49:00,,99
http://irail.be/vehicle/IC2004,http://irail.be/stations/NMBS/008814001,IC,2018-02-02T05:50:00,2018-02-02T05:50:00,4,
http://irail.be/vehicle/IC2004,http://irail.be/stations/NMBS/008813037,IC,2018-02-02T05:52:00,2018-02-02T05:52:00,65,65
http://irail.be/vehicle/IC2004,http://irail.be/stations/NMBS/008813003,IC,2018-02-02T05:54:00,2018-02-02T05:53:00,123,74
http://irail.be/vehicle/IC2004,http://irail.be/stations/NMBS/008813045,IC,2018-02-02T05:55:00,2018-02-02T05:55:00,137,137
http://irail.be/vehicle/IC2004,http://irail.be/stations/NMBS/008812005,IC,2018-02-02T06:01:00,2018-02-02T05:58:00,51,133
http://irail.be/vehicle/IC2004,http://irail.be/stations/NMBS/008811007,IC,2018-02-02T06:04:00,2018-02-02T06:04:00,30,30
http://irail.be/vehicle/IC2004,http://irail.be/stations/NMBS/008811148,IC,2018-02-02T06:07:00,2018-02-02T06:07:00,40,40
http://irail.be/vehicle/IC2004,http://irail.be/stations/NMBS/008811189,IC,2018-02-02T06:08:00,2018-02-02T06:08:00,40,40
http://irail.be/vehicle/IC2004,http://irail.be/stations/NMBS/008822269,IC,2018-02-02T06:11:00,2018-02-02T06:11:00,39,39
http://irail.be/vehicle/IC2004,http://irail.be/stations/NMBS/008822251,IC,2018-02-02T06:12:00,2018-02-02T06:12:00,-18,-18
http://irail.be/vehicle/IC2004,http://irail.be/stations/NMBS/008822004,IC,2018-02-02T06:18:00,2018-02-02T06:16:00,34,-56
http://irail.be/vehicle/IC2004,http://irail.be/stations/NMBS/008822343,IC,2018-02-02T06:20:00,2018-02-02T06:20:00,34,34
http://irail.be/vehicle/IC2004,http://irail.be/stations/NMBS/008822228,IC,2018-02-02T06:23:00,2018-02-02T06:23:00,27,27
http://irail.be/vehicle/IC2004,http://irail.be/stations/NMBS/008822210,IC,2018-02-02T06:24:00,2018-02-02T06:24:00,27,27
http://irail.be/vehicle/IC2004,http://irail.be/stations/NMBS/008821311,IC,2018-02-02T06:26:00,2018-02-02T06:26:00,27,27
http://irail.be/vehicle/IC2004,http://irail.be/stations/NMBS/008821337,IC,2018-02-02T06:27:00,2018-02-02T06:27:00,32,32
http://irail.be/vehicle/IC2004,http://irail.be/stations/NMBS/008821238,IC,2018-02-02T06:28:00,2018-02-02T06:28:00,30,30
http://irail.be/vehicle/IC2004,http://irail.be/stations/NMBS/008821154,IC,2018-02-02T06:29:00,2018-02-02T06:29:00,15,15
http://irail.be/vehicle/IC2004,http://irail.be/stations/NMBS/008821121,IC,2018-02-02T06:31:00,2018-02-02T06:30:00,121,61
http://irail.be/vehicle/IC2004,http://irail.be/stations/NMBS/008821006,IC,2018-02-02T06:39:00,2018-02-02T06:35:00,337,111
http://irail.be/vehicle/IC2004,http://irail.be/stations/NMBS/008821063,IC,2018-02-02T06:43:00,2018-02-02T06:43:00,400,400
http://irail.be/vehicle/IC2004,http://irail.be/stations/NMBS/008821089,IC,2018-02-02T06:46:00,2018-02-02T06:46:00,362,362
http://irail.be/vehicle/IC2004,NO-URI,IC,2018-02-02T06:49:00,2018-02-02T06:49:00,,360
http://irail.be/vehicle/IC2004,http://irail.be/stations/NMBS/008814001,IC,2018-09-27T05:50:00,2018-09-27T05:50:00,-23,
http://irail.be/vehicle/IC2004,http://irail.be/stations/NMBS/008813037,IC,2018-09-27T05:52:00,2018-09-27T05:52:00,20,20
http://irail.be/vehicle/IC2004,http://irail.be/stations/NMBS/008813003,IC,2018-09-27T05:54:00,2018-09-27T05:53:00,23,27
http://irail.be/vehicle/IC2004,http://irail.be/stations/NMBS/008813045,IC,2018-09-27T05:56:00,2018-09-27T05:56:00,1,1
http://irail.be/vehicle/IC2004,http://irail.be/stations/NMBS/008812005,IC,2018-09-27T06:02:00,2018-09-27T05:58:00,21,1
http://irail.be/vehicle/IC2004,http://irail.be/stations/NMBS/008811007,IC,2018-09-27T06:05:00,2018-09-27T06:05:00,-31,-31
http://irail.be/vehicle/IC2004,http://irail.be/stations/NMBS/008811148,IC,2018-09-27T06:08:00,2018-09-27T06:08:00,-42,-42
http://irail.be/vehicle/IC2004,http://irail.be/stations/NMBS/008811189,IC,2018-09-27T06:09:00,2018-09-27T06:09:00,-42,-42
http://irail.be/vehicle/IC2004,http://irail.be/stations/NMBS/008822269,IC,2018-09-27T06:11:00,2018-09-27T06:11:00,-41,-41
http://irail.be/vehicle/IC2004,http://irail.be/stations/NMBS/008822251,IC,2018-09-27T06:12:00,2018-09-27T06:12:00,-38,-38
http://irail.be/vehicle/IC2004,http://irail.be/stations/NMBS/008822004,IC,2018-09-27T06:18:00,2018-09-27T06:16:00,-7,-76
http://irail.be/vehicle/IC2004,http://irail.be/stations/NMBS/008822343,IC,2018-09-27T06:21:00,2018-09-27T06:21:00,-7,-7
http://irail.be/vehicle/IC2004,http://irail.be/stations/NMBS/008822228,IC,2018-09-27T06:23:00,2018-09-27T06:23:00,-57,-57
http://irail.be/vehicle/IC2004,http://irail.be/stations/NMBS/008822210,IC,2018-09-27T06:24:00,2018-09-27T06:24:00,-57,-57
http://irail.be/vehicle/IC2004,http://irail.be/stations/NMBS/008821311,IC,2018-09-27T06:26:00,2018-09-27T06:26:00,-40,-40
http://irail.be/vehicle/IC2004,http://irail.be/stations/NMBS/008821337,IC,2018-09-27T06:27:00,2018-09-27T06:27:00,-27,-27
http://irail.be/vehicle/IC2004,http://irail.be/stations/NMBS/008821238,IC,2018-09-27T06:28:00,2018-09-27T06:28:00,-25,-25
http://irail.be/vehicle/IC2004,http://irail.be/stations/NMBS/008821154,IC,2018-09-27T06:28:00,2018-09-27T06:28:00,16,16
http://irail.be/vehicle/IC2004,http://irail.be/stations/NMBS/008821121,IC,2018-09-27T06:32:00,2018-09-27T06:30:00,31,14
http://irail.be/vehicle/IC2004,http://irail.be/stations/NMBS/008821006,IC,2018-09-27T06:39:00,2018-09-27T06:36:00,32,8
http://irail.be/vehicle/IC2004,http://irail.be/stations/NMBS/008821063,IC,2018-09-27T06:44:00,2018-09-27T06:43:00,-81,-81
http://irail.be/vehicle/IC2004,http://irail.be/stations/NMBS/008821089,IC,2018-09-27T06:51:00,2018-09-27T06:47:00,5,65
http://irail.be/vehicle/IC2004,NO-URI,IC,2018-09-27T06:54:00,2018-09-27T06:54:00,,-199
http://irail.be/vehicle/IC2004,http://irail.be/stations/NMBS/008814001,IC,2018-11-09T05:50:00,2018-11-09T05:50:00,-3,
http://irail.be/vehicle/IC2004,http://irail.be/stations/NMBS/008813037,IC,2018-11-09T05:52:00,2018-11-09T05:52:00,36,36
http://irail.be/vehicle/IC2004,http://irail.be/stations/NMBS/008813003,IC,2018-11-09T05:54:00,2018-11-09T05:53:00,20,42
http://irail.be/vehicle/IC2004,http://irail.be/stations/NMBS/008813045,IC,2018-11-09T05:56:00,2018-11-09T05:56:00,-1,-1
http://irail.be/vehicle/IC2004,http://irail.be/stations/NMBS/008812005,IC,2018-11-09T06:02:00,2018-11-09T05:58:00,9,-6
http://irail.be/vehicle/IC2004,http://irail.be/stations/NMBS/008811007,IC,2018-11-09T06:05:00,2018-11-09T06:05:00,-60,-60
http://irail.be/vehicle/IC2004,http://irail.be/stations/NMBS/008811148,IC,2018-11-09T06:08:00,2018-11-09T06:08:00,-75,-75
http://irail.be/vehicle/IC2004,http://irail.be/stations/NMBS/008811189,IC,2018-11-09T06:09:00,2018-11-09T06:09:00,-75,-75
http://irail.be/vehicle/IC2004,http://irail.be/stations/NMBS/008822269,IC,2018-11-09T06:11:00,2018-11-09T06:11:00,-73,-73
http://irail.be/vehicle/IC2004,http://irail.be/stations/NMBS/008822251,IC,2018-11-09T06:12:00,2018-11-09T06:12:00,-75,-75
http://irail.be/vehicle/IC2004,http://irail.be/stations/NMBS/008822004,IC,2018-11-09T06:18:00,2018-11-09T06:16:00,-26,-120
http://irail.be/vehicle/IC2004,http://irail.be/stations/NMBS/008822343,IC,2018-11-09T06:21:00,2018-11-09T06:21:00,-26,-26
http://irail.be/vehicle/IC2004,http://irail.be/stations/NMBS/008822228,IC,2018-11-09T06:23:00,2018-11-09T06:23:00,-80,-80
http://irail.be/vehicle/IC2004,http://irail.be/stations/NMBS/008822210,IC,2018-11-09T06:24:00,2018-11-09T06:24:00,-80,-80
http://irail.be/vehicle/IC2004,http://irail.be/stations/NMBS/008821311,IC,2018-11-09T06:26:00,2018-11-09T06:26:00,-79,-79
http://irail.be/vehicle/IC2004,http://irail.be/stations/NMBS/008821337,IC,2018-11-09T06:27:00,2018-11-09T06:27:00,-83,-83
http://irail.be/vehicle/IC2004,http://irail.be/stations/NMBS/008821238,IC,2018-11-09T06:28:00,2018-11-09T06:28:00,-89,-89
http://irail.be/vehicle/IC2004,http://irail.be/stations/NMBS/008821154,IC,2018-11-09T06:28:00,2018-11-09T06:28:00,-54,-54
http://irail.be/vehicle/IC2004,http://irail.be/stations/NMBS/008821121,IC,2018-11-09T06:32:00,2018-11-09T06:30:00,1,-54
http://irail.be/vehicle/IC2004,http://irail.be/stations/NMBS/008821006,IC,2018-11-09T06:39:00,2018-11-09T06:36:00,23,-45
http://irail.be/vehicle/IC2004,http://irail.be/stations/NMBS/008821063,IC,2018-11-09T06:44:00,2018-11-09T06:43:00,-85,-85
http://irail.be/vehicle/IC2004,http://irail.be/stations/NMBS/008821089,IC,2018-11-09T06:51:00,2018-11-09T06:47:00,11,71
http://irail.be/vehicle/IC2004,NO-URI,IC,2018-11-09T06:54:00,2018-11-09T06:54:00,,-205
http://irail.be/vehicle/IC2004,http://irail.be/stations/NMBS/008814001,IC,2018-03-21T05:50:00,2018-03-21T05:50:00,-1,
http://irail.be/vehicle/IC2004,http://irail.be/stations/NMBS/008813037,IC,2018-03-21T05:52:00,2018-03-21T05:52:00,36,36
http://irail.be/vehicle/IC2004,http://irail.be/stations/NMBS/008813003,IC,2018-03-21T05:54:00,2018-03-21T05:53:00,24,41
http://irail.be/vehicle/IC2004,http://irail.be/stations/NMBS/008813045,IC,2018-03-21T05:56:00,2018-03-21T05:56:00,7,7
http://irail.be/vehicle/IC2004,http://irail.be/stations/NMBS/008812005,IC,2018-03-21T06:01:00,2018-03-21T05:58:00,15,-1
http://irail.be/vehicle/IC2004,http://irail.be/stations/NMBS/008811007,IC,2018-03-21T06:04:00,2018-03-21T06:04:00,-6,-6
http://irail.be/vehicle/IC2004,http://irail.be/stations/NMBS/008811148,IC,2018-03-21T06:07:00,2018-03-21T06:07:00,62,62
http://irail.be/vehicle/IC2004,http://irail.be/stations/NMBS/008811189,IC,2018-03-21T06:08:00,2018-03-21T06:08:00,62,62
http://irail.be/vehicle/IC2004,http://irail.be/stations/NMBS/008822269,IC,2018-03-21T06:11:00,2018-03-21T06:11:00,61,61
http://irail.be/vehicle/IC2004,http://irail.be/stations/NMBS/008822251,IC,2018-03-21T06:12:00,2018-03-21T06:12:00,2,2
http://irail.be/vehicle/IC2004,http://irail.be/stations/NMBS/008822004,IC,2018-03-21T06:18:00,2018-03-21T06:16:00,-24,-47
http://irail.be/vehicle/IC2004,http://irail.be/stations/NMBS/008822343,IC,2018-03-21T06:21:00,2018-03-21T06:21:00,-24,-24
http://irail.be/vehicle/IC2004,http://irail.be/stations/NMBS/008822228,IC,2018-03-21T06:23:00,2018-03-21T06:23:00,-71,-71
http://irail.be/vehicle/IC2004,http://irail.be/stations/NMBS/008822210,IC,2018-03-21T06:24:00,2018-03-21T06:24:00,-71,-71
http://irail.be/vehicle/IC2004,http://irail.be/stations/NMBS/008821311,IC,2018-03-21T06:26:00,2018-03-21T06:26:00,-71,-71
http://irail.be/vehicle/IC2004,http://irail.be/stations/NMBS/008821337,IC,2018-03-21T06:27:00,2018-03-21T06:27:00,-75,-75
http://irail.be/vehicle/IC2004,http://irail.be/stations/NMBS/008821238,IC,2018-03-21T06:28:00,2018-03-21T06:28:00,-82,-82
http://irail.be/vehicle/IC2004,http://irail.be/stations/NMBS/008821154,IC,2018-03-21T06:28:00,2018-03-21T06:28:00,-49,-49
http://irail.be/vehicle/IC2004,http://irail.be/stations/NMBS/008821121,IC,2018-03-21T06:31:00,2018-03-21T06:30:00,5,-42
http://irail.be/vehicle/IC2004,http://irail.be/stations/NMBS/008821006,IC,2018-03-21T06:39:00,2018-03-21T06:35:00,-19,14
http://irail.be/vehicle/IC2004,http://irail.be/stations/NMBS/008821063,IC,2018-03-21T06:43:00,2018-03-21T06:43:00,-76,-76
http://irail.be/vehicle/IC2004,http://irail.be/stations/NMBS/008821089,IC,2018-03-21T06:46:00,2018-03-21T06:46:00,-52,-52
http://irail.be/vehicle/IC2004,NO-URI,IC,2018-03-21T06:49:00,2018-03-21T06:49:00,,-52
http://irail.be/vehicle/IC2004,http://irail.be/stations/NMBS/008814001,IC,2018-10-02T05:50:00,2018-10-02T05:50:00,5,
http://irail.be/vehicle/IC2004,http://irail.be/stations/NMBS/008813037,IC,2018-10-02T05:52:00,2018-10-02T05:52:00,40,40
http://irail.be/vehicle/IC2004,http://irail.be/stations/NMBS/008813003,IC,2018-10-02T05:54:00,2018-10-02T05:53:00,42,49
http://irail.be/vehicle/IC2004,http://irail.be/stations/NMBS/008813045,IC,2018-10-02T05:56:00,2018-10-02T05:56:00,16,16
http://irail.be/vehicle/IC2004,http://irail.be/stations/NMBS/008812005,IC,2018-10-02T06:02:00,2018-10-02T05:58:00,39,9
http://irail.be/vehicle/IC2004,http://irail.be/stations/NMBS/008811007,IC,2018-10-02T06:05:00,2018-10-02T06:05:00,7,7
http://irail.be/vehicle/IC2004,http://irail.be/stations/NMBS/008811148,IC,2018-10-02T06:08:00,2018-10-02T06:08:00,43,43
http://irail.be/vehicle/IC2004,http://irail.be/stations/NMBS/008811189,IC,2018-10-02T06:09:00,2018-10-02T06:09:00,43,43
http://irail.be/vehicle/IC2004,http://irail.be/stations/NMBS/008822269,IC,2018-10-02T06:11:00,2018-10-02T06:11:00,63,63
http://irail.be/vehicle/IC2004,http://irail.be/stations/NMBS/008822251,IC,2018-10-02T06:12:00,2018-10-02T06:12:00,90,90
http://irail.be/vehicle/IC2004,http://irail.be/stations/NMBS/008822004,IC,2018-10-02T06:18:00,2018-10-02T06:16:00,-1,46
http://irail.be/vehicle/IC2004,http://irail.be/stations/NMBS/008822343,IC,2018-10-02T06:21:00,2018-10-02T06:21:00,-1,-1
http://irail.be/vehicle/IC2004,http://irail.be/stations/NMBS/008822228,IC,2018-10-02T06:23:00,2018-10-02T06:23:00,-79,-79
http://irail.be/vehicle/IC2004,http://irail.be/stations/NMBS/008822210,IC,2018-10-02T06:24:00,2018-10-02T06:24:00,-79,-79
http://irail.be/vehicle/IC2004,http://irail.be/stations/NMBS/008821311,IC,2018-10-02T06:26:00,2018-10-02T06:26:00,-67,-67
http://irail.be/vehicle/IC2004,http://irail.be/stations/NMBS/008821337,IC,2018-10-02T06:27:00,2018-10-02T06:27:00,-47,-47
http://irail.be/vehicle/IC2004,http://irail.be/stations/NMBS/008821238,IC,2018-10-02T06:28:00,2018-10-02T06:28:00,-32,-32
http://irail.be/vehicle/IC2004,http://irail.be/stations/NMBS/008821154,IC,2018-10-02T06:28:00,2018-10-02T06:28:00,17,17
http://irail.be/vehicle/IC2004,http://irail.be/stations/NMBS/008821121,IC,2018-10-02T06:32:00,2018-10-02T06:30:00,24,36
http://irail.be/vehicle/IC2004,http://irail.be/stations/NMBS/008821006,IC,2018-10-02T06:39:00,2018-10-02T06:36:00,19,-23
http://irail.be/vehicle/IC2004,http://irail.be/stations/NMBS/008821063,IC,2018-10-02T06:44:00,2018-10-02T06:43:00,-110,-110
http://irail.be/vehicle/IC2004,http://irail.be/stations/NMBS/008821089,IC,2018-10-02T06:51:00,2018-10-02T06:47:00,-156,73
http://irail.be/vehicle/IC2004,NO-URI,IC,2018-10-02T06:54:00,2018-10-02T06:54:00,,-156
http://irail.be/vehicle/IC2004,http://irail.be/stations/NMBS/008814001,IC,2018-04-30T05:50:00,2018-04-30T05:50:00,7,
http://irail.be/vehicle/IC2004,http://irail.be/stations/NMBS/008813037,IC,2018-04-30T05:52:00,2018-04-30T05:52:00,48,48
http://irail.be/vehicle/IC2004,http://irail.be/stations/NMBS/008813003,IC,2018-04-30T05:54:00,2018-04-30T05:53:00,69,54
http://irail.be/vehicle/IC2004,http://irail.be/stations/NMBS/008813045,IC,2018-04-30T05:55:00,2018-04-30T05:55:00,89,89
http://irail.be/vehicle/IC2004,http://irail.be/stations/NMBS/008812005,IC,2018-04-30T06:01:00,2018-04-30T05:58:00,33,90
http://irail.be/vehicle/IC2004,http://irail.be/stations/NMBS/008811007,IC,2018-04-30T06:04:00,2018-04-30T06:04:00,1,1
http://irail.be/vehicle/IC2004,http://irail.be/stations/NMBS/008811148,IC,2018-04-30T06:07:00,2018-04-30T06:07:00,-8,-8
http://irail.be/vehicle/IC2004,http://irail.be/stations/NMBS/008811189,IC,2018-04-30T06:08:00,2018-04-30T06:08:00,-8,-8
http://irail.be/vehicle/IC2004,http://irail.be/stations/NMBS/008822269,IC,2018-04-30T06:11:00,2018-04-30T06:11:00,-4,-4
http://irail.be/vehicle/IC2004,http://irail.be/stations/NMBS/008822251,IC,2018-04-30T06:12:00,2018-04-30T06:12:00,-1,-1
http://irail.be/vehicle/IC2004,http://irail.be/stations/NMBS/008822004,IC,2018-04-30T06:18:00,2018-04-30T06:16:00,-12,47
http://irail.be/vehicle/IC2004,http://irail.be/stations/NMBS/008822343,IC,2018-04-30T06:21:00,2018-04-30T06:21:00,-12,-12
http://irail.be/vehicle/IC2004,http://irail.be/stations/NMBS/008822228,IC,2018-04-30T06:23:00,2018-04-30T06:23:00,-35,-35
http://irail.be/vehicle/IC2004,http://irail.be/stations/NMBS/008822210,IC,2018-04-30T06:24:00,2018-04-30T06:24:00,-35,-35
http://irail.be/vehicle/IC2004,http://irail.be/stations/NMBS/008821311,IC,2018-04-30T06:26:00,2018-04-30T06:26:00,-35,-35
http://irail.be/vehicle/IC2004,http://irail.be/stations/NMBS/008821337,IC,2018-04-30T06:27:00,2018-04-30T06:27:00,-43,-43
http://irail.be/vehicle/IC2004,http://irail.be/stations/NMBS/008821238,IC,2018-04-30T06:28:00,2018-04-30T06:28:00,-48,-48
http://irail.be/vehicle/IC2004,http://irail.be/stations/NMBS/008821154,IC,2018-04-30T06:28:00,2018-04-30T06:28:00,-13,-13
http://irail.be/vehicle/IC2004,http://irail.be/stations/NMBS/008821121,IC,2018-04-30T06:31:00,2018-04-30T06:30:00,30,-9
http://irail.be/vehicle/IC2004,http://irail.be/stations/NMBS/008821006,IC,2018-04-30T06:40:00,2018-04-30T06:35:00,-91,-14
http://irail.be/vehicle/IC2004,http://irail.be/stations/NMBS/008821063,IC,2018-04-30T06:45:00,2018-04-30T06:45:00,-176,-176
http://irail.be/vehicle/IC2004,http://irail.be/stations/NMBS/008821089,IC,2018-04-30T06:47:00,2018-04-30T06:47:00,-147,-147
http://irail.be/vehicle/IC2004,NO-URI,IC,2018-04-30T06:49:00,2018-04-30T06:49:00,,-79
http://irail.be/vehicle/IC2004,http://irail.be/stations/NMBS/008814001,IC,2018-08-23T05:50:00,2018-08-23T05:50:00,-3,
http://irail.be/vehicle/IC2004,http://irail.be/stations/NMBS/008813037,IC,2018-08-23T05:52:00,2018-08-23T05:52:00,42,42
http://irail.be/vehicle/IC2004,http://irail.be/stations/NMBS/008813003,IC,2018-08-23T05:54:00,2018-08-23T05:53:00,52,44
http://irail.be/vehicle/IC2004,http://irail.be/stations/NMBS/008813045,IC,2018-08-23T05:55:00,2018-08-23T05:55:00,54,54
http://irail.be/vehicle/IC2004,http://irail.be/stations/NMBS/008812005,IC,2018-08-23T06:01:00,2018-08-23T05:58:00,40,40
http://irail.be/vehicle/IC2004,http://irail.be/stations/NMBS/008811007,IC,2018-08-23T06:04:00,2018-08-23T06:04:00,15,15
http://irail.be/vehicle/IC2004,http://irail.be/stations/NMBS/008811148,IC,2018-08-23T06:07:00,2018-08-23T06:07:00,18,18
http://irail.be/vehicle/IC2004,http://irail.be/stations/NMBS/008811189,IC,2018-08-23T06:08:00,2018-08-23T06:08:00,18,18
http://irail.be/vehicle/IC2004,http://irail.be/stations/NMBS/008822269,IC,2018-08-23T06:11:00,2018-08-23T06:11:00,25,25
http://irail.be/vehicle/IC2004,http://irail.be/stations/NMBS/008822251,IC,2018-08-23T06:12:00,2018-08-23T06:12:00,38,38
http://irail.be/vehicle/IC2004,http://irail.be/stations/NMBS/008822004,IC,2018-08-23T06:18:00,2018-08-23T06:16:00,-7,50
http://irail.be/vehicle/IC2004,http://irail.be/stations/NMBS/008822343,IC,2018-08-23T06:21:00,2018-08-23T06:21:00,-7,-7
http://irail.be/vehicle/IC2004,http://irail.be/stations/NMBS/008822228,IC,2018-08-23T06:23:00,2018-08-23T06:23:00,-46,-46
http://irail.be/vehicle/IC2004,http://irail.be/stations/NMBS/008822210,IC,2018-08-23T06:24:00,2018-08-23T06:24:00,-46,-46
http://irail.be/vehicle/IC2004,http://irail.be/stations/NMBS/008821311,IC,2018-08-23T06:26:00,2018-08-23T06:26:00,-45,-45
http://irail.be/vehicle/IC2004,http://irail.be/stations/NMBS/008821337,IC,2018-08-23T06:27:00,2018-08-23T06:27:00,-49,-49
http://irail.be/vehicle/IC2004,http://irail.be/stations/NMBS/008821238,IC,2018-08-23T06:28:00,2018-08-23T06:28:00,-53,-53
http://irail.be/vehicle/IC2004,http://irail.be/stations/NMBS/008821154,IC,2018-08-23T06:28:00,2018-08-23T06:28:00,-16,-16
http://irail.be/vehicle/IC2004,http://irail.be/stations/NMBS/008821121,IC,2018-08-23T06:31:00,2018-08-23T06:30:00,45,-6
http://irail.be/vehicle/IC2004,http://irail.be/stations/NMBS/008821006,IC,2018-08-23T06:39:00,2018-08-23T06:35:00,23,2
http://irail.be/vehicle/IC2004,http://irail.be/stations/NMBS/008821063,IC,2018-08-23T06:44:00,2018-08-23T06:43:00,-79,-79
http://irail.be/vehicle/IC2004,http://irail.be/stations/NMBS/008821089,IC,2018-08-23T06:51:00,2018-08-23T06:47:00,-146,77
http://irail.be/vehicle/IC2004,NO-URI,IC,2018-08-23T06:54:00,2018-08-23T06:54:00,,-146
http://irail.be/vehicle/IC2004,http://irail.be/stations/NMBS/008814001,IC,2018-08-16T05:50:00,2018-08-16T05:50:00,-15,
http://irail.be/vehicle/IC2004,http://irail.be/stations/NMBS/008813037,IC,2018-08-16T05:52:00,2018-08-16T05:52:00,31,31
http://irail.be/vehicle/IC2004,http://irail.be/stations/NMBS/008813003,IC,2018-08-16T05:54:00,2018-08-16T05:53:00,57,43
http://irail.be/vehicle/IC2004,http://irail.be/stations/NMBS/008813045,IC,2018-08-16T05:55:00,2018-08-16T05:55:00,63,63
http://irail.be/vehicle/IC2004,http://irail.be/stations/NMBS/008812005,IC,2018-08-16T06:01:00,2018-08-16T05:58:00,30,54
http://irail.be/vehicle/IC2004,http://irail.be/stations/NMBS/008811007,IC,2018-08-16T06:04:00,2018-08-16T06:04:00,-16,-16
http://irail.be/vehicle/IC2004,http://irail.be/stations/NMBS/008811148,IC,2018-08-16T06:07:00,2018-08-16T06:07:00,-22,-22
http://irail.be/vehicle/IC2004,http://irail.be/stations/NMBS/008811189,IC,2018-08-16T06:08:00,2018-08-16T06:08:00,-22,-22
http://irail.be/vehicle/IC2004,http://irail.be/stations/NMBS/008822269,IC,2018-08-16T06:11:00,2018-08-16T06:11:00,-19,-19
http://irail.be/vehicle/IC2004,http://irail.be/stations/NMBS/008822251,IC,2018-08-16T06:12:00,2018-08-16T06:12:00,-73,-73
http://irail.be/vehicle/IC2004,http://irail.be/stations/NMBS/008822004,IC,2018-08-16T06:18:00,2018-08-16T06:16:00,-28,-110
http://irail.be/vehicle/IC2004,http://irail.be/stations/NMBS/008822343,IC,2018-08-16T06:21:00,2018-08-16T06:21:00,-28,-28
http://irail.be/vehicle/IC2004,http://irail.be/stations/NMBS/008822228,IC,2018-08-16T06:23:00,2018-08-16T06:23:00,-83,-83
http://irail.be/vehicle/IC2004,http://irail.be/stations/NMBS/008822210,IC,2018-08-16T06:24:00,2018-08-16T06:24:00,-83,-83
http://irail.be/vehicle/IC2004,http://irail.be/stations/NMBS/008821311,IC,2018-08-16T06:26:00,2018-08-16T06:26:00,-85,-85
http://irail.be/vehicle/IC2004,http://irail.be/stations/NMBS/008821337,IC,2018-08-16T06:27:00,2018-08-16T06:27:00,-89,-89
http://irail.be/vehicle/IC2004,http://irail.be/stations/NMBS/008821238,IC,2018-08-16T06:28:00,2018-08-16T06:28:00,-95,-95
http://irail.be/vehicle/IC2004,http://irail.be/stations/NMBS/008821154,IC,2018-08-16T06:28:00,2018-08-16T06:28:00,-60,-60
http://irail.be/vehicle/IC2004,http://irail.be/stations/NMBS/008821121,IC,2018-08-16T06:31:00,2018-08-16T06:30:00,11,-57
http://irail.be/vehicle/IC2004,http://irail.be/stations/NMBS/008821006,IC,2018-08-16T06:39:00,2018-08-16T06:35:00,11,-34
http://irail.be/vehicle/IC2004,http://irail.be/stations/NMBS/008821063,IC,2018-08-16T06:44:00,2018-08-16T06:43:00,-93,-93
http://irail.be/vehicle/IC2004,http://irail.be/stations/NMBS/008821089,IC,2018-08-16T06:51:00,2018-08-16T06:47:00,40,100
http://irail.be/vehicle/IC2004,NO-URI,IC,2018-08-16T06:54:00,2018-08-16T06:54:00,,-168
http://irail.be/vehicle/IC2004,http://irail.be/stations/NMBS/008814001,IC,2018-10-12T05:50:00,2018-10-12T05:50:00,-17,
http://irail.be/vehicle/IC2004,http://irail.be/stations/NMBS/008813037,IC,2018-10-12T05:52:00,2018-10-12T05:52:00,25,25
http://irail.be/vehicle/IC2004,http://irail.be/stations/NMBS/008813003,IC,2018-10-12T05:54:00,2018-10-12T05:53:00,24,29
http://irail.be/vehicle/IC2004,http://irail.be/stations/NMBS/008813045,IC,2018-10-12T05:56:00,2018-10-12T05:56:00,-1,-1
http://irail.be/vehicle/IC2004,http://irail.be/stations/NMBS/008812005,IC,2018-10-12T06:02:00,2018-10-12T05:58:00,27,-5
http://irail.be/vehicle/IC2004,http://irail.be/stations/NMBS/008811007,IC,2018-10-12T06:05:00,2018-10-12T06:05:00,-15,-15
http://irail.be/vehicle/IC2004,http://irail.be/stations/NMBS/008811148,IC,2018-10-12T06:08:00,2018-10-12T06:08:00,-19,-19
http://irail.be/vehicle/IC2004,http://irail.be/stations/NMBS/008811189,IC,2018-10-12T06:09:00,2018-10-12T06:09:00,-19,-19
http://irail.be/vehicle/IC2004,http://irail.be/stations/NMBS/008822269,IC,2018-10-12T06:11:00,2018-10-12T06:11:00,-12,-12
http://irail.be/vehicle/IC2004,http://irail.be/stations/NMBS/008822251,IC,2018-10-12T06:12:00,2018-10-12T06:12:00,24,24
http://irail.be/vehicle/IC2004,http://irail.be/stations/NMBS/008822004,IC,2018-10-12T06:18:00,2018-10-12T06:16:00,-3,93
http://irail.be/vehicle/IC2004,http://irail.be/stations/NMBS/008822343,IC,2018-10-12T06:21:00,2018-10-12T06:21:00,-3,-3
http://irail.be/vehicle/IC2004,http://irail.be/stations/NMBS/008822228,IC,2018-10-12T06:23:00,2018-10-12T06:23:00,-43,-43
http://irail.be/vehicle/IC2004,http://irail.be/stations/NMBS/008822210,IC,2018-10-12T06:24:00,2018-10-12T06:24:00,-43,-43
http://irail.be/vehicle/IC2004,http://irail.be/stations/NMBS/008821311,IC,2018-10-12T06:26:00,2018-10-12T06:26:00,-48,-48
http://irail.be/vehicle/IC2004,http://irail.be/stations/NMBS/008821337,IC,2018-10-12T06:27:00,2018-10-12T06:27:00,-53,-53
http://irail.be/vehicle/IC2004,http://irail.be/stations/NMBS/008821238,IC,2018-10-12T06:28:00,2018-10-12T06:28:00,-62,-62
http://irail.be/vehicle/IC2004,http://irail.be/stations/NMBS/008821154,IC,2018-10-12T06:28:00,2018-10-12T06:28:00,-29,-29
http://irail.be/vehicle/IC2004,http://irail.be/stations/NMBS/008821121,IC,2018-10-12T06:32:00,2018-10-12T06:30:00,6,-40
http://irail.be/vehicle/IC2004,http://irail.be/stations/NMBS/008821006,IC,2018-10-12T06:39:00,2018-10-12T06:36:00,1,-52
http://irail.be/vehicle/IC2004,http://irail.be/stations/NMBS/008821063,IC,2018-10-12T06:44:00,2018-10-12T06:43:00,-107,-107
http://irail.be/vehicle/IC2004,http://irail.be/stations/NMBS/008821089,IC,2018-10-12T06:51:00,2018-10-12T06:47:00,-12,48
http://irail.be/vehicle/IC2004,NO-URI,IC,2018-10-12T06:54:00,2018-10-12T06:54:00,,-204
http://irail.be/vehicle/IC2004,http://irail.be/stations/NMBS/008814001,IC,2018-01-30T05:50:00,2018-01-30T05:50:00,12,
http://irail.be/vehicle/IC2004,http://irail.be/stations/NMBS/008813037,IC,2018-01-30T05:52:00,2018-01-30T05:52:00,64,64
http://irail.be/vehicle/IC2004,http://irail.be/stations/NMBS/008813003,IC,2018-01-30T05:54:00,2018-01-30T05:53:00,98,74
http://irail.be/vehicle/IC2004,http://irail.be/stations/NMBS/008813045,IC,2018-01-30T05:55:00,2018-01-30T05:55:00,116,116
http://irail.be/vehicle/IC2004,http://irail.be/stations/NMBS/008812005,IC,2018-01-30T06:01:00,2018-01-30T05:58:00,42,116
http://irail.be/vehicle/IC2004,http://irail.be/stations/NMBS/008811007,IC,2018-01-30T06:04:00,2018-01-30T06:04:00,11,11
http://irail.be/vehicle/IC2004,http://irail.be/stations/NMBS/008811148,IC,2018-01-30T06:07:00,2018-01-30T06:07:00,3,3
http://irail.be/vehicle/IC2004,http://irail.be/stations/NMBS/008811189,IC,2018-01-30T06:08:00,2018-01-30T06:08:00,3,3
http://irail.be/vehicle/IC2004,http://irail.be/stations/NMBS/008822269,IC,2018-01-30T06:11:00,2018-01-30T06:11:00,2,2
http://irail.be/vehicle/IC2004,http://irail.be/stations/NMBS/008822251,IC,2018-01-30T06:12:00,2018-01-30T06:12:00,-50,-50
http://irail.be/vehicle/IC2004,http://irail.be/stations/NMBS/008822004,IC,2018-01-30T06:18:00,2018-01-30T06:16:00,14,-66
http://irail.be/vehicle/IC2004,http://irail.be/stations/NMBS/008822343,IC,2018-01-30T06:20:00,2018-01-30T06:20:00,14,14
http://irail.be/vehicle/IC2004,http://irail.be/stations/NMBS/008822228,IC,2018-01-30T06:23:00,2018-01-30T06:23:00,-13,-13
http://irail.be/vehicle/IC2004,http://irail.be/stations/NMBS/008822210,IC,2018-01-30T06:24:00,2018-01-30T06:24:00,-13,-13
http://irail.be/vehicle/IC2004,http://irail.be/stations/NMBS/008821311,IC,2018-01-30T06:26:00,2018-01-30T06:26:00,-13,-13
http://irail.be/vehicle/IC2004,http://irail.be/stations/NMBS/008821337,IC,2018-01-30T06:27:00,2018-01-30T06:27:00,-13,-13
http://irail.be/vehicle/IC2004,http://irail.be/stations/NMBS/008821238,IC,2018-01-30T06:28:00,2018-01-30T06:28:00,-14,-14
http://irail.be/vehicle/IC2004,http://irail.be/stations/NMBS/008821154,IC,2018-01-30T06:29:00,2018-01-30T06:29:00,-26,-26
http://irail.be/vehicle/IC2004,http://irail.be/stations/NMBS/008821121,IC,2018-01-30T06:31:00,2018-01-30T06:30:00,102,17
http://irail.be/vehicle/IC2004,http://irail.be/stations/NMBS/008821006,IC,2018-01-30T06:39:00,2018-01-30T06:35:00,80,61
http://irail.be/vehicle/IC2004,http://irail.be/stations/NMBS/008821063,IC,2018-01-30T06:43:00,2018-01-30T06:43:00,38,38
http://irail.be/vehicle/IC2004,http://irail.be/stations/NMBS/008821089,IC,2018-01-30T06:46:00,2018-01-30T06:46:00,3,3
http://irail.be/vehicle/IC2004,NO-URI,IC,2018-01-30T06:49:00,2018-01-30T06:49:00,,4
http://irail.be/vehicle/IC2004,http://irail.be/stations/NMBS/008814001,IC,2018-08-30T05:50:00,2018-08-30T05:50:00,10,
http://irail.be/vehicle/IC2004,http://irail.be/stations/NMBS/008813037,IC,2018-08-30T05:52:00,2018-08-30T05:52:00,85,85
http://irail.be/vehicle/IC2004,http://irail.be/stations/NMBS/008813003,IC,2018-08-30T05:54:00,2018-08-30T05:53:00,133,100
http://irail.be/vehicle/IC2004,http://irail.be/stations/NMBS/008813045,IC,2018-08-30T05:55:00,2018-08-30T05:55:00,147,147
http://irail.be/vehicle/IC2004,http://irail.be/stations/NMBS/008812005,IC,2018-08-30T06:01:00,2018-08-30T05:58:00,33,147
http://irail.be/vehicle/IC2004,http://irail.be/stations/NMBS/008811007,IC,2018-08-30T06:04:00,2018-08-30T06:04:00,-11,-11
http://irail.be/vehicle/IC2004,http://irail.be/stations/NMBS/008811148,IC,2018-08-30T06:07:00,2018-08-30T06:07:00,-19,-19
http://irail.be/vehicle/IC2004,http://irail.be/stations/NMBS/008811189,IC,2018-08-30T06:08:00,2018-08-30T06:08:00,-19,-19
http://irail.be/vehicle/IC2004,http://irail.be/stations/NMBS/008822269,IC,2018-08-30T06:11:00,2018-08-30T06:11:00,-18,-18
http://irail.be/vehicle/IC2004,http://irail.be/stations/NMBS/008822251,IC,2018-08-30T06:12:00,2018-08-30T06:12:00,-83,-83
http://irail.be/vehicle/IC2004,http://irail.be/stations/NMBS/008822004,IC,2018-08-30T06:18:00,2018-08-30T06:16:00,-20,-123
http://irail.be/vehicle/IC2004,http://irail.be/stations/NMBS/008822343,IC,2018-08-30T06:21:00,2018-08-30T06:21:00,-20,-20
http://irail.be/vehicle/IC2004,http://irail.be/stations/NMBS/008822228,IC,2018-08-30T06:23:00,2018-08-30T06:23:00,-60,-60
http://irail.be/vehicle/IC2004,http://irail.be/stations/NMBS/008822210,IC,2018-08-30T06:24:00,2018-08-30T06:24:00,-60,-60
http://irail.be/vehicle/IC2004,http://irail.be/stations/NMBS/008821311,IC,2018-08-30T06:26:00,2018-08-30T06:26:00,-62,-62
http://irail.be/vehicle/IC2004,http://irail.be/stations/NMBS/008821337,IC,2018-08-30T06:27:00,2018-08-30T06:27:00,-67,-67
http://irail.be/vehicle/IC2004,http://irail.be/stations/NMBS/008821238,IC,2018-08-30T06:28:00,2018-08-30T06:28:00,-75,-75
http://irail.be/vehicle/IC2004,http://irail.be/stations/NMBS/008821154,IC,2018-08-30T06:28:00,2018-08-30T06:28:00,-43,-43
http://irail.be/vehicle/IC2004,http://irail.be/stations/NMBS/008821121,IC,2018-08-30T06:31:00,2018-08-30T06:30:00,25,-33
http://irail.be/vehicle/IC2004,http://irail.be/stations/NMBS/008821006,IC,2018-08-30T06:39:00,2018-08-30T06:35:00,17,-11
http://irail.be/vehicle/IC2004,http://irail.be/stations/NMBS/008821063,IC,2018-08-30T06:44:00,2018-08-30T06:43:00,-67,-67
http://irail.be/vehicle/IC2004,http://irail.be/stations/NMBS/008821089,IC,2018-08-30T06:51:00,2018-08-30T06:47:00,-86,104
http://irail.be/vehicle/IC2004,NO-URI,IC,2018-08-30T06:54:00,2018-08-30T06:54:00,,-86
http://irail.be/vehicle/IC2004,http://irail.be/stations/NMBS/008814001,IC,2018-08-27T05:50:00,2018-08-27T05:50:00,20,
http://irail.be/vehicle/IC2004,http://irail.be/stations/NMBS/008813037,IC,2018-08-27T05:52:00,2018-08-27T05:52:00,59,59
http://irail.be/vehicle/IC2004,http://irail.be/stations/NMBS/008813003,IC,2018-08-27T05:54:00,2018-08-27T05:53:00,82,67
http://irail.be/vehicle/IC2004,http://irail.be/stations/NMBS/008813045,IC,2018-08-27T05:55:00,2018-08-27T05:55:00,92,92
http://irail.be/vehicle/IC2004,http://irail.be/stations/NMBS/008812005,IC,2018-08-27T06:01:00,2018-08-27T05:58:00,51,83
http://irail.be/vehicle/IC2004,http://irail.be/stations/NMBS/008811007,IC,2018-08-27T06:04:00,2018-08-27T06:04:00,6,6
http://irail.be/vehicle/IC2004,http://irail.be/stations/NMBS/008811148,IC,2018-08-27T06:07:00,2018-08-27T06:07:00,0,0
http://irail.be/vehicle/IC2004,http://irail.be/stations/NMBS/008811189,IC,2018-08-27T06:08:00,2018-08-27T06:08:00,0,0
http://irail.be/vehicle/IC2004,http://irail.be/stations/NMBS/008822269,IC,2018-08-27T06:11:00,2018-08-27T06:11:00,0,0
http://irail.be/vehicle/IC2004,http://irail.be/stations/NMBS/008822251,IC,2018-08-27T06:12:00,2018-08-27T06:12:00,-53,-53
http://irail.be/vehicle/IC2004,http://irail.be/stations/NMBS/008822004,IC,2018-08-27T06:18:00,2018-08-27T06:16:00,-12,-84
http://irail.be/vehicle/IC2004,http://irail.be/stations/NMBS/008822343,IC,2018-08-27T06:21:00,2018-08-27T06:21:00,-12,-12
http://irail.be/vehicle/IC2004,http://irail.be/stations/NMBS/008822228,IC,2018-08-27T06:23:00,2018-08-27T06:23:00,-63,-63
http://irail.be/vehicle/IC2004,http://irail.be/stations/NMBS/008822210,IC,2018-08-27T06:24:00,2018-08-27T06:24:00,-63,-63
http://irail.be/vehicle/IC2004,http://irail.be/stations/NMBS/008821311,IC,2018-08-27T06:26:00,2018-08-27T06:26:00,-66,-66
http://irail.be/vehicle/IC2004,http://irail.be/stations/NMBS/008821337,IC,2018-08-27T06:27:00,2018-08-27T06:27:00,-68,-68
http://irail.be/vehicle/IC2004,http://irail.be/stations/NMBS/008821238,IC,2018-08-27T06:28:00,2018-08-27T06:28:00,-70,-70
http://irail.be/vehicle/IC2004,http://irail.be/stations/NMBS/008821154,IC,2018-08-27T06:28:00,2018-08-27T06:28:00,-27,-27
http://irail.be/vehicle/IC2004,http://irail.be/stations/NMBS/008821121,IC,2018-08-27T06:31:00,2018-08-27T06:30:00,45,-16
http://irail.be/vehicle/IC2004,http://irail.be/stations/NMBS/008821006,IC,2018-08-27T06:39:00,2018-08-27T06:35:00,11,-4
http://irail.be/vehicle/IC2004,http://irail.be/stations/NMBS/008821063,IC,2018-08-27T06:44:00,2018-08-27T06:43:00,-82,-82
http://irail.be/vehicle/IC2004,http://irail.be/stations/NMBS/008821089,IC,2018-08-27T06:51:00,2018-08-27T06:47:00,44,104
http://irail.be/vehicle/IC2004,NO-URI,IC,2018-08-27T06:54:00,2018-08-27T06:54:00,,-139
http://irail.be/vehicle/IC2004,http://irail.be/stations/NMBS/008814001,IC,2018-01-18T05:50:00,2018-01-18T05:50:00,11,
http://irail.be/vehicle/IC2004,http://irail.be/stations/NMBS/008813037,IC,2018-01-18T05:52:00,2018-01-18T05:52:00,48,48
http://irail.be/vehicle/IC2004,http://irail.be/stations/NMBS/008813003,IC,2018-01-18T05:54:00,2018-01-18T05:53:00,62,50
http://irail.be/vehicle/IC2004,http://irail.be/stations/NMBS/008813045,IC,2018-01-18T05:55:00,2018-01-18T05:55:00,70,70
http://irail.be/vehicle/IC2004,http://irail.be/stations/NMBS/008812005,IC,2018-01-18T06:01:00,2018-01-18T05:58:00,53,66
http://irail.be/vehicle/IC2004,http://irail.be/stations/NMBS/008811007,IC,2018-01-18T06:04:00,2018-01-18T06:04:00,15,15
http://irail.be/vehicle/IC2004,http://irail.be/stations/NMBS/008811148,IC,2018-01-18T06:07:00,2018-01-18T06:07:00,8,8
http://irail.be/vehicle/IC2004,http://irail.be/stations/NMBS/008811189,IC,2018-01-18T06:08:00,2018-01-18T06:08:00,8,8
http://irail.be/vehicle/IC2004,http://irail.be/stations/NMBS/008822269,IC,2018-01-18T06:11:00,2018-01-18T06:11:00,8,8
http://irail.be/vehicle/IC2004,http://irail.be/stations/NMBS/008822251,IC,2018-01-18T06:12:00,2018-01-18T06:12:00,-40,-40
http://irail.be/vehicle/IC2004,http://irail.be/stations/NMBS/008822004,IC,2018-01-18T06:18:00,2018-01-18T06:16:00,11,-59
http://irail.be/vehicle/IC2004,http://irail.be/stations/NMBS/008822343,IC,2018-01-18T06:20:00,2018-01-18T06:20:00,11,11
http://irail.be/vehicle/IC2004,http://irail.be/stations/NMBS/008822228,IC,2018-01-18T06:23:00,2018-01-18T06:23:00,17,17
http://irail.be/vehicle/IC2004,http://irail.be/stations/NMBS/008822210,IC,2018-01-18T06:24:00,2018-01-18T06:24:00,17,17
http://irail.be/vehicle/IC2004,http://irail.be/stations/NMBS/008821311,IC,2018-01-18T06:26:00,2018-01-18T06:26:00,17,17
http://irail.be/vehicle/IC2004,http://irail.be/stations/NMBS/008821337,IC,2018-01-18T06:27:00,2018-01-18T06:27:00,32,32
http://irail.be/vehicle/IC2004,http://irail.be/stations/NMBS/008821238,IC,2018-01-18T06:28:00,2018-01-18T06:28:00,33,33
http://irail.be/vehicle/IC2004,http://irail.be/stations/NMBS/008821154,IC,2018-01-18T06:29:00,2018-01-18T06:29:00,22,22
http://irail.be/vehicle/IC2004,http://irail.be/stations/NMBS/008821121,IC,2018-01-18T06:31:00,2018-01-18T06:30:00,120,65
http://irail.be/vehicle/IC2004,http://irail.be/stations/NMBS/008821006,IC,2018-01-18T06:39:00,2018-01-18T06:35:00,58,83
http://irail.be/vehicle/IC2004,http://irail.be/stations/NMBS/008821063,IC,2018-01-18T06:43:00,2018-01-18T06:43:00,58,58
http://irail.be/vehicle/IC2004,http://irail.be/stations/NMBS/008821089,IC,2018-01-18T06:46:00,2018-01-18T06:46:00,155,155
http://irail.be/vehicle/IC2004,NO-URI,IC,2018-01-18T06:49:00,2018-01-18T06:49:00,,172
http://irail.be/vehicle/IC2004,http://irail.be/stations/NMBS/008814001,IC,2018-11-13T05:50:00,2018-11-13T05:50:00,19,
http://irail.be/vehicle/IC2004,http://irail.be/stations/NMBS/008813037,IC,2018-11-13T05:52:00,2018-11-13T05:52:00,67,67
http://irail.be/vehicle/IC2004,http://irail.be/stations/NMBS/008813003,IC,2018-11-13T05:54:00,2018-11-13T05:53:00,78,72
http://irail.be/vehicle/IC2004,http://irail.be/stations/NMBS/008813045,IC,2018-11-13T05:56:00,2018-11-13T05:56:00,57,57
http://irail.be/vehicle/IC2004,http://irail.be/stations/NMBS/008812005,IC,2018-11-13T06:02:00,2018-11-13T05:58:00,59,50
http://irail.be/vehicle/IC2004,http://irail.be/stations/NMBS/008811007,IC,2018-11-13T06:05:00,2018-11-13T06:05:00,51,51
http://irail.be/vehicle/IC2004,http://irail.be/stations/NMBS/008811148,IC,2018-11-13T06:08:00,2018-11-13T06:08:00,38,38
http://irail.be/vehicle/IC2004,http://irail.be/stations/NMBS/008811189,IC,2018-11-13T06:09:00,2018-11-13T06:09:00,38,38
http://irail.be/vehicle/IC2004,http://irail.be/stations/NMBS/008822269,IC,2018-11-13T06:11:00,2018-11-13T06:11:00,38,38
http://irail.be/vehicle/IC2004,http://irail.be/stations/NMBS/008822251,IC,2018-11-13T06:12:00,2018-11-13T06:12:00,33,33
http://irail.be/vehicle/IC2004,http://irail.be/stations/NMBS/008822004,IC,2018-11-13T06:18:00,2018-11-13T06:16:00,4,-12
http://irail.be/vehicle/IC2004,http://irail.be/stations/NMBS/008822343,IC,2018-11-13T06:21:00,2018-11-13T06:21:00,4,4
http://irail.be/vehicle/IC2004,http://irail.be/stations/NMBS/008822228,IC,2018-11-13T06:23:00,2018-11-13T06:23:00,-44,-44
http://irail.be/vehicle/IC2004,http://irail.be/stations/NMBS/008822210,IC,2018-11-13T06:24:00,2018-11-13T06:24:00,-44,-44
http://irail.be/vehicle/IC2004,http://irail.be/stations/NMBS/008821311,IC,2018-11-13T06:26:00,2018-11-13T06:26:00,-36,-36
http://irail.be/vehicle/IC2004,http://irail.be/stations/NMBS/008821337,IC,2018-11-13T06:27:00,2018-11-13T06:27:00,-23,-23
http://irail.be/vehicle/IC2004,http://irail.be/stations/NMBS/008821238,IC,2018-11-13T06:28:00,2018-11-13T06:28:00,-22,-22
http://irail.be/vehicle/IC2004,http://irail.be/stations/NMBS/008821154,IC,2018-11-13T06:28:00,2018-11-13T06:28:00,17,17
http://irail.be/vehicle/IC2004,http://irail.be/stations/NMBS/008821121,IC,2018-11-13T06:32:00,2018-11-13T06:30:00,24,11
http://irail.be/vehicle/IC2004,http://irail.be/stations/NMBS/008821006,IC,2018-11-13T06:39:00,2018-11-13T06:36:00,19,-17
http://irail.be/vehicle/IC2004,http://irail.be/stations/NMBS/008821063,IC,2018-11-13T06:44:00,2018-11-13T06:43:00,-15,-15
http://irail.be/vehicle/IC2004,http://irail.be/stations/NMBS/008821089,IC,2018-11-13T06:51:00,2018-11-13T06:47:00,34,245
http://irail.be/vehicle/IC2004,NO-URI,IC,2018-11-13T06:54:00,2018-11-13T06:54:00,,34
http://irail.be/vehicle/IC2004,http://irail.be/stations/NMBS/008814001,IC,2018-12-19T05:49:00,2018-12-19T05:49:00,-22,
http://irail.be/vehicle/IC2004,http://irail.be/stations/NMBS/008813037,IC,2018-12-19T05:51:00,2018-12-19T05:51:00,7,7
http://irail.be/vehicle/IC2004,http://irail.be/stations/NMBS/008813003,IC,2018-12-19T05:54:00,2018-12-19T05:53:00,28,27
http://irail.be/vehicle/IC2004,http://irail.be/stations/NMBS/008813045,IC,2018-12-19T05:55:00,2018-12-19T05:55:00,35,35
http://irail.be/vehicle/IC2004,http://irail.be/stations/NMBS/008812005,IC,2018-12-19T06:02:00,2018-12-19T05:58:00,34,26
http://irail.be/vehicle/IC2004,http://irail.be/stations/NMBS/008811007,IC,2018-12-19T06:05:00,2018-12-19T06:05:00,34,34
http://irail.be/vehicle/IC2004,NO-URI,IC,2018-12-19T06:08:25,2018-12-19T06:08:31,93,93
http://irail.be/vehicle/IC2004,NO-URI,IC,2018-12-19T06:09:14,2018-12-19T06:09:14,118,118
http://irail.be/vehicle/IC2004,http://irail.be/stations/NMBS/008811189,IC,2018-12-19T06:09:00,2018-12-19T06:09:00,205,205
http://irail.be/vehicle/IC2004,http://irail.be/stations/NMBS/008822269,IC,2018-12-19T06:11:00,2018-12-19T06:11:00,305,305
http://irail.be/vehicle/IC2004,http://irail.be/stations/NMBS/008822251,IC,2018-12-19T06:12:00,2018-12-19T06:12:00,331,331
http://irail.be/vehicle/IC2004,http://irail.be/stations/NMBS/008822004,IC,2018-12-19T06:18:00,2018-12-19T06:16:00,196,283
http://irail.be/vehicle/IC2004,http://irail.be/stations/NMBS/008822343,IC,2018-12-19T06:21:00,2018-12-19T06:21:00,196,196
http://irail.be/vehicle/IC2004,http://irail.be/stations/NMBS/008822228,IC,2018-12-19T06:23:00,2018-12-19T06:23:00,158,158
http://irail.be/vehicle/IC2004,http://irail.be/stations/NMBS/008822210,IC,2018-12-19T06:24:00,2018-12-19T06:24:00,158,158
http://irail.be/vehicle/IC2004,http://irail.be/stations/NMBS/008821311,IC,2018-12-19T06:26:00,2018-12-19T06:26:00,153,153
http://irail.be/vehicle/IC2004,http://irail.be/stations/NMBS/008821337,IC,2018-12-19T06:27:00,2018-12-19T06:27:00,148,148
http://irail.be/vehicle/IC2004,http://irail.be/stations/NMBS/008821238,IC,2018-12-19T06:28:00,2018-12-19T06:28:00,140,140
http://irail.be/vehicle/IC2004,http://irail.be/stations/NMBS/008821154,IC,2018-12-19T06:28:00,2018-12-19T06:28:00,175,175
http://irail.be/vehicle/IC2004,http://irail.be/stations/NMBS/008821121,IC,2018-12-19T06:32:00,2018-12-19T06:30:00,215,182
http://irail.be/vehicle/IC2004,http://irail.be/stations/NMBS/008821006,IC,2018-12-19T06:39:00,2018-12-19T06:36:00,120,166
http://irail.be/vehicle/IC2004,http://irail.be/stations/NMBS/008821063,IC,2018-12-19T06:44:00,2018-12-19T06:43:00,10,10
http://irail.be/vehicle/IC2004,http://irail.be/stations/NMBS/008821089,IC,2018-12-19T06:51:00,2018-12-19T06:47:00,-12,119
http://irail.be/vehicle/IC2004,NO-URI,IC,2018-12-19T06:54:00,2018-12-19T06:54:00,,-12
http://irail.be/vehicle/IC2004,http://irail.be/stations/NMBS/008814001,IC,2018-12-18T05:49:00,2018-12-18T05:49:00,12,
http://irail.be/vehicle/IC2004,http://irail.be/stations/NMBS/008813037,IC,2018-12-18T05:51:00,2018-12-18T05:51:00,26,26
http://irail.be/vehicle/IC2004,http://irail.be/stations/NMBS/008813003,IC,2018-12-18T05:54:00,2018-12-18T05:53:00,1,6
http://irail.be/vehicle/IC2004,http://irail.be/stations/NMBS/008813045,IC,2018-12-18T05:55:00,2018-12-18T05:55:00,6,6
http://irail.be/vehicle/IC2004,http://irail.be/stations/NMBS/008812005,IC,2018-12-18T06:02:00,2018-12-18T05:58:00,25,-10
http://irail.be/vehicle/IC2004,http://irail.be/stations/NMBS/008811007,IC,2018-12-18T06:05:00,2018-12-18T06:05:00,-29,-29
http://irail.be/vehicle/IC2004,http://irail.be/stations/NMBS/008811148,IC,2018-12-18T06:08:00,2018-12-18T06:08:00,-53,-53
http://irail.be/vehicle/IC2004,http://irail.be/stations/NMBS/008811189,IC,2018-12-18T06:09:00,2018-12-18T06:09:00,-53,-53
http://irail.be/vehicle/IC2004,http://irail.be/stations/NMBS/008822269,IC,2018-12-18T06:11:00,2018-12-18T06:11:00,-54,-54
http://irail.be/vehicle/IC2004,http://irail.be/stations/NMBS/008822251,IC,2018-12-18T06:12:00,2018-12-18T06:12:00,-65,-65
http://irail.be/vehicle/IC2004,http://irail.be/stations/NMBS/008822004,IC,2018-12-18T06:18:00,2018-12-18T06:16:00,-35,-110
http://irail.be/vehicle/IC2004,http://irail.be/stations/NMBS/008822343,IC,2018-12-18T06:21:00,2018-12-18T06:21:00,-35,-35
http://irail.be/vehicle/IC2004,http://irail.be/stations/NMBS/008822228,IC,2018-12-18T06:23:00,2018-12-18T06:23:00,-107,-107
http://irail.be/vehicle/IC2004,http://irail.be/stations/NMBS/008822210,IC,2018-12-18T06:24:00,2018-12-18T06:24:00,-107,-107
http://irail.be/vehicle/IC2004,http://irail.be/stations/NMBS/008821311,IC,2018-12-18T06:26:00,2018-12-18T06:26:00,-114,-114
http://irail.be/vehicle/IC2004,http://irail.be/stations/NMBS/008821337,IC,2018-12-18T06:27:00,2018-12-18T06:27:00,-121,-121
http://irail.be/vehicle/IC2004,http://irail.be/stations/NMBS/008821238,IC,2018-12-18T06:28:00,2018-12-18T06:28:00,-130,-130
http://irail.be/vehicle/IC2004,http://irail.be/stations/NMBS/008821154,IC,2018-12-18T06:28:00,2018-12-18T06:28:00,-95,-95
http://irail.be/vehicle/IC2004,http://irail.be/stations/NMBS/008821121,IC,2018-12-18T06:32:00,2018-12-18T06:30:00,-4,-108
http://irail.be/vehicle/IC2004,http://irail.be/stations/NMBS/008821006,IC,2018-12-18T06:39:00,2018-12-18T06:36:00,-3,-70
http://irail.be/vehicle/IC2004,http://irail.be/stations/NMBS/008821063,IC,2018-12-18T06:44:00,2018-12-18T06:43:00,-144,-144
http://irail.be/vehicle/IC2004,http://irail.be/stations/NMBS/008821089,IC,2018-12-18T06:51:00,2018-12-18T06:47:00,-107,-24
http://irail.be/vehicle/IC2004,NO-URI,IC,2018-12-18T06:54:00,2018-12-18T06:54:00,,-107
http://irail.be/vehicle/IC2004,http://irail.be/stations/NMBS/008814001,IC,2018-12-04T05:50:00,2018-12-04T05:50:00,49,
http://irail.be/vehicle/IC2004,http://irail.be/stations/NMBS/008813037,IC,2018-12-04T05:52:00,2018-12-04T05:52:00,101,101
http://irail.be/vehicle/IC2004,http://irail.be/stations/NMBS/008813003,IC,2018-12-04T05:54:00,2018-12-04T05:53:00,126,118
http://irail.be/vehicle/IC2004,http://irail.be/stations/NMBS/008813045,IC,2018-12-04T05:56:00,2018-12-04T05:56:00,106,106
http://irail.be/vehicle/IC2004,http://irail.be/stations/NMBS/008812005,IC,2018-12-04T06:02:00,2018-12-04T05:58:00,66,107
http://irail.be/vehicle/IC2004,http://irail.be/stations/NMBS/008811007,IC,2018-12-04T06:05:00,2018-12-04T06:05:00,31,31
http://irail.be/vehicle/IC2004,http://irail.be/stations/NMBS/008811148,IC,2018-12-04T06:08:00,2018-12-04T06:08:00,36,36
http://irail.be/vehicle/IC2004,http://irail.be/stations/NMBS/008811189,IC,2018-12-04T06:09:00,2018-12-04T06:09:00,36,36
http://irail.be/vehicle/IC2004,http://irail.be/stations/NMBS/008822269,IC,2018-12-04T06:11:00,2018-12-04T06:11:00,45,45
http://irail.be/vehicle/IC2004,http://irail.be/stations/NMBS/008822251,IC,2018-12-04T06:12:00,2018-12-04T06:12:00,43,43
http://irail.be/vehicle/IC2004,http://irail.be/stations/NMBS/008822004,IC,2018-12-04T06:18:00,2018-12-04T06:16:00,-18,5
http://irail.be/vehicle/IC2004,http://irail.be/stations/NMBS/008822343,IC,2018-12-04T06:21:00,2018-12-04T06:21:00,-18,-18
http://irail.be/vehicle/IC2004,http://irail.be/stations/NMBS/008822228,IC,2018-12-04T06:23:00,2018-12-04T06:23:00,-62,-62
http://irail.be/vehicle/IC2004,http://irail.be/stations/NMBS/008822210,IC,2018-12-04T06:24:00,2018-12-04T06:24:00,-62,-62
http://irail.be/vehicle/IC2004,http://irail.be/stations/NMBS/008821311,IC,2018-12-04T06:26:00,2018-12-04T06:26:00,-52,-52
http://irail.be/vehicle/IC2004,http://irail.be/stations/NMBS/008821337,IC,2018-12-04T06:27:00,2018-12-04T06:27:00,-36,-36
http://irail.be/vehicle/IC2004,http://irail.be/stations/NMBS/008821238,IC,2018-12-04T06:28:00,2018-12-04T06:28:00,-24,-24
http://irail.be/vehicle/IC2004,http://irail.be/stations/NMBS/008821154,IC,2018-12-04T06:28:00,2018-12-04T06:28:00,22,22
http://irail.be/vehicle/IC2004,http://irail.be/stations/NMBS/008821121,IC,2018-12-04T06:32:00,2018-12-04T06:30:00,9,26
http://irail.be/vehicle/IC2004,http://irail.be/stations/NMBS/008821006,IC,2018-12-04T06:39:00,2018-12-04T06:36:00,2,-29
http://irail.be/vehicle/IC2004,http://irail.be/stations/NMBS/008821063,IC,2018-12-04T06:44:00,2018-12-04T06:43:00,-86,-86
http://irail.be/vehicle/IC2004,http://irail.be/stations/NMBS/008821089,IC,2018-12-04T06:51:00,2018-12-04T06:47:00,-29,200
http://irail.be/vehicle/IC2004,NO-URI,IC,2018-12-04T06:54:00,2018-12-04T06:54:00,,-29
http://irail.be/vehicle/IC2004,http://irail.be/stations/NMBS/008814001,IC,2018-07-17T05:50:00,2018-07-17T05:50:00,-8,
http://irail.be/vehicle/IC2004,http://irail.be/stations/NMBS/008813037,IC,2018-07-17T05:52:00,2018-07-17T05:52:00,127,127
http://irail.be/vehicle/IC2004,http://irail.be/stations/NMBS/008813003,IC,2018-07-17T05:54:00,2018-07-17T05:53:00,157,131
http://irail.be/vehicle/IC2004,http://irail.be/stations/NMBS/008813045,IC,2018-07-17T05:55:00,2018-07-17T05:55:00,160,160
http://irail.be/vehicle/IC2004,http://irail.be/stations/NMBS/008812005,IC,2018-07-17T06:01:00,2018-07-17T05:58:00,32,145
http://irail.be/vehicle/IC2004,http://irail.be/stations/NMBS/008811007,IC,2018-07-17T06:04:00,2018-07-17T06:04:00,-30,-30
http://irail.be/vehicle/IC2004,http://irail.be/stations/NMBS/008811148,IC,2018-07-17T06:07:00,2018-07-17T06:07:00,-58,-58
http://irail.be/vehicle/IC2004,http://irail.be/stations/NMBS/008811189,IC,2018-07-17T06:08:00,2018-07-17T06:08:00,-58,-58
http://irail.be/vehicle/IC2004,http://irail.be/stations/NMBS/008822269,IC,2018-07-17T06:11:00,2018-07-17T06:11:00,-61,-61
http://irail.be/vehicle/IC2004,http://irail.be/stations/NMBS/008822251,IC,2018-07-17T06:12:00,2018-07-17T06:12:00,-129,-129
http://irail.be/vehicle/IC2004,http://irail.be/stations/NMBS/008822004,IC,2018-07-17T06:18:00,2018-07-17T06:16:00,-28,-186
http://irail.be/vehicle/IC2004,http://irail.be/stations/NMBS/008822343,IC,2018-07-17T06:21:00,2018-07-17T06:21:00,-28,-28
http://irail.be/vehicle/IC2004,http://irail.be/stations/NMBS/008822228,IC,2018-07-17T06:23:00,2018-07-17T06:23:00,-106,-106
http://irail.be/vehicle/IC2004,http://irail.be/stations/NMBS/008822210,IC,2018-07-17T06:24:00,2018-07-17T06:24:00,-106,-106
http://irail.be/vehicle/IC2004,http://irail.be/stations/NMBS/008821311,IC,2018-07-17T06:26:00,2018-07-17T06:26:00,-121,-121
http://irail.be/vehicle/IC2004,http://irail.be/stations/NMBS/008821337,IC,2018-07-17T06:27:00,2018-07-17T06:27:00,-133,-133
http://irail.be/vehicle/IC2004,http://irail.be/stations/NMBS/008821238,IC,2018-07-17T06:28:00,2018-07-17T06:28:00,-144,-144
http://irail.be/vehicle/IC2004,http://irail.be/stations/NMBS/008821154,IC,2018-07-17T06:28:00,2018-07-17T06:28:00,-112,-112
http://irail.be/vehicle/IC2004,http://irail.be/stations/NMBS/008821121,IC,2018-07-17T06:31:00,2018-07-17T06:30:00,1,-123
http://irail.be/vehicle/IC2004,http://irail.be/stations/NMBS/008821006,IC,2018-07-17T06:39:00,2018-07-17T06:35:00,-4,-32
http://irail.be/vehicle/IC2004,http://irail.be/stations/NMBS/008821063,IC,2018-07-17T06:44:00,2018-07-17T06:43:00,-135,-135
http://irail.be/vehicle/IC2004,http://irail.be/stations/NMBS/008821089,IC,2018-07-17T06:51:00,2018-07-17T06:47:00,-152,-21
http://irail.be/vehicle/IC2004,NO-URI,IC,2018-07-17T06:54:00,2018-07-17T06:54:00,,-152
http://irail.be/vehicle/IC2004,http://irail.be/stations/NMBS/008814001,IC,2018-09-05T05:50:00,2018-09-05T05:50:00,-6,
http://irail.be/vehicle/IC2004,http://irail.be/stations/NMBS/008813037,IC,2018-09-05T05:52:00,2018-09-05T05:52:00,31,31
http://irail.be/vehicle/IC2004,http://irail.be/stations/NMBS/008813003,IC,2018-09-05T05:54:00,2018-09-05T05:53:00,61,36
http://irail.be/vehicle/IC2004,http://irail.be/stations/NMBS/008813045,IC,2018-09-05T05:56:00,2018-09-05T05:56:00,35,35
http://irail.be/vehicle/IC2004,http://irail.be/stations/NMBS/008812005,IC,2018-09-05T06:02:00,2018-09-05T05:58:00,42,31
http://irail.be/vehicle/IC2004,http://irail.be/stations/NMBS/008811007,IC,2018-09-05T06:05:00,2018-09-05T06:05:00,-4,-4
http://irail.be/vehicle/IC2004,http://irail.be/stations/NMBS/008811148,IC,2018-09-05T06:08:00,2018-09-05T06:08:00,41,41
http://irail.be/vehicle/IC2004,http://irail.be/stations/NMBS/008811189,IC,2018-09-05T06:09:00,2018-09-05T06:09:00,41,41
http://irail.be/vehicle/IC2004,http://irail.be/stations/NMBS/008822269,IC,2018-09-05T06:11:00,2018-09-05T06:11:00,67,67
http://irail.be/vehicle/IC2004,http://irail.be/stations/NMBS/008822251,IC,2018-09-05T06:12:00,2018-09-05T06:12:00,63,63
http://irail.be/vehicle/IC2004,http://irail.be/stations/NMBS/008822004,IC,2018-09-05T06:18:00,2018-09-05T06:16:00,-12,18
http://irail.be/vehicle/IC2004,http://irail.be/stations/NMBS/008822343,IC,2018-09-05T06:21:00,2018-09-05T06:21:00,-12,-12
http://irail.be/vehicle/IC2004,http://irail.be/stations/NMBS/008822228,IC,2018-09-05T06:23:00,2018-09-05T06:23:00,-73,-73
http://irail.be/vehicle/IC2004,http://irail.be/stations/NMBS/008822210,IC,2018-09-05T06:24:00,2018-09-05T06:24:00,-73,-73
http://irail.be/vehicle/IC2004,http://irail.be/stations/NMBS/008821311,IC,2018-09-05T06:26:00,2018-09-05T06:26:00,-79,-79
http://irail.be/vehicle/IC2004,http://irail.be/stations/NMBS/008821337,IC,2018-09-05T06:27:00,2018-09-05T06:27:00,-82,-82
http://irail.be/vehicle/IC2004,http://irail.be/stations/NMBS/008821238,IC,2018-09-05T06:28:00,2018-09-05T06:28:00,-85,-85
http://irail.be/vehicle/IC2004,http://irail.be/stations/NMBS/008821154,IC,2018-09-05T06:28:00,2018-09-05T06:28:00,-48,-48
http://irail.be/vehicle/IC2004,http://irail.be/stations/NMBS/008821121,IC,2018-09-05T06:32:00,2018-09-05T06:30:00,13,-55
http://irail.be/vehicle/IC2004,http://irail.be/stations/NMBS/008821006,IC,2018-09-05T06:39:00,2018-09-05T06:36:00,15,-50
http://irail.be/vehicle/IC2004,http://irail.be/stations/NMBS/008821063,IC,2018-09-05T06:44:00,2018-09-05T06:43:00,-106,-106
http://irail.be/vehicle/IC2004,http://irail.be/stations/NMBS/008821089,IC,2018-09-05T06:51:00,2018-09-05T06:47:00,109,169
http://irail.be/vehicle/IC2004,NO-URI,IC,2018-09-05T06:54:00,2018-09-05T06:54:00,,-81
http://irail.be/vehicle/IC2004,http://irail.be/stations/NMBS/008814001,IC,2018-07-24T05:50:00,2018-07-24T05:50:00,-9,
http://irail.be/vehicle/IC2004,http://irail.be/stations/NMBS/008813037,IC,2018-07-24T05:52:00,2018-07-24T05:52:00,46,46
http://irail.be/vehicle/IC2004,http://irail.be/stations/NMBS/008813003,IC,2018-07-24T05:54:00,2018-07-24T05:53:00,60,51
http://irail.be/vehicle/IC2004,http://irail.be/stations/NMBS/008813045,IC,2018-07-24T05:55:00,2018-07-24T05:55:00,64,64
http://irail.be/vehicle/IC2004,http://irail.be/stations/NMBS/008812005,IC,2018-07-24T06:01:00,2018-07-24T05:58:00,37,51
http://irail.be/vehicle/IC2004,http://irail.be/stations/NMBS/008811007,IC,2018-07-24T06:04:00,2018-07-24T06:04:00,1,1
http://irail.be/vehicle/IC2004,http://irail.be/stations/NMBS/008811148,IC,2018-07-24T06:07:00,2018-07-24T06:07:00,-11,-11
http://irail.be/vehicle/IC2004,http://irail.be/stations/NMBS/008811189,IC,2018-07-24T06:08:00,2018-07-24T06:08:00,-11,-11
http://irail.be/vehicle/IC2004,http://irail.be/stations/NMBS/008822269,IC,2018-07-24T06:11:00,2018-07-24T06:11:00,-9,-9
http://irail.be/vehicle/IC2004,http://irail.be/stations/NMBS/008822251,IC,2018-07-24T06:12:00,2018-07-24T06:12:00,-65,-65
http://irail.be/vehicle/IC2004,http://irail.be/stations/NMBS/008822004,IC,2018-07-24T06:18:00,2018-07-24T06:16:00,-26,-88
http://irail.be/vehicle/IC2004,http://irail.be/stations/NMBS/008822343,IC,2018-07-24T06:21:00,2018-07-24T06:21:00,-26,-26
http://irail.be/vehicle/IC2004,http://irail.be/stations/NMBS/008822228,IC,2018-07-24T06:23:00,2018-07-24T06:23:00,-78,-78
http://irail.be/vehicle/IC2004,http://irail.be/stations/NMBS/008822210,IC,2018-07-24T06:24:00,2018-07-24T06:24:00,-78,-78
http://irail.be/vehicle/IC2004,http://irail.be/stations/NMBS/008821311,IC,2018-07-24T06:26:00,2018-07-24T06:26:00,-66,-66
http://irail.be/vehicle/IC2004,http://irail.be/stations/NMBS/008821337,IC,2018-07-24T06:27:00,2018-07-24T06:27:00,-46,-46
http://irail.be/vehicle/IC2004,http://irail.be/stations/NMBS/008821238,IC,2018-07-24T06:28:00,2018-07-24T06:28:00,-33,-33
http://irail.be/vehicle/IC2004,http://irail.be/stations/NMBS/008821154,IC,2018-07-24T06:28:00,2018-07-24T06:28:00,16,16
http://irail.be/vehicle/IC2004,http://irail.be/stations/NMBS/008821121,IC,2018-07-24T06:31:00,2018-07-24T06:30:00,58,25
http://irail.be/vehicle/IC2004,http://irail.be/stations/NMBS/008821006,IC,2018-07-24T06:39:00,2018-07-24T06:35:00,17,43
http://irail.be/vehicle/IC2004,http://irail.be/stations/NMBS/008821063,IC,2018-07-24T06:44:00,2018-07-24T06:43:00,-91,-91
http://irail.be/vehicle/IC2004,http://irail.be/stations/NMBS/008821089,IC,2018-07-24T06:51:00,2018-07-24T06:47:00,-72,157
http://irail.be/vehicle/IC2004,NO-URI,IC,2018-07-24T06:54:00,2018-07-24T06:54:00,,-72
http://irail.be/vehicle/IC2004,http://irail.be/stations/NMBS/008814001,IC,2018-09-18T05:50:00,2018-09-18T05:50:00,-16,
http://irail.be/vehicle/IC2004,http://irail.be/stations/NMBS/008813037,IC,2018-09-18T05:52:00,2018-09-18T05:52:00,20,20
http://irail.be/vehicle/IC2004,http://irail.be/stations/NMBS/008813003,IC,2018-09-18T05:54:00,2018-09-18T05:53:00,19,23
http://irail.be/vehicle/IC2004,http://irail.be/stations/NMBS/008813045,IC,2018-09-18T05:56:00,2018-09-18T05:56:00,-8,-8
http://irail.be/vehicle/IC2004,http://irail.be/stations/NMBS/008812005,IC,2018-09-18T06:02:00,2018-09-18T05:58:00,32,-13
http://irail.be/vehicle/IC2004,http://irail.be/stations/NMBS/008811007,IC,2018-09-18T06:05:00,2018-09-18T06:05:00,-28,-28
http://irail.be/vehicle/IC2004,http://irail.be/stations/NMBS/008811148,IC,2018-09-18T06:08:00,2018-09-18T06:08:00,-32,-32
http://irail.be/vehicle/IC2004,http://irail.be/stations/NMBS/008811189,IC,2018-09-18T06:09:00,2018-09-18T06:09:00,-32,-32
http://irail.be/vehicle/IC2004,http://irail.be/stations/NMBS/008822269,IC,2018-09-18T06:11:00,2018-09-18T06:11:00,-27,-27
http://irail.be/vehicle/IC2004,http://irail.be/stations/NMBS/008822251,IC,2018-09-18T06:12:00,2018-09-18T06:12:00,6,6
http://irail.be/vehicle/IC2004,http://irail.be/stations/NMBS/008822004,IC,2018-09-18T06:18:00,2018-09-18T06:16:00,6,-5
http://irail.be/vehicle/IC2004,http://irail.be/stations/NMBS/008822343,IC,2018-09-18T06:21:00,2018-09-18T06:21:00,6,6
http://irail.be/vehicle/IC2004,http://irail.be/stations/NMBS/008822228,IC,2018-09-18T06:23:00,2018-09-18T06:23:00,-67,-67
http://irail.be/vehicle/IC2004,http://irail.be/stations/NMBS/008822210,IC,2018-09-18T06:24:00,2018-09-18T06:24:00,-67,-67
http://irail.be/vehicle/IC2004,http://irail.be/stations/NMBS/008821311,IC,2018-09-18T06:26:00,2018-09-18T06:26:00,-77,-77
http://irail.be/vehicle/IC2004,http://irail.be/stations/NMBS/008821337,IC,2018-09-18T06:27:00,2018-09-18T06:27:00,-84,-84
http://irail.be/vehicle/IC2004,http://irail.be/stations/NMBS/008821238,IC,2018-09-18T06:28:00,2018-09-18T06:28:00,-94,-94
http://irail.be/vehicle/IC2004,http://irail.be/stations/NMBS/008821154,IC,2018-09-18T06:28:00,2018-09-18T06:28:00,-62,-62
http://irail.be/vehicle/IC2004,http://irail.be/stations/NMBS/008821121,IC,2018-09-18T06:32:00,2018-09-18T06:30:00,4,-61
http://irail.be/vehicle/IC2004,http://irail.be/stations/NMBS/008821006,IC,2018-09-18T06:39:00,2018-09-18T06:36:00,14,-31
http://irail.be/vehicle/IC2004,http://irail.be/stations/NMBS/008821063,IC,2018-09-18T06:44:00,2018-09-18T06:43:00,-113,-113
http://irail.be/vehicle/IC2004,http://irail.be/stations/NMBS/008821089,IC,2018-09-18T06:51:00,2018-09-18T06:47:00,93,153
http://irail.be/vehicle/IC2004,NO-URI,IC,2018-09-18T06:54:00,2018-09-18T06:54:00,,-105
