http://irail.be/vehicle/IC3730,http://irail.be/stations/NMBS/008819406,IC,2018-08-09T09:31:00,2018-08-09T09:31:00,83,
http://irail.be/vehicle/IC3730,http://irail.be/stations/NMBS/008811007,IC,2018-08-09T09:38:00,2018-08-09T09:38:00,399,399
http://irail.be/vehicle/IC3730,http://irail.be/stations/NMBS/008812005,IC,2018-08-09T09:43:00,2018-08-09T09:41:00,485,435
http://irail.be/vehicle/IC3730,http://irail.be/stations/NMBS/008813045,IC,2018-08-09T09:45:00,2018-08-09T09:45:00,490,490
http://irail.be/vehicle/IC3730,http://irail.be/stations/NMBS/008813003,IC,2018-08-09T09:47:00,2018-08-09T09:46:00,628,621
http://irail.be/vehicle/IC3730,http://irail.be/stations/NMBS/008813037,IC,2018-08-09T09:49:00,2018-08-09T09:49:00,628,628
http://irail.be/vehicle/IC3730,http://irail.be/stations/NMBS/008814001,IC,2018-08-09T09:55:00,2018-08-09T09:51:00,614,670
http://irail.be/vehicle/IC3730,http://irail.be/stations/NMBS/008814308,IC,2018-08-09T10:05:00,2018-08-09T10:05:00,488,488
http://irail.be/vehicle/IC3730,http://irail.be/stations/NMBS/008814332,IC,2018-08-09T10:06:00,2018-08-09T10:06:00,486,486
http://irail.be/vehicle/IC3730,http://irail.be/stations/NMBS/008883808,IC,2018-08-09T10:07:00,2018-08-09T10:07:00,496,496
http://irail.be/vehicle/IC3730,http://irail.be/stations/NMBS/008883022,IC,2018-08-09T10:10:00,2018-08-09T10:10:00,441,441
http://irail.be/vehicle/IC3730,NO-URI,IC,2018-08-09T10:10:00,2018-08-09T10:10:00,446,446
http://irail.be/vehicle/IC3730,http://irail.be/stations/NMBS/008883006,IC,2018-08-09T10:17:00,2018-08-09T10:15:00,348,407
http://irail.be/vehicle/IC3730,http://irail.be/stations/NMBS/008883113,IC,2018-08-09T10:23:00,2018-08-09T10:22:00,290,288
http://irail.be/vehicle/IC3730,NO-URI,IC,2018-08-09T10:27:00,2018-08-09T10:27:00,229,229
http://irail.be/vehicle/IC3730,http://irail.be/stations/NMBS/008883121,IC,2018-08-09T10:27:00,2018-08-09T10:27:00,239,239
http://irail.be/vehicle/IC3730,http://irail.be/stations/NMBS/008881174,IC,2018-08-09T10:29:00,2018-08-09T10:29:00,203,203
http://irail.be/vehicle/IC3730,http://irail.be/stations/NMBS/008881166,IC,2018-08-09T10:32:00,2018-08-09T10:31:00,213,229
http://irail.be/vehicle/IC3730,http://irail.be/stations/NMBS/008881158,IC,2018-08-09T10:35:00,2018-08-09T10:35:00,213,213
http://irail.be/vehicle/IC3730,http://irail.be/stations/NMBS/008881125,IC,2018-08-09T10:36:00,2018-08-09T10:36:00,193,193
http://irail.be/vehicle/IC3730,http://irail.be/stations/NMBS/008881000,IC,2018-08-09T10:42:00,2018-08-09T10:42:00,,47
http://irail.be/vehicle/IC3730,http://irail.be/stations/NMBS/008819406,IC,2018-09-13T09:31:00,2018-09-13T09:31:00,9,
http://irail.be/vehicle/IC3730,http://irail.be/stations/NMBS/008811007,IC,2018-09-13T09:38:00,2018-09-13T09:38:00,105,105
http://irail.be/vehicle/IC3730,http://irail.be/stations/NMBS/008812005,IC,2018-09-13T09:43:00,2018-09-13T09:41:00,152,197
http://irail.be/vehicle/IC3730,http://irail.be/stations/NMBS/008813045,IC,2018-09-13T09:45:00,2018-09-13T09:45:00,154,154
http://irail.be/vehicle/IC3730,http://irail.be/stations/NMBS/008813003,IC,2018-09-13T09:47:00,2018-09-13T09:46:00,259,245
http://irail.be/vehicle/IC3730,http://irail.be/stations/NMBS/008813037,IC,2018-09-13T09:49:00,2018-09-13T09:49:00,259,259
http://irail.be/vehicle/IC3730,http://irail.be/stations/NMBS/008814001,IC,2018-09-13T09:55:00,2018-09-13T09:51:00,201,261
http://irail.be/vehicle/IC3730,http://irail.be/stations/NMBS/008814308,IC,2018-09-13T10:05:00,2018-09-13T10:05:00,93,93
http://irail.be/vehicle/IC3730,http://irail.be/stations/NMBS/008814332,IC,2018-09-13T10:06:00,2018-09-13T10:06:00,95,95
http://irail.be/vehicle/IC3730,http://irail.be/stations/NMBS/008883808,IC,2018-09-13T10:07:00,2018-09-13T10:07:00,252,252
http://irail.be/vehicle/IC3730,http://irail.be/stations/NMBS/008883022,IC,2018-09-13T10:10:00,2018-09-13T10:10:00,328,328
http://irail.be/vehicle/IC3730,NO-URI,IC,2018-09-13T10:10:00,2018-09-13T10:10:00,379,379
http://irail.be/vehicle/IC3730,http://irail.be/stations/NMBS/008883006,IC,2018-09-13T10:17:00,2018-09-13T10:15:00,432,489
http://irail.be/vehicle/IC3730,http://irail.be/stations/NMBS/008883113,IC,2018-09-13T10:23:00,2018-09-13T10:22:00,397,372
http://irail.be/vehicle/IC3730,NO-URI,IC,2018-09-13T10:27:00,2018-09-13T10:27:00,343,343
http://irail.be/vehicle/IC3730,http://irail.be/stations/NMBS/008883121,IC,2018-09-13T10:27:00,2018-09-13T10:27:00,352,352
http://irail.be/vehicle/IC3730,http://irail.be/stations/NMBS/008881174,IC,2018-09-13T10:29:00,2018-09-13T10:29:00,312,312
http://irail.be/vehicle/IC3730,http://irail.be/stations/NMBS/008881166,IC,2018-09-13T10:32:00,2018-09-13T10:31:00,400,340
http://irail.be/vehicle/IC3730,http://irail.be/stations/NMBS/008881158,IC,2018-09-13T10:34:00,2018-09-13T10:34:00,400,400
http://irail.be/vehicle/IC3730,http://irail.be/stations/NMBS/008881125,IC,2018-09-13T10:36:00,2018-09-13T10:36:00,362,362
http://irail.be/vehicle/IC3730,http://irail.be/stations/NMBS/008881000,IC,2018-09-13T10:42:00,2018-09-13T10:42:00,,315
http://irail.be/vehicle/IC3730,http://irail.be/stations/NMBS/008819406,IC,2018-09-14T09:31:00,2018-09-14T09:31:00,19,
http://irail.be/vehicle/IC3730,http://irail.be/stations/NMBS/008811007,IC,2018-09-14T09:38:00,2018-09-14T09:38:00,6,6
http://irail.be/vehicle/IC3730,http://irail.be/stations/NMBS/008812005,IC,2018-09-14T09:43:00,2018-09-14T09:41:00,14,72
http://irail.be/vehicle/IC3730,http://irail.be/stations/NMBS/008813045,IC,2018-09-14T09:45:00,2018-09-14T09:45:00,7,7
http://irail.be/vehicle/IC3730,http://irail.be/stations/NMBS/008813003,IC,2018-09-14T09:47:00,2018-09-14T09:46:00,68,40
http://irail.be/vehicle/IC3730,http://irail.be/stations/NMBS/008813037,IC,2018-09-14T09:49:00,2018-09-14T09:49:00,68,68
http://irail.be/vehicle/IC3730,http://irail.be/stations/NMBS/008814001,IC,2018-09-14T09:55:00,2018-09-14T09:51:00,84,74
http://irail.be/vehicle/IC3730,http://irail.be/stations/NMBS/008814308,IC,2018-09-14T10:05:00,2018-09-14T10:05:00,26,26
http://irail.be/vehicle/IC3730,http://irail.be/stations/NMBS/008814332,IC,2018-09-14T10:06:00,2018-09-14T10:06:00,31,31
http://irail.be/vehicle/IC3730,http://irail.be/stations/NMBS/008883808,IC,2018-09-14T10:07:00,2018-09-14T10:07:00,110,110
http://irail.be/vehicle/IC3730,http://irail.be/stations/NMBS/008883022,IC,2018-09-14T10:10:00,2018-09-14T10:10:00,180,180
http://irail.be/vehicle/IC3730,NO-URI,IC,2018-09-14T10:10:00,2018-09-14T10:10:00,230,230
http://irail.be/vehicle/IC3730,http://irail.be/stations/NMBS/008883006,IC,2018-09-14T10:17:00,2018-09-14T10:15:00,274,333
http://irail.be/vehicle/IC3730,http://irail.be/stations/NMBS/008883113,IC,2018-09-14T10:23:00,2018-09-14T10:22:00,275,251
http://irail.be/vehicle/IC3730,NO-URI,IC,2018-09-14T10:27:00,2018-09-14T10:27:00,239,239
http://irail.be/vehicle/IC3730,http://irail.be/stations/NMBS/008883121,IC,2018-09-14T10:27:00,2018-09-14T10:27:00,257,257
http://irail.be/vehicle/IC3730,http://irail.be/stations/NMBS/008881174,IC,2018-09-14T10:29:00,2018-09-14T10:29:00,239,239
http://irail.be/vehicle/IC3730,http://irail.be/stations/NMBS/008881166,IC,2018-09-14T10:32:00,2018-09-14T10:31:00,328,277
http://irail.be/vehicle/IC3730,http://irail.be/stations/NMBS/008881158,IC,2018-09-14T10:34:00,2018-09-14T10:34:00,328,328
http://irail.be/vehicle/IC3730,http://irail.be/stations/NMBS/008881125,IC,2018-09-14T10:36:00,2018-09-14T10:36:00,303,303
http://irail.be/vehicle/IC3730,http://irail.be/stations/NMBS/008881000,IC,2018-09-14T10:42:00,2018-09-14T10:42:00,,268
http://irail.be/vehicle/IC3730,http://irail.be/stations/NMBS/008819406,IC,2018-06-03T09:31:00,2018-06-03T09:31:00,-8,
http://irail.be/vehicle/IC3730,http://irail.be/stations/NMBS/008811007,IC,2018-06-03T09:38:00,2018-06-03T09:38:00,294,294
http://irail.be/vehicle/IC3730,http://irail.be/stations/NMBS/008812005,IC,2018-06-03T09:43:00,2018-06-03T09:41:00,388,301
http://irail.be/vehicle/IC3730,http://irail.be/stations/NMBS/008813045,IC,2018-06-03T09:45:00,2018-06-03T09:45:00,386,386
http://irail.be/vehicle/IC3730,http://irail.be/stations/NMBS/008813003,IC,2018-06-03T09:47:00,2018-06-03T09:46:00,592,515
http://irail.be/vehicle/IC3730,http://irail.be/stations/NMBS/008813037,IC,2018-06-03T09:48:00,2018-06-03T09:48:00,586,586
http://irail.be/vehicle/IC3730,http://irail.be/stations/NMBS/008814001,IC,2018-06-03T09:55:00,2018-06-03T09:51:00,782,857
http://irail.be/vehicle/IC3730,http://irail.be/stations/NMBS/008814308,IC,2018-06-03T10:04:00,2018-06-03T10:04:00,713,713
http://irail.be/vehicle/IC3730,http://irail.be/stations/NMBS/008814332,IC,2018-06-03T10:05:00,2018-06-03T10:05:00,709,709
http://irail.be/vehicle/IC3730,http://irail.be/stations/NMBS/008883808,IC,2018-06-03T10:07:00,2018-06-03T10:07:00,661,661
http://irail.be/vehicle/IC3730,http://irail.be/stations/NMBS/008883022,IC,2018-06-03T10:09:00,2018-06-03T10:09:00,662,662
http://irail.be/vehicle/IC3730,NO-URI,IC,2018-06-03T10:09:00,2018-06-03T10:09:00,670,670
http://irail.be/vehicle/IC3730,http://irail.be/stations/NMBS/008883006,IC,2018-06-03T10:16:00,2018-06-03T10:14:00,504,606
http://irail.be/vehicle/IC3730,http://irail.be/stations/NMBS/008883113,IC,2018-06-03T10:22:00,2018-06-03T10:21:00,451,424
http://irail.be/vehicle/IC3730,NO-URI,IC,2018-06-03T10:26:00,2018-06-03T10:26:00,376,376
http://irail.be/vehicle/IC3730,http://irail.be/stations/NMBS/008883121,IC,2018-06-03T10:26:00,2018-06-03T10:26:00,388,388
http://irail.be/vehicle/IC3730,http://irail.be/stations/NMBS/008881174,IC,2018-06-03T10:27:00,2018-06-03T10:27:00,410,410
http://irail.be/vehicle/IC3730,http://irail.be/stations/NMBS/008881166,IC,2018-06-03T10:31:00,2018-06-03T10:30:00,475,454
http://irail.be/vehicle/IC3730,http://irail.be/stations/NMBS/008881158,IC,2018-06-03T10:33:00,2018-06-03T10:33:00,542,542
http://irail.be/vehicle/IC3730,http://irail.be/stations/NMBS/008881125,IC,2018-06-03T10:35:00,2018-06-03T10:35:00,531,531
http://irail.be/vehicle/IC3730,http://irail.be/stations/NMBS/008881000,IC,2018-06-03T10:40:00,2018-06-03T10:40:00,,462
http://irail.be/vehicle/IC3730,http://irail.be/stations/NMBS/008819406,IC,2018-09-04T09:31:00,2018-09-04T09:31:00,249,
http://irail.be/vehicle/IC3730,http://irail.be/stations/NMBS/008811007,IC,2018-09-04T09:38:00,2018-09-04T09:38:00,230,230
http://irail.be/vehicle/IC3730,http://irail.be/stations/NMBS/008812005,IC,2018-09-04T09:43:00,2018-09-04T09:41:00,173,223
http://irail.be/vehicle/IC3730,http://irail.be/stations/NMBS/008813045,IC,2018-09-04T09:45:00,2018-09-04T09:45:00,165,165
http://irail.be/vehicle/IC3730,http://irail.be/stations/NMBS/008813003,IC,2018-09-04T09:47:00,2018-09-04T09:46:00,203,193
http://irail.be/vehicle/IC3730,http://irail.be/stations/NMBS/008813037,IC,2018-09-04T09:49:00,2018-09-04T09:49:00,203,203
http://irail.be/vehicle/IC3730,http://irail.be/stations/NMBS/008814001,IC,2018-09-04T09:55:00,2018-09-04T09:51:00,176,208
http://irail.be/vehicle/IC3730,http://irail.be/stations/NMBS/008814308,IC,2018-09-04T10:05:00,2018-09-04T10:05:00,66,66
http://irail.be/vehicle/IC3730,http://irail.be/stations/NMBS/008814332,IC,2018-09-04T10:06:00,2018-09-04T10:06:00,69,69
http://irail.be/vehicle/IC3730,http://irail.be/stations/NMBS/008883808,IC,2018-09-04T10:07:00,2018-09-04T10:07:00,86,86
http://irail.be/vehicle/IC3730,http://irail.be/stations/NMBS/008883022,IC,2018-09-04T10:10:00,2018-09-04T10:10:00,56,56
http://irail.be/vehicle/IC3730,NO-URI,IC,2018-09-04T10:10:00,2018-09-04T10:10:00,104,104
http://irail.be/vehicle/IC3730,http://irail.be/stations/NMBS/008883006,IC,2018-09-04T10:17:00,2018-09-04T10:15:00,24,74
http://irail.be/vehicle/IC3730,http://irail.be/stations/NMBS/008883113,IC,2018-09-04T10:23:00,2018-09-04T10:22:00,13,-46
http://irail.be/vehicle/IC3730,NO-URI,IC,2018-09-04T10:27:00,2018-09-04T10:27:00,-66,-66
http://irail.be/vehicle/IC3730,http://irail.be/stations/NMBS/008883121,IC,2018-09-04T10:27:00,2018-09-04T10:27:00,-56,-56
http://irail.be/vehicle/IC3730,http://irail.be/stations/NMBS/008881174,IC,2018-09-04T10:29:00,2018-09-04T10:29:00,-41,-41
http://irail.be/vehicle/IC3730,http://irail.be/stations/NMBS/008881166,IC,2018-09-04T10:32:00,2018-09-04T10:31:00,11,-8
http://irail.be/vehicle/IC3730,http://irail.be/stations/NMBS/008881158,IC,2018-09-04T10:34:00,2018-09-04T10:34:00,11,11
http://irail.be/vehicle/IC3730,http://irail.be/stations/NMBS/008881125,IC,2018-09-04T10:36:00,2018-09-04T10:36:00,-31,-31
http://irail.be/vehicle/IC3730,http://irail.be/stations/NMBS/008881000,IC,2018-09-04T10:42:00,2018-09-04T10:42:00,,-92
http://irail.be/vehicle/IC3730,http://irail.be/stations/NMBS/008819406,IC,2018-01-08T09:31:00,2018-01-08T09:31:00,216,
http://irail.be/vehicle/IC3730,http://irail.be/stations/NMBS/008811007,IC,2018-01-08T09:38:00,2018-01-08T09:38:00,259,259
http://irail.be/vehicle/IC3730,http://irail.be/stations/NMBS/008812005,IC,2018-01-08T09:43:00,2018-01-08T09:41:00,281,312
http://irail.be/vehicle/IC3730,http://irail.be/stations/NMBS/008813045,IC,2018-01-08T09:45:00,2018-01-08T09:45:00,291,291
http://irail.be/vehicle/IC3730,http://irail.be/stations/NMBS/008813003,IC,2018-01-08T09:47:00,2018-01-08T09:46:00,351,330
http://irail.be/vehicle/IC3730,http://irail.be/stations/NMBS/008813037,IC,2018-01-08T09:49:00,2018-01-08T09:49:00,351,351
http://irail.be/vehicle/IC3730,http://irail.be/stations/NMBS/008814001,IC,2018-01-08T09:55:00,2018-01-08T09:51:00,181,351
http://irail.be/vehicle/IC3730,http://irail.be/stations/NMBS/008814308,IC,2018-01-08T10:05:00,2018-01-08T10:05:00,121,121
http://irail.be/vehicle/IC3730,http://irail.be/stations/NMBS/008814332,IC,2018-01-08T10:06:00,2018-01-08T10:06:00,125,125
http://irail.be/vehicle/IC3730,http://irail.be/stations/NMBS/008883808,IC,2018-01-08T10:07:00,2018-01-08T10:07:00,146,146
http://irail.be/vehicle/IC3730,http://irail.be/stations/NMBS/008883022,IC,2018-01-08T10:10:00,2018-01-08T10:10:00,109,109
http://irail.be/vehicle/IC3730,NO-URI,IC,2018-01-08T10:10:00,2018-01-08T10:10:00,123,123
http://irail.be/vehicle/IC3730,http://irail.be/stations/NMBS/008883006,IC,2018-01-08T10:17:00,2018-01-08T10:15:00,110,137
http://irail.be/vehicle/IC3730,http://irail.be/stations/NMBS/008883113,IC,2018-01-08T10:23:00,2018-01-08T10:22:00,53,63
http://irail.be/vehicle/IC3730,NO-URI,IC,2018-01-08T10:27:00,2018-01-08T10:27:00,-10,-10
http://irail.be/vehicle/IC3730,http://irail.be/stations/NMBS/008883121,IC,2018-01-08T10:27:00,2018-01-08T10:27:00,-1,-1
http://irail.be/vehicle/IC3730,http://irail.be/stations/NMBS/008881174,IC,2018-01-08T10:29:00,2018-01-08T10:29:00,-34,-34
http://irail.be/vehicle/IC3730,http://irail.be/stations/NMBS/008881166,IC,2018-01-08T10:32:00,2018-01-08T10:31:00,26,-5
http://irail.be/vehicle/IC3730,http://irail.be/stations/NMBS/008881158,IC,2018-01-08T10:35:00,2018-01-08T10:35:00,26,26
http://irail.be/vehicle/IC3730,http://irail.be/stations/NMBS/008881125,IC,2018-01-08T10:37:00,2018-01-08T10:37:00,64,64
http://irail.be/vehicle/IC3730,http://irail.be/stations/NMBS/008881000,IC,2018-01-08T10:42:00,2018-01-08T10:42:00,,150
http://irail.be/vehicle/IC3730,http://irail.be/stations/NMBS/008819406,IC,2018-05-07T09:31:00,2018-05-07T09:31:00,448,
http://irail.be/vehicle/IC3730,http://irail.be/stations/NMBS/008811007,IC,2018-05-07T09:38:00,2018-05-07T09:38:00,716,716
http://irail.be/vehicle/IC3730,http://irail.be/stations/NMBS/008812005,IC,2018-05-07T09:43:00,2018-05-07T09:41:00,780,787
http://irail.be/vehicle/IC3730,http://irail.be/stations/NMBS/008813045,IC,2018-05-07T09:45:00,2018-05-07T09:45:00,771,771
http://irail.be/vehicle/IC3730,http://irail.be/stations/NMBS/008813003,IC,2018-05-07T09:47:00,2018-05-07T09:46:00,931,898
http://irail.be/vehicle/IC3730,http://irail.be/stations/NMBS/008813037,IC,2018-05-07T09:49:00,2018-05-07T09:49:00,931,931
http://irail.be/vehicle/IC3730,http://irail.be/stations/NMBS/008814001,IC,2018-05-07T09:55:00,2018-05-07T09:51:00,993,1016
http://irail.be/vehicle/IC3730,http://irail.be/stations/NMBS/008814308,IC,2018-05-07T10:05:00,2018-05-07T10:05:00,920,920
http://irail.be/vehicle/IC3730,http://irail.be/stations/NMBS/008814332,IC,2018-05-07T10:06:00,2018-05-07T10:06:00,920,920
http://irail.be/vehicle/IC3730,http://irail.be/stations/NMBS/008883808,IC,2018-05-07T10:07:00,2018-05-07T10:07:00,936,936
http://irail.be/vehicle/IC3730,http://irail.be/stations/NMBS/008883022,IC,2018-05-07T10:10:00,2018-05-07T10:10:00,881,881
http://irail.be/vehicle/IC3730,NO-URI,IC,2018-05-07T10:10:00,2018-05-07T10:10:00,885,885
http://irail.be/vehicle/IC3730,http://irail.be/stations/NMBS/008883006,IC,2018-05-07T10:17:00,2018-05-07T10:15:00,730,830
http://irail.be/vehicle/IC3730,http://irail.be/stations/NMBS/008883113,IC,2018-05-07T10:23:00,2018-05-07T10:22:00,684,673
http://irail.be/vehicle/IC3730,NO-URI,IC,2018-05-07T10:27:00,2018-05-07T10:27:00,618,618
http://irail.be/vehicle/IC3730,http://irail.be/stations/NMBS/008883121,IC,2018-05-07T10:27:00,2018-05-07T10:27:00,629,629
http://irail.be/vehicle/IC3730,http://irail.be/stations/NMBS/008881174,IC,2018-05-07T10:29:00,2018-05-07T10:29:00,653,653
http://irail.be/vehicle/IC3730,http://irail.be/stations/NMBS/008881166,IC,2018-05-07T10:32:00,2018-05-07T10:31:00,684,684
http://irail.be/vehicle/IC3730,http://irail.be/stations/NMBS/008881158,IC,2018-05-07T10:35:00,2018-05-07T10:35:00,684,684
http://irail.be/vehicle/IC3730,http://irail.be/stations/NMBS/008881125,IC,2018-05-07T10:37:00,2018-05-07T10:37:00,606,606
http://irail.be/vehicle/IC3730,http://irail.be/stations/NMBS/008881000,IC,2018-05-07T10:42:00,2018-05-07T10:42:00,,677
http://irail.be/vehicle/IC3730,http://irail.be/stations/NMBS/008819406,IC,2018-09-25T09:31:00,2018-09-25T09:31:00,85,
http://irail.be/vehicle/IC3730,http://irail.be/stations/NMBS/008811007,IC,2018-09-25T09:38:00,2018-09-25T09:38:00,78,78
http://irail.be/vehicle/IC3730,http://irail.be/stations/NMBS/008812005,IC,2018-09-25T09:43:00,2018-09-25T09:41:00,49,97
http://irail.be/vehicle/IC3730,http://irail.be/stations/NMBS/008813045,IC,2018-09-25T09:45:00,2018-09-25T09:45:00,42,42
http://irail.be/vehicle/IC3730,http://irail.be/stations/NMBS/008813003,IC,2018-09-25T09:47:00,2018-09-25T09:46:00,69,68
http://irail.be/vehicle/IC3730,http://irail.be/stations/NMBS/008813037,IC,2018-09-25T09:49:00,2018-09-25T09:49:00,69,69
http://irail.be/vehicle/IC3730,http://irail.be/stations/NMBS/008814001,IC,2018-09-25T09:55:00,2018-09-25T09:51:00,20,88
http://irail.be/vehicle/IC3730,http://irail.be/stations/NMBS/008814308,IC,2018-09-25T10:05:00,2018-09-25T10:05:00,-43,-43
http://irail.be/vehicle/IC3730,http://irail.be/stations/NMBS/008814332,IC,2018-09-25T10:06:00,2018-09-25T10:06:00,-37,-37
http://irail.be/vehicle/IC3730,http://irail.be/stations/NMBS/008883808,IC,2018-09-25T10:07:00,2018-09-25T10:07:00,26,26
http://irail.be/vehicle/IC3730,http://irail.be/stations/NMBS/008883022,IC,2018-09-25T10:10:00,2018-09-25T10:10:00,93,93
http://irail.be/vehicle/IC3730,NO-URI,IC,2018-09-25T10:10:00,2018-09-25T10:10:00,216,216
http://irail.be/vehicle/IC3730,http://irail.be/stations/NMBS/008883006,IC,2018-09-25T10:17:00,2018-09-25T10:15:00,172,232
http://irail.be/vehicle/IC3730,http://irail.be/stations/NMBS/008883113,IC,2018-09-25T10:23:00,2018-09-25T10:22:00,71,68
http://irail.be/vehicle/IC3730,NO-URI,IC,2018-09-25T10:27:00,2018-09-25T10:27:00,9,9
http://irail.be/vehicle/IC3730,http://irail.be/stations/NMBS/008883121,IC,2018-09-25T10:27:00,2018-09-25T10:27:00,19,19
http://irail.be/vehicle/IC3730,http://irail.be/stations/NMBS/008881174,IC,2018-09-25T10:29:00,2018-09-25T10:29:00,-17,-17
http://irail.be/vehicle/IC3730,http://irail.be/stations/NMBS/008881166,IC,2018-09-25T10:32:00,2018-09-25T10:31:00,46,11
http://irail.be/vehicle/IC3730,http://irail.be/stations/NMBS/008881158,IC,2018-09-25T10:34:00,2018-09-25T10:34:00,46,46
http://irail.be/vehicle/IC3730,http://irail.be/stations/NMBS/008881125,IC,2018-09-25T10:36:00,2018-09-25T10:36:00,2,2
http://irail.be/vehicle/IC3730,http://irail.be/stations/NMBS/008881000,IC,2018-09-25T10:42:00,2018-09-25T10:42:00,,-114
http://irail.be/vehicle/IC3730,http://irail.be/stations/NMBS/008819406,IC,2018-11-04T09:31:00,2018-11-04T09:31:00,-31,
http://irail.be/vehicle/IC3730,http://irail.be/stations/NMBS/008811007,IC,2018-11-04T09:38:00,2018-11-04T09:38:00,24,24
http://irail.be/vehicle/IC3730,http://irail.be/stations/NMBS/008812005,IC,2018-11-04T09:43:00,2018-11-04T09:41:00,58,80
http://irail.be/vehicle/IC3730,http://irail.be/stations/NMBS/008813045,IC,2018-11-04T09:45:00,2018-11-04T09:45:00,65,65
http://irail.be/vehicle/IC3730,http://irail.be/stations/NMBS/008813003,IC,2018-11-04T09:47:00,2018-11-04T09:46:00,216,193
http://irail.be/vehicle/IC3730,http://irail.be/stations/NMBS/008813037,IC,2018-11-04T09:49:00,2018-11-04T09:49:00,216,216
http://irail.be/vehicle/IC3730,http://irail.be/stations/NMBS/008814001,IC,2018-11-04T09:55:00,2018-11-04T09:51:00,69,219
http://irail.be/vehicle/IC3730,http://irail.be/stations/NMBS/008814308,IC,2018-11-04T10:04:00,2018-11-04T10:04:00,47,47
http://irail.be/vehicle/IC3730,http://irail.be/stations/NMBS/008814332,IC,2018-11-04T10:05:00,2018-11-04T10:05:00,47,47
http://irail.be/vehicle/IC3730,http://irail.be/stations/NMBS/008883808,IC,2018-11-04T10:07:00,2018-11-04T10:07:00,13,13
http://irail.be/vehicle/IC3730,http://irail.be/stations/NMBS/008883022,IC,2018-11-04T10:09:00,2018-11-04T10:09:00,36,36
http://irail.be/vehicle/IC3730,NO-URI,IC,2018-11-04T10:09:00,2018-11-04T10:09:00,52,52
http://irail.be/vehicle/IC3730,http://irail.be/stations/NMBS/008883006,IC,2018-11-04T10:16:00,2018-11-04T10:14:00,-18,1
http://irail.be/vehicle/IC3730,http://irail.be/stations/NMBS/008883113,IC,2018-11-04T10:22:00,2018-11-04T10:21:00,48,-17
http://irail.be/vehicle/IC3730,NO-URI,IC,2018-11-04T10:26:00,2018-11-04T10:26:00,6,6
http://irail.be/vehicle/IC3730,http://irail.be/stations/NMBS/008883121,IC,2018-11-04T10:26:00,2018-11-04T10:26:00,18,18
http://irail.be/vehicle/IC3730,http://irail.be/stations/NMBS/008881174,IC,2018-11-04T10:27:00,2018-11-04T10:27:00,43,43
http://irail.be/vehicle/IC3730,http://irail.be/stations/NMBS/008881166,IC,2018-11-04T10:31:00,2018-11-04T10:30:00,67,31
http://irail.be/vehicle/IC3730,http://irail.be/stations/NMBS/008881158,IC,2018-11-04T10:34:00,2018-11-04T10:34:00,67,67
http://irail.be/vehicle/IC3730,http://irail.be/stations/NMBS/008881125,IC,2018-11-04T10:35:00,2018-11-04T10:35:00,71,71
http://irail.be/vehicle/IC3730,http://irail.be/stations/NMBS/008881000,IC,2018-11-04T10:40:00,2018-11-04T10:40:00,,40
http://irail.be/vehicle/IC3730,http://irail.be/stations/NMBS/008819406,IC,2018-09-15T09:31:00,2018-09-15T09:31:00,104,
http://irail.be/vehicle/IC3730,http://irail.be/stations/NMBS/008811007,IC,2018-09-15T09:38:00,2018-09-15T09:38:00,427,427
http://irail.be/vehicle/IC3730,http://irail.be/stations/NMBS/008812005,IC,2018-09-15T09:43:00,2018-09-15T09:41:00,434,455
http://irail.be/vehicle/IC3730,http://irail.be/stations/NMBS/008813045,IC,2018-09-15T09:45:00,2018-09-15T09:45:00,435,435
http://irail.be/vehicle/IC3730,http://irail.be/stations/NMBS/008813003,IC,2018-09-15T09:47:00,2018-09-15T09:46:00,688,625
http://irail.be/vehicle/IC3730,http://irail.be/stations/NMBS/008813037,IC,2018-09-15T09:49:00,2018-09-15T09:49:00,688,688
http://irail.be/vehicle/IC3730,http://irail.be/stations/NMBS/008814001,IC,2018-09-15T09:55:00,2018-09-15T09:51:00,578,686
http://irail.be/vehicle/IC3730,http://irail.be/stations/NMBS/008814365,IC,2018-09-15T10:00:00,2018-09-15T10:00:00,578,578
http://irail.be/vehicle/IC3730,http://irail.be/stations/NMBS/008814357,IC,2018-09-15T10:02:00,2018-09-15T10:02:00,578,578
http://irail.be/vehicle/IC3730,http://irail.be/stations/NMBS/008814340,IC,2018-09-15T10:03:00,2018-09-15T10:03:00,562,562
http://irail.be/vehicle/IC3730,http://irail.be/stations/NMBS/008814308,IC,2018-09-15T10:04:00,2018-09-15T10:04:00,568,568
http://irail.be/vehicle/IC3730,http://irail.be/stations/NMBS/008814332,IC,2018-09-15T10:05:00,2018-09-15T10:05:00,560,560
http://irail.be/vehicle/IC3730,http://irail.be/stations/NMBS/008883808,IC,2018-09-15T10:07:00,2018-09-15T10:07:00,513,513
http://irail.be/vehicle/IC3730,http://irail.be/stations/NMBS/008883022,IC,2018-09-15T10:09:00,2018-09-15T10:09:00,514,514
http://irail.be/vehicle/IC3730,NO-URI,IC,2018-09-15T10:09:00,2018-09-15T10:09:00,522,522
http://irail.be/vehicle/IC3730,http://irail.be/stations/NMBS/008883006,IC,2018-09-15T10:16:00,2018-09-15T10:14:00,357,464
http://irail.be/vehicle/IC3730,http://irail.be/stations/NMBS/008883113,IC,2018-09-15T10:22:00,2018-09-15T10:21:00,328,307
http://irail.be/vehicle/IC3730,NO-URI,IC,2018-09-15T10:26:00,2018-09-15T10:26:00,274,274
http://irail.be/vehicle/IC3730,http://irail.be/stations/NMBS/008883121,IC,2018-09-15T10:26:00,2018-09-15T10:26:00,283,283
http://irail.be/vehicle/IC3730,http://irail.be/stations/NMBS/008881174,IC,2018-09-15T10:27:00,2018-09-15T10:27:00,304,304
http://irail.be/vehicle/IC3730,http://irail.be/stations/NMBS/008881166,IC,2018-09-15T10:31:00,2018-09-15T10:30:00,296,292
http://irail.be/vehicle/IC3730,http://irail.be/stations/NMBS/008881158,IC,2018-09-15T10:34:00,2018-09-15T10:34:00,296,296
http://irail.be/vehicle/IC3730,http://irail.be/stations/NMBS/008881125,IC,2018-09-15T10:35:00,2018-09-15T10:35:00,316,316
http://irail.be/vehicle/IC3730,http://irail.be/stations/NMBS/008881000,IC,2018-09-15T10:40:00,2018-09-15T10:40:00,,284
http://irail.be/vehicle/IC3730,http://irail.be/stations/NMBS/008883006,IC,2018-10-13T10:16:00,2018-10-13T10:16:00,26,
http://irail.be/vehicle/IC3730,http://irail.be/stations/NMBS/008883113,IC,2018-10-13T10:22:00,2018-10-13T10:21:00,116,81
http://irail.be/vehicle/IC3730,NO-URI,IC,2018-10-13T10:26:00,2018-10-13T10:26:00,51,51
http://irail.be/vehicle/IC3730,http://irail.be/stations/NMBS/008883121,IC,2018-10-13T10:26:00,2018-10-13T10:26:00,62,62
http://irail.be/vehicle/IC3730,http://irail.be/stations/NMBS/008881174,IC,2018-10-13T10:27:00,2018-10-13T10:27:00,87,87
http://irail.be/vehicle/IC3730,http://irail.be/stations/NMBS/008881166,IC,2018-10-13T10:31:00,2018-10-13T10:30:00,80,79
http://irail.be/vehicle/IC3730,http://irail.be/stations/NMBS/008881158,IC,2018-10-13T10:34:00,2018-10-13T10:34:00,80,80
http://irail.be/vehicle/IC3730,http://irail.be/stations/NMBS/008881125,IC,2018-10-13T10:35:00,2018-10-13T10:35:00,69,69
http://irail.be/vehicle/IC3730,http://irail.be/stations/NMBS/008881000,IC,2018-10-13T10:40:00,2018-10-13T10:40:00,,24
http://irail.be/vehicle/IC3730,http://irail.be/stations/NMBS/008819406,IC,2018-03-05T09:31:00,2018-03-05T09:31:00,215,
http://irail.be/vehicle/IC3730,http://irail.be/stations/NMBS/008811007,IC,2018-03-05T09:38:00,2018-03-05T09:38:00,209,209
http://irail.be/vehicle/IC3730,http://irail.be/stations/NMBS/008812005,IC,2018-03-05T09:43:00,2018-03-05T09:41:00,198,231
http://irail.be/vehicle/IC3730,http://irail.be/stations/NMBS/008813045,IC,2018-03-05T09:45:00,2018-03-05T09:45:00,195,195
http://irail.be/vehicle/IC3730,http://irail.be/stations/NMBS/008813003,IC,2018-03-05T09:47:00,2018-03-05T09:46:00,252,211
http://irail.be/vehicle/IC3730,http://irail.be/stations/NMBS/008813037,IC,2018-03-05T09:49:00,2018-03-05T09:49:00,252,252
http://irail.be/vehicle/IC3730,http://irail.be/stations/NMBS/008814001,IC,2018-03-05T09:55:00,2018-03-05T09:51:00,205,358
http://irail.be/vehicle/IC3730,http://irail.be/stations/NMBS/008814365,IC,2018-03-05T10:01:00,2018-03-05T10:01:00,210,210
http://irail.be/vehicle/IC3730,http://irail.be/stations/NMBS/008814357,IC,2018-03-05T10:03:00,2018-03-05T10:03:00,210,210
http://irail.be/vehicle/IC3730,http://irail.be/stations/NMBS/008814340,IC,2018-03-05T10:04:00,2018-03-05T10:04:00,236,236
http://irail.be/vehicle/IC3730,http://irail.be/stations/NMBS/008814308,IC,2018-03-05T10:05:00,2018-03-05T10:05:00,270,270
http://irail.be/vehicle/IC3730,http://irail.be/stations/NMBS/008814332,IC,2018-03-05T10:06:00,2018-03-05T10:06:00,251,251
http://irail.be/vehicle/IC3730,http://irail.be/stations/NMBS/008883808,IC,2018-03-05T10:07:00,2018-03-05T10:07:00,412,412
http://irail.be/vehicle/IC3730,http://irail.be/stations/NMBS/008883022,IC,2018-03-05T10:10:00,2018-03-05T10:10:00,403,403
http://irail.be/vehicle/IC3730,NO-URI,IC,2018-03-05T10:10:00,2018-03-05T10:10:00,439,439
http://irail.be/vehicle/IC3730,http://irail.be/stations/NMBS/008883006,IC,2018-03-05T10:17:00,2018-03-05T10:15:00,353,365
http://irail.be/vehicle/IC3730,http://irail.be/stations/NMBS/008883113,IC,2018-03-05T10:23:00,2018-03-05T10:22:00,303,271
http://irail.be/vehicle/IC3730,NO-URI,IC,2018-03-05T10:27:00,2018-03-05T10:27:00,245,245
http://irail.be/vehicle/IC3730,http://irail.be/stations/NMBS/008883121,IC,2018-03-05T10:27:00,2018-03-05T10:27:00,229,229
http://irail.be/vehicle/IC3730,http://irail.be/stations/NMBS/008881174,IC,2018-03-05T10:29:00,2018-03-05T10:29:00,203,203
http://irail.be/vehicle/IC3730,http://irail.be/stations/NMBS/008881166,IC,2018-03-05T10:32:00,2018-03-05T10:31:00,245,202
http://irail.be/vehicle/IC3730,http://irail.be/stations/NMBS/008881158,IC,2018-03-05T10:35:00,2018-03-05T10:35:00,245,245
http://irail.be/vehicle/IC3730,http://irail.be/stations/NMBS/008881125,IC,2018-03-05T10:37:00,2018-03-05T10:37:00,137,137
http://irail.be/vehicle/IC3730,http://irail.be/stations/NMBS/008881000,IC,2018-03-05T10:42:00,2018-03-05T10:42:00,,191
http://irail.be/vehicle/IC3730,http://irail.be/stations/NMBS/008811007,IC,2018-11-10T09:38:00,2018-11-10T09:38:00,66,
http://irail.be/vehicle/IC3730,http://irail.be/stations/NMBS/008812005,IC,2018-11-10T09:43:00,2018-11-10T09:41:00,164,144
http://irail.be/vehicle/IC3730,http://irail.be/stations/NMBS/008813045,IC,2018-11-10T09:45:00,2018-11-10T09:45:00,160,160
http://irail.be/vehicle/IC3730,http://irail.be/stations/NMBS/008813003,IC,2018-11-10T09:47:00,2018-11-10T09:46:00,370,308
http://irail.be/vehicle/IC3730,http://irail.be/stations/NMBS/008813037,IC,2018-11-10T09:48:00,2018-11-10T09:48:00,375,375
http://irail.be/vehicle/IC3730,http://irail.be/stations/NMBS/008814001,IC,2018-11-10T09:55:00,2018-11-10T09:51:00,257,369
http://irail.be/vehicle/IC3730,http://irail.be/stations/NMBS/008814308,IC,2018-11-10T10:04:00,2018-11-10T10:04:00,175,175
http://irail.be/vehicle/IC3730,http://irail.be/stations/NMBS/008814332,IC,2018-11-10T10:05:00,2018-11-10T10:05:00,175,175
http://irail.be/vehicle/IC3730,http://irail.be/stations/NMBS/008883808,IC,2018-11-10T10:07:00,2018-11-10T10:07:00,127,127
http://irail.be/vehicle/IC3730,http://irail.be/stations/NMBS/008883022,IC,2018-11-10T10:09:00,2018-11-10T10:09:00,210,210
http://irail.be/vehicle/IC3730,NO-URI,IC,2018-11-10T10:09:00,2018-11-10T10:09:00,295,295
http://irail.be/vehicle/IC3730,http://irail.be/stations/NMBS/008883006,IC,2018-11-10T10:16:00,2018-11-10T10:14:00,273,305
http://irail.be/vehicle/IC3730,http://irail.be/stations/NMBS/008883113,IC,2018-11-10T10:22:00,2018-11-10T10:21:00,304,278
http://irail.be/vehicle/IC3730,NO-URI,IC,2018-11-10T10:26:00,2018-11-10T10:26:00,311,311
http://irail.be/vehicle/IC3730,http://irail.be/stations/NMBS/008883121,IC,2018-11-10T10:26:00,2018-11-10T10:26:00,327,327
http://irail.be/vehicle/IC3730,http://irail.be/stations/NMBS/008881174,IC,2018-11-10T10:27:00,2018-11-10T10:27:00,363,363
http://irail.be/vehicle/IC3730,http://irail.be/stations/NMBS/008881166,IC,2018-11-10T10:31:00,2018-11-10T10:30:00,399,353
http://irail.be/vehicle/IC3730,http://irail.be/stations/NMBS/008881158,IC,2018-11-10T10:33:00,2018-11-10T10:33:00,399,399
http://irail.be/vehicle/IC3730,http://irail.be/stations/NMBS/008881125,IC,2018-11-10T10:35:00,2018-11-10T10:35:00,405,405
http://irail.be/vehicle/IC3730,http://irail.be/stations/NMBS/008881000,IC,2018-11-10T10:40:00,2018-11-10T10:40:00,,350
http://irail.be/vehicle/IC3730,http://irail.be/stations/NMBS/008819406,IC,2018-06-01T09:31:00,2018-06-01T09:31:00,141,
http://irail.be/vehicle/IC3730,http://irail.be/stations/NMBS/008811007,IC,2018-06-01T09:38:00,2018-06-01T09:38:00,135,135
http://irail.be/vehicle/IC3730,http://irail.be/stations/NMBS/008812005,IC,2018-06-01T09:43:00,2018-06-01T09:41:00,150,176
http://irail.be/vehicle/IC3730,http://irail.be/stations/NMBS/008813045,IC,2018-06-01T09:45:00,2018-06-01T09:45:00,146,146
http://irail.be/vehicle/IC3730,http://irail.be/stations/NMBS/008813003,IC,2018-06-01T09:47:00,2018-06-01T09:46:00,196,178
http://irail.be/vehicle/IC3730,http://irail.be/stations/NMBS/008813037,IC,2018-06-01T09:49:00,2018-06-01T09:49:00,196,196
http://irail.be/vehicle/IC3730,http://irail.be/stations/NMBS/008814001,IC,2018-06-01T09:55:00,2018-06-01T09:51:00,76,196
http://irail.be/vehicle/IC3730,http://irail.be/stations/NMBS/008814308,IC,2018-06-01T10:05:00,2018-06-01T10:05:00,-39,-39
http://irail.be/vehicle/IC3730,http://irail.be/stations/NMBS/008814332,IC,2018-06-01T10:06:00,2018-06-01T10:06:00,-41,-41
http://irail.be/vehicle/IC3730,http://irail.be/stations/NMBS/008883808,IC,2018-06-01T10:07:00,2018-06-01T10:07:00,-28,-28
http://irail.be/vehicle/IC3730,http://irail.be/stations/NMBS/008883022,IC,2018-06-01T10:10:00,2018-06-01T10:10:00,-49,-49
http://irail.be/vehicle/IC3730,NO-URI,IC,2018-06-01T10:10:00,2018-06-01T10:10:00,56,56
http://irail.be/vehicle/IC3730,http://irail.be/stations/NMBS/008883006,IC,2018-06-01T10:17:00,2018-06-01T10:15:00,32,76
http://irail.be/vehicle/IC3730,http://irail.be/stations/NMBS/008883113,IC,2018-06-01T10:23:00,2018-06-01T10:22:00,27,-29
http://irail.be/vehicle/IC3730,NO-URI,IC,2018-06-01T10:27:00,2018-06-01T10:27:00,-40,-40
http://irail.be/vehicle/IC3730,http://irail.be/stations/NMBS/008883121,IC,2018-06-01T10:27:00,2018-06-01T10:27:00,-29,-29
http://irail.be/vehicle/IC3730,http://irail.be/stations/NMBS/008881174,IC,2018-06-01T10:29:00,2018-06-01T10:29:00,-65,-65
http://irail.be/vehicle/IC3730,http://irail.be/stations/NMBS/008881166,IC,2018-06-01T10:32:00,2018-06-01T10:31:00,113,34
http://irail.be/vehicle/IC3730,http://irail.be/stations/NMBS/008881158,IC,2018-06-01T10:35:00,2018-06-01T10:35:00,114,114
http://irail.be/vehicle/IC3730,http://irail.be/stations/NMBS/008881125,IC,2018-06-01T10:37:00,2018-06-01T10:37:00,155,155
http://irail.be/vehicle/IC3730,http://irail.be/stations/NMBS/008881000,IC,2018-06-01T10:42:00,2018-06-01T10:42:00,,145
http://irail.be/vehicle/IC3730,http://irail.be/stations/NMBS/008819406,IC,2018-05-13T09:31:00,2018-05-13T09:31:00,987,
http://irail.be/vehicle/IC3730,http://irail.be/stations/NMBS/008811007,IC,2018-05-13T09:38:00,2018-05-13T09:38:00,2134,2134
http://irail.be/vehicle/IC3730,http://irail.be/stations/NMBS/008812005,IC,2018-05-13T09:43:00,2018-05-13T09:41:00,2241,2158
http://irail.be/vehicle/IC3730,http://irail.be/stations/NMBS/008813045,IC,2018-05-13T09:45:00,2018-05-13T09:45:00,2247,2247
http://irail.be/vehicle/IC3730,http://irail.be/stations/NMBS/008813003,IC,2018-05-13T09:47:00,2018-05-13T09:46:00,2311,2275
http://irail.be/vehicle/IC3730,http://irail.be/stations/NMBS/008813037,IC,2018-05-13T09:49:00,2018-05-13T09:49:00,2262,2262
http://irail.be/vehicle/IC3730,http://irail.be/stations/NMBS/008814001,IC,2018-05-13T09:55:00,2018-05-13T09:51:00,2440,2388
http://irail.be/vehicle/IC3730,http://irail.be/stations/NMBS/008814373,IC,2018-05-13T10:01:43,2018-05-13T10:01:43,2208,2208
http://irail.be/vehicle/IC3730,http://irail.be/stations/NMBS/008814365,IC,2018-05-13T10:00:00,2018-05-13T10:00:00,2493,2493
http://irail.be/vehicle/IC3730,http://irail.be/stations/NMBS/008814357,IC,2018-05-13T10:02:00,2018-05-13T10:02:00,2493,2493
http://irail.be/vehicle/IC3730,http://irail.be/stations/NMBS/008814340,IC,2018-05-13T10:03:00,2018-05-13T10:03:00,2481,2481
http://irail.be/vehicle/IC3730,http://irail.be/stations/NMBS/008814308,IC,2018-05-13T10:04:00,2018-05-13T10:04:00,2489,2489
http://irail.be/vehicle/IC3730,http://irail.be/stations/NMBS/008814332,IC,2018-05-13T10:05:00,2018-05-13T10:05:00,2481,2481
http://irail.be/vehicle/IC3730,http://irail.be/stations/NMBS/008883808,IC,2018-05-13T10:07:00,2018-05-13T10:07:00,2441,2441
http://irail.be/vehicle/IC3730,http://irail.be/stations/NMBS/008883022,IC,2018-05-13T10:09:00,2018-05-13T10:09:00,2454,2454
http://irail.be/vehicle/IC3730,NO-URI,IC,2018-05-13T10:09:00,2018-05-13T10:09:00,2467,2467
http://irail.be/vehicle/IC3730,http://irail.be/stations/NMBS/008883006,IC,2018-05-13T10:16:00,2018-05-13T10:14:00,2323,2411
http://irail.be/vehicle/IC3730,http://irail.be/stations/NMBS/008883113,IC,2018-05-13T10:22:00,2018-05-13T10:21:00,2306,2286
http://irail.be/vehicle/IC3730,NO-URI,IC,2018-05-13T10:26:00,2018-05-13T10:26:00,2262,2262
http://irail.be/vehicle/IC3730,http://irail.be/stations/NMBS/008883121,IC,2018-05-13T10:26:00,2018-05-13T10:26:00,2274,2274
http://irail.be/vehicle/IC3730,http://irail.be/stations/NMBS/008881174,IC,2018-05-13T10:27:00,2018-05-13T10:27:00,2298,2298
http://irail.be/vehicle/IC3730,http://irail.be/stations/NMBS/008881166,IC,2018-05-13T10:31:00,2018-05-13T10:30:00,2280,2296
http://irail.be/vehicle/IC3730,http://irail.be/stations/NMBS/008881158,IC,2018-05-13T10:34:00,2018-05-13T10:34:00,2280,2280
http://irail.be/vehicle/IC3730,http://irail.be/stations/NMBS/008881125,IC,2018-05-13T10:35:00,2018-05-13T10:35:00,2280,2280
http://irail.be/vehicle/IC3730,http://irail.be/stations/NMBS/008881000,IC,2018-05-13T10:40:00,2018-05-13T10:40:00,,2256
http://irail.be/vehicle/IC3730,http://irail.be/stations/NMBS/008819406,IC,2018-10-05T09:31:00,2018-10-05T09:31:00,5,
http://irail.be/vehicle/IC3730,http://irail.be/stations/NMBS/008811007,IC,2018-10-05T09:38:00,2018-10-05T09:38:00,101,101
http://irail.be/vehicle/IC3730,http://irail.be/stations/NMBS/008812005,IC,2018-10-05T09:43:00,2018-10-05T09:41:00,128,144
http://irail.be/vehicle/IC3730,http://irail.be/stations/NMBS/008813045,IC,2018-10-05T09:45:00,2018-10-05T09:45:00,134,134
http://irail.be/vehicle/IC3730,http://irail.be/stations/NMBS/008813003,IC,2018-10-05T09:47:00,2018-10-05T09:46:00,261,218
http://irail.be/vehicle/IC3730,http://irail.be/stations/NMBS/008813037,IC,2018-10-05T09:49:00,2018-10-05T09:49:00,261,261
http://irail.be/vehicle/IC3730,http://irail.be/stations/NMBS/008814001,IC,2018-10-05T09:55:00,2018-10-05T09:51:00,115,259
http://irail.be/vehicle/IC3730,http://irail.be/stations/NMBS/008814308,IC,2018-10-05T10:05:00,2018-10-05T10:05:00,-6,-6
http://irail.be/vehicle/IC3730,http://irail.be/stations/NMBS/008814332,IC,2018-10-05T10:06:00,2018-10-05T10:06:00,-3,-3
http://irail.be/vehicle/IC3730,http://irail.be/stations/NMBS/008883808,IC,2018-10-05T10:07:00,2018-10-05T10:07:00,16,16
http://irail.be/vehicle/IC3730,http://irail.be/stations/NMBS/008883022,IC,2018-10-05T10:10:00,2018-10-05T10:10:00,67,67
http://irail.be/vehicle/IC3730,NO-URI,IC,2018-10-05T10:10:00,2018-10-05T10:10:00,147,147
http://irail.be/vehicle/IC3730,http://irail.be/stations/NMBS/008883006,IC,2018-10-05T10:17:00,2018-10-05T10:15:00,188,257
http://irail.be/vehicle/IC3730,http://irail.be/stations/NMBS/008883113,IC,2018-10-05T10:23:00,2018-10-05T10:22:00,152,117
http://irail.be/vehicle/IC3730,NO-URI,IC,2018-10-05T10:27:00,2018-10-05T10:27:00,72,72
http://irail.be/vehicle/IC3730,http://irail.be/stations/NMBS/008883121,IC,2018-10-05T10:27:00,2018-10-05T10:27:00,84,84
http://irail.be/vehicle/IC3730,http://irail.be/stations/NMBS/008881174,IC,2018-10-05T10:29:00,2018-10-05T10:29:00,46,46
http://irail.be/vehicle/IC3730,http://irail.be/stations/NMBS/008881166,IC,2018-10-05T10:32:00,2018-10-05T10:31:00,103,73
http://irail.be/vehicle/IC3730,http://irail.be/stations/NMBS/008881158,IC,2018-10-05T10:34:00,2018-10-05T10:34:00,103,103
http://irail.be/vehicle/IC3730,http://irail.be/stations/NMBS/008881125,IC,2018-10-05T10:36:00,2018-10-05T10:36:00,59,59
http://irail.be/vehicle/IC3730,http://irail.be/stations/NMBS/008881000,IC,2018-10-05T10:42:00,2018-10-05T10:42:00,,710
http://irail.be/vehicle/IC3730,http://irail.be/stations/NMBS/008819406,IC,2018-08-28T09:31:00,2018-08-28T09:31:00,-18,
http://irail.be/vehicle/IC3730,http://irail.be/stations/NMBS/008811007,IC,2018-08-28T09:38:00,2018-08-28T09:38:00,5,5
http://irail.be/vehicle/IC3730,http://irail.be/stations/NMBS/008812005,IC,2018-08-28T09:43:00,2018-08-28T09:41:00,13,54
http://irail.be/vehicle/IC3730,http://irail.be/stations/NMBS/008813045,IC,2018-08-28T09:45:00,2018-08-28T09:45:00,15,15
http://irail.be/vehicle/IC3730,http://irail.be/stations/NMBS/008813003,IC,2018-08-28T09:47:00,2018-08-28T09:46:00,69,43
http://irail.be/vehicle/IC3730,http://irail.be/stations/NMBS/008813037,IC,2018-08-28T09:49:00,2018-08-28T09:49:00,69,69
http://irail.be/vehicle/IC3730,http://irail.be/stations/NMBS/008814001,IC,2018-08-28T09:55:00,2018-08-28T09:51:00,60,71
http://irail.be/vehicle/IC3730,http://irail.be/stations/NMBS/008814308,IC,2018-08-28T10:05:00,2018-08-28T10:05:00,-86,-86
http://irail.be/vehicle/IC3730,http://irail.be/stations/NMBS/008814332,IC,2018-08-28T10:06:00,2018-08-28T10:06:00,-82,-82
http://irail.be/vehicle/IC3730,http://irail.be/stations/NMBS/008883808,IC,2018-08-28T10:07:00,2018-08-28T10:07:00,-73,-73
http://irail.be/vehicle/IC3730,http://irail.be/stations/NMBS/008883022,IC,2018-08-28T10:10:00,2018-08-28T10:10:00,-120,-120
http://irail.be/vehicle/IC3730,NO-URI,IC,2018-08-28T10:10:00,2018-08-28T10:10:00,-111,-111
http://irail.be/vehicle/IC3730,http://irail.be/stations/NMBS/008883006,IC,2018-08-28T10:17:00,2018-08-28T10:15:00,28,-72
http://irail.be/vehicle/IC3730,http://irail.be/stations/NMBS/008883113,IC,2018-08-28T10:23:00,2018-08-28T10:22:00,16,-51
http://irail.be/vehicle/IC3730,NO-URI,IC,2018-08-28T10:27:00,2018-08-28T10:27:00,13,13
http://irail.be/vehicle/IC3730,http://irail.be/stations/NMBS/008883121,IC,2018-08-28T10:27:00,2018-08-28T10:27:00,51,51
http://irail.be/vehicle/IC3730,http://irail.be/stations/NMBS/008881174,IC,2018-08-28T10:29:00,2018-08-28T10:29:00,41,41
http://irail.be/vehicle/IC3730,http://irail.be/stations/NMBS/008881166,IC,2018-08-28T10:32:00,2018-08-28T10:31:00,231,67
http://irail.be/vehicle/IC3730,http://irail.be/stations/NMBS/008881158,IC,2018-08-28T10:35:00,2018-08-28T10:35:00,231,231
http://irail.be/vehicle/IC3730,http://irail.be/stations/NMBS/008881125,IC,2018-08-28T10:36:00,2018-08-28T10:36:00,532,532
http://irail.be/vehicle/IC3730,http://irail.be/stations/NMBS/008881000,IC,2018-08-28T10:42:00,2018-08-28T10:42:00,,556
http://irail.be/vehicle/IC3730,http://irail.be/stations/NMBS/008819406,IC,2018-04-12T09:31:00,2018-04-12T09:31:00,34,
http://irail.be/vehicle/IC3730,http://irail.be/stations/NMBS/008811007,IC,2018-04-12T09:38:00,2018-04-12T09:38:00,-11,-11
http://irail.be/vehicle/IC3730,http://irail.be/stations/NMBS/008812005,IC,2018-04-12T09:43:00,2018-04-12T09:41:00,12,38
http://irail.be/vehicle/IC3730,http://irail.be/stations/NMBS/008813045,IC,2018-04-12T09:45:00,2018-04-12T09:45:00,3,3
http://irail.be/vehicle/IC3730,http://irail.be/stations/NMBS/008813003,IC,2018-04-12T09:47:00,2018-04-12T09:46:00,23,25
http://irail.be/vehicle/IC3730,http://irail.be/stations/NMBS/008813037,IC,2018-04-12T09:49:00,2018-04-12T09:49:00,23,23
http://irail.be/vehicle/IC3730,http://irail.be/stations/NMBS/008814001,IC,2018-04-12T09:55:00,2018-04-12T09:51:00,57,84
http://irail.be/vehicle/IC3730,http://irail.be/stations/NMBS/008814308,IC,2018-04-12T10:05:00,2018-04-12T10:05:00,-33,-33
http://irail.be/vehicle/IC3730,http://irail.be/stations/NMBS/008814332,IC,2018-04-12T10:06:00,2018-04-12T10:06:00,-28,-28
http://irail.be/vehicle/IC3730,http://irail.be/stations/NMBS/008883808,IC,2018-04-12T10:07:00,2018-04-12T10:07:00,-8,-8
http://irail.be/vehicle/IC3730,http://irail.be/stations/NMBS/008883022,IC,2018-04-12T10:10:00,2018-04-12T10:10:00,-56,-56
http://irail.be/vehicle/IC3730,NO-URI,IC,2018-04-12T10:10:00,2018-04-12T10:10:00,-51,-51
http://irail.be/vehicle/IC3730,http://irail.be/stations/NMBS/008883006,IC,2018-04-12T10:17:00,2018-04-12T10:15:00,27,11
http://irail.be/vehicle/IC3730,http://irail.be/stations/NMBS/008883113,IC,2018-04-12T10:23:00,2018-04-12T10:22:00,105,96
http://irail.be/vehicle/IC3730,NO-URI,IC,2018-04-12T10:27:00,2018-04-12T10:27:00,36,36
http://irail.be/vehicle/IC3730,http://irail.be/stations/NMBS/008883121,IC,2018-04-12T10:27:00,2018-04-12T10:27:00,47,47
http://irail.be/vehicle/IC3730,http://irail.be/stations/NMBS/008881174,IC,2018-04-12T10:29:00,2018-04-12T10:29:00,12,12
http://irail.be/vehicle/IC3730,http://irail.be/stations/NMBS/008881166,IC,2018-04-12T10:32:00,2018-04-12T10:31:00,55,42
http://irail.be/vehicle/IC3730,http://irail.be/stations/NMBS/008881158,IC,2018-04-12T10:35:00,2018-04-12T10:35:00,55,55
http://irail.be/vehicle/IC3730,http://irail.be/stations/NMBS/008881125,IC,2018-04-12T10:37:00,2018-04-12T10:37:00,-18,-18
http://irail.be/vehicle/IC3730,http://irail.be/stations/NMBS/008881000,IC,2018-04-12T10:42:00,2018-04-12T10:42:00,,24
http://irail.be/vehicle/IC3730,http://irail.be/stations/NMBS/008819406,IC,2018-11-16T09:31:00,2018-11-16T09:31:00,596,
http://irail.be/vehicle/IC3730,http://irail.be/stations/NMBS/008811007,IC,2018-11-16T09:38:00,2018-11-16T09:38:00,742,742
http://irail.be/vehicle/IC3730,http://irail.be/stations/NMBS/008812005,IC,2018-11-16T09:43:00,2018-11-16T09:41:00,769,811
http://irail.be/vehicle/IC3730,http://irail.be/stations/NMBS/008813045,IC,2018-11-16T09:45:00,2018-11-16T09:45:00,754,754
http://irail.be/vehicle/IC3730,http://irail.be/stations/NMBS/008813003,IC,2018-11-16T09:47:00,2018-11-16T09:46:00,809,775
http://irail.be/vehicle/IC3730,http://irail.be/stations/NMBS/008813037,IC,2018-11-16T09:49:00,2018-11-16T09:49:00,764,764
http://irail.be/vehicle/IC3730,http://irail.be/stations/NMBS/008814001,IC,2018-11-16T09:55:00,2018-11-16T09:51:00,781,864
http://irail.be/vehicle/IC3730,http://irail.be/stations/NMBS/008814365,IC,2018-11-16T10:01:00,2018-11-16T10:01:00,754,754
http://irail.be/vehicle/IC3730,http://irail.be/stations/NMBS/008814357,IC,2018-11-16T10:03:00,2018-11-16T10:03:00,754,754
http://irail.be/vehicle/IC3730,http://irail.be/stations/NMBS/008814340,IC,2018-11-16T10:04:00,2018-11-16T10:04:00,740,740
http://irail.be/vehicle/IC3730,http://irail.be/stations/NMBS/008814308,IC,2018-11-16T10:05:00,2018-11-16T10:05:00,759,759
http://irail.be/vehicle/IC3730,http://irail.be/stations/NMBS/008814332,IC,2018-11-16T10:06:00,2018-11-16T10:06:00,752,752
http://irail.be/vehicle/IC3730,http://irail.be/stations/NMBS/008883808,IC,2018-11-16T10:07:00,2018-11-16T10:07:00,763,763
http://irail.be/vehicle/IC3730,http://irail.be/stations/NMBS/008883022,IC,2018-11-16T10:10:00,2018-11-16T10:10:00,716,716
http://irail.be/vehicle/IC3730,NO-URI,IC,2018-11-16T10:10:00,2018-11-16T10:10:00,728,728
http://irail.be/vehicle/IC3730,http://irail.be/stations/NMBS/008883006,IC,2018-11-16T10:17:00,2018-11-16T10:15:00,723,789
http://irail.be/vehicle/IC3730,http://irail.be/stations/NMBS/008883113,IC,2018-11-16T10:23:00,2018-11-16T10:22:00,684,669
http://irail.be/vehicle/IC3730,NO-URI,IC,2018-11-16T10:27:00,2018-11-16T10:27:00,621,621
http://irail.be/vehicle/IC3730,http://irail.be/stations/NMBS/008883121,IC,2018-11-16T10:27:00,2018-11-16T10:27:00,631,631
http://irail.be/vehicle/IC3730,http://irail.be/stations/NMBS/008881174,IC,2018-11-16T10:29:00,2018-11-16T10:29:00,590,590
http://irail.be/vehicle/IC3730,http://irail.be/stations/NMBS/008881166,IC,2018-11-16T10:32:00,2018-11-16T10:31:00,642,618
http://irail.be/vehicle/IC3730,http://irail.be/stations/NMBS/008881158,IC,2018-11-16T10:34:00,2018-11-16T10:34:00,642,642
http://irail.be/vehicle/IC3730,http://irail.be/stations/NMBS/008881125,IC,2018-11-16T10:36:00,2018-11-16T10:36:00,617,617
http://irail.be/vehicle/IC3730,http://irail.be/stations/NMBS/008881000,IC,2018-11-16T10:42:00,2018-11-16T10:42:00,,482
http://irail.be/vehicle/IC3730,http://irail.be/stations/NMBS/008819406,IC,2018-07-06T09:31:00,2018-07-06T09:31:00,1558,
http://irail.be/vehicle/IC3730,http://irail.be/stations/NMBS/008811007,IC,2018-07-06T09:38:00,2018-07-06T09:38:00,1590,1590
http://irail.be/vehicle/IC3730,http://irail.be/stations/NMBS/008812005,IC,2018-07-06T09:43:00,2018-07-06T09:41:00,1859,1681
http://irail.be/vehicle/IC3730,http://irail.be/stations/NMBS/008813045,IC,2018-07-06T09:45:00,2018-07-06T09:45:00,1897,1897
http://irail.be/vehicle/IC3730,http://irail.be/stations/NMBS/008813003,IC,2018-07-06T09:47:00,2018-07-06T09:46:00,2284,2218
http://irail.be/vehicle/IC3730,http://irail.be/stations/NMBS/008813037,IC,2018-07-06T09:49:00,2018-07-06T09:49:00,2284,2284
http://irail.be/vehicle/IC3730,http://irail.be/stations/NMBS/008814001,IC,2018-07-06T09:55:00,2018-07-06T09:51:00,2271,2300
http://irail.be/vehicle/IC3730,http://irail.be/stations/NMBS/008814365,IC,2018-07-06T10:01:00,2018-07-06T10:01:00,2383,2383
http://irail.be/vehicle/IC3730,http://irail.be/stations/NMBS/008814357,IC,2018-07-06T10:03:00,2018-07-06T10:03:00,2383,2383
http://irail.be/vehicle/IC3730,http://irail.be/stations/NMBS/008814340,IC,2018-07-06T10:04:00,2018-07-06T10:04:00,2367,2367
http://irail.be/vehicle/IC3730,http://irail.be/stations/NMBS/008814308,IC,2018-07-06T10:05:00,2018-07-06T10:05:00,2400,2400
http://irail.be/vehicle/IC3730,http://irail.be/stations/NMBS/008814332,IC,2018-07-06T10:06:00,2018-07-06T10:06:00,2406,2406
http://irail.be/vehicle/IC3730,http://irail.be/stations/NMBS/008883808,IC,2018-07-06T10:07:00,2018-07-06T10:07:00,2588,2588
http://irail.be/vehicle/IC3730,http://irail.be/stations/NMBS/008883022,IC,2018-07-06T10:10:00,2018-07-06T10:10:00,2562,2562
http://irail.be/vehicle/IC3730,NO-URI,IC,2018-07-06T10:10:00,2018-07-06T10:10:00,2573,2573
http://irail.be/vehicle/IC3730,http://irail.be/stations/NMBS/008883006,IC,2018-07-06T10:17:00,2018-07-06T10:15:00,2577,2661
http://irail.be/vehicle/IC3730,http://irail.be/stations/NMBS/008883113,IC,2018-07-06T10:23:00,2018-07-06T10:22:00,2522,2500
http://irail.be/vehicle/IC3730,NO-URI,IC,2018-07-06T10:27:00,2018-07-06T10:27:00,2531,2531
http://irail.be/vehicle/IC3730,http://irail.be/stations/NMBS/008883121,IC,2018-07-06T10:27:00,2018-07-06T10:27:00,2569,2569
http://irail.be/vehicle/IC3730,http://irail.be/stations/NMBS/008881174,IC,2018-07-06T10:29:00,2018-07-06T10:29:00,2562,2562
http://irail.be/vehicle/IC3730,http://irail.be/stations/NMBS/008881166,IC,2018-07-06T10:32:00,2018-07-06T10:31:00,2619,2592
http://irail.be/vehicle/IC3730,http://irail.be/stations/NMBS/008881158,IC,2018-07-06T10:35:00,2018-07-06T10:35:00,2619,2619
http://irail.be/vehicle/IC3730,http://irail.be/stations/NMBS/008881125,IC,2018-07-06T10:36:00,2018-07-06T10:36:00,2599,2599
http://irail.be/vehicle/IC3730,http://irail.be/stations/NMBS/008881000,IC,2018-07-06T10:42:00,2018-07-06T10:42:00,,2472
http://irail.be/vehicle/IC3730,http://irail.be/stations/NMBS/008819406,IC,2018-05-14T09:31:00,2018-05-14T09:31:00,303,
http://irail.be/vehicle/IC3730,http://irail.be/stations/NMBS/008811007,IC,2018-05-14T09:38:00,2018-05-14T09:38:00,372,372
http://irail.be/vehicle/IC3730,http://irail.be/stations/NMBS/008812005,IC,2018-05-14T09:43:00,2018-05-14T09:41:00,492,465
http://irail.be/vehicle/IC3730,http://irail.be/stations/NMBS/008813045,IC,2018-05-14T09:45:00,2018-05-14T09:45:00,492,492
http://irail.be/vehicle/IC3730,http://irail.be/stations/NMBS/008813003,IC,2018-05-14T09:47:00,2018-05-14T09:46:00,526,523
http://irail.be/vehicle/IC3730,http://irail.be/stations/NMBS/008813037,IC,2018-05-14T09:49:00,2018-05-14T09:49:00,526,526
http://irail.be/vehicle/IC3730,http://irail.be/stations/NMBS/008814001,IC,2018-05-14T09:55:00,2018-05-14T09:51:00,437,568
http://irail.be/vehicle/IC3730,http://irail.be/stations/NMBS/008814308,IC,2018-05-14T10:05:00,2018-05-14T10:05:00,339,339
http://irail.be/vehicle/IC3730,http://irail.be/stations/NMBS/008814332,IC,2018-05-14T10:06:00,2018-05-14T10:06:00,337,337
http://irail.be/vehicle/IC3730,http://irail.be/stations/NMBS/008883808,IC,2018-05-14T10:07:00,2018-05-14T10:07:00,348,348
http://irail.be/vehicle/IC3730,http://irail.be/stations/NMBS/008883022,IC,2018-05-14T10:10:00,2018-05-14T10:10:00,295,295
http://irail.be/vehicle/IC3730,NO-URI,IC,2018-05-14T10:10:00,2018-05-14T10:10:00,301,301
http://irail.be/vehicle/IC3730,http://irail.be/stations/NMBS/008883006,IC,2018-05-14T10:17:00,2018-05-14T10:15:00,146,241
http://irail.be/vehicle/IC3730,http://irail.be/stations/NMBS/008883113,IC,2018-05-14T10:23:00,2018-05-14T10:22:00,115,104
http://irail.be/vehicle/IC3730,NO-URI,IC,2018-05-14T10:27:00,2018-05-14T10:27:00,57,57
http://irail.be/vehicle/IC3730,http://irail.be/stations/NMBS/008883121,IC,2018-05-14T10:27:00,2018-05-14T10:27:00,68,68
http://irail.be/vehicle/IC3730,http://irail.be/stations/NMBS/008881174,IC,2018-05-14T10:29:00,2018-05-14T10:29:00,30,30
http://irail.be/vehicle/IC3730,http://irail.be/stations/NMBS/008881166,IC,2018-05-14T10:32:00,2018-05-14T10:31:00,64,56
http://irail.be/vehicle/IC3730,http://irail.be/stations/NMBS/008881158,IC,2018-05-14T10:35:00,2018-05-14T10:35:00,64,64
http://irail.be/vehicle/IC3730,http://irail.be/stations/NMBS/008881125,IC,2018-05-14T10:37:00,2018-05-14T10:37:00,-6,-6
http://irail.be/vehicle/IC3730,http://irail.be/stations/NMBS/008881000,IC,2018-05-14T10:42:00,2018-05-14T10:42:00,,-3
http://irail.be/vehicle/IC3730,http://irail.be/stations/NMBS/008811007,IC,2018-11-24T09:38:00,2018-11-24T09:38:00,59,
http://irail.be/vehicle/IC3730,http://irail.be/stations/NMBS/008812005,IC,2018-11-24T09:43:00,2018-11-24T09:41:00,116,167
http://irail.be/vehicle/IC3730,http://irail.be/stations/NMBS/008813045,IC,2018-11-24T09:45:00,2018-11-24T09:45:00,113,113
http://irail.be/vehicle/IC3730,http://irail.be/stations/NMBS/008813003,IC,2018-11-24T09:47:00,2018-11-24T09:46:00,199,189
http://irail.be/vehicle/IC3730,http://irail.be/stations/NMBS/008813037,IC,2018-11-24T09:48:00,2018-11-24T09:48:00,198,198
http://irail.be/vehicle/IC3730,http://irail.be/stations/NMBS/008814001,IC,2018-11-24T10:00:00,2018-11-24T09:51:00,38,391
http://irail.be/vehicle/IC3730,http://irail.be/stations/NMBS/008814308,IC,2018-11-24T10:10:00,2018-11-24T10:10:00,,-71
http://irail.be/vehicle/IC3730,http://irail.be/stations/NMBS/008811007,IC,2018-11-11T09:38:00,2018-11-11T09:38:00,545,
http://irail.be/vehicle/IC3730,http://irail.be/stations/NMBS/008812005,IC,2018-11-11T09:43:00,2018-11-11T09:41:00,706,654
http://irail.be/vehicle/IC3730,http://irail.be/stations/NMBS/008813045,IC,2018-11-11T09:45:00,2018-11-11T09:45:00,704,704
http://irail.be/vehicle/IC3730,http://irail.be/stations/NMBS/008813003,IC,2018-11-11T09:47:00,2018-11-11T09:46:00,901,882
http://irail.be/vehicle/IC3730,http://irail.be/stations/NMBS/008813037,IC,2018-11-11T09:48:00,2018-11-11T09:48:00,902,902
http://irail.be/vehicle/IC3730,http://irail.be/stations/NMBS/008814001,IC,2018-11-11T09:55:00,2018-11-11T09:51:00,809,894
http://irail.be/vehicle/IC3730,http://irail.be/stations/NMBS/008814308,IC,2018-11-11T10:04:00,2018-11-11T10:04:00,727,727
http://irail.be/vehicle/IC3730,http://irail.be/stations/NMBS/008814332,IC,2018-11-11T10:05:00,2018-11-11T10:05:00,728,728
http://irail.be/vehicle/IC3730,http://irail.be/stations/NMBS/008883808,IC,2018-11-11T10:07:00,2018-11-11T10:07:00,679,679
http://irail.be/vehicle/IC3730,http://irail.be/stations/NMBS/008883022,IC,2018-11-11T10:09:00,2018-11-11T10:09:00,678,678
http://irail.be/vehicle/IC3730,NO-URI,IC,2018-11-11T10:09:00,2018-11-11T10:09:00,689,689
http://irail.be/vehicle/IC3730,http://irail.be/stations/NMBS/008883006,IC,2018-11-11T10:16:00,2018-11-11T10:14:00,521,596
http://irail.be/vehicle/IC3730,http://irail.be/stations/NMBS/008883113,IC,2018-11-11T10:22:00,2018-11-11T10:21:00,492,464
http://irail.be/vehicle/IC3730,NO-URI,IC,2018-11-11T10:26:00,2018-11-11T10:26:00,414,414
http://irail.be/vehicle/IC3730,http://irail.be/stations/NMBS/008883121,IC,2018-11-11T10:26:00,2018-11-11T10:26:00,421,421
http://irail.be/vehicle/IC3730,http://irail.be/stations/NMBS/008881174,IC,2018-11-11T10:27:00,2018-11-11T10:27:00,440,440
http://irail.be/vehicle/IC3730,http://irail.be/stations/NMBS/008881166,IC,2018-11-11T10:31:00,2018-11-11T10:30:00,414,427
http://irail.be/vehicle/IC3730,http://irail.be/stations/NMBS/008881158,IC,2018-11-11T10:33:00,2018-11-11T10:33:00,414,414
http://irail.be/vehicle/IC3730,http://irail.be/stations/NMBS/008881125,IC,2018-11-11T10:35:00,2018-11-11T10:35:00,371,371
http://irail.be/vehicle/IC3730,http://irail.be/stations/NMBS/008881000,IC,2018-11-11T10:40:00,2018-11-11T10:40:00,,306
http://irail.be/vehicle/IC3730,http://irail.be/stations/NMBS/008819406,IC,2018-02-20T09:31:00,2018-02-20T09:31:00,262,
http://irail.be/vehicle/IC3730,http://irail.be/stations/NMBS/008811007,IC,2018-02-20T09:38:00,2018-02-20T09:38:00,300,300
http://irail.be/vehicle/IC3730,http://irail.be/stations/NMBS/008812005,IC,2018-02-20T09:43:00,2018-02-20T09:41:00,197,296
http://irail.be/vehicle/IC3730,http://irail.be/stations/NMBS/008813045,IC,2018-02-20T09:45:00,2018-02-20T09:45:00,198,198
http://irail.be/vehicle/IC3730,http://irail.be/stations/NMBS/008813003,IC,2018-02-20T09:47:00,2018-02-20T09:46:00,243,230
http://irail.be/vehicle/IC3730,http://irail.be/stations/NMBS/008813037,IC,2018-02-20T09:49:00,2018-02-20T09:49:00,243,243
http://irail.be/vehicle/IC3730,http://irail.be/stations/NMBS/008814001,IC,2018-02-20T09:55:00,2018-02-20T09:51:00,149,249
http://irail.be/vehicle/IC3730,http://irail.be/stations/NMBS/008814308,IC,2018-02-20T10:05:00,2018-02-20T10:05:00,26,26
http://irail.be/vehicle/IC3730,http://irail.be/stations/NMBS/008814332,IC,2018-02-20T10:06:00,2018-02-20T10:06:00,31,31
http://irail.be/vehicle/IC3730,http://irail.be/stations/NMBS/008883808,IC,2018-02-20T10:07:00,2018-02-20T10:07:00,47,47
http://irail.be/vehicle/IC3730,http://irail.be/stations/NMBS/008883022,IC,2018-02-20T10:10:00,2018-02-20T10:10:00,95,95
http://irail.be/vehicle/IC3730,NO-URI,IC,2018-02-20T10:10:00,2018-02-20T10:10:00,175,175
http://irail.be/vehicle/IC3730,http://irail.be/stations/NMBS/008883006,IC,2018-02-20T10:17:00,2018-02-20T10:15:00,122,186
http://irail.be/vehicle/IC3730,http://irail.be/stations/NMBS/008883113,IC,2018-02-20T10:23:00,2018-02-20T10:22:00,94,56
http://irail.be/vehicle/IC3730,NO-URI,IC,2018-02-20T10:27:00,2018-02-20T10:27:00,26,26
http://irail.be/vehicle/IC3730,http://irail.be/stations/NMBS/008883121,IC,2018-02-20T10:27:00,2018-02-20T10:27:00,36,36
http://irail.be/vehicle/IC3730,http://irail.be/stations/NMBS/008881174,IC,2018-02-20T10:29:00,2018-02-20T10:29:00,3,3
http://irail.be/vehicle/IC3730,http://irail.be/stations/NMBS/008881166,IC,2018-02-20T10:32:00,2018-02-20T10:31:00,27,33
http://irail.be/vehicle/IC3730,http://irail.be/stations/NMBS/008881158,IC,2018-02-20T10:35:00,2018-02-20T10:35:00,27,27
http://irail.be/vehicle/IC3730,http://irail.be/stations/NMBS/008881125,IC,2018-02-20T10:37:00,2018-02-20T10:37:00,-47,-47
http://irail.be/vehicle/IC3730,http://irail.be/stations/NMBS/008881000,IC,2018-02-20T10:42:00,2018-02-20T10:42:00,,-50
http://irail.be/vehicle/IC3730,http://irail.be/stations/NMBS/008819406,IC,2018-10-11T09:31:00,2018-10-11T09:31:00,414,
http://irail.be/vehicle/IC3730,http://irail.be/stations/NMBS/008811007,IC,2018-10-11T09:38:00,2018-10-11T09:38:00,431,431
http://irail.be/vehicle/IC3730,http://irail.be/stations/NMBS/008812005,IC,2018-10-11T09:43:00,2018-10-11T09:41:00,497,465
http://irail.be/vehicle/IC3730,http://irail.be/stations/NMBS/008813045,IC,2018-10-11T09:45:00,2018-10-11T09:45:00,493,493
http://irail.be/vehicle/IC3730,http://irail.be/stations/NMBS/008813003,IC,2018-10-11T09:47:00,2018-10-11T09:46:00,571,536
http://irail.be/vehicle/IC3730,http://irail.be/stations/NMBS/008813037,IC,2018-10-11T09:49:00,2018-10-11T09:49:00,571,571
http://irail.be/vehicle/IC3730,http://irail.be/stations/NMBS/008814001,IC,2018-10-11T09:55:00,2018-10-11T09:51:00,421,582
http://irail.be/vehicle/IC3730,http://irail.be/stations/NMBS/008814308,IC,2018-10-11T10:05:00,2018-10-11T10:05:00,300,300
http://irail.be/vehicle/IC3730,http://irail.be/stations/NMBS/008814332,IC,2018-10-11T10:06:00,2018-10-11T10:06:00,303,303
http://irail.be/vehicle/IC3730,http://irail.be/stations/NMBS/008883808,IC,2018-10-11T10:07:00,2018-10-11T10:07:00,315,315
http://irail.be/vehicle/IC3730,http://irail.be/stations/NMBS/008883022,IC,2018-10-11T10:10:00,2018-10-11T10:10:00,261,261
http://irail.be/vehicle/IC3730,NO-URI,IC,2018-10-11T10:10:00,2018-10-11T10:10:00,267,267
http://irail.be/vehicle/IC3730,http://irail.be/stations/NMBS/008883006,IC,2018-10-11T10:17:00,2018-10-11T10:15:00,91,172
http://irail.be/vehicle/IC3730,http://irail.be/stations/NMBS/008883113,IC,2018-10-11T10:23:00,2018-10-11T10:22:00,40,22
http://irail.be/vehicle/IC3730,NO-URI,IC,2018-10-11T10:27:00,2018-10-11T10:27:00,-36,-36
http://irail.be/vehicle/IC3730,http://irail.be/stations/NMBS/008883121,IC,2018-10-11T10:27:00,2018-10-11T10:27:00,-28,-28
http://irail.be/vehicle/IC3730,http://irail.be/stations/NMBS/008881174,IC,2018-10-11T10:29:00,2018-10-11T10:29:00,-68,-68
http://irail.be/vehicle/IC3730,http://irail.be/stations/NMBS/008881166,IC,2018-10-11T10:32:00,2018-10-11T10:31:00,61,-41
http://irail.be/vehicle/IC3730,http://irail.be/stations/NMBS/008881158,IC,2018-10-11T10:34:00,2018-10-11T10:34:00,61,61
http://irail.be/vehicle/IC3730,http://irail.be/stations/NMBS/008881125,IC,2018-10-11T10:36:00,2018-10-11T10:36:00,17,17
http://irail.be/vehicle/IC3730,http://irail.be/stations/NMBS/008881000,IC,2018-10-11T10:42:00,2018-10-11T10:42:00,,-70
http://irail.be/vehicle/IC3730,http://irail.be/stations/NMBS/008819406,IC,2018-03-23T09:31:00,2018-03-23T09:31:00,10,
http://irail.be/vehicle/IC3730,http://irail.be/stations/NMBS/008811007,IC,2018-03-23T09:38:00,2018-03-23T09:38:00,13,13
http://irail.be/vehicle/IC3730,http://irail.be/stations/NMBS/008812005,IC,2018-03-23T09:43:00,2018-03-23T09:41:00,62,37
http://irail.be/vehicle/IC3730,http://irail.be/stations/NMBS/008813045,IC,2018-03-23T09:45:00,2018-03-23T09:45:00,59,59
http://irail.be/vehicle/IC3730,http://irail.be/stations/NMBS/008813003,IC,2018-03-23T09:47:00,2018-03-23T09:46:00,123,88
http://irail.be/vehicle/IC3730,http://irail.be/stations/NMBS/008813037,IC,2018-03-23T09:49:00,2018-03-23T09:49:00,123,123
http://irail.be/vehicle/IC3730,http://irail.be/stations/NMBS/008814001,IC,2018-03-23T09:55:00,2018-03-23T09:51:00,58,157
http://irail.be/vehicle/IC3730,http://irail.be/stations/NMBS/008814308,IC,2018-03-23T10:05:00,2018-03-23T10:05:00,-63,-63
http://irail.be/vehicle/IC3730,http://irail.be/stations/NMBS/008814332,IC,2018-03-23T10:06:00,2018-03-23T10:06:00,-57,-57
http://irail.be/vehicle/IC3730,http://irail.be/stations/NMBS/008883808,IC,2018-03-23T10:07:00,2018-03-23T10:07:00,-40,-40
http://irail.be/vehicle/IC3730,http://irail.be/stations/NMBS/008883022,IC,2018-03-23T10:10:00,2018-03-23T10:10:00,-82,-82
http://irail.be/vehicle/IC3730,NO-URI,IC,2018-03-23T10:10:00,2018-03-23T10:10:00,-72,-72
http://irail.be/vehicle/IC3730,http://irail.be/stations/NMBS/008883006,IC,2018-03-23T10:17:00,2018-03-23T10:15:00,8,-113
http://irail.be/vehicle/IC3730,http://irail.be/stations/NMBS/008883113,IC,2018-03-23T10:23:00,2018-03-23T10:22:00,28,-20
http://irail.be/vehicle/IC3730,NO-URI,IC,2018-03-23T10:27:00,2018-03-23T10:27:00,-35,-35
http://irail.be/vehicle/IC3730,http://irail.be/stations/NMBS/008883121,IC,2018-03-23T10:27:00,2018-03-23T10:27:00,-23,-23
http://irail.be/vehicle/IC3730,http://irail.be/stations/NMBS/008881174,IC,2018-03-23T10:29:00,2018-03-23T10:29:00,-60,-60
http://irail.be/vehicle/IC3730,http://irail.be/stations/NMBS/008881166,IC,2018-03-23T10:32:00,2018-03-23T10:31:00,-40,-34
http://irail.be/vehicle/IC3730,http://irail.be/stations/NMBS/008881158,IC,2018-03-23T10:35:00,2018-03-23T10:35:00,-40,-40
http://irail.be/vehicle/IC3730,http://irail.be/stations/NMBS/008881125,IC,2018-03-23T10:37:00,2018-03-23T10:37:00,-114,-114
http://irail.be/vehicle/IC3730,http://irail.be/stations/NMBS/008881000,IC,2018-03-23T10:42:00,2018-03-23T10:42:00,,-131
http://irail.be/vehicle/IC3730,http://irail.be/stations/NMBS/008819406,IC,2018-04-26T09:31:00,2018-04-26T09:31:00,547,
http://irail.be/vehicle/IC3730,http://irail.be/stations/NMBS/008811007,IC,2018-04-26T09:38:00,2018-04-26T09:38:00,652,652
http://irail.be/vehicle/IC3730,http://irail.be/stations/NMBS/008812005,IC,2018-04-26T09:43:00,2018-04-26T09:41:00,709,688
http://irail.be/vehicle/IC3730,http://irail.be/stations/NMBS/008813045,IC,2018-04-26T09:45:00,2018-04-26T09:45:00,713,713
http://irail.be/vehicle/IC3730,http://irail.be/stations/NMBS/008813003,IC,2018-04-26T09:47:00,2018-04-26T09:46:00,766,750
http://irail.be/vehicle/IC3730,http://irail.be/stations/NMBS/008813037,IC,2018-04-26T09:49:00,2018-04-26T09:49:00,766,766
http://irail.be/vehicle/IC3730,http://irail.be/stations/NMBS/008814001,IC,2018-04-26T09:55:00,2018-04-26T09:51:00,758,792
http://irail.be/vehicle/IC3730,http://irail.be/stations/NMBS/008814365,IC,2018-04-26T10:01:00,2018-04-26T10:01:00,711,711
http://irail.be/vehicle/IC3730,http://irail.be/stations/NMBS/008814357,IC,2018-04-26T10:03:00,2018-04-26T10:03:00,711,711
http://irail.be/vehicle/IC3730,http://irail.be/stations/NMBS/008814340,IC,2018-04-26T10:04:00,2018-04-26T10:04:00,696,696
http://irail.be/vehicle/IC3730,http://irail.be/stations/NMBS/008814308,IC,2018-04-26T10:05:00,2018-04-26T10:05:00,701,701
http://irail.be/vehicle/IC3730,http://irail.be/stations/NMBS/008814332,IC,2018-04-26T10:06:00,2018-04-26T10:06:00,695,695
http://irail.be/vehicle/IC3730,http://irail.be/stations/NMBS/008883808,IC,2018-04-26T10:07:00,2018-04-26T10:07:00,707,707
http://irail.be/vehicle/IC3730,http://irail.be/stations/NMBS/008883022,IC,2018-04-26T10:10:00,2018-04-26T10:10:00,655,655
http://irail.be/vehicle/IC3730,NO-URI,IC,2018-04-26T10:10:00,2018-04-26T10:10:00,660,660
http://irail.be/vehicle/IC3730,http://irail.be/stations/NMBS/008883006,IC,2018-04-26T10:17:00,2018-04-26T10:15:00,538,598
http://irail.be/vehicle/IC3730,http://irail.be/stations/NMBS/008883113,IC,2018-04-26T10:23:00,2018-04-26T10:22:00,410,400
http://irail.be/vehicle/IC3730,NO-URI,IC,2018-04-26T10:27:00,2018-04-26T10:27:00,333,333
http://irail.be/vehicle/IC3730,http://irail.be/stations/NMBS/008883121,IC,2018-04-26T10:27:00,2018-04-26T10:27:00,344,344
http://irail.be/vehicle/IC3730,http://irail.be/stations/NMBS/008881174,IC,2018-04-26T10:29:00,2018-04-26T10:29:00,365,365
http://irail.be/vehicle/IC3730,http://irail.be/stations/NMBS/008881166,IC,2018-04-26T10:32:00,2018-04-26T10:31:00,368,392
http://irail.be/vehicle/IC3730,http://irail.be/stations/NMBS/008881158,IC,2018-04-26T10:35:00,2018-04-26T10:35:00,368,368
http://irail.be/vehicle/IC3730,http://irail.be/stations/NMBS/008881125,IC,2018-04-26T10:37:00,2018-04-26T10:37:00,288,288
http://irail.be/vehicle/IC3730,http://irail.be/stations/NMBS/008881000,IC,2018-04-26T10:42:00,2018-04-26T10:42:00,,302
http://irail.be/vehicle/IC3730,http://irail.be/stations/NMBS/008819406,IC,2018-02-27T09:31:00,2018-02-27T09:31:00,54,
http://irail.be/vehicle/IC3730,http://irail.be/stations/NMBS/008811007,IC,2018-02-27T09:38:00,2018-02-27T09:38:00,83,83
http://irail.be/vehicle/IC3730,http://irail.be/stations/NMBS/008812005,IC,2018-02-27T09:43:00,2018-02-27T09:41:00,69,93
http://irail.be/vehicle/IC3730,http://irail.be/stations/NMBS/008813045,IC,2018-02-27T09:45:00,2018-02-27T09:45:00,72,72
http://irail.be/vehicle/IC3730,http://irail.be/stations/NMBS/008813003,IC,2018-02-27T09:47:00,2018-02-27T09:46:00,132,103
http://irail.be/vehicle/IC3730,http://irail.be/stations/NMBS/008813037,IC,2018-02-27T09:49:00,2018-02-27T09:49:00,132,132
http://irail.be/vehicle/IC3730,http://irail.be/stations/NMBS/008814001,IC,2018-02-27T09:55:00,2018-02-27T09:51:00,374,139
http://irail.be/vehicle/IC3730,http://irail.be/stations/NMBS/008814308,IC,2018-02-27T10:05:00,2018-02-27T10:05:00,218,218
http://irail.be/vehicle/IC3730,http://irail.be/stations/NMBS/008814332,IC,2018-02-27T10:06:00,2018-02-27T10:06:00,220,220
http://irail.be/vehicle/IC3730,http://irail.be/stations/NMBS/008883808,IC,2018-02-27T10:07:00,2018-02-27T10:07:00,229,229
http://irail.be/vehicle/IC3730,http://irail.be/stations/NMBS/008883022,IC,2018-02-27T10:10:00,2018-02-27T10:10:00,176,176
http://irail.be/vehicle/IC3730,NO-URI,IC,2018-02-27T10:10:00,2018-02-27T10:10:00,183,183
http://irail.be/vehicle/IC3730,http://irail.be/stations/NMBS/008883006,IC,2018-02-27T10:17:00,2018-02-27T10:15:00,66,88
http://irail.be/vehicle/IC3730,http://irail.be/stations/NMBS/008883113,IC,2018-02-27T10:23:00,2018-02-27T10:22:00,42,2
http://irail.be/vehicle/IC3730,NO-URI,IC,2018-02-27T10:27:00,2018-02-27T10:27:00,-30,-30
http://irail.be/vehicle/IC3730,http://irail.be/stations/NMBS/008883121,IC,2018-02-27T10:27:00,2018-02-27T10:27:00,-21,-21
http://irail.be/vehicle/IC3730,http://irail.be/stations/NMBS/008881174,IC,2018-02-27T10:29:00,2018-02-27T10:29:00,-59,-59
http://irail.be/vehicle/IC3730,http://irail.be/stations/NMBS/008881166,IC,2018-02-27T10:32:00,2018-02-27T10:31:00,9,-33
http://irail.be/vehicle/IC3730,http://irail.be/stations/NMBS/008881158,IC,2018-02-27T10:35:00,2018-02-27T10:35:00,9,9
http://irail.be/vehicle/IC3730,http://irail.be/stations/NMBS/008881125,IC,2018-02-27T10:37:00,2018-02-27T10:37:00,-72,-72
http://irail.be/vehicle/IC3730,http://irail.be/stations/NMBS/008881000,IC,2018-02-27T10:42:00,2018-02-27T10:42:00,,-92
http://irail.be/vehicle/IC3730,http://irail.be/stations/NMBS/008819406,IC,2018-04-23T09:31:00,2018-04-23T09:31:00,62,
http://irail.be/vehicle/IC3730,http://irail.be/stations/NMBS/008811007,IC,2018-04-23T09:38:00,2018-04-23T09:38:00,62,62
http://irail.be/vehicle/IC3730,http://irail.be/stations/NMBS/008812005,IC,2018-04-23T09:43:00,2018-04-23T09:41:00,50,93
http://irail.be/vehicle/IC3730,http://irail.be/stations/NMBS/008813045,IC,2018-04-23T09:45:00,2018-04-23T09:45:00,47,47
http://irail.be/vehicle/IC3730,http://irail.be/stations/NMBS/008813003,IC,2018-04-23T09:47:00,2018-04-23T09:46:00,169,159
http://irail.be/vehicle/IC3730,http://irail.be/stations/NMBS/008813037,IC,2018-04-23T09:49:00,2018-04-23T09:49:00,169,169
http://irail.be/vehicle/IC3730,http://irail.be/stations/NMBS/008814001,IC,2018-04-23T09:55:00,2018-04-23T09:51:00,116,255
http://irail.be/vehicle/IC3730,http://irail.be/stations/NMBS/008814308,IC,2018-04-23T10:05:00,2018-04-23T10:05:00,-15,-15
http://irail.be/vehicle/IC3730,http://irail.be/stations/NMBS/008814332,IC,2018-04-23T10:06:00,2018-04-23T10:06:00,-15,-15
http://irail.be/vehicle/IC3730,http://irail.be/stations/NMBS/008883808,IC,2018-04-23T10:07:00,2018-04-23T10:07:00,253,253
http://irail.be/vehicle/IC3730,http://irail.be/stations/NMBS/008883022,IC,2018-04-23T10:10:00,2018-04-23T10:10:00,248,248
http://irail.be/vehicle/IC3730,NO-URI,IC,2018-04-23T10:10:00,2018-04-23T10:10:00,254,254
http://irail.be/vehicle/IC3730,http://irail.be/stations/NMBS/008883006,IC,2018-04-23T10:17:00,2018-04-23T10:15:00,90,193
http://irail.be/vehicle/IC3730,http://irail.be/stations/NMBS/008883113,IC,2018-04-23T10:23:00,2018-04-23T10:22:00,39,19
http://irail.be/vehicle/IC3730,NO-URI,IC,2018-04-23T10:27:00,2018-04-23T10:27:00,-33,-33
http://irail.be/vehicle/IC3730,http://irail.be/stations/NMBS/008883121,IC,2018-04-23T10:27:00,2018-04-23T10:27:00,-26,-26
http://irail.be/vehicle/IC3730,http://irail.be/stations/NMBS/008881174,IC,2018-04-23T10:29:00,2018-04-23T10:29:00,1,1
http://irail.be/vehicle/IC3730,http://irail.be/stations/NMBS/008881166,IC,2018-04-23T10:32:00,2018-04-23T10:31:00,48,28
http://irail.be/vehicle/IC3730,http://irail.be/stations/NMBS/008881158,IC,2018-04-23T10:35:00,2018-04-23T10:35:00,48,48
http://irail.be/vehicle/IC3730,http://irail.be/stations/NMBS/008881125,IC,2018-04-23T10:37:00,2018-04-23T10:37:00,-29,-29
http://irail.be/vehicle/IC3730,http://irail.be/stations/NMBS/008881000,IC,2018-04-23T10:42:00,2018-04-23T10:42:00,,-24
http://irail.be/vehicle/IC3730,http://irail.be/stations/NMBS/008819406,IC,2018-05-21T09:31:00,2018-05-21T09:31:00,13,
http://irail.be/vehicle/IC3730,http://irail.be/stations/NMBS/008811007,IC,2018-05-21T09:38:00,2018-05-21T09:38:00,3,3
http://irail.be/vehicle/IC3730,http://irail.be/stations/NMBS/008812005,IC,2018-05-21T09:43:00,2018-05-21T09:41:00,41,-20
http://irail.be/vehicle/IC3730,http://irail.be/stations/NMBS/008813045,IC,2018-05-21T09:45:00,2018-05-21T09:45:00,39,39
http://irail.be/vehicle/IC3730,http://irail.be/stations/NMBS/008813003,IC,2018-05-21T09:47:00,2018-05-21T09:46:00,130,66
http://irail.be/vehicle/IC3730,http://irail.be/stations/NMBS/008813037,IC,2018-05-21T09:49:00,2018-05-21T09:49:00,130,130
http://irail.be/vehicle/IC3730,http://irail.be/stations/NMBS/008814001,IC,2018-05-21T09:55:00,2018-05-21T09:51:00,134,127
http://irail.be/vehicle/IC3730,http://irail.be/stations/NMBS/008814308,IC,2018-05-21T10:04:00,2018-05-21T10:04:00,69,69
http://irail.be/vehicle/IC3730,http://irail.be/stations/NMBS/008814332,IC,2018-05-21T10:05:00,2018-05-21T10:05:00,67,67
http://irail.be/vehicle/IC3730,http://irail.be/stations/NMBS/008883808,IC,2018-05-21T10:07:00,2018-05-21T10:07:00,24,24
http://irail.be/vehicle/IC3730,http://irail.be/stations/NMBS/008883022,IC,2018-05-21T10:09:00,2018-05-21T10:09:00,35,35
http://irail.be/vehicle/IC3730,NO-URI,IC,2018-05-21T10:09:00,2018-05-21T10:09:00,47,47
http://irail.be/vehicle/IC3730,http://irail.be/stations/NMBS/008883006,IC,2018-05-21T10:16:00,2018-05-21T10:14:00,38,-2
http://irail.be/vehicle/IC3730,http://irail.be/stations/NMBS/008883113,IC,2018-05-21T10:22:00,2018-05-21T10:21:00,48,-34
http://irail.be/vehicle/IC3730,NO-URI,IC,2018-05-21T10:26:00,2018-05-21T10:26:00,-16,-16
http://irail.be/vehicle/IC3730,http://irail.be/stations/NMBS/008883121,IC,2018-05-21T10:26:00,2018-05-21T10:26:00,-4,-4
http://irail.be/vehicle/IC3730,http://irail.be/stations/NMBS/008881174,IC,2018-05-21T10:27:00,2018-05-21T10:27:00,20,20
http://irail.be/vehicle/IC3730,http://irail.be/stations/NMBS/008881166,IC,2018-05-21T10:31:00,2018-05-21T10:30:00,32,8
http://irail.be/vehicle/IC3730,http://irail.be/stations/NMBS/008881158,IC,2018-05-21T10:34:00,2018-05-21T10:34:00,32,32
http://irail.be/vehicle/IC3730,http://irail.be/stations/NMBS/008881125,IC,2018-05-21T10:35:00,2018-05-21T10:35:00,41,41
http://irail.be/vehicle/IC3730,http://irail.be/stations/NMBS/008881000,IC,2018-05-21T10:40:00,2018-05-21T10:40:00,,19
http://irail.be/vehicle/IC3730,http://irail.be/stations/NMBS/008819406,IC,2018-02-09T09:31:00,2018-02-09T09:31:00,216,
http://irail.be/vehicle/IC3730,http://irail.be/stations/NMBS/008811007,IC,2018-02-09T09:38:00,2018-02-09T09:38:00,258,258
http://irail.be/vehicle/IC3730,http://irail.be/stations/NMBS/008812005,IC,2018-02-09T09:43:00,2018-02-09T09:41:00,250,294
http://irail.be/vehicle/IC3730,http://irail.be/stations/NMBS/008813045,IC,2018-02-09T09:45:00,2018-02-09T09:45:00,265,265
http://irail.be/vehicle/IC3730,http://irail.be/stations/NMBS/008813003,IC,2018-02-09T09:47:00,2018-02-09T09:46:00,328,295
http://irail.be/vehicle/IC3730,http://irail.be/stations/NMBS/008813037,IC,2018-02-09T09:49:00,2018-02-09T09:49:00,328,328
http://irail.be/vehicle/IC3730,http://irail.be/stations/NMBS/008814001,IC,2018-02-09T09:55:00,2018-02-09T09:51:00,244,334
http://irail.be/vehicle/IC3730,http://irail.be/stations/NMBS/008814373,IC,2018-02-09T10:01:41,2018-02-09T10:01:41,42,42
http://irail.be/vehicle/IC3730,http://irail.be/stations/NMBS/008814365,IC,2018-02-09T10:01:00,2018-02-09T10:01:00,239,239
http://irail.be/vehicle/IC3730,http://irail.be/stations/NMBS/008814357,IC,2018-02-09T10:03:00,2018-02-09T10:03:00,239,239
http://irail.be/vehicle/IC3730,http://irail.be/stations/NMBS/008814340,IC,2018-02-09T10:04:00,2018-02-09T10:04:00,222,222
http://irail.be/vehicle/IC3730,http://irail.be/stations/NMBS/008814308,IC,2018-02-09T10:05:00,2018-02-09T10:05:00,231,231
http://irail.be/vehicle/IC3730,http://irail.be/stations/NMBS/008814332,IC,2018-02-09T10:06:00,2018-02-09T10:06:00,226,226
http://irail.be/vehicle/IC3730,http://irail.be/stations/NMBS/008883808,IC,2018-02-09T10:07:00,2018-02-09T10:07:00,241,241
http://irail.be/vehicle/IC3730,http://irail.be/stations/NMBS/008883022,IC,2018-02-09T10:10:00,2018-02-09T10:10:00,187,187
http://irail.be/vehicle/IC3730,NO-URI,IC,2018-02-09T10:10:00,2018-02-09T10:10:00,193,193
http://irail.be/vehicle/IC3730,http://irail.be/stations/NMBS/008883006,IC,2018-02-09T10:17:00,2018-02-09T10:15:00,30,99
http://irail.be/vehicle/IC3730,http://irail.be/stations/NMBS/008883113,IC,2018-02-09T10:23:00,2018-02-09T10:22:00,16,-37
http://irail.be/vehicle/IC3730,NO-URI,IC,2018-02-09T10:27:00,2018-02-09T10:27:00,-47,-47
http://irail.be/vehicle/IC3730,http://irail.be/stations/NMBS/008883121,IC,2018-02-09T10:27:00,2018-02-09T10:27:00,-38,-38
http://irail.be/vehicle/IC3730,http://irail.be/stations/NMBS/008881174,IC,2018-02-09T10:29:00,2018-02-09T10:29:00,-76,-76
http://irail.be/vehicle/IC3730,http://irail.be/stations/NMBS/008881166,IC,2018-02-09T10:32:00,2018-02-09T10:31:00,-11,-47
http://irail.be/vehicle/IC3730,http://irail.be/stations/NMBS/008881158,IC,2018-02-09T10:35:00,2018-02-09T10:35:00,-11,-11
http://irail.be/vehicle/IC3730,http://irail.be/stations/NMBS/008881125,IC,2018-02-09T10:37:00,2018-02-09T10:37:00,-84,-84
http://irail.be/vehicle/IC3730,http://irail.be/stations/NMBS/008881000,IC,2018-02-09T10:42:00,2018-02-09T10:42:00,,-85
http://irail.be/vehicle/IC3730,http://irail.be/stations/NMBS/008819406,IC,2018-07-12T09:31:00,2018-07-12T09:31:00,6,
http://irail.be/vehicle/IC3730,http://irail.be/stations/NMBS/008811007,IC,2018-07-12T09:38:00,2018-07-12T09:38:00,288,288
http://irail.be/vehicle/IC3730,http://irail.be/stations/NMBS/008812005,IC,2018-07-12T09:43:00,2018-07-12T09:41:00,440,393
http://irail.be/vehicle/IC3730,http://irail.be/stations/NMBS/008813045,IC,2018-07-12T09:45:00,2018-07-12T09:45:00,432,432
http://irail.be/vehicle/IC3730,http://irail.be/stations/NMBS/008813003,IC,2018-07-12T09:47:00,2018-07-12T09:46:00,570,549
http://irail.be/vehicle/IC3730,http://irail.be/stations/NMBS/008813037,IC,2018-07-12T09:49:00,2018-07-12T09:49:00,570,570
http://irail.be/vehicle/IC3730,http://irail.be/stations/NMBS/008814001,IC,2018-07-12T09:55:00,2018-07-12T09:51:00,509,613
http://irail.be/vehicle/IC3730,http://irail.be/stations/NMBS/008814308,IC,2018-07-12T10:05:00,2018-07-12T10:05:00,407,407
http://irail.be/vehicle/IC3730,http://irail.be/stations/NMBS/008814332,IC,2018-07-12T10:06:00,2018-07-12T10:06:00,410,410
http://irail.be/vehicle/IC3730,http://irail.be/stations/NMBS/008883808,IC,2018-07-12T10:07:00,2018-07-12T10:07:00,430,430
http://irail.be/vehicle/IC3730,http://irail.be/stations/NMBS/008883022,IC,2018-07-12T10:10:00,2018-07-12T10:10:00,386,386
http://irail.be/vehicle/IC3730,NO-URI,IC,2018-07-12T10:10:00,2018-07-12T10:10:00,392,392
http://irail.be/vehicle/IC3730,http://irail.be/stations/NMBS/008883006,IC,2018-07-12T10:17:00,2018-07-12T10:15:00,246,340
http://irail.be/vehicle/IC3730,http://irail.be/stations/NMBS/008883113,IC,2018-07-12T10:23:00,2018-07-12T10:22:00,223,185
http://irail.be/vehicle/IC3730,NO-URI,IC,2018-07-12T10:27:00,2018-07-12T10:27:00,285,285
http://irail.be/vehicle/IC3730,http://irail.be/stations/NMBS/008883121,IC,2018-07-12T10:27:00,2018-07-12T10:27:00,333,333
http://irail.be/vehicle/IC3730,http://irail.be/stations/NMBS/008881174,IC,2018-07-12T10:29:00,2018-07-12T10:29:00,343,343
http://irail.be/vehicle/IC3730,http://irail.be/stations/NMBS/008881166,IC,2018-07-12T10:32:00,2018-07-12T10:31:00,756,374
http://irail.be/vehicle/IC3730,http://irail.be/stations/NMBS/008881158,IC,2018-07-12T10:35:00,2018-07-12T10:35:00,756,756
http://irail.be/vehicle/IC3730,http://irail.be/stations/NMBS/008881125,IC,2018-07-12T10:36:00,2018-07-12T10:36:00,740,740
http://irail.be/vehicle/IC3730,http://irail.be/stations/NMBS/008881000,IC,2018-07-12T10:42:00,2018-07-12T10:42:00,,634
http://irail.be/vehicle/IC3730,http://irail.be/stations/NMBS/008819406,IC,2018-06-25T09:31:00,2018-06-25T09:31:00,554,
http://irail.be/vehicle/IC3730,http://irail.be/stations/NMBS/008811007,IC,2018-06-25T09:38:00,2018-06-25T09:38:00,571,571
http://irail.be/vehicle/IC3730,http://irail.be/stations/NMBS/008812005,IC,2018-06-25T09:43:00,2018-06-25T09:41:00,509,566
http://irail.be/vehicle/IC3730,http://irail.be/stations/NMBS/008813045,IC,2018-06-25T09:45:00,2018-06-25T09:45:00,506,506
http://irail.be/vehicle/IC3730,http://irail.be/stations/NMBS/008813003,IC,2018-06-25T09:47:00,2018-06-25T09:46:00,563,544
http://irail.be/vehicle/IC3730,http://irail.be/stations/NMBS/008813037,IC,2018-06-25T09:49:00,2018-06-25T09:49:00,563,563
http://irail.be/vehicle/IC3730,http://irail.be/stations/NMBS/008814001,IC,2018-06-25T09:55:00,2018-06-25T09:51:00,745,574
http://irail.be/vehicle/IC3730,http://irail.be/stations/NMBS/008814365,IC,2018-06-25T10:01:00,2018-06-25T10:01:00,712,712
http://irail.be/vehicle/IC3730,http://irail.be/stations/NMBS/008814357,IC,2018-06-25T10:03:00,2018-06-25T10:03:00,712,712
http://irail.be/vehicle/IC3730,http://irail.be/stations/NMBS/008814340,IC,2018-06-25T10:04:00,2018-06-25T10:04:00,697,697
http://irail.be/vehicle/IC3730,http://irail.be/stations/NMBS/008814308,IC,2018-06-25T10:05:00,2018-06-25T10:05:00,704,704
http://irail.be/vehicle/IC3730,http://irail.be/stations/NMBS/008814332,IC,2018-06-25T10:06:00,2018-06-25T10:06:00,698,698
http://irail.be/vehicle/IC3730,http://irail.be/stations/NMBS/008883808,IC,2018-06-25T10:07:00,2018-06-25T10:07:00,713,713
http://irail.be/vehicle/IC3730,http://irail.be/stations/NMBS/008883022,IC,2018-06-25T10:10:00,2018-06-25T10:10:00,665,665
http://irail.be/vehicle/IC3730,NO-URI,IC,2018-06-25T10:10:00,2018-06-25T10:10:00,672,672
http://irail.be/vehicle/IC3730,http://irail.be/stations/NMBS/008883006,IC,2018-06-25T10:17:00,2018-06-25T10:15:00,531,615
http://irail.be/vehicle/IC3730,http://irail.be/stations/NMBS/008883113,IC,2018-06-25T10:23:00,2018-06-25T10:22:00,507,467
http://irail.be/vehicle/IC3730,NO-URI,IC,2018-06-25T10:27:00,2018-06-25T10:27:00,437,437
http://irail.be/vehicle/IC3730,http://irail.be/stations/NMBS/008883121,IC,2018-06-25T10:27:00,2018-06-25T10:27:00,446,446
http://irail.be/vehicle/IC3730,http://irail.be/stations/NMBS/008881174,IC,2018-06-25T10:29:00,2018-06-25T10:29:00,411,411
http://irail.be/vehicle/IC3730,http://irail.be/stations/NMBS/008881166,IC,2018-06-25T10:32:00,2018-06-25T10:31:00,576,529
http://irail.be/vehicle/IC3730,http://irail.be/stations/NMBS/008881158,IC,2018-06-25T10:35:00,2018-06-25T10:35:00,576,576
http://irail.be/vehicle/IC3730,http://irail.be/stations/NMBS/008881125,IC,2018-06-25T10:36:00,2018-06-25T10:36:00,630,630
http://irail.be/vehicle/IC3730,http://irail.be/stations/NMBS/008881000,IC,2018-06-25T10:42:00,2018-06-25T10:42:00,,507
http://irail.be/vehicle/IC3730,http://irail.be/stations/NMBS/008819406,IC,2018-07-16T09:31:00,2018-07-16T09:31:00,656,
http://irail.be/vehicle/IC3730,http://irail.be/stations/NMBS/008811007,IC,2018-07-16T09:38:00,2018-07-16T09:38:00,691,691
http://irail.be/vehicle/IC3730,http://irail.be/stations/NMBS/008812005,IC,2018-07-16T09:43:00,2018-07-16T09:41:00,872,720
http://irail.be/vehicle/IC3730,http://irail.be/stations/NMBS/008813045,IC,2018-07-16T09:45:00,2018-07-16T09:45:00,876,876
http://irail.be/vehicle/IC3730,http://irail.be/stations/NMBS/008813003,IC,2018-07-16T09:47:00,2018-07-16T09:46:00,982,938
http://irail.be/vehicle/IC3730,http://irail.be/stations/NMBS/008813037,IC,2018-07-16T09:48:00,2018-07-16T09:48:00,982,982
http://irail.be/vehicle/IC3730,http://irail.be/stations/NMBS/008814001,IC,2018-07-16T09:55:00,2018-07-16T09:51:00,914,986
http://irail.be/vehicle/IC3730,http://irail.be/stations/NMBS/008814308,IC,2018-07-16T10:05:00,2018-07-16T10:05:00,818,818
http://irail.be/vehicle/IC3730,http://irail.be/stations/NMBS/008814332,IC,2018-07-16T10:06:00,2018-07-16T10:06:00,821,821
http://irail.be/vehicle/IC3730,http://irail.be/stations/NMBS/008883808,IC,2018-07-16T10:07:00,2018-07-16T10:07:00,838,838
http://irail.be/vehicle/IC3730,http://irail.be/stations/NMBS/008883022,IC,2018-07-16T10:10:00,2018-07-16T10:10:00,788,788
http://irail.be/vehicle/IC3730,NO-URI,IC,2018-07-16T10:10:00,2018-07-16T10:10:00,794,794
http://irail.be/vehicle/IC3730,http://irail.be/stations/NMBS/008883006,IC,2018-07-16T10:17:00,2018-07-16T10:15:00,646,732
http://irail.be/vehicle/IC3730,http://irail.be/stations/NMBS/008883113,IC,2018-07-16T10:23:00,2018-07-16T10:22:00,693,617
http://irail.be/vehicle/IC3730,NO-URI,IC,2018-07-16T10:27:00,2018-07-16T10:27:00,700,700
http://irail.be/vehicle/IC3730,http://irail.be/stations/NMBS/008883121,IC,2018-07-16T10:27:00,2018-07-16T10:27:00,759,759
http://irail.be/vehicle/IC3730,http://irail.be/stations/NMBS/008881174,IC,2018-07-16T10:29:00,2018-07-16T10:29:00,764,764
http://irail.be/vehicle/IC3730,http://irail.be/stations/NMBS/008881166,IC,2018-07-16T10:32:00,2018-07-16T10:31:00,865,792
http://irail.be/vehicle/IC3730,http://irail.be/stations/NMBS/008881158,IC,2018-07-16T10:34:00,2018-07-16T10:34:00,865,865
http://irail.be/vehicle/IC3730,http://irail.be/stations/NMBS/008881125,IC,2018-07-16T10:36:00,2018-07-16T10:36:00,822,822
http://irail.be/vehicle/IC3730,http://irail.be/stations/NMBS/008881000,IC,2018-07-16T10:43:00,2018-07-16T10:42:00,893,792
http://irail.be/vehicle/IC3730,http://irail.be/stations/NMBS/008884566,IC,2018-07-16T10:48:00,2018-07-16T10:48:00,893,893
http://irail.be/vehicle/IC3730,http://irail.be/stations/NMBS/008884541,IC,2018-07-16T10:48:00,2018-07-16T10:48:00,922,922
http://irail.be/vehicle/IC3730,http://irail.be/stations/NMBS/008884004,IC,2018-07-16T10:51:00,2018-07-16T10:51:00,,966
http://irail.be/vehicle/IC3730,http://irail.be/stations/NMBS/008819406,IC,2018-03-19T09:31:00,2018-03-19T09:31:00,521,
http://irail.be/vehicle/IC3730,http://irail.be/stations/NMBS/008811007,IC,2018-03-19T09:38:00,2018-03-19T09:38:00,572,572
http://irail.be/vehicle/IC3730,http://irail.be/stations/NMBS/008812005,IC,2018-03-19T09:43:00,2018-03-19T09:41:00,525,588
http://irail.be/vehicle/IC3730,http://irail.be/stations/NMBS/008813045,IC,2018-03-19T09:45:00,2018-03-19T09:45:00,516,516
http://irail.be/vehicle/IC3730,http://irail.be/stations/NMBS/008813003,IC,2018-03-19T09:47:00,2018-03-19T09:46:00,542,544
http://irail.be/vehicle/IC3730,http://irail.be/stations/NMBS/008813037,IC,2018-03-19T09:49:00,2018-03-19T09:49:00,542,542
http://irail.be/vehicle/IC3730,http://irail.be/stations/NMBS/008814001,IC,2018-03-19T09:55:00,2018-03-19T09:51:00,386,539
http://irail.be/vehicle/IC3730,http://irail.be/stations/NMBS/008814308,IC,2018-03-19T10:05:00,2018-03-19T10:05:00,268,268
http://irail.be/vehicle/IC3730,http://irail.be/stations/NMBS/008814332,IC,2018-03-19T10:06:00,2018-03-19T10:06:00,272,272
http://irail.be/vehicle/IC3730,http://irail.be/stations/NMBS/008883808,IC,2018-03-19T10:07:00,2018-03-19T10:07:00,571,571
http://irail.be/vehicle/IC3730,http://irail.be/stations/NMBS/008883022,IC,2018-03-19T10:10:00,2018-03-19T10:10:00,557,557
http://irail.be/vehicle/IC3730,NO-URI,IC,2018-03-19T10:10:00,2018-03-19T10:10:00,565,565
http://irail.be/vehicle/IC3730,http://irail.be/stations/NMBS/008883006,IC,2018-03-19T10:17:00,2018-03-19T10:15:00,711,804
http://irail.be/vehicle/IC3730,http://irail.be/stations/NMBS/008883113,IC,2018-03-19T10:23:00,2018-03-19T10:22:00,669,662
http://irail.be/vehicle/IC3730,NO-URI,IC,2018-03-19T10:27:00,2018-03-19T10:27:00,596,596
http://irail.be/vehicle/IC3730,http://irail.be/stations/NMBS/008883121,IC,2018-03-19T10:27:00,2018-03-19T10:27:00,608,608
http://irail.be/vehicle/IC3730,http://irail.be/stations/NMBS/008881174,IC,2018-03-19T10:29:00,2018-03-19T10:29:00,571,571
http://irail.be/vehicle/IC3730,http://irail.be/stations/NMBS/008881166,IC,2018-03-19T10:32:00,2018-03-19T10:31:00,1801,701
http://irail.be/vehicle/IC3730,http://irail.be/stations/NMBS/008881158,IC,2018-03-19T10:35:00,2018-03-19T10:35:00,1801,1801
http://irail.be/vehicle/IC3730,http://irail.be/stations/NMBS/008881125,IC,2018-03-19T10:37:00,2018-03-19T10:37:00,1811,1811
http://irail.be/vehicle/IC3730,http://irail.be/stations/NMBS/008881000,IC,2018-03-19T10:42:00,2018-03-19T10:42:00,,1845
http://irail.be/vehicle/IC3730,http://irail.be/stations/NMBS/008819406,IC,2018-06-23T09:31:00,2018-06-23T09:31:00,264,
http://irail.be/vehicle/IC3730,http://irail.be/stations/NMBS/008811007,IC,2018-06-23T09:38:00,2018-06-23T09:38:00,249,249
http://irail.be/vehicle/IC3730,http://irail.be/stations/NMBS/008812005,IC,2018-06-23T09:43:00,2018-06-23T09:41:00,236,256
http://irail.be/vehicle/IC3730,http://irail.be/stations/NMBS/008813045,IC,2018-06-23T09:45:00,2018-06-23T09:45:00,235,235
http://irail.be/vehicle/IC3730,http://irail.be/stations/NMBS/008813003,IC,2018-06-23T09:47:00,2018-06-23T09:46:00,294,263
http://irail.be/vehicle/IC3730,http://irail.be/stations/NMBS/008813037,IC,2018-06-23T09:48:00,2018-06-23T09:48:00,294,294
http://irail.be/vehicle/IC3730,http://irail.be/stations/NMBS/008814001,IC,2018-06-23T09:55:00,2018-06-23T09:51:00,240,281
http://irail.be/vehicle/IC3730,http://irail.be/stations/NMBS/008814373,IC,2018-06-23T09:59:00,2018-06-23T09:59:00,231,231
http://irail.be/vehicle/IC3730,http://irail.be/stations/NMBS/008814365,IC,2018-06-23T09:59:00,2018-06-23T09:59:00,330,330
http://irail.be/vehicle/IC3730,http://irail.be/stations/NMBS/008814357,IC,2018-06-23T10:02:00,2018-06-23T10:02:00,330,330
http://irail.be/vehicle/IC3730,http://irail.be/stations/NMBS/008814340,IC,2018-06-23T10:03:00,2018-06-23T10:03:00,310,310
http://irail.be/vehicle/IC3730,http://irail.be/stations/NMBS/008814308,IC,2018-06-23T10:05:00,2018-06-23T10:04:00,430,341
http://irail.be/vehicle/IC3730,http://irail.be/stations/NMBS/008814332,IC,2018-06-23T10:07:00,2018-06-23T10:07:00,430,430
http://irail.be/vehicle/IC3730,http://irail.be/stations/NMBS/008883808,IC,2018-06-23T10:08:00,2018-06-23T10:08:00,445,445
http://irail.be/vehicle/IC3730,http://irail.be/stations/NMBS/008883022,IC,2018-06-23T10:11:00,2018-06-23T10:11:00,393,393
http://irail.be/vehicle/IC3730,NO-URI,IC,2018-06-23T10:11:00,2018-06-23T10:11:00,400,400
http://irail.be/vehicle/IC3730,http://irail.be/stations/NMBS/008883006,IC,2018-06-23T10:18:00,2018-06-23T10:16:00,304,348
http://irail.be/vehicle/IC3730,http://irail.be/stations/NMBS/008883113,IC,2018-06-23T10:24:00,2018-06-23T10:23:00,280,253
http://irail.be/vehicle/IC3730,NO-URI,IC,2018-06-23T10:27:00,2018-06-23T10:27:00,259,259
http://irail.be/vehicle/IC3730,http://irail.be/stations/NMBS/008883121,IC,2018-06-23T10:27:00,2018-06-23T10:27:00,277,277
http://irail.be/vehicle/IC3730,http://irail.be/stations/NMBS/008881174,IC,2018-06-23T10:29:00,2018-06-23T10:29:00,242,242
http://irail.be/vehicle/IC3730,http://irail.be/stations/NMBS/008881166,IC,2018-06-23T10:33:00,2018-06-23T10:32:00,435,299
http://irail.be/vehicle/IC3730,http://irail.be/stations/NMBS/008881158,IC,2018-06-23T10:35:00,2018-06-23T10:35:00,435,435
http://irail.be/vehicle/IC3730,http://irail.be/stations/NMBS/008881125,IC,2018-06-23T10:37:00,2018-06-23T10:37:00,418,418
http://irail.be/vehicle/IC3730,http://irail.be/stations/NMBS/008881000,IC,2018-06-23T10:42:00,2018-06-23T10:42:00,,349
http://irail.be/vehicle/IC3730,http://irail.be/stations/NMBS/008819406,IC,2018-05-10T09:31:00,2018-05-10T09:31:00,80,
http://irail.be/vehicle/IC3730,http://irail.be/stations/NMBS/008811007,IC,2018-05-10T09:38:00,2018-05-10T09:38:00,119,119
http://irail.be/vehicle/IC3730,http://irail.be/stations/NMBS/008812005,IC,2018-05-10T09:43:00,2018-05-10T09:41:00,195,197
http://irail.be/vehicle/IC3730,http://irail.be/stations/NMBS/008813045,IC,2018-05-10T09:45:00,2018-05-10T09:45:00,206,206
http://irail.be/vehicle/IC3730,http://irail.be/stations/NMBS/008813003,IC,2018-05-10T09:47:00,2018-05-10T09:46:00,494,411
http://irail.be/vehicle/IC3730,http://irail.be/stations/NMBS/008813037,IC,2018-05-10T09:48:00,2018-05-10T09:48:00,499,499
http://irail.be/vehicle/IC3730,http://irail.be/stations/NMBS/008814001,IC,2018-05-10T09:55:00,2018-05-10T09:51:00,459,493
http://irail.be/vehicle/IC3730,http://irail.be/stations/NMBS/008814373,IC,2018-05-10T09:59:00,2018-05-10T09:58:56,447,447
http://irail.be/vehicle/IC3730,http://irail.be/stations/NMBS/008814365,IC,2018-05-10T10:00:00,2018-05-10T10:00:00,381,381
http://irail.be/vehicle/IC3730,http://irail.be/stations/NMBS/008814357,IC,2018-05-10T10:02:00,2018-05-10T10:02:00,381,381
http://irail.be/vehicle/IC3730,http://irail.be/stations/NMBS/008814340,IC,2018-05-10T10:03:00,2018-05-10T10:03:00,363,363
http://irail.be/vehicle/IC3730,http://irail.be/stations/NMBS/008814308,IC,2018-05-10T10:04:00,2018-05-10T10:04:00,368,368
http://irail.be/vehicle/IC3730,http://irail.be/stations/NMBS/008814332,IC,2018-05-10T10:05:00,2018-05-10T10:05:00,360,360
http://irail.be/vehicle/IC3730,http://irail.be/stations/NMBS/008883808,IC,2018-05-10T10:07:00,2018-05-10T10:07:00,311,311
http://irail.be/vehicle/IC3730,http://irail.be/stations/NMBS/008883022,IC,2018-05-10T10:09:00,2018-05-10T10:09:00,311,311
http://irail.be/vehicle/IC3730,NO-URI,IC,2018-05-10T10:09:00,2018-05-10T10:09:00,320,320
http://irail.be/vehicle/IC3730,http://irail.be/stations/NMBS/008883006,IC,2018-05-10T10:16:00,2018-05-10T10:14:00,181,259
http://irail.be/vehicle/IC3730,http://irail.be/stations/NMBS/008883113,IC,2018-05-10T10:22:00,2018-05-10T10:21:00,176,127
http://irail.be/vehicle/IC3730,NO-URI,IC,2018-05-10T10:26:00,2018-05-10T10:26:00,115,115
http://irail.be/vehicle/IC3730,http://irail.be/stations/NMBS/008883121,IC,2018-05-10T10:26:00,2018-05-10T10:26:00,124,124
http://irail.be/vehicle/IC3730,http://irail.be/stations/NMBS/008881174,IC,2018-05-10T10:27:00,2018-05-10T10:27:00,145,145
http://irail.be/vehicle/IC3730,http://irail.be/stations/NMBS/008881166,IC,2018-05-10T10:31:00,2018-05-10T10:30:00,166,131
http://irail.be/vehicle/IC3730,http://irail.be/stations/NMBS/008881158,IC,2018-05-10T10:33:00,2018-05-10T10:33:00,166,166
http://irail.be/vehicle/IC3730,http://irail.be/stations/NMBS/008881125,IC,2018-05-10T10:35:00,2018-05-10T10:35:00,124,124
http://irail.be/vehicle/IC3730,http://irail.be/stations/NMBS/008881000,IC,2018-05-10T10:40:00,2018-05-10T10:40:00,,99
http://irail.be/vehicle/IC3730,http://irail.be/stations/NMBS/008819406,IC,2018-10-31T09:31:00,2018-10-31T09:31:00,150,
http://irail.be/vehicle/IC3730,http://irail.be/stations/NMBS/008811007,IC,2018-10-31T09:38:00,2018-10-31T09:38:00,237,237
http://irail.be/vehicle/IC3730,http://irail.be/stations/NMBS/008812005,IC,2018-10-31T09:43:00,2018-10-31T09:41:00,195,258
http://irail.be/vehicle/IC3730,http://irail.be/stations/NMBS/008813045,IC,2018-10-31T09:45:00,2018-10-31T09:45:00,191,191
http://irail.be/vehicle/IC3730,http://irail.be/stations/NMBS/008813003,IC,2018-10-31T09:47:00,2018-10-31T09:46:00,240,224
http://irail.be/vehicle/IC3730,http://irail.be/stations/NMBS/008813037,IC,2018-10-31T09:49:00,2018-10-31T09:49:00,240,240
http://irail.be/vehicle/IC3730,http://irail.be/stations/NMBS/008814001,IC,2018-10-31T09:55:00,2018-10-31T09:51:00,47,245
http://irail.be/vehicle/IC3730,http://irail.be/stations/NMBS/008814308,IC,2018-10-31T10:05:00,2018-10-31T10:05:00,-75,-75
http://irail.be/vehicle/IC3730,http://irail.be/stations/NMBS/008814332,IC,2018-10-31T10:06:00,2018-10-31T10:06:00,-70,-70
http://irail.be/vehicle/IC3730,http://irail.be/stations/NMBS/008883808,IC,2018-10-31T10:07:00,2018-10-31T10:07:00,-46,-46
http://irail.be/vehicle/IC3730,http://irail.be/stations/NMBS/008883022,IC,2018-10-31T10:10:00,2018-10-31T10:10:00,-95,-95
http://irail.be/vehicle/IC3730,NO-URI,IC,2018-10-31T10:10:00,2018-10-31T10:10:00,-88,-88
http://irail.be/vehicle/IC3730,http://irail.be/stations/NMBS/008883006,IC,2018-10-31T10:17:00,2018-10-31T10:15:00,19,-137
http://irail.be/vehicle/IC3730,http://irail.be/stations/NMBS/008883113,IC,2018-10-31T10:23:00,2018-10-31T10:22:00,29,-42
http://irail.be/vehicle/IC3730,NO-URI,IC,2018-10-31T10:27:00,2018-10-31T10:27:00,-41,-41
http://irail.be/vehicle/IC3730,http://irail.be/stations/NMBS/008883121,IC,2018-10-31T10:27:00,2018-10-31T10:27:00,-29,-29
http://irail.be/vehicle/IC3730,http://irail.be/stations/NMBS/008881174,IC,2018-10-31T10:29:00,2018-10-31T10:29:00,-66,-66
http://irail.be/vehicle/IC3730,http://irail.be/stations/NMBS/008881166,IC,2018-10-31T10:32:00,2018-10-31T10:31:00,-1,-38
http://irail.be/vehicle/IC3730,http://irail.be/stations/NMBS/008881158,IC,2018-10-31T10:34:00,2018-10-31T10:34:00,-1,-1
http://irail.be/vehicle/IC3730,http://irail.be/stations/NMBS/008881125,IC,2018-10-31T10:36:00,2018-10-31T10:36:00,-39,-39
http://irail.be/vehicle/IC3730,http://irail.be/stations/NMBS/008881000,IC,2018-10-31T10:42:00,2018-10-31T10:42:00,,-165
http://irail.be/vehicle/IC3730,http://irail.be/stations/NMBS/008819406,IC,2018-02-11T09:31:00,2018-02-11T09:31:00,46,
http://irail.be/vehicle/IC3730,http://irail.be/stations/NMBS/008811007,IC,2018-02-11T09:38:00,2018-02-11T09:38:00,98,98
http://irail.be/vehicle/IC3730,http://irail.be/stations/NMBS/008812005,IC,2018-02-11T09:43:00,2018-02-11T09:41:00,85,128
http://irail.be/vehicle/IC3730,http://irail.be/stations/NMBS/008813045,IC,2018-02-11T09:45:00,2018-02-11T09:45:00,90,90
http://irail.be/vehicle/IC3730,http://irail.be/stations/NMBS/008813003,IC,2018-02-11T09:47:00,2018-02-11T09:46:00,306,269
http://irail.be/vehicle/IC3730,http://irail.be/stations/NMBS/008813037,IC,2018-02-11T09:49:00,2018-02-11T09:49:00,306,306
http://irail.be/vehicle/IC3730,http://irail.be/stations/NMBS/008814001,IC,2018-02-11T09:55:00,2018-02-11T09:51:00,170,307
http://irail.be/vehicle/IC3730,http://irail.be/stations/NMBS/008814308,IC,2018-02-11T10:04:00,2018-02-11T10:04:00,141,141
http://irail.be/vehicle/IC3730,http://irail.be/stations/NMBS/008814332,IC,2018-02-11T10:05:00,2018-02-11T10:05:00,138,138
http://irail.be/vehicle/IC3730,http://irail.be/stations/NMBS/008883808,IC,2018-02-11T10:07:00,2018-02-11T10:07:00,94,94
http://irail.be/vehicle/IC3730,http://irail.be/stations/NMBS/008883022,IC,2018-02-11T10:09:00,2018-02-11T10:09:00,98,98
http://irail.be/vehicle/IC3730,NO-URI,IC,2018-02-11T10:09:00,2018-02-11T10:09:00,111,111
http://irail.be/vehicle/IC3730,http://irail.be/stations/NMBS/008883006,IC,2018-02-11T10:16:00,2018-02-11T10:14:00,189,20
http://irail.be/vehicle/IC3730,http://irail.be/stations/NMBS/008883113,IC,2018-02-11T10:22:00,2018-02-11T10:21:00,160,147
http://irail.be/vehicle/IC3730,NO-URI,IC,2018-02-11T10:26:00,2018-02-11T10:26:00,99,99
http://irail.be/vehicle/IC3730,http://irail.be/stations/NMBS/008883121,IC,2018-02-11T10:26:00,2018-02-11T10:26:00,112,112
http://irail.be/vehicle/IC3730,http://irail.be/stations/NMBS/008881174,IC,2018-02-11T10:27:00,2018-02-11T10:27:00,134,134
http://irail.be/vehicle/IC3730,http://irail.be/stations/NMBS/008881166,IC,2018-02-11T10:31:00,2018-02-11T10:30:00,108,121
http://irail.be/vehicle/IC3730,http://irail.be/stations/NMBS/008881158,IC,2018-02-11T10:34:00,2018-02-11T10:34:00,108,108
http://irail.be/vehicle/IC3730,http://irail.be/stations/NMBS/008881125,IC,2018-02-11T10:35:00,2018-02-11T10:35:00,100,100
http://irail.be/vehicle/IC3730,http://irail.be/stations/NMBS/008881000,IC,2018-02-11T10:40:00,2018-02-11T10:40:00,,93
http://irail.be/vehicle/IC3730,http://irail.be/stations/NMBS/008819406,IC,2018-03-26T09:31:00,2018-03-26T09:31:00,237,
http://irail.be/vehicle/IC3730,http://irail.be/stations/NMBS/008811007,IC,2018-03-26T09:38:00,2018-03-26T09:38:00,289,289
http://irail.be/vehicle/IC3730,http://irail.be/stations/NMBS/008812005,IC,2018-03-26T09:43:00,2018-03-26T09:41:00,216,284
http://irail.be/vehicle/IC3730,http://irail.be/stations/NMBS/008813045,IC,2018-03-26T09:45:00,2018-03-26T09:45:00,208,208
http://irail.be/vehicle/IC3730,http://irail.be/stations/NMBS/008813003,IC,2018-03-26T09:47:00,2018-03-26T09:46:00,238,235
http://irail.be/vehicle/IC3730,http://irail.be/stations/NMBS/008813037,IC,2018-03-26T09:49:00,2018-03-26T09:49:00,238,238
http://irail.be/vehicle/IC3730,http://irail.be/stations/NMBS/008814001,IC,2018-03-26T09:55:00,2018-03-26T09:51:00,122,233
http://irail.be/vehicle/IC3730,http://irail.be/stations/NMBS/008814308,IC,2018-03-26T10:05:00,2018-03-26T10:05:00,-19,-19
http://irail.be/vehicle/IC3730,http://irail.be/stations/NMBS/008814332,IC,2018-03-26T10:06:00,2018-03-26T10:06:00,-15,-15
http://irail.be/vehicle/IC3730,http://irail.be/stations/NMBS/008883808,IC,2018-03-26T10:07:00,2018-03-26T10:07:00,160,160
http://irail.be/vehicle/IC3730,http://irail.be/stations/NMBS/008883022,IC,2018-03-26T10:10:00,2018-03-26T10:10:00,248,248
http://irail.be/vehicle/IC3730,NO-URI,IC,2018-03-26T10:10:00,2018-03-26T10:10:00,296,296
http://irail.be/vehicle/IC3730,http://irail.be/stations/NMBS/008883006,IC,2018-03-26T10:17:00,2018-03-26T10:15:00,136,256
http://irail.be/vehicle/IC3730,http://irail.be/stations/NMBS/008883113,IC,2018-03-26T10:23:00,2018-03-26T10:22:00,60,62
http://irail.be/vehicle/IC3730,NO-URI,IC,2018-03-26T10:27:00,2018-03-26T10:27:00,-19,-19
http://irail.be/vehicle/IC3730,http://irail.be/stations/NMBS/008883121,IC,2018-03-26T10:27:00,2018-03-26T10:27:00,-9,-9
http://irail.be/vehicle/IC3730,http://irail.be/stations/NMBS/008881174,IC,2018-03-26T10:29:00,2018-03-26T10:29:00,-47,-47
http://irail.be/vehicle/IC3730,http://irail.be/stations/NMBS/008881166,IC,2018-03-26T10:32:00,2018-03-26T10:31:00,-1,-22
http://irail.be/vehicle/IC3730,http://irail.be/stations/NMBS/008881158,IC,2018-03-26T10:35:00,2018-03-26T10:35:00,-1,-1
http://irail.be/vehicle/IC3730,http://irail.be/stations/NMBS/008881125,IC,2018-03-26T10:37:00,2018-03-26T10:37:00,-80,-80
http://irail.be/vehicle/IC3730,http://irail.be/stations/NMBS/008881000,IC,2018-03-26T10:42:00,2018-03-26T10:42:00,,-104
http://irail.be/vehicle/IC3730,http://irail.be/stations/NMBS/008819406,IC,2018-03-08T09:31:00,2018-03-08T09:31:00,18,
http://irail.be/vehicle/IC3730,http://irail.be/stations/NMBS/008811007,IC,2018-03-08T09:38:00,2018-03-08T09:38:00,18,18
http://irail.be/vehicle/IC3730,http://irail.be/stations/NMBS/008812005,IC,2018-03-08T09:43:00,2018-03-08T09:41:00,80,62
http://irail.be/vehicle/IC3730,http://irail.be/stations/NMBS/008813045,IC,2018-03-08T09:45:00,2018-03-08T09:45:00,74,74
http://irail.be/vehicle/IC3730,http://irail.be/stations/NMBS/008813003,IC,2018-03-08T09:47:00,2018-03-08T09:46:00,108,100
http://irail.be/vehicle/IC3730,http://irail.be/stations/NMBS/008813037,IC,2018-03-08T09:49:00,2018-03-08T09:49:00,108,108
http://irail.be/vehicle/IC3730,http://irail.be/stations/NMBS/008814001,IC,2018-03-08T09:55:00,2018-03-08T09:51:00,43,112
http://irail.be/vehicle/IC3730,http://irail.be/stations/NMBS/008814308,IC,2018-03-08T10:05:00,2018-03-08T10:05:00,41,41
http://irail.be/vehicle/IC3730,http://irail.be/stations/NMBS/008814332,IC,2018-03-08T10:06:00,2018-03-08T10:06:00,45,45
http://irail.be/vehicle/IC3730,http://irail.be/stations/NMBS/008883808,IC,2018-03-08T10:07:00,2018-03-08T10:07:00,59,59
http://irail.be/vehicle/IC3730,http://irail.be/stations/NMBS/008883022,IC,2018-03-08T10:10:00,2018-03-08T10:10:00,7,7
http://irail.be/vehicle/IC3730,NO-URI,IC,2018-03-08T10:10:00,2018-03-08T10:10:00,12,12
http://irail.be/vehicle/IC3730,http://irail.be/stations/NMBS/008883006,IC,2018-03-08T10:17:00,2018-03-08T10:15:00,38,-12
http://irail.be/vehicle/IC3730,http://irail.be/stations/NMBS/008883113,IC,2018-03-08T10:23:00,2018-03-08T10:22:00,24,-34
http://irail.be/vehicle/IC3730,NO-URI,IC,2018-03-08T10:27:00,2018-03-08T10:27:00,-48,-48
http://irail.be/vehicle/IC3730,http://irail.be/stations/NMBS/008883121,IC,2018-03-08T10:27:00,2018-03-08T10:27:00,-37,-37
http://irail.be/vehicle/IC3730,http://irail.be/stations/NMBS/008881174,IC,2018-03-08T10:29:00,2018-03-08T10:29:00,-71,-71
http://irail.be/vehicle/IC3730,http://irail.be/stations/NMBS/008881166,IC,2018-03-08T10:32:00,2018-03-08T10:31:00,-6,-44
http://irail.be/vehicle/IC3730,http://irail.be/stations/NMBS/008881158,IC,2018-03-08T10:35:00,2018-03-08T10:35:00,-6,-6
http://irail.be/vehicle/IC3730,http://irail.be/stations/NMBS/008881125,IC,2018-03-08T10:37:00,2018-03-08T10:37:00,-83,-83
http://irail.be/vehicle/IC3730,http://irail.be/stations/NMBS/008881000,IC,2018-03-08T10:42:00,2018-03-08T10:42:00,,-99
http://irail.be/vehicle/IC3730,http://irail.be/stations/NMBS/008819406,IC,2018-12-14T09:30:00,2018-12-14T09:30:00,133,
http://irail.be/vehicle/IC3730,http://irail.be/stations/NMBS/008811007,IC,2018-12-14T09:37:00,2018-12-14T09:37:00,150,150
http://irail.be/vehicle/IC3730,http://irail.be/stations/NMBS/008812005,IC,2018-12-14T09:43:00,2018-12-14T09:41:00,58,122
http://irail.be/vehicle/IC3730,http://irail.be/stations/NMBS/008813045,IC,2018-12-14T09:45:00,2018-12-14T09:45:00,49,49
http://irail.be/vehicle/IC3730,http://irail.be/stations/NMBS/008813003,IC,2018-12-14T09:48:00,2018-12-14T09:47:00,58,43
http://irail.be/vehicle/IC3730,http://irail.be/stations/NMBS/008813037,IC,2018-12-14T09:50:00,2018-12-14T09:50:00,58,58
http://irail.be/vehicle/IC3730,http://irail.be/stations/NMBS/008814001,IC,2018-12-14T09:56:00,2018-12-14T09:52:00,15,136
http://irail.be/vehicle/IC3730,http://irail.be/stations/NMBS/008814308,IC,2018-12-14T10:05:00,2018-12-14T10:05:00,-51,-51
http://irail.be/vehicle/IC3730,http://irail.be/stations/NMBS/008814332,IC,2018-12-14T10:06:00,2018-12-14T10:06:00,-48,-48
http://irail.be/vehicle/IC3730,http://irail.be/stations/NMBS/008883808,IC,2018-12-14T10:08:00,2018-12-14T10:08:00,52,52
http://irail.be/vehicle/IC3730,http://irail.be/stations/NMBS/008883022,IC,2018-12-14T10:10:00,2018-12-14T10:10:00,147,147
http://irail.be/vehicle/IC3730,NO-URI,IC,2018-12-14T10:11:00,2018-12-14T10:11:00,148,148
http://irail.be/vehicle/IC3730,http://irail.be/stations/NMBS/008883006,IC,2018-12-14T10:18:00,2018-12-14T10:16:00,32,88
http://irail.be/vehicle/IC3730,http://irail.be/stations/NMBS/008883113,IC,2018-12-14T10:24:00,2018-12-14T10:23:00,1,-24
http://irail.be/vehicle/IC3730,NO-URI,IC,2018-12-14T10:27:00,2018-12-14T10:27:00,-17,-17
http://irail.be/vehicle/IC3730,http://irail.be/stations/NMBS/008883121,IC,2018-12-14T10:28:00,2018-12-14T10:28:00,-30,-30
http://irail.be/vehicle/IC3730,http://irail.be/stations/NMBS/008881174,IC,2018-12-14T10:29:00,2018-12-14T10:29:00,-43,-43
http://irail.be/vehicle/IC3730,http://irail.be/stations/NMBS/008881166,IC,2018-12-14T10:33:00,2018-12-14T10:32:00,-18,-59
http://irail.be/vehicle/IC3730,http://irail.be/stations/NMBS/008881158,IC,2018-12-14T10:36:00,2018-12-14T10:36:00,-18,-18
http://irail.be/vehicle/IC3730,http://irail.be/stations/NMBS/008881125,IC,2018-12-14T10:37:00,2018-12-14T10:37:00,78,78
http://irail.be/vehicle/IC3730,http://irail.be/stations/NMBS/008881000,IC,2018-12-14T10:43:00,2018-12-14T10:43:00,,-52
http://irail.be/vehicle/IC3730,http://irail.be/stations/NMBS/008883006,IC,2018-10-07T10:16:00,2018-10-07T10:16:00,21,
http://irail.be/vehicle/IC3730,http://irail.be/stations/NMBS/008883113,IC,2018-10-07T10:22:00,2018-10-07T10:21:00,70,60
http://irail.be/vehicle/IC3730,NO-URI,IC,2018-10-07T10:26:00,2018-10-07T10:26:00,9,9
http://irail.be/vehicle/IC3730,http://irail.be/stations/NMBS/008883121,IC,2018-10-07T10:26:00,2018-10-07T10:26:00,20,20
http://irail.be/vehicle/IC3730,http://irail.be/stations/NMBS/008881174,IC,2018-10-07T10:27:00,2018-10-07T10:27:00,50,50
http://irail.be/vehicle/IC3730,http://irail.be/stations/NMBS/008881166,IC,2018-10-07T10:31:00,2018-10-07T10:30:00,10,41
http://irail.be/vehicle/IC3730,http://irail.be/stations/NMBS/008881158,IC,2018-10-07T10:34:00,2018-10-07T10:34:00,10,10
http://irail.be/vehicle/IC3730,http://irail.be/stations/NMBS/008881125,IC,2018-10-07T10:35:00,2018-10-07T10:35:00,12,12
http://irail.be/vehicle/IC3730,http://irail.be/stations/NMBS/008881000,IC,2018-10-07T10:40:00,2018-10-07T10:40:00,,-25
http://irail.be/vehicle/IC3730,http://irail.be/stations/NMBS/008819406,IC,2018-05-31T09:31:00,2018-05-31T09:31:00,286,
http://irail.be/vehicle/IC3730,http://irail.be/stations/NMBS/008811007,IC,2018-05-31T09:38:00,2018-05-31T09:38:00,299,299
http://irail.be/vehicle/IC3730,http://irail.be/stations/NMBS/008812005,IC,2018-05-31T09:43:00,2018-05-31T09:41:00,284,319
http://irail.be/vehicle/IC3730,http://irail.be/stations/NMBS/008813045,IC,2018-05-31T09:45:00,2018-05-31T09:45:00,275,275
http://irail.be/vehicle/IC3730,http://irail.be/stations/NMBS/008813003,IC,2018-05-31T09:47:00,2018-05-31T09:46:00,346,315
http://irail.be/vehicle/IC3730,http://irail.be/stations/NMBS/008813037,IC,2018-05-31T09:49:00,2018-05-31T09:49:00,346,346
http://irail.be/vehicle/IC3730,http://irail.be/stations/NMBS/008814001,IC,2018-05-31T09:55:00,2018-05-31T09:51:00,175,348
http://irail.be/vehicle/IC3730,http://irail.be/stations/NMBS/008814365,IC,2018-05-31T10:01:00,2018-05-31T10:01:00,106,106
http://irail.be/vehicle/IC3730,http://irail.be/stations/NMBS/008814357,IC,2018-05-31T10:03:00,2018-05-31T10:03:00,106,106
http://irail.be/vehicle/IC3730,http://irail.be/stations/NMBS/008814340,IC,2018-05-31T10:04:00,2018-05-31T10:04:00,130,130
http://irail.be/vehicle/IC3730,http://irail.be/stations/NMBS/008814308,IC,2018-05-31T10:05:00,2018-05-31T10:05:00,163,163
http://irail.be/vehicle/IC3730,http://irail.be/stations/NMBS/008814332,IC,2018-05-31T10:06:00,2018-05-31T10:06:00,157,157
http://irail.be/vehicle/IC3730,http://irail.be/stations/NMBS/008883808,IC,2018-05-31T10:07:00,2018-05-31T10:07:00,216,216
http://irail.be/vehicle/IC3730,http://irail.be/stations/NMBS/008883022,IC,2018-05-31T10:10:00,2018-05-31T10:10:00,279,279
http://irail.be/vehicle/IC3730,NO-URI,IC,2018-05-31T10:10:00,2018-05-31T10:10:00,360,360
http://irail.be/vehicle/IC3730,http://irail.be/stations/NMBS/008883006,IC,2018-05-31T10:17:00,2018-05-31T10:15:00,285,398
http://irail.be/vehicle/IC3730,http://irail.be/stations/NMBS/008883113,IC,2018-05-31T10:23:00,2018-05-31T10:22:00,212,206
http://irail.be/vehicle/IC3730,NO-URI,IC,2018-05-31T10:27:00,2018-05-31T10:27:00,132,132
http://irail.be/vehicle/IC3730,http://irail.be/stations/NMBS/008883121,IC,2018-05-31T10:27:00,2018-05-31T10:27:00,142,142
http://irail.be/vehicle/IC3730,http://irail.be/stations/NMBS/008881174,IC,2018-05-31T10:29:00,2018-05-31T10:29:00,105,105
http://irail.be/vehicle/IC3730,http://irail.be/stations/NMBS/008881166,IC,2018-05-31T10:32:00,2018-05-31T10:31:00,243,214
http://irail.be/vehicle/IC3730,http://irail.be/stations/NMBS/008881158,IC,2018-05-31T10:35:00,2018-05-31T10:35:00,244,244
http://irail.be/vehicle/IC3730,http://irail.be/stations/NMBS/008881125,IC,2018-05-31T10:37:00,2018-05-31T10:37:00,263,263
http://irail.be/vehicle/IC3730,http://irail.be/stations/NMBS/008881000,IC,2018-05-31T10:42:00,2018-05-31T10:42:00,,240
http://irail.be/vehicle/IC3730,http://irail.be/stations/NMBS/008819406,IC,2018-06-18T09:31:00,2018-06-18T09:31:00,114,
http://irail.be/vehicle/IC3730,http://irail.be/stations/NMBS/008811007,IC,2018-06-18T09:38:00,2018-06-18T09:38:00,396,396
http://irail.be/vehicle/IC3730,http://irail.be/stations/NMBS/008812005,IC,2018-06-18T09:43:00,2018-06-18T09:41:00,450,480
http://irail.be/vehicle/IC3730,http://irail.be/stations/NMBS/008813045,IC,2018-06-18T09:45:00,2018-06-18T09:45:00,449,449
http://irail.be/vehicle/IC3730,http://irail.be/stations/NMBS/008813003,IC,2018-06-18T09:47:00,2018-06-18T09:46:00,484,482
http://irail.be/vehicle/IC3730,http://irail.be/stations/NMBS/008813037,IC,2018-06-18T09:49:00,2018-06-18T09:49:00,484,484
http://irail.be/vehicle/IC3730,http://irail.be/stations/NMBS/008814001,IC,2018-06-18T09:55:00,2018-06-18T09:51:00,355,486
http://irail.be/vehicle/IC3730,http://irail.be/stations/NMBS/008814308,IC,2018-06-18T10:05:00,2018-06-18T10:05:00,239,239
http://irail.be/vehicle/IC3730,http://irail.be/stations/NMBS/008814332,IC,2018-06-18T10:06:00,2018-06-18T10:06:00,243,243
http://irail.be/vehicle/IC3730,http://irail.be/stations/NMBS/008883808,IC,2018-06-18T10:07:00,2018-06-18T10:07:00,256,256
http://irail.be/vehicle/IC3730,http://irail.be/stations/NMBS/008883022,IC,2018-06-18T10:10:00,2018-06-18T10:10:00,205,205
http://irail.be/vehicle/IC3730,NO-URI,IC,2018-06-18T10:10:00,2018-06-18T10:10:00,213,213
http://irail.be/vehicle/IC3730,http://irail.be/stations/NMBS/008883006,IC,2018-06-18T10:17:00,2018-06-18T10:15:00,233,333
http://irail.be/vehicle/IC3730,http://irail.be/stations/NMBS/008883113,IC,2018-06-18T10:23:00,2018-06-18T10:22:00,188,173
http://irail.be/vehicle/IC3730,NO-URI,IC,2018-06-18T10:27:00,2018-06-18T10:27:00,127,127
http://irail.be/vehicle/IC3730,http://irail.be/stations/NMBS/008883121,IC,2018-06-18T10:27:00,2018-06-18T10:27:00,137,137
http://irail.be/vehicle/IC3730,http://irail.be/stations/NMBS/008881174,IC,2018-06-18T10:29:00,2018-06-18T10:29:00,111,111
http://irail.be/vehicle/IC3730,http://irail.be/stations/NMBS/008881166,IC,2018-06-18T10:32:00,2018-06-18T10:31:00,289,252
http://irail.be/vehicle/IC3730,http://irail.be/stations/NMBS/008881158,IC,2018-06-18T10:35:00,2018-06-18T10:35:00,291,291
http://irail.be/vehicle/IC3730,http://irail.be/stations/NMBS/008881125,IC,2018-06-18T10:36:00,2018-06-18T10:36:00,366,366
http://irail.be/vehicle/IC3730,http://irail.be/stations/NMBS/008881000,IC,2018-06-18T10:42:00,2018-06-18T10:42:00,,240
http://irail.be/vehicle/IC3730,http://irail.be/stations/NMBS/008819406,IC,2018-01-19T09:31:00,2018-01-19T09:31:00,74,
http://irail.be/vehicle/IC3730,http://irail.be/stations/NMBS/008811007,IC,2018-01-19T09:38:00,2018-01-19T09:38:00,120,120
http://irail.be/vehicle/IC3730,http://irail.be/stations/NMBS/008812005,IC,2018-01-19T09:43:00,2018-01-19T09:41:00,125,200
http://irail.be/vehicle/IC3730,http://irail.be/stations/NMBS/008813045,IC,2018-01-19T09:45:00,2018-01-19T09:45:00,124,124
http://irail.be/vehicle/IC3730,http://irail.be/stations/NMBS/008813003,IC,2018-01-19T09:47:00,2018-01-19T09:46:00,206,160
http://irail.be/vehicle/IC3730,http://irail.be/stations/NMBS/008813037,IC,2018-01-19T09:49:00,2018-01-19T09:49:00,206,206
http://irail.be/vehicle/IC3730,http://irail.be/stations/NMBS/008814001,IC,2018-01-19T09:55:00,2018-01-19T09:51:00,107,220
http://irail.be/vehicle/IC3730,http://irail.be/stations/NMBS/008814308,IC,2018-01-19T10:05:00,2018-01-19T10:05:00,151,151
http://irail.be/vehicle/IC3730,http://irail.be/stations/NMBS/008814332,IC,2018-01-19T10:06:00,2018-01-19T10:06:00,160,160
http://irail.be/vehicle/IC3730,http://irail.be/stations/NMBS/008883808,IC,2018-01-19T10:07:00,2018-01-19T10:07:00,180,180
http://irail.be/vehicle/IC3730,http://irail.be/stations/NMBS/008883022,IC,2018-01-19T10:10:00,2018-01-19T10:10:00,163,163
http://irail.be/vehicle/IC3730,NO-URI,IC,2018-01-19T10:10:00,2018-01-19T10:10:00,240,240
http://irail.be/vehicle/IC3730,http://irail.be/stations/NMBS/008883006,IC,2018-01-19T10:17:00,2018-01-19T10:15:00,299,351
http://irail.be/vehicle/IC3730,http://irail.be/stations/NMBS/008883113,IC,2018-01-19T10:23:00,2018-01-19T10:22:00,287,263
http://irail.be/vehicle/IC3730,NO-URI,IC,2018-01-19T10:27:00,2018-01-19T10:27:00,211,211
http://irail.be/vehicle/IC3730,http://irail.be/stations/NMBS/008883121,IC,2018-01-19T10:27:00,2018-01-19T10:27:00,220,220
http://irail.be/vehicle/IC3730,http://irail.be/stations/NMBS/008881174,IC,2018-01-19T10:29:00,2018-01-19T10:29:00,182,182
http://irail.be/vehicle/IC3730,http://irail.be/stations/NMBS/008881166,IC,2018-01-19T10:32:00,2018-01-19T10:31:00,220,211
http://irail.be/vehicle/IC3730,http://irail.be/stations/NMBS/008881158,IC,2018-01-19T10:35:00,2018-01-19T10:35:00,220,220
http://irail.be/vehicle/IC3730,http://irail.be/stations/NMBS/008881125,IC,2018-01-19T10:37:00,2018-01-19T10:37:00,139,139
http://irail.be/vehicle/IC3730,http://irail.be/stations/NMBS/008881000,IC,2018-01-19T10:42:00,2018-01-19T10:42:00,,115
http://irail.be/vehicle/IC3730,http://irail.be/stations/NMBS/008819406,IC,2018-01-04T09:31:00,2018-01-04T09:31:00,30,
http://irail.be/vehicle/IC3730,http://irail.be/stations/NMBS/008811007,IC,2018-01-04T09:38:00,2018-01-04T09:38:00,80,80
http://irail.be/vehicle/IC3730,http://irail.be/stations/NMBS/008812005,IC,2018-01-04T09:43:00,2018-01-04T09:41:00,71,106
http://irail.be/vehicle/IC3730,http://irail.be/stations/NMBS/008813045,IC,2018-01-04T09:45:00,2018-01-04T09:45:00,68,68
http://irail.be/vehicle/IC3730,http://irail.be/stations/NMBS/008813003,IC,2018-01-04T09:47:00,2018-01-04T09:46:00,131,116
http://irail.be/vehicle/IC3730,http://irail.be/stations/NMBS/008813037,IC,2018-01-04T09:49:00,2018-01-04T09:49:00,131,131
http://irail.be/vehicle/IC3730,http://irail.be/stations/NMBS/008814001,IC,2018-01-04T09:55:00,2018-01-04T09:51:00,89,152
http://irail.be/vehicle/IC3730,http://irail.be/stations/NMBS/008814308,IC,2018-01-04T10:05:00,2018-01-04T10:05:00,173,173
http://irail.be/vehicle/IC3730,http://irail.be/stations/NMBS/008814332,IC,2018-01-04T10:06:00,2018-01-04T10:06:00,183,183
http://irail.be/vehicle/IC3730,http://irail.be/stations/NMBS/008883808,IC,2018-01-04T10:07:00,2018-01-04T10:07:00,205,205
http://irail.be/vehicle/IC3730,http://irail.be/stations/NMBS/008883022,IC,2018-01-04T10:10:00,2018-01-04T10:10:00,164,164
http://irail.be/vehicle/IC3730,NO-URI,IC,2018-01-04T10:10:00,2018-01-04T10:10:00,175,175
http://irail.be/vehicle/IC3730,http://irail.be/stations/NMBS/008883006,IC,2018-01-04T10:17:00,2018-01-04T10:15:00,56,95
http://irail.be/vehicle/IC3730,http://irail.be/stations/NMBS/008883113,IC,2018-01-04T10:23:00,2018-01-04T10:22:00,52,0
http://irail.be/vehicle/IC3730,NO-URI,IC,2018-01-04T10:27:00,2018-01-04T10:27:00,-7,-7
http://irail.be/vehicle/IC3730,http://irail.be/stations/NMBS/008883121,IC,2018-01-04T10:27:00,2018-01-04T10:27:00,2,2
http://irail.be/vehicle/IC3730,http://irail.be/stations/NMBS/008881174,IC,2018-01-04T10:29:00,2018-01-04T10:29:00,-37,-37
http://irail.be/vehicle/IC3730,http://irail.be/stations/NMBS/008881166,IC,2018-01-04T10:32:00,2018-01-04T10:31:00,46,-6
http://irail.be/vehicle/IC3730,http://irail.be/stations/NMBS/008881158,IC,2018-01-04T10:35:00,2018-01-04T10:35:00,46,46
http://irail.be/vehicle/IC3730,http://irail.be/stations/NMBS/008881125,IC,2018-01-04T10:37:00,2018-01-04T10:37:00,-29,-29
http://irail.be/vehicle/IC3730,http://irail.be/stations/NMBS/008881000,IC,2018-01-04T10:42:00,2018-01-04T10:42:00,,-41
http://irail.be/vehicle/IC3730,http://irail.be/stations/NMBS/008819406,IC,2018-10-08T09:31:00,2018-10-08T09:31:00,42,
http://irail.be/vehicle/IC3730,http://irail.be/stations/NMBS/008811007,IC,2018-10-08T09:38:00,2018-10-08T09:38:00,51,51
http://irail.be/vehicle/IC3730,http://irail.be/stations/NMBS/008812005,IC,2018-10-08T09:43:00,2018-10-08T09:41:00,235,261
http://irail.be/vehicle/IC3730,http://irail.be/stations/NMBS/008813045,IC,2018-10-08T09:45:00,2018-10-08T09:45:00,234,234
http://irail.be/vehicle/IC3730,http://irail.be/stations/NMBS/008813003,IC,2018-10-08T09:47:00,2018-10-08T09:46:00,270,265
http://irail.be/vehicle/IC3730,http://irail.be/stations/NMBS/008813037,IC,2018-10-08T09:49:00,2018-10-08T09:49:00,270,270
http://irail.be/vehicle/IC3730,http://irail.be/stations/NMBS/008814001,IC,2018-10-08T09:55:00,2018-10-08T09:51:00,109,273
http://irail.be/vehicle/IC3730,http://irail.be/stations/NMBS/008814308,IC,2018-10-08T10:05:00,2018-10-08T10:05:00,25,25
http://irail.be/vehicle/IC3730,http://irail.be/stations/NMBS/008814332,IC,2018-10-08T10:06:00,2018-10-08T10:06:00,28,28
http://irail.be/vehicle/IC3730,http://irail.be/stations/NMBS/008883808,IC,2018-10-08T10:07:00,2018-10-08T10:07:00,39,39
http://irail.be/vehicle/IC3730,http://irail.be/stations/NMBS/008883022,IC,2018-10-08T10:10:00,2018-10-08T10:10:00,-12,-12
http://irail.be/vehicle/IC3730,NO-URI,IC,2018-10-08T10:10:00,2018-10-08T10:10:00,16,16
http://irail.be/vehicle/IC3730,http://irail.be/stations/NMBS/008883006,IC,2018-10-08T10:17:00,2018-10-08T10:15:00,94,161
http://irail.be/vehicle/IC3730,http://irail.be/stations/NMBS/008883113,IC,2018-10-08T10:23:00,2018-10-08T10:22:00,25,15
http://irail.be/vehicle/IC3730,NO-URI,IC,2018-10-08T10:27:00,2018-10-08T10:27:00,-49,-49
http://irail.be/vehicle/IC3730,http://irail.be/stations/NMBS/008883121,IC,2018-10-08T10:27:00,2018-10-08T10:27:00,-39,-39
http://irail.be/vehicle/IC3730,http://irail.be/stations/NMBS/008881174,IC,2018-10-08T10:29:00,2018-10-08T10:29:00,-77,-77
http://irail.be/vehicle/IC3730,http://irail.be/stations/NMBS/008881166,IC,2018-10-08T10:32:00,2018-10-08T10:31:00,-17,-50
http://irail.be/vehicle/IC3730,http://irail.be/stations/NMBS/008881158,IC,2018-10-08T10:34:00,2018-10-08T10:34:00,-17,-17
http://irail.be/vehicle/IC3730,http://irail.be/stations/NMBS/008881125,IC,2018-10-08T10:36:00,2018-10-08T10:36:00,-57,-57
http://irail.be/vehicle/IC3730,http://irail.be/stations/NMBS/008881000,IC,2018-10-08T10:42:00,2018-10-08T10:42:00,,-192
http://irail.be/vehicle/IC3730,http://irail.be/stations/NMBS/008819406,IC,2018-02-17T09:31:00,2018-02-17T09:31:00,250,
http://irail.be/vehicle/IC3730,http://irail.be/stations/NMBS/008811007,IC,2018-02-17T09:38:00,2018-02-17T09:38:00,339,339
http://irail.be/vehicle/IC3730,http://irail.be/stations/NMBS/008812005,IC,2018-02-17T09:43:00,2018-02-17T09:41:00,492,381
http://irail.be/vehicle/IC3730,http://irail.be/stations/NMBS/008813045,IC,2018-02-17T09:45:00,2018-02-17T09:45:00,492,492
http://irail.be/vehicle/IC3730,http://irail.be/stations/NMBS/008813003,IC,2018-02-17T09:47:00,2018-02-17T09:46:00,672,580
http://irail.be/vehicle/IC3730,http://irail.be/stations/NMBS/008813037,IC,2018-02-17T09:48:00,2018-02-17T09:48:00,671,671
http://irail.be/vehicle/IC3730,http://irail.be/stations/NMBS/008814001,IC,2018-02-17T09:55:00,2018-02-17T09:51:00,1095,682
http://irail.be/vehicle/IC3730,http://irail.be/stations/NMBS/008814308,IC,2018-02-17T10:04:00,2018-02-17T10:04:00,1062,1062
http://irail.be/vehicle/IC3730,http://irail.be/stations/NMBS/008814332,IC,2018-02-17T10:05:00,2018-02-17T10:05:00,1065,1065
http://irail.be/vehicle/IC3730,http://irail.be/stations/NMBS/008883808,IC,2018-02-17T10:07:00,2018-02-17T10:07:00,1065,1065
http://irail.be/vehicle/IC3730,http://irail.be/stations/NMBS/008883022,IC,2018-02-17T10:09:00,2018-02-17T10:09:00,1123,1123
http://irail.be/vehicle/IC3730,NO-URI,IC,2018-02-17T10:09:00,2018-02-17T10:09:00,1210,1210
http://irail.be/vehicle/IC3730,http://irail.be/stations/NMBS/008883006,IC,2018-02-17T10:16:00,2018-02-17T10:14:00,1333,1379
http://irail.be/vehicle/IC3730,http://irail.be/stations/NMBS/008883113,IC,2018-02-17T10:22:00,2018-02-17T10:21:00,1332,1299
http://irail.be/vehicle/IC3730,NO-URI,IC,2018-02-17T10:26:00,2018-02-17T10:26:00,1281,1281
http://irail.be/vehicle/IC3730,http://irail.be/stations/NMBS/008883121,IC,2018-02-17T10:26:00,2018-02-17T10:26:00,1294,1294
http://irail.be/vehicle/IC3730,http://irail.be/stations/NMBS/008881174,IC,2018-02-17T10:27:00,2018-02-17T10:27:00,1317,1317
http://irail.be/vehicle/IC3730,http://irail.be/stations/NMBS/008881166,IC,2018-02-17T10:31:00,2018-02-17T10:30:00,1312,1307
http://irail.be/vehicle/IC3730,http://irail.be/stations/NMBS/008881158,IC,2018-02-17T10:33:00,2018-02-17T10:33:00,1312,1312
http://irail.be/vehicle/IC3730,http://irail.be/stations/NMBS/008881125,IC,2018-02-17T10:35:00,2018-02-17T10:35:00,1270,1270
http://irail.be/vehicle/IC3730,http://irail.be/stations/NMBS/008881000,IC,2018-02-17T10:40:00,2018-02-17T10:40:00,,1246
http://irail.be/vehicle/IC3730,http://irail.be/stations/NMBS/008819406,IC,2018-04-29T09:31:00,2018-04-29T09:31:00,13,
http://irail.be/vehicle/IC3730,http://irail.be/stations/NMBS/008811007,IC,2018-04-29T09:38:00,2018-04-29T09:38:00,71,71
http://irail.be/vehicle/IC3730,http://irail.be/stations/NMBS/008812005,IC,2018-04-29T09:43:00,2018-04-29T09:41:00,89,99
http://irail.be/vehicle/IC3730,http://irail.be/stations/NMBS/008813045,IC,2018-04-29T09:45:00,2018-04-29T09:45:00,107,107
http://irail.be/vehicle/IC3730,http://irail.be/stations/NMBS/008813003,IC,2018-04-29T09:47:00,2018-04-29T09:46:00,326,303
http://irail.be/vehicle/IC3730,http://irail.be/stations/NMBS/008813037,IC,2018-04-29T09:49:00,2018-04-29T09:49:00,326,326
http://irail.be/vehicle/IC3730,http://irail.be/stations/NMBS/008814001,IC,2018-04-29T09:55:00,2018-04-29T09:51:00,317,332
http://irail.be/vehicle/IC3730,http://irail.be/stations/NMBS/008814365,IC,2018-04-29T10:00:00,2018-04-29T10:00:00,328,328
http://irail.be/vehicle/IC3730,http://irail.be/stations/NMBS/008814357,IC,2018-04-29T10:02:00,2018-04-29T10:02:00,328,328
http://irail.be/vehicle/IC3730,http://irail.be/stations/NMBS/008814340,IC,2018-04-29T10:03:00,2018-04-29T10:03:00,319,319
http://irail.be/vehicle/IC3730,http://irail.be/stations/NMBS/008814308,IC,2018-04-29T10:04:00,2018-04-29T10:04:00,333,333
http://irail.be/vehicle/IC3730,http://irail.be/stations/NMBS/008814332,IC,2018-04-29T10:05:00,2018-04-29T10:05:00,325,325
http://irail.be/vehicle/IC3730,http://irail.be/stations/NMBS/008883808,IC,2018-04-29T10:07:00,2018-04-29T10:07:00,277,277
http://irail.be/vehicle/IC3730,http://irail.be/stations/NMBS/008883022,IC,2018-04-29T10:09:00,2018-04-29T10:09:00,284,284
http://irail.be/vehicle/IC3730,NO-URI,IC,2018-04-29T10:09:00,2018-04-29T10:09:00,293,293
http://irail.be/vehicle/IC3730,http://irail.be/stations/NMBS/008883006,IC,2018-04-29T10:16:00,2018-04-29T10:14:00,311,233
http://irail.be/vehicle/IC3730,http://irail.be/stations/NMBS/008883113,IC,2018-04-29T10:22:00,2018-04-29T10:21:00,273,260
http://irail.be/vehicle/IC3730,NO-URI,IC,2018-04-29T10:26:00,2018-04-29T10:26:00,240,240
http://irail.be/vehicle/IC3730,http://irail.be/stations/NMBS/008883121,IC,2018-04-29T10:26:00,2018-04-29T10:26:00,510,510
http://irail.be/vehicle/IC3730,http://irail.be/stations/NMBS/008881174,IC,2018-04-29T10:27:00,2018-04-29T10:27:00,654,654
http://irail.be/vehicle/IC3730,http://irail.be/stations/NMBS/008881166,IC,2018-04-29T10:31:00,2018-04-29T10:30:00,637,645
http://irail.be/vehicle/IC3730,http://irail.be/stations/NMBS/008881158,IC,2018-04-29T10:34:00,2018-04-29T10:34:00,637,637
http://irail.be/vehicle/IC3730,http://irail.be/stations/NMBS/008881125,IC,2018-04-29T10:35:00,2018-04-29T10:35:00,634,634
http://irail.be/vehicle/IC3730,http://irail.be/stations/NMBS/008881000,IC,2018-04-29T10:40:00,2018-04-29T10:40:00,,605
http://irail.be/vehicle/IC3730,http://irail.be/stations/NMBS/008819406,IC,2018-10-30T09:31:00,2018-10-30T09:31:00,17,
http://irail.be/vehicle/IC3730,http://irail.be/stations/NMBS/008811007,IC,2018-10-30T09:38:00,2018-10-30T09:38:00,16,16
http://irail.be/vehicle/IC3730,http://irail.be/stations/NMBS/008812005,IC,2018-10-30T09:43:00,2018-10-30T09:41:00,70,104
http://irail.be/vehicle/IC3730,http://irail.be/stations/NMBS/008813045,IC,2018-10-30T09:45:00,2018-10-30T09:45:00,60,60
http://irail.be/vehicle/IC3730,http://irail.be/stations/NMBS/008813003,IC,2018-10-30T09:47:00,2018-10-30T09:46:00,90,85
http://irail.be/vehicle/IC3730,http://irail.be/stations/NMBS/008813037,IC,2018-10-30T09:49:00,2018-10-30T09:49:00,90,90
http://irail.be/vehicle/IC3730,http://irail.be/stations/NMBS/008814001,IC,2018-10-30T09:55:00,2018-10-30T09:51:00,32,81
http://irail.be/vehicle/IC3730,http://irail.be/stations/NMBS/008814308,IC,2018-10-30T10:05:00,2018-10-30T10:05:00,39,39
http://irail.be/vehicle/IC3730,http://irail.be/stations/NMBS/008814332,IC,2018-10-30T10:06:00,2018-10-30T10:06:00,44,44
http://irail.be/vehicle/IC3730,http://irail.be/stations/NMBS/008883808,IC,2018-10-30T10:07:00,2018-10-30T10:07:00,204,204
http://irail.be/vehicle/IC3730,http://irail.be/stations/NMBS/008883022,IC,2018-10-30T10:10:00,2018-10-30T10:10:00,205,205
http://irail.be/vehicle/IC3730,NO-URI,IC,2018-10-30T10:10:00,2018-10-30T10:10:00,215,215
http://irail.be/vehicle/IC3730,http://irail.be/stations/NMBS/008883006,IC,2018-10-30T10:17:00,2018-10-30T10:15:00,329,418
http://irail.be/vehicle/IC3730,http://irail.be/stations/NMBS/008883113,IC,2018-10-30T10:23:00,2018-10-30T10:22:00,322,283
http://irail.be/vehicle/IC3730,NO-URI,IC,2018-10-30T10:27:00,2018-10-30T10:27:00,266,266
http://irail.be/vehicle/IC3730,http://irail.be/stations/NMBS/008883121,IC,2018-10-30T10:27:00,2018-10-30T10:27:00,280,280
http://irail.be/vehicle/IC3730,http://irail.be/stations/NMBS/008881174,IC,2018-10-30T10:29:00,2018-10-30T10:29:00,269,269
http://irail.be/vehicle/IC3730,http://irail.be/stations/NMBS/008881166,IC,2018-10-30T10:32:00,2018-10-30T10:31:00,340,308
http://irail.be/vehicle/IC3730,http://irail.be/stations/NMBS/008881158,IC,2018-10-30T10:34:00,2018-10-30T10:34:00,340,340
http://irail.be/vehicle/IC3730,http://irail.be/stations/NMBS/008881125,IC,2018-10-30T10:36:00,2018-10-30T10:36:00,313,313
http://irail.be/vehicle/IC3730,http://irail.be/stations/NMBS/008881000,IC,2018-10-30T10:42:00,2018-10-30T10:42:00,,234
http://irail.be/vehicle/IC3730,http://irail.be/stations/NMBS/008819406,IC,2018-05-09T09:31:00,2018-05-09T09:31:00,24,
http://irail.be/vehicle/IC3730,http://irail.be/stations/NMBS/008811007,IC,2018-05-09T09:38:00,2018-05-09T09:38:00,446,446
http://irail.be/vehicle/IC3730,http://irail.be/stations/NMBS/008812005,IC,2018-05-09T09:43:00,2018-05-09T09:41:00,576,557
http://irail.be/vehicle/IC3730,http://irail.be/stations/NMBS/008813045,IC,2018-05-09T09:45:00,2018-05-09T09:45:00,585,585
http://irail.be/vehicle/IC3730,http://irail.be/stations/NMBS/008813003,IC,2018-05-09T09:47:00,2018-05-09T09:46:00,759,764
http://irail.be/vehicle/IC3730,http://irail.be/stations/NMBS/008813037,IC,2018-05-09T09:49:00,2018-05-09T09:49:00,759,759
http://irail.be/vehicle/IC3730,http://irail.be/stations/NMBS/008814001,IC,2018-05-09T09:55:00,2018-05-09T09:51:00,588,765
http://irail.be/vehicle/IC3730,http://irail.be/stations/NMBS/008814308,IC,2018-05-09T10:05:00,2018-05-09T10:05:00,572,572
http://irail.be/vehicle/IC3730,http://irail.be/stations/NMBS/008814332,IC,2018-05-09T10:06:00,2018-05-09T10:06:00,573,573
http://irail.be/vehicle/IC3730,http://irail.be/stations/NMBS/008883808,IC,2018-05-09T10:07:00,2018-05-09T10:07:00,788,788
http://irail.be/vehicle/IC3730,http://irail.be/stations/NMBS/008883022,IC,2018-05-09T10:10:00,2018-05-09T10:10:00,732,732
http://irail.be/vehicle/IC3730,NO-URI,IC,2018-05-09T10:10:00,2018-05-09T10:10:00,736,736
http://irail.be/vehicle/IC3730,http://irail.be/stations/NMBS/008883006,IC,2018-05-09T10:17:00,2018-05-09T10:15:00,656,673
http://irail.be/vehicle/IC3730,http://irail.be/stations/NMBS/008883113,IC,2018-05-09T10:23:00,2018-05-09T10:22:00,612,585
http://irail.be/vehicle/IC3730,NO-URI,IC,2018-05-09T10:27:00,2018-05-09T10:27:00,541,541
http://irail.be/vehicle/IC3730,http://irail.be/stations/NMBS/008883121,IC,2018-05-09T10:27:00,2018-05-09T10:27:00,549,549
http://irail.be/vehicle/IC3730,http://irail.be/stations/NMBS/008881174,IC,2018-05-09T10:29:00,2018-05-09T10:29:00,508,508
http://irail.be/vehicle/IC3730,http://irail.be/stations/NMBS/008881166,IC,2018-05-09T10:32:00,2018-05-09T10:31:00,558,531
http://irail.be/vehicle/IC3730,http://irail.be/stations/NMBS/008881158,IC,2018-05-09T10:35:00,2018-05-09T10:35:00,558,558
http://irail.be/vehicle/IC3730,http://irail.be/stations/NMBS/008881125,IC,2018-05-09T10:37:00,2018-05-09T10:37:00,482,482
http://irail.be/vehicle/IC3730,http://irail.be/stations/NMBS/008881000,IC,2018-05-09T10:42:00,2018-05-09T10:42:00,,450
http://irail.be/vehicle/IC3730,http://irail.be/stations/NMBS/008819406,IC,2018-11-02T09:31:00,2018-11-02T09:31:00,2,
http://irail.be/vehicle/IC3730,http://irail.be/stations/NMBS/008811007,IC,2018-11-02T09:38:00,2018-11-02T09:38:00,40,40
http://irail.be/vehicle/IC3730,http://irail.be/stations/NMBS/008812005,IC,2018-11-02T09:43:00,2018-11-02T09:41:00,34,48
http://irail.be/vehicle/IC3730,http://irail.be/stations/NMBS/008813045,IC,2018-11-02T09:45:00,2018-11-02T09:45:00,34,34
http://irail.be/vehicle/IC3730,http://irail.be/stations/NMBS/008813003,IC,2018-11-02T09:47:00,2018-11-02T09:46:00,94,66
http://irail.be/vehicle/IC3730,http://irail.be/stations/NMBS/008813037,IC,2018-11-02T09:49:00,2018-11-02T09:49:00,94,94
http://irail.be/vehicle/IC3730,http://irail.be/stations/NMBS/008814001,IC,2018-11-02T09:55:00,2018-11-02T09:51:00,26,111
http://irail.be/vehicle/IC3730,http://irail.be/stations/NMBS/008814308,IC,2018-11-02T10:05:00,2018-11-02T10:05:00,-92,-92
http://irail.be/vehicle/IC3730,http://irail.be/stations/NMBS/008814332,IC,2018-11-02T10:06:00,2018-11-02T10:06:00,-90,-90
http://irail.be/vehicle/IC3730,http://irail.be/stations/NMBS/008883808,IC,2018-11-02T10:07:00,2018-11-02T10:07:00,-72,-72
http://irail.be/vehicle/IC3730,http://irail.be/stations/NMBS/008883022,IC,2018-11-02T10:10:00,2018-11-02T10:10:00,-117,-117
http://irail.be/vehicle/IC3730,NO-URI,IC,2018-11-02T10:10:00,2018-11-02T10:10:00,-107,-107
http://irail.be/vehicle/IC3730,http://irail.be/stations/NMBS/008883006,IC,2018-11-02T10:17:00,2018-11-02T10:15:00,18,-38
http://irail.be/vehicle/IC3730,http://irail.be/stations/NMBS/008883113,IC,2018-11-02T10:23:00,2018-11-02T10:22:00,16,-22
http://irail.be/vehicle/IC3730,NO-URI,IC,2018-11-02T10:27:00,2018-11-02T10:27:00,-43,-43
http://irail.be/vehicle/IC3730,http://irail.be/stations/NMBS/008883121,IC,2018-11-02T10:27:00,2018-11-02T10:27:00,-34,-34
http://irail.be/vehicle/IC3730,http://irail.be/stations/NMBS/008881174,IC,2018-11-02T10:29:00,2018-11-02T10:29:00,-67,-67
http://irail.be/vehicle/IC3730,http://irail.be/stations/NMBS/008881166,IC,2018-11-02T10:32:00,2018-11-02T10:31:00,22,-38
http://irail.be/vehicle/IC3730,http://irail.be/stations/NMBS/008881158,IC,2018-11-02T10:34:00,2018-11-02T10:34:00,22,22
http://irail.be/vehicle/IC3730,http://irail.be/stations/NMBS/008881125,IC,2018-11-02T10:36:00,2018-11-02T10:36:00,-17,-17
http://irail.be/vehicle/IC3730,http://irail.be/stations/NMBS/008881000,IC,2018-11-02T10:42:00,2018-11-02T10:42:00,,-151
http://irail.be/vehicle/IC3730,http://irail.be/stations/NMBS/008819406,IC,2018-06-21T09:31:00,2018-06-21T09:31:00,107,
http://irail.be/vehicle/IC3730,http://irail.be/stations/NMBS/008811007,IC,2018-06-21T09:38:00,2018-06-21T09:38:00,145,145
http://irail.be/vehicle/IC3730,http://irail.be/stations/NMBS/008812005,IC,2018-06-21T09:43:00,2018-06-21T09:41:00,273,246
http://irail.be/vehicle/IC3730,http://irail.be/stations/NMBS/008813045,IC,2018-06-21T09:45:00,2018-06-21T09:45:00,273,273
http://irail.be/vehicle/IC3730,http://irail.be/stations/NMBS/008813003,IC,2018-06-21T09:47:00,2018-06-21T09:46:00,385,320
http://irail.be/vehicle/IC3730,http://irail.be/stations/NMBS/008813037,IC,2018-06-21T09:49:00,2018-06-21T09:49:00,385,385
http://irail.be/vehicle/IC3730,http://irail.be/stations/NMBS/008814001,IC,2018-06-21T09:55:00,2018-06-21T09:51:00,335,405
http://irail.be/vehicle/IC3730,http://irail.be/stations/NMBS/008814373,IC,2018-06-21T10:01:41,2018-06-21T10:01:41,540,540
http://irail.be/vehicle/IC3730,http://irail.be/stations/NMBS/008814365,IC,2018-06-21T10:01:00,2018-06-21T10:01:00,741,741
http://irail.be/vehicle/IC3730,http://irail.be/stations/NMBS/008814357,IC,2018-06-21T10:03:00,2018-06-21T10:03:00,741,741
http://irail.be/vehicle/IC3730,http://irail.be/stations/NMBS/008814340,IC,2018-06-21T10:04:00,2018-06-21T10:04:00,726,726
http://irail.be/vehicle/IC3730,http://irail.be/stations/NMBS/008814308,IC,2018-06-21T10:05:00,2018-06-21T10:05:00,732,732
http://irail.be/vehicle/IC3730,http://irail.be/stations/NMBS/008814332,IC,2018-06-21T10:06:00,2018-06-21T10:06:00,727,727
http://irail.be/vehicle/IC3730,http://irail.be/stations/NMBS/008883808,IC,2018-06-21T10:07:00,2018-06-21T10:07:00,910,910
http://irail.be/vehicle/IC3730,http://irail.be/stations/NMBS/008883022,IC,2018-06-21T10:10:00,2018-06-21T10:10:00,963,963
http://irail.be/vehicle/IC3730,NO-URI,IC,2018-06-21T10:10:00,2018-06-21T10:10:00,979,979
http://irail.be/vehicle/IC3730,http://irail.be/stations/NMBS/008883006,IC,2018-06-21T10:17:00,2018-06-21T10:15:00,848,937
http://irail.be/vehicle/IC3730,http://irail.be/stations/NMBS/008883113,IC,2018-06-21T10:23:00,2018-06-21T10:22:00,815,791
http://irail.be/vehicle/IC3730,NO-URI,IC,2018-06-21T10:27:00,2018-06-21T10:27:00,753,753
http://irail.be/vehicle/IC3730,http://irail.be/stations/NMBS/008883121,IC,2018-06-21T10:27:00,2018-06-21T10:27:00,764,764
http://irail.be/vehicle/IC3730,http://irail.be/stations/NMBS/008881174,IC,2018-06-21T10:29:00,2018-06-21T10:29:00,739,739
http://irail.be/vehicle/IC3730,http://irail.be/stations/NMBS/008881166,IC,2018-06-21T10:32:00,2018-06-21T10:31:00,938,870
http://irail.be/vehicle/IC3730,http://irail.be/stations/NMBS/008881158,IC,2018-06-21T10:35:00,2018-06-21T10:35:00,938,938
http://irail.be/vehicle/IC3730,http://irail.be/stations/NMBS/008881125,IC,2018-06-21T10:36:00,2018-06-21T10:36:00,982,982
http://irail.be/vehicle/IC3730,http://irail.be/stations/NMBS/008881000,IC,2018-06-21T10:42:00,2018-06-21T10:42:00,,883
http://irail.be/vehicle/IC3730,http://irail.be/stations/NMBS/008819406,IC,2018-10-27T09:31:00,2018-10-27T09:31:00,99,
http://irail.be/vehicle/IC3730,http://irail.be/stations/NMBS/008811007,IC,2018-10-27T09:38:00,2018-10-27T09:38:00,190,190
http://irail.be/vehicle/IC3730,http://irail.be/stations/NMBS/008812005,IC,2018-10-27T09:43:00,2018-10-27T09:41:00,246,208
http://irail.be/vehicle/IC3730,http://irail.be/stations/NMBS/008813045,IC,2018-10-27T09:45:00,2018-10-27T09:45:00,243,243
http://irail.be/vehicle/IC3730,http://irail.be/stations/NMBS/008813003,IC,2018-10-27T09:47:00,2018-10-27T09:46:00,396,344
http://irail.be/vehicle/IC3730,http://irail.be/stations/NMBS/008813037,IC,2018-10-27T09:49:00,2018-10-27T09:49:00,396,396
http://irail.be/vehicle/IC3730,http://irail.be/stations/NMBS/008814001,IC,2018-10-27T09:55:00,2018-10-27T09:51:00,349,415
http://irail.be/vehicle/IC3730,http://irail.be/stations/NMBS/008814308,IC,2018-10-27T10:04:00,2018-10-27T10:04:00,309,309
http://irail.be/vehicle/IC3730,http://irail.be/stations/NMBS/008814332,IC,2018-10-27T10:05:00,2018-10-27T10:05:00,310,310
http://irail.be/vehicle/IC3730,http://irail.be/stations/NMBS/008883808,IC,2018-10-27T10:07:00,2018-10-27T10:07:00,605,605
http://irail.be/vehicle/IC3730,http://irail.be/stations/NMBS/008883022,IC,2018-10-27T10:09:00,2018-10-27T10:09:00,631,631
http://irail.be/vehicle/IC3730,NO-URI,IC,2018-10-27T10:09:00,2018-10-27T10:09:00,696,696
http://irail.be/vehicle/IC3730,http://irail.be/stations/NMBS/008883006,IC,2018-10-27T10:16:00,2018-10-27T10:14:00,611,674
http://irail.be/vehicle/IC3730,http://irail.be/stations/NMBS/008883113,IC,2018-10-27T10:22:00,2018-10-27T10:21:00,705,687
http://irail.be/vehicle/IC3730,NO-URI,IC,2018-10-27T10:26:00,2018-10-27T10:26:00,642,642
http://irail.be/vehicle/IC3730,http://irail.be/stations/NMBS/008883121,IC,2018-10-27T10:26:00,2018-10-27T10:26:00,652,652
http://irail.be/vehicle/IC3730,http://irail.be/stations/NMBS/008881174,IC,2018-10-27T10:27:00,2018-10-27T10:27:00,678,678
http://irail.be/vehicle/IC3730,http://irail.be/stations/NMBS/008881166,IC,2018-10-27T10:31:00,2018-10-27T10:30:00,658,670
http://irail.be/vehicle/IC3730,http://irail.be/stations/NMBS/008881158,IC,2018-10-27T10:34:00,2018-10-27T10:34:00,658,658
http://irail.be/vehicle/IC3730,http://irail.be/stations/NMBS/008881125,IC,2018-10-27T10:35:00,2018-10-27T10:35:00,647,647
http://irail.be/vehicle/IC3730,http://irail.be/stations/NMBS/008881000,IC,2018-10-27T10:40:00,2018-10-27T10:40:00,,614
http://irail.be/vehicle/IC3730,http://irail.be/stations/NMBS/008819406,IC,2018-06-14T09:31:00,2018-06-14T09:31:00,188,
http://irail.be/vehicle/IC3730,http://irail.be/stations/NMBS/008811007,IC,2018-06-14T09:38:00,2018-06-14T09:38:00,176,176
http://irail.be/vehicle/IC3730,http://irail.be/stations/NMBS/008812005,IC,2018-06-14T09:43:00,2018-06-14T09:41:00,203,253
http://irail.be/vehicle/IC3730,http://irail.be/stations/NMBS/008813045,IC,2018-06-14T09:45:00,2018-06-14T09:45:00,200,200
http://irail.be/vehicle/IC3730,http://irail.be/stations/NMBS/008813003,IC,2018-06-14T09:47:00,2018-06-14T09:46:00,252,233
http://irail.be/vehicle/IC3730,http://irail.be/stations/NMBS/008813037,IC,2018-06-14T09:49:00,2018-06-14T09:49:00,252,252
http://irail.be/vehicle/IC3730,http://irail.be/stations/NMBS/008814001,IC,2018-06-14T09:55:00,2018-06-14T09:51:00,86,246
http://irail.be/vehicle/IC3730,http://irail.be/stations/NMBS/008814365,IC,2018-06-14T10:01:00,2018-06-14T10:01:00,58,58
http://irail.be/vehicle/IC3730,http://irail.be/stations/NMBS/008814357,IC,2018-06-14T10:03:00,2018-06-14T10:03:00,58,58
http://irail.be/vehicle/IC3730,http://irail.be/stations/NMBS/008814340,IC,2018-06-14T10:04:00,2018-06-14T10:04:00,43,43
http://irail.be/vehicle/IC3730,http://irail.be/stations/NMBS/008814308,IC,2018-06-14T10:05:00,2018-06-14T10:05:00,55,55
http://irail.be/vehicle/IC3730,http://irail.be/stations/NMBS/008814332,IC,2018-06-14T10:06:00,2018-06-14T10:06:00,50,50
http://irail.be/vehicle/IC3730,http://irail.be/stations/NMBS/008883808,IC,2018-06-14T10:07:00,2018-06-14T10:07:00,64,64
http://irail.be/vehicle/IC3730,http://irail.be/stations/NMBS/008883022,IC,2018-06-14T10:10:00,2018-06-14T10:10:00,18,18
http://irail.be/vehicle/IC3730,NO-URI,IC,2018-06-14T10:10:00,2018-06-14T10:10:00,25,25
http://irail.be/vehicle/IC3730,http://irail.be/stations/NMBS/008883006,IC,2018-06-14T10:17:00,2018-06-14T10:15:00,19,-23
http://irail.be/vehicle/IC3730,http://irail.be/stations/NMBS/008883113,IC,2018-06-14T10:23:00,2018-06-14T10:22:00,71,-2
http://irail.be/vehicle/IC3730,NO-URI,IC,2018-06-14T10:27:00,2018-06-14T10:27:00,42,42
http://irail.be/vehicle/IC3730,http://irail.be/stations/NMBS/008883121,IC,2018-06-14T10:27:00,2018-06-14T10:27:00,54,54
http://irail.be/vehicle/IC3730,http://irail.be/stations/NMBS/008881174,IC,2018-06-14T10:29:00,2018-06-14T10:29:00,20,20
http://irail.be/vehicle/IC3730,http://irail.be/stations/NMBS/008881166,IC,2018-06-14T10:32:00,2018-06-14T10:31:00,178,129
http://irail.be/vehicle/IC3730,http://irail.be/stations/NMBS/008881158,IC,2018-06-14T10:35:00,2018-06-14T10:35:00,179,179
http://irail.be/vehicle/IC3730,http://irail.be/stations/NMBS/008881125,IC,2018-06-14T10:36:00,2018-06-14T10:36:00,250,250
http://irail.be/vehicle/IC3730,http://irail.be/stations/NMBS/008881000,IC,2018-06-14T10:42:00,2018-06-14T10:42:00,,257
http://irail.be/vehicle/IC3730,http://irail.be/stations/NMBS/008819406,IC,2018-07-26T09:31:00,2018-07-26T09:31:00,16,
http://irail.be/vehicle/IC3730,http://irail.be/stations/NMBS/008811007,IC,2018-07-26T09:38:00,2018-07-26T09:38:00,271,271
http://irail.be/vehicle/IC3730,http://irail.be/stations/NMBS/008812005,IC,2018-07-26T09:43:00,2018-07-26T09:41:00,314,288
http://irail.be/vehicle/IC3730,http://irail.be/stations/NMBS/008813045,IC,2018-07-26T09:45:00,2018-07-26T09:45:00,326,326
http://irail.be/vehicle/IC3730,http://irail.be/stations/NMBS/008813003,IC,2018-07-26T09:47:00,2018-07-26T09:46:00,367,362
http://irail.be/vehicle/IC3730,http://irail.be/stations/NMBS/008813037,IC,2018-07-26T09:49:00,2018-07-26T09:49:00,367,367
http://irail.be/vehicle/IC3730,http://irail.be/stations/NMBS/008814001,IC,2018-07-26T09:55:00,2018-07-26T09:51:00,348,359
http://irail.be/vehicle/IC3730,http://irail.be/stations/NMBS/008814308,IC,2018-07-26T10:05:00,2018-07-26T10:05:00,222,222
http://irail.be/vehicle/IC3730,http://irail.be/stations/NMBS/008814332,IC,2018-07-26T10:06:00,2018-07-26T10:06:00,225,225
http://irail.be/vehicle/IC3730,http://irail.be/stations/NMBS/008883808,IC,2018-07-26T10:07:00,2018-07-26T10:07:00,234,234
http://irail.be/vehicle/IC3730,http://irail.be/stations/NMBS/008883022,IC,2018-07-26T10:10:00,2018-07-26T10:10:00,182,182
http://irail.be/vehicle/IC3730,NO-URI,IC,2018-07-26T10:10:00,2018-07-26T10:10:00,189,189
http://irail.be/vehicle/IC3730,http://irail.be/stations/NMBS/008883006,IC,2018-07-26T10:17:00,2018-07-26T10:15:00,70,134
http://irail.be/vehicle/IC3730,http://irail.be/stations/NMBS/008883113,IC,2018-07-26T10:23:00,2018-07-26T10:22:00,33,-8
http://irail.be/vehicle/IC3730,NO-URI,IC,2018-07-26T10:27:00,2018-07-26T10:27:00,-47,-47
http://irail.be/vehicle/IC3730,http://irail.be/stations/NMBS/008883121,IC,2018-07-26T10:27:00,2018-07-26T10:27:00,-36,-36
http://irail.be/vehicle/IC3730,http://irail.be/stations/NMBS/008881174,IC,2018-07-26T10:29:00,2018-07-26T10:29:00,-75,-75
http://irail.be/vehicle/IC3730,http://irail.be/stations/NMBS/008881166,IC,2018-07-26T10:32:00,2018-07-26T10:31:00,4,-48
http://irail.be/vehicle/IC3730,http://irail.be/stations/NMBS/008881158,IC,2018-07-26T10:35:00,2018-07-26T10:35:00,4,4
http://irail.be/vehicle/IC3730,http://irail.be/stations/NMBS/008881125,IC,2018-07-26T10:36:00,2018-07-26T10:36:00,-9,-9
http://irail.be/vehicle/IC3730,http://irail.be/stations/NMBS/008881000,IC,2018-07-26T10:42:00,2018-07-26T10:42:00,,163
http://irail.be/vehicle/IC3730,http://irail.be/stations/NMBS/008819406,IC,2018-03-02T09:31:00,2018-03-02T09:31:00,6,
http://irail.be/vehicle/IC3730,http://irail.be/stations/NMBS/008811007,IC,2018-03-02T09:38:00,2018-03-02T09:38:00,109,109
http://irail.be/vehicle/IC3730,http://irail.be/stations/NMBS/008812005,IC,2018-03-02T09:43:00,2018-03-02T09:41:00,138,160
http://irail.be/vehicle/IC3730,http://irail.be/stations/NMBS/008813045,IC,2018-03-02T09:45:00,2018-03-02T09:45:00,130,130
http://irail.be/vehicle/IC3730,http://irail.be/stations/NMBS/008813003,IC,2018-03-02T09:47:00,2018-03-02T09:46:00,198,162
http://irail.be/vehicle/IC3730,http://irail.be/stations/NMBS/008813037,IC,2018-03-02T09:49:00,2018-03-02T09:49:00,198,198
http://irail.be/vehicle/IC3730,http://irail.be/stations/NMBS/008814001,IC,2018-03-02T09:55:00,2018-03-02T09:51:00,130,204
http://irail.be/vehicle/IC3730,http://irail.be/stations/NMBS/008814308,IC,2018-03-02T10:05:00,2018-03-02T10:05:00,16,16
http://irail.be/vehicle/IC3730,http://irail.be/stations/NMBS/008814332,IC,2018-03-02T10:06:00,2018-03-02T10:06:00,20,20
http://irail.be/vehicle/IC3730,http://irail.be/stations/NMBS/008883808,IC,2018-03-02T10:07:00,2018-03-02T10:07:00,40,40
http://irail.be/vehicle/IC3730,http://irail.be/stations/NMBS/008883022,IC,2018-03-02T10:10:00,2018-03-02T10:10:00,-1,-1
http://irail.be/vehicle/IC3730,NO-URI,IC,2018-03-02T10:10:00,2018-03-02T10:10:00,10,10
http://irail.be/vehicle/IC3730,http://irail.be/stations/NMBS/008883006,IC,2018-03-02T10:17:00,2018-03-02T10:15:00,27,-78
http://irail.be/vehicle/IC3730,http://irail.be/stations/NMBS/008883113,IC,2018-03-02T10:23:00,2018-03-02T10:22:00,32,-7
http://irail.be/vehicle/IC3730,NO-URI,IC,2018-03-02T10:27:00,2018-03-02T10:27:00,-17,-17
http://irail.be/vehicle/IC3730,http://irail.be/stations/NMBS/008883121,IC,2018-03-02T10:27:00,2018-03-02T10:27:00,-9,-9
http://irail.be/vehicle/IC3730,http://irail.be/stations/NMBS/008881174,IC,2018-03-02T10:29:00,2018-03-02T10:29:00,-45,-45
http://irail.be/vehicle/IC3730,http://irail.be/stations/NMBS/008881166,IC,2018-03-02T10:32:00,2018-03-02T10:31:00,-1,-17
http://irail.be/vehicle/IC3730,http://irail.be/stations/NMBS/008881158,IC,2018-03-02T10:35:00,2018-03-02T10:35:00,-1,-1
http://irail.be/vehicle/IC3730,http://irail.be/stations/NMBS/008881125,IC,2018-03-02T10:37:00,2018-03-02T10:37:00,-64,-64
http://irail.be/vehicle/IC3730,http://irail.be/stations/NMBS/008881000,IC,2018-03-02T10:42:00,2018-03-02T10:42:00,,-33
http://irail.be/vehicle/IC3730,http://irail.be/stations/NMBS/008819406,IC,2018-02-06T09:31:00,2018-02-06T09:31:00,163,
http://irail.be/vehicle/IC3730,http://irail.be/stations/NMBS/008811007,IC,2018-02-06T09:38:00,2018-02-06T09:38:00,401,401
http://irail.be/vehicle/IC3730,http://irail.be/stations/NMBS/008812005,IC,2018-02-06T09:43:00,2018-02-06T09:41:00,395,476
http://irail.be/vehicle/IC3730,http://irail.be/stations/NMBS/008813045,IC,2018-02-06T09:45:00,2018-02-06T09:45:00,395,395
http://irail.be/vehicle/IC3730,http://irail.be/stations/NMBS/008813003,IC,2018-02-06T09:47:00,2018-02-06T09:46:00,433,444
http://irail.be/vehicle/IC3730,http://irail.be/stations/NMBS/008813037,IC,2018-02-06T09:49:00,2018-02-06T09:49:00,433,433
http://irail.be/vehicle/IC3730,http://irail.be/stations/NMBS/008814001,IC,2018-02-06T09:55:00,2018-02-06T09:51:00,301,481
http://irail.be/vehicle/IC3730,http://irail.be/stations/NMBS/008814308,IC,2018-02-06T10:05:00,2018-02-06T10:05:00,152,152
http://irail.be/vehicle/IC3730,http://irail.be/stations/NMBS/008814332,IC,2018-02-06T10:06:00,2018-02-06T10:06:00,156,156
http://irail.be/vehicle/IC3730,http://irail.be/stations/NMBS/008883808,IC,2018-02-06T10:07:00,2018-02-06T10:07:00,164,164
http://irail.be/vehicle/IC3730,http://irail.be/stations/NMBS/008883022,IC,2018-02-06T10:10:00,2018-02-06T10:10:00,109,109
http://irail.be/vehicle/IC3730,NO-URI,IC,2018-02-06T10:10:00,2018-02-06T10:10:00,116,116
http://irail.be/vehicle/IC3730,http://irail.be/stations/NMBS/008883006,IC,2018-02-06T10:17:00,2018-02-06T10:15:00,21,12
http://irail.be/vehicle/IC3730,http://irail.be/stations/NMBS/008883113,IC,2018-02-06T10:23:00,2018-02-06T10:22:00,19,-41
http://irail.be/vehicle/IC3730,NO-URI,IC,2018-02-06T10:27:00,2018-02-06T10:27:00,-39,-39
http://irail.be/vehicle/IC3730,http://irail.be/stations/NMBS/008883121,IC,2018-02-06T10:27:00,2018-02-06T10:27:00,-31,-31
http://irail.be/vehicle/IC3730,http://irail.be/stations/NMBS/008881174,IC,2018-02-06T10:29:00,2018-02-06T10:29:00,-70,-70
http://irail.be/vehicle/IC3730,http://irail.be/stations/NMBS/008881166,IC,2018-02-06T10:32:00,2018-02-06T10:31:00,-10,-45
http://irail.be/vehicle/IC3730,http://irail.be/stations/NMBS/008881158,IC,2018-02-06T10:35:00,2018-02-06T10:35:00,-10,-10
http://irail.be/vehicle/IC3730,http://irail.be/stations/NMBS/008881125,IC,2018-02-06T10:37:00,2018-02-06T10:37:00,-84,-84
http://irail.be/vehicle/IC3730,http://irail.be/stations/NMBS/008881000,IC,2018-02-06T10:42:00,2018-02-06T10:42:00,,-107
http://irail.be/vehicle/IC3730,http://irail.be/stations/NMBS/008819406,IC,2018-01-13T09:31:00,2018-01-13T09:31:00,101,
http://irail.be/vehicle/IC3730,http://irail.be/stations/NMBS/008811007,IC,2018-01-13T09:38:00,2018-01-13T09:38:00,122,122
http://irail.be/vehicle/IC3730,http://irail.be/stations/NMBS/008812005,IC,2018-01-13T09:43:00,2018-01-13T09:41:00,139,189
http://irail.be/vehicle/IC3730,http://irail.be/stations/NMBS/008813045,IC,2018-01-13T09:45:00,2018-01-13T09:45:00,144,144
http://irail.be/vehicle/IC3730,http://irail.be/stations/NMBS/008813003,IC,2018-01-13T09:47:00,2018-01-13T09:46:00,216,172
http://irail.be/vehicle/IC3730,http://irail.be/stations/NMBS/008813037,IC,2018-01-13T09:48:00,2018-01-13T09:48:00,216,216
http://irail.be/vehicle/IC3730,http://irail.be/stations/NMBS/008814001,IC,2018-01-13T09:55:00,2018-01-13T09:51:00,162,209
http://irail.be/vehicle/IC3730,http://irail.be/stations/NMBS/008814308,IC,2018-01-13T10:04:00,2018-01-13T10:04:00,106,106
http://irail.be/vehicle/IC3730,http://irail.be/stations/NMBS/008814332,IC,2018-01-13T10:05:00,2018-01-13T10:05:00,100,100
http://irail.be/vehicle/IC3730,http://irail.be/stations/NMBS/008883808,IC,2018-01-13T10:07:00,2018-01-13T10:07:00,52,52
http://irail.be/vehicle/IC3730,http://irail.be/stations/NMBS/008883022,IC,2018-01-13T10:09:00,2018-01-13T10:09:00,63,63
http://irail.be/vehicle/IC3730,NO-URI,IC,2018-01-13T10:09:00,2018-01-13T10:09:00,77,77
http://irail.be/vehicle/IC3730,http://irail.be/stations/NMBS/008883006,IC,2018-01-13T10:16:00,2018-01-13T10:14:00,32,3
http://irail.be/vehicle/IC3730,http://irail.be/stations/NMBS/008883113,IC,2018-01-13T10:22:00,2018-01-13T10:21:00,58,-35
http://irail.be/vehicle/IC3730,NO-URI,IC,2018-01-13T10:26:00,2018-01-13T10:26:00,-9,-9
http://irail.be/vehicle/IC3730,http://irail.be/stations/NMBS/008883121,IC,2018-01-13T10:26:00,2018-01-13T10:26:00,3,3
http://irail.be/vehicle/IC3730,http://irail.be/stations/NMBS/008881174,IC,2018-01-13T10:27:00,2018-01-13T10:27:00,24,24
http://irail.be/vehicle/IC3730,http://irail.be/stations/NMBS/008881166,IC,2018-01-13T10:31:00,2018-01-13T10:30:00,34,11
http://irail.be/vehicle/IC3730,http://irail.be/stations/NMBS/008881158,IC,2018-01-13T10:33:00,2018-01-13T10:33:00,34,34
http://irail.be/vehicle/IC3730,http://irail.be/stations/NMBS/008881125,IC,2018-01-13T10:35:00,2018-01-13T10:35:00,-11,-11
http://irail.be/vehicle/IC3730,http://irail.be/stations/NMBS/008881000,IC,2018-01-13T10:40:00,2018-01-13T10:40:00,,-33
http://irail.be/vehicle/IC3730,http://irail.be/stations/NMBS/008819406,IC,2018-03-30T09:31:00,2018-03-30T09:31:00,156,
http://irail.be/vehicle/IC3730,http://irail.be/stations/NMBS/008811007,IC,2018-03-30T09:38:00,2018-03-30T09:38:00,176,176
http://irail.be/vehicle/IC3730,http://irail.be/stations/NMBS/008812005,IC,2018-03-30T09:43:00,2018-03-30T09:41:00,158,199
http://irail.be/vehicle/IC3730,http://irail.be/stations/NMBS/008813045,IC,2018-03-30T09:45:00,2018-03-30T09:45:00,158,158
http://irail.be/vehicle/IC3730,http://irail.be/stations/NMBS/008813003,IC,2018-03-30T09:47:00,2018-03-30T09:46:00,285,215
http://irail.be/vehicle/IC3730,http://irail.be/stations/NMBS/008813037,IC,2018-03-30T09:49:00,2018-03-30T09:49:00,285,285
http://irail.be/vehicle/IC3730,http://irail.be/stations/NMBS/008814001,IC,2018-03-30T09:55:00,2018-03-30T09:51:00,263,281
http://irail.be/vehicle/IC3730,http://irail.be/stations/NMBS/008814373,IC,2018-03-30T10:01:41,2018-03-30T10:01:41,59,59
http://irail.be/vehicle/IC3730,http://irail.be/stations/NMBS/008814365,IC,2018-03-30T10:01:00,2018-03-30T10:01:00,290,290
http://irail.be/vehicle/IC3730,http://irail.be/stations/NMBS/008814357,IC,2018-03-30T10:03:00,2018-03-30T10:03:00,290,290
http://irail.be/vehicle/IC3730,http://irail.be/stations/NMBS/008814340,IC,2018-03-30T10:04:00,2018-03-30T10:04:00,277,277
http://irail.be/vehicle/IC3730,http://irail.be/stations/NMBS/008814308,IC,2018-03-30T10:05:00,2018-03-30T10:05:00,287,287
http://irail.be/vehicle/IC3730,http://irail.be/stations/NMBS/008814332,IC,2018-03-30T10:06:00,2018-03-30T10:06:00,281,281
http://irail.be/vehicle/IC3730,http://irail.be/stations/NMBS/008883808,IC,2018-03-30T10:07:00,2018-03-30T10:07:00,297,297
http://irail.be/vehicle/IC3730,http://irail.be/stations/NMBS/008883022,IC,2018-03-30T10:10:00,2018-03-30T10:10:00,249,249
http://irail.be/vehicle/IC3730,NO-URI,IC,2018-03-30T10:10:00,2018-03-30T10:10:00,256,256
http://irail.be/vehicle/IC3730,http://irail.be/stations/NMBS/008883006,IC,2018-03-30T10:17:00,2018-03-30T10:15:00,110,202
http://irail.be/vehicle/IC3730,http://irail.be/stations/NMBS/008883113,IC,2018-03-30T10:23:00,2018-03-30T10:22:00,53,47
http://irail.be/vehicle/IC3730,NO-URI,IC,2018-03-30T10:27:00,2018-03-30T10:27:00,-22,-22
http://irail.be/vehicle/IC3730,http://irail.be/stations/NMBS/008883121,IC,2018-03-30T10:27:00,2018-03-30T10:27:00,-11,-11
http://irail.be/vehicle/IC3730,http://irail.be/stations/NMBS/008881174,IC,2018-03-30T10:29:00,2018-03-30T10:29:00,-44,-44
http://irail.be/vehicle/IC3730,http://irail.be/stations/NMBS/008881166,IC,2018-03-30T10:32:00,2018-03-30T10:31:00,-15,-13
http://irail.be/vehicle/IC3730,http://irail.be/stations/NMBS/008881158,IC,2018-03-30T10:35:00,2018-03-30T10:35:00,-15,-15
http://irail.be/vehicle/IC3730,http://irail.be/stations/NMBS/008881125,IC,2018-03-30T10:37:00,2018-03-30T10:37:00,-88,-88
http://irail.be/vehicle/IC3730,http://irail.be/stations/NMBS/008881000,IC,2018-03-30T10:42:00,2018-03-30T10:42:00,,252
http://irail.be/vehicle/IC3730,http://irail.be/stations/NMBS/008819406,IC,2018-09-06T09:31:00,2018-09-06T09:31:00,205,
http://irail.be/vehicle/IC3730,http://irail.be/stations/NMBS/008811007,IC,2018-09-06T09:38:00,2018-09-06T09:38:00,189,189
http://irail.be/vehicle/IC3730,http://irail.be/stations/NMBS/008812005,IC,2018-09-06T09:43:00,2018-09-06T09:41:00,140,210
http://irail.be/vehicle/IC3730,http://irail.be/stations/NMBS/008813045,IC,2018-09-06T09:45:00,2018-09-06T09:45:00,133,133
http://irail.be/vehicle/IC3730,http://irail.be/stations/NMBS/008813003,IC,2018-09-06T09:47:00,2018-09-06T09:46:00,183,163
http://irail.be/vehicle/IC3730,http://irail.be/stations/NMBS/008813037,IC,2018-09-06T09:49:00,2018-09-06T09:49:00,183,183
http://irail.be/vehicle/IC3730,http://irail.be/stations/NMBS/008814001,IC,2018-09-06T09:55:00,2018-09-06T09:51:00,21,185
http://irail.be/vehicle/IC3730,http://irail.be/stations/NMBS/008814365,IC,2018-09-06T10:01:00,2018-09-06T10:01:00,-1,-1
http://irail.be/vehicle/IC3730,http://irail.be/stations/NMBS/008814357,IC,2018-09-06T10:03:00,2018-09-06T10:03:00,-1,-1
http://irail.be/vehicle/IC3730,http://irail.be/stations/NMBS/008814340,IC,2018-09-06T10:04:00,2018-09-06T10:04:00,-18,-18
http://irail.be/vehicle/IC3730,http://irail.be/stations/NMBS/008814308,IC,2018-09-06T10:05:00,2018-09-06T10:05:00,-10,-10
http://irail.be/vehicle/IC3730,http://irail.be/stations/NMBS/008814332,IC,2018-09-06T10:06:00,2018-09-06T10:06:00,-18,-18
http://irail.be/vehicle/IC3730,http://irail.be/stations/NMBS/008883808,IC,2018-09-06T10:07:00,2018-09-06T10:07:00,66,66
http://irail.be/vehicle/IC3730,http://irail.be/stations/NMBS/008883022,IC,2018-09-06T10:10:00,2018-09-06T10:10:00,186,186
http://irail.be/vehicle/IC3730,NO-URI,IC,2018-09-06T10:10:00,2018-09-06T10:10:00,235,235
http://irail.be/vehicle/IC3730,http://irail.be/stations/NMBS/008883006,IC,2018-09-06T10:17:00,2018-09-06T10:15:00,87,194
http://irail.be/vehicle/IC3730,http://irail.be/stations/NMBS/008883113,IC,2018-09-06T10:23:00,2018-09-06T10:22:00,28,21
http://irail.be/vehicle/IC3730,NO-URI,IC,2018-09-06T10:27:00,2018-09-06T10:27:00,-42,-42
http://irail.be/vehicle/IC3730,http://irail.be/stations/NMBS/008883121,IC,2018-09-06T10:27:00,2018-09-06T10:27:00,-30,-30
http://irail.be/vehicle/IC3730,http://irail.be/stations/NMBS/008881174,IC,2018-09-06T10:29:00,2018-09-06T10:29:00,-12,-12
http://irail.be/vehicle/IC3730,http://irail.be/stations/NMBS/008881166,IC,2018-09-06T10:32:00,2018-09-06T10:31:00,107,20
http://irail.be/vehicle/IC3730,http://irail.be/stations/NMBS/008881158,IC,2018-09-06T10:34:00,2018-09-06T10:34:00,107,107
http://irail.be/vehicle/IC3730,http://irail.be/stations/NMBS/008881125,IC,2018-09-06T10:36:00,2018-09-06T10:36:00,77,77
http://irail.be/vehicle/IC3730,http://irail.be/stations/NMBS/008881000,IC,2018-09-06T10:42:00,2018-09-06T10:42:00,,308
http://irail.be/vehicle/IC3730,http://irail.be/stations/NMBS/008819406,IC,2018-03-20T09:31:00,2018-03-20T09:31:00,195,
http://irail.be/vehicle/IC3730,http://irail.be/stations/NMBS/008811007,IC,2018-03-20T09:38:00,2018-03-20T09:38:00,180,180
http://irail.be/vehicle/IC3730,http://irail.be/stations/NMBS/008812005,IC,2018-03-20T09:43:00,2018-03-20T09:41:00,258,226
http://irail.be/vehicle/IC3730,http://irail.be/stations/NMBS/008813045,IC,2018-03-20T09:45:00,2018-03-20T09:45:00,271,271
http://irail.be/vehicle/IC3730,http://irail.be/stations/NMBS/008813003,IC,2018-03-20T09:47:00,2018-03-20T09:46:00,313,317
http://irail.be/vehicle/IC3730,http://irail.be/stations/NMBS/008813037,IC,2018-03-20T09:49:00,2018-03-20T09:49:00,313,313
http://irail.be/vehicle/IC3730,http://irail.be/stations/NMBS/008814001,IC,2018-03-20T09:55:00,2018-03-20T09:51:00,169,315
http://irail.be/vehicle/IC3730,http://irail.be/stations/NMBS/008814308,IC,2018-03-20T10:05:00,2018-03-20T10:05:00,77,77
http://irail.be/vehicle/IC3730,http://irail.be/stations/NMBS/008814332,IC,2018-03-20T10:06:00,2018-03-20T10:06:00,82,82
http://irail.be/vehicle/IC3730,http://irail.be/stations/NMBS/008883808,IC,2018-03-20T10:07:00,2018-03-20T10:07:00,102,102
http://irail.be/vehicle/IC3730,http://irail.be/stations/NMBS/008883022,IC,2018-03-20T10:10:00,2018-03-20T10:10:00,56,56
http://irail.be/vehicle/IC3730,NO-URI,IC,2018-03-20T10:10:00,2018-03-20T10:10:00,64,64
http://irail.be/vehicle/IC3730,http://irail.be/stations/NMBS/008883006,IC,2018-03-20T10:17:00,2018-03-20T10:15:00,25,19
http://irail.be/vehicle/IC3730,http://irail.be/stations/NMBS/008883113,IC,2018-03-20T10:23:00,2018-03-20T10:22:00,31,-7
http://irail.be/vehicle/IC3730,NO-URI,IC,2018-03-20T10:27:00,2018-03-20T10:27:00,-36,-36
http://irail.be/vehicle/IC3730,http://irail.be/stations/NMBS/008883121,IC,2018-03-20T10:27:00,2018-03-20T10:27:00,-26,-26
http://irail.be/vehicle/IC3730,http://irail.be/stations/NMBS/008881174,IC,2018-03-20T10:29:00,2018-03-20T10:29:00,-66,-66
http://irail.be/vehicle/IC3730,http://irail.be/stations/NMBS/008881166,IC,2018-03-20T10:32:00,2018-03-20T10:31:00,-16,-41
http://irail.be/vehicle/IC3730,http://irail.be/stations/NMBS/008881158,IC,2018-03-20T10:35:00,2018-03-20T10:35:00,-16,-16
http://irail.be/vehicle/IC3730,http://irail.be/stations/NMBS/008881125,IC,2018-03-20T10:37:00,2018-03-20T10:37:00,-94,-94
http://irail.be/vehicle/IC3730,http://irail.be/stations/NMBS/008881000,IC,2018-03-20T10:42:00,2018-03-20T10:42:00,,-85
http://irail.be/vehicle/IC3730,http://irail.be/stations/NMBS/008819406,IC,2018-07-23T09:31:00,2018-07-23T09:31:00,244,
http://irail.be/vehicle/IC3730,http://irail.be/stations/NMBS/008811007,IC,2018-07-23T09:38:00,2018-07-23T09:38:00,559,559
http://irail.be/vehicle/IC3730,http://irail.be/stations/NMBS/008812005,IC,2018-07-23T09:43:00,2018-07-23T09:41:00,635,608
http://irail.be/vehicle/IC3730,http://irail.be/stations/NMBS/008813045,IC,2018-07-23T09:45:00,2018-07-23T09:45:00,644,644
http://irail.be/vehicle/IC3730,http://irail.be/stations/NMBS/008813003,IC,2018-07-23T09:47:00,2018-07-23T09:46:00,711,676
http://irail.be/vehicle/IC3730,http://irail.be/stations/NMBS/008813037,IC,2018-07-23T09:49:00,2018-07-23T09:49:00,711,711
http://irail.be/vehicle/IC3730,http://irail.be/stations/NMBS/008814001,IC,2018-07-23T09:55:00,2018-07-23T09:51:00,638,723
http://irail.be/vehicle/IC3730,http://irail.be/stations/NMBS/008814308,IC,2018-07-23T10:05:00,2018-07-23T10:05:00,596,596
http://irail.be/vehicle/IC3730,http://irail.be/stations/NMBS/008814332,IC,2018-07-23T10:06:00,2018-07-23T10:06:00,603,603
http://irail.be/vehicle/IC3730,http://irail.be/stations/NMBS/008883808,IC,2018-07-23T10:07:00,2018-07-23T10:07:00,620,620
http://irail.be/vehicle/IC3730,http://irail.be/stations/NMBS/008883022,IC,2018-07-23T10:10:00,2018-07-23T10:10:00,568,568
http://irail.be/vehicle/IC3730,NO-URI,IC,2018-07-23T10:10:00,2018-07-23T10:10:00,573,573
http://irail.be/vehicle/IC3730,http://irail.be/stations/NMBS/008883006,IC,2018-07-23T10:17:00,2018-07-23T10:15:00,402,510
http://irail.be/vehicle/IC3730,http://irail.be/stations/NMBS/008883113,IC,2018-07-23T10:23:00,2018-07-23T10:22:00,315,321
http://irail.be/vehicle/IC3730,NO-URI,IC,2018-07-23T10:27:00,2018-07-23T10:27:00,236,236
http://irail.be/vehicle/IC3730,http://irail.be/stations/NMBS/008883121,IC,2018-07-23T10:27:00,2018-07-23T10:27:00,246,246
http://irail.be/vehicle/IC3730,http://irail.be/stations/NMBS/008881174,IC,2018-07-23T10:29:00,2018-07-23T10:29:00,205,205
http://irail.be/vehicle/IC3730,http://irail.be/stations/NMBS/008881166,IC,2018-07-23T10:32:00,2018-07-23T10:31:00,207,231
http://irail.be/vehicle/IC3730,http://irail.be/stations/NMBS/008881158,IC,2018-07-23T10:35:00,2018-07-23T10:35:00,207,207
http://irail.be/vehicle/IC3730,http://irail.be/stations/NMBS/008881125,IC,2018-07-23T10:36:00,2018-07-23T10:36:00,186,186
http://irail.be/vehicle/IC3730,http://irail.be/stations/NMBS/008881000,IC,2018-07-23T10:42:00,2018-07-23T10:42:00,,75
http://irail.be/vehicle/IC3730,http://irail.be/stations/NMBS/008819406,IC,2018-01-17T09:31:00,2018-01-17T09:31:00,79,
http://irail.be/vehicle/IC3730,http://irail.be/stations/NMBS/008811007,IC,2018-01-17T09:38:00,2018-01-17T09:38:00,175,175
http://irail.be/vehicle/IC3730,http://irail.be/stations/NMBS/008812005,IC,2018-01-17T09:43:00,2018-01-17T09:41:00,169,236
http://irail.be/vehicle/IC3730,http://irail.be/stations/NMBS/008813045,IC,2018-01-17T09:45:00,2018-01-17T09:45:00,158,158
http://irail.be/vehicle/IC3730,http://irail.be/stations/NMBS/008813003,IC,2018-01-17T09:47:00,2018-01-17T09:46:00,180,183
http://irail.be/vehicle/IC3730,http://irail.be/stations/NMBS/008813037,IC,2018-01-17T09:48:00,2018-01-17T09:48:00,180,180
http://irail.be/vehicle/IC3730,http://irail.be/stations/NMBS/008814001,IC,2018-01-17T09:55:00,2018-01-17T09:51:00,128,181
http://irail.be/vehicle/IC3730,http://irail.be/stations/NMBS/008814308,IC,2018-01-17T10:05:00,2018-01-17T10:05:00,60,60
http://irail.be/vehicle/IC3730,http://irail.be/stations/NMBS/008814332,IC,2018-01-17T10:06:00,2018-01-17T10:06:00,64,64
http://irail.be/vehicle/IC3730,http://irail.be/stations/NMBS/008883808,IC,2018-01-17T10:07:00,2018-01-17T10:07:00,412,412
http://irail.be/vehicle/IC3730,http://irail.be/stations/NMBS/008883022,IC,2018-01-17T10:10:00,2018-01-17T10:10:00,379,379
http://irail.be/vehicle/IC3730,NO-URI,IC,2018-01-17T10:10:00,2018-01-17T10:10:00,385,385
http://irail.be/vehicle/IC3730,http://irail.be/stations/NMBS/008883006,IC,2018-01-17T10:17:00,2018-01-17T10:15:00,357,414
http://irail.be/vehicle/IC3730,http://irail.be/stations/NMBS/008883113,IC,2018-01-17T10:23:00,2018-01-17T10:22:00,291,279
http://irail.be/vehicle/IC3730,NO-URI,IC,2018-01-17T10:27:00,2018-01-17T10:27:00,214,214
http://irail.be/vehicle/IC3730,http://irail.be/stations/NMBS/008883121,IC,2018-01-17T10:27:00,2018-01-17T10:27:00,220,220
http://irail.be/vehicle/IC3730,http://irail.be/stations/NMBS/008881174,IC,2018-01-17T10:29:00,2018-01-17T10:29:00,181,181
http://irail.be/vehicle/IC3730,http://irail.be/stations/NMBS/008881166,IC,2018-01-17T10:32:00,2018-01-17T10:31:00,194,204
http://irail.be/vehicle/IC3730,http://irail.be/stations/NMBS/008881158,IC,2018-01-17T10:34:00,2018-01-17T10:34:00,194,194
http://irail.be/vehicle/IC3730,http://irail.be/stations/NMBS/008881125,IC,2018-01-17T10:37:00,2018-01-17T10:37:00,87,87
http://irail.be/vehicle/IC3730,http://irail.be/stations/NMBS/008881000,IC,2018-01-17T10:42:00,2018-01-17T10:42:00,,115
http://irail.be/vehicle/IC3730,http://irail.be/stations/NMBS/008819406,IC,2018-05-20T09:31:00,2018-05-20T09:31:00,6,
http://irail.be/vehicle/IC3730,http://irail.be/stations/NMBS/008811007,IC,2018-05-20T09:38:00,2018-05-20T09:38:00,30,30
http://irail.be/vehicle/IC3730,http://irail.be/stations/NMBS/008812005,IC,2018-05-20T09:43:00,2018-05-20T09:41:00,41,12
http://irail.be/vehicle/IC3730,http://irail.be/stations/NMBS/008813045,IC,2018-05-20T09:45:00,2018-05-20T09:45:00,57,57
http://irail.be/vehicle/IC3730,http://irail.be/stations/NMBS/008813003,IC,2018-05-20T09:47:00,2018-05-20T09:46:00,154,97
http://irail.be/vehicle/IC3730,http://irail.be/stations/NMBS/008813037,IC,2018-05-20T09:49:00,2018-05-20T09:49:00,154,154
http://irail.be/vehicle/IC3730,http://irail.be/stations/NMBS/008814001,IC,2018-05-20T09:55:00,2018-05-20T09:51:00,57,178
http://irail.be/vehicle/IC3730,http://irail.be/stations/NMBS/008814308,IC,2018-05-20T10:04:00,2018-05-20T10:04:00,27,27
http://irail.be/vehicle/IC3730,http://irail.be/stations/NMBS/008814332,IC,2018-05-20T10:05:00,2018-05-20T10:05:00,24,24
http://irail.be/vehicle/IC3730,http://irail.be/stations/NMBS/008883808,IC,2018-05-20T10:07:00,2018-05-20T10:07:00,-7,-7
http://irail.be/vehicle/IC3730,http://irail.be/stations/NMBS/008883022,IC,2018-05-20T10:09:00,2018-05-20T10:09:00,21,21
http://irail.be/vehicle/IC3730,NO-URI,IC,2018-05-20T10:09:00,2018-05-20T10:09:00,37,37
http://irail.be/vehicle/IC3730,http://irail.be/stations/NMBS/008883006,IC,2018-05-20T10:16:00,2018-05-20T10:14:00,48,5
http://irail.be/vehicle/IC3730,http://irail.be/stations/NMBS/008883113,IC,2018-05-20T10:22:00,2018-05-20T10:21:00,34,9
http://irail.be/vehicle/IC3730,NO-URI,IC,2018-05-20T10:26:00,2018-05-20T10:26:00,-35,-35
http://irail.be/vehicle/IC3730,http://irail.be/stations/NMBS/008883121,IC,2018-05-20T10:26:00,2018-05-20T10:26:00,-19,-19
http://irail.be/vehicle/IC3730,http://irail.be/stations/NMBS/008881174,IC,2018-05-20T10:27:00,2018-05-20T10:27:00,19,19
http://irail.be/vehicle/IC3730,http://irail.be/stations/NMBS/008881166,IC,2018-05-20T10:31:00,2018-05-20T10:30:00,28,18
http://irail.be/vehicle/IC3730,http://irail.be/stations/NMBS/008881158,IC,2018-05-20T10:34:00,2018-05-20T10:34:00,28,28
http://irail.be/vehicle/IC3730,http://irail.be/stations/NMBS/008881125,IC,2018-05-20T10:35:00,2018-05-20T10:35:00,27,27
http://irail.be/vehicle/IC3730,http://irail.be/stations/NMBS/008881000,IC,2018-05-20T10:40:00,2018-05-20T10:40:00,,14
http://irail.be/vehicle/IC3730,http://irail.be/stations/NMBS/008819406,IC,2018-09-26T09:31:00,2018-09-26T09:31:00,-6,
http://irail.be/vehicle/IC3730,http://irail.be/stations/NMBS/008811007,IC,2018-09-26T09:38:00,2018-09-26T09:38:00,274,274
http://irail.be/vehicle/IC3730,http://irail.be/stations/NMBS/008812005,IC,2018-09-26T09:43:00,2018-09-26T09:41:00,256,308
http://irail.be/vehicle/IC3730,http://irail.be/stations/NMBS/008813045,IC,2018-09-26T09:45:00,2018-09-26T09:45:00,247,247
http://irail.be/vehicle/IC3730,http://irail.be/stations/NMBS/008813003,IC,2018-09-26T09:47:00,2018-09-26T09:46:00,294,274
http://irail.be/vehicle/IC3730,http://irail.be/stations/NMBS/008813037,IC,2018-09-26T09:49:00,2018-09-26T09:49:00,294,294
http://irail.be/vehicle/IC3730,http://irail.be/stations/NMBS/008814001,IC,2018-09-26T09:55:00,2018-09-26T09:51:00,163,301
http://irail.be/vehicle/IC3730,http://irail.be/stations/NMBS/008814308,IC,2018-09-26T10:05:00,2018-09-26T10:05:00,80,80
http://irail.be/vehicle/IC3730,http://irail.be/stations/NMBS/008814332,IC,2018-09-26T10:06:00,2018-09-26T10:06:00,84,84
http://irail.be/vehicle/IC3730,http://irail.be/stations/NMBS/008883808,IC,2018-09-26T10:07:00,2018-09-26T10:07:00,102,102
http://irail.be/vehicle/IC3730,http://irail.be/stations/NMBS/008883022,IC,2018-09-26T10:10:00,2018-09-26T10:10:00,56,56
http://irail.be/vehicle/IC3730,NO-URI,IC,2018-09-26T10:10:00,2018-09-26T10:10:00,104,104
http://irail.be/vehicle/IC3730,http://irail.be/stations/NMBS/008883006,IC,2018-09-26T10:17:00,2018-09-26T10:15:00,34,114
http://irail.be/vehicle/IC3730,http://irail.be/stations/NMBS/008883113,IC,2018-09-26T10:23:00,2018-09-26T10:22:00,16,-23
http://irail.be/vehicle/IC3730,NO-URI,IC,2018-09-26T10:27:00,2018-09-26T10:27:00,-54,-54
http://irail.be/vehicle/IC3730,http://irail.be/stations/NMBS/008883121,IC,2018-09-26T10:27:00,2018-09-26T10:27:00,-43,-43
http://irail.be/vehicle/IC3730,http://irail.be/stations/NMBS/008881174,IC,2018-09-26T10:29:00,2018-09-26T10:29:00,-74,-74
http://irail.be/vehicle/IC3730,http://irail.be/stations/NMBS/008881166,IC,2018-09-26T10:32:00,2018-09-26T10:31:00,3,-41
http://irail.be/vehicle/IC3730,http://irail.be/stations/NMBS/008881158,IC,2018-09-26T10:34:00,2018-09-26T10:34:00,3,3
http://irail.be/vehicle/IC3730,http://irail.be/stations/NMBS/008881125,IC,2018-09-26T10:36:00,2018-09-26T10:36:00,-36,-36
http://irail.be/vehicle/IC3730,http://irail.be/stations/NMBS/008881000,IC,2018-09-26T10:42:00,2018-09-26T10:42:00,,-126
http://irail.be/vehicle/IC3730,http://irail.be/stations/NMBS/008819406,IC,2018-04-11T09:31:00,2018-04-11T09:31:00,10,
http://irail.be/vehicle/IC3730,http://irail.be/stations/NMBS/008811007,IC,2018-04-11T09:38:00,2018-04-11T09:38:00,317,317
http://irail.be/vehicle/IC3730,http://irail.be/stations/NMBS/008812005,IC,2018-04-11T09:43:00,2018-04-11T09:41:00,364,379
http://irail.be/vehicle/IC3730,http://irail.be/stations/NMBS/008813045,IC,2018-04-11T09:45:00,2018-04-11T09:45:00,359,359
http://irail.be/vehicle/IC3730,http://irail.be/stations/NMBS/008813003,IC,2018-04-11T09:47:00,2018-04-11T09:46:00,377,390
http://irail.be/vehicle/IC3730,http://irail.be/stations/NMBS/008813037,IC,2018-04-11T09:49:00,2018-04-11T09:49:00,377,377
http://irail.be/vehicle/IC3730,http://irail.be/stations/NMBS/008814001,IC,2018-04-11T09:55:00,2018-04-11T09:51:00,240,373
http://irail.be/vehicle/IC3730,http://irail.be/stations/NMBS/008814308,IC,2018-04-11T10:05:00,2018-04-11T10:05:00,120,120
http://irail.be/vehicle/IC3730,http://irail.be/stations/NMBS/008814332,IC,2018-04-11T10:06:00,2018-04-11T10:06:00,129,129
http://irail.be/vehicle/IC3730,http://irail.be/stations/NMBS/008883808,IC,2018-04-11T10:07:00,2018-04-11T10:07:00,288,288
http://irail.be/vehicle/IC3730,http://irail.be/stations/NMBS/008883022,IC,2018-04-11T10:10:00,2018-04-11T10:10:00,235,235
http://irail.be/vehicle/IC3730,NO-URI,IC,2018-04-11T10:10:00,2018-04-11T10:10:00,240,240
http://irail.be/vehicle/IC3730,http://irail.be/stations/NMBS/008883006,IC,2018-04-11T10:17:00,2018-04-11T10:15:00,118,178
http://irail.be/vehicle/IC3730,http://irail.be/stations/NMBS/008883113,IC,2018-04-11T10:23:00,2018-04-11T10:22:00,17,-17
http://irail.be/vehicle/IC3730,NO-URI,IC,2018-04-11T10:27:00,2018-04-11T10:27:00,-62,-62
http://irail.be/vehicle/IC3730,http://irail.be/stations/NMBS/008883121,IC,2018-04-11T10:27:00,2018-04-11T10:27:00,-52,-52
http://irail.be/vehicle/IC3730,http://irail.be/stations/NMBS/008881174,IC,2018-04-11T10:29:00,2018-04-11T10:29:00,-88,-88
http://irail.be/vehicle/IC3730,http://irail.be/stations/NMBS/008881166,IC,2018-04-11T10:32:00,2018-04-11T10:31:00,-12,-61
http://irail.be/vehicle/IC3730,http://irail.be/stations/NMBS/008881158,IC,2018-04-11T10:35:00,2018-04-11T10:35:00,-12,-12
http://irail.be/vehicle/IC3730,http://irail.be/stations/NMBS/008881125,IC,2018-04-11T10:37:00,2018-04-11T10:37:00,-90,-90
http://irail.be/vehicle/IC3730,http://irail.be/stations/NMBS/008881000,IC,2018-04-11T10:42:00,2018-04-11T10:42:00,,-94
http://irail.be/vehicle/IC3730,http://irail.be/stations/NMBS/008819406,IC,2018-06-09T09:31:00,2018-06-09T09:31:00,-14,
http://irail.be/vehicle/IC3730,http://irail.be/stations/NMBS/008811007,IC,2018-06-09T09:38:00,2018-06-09T09:38:00,39,39
http://irail.be/vehicle/IC3730,http://irail.be/stations/NMBS/008812005,IC,2018-06-09T09:43:00,2018-06-09T09:41:00,216,238
http://irail.be/vehicle/IC3730,http://irail.be/stations/NMBS/008813045,IC,2018-06-09T09:45:00,2018-06-09T09:45:00,219,219
http://irail.be/vehicle/IC3730,http://irail.be/stations/NMBS/008813003,IC,2018-06-09T09:47:00,2018-06-09T09:46:00,405,350
http://irail.be/vehicle/IC3730,http://irail.be/stations/NMBS/008813037,IC,2018-06-09T09:49:00,2018-06-09T09:49:00,405,405
http://irail.be/vehicle/IC3730,http://irail.be/stations/NMBS/008814001,IC,2018-06-09T09:55:00,2018-06-09T09:51:00,451,490
http://irail.be/vehicle/IC3730,http://irail.be/stations/NMBS/008814365,IC,2018-06-09T10:00:00,2018-06-09T10:00:00,482,482
http://irail.be/vehicle/IC3730,http://irail.be/stations/NMBS/008814357,IC,2018-06-09T10:02:00,2018-06-09T10:02:00,482,482
http://irail.be/vehicle/IC3730,http://irail.be/stations/NMBS/008814340,IC,2018-06-09T10:03:00,2018-06-09T10:03:00,466,466
http://irail.be/vehicle/IC3730,http://irail.be/stations/NMBS/008814308,IC,2018-06-09T10:04:00,2018-06-09T10:04:00,472,472
http://irail.be/vehicle/IC3730,http://irail.be/stations/NMBS/008814332,IC,2018-06-09T10:05:00,2018-06-09T10:05:00,464,464
http://irail.be/vehicle/IC3730,http://irail.be/stations/NMBS/008883808,IC,2018-06-09T10:07:00,2018-06-09T10:07:00,467,467
http://irail.be/vehicle/IC3730,http://irail.be/stations/NMBS/008883022,IC,2018-06-09T10:09:00,2018-06-09T10:09:00,484,484
http://irail.be/vehicle/IC3730,NO-URI,IC,2018-06-09T10:09:00,2018-06-09T10:09:00,494,494
http://irail.be/vehicle/IC3730,http://irail.be/stations/NMBS/008883006,IC,2018-06-09T10:16:00,2018-06-09T10:14:00,412,460
http://irail.be/vehicle/IC3730,http://irail.be/stations/NMBS/008883212,IC,2018-06-09T10:22:00,2018-06-09T10:22:00,422,422
http://irail.be/vehicle/IC3730,http://irail.be/stations/NMBS/008883220,IC,2018-06-09T10:23:00,2018-06-09T10:23:00,555,555
http://irail.be/vehicle/IC3730,http://irail.be/stations/NMBS/008883238,IC,2018-06-09T10:27:00,2018-06-09T10:27:00,419,419
http://irail.be/vehicle/IC3730,NO-URI,IC,2018-06-09T10:33:00,2018-06-09T10:33:00,1045,1045
http://irail.be/vehicle/IC3730,http://irail.be/stations/NMBS/008882107,IC,2018-06-09T10:36:00,2018-06-09T10:36:00,1226,1226
http://irail.be/vehicle/IC3730,http://irail.be/stations/NMBS/008881463,IC,2018-06-09T10:39:00,2018-06-09T10:39:00,1324,1324
http://irail.be/vehicle/IC3730,http://irail.be/stations/NMBS/008881455,IC,2018-06-09T10:40:00,2018-06-09T10:40:00,1328,1328
http://irail.be/vehicle/IC3730,http://irail.be/stations/NMBS/008881430,IC,2018-06-09T10:41:00,2018-06-09T10:41:00,1328,1328
http://irail.be/vehicle/IC3730,NO-URI,IC,2018-06-09T10:43:00,2018-06-09T10:43:00,1328,1328
http://irail.be/vehicle/IC3730,http://irail.be/stations/NMBS/008881406,IC,2018-06-09T10:44:00,2018-06-09T10:44:00,1300,1300
http://irail.be/vehicle/IC3730,http://irail.be/stations/NMBS/008881315,IC,2018-06-09T10:47:00,2018-06-09T10:47:00,1312,1312
http://irail.be/vehicle/IC3730,http://irail.be/stations/NMBS/008881000,IC,2018-06-09T10:51:00,2018-06-09T10:51:00,,1312
http://irail.be/vehicle/IC3730,http://irail.be/stations/NMBS/008819406,IC,2018-07-21T09:31:00,2018-07-21T09:31:00,-33,
http://irail.be/vehicle/IC3730,http://irail.be/stations/NMBS/008811007,IC,2018-07-21T09:38:00,2018-07-21T09:38:00,39,39
http://irail.be/vehicle/IC3730,http://irail.be/stations/NMBS/008812005,IC,2018-07-21T09:43:00,2018-07-21T09:41:00,42,65
http://irail.be/vehicle/IC3730,http://irail.be/stations/NMBS/008813045,IC,2018-07-21T09:45:00,2018-07-21T09:45:00,45,45
http://irail.be/vehicle/IC3730,http://irail.be/stations/NMBS/008813003,IC,2018-07-21T09:47:00,2018-07-21T09:46:00,252,221
http://irail.be/vehicle/IC3730,http://irail.be/stations/NMBS/008813037,IC,2018-07-21T09:48:00,2018-07-21T09:48:00,248,248
http://irail.be/vehicle/IC3730,http://irail.be/stations/NMBS/008814001,IC,2018-07-21T09:55:00,2018-07-21T09:51:00,215,365
http://irail.be/vehicle/IC3730,http://irail.be/stations/NMBS/008814365,IC,2018-07-21T10:00:00,2018-07-21T10:00:00,237,237
http://irail.be/vehicle/IC3730,http://irail.be/stations/NMBS/008814357,IC,2018-07-21T10:02:00,2018-07-21T10:02:00,237,237
http://irail.be/vehicle/IC3730,http://irail.be/stations/NMBS/008814340,IC,2018-07-21T10:03:00,2018-07-21T10:03:00,220,220
http://irail.be/vehicle/IC3730,http://irail.be/stations/NMBS/008814308,IC,2018-07-21T10:04:00,2018-07-21T10:04:00,230,230
http://irail.be/vehicle/IC3730,http://irail.be/stations/NMBS/008814332,IC,2018-07-21T10:05:00,2018-07-21T10:05:00,223,223
http://irail.be/vehicle/IC3730,http://irail.be/stations/NMBS/008883808,IC,2018-07-21T10:07:00,2018-07-21T10:07:00,177,177
http://irail.be/vehicle/IC3730,http://irail.be/stations/NMBS/008883022,IC,2018-07-21T10:09:00,2018-07-21T10:09:00,179,179
http://irail.be/vehicle/IC3730,NO-URI,IC,2018-07-21T10:09:00,2018-07-21T10:09:00,188,188
http://irail.be/vehicle/IC3730,http://irail.be/stations/NMBS/008883006,IC,2018-07-21T10:16:00,2018-07-21T10:14:00,71,137
http://irail.be/vehicle/IC3730,http://irail.be/stations/NMBS/008883113,IC,2018-07-21T10:22:00,2018-07-21T10:21:00,54,16
http://irail.be/vehicle/IC3730,NO-URI,IC,2018-07-21T10:26:00,2018-07-21T10:26:00,-13,-13
http://irail.be/vehicle/IC3730,http://irail.be/stations/NMBS/008883121,IC,2018-07-21T10:26:00,2018-07-21T10:26:00,-1,-1
http://irail.be/vehicle/IC3730,http://irail.be/stations/NMBS/008881174,IC,2018-07-21T10:27:00,2018-07-21T10:27:00,21,21
http://irail.be/vehicle/IC3730,http://irail.be/stations/NMBS/008881166,IC,2018-07-21T10:31:00,2018-07-21T10:30:00,35,11
http://irail.be/vehicle/IC3730,http://irail.be/stations/NMBS/008881158,IC,2018-07-21T10:33:00,2018-07-21T10:33:00,35,35
http://irail.be/vehicle/IC3730,http://irail.be/stations/NMBS/008881125,IC,2018-07-21T10:35:00,2018-07-21T10:35:00,-7,-7
http://irail.be/vehicle/IC3730,http://irail.be/stations/NMBS/008881000,IC,2018-07-21T10:40:00,2018-07-21T10:40:00,,-27
http://irail.be/vehicle/IC3730,http://irail.be/stations/NMBS/008819406,IC,2018-08-04T09:31:00,2018-08-04T09:31:00,-7,
http://irail.be/vehicle/IC3730,http://irail.be/stations/NMBS/008811007,IC,2018-08-04T09:38:00,2018-08-04T09:38:00,19,19
http://irail.be/vehicle/IC3730,http://irail.be/stations/NMBS/008812005,IC,2018-08-04T09:43:00,2018-08-04T09:41:00,11,19
http://irail.be/vehicle/IC3730,http://irail.be/stations/NMBS/008813045,IC,2018-08-04T09:45:00,2018-08-04T09:45:00,19,19
http://irail.be/vehicle/IC3730,http://irail.be/stations/NMBS/008813003,IC,2018-08-04T09:47:00,2018-08-04T09:46:00,78,47
http://irail.be/vehicle/IC3730,http://irail.be/stations/NMBS/008813037,IC,2018-08-04T09:48:00,2018-08-04T09:48:00,78,78
http://irail.be/vehicle/IC3730,http://irail.be/stations/NMBS/008814001,IC,2018-08-04T09:55:00,2018-08-04T09:51:00,43,112
http://irail.be/vehicle/IC3730,http://irail.be/stations/NMBS/008814308,IC,2018-08-04T10:04:00,2018-08-04T10:04:00,-3,-3
http://irail.be/vehicle/IC3730,http://irail.be/stations/NMBS/008814332,IC,2018-08-04T10:05:00,2018-08-04T10:05:00,-5,-5
http://irail.be/vehicle/IC3730,http://irail.be/stations/NMBS/008883808,IC,2018-08-04T10:07:00,2018-08-04T10:07:00,-46,-46
http://irail.be/vehicle/IC3730,http://irail.be/stations/NMBS/008883022,IC,2018-08-04T10:09:00,2018-08-04T10:09:00,-37,-37
http://irail.be/vehicle/IC3730,NO-URI,IC,2018-08-04T10:09:00,2018-08-04T10:09:00,-26,-26
http://irail.be/vehicle/IC3730,http://irail.be/stations/NMBS/008883006,IC,2018-08-04T10:16:00,2018-08-04T10:14:00,45,-14
http://irail.be/vehicle/IC3730,http://irail.be/stations/NMBS/008883113,IC,2018-08-04T10:22:00,2018-08-04T10:21:00,73,38
http://irail.be/vehicle/IC3730,NO-URI,IC,2018-08-04T10:26:00,2018-08-04T10:26:00,7,7
http://irail.be/vehicle/IC3730,http://irail.be/stations/NMBS/008883121,IC,2018-08-04T10:26:00,2018-08-04T10:26:00,19,19
http://irail.be/vehicle/IC3730,http://irail.be/stations/NMBS/008881174,IC,2018-08-04T10:27:00,2018-08-04T10:27:00,42,42
http://irail.be/vehicle/IC3730,http://irail.be/stations/NMBS/008881166,IC,2018-08-04T10:31:00,2018-08-04T10:30:00,53,30
http://irail.be/vehicle/IC3730,http://irail.be/stations/NMBS/008881158,IC,2018-08-04T10:33:00,2018-08-04T10:33:00,53,53
http://irail.be/vehicle/IC3730,http://irail.be/stations/NMBS/008881125,IC,2018-08-04T10:35:00,2018-08-04T10:35:00,15,15
http://irail.be/vehicle/IC3730,http://irail.be/stations/NMBS/008881000,IC,2018-08-04T10:40:00,2018-08-04T10:40:00,,34
http://irail.be/vehicle/IC3730,http://irail.be/stations/NMBS/008819406,IC,2018-09-28T09:31:00,2018-09-28T09:31:00,59,
http://irail.be/vehicle/IC3730,http://irail.be/stations/NMBS/008811007,IC,2018-09-28T09:38:00,2018-09-28T09:38:00,518,518
http://irail.be/vehicle/IC3730,http://irail.be/stations/NMBS/008812005,IC,2018-09-28T09:43:00,2018-09-28T09:41:00,574,565
http://irail.be/vehicle/IC3730,http://irail.be/stations/NMBS/008813045,IC,2018-09-28T09:45:00,2018-09-28T09:45:00,579,579
http://irail.be/vehicle/IC3730,http://irail.be/stations/NMBS/008813003,IC,2018-09-28T09:47:00,2018-09-28T09:46:00,611,616
http://irail.be/vehicle/IC3730,http://irail.be/stations/NMBS/008813037,IC,2018-09-28T09:49:00,2018-09-28T09:49:00,611,611
http://irail.be/vehicle/IC3730,http://irail.be/stations/NMBS/008814001,IC,2018-09-28T09:55:00,2018-09-28T09:51:00,518,682
http://irail.be/vehicle/IC3730,http://irail.be/stations/NMBS/008814308,IC,2018-09-28T10:05:00,2018-09-28T10:05:00,387,387
http://irail.be/vehicle/IC3730,http://irail.be/stations/NMBS/008814332,IC,2018-09-28T10:06:00,2018-09-28T10:06:00,388,388
http://irail.be/vehicle/IC3730,http://irail.be/stations/NMBS/008883808,IC,2018-09-28T10:07:00,2018-09-28T10:07:00,403,403
http://irail.be/vehicle/IC3730,http://irail.be/stations/NMBS/008883022,IC,2018-09-28T10:10:00,2018-09-28T10:10:00,355,355
http://irail.be/vehicle/IC3730,NO-URI,IC,2018-09-28T10:10:00,2018-09-28T10:10:00,385,385
http://irail.be/vehicle/IC3730,http://irail.be/stations/NMBS/008883006,IC,2018-09-28T10:17:00,2018-09-28T10:15:00,324,384
http://irail.be/vehicle/IC3730,http://irail.be/stations/NMBS/008883113,IC,2018-09-28T10:23:00,2018-09-28T10:22:00,182,187
http://irail.be/vehicle/IC3730,NO-URI,IC,2018-09-28T10:27:00,2018-09-28T10:27:00,102,102
http://irail.be/vehicle/IC3730,http://irail.be/stations/NMBS/008883121,IC,2018-09-28T10:27:00,2018-09-28T10:27:00,112,112
http://irail.be/vehicle/IC3730,http://irail.be/stations/NMBS/008881174,IC,2018-09-28T10:29:00,2018-09-28T10:29:00,71,71
http://irail.be/vehicle/IC3730,http://irail.be/stations/NMBS/008881166,IC,2018-09-28T10:32:00,2018-09-28T10:31:00,77,98
http://irail.be/vehicle/IC3730,http://irail.be/stations/NMBS/008881158,IC,2018-09-28T10:34:00,2018-09-28T10:34:00,77,77
http://irail.be/vehicle/IC3730,http://irail.be/stations/NMBS/008881125,IC,2018-09-28T10:36:00,2018-09-28T10:36:00,29,29
http://irail.be/vehicle/IC3730,http://irail.be/stations/NMBS/008881000,IC,2018-09-28T10:42:00,2018-09-28T10:42:00,,-119
http://irail.be/vehicle/IC3730,http://irail.be/stations/NMBS/008819406,IC,2018-01-27T09:31:00,2018-01-27T09:31:00,26,
http://irail.be/vehicle/IC3730,http://irail.be/stations/NMBS/008811007,IC,2018-01-27T09:38:00,2018-01-27T09:38:00,33,33
http://irail.be/vehicle/IC3730,http://irail.be/stations/NMBS/008812005,IC,2018-01-27T09:43:00,2018-01-27T09:41:00,0,36
http://irail.be/vehicle/IC3730,http://irail.be/stations/NMBS/008813045,IC,2018-01-27T09:45:00,2018-01-27T09:45:00,1,1
http://irail.be/vehicle/IC3730,http://irail.be/stations/NMBS/008813003,IC,2018-01-27T09:47:00,2018-01-27T09:46:00,202,190
http://irail.be/vehicle/IC3730,http://irail.be/stations/NMBS/008813037,IC,2018-01-27T09:49:00,2018-01-27T09:49:00,202,202
http://irail.be/vehicle/IC3730,http://irail.be/stations/NMBS/008814001,IC,2018-01-27T09:55:00,2018-01-27T09:51:00,26,200
http://irail.be/vehicle/IC3730,http://irail.be/stations/NMBS/008814308,IC,2018-01-27T10:04:00,2018-01-27T10:04:00,-32,-32
http://irail.be/vehicle/IC3730,http://irail.be/stations/NMBS/008814332,IC,2018-01-27T10:05:00,2018-01-27T10:05:00,-36,-36
http://irail.be/vehicle/IC3730,http://irail.be/stations/NMBS/008883808,IC,2018-01-27T10:07:00,2018-01-27T10:07:00,-82,-82
http://irail.be/vehicle/IC3730,http://irail.be/stations/NMBS/008883022,IC,2018-01-27T10:09:00,2018-01-27T10:09:00,-52,-52
http://irail.be/vehicle/IC3730,NO-URI,IC,2018-01-27T10:09:00,2018-01-27T10:09:00,-18,-18
http://irail.be/vehicle/IC3730,http://irail.be/stations/NMBS/008883006,IC,2018-01-27T10:16:00,2018-01-27T10:14:00,37,-23
http://irail.be/vehicle/IC3730,http://irail.be/stations/NMBS/008883113,IC,2018-01-27T10:22:00,2018-01-27T10:21:00,36,-21
http://irail.be/vehicle/IC3730,NO-URI,IC,2018-01-27T10:26:00,2018-01-27T10:26:00,-28,-28
http://irail.be/vehicle/IC3730,http://irail.be/stations/NMBS/008883121,IC,2018-01-27T10:26:00,2018-01-27T10:26:00,-19,-19
http://irail.be/vehicle/IC3730,http://irail.be/stations/NMBS/008881174,IC,2018-01-27T10:27:00,2018-01-27T10:27:00,9,9
http://irail.be/vehicle/IC3730,http://irail.be/stations/NMBS/008881166,IC,2018-01-27T10:31:00,2018-01-27T10:30:00,-7,1
http://irail.be/vehicle/IC3730,http://irail.be/stations/NMBS/008881158,IC,2018-01-27T10:34:00,2018-01-27T10:34:00,-7,-7
http://irail.be/vehicle/IC3730,http://irail.be/stations/NMBS/008881125,IC,2018-01-27T10:35:00,2018-01-27T10:35:00,-6,-6
http://irail.be/vehicle/IC3730,http://irail.be/stations/NMBS/008881000,IC,2018-01-27T10:40:00,2018-01-27T10:40:00,,-33
http://irail.be/vehicle/IC3730,http://irail.be/stations/NMBS/008819406,IC,2018-05-08T09:31:00,2018-05-08T09:31:00,10,
http://irail.be/vehicle/IC3730,http://irail.be/stations/NMBS/008811007,IC,2018-05-08T09:38:00,2018-05-08T09:38:00,251,251
http://irail.be/vehicle/IC3730,http://irail.be/stations/NMBS/008812005,IC,2018-05-08T09:43:00,2018-05-08T09:41:00,368,382
http://irail.be/vehicle/IC3730,http://irail.be/stations/NMBS/008813045,IC,2018-05-08T09:45:00,2018-05-08T09:45:00,364,364
http://irail.be/vehicle/IC3730,http://irail.be/stations/NMBS/008813003,IC,2018-05-08T09:47:00,2018-05-08T09:46:00,444,431
http://irail.be/vehicle/IC3730,http://irail.be/stations/NMBS/008813037,IC,2018-05-08T09:49:00,2018-05-08T09:49:00,444,444
http://irail.be/vehicle/IC3730,http://irail.be/stations/NMBS/008814001,IC,2018-05-08T09:55:00,2018-05-08T09:51:00,340,453
http://irail.be/vehicle/IC3730,http://irail.be/stations/NMBS/008814308,IC,2018-05-08T10:05:00,2018-05-08T10:05:00,225,225
http://irail.be/vehicle/IC3730,http://irail.be/stations/NMBS/008814332,IC,2018-05-08T10:06:00,2018-05-08T10:06:00,224,224
http://irail.be/vehicle/IC3730,http://irail.be/stations/NMBS/008883808,IC,2018-05-08T10:07:00,2018-05-08T10:07:00,282,282
http://irail.be/vehicle/IC3730,http://irail.be/stations/NMBS/008883022,IC,2018-05-08T10:10:00,2018-05-08T10:10:00,291,291
http://irail.be/vehicle/IC3730,NO-URI,IC,2018-05-08T10:10:00,2018-05-08T10:10:00,360,360
http://irail.be/vehicle/IC3730,http://irail.be/stations/NMBS/008883006,IC,2018-05-08T10:17:00,2018-05-08T10:15:00,442,535
http://irail.be/vehicle/IC3730,http://irail.be/stations/NMBS/008883113,IC,2018-05-08T10:23:00,2018-05-08T10:22:00,369,359
http://irail.be/vehicle/IC3730,NO-URI,IC,2018-05-08T10:27:00,2018-05-08T10:27:00,290,290
http://irail.be/vehicle/IC3730,http://irail.be/stations/NMBS/008883121,IC,2018-05-08T10:27:00,2018-05-08T10:27:00,300,300
http://irail.be/vehicle/IC3730,http://irail.be/stations/NMBS/008881174,IC,2018-05-08T10:29:00,2018-05-08T10:29:00,295,295
http://irail.be/vehicle/IC3730,http://irail.be/stations/NMBS/008881166,IC,2018-05-08T10:32:00,2018-05-08T10:31:00,342,319
http://irail.be/vehicle/IC3730,http://irail.be/stations/NMBS/008881158,IC,2018-05-08T10:35:00,2018-05-08T10:35:00,342,342
http://irail.be/vehicle/IC3730,http://irail.be/stations/NMBS/008881125,IC,2018-05-08T10:37:00,2018-05-08T10:37:00,263,263
http://irail.be/vehicle/IC3730,http://irail.be/stations/NMBS/008881000,IC,2018-05-08T10:42:00,2018-05-08T10:42:00,,304
http://irail.be/vehicle/IC3730,http://irail.be/stations/NMBS/008819406,IC,2018-03-09T09:31:00,2018-03-09T09:31:00,-3,
http://irail.be/vehicle/IC3730,http://irail.be/stations/NMBS/008811007,IC,2018-03-09T09:38:00,2018-03-09T09:38:00,-37,-37
http://irail.be/vehicle/IC3730,http://irail.be/stations/NMBS/008812005,IC,2018-03-09T09:43:00,2018-03-09T09:41:00,12,-12
http://irail.be/vehicle/IC3730,http://irail.be/stations/NMBS/008813045,IC,2018-03-09T09:45:00,2018-03-09T09:45:00,1,1
http://irail.be/vehicle/IC3730,http://irail.be/stations/NMBS/008813003,IC,2018-03-09T09:47:00,2018-03-09T09:46:00,142,147
http://irail.be/vehicle/IC3730,http://irail.be/stations/NMBS/008813037,IC,2018-03-09T09:49:00,2018-03-09T09:49:00,142,142
http://irail.be/vehicle/IC3730,http://irail.be/stations/NMBS/008814001,IC,2018-03-09T09:55:00,2018-03-09T09:51:00,31,195
http://irail.be/vehicle/IC3730,http://irail.be/stations/NMBS/008814365,IC,2018-03-09T10:01:00,2018-03-09T10:01:00,136,136
http://irail.be/vehicle/IC3730,http://irail.be/stations/NMBS/008814357,IC,2018-03-09T10:03:00,2018-03-09T10:03:00,136,136
http://irail.be/vehicle/IC3730,http://irail.be/stations/NMBS/008814340,IC,2018-03-09T10:04:00,2018-03-09T10:04:00,120,120
http://irail.be/vehicle/IC3730,http://irail.be/stations/NMBS/008814308,IC,2018-03-09T10:05:00,2018-03-09T10:05:00,129,129
http://irail.be/vehicle/IC3730,http://irail.be/stations/NMBS/008814332,IC,2018-03-09T10:06:00,2018-03-09T10:06:00,124,124
http://irail.be/vehicle/IC3730,http://irail.be/stations/NMBS/008883808,IC,2018-03-09T10:07:00,2018-03-09T10:07:00,138,138
http://irail.be/vehicle/IC3730,http://irail.be/stations/NMBS/008883022,IC,2018-03-09T10:10:00,2018-03-09T10:10:00,88,88
http://irail.be/vehicle/IC3730,NO-URI,IC,2018-03-09T10:10:00,2018-03-09T10:10:00,92,92
http://irail.be/vehicle/IC3730,http://irail.be/stations/NMBS/008883006,IC,2018-03-09T10:17:00,2018-03-09T10:15:00,140,141
http://irail.be/vehicle/IC3730,http://irail.be/stations/NMBS/008883113,IC,2018-03-09T10:23:00,2018-03-09T10:22:00,82,66
http://irail.be/vehicle/IC3730,NO-URI,IC,2018-03-09T10:27:00,2018-03-09T10:27:00,3,3
http://irail.be/vehicle/IC3730,http://irail.be/stations/NMBS/008883121,IC,2018-03-09T10:27:00,2018-03-09T10:27:00,16,16
http://irail.be/vehicle/IC3730,http://irail.be/stations/NMBS/008881174,IC,2018-03-09T10:29:00,2018-03-09T10:29:00,-22,-22
http://irail.be/vehicle/IC3730,http://irail.be/stations/NMBS/008881166,IC,2018-03-09T10:32:00,2018-03-09T10:31:00,70,6
http://irail.be/vehicle/IC3730,http://irail.be/stations/NMBS/008881158,IC,2018-03-09T10:35:00,2018-03-09T10:35:00,70,70
http://irail.be/vehicle/IC3730,http://irail.be/stations/NMBS/008881125,IC,2018-03-09T10:37:00,2018-03-09T10:37:00,114,114
http://irail.be/vehicle/IC3730,http://irail.be/stations/NMBS/008881000,IC,2018-03-09T10:42:00,2018-03-09T10:42:00,,167
http://irail.be/vehicle/IC3730,http://irail.be/stations/NMBS/008819406,IC,2018-09-16T09:31:00,2018-09-16T09:31:00,-22,
http://irail.be/vehicle/IC3730,http://irail.be/stations/NMBS/008811007,IC,2018-09-16T09:38:00,2018-09-16T09:38:00,5,5
http://irail.be/vehicle/IC3730,http://irail.be/stations/NMBS/008812005,IC,2018-09-16T09:43:00,2018-09-16T09:41:00,5,49
http://irail.be/vehicle/IC3730,http://irail.be/stations/NMBS/008813045,IC,2018-09-16T09:45:00,2018-09-16T09:45:00,10,10
http://irail.be/vehicle/IC3730,http://irail.be/stations/NMBS/008813003,IC,2018-09-16T09:47:00,2018-09-16T09:46:00,243,208
http://irail.be/vehicle/IC3730,http://irail.be/stations/NMBS/008813037,IC,2018-09-16T09:49:00,2018-09-16T09:49:00,243,243
http://irail.be/vehicle/IC3730,http://irail.be/stations/NMBS/008814001,IC,2018-09-16T09:55:00,2018-09-16T09:51:00,95,253
http://irail.be/vehicle/IC3730,http://irail.be/stations/NMBS/008814365,IC,2018-09-16T10:00:00,2018-09-16T10:00:00,167,167
http://irail.be/vehicle/IC3730,http://irail.be/stations/NMBS/008814357,IC,2018-09-16T10:02:00,2018-09-16T10:02:00,167,167
http://irail.be/vehicle/IC3730,http://irail.be/stations/NMBS/008814340,IC,2018-09-16T10:03:00,2018-09-16T10:03:00,154,154
http://irail.be/vehicle/IC3730,http://irail.be/stations/NMBS/008814308,IC,2018-09-16T10:04:00,2018-09-16T10:04:00,162,162
http://irail.be/vehicle/IC3730,http://irail.be/stations/NMBS/008814332,IC,2018-09-16T10:05:00,2018-09-16T10:05:00,156,156
http://irail.be/vehicle/IC3730,http://irail.be/stations/NMBS/008883808,IC,2018-09-16T10:07:00,2018-09-16T10:07:00,112,112
http://irail.be/vehicle/IC3730,http://irail.be/stations/NMBS/008883022,IC,2018-09-16T10:09:00,2018-09-16T10:09:00,117,117
http://irail.be/vehicle/IC3730,NO-URI,IC,2018-09-16T10:09:00,2018-09-16T10:09:00,128,128
http://irail.be/vehicle/IC3730,http://irail.be/stations/NMBS/008883006,IC,2018-09-16T10:16:00,2018-09-16T10:14:00,29,96
http://irail.be/vehicle/IC3730,http://irail.be/stations/NMBS/008883113,IC,2018-09-16T10:22:00,2018-09-16T10:21:00,21,-21
http://irail.be/vehicle/IC3730,NO-URI,IC,2018-09-16T10:26:00,2018-09-16T10:26:00,-51,-51
http://irail.be/vehicle/IC3730,http://irail.be/stations/NMBS/008883121,IC,2018-09-16T10:26:00,2018-09-16T10:26:00,-39,-39
http://irail.be/vehicle/IC3730,http://irail.be/stations/NMBS/008881174,IC,2018-09-16T10:27:00,2018-09-16T10:27:00,-14,-14
http://irail.be/vehicle/IC3730,http://irail.be/stations/NMBS/008881166,IC,2018-09-16T10:31:00,2018-09-16T10:30:00,-15,-20
http://irail.be/vehicle/IC3730,http://irail.be/stations/NMBS/008881158,IC,2018-09-16T10:34:00,2018-09-16T10:34:00,-15,-15
http://irail.be/vehicle/IC3730,http://irail.be/stations/NMBS/008881125,IC,2018-09-16T10:35:00,2018-09-16T10:35:00,-27,-27
http://irail.be/vehicle/IC3730,http://irail.be/stations/NMBS/008881000,IC,2018-09-16T10:40:00,2018-09-16T10:40:00,,-74
http://irail.be/vehicle/IC3730,http://irail.be/stations/NMBS/008819406,IC,2018-02-23T09:31:00,2018-02-23T09:31:00,5,
http://irail.be/vehicle/IC3730,http://irail.be/stations/NMBS/008811007,IC,2018-02-23T09:38:00,2018-02-23T09:38:00,49,49
http://irail.be/vehicle/IC3730,http://irail.be/stations/NMBS/008812005,IC,2018-02-23T09:43:00,2018-02-23T09:41:00,23,51
http://irail.be/vehicle/IC3730,http://irail.be/stations/NMBS/008813045,IC,2018-02-23T09:45:00,2018-02-23T09:45:00,20,20
http://irail.be/vehicle/IC3730,http://irail.be/stations/NMBS/008813003,IC,2018-02-23T09:47:00,2018-02-23T09:46:00,115,99
http://irail.be/vehicle/IC3730,http://irail.be/stations/NMBS/008813037,IC,2018-02-23T09:49:00,2018-02-23T09:49:00,115,115
http://irail.be/vehicle/IC3730,http://irail.be/stations/NMBS/008814001,IC,2018-02-23T09:55:00,2018-02-23T09:51:00,133,121
http://irail.be/vehicle/IC3730,http://irail.be/stations/NMBS/008814365,IC,2018-02-23T10:01:00,2018-02-23T10:01:00,63,63
http://irail.be/vehicle/IC3730,http://irail.be/stations/NMBS/008814357,IC,2018-02-23T10:03:00,2018-02-23T10:03:00,63,63
http://irail.be/vehicle/IC3730,http://irail.be/stations/NMBS/008814340,IC,2018-02-23T10:04:00,2018-02-23T10:04:00,48,48
http://irail.be/vehicle/IC3730,http://irail.be/stations/NMBS/008814308,IC,2018-02-23T10:05:00,2018-02-23T10:05:00,54,54
http://irail.be/vehicle/IC3730,http://irail.be/stations/NMBS/008814332,IC,2018-02-23T10:06:00,2018-02-23T10:06:00,48,48
http://irail.be/vehicle/IC3730,http://irail.be/stations/NMBS/008883808,IC,2018-02-23T10:07:00,2018-02-23T10:07:00,58,58
http://irail.be/vehicle/IC3730,http://irail.be/stations/NMBS/008883022,IC,2018-02-23T10:10:00,2018-02-23T10:10:00,6,6
http://irail.be/vehicle/IC3730,NO-URI,IC,2018-02-23T10:10:00,2018-02-23T10:10:00,13,13
http://irail.be/vehicle/IC3730,http://irail.be/stations/NMBS/008883006,IC,2018-02-23T10:17:00,2018-02-23T10:15:00,86,-52
http://irail.be/vehicle/IC3730,http://irail.be/stations/NMBS/008883113,IC,2018-02-23T10:23:00,2018-02-23T10:22:00,79,18
http://irail.be/vehicle/IC3730,NO-URI,IC,2018-02-23T10:27:00,2018-02-23T10:27:00,10,10
http://irail.be/vehicle/IC3730,http://irail.be/stations/NMBS/008883121,IC,2018-02-23T10:27:00,2018-02-23T10:27:00,17,17
http://irail.be/vehicle/IC3730,http://irail.be/stations/NMBS/008881174,IC,2018-02-23T10:29:00,2018-02-23T10:29:00,-18,-18
http://irail.be/vehicle/IC3730,http://irail.be/stations/NMBS/008881166,IC,2018-02-23T10:32:00,2018-02-23T10:31:00,10,9
http://irail.be/vehicle/IC3730,http://irail.be/stations/NMBS/008881158,IC,2018-02-23T10:35:00,2018-02-23T10:35:00,10,10
http://irail.be/vehicle/IC3730,http://irail.be/stations/NMBS/008881125,IC,2018-02-23T10:37:00,2018-02-23T10:37:00,-68,-68
http://irail.be/vehicle/IC3730,http://irail.be/stations/NMBS/008881000,IC,2018-02-23T10:42:00,2018-02-23T10:42:00,,-34
http://irail.be/vehicle/IC3730,http://irail.be/stations/NMBS/008819406,IC,2018-10-16T09:31:00,2018-10-16T09:31:00,25,
http://irail.be/vehicle/IC3730,http://irail.be/stations/NMBS/008811007,IC,2018-10-16T09:38:00,2018-10-16T09:38:00,90,90
http://irail.be/vehicle/IC3730,http://irail.be/stations/NMBS/008812005,IC,2018-10-16T09:43:00,2018-10-16T09:41:00,256,225
http://irail.be/vehicle/IC3730,http://irail.be/stations/NMBS/008813045,IC,2018-10-16T09:45:00,2018-10-16T09:45:00,254,254
http://irail.be/vehicle/IC3730,http://irail.be/stations/NMBS/008813003,IC,2018-10-16T09:47:00,2018-10-16T09:46:00,307,288
http://irail.be/vehicle/IC3730,http://irail.be/stations/NMBS/008813037,IC,2018-10-16T09:49:00,2018-10-16T09:49:00,307,307
http://irail.be/vehicle/IC3730,http://irail.be/stations/NMBS/008814001,IC,2018-10-16T09:55:00,2018-10-16T09:51:00,226,314
http://irail.be/vehicle/IC3730,http://irail.be/stations/NMBS/008814373,IC,2018-10-16T10:01:44,2018-10-16T10:01:44,102,102
http://irail.be/vehicle/IC3730,http://irail.be/stations/NMBS/008814365,IC,2018-10-16T10:01:00,2018-10-16T10:01:00,201,201
http://irail.be/vehicle/IC3730,http://irail.be/stations/NMBS/008814357,IC,2018-10-16T10:03:00,2018-10-16T10:03:00,201,201
http://irail.be/vehicle/IC3730,http://irail.be/stations/NMBS/008814340,IC,2018-10-16T10:04:00,2018-10-16T10:04:00,185,185
http://irail.be/vehicle/IC3730,http://irail.be/stations/NMBS/008814308,IC,2018-10-16T10:05:00,2018-10-16T10:05:00,191,191
http://irail.be/vehicle/IC3730,http://irail.be/stations/NMBS/008814332,IC,2018-10-16T10:06:00,2018-10-16T10:06:00,184,184
http://irail.be/vehicle/IC3730,http://irail.be/stations/NMBS/008883808,IC,2018-10-16T10:07:00,2018-10-16T10:07:00,195,195
http://irail.be/vehicle/IC3730,http://irail.be/stations/NMBS/008883022,IC,2018-10-16T10:10:00,2018-10-16T10:10:00,235,235
http://irail.be/vehicle/IC3730,NO-URI,IC,2018-10-16T10:10:00,2018-10-16T10:10:00,284,284
http://irail.be/vehicle/IC3730,http://irail.be/stations/NMBS/008883006,IC,2018-10-16T10:17:00,2018-10-16T10:15:00,269,331
http://irail.be/vehicle/IC3730,http://irail.be/stations/NMBS/008883113,IC,2018-10-16T10:23:00,2018-10-16T10:22:00,190,190
http://irail.be/vehicle/IC3730,NO-URI,IC,2018-10-16T10:27:00,2018-10-16T10:27:00,110,110
http://irail.be/vehicle/IC3730,http://irail.be/stations/NMBS/008883121,IC,2018-10-16T10:27:00,2018-10-16T10:27:00,117,117
http://irail.be/vehicle/IC3730,http://irail.be/stations/NMBS/008881174,IC,2018-10-16T10:29:00,2018-10-16T10:29:00,79,79
http://irail.be/vehicle/IC3730,http://irail.be/stations/NMBS/008881166,IC,2018-10-16T10:32:00,2018-10-16T10:31:00,152,103
http://irail.be/vehicle/IC3730,http://irail.be/stations/NMBS/008881158,IC,2018-10-16T10:34:00,2018-10-16T10:34:00,152,152
http://irail.be/vehicle/IC3730,http://irail.be/stations/NMBS/008881125,IC,2018-10-16T10:36:00,2018-10-16T10:36:00,277,277
http://irail.be/vehicle/IC3730,http://irail.be/stations/NMBS/008881000,IC,2018-10-16T10:42:00,2018-10-16T10:42:00,,349
http://irail.be/vehicle/IC3730,http://irail.be/stations/NMBS/008819406,IC,2018-05-12T09:31:00,2018-05-12T09:31:00,-5,
http://irail.be/vehicle/IC3730,http://irail.be/stations/NMBS/008811007,IC,2018-05-12T09:38:00,2018-05-12T09:38:00,41,41
http://irail.be/vehicle/IC3730,http://irail.be/stations/NMBS/008812005,IC,2018-05-12T09:43:00,2018-05-12T09:41:00,92,64
http://irail.be/vehicle/IC3730,http://irail.be/stations/NMBS/008813045,IC,2018-05-12T09:45:00,2018-05-12T09:45:00,109,109
http://irail.be/vehicle/IC3730,http://irail.be/stations/NMBS/008813003,IC,2018-05-12T09:47:00,2018-05-12T09:46:00,356,285
http://irail.be/vehicle/IC3730,http://irail.be/stations/NMBS/008813037,IC,2018-05-12T09:49:00,2018-05-12T09:49:00,356,356
http://irail.be/vehicle/IC3730,http://irail.be/stations/NMBS/008814001,IC,2018-05-12T09:55:00,2018-05-12T09:51:00,329,363
http://irail.be/vehicle/IC3730,http://irail.be/stations/NMBS/008814365,IC,2018-05-12T10:00:00,2018-05-12T10:00:00,347,347
http://irail.be/vehicle/IC3730,http://irail.be/stations/NMBS/008814357,IC,2018-05-12T10:02:00,2018-05-12T10:02:00,347,347
http://irail.be/vehicle/IC3730,http://irail.be/stations/NMBS/008814340,IC,2018-05-12T10:03:00,2018-05-12T10:03:00,338,338
http://irail.be/vehicle/IC3730,http://irail.be/stations/NMBS/008814308,IC,2018-05-12T10:04:00,2018-05-12T10:04:00,348,348
http://irail.be/vehicle/IC3730,http://irail.be/stations/NMBS/008814332,IC,2018-05-12T10:05:00,2018-05-12T10:05:00,340,340
http://irail.be/vehicle/IC3730,http://irail.be/stations/NMBS/008883808,IC,2018-05-12T10:07:00,2018-05-12T10:07:00,294,294
http://irail.be/vehicle/IC3730,http://irail.be/stations/NMBS/008883022,IC,2018-05-12T10:09:00,2018-05-12T10:09:00,299,299
http://irail.be/vehicle/IC3730,NO-URI,IC,2018-05-12T10:09:00,2018-05-12T10:09:00,307,307
http://irail.be/vehicle/IC3730,http://irail.be/stations/NMBS/008883006,IC,2018-05-12T10:16:00,2018-05-12T10:14:00,142,245
http://irail.be/vehicle/IC3730,http://irail.be/stations/NMBS/008883113,IC,2018-05-12T10:22:00,2018-05-12T10:21:00,112,86
http://irail.be/vehicle/IC3730,NO-URI,IC,2018-05-12T10:26:00,2018-05-12T10:26:00,86,86
http://irail.be/vehicle/IC3730,http://irail.be/stations/NMBS/008883121,IC,2018-05-12T10:26:00,2018-05-12T10:26:00,97,97
http://irail.be/vehicle/IC3730,http://irail.be/stations/NMBS/008881174,IC,2018-05-12T10:27:00,2018-05-12T10:27:00,121,121
http://irail.be/vehicle/IC3730,http://irail.be/stations/NMBS/008881166,IC,2018-05-12T10:31:00,2018-05-12T10:30:00,138,106
http://irail.be/vehicle/IC3730,http://irail.be/stations/NMBS/008881158,IC,2018-05-12T10:34:00,2018-05-12T10:34:00,138,138
http://irail.be/vehicle/IC3730,http://irail.be/stations/NMBS/008881125,IC,2018-05-12T10:35:00,2018-05-12T10:35:00,230,230
http://irail.be/vehicle/IC3730,http://irail.be/stations/NMBS/008881000,IC,2018-05-12T10:40:00,2018-05-12T10:40:00,,191
http://irail.be/vehicle/IC3730,http://irail.be/stations/NMBS/008819406,IC,2018-08-21T09:31:00,2018-08-21T09:31:00,3,
http://irail.be/vehicle/IC3730,http://irail.be/stations/NMBS/008811007,IC,2018-08-21T09:38:00,2018-08-21T09:38:00,9,9
http://irail.be/vehicle/IC3730,http://irail.be/stations/NMBS/008812005,IC,2018-08-21T09:43:00,2018-08-21T09:41:00,195,82
http://irail.be/vehicle/IC3730,http://irail.be/stations/NMBS/008813045,IC,2018-08-21T09:45:00,2018-08-21T09:45:00,200,200
http://irail.be/vehicle/IC3730,http://irail.be/stations/NMBS/008813003,IC,2018-08-21T09:47:00,2018-08-21T09:46:00,302,246
http://irail.be/vehicle/IC3730,http://irail.be/stations/NMBS/008813037,IC,2018-08-21T09:49:00,2018-08-21T09:49:00,302,302
http://irail.be/vehicle/IC3730,http://irail.be/stations/NMBS/008814001,IC,2018-08-21T09:55:00,2018-08-21T09:51:00,203,339
http://irail.be/vehicle/IC3730,http://irail.be/stations/NMBS/008814365,IC,2018-08-21T10:01:00,2018-08-21T10:01:00,161,161
http://irail.be/vehicle/IC3730,http://irail.be/stations/NMBS/008814357,IC,2018-08-21T10:03:00,2018-08-21T10:03:00,161,161
http://irail.be/vehicle/IC3730,http://irail.be/stations/NMBS/008814340,IC,2018-08-21T10:04:00,2018-08-21T10:04:00,145,145
http://irail.be/vehicle/IC3730,http://irail.be/stations/NMBS/008814308,IC,2018-08-21T10:05:00,2018-08-21T10:05:00,150,150
http://irail.be/vehicle/IC3730,http://irail.be/stations/NMBS/008814332,IC,2018-08-21T10:06:00,2018-08-21T10:06:00,144,144
http://irail.be/vehicle/IC3730,http://irail.be/stations/NMBS/008883808,IC,2018-08-21T10:07:00,2018-08-21T10:07:00,151,151
http://irail.be/vehicle/IC3730,http://irail.be/stations/NMBS/008883022,IC,2018-08-21T10:10:00,2018-08-21T10:10:00,96,96
http://irail.be/vehicle/IC3730,NO-URI,IC,2018-08-21T10:10:00,2018-08-21T10:10:00,101,101
http://irail.be/vehicle/IC3730,http://irail.be/stations/NMBS/008883006,IC,2018-08-21T10:17:00,2018-08-21T10:15:00,33,42
http://irail.be/vehicle/IC3730,http://irail.be/stations/NMBS/008883113,IC,2018-08-21T10:23:00,2018-08-21T10:22:00,84,-9
http://irail.be/vehicle/IC3730,NO-URI,IC,2018-08-21T10:27:00,2018-08-21T10:27:00,26,26
http://irail.be/vehicle/IC3730,http://irail.be/stations/NMBS/008883121,IC,2018-08-21T10:27:00,2018-08-21T10:27:00,36,36
http://irail.be/vehicle/IC3730,http://irail.be/stations/NMBS/008881174,IC,2018-08-21T10:29:00,2018-08-21T10:29:00,-5,-5
http://irail.be/vehicle/IC3730,http://irail.be/stations/NMBS/008881166,IC,2018-08-21T10:32:00,2018-08-21T10:31:00,59,22
http://irail.be/vehicle/IC3730,http://irail.be/stations/NMBS/008881158,IC,2018-08-21T10:35:00,2018-08-21T10:35:00,59,59
http://irail.be/vehicle/IC3730,http://irail.be/stations/NMBS/008881125,IC,2018-08-21T10:36:00,2018-08-21T10:36:00,44,44
http://irail.be/vehicle/IC3730,http://irail.be/stations/NMBS/008881000,IC,2018-08-21T10:42:00,2018-08-21T10:42:00,,19
http://irail.be/vehicle/IC3730,http://irail.be/stations/NMBS/008819406,IC,2018-09-19T09:31:00,2018-09-19T09:31:00,-6,
http://irail.be/vehicle/IC3730,http://irail.be/stations/NMBS/008811007,IC,2018-09-19T09:38:00,2018-09-19T09:38:00,-7,-7
http://irail.be/vehicle/IC3730,http://irail.be/stations/NMBS/008812005,IC,2018-09-19T09:43:00,2018-09-19T09:41:00,64,84
http://irail.be/vehicle/IC3730,http://irail.be/stations/NMBS/008813045,IC,2018-09-19T09:45:00,2018-09-19T09:45:00,76,76
http://irail.be/vehicle/IC3730,http://irail.be/stations/NMBS/008813003,IC,2018-09-19T09:47:00,2018-09-19T09:46:00,124,108
http://irail.be/vehicle/IC3730,http://irail.be/stations/NMBS/008813037,IC,2018-09-19T09:49:00,2018-09-19T09:49:00,124,124
http://irail.be/vehicle/IC3730,http://irail.be/stations/NMBS/008814001,IC,2018-09-19T09:55:00,2018-09-19T09:51:00,34,140
http://irail.be/vehicle/IC3730,http://irail.be/stations/NMBS/008814308,IC,2018-09-19T10:05:00,2018-09-19T10:05:00,-52,-52
http://irail.be/vehicle/IC3730,http://irail.be/stations/NMBS/008814332,IC,2018-09-19T10:06:00,2018-09-19T10:06:00,-48,-48
http://irail.be/vehicle/IC3730,http://irail.be/stations/NMBS/008883808,IC,2018-09-19T10:07:00,2018-09-19T10:07:00,46,46
http://irail.be/vehicle/IC3730,http://irail.be/stations/NMBS/008883022,IC,2018-09-19T10:10:00,2018-09-19T10:10:00,112,112
http://irail.be/vehicle/IC3730,NO-URI,IC,2018-09-19T10:10:00,2018-09-19T10:10:00,154,154
http://irail.be/vehicle/IC3730,http://irail.be/stations/NMBS/008883006,IC,2018-09-19T10:17:00,2018-09-19T10:15:00,154,248
http://irail.be/vehicle/IC3730,http://irail.be/stations/NMBS/008883113,IC,2018-09-19T10:23:00,2018-09-19T10:22:00,235,211
http://irail.be/vehicle/IC3730,NO-URI,IC,2018-09-19T10:27:00,2018-09-19T10:27:00,158,158
http://irail.be/vehicle/IC3730,http://irail.be/stations/NMBS/008883121,IC,2018-09-19T10:27:00,2018-09-19T10:27:00,169,169
http://irail.be/vehicle/IC3730,http://irail.be/stations/NMBS/008881174,IC,2018-09-19T10:29:00,2018-09-19T10:29:00,136,136
http://irail.be/vehicle/IC3730,http://irail.be/stations/NMBS/008881166,IC,2018-09-19T10:32:00,2018-09-19T10:31:00,170,167
http://irail.be/vehicle/IC3730,http://irail.be/stations/NMBS/008881158,IC,2018-09-19T10:34:00,2018-09-19T10:34:00,170,170
http://irail.be/vehicle/IC3730,http://irail.be/stations/NMBS/008881125,IC,2018-09-19T10:36:00,2018-09-19T10:36:00,129,129
http://irail.be/vehicle/IC3730,http://irail.be/stations/NMBS/008881000,IC,2018-09-19T10:42:00,2018-09-19T10:42:00,,-8
http://irail.be/vehicle/IC3730,http://irail.be/stations/NMBS/008819406,IC,2018-01-10T09:31:00,2018-01-10T09:31:00,194,
http://irail.be/vehicle/IC3730,http://irail.be/stations/NMBS/008811007,IC,2018-01-10T09:38:00,2018-01-10T09:38:00,256,256
http://irail.be/vehicle/IC3730,http://irail.be/stations/NMBS/008812005,IC,2018-01-10T09:43:00,2018-01-10T09:41:00,283,276
http://irail.be/vehicle/IC3730,http://irail.be/stations/NMBS/008813045,IC,2018-01-10T09:45:00,2018-01-10T09:45:00,283,283
http://irail.be/vehicle/IC3730,http://irail.be/stations/NMBS/008813003,IC,2018-01-10T09:47:00,2018-01-10T09:46:00,311,313
http://irail.be/vehicle/IC3730,http://irail.be/stations/NMBS/008813037,IC,2018-01-10T09:49:00,2018-01-10T09:49:00,311,311
http://irail.be/vehicle/IC3730,http://irail.be/stations/NMBS/008814001,IC,2018-01-10T09:55:00,2018-01-10T09:51:00,332,321
http://irail.be/vehicle/IC3730,http://irail.be/stations/NMBS/008814308,IC,2018-01-10T10:05:00,2018-01-10T10:05:00,230,230
http://irail.be/vehicle/IC3730,http://irail.be/stations/NMBS/008814332,IC,2018-01-10T10:06:00,2018-01-10T10:06:00,235,235
http://irail.be/vehicle/IC3730,http://irail.be/stations/NMBS/008883808,IC,2018-01-10T10:07:00,2018-01-10T10:07:00,258,258
http://irail.be/vehicle/IC3730,http://irail.be/stations/NMBS/008883022,IC,2018-01-10T10:10:00,2018-01-10T10:10:00,211,211
http://irail.be/vehicle/IC3730,NO-URI,IC,2018-01-10T10:10:00,2018-01-10T10:10:00,223,223
http://irail.be/vehicle/IC3730,http://irail.be/stations/NMBS/008883006,IC,2018-01-10T10:17:00,2018-01-10T10:15:00,64,131
http://irail.be/vehicle/IC3730,http://irail.be/stations/NMBS/008883113,IC,2018-01-10T10:23:00,2018-01-10T10:22:00,23,0
http://irail.be/vehicle/IC3730,NO-URI,IC,2018-01-10T10:27:00,2018-01-10T10:27:00,-47,-47
http://irail.be/vehicle/IC3730,http://irail.be/stations/NMBS/008883121,IC,2018-01-10T10:27:00,2018-01-10T10:27:00,-39,-39
http://irail.be/vehicle/IC3730,http://irail.be/stations/NMBS/008881174,IC,2018-01-10T10:29:00,2018-01-10T10:29:00,-72,-72
http://irail.be/vehicle/IC3730,http://irail.be/stations/NMBS/008881166,IC,2018-01-10T10:32:00,2018-01-10T10:31:00,-4,-43
http://irail.be/vehicle/IC3730,http://irail.be/stations/NMBS/008881158,IC,2018-01-10T10:35:00,2018-01-10T10:35:00,-4,-4
http://irail.be/vehicle/IC3730,http://irail.be/stations/NMBS/008881125,IC,2018-01-10T10:37:00,2018-01-10T10:37:00,-78,-78
http://irail.be/vehicle/IC3730,http://irail.be/stations/NMBS/008881000,IC,2018-01-10T10:42:00,2018-01-10T10:42:00,,17
http://irail.be/vehicle/IC3730,http://irail.be/stations/NMBS/008819406,IC,2018-01-15T09:31:00,2018-01-15T09:31:00,42,
http://irail.be/vehicle/IC3730,http://irail.be/stations/NMBS/008811007,IC,2018-01-15T09:38:00,2018-01-15T09:38:00,192,192
http://irail.be/vehicle/IC3730,http://irail.be/stations/NMBS/008812005,IC,2018-01-15T09:43:00,2018-01-15T09:41:00,207,271
http://irail.be/vehicle/IC3730,http://irail.be/stations/NMBS/008813045,IC,2018-01-15T09:45:00,2018-01-15T09:45:00,200,200
http://irail.be/vehicle/IC3730,http://irail.be/stations/NMBS/008813003,IC,2018-01-15T09:47:00,2018-01-15T09:46:00,247,225
http://irail.be/vehicle/IC3730,http://irail.be/stations/NMBS/008813037,IC,2018-01-15T09:48:00,2018-01-15T09:48:00,247,247
http://irail.be/vehicle/IC3730,http://irail.be/stations/NMBS/008814001,IC,2018-01-15T09:55:00,2018-01-15T09:51:00,144,246
http://irail.be/vehicle/IC3730,http://irail.be/stations/NMBS/008814308,IC,2018-01-15T10:05:00,2018-01-15T10:05:00,136,136
http://irail.be/vehicle/IC3730,http://irail.be/stations/NMBS/008814332,IC,2018-01-15T10:06:00,2018-01-15T10:06:00,142,142
http://irail.be/vehicle/IC3730,http://irail.be/stations/NMBS/008883808,IC,2018-01-15T10:07:00,2018-01-15T10:07:00,155,155
http://irail.be/vehicle/IC3730,http://irail.be/stations/NMBS/008883022,IC,2018-01-15T10:10:00,2018-01-15T10:10:00,102,102
http://irail.be/vehicle/IC3730,NO-URI,IC,2018-01-15T10:10:00,2018-01-15T10:10:00,109,109
http://irail.be/vehicle/IC3730,http://irail.be/stations/NMBS/008883006,IC,2018-01-15T10:17:00,2018-01-15T10:15:00,44,40
http://irail.be/vehicle/IC3730,http://irail.be/stations/NMBS/008883113,IC,2018-01-15T10:23:00,2018-01-15T10:22:00,27,-21
http://irail.be/vehicle/IC3730,NO-URI,IC,2018-01-15T10:27:00,2018-01-15T10:27:00,-47,-47
http://irail.be/vehicle/IC3730,http://irail.be/stations/NMBS/008883121,IC,2018-01-15T10:27:00,2018-01-15T10:27:00,-40,-40
http://irail.be/vehicle/IC3730,http://irail.be/stations/NMBS/008881174,IC,2018-01-15T10:29:00,2018-01-15T10:29:00,-78,-78
http://irail.be/vehicle/IC3730,http://irail.be/stations/NMBS/008881166,IC,2018-01-15T10:32:00,2018-01-15T10:31:00,18,-50
http://irail.be/vehicle/IC3730,http://irail.be/stations/NMBS/008881158,IC,2018-01-15T10:34:00,2018-01-15T10:34:00,18,18
http://irail.be/vehicle/IC3730,http://irail.be/stations/NMBS/008881125,IC,2018-01-15T10:37:00,2018-01-15T10:37:00,-83,-83
http://irail.be/vehicle/IC3730,http://irail.be/stations/NMBS/008881000,IC,2018-01-15T10:42:00,2018-01-15T10:42:00,,64
http://irail.be/vehicle/IC3730,http://irail.be/stations/NMBS/008819406,IC,2018-04-14T09:31:00,2018-04-14T09:31:00,15,
http://irail.be/vehicle/IC3730,http://irail.be/stations/NMBS/008811007,IC,2018-04-14T09:38:00,2018-04-14T09:38:00,28,28
http://irail.be/vehicle/IC3730,http://irail.be/stations/NMBS/008812005,IC,2018-04-14T09:43:00,2018-04-14T09:41:00,19,28
http://irail.be/vehicle/IC3730,http://irail.be/stations/NMBS/008813045,IC,2018-04-14T09:45:00,2018-04-14T09:45:00,25,25
http://irail.be/vehicle/IC3730,http://irail.be/stations/NMBS/008813003,IC,2018-04-14T09:47:00,2018-04-14T09:46:00,301,269
http://irail.be/vehicle/IC3730,http://irail.be/stations/NMBS/008813037,IC,2018-04-14T09:49:00,2018-04-14T09:49:00,301,301
http://irail.be/vehicle/IC3730,http://irail.be/stations/NMBS/008814001,IC,2018-04-14T09:55:00,2018-04-14T09:51:00,256,305
http://irail.be/vehicle/IC3730,http://irail.be/stations/NMBS/008814308,IC,2018-04-14T10:04:00,2018-04-14T10:04:00,195,195
http://irail.be/vehicle/IC3730,http://irail.be/stations/NMBS/008814332,IC,2018-04-14T10:05:00,2018-04-14T10:05:00,191,191
http://irail.be/vehicle/IC3730,http://irail.be/stations/NMBS/008883808,IC,2018-04-14T10:07:00,2018-04-14T10:07:00,242,242
http://irail.be/vehicle/IC3730,http://irail.be/stations/NMBS/008883022,IC,2018-04-14T10:09:00,2018-04-14T10:09:00,285,285
http://irail.be/vehicle/IC3730,NO-URI,IC,2018-04-14T10:09:00,2018-04-14T10:09:00,295,295
http://irail.be/vehicle/IC3730,http://irail.be/stations/NMBS/008883006,IC,2018-04-14T10:16:00,2018-04-14T10:14:00,164,246
http://irail.be/vehicle/IC3730,http://irail.be/stations/NMBS/008883113,IC,2018-04-14T10:22:00,2018-04-14T10:21:00,123,94
http://irail.be/vehicle/IC3730,NO-URI,IC,2018-04-14T10:26:00,2018-04-14T10:26:00,54,54
http://irail.be/vehicle/IC3730,http://irail.be/stations/NMBS/008883121,IC,2018-04-14T10:26:00,2018-04-14T10:26:00,66,66
http://irail.be/vehicle/IC3730,http://irail.be/stations/NMBS/008881174,IC,2018-04-14T10:27:00,2018-04-14T10:27:00,85,85
http://irail.be/vehicle/IC3730,http://irail.be/stations/NMBS/008881166,IC,2018-04-14T10:31:00,2018-04-14T10:30:00,128,71
http://irail.be/vehicle/IC3730,http://irail.be/stations/NMBS/008881158,IC,2018-04-14T10:34:00,2018-04-14T10:34:00,128,128
http://irail.be/vehicle/IC3730,http://irail.be/stations/NMBS/008881125,IC,2018-04-14T10:35:00,2018-04-14T10:35:00,122,122
http://irail.be/vehicle/IC3730,http://irail.be/stations/NMBS/008881000,IC,2018-04-14T10:40:00,2018-04-14T10:40:00,,35
http://irail.be/vehicle/IC3730,http://irail.be/stations/NMBS/008819406,IC,2018-06-08T09:31:00,2018-06-08T09:31:00,1241,
http://irail.be/vehicle/IC3730,http://irail.be/stations/NMBS/008811007,IC,2018-06-08T09:38:00,2018-06-08T09:38:00,1610,1610
http://irail.be/vehicle/IC3730,http://irail.be/stations/NMBS/008812005,IC,2018-06-08T09:43:00,2018-06-08T09:41:00,2031,1866
http://irail.be/vehicle/IC3730,http://irail.be/stations/NMBS/008813045,IC,2018-06-08T09:45:00,2018-06-08T09:45:00,2030,2030
http://irail.be/vehicle/IC3730,http://irail.be/stations/NMBS/008813003,IC,2018-06-08T09:47:00,2018-06-08T09:46:00,2088,2077
http://irail.be/vehicle/IC3730,http://irail.be/stations/NMBS/008813037,IC,2018-06-08T09:49:00,2018-06-08T09:49:00,2088,2088
http://irail.be/vehicle/IC3730,http://irail.be/stations/NMBS/008814001,IC,2018-06-08T09:55:00,2018-06-08T09:51:00,2008,2091
http://irail.be/vehicle/IC3730,http://irail.be/stations/NMBS/008814308,IC,2018-06-08T10:05:00,2018-06-08T10:05:00,1932,1932
http://irail.be/vehicle/IC3730,http://irail.be/stations/NMBS/008814332,IC,2018-06-08T10:06:00,2018-06-08T10:06:00,1937,1937
http://irail.be/vehicle/IC3730,http://irail.be/stations/NMBS/008883808,IC,2018-06-08T10:07:00,2018-06-08T10:07:00,2119,2119
http://irail.be/vehicle/IC3730,http://irail.be/stations/NMBS/008883022,IC,2018-06-08T10:10:00,2018-06-08T10:10:00,2068,2068
http://irail.be/vehicle/IC3730,NO-URI,IC,2018-06-08T10:10:00,2018-06-08T10:10:00,2076,2076
http://irail.be/vehicle/IC3730,http://irail.be/stations/NMBS/008883006,IC,2018-06-08T10:15:00,2018-06-08T10:15:00,,2036
http://irail.be/vehicle/IC3730,http://irail.be/stations/NMBS/008819406,IC,2018-04-28T09:31:00,2018-04-28T09:31:00,348,
http://irail.be/vehicle/IC3730,http://irail.be/stations/NMBS/008811007,IC,2018-04-28T09:38:00,2018-04-28T09:38:00,445,445
http://irail.be/vehicle/IC3730,http://irail.be/stations/NMBS/008812005,IC,2018-04-28T09:43:00,2018-04-28T09:41:00,587,544
http://irail.be/vehicle/IC3730,http://irail.be/stations/NMBS/008813045,IC,2018-04-28T09:45:00,2018-04-28T09:45:00,606,606
http://irail.be/vehicle/IC3730,http://irail.be/stations/NMBS/008813003,IC,2018-04-28T09:47:00,2018-04-28T09:46:00,744,675
http://irail.be/vehicle/IC3730,http://irail.be/stations/NMBS/008813037,IC,2018-04-28T09:49:00,2018-04-28T09:49:00,744,744
http://irail.be/vehicle/IC3730,http://irail.be/stations/NMBS/008814001,IC,2018-04-28T09:55:00,2018-04-28T09:51:00,717,780
http://irail.be/vehicle/IC3730,http://irail.be/stations/NMBS/008814365,IC,2018-04-28T10:00:00,2018-04-28T10:00:00,725,725
http://irail.be/vehicle/IC3730,http://irail.be/stations/NMBS/008814357,IC,2018-04-28T10:02:00,2018-04-28T10:02:00,725,725
http://irail.be/vehicle/IC3730,http://irail.be/stations/NMBS/008814340,IC,2018-04-28T10:03:00,2018-04-28T10:03:00,708,708
http://irail.be/vehicle/IC3730,http://irail.be/stations/NMBS/008814308,IC,2018-04-28T10:04:00,2018-04-28T10:04:00,714,714
http://irail.be/vehicle/IC3730,http://irail.be/stations/NMBS/008814332,IC,2018-04-28T10:05:00,2018-04-28T10:05:00,706,706
http://irail.be/vehicle/IC3730,http://irail.be/stations/NMBS/008883808,IC,2018-04-28T10:07:00,2018-04-28T10:07:00,658,658
http://irail.be/vehicle/IC3730,http://irail.be/stations/NMBS/008883022,IC,2018-04-28T10:09:00,2018-04-28T10:09:00,659,659
http://irail.be/vehicle/IC3730,NO-URI,IC,2018-04-28T10:09:00,2018-04-28T10:09:00,667,667
http://irail.be/vehicle/IC3730,http://irail.be/stations/NMBS/008883006,IC,2018-04-28T10:16:00,2018-04-28T10:14:00,545,605
http://irail.be/vehicle/IC3730,http://irail.be/stations/NMBS/008883113,IC,2018-04-28T10:22:00,2018-04-28T10:21:00,404,403
http://irail.be/vehicle/IC3730,NO-URI,IC,2018-04-28T10:26:00,2018-04-28T10:26:00,436,436
http://irail.be/vehicle/IC3730,http://irail.be/stations/NMBS/008883121,IC,2018-04-28T10:26:00,2018-04-28T10:26:00,683,683
http://irail.be/vehicle/IC3730,http://irail.be/stations/NMBS/008881174,IC,2018-04-28T10:27:00,2018-04-28T10:27:00,820,820
http://irail.be/vehicle/IC3730,http://irail.be/stations/NMBS/008881166,IC,2018-04-28T10:31:00,2018-04-28T10:30:00,863,863
http://irail.be/vehicle/IC3730,http://irail.be/stations/NMBS/008881158,IC,2018-04-28T10:34:00,2018-04-28T10:34:00,845,845
http://irail.be/vehicle/IC3730,http://irail.be/stations/NMBS/008881125,IC,2018-04-28T10:35:00,2018-04-28T10:35:00,913,913
http://irail.be/vehicle/IC3730,http://irail.be/stations/NMBS/008881000,IC,2018-04-28T10:40:00,2018-04-28T10:40:00,,894
http://irail.be/vehicle/IC3730,http://irail.be/stations/NMBS/008819406,IC,2018-07-07T09:31:00,2018-07-07T09:31:00,-20,
http://irail.be/vehicle/IC3730,http://irail.be/stations/NMBS/008811007,IC,2018-07-07T09:38:00,2018-07-07T09:38:00,136,136
http://irail.be/vehicle/IC3730,http://irail.be/stations/NMBS/008812005,IC,2018-07-07T09:43:00,2018-07-07T09:41:00,205,190
http://irail.be/vehicle/IC3730,http://irail.be/stations/NMBS/008813045,IC,2018-07-07T09:45:00,2018-07-07T09:45:00,209,209
http://irail.be/vehicle/IC3730,http://irail.be/stations/NMBS/008813003,IC,2018-07-07T09:47:00,2018-07-07T09:46:00,275,238
http://irail.be/vehicle/IC3730,http://irail.be/stations/NMBS/008813037,IC,2018-07-07T09:49:00,2018-07-07T09:49:00,275,275
http://irail.be/vehicle/IC3730,http://irail.be/stations/NMBS/008814001,IC,2018-07-07T09:55:00,2018-07-07T09:51:00,267,279
http://irail.be/vehicle/IC3730,http://irail.be/stations/NMBS/008814308,IC,2018-07-07T10:04:00,2018-07-07T10:04:00,180,180
http://irail.be/vehicle/IC3730,http://irail.be/stations/NMBS/008814332,IC,2018-07-07T10:05:00,2018-07-07T10:05:00,175,175
http://irail.be/vehicle/IC3730,http://irail.be/stations/NMBS/008883808,IC,2018-07-07T10:07:00,2018-07-07T10:07:00,124,124
http://irail.be/vehicle/IC3730,http://irail.be/stations/NMBS/008883022,IC,2018-07-07T10:09:00,2018-07-07T10:09:00,123,123
http://irail.be/vehicle/IC3730,NO-URI,IC,2018-07-07T10:09:00,2018-07-07T10:09:00,131,131
http://irail.be/vehicle/IC3730,http://irail.be/stations/NMBS/008883006,IC,2018-07-07T10:16:00,2018-07-07T10:14:00,-14,67
http://irail.be/vehicle/IC3730,http://irail.be/stations/NMBS/008883113,IC,2018-07-07T10:22:00,2018-07-07T10:21:00,22,-85
http://irail.be/vehicle/IC3730,NO-URI,IC,2018-07-07T10:26:00,2018-07-07T10:26:00,-48,-48
http://irail.be/vehicle/IC3730,http://irail.be/stations/NMBS/008883121,IC,2018-07-07T10:26:00,2018-07-07T10:26:00,-38,-38
http://irail.be/vehicle/IC3730,http://irail.be/stations/NMBS/008881174,IC,2018-07-07T10:27:00,2018-07-07T10:27:00,-18,-18
http://irail.be/vehicle/IC3730,http://irail.be/stations/NMBS/008881166,IC,2018-07-07T10:31:00,2018-07-07T10:30:00,83,10
http://irail.be/vehicle/IC3730,http://irail.be/stations/NMBS/008881158,IC,2018-07-07T10:34:00,2018-07-07T10:34:00,83,83
http://irail.be/vehicle/IC3730,http://irail.be/stations/NMBS/008881125,IC,2018-07-07T10:35:00,2018-07-07T10:35:00,152,152
http://irail.be/vehicle/IC3730,http://irail.be/stations/NMBS/008881000,IC,2018-07-07T10:40:00,2018-07-07T10:40:00,,146
http://irail.be/vehicle/IC3730,http://irail.be/stations/NMBS/008819406,IC,2018-05-15T09:31:00,2018-05-15T09:31:00,35,
http://irail.be/vehicle/IC3730,http://irail.be/stations/NMBS/008811007,IC,2018-05-15T09:38:00,2018-05-15T09:38:00,47,47
http://irail.be/vehicle/IC3730,http://irail.be/stations/NMBS/008812005,IC,2018-05-15T09:43:00,2018-05-15T09:41:00,160,187
http://irail.be/vehicle/IC3730,http://irail.be/stations/NMBS/008813045,IC,2018-05-15T09:45:00,2018-05-15T09:45:00,154,154
http://irail.be/vehicle/IC3730,http://irail.be/stations/NMBS/008813003,IC,2018-05-15T09:47:00,2018-05-15T09:46:00,183,184
http://irail.be/vehicle/IC3730,http://irail.be/stations/NMBS/008813037,IC,2018-05-15T09:49:00,2018-05-15T09:49:00,183,183
http://irail.be/vehicle/IC3730,http://irail.be/stations/NMBS/008814001,IC,2018-05-15T09:55:00,2018-05-15T09:51:00,42,196
http://irail.be/vehicle/IC3730,http://irail.be/stations/NMBS/008814308,IC,2018-05-15T10:05:00,2018-05-15T10:05:00,29,29
http://irail.be/vehicle/IC3730,http://irail.be/stations/NMBS/008814332,IC,2018-05-15T10:06:00,2018-05-15T10:06:00,29,29
http://irail.be/vehicle/IC3730,http://irail.be/stations/NMBS/008883808,IC,2018-05-15T10:07:00,2018-05-15T10:07:00,40,40
http://irail.be/vehicle/IC3730,http://irail.be/stations/NMBS/008883022,IC,2018-05-15T10:10:00,2018-05-15T10:10:00,-14,-14
http://irail.be/vehicle/IC3730,NO-URI,IC,2018-05-15T10:10:00,2018-05-15T10:10:00,-9,-9
http://irail.be/vehicle/IC3730,http://irail.be/stations/NMBS/008883006,IC,2018-05-15T10:17:00,2018-05-15T10:15:00,28,-67
http://irail.be/vehicle/IC3730,http://irail.be/stations/NMBS/008883113,IC,2018-05-15T10:23:00,2018-05-15T10:22:00,23,-33
http://irail.be/vehicle/IC3730,NO-URI,IC,2018-05-15T10:27:00,2018-05-15T10:27:00,-48,-48
http://irail.be/vehicle/IC3730,http://irail.be/stations/NMBS/008883121,IC,2018-05-15T10:27:00,2018-05-15T10:27:00,-37,-37
http://irail.be/vehicle/IC3730,http://irail.be/stations/NMBS/008881174,IC,2018-05-15T10:29:00,2018-05-15T10:29:00,-74,-74
http://irail.be/vehicle/IC3730,http://irail.be/stations/NMBS/008881166,IC,2018-05-15T10:32:00,2018-05-15T10:31:00,13,-47
http://irail.be/vehicle/IC3730,http://irail.be/stations/NMBS/008881158,IC,2018-05-15T10:35:00,2018-05-15T10:35:00,13,13
http://irail.be/vehicle/IC3730,http://irail.be/stations/NMBS/008881125,IC,2018-05-15T10:37:00,2018-05-15T10:37:00,-67,-67
http://irail.be/vehicle/IC3730,http://irail.be/stations/NMBS/008881000,IC,2018-05-15T10:42:00,2018-05-15T10:42:00,,-89
http://irail.be/vehicle/IC3730,http://irail.be/stations/NMBS/008819406,IC,2018-02-28T09:31:00,2018-02-28T09:31:00,483,
http://irail.be/vehicle/IC3730,http://irail.be/stations/NMBS/008811007,IC,2018-02-28T09:38:00,2018-02-28T09:38:00,520,520
http://irail.be/vehicle/IC3730,http://irail.be/stations/NMBS/008812005,IC,2018-02-28T09:43:00,2018-02-28T09:41:00,477,513
http://irail.be/vehicle/IC3730,http://irail.be/stations/NMBS/008813045,IC,2018-02-28T09:45:00,2018-02-28T09:45:00,477,477
http://irail.be/vehicle/IC3730,http://irail.be/stations/NMBS/008813003,IC,2018-02-28T09:47:00,2018-02-28T09:46:00,510,507
http://irail.be/vehicle/IC3730,http://irail.be/stations/NMBS/008813037,IC,2018-02-28T09:49:00,2018-02-28T09:49:00,510,510
http://irail.be/vehicle/IC3730,http://irail.be/stations/NMBS/008814001,IC,2018-02-28T09:55:00,2018-02-28T09:51:00,409,517
http://irail.be/vehicle/IC3730,http://irail.be/stations/NMBS/008814308,IC,2018-02-28T10:05:00,2018-02-28T10:05:00,302,302
http://irail.be/vehicle/IC3730,http://irail.be/stations/NMBS/008814332,IC,2018-02-28T10:06:00,2018-02-28T10:06:00,361,361
http://irail.be/vehicle/IC3730,http://irail.be/stations/NMBS/008883808,IC,2018-02-28T10:07:00,2018-02-28T10:07:00,686,686
http://irail.be/vehicle/IC3730,http://irail.be/stations/NMBS/008883022,IC,2018-02-28T10:10:00,2018-02-28T10:10:00,687,687
http://irail.be/vehicle/IC3730,NO-URI,IC,2018-02-28T10:10:00,2018-02-28T10:10:00,696,696
http://irail.be/vehicle/IC3730,http://irail.be/stations/NMBS/008883006,IC,2018-02-28T10:17:00,2018-02-28T10:15:00,672,715
http://irail.be/vehicle/IC3730,http://irail.be/stations/NMBS/008883113,IC,2018-02-28T10:23:00,2018-02-28T10:22:00,654,621
http://irail.be/vehicle/IC3730,NO-URI,IC,2018-02-28T10:27:00,2018-02-28T10:27:00,584,584
http://irail.be/vehicle/IC3730,http://irail.be/stations/NMBS/008883121,IC,2018-02-28T10:27:00,2018-02-28T10:27:00,591,591
http://irail.be/vehicle/IC3730,http://irail.be/stations/NMBS/008881174,IC,2018-02-28T10:29:00,2018-02-28T10:29:00,559,559
http://irail.be/vehicle/IC3730,http://irail.be/stations/NMBS/008881166,IC,2018-02-28T10:32:00,2018-02-28T10:31:00,667,665
http://irail.be/vehicle/IC3730,http://irail.be/stations/NMBS/008881158,IC,2018-02-28T10:35:00,2018-02-28T10:35:00,667,667
http://irail.be/vehicle/IC3730,http://irail.be/stations/NMBS/008881125,IC,2018-02-28T10:37:00,2018-02-28T10:37:00,619,619
http://irail.be/vehicle/IC3730,http://irail.be/stations/NMBS/008881000,IC,2018-02-28T10:42:00,2018-02-28T10:42:00,,689
http://irail.be/vehicle/IC3730,http://irail.be/stations/NMBS/008819406,IC,2018-08-17T09:31:00,2018-08-17T09:31:00,7,
http://irail.be/vehicle/IC3730,http://irail.be/stations/NMBS/008811007,IC,2018-08-17T09:38:00,2018-08-17T09:38:00,522,522
http://irail.be/vehicle/IC3730,http://irail.be/stations/NMBS/008812005,IC,2018-08-17T09:43:00,2018-08-17T09:41:00,684,658
http://irail.be/vehicle/IC3730,http://irail.be/stations/NMBS/008813045,IC,2018-08-17T09:45:00,2018-08-17T09:45:00,679,679
http://irail.be/vehicle/IC3730,http://irail.be/stations/NMBS/008813003,IC,2018-08-17T09:47:00,2018-08-17T09:46:00,717,712
http://irail.be/vehicle/IC3730,http://irail.be/stations/NMBS/008813037,IC,2018-08-17T09:49:00,2018-08-17T09:49:00,717,717
http://irail.be/vehicle/IC3730,http://irail.be/stations/NMBS/008814001,IC,2018-08-17T09:55:00,2018-08-17T09:51:00,727,727
http://irail.be/vehicle/IC3730,http://irail.be/stations/NMBS/008814308,IC,2018-08-17T10:05:00,2018-08-17T10:05:00,590,590
http://irail.be/vehicle/IC3730,http://irail.be/stations/NMBS/008814332,IC,2018-08-17T10:06:00,2018-08-17T10:06:00,589,589
http://irail.be/vehicle/IC3730,http://irail.be/stations/NMBS/008883808,IC,2018-08-17T10:07:00,2018-08-17T10:07:00,604,604
http://irail.be/vehicle/IC3730,http://irail.be/stations/NMBS/008883022,IC,2018-08-17T10:10:00,2018-08-17T10:10:00,553,553
http://irail.be/vehicle/IC3730,NO-URI,IC,2018-08-17T10:10:00,2018-08-17T10:10:00,559,559
http://irail.be/vehicle/IC3730,http://irail.be/stations/NMBS/008883006,IC,2018-08-17T10:17:00,2018-08-17T10:15:00,400,499
http://irail.be/vehicle/IC3730,http://irail.be/stations/NMBS/008883113,IC,2018-08-17T10:23:00,2018-08-17T10:22:00,320,318
http://irail.be/vehicle/IC3730,NO-URI,IC,2018-08-17T10:27:00,2018-08-17T10:27:00,240,240
http://irail.be/vehicle/IC3730,http://irail.be/stations/NMBS/008883121,IC,2018-08-17T10:27:00,2018-08-17T10:27:00,248,248
http://irail.be/vehicle/IC3730,http://irail.be/stations/NMBS/008881174,IC,2018-08-17T10:29:00,2018-08-17T10:29:00,212,212
http://irail.be/vehicle/IC3730,http://irail.be/stations/NMBS/008881166,IC,2018-08-17T10:32:00,2018-08-17T10:31:00,376,287
http://irail.be/vehicle/IC3730,http://irail.be/stations/NMBS/008881158,IC,2018-08-17T10:35:00,2018-08-17T10:35:00,376,376
http://irail.be/vehicle/IC3730,http://irail.be/stations/NMBS/008881125,IC,2018-08-17T10:36:00,2018-08-17T10:36:00,357,357
http://irail.be/vehicle/IC3730,http://irail.be/stations/NMBS/008881000,IC,2018-08-17T10:42:00,2018-08-17T10:42:00,,316
http://irail.be/vehicle/IC3730,http://irail.be/stations/NMBS/008819406,IC,2018-03-16T09:31:00,2018-03-16T09:31:00,134,
http://irail.be/vehicle/IC3730,http://irail.be/stations/NMBS/008811007,IC,2018-03-16T09:38:00,2018-03-16T09:38:00,141,141
http://irail.be/vehicle/IC3730,http://irail.be/stations/NMBS/008812005,IC,2018-03-16T09:43:00,2018-03-16T09:41:00,174,193
http://irail.be/vehicle/IC3730,http://irail.be/stations/NMBS/008813045,IC,2018-03-16T09:45:00,2018-03-16T09:45:00,167,167
http://irail.be/vehicle/IC3730,http://irail.be/stations/NMBS/008813003,IC,2018-03-16T09:47:00,2018-03-16T09:46:00,194,193
http://irail.be/vehicle/IC3730,http://irail.be/stations/NMBS/008813037,IC,2018-03-16T09:49:00,2018-03-16T09:49:00,194,194
http://irail.be/vehicle/IC3730,http://irail.be/stations/NMBS/008814001,IC,2018-03-16T09:55:00,2018-03-16T09:51:00,23,196
http://irail.be/vehicle/IC3730,http://irail.be/stations/NMBS/008814308,IC,2018-03-16T10:05:00,2018-03-16T10:05:00,-89,-89
http://irail.be/vehicle/IC3730,http://irail.be/stations/NMBS/008814332,IC,2018-03-16T10:06:00,2018-03-16T10:06:00,-65,-65
http://irail.be/vehicle/IC3730,http://irail.be/stations/NMBS/008883808,IC,2018-03-16T10:07:00,2018-03-16T10:07:00,213,213
http://irail.be/vehicle/IC3730,http://irail.be/stations/NMBS/008883022,IC,2018-03-16T10:10:00,2018-03-16T10:10:00,202,202
http://irail.be/vehicle/IC3730,NO-URI,IC,2018-03-16T10:10:00,2018-03-16T10:10:00,268,268
http://irail.be/vehicle/IC3730,http://irail.be/stations/NMBS/008883006,IC,2018-03-16T10:17:00,2018-03-16T10:15:00,228,315
http://irail.be/vehicle/IC3730,http://irail.be/stations/NMBS/008883113,IC,2018-03-16T10:23:00,2018-03-16T10:22:00,194,195
http://irail.be/vehicle/IC3730,NO-URI,IC,2018-03-16T10:27:00,2018-03-16T10:27:00,114,114
http://irail.be/vehicle/IC3730,http://irail.be/stations/NMBS/008883121,IC,2018-03-16T10:27:00,2018-03-16T10:27:00,122,122
http://irail.be/vehicle/IC3730,http://irail.be/stations/NMBS/008881174,IC,2018-03-16T10:29:00,2018-03-16T10:29:00,81,81
http://irail.be/vehicle/IC3730,http://irail.be/stations/NMBS/008881166,IC,2018-03-16T10:32:00,2018-03-16T10:31:00,108,105
http://irail.be/vehicle/IC3730,http://irail.be/stations/NMBS/008881158,IC,2018-03-16T10:35:00,2018-03-16T10:35:00,108,108
http://irail.be/vehicle/IC3730,http://irail.be/stations/NMBS/008881125,IC,2018-03-16T10:37:00,2018-03-16T10:37:00,28,28
http://irail.be/vehicle/IC3730,http://irail.be/stations/NMBS/008881000,IC,2018-03-16T10:42:00,2018-03-16T10:42:00,,28
http://irail.be/vehicle/IC3730,http://irail.be/stations/NMBS/008819406,IC,2018-08-06T09:31:00,2018-08-06T09:31:00,-3,
http://irail.be/vehicle/IC3730,http://irail.be/stations/NMBS/008811007,IC,2018-08-06T09:38:00,2018-08-06T09:38:00,78,78
http://irail.be/vehicle/IC3730,http://irail.be/stations/NMBS/008812005,IC,2018-08-06T09:43:00,2018-08-06T09:41:00,105,130
http://irail.be/vehicle/IC3730,http://irail.be/stations/NMBS/008813045,IC,2018-08-06T09:45:00,2018-08-06T09:45:00,136,136
http://irail.be/vehicle/IC3730,http://irail.be/stations/NMBS/008813003,IC,2018-08-06T09:47:00,2018-08-06T09:46:00,197,175
http://irail.be/vehicle/IC3730,http://irail.be/stations/NMBS/008813037,IC,2018-08-06T09:49:00,2018-08-06T09:49:00,197,197
http://irail.be/vehicle/IC3730,http://irail.be/stations/NMBS/008814001,IC,2018-08-06T09:55:00,2018-08-06T09:51:00,432,233
http://irail.be/vehicle/IC3730,http://irail.be/stations/NMBS/008814365,IC,2018-08-06T10:01:00,2018-08-06T10:01:00,603,603
http://irail.be/vehicle/IC3730,http://irail.be/stations/NMBS/008814357,IC,2018-08-06T10:03:00,2018-08-06T10:03:00,603,603
http://irail.be/vehicle/IC3730,http://irail.be/stations/NMBS/008814340,IC,2018-08-06T10:04:00,2018-08-06T10:04:00,587,587
http://irail.be/vehicle/IC3730,http://irail.be/stations/NMBS/008814308,IC,2018-08-06T10:05:00,2018-08-06T10:05:00,592,592
http://irail.be/vehicle/IC3730,http://irail.be/stations/NMBS/008814332,IC,2018-08-06T10:06:00,2018-08-06T10:06:00,586,586
http://irail.be/vehicle/IC3730,http://irail.be/stations/NMBS/008883808,IC,2018-08-06T10:07:00,2018-08-06T10:07:00,597,597
http://irail.be/vehicle/IC3730,http://irail.be/stations/NMBS/008883022,IC,2018-08-06T10:10:00,2018-08-06T10:10:00,546,546
http://irail.be/vehicle/IC3730,NO-URI,IC,2018-08-06T10:10:00,2018-08-06T10:10:00,550,550
http://irail.be/vehicle/IC3730,http://irail.be/stations/NMBS/008883006,IC,2018-08-06T10:17:00,2018-08-06T10:15:00,390,489
http://irail.be/vehicle/IC3730,http://irail.be/stations/NMBS/008883113,IC,2018-08-06T10:23:00,2018-08-06T10:22:00,323,306
http://irail.be/vehicle/IC3730,NO-URI,IC,2018-08-06T10:27:00,2018-08-06T10:27:00,245,245
http://irail.be/vehicle/IC3730,http://irail.be/stations/NMBS/008883121,IC,2018-08-06T10:27:00,2018-08-06T10:27:00,256,256
http://irail.be/vehicle/IC3730,http://irail.be/stations/NMBS/008881174,IC,2018-08-06T10:29:00,2018-08-06T10:29:00,218,218
http://irail.be/vehicle/IC3730,http://irail.be/stations/NMBS/008881166,IC,2018-08-06T10:32:00,2018-08-06T10:31:00,244,243
http://irail.be/vehicle/IC3730,http://irail.be/stations/NMBS/008881158,IC,2018-08-06T10:35:00,2018-08-06T10:35:00,244,244
http://irail.be/vehicle/IC3730,http://irail.be/stations/NMBS/008881125,IC,2018-08-06T10:36:00,2018-08-06T10:36:00,324,324
http://irail.be/vehicle/IC3730,http://irail.be/stations/NMBS/008881000,IC,2018-08-06T10:42:00,2018-08-06T10:42:00,,340
http://irail.be/vehicle/IC3730,http://irail.be/stations/NMBS/008819406,IC,2018-06-16T09:31:00,2018-06-16T09:31:00,-23,
http://irail.be/vehicle/IC3730,http://irail.be/stations/NMBS/008811007,IC,2018-06-16T09:38:00,2018-06-16T09:38:00,467,467
http://irail.be/vehicle/IC3730,http://irail.be/stations/NMBS/008812005,IC,2018-06-16T09:43:00,2018-06-16T09:41:00,492,530
http://irail.be/vehicle/IC3730,http://irail.be/stations/NMBS/008813045,IC,2018-06-16T09:45:00,2018-06-16T09:45:00,494,494
http://irail.be/vehicle/IC3730,http://irail.be/stations/NMBS/008813003,IC,2018-06-16T09:47:00,2018-06-16T09:46:00,785,761
http://irail.be/vehicle/IC3730,http://irail.be/stations/NMBS/008813037,IC,2018-06-16T09:49:00,2018-06-16T09:49:00,785,785
http://irail.be/vehicle/IC3730,http://irail.be/stations/NMBS/008814001,IC,2018-06-16T09:55:00,2018-06-16T09:51:00,629,800
http://irail.be/vehicle/IC3730,http://irail.be/stations/NMBS/008814308,IC,2018-06-16T10:04:00,2018-06-16T10:04:00,569,569
http://irail.be/vehicle/IC3730,http://irail.be/stations/NMBS/008814332,IC,2018-06-16T10:05:00,2018-06-16T10:05:00,565,565
http://irail.be/vehicle/IC3730,http://irail.be/stations/NMBS/008883808,IC,2018-06-16T10:07:00,2018-06-16T10:07:00,519,519
http://irail.be/vehicle/IC3730,http://irail.be/stations/NMBS/008883022,IC,2018-06-16T10:09:00,2018-06-16T10:09:00,524,524
http://irail.be/vehicle/IC3730,NO-URI,IC,2018-06-16T10:09:00,2018-06-16T10:09:00,534,534
http://irail.be/vehicle/IC3730,http://irail.be/stations/NMBS/008883006,IC,2018-06-16T10:16:00,2018-06-16T10:14:00,427,476
http://irail.be/vehicle/IC3730,http://irail.be/stations/NMBS/008883113,IC,2018-06-16T10:22:00,2018-06-16T10:21:00,513,454
http://irail.be/vehicle/IC3730,NO-URI,IC,2018-06-16T10:26:00,2018-06-16T10:26:00,509,509
http://irail.be/vehicle/IC3730,http://irail.be/stations/NMBS/008883121,IC,2018-06-16T10:26:00,2018-06-16T10:26:00,558,558
http://irail.be/vehicle/IC3730,http://irail.be/stations/NMBS/008881174,IC,2018-06-16T10:27:00,2018-06-16T10:27:00,615,615
http://irail.be/vehicle/IC3730,http://irail.be/stations/NMBS/008881166,IC,2018-06-16T10:31:00,2018-06-16T10:30:00,698,683
http://irail.be/vehicle/IC3730,http://irail.be/stations/NMBS/008881158,IC,2018-06-16T10:34:00,2018-06-16T10:34:00,705,705
http://irail.be/vehicle/IC3730,http://irail.be/stations/NMBS/008881125,IC,2018-06-16T10:35:00,2018-06-16T10:35:00,778,778
http://irail.be/vehicle/IC3730,http://irail.be/stations/NMBS/008881000,IC,2018-06-16T10:40:00,2018-06-16T10:40:00,,716
http://irail.be/vehicle/IC3730,http://irail.be/stations/NMBS/008819406,IC,2018-06-24T09:31:00,2018-06-24T09:31:00,347,
http://irail.be/vehicle/IC3730,http://irail.be/stations/NMBS/008811007,IC,2018-06-24T09:38:00,2018-06-24T09:38:00,346,346
http://irail.be/vehicle/IC3730,http://irail.be/stations/NMBS/008812005,IC,2018-06-24T09:43:00,2018-06-24T09:41:00,281,342
http://irail.be/vehicle/IC3730,http://irail.be/stations/NMBS/008813045,IC,2018-06-24T09:45:00,2018-06-24T09:45:00,276,276
http://irail.be/vehicle/IC3730,http://irail.be/stations/NMBS/008813003,IC,2018-06-24T09:47:00,2018-06-24T09:46:00,342,303
http://irail.be/vehicle/IC3730,http://irail.be/stations/NMBS/008813037,IC,2018-06-24T09:48:00,2018-06-24T09:48:00,342,342
http://irail.be/vehicle/IC3730,http://irail.be/stations/NMBS/008814001,IC,2018-06-24T09:55:00,2018-06-24T09:51:00,299,337
http://irail.be/vehicle/IC3730,http://irail.be/stations/NMBS/008814373,IC,2018-06-24T09:59:00,2018-06-24T09:59:00,293,293
http://irail.be/vehicle/IC3730,http://irail.be/stations/NMBS/008814365,IC,2018-06-24T09:59:00,2018-06-24T09:59:00,383,383
http://irail.be/vehicle/IC3730,http://irail.be/stations/NMBS/008814357,IC,2018-06-24T10:02:00,2018-06-24T10:02:00,383,383
http://irail.be/vehicle/IC3730,http://irail.be/stations/NMBS/008814340,IC,2018-06-24T10:03:00,2018-06-24T10:03:00,366,366
http://irail.be/vehicle/IC3730,http://irail.be/stations/NMBS/008814308,IC,2018-06-24T10:05:00,2018-06-24T10:04:00,414,398
http://irail.be/vehicle/IC3730,http://irail.be/stations/NMBS/008814332,IC,2018-06-24T10:07:00,2018-06-24T10:07:00,414,414
http://irail.be/vehicle/IC3730,http://irail.be/stations/NMBS/008883808,IC,2018-06-24T10:08:00,2018-06-24T10:08:00,425,425
http://irail.be/vehicle/IC3730,http://irail.be/stations/NMBS/008883022,IC,2018-06-24T10:11:00,2018-06-24T10:11:00,372,372
http://irail.be/vehicle/IC3730,NO-URI,IC,2018-06-24T10:11:00,2018-06-24T10:11:00,378,378
http://irail.be/vehicle/IC3730,http://irail.be/stations/NMBS/008883006,IC,2018-06-24T10:18:00,2018-06-24T10:16:00,204,318
http://irail.be/vehicle/IC3730,http://irail.be/stations/NMBS/008883113,IC,2018-06-24T10:24:00,2018-06-24T10:23:00,144,119
http://irail.be/vehicle/IC3730,NO-URI,IC,2018-06-24T10:27:00,2018-06-24T10:27:00,112,112
http://irail.be/vehicle/IC3730,http://irail.be/stations/NMBS/008883121,IC,2018-06-24T10:27:00,2018-06-24T10:27:00,127,127
http://irail.be/vehicle/IC3730,http://irail.be/stations/NMBS/008881174,IC,2018-06-24T10:29:00,2018-06-24T10:29:00,86,86
http://irail.be/vehicle/IC3730,http://irail.be/stations/NMBS/008881166,IC,2018-06-24T10:33:00,2018-06-24T10:32:00,297,196
http://irail.be/vehicle/IC3730,http://irail.be/stations/NMBS/008881158,IC,2018-06-24T10:35:00,2018-06-24T10:35:00,297,297
http://irail.be/vehicle/IC3730,http://irail.be/stations/NMBS/008881125,IC,2018-06-24T10:37:00,2018-06-24T10:37:00,286,286
http://irail.be/vehicle/IC3730,http://irail.be/stations/NMBS/008881000,IC,2018-06-24T10:42:00,2018-06-24T10:42:00,,303
http://irail.be/vehicle/IC3730,http://irail.be/stations/NMBS/008819406,IC,2018-04-22T09:31:00,2018-04-22T09:31:00,-27,
http://irail.be/vehicle/IC3730,http://irail.be/stations/NMBS/008811007,IC,2018-04-22T09:38:00,2018-04-22T09:38:00,-8,-8
http://irail.be/vehicle/IC3730,http://irail.be/stations/NMBS/008812005,IC,2018-04-22T09:43:00,2018-04-22T09:41:00,18,-8
http://irail.be/vehicle/IC3730,http://irail.be/stations/NMBS/008813045,IC,2018-04-22T09:45:00,2018-04-22T09:45:00,36,36
http://irail.be/vehicle/IC3730,http://irail.be/stations/NMBS/008813003,IC,2018-04-22T09:47:00,2018-04-22T09:46:00,204,181
http://irail.be/vehicle/IC3730,http://irail.be/stations/NMBS/008813037,IC,2018-04-22T09:49:00,2018-04-22T09:49:00,204,204
http://irail.be/vehicle/IC3730,http://irail.be/stations/NMBS/008814001,IC,2018-04-22T09:55:00,2018-04-22T09:51:00,154,216
http://irail.be/vehicle/IC3730,http://irail.be/stations/NMBS/008814365,IC,2018-04-22T10:00:00,2018-04-22T10:00:00,159,159
http://irail.be/vehicle/IC3730,http://irail.be/stations/NMBS/008814357,IC,2018-04-22T10:02:00,2018-04-22T10:02:00,159,159
http://irail.be/vehicle/IC3730,http://irail.be/stations/NMBS/008814340,IC,2018-04-22T10:03:00,2018-04-22T10:03:00,145,145
http://irail.be/vehicle/IC3730,http://irail.be/stations/NMBS/008814308,IC,2018-04-22T10:04:00,2018-04-22T10:04:00,154,154
http://irail.be/vehicle/IC3730,http://irail.be/stations/NMBS/008814332,IC,2018-04-22T10:05:00,2018-04-22T10:05:00,147,147
http://irail.be/vehicle/IC3730,http://irail.be/stations/NMBS/008883808,IC,2018-04-22T10:07:00,2018-04-22T10:07:00,103,103
http://irail.be/vehicle/IC3730,http://irail.be/stations/NMBS/008883022,IC,2018-04-22T10:09:00,2018-04-22T10:09:00,107,107
http://irail.be/vehicle/IC3730,NO-URI,IC,2018-04-22T10:09:00,2018-04-22T10:09:00,119,119
http://irail.be/vehicle/IC3730,http://irail.be/stations/NMBS/008883006,IC,2018-04-22T10:16:00,2018-04-22T10:14:00,63,64
http://irail.be/vehicle/IC3730,http://irail.be/stations/NMBS/008883113,IC,2018-04-22T10:22:00,2018-04-22T10:21:00,54,30
http://irail.be/vehicle/IC3730,NO-URI,IC,2018-04-22T10:26:00,2018-04-22T10:26:00,24,24
http://irail.be/vehicle/IC3730,http://irail.be/stations/NMBS/008883121,IC,2018-04-22T10:26:00,2018-04-22T10:26:00,41,41
http://irail.be/vehicle/IC3730,http://irail.be/stations/NMBS/008881174,IC,2018-04-22T10:27:00,2018-04-22T10:27:00,141,141
http://irail.be/vehicle/IC3730,http://irail.be/stations/NMBS/008881166,IC,2018-04-22T10:31:00,2018-04-22T10:30:00,146,136
http://irail.be/vehicle/IC3730,http://irail.be/stations/NMBS/008881158,IC,2018-04-22T10:34:00,2018-04-22T10:34:00,146,146
http://irail.be/vehicle/IC3730,http://irail.be/stations/NMBS/008881125,IC,2018-04-22T10:35:00,2018-04-22T10:35:00,143,143
http://irail.be/vehicle/IC3730,http://irail.be/stations/NMBS/008881000,IC,2018-04-22T10:40:00,2018-04-22T10:40:00,,125
http://irail.be/vehicle/IC3730,http://irail.be/stations/NMBS/008819406,IC,2018-02-10T09:31:00,2018-02-10T09:31:00,179,
http://irail.be/vehicle/IC3730,http://irail.be/stations/NMBS/008811007,IC,2018-02-10T09:38:00,2018-02-10T09:38:00,189,189
http://irail.be/vehicle/IC3730,http://irail.be/stations/NMBS/008812005,IC,2018-02-10T09:43:00,2018-02-10T09:41:00,209,215
http://irail.be/vehicle/IC3730,http://irail.be/stations/NMBS/008813045,IC,2018-02-10T09:45:00,2018-02-10T09:45:00,209,209
http://irail.be/vehicle/IC3730,http://irail.be/stations/NMBS/008813003,IC,2018-02-10T09:47:00,2018-02-10T09:46:00,348,333
http://irail.be/vehicle/IC3730,http://irail.be/stations/NMBS/008813037,IC,2018-02-10T09:49:00,2018-02-10T09:49:00,348,348
http://irail.be/vehicle/IC3730,http://irail.be/stations/NMBS/008814001,IC,2018-02-10T09:55:00,2018-02-10T09:51:00,236,351
http://irail.be/vehicle/IC3730,http://irail.be/stations/NMBS/008814365,IC,2018-02-10T10:00:00,2018-02-10T10:00:00,241,241
http://irail.be/vehicle/IC3730,http://irail.be/stations/NMBS/008814357,IC,2018-02-10T10:02:00,2018-02-10T10:02:00,241,241
http://irail.be/vehicle/IC3730,http://irail.be/stations/NMBS/008814340,IC,2018-02-10T10:03:00,2018-02-10T10:03:00,224,224
http://irail.be/vehicle/IC3730,http://irail.be/stations/NMBS/008814308,IC,2018-02-10T10:04:00,2018-02-10T10:04:00,230,230
http://irail.be/vehicle/IC3730,http://irail.be/stations/NMBS/008814332,IC,2018-02-10T10:05:00,2018-02-10T10:05:00,222,222
http://irail.be/vehicle/IC3730,http://irail.be/stations/NMBS/008883808,IC,2018-02-10T10:07:00,2018-02-10T10:07:00,178,178
http://irail.be/vehicle/IC3730,http://irail.be/stations/NMBS/008883022,IC,2018-02-10T10:09:00,2018-02-10T10:09:00,186,186
http://irail.be/vehicle/IC3730,NO-URI,IC,2018-02-10T10:09:00,2018-02-10T10:09:00,196,196
http://irail.be/vehicle/IC3730,http://irail.be/stations/NMBS/008883006,IC,2018-02-10T10:16:00,2018-02-10T10:14:00,33,99
http://irail.be/vehicle/IC3730,http://irail.be/stations/NMBS/008883113,IC,2018-02-10T10:22:00,2018-02-10T10:21:00,33,-12
http://irail.be/vehicle/IC3730,NO-URI,IC,2018-02-10T10:26:00,2018-02-10T10:26:00,26,26
http://irail.be/vehicle/IC3730,http://irail.be/stations/NMBS/008883121,IC,2018-02-10T10:26:00,2018-02-10T10:26:00,61,61
http://irail.be/vehicle/IC3730,http://irail.be/stations/NMBS/008881174,IC,2018-02-10T10:27:00,2018-02-10T10:27:00,105,105
http://irail.be/vehicle/IC3730,http://irail.be/stations/NMBS/008881166,IC,2018-02-10T10:31:00,2018-02-10T10:30:00,132,144
http://irail.be/vehicle/IC3730,http://irail.be/stations/NMBS/008881158,IC,2018-02-10T10:34:00,2018-02-10T10:34:00,132,132
http://irail.be/vehicle/IC3730,http://irail.be/stations/NMBS/008881125,IC,2018-02-10T10:35:00,2018-02-10T10:35:00,204,204
http://irail.be/vehicle/IC3730,http://irail.be/stations/NMBS/008881000,IC,2018-02-10T10:40:00,2018-02-10T10:40:00,,169
http://irail.be/vehicle/IC3730,http://irail.be/stations/NMBS/008819406,IC,2018-12-13T09:30:00,2018-12-13T09:30:00,289,
http://irail.be/vehicle/IC3730,http://irail.be/stations/NMBS/008811007,IC,2018-12-13T09:37:00,2018-12-13T09:37:00,381,381
http://irail.be/vehicle/IC3730,http://irail.be/stations/NMBS/008812005,IC,2018-12-13T09:43:00,2018-12-13T09:41:00,344,438
http://irail.be/vehicle/IC3730,http://irail.be/stations/NMBS/008813045,IC,2018-12-13T09:45:00,2018-12-13T09:45:00,335,335
http://irail.be/vehicle/IC3730,http://irail.be/stations/NMBS/008813003,IC,2018-12-13T09:48:00,2018-12-13T09:47:00,318,345
http://irail.be/vehicle/IC3730,http://irail.be/stations/NMBS/008813037,IC,2018-12-13T09:50:00,2018-12-13T09:50:00,318,318
http://irail.be/vehicle/IC3730,http://irail.be/stations/NMBS/008814001,IC,2018-12-13T09:56:00,2018-12-13T09:52:00,186,321
http://irail.be/vehicle/IC3730,http://irail.be/stations/NMBS/008814365,IC,2018-12-13T10:01:00,2018-12-13T10:01:00,205,205
http://irail.be/vehicle/IC3730,http://irail.be/stations/NMBS/008814357,IC,2018-12-13T10:03:00,2018-12-13T10:03:00,205,205
http://irail.be/vehicle/IC3730,http://irail.be/stations/NMBS/008814340,IC,2018-12-13T10:04:00,2018-12-13T10:04:00,190,190
http://irail.be/vehicle/IC3730,http://irail.be/stations/NMBS/008814308,IC,2018-12-13T10:05:00,2018-12-13T10:05:00,199,199
http://irail.be/vehicle/IC3730,http://irail.be/stations/NMBS/008814332,IC,2018-12-13T10:06:00,2018-12-13T10:06:00,190,190
http://irail.be/vehicle/IC3730,http://irail.be/stations/NMBS/008883808,IC,2018-12-13T10:08:00,2018-12-13T10:08:00,140,140
http://irail.be/vehicle/IC3730,http://irail.be/stations/NMBS/008883022,IC,2018-12-13T10:10:00,2018-12-13T10:10:00,147,147
http://irail.be/vehicle/IC3730,NO-URI,IC,2018-12-13T10:11:00,2018-12-13T10:11:00,99,99
http://irail.be/vehicle/IC3730,http://irail.be/stations/NMBS/008883006,IC,2018-12-13T10:18:00,2018-12-13T10:16:00,46,4
http://irail.be/vehicle/IC3730,http://irail.be/stations/NMBS/008883113,IC,2018-12-13T10:24:00,2018-12-13T10:23:00,47,-15
http://irail.be/vehicle/IC3730,NO-URI,IC,2018-12-13T10:27:00,2018-12-13T10:27:00,29,29
http://irail.be/vehicle/IC3730,http://irail.be/stations/NMBS/008883121,IC,2018-12-13T10:28:00,2018-12-13T10:28:00,17,17
http://irail.be/vehicle/IC3730,http://irail.be/stations/NMBS/008881174,IC,2018-12-13T10:29:00,2018-12-13T10:29:00,2,2
http://irail.be/vehicle/IC3730,http://irail.be/stations/NMBS/008881166,IC,2018-12-13T10:33:00,2018-12-13T10:32:00,11,-12
http://irail.be/vehicle/IC3730,http://irail.be/stations/NMBS/008881158,IC,2018-12-13T10:36:00,2018-12-13T10:36:00,11,11
http://irail.be/vehicle/IC3730,http://irail.be/stations/NMBS/008881125,IC,2018-12-13T10:37:00,2018-12-13T10:37:00,2,2
http://irail.be/vehicle/IC3730,http://irail.be/stations/NMBS/008881000,IC,2018-12-13T10:43:00,2018-12-13T10:43:00,,-154
http://irail.be/vehicle/IC3730,http://irail.be/stations/NMBS/008819406,IC,2018-10-09T09:31:00,2018-10-09T09:31:00,492,
http://irail.be/vehicle/IC3730,http://irail.be/stations/NMBS/008811007,IC,2018-10-09T09:38:00,2018-10-09T09:38:00,495,495
http://irail.be/vehicle/IC3730,http://irail.be/stations/NMBS/008812005,IC,2018-10-09T09:43:00,2018-10-09T09:41:00,432,488
http://irail.be/vehicle/IC3730,http://irail.be/stations/NMBS/008813045,IC,2018-10-09T09:45:00,2018-10-09T09:45:00,427,427
http://irail.be/vehicle/IC3730,http://irail.be/stations/NMBS/008813003,IC,2018-10-09T09:47:00,2018-10-09T09:46:00,473,456
http://irail.be/vehicle/IC3730,http://irail.be/stations/NMBS/008813037,IC,2018-10-09T09:49:00,2018-10-09T09:49:00,473,473
http://irail.be/vehicle/IC3730,http://irail.be/stations/NMBS/008814001,IC,2018-10-09T09:55:00,2018-10-09T09:51:00,319,501
http://irail.be/vehicle/IC3730,http://irail.be/stations/NMBS/008814365,IC,2018-10-09T10:01:00,2018-10-09T10:01:00,241,241
http://irail.be/vehicle/IC3730,http://irail.be/stations/NMBS/008814357,IC,2018-10-09T10:03:00,2018-10-09T10:03:00,241,241
http://irail.be/vehicle/IC3730,http://irail.be/stations/NMBS/008814340,IC,2018-10-09T10:04:00,2018-10-09T10:04:00,259,259
http://irail.be/vehicle/IC3730,http://irail.be/stations/NMBS/008814308,IC,2018-10-09T10:05:00,2018-10-09T10:05:00,293,293
http://irail.be/vehicle/IC3730,http://irail.be/stations/NMBS/008814332,IC,2018-10-09T10:06:00,2018-10-09T10:06:00,285,285
http://irail.be/vehicle/IC3730,http://irail.be/stations/NMBS/008883808,IC,2018-10-09T10:07:00,2018-10-09T10:07:00,486,486
http://irail.be/vehicle/IC3730,http://irail.be/stations/NMBS/008883022,IC,2018-10-09T10:10:00,2018-10-09T10:10:00,470,470
http://irail.be/vehicle/IC3730,NO-URI,IC,2018-10-09T10:10:00,2018-10-09T10:10:00,518,518
http://irail.be/vehicle/IC3730,http://irail.be/stations/NMBS/008883006,IC,2018-10-09T10:17:00,2018-10-09T10:15:00,418,503
http://irail.be/vehicle/IC3730,http://irail.be/stations/NMBS/008883113,IC,2018-10-09T10:23:00,2018-10-09T10:22:00,358,339
http://irail.be/vehicle/IC3730,NO-URI,IC,2018-10-09T10:27:00,2018-10-09T10:27:00,288,288
http://irail.be/vehicle/IC3730,http://irail.be/stations/NMBS/008883121,IC,2018-10-09T10:27:00,2018-10-09T10:27:00,299,299
http://irail.be/vehicle/IC3730,http://irail.be/stations/NMBS/008881174,IC,2018-10-09T10:29:00,2018-10-09T10:29:00,261,261
http://irail.be/vehicle/IC3730,http://irail.be/stations/NMBS/008881166,IC,2018-10-09T10:32:00,2018-10-09T10:31:00,381,290
http://irail.be/vehicle/IC3730,http://irail.be/stations/NMBS/008881158,IC,2018-10-09T10:34:00,2018-10-09T10:34:00,381,381
http://irail.be/vehicle/IC3730,http://irail.be/stations/NMBS/008881125,IC,2018-10-09T10:36:00,2018-10-09T10:36:00,339,339
http://irail.be/vehicle/IC3730,http://irail.be/stations/NMBS/008881000,IC,2018-10-09T10:42:00,2018-10-09T10:42:00,,206
http://irail.be/vehicle/IC3730,http://irail.be/stations/NMBS/008819406,IC,2018-03-13T09:31:00,2018-03-13T09:31:00,68,
http://irail.be/vehicle/IC3730,http://irail.be/stations/NMBS/008811007,IC,2018-03-13T09:38:00,2018-03-13T09:38:00,64,64
http://irail.be/vehicle/IC3730,http://irail.be/stations/NMBS/008812005,IC,2018-03-13T09:43:00,2018-03-13T09:41:00,72,92
http://irail.be/vehicle/IC3730,http://irail.be/stations/NMBS/008813045,IC,2018-03-13T09:45:00,2018-03-13T09:45:00,66,66
http://irail.be/vehicle/IC3730,http://irail.be/stations/NMBS/008813003,IC,2018-03-13T09:47:00,2018-03-13T09:46:00,93,94
http://irail.be/vehicle/IC3730,http://irail.be/stations/NMBS/008813037,IC,2018-03-13T09:49:00,2018-03-13T09:49:00,93,93
http://irail.be/vehicle/IC3730,http://irail.be/stations/NMBS/008814001,IC,2018-03-13T09:55:00,2018-03-13T09:51:00,32,96
http://irail.be/vehicle/IC3730,http://irail.be/stations/NMBS/008814365,IC,2018-03-13T10:01:00,2018-03-13T10:01:00,61,61
http://irail.be/vehicle/IC3730,http://irail.be/stations/NMBS/008814357,IC,2018-03-13T10:03:00,2018-03-13T10:03:00,61,61
http://irail.be/vehicle/IC3730,http://irail.be/stations/NMBS/008814340,IC,2018-03-13T10:04:00,2018-03-13T10:04:00,46,46
http://irail.be/vehicle/IC3730,http://irail.be/stations/NMBS/008814308,IC,2018-03-13T10:05:00,2018-03-13T10:05:00,53,53
http://irail.be/vehicle/IC3730,http://irail.be/stations/NMBS/008814332,IC,2018-03-13T10:06:00,2018-03-13T10:06:00,48,48
http://irail.be/vehicle/IC3730,http://irail.be/stations/NMBS/008883808,IC,2018-03-13T10:07:00,2018-03-13T10:07:00,62,62
http://irail.be/vehicle/IC3730,http://irail.be/stations/NMBS/008883022,IC,2018-03-13T10:10:00,2018-03-13T10:10:00,10,10
http://irail.be/vehicle/IC3730,NO-URI,IC,2018-03-13T10:10:00,2018-03-13T10:10:00,17,17
http://irail.be/vehicle/IC3730,http://irail.be/stations/NMBS/008883006,IC,2018-03-13T10:17:00,2018-03-13T10:15:00,81,114
http://irail.be/vehicle/IC3730,http://irail.be/stations/NMBS/008883113,IC,2018-03-13T10:23:00,2018-03-13T10:22:00,52,41
http://irail.be/vehicle/IC3730,NO-URI,IC,2018-03-13T10:27:00,2018-03-13T10:27:00,-24,-24
http://irail.be/vehicle/IC3730,http://irail.be/stations/NMBS/008883121,IC,2018-03-13T10:27:00,2018-03-13T10:27:00,-13,-13
http://irail.be/vehicle/IC3730,http://irail.be/stations/NMBS/008881174,IC,2018-03-13T10:29:00,2018-03-13T10:29:00,-52,-52
http://irail.be/vehicle/IC3730,http://irail.be/stations/NMBS/008881166,IC,2018-03-13T10:32:00,2018-03-13T10:31:00,-50,-27
http://irail.be/vehicle/IC3730,http://irail.be/stations/NMBS/008881158,IC,2018-03-13T10:35:00,2018-03-13T10:35:00,-50,-50
http://irail.be/vehicle/IC3730,http://irail.be/stations/NMBS/008881125,IC,2018-03-13T10:37:00,2018-03-13T10:37:00,-125,-125
http://irail.be/vehicle/IC3730,http://irail.be/stations/NMBS/008881000,IC,2018-03-13T10:42:00,2018-03-13T10:42:00,,47
http://irail.be/vehicle/IC3730,http://irail.be/stations/NMBS/008819406,IC,2018-12-03T09:31:00,2018-12-03T09:31:00,136,
http://irail.be/vehicle/IC3730,http://irail.be/stations/NMBS/008811007,IC,2018-12-03T09:38:00,2018-12-03T09:38:00,282,282
http://irail.be/vehicle/IC3730,http://irail.be/stations/NMBS/008812005,IC,2018-12-03T09:43:00,2018-12-03T09:41:00,255,305
http://irail.be/vehicle/IC3730,http://irail.be/stations/NMBS/008813045,IC,2018-12-03T09:45:00,2018-12-03T09:45:00,263,263
http://irail.be/vehicle/IC3730,http://irail.be/stations/NMBS/008813003,IC,2018-12-03T09:47:00,2018-12-03T09:46:00,298,288
http://irail.be/vehicle/IC3730,http://irail.be/stations/NMBS/008813037,IC,2018-12-03T09:49:00,2018-12-03T09:49:00,298,298
http://irail.be/vehicle/IC3730,http://irail.be/stations/NMBS/008814001,IC,2018-12-03T09:55:00,2018-12-03T09:51:00,280,313
http://irail.be/vehicle/IC3730,http://irail.be/stations/NMBS/008814308,IC,2018-12-03T10:05:00,2018-12-03T10:05:00,150,150
http://irail.be/vehicle/IC3730,http://irail.be/stations/NMBS/008814332,IC,2018-12-03T10:06:00,2018-12-03T10:06:00,153,153
http://irail.be/vehicle/IC3730,http://irail.be/stations/NMBS/008883808,IC,2018-12-03T10:07:00,2018-12-03T10:07:00,164,164
http://irail.be/vehicle/IC3730,http://irail.be/stations/NMBS/008883022,IC,2018-12-03T10:10:00,2018-12-03T10:10:00,111,111
http://irail.be/vehicle/IC3730,NO-URI,IC,2018-12-03T10:10:00,2018-12-03T10:10:00,127,127
http://irail.be/vehicle/IC3730,http://irail.be/stations/NMBS/008883006,IC,2018-12-03T10:17:00,2018-12-03T10:15:00,271,288
http://irail.be/vehicle/IC3730,http://irail.be/stations/NMBS/008883113,IC,2018-12-03T10:23:00,2018-12-03T10:22:00,249,226
http://irail.be/vehicle/IC3730,NO-URI,IC,2018-12-03T10:27:00,2018-12-03T10:27:00,197,197
http://irail.be/vehicle/IC3730,http://irail.be/stations/NMBS/008883121,IC,2018-12-03T10:27:00,2018-12-03T10:27:00,205,205
http://irail.be/vehicle/IC3730,http://irail.be/stations/NMBS/008881174,IC,2018-12-03T10:29:00,2018-12-03T10:29:00,164,164
http://irail.be/vehicle/IC3730,http://irail.be/stations/NMBS/008881166,IC,2018-12-03T10:32:00,2018-12-03T10:31:00,208,190
http://irail.be/vehicle/IC3730,http://irail.be/stations/NMBS/008881158,IC,2018-12-03T10:34:00,2018-12-03T10:34:00,208,208
http://irail.be/vehicle/IC3730,http://irail.be/stations/NMBS/008881125,IC,2018-12-03T10:36:00,2018-12-03T10:36:00,180,180
http://irail.be/vehicle/IC3730,http://irail.be/stations/NMBS/008881000,IC,2018-12-03T10:42:00,2018-12-03T10:42:00,,26
http://irail.be/vehicle/IC3730,http://irail.be/stations/NMBS/008819406,IC,2018-06-02T09:31:00,2018-06-02T09:31:00,100,
http://irail.be/vehicle/IC3730,http://irail.be/stations/NMBS/008811007,IC,2018-06-02T09:38:00,2018-06-02T09:38:00,86,86
http://irail.be/vehicle/IC3730,http://irail.be/stations/NMBS/008812005,IC,2018-06-02T09:43:00,2018-06-02T09:41:00,90,120
http://irail.be/vehicle/IC3730,http://irail.be/stations/NMBS/008813045,IC,2018-06-02T09:45:00,2018-06-02T09:45:00,88,88
http://irail.be/vehicle/IC3730,http://irail.be/stations/NMBS/008813003,IC,2018-06-02T09:47:00,2018-06-02T09:46:00,290,262
http://irail.be/vehicle/IC3730,http://irail.be/stations/NMBS/008813037,IC,2018-06-02T09:48:00,2018-06-02T09:48:00,284,284
http://irail.be/vehicle/IC3730,http://irail.be/stations/NMBS/008814001,IC,2018-06-02T09:55:00,2018-06-02T09:51:00,225,359
http://irail.be/vehicle/IC3730,http://irail.be/stations/NMBS/008814365,IC,2018-06-02T10:00:00,2018-06-02T10:00:00,211,211
http://irail.be/vehicle/IC3730,http://irail.be/stations/NMBS/008814357,IC,2018-06-02T10:02:00,2018-06-02T10:02:00,211,211
http://irail.be/vehicle/IC3730,http://irail.be/stations/NMBS/008814340,IC,2018-06-02T10:03:00,2018-06-02T10:03:00,194,194
http://irail.be/vehicle/IC3730,http://irail.be/stations/NMBS/008814308,IC,2018-06-02T10:04:00,2018-06-02T10:04:00,198,198
http://irail.be/vehicle/IC3730,http://irail.be/stations/NMBS/008814332,IC,2018-06-02T10:05:00,2018-06-02T10:05:00,190,190
http://irail.be/vehicle/IC3730,http://irail.be/stations/NMBS/008883808,IC,2018-06-02T10:07:00,2018-06-02T10:07:00,140,140
http://irail.be/vehicle/IC3730,http://irail.be/stations/NMBS/008883022,IC,2018-06-02T10:09:00,2018-06-02T10:09:00,139,139
http://irail.be/vehicle/IC3730,NO-URI,IC,2018-06-02T10:09:00,2018-06-02T10:09:00,147,147
http://irail.be/vehicle/IC3730,http://irail.be/stations/NMBS/008883006,IC,2018-06-02T10:16:00,2018-06-02T10:14:00,40,81
http://irail.be/vehicle/IC3730,http://irail.be/stations/NMBS/008883113,IC,2018-06-02T10:22:00,2018-06-02T10:21:00,57,32
http://irail.be/vehicle/IC3730,NO-URI,IC,2018-06-02T10:26:00,2018-06-02T10:26:00,13,13
http://irail.be/vehicle/IC3730,http://irail.be/stations/NMBS/008883121,IC,2018-06-02T10:26:00,2018-06-02T10:26:00,23,23
http://irail.be/vehicle/IC3730,http://irail.be/stations/NMBS/008881174,IC,2018-06-02T10:27:00,2018-06-02T10:27:00,44,44
http://irail.be/vehicle/IC3730,http://irail.be/stations/NMBS/008881166,IC,2018-06-02T10:31:00,2018-06-02T10:30:00,131,81
http://irail.be/vehicle/IC3730,http://irail.be/stations/NMBS/008881158,IC,2018-06-02T10:33:00,2018-06-02T10:33:00,198,198
http://irail.be/vehicle/IC3730,http://irail.be/stations/NMBS/008881125,IC,2018-06-02T10:35:00,2018-06-02T10:35:00,202,202
http://irail.be/vehicle/IC3730,http://irail.be/stations/NMBS/008881000,IC,2018-06-02T10:40:00,2018-06-02T10:40:00,,169
http://irail.be/vehicle/IC3730,http://irail.be/stations/NMBS/008819406,IC,2018-07-13T09:31:00,2018-07-13T09:31:00,3,
http://irail.be/vehicle/IC3730,http://irail.be/stations/NMBS/008811007,IC,2018-07-13T09:38:00,2018-07-13T09:38:00,-4,-4
http://irail.be/vehicle/IC3730,http://irail.be/stations/NMBS/008812005,IC,2018-07-13T09:43:00,2018-07-13T09:41:00,-8,20
http://irail.be/vehicle/IC3730,http://irail.be/stations/NMBS/008813045,IC,2018-07-13T09:45:00,2018-07-13T09:45:00,-7,-7
http://irail.be/vehicle/IC3730,http://irail.be/stations/NMBS/008813003,IC,2018-07-13T09:47:00,2018-07-13T09:46:00,6,19
http://irail.be/vehicle/IC3730,http://irail.be/stations/NMBS/008813037,IC,2018-07-13T09:49:00,2018-07-13T09:49:00,6,6
http://irail.be/vehicle/IC3730,http://irail.be/stations/NMBS/008814001,IC,2018-07-13T09:55:00,2018-07-13T09:51:00,75,0
http://irail.be/vehicle/IC3730,http://irail.be/stations/NMBS/008814308,IC,2018-07-13T10:05:00,2018-07-13T10:05:00,-28,-28
http://irail.be/vehicle/IC3730,http://irail.be/stations/NMBS/008814332,IC,2018-07-13T10:06:00,2018-07-13T10:06:00,-23,-23
http://irail.be/vehicle/IC3730,http://irail.be/stations/NMBS/008883808,IC,2018-07-13T10:07:00,2018-07-13T10:07:00,-3,-3
http://irail.be/vehicle/IC3730,http://irail.be/stations/NMBS/008883022,IC,2018-07-13T10:10:00,2018-07-13T10:10:00,-57,-57
http://irail.be/vehicle/IC3730,NO-URI,IC,2018-07-13T10:10:00,2018-07-13T10:10:00,-52,-52
http://irail.be/vehicle/IC3730,http://irail.be/stations/NMBS/008883006,IC,2018-07-13T10:17:00,2018-07-13T10:15:00,59,-74
http://irail.be/vehicle/IC3730,http://irail.be/stations/NMBS/008883113,IC,2018-07-13T10:23:00,2018-07-13T10:22:00,3,-20
http://irail.be/vehicle/IC3730,NO-URI,IC,2018-07-13T10:27:00,2018-07-13T10:27:00,6,6
http://irail.be/vehicle/IC3730,http://irail.be/stations/NMBS/008883121,IC,2018-07-13T10:27:00,2018-07-13T10:27:00,46,46
http://irail.be/vehicle/IC3730,http://irail.be/stations/NMBS/008881174,IC,2018-07-13T10:29:00,2018-07-13T10:29:00,41,41
http://irail.be/vehicle/IC3730,http://irail.be/stations/NMBS/008881166,IC,2018-07-13T10:32:00,2018-07-13T10:31:00,74,70
http://irail.be/vehicle/IC3730,http://irail.be/stations/NMBS/008881158,IC,2018-07-13T10:35:00,2018-07-13T10:35:00,74,74
http://irail.be/vehicle/IC3730,http://irail.be/stations/NMBS/008881125,IC,2018-07-13T10:36:00,2018-07-13T10:36:00,54,54
http://irail.be/vehicle/IC3730,http://irail.be/stations/NMBS/008881000,IC,2018-07-13T10:42:00,2018-07-13T10:42:00,,115
http://irail.be/vehicle/IC3730,http://irail.be/stations/NMBS/008819406,IC,2018-01-05T09:31:00,2018-01-05T09:31:00,12,
http://irail.be/vehicle/IC3730,http://irail.be/stations/NMBS/008811007,IC,2018-01-05T09:38:00,2018-01-05T09:38:00,26,26
http://irail.be/vehicle/IC3730,http://irail.be/stations/NMBS/008812005,IC,2018-01-05T09:43:00,2018-01-05T09:41:00,0,33
http://irail.be/vehicle/IC3730,http://irail.be/stations/NMBS/008813045,IC,2018-01-05T09:45:00,2018-01-05T09:45:00,-8,-8
http://irail.be/vehicle/IC3730,http://irail.be/stations/NMBS/008813003,IC,2018-01-05T09:47:00,2018-01-05T09:46:00,13,17
http://irail.be/vehicle/IC3730,http://irail.be/stations/NMBS/008813037,IC,2018-01-05T09:49:00,2018-01-05T09:49:00,13,13
http://irail.be/vehicle/IC3730,http://irail.be/stations/NMBS/008814001,IC,2018-01-05T09:55:00,2018-01-05T09:51:00,49,13
http://irail.be/vehicle/IC3730,http://irail.be/stations/NMBS/008814373,IC,2018-01-05T10:01:41,2018-01-05T10:01:41,-74,-74
http://irail.be/vehicle/IC3730,http://irail.be/stations/NMBS/008814308,IC,2018-01-05T10:05:00,2018-01-05T10:05:00,203,203
http://irail.be/vehicle/IC3730,http://irail.be/stations/NMBS/008814332,IC,2018-01-05T10:06:00,2018-01-05T10:06:00,205,205
http://irail.be/vehicle/IC3730,http://irail.be/stations/NMBS/008883808,IC,2018-01-05T10:07:00,2018-01-05T10:07:00,216,216
http://irail.be/vehicle/IC3730,http://irail.be/stations/NMBS/008883022,IC,2018-01-05T10:10:00,2018-01-05T10:10:00,183,183
http://irail.be/vehicle/IC3730,NO-URI,IC,2018-01-05T10:10:00,2018-01-05T10:10:00,197,197
http://irail.be/vehicle/IC3730,http://irail.be/stations/NMBS/008883006,IC,2018-01-05T10:17:00,2018-01-05T10:15:00,102,129
http://irail.be/vehicle/IC3730,http://irail.be/stations/NMBS/008883113,IC,2018-01-05T10:23:00,2018-01-05T10:22:00,39,29
http://irail.be/vehicle/IC3730,NO-URI,IC,2018-01-05T10:27:00,2018-01-05T10:27:00,-39,-39
http://irail.be/vehicle/IC3730,http://irail.be/stations/NMBS/008883121,IC,2018-01-05T10:27:00,2018-01-05T10:27:00,-31,-31
http://irail.be/vehicle/IC3730,http://irail.be/stations/NMBS/008881174,IC,2018-01-05T10:29:00,2018-01-05T10:29:00,-72,-72
http://irail.be/vehicle/IC3730,http://irail.be/stations/NMBS/008881166,IC,2018-01-05T10:32:00,2018-01-05T10:31:00,-1,-46
http://irail.be/vehicle/IC3730,http://irail.be/stations/NMBS/008881158,IC,2018-01-05T10:35:00,2018-01-05T10:35:00,-1,-1
http://irail.be/vehicle/IC3730,http://irail.be/stations/NMBS/008881125,IC,2018-01-05T10:37:00,2018-01-05T10:37:00,-83,-83
http://irail.be/vehicle/IC3730,http://irail.be/stations/NMBS/008881000,IC,2018-01-05T10:42:00,2018-01-05T10:42:00,,-85
http://irail.be/vehicle/IC3730,http://irail.be/stations/NMBS/008819406,IC,2018-10-23T09:31:00,2018-10-23T09:31:00,11,
http://irail.be/vehicle/IC3730,http://irail.be/stations/NMBS/008811007,IC,2018-10-23T09:38:00,2018-10-23T09:38:00,106,106
http://irail.be/vehicle/IC3730,http://irail.be/stations/NMBS/008812005,IC,2018-10-23T09:43:00,2018-10-23T09:41:00,73,132
http://irail.be/vehicle/IC3730,http://irail.be/stations/NMBS/008813045,IC,2018-10-23T09:45:00,2018-10-23T09:45:00,75,75
http://irail.be/vehicle/IC3730,http://irail.be/stations/NMBS/008813003,IC,2018-10-23T09:47:00,2018-10-23T09:46:00,109,111
http://irail.be/vehicle/IC3730,http://irail.be/stations/NMBS/008813037,IC,2018-10-23T09:49:00,2018-10-23T09:49:00,109,109
http://irail.be/vehicle/IC3730,http://irail.be/stations/NMBS/008814001,IC,2018-10-23T09:55:00,2018-10-23T09:51:00,66,121
http://irail.be/vehicle/IC3730,http://irail.be/stations/NMBS/008814308,IC,2018-10-23T10:05:00,2018-10-23T10:05:00,316,316
http://irail.be/vehicle/IC3730,http://irail.be/stations/NMBS/008814332,IC,2018-10-23T10:06:00,2018-10-23T10:06:00,384,384
http://irail.be/vehicle/IC3730,http://irail.be/stations/NMBS/008883808,IC,2018-10-23T10:07:00,2018-10-23T10:07:00,630,630
http://irail.be/vehicle/IC3730,http://irail.be/stations/NMBS/008883022,IC,2018-10-23T10:10:00,2018-10-23T10:10:00,599,599
http://irail.be/vehicle/IC3730,NO-URI,IC,2018-10-23T10:10:00,2018-10-23T10:10:00,608,608
http://irail.be/vehicle/IC3730,http://irail.be/stations/NMBS/008883006,IC,2018-10-23T10:17:00,2018-10-23T10:15:00,506,570
http://irail.be/vehicle/IC3730,http://irail.be/stations/NMBS/008883113,IC,2018-10-23T10:23:00,2018-10-23T10:22:00,466,449
http://irail.be/vehicle/IC3730,NO-URI,IC,2018-10-23T10:27:00,2018-10-23T10:27:00,399,399
http://irail.be/vehicle/IC3730,http://irail.be/stations/NMBS/008883121,IC,2018-10-23T10:27:00,2018-10-23T10:27:00,411,411
http://irail.be/vehicle/IC3730,http://irail.be/stations/NMBS/008881174,IC,2018-10-23T10:29:00,2018-10-23T10:29:00,377,377
http://irail.be/vehicle/IC3730,http://irail.be/stations/NMBS/008881166,IC,2018-10-23T10:32:00,2018-10-23T10:31:00,432,410
http://irail.be/vehicle/IC3730,http://irail.be/stations/NMBS/008881158,IC,2018-10-23T10:34:00,2018-10-23T10:34:00,432,432
http://irail.be/vehicle/IC3730,http://irail.be/stations/NMBS/008881125,IC,2018-10-23T10:36:00,2018-10-23T10:36:00,391,391
http://irail.be/vehicle/IC3730,http://irail.be/stations/NMBS/008881000,IC,2018-10-23T10:42:00,2018-10-23T10:42:00,,269
http://irail.be/vehicle/IC3730,http://irail.be/stations/NMBS/008819406,IC,2018-06-20T09:31:00,2018-06-20T09:31:00,53,
http://irail.be/vehicle/IC3730,http://irail.be/stations/NMBS/008811007,IC,2018-06-20T09:38:00,2018-06-20T09:38:00,139,139
http://irail.be/vehicle/IC3730,http://irail.be/stations/NMBS/008812005,IC,2018-06-20T09:43:00,2018-06-20T09:41:00,119,175
http://irail.be/vehicle/IC3730,http://irail.be/stations/NMBS/008813045,IC,2018-06-20T09:45:00,2018-06-20T09:45:00,123,123
http://irail.be/vehicle/IC3730,http://irail.be/stations/NMBS/008813003,IC,2018-06-20T09:47:00,2018-06-20T09:46:00,212,207
http://irail.be/vehicle/IC3730,http://irail.be/stations/NMBS/008813037,IC,2018-06-20T09:49:00,2018-06-20T09:49:00,212,212
http://irail.be/vehicle/IC3730,http://irail.be/stations/NMBS/008814001,IC,2018-06-20T09:55:00,2018-06-20T09:51:00,56,240
http://irail.be/vehicle/IC3730,http://irail.be/stations/NMBS/008814365,IC,2018-06-20T10:01:00,2018-06-20T10:01:00,-11,-11
http://irail.be/vehicle/IC3730,http://irail.be/stations/NMBS/008814357,IC,2018-06-20T10:03:00,2018-06-20T10:03:00,-11,-11
http://irail.be/vehicle/IC3730,http://irail.be/stations/NMBS/008814340,IC,2018-06-20T10:04:00,2018-06-20T10:04:00,76,76
http://irail.be/vehicle/IC3730,http://irail.be/stations/NMBS/008814308,IC,2018-06-20T10:05:00,2018-06-20T10:05:00,120,120
http://irail.be/vehicle/IC3730,http://irail.be/stations/NMBS/008814332,IC,2018-06-20T10:06:00,2018-06-20T10:06:00,115,115
http://irail.be/vehicle/IC3730,http://irail.be/stations/NMBS/008883808,IC,2018-06-20T10:07:00,2018-06-20T10:07:00,127,127
http://irail.be/vehicle/IC3730,http://irail.be/stations/NMBS/008883022,IC,2018-06-20T10:10:00,2018-06-20T10:10:00,74,74
http://irail.be/vehicle/IC3730,NO-URI,IC,2018-06-20T10:10:00,2018-06-20T10:10:00,80,80
http://irail.be/vehicle/IC3730,http://irail.be/stations/NMBS/008883006,IC,2018-06-20T10:17:00,2018-06-20T10:15:00,22,15
http://irail.be/vehicle/IC3730,http://irail.be/stations/NMBS/008883113,IC,2018-06-20T10:23:00,2018-06-20T10:22:00,12,-49
http://irail.be/vehicle/IC3730,NO-URI,IC,2018-06-20T10:27:00,2018-06-20T10:27:00,-59,-59
http://irail.be/vehicle/IC3730,http://irail.be/stations/NMBS/008883121,IC,2018-06-20T10:27:00,2018-06-20T10:27:00,-50,-50
http://irail.be/vehicle/IC3730,http://irail.be/stations/NMBS/008881174,IC,2018-06-20T10:29:00,2018-06-20T10:29:00,-86,-86
http://irail.be/vehicle/IC3730,http://irail.be/stations/NMBS/008881166,IC,2018-06-20T10:32:00,2018-06-20T10:31:00,27,28
http://irail.be/vehicle/IC3730,http://irail.be/stations/NMBS/008881158,IC,2018-06-20T10:35:00,2018-06-20T10:35:00,28,28
http://irail.be/vehicle/IC3730,http://irail.be/stations/NMBS/008881125,IC,2018-06-20T10:36:00,2018-06-20T10:36:00,86,86
http://irail.be/vehicle/IC3730,http://irail.be/stations/NMBS/008881000,IC,2018-06-20T10:42:00,2018-06-20T10:42:00,,-46
http://irail.be/vehicle/IC3730,http://irail.be/stations/NMBS/008819406,IC,2018-04-05T09:31:00,2018-04-05T09:31:00,164,
http://irail.be/vehicle/IC3730,http://irail.be/stations/NMBS/008811007,IC,2018-04-05T09:38:00,2018-04-05T09:38:00,171,171
http://irail.be/vehicle/IC3730,http://irail.be/stations/NMBS/008812005,IC,2018-04-05T09:43:00,2018-04-05T09:41:00,383,222
http://irail.be/vehicle/IC3730,http://irail.be/stations/NMBS/008813045,IC,2018-04-05T09:45:00,2018-04-05T09:45:00,391,391
http://irail.be/vehicle/IC3730,http://irail.be/stations/NMBS/008813003,IC,2018-04-05T09:47:00,2018-04-05T09:46:00,455,425
http://irail.be/vehicle/IC3730,http://irail.be/stations/NMBS/008813037,IC,2018-04-05T09:49:00,2018-04-05T09:49:00,455,455
http://irail.be/vehicle/IC3730,http://irail.be/stations/NMBS/008814001,IC,2018-04-05T09:55:00,2018-04-05T09:51:00,517,465
http://irail.be/vehicle/IC3730,http://irail.be/stations/NMBS/008814308,IC,2018-04-05T10:05:00,2018-04-05T10:05:00,530,530
http://irail.be/vehicle/IC3730,http://irail.be/stations/NMBS/008814332,IC,2018-04-05T10:06:00,2018-04-05T10:06:00,535,535
http://irail.be/vehicle/IC3730,http://irail.be/stations/NMBS/008883808,IC,2018-04-05T10:07:00,2018-04-05T10:07:00,547,547
http://irail.be/vehicle/IC3730,http://irail.be/stations/NMBS/008883022,IC,2018-04-05T10:10:00,2018-04-05T10:10:00,492,492
http://irail.be/vehicle/IC3730,NO-URI,IC,2018-04-05T10:10:00,2018-04-05T10:10:00,497,497
http://irail.be/vehicle/IC3730,http://irail.be/stations/NMBS/008883006,IC,2018-04-05T10:17:00,2018-04-05T10:15:00,341,434
http://irail.be/vehicle/IC3730,http://irail.be/stations/NMBS/008883113,IC,2018-04-05T10:23:00,2018-04-05T10:22:00,286,261
http://irail.be/vehicle/IC3730,NO-URI,IC,2018-04-05T10:27:00,2018-04-05T10:27:00,217,217
http://irail.be/vehicle/IC3730,http://irail.be/stations/NMBS/008883121,IC,2018-04-05T10:27:00,2018-04-05T10:27:00,225,225
http://irail.be/vehicle/IC3730,http://irail.be/stations/NMBS/008881174,IC,2018-04-05T10:29:00,2018-04-05T10:29:00,189,189
http://irail.be/vehicle/IC3730,http://irail.be/stations/NMBS/008881166,IC,2018-04-05T10:32:00,2018-04-05T10:31:00,222,213
http://irail.be/vehicle/IC3730,http://irail.be/stations/NMBS/008881158,IC,2018-04-05T10:35:00,2018-04-05T10:35:00,222,222
http://irail.be/vehicle/IC3730,http://irail.be/stations/NMBS/008881125,IC,2018-04-05T10:37:00,2018-04-05T10:37:00,144,144
http://irail.be/vehicle/IC3730,http://irail.be/stations/NMBS/008881000,IC,2018-04-05T10:42:00,2018-04-05T10:42:00,,169
http://irail.be/vehicle/IC3730,http://irail.be/stations/NMBS/008819406,IC,2018-04-03T09:31:00,2018-04-03T09:31:00,-6,
http://irail.be/vehicle/IC3730,http://irail.be/stations/NMBS/008811007,IC,2018-04-03T09:38:00,2018-04-03T09:38:00,76,76
http://irail.be/vehicle/IC3730,http://irail.be/stations/NMBS/008812005,IC,2018-04-03T09:43:00,2018-04-03T09:41:00,94,124
http://irail.be/vehicle/IC3730,http://irail.be/stations/NMBS/008813045,IC,2018-04-03T09:45:00,2018-04-03T09:45:00,102,102
http://irail.be/vehicle/IC3730,http://irail.be/stations/NMBS/008813003,IC,2018-04-03T09:47:00,2018-04-03T09:46:00,138,131
http://irail.be/vehicle/IC3730,http://irail.be/stations/NMBS/008813037,IC,2018-04-03T09:49:00,2018-04-03T09:49:00,138,138
http://irail.be/vehicle/IC3730,http://irail.be/stations/NMBS/008814001,IC,2018-04-03T09:55:00,2018-04-03T09:51:00,24,148
http://irail.be/vehicle/IC3730,http://irail.be/stations/NMBS/008814308,IC,2018-04-03T10:05:00,2018-04-03T10:05:00,-57,-57
http://irail.be/vehicle/IC3730,http://irail.be/stations/NMBS/008814332,IC,2018-04-03T10:06:00,2018-04-03T10:06:00,-51,-51
http://irail.be/vehicle/IC3730,http://irail.be/stations/NMBS/008883808,IC,2018-04-03T10:07:00,2018-04-03T10:07:00,30,30
http://irail.be/vehicle/IC3730,http://irail.be/stations/NMBS/008883022,IC,2018-04-03T10:10:00,2018-04-03T10:10:00,-4,-4
http://irail.be/vehicle/IC3730,NO-URI,IC,2018-04-03T10:10:00,2018-04-03T10:10:00,4,4
http://irail.be/vehicle/IC3730,http://irail.be/stations/NMBS/008883006,IC,2018-04-03T10:17:00,2018-04-03T10:15:00,29,79
http://irail.be/vehicle/IC3730,http://irail.be/stations/NMBS/008883113,IC,2018-04-03T10:23:00,2018-04-03T10:22:00,34,-16
http://irail.be/vehicle/IC3730,NO-URI,IC,2018-04-03T10:27:00,2018-04-03T10:27:00,-30,-30
http://irail.be/vehicle/IC3730,http://irail.be/stations/NMBS/008883121,IC,2018-04-03T10:27:00,2018-04-03T10:27:00,-18,-18
http://irail.be/vehicle/IC3730,http://irail.be/stations/NMBS/008881174,IC,2018-04-03T10:29:00,2018-04-03T10:29:00,-53,-53
http://irail.be/vehicle/IC3730,http://irail.be/stations/NMBS/008881166,IC,2018-04-03T10:32:00,2018-04-03T10:31:00,29,-23
http://irail.be/vehicle/IC3730,http://irail.be/stations/NMBS/008881158,IC,2018-04-03T10:35:00,2018-04-03T10:35:00,29,29
http://irail.be/vehicle/IC3730,http://irail.be/stations/NMBS/008881125,IC,2018-04-03T10:37:00,2018-04-03T10:37:00,-18,-18
http://irail.be/vehicle/IC3730,http://irail.be/stations/NMBS/008881000,IC,2018-04-03T10:42:00,2018-04-03T10:42:00,,176
http://irail.be/vehicle/IC3730,http://irail.be/stations/NMBS/008819406,IC,2018-11-05T09:31:00,2018-11-05T09:31:00,252,
http://irail.be/vehicle/IC3730,http://irail.be/stations/NMBS/008811007,IC,2018-11-05T09:38:00,2018-11-05T09:38:00,376,376
http://irail.be/vehicle/IC3730,http://irail.be/stations/NMBS/008812005,IC,2018-11-05T09:43:00,2018-11-05T09:41:00,477,451
http://irail.be/vehicle/IC3730,http://irail.be/stations/NMBS/008813045,IC,2018-11-05T09:45:00,2018-11-05T09:45:00,485,485
http://irail.be/vehicle/IC3730,http://irail.be/stations/NMBS/008813003,IC,2018-11-05T09:47:00,2018-11-05T09:46:00,622,607
http://irail.be/vehicle/IC3730,http://irail.be/stations/NMBS/008813037,IC,2018-11-05T09:49:00,2018-11-05T09:49:00,622,622
http://irail.be/vehicle/IC3730,http://irail.be/stations/NMBS/008814001,IC,2018-11-05T09:55:00,2018-11-05T09:51:00,612,721
http://irail.be/vehicle/IC3730,http://irail.be/stations/NMBS/008814308,IC,2018-11-05T10:05:00,2018-11-05T10:05:00,472,472
http://irail.be/vehicle/IC3730,http://irail.be/stations/NMBS/008814332,IC,2018-11-05T10:06:00,2018-11-05T10:06:00,473,473
http://irail.be/vehicle/IC3730,http://irail.be/stations/NMBS/008883808,IC,2018-11-05T10:07:00,2018-11-05T10:07:00,484,484
http://irail.be/vehicle/IC3730,http://irail.be/stations/NMBS/008883022,IC,2018-11-05T10:10:00,2018-11-05T10:10:00,429,429
http://irail.be/vehicle/IC3730,NO-URI,IC,2018-11-05T10:10:00,2018-11-05T10:10:00,437,437
http://irail.be/vehicle/IC3730,http://irail.be/stations/NMBS/008883006,IC,2018-11-05T10:17:00,2018-11-05T10:15:00,281,343
http://irail.be/vehicle/IC3730,http://irail.be/stations/NMBS/008883113,IC,2018-11-05T10:23:00,2018-11-05T10:22:00,239,215
http://irail.be/vehicle/IC3730,NO-URI,IC,2018-11-05T10:27:00,2018-11-05T10:27:00,185,185
http://irail.be/vehicle/IC3730,http://irail.be/stations/NMBS/008883121,IC,2018-11-05T10:27:00,2018-11-05T10:27:00,196,196
http://irail.be/vehicle/IC3730,http://irail.be/stations/NMBS/008881174,IC,2018-11-05T10:29:00,2018-11-05T10:29:00,159,159
http://irail.be/vehicle/IC3730,http://irail.be/stations/NMBS/008881166,IC,2018-11-05T10:32:00,2018-11-05T10:31:00,240,186
http://irail.be/vehicle/IC3730,http://irail.be/stations/NMBS/008881158,IC,2018-11-05T10:34:00,2018-11-05T10:34:00,240,240
http://irail.be/vehicle/IC3730,http://irail.be/stations/NMBS/008881125,IC,2018-11-05T10:36:00,2018-11-05T10:36:00,195,195
http://irail.be/vehicle/IC3730,http://irail.be/stations/NMBS/008881000,IC,2018-11-05T10:42:00,2018-11-05T10:42:00,,56
http://irail.be/vehicle/IC3730,http://irail.be/stations/NMBS/008819406,IC,2018-03-14T09:31:00,2018-03-14T09:31:00,-11,
http://irail.be/vehicle/IC3730,http://irail.be/stations/NMBS/008811007,IC,2018-03-14T09:38:00,2018-03-14T09:38:00,-27,-27
http://irail.be/vehicle/IC3730,http://irail.be/stations/NMBS/008812005,IC,2018-03-14T09:43:00,2018-03-14T09:41:00,-5,1
http://irail.be/vehicle/IC3730,http://irail.be/stations/NMBS/008813045,IC,2018-03-14T09:45:00,2018-03-14T09:45:00,-16,-16
http://irail.be/vehicle/IC3730,http://irail.be/stations/NMBS/008813003,IC,2018-03-14T09:47:00,2018-03-14T09:46:00,7,11
http://irail.be/vehicle/IC3730,http://irail.be/stations/NMBS/008813037,IC,2018-03-14T09:49:00,2018-03-14T09:49:00,7,7
http://irail.be/vehicle/IC3730,http://irail.be/stations/NMBS/008814001,IC,2018-03-14T09:55:00,2018-03-14T09:51:00,49,4
http://irail.be/vehicle/IC3730,http://irail.be/stations/NMBS/008814365,IC,2018-03-14T10:01:00,2018-03-14T10:01:00,215,215
http://irail.be/vehicle/IC3730,http://irail.be/stations/NMBS/008814357,IC,2018-03-14T10:03:00,2018-03-14T10:03:00,215,215
http://irail.be/vehicle/IC3730,http://irail.be/stations/NMBS/008814340,IC,2018-03-14T10:04:00,2018-03-14T10:04:00,232,232
http://irail.be/vehicle/IC3730,http://irail.be/stations/NMBS/008814308,IC,2018-03-14T10:05:00,2018-03-14T10:05:00,283,283
http://irail.be/vehicle/IC3730,http://irail.be/stations/NMBS/008814332,IC,2018-03-14T10:06:00,2018-03-14T10:06:00,283,283
http://irail.be/vehicle/IC3730,http://irail.be/stations/NMBS/008883808,IC,2018-03-14T10:07:00,2018-03-14T10:07:00,499,499
http://irail.be/vehicle/IC3730,http://irail.be/stations/NMBS/008883022,IC,2018-03-14T10:10:00,2018-03-14T10:10:00,568,568
http://irail.be/vehicle/IC3730,NO-URI,IC,2018-03-14T10:10:00,2018-03-14T10:10:00,631,631
http://irail.be/vehicle/IC3730,http://irail.be/stations/NMBS/008883006,IC,2018-03-14T10:17:00,2018-03-14T10:15:00,665,711
http://irail.be/vehicle/IC3730,http://irail.be/stations/NMBS/008883113,IC,2018-03-14T10:23:00,2018-03-14T10:22:00,732,709
http://irail.be/vehicle/IC3730,NO-URI,IC,2018-03-14T10:27:00,2018-03-14T10:27:00,657,657
http://irail.be/vehicle/IC3730,http://irail.be/stations/NMBS/008883121,IC,2018-03-14T10:27:00,2018-03-14T10:27:00,669,669
http://irail.be/vehicle/IC3730,http://irail.be/stations/NMBS/008881174,IC,2018-03-14T10:29:00,2018-03-14T10:29:00,636,636
http://irail.be/vehicle/IC3730,http://irail.be/stations/NMBS/008881166,IC,2018-03-14T10:32:00,2018-03-14T10:31:00,637,666
http://irail.be/vehicle/IC3730,http://irail.be/stations/NMBS/008881158,IC,2018-03-14T10:35:00,2018-03-14T10:35:00,637,637
http://irail.be/vehicle/IC3730,http://irail.be/stations/NMBS/008881125,IC,2018-03-14T10:37:00,2018-03-14T10:37:00,561,561
http://irail.be/vehicle/IC3730,http://irail.be/stations/NMBS/008881000,IC,2018-03-14T10:42:00,2018-03-14T10:42:00,,720
http://irail.be/vehicle/IC3730,http://irail.be/stations/NMBS/008819406,IC,2018-12-22T09:31:00,2018-12-22T09:31:00,24,
http://irail.be/vehicle/IC3730,http://irail.be/stations/NMBS/008811007,IC,2018-12-22T09:38:00,2018-12-22T09:38:00,49,49
http://irail.be/vehicle/IC3730,http://irail.be/stations/NMBS/008812005,IC,2018-12-22T09:43:00,2018-12-22T09:41:00,72,76
http://irail.be/vehicle/IC3730,http://irail.be/stations/NMBS/008813045,IC,2018-12-22T09:45:00,2018-12-22T09:45:00,90,90
http://irail.be/vehicle/IC3730,http://irail.be/stations/NMBS/008813003,IC,2018-12-22T09:48:00,2018-12-22T09:47:00,95,84
http://irail.be/vehicle/IC3730,http://irail.be/stations/NMBS/008813037,IC,2018-12-22T09:50:00,2018-12-22T09:50:00,95,95
http://irail.be/vehicle/IC3730,http://irail.be/stations/NMBS/008814001,IC,2018-12-22T09:56:00,2018-12-22T09:52:00,24,112
http://irail.be/vehicle/IC3730,http://irail.be/stations/NMBS/008814365,IC,2018-12-22T10:01:00,2018-12-22T10:01:00,41,41
http://irail.be/vehicle/IC3730,http://irail.be/stations/NMBS/008814357,IC,2018-12-22T10:03:00,2018-12-22T10:03:00,41,41
http://irail.be/vehicle/IC3730,http://irail.be/stations/NMBS/008814340,IC,2018-12-22T10:04:00,2018-12-22T10:04:00,27,27
http://irail.be/vehicle/IC3730,http://irail.be/stations/NMBS/008814308,IC,2018-12-22T10:05:00,2018-12-22T10:05:00,35,35
http://irail.be/vehicle/IC3730,http://irail.be/stations/NMBS/008814332,IC,2018-12-22T10:06:00,2018-12-22T10:06:00,28,28
http://irail.be/vehicle/IC3730,http://irail.be/stations/NMBS/008883808,IC,2018-12-22T10:08:00,2018-12-22T10:08:00,-17,-17
http://irail.be/vehicle/IC3730,http://irail.be/stations/NMBS/008883022,IC,2018-12-22T10:10:00,2018-12-22T10:10:00,-12,-12
http://irail.be/vehicle/IC3730,NO-URI,IC,2018-12-22T10:10:00,2018-12-22T10:10:00,-3,-3
http://irail.be/vehicle/IC3730,http://irail.be/stations/NMBS/008883006,IC,2018-12-22T10:17:00,2018-12-22T10:15:00,64,-51
http://irail.be/vehicle/IC3730,http://irail.be/stations/NMBS/008883113,IC,2018-12-22T10:23:00,2018-12-22T10:22:00,69,17
http://irail.be/vehicle/IC3730,NO-URI,IC,2018-12-22T10:27:00,2018-12-22T10:27:00,5,5
http://irail.be/vehicle/IC3730,http://irail.be/stations/NMBS/008883121,IC,2018-12-22T10:27:00,2018-12-22T10:27:00,18,18
http://irail.be/vehicle/IC3730,http://irail.be/stations/NMBS/008881174,IC,2018-12-22T10:28:00,2018-12-22T10:28:00,40,40
http://irail.be/vehicle/IC3730,http://irail.be/stations/NMBS/008881166,IC,2018-12-22T10:32:00,2018-12-22T10:31:00,7,28
http://irail.be/vehicle/IC3730,http://irail.be/stations/NMBS/008881158,IC,2018-12-22T10:35:00,2018-12-22T10:35:00,7,7
http://irail.be/vehicle/IC3730,http://irail.be/stations/NMBS/008881125,IC,2018-12-22T10:36:00,2018-12-22T10:36:00,0,0
http://irail.be/vehicle/IC3730,http://irail.be/stations/NMBS/008881000,IC,2018-12-22T10:41:00,2018-12-22T10:41:00,,-66
http://irail.be/vehicle/IC3730,http://irail.be/stations/NMBS/008819406,IC,2018-02-04T09:31:00,2018-02-04T09:31:00,0,
http://irail.be/vehicle/IC3730,http://irail.be/stations/NMBS/008811007,IC,2018-02-04T09:38:00,2018-02-04T09:38:00,-5,-5
http://irail.be/vehicle/IC3730,http://irail.be/stations/NMBS/008812005,IC,2018-02-04T09:43:00,2018-02-04T09:41:00,-1,-3
http://irail.be/vehicle/IC3730,http://irail.be/stations/NMBS/008813045,IC,2018-02-04T09:45:00,2018-02-04T09:45:00,-2,-2
http://irail.be/vehicle/IC3730,http://irail.be/stations/NMBS/008813003,IC,2018-02-04T09:47:00,2018-02-04T09:46:00,35,25
http://irail.be/vehicle/IC3730,http://irail.be/stations/NMBS/008813037,IC,2018-02-04T09:49:00,2018-02-04T09:49:00,35,35
http://irail.be/vehicle/IC3730,http://irail.be/stations/NMBS/008814001,IC,2018-02-04T09:55:00,2018-02-04T09:51:00,52,40
http://irail.be/vehicle/IC3730,http://irail.be/stations/NMBS/008814365,IC,2018-02-04T10:00:00,2018-02-04T10:00:00,88,88
http://irail.be/vehicle/IC3730,http://irail.be/stations/NMBS/008814357,IC,2018-02-04T10:02:00,2018-02-04T10:02:00,88,88
http://irail.be/vehicle/IC3730,http://irail.be/stations/NMBS/008814340,IC,2018-02-04T10:03:00,2018-02-04T10:03:00,89,89
http://irail.be/vehicle/IC3730,http://irail.be/stations/NMBS/008814308,IC,2018-02-04T10:04:00,2018-02-04T10:04:00,131,131
http://irail.be/vehicle/IC3730,http://irail.be/stations/NMBS/008814332,IC,2018-02-04T10:05:00,2018-02-04T10:05:00,124,124
http://irail.be/vehicle/IC3730,http://irail.be/stations/NMBS/008883808,IC,2018-02-04T10:07:00,2018-02-04T10:07:00,80,80
http://irail.be/vehicle/IC3730,http://irail.be/stations/NMBS/008883022,IC,2018-02-04T10:09:00,2018-02-04T10:09:00,83,83
http://irail.be/vehicle/IC3730,NO-URI,IC,2018-02-04T10:09:00,2018-02-04T10:09:00,95,95
http://irail.be/vehicle/IC3730,http://irail.be/stations/NMBS/008883006,IC,2018-02-04T10:16:00,2018-02-04T10:14:00,53,10
http://irail.be/vehicle/IC3730,http://irail.be/stations/NMBS/008883113,IC,2018-02-04T10:22:00,2018-02-04T10:21:00,77,35
http://irail.be/vehicle/IC3730,NO-URI,IC,2018-02-04T10:26:00,2018-02-04T10:26:00,32,32
http://irail.be/vehicle/IC3730,http://irail.be/stations/NMBS/008883121,IC,2018-02-04T10:26:00,2018-02-04T10:26:00,43,43
http://irail.be/vehicle/IC3730,http://irail.be/stations/NMBS/008881174,IC,2018-02-04T10:27:00,2018-02-04T10:27:00,66,66
http://irail.be/vehicle/IC3730,http://irail.be/stations/NMBS/008881166,IC,2018-02-04T10:31:00,2018-02-04T10:30:00,79,63
http://irail.be/vehicle/IC3730,http://irail.be/stations/NMBS/008881158,IC,2018-02-04T10:34:00,2018-02-04T10:34:00,79,79
http://irail.be/vehicle/IC3730,http://irail.be/stations/NMBS/008881125,IC,2018-02-04T10:35:00,2018-02-04T10:35:00,96,96
http://irail.be/vehicle/IC3730,http://irail.be/stations/NMBS/008881000,IC,2018-02-04T10:40:00,2018-02-04T10:40:00,,78
http://irail.be/vehicle/IC3730,http://irail.be/stations/NMBS/008819406,IC,2018-02-03T09:31:00,2018-02-03T09:31:00,292,
http://irail.be/vehicle/IC3730,http://irail.be/stations/NMBS/008811007,IC,2018-02-03T09:38:00,2018-02-03T09:38:00,325,325
http://irail.be/vehicle/IC3730,http://irail.be/stations/NMBS/008812005,IC,2018-02-03T09:43:00,2018-02-03T09:41:00,297,335
http://irail.be/vehicle/IC3730,http://irail.be/stations/NMBS/008813045,IC,2018-02-03T09:45:00,2018-02-03T09:45:00,303,303
http://irail.be/vehicle/IC3730,http://irail.be/stations/NMBS/008813003,IC,2018-02-03T09:47:00,2018-02-03T09:46:00,366,331
http://irail.be/vehicle/IC3730,http://irail.be/stations/NMBS/008813037,IC,2018-02-03T09:49:00,2018-02-03T09:49:00,366,366
http://irail.be/vehicle/IC3730,http://irail.be/stations/NMBS/008814001,IC,2018-02-03T09:55:00,2018-02-03T09:51:00,194,367
http://irail.be/vehicle/IC3730,http://irail.be/stations/NMBS/008814365,IC,2018-02-03T10:00:00,2018-02-03T10:00:00,226,226
http://irail.be/vehicle/IC3730,http://irail.be/stations/NMBS/008814357,IC,2018-02-03T10:02:00,2018-02-03T10:02:00,226,226
http://irail.be/vehicle/IC3730,http://irail.be/stations/NMBS/008814340,IC,2018-02-03T10:03:00,2018-02-03T10:03:00,224,224
http://irail.be/vehicle/IC3730,http://irail.be/stations/NMBS/008814308,IC,2018-02-03T10:04:00,2018-02-03T10:04:00,249,249
http://irail.be/vehicle/IC3730,http://irail.be/stations/NMBS/008814332,IC,2018-02-03T10:05:00,2018-02-03T10:05:00,242,242
http://irail.be/vehicle/IC3730,http://irail.be/stations/NMBS/008883808,IC,2018-02-03T10:07:00,2018-02-03T10:07:00,198,198
http://irail.be/vehicle/IC3730,http://irail.be/stations/NMBS/008883022,IC,2018-02-03T10:09:00,2018-02-03T10:09:00,210,210
http://irail.be/vehicle/IC3730,NO-URI,IC,2018-02-03T10:09:00,2018-02-03T10:09:00,223,223
http://irail.be/vehicle/IC3730,http://irail.be/stations/NMBS/008883006,IC,2018-02-03T10:16:00,2018-02-03T10:14:00,107,139
http://irail.be/vehicle/IC3730,http://irail.be/stations/NMBS/008883113,IC,2018-02-03T10:22:00,2018-02-03T10:21:00,229,189
http://irail.be/vehicle/IC3730,NO-URI,IC,2018-02-03T10:26:00,2018-02-03T10:26:00,248,248
http://irail.be/vehicle/IC3730,http://irail.be/stations/NMBS/008883121,IC,2018-02-03T10:26:00,2018-02-03T10:26:00,307,307
http://irail.be/vehicle/IC3730,http://irail.be/stations/NMBS/008881174,IC,2018-02-03T10:27:00,2018-02-03T10:27:00,375,375
http://irail.be/vehicle/IC3730,http://irail.be/stations/NMBS/008881166,IC,2018-02-03T10:31:00,2018-02-03T10:30:00,349,363
http://irail.be/vehicle/IC3730,http://irail.be/stations/NMBS/008881158,IC,2018-02-03T10:34:00,2018-02-03T10:34:00,349,349
http://irail.be/vehicle/IC3730,http://irail.be/stations/NMBS/008881125,IC,2018-02-03T10:35:00,2018-02-03T10:35:00,351,351
http://irail.be/vehicle/IC3730,http://irail.be/stations/NMBS/008881000,IC,2018-02-03T10:40:00,2018-02-03T10:40:00,,337
http://irail.be/vehicle/IC3730,http://irail.be/stations/NMBS/008819406,IC,2018-11-23T09:31:00,2018-11-23T09:31:00,914,
http://irail.be/vehicle/IC3730,http://irail.be/stations/NMBS/008811007,IC,2018-11-23T09:38:00,2018-11-23T09:38:00,964,964
http://irail.be/vehicle/IC3730,http://irail.be/stations/NMBS/008812005,IC,2018-11-23T09:43:00,2018-11-23T09:41:00,950,995
http://irail.be/vehicle/IC3730,http://irail.be/stations/NMBS/008813045,IC,2018-11-23T09:45:00,2018-11-23T09:45:00,941,941
http://irail.be/vehicle/IC3730,http://irail.be/stations/NMBS/008813003,IC,2018-11-23T09:47:00,2018-11-23T09:46:00,1000,986
http://irail.be/vehicle/IC3730,http://irail.be/stations/NMBS/008813037,IC,2018-11-23T09:49:00,2018-11-23T09:49:00,1000,1000
http://irail.be/vehicle/IC3730,http://irail.be/stations/NMBS/008814001,IC,2018-11-23T09:55:00,2018-11-23T09:51:00,893,1073
http://irail.be/vehicle/IC3730,http://irail.be/stations/NMBS/008814308,IC,2018-11-23T10:05:00,2018-11-23T10:05:00,750,750
http://irail.be/vehicle/IC3730,http://irail.be/stations/NMBS/008814332,IC,2018-11-23T10:06:00,2018-11-23T10:06:00,752,752
http://irail.be/vehicle/IC3730,http://irail.be/stations/NMBS/008883808,IC,2018-11-23T10:07:00,2018-11-23T10:07:00,761,761
http://irail.be/vehicle/IC3730,http://irail.be/stations/NMBS/008883022,IC,2018-11-23T10:10:00,2018-11-23T10:10:00,707,707
http://irail.be/vehicle/IC3730,NO-URI,IC,2018-11-23T10:10:00,2018-11-23T10:10:00,714,714
http://irail.be/vehicle/IC3730,http://irail.be/stations/NMBS/008883006,IC,2018-11-23T10:17:00,2018-11-23T10:15:00,687,669
http://irail.be/vehicle/IC3730,http://irail.be/stations/NMBS/008883113,IC,2018-11-23T10:23:00,2018-11-23T10:22:00,632,622
http://irail.be/vehicle/IC3730,NO-URI,IC,2018-11-23T10:27:00,2018-11-23T10:27:00,562,562
http://irail.be/vehicle/IC3730,http://irail.be/stations/NMBS/008883121,IC,2018-11-23T10:27:00,2018-11-23T10:27:00,568,568
http://irail.be/vehicle/IC3730,http://irail.be/stations/NMBS/008881174,IC,2018-11-23T10:29:00,2018-11-23T10:29:00,526,526
http://irail.be/vehicle/IC3730,http://irail.be/stations/NMBS/008881166,IC,2018-11-23T10:32:00,2018-11-23T10:31:00,566,552
http://irail.be/vehicle/IC3730,http://irail.be/stations/NMBS/008881158,IC,2018-11-23T10:34:00,2018-11-23T10:34:00,566,566
http://irail.be/vehicle/IC3730,http://irail.be/stations/NMBS/008881125,IC,2018-11-23T10:36:00,2018-11-23T10:36:00,535,535
http://irail.be/vehicle/IC3730,http://irail.be/stations/NMBS/008881000,IC,2018-11-23T10:42:00,2018-11-23T10:42:00,,352
http://irail.be/vehicle/IC3730,http://irail.be/stations/NMBS/008819406,IC,2018-07-04T09:31:00,2018-07-04T09:31:00,7,
http://irail.be/vehicle/IC3730,http://irail.be/stations/NMBS/008811007,IC,2018-07-04T09:38:00,2018-07-04T09:38:00,147,147
http://irail.be/vehicle/IC3730,http://irail.be/stations/NMBS/008812005,IC,2018-07-04T09:43:00,2018-07-04T09:41:00,195,208
http://irail.be/vehicle/IC3730,http://irail.be/stations/NMBS/008813045,IC,2018-07-04T09:45:00,2018-07-04T09:45:00,210,210
http://irail.be/vehicle/IC3730,http://irail.be/stations/NMBS/008813003,IC,2018-07-04T09:47:00,2018-07-04T09:46:00,279,252
http://irail.be/vehicle/IC3730,http://irail.be/stations/NMBS/008813037,IC,2018-07-04T09:49:00,2018-07-04T09:49:00,279,279
http://irail.be/vehicle/IC3730,http://irail.be/stations/NMBS/008814001,IC,2018-07-04T09:55:00,2018-07-04T09:51:00,225,311
http://irail.be/vehicle/IC3730,http://irail.be/stations/NMBS/008814365,IC,2018-07-04T10:01:00,2018-07-04T10:01:00,173,173
http://irail.be/vehicle/IC3730,http://irail.be/stations/NMBS/008814357,IC,2018-07-04T10:03:00,2018-07-04T10:03:00,173,173
http://irail.be/vehicle/IC3730,http://irail.be/stations/NMBS/008814340,IC,2018-07-04T10:04:00,2018-07-04T10:04:00,158,158
http://irail.be/vehicle/IC3730,http://irail.be/stations/NMBS/008814308,IC,2018-07-04T10:05:00,2018-07-04T10:05:00,166,166
http://irail.be/vehicle/IC3730,http://irail.be/stations/NMBS/008814332,IC,2018-07-04T10:06:00,2018-07-04T10:06:00,160,160
http://irail.be/vehicle/IC3730,http://irail.be/stations/NMBS/008883808,IC,2018-07-04T10:07:00,2018-07-04T10:07:00,175,175
http://irail.be/vehicle/IC3730,http://irail.be/stations/NMBS/008883022,IC,2018-07-04T10:10:00,2018-07-04T10:10:00,125,125
http://irail.be/vehicle/IC3730,NO-URI,IC,2018-07-04T10:10:00,2018-07-04T10:10:00,132,132
http://irail.be/vehicle/IC3730,http://irail.be/stations/NMBS/008883006,IC,2018-07-04T10:17:00,2018-07-04T10:15:00,69,84
http://irail.be/vehicle/IC3730,http://irail.be/stations/NMBS/008883113,IC,2018-07-04T10:23:00,2018-07-04T10:22:00,18,2
http://irail.be/vehicle/IC3730,NO-URI,IC,2018-07-04T10:27:00,2018-07-04T10:27:00,51,51
http://irail.be/vehicle/IC3730,http://irail.be/stations/NMBS/008883121,IC,2018-07-04T10:27:00,2018-07-04T10:27:00,93,93
http://irail.be/vehicle/IC3730,http://irail.be/stations/NMBS/008881174,IC,2018-07-04T10:29:00,2018-07-04T10:29:00,89,89
http://irail.be/vehicle/IC3730,http://irail.be/stations/NMBS/008881166,IC,2018-07-04T10:32:00,2018-07-04T10:31:00,136,120
http://irail.be/vehicle/IC3730,http://irail.be/stations/NMBS/008881158,IC,2018-07-04T10:35:00,2018-07-04T10:35:00,136,136
http://irail.be/vehicle/IC3730,http://irail.be/stations/NMBS/008881125,IC,2018-07-04T10:36:00,2018-07-04T10:36:00,117,117
http://irail.be/vehicle/IC3730,http://irail.be/stations/NMBS/008881000,IC,2018-07-04T10:42:00,2018-07-04T10:42:00,,-18
http://irail.be/vehicle/IC3730,http://irail.be/stations/NMBS/008819406,IC,2018-01-22T09:31:00,2018-01-22T09:31:00,165,
http://irail.be/vehicle/IC3730,http://irail.be/stations/NMBS/008811007,IC,2018-01-22T09:38:00,2018-01-22T09:38:00,228,228
http://irail.be/vehicle/IC3730,http://irail.be/stations/NMBS/008812005,IC,2018-01-22T09:43:00,2018-01-22T09:41:00,349,301
http://irail.be/vehicle/IC3730,http://irail.be/stations/NMBS/008813045,IC,2018-01-22T09:45:00,2018-01-22T09:45:00,360,360
http://irail.be/vehicle/IC3730,http://irail.be/stations/NMBS/008813003,IC,2018-01-22T09:47:00,2018-01-22T09:46:00,415,389
http://irail.be/vehicle/IC3730,http://irail.be/stations/NMBS/008813037,IC,2018-01-22T09:49:00,2018-01-22T09:49:00,415,415
http://irail.be/vehicle/IC3730,http://irail.be/stations/NMBS/008814001,IC,2018-01-22T09:55:00,2018-01-22T09:51:00,272,421
http://irail.be/vehicle/IC3730,http://irail.be/stations/NMBS/008814308,IC,2018-01-22T10:05:00,2018-01-22T10:05:00,152,152
http://irail.be/vehicle/IC3730,http://irail.be/stations/NMBS/008814332,IC,2018-01-22T10:06:00,2018-01-22T10:06:00,155,155
http://irail.be/vehicle/IC3730,http://irail.be/stations/NMBS/008883808,IC,2018-01-22T10:07:00,2018-01-22T10:07:00,303,303
http://irail.be/vehicle/IC3730,http://irail.be/stations/NMBS/008883022,IC,2018-01-22T10:10:00,2018-01-22T10:10:00,275,275
http://irail.be/vehicle/IC3730,NO-URI,IC,2018-01-22T10:10:00,2018-01-22T10:10:00,285,285
http://irail.be/vehicle/IC3730,http://irail.be/stations/NMBS/008883006,IC,2018-01-22T10:17:00,2018-01-22T10:15:00,153,224
http://irail.be/vehicle/IC3730,http://irail.be/stations/NMBS/008883113,IC,2018-01-22T10:23:00,2018-01-22T10:22:00,88,79
http://irail.be/vehicle/IC3730,NO-URI,IC,2018-01-22T10:27:00,2018-01-22T10:27:00,8,8
http://irail.be/vehicle/IC3730,http://irail.be/stations/NMBS/008883121,IC,2018-01-22T10:27:00,2018-01-22T10:27:00,14,14
http://irail.be/vehicle/IC3730,http://irail.be/stations/NMBS/008881174,IC,2018-01-22T10:29:00,2018-01-22T10:29:00,-23,-23
http://irail.be/vehicle/IC3730,http://irail.be/stations/NMBS/008881166,IC,2018-01-22T10:32:00,2018-01-22T10:31:00,-12,4
http://irail.be/vehicle/IC3730,http://irail.be/stations/NMBS/008881158,IC,2018-01-22T10:35:00,2018-01-22T10:35:00,-12,-12
http://irail.be/vehicle/IC3730,http://irail.be/stations/NMBS/008881125,IC,2018-01-22T10:37:00,2018-01-22T10:37:00,-93,-93
http://irail.be/vehicle/IC3730,http://irail.be/stations/NMBS/008881000,IC,2018-01-22T10:42:00,2018-01-22T10:42:00,,-112
http://irail.be/vehicle/IC3730,http://irail.be/stations/NMBS/008883006,IC,2018-09-29T10:16:00,2018-09-29T10:16:00,43,
http://irail.be/vehicle/IC3730,http://irail.be/stations/NMBS/008883113,IC,2018-09-29T10:22:00,2018-09-29T10:21:00,95,57
http://irail.be/vehicle/IC3730,NO-URI,IC,2018-09-29T10:26:00,2018-09-29T10:26:00,37,37
http://irail.be/vehicle/IC3730,http://irail.be/stations/NMBS/008883121,IC,2018-09-29T10:26:00,2018-09-29T10:26:00,46,46
http://irail.be/vehicle/IC3730,http://irail.be/stations/NMBS/008881174,IC,2018-09-29T10:27:00,2018-09-29T10:27:00,69,69
http://irail.be/vehicle/IC3730,http://irail.be/stations/NMBS/008881166,IC,2018-09-29T10:31:00,2018-09-29T10:30:00,37,58
http://irail.be/vehicle/IC3730,http://irail.be/stations/NMBS/008881158,IC,2018-09-29T10:34:00,2018-09-29T10:34:00,37,37
http://irail.be/vehicle/IC3730,http://irail.be/stations/NMBS/008881125,IC,2018-09-29T10:35:00,2018-09-29T10:35:00,25,25
http://irail.be/vehicle/IC3730,http://irail.be/stations/NMBS/008881000,IC,2018-09-29T10:40:00,2018-09-29T10:40:00,,-36
http://irail.be/vehicle/IC3730,http://irail.be/stations/NMBS/008819406,IC,2018-03-12T09:31:00,2018-03-12T09:31:00,1047,
http://irail.be/vehicle/IC3730,http://irail.be/stations/NMBS/008811007,IC,2018-03-12T09:38:00,2018-03-12T09:38:00,1121,1121
http://irail.be/vehicle/IC3730,http://irail.be/stations/NMBS/008812005,IC,2018-03-12T09:43:00,2018-03-12T09:41:00,1554,1408
http://irail.be/vehicle/IC3730,http://irail.be/stations/NMBS/008813045,IC,2018-03-12T09:45:00,2018-03-12T09:45:00,1557,1557
http://irail.be/vehicle/IC3730,http://irail.be/stations/NMBS/008813003,IC,2018-03-12T09:47:00,2018-03-12T09:46:00,1563,1583
http://irail.be/vehicle/IC3730,http://irail.be/stations/NMBS/008813037,IC,2018-03-12T09:49:00,2018-03-12T09:49:00,1563,1563
http://irail.be/vehicle/IC3730,http://irail.be/stations/NMBS/008814001,IC,2018-03-12T09:55:00,2018-03-12T09:51:00,1619,1608
http://irail.be/vehicle/IC3730,http://irail.be/stations/NMBS/008814365,IC,2018-03-12T10:01:00,2018-03-12T10:01:00,1566,1566
http://irail.be/vehicle/IC3730,http://irail.be/stations/NMBS/008814357,IC,2018-03-12T10:03:00,2018-03-12T10:03:00,1566,1566
http://irail.be/vehicle/IC3730,http://irail.be/stations/NMBS/008814340,IC,2018-03-12T10:04:00,2018-03-12T10:04:00,1550,1550
http://irail.be/vehicle/IC3730,http://irail.be/stations/NMBS/008814308,IC,2018-03-12T10:05:00,2018-03-12T10:05:00,1555,1555
http://irail.be/vehicle/IC3730,http://irail.be/stations/NMBS/008814332,IC,2018-03-12T10:06:00,2018-03-12T10:06:00,1549,1549
http://irail.be/vehicle/IC3730,http://irail.be/stations/NMBS/008883808,IC,2018-03-12T10:07:00,2018-03-12T10:07:00,1562,1562
http://irail.be/vehicle/IC3730,http://irail.be/stations/NMBS/008883022,IC,2018-03-12T10:10:00,2018-03-12T10:10:00,1556,1556
http://irail.be/vehicle/IC3730,NO-URI,IC,2018-03-12T10:10:00,2018-03-12T10:10:00,1591,1591
http://irail.be/vehicle/IC3730,http://irail.be/stations/NMBS/008883006,IC,2018-03-12T10:17:00,2018-03-12T10:15:00,1488,1577
http://irail.be/vehicle/IC3730,http://irail.be/stations/NMBS/008883113,IC,2018-03-12T10:23:00,2018-03-12T10:22:00,1504,1488
http://irail.be/vehicle/IC3730,NO-URI,IC,2018-03-12T10:27:00,2018-03-12T10:27:00,1427,1427
http://irail.be/vehicle/IC3730,http://irail.be/stations/NMBS/008883121,IC,2018-03-12T10:27:00,2018-03-12T10:27:00,1438,1438
http://irail.be/vehicle/IC3730,http://irail.be/stations/NMBS/008881174,IC,2018-03-12T10:29:00,2018-03-12T10:29:00,1401,1401
http://irail.be/vehicle/IC3730,http://irail.be/stations/NMBS/008881166,IC,2018-03-12T10:32:00,2018-03-12T10:31:00,1418,1426
http://irail.be/vehicle/IC3730,http://irail.be/stations/NMBS/008881158,IC,2018-03-12T10:35:00,2018-03-12T10:35:00,1418,1418
http://irail.be/vehicle/IC3730,http://irail.be/stations/NMBS/008881125,IC,2018-03-12T10:37:00,2018-03-12T10:37:00,1339,1339
http://irail.be/vehicle/IC3730,http://irail.be/stations/NMBS/008881000,IC,2018-03-12T10:42:00,2018-03-12T10:42:00,,1317
http://irail.be/vehicle/IC3730,http://irail.be/stations/NMBS/008819406,IC,2018-12-27T09:30:00,2018-12-27T09:30:00,-21,
http://irail.be/vehicle/IC3730,http://irail.be/stations/NMBS/008811007,IC,2018-12-27T09:37:00,2018-12-27T09:37:00,-32,-32
http://irail.be/vehicle/IC3730,http://irail.be/stations/NMBS/008812005,IC,2018-12-27T09:43:00,2018-12-27T09:41:00,-30,-61
http://irail.be/vehicle/IC3730,http://irail.be/stations/NMBS/008813045,IC,2018-12-27T09:45:00,2018-12-27T09:45:00,-43,-43
http://irail.be/vehicle/IC3730,http://irail.be/stations/NMBS/008813003,IC,2018-12-27T09:48:00,2018-12-27T09:47:00,-11,-57
http://irail.be/vehicle/IC3730,http://irail.be/stations/NMBS/008813037,IC,2018-12-27T09:50:00,2018-12-27T09:50:00,-11,-11
http://irail.be/vehicle/IC3730,http://irail.be/stations/NMBS/008814001,IC,2018-12-27T09:56:00,2018-12-27T09:52:00,21,12
http://irail.be/vehicle/IC3730,http://irail.be/stations/NMBS/008814308,IC,2018-12-27T10:05:00,2018-12-27T10:05:00,-47,-47
http://irail.be/vehicle/IC3730,http://irail.be/stations/NMBS/008814332,IC,2018-12-27T10:06:00,2018-12-27T10:06:00,-42,-42
http://irail.be/vehicle/IC3730,http://irail.be/stations/NMBS/008883808,IC,2018-12-27T10:08:00,2018-12-27T10:08:00,-84,-84
http://irail.be/vehicle/IC3730,http://irail.be/stations/NMBS/008883022,IC,2018-12-27T10:10:00,2018-12-27T10:10:00,-80,-80
http://irail.be/vehicle/IC3730,NO-URI,IC,2018-12-27T10:11:00,2018-12-27T10:11:00,-128,-128
http://irail.be/vehicle/IC3730,http://irail.be/stations/NMBS/008883006,IC,2018-12-27T10:18:00,2018-12-27T10:16:00,37,-160
http://irail.be/vehicle/IC3730,http://irail.be/stations/NMBS/008883113,IC,2018-12-27T10:24:00,2018-12-27T10:23:00,120,34
http://irail.be/vehicle/IC3730,NO-URI,IC,2018-12-27T10:27:00,2018-12-27T10:27:00,109,109
http://irail.be/vehicle/IC3730,http://irail.be/stations/NMBS/008883121,IC,2018-12-27T10:28:00,2018-12-27T10:28:00,100,100
http://irail.be/vehicle/IC3730,http://irail.be/stations/NMBS/008881174,IC,2018-12-27T10:29:00,2018-12-27T10:29:00,99,99
http://irail.be/vehicle/IC3730,http://irail.be/stations/NMBS/008881166,IC,2018-12-27T10:33:00,2018-12-27T10:32:00,60,92
http://irail.be/vehicle/IC3730,http://irail.be/stations/NMBS/008881158,IC,2018-12-27T10:36:00,2018-12-27T10:36:00,60,60
http://irail.be/vehicle/IC3730,http://irail.be/stations/NMBS/008881125,IC,2018-12-27T10:37:00,2018-12-27T10:37:00,43,43
http://irail.be/vehicle/IC3730,http://irail.be/stations/NMBS/008881000,IC,2018-12-27T10:43:00,2018-12-27T10:43:00,,-59
http://irail.be/vehicle/IC3730,http://irail.be/stations/NMBS/008819406,IC,2018-08-05T09:31:00,2018-08-05T09:31:00,-4,
http://irail.be/vehicle/IC3730,http://irail.be/stations/NMBS/008811007,IC,2018-08-05T09:38:00,2018-08-05T09:38:00,31,31
http://irail.be/vehicle/IC3730,http://irail.be/stations/NMBS/008812005,IC,2018-08-05T09:43:00,2018-08-05T09:41:00,83,115
http://irail.be/vehicle/IC3730,http://irail.be/stations/NMBS/008813045,IC,2018-08-05T09:45:00,2018-08-05T09:45:00,86,86
http://irail.be/vehicle/IC3730,http://irail.be/stations/NMBS/008813003,IC,2018-08-05T09:47:00,2018-08-05T09:46:00,154,122
http://irail.be/vehicle/IC3730,http://irail.be/stations/NMBS/008813037,IC,2018-08-05T09:48:00,2018-08-05T09:48:00,158,158
http://irail.be/vehicle/IC3730,http://irail.be/stations/NMBS/008814001,IC,2018-08-05T09:55:00,2018-08-05T09:51:00,117,279
http://irail.be/vehicle/IC3730,http://irail.be/stations/NMBS/008814308,IC,2018-08-05T10:04:00,2018-08-05T10:04:00,75,75
http://irail.be/vehicle/IC3730,http://irail.be/stations/NMBS/008814332,IC,2018-08-05T10:05:00,2018-08-05T10:05:00,73,73
http://irail.be/vehicle/IC3730,http://irail.be/stations/NMBS/008883808,IC,2018-08-05T10:07:00,2018-08-05T10:07:00,29,29
http://irail.be/vehicle/IC3730,http://irail.be/stations/NMBS/008883022,IC,2018-08-05T10:09:00,2018-08-05T10:09:00,36,36
http://irail.be/vehicle/IC3730,NO-URI,IC,2018-08-05T10:09:00,2018-08-05T10:09:00,43,43
http://irail.be/vehicle/IC3730,http://irail.be/stations/NMBS/008883006,IC,2018-08-05T10:16:00,2018-08-05T10:14:00,36,-1
http://irail.be/vehicle/IC3730,http://irail.be/stations/NMBS/008883113,IC,2018-08-05T10:22:00,2018-08-05T10:21:00,35,14
http://irail.be/vehicle/IC3730,NO-URI,IC,2018-08-05T10:26:00,2018-08-05T10:26:00,-13,-13
http://irail.be/vehicle/IC3730,http://irail.be/stations/NMBS/008883121,IC,2018-08-05T10:26:00,2018-08-05T10:26:00,-1,-1
http://irail.be/vehicle/IC3730,http://irail.be/stations/NMBS/008881174,IC,2018-08-05T10:27:00,2018-08-05T10:27:00,21,21
http://irail.be/vehicle/IC3730,http://irail.be/stations/NMBS/008881166,IC,2018-08-05T10:31:00,2018-08-05T10:30:00,58,9
http://irail.be/vehicle/IC3730,http://irail.be/stations/NMBS/008881158,IC,2018-08-05T10:33:00,2018-08-05T10:33:00,58,58
http://irail.be/vehicle/IC3730,http://irail.be/stations/NMBS/008881125,IC,2018-08-05T10:35:00,2018-08-05T10:35:00,26,26
http://irail.be/vehicle/IC3730,http://irail.be/stations/NMBS/008881000,IC,2018-08-05T10:40:00,2018-08-05T10:40:00,,-34
http://irail.be/vehicle/IC3730,http://irail.be/stations/NMBS/008819406,IC,2018-10-26T09:31:00,2018-10-26T09:31:00,93,
http://irail.be/vehicle/IC3730,http://irail.be/stations/NMBS/008811007,IC,2018-10-26T09:38:00,2018-10-26T09:38:00,497,497
http://irail.be/vehicle/IC3730,http://irail.be/stations/NMBS/008812005,IC,2018-10-26T09:43:00,2018-10-26T09:41:00,564,583
http://irail.be/vehicle/IC3730,http://irail.be/stations/NMBS/008813045,IC,2018-10-26T09:45:00,2018-10-26T09:45:00,566,566
http://irail.be/vehicle/IC3730,http://irail.be/stations/NMBS/008813003,IC,2018-10-26T09:47:00,2018-10-26T09:46:00,605,597
http://irail.be/vehicle/IC3730,http://irail.be/stations/NMBS/008813037,IC,2018-10-26T09:49:00,2018-10-26T09:49:00,605,605
http://irail.be/vehicle/IC3730,http://irail.be/stations/NMBS/008814001,IC,2018-10-26T09:55:00,2018-10-26T09:51:00,626,671
http://irail.be/vehicle/IC3730,http://irail.be/stations/NMBS/008814308,IC,2018-10-26T10:05:00,2018-10-26T10:05:00,570,570
http://irail.be/vehicle/IC3730,http://irail.be/stations/NMBS/008814332,IC,2018-10-26T10:06:00,2018-10-26T10:06:00,574,574
http://irail.be/vehicle/IC3730,http://irail.be/stations/NMBS/008883808,IC,2018-10-26T10:07:00,2018-10-26T10:07:00,586,586
http://irail.be/vehicle/IC3730,http://irail.be/stations/NMBS/008883022,IC,2018-10-26T10:10:00,2018-10-26T10:10:00,612,612
http://irail.be/vehicle/IC3730,NO-URI,IC,2018-10-26T10:10:00,2018-10-26T10:10:00,687,687
http://irail.be/vehicle/IC3730,http://irail.be/stations/NMBS/008883006,IC,2018-10-26T10:17:00,2018-10-26T10:15:00,562,654
http://irail.be/vehicle/IC3730,http://irail.be/stations/NMBS/008883113,IC,2018-10-26T10:23:00,2018-10-26T10:22:00,568,488
http://irail.be/vehicle/IC3730,NO-URI,IC,2018-10-26T10:27:00,2018-10-26T10:27:00,495,495
http://irail.be/vehicle/IC3730,http://irail.be/stations/NMBS/008883121,IC,2018-10-26T10:27:00,2018-10-26T10:27:00,503,503
http://irail.be/vehicle/IC3730,http://irail.be/stations/NMBS/008881174,IC,2018-10-26T10:29:00,2018-10-26T10:29:00,462,462
http://irail.be/vehicle/IC3730,http://irail.be/stations/NMBS/008881166,IC,2018-10-26T10:32:00,2018-10-26T10:31:00,477,487
http://irail.be/vehicle/IC3730,http://irail.be/stations/NMBS/008881158,IC,2018-10-26T10:34:00,2018-10-26T10:34:00,477,477
http://irail.be/vehicle/IC3730,http://irail.be/stations/NMBS/008881125,IC,2018-10-26T10:36:00,2018-10-26T10:36:00,435,435
http://irail.be/vehicle/IC3730,http://irail.be/stations/NMBS/008881000,IC,2018-10-26T10:42:00,2018-10-26T10:42:00,,285
http://irail.be/vehicle/IC3730,http://irail.be/stations/NMBS/008819406,IC,2018-04-08T09:31:00,2018-04-08T09:31:00,-10,
http://irail.be/vehicle/IC3730,http://irail.be/stations/NMBS/008811007,IC,2018-04-08T09:38:00,2018-04-08T09:38:00,28,28
http://irail.be/vehicle/IC3730,http://irail.be/stations/NMBS/008812005,IC,2018-04-08T09:43:00,2018-04-08T09:41:00,100,29
http://irail.be/vehicle/IC3730,http://irail.be/stations/NMBS/008813045,IC,2018-04-08T09:45:00,2018-04-08T09:45:00,120,120
http://irail.be/vehicle/IC3730,http://irail.be/stations/NMBS/008813003,IC,2018-04-08T09:47:00,2018-04-08T09:46:00,236,199
http://irail.be/vehicle/IC3730,http://irail.be/stations/NMBS/008813037,IC,2018-04-08T09:49:00,2018-04-08T09:49:00,236,236
http://irail.be/vehicle/IC3730,http://irail.be/stations/NMBS/008814001,IC,2018-04-08T09:55:00,2018-04-08T09:51:00,266,246
http://irail.be/vehicle/IC3730,http://irail.be/stations/NMBS/008814373,IC,2018-04-08T10:01:43,2018-04-08T10:01:43,15,15
http://irail.be/vehicle/IC3730,http://irail.be/stations/NMBS/008814365,IC,2018-04-08T10:00:00,2018-04-08T10:00:00,253,253
http://irail.be/vehicle/IC3730,http://irail.be/stations/NMBS/008814357,IC,2018-04-08T10:02:00,2018-04-08T10:02:00,253,253
http://irail.be/vehicle/IC3730,http://irail.be/stations/NMBS/008814340,IC,2018-04-08T10:03:00,2018-04-08T10:03:00,236,236
http://irail.be/vehicle/IC3730,http://irail.be/stations/NMBS/008814308,IC,2018-04-08T10:04:00,2018-04-08T10:04:00,242,242
http://irail.be/vehicle/IC3730,http://irail.be/stations/NMBS/008814332,IC,2018-04-08T10:05:00,2018-04-08T10:05:00,234,234
http://irail.be/vehicle/IC3730,http://irail.be/stations/NMBS/008883808,IC,2018-04-08T10:07:00,2018-04-08T10:07:00,186,186
http://irail.be/vehicle/IC3730,http://irail.be/stations/NMBS/008883022,IC,2018-04-08T10:09:00,2018-04-08T10:09:00,188,188
http://irail.be/vehicle/IC3730,NO-URI,IC,2018-04-08T10:09:00,2018-04-08T10:09:00,196,196
http://irail.be/vehicle/IC3730,http://irail.be/stations/NMBS/008883006,IC,2018-04-08T10:16:00,2018-04-08T10:14:00,79,132
http://irail.be/vehicle/IC3730,http://irail.be/stations/NMBS/008883113,IC,2018-04-08T10:22:00,2018-04-08T10:21:00,49,5
http://irail.be/vehicle/IC3730,NO-URI,IC,2018-04-08T10:26:00,2018-04-08T10:26:00,-25,-25
http://irail.be/vehicle/IC3730,http://irail.be/stations/NMBS/008883121,IC,2018-04-08T10:26:00,2018-04-08T10:26:00,-12,-12
http://irail.be/vehicle/IC3730,http://irail.be/stations/NMBS/008881174,IC,2018-04-08T10:27:00,2018-04-08T10:27:00,9,9
http://irail.be/vehicle/IC3730,http://irail.be/stations/NMBS/008881166,IC,2018-04-08T10:31:00,2018-04-08T10:30:00,-15,-5
http://irail.be/vehicle/IC3730,http://irail.be/stations/NMBS/008881158,IC,2018-04-08T10:34:00,2018-04-08T10:34:00,-15,-15
http://irail.be/vehicle/IC3730,http://irail.be/stations/NMBS/008881125,IC,2018-04-08T10:35:00,2018-04-08T10:35:00,-28,-28
http://irail.be/vehicle/IC3730,http://irail.be/stations/NMBS/008881000,IC,2018-04-08T10:40:00,2018-04-08T10:40:00,,-48
http://irail.be/vehicle/IC3730,http://irail.be/stations/NMBS/008819406,IC,2018-05-04T09:31:00,2018-05-04T09:31:00,101,
http://irail.be/vehicle/IC3730,http://irail.be/stations/NMBS/008811007,IC,2018-05-04T09:38:00,2018-05-04T09:38:00,105,105
http://irail.be/vehicle/IC3730,http://irail.be/stations/NMBS/008812005,IC,2018-05-04T09:43:00,2018-05-04T09:41:00,340,227
http://irail.be/vehicle/IC3730,http://irail.be/stations/NMBS/008813045,IC,2018-05-04T09:45:00,2018-05-04T09:45:00,338,338
http://irail.be/vehicle/IC3730,http://irail.be/stations/NMBS/008813003,IC,2018-05-04T09:47:00,2018-05-04T09:46:00,361,369
http://irail.be/vehicle/IC3730,http://irail.be/stations/NMBS/008813037,IC,2018-05-04T09:49:00,2018-05-04T09:49:00,361,361
http://irail.be/vehicle/IC3730,http://irail.be/stations/NMBS/008814001,IC,2018-05-04T09:55:00,2018-05-04T09:51:00,274,410
http://irail.be/vehicle/IC3730,http://irail.be/stations/NMBS/008814365,IC,2018-05-04T10:01:00,2018-05-04T10:01:00,455,455
http://irail.be/vehicle/IC3730,http://irail.be/stations/NMBS/008814357,IC,2018-05-04T10:03:00,2018-05-04T10:03:00,455,455
http://irail.be/vehicle/IC3730,http://irail.be/stations/NMBS/008814340,IC,2018-05-04T10:04:00,2018-05-04T10:04:00,442,442
http://irail.be/vehicle/IC3730,http://irail.be/stations/NMBS/008814308,IC,2018-05-04T10:05:00,2018-05-04T10:05:00,452,452
http://irail.be/vehicle/IC3730,http://irail.be/stations/NMBS/008814332,IC,2018-05-04T10:06:00,2018-05-04T10:06:00,446,446
http://irail.be/vehicle/IC3730,http://irail.be/stations/NMBS/008883808,IC,2018-05-04T10:07:00,2018-05-04T10:07:00,466,466
http://irail.be/vehicle/IC3730,http://irail.be/stations/NMBS/008883022,IC,2018-05-04T10:10:00,2018-05-04T10:10:00,420,420
http://irail.be/vehicle/IC3730,NO-URI,IC,2018-05-04T10:10:00,2018-05-04T10:10:00,424,424
http://irail.be/vehicle/IC3730,http://irail.be/stations/NMBS/008883006,IC,2018-05-04T10:17:00,2018-05-04T10:15:00,250,364
http://irail.be/vehicle/IC3730,http://irail.be/stations/NMBS/008883113,IC,2018-05-04T10:23:00,2018-05-04T10:22:00,185,179
http://irail.be/vehicle/IC3730,NO-URI,IC,2018-05-04T10:27:00,2018-05-04T10:27:00,113,113
http://irail.be/vehicle/IC3730,http://irail.be/stations/NMBS/008883121,IC,2018-05-04T10:27:00,2018-05-04T10:27:00,122,122
http://irail.be/vehicle/IC3730,http://irail.be/stations/NMBS/008881174,IC,2018-05-04T10:29:00,2018-05-04T10:29:00,135,135
http://irail.be/vehicle/IC3730,http://irail.be/stations/NMBS/008881166,IC,2018-05-04T10:32:00,2018-05-04T10:31:00,211,164
http://irail.be/vehicle/IC3730,http://irail.be/stations/NMBS/008881158,IC,2018-05-04T10:35:00,2018-05-04T10:35:00,211,211
http://irail.be/vehicle/IC3730,http://irail.be/stations/NMBS/008881125,IC,2018-05-04T10:37:00,2018-05-04T10:37:00,136,136
http://irail.be/vehicle/IC3730,http://irail.be/stations/NMBS/008881000,IC,2018-05-04T10:42:00,2018-05-04T10:42:00,,136
http://irail.be/vehicle/IC3730,http://irail.be/stations/NMBS/008819406,IC,2018-09-09T09:31:00,2018-09-09T09:31:00,10,
http://irail.be/vehicle/IC3730,http://irail.be/stations/NMBS/008811007,IC,2018-09-09T09:38:00,2018-09-09T09:38:00,39,39
http://irail.be/vehicle/IC3730,http://irail.be/stations/NMBS/008812005,IC,2018-09-09T09:43:00,2018-09-09T09:41:00,90,32
http://irail.be/vehicle/IC3730,http://irail.be/stations/NMBS/008813045,IC,2018-09-09T09:45:00,2018-09-09T09:45:00,110,110
http://irail.be/vehicle/IC3730,http://irail.be/stations/NMBS/008813003,IC,2018-09-09T09:47:00,2018-09-09T09:46:00,320,250
http://irail.be/vehicle/IC3730,http://irail.be/stations/NMBS/008813037,IC,2018-09-09T09:48:00,2018-09-09T09:48:00,324,324
http://irail.be/vehicle/IC3730,http://irail.be/stations/NMBS/008814001,IC,2018-09-09T09:55:00,2018-09-09T09:51:00,236,317
http://irail.be/vehicle/IC3730,http://irail.be/stations/NMBS/008814308,IC,2018-09-09T10:04:00,2018-09-09T10:04:00,197,197
http://irail.be/vehicle/IC3730,http://irail.be/stations/NMBS/008814332,IC,2018-09-09T10:05:00,2018-09-09T10:05:00,193,193
http://irail.be/vehicle/IC3730,http://irail.be/stations/NMBS/008883808,IC,2018-09-09T10:07:00,2018-09-09T10:07:00,145,145
http://irail.be/vehicle/IC3730,http://irail.be/stations/NMBS/008883022,IC,2018-09-09T10:09:00,2018-09-09T10:09:00,147,147
http://irail.be/vehicle/IC3730,NO-URI,IC,2018-09-09T10:09:00,2018-09-09T10:09:00,155,155
http://irail.be/vehicle/IC3730,http://irail.be/stations/NMBS/008883006,IC,2018-09-09T10:16:00,2018-09-09T10:14:00,112,101
http://irail.be/vehicle/IC3730,http://irail.be/stations/NMBS/008883113,IC,2018-09-09T10:22:00,2018-09-09T10:21:00,90,55
http://irail.be/vehicle/IC3730,NO-URI,IC,2018-09-09T10:26:00,2018-09-09T10:26:00,111,111
http://irail.be/vehicle/IC3730,http://irail.be/stations/NMBS/008883121,IC,2018-09-09T10:26:00,2018-09-09T10:26:00,143,143
http://irail.be/vehicle/IC3730,http://irail.be/stations/NMBS/008881174,IC,2018-09-09T10:27:00,2018-09-09T10:27:00,236,236
http://irail.be/vehicle/IC3730,http://irail.be/stations/NMBS/008881166,IC,2018-09-09T10:31:00,2018-09-09T10:30:00,326,243
http://irail.be/vehicle/IC3730,http://irail.be/stations/NMBS/008881158,IC,2018-09-09T10:33:00,2018-09-09T10:33:00,326,326
http://irail.be/vehicle/IC3730,http://irail.be/stations/NMBS/008881125,IC,2018-09-09T10:35:00,2018-09-09T10:35:00,291,291
http://irail.be/vehicle/IC3730,http://irail.be/stations/NMBS/008881000,IC,2018-09-09T10:40:00,2018-09-09T10:40:00,,224
http://irail.be/vehicle/IC3730,http://irail.be/stations/NMBS/008819406,IC,2018-01-26T09:31:00,2018-01-26T09:31:00,-9,
http://irail.be/vehicle/IC3730,http://irail.be/stations/NMBS/008811007,IC,2018-01-26T09:38:00,2018-01-26T09:38:00,18,18
http://irail.be/vehicle/IC3730,http://irail.be/stations/NMBS/008812005,IC,2018-01-26T09:43:00,2018-01-26T09:41:00,47,96
http://irail.be/vehicle/IC3730,http://irail.be/stations/NMBS/008813045,IC,2018-01-26T09:45:00,2018-01-26T09:45:00,51,51
http://irail.be/vehicle/IC3730,http://irail.be/stations/NMBS/008813003,IC,2018-01-26T09:47:00,2018-01-26T09:46:00,122,78
http://irail.be/vehicle/IC3730,http://irail.be/stations/NMBS/008813037,IC,2018-01-26T09:49:00,2018-01-26T09:49:00,122,122
http://irail.be/vehicle/IC3730,http://irail.be/stations/NMBS/008814001,IC,2018-01-26T09:55:00,2018-01-26T09:51:00,47,193
http://irail.be/vehicle/IC3730,http://irail.be/stations/NMBS/008814373,IC,2018-01-26T10:00:02,2018-01-26T10:01:41,-89,-89
http://irail.be/vehicle/IC3730,http://irail.be/stations/NMBS/008814365,IC,2018-01-26T10:01:00,2018-01-26T10:01:00,109,109
http://irail.be/vehicle/IC3730,http://irail.be/stations/NMBS/008814357,IC,2018-01-26T10:03:00,2018-01-26T10:03:00,109,109
http://irail.be/vehicle/IC3730,http://irail.be/stations/NMBS/008814340,IC,2018-01-26T10:04:00,2018-01-26T10:04:00,95,95
http://irail.be/vehicle/IC3730,http://irail.be/stations/NMBS/008814308,IC,2018-01-26T10:05:00,2018-01-26T10:05:00,108,108
http://irail.be/vehicle/IC3730,http://irail.be/stations/NMBS/008814332,IC,2018-01-26T10:06:00,2018-01-26T10:06:00,101,101
http://irail.be/vehicle/IC3730,http://irail.be/stations/NMBS/008883808,IC,2018-01-26T10:07:00,2018-01-26T10:07:00,113,113
http://irail.be/vehicle/IC3730,http://irail.be/stations/NMBS/008883022,IC,2018-01-26T10:10:00,2018-01-26T10:10:00,61,61
http://irail.be/vehicle/IC3730,NO-URI,IC,2018-01-26T10:10:00,2018-01-26T10:10:00,67,67
http://irail.be/vehicle/IC3730,http://irail.be/stations/NMBS/008883006,IC,2018-01-26T10:17:00,2018-01-26T10:15:00,28,-35
http://irail.be/vehicle/IC3730,http://irail.be/stations/NMBS/008883113,IC,2018-01-26T10:23:00,2018-01-26T10:22:00,30,-25
http://irail.be/vehicle/IC3730,NO-URI,IC,2018-01-26T10:27:00,2018-01-26T10:27:00,-31,-31
http://irail.be/vehicle/IC3730,http://irail.be/stations/NMBS/008883121,IC,2018-01-26T10:27:00,2018-01-26T10:27:00,-21,-21
http://irail.be/vehicle/IC3730,http://irail.be/stations/NMBS/008881174,IC,2018-01-26T10:29:00,2018-01-26T10:29:00,-60,-60
http://irail.be/vehicle/IC3730,http://irail.be/stations/NMBS/008881166,IC,2018-01-26T10:32:00,2018-01-26T10:31:00,13,-28
http://irail.be/vehicle/IC3730,http://irail.be/stations/NMBS/008881158,IC,2018-01-26T10:35:00,2018-01-26T10:35:00,13,13
http://irail.be/vehicle/IC3730,http://irail.be/stations/NMBS/008881125,IC,2018-01-26T10:37:00,2018-01-26T10:37:00,75,75
http://irail.be/vehicle/IC3730,http://irail.be/stations/NMBS/008881000,IC,2018-01-26T10:42:00,2018-01-26T10:42:00,,87
http://irail.be/vehicle/IC3730,http://irail.be/stations/NMBS/008819406,IC,2018-05-29T09:31:00,2018-05-29T09:31:00,329,
http://irail.be/vehicle/IC3730,http://irail.be/stations/NMBS/008811007,IC,2018-05-29T09:38:00,2018-05-29T09:38:00,331,331
http://irail.be/vehicle/IC3730,http://irail.be/stations/NMBS/008812005,IC,2018-05-29T09:43:00,2018-05-29T09:41:00,327,357
http://irail.be/vehicle/IC3730,http://irail.be/stations/NMBS/008813045,IC,2018-05-29T09:45:00,2018-05-29T09:45:00,317,317
http://irail.be/vehicle/IC3730,http://irail.be/stations/NMBS/008813003,IC,2018-05-29T09:47:00,2018-05-29T09:46:00,378,342
http://irail.be/vehicle/IC3730,http://irail.be/stations/NMBS/008813037,IC,2018-05-29T09:49:00,2018-05-29T09:49:00,378,378
http://irail.be/vehicle/IC3730,http://irail.be/stations/NMBS/008814001,IC,2018-05-29T09:55:00,2018-05-29T09:51:00,425,495
http://irail.be/vehicle/IC3730,http://irail.be/stations/NMBS/008814308,IC,2018-05-29T10:05:00,2018-05-29T10:05:00,309,309
http://irail.be/vehicle/IC3730,http://irail.be/stations/NMBS/008814332,IC,2018-05-29T10:06:00,2018-05-29T10:06:00,310,310
http://irail.be/vehicle/IC3730,http://irail.be/stations/NMBS/008883808,IC,2018-05-29T10:07:00,2018-05-29T10:07:00,332,332
http://irail.be/vehicle/IC3730,http://irail.be/stations/NMBS/008883022,IC,2018-05-29T10:10:00,2018-05-29T10:10:00,287,287
http://irail.be/vehicle/IC3730,NO-URI,IC,2018-05-29T10:10:00,2018-05-29T10:10:00,294,294
http://irail.be/vehicle/IC3730,http://irail.be/stations/NMBS/008883006,IC,2018-05-29T10:17:00,2018-05-29T10:15:00,143,242
http://irail.be/vehicle/IC3730,http://irail.be/stations/NMBS/008883113,IC,2018-05-29T10:23:00,2018-05-29T10:22:00,98,81
http://irail.be/vehicle/IC3730,NO-URI,IC,2018-05-29T10:27:00,2018-05-29T10:27:00,37,37
http://irail.be/vehicle/IC3730,http://irail.be/stations/NMBS/008883121,IC,2018-05-29T10:27:00,2018-05-29T10:27:00,50,50
http://irail.be/vehicle/IC3730,http://irail.be/stations/NMBS/008881174,IC,2018-05-29T10:29:00,2018-05-29T10:29:00,15,15
http://irail.be/vehicle/IC3730,http://irail.be/stations/NMBS/008881166,IC,2018-05-29T10:32:00,2018-05-29T10:31:00,72,46
http://irail.be/vehicle/IC3730,http://irail.be/stations/NMBS/008881158,IC,2018-05-29T10:35:00,2018-05-29T10:35:00,72,72
http://irail.be/vehicle/IC3730,http://irail.be/stations/NMBS/008881125,IC,2018-05-29T10:37:00,2018-05-29T10:37:00,4,4
http://irail.be/vehicle/IC3730,http://irail.be/stations/NMBS/008881000,IC,2018-05-29T10:42:00,2018-05-29T10:42:00,,28
http://irail.be/vehicle/IC3730,http://irail.be/stations/NMBS/008819406,IC,2018-01-23T09:31:00,2018-01-23T09:31:00,59,
http://irail.be/vehicle/IC3730,http://irail.be/stations/NMBS/008811007,IC,2018-01-23T09:38:00,2018-01-23T09:38:00,174,174
http://irail.be/vehicle/IC3730,http://irail.be/stations/NMBS/008812005,IC,2018-01-23T09:43:00,2018-01-23T09:41:00,307,275
http://irail.be/vehicle/IC3730,http://irail.be/stations/NMBS/008813045,IC,2018-01-23T09:45:00,2018-01-23T09:45:00,301,301
http://irail.be/vehicle/IC3730,http://irail.be/stations/NMBS/008813003,IC,2018-01-23T09:47:00,2018-01-23T09:46:00,376,384
http://irail.be/vehicle/IC3730,http://irail.be/stations/NMBS/008813037,IC,2018-01-23T09:49:00,2018-01-23T09:49:00,376,376
http://irail.be/vehicle/IC3730,http://irail.be/stations/NMBS/008814001,IC,2018-01-23T09:55:00,2018-01-23T09:51:00,232,375
http://irail.be/vehicle/IC3730,http://irail.be/stations/NMBS/008814365,IC,2018-01-23T10:01:00,2018-01-23T10:01:00,142,142
http://irail.be/vehicle/IC3730,http://irail.be/stations/NMBS/008814357,IC,2018-01-23T10:03:00,2018-01-23T10:03:00,142,142
http://irail.be/vehicle/IC3730,http://irail.be/stations/NMBS/008814340,IC,2018-01-23T10:04:00,2018-01-23T10:04:00,125,125
http://irail.be/vehicle/IC3730,http://irail.be/stations/NMBS/008814308,IC,2018-01-23T10:05:00,2018-01-23T10:05:00,151,151
http://irail.be/vehicle/IC3730,http://irail.be/stations/NMBS/008814332,IC,2018-01-23T10:06:00,2018-01-23T10:06:00,157,157
http://irail.be/vehicle/IC3730,http://irail.be/stations/NMBS/008883808,IC,2018-01-23T10:07:00,2018-01-23T10:07:00,540,540
http://irail.be/vehicle/IC3730,http://irail.be/stations/NMBS/008883022,IC,2018-01-23T10:10:00,2018-01-23T10:10:00,503,503
http://irail.be/vehicle/IC3730,NO-URI,IC,2018-01-23T10:10:00,2018-01-23T10:10:00,509,509
http://irail.be/vehicle/IC3730,http://irail.be/stations/NMBS/008883006,IC,2018-01-23T10:17:00,2018-01-23T10:15:00,460,523
http://irail.be/vehicle/IC3730,http://irail.be/stations/NMBS/008883113,IC,2018-01-23T10:23:00,2018-01-23T10:22:00,398,391
http://irail.be/vehicle/IC3730,NO-URI,IC,2018-01-23T10:27:00,2018-01-23T10:27:00,330,330
http://irail.be/vehicle/IC3730,http://irail.be/stations/NMBS/008883121,IC,2018-01-23T10:27:00,2018-01-23T10:27:00,340,340
http://irail.be/vehicle/IC3730,http://irail.be/stations/NMBS/008881174,IC,2018-01-23T10:29:00,2018-01-23T10:29:00,301,301
http://irail.be/vehicle/IC3730,http://irail.be/stations/NMBS/008881166,IC,2018-01-23T10:32:00,2018-01-23T10:31:00,319,327
http://irail.be/vehicle/IC3730,http://irail.be/stations/NMBS/008881158,IC,2018-01-23T10:35:00,2018-01-23T10:35:00,319,319
http://irail.be/vehicle/IC3730,http://irail.be/stations/NMBS/008881125,IC,2018-01-23T10:37:00,2018-01-23T10:37:00,239,239
http://irail.be/vehicle/IC3730,http://irail.be/stations/NMBS/008881000,IC,2018-01-23T10:42:00,2018-01-23T10:42:00,,207
http://irail.be/vehicle/IC3730,http://irail.be/stations/NMBS/008812005,IC,2018-02-07T09:43:00,2018-02-07T09:43:00,13,
http://irail.be/vehicle/IC3730,http://irail.be/stations/NMBS/008813045,IC,2018-02-07T09:45:00,2018-02-07T09:45:00,18,18
http://irail.be/vehicle/IC3730,http://irail.be/stations/NMBS/008813003,IC,2018-02-07T09:47:00,2018-02-07T09:46:00,55,55
http://irail.be/vehicle/IC3730,http://irail.be/stations/NMBS/008813037,IC,2018-02-07T09:49:00,2018-02-07T09:49:00,55,55
http://irail.be/vehicle/IC3730,http://irail.be/stations/NMBS/008814001,IC,2018-02-07T09:55:00,2018-02-07T09:51:00,41,59
http://irail.be/vehicle/IC3730,http://irail.be/stations/NMBS/008814365,IC,2018-02-07T10:01:00,2018-02-07T10:01:00,53,53
http://irail.be/vehicle/IC3730,http://irail.be/stations/NMBS/008814357,IC,2018-02-07T10:03:00,2018-02-07T10:03:00,53,53
http://irail.be/vehicle/IC3730,http://irail.be/stations/NMBS/008814340,IC,2018-02-07T10:04:00,2018-02-07T10:04:00,82,82
http://irail.be/vehicle/IC3730,http://irail.be/stations/NMBS/008814308,IC,2018-02-07T10:05:00,2018-02-07T10:05:00,154,154
http://irail.be/vehicle/IC3730,http://irail.be/stations/NMBS/008814332,IC,2018-02-07T10:06:00,2018-02-07T10:06:00,150,150
http://irail.be/vehicle/IC3730,http://irail.be/stations/NMBS/008883808,IC,2018-02-07T10:07:00,2018-02-07T10:07:00,161,161
http://irail.be/vehicle/IC3730,http://irail.be/stations/NMBS/008883022,IC,2018-02-07T10:10:00,2018-02-07T10:10:00,108,108
http://irail.be/vehicle/IC3730,NO-URI,IC,2018-02-07T10:10:00,2018-02-07T10:10:00,114,114
http://irail.be/vehicle/IC3730,http://irail.be/stations/NMBS/008883006,IC,2018-02-07T10:17:00,2018-02-07T10:15:00,5,13
http://irail.be/vehicle/IC3730,http://irail.be/stations/NMBS/008883113,IC,2018-02-07T10:23:00,2018-02-07T10:22:00,-2,-48
http://irail.be/vehicle/IC3730,NO-URI,IC,2018-02-07T10:27:00,2018-02-07T10:27:00,-65,-65
http://irail.be/vehicle/IC3730,http://irail.be/stations/NMBS/008883121,IC,2018-02-07T10:27:00,2018-02-07T10:27:00,-60,-60
http://irail.be/vehicle/IC3730,http://irail.be/stations/NMBS/008881174,IC,2018-02-07T10:29:00,2018-02-07T10:29:00,-96,-96
http://irail.be/vehicle/IC3730,http://irail.be/stations/NMBS/008881166,IC,2018-02-07T10:32:00,2018-02-07T10:31:00,-12,-69
http://irail.be/vehicle/IC3730,http://irail.be/stations/NMBS/008881158,IC,2018-02-07T10:35:00,2018-02-07T10:35:00,-12,-12
http://irail.be/vehicle/IC3730,http://irail.be/stations/NMBS/008881125,IC,2018-02-07T10:37:00,2018-02-07T10:37:00,-89,-89
http://irail.be/vehicle/IC3730,http://irail.be/stations/NMBS/008881000,IC,2018-02-07T10:42:00,2018-02-07T10:42:00,,-95
http://irail.be/vehicle/IC3730,http://irail.be/stations/NMBS/008819406,IC,2018-11-06T09:31:00,2018-11-06T09:31:00,1022,
http://irail.be/vehicle/IC3730,http://irail.be/stations/NMBS/008811007,IC,2018-11-06T09:38:00,2018-11-06T09:38:00,1000,1000
http://irail.be/vehicle/IC3730,http://irail.be/stations/NMBS/008812005,IC,2018-11-06T09:43:00,2018-11-06T09:41:00,948,1017
http://irail.be/vehicle/IC3730,http://irail.be/stations/NMBS/008813045,IC,2018-11-06T09:45:00,2018-11-06T09:45:00,943,943
http://irail.be/vehicle/IC3730,http://irail.be/stations/NMBS/008813003,IC,2018-11-06T09:47:00,2018-11-06T09:46:00,1043,1021
http://irail.be/vehicle/IC3730,http://irail.be/stations/NMBS/008813037,IC,2018-11-06T09:49:00,2018-11-06T09:49:00,1043,1043
http://irail.be/vehicle/IC3730,http://irail.be/stations/NMBS/008814001,IC,2018-11-06T09:55:00,2018-11-06T09:51:00,854,1042
http://irail.be/vehicle/IC3730,http://irail.be/stations/NMBS/008814308,IC,2018-11-06T10:05:00,2018-11-06T10:05:00,709,709
http://irail.be/vehicle/IC3730,http://irail.be/stations/NMBS/008814332,IC,2018-11-06T10:06:00,2018-11-06T10:06:00,710,710
http://irail.be/vehicle/IC3730,http://irail.be/stations/NMBS/008883808,IC,2018-11-06T10:07:00,2018-11-06T10:07:00,720,720
http://irail.be/vehicle/IC3730,http://irail.be/stations/NMBS/008883022,IC,2018-11-06T10:10:00,2018-11-06T10:10:00,664,664
http://irail.be/vehicle/IC3730,NO-URI,IC,2018-11-06T10:10:00,2018-11-06T10:10:00,672,672
http://irail.be/vehicle/IC3730,http://irail.be/stations/NMBS/008883006,IC,2018-11-06T10:17:00,2018-11-06T10:15:00,568,640
http://irail.be/vehicle/IC3730,http://irail.be/stations/NMBS/008883113,IC,2018-11-06T10:23:00,2018-11-06T10:22:00,474,494
http://irail.be/vehicle/IC3730,NO-URI,IC,2018-11-06T10:27:00,2018-11-06T10:27:00,395,395
http://irail.be/vehicle/IC3730,http://irail.be/stations/NMBS/008883121,IC,2018-11-06T10:27:00,2018-11-06T10:27:00,402,402
http://irail.be/vehicle/IC3730,http://irail.be/stations/NMBS/008881174,IC,2018-11-06T10:29:00,2018-11-06T10:29:00,362,362
http://irail.be/vehicle/IC3730,http://irail.be/stations/NMBS/008881166,IC,2018-11-06T10:32:00,2018-11-06T10:31:00,369,387
http://irail.be/vehicle/IC3730,http://irail.be/stations/NMBS/008881158,IC,2018-11-06T10:34:00,2018-11-06T10:34:00,369,369
http://irail.be/vehicle/IC3730,http://irail.be/stations/NMBS/008881125,IC,2018-11-06T10:36:00,2018-11-06T10:36:00,328,328
http://irail.be/vehicle/IC3730,http://irail.be/stations/NMBS/008881000,IC,2018-11-06T10:42:00,2018-11-06T10:42:00,,321
http://irail.be/vehicle/IC3730,http://irail.be/stations/NMBS/008819406,IC,2018-11-26T09:31:00,2018-11-26T09:31:00,2458,
http://irail.be/vehicle/IC3730,http://irail.be/stations/NMBS/008811007,IC,2018-11-26T09:38:00,2018-11-26T09:38:00,3060,3060
http://irail.be/vehicle/IC3730,http://irail.be/stations/NMBS/008812005,IC,2018-11-26T09:43:00,2018-11-26T09:41:00,4328,3759
http://irail.be/vehicle/IC3730,http://irail.be/stations/NMBS/008813045,IC,2018-11-26T09:45:00,2018-11-26T09:45:00,4340,4340
http://irail.be/vehicle/IC3730,http://irail.be/stations/NMBS/008813003,IC,2018-11-26T09:47:00,2018-11-26T09:46:00,4582,4534
http://irail.be/vehicle/IC3730,http://irail.be/stations/NMBS/008813037,IC,2018-11-26T09:49:00,2018-11-26T09:49:00,4582,4582
http://irail.be/vehicle/IC3730,http://irail.be/stations/NMBS/008814001,IC,2018-11-26T09:55:00,2018-11-26T09:51:00,4650,4638
http://irail.be/vehicle/IC3730,http://irail.be/stations/NMBS/008814308,IC,2018-11-26T10:05:00,2018-11-26T10:05:00,4588,4588
http://irail.be/vehicle/IC3730,http://irail.be/stations/NMBS/008814332,IC,2018-11-26T10:06:00,2018-11-26T10:06:00,4594,4594
http://irail.be/vehicle/IC3730,http://irail.be/stations/NMBS/008883808,IC,2018-11-26T10:07:00,2018-11-26T10:07:00,4617,4617
http://irail.be/vehicle/IC3730,http://irail.be/stations/NMBS/008883022,IC,2018-11-26T10:10:00,2018-11-26T10:10:00,4575,4575
http://irail.be/vehicle/IC3730,NO-URI,IC,2018-11-26T10:10:00,2018-11-26T10:10:00,4586,4586
http://irail.be/vehicle/IC3730,http://irail.be/stations/NMBS/008883006,IC,2018-11-26T10:17:00,2018-11-26T10:15:00,4674,4631
http://irail.be/vehicle/IC3730,http://irail.be/stations/NMBS/008883113,IC,2018-11-26T10:23:00,2018-11-26T10:22:00,4661,4633
http://irail.be/vehicle/IC3730,NO-URI,IC,2018-11-26T10:27:00,2018-11-26T10:27:00,4606,4606
http://irail.be/vehicle/IC3730,http://irail.be/stations/NMBS/008883121,IC,2018-11-26T10:27:00,2018-11-26T10:27:00,4614,4614
http://irail.be/vehicle/IC3730,http://irail.be/stations/NMBS/008881174,IC,2018-11-26T10:29:00,2018-11-26T10:29:00,4575,4575
http://irail.be/vehicle/IC3730,http://irail.be/stations/NMBS/008881166,IC,2018-11-26T10:32:00,2018-11-26T10:31:00,4626,4603
http://irail.be/vehicle/IC3730,http://irail.be/stations/NMBS/008881158,IC,2018-11-26T10:34:00,2018-11-26T10:34:00,4626,4626
http://irail.be/vehicle/IC3730,http://irail.be/stations/NMBS/008881125,IC,2018-11-26T10:36:00,2018-11-26T10:36:00,4606,4606
http://irail.be/vehicle/IC3730,http://irail.be/stations/NMBS/008881000,IC,2018-11-26T10:42:00,2018-11-26T10:42:00,,4426
http://irail.be/vehicle/IC3730,http://irail.be/stations/NMBS/008819406,IC,2018-05-17T09:31:00,2018-05-17T09:31:00,-2,
http://irail.be/vehicle/IC3730,http://irail.be/stations/NMBS/008811007,IC,2018-05-17T09:38:00,2018-05-17T09:38:00,-37,-37
http://irail.be/vehicle/IC3730,http://irail.be/stations/NMBS/008812005,IC,2018-05-17T09:43:00,2018-05-17T09:41:00,1,-26
http://irail.be/vehicle/IC3730,http://irail.be/stations/NMBS/008813045,IC,2018-05-17T09:45:00,2018-05-17T09:45:00,3,3
http://irail.be/vehicle/IC3730,http://irail.be/stations/NMBS/008813003,IC,2018-05-17T09:47:00,2018-05-17T09:46:00,44,51
http://irail.be/vehicle/IC3730,http://irail.be/stations/NMBS/008813037,IC,2018-05-17T09:49:00,2018-05-17T09:49:00,44,44
http://irail.be/vehicle/IC3730,http://irail.be/stations/NMBS/008814001,IC,2018-05-17T09:55:00,2018-05-17T09:51:00,35,45
http://irail.be/vehicle/IC3730,http://irail.be/stations/NMBS/008814308,IC,2018-05-17T10:05:00,2018-05-17T10:05:00,-71,-71
http://irail.be/vehicle/IC3730,http://irail.be/stations/NMBS/008814332,IC,2018-05-17T10:06:00,2018-05-17T10:06:00,-73,-73
http://irail.be/vehicle/IC3730,http://irail.be/stations/NMBS/008883808,IC,2018-05-17T10:07:00,2018-05-17T10:07:00,-60,-60
http://irail.be/vehicle/IC3730,http://irail.be/stations/NMBS/008883022,IC,2018-05-17T10:10:00,2018-05-17T10:10:00,-108,-108
http://irail.be/vehicle/IC3730,NO-URI,IC,2018-05-17T10:10:00,2018-05-17T10:10:00,-102,-102
http://irail.be/vehicle/IC3730,http://irail.be/stations/NMBS/008883006,IC,2018-05-17T10:17:00,2018-05-17T10:15:00,32,-147
http://irail.be/vehicle/IC3730,http://irail.be/stations/NMBS/008883113,IC,2018-05-17T10:23:00,2018-05-17T10:22:00,22,-31
http://irail.be/vehicle/IC3730,NO-URI,IC,2018-05-17T10:27:00,2018-05-17T10:27:00,-36,-36
http://irail.be/vehicle/IC3730,http://irail.be/stations/NMBS/008883121,IC,2018-05-17T10:27:00,2018-05-17T10:27:00,-26,-26
http://irail.be/vehicle/IC3730,http://irail.be/stations/NMBS/008881174,IC,2018-05-17T10:29:00,2018-05-17T10:29:00,-63,-63
http://irail.be/vehicle/IC3730,http://irail.be/stations/NMBS/008881166,IC,2018-05-17T10:32:00,2018-05-17T10:31:00,28,-37
http://irail.be/vehicle/IC3730,http://irail.be/stations/NMBS/008881158,IC,2018-05-17T10:35:00,2018-05-17T10:35:00,28,28
http://irail.be/vehicle/IC3730,http://irail.be/stations/NMBS/008881125,IC,2018-05-17T10:37:00,2018-05-17T10:37:00,110,110
http://irail.be/vehicle/IC3730,http://irail.be/stations/NMBS/008881000,IC,2018-05-17T10:42:00,2018-05-17T10:42:00,,117
http://irail.be/vehicle/IC3730,http://irail.be/stations/NMBS/008819406,IC,2018-12-07T09:31:00,2018-12-07T09:31:00,305,
http://irail.be/vehicle/IC3730,http://irail.be/stations/NMBS/008811007,IC,2018-12-07T09:38:00,2018-12-07T09:38:00,740,740
http://irail.be/vehicle/IC3730,http://irail.be/stations/NMBS/008812005,IC,2018-12-07T09:43:00,2018-12-07T09:41:00,673,749
http://irail.be/vehicle/IC3730,http://irail.be/stations/NMBS/008813045,IC,2018-12-07T09:45:00,2018-12-07T09:45:00,667,667
http://irail.be/vehicle/IC3730,http://irail.be/stations/NMBS/008813003,IC,2018-12-07T09:47:00,2018-12-07T09:46:00,721,690
http://irail.be/vehicle/IC3730,http://irail.be/stations/NMBS/008813037,IC,2018-12-07T09:49:00,2018-12-07T09:49:00,721,721
http://irail.be/vehicle/IC3730,http://irail.be/stations/NMBS/008814001,IC,2018-12-07T09:55:00,2018-12-07T09:51:00,543,711
http://irail.be/vehicle/IC3730,http://irail.be/stations/NMBS/008814308,IC,2018-12-07T10:05:00,2018-12-07T10:05:00,391,391
http://irail.be/vehicle/IC3730,http://irail.be/stations/NMBS/008814332,IC,2018-12-07T10:06:00,2018-12-07T10:06:00,392,392
http://irail.be/vehicle/IC3730,http://irail.be/stations/NMBS/008883808,IC,2018-12-07T10:07:00,2018-12-07T10:07:00,406,406
http://irail.be/vehicle/IC3730,http://irail.be/stations/NMBS/008883022,IC,2018-12-07T10:10:00,2018-12-07T10:10:00,352,352
http://irail.be/vehicle/IC3730,NO-URI,IC,2018-12-07T10:10:00,2018-12-07T10:10:00,360,360
http://irail.be/vehicle/IC3730,http://irail.be/stations/NMBS/008883006,IC,2018-12-07T10:17:00,2018-12-07T10:15:00,226,284
http://irail.be/vehicle/IC3730,http://irail.be/stations/NMBS/008883113,IC,2018-12-07T10:23:00,2018-12-07T10:22:00,154,155
http://irail.be/vehicle/IC3730,NO-URI,IC,2018-12-07T10:27:00,2018-12-07T10:27:00,85,85
http://irail.be/vehicle/IC3730,http://irail.be/stations/NMBS/008883121,IC,2018-12-07T10:27:00,2018-12-07T10:27:00,92,92
http://irail.be/vehicle/IC3730,http://irail.be/stations/NMBS/008881174,IC,2018-12-07T10:29:00,2018-12-07T10:29:00,56,56
http://irail.be/vehicle/IC3730,http://irail.be/stations/NMBS/008881166,IC,2018-12-07T10:32:00,2018-12-07T10:31:00,85,85
http://irail.be/vehicle/IC3730,http://irail.be/stations/NMBS/008881158,IC,2018-12-07T10:34:00,2018-12-07T10:34:00,85,85
http://irail.be/vehicle/IC3730,http://irail.be/stations/NMBS/008881125,IC,2018-12-07T10:36:00,2018-12-07T10:36:00,55,55
http://irail.be/vehicle/IC3730,http://irail.be/stations/NMBS/008881000,IC,2018-12-07T10:42:00,2018-12-07T10:42:00,,-118
http://irail.be/vehicle/IC3730,http://irail.be/stations/NMBS/008819406,IC,2018-10-15T09:31:00,2018-10-15T09:31:00,2,
http://irail.be/vehicle/IC3730,http://irail.be/stations/NMBS/008811007,IC,2018-10-15T09:38:00,2018-10-15T09:38:00,37,37
http://irail.be/vehicle/IC3730,http://irail.be/stations/NMBS/008812005,IC,2018-10-15T09:43:00,2018-10-15T09:41:00,1,47
http://irail.be/vehicle/IC3730,http://irail.be/stations/NMBS/008813045,IC,2018-10-15T09:45:00,2018-10-15T09:45:00,-1,-1
http://irail.be/vehicle/IC3730,http://irail.be/stations/NMBS/008813003,IC,2018-10-15T09:47:00,2018-10-15T09:46:00,33,29
http://irail.be/vehicle/IC3730,http://irail.be/stations/NMBS/008813037,IC,2018-10-15T09:49:00,2018-10-15T09:49:00,33,33
http://irail.be/vehicle/IC3730,http://irail.be/stations/NMBS/008814001,IC,2018-10-15T09:55:00,2018-10-15T09:51:00,59,83
http://irail.be/vehicle/IC3730,http://irail.be/stations/NMBS/008814308,IC,2018-10-15T10:05:00,2018-10-15T10:05:00,-6,-6
http://irail.be/vehicle/IC3730,http://irail.be/stations/NMBS/008814332,IC,2018-10-15T10:06:00,2018-10-15T10:06:00,-4,-4
http://irail.be/vehicle/IC3730,http://irail.be/stations/NMBS/008883808,IC,2018-10-15T10:07:00,2018-10-15T10:07:00,60,60
http://irail.be/vehicle/IC3730,http://irail.be/stations/NMBS/008883022,IC,2018-10-15T10:10:00,2018-10-15T10:10:00,91,91
http://irail.be/vehicle/IC3730,NO-URI,IC,2018-10-15T10:10:00,2018-10-15T10:10:00,106,106
http://irail.be/vehicle/IC3730,http://irail.be/stations/NMBS/008883006,IC,2018-10-15T10:17:00,2018-10-15T10:15:00,85,64
http://irail.be/vehicle/IC3730,http://irail.be/stations/NMBS/008883113,IC,2018-10-15T10:23:00,2018-10-15T10:22:00,18,3
http://irail.be/vehicle/IC3730,NO-URI,IC,2018-10-15T10:27:00,2018-10-15T10:27:00,-62,-62
http://irail.be/vehicle/IC3730,http://irail.be/stations/NMBS/008883121,IC,2018-10-15T10:27:00,2018-10-15T10:27:00,-55,-55
http://irail.be/vehicle/IC3730,http://irail.be/stations/NMBS/008881174,IC,2018-10-15T10:29:00,2018-10-15T10:29:00,-96,-96
http://irail.be/vehicle/IC3730,http://irail.be/stations/NMBS/008881166,IC,2018-10-15T10:32:00,2018-10-15T10:31:00,1,-69
http://irail.be/vehicle/IC3730,http://irail.be/stations/NMBS/008881158,IC,2018-10-15T10:34:00,2018-10-15T10:34:00,1,1
http://irail.be/vehicle/IC3730,http://irail.be/stations/NMBS/008881125,IC,2018-10-15T10:36:00,2018-10-15T10:36:00,-45,-45
http://irail.be/vehicle/IC3730,http://irail.be/stations/NMBS/008881000,IC,2018-10-15T10:42:00,2018-10-15T10:42:00,,-83
http://irail.be/vehicle/IC3730,http://irail.be/stations/NMBS/008819406,IC,2018-05-06T09:31:00,2018-05-06T09:31:00,-8,
http://irail.be/vehicle/IC3730,http://irail.be/stations/NMBS/008811007,IC,2018-05-06T09:38:00,2018-05-06T09:38:00,51,51
http://irail.be/vehicle/IC3730,http://irail.be/stations/NMBS/008812005,IC,2018-05-06T09:43:00,2018-05-06T09:41:00,282,144
http://irail.be/vehicle/IC3730,http://irail.be/stations/NMBS/008813045,IC,2018-05-06T09:45:00,2018-05-06T09:45:00,297,297
http://irail.be/vehicle/IC3730,http://irail.be/stations/NMBS/008813003,IC,2018-05-06T09:47:00,2018-05-06T09:46:00,494,420
http://irail.be/vehicle/IC3730,http://irail.be/stations/NMBS/008813037,IC,2018-05-06T09:48:00,2018-05-06T09:48:00,496,496
http://irail.be/vehicle/IC3730,http://irail.be/stations/NMBS/008814001,IC,2018-05-06T09:55:00,2018-05-06T09:51:00,547,508
http://irail.be/vehicle/IC3730,http://irail.be/stations/NMBS/008814308,IC,2018-05-06T10:04:00,2018-05-06T10:04:00,506,506
http://irail.be/vehicle/IC3730,http://irail.be/stations/NMBS/008814332,IC,2018-05-06T10:05:00,2018-05-06T10:05:00,504,504
http://irail.be/vehicle/IC3730,http://irail.be/stations/NMBS/008883808,IC,2018-05-06T10:07:00,2018-05-06T10:07:00,456,456
http://irail.be/vehicle/IC3730,http://irail.be/stations/NMBS/008883022,IC,2018-05-06T10:09:00,2018-05-06T10:09:00,477,477
http://irail.be/vehicle/IC3730,NO-URI,IC,2018-05-06T10:09:00,2018-05-06T10:09:00,490,490
http://irail.be/vehicle/IC3730,http://irail.be/stations/NMBS/008883006,IC,2018-05-06T10:16:00,2018-05-06T10:14:00,488,500
http://irail.be/vehicle/IC3730,http://irail.be/stations/NMBS/008883113,IC,2018-05-06T10:22:00,2018-05-06T10:21:00,554,507
http://irail.be/vehicle/IC3730,NO-URI,IC,2018-05-06T10:26:00,2018-05-06T10:26:00,503,503
http://irail.be/vehicle/IC3730,http://irail.be/stations/NMBS/008883121,IC,2018-05-06T10:26:00,2018-05-06T10:26:00,512,512
http://irail.be/vehicle/IC3730,http://irail.be/stations/NMBS/008881174,IC,2018-05-06T10:27:00,2018-05-06T10:27:00,636,636
http://irail.be/vehicle/IC3730,http://irail.be/stations/NMBS/008881166,IC,2018-05-06T10:31:00,2018-05-06T10:30:00,685,637
http://irail.be/vehicle/IC3730,http://irail.be/stations/NMBS/008881158,IC,2018-05-06T10:33:00,2018-05-06T10:33:00,685,685
http://irail.be/vehicle/IC3730,http://irail.be/stations/NMBS/008881125,IC,2018-05-06T10:35:00,2018-05-06T10:35:00,643,643
http://irail.be/vehicle/IC3730,http://irail.be/stations/NMBS/008881000,IC,2018-05-06T10:40:00,2018-05-06T10:40:00,,616
http://irail.be/vehicle/IC3730,http://irail.be/stations/NMBS/008819406,IC,2018-04-24T09:31:00,2018-04-24T09:31:00,2,
http://irail.be/vehicle/IC3730,http://irail.be/stations/NMBS/008811007,IC,2018-04-24T09:38:00,2018-04-24T09:38:00,92,92
http://irail.be/vehicle/IC3730,http://irail.be/stations/NMBS/008812005,IC,2018-04-24T09:43:00,2018-04-24T09:41:00,95,114
http://irail.be/vehicle/IC3730,http://irail.be/stations/NMBS/008813045,IC,2018-04-24T09:45:00,2018-04-24T09:45:00,101,101
http://irail.be/vehicle/IC3730,http://irail.be/stations/NMBS/008813003,IC,2018-04-24T09:47:00,2018-04-24T09:46:00,122,130
http://irail.be/vehicle/IC3730,http://irail.be/stations/NMBS/008813037,IC,2018-04-24T09:49:00,2018-04-24T09:49:00,122,122
http://irail.be/vehicle/IC3730,http://irail.be/stations/NMBS/008814001,IC,2018-04-24T09:55:00,2018-04-24T09:51:00,44,131
http://irail.be/vehicle/IC3730,http://irail.be/stations/NMBS/008814308,IC,2018-04-24T10:05:00,2018-04-24T10:05:00,-55,-55
http://irail.be/vehicle/IC3730,http://irail.be/stations/NMBS/008814332,IC,2018-04-24T10:06:00,2018-04-24T10:06:00,-53,-53
http://irail.be/vehicle/IC3730,http://irail.be/stations/NMBS/008883808,IC,2018-04-24T10:07:00,2018-04-24T10:07:00,436,436
http://irail.be/vehicle/IC3730,http://irail.be/stations/NMBS/008883022,IC,2018-04-24T10:10:00,2018-04-24T10:10:00,407,407
http://irail.be/vehicle/IC3730,NO-URI,IC,2018-04-24T10:10:00,2018-04-24T10:10:00,416,416
http://irail.be/vehicle/IC3730,http://irail.be/stations/NMBS/008883006,IC,2018-04-24T10:17:00,2018-04-24T10:15:00,485,566
http://irail.be/vehicle/IC3730,http://irail.be/stations/NMBS/008883113,IC,2018-04-24T10:23:00,2018-04-24T10:22:00,459,438
http://irail.be/vehicle/IC3730,NO-URI,IC,2018-04-24T10:27:00,2018-04-24T10:27:00,390,390
http://irail.be/vehicle/IC3730,http://irail.be/stations/NMBS/008883121,IC,2018-04-24T10:27:00,2018-04-24T10:27:00,403,403
http://irail.be/vehicle/IC3730,http://irail.be/stations/NMBS/008881174,IC,2018-04-24T10:29:00,2018-04-24T10:29:00,444,444
http://irail.be/vehicle/IC3730,http://irail.be/stations/NMBS/008881166,IC,2018-04-24T10:32:00,2018-04-24T10:31:00,483,478
http://irail.be/vehicle/IC3730,http://irail.be/stations/NMBS/008881158,IC,2018-04-24T10:35:00,2018-04-24T10:35:00,483,483
http://irail.be/vehicle/IC3730,http://irail.be/stations/NMBS/008881125,IC,2018-04-24T10:37:00,2018-04-24T10:37:00,411,411
http://irail.be/vehicle/IC3730,http://irail.be/stations/NMBS/008881000,IC,2018-04-24T10:42:00,2018-04-24T10:42:00,,1213
http://irail.be/vehicle/IC3730,http://irail.be/stations/NMBS/008819406,IC,2018-05-22T09:31:00,2018-05-22T09:31:00,153,
http://irail.be/vehicle/IC3730,http://irail.be/stations/NMBS/008811007,IC,2018-05-22T09:38:00,2018-05-22T09:38:00,147,147
http://irail.be/vehicle/IC3730,http://irail.be/stations/NMBS/008812005,IC,2018-05-22T09:43:00,2018-05-22T09:41:00,214,154
http://irail.be/vehicle/IC3730,http://irail.be/stations/NMBS/008813045,IC,2018-05-22T09:45:00,2018-05-22T09:45:00,211,211
http://irail.be/vehicle/IC3730,http://irail.be/stations/NMBS/008813003,IC,2018-05-22T09:47:00,2018-05-22T09:46:00,243,236
http://irail.be/vehicle/IC3730,http://irail.be/stations/NMBS/008813037,IC,2018-05-22T09:49:00,2018-05-22T09:49:00,243,243
http://irail.be/vehicle/IC3730,http://irail.be/stations/NMBS/008814001,IC,2018-05-22T09:55:00,2018-05-22T09:51:00,226,240
http://irail.be/vehicle/IC3730,http://irail.be/stations/NMBS/008814365,IC,2018-05-22T10:01:00,2018-05-22T10:01:00,209,209
http://irail.be/vehicle/IC3730,http://irail.be/stations/NMBS/008814357,IC,2018-05-22T10:03:00,2018-05-22T10:03:00,209,209
http://irail.be/vehicle/IC3730,http://irail.be/stations/NMBS/008814340,IC,2018-05-22T10:04:00,2018-05-22T10:04:00,195,195
http://irail.be/vehicle/IC3730,http://irail.be/stations/NMBS/008814308,IC,2018-05-22T10:05:00,2018-05-22T10:05:00,202,202
http://irail.be/vehicle/IC3730,http://irail.be/stations/NMBS/008814332,IC,2018-05-22T10:06:00,2018-05-22T10:06:00,198,198
http://irail.be/vehicle/IC3730,http://irail.be/stations/NMBS/008883808,IC,2018-05-22T10:07:00,2018-05-22T10:07:00,280,280
http://irail.be/vehicle/IC3730,http://irail.be/stations/NMBS/008883022,IC,2018-05-22T10:10:00,2018-05-22T10:10:00,255,255
http://irail.be/vehicle/IC3730,NO-URI,IC,2018-05-22T10:10:00,2018-05-22T10:10:00,263,263
http://irail.be/vehicle/IC3730,http://irail.be/stations/NMBS/008883006,IC,2018-05-22T10:17:00,2018-05-22T10:15:00,119,207
http://irail.be/vehicle/IC3730,http://irail.be/stations/NMBS/008883113,IC,2018-05-22T10:23:00,2018-05-22T10:22:00,108,70
http://irail.be/vehicle/IC3730,NO-URI,IC,2018-05-22T10:27:00,2018-05-22T10:27:00,42,42
http://irail.be/vehicle/IC3730,http://irail.be/stations/NMBS/008883121,IC,2018-05-22T10:27:00,2018-05-22T10:27:00,51,51
http://irail.be/vehicle/IC3730,http://irail.be/stations/NMBS/008881174,IC,2018-05-22T10:29:00,2018-05-22T10:29:00,15,15
http://irail.be/vehicle/IC3730,http://irail.be/stations/NMBS/008881166,IC,2018-05-22T10:32:00,2018-05-22T10:31:00,97,42
http://irail.be/vehicle/IC3730,http://irail.be/stations/NMBS/008881158,IC,2018-05-22T10:35:00,2018-05-22T10:35:00,97,97
http://irail.be/vehicle/IC3730,http://irail.be/stations/NMBS/008881125,IC,2018-05-22T10:37:00,2018-05-22T10:37:00,24,24
http://irail.be/vehicle/IC3730,http://irail.be/stations/NMBS/008881000,IC,2018-05-22T10:42:00,2018-05-22T10:42:00,,30
http://irail.be/vehicle/IC3730,http://irail.be/stations/NMBS/008812005,IC,2018-08-01T09:43:00,2018-08-01T09:43:00,41,
http://irail.be/vehicle/IC3730,http://irail.be/stations/NMBS/008813045,IC,2018-08-01T09:45:00,2018-08-01T09:45:00,73,73
http://irail.be/vehicle/IC3730,http://irail.be/stations/NMBS/008813003,IC,2018-08-01T09:47:00,2018-08-01T09:46:00,96,99
http://irail.be/vehicle/IC3730,http://irail.be/stations/NMBS/008813037,IC,2018-08-01T09:49:00,2018-08-01T09:49:00,96,96
http://irail.be/vehicle/IC3730,http://irail.be/stations/NMBS/008814001,IC,2018-08-01T09:55:00,2018-08-01T09:51:00,90,112
http://irail.be/vehicle/IC3730,http://irail.be/stations/NMBS/008814365,IC,2018-08-01T10:01:00,2018-08-01T10:01:00,124,124
http://irail.be/vehicle/IC3730,http://irail.be/stations/NMBS/008814357,IC,2018-08-01T10:03:00,2018-08-01T10:03:00,124,124
http://irail.be/vehicle/IC3730,http://irail.be/stations/NMBS/008814340,IC,2018-08-01T10:04:00,2018-08-01T10:04:00,146,146
http://irail.be/vehicle/IC3730,http://irail.be/stations/NMBS/008814308,IC,2018-08-01T10:05:00,2018-08-01T10:05:00,189,189
http://irail.be/vehicle/IC3730,http://irail.be/stations/NMBS/008814332,IC,2018-08-01T10:06:00,2018-08-01T10:06:00,183,183
http://irail.be/vehicle/IC3730,http://irail.be/stations/NMBS/008883808,IC,2018-08-01T10:07:00,2018-08-01T10:07:00,188,188
http://irail.be/vehicle/IC3730,http://irail.be/stations/NMBS/008883022,IC,2018-08-01T10:10:00,2018-08-01T10:10:00,139,139
http://irail.be/vehicle/IC3730,NO-URI,IC,2018-08-01T10:10:00,2018-08-01T10:10:00,145,145
http://irail.be/vehicle/IC3730,http://irail.be/stations/NMBS/008883006,IC,2018-08-01T10:17:00,2018-08-01T10:15:00,20,92
http://irail.be/vehicle/IC3730,http://irail.be/stations/NMBS/008883113,IC,2018-08-01T10:23:00,2018-08-01T10:22:00,21,-49
http://irail.be/vehicle/IC3730,NO-URI,IC,2018-08-01T10:27:00,2018-08-01T10:27:00,-53,-53
http://irail.be/vehicle/IC3730,http://irail.be/stations/NMBS/008883121,IC,2018-08-01T10:27:00,2018-08-01T10:27:00,-43,-43
http://irail.be/vehicle/IC3730,http://irail.be/stations/NMBS/008881174,IC,2018-08-01T10:29:00,2018-08-01T10:29:00,-86,-86
http://irail.be/vehicle/IC3730,http://irail.be/stations/NMBS/008881166,IC,2018-08-01T10:32:00,2018-08-01T10:31:00,13,-61
http://irail.be/vehicle/IC3730,http://irail.be/stations/NMBS/008881158,IC,2018-08-01T10:35:00,2018-08-01T10:35:00,13,13
http://irail.be/vehicle/IC3730,http://irail.be/stations/NMBS/008881125,IC,2018-08-01T10:36:00,2018-08-01T10:36:00,119,119
http://irail.be/vehicle/IC3730,http://irail.be/stations/NMBS/008881000,IC,2018-08-01T10:42:00,2018-08-01T10:42:00,,107
http://irail.be/vehicle/IC3730,http://irail.be/stations/NMBS/008819406,IC,2018-06-07T09:31:00,2018-06-07T09:31:00,208,
http://irail.be/vehicle/IC3730,http://irail.be/stations/NMBS/008811007,IC,2018-06-07T09:38:00,2018-06-07T09:38:00,469,469
http://irail.be/vehicle/IC3730,http://irail.be/stations/NMBS/008812005,IC,2018-06-07T09:43:00,2018-06-07T09:41:00,478,523
http://irail.be/vehicle/IC3730,http://irail.be/stations/NMBS/008813045,IC,2018-06-07T09:45:00,2018-06-07T09:45:00,471,471
http://irail.be/vehicle/IC3730,http://irail.be/stations/NMBS/008813003,IC,2018-06-07T09:47:00,2018-06-07T09:46:00,505,498
http://irail.be/vehicle/IC3730,http://irail.be/stations/NMBS/008813037,IC,2018-06-07T09:49:00,2018-06-07T09:49:00,505,505
http://irail.be/vehicle/IC3730,http://irail.be/stations/NMBS/008814001,IC,2018-06-07T09:55:00,2018-06-07T09:51:00,368,542
http://irail.be/vehicle/IC3730,http://irail.be/stations/NMBS/008814308,IC,2018-06-07T10:05:00,2018-06-07T10:05:00,212,212
http://irail.be/vehicle/IC3730,http://irail.be/stations/NMBS/008814332,IC,2018-06-07T10:06:00,2018-06-07T10:06:00,217,217
http://irail.be/vehicle/IC3730,http://irail.be/stations/NMBS/008883808,IC,2018-06-07T10:07:00,2018-06-07T10:07:00,232,232
http://irail.be/vehicle/IC3730,http://irail.be/stations/NMBS/008883022,IC,2018-06-07T10:10:00,2018-06-07T10:10:00,260,260
http://irail.be/vehicle/IC3730,NO-URI,IC,2018-06-07T10:10:00,2018-06-07T10:10:00,313,313
http://irail.be/vehicle/IC3730,http://irail.be/stations/NMBS/008883006,IC,2018-06-07T10:17:00,2018-06-07T10:15:00,162,277
http://irail.be/vehicle/IC3730,http://irail.be/stations/NMBS/008883113,IC,2018-06-07T10:23:00,2018-06-07T10:22:00,107,90
http://irail.be/vehicle/IC3730,NO-URI,IC,2018-06-07T10:27:00,2018-06-07T10:27:00,38,38
http://irail.be/vehicle/IC3730,http://irail.be/stations/NMBS/008883121,IC,2018-06-07T10:27:00,2018-06-07T10:27:00,46,46
http://irail.be/vehicle/IC3730,http://irail.be/stations/NMBS/008881174,IC,2018-06-07T10:29:00,2018-06-07T10:29:00,11,11
http://irail.be/vehicle/IC3730,http://irail.be/stations/NMBS/008881166,IC,2018-06-07T10:32:00,2018-06-07T10:31:00,93,104
http://irail.be/vehicle/IC3730,http://irail.be/stations/NMBS/008881158,IC,2018-06-07T10:35:00,2018-06-07T10:35:00,94,94
http://irail.be/vehicle/IC3730,http://irail.be/stations/NMBS/008881125,IC,2018-06-07T10:37:00,2018-06-07T10:37:00,84,84
http://irail.be/vehicle/IC3730,http://irail.be/stations/NMBS/008881000,IC,2018-06-07T10:42:00,2018-06-07T10:42:00,,95
http://irail.be/vehicle/IC3730,http://irail.be/stations/NMBS/008819406,IC,2018-12-12T09:30:00,2018-12-12T09:30:00,83,
http://irail.be/vehicle/IC3730,http://irail.be/stations/NMBS/008811007,IC,2018-12-12T09:37:00,2018-12-12T09:37:00,92,92
http://irail.be/vehicle/IC3730,http://irail.be/stations/NMBS/008812005,IC,2018-12-12T09:43:00,2018-12-12T09:41:00,149,123
http://irail.be/vehicle/IC3730,http://irail.be/stations/NMBS/008813045,IC,2018-12-12T09:45:00,2018-12-12T09:45:00,143,143
http://irail.be/vehicle/IC3730,http://irail.be/stations/NMBS/008813003,IC,2018-12-12T09:48:00,2018-12-12T09:47:00,113,128
http://irail.be/vehicle/IC3730,http://irail.be/stations/NMBS/008813037,IC,2018-12-12T09:50:00,2018-12-12T09:50:00,113,113
http://irail.be/vehicle/IC3730,http://irail.be/stations/NMBS/008814001,IC,2018-12-12T09:56:00,2018-12-12T09:52:00,34,113
http://irail.be/vehicle/IC3730,http://irail.be/stations/NMBS/008814365,IC,2018-12-12T10:01:00,2018-12-12T10:01:00,195,195
http://irail.be/vehicle/IC3730,http://irail.be/stations/NMBS/008814357,IC,2018-12-12T10:03:00,2018-12-12T10:03:00,195,195
http://irail.be/vehicle/IC3730,http://irail.be/stations/NMBS/008814340,IC,2018-12-12T10:04:00,2018-12-12T10:04:00,178,178
http://irail.be/vehicle/IC3730,http://irail.be/stations/NMBS/008814308,IC,2018-12-12T10:05:00,2018-12-12T10:05:00,185,185
http://irail.be/vehicle/IC3730,http://irail.be/stations/NMBS/008814332,IC,2018-12-12T10:06:00,2018-12-12T10:06:00,177,177
http://irail.be/vehicle/IC3730,http://irail.be/stations/NMBS/008883808,IC,2018-12-12T10:08:00,2018-12-12T10:08:00,131,131
http://irail.be/vehicle/IC3730,http://irail.be/stations/NMBS/008883022,IC,2018-12-12T10:10:00,2018-12-12T10:10:00,135,135
http://irail.be/vehicle/IC3730,NO-URI,IC,2018-12-12T10:11:00,2018-12-12T10:11:00,88,88
http://irail.be/vehicle/IC3730,http://irail.be/stations/NMBS/008883006,IC,2018-12-12T10:18:00,2018-12-12T10:16:00,269,308
http://irail.be/vehicle/IC3730,http://irail.be/stations/NMBS/008883113,IC,2018-12-12T10:24:00,2018-12-12T10:23:00,218,203
http://irail.be/vehicle/IC3730,NO-URI,IC,2018-12-12T10:27:00,2018-12-12T10:27:00,204,204
http://irail.be/vehicle/IC3730,http://irail.be/stations/NMBS/008883121,IC,2018-12-12T10:28:00,2018-12-12T10:28:00,191,191
http://irail.be/vehicle/IC3730,http://irail.be/stations/NMBS/008881174,IC,2018-12-12T10:29:00,2018-12-12T10:29:00,179,179
http://irail.be/vehicle/IC3730,http://irail.be/stations/NMBS/008881166,IC,2018-12-12T10:33:00,2018-12-12T10:32:00,136,166
http://irail.be/vehicle/IC3730,http://irail.be/stations/NMBS/008881158,IC,2018-12-12T10:36:00,2018-12-12T10:36:00,136,136
http://irail.be/vehicle/IC3730,http://irail.be/stations/NMBS/008881125,IC,2018-12-12T10:37:00,2018-12-12T10:37:00,131,131
http://irail.be/vehicle/IC3730,http://irail.be/stations/NMBS/008881000,IC,2018-12-12T10:43:00,2018-12-12T10:43:00,,-27
http://irail.be/vehicle/IC3730,http://irail.be/stations/NMBS/008819406,IC,2018-11-30T09:31:00,2018-11-30T09:31:00,78,
http://irail.be/vehicle/IC3730,http://irail.be/stations/NMBS/008811007,IC,2018-11-30T09:38:00,2018-11-30T09:38:00,110,110
http://irail.be/vehicle/IC3730,http://irail.be/stations/NMBS/008812005,IC,2018-11-30T09:43:00,2018-11-30T09:41:00,223,245
http://irail.be/vehicle/IC3730,http://irail.be/stations/NMBS/008813045,IC,2018-11-30T09:45:00,2018-11-30T09:45:00,217,217
http://irail.be/vehicle/IC3730,http://irail.be/stations/NMBS/008813003,IC,2018-11-30T09:47:00,2018-11-30T09:46:00,261,245
http://irail.be/vehicle/IC3730,http://irail.be/stations/NMBS/008813037,IC,2018-11-30T09:49:00,2018-11-30T09:49:00,261,261
http://irail.be/vehicle/IC3730,http://irail.be/stations/NMBS/008814001,IC,2018-11-30T09:55:00,2018-11-30T09:51:00,162,329
http://irail.be/vehicle/IC3730,http://irail.be/stations/NMBS/008814308,IC,2018-11-30T10:05:00,2018-11-30T10:05:00,126,126
http://irail.be/vehicle/IC3730,http://irail.be/stations/NMBS/008814332,IC,2018-11-30T10:06:00,2018-11-30T10:06:00,140,140
http://irail.be/vehicle/IC3730,http://irail.be/stations/NMBS/008883808,IC,2018-11-30T10:07:00,2018-11-30T10:07:00,364,364
http://irail.be/vehicle/IC3730,http://irail.be/stations/NMBS/008883022,IC,2018-11-30T10:10:00,2018-11-30T10:10:00,326,326
http://irail.be/vehicle/IC3730,NO-URI,IC,2018-11-30T10:10:00,2018-11-30T10:10:00,337,337
http://irail.be/vehicle/IC3730,http://irail.be/stations/NMBS/008883006,IC,2018-11-30T10:17:00,2018-11-30T10:15:00,447,495
http://irail.be/vehicle/IC3730,http://irail.be/stations/NMBS/008883113,IC,2018-11-30T10:23:00,2018-11-30T10:22:00,378,372
http://irail.be/vehicle/IC3730,NO-URI,IC,2018-11-30T10:27:00,2018-11-30T10:27:00,301,301
http://irail.be/vehicle/IC3730,http://irail.be/stations/NMBS/008883121,IC,2018-11-30T10:27:00,2018-11-30T10:27:00,309,309
http://irail.be/vehicle/IC3730,http://irail.be/stations/NMBS/008881174,IC,2018-11-30T10:29:00,2018-11-30T10:29:00,262,262
http://irail.be/vehicle/IC3730,http://irail.be/stations/NMBS/008881166,IC,2018-11-30T10:32:00,2018-11-30T10:31:00,312,289
http://irail.be/vehicle/IC3730,http://irail.be/stations/NMBS/008881158,IC,2018-11-30T10:34:00,2018-11-30T10:34:00,312,312
http://irail.be/vehicle/IC3730,http://irail.be/stations/NMBS/008881125,IC,2018-11-30T10:36:00,2018-11-30T10:36:00,277,277
http://irail.be/vehicle/IC3730,http://irail.be/stations/NMBS/008881000,IC,2018-11-30T10:42:00,2018-11-30T10:42:00,,155
http://irail.be/vehicle/IC3730,http://irail.be/stations/NMBS/008819406,IC,2018-12-11T09:30:00,2018-12-11T09:30:00,587,
http://irail.be/vehicle/IC3730,http://irail.be/stations/NMBS/008811007,IC,2018-12-11T09:37:00,2018-12-11T09:37:00,614,614
http://irail.be/vehicle/IC3730,http://irail.be/stations/NMBS/008812005,IC,2018-12-11T09:43:00,2018-12-11T09:41:00,598,641
http://irail.be/vehicle/IC3730,http://irail.be/stations/NMBS/008813045,IC,2018-12-11T09:45:00,2018-12-11T09:45:00,597,597
http://irail.be/vehicle/IC3730,http://irail.be/stations/NMBS/008813003,IC,2018-12-11T09:48:00,2018-12-11T09:47:00,617,581
http://irail.be/vehicle/IC3730,http://irail.be/stations/NMBS/008813037,IC,2018-12-11T09:50:00,2018-12-11T09:50:00,617,617
http://irail.be/vehicle/IC3730,http://irail.be/stations/NMBS/008814001,IC,2018-12-11T09:56:00,2018-12-11T09:52:00,575,619
http://irail.be/vehicle/IC3730,http://irail.be/stations/NMBS/008814308,IC,2018-12-11T10:05:00,2018-12-11T10:05:00,477,477
http://irail.be/vehicle/IC3730,http://irail.be/stations/NMBS/008814332,IC,2018-12-11T10:06:00,2018-12-11T10:06:00,479,479
http://irail.be/vehicle/IC3730,http://irail.be/stations/NMBS/008883808,IC,2018-12-11T10:08:00,2018-12-11T10:08:00,430,430
http://irail.be/vehicle/IC3730,http://irail.be/stations/NMBS/008883022,IC,2018-12-11T10:10:00,2018-12-11T10:10:00,428,428
http://irail.be/vehicle/IC3730,NO-URI,IC,2018-12-11T10:11:00,2018-12-11T10:11:00,379,379
http://irail.be/vehicle/IC3730,http://irail.be/stations/NMBS/008883006,IC,2018-12-11T10:18:00,2018-12-11T10:16:00,198,282
http://irail.be/vehicle/IC3730,http://irail.be/stations/NMBS/008883113,IC,2018-12-11T10:24:00,2018-12-11T10:23:00,118,119
http://irail.be/vehicle/IC3730,NO-URI,IC,2018-12-11T10:27:00,2018-12-11T10:27:00,90,90
http://irail.be/vehicle/IC3730,http://irail.be/stations/NMBS/008883121,IC,2018-12-11T10:28:00,2018-12-11T10:28:00,76,76
http://irail.be/vehicle/IC3730,http://irail.be/stations/NMBS/008881174,IC,2018-12-11T10:29:00,2018-12-11T10:29:00,61,61
http://irail.be/vehicle/IC3730,http://irail.be/stations/NMBS/008881166,IC,2018-12-11T10:33:00,2018-12-11T10:32:00,-9,45
http://irail.be/vehicle/IC3730,http://irail.be/stations/NMBS/008881158,IC,2018-12-11T10:36:00,2018-12-11T10:36:00,-9,-9
http://irail.be/vehicle/IC3730,http://irail.be/stations/NMBS/008881125,IC,2018-12-11T10:37:00,2018-12-11T10:37:00,-21,-21
http://irail.be/vehicle/IC3730,http://irail.be/stations/NMBS/008881000,IC,2018-12-11T10:43:00,2018-12-11T10:43:00,,-183
http://irail.be/vehicle/IC3730,http://irail.be/stations/NMBS/008819406,IC,2018-07-18T09:31:00,2018-07-18T09:31:00,29,
http://irail.be/vehicle/IC3730,http://irail.be/stations/NMBS/008811007,IC,2018-07-18T09:38:00,2018-07-18T09:38:00,2,2
http://irail.be/vehicle/IC3730,http://irail.be/stations/NMBS/008812005,IC,2018-07-18T09:43:00,2018-07-18T09:41:00,8,53
http://irail.be/vehicle/IC3730,http://irail.be/stations/NMBS/008813045,IC,2018-07-18T09:45:00,2018-07-18T09:45:00,0,0
http://irail.be/vehicle/IC3730,http://irail.be/stations/NMBS/008813003,IC,2018-07-18T09:47:00,2018-07-18T09:46:00,35,28
http://irail.be/vehicle/IC3730,http://irail.be/stations/NMBS/008813037,IC,2018-07-18T09:49:00,2018-07-18T09:49:00,35,35
http://irail.be/vehicle/IC3730,http://irail.be/stations/NMBS/008814001,IC,2018-07-18T09:55:00,2018-07-18T09:51:00,94,47
http://irail.be/vehicle/IC3730,http://irail.be/stations/NMBS/008814373,IC,2018-07-18T10:00:02,2018-07-18T10:01:41,-7,-7
http://irail.be/vehicle/IC3730,http://irail.be/stations/NMBS/008814308,IC,2018-07-18T10:05:00,2018-07-18T10:05:00,204,204
http://irail.be/vehicle/IC3730,http://irail.be/stations/NMBS/008814332,IC,2018-07-18T10:06:00,2018-07-18T10:06:00,207,207
http://irail.be/vehicle/IC3730,http://irail.be/stations/NMBS/008883808,IC,2018-07-18T10:07:00,2018-07-18T10:07:00,220,220
http://irail.be/vehicle/IC3730,http://irail.be/stations/NMBS/008883022,IC,2018-07-18T10:10:00,2018-07-18T10:10:00,168,168
http://irail.be/vehicle/IC3730,NO-URI,IC,2018-07-18T10:10:00,2018-07-18T10:10:00,178,178
http://irail.be/vehicle/IC3730,http://irail.be/stations/NMBS/008883006,IC,2018-07-18T10:17:00,2018-07-18T10:15:00,114,157
http://irail.be/vehicle/IC3730,http://irail.be/stations/NMBS/008883113,IC,2018-07-18T10:23:00,2018-07-18T10:22:00,77,50
http://irail.be/vehicle/IC3730,NO-URI,IC,2018-07-18T10:27:00,2018-07-18T10:27:00,7,7
http://irail.be/vehicle/IC3730,http://irail.be/stations/NMBS/008883121,IC,2018-07-18T10:27:00,2018-07-18T10:27:00,14,14
http://irail.be/vehicle/IC3730,http://irail.be/stations/NMBS/008881174,IC,2018-07-18T10:29:00,2018-07-18T10:29:00,-25,-25
http://irail.be/vehicle/IC3730,http://irail.be/stations/NMBS/008881166,IC,2018-07-18T10:32:00,2018-07-18T10:31:00,90,2
http://irail.be/vehicle/IC3730,http://irail.be/stations/NMBS/008881158,IC,2018-07-18T10:35:00,2018-07-18T10:35:00,90,90
http://irail.be/vehicle/IC3730,http://irail.be/stations/NMBS/008881125,IC,2018-07-18T10:36:00,2018-07-18T10:36:00,85,85
http://irail.be/vehicle/IC3730,http://irail.be/stations/NMBS/008881000,IC,2018-07-18T10:42:00,2018-07-18T10:42:00,,125
http://irail.be/vehicle/IC3730,http://irail.be/stations/NMBS/008819406,IC,2018-02-05T09:31:00,2018-02-05T09:31:00,556,
http://irail.be/vehicle/IC3730,http://irail.be/stations/NMBS/008811007,IC,2018-02-05T09:38:00,2018-02-05T09:38:00,584,584
http://irail.be/vehicle/IC3730,http://irail.be/stations/NMBS/008812005,IC,2018-02-05T09:43:00,2018-02-05T09:41:00,737,636
http://irail.be/vehicle/IC3730,http://irail.be/stations/NMBS/008813045,IC,2018-02-05T09:45:00,2018-02-05T09:45:00,742,742
http://irail.be/vehicle/IC3730,http://irail.be/stations/NMBS/008813003,IC,2018-02-05T09:47:00,2018-02-05T09:46:00,777,769
http://irail.be/vehicle/IC3730,http://irail.be/stations/NMBS/008813037,IC,2018-02-05T09:49:00,2018-02-05T09:49:00,777,777
http://irail.be/vehicle/IC3730,http://irail.be/stations/NMBS/008814001,IC,2018-02-05T09:55:00,2018-02-05T09:51:00,762,778
http://irail.be/vehicle/IC3730,http://irail.be/stations/NMBS/008814308,IC,2018-02-05T10:05:00,2018-02-05T10:05:00,628,628
http://irail.be/vehicle/IC3730,http://irail.be/stations/NMBS/008814332,IC,2018-02-05T10:06:00,2018-02-05T10:06:00,630,630
http://irail.be/vehicle/IC3730,http://irail.be/stations/NMBS/008883808,IC,2018-02-05T10:07:00,2018-02-05T10:07:00,640,640
http://irail.be/vehicle/IC3730,http://irail.be/stations/NMBS/008883022,IC,2018-02-05T10:10:00,2018-02-05T10:10:00,588,588
http://irail.be/vehicle/IC3730,NO-URI,IC,2018-02-05T10:10:00,2018-02-05T10:10:00,594,594
http://irail.be/vehicle/IC3730,http://irail.be/stations/NMBS/008883006,IC,2018-02-05T10:17:00,2018-02-05T10:15:00,571,636
http://irail.be/vehicle/IC3730,http://irail.be/stations/NMBS/008883113,IC,2018-02-05T10:23:00,2018-02-05T10:22:00,508,495
http://irail.be/vehicle/IC3730,NO-URI,IC,2018-02-05T10:27:00,2018-02-05T10:27:00,429,429
http://irail.be/vehicle/IC3730,http://irail.be/stations/NMBS/008883121,IC,2018-02-05T10:27:00,2018-02-05T10:27:00,436,436
http://irail.be/vehicle/IC3730,http://irail.be/stations/NMBS/008881174,IC,2018-02-05T10:29:00,2018-02-05T10:29:00,397,397
http://irail.be/vehicle/IC3730,http://irail.be/stations/NMBS/008881166,IC,2018-02-05T10:32:00,2018-02-05T10:31:00,406,423
http://irail.be/vehicle/IC3730,http://irail.be/stations/NMBS/008881158,IC,2018-02-05T10:35:00,2018-02-05T10:35:00,406,406
http://irail.be/vehicle/IC3730,http://irail.be/stations/NMBS/008881125,IC,2018-02-05T10:37:00,2018-02-05T10:37:00,325,325
http://irail.be/vehicle/IC3730,http://irail.be/stations/NMBS/008881000,IC,2018-02-05T10:42:00,2018-02-05T10:42:00,,335
http://irail.be/vehicle/IC3730,http://irail.be/stations/NMBS/008819406,IC,2018-05-11T09:31:00,2018-05-11T09:31:00,1069,
http://irail.be/vehicle/IC3730,http://irail.be/stations/NMBS/008811007,IC,2018-05-11T09:38:00,2018-05-11T09:38:00,1094,1094
http://irail.be/vehicle/IC3730,http://irail.be/stations/NMBS/008812005,IC,2018-05-11T09:43:00,2018-05-11T09:41:00,1408,1283
http://irail.be/vehicle/IC3730,http://irail.be/stations/NMBS/008813045,IC,2018-05-11T09:45:00,2018-05-11T09:45:00,1403,1403
http://irail.be/vehicle/IC3730,http://irail.be/stations/NMBS/008813003,IC,2018-05-11T09:47:00,2018-05-11T09:46:00,1469,1444
http://irail.be/vehicle/IC3730,http://irail.be/stations/NMBS/008813037,IC,2018-05-11T09:49:00,2018-05-11T09:49:00,1469,1469
http://irail.be/vehicle/IC3730,http://irail.be/stations/NMBS/008814001,IC,2018-05-11T09:55:00,2018-05-11T09:51:00,1546,1482
http://irail.be/vehicle/IC3730,http://irail.be/stations/NMBS/008814308,IC,2018-05-11T10:05:00,2018-05-11T10:05:00,1432,1432
http://irail.be/vehicle/IC3730,http://irail.be/stations/NMBS/008814332,IC,2018-05-11T10:06:00,2018-05-11T10:06:00,1430,1430
http://irail.be/vehicle/IC3730,http://irail.be/stations/NMBS/008883808,IC,2018-05-11T10:07:00,2018-05-11T10:07:00,1444,1444
http://irail.be/vehicle/IC3730,http://irail.be/stations/NMBS/008883022,IC,2018-05-11T10:10:00,2018-05-11T10:10:00,1401,1401
http://irail.be/vehicle/IC3730,NO-URI,IC,2018-05-11T10:10:00,2018-05-11T10:10:00,1406,1406
http://irail.be/vehicle/IC3730,http://irail.be/stations/NMBS/008883006,IC,2018-05-11T10:17:00,2018-05-11T10:15:00,1239,1347
http://irail.be/vehicle/IC3730,http://irail.be/stations/NMBS/008883113,IC,2018-05-11T10:23:00,2018-05-11T10:22:00,1212,1160
http://irail.be/vehicle/IC3730,NO-URI,IC,2018-05-11T10:27:00,2018-05-11T10:27:00,1138,1138
http://irail.be/vehicle/IC3730,http://irail.be/stations/NMBS/008883121,IC,2018-05-11T10:27:00,2018-05-11T10:27:00,1147,1147
http://irail.be/vehicle/IC3730,http://irail.be/stations/NMBS/008881174,IC,2018-05-11T10:29:00,2018-05-11T10:29:00,1108,1108
http://irail.be/vehicle/IC3730,http://irail.be/stations/NMBS/008881166,IC,2018-05-11T10:32:00,2018-05-11T10:31:00,1151,1134
http://irail.be/vehicle/IC3730,http://irail.be/stations/NMBS/008881158,IC,2018-05-11T10:35:00,2018-05-11T10:35:00,1151,1151
http://irail.be/vehicle/IC3730,http://irail.be/stations/NMBS/008881125,IC,2018-05-11T10:37:00,2018-05-11T10:37:00,1073,1073
http://irail.be/vehicle/IC3730,http://irail.be/stations/NMBS/008881000,IC,2018-05-11T10:42:00,2018-05-11T10:42:00,,1084
http://irail.be/vehicle/IC3730,http://irail.be/stations/NMBS/008819406,IC,2018-07-27T09:31:00,2018-07-27T09:31:00,98,
http://irail.be/vehicle/IC3730,http://irail.be/stations/NMBS/008811007,IC,2018-07-27T09:38:00,2018-07-27T09:38:00,83,83
http://irail.be/vehicle/IC3730,http://irail.be/stations/NMBS/008812005,IC,2018-07-27T09:43:00,2018-07-27T09:41:00,367,118
http://irail.be/vehicle/IC3730,http://irail.be/stations/NMBS/008813045,IC,2018-07-27T09:45:00,2018-07-27T09:45:00,361,361
http://irail.be/vehicle/IC3730,http://irail.be/stations/NMBS/008813003,IC,2018-07-27T09:47:00,2018-07-27T09:46:00,476,397
http://irail.be/vehicle/IC3730,http://irail.be/stations/NMBS/008813037,IC,2018-07-27T09:49:00,2018-07-27T09:49:00,476,476
http://irail.be/vehicle/IC3730,http://irail.be/stations/NMBS/008814001,IC,2018-07-27T09:55:00,2018-07-27T09:51:00,553,482
http://irail.be/vehicle/IC3730,http://irail.be/stations/NMBS/008814373,IC,2018-07-27T10:01:41,2018-07-27T10:01:41,306,306
http://irail.be/vehicle/IC3730,http://irail.be/stations/NMBS/008814308,IC,2018-07-27T10:05:00,2018-07-27T10:05:00,622,622
http://irail.be/vehicle/IC3730,http://irail.be/stations/NMBS/008814332,IC,2018-07-27T10:06:00,2018-07-27T10:06:00,625,625
http://irail.be/vehicle/IC3730,http://irail.be/stations/NMBS/008883808,IC,2018-07-27T10:07:00,2018-07-27T10:07:00,631,631
http://irail.be/vehicle/IC3730,http://irail.be/stations/NMBS/008883022,IC,2018-07-27T10:10:00,2018-07-27T10:10:00,576,576
http://irail.be/vehicle/IC3730,NO-URI,IC,2018-07-27T10:10:00,2018-07-27T10:10:00,580,580
http://irail.be/vehicle/IC3730,http://irail.be/stations/NMBS/008883006,IC,2018-07-27T10:17:00,2018-07-27T10:15:00,428,517
http://irail.be/vehicle/IC3730,http://irail.be/stations/NMBS/008883113,IC,2018-07-27T10:23:00,2018-07-27T10:22:00,370,344
http://irail.be/vehicle/IC3730,NO-URI,IC,2018-07-27T10:27:00,2018-07-27T10:27:00,305,305
http://irail.be/vehicle/IC3730,http://irail.be/stations/NMBS/008883121,IC,2018-07-27T10:27:00,2018-07-27T10:27:00,319,319
http://irail.be/vehicle/IC3730,http://irail.be/stations/NMBS/008881174,IC,2018-07-27T10:29:00,2018-07-27T10:29:00,278,278
http://irail.be/vehicle/IC3730,http://irail.be/stations/NMBS/008881166,IC,2018-07-27T10:32:00,2018-07-27T10:31:00,389,303
http://irail.be/vehicle/IC3730,http://irail.be/stations/NMBS/008881158,IC,2018-07-27T10:35:00,2018-07-27T10:35:00,389,389
http://irail.be/vehicle/IC3730,http://irail.be/stations/NMBS/008881125,IC,2018-07-27T10:36:00,2018-07-27T10:36:00,367,367
http://irail.be/vehicle/IC3730,http://irail.be/stations/NMBS/008881000,IC,2018-07-27T10:42:00,2018-07-27T10:42:00,,266
http://irail.be/vehicle/IC3730,http://irail.be/stations/NMBS/008819406,IC,2018-04-27T09:31:00,2018-04-27T09:31:00,212,
http://irail.be/vehicle/IC3730,http://irail.be/stations/NMBS/008811007,IC,2018-04-27T09:38:00,2018-04-27T09:38:00,205,205
http://irail.be/vehicle/IC3730,http://irail.be/stations/NMBS/008812005,IC,2018-04-27T09:43:00,2018-04-27T09:41:00,247,256
http://irail.be/vehicle/IC3730,http://irail.be/stations/NMBS/008813045,IC,2018-04-27T09:45:00,2018-04-27T09:45:00,243,243
http://irail.be/vehicle/IC3730,http://irail.be/stations/NMBS/008813003,IC,2018-04-27T09:47:00,2018-04-27T09:46:00,318,277
http://irail.be/vehicle/IC3730,http://irail.be/stations/NMBS/008813037,IC,2018-04-27T09:48:00,2018-04-27T09:48:00,318,318
http://irail.be/vehicle/IC3730,http://irail.be/stations/NMBS/008814001,IC,2018-04-27T09:55:00,2018-04-27T09:51:00,252,318
http://irail.be/vehicle/IC3730,http://irail.be/stations/NMBS/008814373,IC,2018-04-27T09:59:00,2018-04-27T09:59:00,192,192
http://irail.be/vehicle/IC3730,http://irail.be/stations/NMBS/008814365,IC,2018-04-27T10:01:00,2018-04-27T10:01:00,236,236
http://irail.be/vehicle/IC3730,http://irail.be/stations/NMBS/008814357,IC,2018-04-27T10:03:00,2018-04-27T10:03:00,236,236
http://irail.be/vehicle/IC3730,http://irail.be/stations/NMBS/008814340,IC,2018-04-27T10:04:00,2018-04-27T10:04:00,223,223
http://irail.be/vehicle/IC3730,http://irail.be/stations/NMBS/008814308,IC,2018-04-27T10:05:00,2018-04-27T10:05:00,230,230
http://irail.be/vehicle/IC3730,http://irail.be/stations/NMBS/008814332,IC,2018-04-27T10:06:00,2018-04-27T10:06:00,223,223
http://irail.be/vehicle/IC3730,http://irail.be/stations/NMBS/008883808,IC,2018-04-27T10:07:00,2018-04-27T10:07:00,240,240
http://irail.be/vehicle/IC3730,http://irail.be/stations/NMBS/008883022,IC,2018-04-27T10:10:00,2018-04-27T10:10:00,189,189
http://irail.be/vehicle/IC3730,NO-URI,IC,2018-04-27T10:10:00,2018-04-27T10:10:00,194,194
http://irail.be/vehicle/IC3730,http://irail.be/stations/NMBS/008883006,IC,2018-04-27T10:17:00,2018-04-27T10:15:00,74,140
http://irail.be/vehicle/IC3730,http://irail.be/stations/NMBS/008883113,IC,2018-04-27T10:23:00,2018-04-27T10:22:00,21,1
http://irail.be/vehicle/IC3730,NO-URI,IC,2018-04-27T10:27:00,2018-04-27T10:27:00,-48,-48
http://irail.be/vehicle/IC3730,http://irail.be/stations/NMBS/008883121,IC,2018-04-27T10:27:00,2018-04-27T10:27:00,-38,-38
http://irail.be/vehicle/IC3730,http://irail.be/stations/NMBS/008881174,IC,2018-04-27T10:29:00,2018-04-27T10:29:00,-9,-9
http://irail.be/vehicle/IC3730,http://irail.be/stations/NMBS/008881166,IC,2018-04-27T10:32:00,2018-04-27T10:31:00,38,20
http://irail.be/vehicle/IC3730,http://irail.be/stations/NMBS/008881158,IC,2018-04-27T10:34:00,2018-04-27T10:34:00,38,38
http://irail.be/vehicle/IC3730,http://irail.be/stations/NMBS/008881125,IC,2018-04-27T10:37:00,2018-04-27T10:37:00,-61,-61
http://irail.be/vehicle/IC3730,http://irail.be/stations/NMBS/008881000,IC,2018-04-27T10:42:00,2018-04-27T10:42:00,,-19
http://irail.be/vehicle/IC3730,http://irail.be/stations/NMBS/008819406,IC,2018-08-26T09:31:00,2018-08-26T09:31:00,6,
http://irail.be/vehicle/IC3730,http://irail.be/stations/NMBS/008811007,IC,2018-08-26T09:38:00,2018-08-26T09:38:00,3,3
http://irail.be/vehicle/IC3730,http://irail.be/stations/NMBS/008812005,IC,2018-08-26T09:43:00,2018-08-26T09:41:00,16,2
http://irail.be/vehicle/IC3730,http://irail.be/stations/NMBS/008813045,IC,2018-08-26T09:45:00,2018-08-26T09:45:00,17,17
http://irail.be/vehicle/IC3730,http://irail.be/stations/NMBS/008813003,IC,2018-08-26T09:47:00,2018-08-26T09:46:00,121,82
http://irail.be/vehicle/IC3730,http://irail.be/stations/NMBS/008813037,IC,2018-08-26T09:49:00,2018-08-26T09:49:00,121,121
http://irail.be/vehicle/IC3730,http://irail.be/stations/NMBS/008814001,IC,2018-08-26T09:55:00,2018-08-26T09:51:00,119,134
http://irail.be/vehicle/IC3730,http://irail.be/stations/NMBS/008814365,IC,2018-08-26T10:00:00,2018-08-26T10:00:00,121,121
http://irail.be/vehicle/IC3730,http://irail.be/stations/NMBS/008814357,IC,2018-08-26T10:02:00,2018-08-26T10:02:00,121,121
http://irail.be/vehicle/IC3730,http://irail.be/stations/NMBS/008814340,IC,2018-08-26T10:03:00,2018-08-26T10:03:00,104,104
http://irail.be/vehicle/IC3730,http://irail.be/stations/NMBS/008814308,IC,2018-08-26T10:04:00,2018-08-26T10:04:00,111,111
http://irail.be/vehicle/IC3730,http://irail.be/stations/NMBS/008814332,IC,2018-08-26T10:05:00,2018-08-26T10:05:00,103,103
http://irail.be/vehicle/IC3730,http://irail.be/stations/NMBS/008883808,IC,2018-08-26T10:07:00,2018-08-26T10:07:00,56,56
http://irail.be/vehicle/IC3730,http://irail.be/stations/NMBS/008883022,IC,2018-08-26T10:09:00,2018-08-26T10:09:00,58,58
http://irail.be/vehicle/IC3730,NO-URI,IC,2018-08-26T10:09:00,2018-08-26T10:09:00,68,68
http://irail.be/vehicle/IC3730,http://irail.be/stations/NMBS/008883006,IC,2018-08-26T10:16:00,2018-08-26T10:14:00,-15,8
http://irail.be/vehicle/IC3730,http://irail.be/stations/NMBS/008883113,IC,2018-08-26T10:22:00,2018-08-26T10:21:00,67,-2
http://irail.be/vehicle/IC3730,NO-URI,IC,2018-08-26T10:26:00,2018-08-26T10:26:00,51,51
http://irail.be/vehicle/IC3730,http://irail.be/stations/NMBS/008883121,IC,2018-08-26T10:26:00,2018-08-26T10:26:00,101,101
http://irail.be/vehicle/IC3730,http://irail.be/stations/NMBS/008881174,IC,2018-08-26T10:27:00,2018-08-26T10:27:00,154,154
http://irail.be/vehicle/IC3730,http://irail.be/stations/NMBS/008881166,IC,2018-08-26T10:31:00,2018-08-26T10:30:00,107,140
http://irail.be/vehicle/IC3730,http://irail.be/stations/NMBS/008881158,IC,2018-08-26T10:34:00,2018-08-26T10:34:00,107,107
http://irail.be/vehicle/IC3730,http://irail.be/stations/NMBS/008881125,IC,2018-08-26T10:35:00,2018-08-26T10:35:00,89,89
http://irail.be/vehicle/IC3730,http://irail.be/stations/NMBS/008881000,IC,2018-08-26T10:40:00,2018-08-26T10:40:00,,31
http://irail.be/vehicle/IC3730,http://irail.be/stations/NMBS/008819406,IC,2018-09-17T09:31:00,2018-09-17T09:31:00,328,
http://irail.be/vehicle/IC3730,http://irail.be/stations/NMBS/008811007,IC,2018-09-17T09:38:00,2018-09-17T09:38:00,545,545
http://irail.be/vehicle/IC3730,http://irail.be/stations/NMBS/008812005,IC,2018-09-17T09:43:00,2018-09-17T09:41:00,739,651
http://irail.be/vehicle/IC3730,http://irail.be/stations/NMBS/008813045,IC,2018-09-17T09:45:00,2018-09-17T09:45:00,746,746
http://irail.be/vehicle/IC3730,http://irail.be/stations/NMBS/008813003,IC,2018-09-17T09:47:00,2018-09-17T09:46:00,805,795
http://irail.be/vehicle/IC3730,http://irail.be/stations/NMBS/008813037,IC,2018-09-17T09:49:00,2018-09-17T09:49:00,805,805
http://irail.be/vehicle/IC3730,http://irail.be/stations/NMBS/008814001,IC,2018-09-17T09:55:00,2018-09-17T09:51:00,802,803
http://irail.be/vehicle/IC3730,http://irail.be/stations/NMBS/008814373,IC,2018-09-17T09:59:00,2018-09-17T09:59:00,721,721
http://irail.be/vehicle/IC3730,http://irail.be/stations/NMBS/008814308,IC,2018-09-17T10:05:00,2018-09-17T10:05:00,870,870
http://irail.be/vehicle/IC3730,http://irail.be/stations/NMBS/008814332,IC,2018-09-17T10:06:00,2018-09-17T10:06:00,875,875
http://irail.be/vehicle/IC3730,http://irail.be/stations/NMBS/008883808,IC,2018-09-17T10:07:00,2018-09-17T10:07:00,887,887
http://irail.be/vehicle/IC3730,http://irail.be/stations/NMBS/008883022,IC,2018-09-17T10:10:00,2018-09-17T10:10:00,833,833
http://irail.be/vehicle/IC3730,NO-URI,IC,2018-09-17T10:10:00,2018-09-17T10:10:00,837,837
http://irail.be/vehicle/IC3730,http://irail.be/stations/NMBS/008883006,IC,2018-09-17T10:17:00,2018-09-17T10:15:00,724,796
http://irail.be/vehicle/IC3730,http://irail.be/stations/NMBS/008883113,IC,2018-09-17T10:23:00,2018-09-17T10:22:00,690,655
http://irail.be/vehicle/IC3730,NO-URI,IC,2018-09-17T10:27:00,2018-09-17T10:27:00,618,618
http://irail.be/vehicle/IC3730,http://irail.be/stations/NMBS/008883121,IC,2018-09-17T10:27:00,2018-09-17T10:27:00,629,629
http://irail.be/vehicle/IC3730,http://irail.be/stations/NMBS/008881174,IC,2018-09-17T10:29:00,2018-09-17T10:29:00,589,589
http://irail.be/vehicle/IC3730,http://irail.be/stations/NMBS/008881166,IC,2018-09-17T10:32:00,2018-09-17T10:31:00,825,619
http://irail.be/vehicle/IC3730,http://irail.be/stations/NMBS/008881158,IC,2018-09-17T10:34:00,2018-09-17T10:34:00,825,825
http://irail.be/vehicle/IC3730,http://irail.be/stations/NMBS/008881125,IC,2018-09-17T10:36:00,2018-09-17T10:36:00,779,779
http://irail.be/vehicle/IC3730,http://irail.be/stations/NMBS/008881000,IC,2018-09-17T10:42:00,2018-09-17T10:42:00,,652
http://irail.be/vehicle/IC3730,http://irail.be/stations/NMBS/008819406,IC,2018-11-08T09:31:00,2018-11-08T09:31:00,188,
http://irail.be/vehicle/IC3730,http://irail.be/stations/NMBS/008811007,IC,2018-11-08T09:38:00,2018-11-08T09:38:00,235,235
http://irail.be/vehicle/IC3730,http://irail.be/stations/NMBS/008812005,IC,2018-11-08T09:43:00,2018-11-08T09:41:00,241,235
http://irail.be/vehicle/IC3730,http://irail.be/stations/NMBS/008813045,IC,2018-11-08T09:45:00,2018-11-08T09:45:00,293,293
http://irail.be/vehicle/IC3730,http://irail.be/stations/NMBS/008813003,IC,2018-11-08T09:47:00,2018-11-08T09:46:00,539,545
http://irail.be/vehicle/IC3730,http://irail.be/stations/NMBS/008813037,IC,2018-11-08T09:49:00,2018-11-08T09:49:00,539,539
http://irail.be/vehicle/IC3730,http://irail.be/stations/NMBS/008814001,IC,2018-11-08T09:55:00,2018-11-08T09:51:00,507,536
http://irail.be/vehicle/IC3730,http://irail.be/stations/NMBS/008814308,IC,2018-11-08T10:05:00,2018-11-08T10:05:00,391,391
http://irail.be/vehicle/IC3730,http://irail.be/stations/NMBS/008814332,IC,2018-11-08T10:06:00,2018-11-08T10:06:00,392,392
http://irail.be/vehicle/IC3730,http://irail.be/stations/NMBS/008883808,IC,2018-11-08T10:07:00,2018-11-08T10:07:00,404,404
http://irail.be/vehicle/IC3730,http://irail.be/stations/NMBS/008883022,IC,2018-11-08T10:10:00,2018-11-08T10:10:00,350,350
http://irail.be/vehicle/IC3730,NO-URI,IC,2018-11-08T10:10:00,2018-11-08T10:10:00,358,358
http://irail.be/vehicle/IC3730,http://irail.be/stations/NMBS/008883006,IC,2018-11-08T10:17:00,2018-11-08T10:15:00,308,297
http://irail.be/vehicle/IC3730,http://irail.be/stations/NMBS/008883113,IC,2018-11-08T10:23:00,2018-11-08T10:22:00,254,254
http://irail.be/vehicle/IC3730,NO-URI,IC,2018-11-08T10:27:00,2018-11-08T10:27:00,184,184
http://irail.be/vehicle/IC3730,http://irail.be/stations/NMBS/008883121,IC,2018-11-08T10:27:00,2018-11-08T10:27:00,194,194
http://irail.be/vehicle/IC3730,http://irail.be/stations/NMBS/008881174,IC,2018-11-08T10:29:00,2018-11-08T10:29:00,153,153
http://irail.be/vehicle/IC3730,http://irail.be/stations/NMBS/008881166,IC,2018-11-08T10:32:00,2018-11-08T10:31:00,202,180
http://irail.be/vehicle/IC3730,http://irail.be/stations/NMBS/008881158,IC,2018-11-08T10:34:00,2018-11-08T10:34:00,202,202
http://irail.be/vehicle/IC3730,http://irail.be/stations/NMBS/008881125,IC,2018-11-08T10:36:00,2018-11-08T10:36:00,160,160
http://irail.be/vehicle/IC3730,http://irail.be/stations/NMBS/008881000,IC,2018-11-08T10:42:00,2018-11-08T10:42:00,,30
http://irail.be/vehicle/IC3730,http://irail.be/stations/NMBS/008819406,IC,2018-12-05T09:31:00,2018-12-05T09:31:00,86,
http://irail.be/vehicle/IC3730,http://irail.be/stations/NMBS/008811007,IC,2018-12-05T09:38:00,2018-12-05T09:38:00,141,141
http://irail.be/vehicle/IC3730,http://irail.be/stations/NMBS/008812005,IC,2018-12-05T09:43:00,2018-12-05T09:41:00,91,151
http://irail.be/vehicle/IC3730,http://irail.be/stations/NMBS/008813045,IC,2018-12-05T09:45:00,2018-12-05T09:45:00,102,102
http://irail.be/vehicle/IC3730,http://irail.be/stations/NMBS/008813003,IC,2018-12-05T09:47:00,2018-12-05T09:46:00,142,131
http://irail.be/vehicle/IC3730,http://irail.be/stations/NMBS/008813037,IC,2018-12-05T09:49:00,2018-12-05T09:49:00,142,142
http://irail.be/vehicle/IC3730,http://irail.be/stations/NMBS/008814001,IC,2018-12-05T09:55:00,2018-12-05T09:51:00,233,158
http://irail.be/vehicle/IC3730,http://irail.be/stations/NMBS/008814373,IC,2018-12-05T10:00:02,2018-12-05T10:01:44,173,173
http://irail.be/vehicle/IC3730,http://irail.be/stations/NMBS/008814308,IC,2018-12-05T10:05:00,2018-12-05T10:05:00,296,296
http://irail.be/vehicle/IC3730,http://irail.be/stations/NMBS/008814332,IC,2018-12-05T10:06:00,2018-12-05T10:06:00,300,300
http://irail.be/vehicle/IC3730,http://irail.be/stations/NMBS/008883808,IC,2018-12-05T10:07:00,2018-12-05T10:07:00,322,322
http://irail.be/vehicle/IC3730,http://irail.be/stations/NMBS/008883022,IC,2018-12-05T10:10:00,2018-12-05T10:10:00,273,273
http://irail.be/vehicle/IC3730,NO-URI,IC,2018-12-05T10:10:00,2018-12-05T10:10:00,281,281
http://irail.be/vehicle/IC3730,http://irail.be/stations/NMBS/008883006,IC,2018-12-05T10:17:00,2018-12-05T10:15:00,282,230
http://irail.be/vehicle/IC3730,http://irail.be/stations/NMBS/008883113,IC,2018-12-05T10:23:00,2018-12-05T10:22:00,304,278
http://irail.be/vehicle/IC3730,NO-URI,IC,2018-12-05T10:27:00,2018-12-05T10:27:00,245,245
http://irail.be/vehicle/IC3730,http://irail.be/stations/NMBS/008883121,IC,2018-12-05T10:27:00,2018-12-05T10:27:00,252,252
http://irail.be/vehicle/IC3730,http://irail.be/stations/NMBS/008881174,IC,2018-12-05T10:29:00,2018-12-05T10:29:00,213,213
http://irail.be/vehicle/IC3730,http://irail.be/stations/NMBS/008881166,IC,2018-12-05T10:32:00,2018-12-05T10:31:00,253,240
http://irail.be/vehicle/IC3730,http://irail.be/stations/NMBS/008881158,IC,2018-12-05T10:34:00,2018-12-05T10:34:00,253,253
http://irail.be/vehicle/IC3730,http://irail.be/stations/NMBS/008881125,IC,2018-12-05T10:36:00,2018-12-05T10:36:00,228,228
http://irail.be/vehicle/IC3730,http://irail.be/stations/NMBS/008881000,IC,2018-12-05T10:42:00,2018-12-05T10:42:00,,68
http://irail.be/vehicle/IC3730,http://irail.be/stations/NMBS/008819406,IC,2018-08-11T09:31:00,2018-08-11T09:31:00,-7,
http://irail.be/vehicle/IC3730,http://irail.be/stations/NMBS/008811007,IC,2018-08-11T09:38:00,2018-08-11T09:38:00,14,14
http://irail.be/vehicle/IC3730,http://irail.be/stations/NMBS/008812005,IC,2018-08-11T09:43:00,2018-08-11T09:41:00,15,10
http://irail.be/vehicle/IC3730,http://irail.be/stations/NMBS/008813045,IC,2018-08-11T09:45:00,2018-08-11T09:45:00,20,20
http://irail.be/vehicle/IC3730,http://irail.be/stations/NMBS/008813003,IC,2018-08-11T09:47:00,2018-08-11T09:46:00,173,123
http://irail.be/vehicle/IC3730,http://irail.be/stations/NMBS/008813037,IC,2018-08-11T09:49:00,2018-08-11T09:49:00,173,173
http://irail.be/vehicle/IC3730,http://irail.be/stations/NMBS/008814001,IC,2018-08-11T09:55:00,2018-08-11T09:51:00,149,186
http://irail.be/vehicle/IC3730,http://irail.be/stations/NMBS/008814308,IC,2018-08-11T10:04:00,2018-08-11T10:04:00,113,113
http://irail.be/vehicle/IC3730,http://irail.be/stations/NMBS/008814332,IC,2018-08-11T10:05:00,2018-08-11T10:05:00,112,112
http://irail.be/vehicle/IC3730,http://irail.be/stations/NMBS/008883808,IC,2018-08-11T10:07:00,2018-08-11T10:07:00,71,71
http://irail.be/vehicle/IC3730,http://irail.be/stations/NMBS/008883022,IC,2018-08-11T10:09:00,2018-08-11T10:09:00,74,74
http://irail.be/vehicle/IC3730,NO-URI,IC,2018-08-11T10:09:00,2018-08-11T10:09:00,84,84
http://irail.be/vehicle/IC3730,http://irail.be/stations/NMBS/008883006,IC,2018-08-11T10:16:00,2018-08-11T10:14:00,51,44
http://irail.be/vehicle/IC3730,http://irail.be/stations/NMBS/008883113,IC,2018-08-11T10:22:00,2018-08-11T10:21:00,66,28
http://irail.be/vehicle/IC3730,NO-URI,IC,2018-08-11T10:26:00,2018-08-11T10:26:00,38,38
http://irail.be/vehicle/IC3730,http://irail.be/stations/NMBS/008883121,IC,2018-08-11T10:26:00,2018-08-11T10:26:00,50,50
http://irail.be/vehicle/IC3730,http://irail.be/stations/NMBS/008881174,IC,2018-08-11T10:27:00,2018-08-11T10:27:00,71,71
http://irail.be/vehicle/IC3730,http://irail.be/stations/NMBS/008881166,IC,2018-08-11T10:31:00,2018-08-11T10:30:00,66,59
http://irail.be/vehicle/IC3730,http://irail.be/stations/NMBS/008881158,IC,2018-08-11T10:34:00,2018-08-11T10:34:00,66,66
http://irail.be/vehicle/IC3730,http://irail.be/stations/NMBS/008881125,IC,2018-08-11T10:35:00,2018-08-11T10:35:00,62,62
http://irail.be/vehicle/IC3730,http://irail.be/stations/NMBS/008881000,IC,2018-08-11T10:40:00,2018-08-11T10:40:00,,-5
http://irail.be/vehicle/IC3730,http://irail.be/stations/NMBS/008819406,IC,2018-03-29T09:31:00,2018-03-29T09:31:00,204,
http://irail.be/vehicle/IC3730,http://irail.be/stations/NMBS/008811007,IC,2018-03-29T09:38:00,2018-03-29T09:38:00,256,256
http://irail.be/vehicle/IC3730,http://irail.be/stations/NMBS/008812005,IC,2018-03-29T09:43:00,2018-03-29T09:41:00,262,277
http://irail.be/vehicle/IC3730,http://irail.be/stations/NMBS/008813045,IC,2018-03-29T09:45:00,2018-03-29T09:45:00,251,251
http://irail.be/vehicle/IC3730,http://irail.be/stations/NMBS/008813003,IC,2018-03-29T09:47:00,2018-03-29T09:46:00,289,285
http://irail.be/vehicle/IC3730,http://irail.be/stations/NMBS/008813037,IC,2018-03-29T09:49:00,2018-03-29T09:49:00,289,289
http://irail.be/vehicle/IC3730,http://irail.be/stations/NMBS/008814001,IC,2018-03-29T09:55:00,2018-03-29T09:51:00,122,292
http://irail.be/vehicle/IC3730,http://irail.be/stations/NMBS/008814365,IC,2018-03-29T10:01:00,2018-03-29T10:01:00,39,39
http://irail.be/vehicle/IC3730,http://irail.be/stations/NMBS/008814357,IC,2018-03-29T10:03:00,2018-03-29T10:03:00,39,39
http://irail.be/vehicle/IC3730,http://irail.be/stations/NMBS/008814340,IC,2018-03-29T10:04:00,2018-03-29T10:04:00,23,23
http://irail.be/vehicle/IC3730,http://irail.be/stations/NMBS/008814308,IC,2018-03-29T10:05:00,2018-03-29T10:05:00,34,34
http://irail.be/vehicle/IC3730,http://irail.be/stations/NMBS/008814332,IC,2018-03-29T10:06:00,2018-03-29T10:06:00,28,28
http://irail.be/vehicle/IC3730,http://irail.be/stations/NMBS/008883808,IC,2018-03-29T10:07:00,2018-03-29T10:07:00,50,50
http://irail.be/vehicle/IC3730,http://irail.be/stations/NMBS/008883022,IC,2018-03-29T10:10:00,2018-03-29T10:10:00,19,19
http://irail.be/vehicle/IC3730,NO-URI,IC,2018-03-29T10:10:00,2018-03-29T10:10:00,29,29
http://irail.be/vehicle/IC3730,http://irail.be/stations/NMBS/008883006,IC,2018-03-29T10:17:00,2018-03-29T10:15:00,29,-7
http://irail.be/vehicle/IC3730,http://irail.be/stations/NMBS/008883113,IC,2018-03-29T10:23:00,2018-03-29T10:22:00,20,-47
http://irail.be/vehicle/IC3730,NO-URI,IC,2018-03-29T10:27:00,2018-03-29T10:27:00,-45,-45
http://irail.be/vehicle/IC3730,http://irail.be/stations/NMBS/008883121,IC,2018-03-29T10:27:00,2018-03-29T10:27:00,-34,-34
http://irail.be/vehicle/IC3730,http://irail.be/stations/NMBS/008881174,IC,2018-03-29T10:29:00,2018-03-29T10:29:00,-72,-72
http://irail.be/vehicle/IC3730,http://irail.be/stations/NMBS/008881166,IC,2018-03-29T10:32:00,2018-03-29T10:31:00,-6,-47
http://irail.be/vehicle/IC3730,http://irail.be/stations/NMBS/008881158,IC,2018-03-29T10:35:00,2018-03-29T10:35:00,-6,-6
http://irail.be/vehicle/IC3730,http://irail.be/stations/NMBS/008881125,IC,2018-03-29T10:37:00,2018-03-29T10:37:00,-85,-85
http://irail.be/vehicle/IC3730,http://irail.be/stations/NMBS/008881000,IC,2018-03-29T10:42:00,2018-03-29T10:42:00,,-109
http://irail.be/vehicle/IC3730,http://irail.be/stations/NMBS/008819406,IC,2018-09-20T09:31:00,2018-09-20T09:31:00,98,
http://irail.be/vehicle/IC3730,http://irail.be/stations/NMBS/008811007,IC,2018-09-20T09:38:00,2018-09-20T09:38:00,406,406
http://irail.be/vehicle/IC3730,http://irail.be/stations/NMBS/008812005,IC,2018-09-20T09:43:00,2018-09-20T09:41:00,489,539
http://irail.be/vehicle/IC3730,http://irail.be/stations/NMBS/008813045,IC,2018-09-20T09:45:00,2018-09-20T09:45:00,501,501
http://irail.be/vehicle/IC3730,http://irail.be/stations/NMBS/008813003,IC,2018-09-20T09:47:00,2018-09-20T09:46:00,539,533
http://irail.be/vehicle/IC3730,http://irail.be/stations/NMBS/008813037,IC,2018-09-20T09:49:00,2018-09-20T09:49:00,539,539
http://irail.be/vehicle/IC3730,http://irail.be/stations/NMBS/008814001,IC,2018-09-20T09:55:00,2018-09-20T09:51:00,423,551
http://irail.be/vehicle/IC3730,http://irail.be/stations/NMBS/008814308,IC,2018-09-20T10:05:00,2018-09-20T10:05:00,320,320
http://irail.be/vehicle/IC3730,http://irail.be/stations/NMBS/008814332,IC,2018-09-20T10:06:00,2018-09-20T10:06:00,322,322
http://irail.be/vehicle/IC3730,http://irail.be/stations/NMBS/008883808,IC,2018-09-20T10:07:00,2018-09-20T10:07:00,331,331
http://irail.be/vehicle/IC3730,http://irail.be/stations/NMBS/008883022,IC,2018-09-20T10:10:00,2018-09-20T10:10:00,277,277
http://irail.be/vehicle/IC3730,NO-URI,IC,2018-09-20T10:10:00,2018-09-20T10:10:00,281,281
http://irail.be/vehicle/IC3730,http://irail.be/stations/NMBS/008883006,IC,2018-09-20T10:17:00,2018-09-20T10:15:00,102,218
http://irail.be/vehicle/IC3730,http://irail.be/stations/NMBS/008883113,IC,2018-09-20T10:23:00,2018-09-20T10:22:00,36,22
http://irail.be/vehicle/IC3730,NO-URI,IC,2018-09-20T10:27:00,2018-09-20T10:27:00,-43,-43
http://irail.be/vehicle/IC3730,http://irail.be/stations/NMBS/008883121,IC,2018-09-20T10:27:00,2018-09-20T10:27:00,-33,-33
http://irail.be/vehicle/IC3730,http://irail.be/stations/NMBS/008881174,IC,2018-09-20T10:29:00,2018-09-20T10:29:00,-74,-74
http://irail.be/vehicle/IC3730,http://irail.be/stations/NMBS/008881166,IC,2018-09-20T10:32:00,2018-09-20T10:31:00,11,-47
http://irail.be/vehicle/IC3730,http://irail.be/stations/NMBS/008881158,IC,2018-09-20T10:34:00,2018-09-20T10:34:00,11,11
http://irail.be/vehicle/IC3730,http://irail.be/stations/NMBS/008881125,IC,2018-09-20T10:36:00,2018-09-20T10:36:00,-35,-35
http://irail.be/vehicle/IC3730,http://irail.be/stations/NMBS/008881000,IC,2018-09-20T10:42:00,2018-09-20T10:42:00,,-176
http://irail.be/vehicle/IC3730,http://irail.be/stations/NMBS/008819406,IC,2018-08-15T09:31:00,2018-08-15T09:31:00,140,
http://irail.be/vehicle/IC3730,http://irail.be/stations/NMBS/008811007,IC,2018-08-15T09:38:00,2018-08-15T09:38:00,382,382
http://irail.be/vehicle/IC3730,http://irail.be/stations/NMBS/008812005,IC,2018-08-15T09:43:00,2018-08-15T09:41:00,544,437
http://irail.be/vehicle/IC3730,http://irail.be/stations/NMBS/008813045,IC,2018-08-15T09:45:00,2018-08-15T09:45:00,550,550
http://irail.be/vehicle/IC3730,http://irail.be/stations/NMBS/008813003,IC,2018-08-15T09:47:00,2018-08-15T09:46:00,810,741
http://irail.be/vehicle/IC3730,http://irail.be/stations/NMBS/008813037,IC,2018-08-15T09:48:00,2018-08-15T09:48:00,812,812
http://irail.be/vehicle/IC3730,http://irail.be/stations/NMBS/008814001,IC,2018-08-15T09:55:00,2018-08-15T09:51:00,724,811
http://irail.be/vehicle/IC3730,http://irail.be/stations/NMBS/008814308,IC,2018-08-15T10:04:00,2018-08-15T10:04:00,660,660
http://irail.be/vehicle/IC3730,http://irail.be/stations/NMBS/008814332,IC,2018-08-15T10:05:00,2018-08-15T10:05:00,658,658
http://irail.be/vehicle/IC3730,http://irail.be/stations/NMBS/008883808,IC,2018-08-15T10:07:00,2018-08-15T10:07:00,609,609
http://irail.be/vehicle/IC3730,http://irail.be/stations/NMBS/008883022,IC,2018-08-15T10:09:00,2018-08-15T10:09:00,611,611
http://irail.be/vehicle/IC3730,NO-URI,IC,2018-08-15T10:09:00,2018-08-15T10:09:00,619,619
http://irail.be/vehicle/IC3730,http://irail.be/stations/NMBS/008883006,IC,2018-08-15T10:16:00,2018-08-15T10:14:00,499,562
http://irail.be/vehicle/IC3730,http://irail.be/stations/NMBS/008883113,IC,2018-08-15T10:22:00,2018-08-15T10:21:00,479,447
http://irail.be/vehicle/IC3730,NO-URI,IC,2018-08-15T10:26:00,2018-08-15T10:26:00,415,415
http://irail.be/vehicle/IC3730,http://irail.be/stations/NMBS/008883121,IC,2018-08-15T10:26:00,2018-08-15T10:26:00,427,427
http://irail.be/vehicle/IC3730,http://irail.be/stations/NMBS/008881174,IC,2018-08-15T10:27:00,2018-08-15T10:27:00,447,447
http://irail.be/vehicle/IC3730,http://irail.be/stations/NMBS/008881166,IC,2018-08-15T10:31:00,2018-08-15T10:30:00,469,435
http://irail.be/vehicle/IC3730,http://irail.be/stations/NMBS/008881158,IC,2018-08-15T10:33:00,2018-08-15T10:33:00,469,469
http://irail.be/vehicle/IC3730,http://irail.be/stations/NMBS/008881125,IC,2018-08-15T10:35:00,2018-08-15T10:35:00,428,428
http://irail.be/vehicle/IC3730,http://irail.be/stations/NMBS/008881000,IC,2018-08-15T10:40:00,2018-08-15T10:40:00,,362
http://irail.be/vehicle/IC3730,http://irail.be/stations/NMBS/008819406,IC,2018-12-28T09:30:00,2018-12-28T09:30:00,-9,
http://irail.be/vehicle/IC3730,http://irail.be/stations/NMBS/008811007,IC,2018-12-28T09:37:00,2018-12-28T09:37:00,-21,-21
http://irail.be/vehicle/IC3730,http://irail.be/stations/NMBS/008812005,IC,2018-12-28T09:43:00,2018-12-28T09:41:00,-4,23
http://irail.be/vehicle/IC3730,http://irail.be/stations/NMBS/008813045,IC,2018-12-28T09:45:00,2018-12-28T09:45:00,-11,-11
http://irail.be/vehicle/IC3730,http://irail.be/stations/NMBS/008813003,IC,2018-12-28T09:48:00,2018-12-28T09:47:00,3,-27
http://irail.be/vehicle/IC3730,http://irail.be/stations/NMBS/008813037,IC,2018-12-28T09:50:00,2018-12-28T09:50:00,3,3
http://irail.be/vehicle/IC3730,http://irail.be/stations/NMBS/008814001,IC,2018-12-28T09:56:00,2018-12-28T09:52:00,186,29
http://irail.be/vehicle/IC3730,http://irail.be/stations/NMBS/008814308,IC,2018-12-28T10:05:00,2018-12-28T10:05:00,125,125
http://irail.be/vehicle/IC3730,http://irail.be/stations/NMBS/008814332,IC,2018-12-28T10:06:00,2018-12-28T10:06:00,127,127
http://irail.be/vehicle/IC3730,http://irail.be/stations/NMBS/008883808,IC,2018-12-28T10:08:00,2018-12-28T10:08:00,84,84
http://irail.be/vehicle/IC3730,http://irail.be/stations/NMBS/008883022,IC,2018-12-28T10:10:00,2018-12-28T10:10:00,96,96
http://irail.be/vehicle/IC3730,NO-URI,IC,2018-12-28T10:11:00,2018-12-28T10:11:00,51,51
http://irail.be/vehicle/IC3730,http://irail.be/stations/NMBS/008883006,IC,2018-12-28T10:18:00,2018-12-28T10:16:00,40,21
http://irail.be/vehicle/IC3730,http://irail.be/stations/NMBS/008883113,IC,2018-12-28T10:24:00,2018-12-28T10:23:00,57,30
http://irail.be/vehicle/IC3730,NO-URI,IC,2018-12-28T10:27:00,2018-12-28T10:27:00,65,65
http://irail.be/vehicle/IC3730,http://irail.be/stations/NMBS/008883121,IC,2018-12-28T10:28:00,2018-12-28T10:28:00,54,54
http://irail.be/vehicle/IC3730,http://irail.be/stations/NMBS/008881174,IC,2018-12-28T10:29:00,2018-12-28T10:29:00,46,46
http://irail.be/vehicle/IC3730,http://irail.be/stations/NMBS/008881166,IC,2018-12-28T10:33:00,2018-12-28T10:32:00,187,166
http://irail.be/vehicle/IC3730,http://irail.be/stations/NMBS/008881158,IC,2018-12-28T10:36:00,2018-12-28T10:36:00,187,187
http://irail.be/vehicle/IC3730,http://irail.be/stations/NMBS/008881125,IC,2018-12-28T10:37:00,2018-12-28T10:37:00,182,182
http://irail.be/vehicle/IC3730,http://irail.be/stations/NMBS/008881000,IC,2018-12-28T10:43:00,2018-12-28T10:43:00,,58
http://irail.be/vehicle/IC3730,http://irail.be/stations/NMBS/008812005,IC,2018-08-24T09:43:00,2018-08-24T09:43:00,23,
http://irail.be/vehicle/IC3730,http://irail.be/stations/NMBS/008813045,IC,2018-08-24T09:45:00,2018-08-24T09:45:00,14,14
http://irail.be/vehicle/IC3730,http://irail.be/stations/NMBS/008813003,IC,2018-08-24T09:47:00,2018-08-24T09:46:00,42,45
http://irail.be/vehicle/IC3730,http://irail.be/stations/NMBS/008813037,IC,2018-08-24T09:49:00,2018-08-24T09:49:00,42,42
http://irail.be/vehicle/IC3730,http://irail.be/stations/NMBS/008814001,IC,2018-08-24T09:55:00,2018-08-24T09:51:00,108,39
http://irail.be/vehicle/IC3730,http://irail.be/stations/NMBS/008814308,IC,2018-08-24T10:05:00,2018-08-24T10:05:00,4,4
http://irail.be/vehicle/IC3730,http://irail.be/stations/NMBS/008814332,IC,2018-08-24T10:06:00,2018-08-24T10:06:00,5,5
http://irail.be/vehicle/IC3730,http://irail.be/stations/NMBS/008883808,IC,2018-08-24T10:07:00,2018-08-24T10:07:00,109,109
http://irail.be/vehicle/IC3730,http://irail.be/stations/NMBS/008883022,IC,2018-08-24T10:10:00,2018-08-24T10:10:00,115,115
http://irail.be/vehicle/IC3730,NO-URI,IC,2018-08-24T10:10:00,2018-08-24T10:10:00,124,124
http://irail.be/vehicle/IC3730,http://irail.be/stations/NMBS/008883006,IC,2018-08-24T10:17:00,2018-08-24T10:15:00,15,67
http://irail.be/vehicle/IC3730,http://irail.be/stations/NMBS/008883113,IC,2018-08-24T10:23:00,2018-08-24T10:22:00,25,-55
http://irail.be/vehicle/IC3730,NO-URI,IC,2018-08-24T10:27:00,2018-08-24T10:27:00,-45,-45
http://irail.be/vehicle/IC3730,http://irail.be/stations/NMBS/008883121,IC,2018-08-24T10:27:00,2018-08-24T10:27:00,-34,-34
http://irail.be/vehicle/IC3730,http://irail.be/stations/NMBS/008881174,IC,2018-08-24T10:29:00,2018-08-24T10:29:00,-72,-72
http://irail.be/vehicle/IC3730,http://irail.be/stations/NMBS/008881166,IC,2018-08-24T10:32:00,2018-08-24T10:31:00,21,-45
http://irail.be/vehicle/IC3730,http://irail.be/stations/NMBS/008881158,IC,2018-08-24T10:35:00,2018-08-24T10:35:00,21,21
http://irail.be/vehicle/IC3730,http://irail.be/stations/NMBS/008881125,IC,2018-08-24T10:36:00,2018-08-24T10:36:00,3,3
http://irail.be/vehicle/IC3730,http://irail.be/stations/NMBS/008881000,IC,2018-08-24T10:42:00,2018-08-24T10:42:00,,1
http://irail.be/vehicle/IC3730,http://irail.be/stations/NMBS/008819406,IC,2018-08-22T09:31:00,2018-08-22T09:31:00,-14,
http://irail.be/vehicle/IC3730,http://irail.be/stations/NMBS/008811007,IC,2018-08-22T09:38:00,2018-08-22T09:38:00,-10,-10
http://irail.be/vehicle/IC3730,http://irail.be/stations/NMBS/008812005,IC,2018-08-22T09:43:00,2018-08-22T09:41:00,-4,18
http://irail.be/vehicle/IC3730,http://irail.be/stations/NMBS/008813045,IC,2018-08-22T09:45:00,2018-08-22T09:45:00,-10,-10
http://irail.be/vehicle/IC3730,http://irail.be/stations/NMBS/008813003,IC,2018-08-22T09:47:00,2018-08-22T09:46:00,19,19
http://irail.be/vehicle/IC3730,http://irail.be/stations/NMBS/008813037,IC,2018-08-22T09:49:00,2018-08-22T09:49:00,19,19
http://irail.be/vehicle/IC3730,http://irail.be/stations/NMBS/008814001,IC,2018-08-22T09:55:00,2018-08-22T09:51:00,48,17
http://irail.be/vehicle/IC3730,http://irail.be/stations/NMBS/008814365,IC,2018-08-22T10:01:00,2018-08-22T10:01:00,-12,-12
http://irail.be/vehicle/IC3730,http://irail.be/stations/NMBS/008814357,IC,2018-08-22T10:03:00,2018-08-22T10:03:00,-12,-12
http://irail.be/vehicle/IC3730,http://irail.be/stations/NMBS/008814340,IC,2018-08-22T10:04:00,2018-08-22T10:04:00,10,10
http://irail.be/vehicle/IC3730,http://irail.be/stations/NMBS/008814308,IC,2018-08-22T10:05:00,2018-08-22T10:05:00,41,41
http://irail.be/vehicle/IC3730,http://irail.be/stations/NMBS/008814332,IC,2018-08-22T10:06:00,2018-08-22T10:06:00,36,36
http://irail.be/vehicle/IC3730,http://irail.be/stations/NMBS/008883808,IC,2018-08-22T10:07:00,2018-08-22T10:07:00,317,317
http://irail.be/vehicle/IC3730,http://irail.be/stations/NMBS/008883022,IC,2018-08-22T10:10:00,2018-08-22T10:10:00,278,278
http://irail.be/vehicle/IC3730,NO-URI,IC,2018-08-22T10:10:00,2018-08-22T10:10:00,283,283
http://irail.be/vehicle/IC3730,http://irail.be/stations/NMBS/008883006,IC,2018-08-22T10:17:00,2018-08-22T10:15:00,117,224
http://irail.be/vehicle/IC3730,http://irail.be/stations/NMBS/008883113,IC,2018-08-22T10:23:00,2018-08-22T10:22:00,64,44
http://irail.be/vehicle/IC3730,NO-URI,IC,2018-08-22T10:27:00,2018-08-22T10:27:00,-11,-11
http://irail.be/vehicle/IC3730,http://irail.be/stations/NMBS/008883121,IC,2018-08-22T10:27:00,2018-08-22T10:27:00,1,1
http://irail.be/vehicle/IC3730,http://irail.be/stations/NMBS/008881174,IC,2018-08-22T10:29:00,2018-08-22T10:29:00,-34,-34
http://irail.be/vehicle/IC3730,http://irail.be/stations/NMBS/008881166,IC,2018-08-22T10:32:00,2018-08-22T10:31:00,1,-7
http://irail.be/vehicle/IC3730,http://irail.be/stations/NMBS/008881158,IC,2018-08-22T10:35:00,2018-08-22T10:35:00,1,1
http://irail.be/vehicle/IC3730,http://irail.be/stations/NMBS/008881125,IC,2018-08-22T10:36:00,2018-08-22T10:36:00,-17,-17
http://irail.be/vehicle/IC3730,http://irail.be/stations/NMBS/008881000,IC,2018-08-22T10:42:00,2018-08-22T10:42:00,,-21
http://irail.be/vehicle/IC3730,http://irail.be/stations/NMBS/008819406,IC,2018-11-15T09:31:00,2018-11-15T09:31:00,62,
http://irail.be/vehicle/IC3730,http://irail.be/stations/NMBS/008811007,IC,2018-11-15T09:38:00,2018-11-15T09:38:00,174,174
http://irail.be/vehicle/IC3730,http://irail.be/stations/NMBS/008812005,IC,2018-11-15T09:43:00,2018-11-15T09:41:00,116,195
http://irail.be/vehicle/IC3730,http://irail.be/stations/NMBS/008813045,IC,2018-11-15T09:45:00,2018-11-15T09:45:00,127,127
http://irail.be/vehicle/IC3730,http://irail.be/stations/NMBS/008813003,IC,2018-11-15T09:47:00,2018-11-15T09:46:00,171,170
http://irail.be/vehicle/IC3730,http://irail.be/stations/NMBS/008813037,IC,2018-11-15T09:49:00,2018-11-15T09:49:00,171,171
http://irail.be/vehicle/IC3730,http://irail.be/stations/NMBS/008814001,IC,2018-11-15T09:55:00,2018-11-15T09:51:00,42,223
http://irail.be/vehicle/IC3730,http://irail.be/stations/NMBS/008814308,IC,2018-11-15T10:05:00,2018-11-15T10:05:00,-74,-74
http://irail.be/vehicle/IC3730,http://irail.be/stations/NMBS/008814332,IC,2018-11-15T10:06:00,2018-11-15T10:06:00,-71,-71
http://irail.be/vehicle/IC3730,http://irail.be/stations/NMBS/008883808,IC,2018-11-15T10:07:00,2018-11-15T10:07:00,-53,-53
http://irail.be/vehicle/IC3730,http://irail.be/stations/NMBS/008883022,IC,2018-11-15T10:10:00,2018-11-15T10:10:00,-92,-92
http://irail.be/vehicle/IC3730,NO-URI,IC,2018-11-15T10:10:00,2018-11-15T10:10:00,-80,-80
http://irail.be/vehicle/IC3730,http://irail.be/stations/NMBS/008883006,IC,2018-11-15T10:17:00,2018-11-15T10:15:00,85,-156
http://irail.be/vehicle/IC3730,http://irail.be/stations/NMBS/008883113,IC,2018-11-15T10:23:00,2018-11-15T10:22:00,28,20
http://irail.be/vehicle/IC3730,NO-URI,IC,2018-11-15T10:27:00,2018-11-15T10:27:00,-43,-43
http://irail.be/vehicle/IC3730,http://irail.be/stations/NMBS/008883121,IC,2018-11-15T10:27:00,2018-11-15T10:27:00,-31,-31
http://irail.be/vehicle/IC3730,http://irail.be/stations/NMBS/008881174,IC,2018-11-15T10:29:00,2018-11-15T10:29:00,-64,-64
http://irail.be/vehicle/IC3730,http://irail.be/stations/NMBS/008881166,IC,2018-11-15T10:32:00,2018-11-15T10:31:00,-1,-32
http://irail.be/vehicle/IC3730,http://irail.be/stations/NMBS/008881158,IC,2018-11-15T10:34:00,2018-11-15T10:34:00,-1,-1
http://irail.be/vehicle/IC3730,http://irail.be/stations/NMBS/008881125,IC,2018-11-15T10:36:00,2018-11-15T10:36:00,-32,-32
http://irail.be/vehicle/IC3730,http://irail.be/stations/NMBS/008881000,IC,2018-11-15T10:42:00,2018-11-15T10:42:00,,-121
http://irail.be/vehicle/IC3730,http://irail.be/stations/NMBS/008819406,IC,2018-05-27T09:31:00,2018-05-27T09:31:00,-5,
http://irail.be/vehicle/IC3730,http://irail.be/stations/NMBS/008811007,IC,2018-05-27T09:38:00,2018-05-27T09:38:00,9,9
http://irail.be/vehicle/IC3730,http://irail.be/stations/NMBS/008812005,IC,2018-05-27T09:43:00,2018-05-27T09:41:00,93,-11
http://irail.be/vehicle/IC3730,http://irail.be/stations/NMBS/008813045,IC,2018-05-27T09:45:00,2018-05-27T09:45:00,87,87
http://irail.be/vehicle/IC3730,http://irail.be/stations/NMBS/008813003,IC,2018-05-27T09:47:00,2018-05-27T09:46:00,161,121
http://irail.be/vehicle/IC3730,http://irail.be/stations/NMBS/008813037,IC,2018-05-27T09:49:00,2018-05-27T09:49:00,161,161
http://irail.be/vehicle/IC3730,http://irail.be/stations/NMBS/008814001,IC,2018-05-27T09:55:00,2018-05-27T09:51:00,115,156
http://irail.be/vehicle/IC3730,http://irail.be/stations/NMBS/008814308,IC,2018-05-27T10:04:00,2018-05-27T10:04:00,62,62
http://irail.be/vehicle/IC3730,http://irail.be/stations/NMBS/008814332,IC,2018-05-27T10:05:00,2018-05-27T10:05:00,59,59
http://irail.be/vehicle/IC3730,http://irail.be/stations/NMBS/008883808,IC,2018-05-27T10:07:00,2018-05-27T10:07:00,9,9
http://irail.be/vehicle/IC3730,http://irail.be/stations/NMBS/008883022,IC,2018-05-27T10:09:00,2018-05-27T10:09:00,7,7
http://irail.be/vehicle/IC3730,NO-URI,IC,2018-05-27T10:09:00,2018-05-27T10:09:00,15,15
http://irail.be/vehicle/IC3730,http://irail.be/stations/NMBS/008883006,IC,2018-05-27T10:16:00,2018-05-27T10:14:00,30,-31
http://irail.be/vehicle/IC3730,http://irail.be/stations/NMBS/008883113,IC,2018-05-27T10:22:00,2018-05-27T10:21:00,136,47
http://irail.be/vehicle/IC3730,NO-URI,IC,2018-05-27T10:26:00,2018-05-27T10:26:00,111,111
http://irail.be/vehicle/IC3730,http://irail.be/stations/NMBS/008883121,IC,2018-05-27T10:26:00,2018-05-27T10:26:00,160,160
http://irail.be/vehicle/IC3730,http://irail.be/stations/NMBS/008881174,IC,2018-05-27T10:27:00,2018-05-27T10:27:00,208,208
http://irail.be/vehicle/IC3730,http://irail.be/stations/NMBS/008881166,IC,2018-05-27T10:31:00,2018-05-27T10:30:00,193,193
http://irail.be/vehicle/IC3730,http://irail.be/stations/NMBS/008881158,IC,2018-05-27T10:34:00,2018-05-27T10:34:00,193,193
http://irail.be/vehicle/IC3730,http://irail.be/stations/NMBS/008881125,IC,2018-05-27T10:35:00,2018-05-27T10:35:00,176,176
http://irail.be/vehicle/IC3730,http://irail.be/stations/NMBS/008881000,IC,2018-05-27T10:40:00,2018-05-27T10:40:00,,151
http://irail.be/vehicle/IC3730,http://irail.be/stations/NMBS/008819406,IC,2018-11-20T09:31:00,2018-11-20T09:31:00,356,
http://irail.be/vehicle/IC3730,http://irail.be/stations/NMBS/008811007,IC,2018-11-20T09:38:00,2018-11-20T09:38:00,683,683
http://irail.be/vehicle/IC3730,http://irail.be/stations/NMBS/008812005,IC,2018-11-20T09:43:00,2018-11-20T09:41:00,720,779
http://irail.be/vehicle/IC3730,http://irail.be/stations/NMBS/008813045,IC,2018-11-20T09:45:00,2018-11-20T09:45:00,716,716
http://irail.be/vehicle/IC3730,http://irail.be/stations/NMBS/008813003,IC,2018-11-20T09:47:00,2018-11-20T09:46:00,746,741
http://irail.be/vehicle/IC3730,http://irail.be/stations/NMBS/008813037,IC,2018-11-20T09:49:00,2018-11-20T09:49:00,746,746
http://irail.be/vehicle/IC3730,http://irail.be/stations/NMBS/008814001,IC,2018-11-20T09:55:00,2018-11-20T09:51:00,606,739
http://irail.be/vehicle/IC3730,http://irail.be/stations/NMBS/008814308,IC,2018-11-20T10:05:00,2018-11-20T10:05:00,451,451
http://irail.be/vehicle/IC3730,http://irail.be/stations/NMBS/008814332,IC,2018-11-20T10:06:00,2018-11-20T10:06:00,453,453
http://irail.be/vehicle/IC3730,http://irail.be/stations/NMBS/008883808,IC,2018-11-20T10:07:00,2018-11-20T10:07:00,466,466
http://irail.be/vehicle/IC3730,http://irail.be/stations/NMBS/008883022,IC,2018-11-20T10:10:00,2018-11-20T10:10:00,558,558
http://irail.be/vehicle/IC3730,NO-URI,IC,2018-11-20T10:10:00,2018-11-20T10:10:00,765,765
http://irail.be/vehicle/IC3730,http://irail.be/stations/NMBS/008883006,IC,2018-11-20T10:17:00,2018-11-20T10:15:00,990,986
http://irail.be/vehicle/IC3730,http://irail.be/stations/NMBS/008883113,IC,2018-11-20T10:23:00,2018-11-20T10:22:00,913,915
http://irail.be/vehicle/IC3730,NO-URI,IC,2018-11-20T10:27:00,2018-11-20T10:27:00,835,835
http://irail.be/vehicle/IC3730,http://irail.be/stations/NMBS/008883121,IC,2018-11-20T10:27:00,2018-11-20T10:27:00,841,841
http://irail.be/vehicle/IC3730,http://irail.be/stations/NMBS/008881174,IC,2018-11-20T10:29:00,2018-11-20T10:29:00,803,803
http://irail.be/vehicle/IC3730,http://irail.be/stations/NMBS/008881166,IC,2018-11-20T10:32:00,2018-11-20T10:31:00,832,830
http://irail.be/vehicle/IC3730,http://irail.be/stations/NMBS/008881158,IC,2018-11-20T10:34:00,2018-11-20T10:34:00,832,832
http://irail.be/vehicle/IC3730,http://irail.be/stations/NMBS/008881125,IC,2018-11-20T10:36:00,2018-11-20T10:36:00,800,800
http://irail.be/vehicle/IC3730,http://irail.be/stations/NMBS/008881000,IC,2018-11-20T10:42:00,2018-11-20T10:42:00,,670
http://irail.be/vehicle/IC3730,http://irail.be/stations/NMBS/008819406,IC,2018-07-25T09:31:00,2018-07-25T09:31:00,-5,
http://irail.be/vehicle/IC3730,http://irail.be/stations/NMBS/008811007,IC,2018-07-25T09:38:00,2018-07-25T09:38:00,-16,-16
http://irail.be/vehicle/IC3730,http://irail.be/stations/NMBS/008812005,IC,2018-07-25T09:43:00,2018-07-25T09:41:00,-12,21
http://irail.be/vehicle/IC3730,http://irail.be/stations/NMBS/008813045,IC,2018-07-25T09:45:00,2018-07-25T09:45:00,-11,-11
http://irail.be/vehicle/IC3730,http://irail.be/stations/NMBS/008813003,IC,2018-07-25T09:47:00,2018-07-25T09:46:00,56,18
http://irail.be/vehicle/IC3730,http://irail.be/stations/NMBS/008813037,IC,2018-07-25T09:49:00,2018-07-25T09:49:00,56,56
http://irail.be/vehicle/IC3730,http://irail.be/stations/NMBS/008814001,IC,2018-07-25T09:55:00,2018-07-25T09:51:00,53,57
http://irail.be/vehicle/IC3730,http://irail.be/stations/NMBS/008814308,IC,2018-07-25T10:05:00,2018-07-25T10:05:00,354,354
http://irail.be/vehicle/IC3730,http://irail.be/stations/NMBS/008814332,IC,2018-07-25T10:06:00,2018-07-25T10:06:00,357,357
http://irail.be/vehicle/IC3730,http://irail.be/stations/NMBS/008883808,IC,2018-07-25T10:07:00,2018-07-25T10:07:00,523,523
http://irail.be/vehicle/IC3730,http://irail.be/stations/NMBS/008883022,IC,2018-07-25T10:10:00,2018-07-25T10:10:00,592,592
http://irail.be/vehicle/IC3730,NO-URI,IC,2018-07-25T10:10:00,2018-07-25T10:10:00,645,645
http://irail.be/vehicle/IC3730,http://irail.be/stations/NMBS/008883006,IC,2018-07-25T10:17:00,2018-07-25T10:15:00,580,691
http://irail.be/vehicle/IC3730,http://irail.be/stations/NMBS/008883113,IC,2018-07-25T10:23:00,2018-07-25T10:22:00,508,496
http://irail.be/vehicle/IC3730,NO-URI,IC,2018-07-25T10:27:00,2018-07-25T10:27:00,432,432
http://irail.be/vehicle/IC3730,http://irail.be/stations/NMBS/008883121,IC,2018-07-25T10:27:00,2018-07-25T10:27:00,443,443
http://irail.be/vehicle/IC3730,http://irail.be/stations/NMBS/008881174,IC,2018-07-25T10:29:00,2018-07-25T10:29:00,406,406
http://irail.be/vehicle/IC3730,http://irail.be/stations/NMBS/008881166,IC,2018-07-25T10:32:00,2018-07-25T10:31:00,707,434
http://irail.be/vehicle/IC3730,http://irail.be/stations/NMBS/008881158,IC,2018-07-25T10:35:00,2018-07-25T10:35:00,707,707
http://irail.be/vehicle/IC3730,http://irail.be/stations/NMBS/008881125,IC,2018-07-25T10:36:00,2018-07-25T10:36:00,688,688
http://irail.be/vehicle/IC3730,http://irail.be/stations/NMBS/008881000,IC,2018-07-25T10:42:00,2018-07-25T10:42:00,,606
http://irail.be/vehicle/IC3730,http://irail.be/stations/NMBS/008819406,IC,2018-08-10T09:31:00,2018-08-10T09:31:00,67,
http://irail.be/vehicle/IC3730,http://irail.be/stations/NMBS/008811007,IC,2018-08-10T09:38:00,2018-08-10T09:38:00,254,254
http://irail.be/vehicle/IC3730,http://irail.be/stations/NMBS/008812005,IC,2018-08-10T09:43:00,2018-08-10T09:41:00,241,296
http://irail.be/vehicle/IC3730,http://irail.be/stations/NMBS/008813045,IC,2018-08-10T09:45:00,2018-08-10T09:45:00,231,231
http://irail.be/vehicle/IC3730,http://irail.be/stations/NMBS/008813003,IC,2018-08-10T09:47:00,2018-08-10T09:46:00,352,313
http://irail.be/vehicle/IC3730,http://irail.be/stations/NMBS/008813037,IC,2018-08-10T09:49:00,2018-08-10T09:49:00,352,352
http://irail.be/vehicle/IC3730,http://irail.be/stations/NMBS/008814001,IC,2018-08-10T09:55:00,2018-08-10T09:51:00,370,445
http://irail.be/vehicle/IC3730,http://irail.be/stations/NMBS/008814308,IC,2018-08-10T10:05:00,2018-08-10T10:05:00,246,246
http://irail.be/vehicle/IC3730,http://irail.be/stations/NMBS/008814332,IC,2018-08-10T10:06:00,2018-08-10T10:06:00,244,244
http://irail.be/vehicle/IC3730,http://irail.be/stations/NMBS/008883808,IC,2018-08-10T10:07:00,2018-08-10T10:07:00,347,347
http://irail.be/vehicle/IC3730,http://irail.be/stations/NMBS/008883022,IC,2018-08-10T10:10:00,2018-08-10T10:10:00,383,383
http://irail.be/vehicle/IC3730,NO-URI,IC,2018-08-10T10:10:00,2018-08-10T10:10:00,448,448
http://irail.be/vehicle/IC3730,http://irail.be/stations/NMBS/008883006,IC,2018-08-10T10:17:00,2018-08-10T10:15:00,351,418
http://irail.be/vehicle/IC3730,http://irail.be/stations/NMBS/008883113,IC,2018-08-10T10:23:00,2018-08-10T10:22:00,324,285
http://irail.be/vehicle/IC3730,NO-URI,IC,2018-08-10T10:27:00,2018-08-10T10:27:00,245,245
http://irail.be/vehicle/IC3730,http://irail.be/stations/NMBS/008883121,IC,2018-08-10T10:27:00,2018-08-10T10:27:00,257,257
http://irail.be/vehicle/IC3730,http://irail.be/stations/NMBS/008881174,IC,2018-08-10T10:29:00,2018-08-10T10:29:00,218,218
http://irail.be/vehicle/IC3730,http://irail.be/stations/NMBS/008881166,IC,2018-08-10T10:32:00,2018-08-10T10:31:00,330,245
http://irail.be/vehicle/IC3730,http://irail.be/stations/NMBS/008881158,IC,2018-08-10T10:35:00,2018-08-10T10:35:00,330,330
http://irail.be/vehicle/IC3730,http://irail.be/stations/NMBS/008881125,IC,2018-08-10T10:36:00,2018-08-10T10:36:00,309,309
http://irail.be/vehicle/IC3730,http://irail.be/stations/NMBS/008881000,IC,2018-08-10T10:42:00,2018-08-10T10:42:00,,193
http://irail.be/vehicle/IC3730,http://irail.be/stations/NMBS/008819406,IC,2018-11-27T09:31:00,2018-11-27T09:31:00,149,
http://irail.be/vehicle/IC3730,http://irail.be/stations/NMBS/008811007,IC,2018-11-27T09:38:00,2018-11-27T09:38:00,270,270
http://irail.be/vehicle/IC3730,http://irail.be/stations/NMBS/008812005,IC,2018-11-27T09:43:00,2018-11-27T09:41:00,332,390
http://irail.be/vehicle/IC3730,http://irail.be/stations/NMBS/008813045,IC,2018-11-27T09:45:00,2018-11-27T09:45:00,333,333
http://irail.be/vehicle/IC3730,http://irail.be/stations/NMBS/008813003,IC,2018-11-27T09:47:00,2018-11-27T09:46:00,389,378
http://irail.be/vehicle/IC3730,http://irail.be/stations/NMBS/008813037,IC,2018-11-27T09:49:00,2018-11-27T09:49:00,389,389
http://irail.be/vehicle/IC3730,http://irail.be/stations/NMBS/008814001,IC,2018-11-27T09:55:00,2018-11-27T09:51:00,276,394
http://irail.be/vehicle/IC3730,http://irail.be/stations/NMBS/008814308,IC,2018-11-27T10:05:00,2018-11-27T10:05:00,292,292
http://irail.be/vehicle/IC3730,http://irail.be/stations/NMBS/008814332,IC,2018-11-27T10:06:00,2018-11-27T10:06:00,295,295
http://irail.be/vehicle/IC3730,http://irail.be/stations/NMBS/008883808,IC,2018-11-27T10:07:00,2018-11-27T10:07:00,310,310
http://irail.be/vehicle/IC3730,http://irail.be/stations/NMBS/008883022,IC,2018-11-27T10:10:00,2018-11-27T10:10:00,266,266
http://irail.be/vehicle/IC3730,NO-URI,IC,2018-11-27T10:10:00,2018-11-27T10:10:00,273,273
http://irail.be/vehicle/IC3730,http://irail.be/stations/NMBS/008883006,IC,2018-11-27T10:17:00,2018-11-27T10:15:00,167,215
http://irail.be/vehicle/IC3730,http://irail.be/stations/NMBS/008883113,IC,2018-11-27T10:23:00,2018-11-27T10:22:00,210,101
http://irail.be/vehicle/IC3730,NO-URI,IC,2018-11-27T10:27:00,2018-11-27T10:27:00,133,133
http://irail.be/vehicle/IC3730,http://irail.be/stations/NMBS/008883121,IC,2018-11-27T10:27:00,2018-11-27T10:27:00,141,141
http://irail.be/vehicle/IC3730,http://irail.be/stations/NMBS/008881174,IC,2018-11-27T10:29:00,2018-11-27T10:29:00,104,104
http://irail.be/vehicle/IC3730,http://irail.be/stations/NMBS/008881166,IC,2018-11-27T10:32:00,2018-11-27T10:31:00,142,133
http://irail.be/vehicle/IC3730,http://irail.be/stations/NMBS/008881158,IC,2018-11-27T10:34:00,2018-11-27T10:34:00,142,142
http://irail.be/vehicle/IC3730,http://irail.be/stations/NMBS/008881125,IC,2018-11-27T10:36:00,2018-11-27T10:36:00,110,110
http://irail.be/vehicle/IC3730,http://irail.be/stations/NMBS/008881000,IC,2018-11-27T10:42:00,2018-11-27T10:42:00,,-68
http://irail.be/vehicle/IC3730,http://irail.be/stations/NMBS/008819406,IC,2018-06-04T09:31:00,2018-06-04T09:31:00,149,
http://irail.be/vehicle/IC3730,http://irail.be/stations/NMBS/008811007,IC,2018-06-04T09:38:00,2018-06-04T09:38:00,103,103
http://irail.be/vehicle/IC3730,http://irail.be/stations/NMBS/008812005,IC,2018-06-04T09:43:00,2018-06-04T09:41:00,102,140
http://irail.be/vehicle/IC3730,http://irail.be/stations/NMBS/008813045,IC,2018-06-04T09:45:00,2018-06-04T09:45:00,88,88
http://irail.be/vehicle/IC3730,http://irail.be/stations/NMBS/008813003,IC,2018-06-04T09:47:00,2018-06-04T09:46:00,128,117
http://irail.be/vehicle/IC3730,http://irail.be/stations/NMBS/008813037,IC,2018-06-04T09:49:00,2018-06-04T09:49:00,128,128
http://irail.be/vehicle/IC3730,http://irail.be/stations/NMBS/008814001,IC,2018-06-04T09:55:00,2018-06-04T09:51:00,127,129
http://irail.be/vehicle/IC3730,http://irail.be/stations/NMBS/008814308,IC,2018-06-04T10:05:00,2018-06-04T10:05:00,72,72
http://irail.be/vehicle/IC3730,http://irail.be/stations/NMBS/008814332,IC,2018-06-04T10:06:00,2018-06-04T10:06:00,80,80
http://irail.be/vehicle/IC3730,http://irail.be/stations/NMBS/008883808,IC,2018-06-04T10:07:00,2018-06-04T10:07:00,110,110
http://irail.be/vehicle/IC3730,http://irail.be/stations/NMBS/008883022,IC,2018-06-04T10:10:00,2018-06-04T10:10:00,171,171
http://irail.be/vehicle/IC3730,NO-URI,IC,2018-06-04T10:10:00,2018-06-04T10:10:00,238,238
http://irail.be/vehicle/IC3730,http://irail.be/stations/NMBS/008883006,IC,2018-06-04T10:17:00,2018-06-04T10:15:00,214,241
http://irail.be/vehicle/IC3730,http://irail.be/stations/NMBS/008883113,IC,2018-06-04T10:23:00,2018-06-04T10:22:00,183,156
http://irail.be/vehicle/IC3730,NO-URI,IC,2018-06-04T10:27:00,2018-06-04T10:27:00,119,119
http://irail.be/vehicle/IC3730,http://irail.be/stations/NMBS/008883121,IC,2018-06-04T10:27:00,2018-06-04T10:27:00,129,129
http://irail.be/vehicle/IC3730,http://irail.be/stations/NMBS/008881174,IC,2018-06-04T10:29:00,2018-06-04T10:29:00,95,95
http://irail.be/vehicle/IC3730,http://irail.be/stations/NMBS/008881166,IC,2018-06-04T10:32:00,2018-06-04T10:31:00,479,465
http://irail.be/vehicle/IC3730,http://irail.be/stations/NMBS/008881158,IC,2018-06-04T10:35:00,2018-06-04T10:35:00,480,480
http://irail.be/vehicle/IC3730,http://irail.be/stations/NMBS/008881125,IC,2018-06-04T10:37:00,2018-06-04T10:37:00,510,510
http://irail.be/vehicle/IC3730,http://irail.be/stations/NMBS/008881000,IC,2018-06-04T10:42:00,2018-06-04T10:42:00,,503
http://irail.be/vehicle/IC3730,http://irail.be/stations/NMBS/008819406,IC,2018-10-21T09:31:00,2018-10-21T09:31:00,-31,
http://irail.be/vehicle/IC3730,http://irail.be/stations/NMBS/008811007,IC,2018-10-21T09:38:00,2018-10-21T09:38:00,-22,-22
http://irail.be/vehicle/IC3730,http://irail.be/stations/NMBS/008812005,IC,2018-10-21T09:43:00,2018-10-21T09:41:00,-20,-26
http://irail.be/vehicle/IC3730,http://irail.be/stations/NMBS/008813045,IC,2018-10-21T09:45:00,2018-10-21T09:45:00,-21,-21
http://irail.be/vehicle/IC3730,http://irail.be/stations/NMBS/008813003,IC,2018-10-21T09:47:00,2018-10-21T09:46:00,129,129
http://irail.be/vehicle/IC3730,http://irail.be/stations/NMBS/008813037,IC,2018-10-21T09:49:00,2018-10-21T09:49:00,129,129
http://irail.be/vehicle/IC3730,http://irail.be/stations/NMBS/008814001,IC,2018-10-21T09:55:00,2018-10-21T09:51:00,106,151
http://irail.be/vehicle/IC3730,http://irail.be/stations/NMBS/008814365,IC,2018-10-21T10:00:00,2018-10-21T10:00:00,79,79
http://irail.be/vehicle/IC3730,http://irail.be/stations/NMBS/008814357,IC,2018-10-21T10:02:00,2018-10-21T10:02:00,79,79
http://irail.be/vehicle/IC3730,http://irail.be/stations/NMBS/008814340,IC,2018-10-21T10:03:00,2018-10-21T10:03:00,64,64
http://irail.be/vehicle/IC3730,http://irail.be/stations/NMBS/008814308,IC,2018-10-21T10:04:00,2018-10-21T10:04:00,66,66
http://irail.be/vehicle/IC3730,http://irail.be/stations/NMBS/008814332,IC,2018-10-21T10:05:00,2018-10-21T10:05:00,59,59
http://irail.be/vehicle/IC3730,http://irail.be/stations/NMBS/008883808,IC,2018-10-21T10:07:00,2018-10-21T10:07:00,10,10
http://irail.be/vehicle/IC3730,http://irail.be/stations/NMBS/008883022,IC,2018-10-21T10:09:00,2018-10-21T10:09:00,8,8
http://irail.be/vehicle/IC3730,NO-URI,IC,2018-10-21T10:09:00,2018-10-21T10:09:00,17,17
http://irail.be/vehicle/IC3730,http://irail.be/stations/NMBS/008883006,IC,2018-10-21T10:16:00,2018-10-21T10:14:00,3,-108
http://irail.be/vehicle/IC3730,http://irail.be/stations/NMBS/008883113,IC,2018-10-21T10:22:00,2018-10-21T10:21:00,26,-58
http://irail.be/vehicle/IC3730,NO-URI,IC,2018-10-21T10:26:00,2018-10-21T10:26:00,-49,-49
http://irail.be/vehicle/IC3730,http://irail.be/stations/NMBS/008883121,IC,2018-10-21T10:26:00,2018-10-21T10:26:00,-38,-38
http://irail.be/vehicle/IC3730,http://irail.be/stations/NMBS/008881174,IC,2018-10-21T10:27:00,2018-10-21T10:27:00,-17,-17
http://irail.be/vehicle/IC3730,http://irail.be/stations/NMBS/008881166,IC,2018-10-21T10:31:00,2018-10-21T10:30:00,-6,-26
http://irail.be/vehicle/IC3730,http://irail.be/stations/NMBS/008881158,IC,2018-10-21T10:34:00,2018-10-21T10:34:00,-6,-6
http://irail.be/vehicle/IC3730,http://irail.be/stations/NMBS/008881125,IC,2018-10-21T10:35:00,2018-10-21T10:35:00,-3,-3
http://irail.be/vehicle/IC3730,http://irail.be/stations/NMBS/008881000,IC,2018-10-21T10:40:00,2018-10-21T10:40:00,,-70
http://irail.be/vehicle/IC3730,http://irail.be/stations/NMBS/008819406,IC,2018-10-29T09:31:00,2018-10-29T09:31:00,-15,
http://irail.be/vehicle/IC3730,http://irail.be/stations/NMBS/008811007,IC,2018-10-29T09:38:00,2018-10-29T09:38:00,-42,-42
http://irail.be/vehicle/IC3730,http://irail.be/stations/NMBS/008812005,IC,2018-10-29T09:43:00,2018-10-29T09:41:00,48,12
http://irail.be/vehicle/IC3730,http://irail.be/stations/NMBS/008813045,IC,2018-10-29T09:45:00,2018-10-29T09:45:00,40,40
http://irail.be/vehicle/IC3730,http://irail.be/stations/NMBS/008813003,IC,2018-10-29T09:47:00,2018-10-29T09:46:00,100,105
http://irail.be/vehicle/IC3730,http://irail.be/stations/NMBS/008813037,IC,2018-10-29T09:49:00,2018-10-29T09:49:00,100,100
http://irail.be/vehicle/IC3730,http://irail.be/stations/NMBS/008814001,IC,2018-10-29T09:55:00,2018-10-29T09:51:00,6,92
http://irail.be/vehicle/IC3730,http://irail.be/stations/NMBS/008814308,IC,2018-10-29T10:05:00,2018-10-29T10:05:00,-96,-96
http://irail.be/vehicle/IC3730,http://irail.be/stations/NMBS/008814332,IC,2018-10-29T10:06:00,2018-10-29T10:06:00,-35,-35
http://irail.be/vehicle/IC3730,http://irail.be/stations/NMBS/008883808,IC,2018-10-29T10:07:00,2018-10-29T10:07:00,68,68
http://irail.be/vehicle/IC3730,http://irail.be/stations/NMBS/008883022,IC,2018-10-29T10:10:00,2018-10-29T10:10:00,29,29
http://irail.be/vehicle/IC3730,NO-URI,IC,2018-10-29T10:10:00,2018-10-29T10:10:00,37,37
http://irail.be/vehicle/IC3730,http://irail.be/stations/NMBS/008883006,IC,2018-10-29T10:17:00,2018-10-29T10:15:00,72,140
http://irail.be/vehicle/IC3730,http://irail.be/stations/NMBS/008883113,IC,2018-10-29T10:23:00,2018-10-29T10:22:00,26,6
http://irail.be/vehicle/IC3730,NO-URI,IC,2018-10-29T10:27:00,2018-10-29T10:27:00,-53,-53
http://irail.be/vehicle/IC3730,http://irail.be/stations/NMBS/008883121,IC,2018-10-29T10:27:00,2018-10-29T10:27:00,-43,-43
http://irail.be/vehicle/IC3730,http://irail.be/stations/NMBS/008881174,IC,2018-10-29T10:29:00,2018-10-29T10:29:00,-77,-77
http://irail.be/vehicle/IC3730,http://irail.be/stations/NMBS/008881166,IC,2018-10-29T10:32:00,2018-10-29T10:31:00,30,-49
http://irail.be/vehicle/IC3730,http://irail.be/stations/NMBS/008881158,IC,2018-10-29T10:34:00,2018-10-29T10:34:00,30,30
http://irail.be/vehicle/IC3730,http://irail.be/stations/NMBS/008881125,IC,2018-10-29T10:36:00,2018-10-29T10:36:00,-12,-12
http://irail.be/vehicle/IC3730,http://irail.be/stations/NMBS/008881000,IC,2018-10-29T10:42:00,2018-10-29T10:42:00,,-139
http://irail.be/vehicle/IC3730,http://irail.be/stations/NMBS/008819406,IC,2018-03-24T09:31:00,2018-03-24T09:31:00,63,
http://irail.be/vehicle/IC3730,http://irail.be/stations/NMBS/008811007,IC,2018-03-24T09:38:00,2018-03-24T09:38:00,314,314
http://irail.be/vehicle/IC3730,http://irail.be/stations/NMBS/008812005,IC,2018-03-24T09:43:00,2018-03-24T09:41:00,382,367
http://irail.be/vehicle/IC3730,http://irail.be/stations/NMBS/008813045,IC,2018-03-24T09:45:00,2018-03-24T09:45:00,390,390
http://irail.be/vehicle/IC3730,http://irail.be/stations/NMBS/008813003,IC,2018-03-24T09:47:00,2018-03-24T09:46:00,470,426
http://irail.be/vehicle/IC3730,http://irail.be/stations/NMBS/008813037,IC,2018-03-24T09:48:00,2018-03-24T09:48:00,470,470
http://irail.be/vehicle/IC3730,http://irail.be/stations/NMBS/008814001,IC,2018-03-24T09:55:00,2018-03-24T09:51:00,411,467
http://irail.be/vehicle/IC3730,http://irail.be/stations/NMBS/008814365,IC,2018-03-24T10:00:00,2018-03-24T10:00:00,472,472
http://irail.be/vehicle/IC3730,http://irail.be/stations/NMBS/008814357,IC,2018-03-24T10:02:00,2018-03-24T10:02:00,472,472
http://irail.be/vehicle/IC3730,http://irail.be/stations/NMBS/008814340,IC,2018-03-24T10:03:00,2018-03-24T10:03:00,472,472
http://irail.be/vehicle/IC3730,http://irail.be/stations/NMBS/008814308,IC,2018-03-24T10:04:00,2018-03-24T10:04:00,516,516
http://irail.be/vehicle/IC3730,http://irail.be/stations/NMBS/008814332,IC,2018-03-24T10:05:00,2018-03-24T10:05:00,599,599
http://irail.be/vehicle/IC3730,http://irail.be/stations/NMBS/008883808,IC,2018-03-24T10:07:00,2018-03-24T10:07:00,591,591
http://irail.be/vehicle/IC3730,http://irail.be/stations/NMBS/008883022,IC,2018-03-24T10:09:00,2018-03-24T10:09:00,603,603
http://irail.be/vehicle/IC3730,NO-URI,IC,2018-03-24T10:09:00,2018-03-24T10:09:00,615,615
http://irail.be/vehicle/IC3730,http://irail.be/stations/NMBS/008883006,IC,2018-03-24T10:16:00,2018-03-24T10:14:00,606,569
http://irail.be/vehicle/IC3730,http://irail.be/stations/NMBS/008883113,IC,2018-03-24T10:22:00,2018-03-24T10:21:00,627,596
http://irail.be/vehicle/IC3730,NO-URI,IC,2018-03-24T10:26:00,2018-03-24T10:26:00,588,588
http://irail.be/vehicle/IC3730,http://irail.be/stations/NMBS/008883121,IC,2018-03-24T10:26:00,2018-03-24T10:26:00,603,603
http://irail.be/vehicle/IC3730,http://irail.be/stations/NMBS/008881174,IC,2018-03-24T10:27:00,2018-03-24T10:27:00,646,646
http://irail.be/vehicle/IC3730,http://irail.be/stations/NMBS/008881166,IC,2018-03-24T10:31:00,2018-03-24T10:30:00,894,688
http://irail.be/vehicle/IC3730,http://irail.be/stations/NMBS/008881158,IC,2018-03-24T10:33:00,2018-03-24T10:33:00,894,894
http://irail.be/vehicle/IC3730,http://irail.be/stations/NMBS/008881125,IC,2018-03-24T10:35:00,2018-03-24T10:35:00,1046,1046
http://irail.be/vehicle/IC3730,http://irail.be/stations/NMBS/008881000,IC,2018-03-24T10:40:00,2018-03-24T10:40:00,,1110
http://irail.be/vehicle/IC3730,http://irail.be/stations/NMBS/008819406,IC,2018-09-10T09:31:00,2018-09-10T09:31:00,10,
http://irail.be/vehicle/IC3730,http://irail.be/stations/NMBS/008811007,IC,2018-09-10T09:38:00,2018-09-10T09:38:00,177,177
http://irail.be/vehicle/IC3730,http://irail.be/stations/NMBS/008812005,IC,2018-09-10T09:43:00,2018-09-10T09:41:00,199,233
http://irail.be/vehicle/IC3730,http://irail.be/stations/NMBS/008813045,IC,2018-09-10T09:45:00,2018-09-10T09:45:00,190,190
http://irail.be/vehicle/IC3730,http://irail.be/stations/NMBS/008813003,IC,2018-09-10T09:47:00,2018-09-10T09:46:00,214,215
http://irail.be/vehicle/IC3730,http://irail.be/stations/NMBS/008813037,IC,2018-09-10T09:49:00,2018-09-10T09:49:00,214,214
http://irail.be/vehicle/IC3730,http://irail.be/stations/NMBS/008814001,IC,2018-09-10T09:55:00,2018-09-10T09:51:00,134,288
http://irail.be/vehicle/IC3730,http://irail.be/stations/NMBS/008814308,IC,2018-09-10T10:05:00,2018-09-10T10:05:00,-11,-11
http://irail.be/vehicle/IC3730,http://irail.be/stations/NMBS/008814332,IC,2018-09-10T10:06:00,2018-09-10T10:06:00,-8,-8
http://irail.be/vehicle/IC3730,http://irail.be/stations/NMBS/008883808,IC,2018-09-10T10:07:00,2018-09-10T10:07:00,5,5
http://irail.be/vehicle/IC3730,http://irail.be/stations/NMBS/008883022,IC,2018-09-10T10:10:00,2018-09-10T10:10:00,-49,-49
http://irail.be/vehicle/IC3730,NO-URI,IC,2018-09-10T10:10:00,2018-09-10T10:10:00,-45,-45
http://irail.be/vehicle/IC3730,http://irail.be/stations/NMBS/008883006,IC,2018-09-10T10:17:00,2018-09-10T10:15:00,69,-83
http://irail.be/vehicle/IC3730,http://irail.be/stations/NMBS/008883113,IC,2018-09-10T10:23:00,2018-09-10T10:22:00,37,25
http://irail.be/vehicle/IC3730,NO-URI,IC,2018-09-10T10:27:00,2018-09-10T10:27:00,-35,-35
http://irail.be/vehicle/IC3730,http://irail.be/stations/NMBS/008883121,IC,2018-09-10T10:27:00,2018-09-10T10:27:00,-25,-25
http://irail.be/vehicle/IC3730,http://irail.be/stations/NMBS/008881174,IC,2018-09-10T10:29:00,2018-09-10T10:29:00,-14,-14
http://irail.be/vehicle/IC3730,http://irail.be/stations/NMBS/008881166,IC,2018-09-10T10:32:00,2018-09-10T10:31:00,26,16
http://irail.be/vehicle/IC3730,http://irail.be/stations/NMBS/008881158,IC,2018-09-10T10:34:00,2018-09-10T10:34:00,26,26
http://irail.be/vehicle/IC3730,http://irail.be/stations/NMBS/008881125,IC,2018-09-10T10:36:00,2018-09-10T10:36:00,62,62
http://irail.be/vehicle/IC3730,http://irail.be/stations/NMBS/008881000,IC,2018-09-10T10:42:00,2018-09-10T10:42:00,,92
http://irail.be/vehicle/IC3730,http://irail.be/stations/NMBS/008819406,IC,2018-05-26T09:31:00,2018-05-26T09:31:00,13,
http://irail.be/vehicle/IC3730,http://irail.be/stations/NMBS/008811007,IC,2018-05-26T09:38:00,2018-05-26T09:38:00,20,20
http://irail.be/vehicle/IC3730,http://irail.be/stations/NMBS/008812005,IC,2018-05-26T09:43:00,2018-05-26T09:41:00,0,3
http://irail.be/vehicle/IC3730,http://irail.be/stations/NMBS/008813045,IC,2018-05-26T09:45:00,2018-05-26T09:45:00,3,3
http://irail.be/vehicle/IC3730,http://irail.be/stations/NMBS/008813003,IC,2018-05-26T09:47:00,2018-05-26T09:46:00,85,49
http://irail.be/vehicle/IC3730,http://irail.be/stations/NMBS/008813037,IC,2018-05-26T09:49:00,2018-05-26T09:49:00,85,85
http://irail.be/vehicle/IC3730,http://irail.be/stations/NMBS/008814001,IC,2018-05-26T09:55:00,2018-05-26T09:51:00,54,94
http://irail.be/vehicle/IC3730,http://irail.be/stations/NMBS/008814365,IC,2018-05-26T10:00:00,2018-05-26T10:00:00,65,65
http://irail.be/vehicle/IC3730,http://irail.be/stations/NMBS/008814357,IC,2018-05-26T10:02:00,2018-05-26T10:02:00,65,65
http://irail.be/vehicle/IC3730,http://irail.be/stations/NMBS/008814340,IC,2018-05-26T10:03:00,2018-05-26T10:03:00,49,49
http://irail.be/vehicle/IC3730,http://irail.be/stations/NMBS/008814308,IC,2018-05-26T10:04:00,2018-05-26T10:04:00,56,56
http://irail.be/vehicle/IC3730,http://irail.be/stations/NMBS/008814332,IC,2018-05-26T10:05:00,2018-05-26T10:05:00,49,49
http://irail.be/vehicle/IC3730,http://irail.be/stations/NMBS/008883808,IC,2018-05-26T10:07:00,2018-05-26T10:07:00,0,0
http://irail.be/vehicle/IC3730,http://irail.be/stations/NMBS/008883022,IC,2018-05-26T10:09:00,2018-05-26T10:09:00,3,3
http://irail.be/vehicle/IC3730,NO-URI,IC,2018-05-26T10:09:00,2018-05-26T10:09:00,13,13
http://irail.be/vehicle/IC3730,http://irail.be/stations/NMBS/008883006,IC,2018-05-26T10:16:00,2018-05-26T10:14:00,27,-47
http://irail.be/vehicle/IC3730,http://irail.be/stations/NMBS/008883113,IC,2018-05-26T10:22:00,2018-05-26T10:21:00,53,-38
http://irail.be/vehicle/IC3730,NO-URI,IC,2018-05-26T10:26:00,2018-05-26T10:26:00,-8,-8
http://irail.be/vehicle/IC3730,http://irail.be/stations/NMBS/008883121,IC,2018-05-26T10:26:00,2018-05-26T10:26:00,3,3
http://irail.be/vehicle/IC3730,http://irail.be/stations/NMBS/008881174,IC,2018-05-26T10:27:00,2018-05-26T10:27:00,23,23
http://irail.be/vehicle/IC3730,http://irail.be/stations/NMBS/008881166,IC,2018-05-26T10:31:00,2018-05-26T10:30:00,3,8
http://irail.be/vehicle/IC3730,http://irail.be/stations/NMBS/008881158,IC,2018-05-26T10:34:00,2018-05-26T10:34:00,3,3
http://irail.be/vehicle/IC3730,http://irail.be/stations/NMBS/008881125,IC,2018-05-26T10:35:00,2018-05-26T10:35:00,-5,-5
http://irail.be/vehicle/IC3730,http://irail.be/stations/NMBS/008881000,IC,2018-05-26T10:40:00,2018-05-26T10:40:00,,-34
http://irail.be/vehicle/IC3730,http://irail.be/stations/NMBS/008819406,IC,2018-07-08T09:31:00,2018-07-08T09:31:00,-17,
http://irail.be/vehicle/IC3730,http://irail.be/stations/NMBS/008811007,IC,2018-07-08T09:38:00,2018-07-08T09:38:00,-9,-9
http://irail.be/vehicle/IC3730,http://irail.be/stations/NMBS/008812005,IC,2018-07-08T09:43:00,2018-07-08T09:41:00,-2,40
http://irail.be/vehicle/IC3730,http://irail.be/stations/NMBS/008813045,IC,2018-07-08T09:45:00,2018-07-08T09:45:00,0,0
http://irail.be/vehicle/IC3730,http://irail.be/stations/NMBS/008813003,IC,2018-07-08T09:47:00,2018-07-08T09:46:00,47,34
http://irail.be/vehicle/IC3730,http://irail.be/stations/NMBS/008813037,IC,2018-07-08T09:49:00,2018-07-08T09:49:00,47,47
http://irail.be/vehicle/IC3730,http://irail.be/stations/NMBS/008814001,IC,2018-07-08T09:55:00,2018-07-08T09:51:00,29,63
http://irail.be/vehicle/IC3730,http://irail.be/stations/NMBS/008814308,IC,2018-07-08T10:04:00,2018-07-08T10:04:00,6,6
http://irail.be/vehicle/IC3730,http://irail.be/stations/NMBS/008814332,IC,2018-07-08T10:05:00,2018-07-08T10:05:00,4,4
http://irail.be/vehicle/IC3730,http://irail.be/stations/NMBS/008883808,IC,2018-07-08T10:07:00,2018-07-08T10:07:00,-33,-33
http://irail.be/vehicle/IC3730,http://irail.be/stations/NMBS/008883022,IC,2018-07-08T10:09:00,2018-07-08T10:09:00,-22,-22
http://irail.be/vehicle/IC3730,NO-URI,IC,2018-07-08T10:09:00,2018-07-08T10:09:00,-10,-10
http://irail.be/vehicle/IC3730,http://irail.be/stations/NMBS/008883006,IC,2018-07-08T10:16:00,2018-07-08T10:14:00,43,-61
http://irail.be/vehicle/IC3730,http://irail.be/stations/NMBS/008883113,IC,2018-07-08T10:22:00,2018-07-08T10:21:00,48,8
http://irail.be/vehicle/IC3730,NO-URI,IC,2018-07-08T10:26:00,2018-07-08T10:26:00,-18,-18
http://irail.be/vehicle/IC3730,http://irail.be/stations/NMBS/008883121,IC,2018-07-08T10:26:00,2018-07-08T10:26:00,-5,-5
http://irail.be/vehicle/IC3730,http://irail.be/stations/NMBS/008881174,IC,2018-07-08T10:27:00,2018-07-08T10:27:00,26,26
http://irail.be/vehicle/IC3730,http://irail.be/stations/NMBS/008881166,IC,2018-07-08T10:31:00,2018-07-08T10:30:00,209,101
http://irail.be/vehicle/IC3730,http://irail.be/stations/NMBS/008881158,IC,2018-07-08T10:34:00,2018-07-08T10:34:00,209,209
http://irail.be/vehicle/IC3730,http://irail.be/stations/NMBS/008881125,IC,2018-07-08T10:35:00,2018-07-08T10:35:00,335,335
http://irail.be/vehicle/IC3730,http://irail.be/stations/NMBS/008881000,IC,2018-07-08T10:40:00,2018-07-08T10:40:00,,371
http://irail.be/vehicle/IC3730,http://irail.be/stations/NMBS/008819406,IC,2018-11-29T09:31:00,2018-11-29T09:31:00,482,
http://irail.be/vehicle/IC3730,http://irail.be/stations/NMBS/008811007,IC,2018-11-29T09:38:00,2018-11-29T09:38:00,570,570
http://irail.be/vehicle/IC3730,http://irail.be/stations/NMBS/008812005,IC,2018-11-29T09:43:00,2018-11-29T09:41:00,590,628
http://irail.be/vehicle/IC3730,http://irail.be/stations/NMBS/008813045,IC,2018-11-29T09:45:00,2018-11-29T09:45:00,600,600
http://irail.be/vehicle/IC3730,http://irail.be/stations/NMBS/008813003,IC,2018-11-29T09:47:00,2018-11-29T09:46:00,657,627
http://irail.be/vehicle/IC3730,http://irail.be/stations/NMBS/008813037,IC,2018-11-29T09:49:00,2018-11-29T09:49:00,657,657
http://irail.be/vehicle/IC3730,http://irail.be/stations/NMBS/008814001,IC,2018-11-29T09:55:00,2018-11-29T09:51:00,526,666
http://irail.be/vehicle/IC3730,http://irail.be/stations/NMBS/008814308,IC,2018-11-29T10:05:00,2018-11-29T10:05:00,453,453
http://irail.be/vehicle/IC3730,http://irail.be/stations/NMBS/008814332,IC,2018-11-29T10:06:00,2018-11-29T10:06:00,457,457
http://irail.be/vehicle/IC3730,http://irail.be/stations/NMBS/008883808,IC,2018-11-29T10:07:00,2018-11-29T10:07:00,519,519
http://irail.be/vehicle/IC3730,http://irail.be/stations/NMBS/008883022,IC,2018-11-29T10:10:00,2018-11-29T10:10:00,485,485
http://irail.be/vehicle/IC3730,NO-URI,IC,2018-11-29T10:10:00,2018-11-29T10:10:00,492,492
http://irail.be/vehicle/IC3730,http://irail.be/stations/NMBS/008883006,IC,2018-11-29T10:17:00,2018-11-29T10:15:00,490,531
http://irail.be/vehicle/IC3730,http://irail.be/stations/NMBS/008883113,IC,2018-11-29T10:23:00,2018-11-29T10:22:00,477,445
http://irail.be/vehicle/IC3730,NO-URI,IC,2018-11-29T10:27:00,2018-11-29T10:27:00,413,413
http://irail.be/vehicle/IC3730,http://irail.be/stations/NMBS/008883121,IC,2018-11-29T10:27:00,2018-11-29T10:27:00,423,423
http://irail.be/vehicle/IC3730,http://irail.be/stations/NMBS/008881174,IC,2018-11-29T10:29:00,2018-11-29T10:29:00,384,384
http://irail.be/vehicle/IC3730,http://irail.be/stations/NMBS/008881166,IC,2018-11-29T10:32:00,2018-11-29T10:31:00,427,421
http://irail.be/vehicle/IC3730,http://irail.be/stations/NMBS/008881158,IC,2018-11-29T10:34:00,2018-11-29T10:34:00,427,427
http://irail.be/vehicle/IC3730,http://irail.be/stations/NMBS/008881125,IC,2018-11-29T10:36:00,2018-11-29T10:36:00,395,395
http://irail.be/vehicle/IC3730,http://irail.be/stations/NMBS/008881000,IC,2018-11-29T10:42:00,2018-11-29T10:42:00,,225
http://irail.be/vehicle/IC3730,http://irail.be/stations/NMBS/008819406,IC,2018-03-01T09:31:00,2018-03-01T09:31:00,34,
http://irail.be/vehicle/IC3730,http://irail.be/stations/NMBS/008811007,IC,2018-03-01T09:38:00,2018-03-01T09:38:00,401,401
http://irail.be/vehicle/IC3730,http://irail.be/stations/NMBS/008812005,IC,2018-03-01T09:43:00,2018-03-01T09:41:00,430,494
http://irail.be/vehicle/IC3730,http://irail.be/stations/NMBS/008813045,IC,2018-03-01T09:45:00,2018-03-01T09:45:00,421,421
http://irail.be/vehicle/IC3730,http://irail.be/stations/NMBS/008813003,IC,2018-03-01T09:47:00,2018-03-01T09:46:00,431,447
http://irail.be/vehicle/IC3730,http://irail.be/stations/NMBS/008813037,IC,2018-03-01T09:49:00,2018-03-01T09:49:00,431,431
http://irail.be/vehicle/IC3730,http://irail.be/stations/NMBS/008814001,IC,2018-03-01T09:55:00,2018-03-01T09:51:00,296,457
http://irail.be/vehicle/IC3730,http://irail.be/stations/NMBS/008814308,IC,2018-03-01T10:05:00,2018-03-01T10:05:00,210,210
http://irail.be/vehicle/IC3730,http://irail.be/stations/NMBS/008814332,IC,2018-03-01T10:06:00,2018-03-01T10:06:00,215,215
http://irail.be/vehicle/IC3730,http://irail.be/stations/NMBS/008883808,IC,2018-03-01T10:07:00,2018-03-01T10:07:00,237,237
http://irail.be/vehicle/IC3730,http://irail.be/stations/NMBS/008883022,IC,2018-03-01T10:10:00,2018-03-01T10:10:00,189,189
http://irail.be/vehicle/IC3730,NO-URI,IC,2018-03-01T10:10:00,2018-03-01T10:10:00,196,196
http://irail.be/vehicle/IC3730,http://irail.be/stations/NMBS/008883006,IC,2018-03-01T10:17:00,2018-03-01T10:15:00,87,139
http://irail.be/vehicle/IC3730,http://irail.be/stations/NMBS/008883113,IC,2018-03-01T10:23:00,2018-03-01T10:22:00,60,34
http://irail.be/vehicle/IC3730,NO-URI,IC,2018-03-01T10:27:00,2018-03-01T10:27:00,1,1
http://irail.be/vehicle/IC3730,http://irail.be/stations/NMBS/008883121,IC,2018-03-01T10:27:00,2018-03-01T10:27:00,9,9
http://irail.be/vehicle/IC3730,http://irail.be/stations/NMBS/008881174,IC,2018-03-01T10:29:00,2018-03-01T10:29:00,-30,-30
http://irail.be/vehicle/IC3730,http://irail.be/stations/NMBS/008881166,IC,2018-03-01T10:32:00,2018-03-01T10:31:00,7,-1
http://irail.be/vehicle/IC3730,http://irail.be/stations/NMBS/008881158,IC,2018-03-01T10:35:00,2018-03-01T10:35:00,7,7
http://irail.be/vehicle/IC3730,http://irail.be/stations/NMBS/008881125,IC,2018-03-01T10:37:00,2018-03-01T10:37:00,-66,-66
http://irail.be/vehicle/IC3730,http://irail.be/stations/NMBS/008881000,IC,2018-03-01T10:42:00,2018-03-01T10:42:00,,-50
http://irail.be/vehicle/IC3730,http://irail.be/stations/NMBS/008819406,IC,2018-08-18T09:31:00,2018-08-18T09:31:00,78,
http://irail.be/vehicle/IC3730,http://irail.be/stations/NMBS/008811007,IC,2018-08-18T09:38:00,2018-08-18T09:38:00,108,108
http://irail.be/vehicle/IC3730,http://irail.be/stations/NMBS/008812005,IC,2018-08-18T09:43:00,2018-08-18T09:41:00,199,182
http://irail.be/vehicle/IC3730,http://irail.be/stations/NMBS/008813045,IC,2018-08-18T09:45:00,2018-08-18T09:45:00,202,202
http://irail.be/vehicle/IC3730,http://irail.be/stations/NMBS/008813003,IC,2018-08-18T09:47:00,2018-08-18T09:46:00,524,500
http://irail.be/vehicle/IC3730,http://irail.be/stations/NMBS/008813037,IC,2018-08-18T09:49:00,2018-08-18T09:49:00,524,524
http://irail.be/vehicle/IC3730,http://irail.be/stations/NMBS/008814001,IC,2018-08-18T09:55:00,2018-08-18T09:51:00,471,530
http://irail.be/vehicle/IC3730,http://irail.be/stations/NMBS/008814373,IC,2018-08-18T10:01:43,2018-08-18T10:01:43,244,244
http://irail.be/vehicle/IC3730,http://irail.be/stations/NMBS/008814365,IC,2018-08-18T10:00:00,2018-08-18T10:00:00,497,497
http://irail.be/vehicle/IC3730,http://irail.be/stations/NMBS/008814357,IC,2018-08-18T10:02:00,2018-08-18T10:02:00,497,497
http://irail.be/vehicle/IC3730,http://irail.be/stations/NMBS/008814340,IC,2018-08-18T10:03:00,2018-08-18T10:03:00,481,481
http://irail.be/vehicle/IC3730,http://irail.be/stations/NMBS/008814308,IC,2018-08-18T10:04:00,2018-08-18T10:04:00,516,516
http://irail.be/vehicle/IC3730,http://irail.be/stations/NMBS/008814332,IC,2018-08-18T10:05:00,2018-08-18T10:05:00,791,791
http://irail.be/vehicle/IC3730,http://irail.be/stations/NMBS/008883808,IC,2018-08-18T10:07:00,2018-08-18T10:07:00,777,777
http://irail.be/vehicle/IC3730,http://irail.be/stations/NMBS/008883022,IC,2018-08-18T10:09:00,2018-08-18T10:09:00,780,780
http://irail.be/vehicle/IC3730,NO-URI,IC,2018-08-18T10:09:00,2018-08-18T10:09:00,787,787
http://irail.be/vehicle/IC3730,http://irail.be/stations/NMBS/008883006,IC,2018-08-18T10:16:00,2018-08-18T10:14:00,673,731
http://irail.be/vehicle/IC3730,http://irail.be/stations/NMBS/008883113,IC,2018-08-18T10:22:00,2018-08-18T10:21:00,651,610
http://irail.be/vehicle/IC3730,NO-URI,IC,2018-08-18T10:26:00,2018-08-18T10:26:00,582,582
http://irail.be/vehicle/IC3730,http://irail.be/stations/NMBS/008883121,IC,2018-08-18T10:26:00,2018-08-18T10:26:00,594,594
http://irail.be/vehicle/IC3730,http://irail.be/stations/NMBS/008881174,IC,2018-08-18T10:27:00,2018-08-18T10:27:00,617,617
http://irail.be/vehicle/IC3730,http://irail.be/stations/NMBS/008881166,IC,2018-08-18T10:31:00,2018-08-18T10:30:00,585,605
http://irail.be/vehicle/IC3730,http://irail.be/stations/NMBS/008881158,IC,2018-08-18T10:34:00,2018-08-18T10:34:00,585,585
http://irail.be/vehicle/IC3730,http://irail.be/stations/NMBS/008881125,IC,2018-08-18T10:35:00,2018-08-18T10:35:00,574,574
http://irail.be/vehicle/IC3730,http://irail.be/stations/NMBS/008881000,IC,2018-08-18T10:40:00,2018-08-18T10:40:00,,509
http://irail.be/vehicle/IC3730,http://irail.be/stations/NMBS/008819406,IC,2018-01-09T09:31:00,2018-01-09T09:31:00,71,
http://irail.be/vehicle/IC3730,http://irail.be/stations/NMBS/008811007,IC,2018-01-09T09:38:00,2018-01-09T09:38:00,61,61
http://irail.be/vehicle/IC3730,http://irail.be/stations/NMBS/008812005,IC,2018-01-09T09:43:00,2018-01-09T09:41:00,-28,56
http://irail.be/vehicle/IC3730,http://irail.be/stations/NMBS/008813045,IC,2018-01-09T09:45:00,2018-01-09T09:45:00,-37,-37
http://irail.be/vehicle/IC3730,http://irail.be/stations/NMBS/008813003,IC,2018-01-09T09:47:00,2018-01-09T09:46:00,33,23
http://irail.be/vehicle/IC3730,http://irail.be/stations/NMBS/008813037,IC,2018-01-09T09:48:00,2018-01-09T09:48:00,33,33
http://irail.be/vehicle/IC3730,http://irail.be/stations/NMBS/008814001,IC,2018-01-09T09:55:00,2018-01-09T09:51:00,39,67
http://irail.be/vehicle/IC3730,http://irail.be/stations/NMBS/008814308,IC,2018-01-09T10:05:00,2018-01-09T10:05:00,-47,-47
http://irail.be/vehicle/IC3730,http://irail.be/stations/NMBS/008814332,IC,2018-01-09T10:06:00,2018-01-09T10:06:00,-41,-41
http://irail.be/vehicle/IC3730,http://irail.be/stations/NMBS/008883808,IC,2018-01-09T10:07:00,2018-01-09T10:07:00,44,44
http://irail.be/vehicle/IC3730,http://irail.be/stations/NMBS/008883022,IC,2018-01-09T10:10:00,2018-01-09T10:10:00,12,12
http://irail.be/vehicle/IC3730,NO-URI,IC,2018-01-09T10:10:00,2018-01-09T10:10:00,21,21
http://irail.be/vehicle/IC3730,http://irail.be/stations/NMBS/008883006,IC,2018-01-09T10:17:00,2018-01-09T10:15:00,166,201
http://irail.be/vehicle/IC3730,http://irail.be/stations/NMBS/008883113,IC,2018-01-09T10:23:00,2018-01-09T10:22:00,127,110
http://irail.be/vehicle/IC3730,NO-URI,IC,2018-01-09T10:27:00,2018-01-09T10:27:00,66,66
http://irail.be/vehicle/IC3730,http://irail.be/stations/NMBS/008883121,IC,2018-01-09T10:27:00,2018-01-09T10:27:00,75,75
http://irail.be/vehicle/IC3730,http://irail.be/stations/NMBS/008881174,IC,2018-01-09T10:29:00,2018-01-09T10:29:00,45,45
http://irail.be/vehicle/IC3730,http://irail.be/stations/NMBS/008881166,IC,2018-01-09T10:32:00,2018-01-09T10:31:00,98,76
http://irail.be/vehicle/IC3730,http://irail.be/stations/NMBS/008881158,IC,2018-01-09T10:34:00,2018-01-09T10:34:00,98,98
http://irail.be/vehicle/IC3730,http://irail.be/stations/NMBS/008881125,IC,2018-01-09T10:37:00,2018-01-09T10:37:00,6,6
http://irail.be/vehicle/IC3730,http://irail.be/stations/NMBS/008881000,IC,2018-01-09T10:42:00,2018-01-09T10:42:00,,23
http://irail.be/vehicle/IC3730,http://irail.be/stations/NMBS/008811007,IC,2018-12-01T09:38:00,2018-12-01T09:38:00,13,
http://irail.be/vehicle/IC3730,http://irail.be/stations/NMBS/008812005,IC,2018-12-01T09:43:00,2018-12-01T09:41:00,58,132
http://irail.be/vehicle/IC3730,http://irail.be/stations/NMBS/008813045,IC,2018-12-01T09:45:00,2018-12-01T09:45:00,53,53
http://irail.be/vehicle/IC3730,http://irail.be/stations/NMBS/008813003,IC,2018-12-01T09:47:00,2018-12-01T09:46:00,79,78
http://irail.be/vehicle/IC3730,http://irail.be/stations/NMBS/008813037,IC,2018-12-01T09:48:00,2018-12-01T09:48:00,79,79
http://irail.be/vehicle/IC3730,http://irail.be/stations/NMBS/008814001,IC,2018-12-01T10:00:00,2018-12-01T09:51:00,146,77
http://irail.be/vehicle/IC3730,http://irail.be/stations/NMBS/008814308,IC,2018-12-01T10:10:00,2018-12-01T10:10:00,,80
http://irail.be/vehicle/IC3730,http://irail.be/stations/NMBS/008812005,IC,2018-02-19T09:43:00,2018-02-19T09:43:00,21,
http://irail.be/vehicle/IC3730,http://irail.be/stations/NMBS/008813045,IC,2018-02-19T09:45:00,2018-02-19T09:45:00,13,13
http://irail.be/vehicle/IC3730,http://irail.be/stations/NMBS/008813003,IC,2018-02-19T09:47:00,2018-02-19T09:46:00,44,43
http://irail.be/vehicle/IC3730,http://irail.be/stations/NMBS/008813037,IC,2018-02-19T09:49:00,2018-02-19T09:49:00,44,44
http://irail.be/vehicle/IC3730,http://irail.be/stations/NMBS/008814001,IC,2018-02-19T09:55:00,2018-02-19T09:51:00,58,70
http://irail.be/vehicle/IC3730,http://irail.be/stations/NMBS/008814308,IC,2018-02-19T10:05:00,2018-02-19T10:05:00,70,70
http://irail.be/vehicle/IC3730,http://irail.be/stations/NMBS/008814332,IC,2018-02-19T10:06:00,2018-02-19T10:06:00,76,76
http://irail.be/vehicle/IC3730,http://irail.be/stations/NMBS/008883808,IC,2018-02-19T10:07:00,2018-02-19T10:07:00,91,91
http://irail.be/vehicle/IC3730,http://irail.be/stations/NMBS/008883022,IC,2018-02-19T10:10:00,2018-02-19T10:10:00,46,46
http://irail.be/vehicle/IC3730,NO-URI,IC,2018-02-19T10:10:00,2018-02-19T10:10:00,54,54
http://irail.be/vehicle/IC3730,http://irail.be/stations/NMBS/008883006,IC,2018-02-19T10:17:00,2018-02-19T10:15:00,45,-43
http://irail.be/vehicle/IC3730,http://irail.be/stations/NMBS/008883113,IC,2018-02-19T10:23:00,2018-02-19T10:22:00,28,-17
http://irail.be/vehicle/IC3730,NO-URI,IC,2018-02-19T10:27:00,2018-02-19T10:27:00,-45,-45
http://irail.be/vehicle/IC3730,http://irail.be/stations/NMBS/008883121,IC,2018-02-19T10:27:00,2018-02-19T10:27:00,-39,-39
http://irail.be/vehicle/IC3730,http://irail.be/stations/NMBS/008881174,IC,2018-02-19T10:29:00,2018-02-19T10:29:00,-78,-78
http://irail.be/vehicle/IC3730,http://irail.be/stations/NMBS/008881166,IC,2018-02-19T10:32:00,2018-02-19T10:31:00,-15,-52
http://irail.be/vehicle/IC3730,http://irail.be/stations/NMBS/008881158,IC,2018-02-19T10:35:00,2018-02-19T10:35:00,-15,-15
http://irail.be/vehicle/IC3730,http://irail.be/stations/NMBS/008881125,IC,2018-02-19T10:37:00,2018-02-19T10:37:00,-95,-95
http://irail.be/vehicle/IC3730,http://irail.be/stations/NMBS/008881000,IC,2018-02-19T10:42:00,2018-02-19T10:42:00,,-116
http://irail.be/vehicle/IC3730,http://irail.be/stations/NMBS/008819406,IC,2018-03-10T09:31:00,2018-03-10T09:31:00,-7,
http://irail.be/vehicle/IC3730,http://irail.be/stations/NMBS/008811007,IC,2018-03-10T09:38:00,2018-03-10T09:38:00,143,143
http://irail.be/vehicle/IC3730,http://irail.be/stations/NMBS/008812005,IC,2018-03-10T09:43:00,2018-03-10T09:41:00,197,241
http://irail.be/vehicle/IC3730,http://irail.be/stations/NMBS/008813045,IC,2018-03-10T09:45:00,2018-03-10T09:45:00,191,191
http://irail.be/vehicle/IC3730,http://irail.be/stations/NMBS/008813003,IC,2018-03-10T09:47:00,2018-03-10T09:46:00,469,438
http://irail.be/vehicle/IC3730,http://irail.be/stations/NMBS/008813037,IC,2018-03-10T09:49:00,2018-03-10T09:49:00,469,469
http://irail.be/vehicle/IC3730,http://irail.be/stations/NMBS/008814001,IC,2018-03-10T09:55:00,2018-03-10T09:51:00,420,472
http://irail.be/vehicle/IC3730,http://irail.be/stations/NMBS/008814365,IC,2018-03-10T10:00:00,2018-03-10T10:00:00,455,455
http://irail.be/vehicle/IC3730,http://irail.be/stations/NMBS/008814357,IC,2018-03-10T10:02:00,2018-03-10T10:02:00,455,455
http://irail.be/vehicle/IC3730,http://irail.be/stations/NMBS/008814340,IC,2018-03-10T10:03:00,2018-03-10T10:03:00,439,439
http://irail.be/vehicle/IC3730,http://irail.be/stations/NMBS/008814308,IC,2018-03-10T10:04:00,2018-03-10T10:04:00,447,447
http://irail.be/vehicle/IC3730,http://irail.be/stations/NMBS/008814332,IC,2018-03-10T10:05:00,2018-03-10T10:05:00,440,440
http://irail.be/vehicle/IC3730,http://irail.be/stations/NMBS/008883808,IC,2018-03-10T10:07:00,2018-03-10T10:07:00,395,395
http://irail.be/vehicle/IC3730,http://irail.be/stations/NMBS/008883022,IC,2018-03-10T10:09:00,2018-03-10T10:09:00,407,407
http://irail.be/vehicle/IC3730,NO-URI,IC,2018-03-10T10:09:00,2018-03-10T10:09:00,417,417
http://irail.be/vehicle/IC3730,http://irail.be/stations/NMBS/008883006,IC,2018-03-10T10:16:00,2018-03-10T10:14:00,491,522
http://irail.be/vehicle/IC3730,http://irail.be/stations/NMBS/008883113,IC,2018-03-10T10:22:00,2018-03-10T10:21:00,529,443
http://irail.be/vehicle/IC3730,NO-URI,IC,2018-03-10T10:26:00,2018-03-10T10:26:00,461,461
http://irail.be/vehicle/IC3730,http://irail.be/stations/NMBS/008883121,IC,2018-03-10T10:26:00,2018-03-10T10:26:00,473,473
http://irail.be/vehicle/IC3730,http://irail.be/stations/NMBS/008881174,IC,2018-03-10T10:27:00,2018-03-10T10:27:00,497,497
http://irail.be/vehicle/IC3730,http://irail.be/stations/NMBS/008881166,IC,2018-03-10T10:31:00,2018-03-10T10:30:00,677,579
http://irail.be/vehicle/IC3730,http://irail.be/stations/NMBS/008881158,IC,2018-03-10T10:34:00,2018-03-10T10:34:00,677,677
http://irail.be/vehicle/IC3730,http://irail.be/stations/NMBS/008881125,IC,2018-03-10T10:35:00,2018-03-10T10:35:00,816,816
http://irail.be/vehicle/IC3730,http://irail.be/stations/NMBS/008881000,IC,2018-03-10T10:40:00,2018-03-10T10:40:00,,902
http://irail.be/vehicle/IC3730,http://irail.be/stations/NMBS/008819406,IC,2018-11-22T09:31:00,2018-11-22T09:31:00,538,
http://irail.be/vehicle/IC3730,http://irail.be/stations/NMBS/008811007,IC,2018-11-22T09:38:00,2018-11-22T09:38:00,561,561
http://irail.be/vehicle/IC3730,http://irail.be/stations/NMBS/008812005,IC,2018-11-22T09:43:00,2018-11-22T09:41:00,444,554
http://irail.be/vehicle/IC3730,http://irail.be/stations/NMBS/008813045,IC,2018-11-22T09:45:00,2018-11-22T09:45:00,442,442
http://irail.be/vehicle/IC3730,http://irail.be/stations/NMBS/008813003,IC,2018-11-22T09:47:00,2018-11-22T09:46:00,529,494
http://irail.be/vehicle/IC3730,http://irail.be/stations/NMBS/008813037,IC,2018-11-22T09:49:00,2018-11-22T09:49:00,529,529
http://irail.be/vehicle/IC3730,http://irail.be/stations/NMBS/008814001,IC,2018-11-22T09:55:00,2018-11-22T09:51:00,354,527
http://irail.be/vehicle/IC3730,http://irail.be/stations/NMBS/008814308,IC,2018-11-22T10:05:00,2018-11-22T10:05:00,244,244
http://irail.be/vehicle/IC3730,http://irail.be/stations/NMBS/008814332,IC,2018-11-22T10:06:00,2018-11-22T10:06:00,247,247
http://irail.be/vehicle/IC3730,http://irail.be/stations/NMBS/008883808,IC,2018-11-22T10:07:00,2018-11-22T10:07:00,257,257
http://irail.be/vehicle/IC3730,http://irail.be/stations/NMBS/008883022,IC,2018-11-22T10:10:00,2018-11-22T10:10:00,203,203
http://irail.be/vehicle/IC3730,NO-URI,IC,2018-11-22T10:10:00,2018-11-22T10:10:00,211,211
http://irail.be/vehicle/IC3730,http://irail.be/stations/NMBS/008883006,IC,2018-11-22T10:17:00,2018-11-22T10:15:00,168,166
http://irail.be/vehicle/IC3730,http://irail.be/stations/NMBS/008883113,IC,2018-11-22T10:23:00,2018-11-22T10:22:00,130,109
http://irail.be/vehicle/IC3730,NO-URI,IC,2018-11-22T10:27:00,2018-11-22T10:27:00,68,68
http://irail.be/vehicle/IC3730,http://irail.be/stations/NMBS/008883121,IC,2018-11-22T10:27:00,2018-11-22T10:27:00,75,75
http://irail.be/vehicle/IC3730,http://irail.be/stations/NMBS/008881174,IC,2018-11-22T10:29:00,2018-11-22T10:29:00,34,34
http://irail.be/vehicle/IC3730,http://irail.be/stations/NMBS/008881166,IC,2018-11-22T10:32:00,2018-11-22T10:31:00,71,60
http://irail.be/vehicle/IC3730,http://irail.be/stations/NMBS/008881158,IC,2018-11-22T10:34:00,2018-11-22T10:34:00,71,71
http://irail.be/vehicle/IC3730,http://irail.be/stations/NMBS/008881125,IC,2018-11-22T10:36:00,2018-11-22T10:36:00,40,40
http://irail.be/vehicle/IC3730,http://irail.be/stations/NMBS/008881000,IC,2018-11-22T10:42:00,2018-11-22T10:42:00,,-126
http://irail.be/vehicle/IC3730,http://irail.be/stations/NMBS/008819406,IC,2018-11-21T09:31:00,2018-11-21T09:31:00,49,
http://irail.be/vehicle/IC3730,http://irail.be/stations/NMBS/008811007,IC,2018-11-21T09:38:00,2018-11-21T09:38:00,74,74
http://irail.be/vehicle/IC3730,http://irail.be/stations/NMBS/008812005,IC,2018-11-21T09:43:00,2018-11-21T09:41:00,73,159
http://irail.be/vehicle/IC3730,http://irail.be/stations/NMBS/008813045,IC,2018-11-21T09:45:00,2018-11-21T09:45:00,75,75
http://irail.be/vehicle/IC3730,http://irail.be/stations/NMBS/008813003,IC,2018-11-21T09:47:00,2018-11-21T09:46:00,153,155
http://irail.be/vehicle/IC3730,http://irail.be/stations/NMBS/008813037,IC,2018-11-21T09:49:00,2018-11-21T09:49:00,153,153
http://irail.be/vehicle/IC3730,http://irail.be/stations/NMBS/008814001,IC,2018-11-21T09:55:00,2018-11-21T09:51:00,179,149
http://irail.be/vehicle/IC3730,http://irail.be/stations/NMBS/008814365,IC,2018-11-21T10:01:00,2018-11-21T10:01:00,148,148
http://irail.be/vehicle/IC3730,http://irail.be/stations/NMBS/008814357,IC,2018-11-21T10:03:00,2018-11-21T10:03:00,148,148
http://irail.be/vehicle/IC3730,http://irail.be/stations/NMBS/008814340,IC,2018-11-21T10:04:00,2018-11-21T10:04:00,132,132
http://irail.be/vehicle/IC3730,http://irail.be/stations/NMBS/008814308,IC,2018-11-21T10:05:00,2018-11-21T10:05:00,193,193
http://irail.be/vehicle/IC3730,http://irail.be/stations/NMBS/008814332,IC,2018-11-21T10:06:00,2018-11-21T10:06:00,232,232
http://irail.be/vehicle/IC3730,http://irail.be/stations/NMBS/008883808,IC,2018-11-21T10:07:00,2018-11-21T10:07:00,626,626
http://irail.be/vehicle/IC3730,http://irail.be/stations/NMBS/008883022,IC,2018-11-21T10:10:00,2018-11-21T10:10:00,594,594
http://irail.be/vehicle/IC3730,NO-URI,IC,2018-11-21T10:10:00,2018-11-21T10:10:00,602,602
http://irail.be/vehicle/IC3730,http://irail.be/stations/NMBS/008883006,IC,2018-11-21T10:17:00,2018-11-21T10:15:00,605,579
http://irail.be/vehicle/IC3730,http://irail.be/stations/NMBS/008883113,IC,2018-11-21T10:23:00,2018-11-21T10:22:00,548,542
http://irail.be/vehicle/IC3730,NO-URI,IC,2018-11-21T10:27:00,2018-11-21T10:27:00,485,485
http://irail.be/vehicle/IC3730,http://irail.be/stations/NMBS/008883121,IC,2018-11-21T10:27:00,2018-11-21T10:27:00,494,494
http://irail.be/vehicle/IC3730,http://irail.be/stations/NMBS/008881174,IC,2018-11-21T10:29:00,2018-11-21T10:29:00,466,466
http://irail.be/vehicle/IC3730,http://irail.be/stations/NMBS/008881166,IC,2018-11-21T10:32:00,2018-11-21T10:31:00,521,499
http://irail.be/vehicle/IC3730,http://irail.be/stations/NMBS/008881158,IC,2018-11-21T10:34:00,2018-11-21T10:34:00,521,521
http://irail.be/vehicle/IC3730,http://irail.be/stations/NMBS/008881125,IC,2018-11-21T10:36:00,2018-11-21T10:36:00,498,498
http://irail.be/vehicle/IC3730,http://irail.be/stations/NMBS/008881000,IC,2018-11-21T10:42:00,2018-11-21T10:42:00,,718
http://irail.be/vehicle/IC3730,http://irail.be/stations/NMBS/008819406,IC,2018-10-03T09:31:00,2018-10-03T09:31:00,88,
http://irail.be/vehicle/IC3730,http://irail.be/stations/NMBS/008811007,IC,2018-10-03T09:38:00,2018-10-03T09:38:00,128,128
http://irail.be/vehicle/IC3730,http://irail.be/stations/NMBS/008812005,IC,2018-10-03T09:43:00,2018-10-03T09:41:00,125,170
http://irail.be/vehicle/IC3730,http://irail.be/stations/NMBS/008813045,IC,2018-10-03T09:45:00,2018-10-03T09:45:00,124,124
http://irail.be/vehicle/IC3730,http://irail.be/stations/NMBS/008813003,IC,2018-10-03T09:47:00,2018-10-03T09:46:00,162,156
http://irail.be/vehicle/IC3730,http://irail.be/stations/NMBS/008813037,IC,2018-10-03T09:49:00,2018-10-03T09:49:00,162,162
http://irail.be/vehicle/IC3730,http://irail.be/stations/NMBS/008814001,IC,2018-10-03T09:55:00,2018-10-03T09:51:00,32,167
http://irail.be/vehicle/IC3730,http://irail.be/stations/NMBS/008814373,IC,2018-10-03T10:01:44,2018-10-03T10:01:44,119,119
http://irail.be/vehicle/IC3730,http://irail.be/stations/NMBS/008814308,IC,2018-10-03T10:05:00,2018-10-03T10:05:00,228,228
http://irail.be/vehicle/IC3730,http://irail.be/stations/NMBS/008814332,IC,2018-10-03T10:06:00,2018-10-03T10:06:00,231,231
http://irail.be/vehicle/IC3730,http://irail.be/stations/NMBS/008883808,IC,2018-10-03T10:07:00,2018-10-03T10:07:00,244,244
http://irail.be/vehicle/IC3730,http://irail.be/stations/NMBS/008883022,IC,2018-10-03T10:10:00,2018-10-03T10:10:00,219,219
http://irail.be/vehicle/IC3730,NO-URI,IC,2018-10-03T10:10:00,2018-10-03T10:10:00,348,348
http://irail.be/vehicle/IC3730,http://irail.be/stations/NMBS/008883006,IC,2018-10-03T10:17:00,2018-10-03T10:15:00,247,332
http://irail.be/vehicle/IC3730,http://irail.be/stations/NMBS/008883113,IC,2018-10-03T10:23:00,2018-10-03T10:22:00,171,176
http://irail.be/vehicle/IC3730,NO-URI,IC,2018-10-03T10:27:00,2018-10-03T10:27:00,97,97
http://irail.be/vehicle/IC3730,http://irail.be/stations/NMBS/008883121,IC,2018-10-03T10:27:00,2018-10-03T10:27:00,106,106
http://irail.be/vehicle/IC3730,http://irail.be/stations/NMBS/008881174,IC,2018-10-03T10:29:00,2018-10-03T10:29:00,68,68
http://irail.be/vehicle/IC3730,http://irail.be/stations/NMBS/008881166,IC,2018-10-03T10:32:00,2018-10-03T10:31:00,98,96
http://irail.be/vehicle/IC3730,http://irail.be/stations/NMBS/008881158,IC,2018-10-03T10:34:00,2018-10-03T10:34:00,98,98
http://irail.be/vehicle/IC3730,http://irail.be/stations/NMBS/008881125,IC,2018-10-03T10:36:00,2018-10-03T10:36:00,311,311
http://irail.be/vehicle/IC3730,http://irail.be/stations/NMBS/008881000,IC,2018-10-03T10:42:00,2018-10-03T10:42:00,,197
http://irail.be/vehicle/IC3730,http://irail.be/stations/NMBS/008819406,IC,2018-07-29T09:31:00,2018-07-29T09:31:00,-27,
http://irail.be/vehicle/IC3730,http://irail.be/stations/NMBS/008811007,IC,2018-07-29T09:38:00,2018-07-29T09:38:00,13,13
http://irail.be/vehicle/IC3730,http://irail.be/stations/NMBS/008812005,IC,2018-07-29T09:43:00,2018-07-29T09:41:00,21,54
http://irail.be/vehicle/IC3730,http://irail.be/stations/NMBS/008813045,IC,2018-07-29T09:45:00,2018-07-29T09:45:00,66,66
http://irail.be/vehicle/IC3730,http://irail.be/stations/NMBS/008813003,IC,2018-07-29T09:47:00,2018-07-29T09:46:00,294,264
http://irail.be/vehicle/IC3730,http://irail.be/stations/NMBS/008813037,IC,2018-07-29T09:49:00,2018-07-29T09:49:00,294,294
http://irail.be/vehicle/IC3730,http://irail.be/stations/NMBS/008814001,IC,2018-07-29T09:55:00,2018-07-29T09:51:00,339,299
http://irail.be/vehicle/IC3730,http://irail.be/stations/NMBS/008814373,IC,2018-07-29T10:01:43,2018-07-29T10:01:43,205,205
http://irail.be/vehicle/IC3730,http://irail.be/stations/NMBS/008814365,IC,2018-07-29T10:00:00,2018-07-29T10:00:00,494,494
http://irail.be/vehicle/IC3730,http://irail.be/stations/NMBS/008814357,IC,2018-07-29T10:02:00,2018-07-29T10:02:00,494,494
http://irail.be/vehicle/IC3730,http://irail.be/stations/NMBS/008814340,IC,2018-07-29T10:03:00,2018-07-29T10:03:00,480,480
http://irail.be/vehicle/IC3730,http://irail.be/stations/NMBS/008814308,IC,2018-07-29T10:04:00,2018-07-29T10:04:00,491,491
http://irail.be/vehicle/IC3730,http://irail.be/stations/NMBS/008814332,IC,2018-07-29T10:05:00,2018-07-29T10:05:00,483,483
http://irail.be/vehicle/IC3730,http://irail.be/stations/NMBS/008883808,IC,2018-07-29T10:07:00,2018-07-29T10:07:00,445,445
http://irail.be/vehicle/IC3730,http://irail.be/stations/NMBS/008883022,IC,2018-07-29T10:09:00,2018-07-29T10:09:00,456,456
http://irail.be/vehicle/IC3730,NO-URI,IC,2018-07-29T10:09:00,2018-07-29T10:09:00,466,466
http://irail.be/vehicle/IC3730,http://irail.be/stations/NMBS/008883006,IC,2018-07-29T10:16:00,2018-07-29T10:14:00,313,418
http://irail.be/vehicle/IC3730,http://irail.be/stations/NMBS/008883113,IC,2018-07-29T10:22:00,2018-07-29T10:21:00,240,239
http://irail.be/vehicle/IC3730,NO-URI,IC,2018-07-29T10:26:00,2018-07-29T10:26:00,161,161
http://irail.be/vehicle/IC3730,http://irail.be/stations/NMBS/008883121,IC,2018-07-29T10:26:00,2018-07-29T10:26:00,172,172
http://irail.be/vehicle/IC3730,http://irail.be/stations/NMBS/008881174,IC,2018-07-29T10:27:00,2018-07-29T10:27:00,199,199
http://irail.be/vehicle/IC3730,http://irail.be/stations/NMBS/008881166,IC,2018-07-29T10:31:00,2018-07-29T10:30:00,141,185
http://irail.be/vehicle/IC3730,http://irail.be/stations/NMBS/008881158,IC,2018-07-29T10:34:00,2018-07-29T10:34:00,141,141
http://irail.be/vehicle/IC3730,http://irail.be/stations/NMBS/008881125,IC,2018-07-29T10:35:00,2018-07-29T10:35:00,122,122
http://irail.be/vehicle/IC3730,http://irail.be/stations/NMBS/008881000,IC,2018-07-29T10:40:00,2018-07-29T10:40:00,,109
http://irail.be/vehicle/IC3730,http://irail.be/stations/NMBS/008819406,IC,2018-03-18T09:31:00,2018-03-18T09:31:00,0,
http://irail.be/vehicle/IC3730,http://irail.be/stations/NMBS/008811007,IC,2018-03-18T09:38:00,2018-03-18T09:38:00,26,26
http://irail.be/vehicle/IC3730,http://irail.be/stations/NMBS/008812005,IC,2018-03-18T09:43:00,2018-03-18T09:41:00,34,28
http://irail.be/vehicle/IC3730,http://irail.be/stations/NMBS/008813045,IC,2018-03-18T09:45:00,2018-03-18T09:45:00,37,37
http://irail.be/vehicle/IC3730,http://irail.be/stations/NMBS/008813003,IC,2018-03-18T09:47:00,2018-03-18T09:46:00,151,63
http://irail.be/vehicle/IC3730,http://irail.be/stations/NMBS/008813037,IC,2018-03-18T09:48:00,2018-03-18T09:48:00,148,148
http://irail.be/vehicle/IC3730,http://irail.be/stations/NMBS/008814001,IC,2018-03-18T09:55:00,2018-03-18T09:51:00,190,217
http://irail.be/vehicle/IC3730,http://irail.be/stations/NMBS/008814308,IC,2018-03-18T10:04:00,2018-03-18T10:04:00,164,164
http://irail.be/vehicle/IC3730,http://irail.be/stations/NMBS/008814332,IC,2018-03-18T10:05:00,2018-03-18T10:05:00,161,161
http://irail.be/vehicle/IC3730,http://irail.be/stations/NMBS/008883808,IC,2018-03-18T10:07:00,2018-03-18T10:07:00,116,116
http://irail.be/vehicle/IC3730,http://irail.be/stations/NMBS/008883022,IC,2018-03-18T10:09:00,2018-03-18T10:09:00,120,120
http://irail.be/vehicle/IC3730,NO-URI,IC,2018-03-18T10:09:00,2018-03-18T10:09:00,127,127
http://irail.be/vehicle/IC3730,http://irail.be/stations/NMBS/008883006,IC,2018-03-18T10:16:00,2018-03-18T10:14:00,172,112
http://irail.be/vehicle/IC3730,http://irail.be/stations/NMBS/008883113,IC,2018-03-18T10:22:00,2018-03-18T10:21:00,287,242
http://irail.be/vehicle/IC3730,NO-URI,IC,2018-03-18T10:26:00,2018-03-18T10:26:00,231,231
http://irail.be/vehicle/IC3730,http://irail.be/stations/NMBS/008883121,IC,2018-03-18T10:26:00,2018-03-18T10:26:00,244,244
http://irail.be/vehicle/IC3730,http://irail.be/stations/NMBS/008881174,IC,2018-03-18T10:27:00,2018-03-18T10:27:00,262,262
http://irail.be/vehicle/IC3730,http://irail.be/stations/NMBS/008881166,IC,2018-03-18T10:31:00,2018-03-18T10:30:00,264,247
http://irail.be/vehicle/IC3730,http://irail.be/stations/NMBS/008881158,IC,2018-03-18T10:33:00,2018-03-18T10:33:00,264,264
http://irail.be/vehicle/IC3730,http://irail.be/stations/NMBS/008881125,IC,2018-03-18T10:35:00,2018-03-18T10:35:00,221,221
http://irail.be/vehicle/IC3730,http://irail.be/stations/NMBS/008881000,IC,2018-03-18T10:40:00,2018-03-18T10:40:00,,190
http://irail.be/vehicle/IC3730,http://irail.be/stations/NMBS/008819406,IC,2018-02-26T09:31:00,2018-02-26T09:31:00,468,
http://irail.be/vehicle/IC3730,http://irail.be/stations/NMBS/008811007,IC,2018-02-26T09:38:00,2018-02-26T09:38:00,478,478
http://irail.be/vehicle/IC3730,http://irail.be/stations/NMBS/008812005,IC,2018-02-26T09:43:00,2018-02-26T09:41:00,378,463
http://irail.be/vehicle/IC3730,http://irail.be/stations/NMBS/008813045,IC,2018-02-26T09:45:00,2018-02-26T09:45:00,368,368
http://irail.be/vehicle/IC3730,http://irail.be/stations/NMBS/008813003,IC,2018-02-26T09:47:00,2018-02-26T09:46:00,375,395
http://irail.be/vehicle/IC3730,http://irail.be/stations/NMBS/008813037,IC,2018-02-26T09:49:00,2018-02-26T09:49:00,375,375
http://irail.be/vehicle/IC3730,http://irail.be/stations/NMBS/008814001,IC,2018-02-26T09:55:00,2018-02-26T09:51:00,194,369
http://irail.be/vehicle/IC3730,http://irail.be/stations/NMBS/008814308,IC,2018-02-26T10:05:00,2018-02-26T10:05:00,45,45
http://irail.be/vehicle/IC3730,http://irail.be/stations/NMBS/008814332,IC,2018-02-26T10:06:00,2018-02-26T10:06:00,50,50
http://irail.be/vehicle/IC3730,http://irail.be/stations/NMBS/008883808,IC,2018-02-26T10:07:00,2018-02-26T10:07:00,60,60
http://irail.be/vehicle/IC3730,http://irail.be/stations/NMBS/008883022,IC,2018-02-26T10:10:00,2018-02-26T10:10:00,7,7
http://irail.be/vehicle/IC3730,NO-URI,IC,2018-02-26T10:10:00,2018-02-26T10:10:00,14,14
http://irail.be/vehicle/IC3730,http://irail.be/stations/NMBS/008883006,IC,2018-02-26T10:17:00,2018-02-26T10:15:00,26,-89
http://irail.be/vehicle/IC3730,http://irail.be/stations/NMBS/008883113,IC,2018-02-26T10:23:00,2018-02-26T10:22:00,21,-53
http://irail.be/vehicle/IC3730,NO-URI,IC,2018-02-26T10:27:00,2018-02-26T10:27:00,-58,-58
http://irail.be/vehicle/IC3730,http://irail.be/stations/NMBS/008883121,IC,2018-02-26T10:27:00,2018-02-26T10:27:00,-52,-52
http://irail.be/vehicle/IC3730,http://irail.be/stations/NMBS/008881174,IC,2018-02-26T10:29:00,2018-02-26T10:29:00,-94,-94
http://irail.be/vehicle/IC3730,http://irail.be/stations/NMBS/008881166,IC,2018-02-26T10:32:00,2018-02-26T10:31:00,76,-68
http://irail.be/vehicle/IC3730,http://irail.be/stations/NMBS/008881158,IC,2018-02-26T10:35:00,2018-02-26T10:35:00,76,76
http://irail.be/vehicle/IC3730,http://irail.be/stations/NMBS/008881125,IC,2018-02-26T10:37:00,2018-02-26T10:37:00,-4,-4
http://irail.be/vehicle/IC3730,http://irail.be/stations/NMBS/008881000,IC,2018-02-26T10:42:00,2018-02-26T10:42:00,,-39
http://irail.be/vehicle/IC3730,http://irail.be/stations/NMBS/008819406,IC,2018-09-12T09:31:00,2018-09-12T09:31:00,-9,
http://irail.be/vehicle/IC3730,http://irail.be/stations/NMBS/008811007,IC,2018-09-12T09:38:00,2018-09-12T09:38:00,153,153
http://irail.be/vehicle/IC3730,http://irail.be/stations/NMBS/008812005,IC,2018-09-12T09:43:00,2018-09-12T09:41:00,228,211
http://irail.be/vehicle/IC3730,http://irail.be/stations/NMBS/008813045,IC,2018-09-12T09:45:00,2018-09-12T09:45:00,235,235
http://irail.be/vehicle/IC3730,http://irail.be/stations/NMBS/008813003,IC,2018-09-12T09:47:00,2018-09-12T09:46:00,305,268
http://irail.be/vehicle/IC3730,http://irail.be/stations/NMBS/008813037,IC,2018-09-12T09:49:00,2018-09-12T09:49:00,305,305
http://irail.be/vehicle/IC3730,http://irail.be/stations/NMBS/008814001,IC,2018-09-12T09:55:00,2018-09-12T09:51:00,436,387
http://irail.be/vehicle/IC3730,http://irail.be/stations/NMBS/008814373,IC,2018-09-12T10:01:41,2018-09-12T10:01:41,182,182
http://irail.be/vehicle/IC3730,http://irail.be/stations/NMBS/008814365,IC,2018-09-12T10:01:00,2018-09-12T10:01:00,370,370
http://irail.be/vehicle/IC3730,http://irail.be/stations/NMBS/008814357,IC,2018-09-12T10:03:00,2018-09-12T10:03:00,370,370
http://irail.be/vehicle/IC3730,http://irail.be/stations/NMBS/008814340,IC,2018-09-12T10:04:00,2018-09-12T10:04:00,354,354
http://irail.be/vehicle/IC3730,http://irail.be/stations/NMBS/008814308,IC,2018-09-12T10:05:00,2018-09-12T10:05:00,360,360
http://irail.be/vehicle/IC3730,http://irail.be/stations/NMBS/008814332,IC,2018-09-12T10:06:00,2018-09-12T10:06:00,351,351
http://irail.be/vehicle/IC3730,http://irail.be/stations/NMBS/008883808,IC,2018-09-12T10:07:00,2018-09-12T10:07:00,362,362
http://irail.be/vehicle/IC3730,http://irail.be/stations/NMBS/008883022,IC,2018-09-12T10:10:00,2018-09-12T10:10:00,339,339
http://irail.be/vehicle/IC3730,NO-URI,IC,2018-09-12T10:10:00,2018-09-12T10:10:00,398,398
http://irail.be/vehicle/IC3730,http://irail.be/stations/NMBS/008883006,IC,2018-09-12T10:17:00,2018-09-12T10:15:00,286,378
http://irail.be/vehicle/IC3730,http://irail.be/stations/NMBS/008883113,IC,2018-09-12T10:23:00,2018-09-12T10:22:00,231,212
http://irail.be/vehicle/IC3730,NO-URI,IC,2018-09-12T10:27:00,2018-09-12T10:27:00,151,151
http://irail.be/vehicle/IC3730,http://irail.be/stations/NMBS/008883121,IC,2018-09-12T10:27:00,2018-09-12T10:27:00,159,159
http://irail.be/vehicle/IC3730,http://irail.be/stations/NMBS/008881174,IC,2018-09-12T10:29:00,2018-09-12T10:29:00,120,120
http://irail.be/vehicle/IC3730,http://irail.be/stations/NMBS/008881166,IC,2018-09-12T10:32:00,2018-09-12T10:31:00,166,148
http://irail.be/vehicle/IC3730,http://irail.be/stations/NMBS/008881158,IC,2018-09-12T10:34:00,2018-09-12T10:34:00,166,166
http://irail.be/vehicle/IC3730,http://irail.be/stations/NMBS/008881125,IC,2018-09-12T10:36:00,2018-09-12T10:36:00,120,120
http://irail.be/vehicle/IC3730,http://irail.be/stations/NMBS/008881000,IC,2018-09-12T10:42:00,2018-09-12T10:42:00,,84
http://irail.be/vehicle/IC3730,http://irail.be/stations/NMBS/008819406,IC,2018-04-09T09:31:00,2018-04-09T09:31:00,92,
http://irail.be/vehicle/IC3730,http://irail.be/stations/NMBS/008811007,IC,2018-04-09T09:38:00,2018-04-09T09:38:00,135,135
http://irail.be/vehicle/IC3730,http://irail.be/stations/NMBS/008812005,IC,2018-04-09T09:43:00,2018-04-09T09:41:00,202,176
http://irail.be/vehicle/IC3730,http://irail.be/stations/NMBS/008813045,IC,2018-04-09T09:45:00,2018-04-09T09:45:00,214,214
http://irail.be/vehicle/IC3730,http://irail.be/stations/NMBS/008813003,IC,2018-04-09T09:47:00,2018-04-09T09:46:00,299,266
http://irail.be/vehicle/IC3730,http://irail.be/stations/NMBS/008813037,IC,2018-04-09T09:49:00,2018-04-09T09:49:00,299,299
http://irail.be/vehicle/IC3730,http://irail.be/stations/NMBS/008814001,IC,2018-04-09T09:55:00,2018-04-09T09:51:00,180,308
http://irail.be/vehicle/IC3730,http://irail.be/stations/NMBS/008814308,IC,2018-04-09T10:05:00,2018-04-09T10:05:00,73,73
http://irail.be/vehicle/IC3730,http://irail.be/stations/NMBS/008814332,IC,2018-04-09T10:06:00,2018-04-09T10:06:00,79,79
http://irail.be/vehicle/IC3730,http://irail.be/stations/NMBS/008883808,IC,2018-04-09T10:07:00,2018-04-09T10:07:00,171,171
http://irail.be/vehicle/IC3730,http://irail.be/stations/NMBS/008883022,IC,2018-04-09T10:10:00,2018-04-09T10:10:00,145,145
http://irail.be/vehicle/IC3730,NO-URI,IC,2018-04-09T10:10:00,2018-04-09T10:10:00,153,153
http://irail.be/vehicle/IC3730,http://irail.be/stations/NMBS/008883006,IC,2018-04-09T10:17:00,2018-04-09T10:15:00,39,117
http://irail.be/vehicle/IC3730,http://irail.be/stations/NMBS/008883113,IC,2018-04-09T10:23:00,2018-04-09T10:22:00,41,-11
http://irail.be/vehicle/IC3730,NO-URI,IC,2018-04-09T10:27:00,2018-04-09T10:27:00,-28,-28
http://irail.be/vehicle/IC3730,http://irail.be/stations/NMBS/008883121,IC,2018-04-09T10:27:00,2018-04-09T10:27:00,-17,-17
http://irail.be/vehicle/IC3730,http://irail.be/stations/NMBS/008881174,IC,2018-04-09T10:29:00,2018-04-09T10:29:00,-56,-56
http://irail.be/vehicle/IC3730,http://irail.be/stations/NMBS/008881166,IC,2018-04-09T10:32:00,2018-04-09T10:31:00,70,-26
http://irail.be/vehicle/IC3730,http://irail.be/stations/NMBS/008881158,IC,2018-04-09T10:35:00,2018-04-09T10:35:00,70,70
http://irail.be/vehicle/IC3730,http://irail.be/stations/NMBS/008881125,IC,2018-04-09T10:37:00,2018-04-09T10:37:00,-7,-7
http://irail.be/vehicle/IC3730,http://irail.be/stations/NMBS/008881000,IC,2018-04-09T10:42:00,2018-04-09T10:42:00,,-18
http://irail.be/vehicle/IC3730,http://irail.be/stations/NMBS/008819406,IC,2018-03-15T09:31:00,2018-03-15T09:31:00,146,
http://irail.be/vehicle/IC3730,http://irail.be/stations/NMBS/008811007,IC,2018-03-15T09:38:00,2018-03-15T09:38:00,151,151
http://irail.be/vehicle/IC3730,http://irail.be/stations/NMBS/008812005,IC,2018-03-15T09:43:00,2018-03-15T09:41:00,260,307
http://irail.be/vehicle/IC3730,http://irail.be/stations/NMBS/008813045,IC,2018-03-15T09:45:00,2018-03-15T09:45:00,262,262
http://irail.be/vehicle/IC3730,http://irail.be/stations/NMBS/008813003,IC,2018-03-15T09:47:00,2018-03-15T09:46:00,311,307
http://irail.be/vehicle/IC3730,http://irail.be/stations/NMBS/008813037,IC,2018-03-15T09:49:00,2018-03-15T09:49:00,311,311
http://irail.be/vehicle/IC3730,http://irail.be/stations/NMBS/008814001,IC,2018-03-15T09:55:00,2018-03-15T09:51:00,166,319
http://irail.be/vehicle/IC3730,http://irail.be/stations/NMBS/008814308,IC,2018-03-15T10:05:00,2018-03-15T10:05:00,126,126
http://irail.be/vehicle/IC3730,http://irail.be/stations/NMBS/008814332,IC,2018-03-15T10:06:00,2018-03-15T10:06:00,131,131
http://irail.be/vehicle/IC3730,http://irail.be/stations/NMBS/008883808,IC,2018-03-15T10:07:00,2018-03-15T10:07:00,287,287
http://irail.be/vehicle/IC3730,http://irail.be/stations/NMBS/008883022,IC,2018-03-15T10:10:00,2018-03-15T10:10:00,292,292
http://irail.be/vehicle/IC3730,NO-URI,IC,2018-03-15T10:10:00,2018-03-15T10:10:00,356,356
http://irail.be/vehicle/IC3730,http://irail.be/stations/NMBS/008883006,IC,2018-03-15T10:17:00,2018-03-15T10:15:00,264,369
http://irail.be/vehicle/IC3730,http://irail.be/stations/NMBS/008883113,IC,2018-03-15T10:23:00,2018-03-15T10:22:00,276,250
http://irail.be/vehicle/IC3730,NO-URI,IC,2018-03-15T10:27:00,2018-03-15T10:27:00,207,207
http://irail.be/vehicle/IC3730,http://irail.be/stations/NMBS/008883121,IC,2018-03-15T10:27:00,2018-03-15T10:27:00,217,217
http://irail.be/vehicle/IC3730,http://irail.be/stations/NMBS/008881174,IC,2018-03-15T10:29:00,2018-03-15T10:29:00,181,181
http://irail.be/vehicle/IC3730,http://irail.be/stations/NMBS/008881166,IC,2018-03-15T10:32:00,2018-03-15T10:31:00,192,210
http://irail.be/vehicle/IC3730,http://irail.be/stations/NMBS/008881158,IC,2018-03-15T10:35:00,2018-03-15T10:35:00,192,192
http://irail.be/vehicle/IC3730,http://irail.be/stations/NMBS/008881125,IC,2018-03-15T10:37:00,2018-03-15T10:37:00,120,120
http://irail.be/vehicle/IC3730,http://irail.be/stations/NMBS/008881000,IC,2018-03-15T10:42:00,2018-03-15T10:42:00,,109
http://irail.be/vehicle/IC3730,http://irail.be/stations/NMBS/008819406,IC,2018-07-22T09:31:00,2018-07-22T09:31:00,112,
http://irail.be/vehicle/IC3730,http://irail.be/stations/NMBS/008811007,IC,2018-07-22T09:38:00,2018-07-22T09:38:00,358,358
http://irail.be/vehicle/IC3730,http://irail.be/stations/NMBS/008812005,IC,2018-07-22T09:43:00,2018-07-22T09:41:00,596,421
http://irail.be/vehicle/IC3730,http://irail.be/stations/NMBS/008813045,IC,2018-07-22T09:45:00,2018-07-22T09:45:00,627,627
http://irail.be/vehicle/IC3730,http://irail.be/stations/NMBS/008813003,IC,2018-07-22T09:47:00,2018-07-22T09:46:00,973,884
http://irail.be/vehicle/IC3730,http://irail.be/stations/NMBS/008813037,IC,2018-07-22T09:48:00,2018-07-22T09:48:00,991,991
http://irail.be/vehicle/IC3730,http://irail.be/stations/NMBS/008814001,IC,2018-07-22T09:55:00,2018-07-22T09:51:00,1036,1099
http://irail.be/vehicle/IC3730,http://irail.be/stations/NMBS/008814308,IC,2018-07-22T10:04:00,2018-07-22T10:04:00,960,960
http://irail.be/vehicle/IC3730,http://irail.be/stations/NMBS/008814332,IC,2018-07-22T10:05:00,2018-07-22T10:05:00,956,956
http://irail.be/vehicle/IC3730,http://irail.be/stations/NMBS/008883808,IC,2018-07-22T10:07:00,2018-07-22T10:07:00,908,908
http://irail.be/vehicle/IC3730,http://irail.be/stations/NMBS/008883022,IC,2018-07-22T10:09:00,2018-07-22T10:09:00,919,919
http://irail.be/vehicle/IC3730,NO-URI,IC,2018-07-22T10:09:00,2018-07-22T10:09:00,931,931
http://irail.be/vehicle/IC3730,http://irail.be/stations/NMBS/008883006,IC,2018-07-22T10:16:00,2018-07-22T10:14:00,751,870
http://irail.be/vehicle/IC3730,http://irail.be/stations/NMBS/008883113,IC,2018-07-22T10:22:00,2018-07-22T10:21:00,674,670
http://irail.be/vehicle/IC3730,NO-URI,IC,2018-07-22T10:26:00,2018-07-22T10:26:00,587,587
http://irail.be/vehicle/IC3730,http://irail.be/stations/NMBS/008883121,IC,2018-07-22T10:26:00,2018-07-22T10:26:00,597,597
http://irail.be/vehicle/IC3730,http://irail.be/stations/NMBS/008881174,IC,2018-07-22T10:27:00,2018-07-22T10:27:00,617,617
http://irail.be/vehicle/IC3730,http://irail.be/stations/NMBS/008881166,IC,2018-07-22T10:31:00,2018-07-22T10:30:00,606,604
http://irail.be/vehicle/IC3730,http://irail.be/stations/NMBS/008881158,IC,2018-07-22T10:33:00,2018-07-22T10:33:00,606,606
http://irail.be/vehicle/IC3730,http://irail.be/stations/NMBS/008881125,IC,2018-07-22T10:35:00,2018-07-22T10:35:00,558,558
http://irail.be/vehicle/IC3730,http://irail.be/stations/NMBS/008881000,IC,2018-07-22T10:40:00,2018-07-22T10:40:00,,563
http://irail.be/vehicle/IC3730,http://irail.be/stations/NMBS/008819406,IC,2018-01-21T09:31:00,2018-01-21T09:31:00,0,
http://irail.be/vehicle/IC3730,http://irail.be/stations/NMBS/008811007,IC,2018-01-21T09:38:00,2018-01-21T09:38:00,0,0
http://irail.be/vehicle/IC3730,http://irail.be/stations/NMBS/008812005,IC,2018-01-21T09:43:00,2018-01-21T09:41:00,0,0
http://irail.be/vehicle/IC3730,http://irail.be/stations/NMBS/008813045,IC,2018-01-21T09:45:00,2018-01-21T09:45:00,0,0
http://irail.be/vehicle/IC3730,http://irail.be/stations/NMBS/008813003,IC,2018-01-21T09:47:00,2018-01-21T09:46:00,0,0
http://irail.be/vehicle/IC3730,http://irail.be/stations/NMBS/008813037,IC,2018-01-21T09:49:00,2018-01-21T09:49:00,0,0
http://irail.be/vehicle/IC3730,http://irail.be/stations/NMBS/008814001,IC,2018-01-21T09:55:00,2018-01-21T09:51:00,0,0
http://irail.be/vehicle/IC3730,http://irail.be/stations/NMBS/008814365,IC,2018-01-21T10:00:00,2018-01-21T10:00:00,0,0
http://irail.be/vehicle/IC3730,http://irail.be/stations/NMBS/008814357,IC,2018-01-21T10:02:00,2018-01-21T10:02:00,0,0
http://irail.be/vehicle/IC3730,http://irail.be/stations/NMBS/008814340,IC,2018-01-21T10:03:00,2018-01-21T10:03:00,0,0
http://irail.be/vehicle/IC3730,http://irail.be/stations/NMBS/008814308,IC,2018-01-21T10:04:00,2018-01-21T10:04:00,0,0
http://irail.be/vehicle/IC3730,http://irail.be/stations/NMBS/008814332,IC,2018-01-21T10:05:00,2018-01-21T10:05:00,0,0
http://irail.be/vehicle/IC3730,http://irail.be/stations/NMBS/008883808,IC,2018-01-21T10:07:00,2018-01-21T10:07:00,0,0
http://irail.be/vehicle/IC3730,http://irail.be/stations/NMBS/008883022,IC,2018-01-21T10:09:00,2018-01-21T10:09:00,0,0
http://irail.be/vehicle/IC3730,NO-URI,IC,2018-01-21T10:09:00,2018-01-21T10:09:00,0,0
http://irail.be/vehicle/IC3730,http://irail.be/stations/NMBS/008883006,IC,2018-01-21T10:16:00,2018-01-21T10:14:00,0,0
http://irail.be/vehicle/IC3730,http://irail.be/stations/NMBS/008883113,IC,2018-01-21T10:22:00,2018-01-21T10:21:00,0,0
http://irail.be/vehicle/IC3730,NO-URI,IC,2018-01-21T10:26:00,2018-01-21T10:26:00,0,0
http://irail.be/vehicle/IC3730,http://irail.be/stations/NMBS/008883121,IC,2018-01-21T10:26:00,2018-01-21T10:26:00,0,0
http://irail.be/vehicle/IC3730,http://irail.be/stations/NMBS/008881174,IC,2018-01-21T10:27:00,2018-01-21T10:27:00,0,0
http://irail.be/vehicle/IC3730,http://irail.be/stations/NMBS/008881166,IC,2018-01-21T10:31:00,2018-01-21T10:30:00,190,202
http://irail.be/vehicle/IC3730,http://irail.be/stations/NMBS/008881158,IC,2018-01-21T10:34:00,2018-01-21T10:34:00,190,190
http://irail.be/vehicle/IC3730,http://irail.be/stations/NMBS/008881125,IC,2018-01-21T10:35:00,2018-01-21T10:35:00,182,182
http://irail.be/vehicle/IC3730,http://irail.be/stations/NMBS/008881000,IC,2018-01-21T10:40:00,2018-01-21T10:40:00,,180
http://irail.be/vehicle/IC3730,http://irail.be/stations/NMBS/008819406,IC,2018-06-19T09:31:00,2018-06-19T09:31:00,203,
http://irail.be/vehicle/IC3730,http://irail.be/stations/NMBS/008811007,IC,2018-06-19T09:38:00,2018-06-19T09:38:00,227,227
http://irail.be/vehicle/IC3730,http://irail.be/stations/NMBS/008812005,IC,2018-06-19T09:43:00,2018-06-19T09:41:00,335,312
http://irail.be/vehicle/IC3730,http://irail.be/stations/NMBS/008813045,IC,2018-06-19T09:45:00,2018-06-19T09:45:00,339,339
http://irail.be/vehicle/IC3730,http://irail.be/stations/NMBS/008813003,IC,2018-06-19T09:47:00,2018-06-19T09:46:00,453,431
http://irail.be/vehicle/IC3730,http://irail.be/stations/NMBS/008813037,IC,2018-06-19T09:49:00,2018-06-19T09:49:00,415,415
http://irail.be/vehicle/IC3730,http://irail.be/stations/NMBS/008814001,IC,2018-06-19T09:55:00,2018-06-19T09:51:00,375,455
http://irail.be/vehicle/IC3730,http://irail.be/stations/NMBS/008814308,IC,2018-06-19T10:05:00,2018-06-19T10:05:00,259,259
http://irail.be/vehicle/IC3730,http://irail.be/stations/NMBS/008814332,IC,2018-06-19T10:06:00,2018-06-19T10:06:00,262,262
http://irail.be/vehicle/IC3730,http://irail.be/stations/NMBS/008883808,IC,2018-06-19T10:07:00,2018-06-19T10:07:00,273,273
http://irail.be/vehicle/IC3730,http://irail.be/stations/NMBS/008883022,IC,2018-06-19T10:10:00,2018-06-19T10:10:00,218,218
http://irail.be/vehicle/IC3730,NO-URI,IC,2018-06-19T10:10:00,2018-06-19T10:10:00,223,223
http://irail.be/vehicle/IC3730,http://irail.be/stations/NMBS/008883006,IC,2018-06-19T10:17:00,2018-06-19T10:15:00,80,157
http://irail.be/vehicle/IC3730,http://irail.be/stations/NMBS/008883113,IC,2018-06-19T10:23:00,2018-06-19T10:22:00,76,15
http://irail.be/vehicle/IC3730,NO-URI,IC,2018-06-19T10:27:00,2018-06-19T10:27:00,3,3
http://irail.be/vehicle/IC3730,http://irail.be/stations/NMBS/008883121,IC,2018-06-19T10:27:00,2018-06-19T10:27:00,12,12
http://irail.be/vehicle/IC3730,http://irail.be/stations/NMBS/008881174,IC,2018-06-19T10:29:00,2018-06-19T10:29:00,-28,-28
http://irail.be/vehicle/IC3730,http://irail.be/stations/NMBS/008881166,IC,2018-06-19T10:32:00,2018-06-19T10:31:00,101,72
http://irail.be/vehicle/IC3730,http://irail.be/stations/NMBS/008881158,IC,2018-06-19T10:35:00,2018-06-19T10:35:00,102,102
http://irail.be/vehicle/IC3730,http://irail.be/stations/NMBS/008881125,IC,2018-06-19T10:36:00,2018-06-19T10:36:00,194,194
http://irail.be/vehicle/IC3730,http://irail.be/stations/NMBS/008881000,IC,2018-06-19T10:42:00,2018-06-19T10:42:00,,63
http://irail.be/vehicle/IC3730,http://irail.be/stations/NMBS/008819406,IC,2018-02-24T09:31:00,2018-02-24T09:31:00,18,
http://irail.be/vehicle/IC3730,http://irail.be/stations/NMBS/008811007,IC,2018-02-24T09:38:00,2018-02-24T09:38:00,75,75
http://irail.be/vehicle/IC3730,http://irail.be/stations/NMBS/008812005,IC,2018-02-24T09:43:00,2018-02-24T09:41:00,106,90
http://irail.be/vehicle/IC3730,http://irail.be/stations/NMBS/008813045,IC,2018-02-24T09:45:00,2018-02-24T09:45:00,120,120
http://irail.be/vehicle/IC3730,http://irail.be/stations/NMBS/008813003,IC,2018-02-24T09:47:00,2018-02-24T09:46:00,238,197
http://irail.be/vehicle/IC3730,http://irail.be/stations/NMBS/008813037,IC,2018-02-24T09:49:00,2018-02-24T09:49:00,238,238
http://irail.be/vehicle/IC3730,http://irail.be/stations/NMBS/008814001,IC,2018-02-24T09:55:00,2018-02-24T09:51:00,124,269
http://irail.be/vehicle/IC3730,http://irail.be/stations/NMBS/008814308,IC,2018-02-24T10:04:00,2018-02-24T10:04:00,128,128
http://irail.be/vehicle/IC3730,http://irail.be/stations/NMBS/008814332,IC,2018-02-24T10:05:00,2018-02-24T10:05:00,127,127
http://irail.be/vehicle/IC3730,http://irail.be/stations/NMBS/008883808,IC,2018-02-24T10:07:00,2018-02-24T10:07:00,98,98
http://irail.be/vehicle/IC3730,http://irail.be/stations/NMBS/008883022,IC,2018-02-24T10:09:00,2018-02-24T10:09:00,134,134
http://irail.be/vehicle/IC3730,NO-URI,IC,2018-02-24T10:09:00,2018-02-24T10:09:00,301,301
http://irail.be/vehicle/IC3730,http://irail.be/stations/NMBS/008883006,IC,2018-02-24T10:16:00,2018-02-24T10:14:00,347,365
http://irail.be/vehicle/IC3730,http://irail.be/stations/NMBS/008883113,IC,2018-02-24T10:22:00,2018-02-24T10:21:00,361,326
http://irail.be/vehicle/IC3730,NO-URI,IC,2018-02-24T10:26:00,2018-02-24T10:26:00,318,318
http://irail.be/vehicle/IC3730,http://irail.be/stations/NMBS/008883121,IC,2018-02-24T10:26:00,2018-02-24T10:26:00,330,330
http://irail.be/vehicle/IC3730,http://irail.be/stations/NMBS/008881174,IC,2018-02-24T10:27:00,2018-02-24T10:27:00,351,351
http://irail.be/vehicle/IC3730,http://irail.be/stations/NMBS/008881166,IC,2018-02-24T10:31:00,2018-02-24T10:30:00,336,340
http://irail.be/vehicle/IC3730,http://irail.be/stations/NMBS/008881158,IC,2018-02-24T10:34:00,2018-02-24T10:34:00,336,336
http://irail.be/vehicle/IC3730,http://irail.be/stations/NMBS/008881125,IC,2018-02-24T10:35:00,2018-02-24T10:35:00,335,335
http://irail.be/vehicle/IC3730,http://irail.be/stations/NMBS/008881000,IC,2018-02-24T10:40:00,2018-02-24T10:40:00,,319
http://irail.be/vehicle/IC3730,http://irail.be/stations/NMBS/008819406,IC,2018-10-18T09:31:00,2018-10-18T09:31:00,135,
http://irail.be/vehicle/IC3730,http://irail.be/stations/NMBS/008811007,IC,2018-10-18T09:38:00,2018-10-18T09:38:00,137,137
http://irail.be/vehicle/IC3730,http://irail.be/stations/NMBS/008812005,IC,2018-10-18T09:43:00,2018-10-18T09:41:00,82,142
http://irail.be/vehicle/IC3730,http://irail.be/stations/NMBS/008813045,IC,2018-10-18T09:45:00,2018-10-18T09:45:00,79,79
http://irail.be/vehicle/IC3730,http://irail.be/stations/NMBS/008813003,IC,2018-10-18T09:47:00,2018-10-18T09:46:00,112,108
http://irail.be/vehicle/IC3730,http://irail.be/stations/NMBS/008813037,IC,2018-10-18T09:49:00,2018-10-18T09:49:00,112,112
http://irail.be/vehicle/IC3730,http://irail.be/stations/NMBS/008814001,IC,2018-10-18T09:55:00,2018-10-18T09:51:00,54,145
http://irail.be/vehicle/IC3730,http://irail.be/stations/NMBS/008814308,IC,2018-10-18T10:05:00,2018-10-18T10:05:00,-59,-59
http://irail.be/vehicle/IC3730,http://irail.be/stations/NMBS/008814332,IC,2018-10-18T10:06:00,2018-10-18T10:06:00,-58,-58
http://irail.be/vehicle/IC3730,http://irail.be/stations/NMBS/008883808,IC,2018-10-18T10:07:00,2018-10-18T10:07:00,-41,-41
http://irail.be/vehicle/IC3730,http://irail.be/stations/NMBS/008883022,IC,2018-10-18T10:10:00,2018-10-18T10:10:00,-88,-88
http://irail.be/vehicle/IC3730,NO-URI,IC,2018-10-18T10:10:00,2018-10-18T10:10:00,-73,-73
http://irail.be/vehicle/IC3730,http://irail.be/stations/NMBS/008883006,IC,2018-10-18T10:17:00,2018-10-18T10:15:00,33,-165
http://irail.be/vehicle/IC3730,http://irail.be/stations/NMBS/008883113,IC,2018-10-18T10:23:00,2018-10-18T10:22:00,37,-1
http://irail.be/vehicle/IC3730,NO-URI,IC,2018-10-18T10:27:00,2018-10-18T10:27:00,-28,-28
http://irail.be/vehicle/IC3730,http://irail.be/stations/NMBS/008883121,IC,2018-10-18T10:27:00,2018-10-18T10:27:00,-18,-18
http://irail.be/vehicle/IC3730,http://irail.be/stations/NMBS/008881174,IC,2018-10-18T10:29:00,2018-10-18T10:29:00,-53,-53
http://irail.be/vehicle/IC3730,http://irail.be/stations/NMBS/008881166,IC,2018-10-18T10:32:00,2018-10-18T10:31:00,19,-19
http://irail.be/vehicle/IC3730,http://irail.be/stations/NMBS/008881158,IC,2018-10-18T10:34:00,2018-10-18T10:34:00,19,19
http://irail.be/vehicle/IC3730,http://irail.be/stations/NMBS/008881125,IC,2018-10-18T10:36:00,2018-10-18T10:36:00,-17,-17
http://irail.be/vehicle/IC3730,http://irail.be/stations/NMBS/008881000,IC,2018-10-18T10:42:00,2018-10-18T10:42:00,,-140
http://irail.be/vehicle/IC3730,http://irail.be/stations/NMBS/008819406,IC,2018-06-15T09:31:00,2018-06-15T09:31:00,553,
http://irail.be/vehicle/IC3730,http://irail.be/stations/NMBS/008811007,IC,2018-06-15T09:38:00,2018-06-15T09:38:00,585,585
http://irail.be/vehicle/IC3730,http://irail.be/stations/NMBS/008812005,IC,2018-06-15T09:43:00,2018-06-15T09:41:00,623,661
http://irail.be/vehicle/IC3730,http://irail.be/stations/NMBS/008813045,IC,2018-06-15T09:45:00,2018-06-15T09:45:00,617,617
http://irail.be/vehicle/IC3730,http://irail.be/stations/NMBS/008813003,IC,2018-06-15T09:47:00,2018-06-15T09:46:00,684,654
http://irail.be/vehicle/IC3730,http://irail.be/stations/NMBS/008813037,IC,2018-06-15T09:49:00,2018-06-15T09:49:00,684,684
http://irail.be/vehicle/IC3730,http://irail.be/stations/NMBS/008814001,IC,2018-06-15T09:55:00,2018-06-15T09:51:00,531,692
http://irail.be/vehicle/IC3730,http://irail.be/stations/NMBS/008814308,IC,2018-06-15T10:05:00,2018-06-15T10:05:00,415,415
http://irail.be/vehicle/IC3730,http://irail.be/stations/NMBS/008814332,IC,2018-06-15T10:06:00,2018-06-15T10:06:00,419,419
http://irail.be/vehicle/IC3730,http://irail.be/stations/NMBS/008883808,IC,2018-06-15T10:07:00,2018-06-15T10:07:00,433,433
http://irail.be/vehicle/IC3730,http://irail.be/stations/NMBS/008883022,IC,2018-06-15T10:10:00,2018-06-15T10:10:00,386,386
http://irail.be/vehicle/IC3730,NO-URI,IC,2018-06-15T10:10:00,2018-06-15T10:10:00,393,393
http://irail.be/vehicle/IC3730,http://irail.be/stations/NMBS/008883006,IC,2018-06-15T10:17:00,2018-06-15T10:15:00,276,339
http://irail.be/vehicle/IC3730,http://irail.be/stations/NMBS/008883113,IC,2018-06-15T10:23:00,2018-06-15T10:22:00,370,286
http://irail.be/vehicle/IC3730,NO-URI,IC,2018-06-15T10:27:00,2018-06-15T10:27:00,352,352
http://irail.be/vehicle/IC3730,http://irail.be/stations/NMBS/008883121,IC,2018-06-15T10:27:00,2018-06-15T10:27:00,371,371
http://irail.be/vehicle/IC3730,http://irail.be/stations/NMBS/008881174,IC,2018-06-15T10:29:00,2018-06-15T10:29:00,342,342
http://irail.be/vehicle/IC3730,http://irail.be/stations/NMBS/008881166,IC,2018-06-15T10:32:00,2018-06-15T10:31:00,730,453
http://irail.be/vehicle/IC3730,http://irail.be/stations/NMBS/008881158,IC,2018-06-15T10:35:00,2018-06-15T10:35:00,730,730
http://irail.be/vehicle/IC3730,http://irail.be/stations/NMBS/008881125,IC,2018-06-15T10:36:00,2018-06-15T10:36:00,802,802
http://irail.be/vehicle/IC3730,http://irail.be/stations/NMBS/008881000,IC,2018-06-15T10:42:00,2018-06-15T10:42:00,,682
http://irail.be/vehicle/IC3730,http://irail.be/stations/NMBS/008819406,IC,2018-03-31T09:31:00,2018-03-31T09:31:00,90,
http://irail.be/vehicle/IC3730,http://irail.be/stations/NMBS/008811007,IC,2018-03-31T09:38:00,2018-03-31T09:38:00,317,317
http://irail.be/vehicle/IC3730,http://irail.be/stations/NMBS/008812005,IC,2018-03-31T09:43:00,2018-03-31T09:41:00,698,648
http://irail.be/vehicle/IC3730,http://irail.be/stations/NMBS/008813045,IC,2018-03-31T09:45:00,2018-03-31T09:45:00,709,709
http://irail.be/vehicle/IC3730,http://irail.be/stations/NMBS/008813003,IC,2018-03-31T09:47:00,2018-03-31T09:46:00,981,858
http://irail.be/vehicle/IC3730,http://irail.be/stations/NMBS/008813037,IC,2018-03-31T09:48:00,2018-03-31T09:48:00,982,982
http://irail.be/vehicle/IC3730,http://irail.be/stations/NMBS/008814001,IC,2018-03-31T09:55:00,2018-03-31T09:51:00,867,985
http://irail.be/vehicle/IC3730,http://irail.be/stations/NMBS/008814365,IC,2018-03-31T10:00:00,2018-03-31T10:00:00,936,936
http://irail.be/vehicle/IC3730,http://irail.be/stations/NMBS/008814357,IC,2018-03-31T10:02:00,2018-03-31T10:02:00,936,936
http://irail.be/vehicle/IC3730,http://irail.be/stations/NMBS/008814340,IC,2018-03-31T10:03:00,2018-03-31T10:03:00,928,928
http://irail.be/vehicle/IC3730,http://irail.be/stations/NMBS/008814308,IC,2018-03-31T10:04:00,2018-03-31T10:04:00,943,943
http://irail.be/vehicle/IC3730,http://irail.be/stations/NMBS/008814332,IC,2018-03-31T10:05:00,2018-03-31T10:05:00,935,935
http://irail.be/vehicle/IC3730,http://irail.be/stations/NMBS/008883808,IC,2018-03-31T10:07:00,2018-03-31T10:07:00,897,897
http://irail.be/vehicle/IC3730,http://irail.be/stations/NMBS/008883022,IC,2018-03-31T10:09:00,2018-03-31T10:09:00,907,907
http://irail.be/vehicle/IC3730,NO-URI,IC,2018-03-31T10:09:00,2018-03-31T10:09:00,915,915
http://irail.be/vehicle/IC3730,http://irail.be/stations/NMBS/008883006,IC,2018-03-31T10:16:00,2018-03-31T10:14:00,1018,998
http://irail.be/vehicle/IC3730,http://irail.be/stations/NMBS/008883113,IC,2018-03-31T10:22:00,2018-03-31T10:21:00,1052,1017
http://irail.be/vehicle/IC3730,NO-URI,IC,2018-03-31T10:26:00,2018-03-31T10:26:00,1003,1003
http://irail.be/vehicle/IC3730,http://irail.be/stations/NMBS/008883121,IC,2018-03-31T10:26:00,2018-03-31T10:26:00,1009,1009
http://irail.be/vehicle/IC3730,http://irail.be/stations/NMBS/008881174,IC,2018-03-31T10:27:00,2018-03-31T10:27:00,1034,1034
http://irail.be/vehicle/IC3730,http://irail.be/stations/NMBS/008881166,IC,2018-03-31T10:31:00,2018-03-31T10:30:00,1065,1022
http://irail.be/vehicle/IC3730,http://irail.be/stations/NMBS/008881158,IC,2018-03-31T10:33:00,2018-03-31T10:33:00,1065,1065
http://irail.be/vehicle/IC3730,http://irail.be/stations/NMBS/008881125,IC,2018-03-31T10:35:00,2018-03-31T10:35:00,1035,1035
http://irail.be/vehicle/IC3730,http://irail.be/stations/NMBS/008881000,IC,2018-03-31T10:40:00,2018-03-31T10:40:00,,938
http://irail.be/vehicle/IC3730,http://irail.be/stations/NMBS/008819406,IC,2018-02-01T09:31:00,2018-02-01T09:31:00,-17,
http://irail.be/vehicle/IC3730,http://irail.be/stations/NMBS/008811007,IC,2018-02-01T09:38:00,2018-02-01T09:38:00,157,157
http://irail.be/vehicle/IC3730,http://irail.be/stations/NMBS/008812005,IC,2018-02-01T09:43:00,2018-02-01T09:41:00,163,196
http://irail.be/vehicle/IC3730,http://irail.be/stations/NMBS/008813045,IC,2018-02-01T09:45:00,2018-02-01T09:45:00,162,162
http://irail.be/vehicle/IC3730,http://irail.be/stations/NMBS/008813003,IC,2018-02-01T09:47:00,2018-02-01T09:46:00,213,191
http://irail.be/vehicle/IC3730,http://irail.be/stations/NMBS/008813037,IC,2018-02-01T09:49:00,2018-02-01T09:49:00,213,213
http://irail.be/vehicle/IC3730,http://irail.be/stations/NMBS/008814001,IC,2018-02-01T09:55:00,2018-02-01T09:51:00,273,262
http://irail.be/vehicle/IC3730,http://irail.be/stations/NMBS/008814365,IC,2018-02-01T10:01:00,2018-02-01T10:01:00,242,242
http://irail.be/vehicle/IC3730,http://irail.be/stations/NMBS/008814357,IC,2018-02-01T10:03:00,2018-02-01T10:03:00,242,242
http://irail.be/vehicle/IC3730,http://irail.be/stations/NMBS/008814340,IC,2018-02-01T10:04:00,2018-02-01T10:04:00,228,228
http://irail.be/vehicle/IC3730,http://irail.be/stations/NMBS/008814308,IC,2018-02-01T10:05:00,2018-02-01T10:05:00,238,238
http://irail.be/vehicle/IC3730,http://irail.be/stations/NMBS/008814332,IC,2018-02-01T10:06:00,2018-02-01T10:06:00,233,233
http://irail.be/vehicle/IC3730,http://irail.be/stations/NMBS/008883808,IC,2018-02-01T10:07:00,2018-02-01T10:07:00,253,253
http://irail.be/vehicle/IC3730,http://irail.be/stations/NMBS/008883022,IC,2018-02-01T10:10:00,2018-02-01T10:10:00,256,256
http://irail.be/vehicle/IC3730,NO-URI,IC,2018-02-01T10:10:00,2018-02-01T10:10:00,296,296
http://irail.be/vehicle/IC3730,http://irail.be/stations/NMBS/008883006,IC,2018-02-01T10:17:00,2018-02-01T10:15:00,262,254
http://irail.be/vehicle/IC3730,http://irail.be/stations/NMBS/008883113,IC,2018-02-01T10:23:00,2018-02-01T10:22:00,217,201
http://irail.be/vehicle/IC3730,NO-URI,IC,2018-02-01T10:27:00,2018-02-01T10:27:00,148,148
http://irail.be/vehicle/IC3730,http://irail.be/stations/NMBS/008883121,IC,2018-02-01T10:27:00,2018-02-01T10:27:00,156,156
http://irail.be/vehicle/IC3730,http://irail.be/stations/NMBS/008881174,IC,2018-02-01T10:29:00,2018-02-01T10:29:00,127,127
http://irail.be/vehicle/IC3730,http://irail.be/stations/NMBS/008881166,IC,2018-02-01T10:32:00,2018-02-01T10:31:00,154,159
http://irail.be/vehicle/IC3730,http://irail.be/stations/NMBS/008881158,IC,2018-02-01T10:35:00,2018-02-01T10:35:00,154,154
http://irail.be/vehicle/IC3730,http://irail.be/stations/NMBS/008881125,IC,2018-02-01T10:37:00,2018-02-01T10:37:00,81,81
http://irail.be/vehicle/IC3730,http://irail.be/stations/NMBS/008881000,IC,2018-02-01T10:42:00,2018-02-01T10:42:00,,122
http://irail.be/vehicle/IC3730,http://irail.be/stations/NMBS/008812005,IC,2018-07-19T09:43:00,2018-07-19T09:43:00,188,
http://irail.be/vehicle/IC3730,http://irail.be/stations/NMBS/008813045,IC,2018-07-19T09:45:00,2018-07-19T09:45:00,185,185
http://irail.be/vehicle/IC3730,http://irail.be/stations/NMBS/008813003,IC,2018-07-19T09:47:00,2018-07-19T09:46:00,404,355
http://irail.be/vehicle/IC3730,http://irail.be/stations/NMBS/008813037,IC,2018-07-19T09:49:00,2018-07-19T09:49:00,365,365
http://irail.be/vehicle/IC3730,http://irail.be/stations/NMBS/008814001,IC,2018-07-19T09:55:00,2018-07-19T09:51:00,255,412
http://irail.be/vehicle/IC3730,http://irail.be/stations/NMBS/008814308,IC,2018-07-19T10:05:00,2018-07-19T10:05:00,133,133
http://irail.be/vehicle/IC3730,http://irail.be/stations/NMBS/008814332,IC,2018-07-19T10:06:00,2018-07-19T10:06:00,135,135
http://irail.be/vehicle/IC3730,http://irail.be/stations/NMBS/008883808,IC,2018-07-19T10:07:00,2018-07-19T10:07:00,144,144
http://irail.be/vehicle/IC3730,http://irail.be/stations/NMBS/008883022,IC,2018-07-19T10:10:00,2018-07-19T10:10:00,89,89
http://irail.be/vehicle/IC3730,NO-URI,IC,2018-07-19T10:10:00,2018-07-19T10:10:00,93,93
http://irail.be/vehicle/IC3730,http://irail.be/stations/NMBS/008883006,IC,2018-07-19T10:17:00,2018-07-19T10:15:00,45,63
http://irail.be/vehicle/IC3730,http://irail.be/stations/NMBS/008883113,IC,2018-07-19T10:23:00,2018-07-19T10:22:00,14,-26
http://irail.be/vehicle/IC3730,NO-URI,IC,2018-07-19T10:27:00,2018-07-19T10:27:00,-48,-48
http://irail.be/vehicle/IC3730,http://irail.be/stations/NMBS/008883121,IC,2018-07-19T10:27:00,2018-07-19T10:27:00,-40,-40
http://irail.be/vehicle/IC3730,http://irail.be/stations/NMBS/008881174,IC,2018-07-19T10:29:00,2018-07-19T10:29:00,-81,-81
http://irail.be/vehicle/IC3730,http://irail.be/stations/NMBS/008881166,IC,2018-07-19T10:32:00,2018-07-19T10:31:00,-3,-55
http://irail.be/vehicle/IC3730,http://irail.be/stations/NMBS/008881158,IC,2018-07-19T10:35:00,2018-07-19T10:35:00,-3,-3
http://irail.be/vehicle/IC3730,http://irail.be/stations/NMBS/008881125,IC,2018-07-19T10:36:00,2018-07-19T10:36:00,-20,-20
http://irail.be/vehicle/IC3730,http://irail.be/stations/NMBS/008881000,IC,2018-07-19T10:42:00,2018-07-19T10:42:00,,-61
http://irail.be/vehicle/IC3730,http://irail.be/stations/NMBS/008819406,IC,2018-02-12T09:31:00,2018-02-12T09:31:00,15,
http://irail.be/vehicle/IC3730,http://irail.be/stations/NMBS/008811007,IC,2018-02-12T09:38:00,2018-02-12T09:38:00,71,71
http://irail.be/vehicle/IC3730,http://irail.be/stations/NMBS/008812005,IC,2018-02-12T09:43:00,2018-02-12T09:41:00,41,92
http://irail.be/vehicle/IC3730,http://irail.be/stations/NMBS/008813045,IC,2018-02-12T09:45:00,2018-02-12T09:45:00,36,36
http://irail.be/vehicle/IC3730,http://irail.be/stations/NMBS/008813003,IC,2018-02-12T09:47:00,2018-02-12T09:46:00,69,66
http://irail.be/vehicle/IC3730,http://irail.be/stations/NMBS/008813037,IC,2018-02-12T09:49:00,2018-02-12T09:49:00,69,69
http://irail.be/vehicle/IC3730,http://irail.be/stations/NMBS/008814001,IC,2018-02-12T09:55:00,2018-02-12T09:51:00,28,72
http://irail.be/vehicle/IC3730,http://irail.be/stations/NMBS/008814308,IC,2018-02-12T10:05:00,2018-02-12T10:05:00,-89,-89
http://irail.be/vehicle/IC3730,http://irail.be/stations/NMBS/008814332,IC,2018-02-12T10:06:00,2018-02-12T10:06:00,-84,-84
http://irail.be/vehicle/IC3730,http://irail.be/stations/NMBS/008883808,IC,2018-02-12T10:07:00,2018-02-12T10:07:00,-71,-71
http://irail.be/vehicle/IC3730,http://irail.be/stations/NMBS/008883022,IC,2018-02-12T10:10:00,2018-02-12T10:10:00,-89,-89
http://irail.be/vehicle/IC3730,NO-URI,IC,2018-02-12T10:10:00,2018-02-12T10:10:00,-50,-50
http://irail.be/vehicle/IC3730,http://irail.be/stations/NMBS/008883006,IC,2018-02-12T10:17:00,2018-02-12T10:15:00,30,-126
http://irail.be/vehicle/IC3730,http://irail.be/stations/NMBS/008883113,IC,2018-02-12T10:23:00,2018-02-12T10:22:00,32,-33
http://irail.be/vehicle/IC3730,NO-URI,IC,2018-02-12T10:27:00,2018-02-12T10:27:00,-35,-35
http://irail.be/vehicle/IC3730,http://irail.be/stations/NMBS/008883121,IC,2018-02-12T10:27:00,2018-02-12T10:27:00,-26,-26
http://irail.be/vehicle/IC3730,http://irail.be/stations/NMBS/008881174,IC,2018-02-12T10:29:00,2018-02-12T10:29:00,-63,-63
http://irail.be/vehicle/IC3730,http://irail.be/stations/NMBS/008881166,IC,2018-02-12T10:32:00,2018-02-12T10:31:00,-16,-35
http://irail.be/vehicle/IC3730,http://irail.be/stations/NMBS/008881158,IC,2018-02-12T10:35:00,2018-02-12T10:35:00,-16,-16
http://irail.be/vehicle/IC3730,http://irail.be/stations/NMBS/008881125,IC,2018-02-12T10:37:00,2018-02-12T10:37:00,-94,-94
http://irail.be/vehicle/IC3730,http://irail.be/stations/NMBS/008881000,IC,2018-02-12T10:42:00,2018-02-12T10:42:00,,-77
http://irail.be/vehicle/IC3730,http://irail.be/stations/NMBS/008819406,IC,2018-01-11T09:31:00,2018-01-11T09:31:00,341,
http://irail.be/vehicle/IC3730,http://irail.be/stations/NMBS/008811007,IC,2018-01-11T09:38:00,2018-01-11T09:38:00,451,451
http://irail.be/vehicle/IC3730,http://irail.be/stations/NMBS/008812005,IC,2018-01-11T09:43:00,2018-01-11T09:41:00,463,496
http://irail.be/vehicle/IC3730,http://irail.be/stations/NMBS/008813045,IC,2018-01-11T09:45:00,2018-01-11T09:45:00,469,469
http://irail.be/vehicle/IC3730,http://irail.be/stations/NMBS/008813003,IC,2018-01-11T09:47:00,2018-01-11T09:46:00,513,512
http://irail.be/vehicle/IC3730,http://irail.be/stations/NMBS/008813037,IC,2018-01-11T09:49:00,2018-01-11T09:49:00,513,513
http://irail.be/vehicle/IC3730,http://irail.be/stations/NMBS/008814001,IC,2018-01-11T09:55:00,2018-01-11T09:51:00,402,530
http://irail.be/vehicle/IC3730,http://irail.be/stations/NMBS/008814308,IC,2018-01-11T10:05:00,2018-01-11T10:05:00,305,305
http://irail.be/vehicle/IC3730,http://irail.be/stations/NMBS/008814332,IC,2018-01-11T10:06:00,2018-01-11T10:06:00,316,316
http://irail.be/vehicle/IC3730,http://irail.be/stations/NMBS/008883808,IC,2018-01-11T10:07:00,2018-01-11T10:07:00,335,335
http://irail.be/vehicle/IC3730,http://irail.be/stations/NMBS/008883022,IC,2018-01-11T10:10:00,2018-01-11T10:10:00,473,473
http://irail.be/vehicle/IC3730,NO-URI,IC,2018-01-11T10:10:00,2018-01-11T10:10:00,510,510
http://irail.be/vehicle/IC3730,http://irail.be/stations/NMBS/008883006,IC,2018-01-11T10:17:00,2018-01-11T10:15:00,381,449
http://irail.be/vehicle/IC3730,http://irail.be/stations/NMBS/008883113,IC,2018-01-11T10:23:00,2018-01-11T10:22:00,337,323
http://irail.be/vehicle/IC3730,NO-URI,IC,2018-01-11T10:27:00,2018-01-11T10:27:00,276,276
http://irail.be/vehicle/IC3730,http://irail.be/stations/NMBS/008883121,IC,2018-01-11T10:27:00,2018-01-11T10:27:00,284,284
http://irail.be/vehicle/IC3730,http://irail.be/stations/NMBS/008881174,IC,2018-01-11T10:29:00,2018-01-11T10:29:00,244,244
http://irail.be/vehicle/IC3730,http://irail.be/stations/NMBS/008881166,IC,2018-01-11T10:32:00,2018-01-11T10:31:00,266,272
http://irail.be/vehicle/IC3730,http://irail.be/stations/NMBS/008881158,IC,2018-01-11T10:35:00,2018-01-11T10:35:00,266,266
http://irail.be/vehicle/IC3730,http://irail.be/stations/NMBS/008881125,IC,2018-01-11T10:37:00,2018-01-11T10:37:00,273,273
http://irail.be/vehicle/IC3730,http://irail.be/stations/NMBS/008881000,IC,2018-01-11T10:42:00,2018-01-11T10:42:00,,432
http://irail.be/vehicle/IC3730,http://irail.be/stations/NMBS/008819406,IC,2018-12-30T09:31:00,2018-12-30T09:31:00,25,
http://irail.be/vehicle/IC3730,http://irail.be/stations/NMBS/008811007,IC,2018-12-30T09:38:00,2018-12-30T09:38:00,22,22
http://irail.be/vehicle/IC3730,http://irail.be/stations/NMBS/008812005,IC,2018-12-30T09:43:00,2018-12-30T09:41:00,14,29
http://irail.be/vehicle/IC3730,http://irail.be/stations/NMBS/008813045,IC,2018-12-30T09:45:00,2018-12-30T09:45:00,15,15
http://irail.be/vehicle/IC3730,http://irail.be/stations/NMBS/008813003,IC,2018-12-30T09:48:00,2018-12-30T09:47:00,13,2
http://irail.be/vehicle/IC3730,http://irail.be/stations/NMBS/008813037,IC,2018-12-30T09:50:00,2018-12-30T09:50:00,13,13
http://irail.be/vehicle/IC3730,http://irail.be/stations/NMBS/008814001,IC,2018-12-30T09:56:00,2018-12-30T09:52:00,49,27
http://irail.be/vehicle/IC3730,http://irail.be/stations/NMBS/008814308,IC,2018-12-30T10:05:00,2018-12-30T10:05:00,65,65
http://irail.be/vehicle/IC3730,http://irail.be/stations/NMBS/008814332,IC,2018-12-30T10:06:00,2018-12-30T10:06:00,62,62
http://irail.be/vehicle/IC3730,http://irail.be/stations/NMBS/008883808,IC,2018-12-30T10:08:00,2018-12-30T10:08:00,14,14
http://irail.be/vehicle/IC3730,http://irail.be/stations/NMBS/008883022,IC,2018-12-30T10:10:00,2018-12-30T10:10:00,18,18
http://irail.be/vehicle/IC3730,NO-URI,IC,2018-12-30T10:10:00,2018-12-30T10:10:00,28,28
http://irail.be/vehicle/IC3730,http://irail.be/stations/NMBS/008883006,IC,2018-12-30T10:17:00,2018-12-30T10:15:00,49,-8
http://irail.be/vehicle/IC3730,http://irail.be/stations/NMBS/008883113,IC,2018-12-30T10:23:00,2018-12-30T10:22:00,100,39
http://irail.be/vehicle/IC3730,NO-URI,IC,2018-12-30T10:27:00,2018-12-30T10:27:00,74,74
http://irail.be/vehicle/IC3730,http://irail.be/stations/NMBS/008883121,IC,2018-12-30T10:27:00,2018-12-30T10:27:00,91,91
http://irail.be/vehicle/IC3730,http://irail.be/stations/NMBS/008881174,IC,2018-12-30T10:28:00,2018-12-30T10:28:00,124,124
http://irail.be/vehicle/IC3730,http://irail.be/stations/NMBS/008881166,IC,2018-12-30T10:32:00,2018-12-30T10:31:00,142,116
http://irail.be/vehicle/IC3730,http://irail.be/stations/NMBS/008881158,IC,2018-12-30T10:35:00,2018-12-30T10:35:00,142,142
http://irail.be/vehicle/IC3730,http://irail.be/stations/NMBS/008881125,IC,2018-12-30T10:36:00,2018-12-30T10:36:00,144,144
http://irail.be/vehicle/IC3730,http://irail.be/stations/NMBS/008881000,IC,2018-12-30T10:41:00,2018-12-30T10:41:00,,79
http://irail.be/vehicle/IC3730,http://irail.be/stations/NMBS/008819406,IC,2018-04-07T09:31:00,2018-04-07T09:31:00,52,
http://irail.be/vehicle/IC3730,http://irail.be/stations/NMBS/008811007,IC,2018-04-07T09:38:00,2018-04-07T09:38:00,56,56
http://irail.be/vehicle/IC3730,http://irail.be/stations/NMBS/008812005,IC,2018-04-07T09:43:00,2018-04-07T09:41:00,76,88
http://irail.be/vehicle/IC3730,http://irail.be/stations/NMBS/008813045,IC,2018-04-07T09:45:00,2018-04-07T09:45:00,79,79
http://irail.be/vehicle/IC3730,http://irail.be/stations/NMBS/008813003,IC,2018-04-07T09:47:00,2018-04-07T09:46:00,369,322
http://irail.be/vehicle/IC3730,http://irail.be/stations/NMBS/008813037,IC,2018-04-07T09:49:00,2018-04-07T09:49:00,369,369
http://irail.be/vehicle/IC3730,http://irail.be/stations/NMBS/008814001,IC,2018-04-07T09:55:00,2018-04-07T09:51:00,317,403
http://irail.be/vehicle/IC3730,http://irail.be/stations/NMBS/008814308,IC,2018-04-07T10:04:00,2018-04-07T10:04:00,261,261
http://irail.be/vehicle/IC3730,http://irail.be/stations/NMBS/008814332,IC,2018-04-07T10:05:00,2018-04-07T10:05:00,256,256
http://irail.be/vehicle/IC3730,http://irail.be/stations/NMBS/008883808,IC,2018-04-07T10:07:00,2018-04-07T10:07:00,207,207
http://irail.be/vehicle/IC3730,http://irail.be/stations/NMBS/008883022,IC,2018-04-07T10:09:00,2018-04-07T10:09:00,207,207
http://irail.be/vehicle/IC3730,NO-URI,IC,2018-04-07T10:09:00,2018-04-07T10:09:00,216,216
http://irail.be/vehicle/IC3730,http://irail.be/stations/NMBS/008883006,IC,2018-04-07T10:16:00,2018-04-07T10:14:00,609,151
http://irail.be/vehicle/IC3730,http://irail.be/stations/NMBS/008883113,IC,2018-04-07T10:22:00,2018-04-07T10:21:00,540,528
http://irail.be/vehicle/IC3730,NO-URI,IC,2018-04-07T10:26:00,2018-04-07T10:26:00,463,463
http://irail.be/vehicle/IC3730,http://irail.be/stations/NMBS/008883121,IC,2018-04-07T10:26:00,2018-04-07T10:26:00,473,473
http://irail.be/vehicle/IC3730,http://irail.be/stations/NMBS/008881174,IC,2018-04-07T10:27:00,2018-04-07T10:27:00,495,495
http://irail.be/vehicle/IC3730,http://irail.be/stations/NMBS/008881166,IC,2018-04-07T10:31:00,2018-04-07T10:30:00,458,479
http://irail.be/vehicle/IC3730,http://irail.be/stations/NMBS/008881158,IC,2018-04-07T10:34:00,2018-04-07T10:34:00,458,458
http://irail.be/vehicle/IC3730,http://irail.be/stations/NMBS/008881125,IC,2018-04-07T10:35:00,2018-04-07T10:35:00,444,444
http://irail.be/vehicle/IC3730,http://irail.be/stations/NMBS/008881000,IC,2018-04-07T10:40:00,2018-04-07T10:40:00,,431
http://irail.be/vehicle/IC3730,http://irail.be/stations/NMBS/008819406,IC,2018-01-07T09:31:00,2018-01-07T09:31:00,-18,
http://irail.be/vehicle/IC3730,http://irail.be/stations/NMBS/008811007,IC,2018-01-07T09:38:00,2018-01-07T09:38:00,-11,-11
http://irail.be/vehicle/IC3730,http://irail.be/stations/NMBS/008812005,IC,2018-01-07T09:43:00,2018-01-07T09:41:00,25,-14
http://irail.be/vehicle/IC3730,http://irail.be/stations/NMBS/008813045,IC,2018-01-07T09:45:00,2018-01-07T09:45:00,28,28
http://irail.be/vehicle/IC3730,http://irail.be/stations/NMBS/008813003,IC,2018-01-07T09:47:00,2018-01-07T09:46:00,146,86
http://irail.be/vehicle/IC3730,http://irail.be/stations/NMBS/008813037,IC,2018-01-07T09:48:00,2018-01-07T09:48:00,151,151
http://irail.be/vehicle/IC3730,http://irail.be/stations/NMBS/008814001,IC,2018-01-07T09:55:00,2018-01-07T09:51:00,62,146
http://irail.be/vehicle/IC3730,http://irail.be/stations/NMBS/008814308,IC,2018-01-07T10:04:00,2018-01-07T10:04:00,10,10
http://irail.be/vehicle/IC3730,http://irail.be/stations/NMBS/008814332,IC,2018-01-07T10:05:00,2018-01-07T10:05:00,7,7
http://irail.be/vehicle/IC3730,http://irail.be/stations/NMBS/008883808,IC,2018-01-07T10:07:00,2018-01-07T10:07:00,-39,-39
http://irail.be/vehicle/IC3730,http://irail.be/stations/NMBS/008883022,IC,2018-01-07T10:09:00,2018-01-07T10:09:00,-37,-37
http://irail.be/vehicle/IC3730,NO-URI,IC,2018-01-07T10:09:00,2018-01-07T10:09:00,-26,-26
http://irail.be/vehicle/IC3730,http://irail.be/stations/NMBS/008883006,IC,2018-01-07T10:16:00,2018-01-07T10:14:00,39,-126
http://irail.be/vehicle/IC3730,http://irail.be/stations/NMBS/008883113,IC,2018-01-07T10:22:00,2018-01-07T10:21:00,24,-18
http://irail.be/vehicle/IC3730,NO-URI,IC,2018-01-07T10:26:00,2018-01-07T10:26:00,-34,-34
http://irail.be/vehicle/IC3730,http://irail.be/stations/NMBS/008883121,IC,2018-01-07T10:26:00,2018-01-07T10:26:00,-24,-24
http://irail.be/vehicle/IC3730,http://irail.be/stations/NMBS/008881174,IC,2018-01-07T10:27:00,2018-01-07T10:27:00,1,1
http://irail.be/vehicle/IC3730,http://irail.be/stations/NMBS/008881166,IC,2018-01-07T10:31:00,2018-01-07T10:30:00,14,-14
http://irail.be/vehicle/IC3730,http://irail.be/stations/NMBS/008881158,IC,2018-01-07T10:33:00,2018-01-07T10:33:00,14,14
http://irail.be/vehicle/IC3730,http://irail.be/stations/NMBS/008881125,IC,2018-01-07T10:35:00,2018-01-07T10:35:00,-28,-28
http://irail.be/vehicle/IC3730,http://irail.be/stations/NMBS/008881000,IC,2018-01-07T10:40:00,2018-01-07T10:40:00,,-47
http://irail.be/vehicle/IC3730,http://irail.be/stations/NMBS/008819406,IC,2018-11-01T09:31:00,2018-11-01T09:31:00,28,
http://irail.be/vehicle/IC3730,http://irail.be/stations/NMBS/008811007,IC,2018-11-01T09:38:00,2018-11-01T09:38:00,64,64
http://irail.be/vehicle/IC3730,http://irail.be/stations/NMBS/008812005,IC,2018-11-01T09:43:00,2018-11-01T09:41:00,133,105
http://irail.be/vehicle/IC3730,http://irail.be/stations/NMBS/008813045,IC,2018-11-01T09:45:00,2018-11-01T09:45:00,132,132
http://irail.be/vehicle/IC3730,http://irail.be/stations/NMBS/008813003,IC,2018-11-01T09:47:00,2018-11-01T09:46:00,266,170
http://irail.be/vehicle/IC3730,http://irail.be/stations/NMBS/008813037,IC,2018-11-01T09:49:00,2018-11-01T09:49:00,266,266
http://irail.be/vehicle/IC3730,http://irail.be/stations/NMBS/008814001,IC,2018-11-01T09:55:00,2018-11-01T09:51:00,220,289
http://irail.be/vehicle/IC3730,http://irail.be/stations/NMBS/008814308,IC,2018-11-01T10:04:00,2018-11-01T10:04:00,248,248
http://irail.be/vehicle/IC3730,http://irail.be/stations/NMBS/008814332,IC,2018-11-01T10:05:00,2018-11-01T10:05:00,249,249
http://irail.be/vehicle/IC3730,http://irail.be/stations/NMBS/008883808,IC,2018-11-01T10:07:00,2018-11-01T10:07:00,221,221
http://irail.be/vehicle/IC3730,http://irail.be/stations/NMBS/008883022,IC,2018-11-01T10:09:00,2018-11-01T10:09:00,241,241
http://irail.be/vehicle/IC3730,NO-URI,IC,2018-11-01T10:09:00,2018-11-01T10:09:00,253,253
http://irail.be/vehicle/IC3730,http://irail.be/stations/NMBS/008883006,IC,2018-11-01T10:16:00,2018-11-01T10:14:00,154,210
http://irail.be/vehicle/IC3730,http://irail.be/stations/NMBS/008883113,IC,2018-11-01T10:22:00,2018-11-01T10:21:00,167,110
http://irail.be/vehicle/IC3730,NO-URI,IC,2018-11-01T10:26:00,2018-11-01T10:26:00,118,118
http://irail.be/vehicle/IC3730,http://irail.be/stations/NMBS/008883121,IC,2018-11-01T10:26:00,2018-11-01T10:26:00,132,132
http://irail.be/vehicle/IC3730,http://irail.be/stations/NMBS/008881174,IC,2018-11-01T10:27:00,2018-11-01T10:27:00,155,155
http://irail.be/vehicle/IC3730,http://irail.be/stations/NMBS/008881166,IC,2018-11-01T10:31:00,2018-11-01T10:30:00,140,138
http://irail.be/vehicle/IC3730,http://irail.be/stations/NMBS/008881158,IC,2018-11-01T10:34:00,2018-11-01T10:34:00,140,140
http://irail.be/vehicle/IC3730,http://irail.be/stations/NMBS/008881125,IC,2018-11-01T10:35:00,2018-11-01T10:35:00,135,135
http://irail.be/vehicle/IC3730,http://irail.be/stations/NMBS/008881000,IC,2018-11-01T10:40:00,2018-11-01T10:40:00,,75
http://irail.be/vehicle/IC3730,http://irail.be/stations/NMBS/008819406,IC,2018-07-30T09:31:00,2018-07-30T09:31:00,41,
http://irail.be/vehicle/IC3730,http://irail.be/stations/NMBS/008811007,IC,2018-07-30T09:38:00,2018-07-30T09:38:00,75,75
http://irail.be/vehicle/IC3730,http://irail.be/stations/NMBS/008812005,IC,2018-07-30T09:43:00,2018-07-30T09:41:00,262,127
http://irail.be/vehicle/IC3730,http://irail.be/stations/NMBS/008813045,IC,2018-07-30T09:45:00,2018-07-30T09:45:00,251,251
http://irail.be/vehicle/IC3730,http://irail.be/stations/NMBS/008813003,IC,2018-07-30T09:47:00,2018-07-30T09:46:00,265,277
http://irail.be/vehicle/IC3730,http://irail.be/stations/NMBS/008813037,IC,2018-07-30T09:49:00,2018-07-30T09:49:00,265,265
http://irail.be/vehicle/IC3730,http://irail.be/stations/NMBS/008814001,IC,2018-07-30T09:55:00,2018-07-30T09:51:00,116,261
http://irail.be/vehicle/IC3730,http://irail.be/stations/NMBS/008814308,IC,2018-07-30T10:05:00,2018-07-30T10:05:00,-10,-10
http://irail.be/vehicle/IC3730,http://irail.be/stations/NMBS/008814332,IC,2018-07-30T10:06:00,2018-07-30T10:06:00,-13,-13
http://irail.be/vehicle/IC3730,http://irail.be/stations/NMBS/008883808,IC,2018-07-30T10:07:00,2018-07-30T10:07:00,-5,-5
http://irail.be/vehicle/IC3730,http://irail.be/stations/NMBS/008883022,IC,2018-07-30T10:10:00,2018-07-30T10:10:00,-60,-60
http://irail.be/vehicle/IC3730,NO-URI,IC,2018-07-30T10:10:00,2018-07-30T10:10:00,-56,-56
http://irail.be/vehicle/IC3730,http://irail.be/stations/NMBS/008883006,IC,2018-07-30T10:17:00,2018-07-30T10:15:00,227,-114
http://irail.be/vehicle/IC3730,http://irail.be/stations/NMBS/008883113,IC,2018-07-30T10:23:00,2018-07-30T10:22:00,190,149
http://irail.be/vehicle/IC3730,NO-URI,IC,2018-07-30T10:27:00,2018-07-30T10:27:00,127,127
http://irail.be/vehicle/IC3730,http://irail.be/stations/NMBS/008883121,IC,2018-07-30T10:27:00,2018-07-30T10:27:00,137,137
http://irail.be/vehicle/IC3730,http://irail.be/stations/NMBS/008881174,IC,2018-07-30T10:29:00,2018-07-30T10:29:00,97,97
http://irail.be/vehicle/IC3730,http://irail.be/stations/NMBS/008881166,IC,2018-07-30T10:32:00,2018-07-30T10:31:00,111,122
http://irail.be/vehicle/IC3730,http://irail.be/stations/NMBS/008881158,IC,2018-07-30T10:35:00,2018-07-30T10:35:00,111,111
http://irail.be/vehicle/IC3730,http://irail.be/stations/NMBS/008881125,IC,2018-07-30T10:36:00,2018-07-30T10:36:00,93,93
http://irail.be/vehicle/IC3730,http://irail.be/stations/NMBS/008881000,IC,2018-07-30T10:42:00,2018-07-30T10:42:00,,807
http://irail.be/vehicle/IC3730,http://irail.be/stations/NMBS/008819406,IC,2018-03-11T09:31:00,2018-03-11T09:31:00,29,
http://irail.be/vehicle/IC3730,http://irail.be/stations/NMBS/008811007,IC,2018-03-11T09:38:00,2018-03-11T09:38:00,145,145
http://irail.be/vehicle/IC3730,http://irail.be/stations/NMBS/008812005,IC,2018-03-11T09:43:00,2018-03-11T09:41:00,190,181
http://irail.be/vehicle/IC3730,http://irail.be/stations/NMBS/008813045,IC,2018-03-11T09:45:00,2018-03-11T09:45:00,186,186
http://irail.be/vehicle/IC3730,http://irail.be/stations/NMBS/008813003,IC,2018-03-11T09:47:00,2018-03-11T09:46:00,232,220
http://irail.be/vehicle/IC3730,http://irail.be/stations/NMBS/008813037,IC,2018-03-11T09:49:00,2018-03-11T09:49:00,232,232
http://irail.be/vehicle/IC3730,http://irail.be/stations/NMBS/008814001,IC,2018-03-11T09:55:00,2018-03-11T09:51:00,119,246
http://irail.be/vehicle/IC3730,http://irail.be/stations/NMBS/008814365,IC,2018-03-11T10:00:00,2018-03-11T10:00:00,167,167
http://irail.be/vehicle/IC3730,http://irail.be/stations/NMBS/008814357,IC,2018-03-11T10:02:00,2018-03-11T10:02:00,167,167
http://irail.be/vehicle/IC3730,http://irail.be/stations/NMBS/008814340,IC,2018-03-11T10:03:00,2018-03-11T10:03:00,151,151
http://irail.be/vehicle/IC3730,http://irail.be/stations/NMBS/008814308,IC,2018-03-11T10:04:00,2018-03-11T10:04:00,160,160
http://irail.be/vehicle/IC3730,http://irail.be/stations/NMBS/008814332,IC,2018-03-11T10:05:00,2018-03-11T10:05:00,152,152
http://irail.be/vehicle/IC3730,http://irail.be/stations/NMBS/008883808,IC,2018-03-11T10:07:00,2018-03-11T10:07:00,107,107
http://irail.be/vehicle/IC3730,http://irail.be/stations/NMBS/008883022,IC,2018-03-11T10:09:00,2018-03-11T10:09:00,121,121
http://irail.be/vehicle/IC3730,NO-URI,IC,2018-03-11T10:09:00,2018-03-11T10:09:00,132,132
http://irail.be/vehicle/IC3730,http://irail.be/stations/NMBS/008883006,IC,2018-03-11T10:16:00,2018-03-11T10:14:00,55,70
http://irail.be/vehicle/IC3730,http://irail.be/stations/NMBS/008883113,IC,2018-03-11T10:22:00,2018-03-11T10:21:00,47,7
http://irail.be/vehicle/IC3730,NO-URI,IC,2018-03-11T10:26:00,2018-03-11T10:26:00,21,21
http://irail.be/vehicle/IC3730,http://irail.be/stations/NMBS/008883121,IC,2018-03-11T10:26:00,2018-03-11T10:26:00,33,33
http://irail.be/vehicle/IC3730,http://irail.be/stations/NMBS/008881174,IC,2018-03-11T10:27:00,2018-03-11T10:27:00,57,57
http://irail.be/vehicle/IC3730,http://irail.be/stations/NMBS/008881166,IC,2018-03-11T10:31:00,2018-03-11T10:30:00,45,43
http://irail.be/vehicle/IC3730,http://irail.be/stations/NMBS/008881158,IC,2018-03-11T10:34:00,2018-03-11T10:34:00,45,45
http://irail.be/vehicle/IC3730,http://irail.be/stations/NMBS/008881125,IC,2018-03-11T10:35:00,2018-03-11T10:35:00,68,68
http://irail.be/vehicle/IC3730,http://irail.be/stations/NMBS/008881000,IC,2018-03-11T10:40:00,2018-03-11T10:40:00,,62
http://irail.be/vehicle/IC3730,http://irail.be/stations/NMBS/008819406,IC,2018-12-08T09:31:00,2018-12-08T09:31:00,5,
http://irail.be/vehicle/IC3730,http://irail.be/stations/NMBS/008811007,IC,2018-12-08T09:38:00,2018-12-08T09:38:00,-6,-6
http://irail.be/vehicle/IC3730,http://irail.be/stations/NMBS/008812005,IC,2018-12-08T09:43:00,2018-12-08T09:41:00,18,-17
http://irail.be/vehicle/IC3730,http://irail.be/stations/NMBS/008813045,IC,2018-12-08T09:45:00,2018-12-08T09:45:00,16,16
http://irail.be/vehicle/IC3730,http://irail.be/stations/NMBS/008813003,IC,2018-12-08T09:47:00,2018-12-08T09:46:00,59,43
http://irail.be/vehicle/IC3730,http://irail.be/stations/NMBS/008813037,IC,2018-12-08T09:49:00,2018-12-08T09:49:00,59,59
http://irail.be/vehicle/IC3730,http://irail.be/stations/NMBS/008814001,IC,2018-12-08T09:55:00,2018-12-08T09:51:00,61,49
http://irail.be/vehicle/IC3730,http://irail.be/stations/NMBS/008814308,IC,2018-12-08T10:04:00,2018-12-08T10:04:00,105,105
http://irail.be/vehicle/IC3730,http://irail.be/stations/NMBS/008814332,IC,2018-12-08T10:05:00,2018-12-08T10:05:00,102,102
http://irail.be/vehicle/IC3730,http://irail.be/stations/NMBS/008883808,IC,2018-12-08T10:07:00,2018-12-08T10:07:00,54,54
http://irail.be/vehicle/IC3730,http://irail.be/stations/NMBS/008883022,IC,2018-12-08T10:09:00,2018-12-08T10:09:00,54,54
http://irail.be/vehicle/IC3730,NO-URI,IC,2018-12-08T10:09:00,2018-12-08T10:09:00,65,65
http://irail.be/vehicle/IC3730,http://irail.be/stations/NMBS/008883006,IC,2018-12-08T10:16:00,2018-12-08T10:14:00,45,-15
http://irail.be/vehicle/IC3730,http://irail.be/stations/NMBS/008883113,IC,2018-12-08T10:22:00,2018-12-08T10:21:00,69,-14
http://irail.be/vehicle/IC3730,NO-URI,IC,2018-12-08T10:26:00,2018-12-08T10:26:00,1,1
http://irail.be/vehicle/IC3730,http://irail.be/stations/NMBS/008883121,IC,2018-12-08T10:26:00,2018-12-08T10:26:00,13,13
http://irail.be/vehicle/IC3730,http://irail.be/stations/NMBS/008881174,IC,2018-12-08T10:27:00,2018-12-08T10:27:00,30,30
http://irail.be/vehicle/IC3730,http://irail.be/stations/NMBS/008881166,IC,2018-12-08T10:31:00,2018-12-08T10:30:00,21,15
http://irail.be/vehicle/IC3730,http://irail.be/stations/NMBS/008881158,IC,2018-12-08T10:34:00,2018-12-08T10:34:00,21,21
http://irail.be/vehicle/IC3730,http://irail.be/stations/NMBS/008881125,IC,2018-12-08T10:35:00,2018-12-08T10:35:00,63,63
http://irail.be/vehicle/IC3730,http://irail.be/stations/NMBS/008881000,IC,2018-12-08T10:40:00,2018-12-08T10:40:00,,-76
http://irail.be/vehicle/IC3730,http://irail.be/stations/NMBS/008819406,IC,2018-05-01T09:31:00,2018-05-01T09:31:00,48,
http://irail.be/vehicle/IC3730,http://irail.be/stations/NMBS/008811007,IC,2018-05-01T09:38:00,2018-05-01T09:38:00,47,47
http://irail.be/vehicle/IC3730,http://irail.be/stations/NMBS/008812005,IC,2018-05-01T09:43:00,2018-05-01T09:41:00,73,67
http://irail.be/vehicle/IC3730,http://irail.be/stations/NMBS/008813045,IC,2018-05-01T09:45:00,2018-05-01T09:45:00,72,72
http://irail.be/vehicle/IC3730,http://irail.be/stations/NMBS/008813003,IC,2018-05-01T09:47:00,2018-05-01T09:46:00,185,159
http://irail.be/vehicle/IC3730,http://irail.be/stations/NMBS/008813037,IC,2018-05-01T09:49:00,2018-05-01T09:49:00,185,185
http://irail.be/vehicle/IC3730,http://irail.be/stations/NMBS/008814001,IC,2018-05-01T09:55:00,2018-05-01T09:51:00,232,187
http://irail.be/vehicle/IC3730,http://irail.be/stations/NMBS/008814365,IC,2018-05-01T10:00:00,2018-05-01T10:00:00,228,228
http://irail.be/vehicle/IC3730,http://irail.be/stations/NMBS/008814357,IC,2018-05-01T10:02:00,2018-05-01T10:02:00,228,228
http://irail.be/vehicle/IC3730,http://irail.be/stations/NMBS/008814340,IC,2018-05-01T10:03:00,2018-05-01T10:03:00,211,211
http://irail.be/vehicle/IC3730,http://irail.be/stations/NMBS/008814308,IC,2018-05-01T10:04:00,2018-05-01T10:04:00,222,222
http://irail.be/vehicle/IC3730,http://irail.be/stations/NMBS/008814332,IC,2018-05-01T10:05:00,2018-05-01T10:05:00,214,214
http://irail.be/vehicle/IC3730,http://irail.be/stations/NMBS/008883808,IC,2018-05-01T10:07:00,2018-05-01T10:07:00,164,164
http://irail.be/vehicle/IC3730,http://irail.be/stations/NMBS/008883022,IC,2018-05-01T10:09:00,2018-05-01T10:09:00,163,163
http://irail.be/vehicle/IC3730,NO-URI,IC,2018-05-01T10:09:00,2018-05-01T10:09:00,171,171
http://irail.be/vehicle/IC3730,http://irail.be/stations/NMBS/008883006,IC,2018-05-01T10:16:00,2018-05-01T10:14:00,31,110
http://irail.be/vehicle/IC3730,http://irail.be/stations/NMBS/008883113,IC,2018-05-01T10:22:00,2018-05-01T10:21:00,16,-41
http://irail.be/vehicle/IC3730,NO-URI,IC,2018-05-01T10:26:00,2018-05-01T10:26:00,-60,-60
http://irail.be/vehicle/IC3730,http://irail.be/stations/NMBS/008883121,IC,2018-05-01T10:26:00,2018-05-01T10:26:00,-48,-48
http://irail.be/vehicle/IC3730,http://irail.be/stations/NMBS/008881174,IC,2018-05-01T10:27:00,2018-05-01T10:27:00,21,21
http://irail.be/vehicle/IC3730,http://irail.be/stations/NMBS/008881166,IC,2018-05-01T10:31:00,2018-05-01T10:30:00,-26,12
http://irail.be/vehicle/IC3730,http://irail.be/stations/NMBS/008881158,IC,2018-05-01T10:34:00,2018-05-01T10:34:00,-26,-26
http://irail.be/vehicle/IC3730,http://irail.be/stations/NMBS/008881125,IC,2018-05-01T10:35:00,2018-05-01T10:35:00,-41,-41
http://irail.be/vehicle/IC3730,http://irail.be/stations/NMBS/008881000,IC,2018-05-01T10:40:00,2018-05-01T10:40:00,,-62
http://irail.be/vehicle/IC3730,http://irail.be/stations/NMBS/008819406,IC,2018-10-19T09:31:00,2018-10-19T09:31:00,109,
http://irail.be/vehicle/IC3730,http://irail.be/stations/NMBS/008811007,IC,2018-10-19T09:38:00,2018-10-19T09:38:00,59,59
http://irail.be/vehicle/IC3730,http://irail.be/stations/NMBS/008812005,IC,2018-10-19T09:43:00,2018-10-19T09:41:00,35,81
http://irail.be/vehicle/IC3730,http://irail.be/stations/NMBS/008813045,IC,2018-10-19T09:45:00,2018-10-19T09:45:00,29,29
http://irail.be/vehicle/IC3730,http://irail.be/stations/NMBS/008813003,IC,2018-10-19T09:47:00,2018-10-19T09:46:00,76,57
http://irail.be/vehicle/IC3730,http://irail.be/stations/NMBS/008813037,IC,2018-10-19T09:49:00,2018-10-19T09:49:00,76,76
http://irail.be/vehicle/IC3730,http://irail.be/stations/NMBS/008814001,IC,2018-10-19T09:55:00,2018-10-19T09:51:00,61,68
http://irail.be/vehicle/IC3730,http://irail.be/stations/NMBS/008814308,IC,2018-10-19T10:05:00,2018-10-19T10:05:00,-50,-50
http://irail.be/vehicle/IC3730,http://irail.be/stations/NMBS/008814332,IC,2018-10-19T10:06:00,2018-10-19T10:06:00,-47,-47
http://irail.be/vehicle/IC3730,http://irail.be/stations/NMBS/008883808,IC,2018-10-19T10:07:00,2018-10-19T10:07:00,-31,-31
http://irail.be/vehicle/IC3730,http://irail.be/stations/NMBS/008883022,IC,2018-10-19T10:10:00,2018-10-19T10:10:00,-78,-78
http://irail.be/vehicle/IC3730,NO-URI,IC,2018-10-19T10:10:00,2018-10-19T10:10:00,-64,-64
http://irail.be/vehicle/IC3730,http://irail.be/stations/NMBS/008883006,IC,2018-10-19T10:17:00,2018-10-19T10:15:00,41,-189
http://irail.be/vehicle/IC3730,http://irail.be/stations/NMBS/008883113,IC,2018-10-19T10:23:00,2018-10-19T10:22:00,21,-16
http://irail.be/vehicle/IC3730,NO-URI,IC,2018-10-19T10:27:00,2018-10-19T10:27:00,-50,-50
http://irail.be/vehicle/IC3730,http://irail.be/stations/NMBS/008883121,IC,2018-10-19T10:27:00,2018-10-19T10:27:00,-38,-38
http://irail.be/vehicle/IC3730,http://irail.be/stations/NMBS/008881174,IC,2018-10-19T10:29:00,2018-10-19T10:29:00,-74,-74
http://irail.be/vehicle/IC3730,http://irail.be/stations/NMBS/008881166,IC,2018-10-19T10:32:00,2018-10-19T10:31:00,33,-45
http://irail.be/vehicle/IC3730,http://irail.be/stations/NMBS/008881158,IC,2018-10-19T10:34:00,2018-10-19T10:34:00,33,33
http://irail.be/vehicle/IC3730,http://irail.be/stations/NMBS/008881125,IC,2018-10-19T10:36:00,2018-10-19T10:36:00,-9,-9
http://irail.be/vehicle/IC3730,http://irail.be/stations/NMBS/008881000,IC,2018-10-19T10:42:00,2018-10-19T10:42:00,,-109
http://irail.be/vehicle/IC3730,http://irail.be/stations/NMBS/008883006,IC,2018-10-06T10:16:00,2018-10-06T10:16:00,32,
http://irail.be/vehicle/IC3730,http://irail.be/stations/NMBS/008883113,IC,2018-10-06T10:22:00,2018-10-06T10:21:00,55,40
http://irail.be/vehicle/IC3730,NO-URI,IC,2018-10-06T10:26:00,2018-10-06T10:26:00,1,1
http://irail.be/vehicle/IC3730,http://irail.be/stations/NMBS/008883121,IC,2018-10-06T10:26:00,2018-10-06T10:26:00,10,10
http://irail.be/vehicle/IC3730,http://irail.be/stations/NMBS/008881174,IC,2018-10-06T10:27:00,2018-10-06T10:27:00,39,39
http://irail.be/vehicle/IC3730,http://irail.be/stations/NMBS/008881166,IC,2018-10-06T10:31:00,2018-10-06T10:30:00,54,24
http://irail.be/vehicle/IC3730,http://irail.be/stations/NMBS/008881158,IC,2018-10-06T10:34:00,2018-10-06T10:34:00,54,54
http://irail.be/vehicle/IC3730,http://irail.be/stations/NMBS/008881125,IC,2018-10-06T10:35:00,2018-10-06T10:35:00,133,133
http://irail.be/vehicle/IC3730,http://irail.be/stations/NMBS/008881000,IC,2018-10-06T10:40:00,2018-10-06T10:40:00,,364
http://irail.be/vehicle/IC3730,http://irail.be/stations/NMBS/008819406,IC,2018-05-25T09:31:00,2018-05-25T09:31:00,36,
http://irail.be/vehicle/IC3730,http://irail.be/stations/NMBS/008811007,IC,2018-05-25T09:38:00,2018-05-25T09:38:00,306,306
http://irail.be/vehicle/IC3730,http://irail.be/stations/NMBS/008812005,IC,2018-05-25T09:43:00,2018-05-25T09:41:00,479,431
http://irail.be/vehicle/IC3730,http://irail.be/stations/NMBS/008813045,IC,2018-05-25T09:45:00,2018-05-25T09:45:00,475,475
http://irail.be/vehicle/IC3730,http://irail.be/stations/NMBS/008813003,IC,2018-05-25T09:47:00,2018-05-25T09:46:00,568,516
http://irail.be/vehicle/IC3730,http://irail.be/stations/NMBS/008813037,IC,2018-05-25T09:49:00,2018-05-25T09:49:00,568,568
http://irail.be/vehicle/IC3730,http://irail.be/stations/NMBS/008814001,IC,2018-05-25T09:55:00,2018-05-25T09:51:00,607,676
http://irail.be/vehicle/IC3730,http://irail.be/stations/NMBS/008814308,IC,2018-05-25T10:05:00,2018-05-25T10:05:00,487,487
http://irail.be/vehicle/IC3730,http://irail.be/stations/NMBS/008814332,IC,2018-05-25T10:06:00,2018-05-25T10:06:00,485,485
http://irail.be/vehicle/IC3730,http://irail.be/stations/NMBS/008883808,IC,2018-05-25T10:07:00,2018-05-25T10:07:00,495,495
http://irail.be/vehicle/IC3730,http://irail.be/stations/NMBS/008883022,IC,2018-05-25T10:10:00,2018-05-25T10:10:00,443,443
http://irail.be/vehicle/IC3730,NO-URI,IC,2018-05-25T10:10:00,2018-05-25T10:10:00,448,448
http://irail.be/vehicle/IC3730,http://irail.be/stations/NMBS/008883006,IC,2018-05-25T10:17:00,2018-05-25T10:15:00,324,384
http://irail.be/vehicle/IC3730,http://irail.be/stations/NMBS/008883113,IC,2018-05-25T10:23:00,2018-05-25T10:22:00,209,178
http://irail.be/vehicle/IC3730,NO-URI,IC,2018-05-25T10:27:00,2018-05-25T10:27:00,127,127
http://irail.be/vehicle/IC3730,http://irail.be/stations/NMBS/008883121,IC,2018-05-25T10:27:00,2018-05-25T10:27:00,135,135
http://irail.be/vehicle/IC3730,http://irail.be/stations/NMBS/008881174,IC,2018-05-25T10:29:00,2018-05-25T10:29:00,95,95
http://irail.be/vehicle/IC3730,http://irail.be/stations/NMBS/008881166,IC,2018-05-25T10:32:00,2018-05-25T10:31:00,96,120
http://irail.be/vehicle/IC3730,http://irail.be/stations/NMBS/008881158,IC,2018-05-25T10:35:00,2018-05-25T10:35:00,96,96
http://irail.be/vehicle/IC3730,http://irail.be/stations/NMBS/008881125,IC,2018-05-25T10:37:00,2018-05-25T10:37:00,17,17
http://irail.be/vehicle/IC3730,http://irail.be/stations/NMBS/008881000,IC,2018-05-25T10:42:00,2018-05-25T10:42:00,,35
http://irail.be/vehicle/IC3730,http://irail.be/stations/NMBS/008819406,IC,2018-11-03T09:31:00,2018-11-03T09:31:00,944,
http://irail.be/vehicle/IC3730,http://irail.be/stations/NMBS/008811007,IC,2018-11-03T09:38:00,2018-11-03T09:38:00,1054,1054
http://irail.be/vehicle/IC3730,http://irail.be/stations/NMBS/008812005,IC,2018-11-03T09:43:00,2018-11-03T09:41:00,1088,1109
http://irail.be/vehicle/IC3730,http://irail.be/stations/NMBS/008813045,IC,2018-11-03T09:45:00,2018-11-03T09:45:00,1095,1095
http://irail.be/vehicle/IC3730,http://irail.be/stations/NMBS/008813003,IC,2018-11-03T09:47:00,2018-11-03T09:46:00,1289,1245
http://irail.be/vehicle/IC3730,http://irail.be/stations/NMBS/008813037,IC,2018-11-03T09:49:00,2018-11-03T09:49:00,1289,1289
http://irail.be/vehicle/IC3730,http://irail.be/stations/NMBS/008814001,IC,2018-11-03T09:55:00,2018-11-03T09:51:00,1252,1319
http://irail.be/vehicle/IC3730,http://irail.be/stations/NMBS/008814308,IC,2018-11-03T10:04:00,2018-11-03T10:04:00,1309,1309
http://irail.be/vehicle/IC3730,http://irail.be/stations/NMBS/008814332,IC,2018-11-03T10:05:00,2018-11-03T10:05:00,1308,1308
http://irail.be/vehicle/IC3730,http://irail.be/stations/NMBS/008883808,IC,2018-11-03T10:07:00,2018-11-03T10:07:00,1310,1310
http://irail.be/vehicle/IC3730,http://irail.be/stations/NMBS/008883022,IC,2018-11-03T10:09:00,2018-11-03T10:09:00,1363,1363
http://irail.be/vehicle/IC3730,NO-URI,IC,2018-11-03T10:09:00,2018-11-03T10:09:00,1386,1386
http://irail.be/vehicle/IC3730,http://irail.be/stations/NMBS/008883006,IC,2018-11-03T10:16:00,2018-11-03T10:14:00,1364,1385
http://irail.be/vehicle/IC3730,http://irail.be/stations/NMBS/008883113,IC,2018-11-03T10:22:00,2018-11-03T10:21:00,1412,1375
http://irail.be/vehicle/IC3730,NO-URI,IC,2018-11-03T10:26:00,2018-11-03T10:26:00,1411,1411
http://irail.be/vehicle/IC3730,http://irail.be/stations/NMBS/008883121,IC,2018-11-03T10:26:00,2018-11-03T10:26:00,1433,1433
http://irail.be/vehicle/IC3730,http://irail.be/stations/NMBS/008881174,IC,2018-11-03T10:27:00,2018-11-03T10:27:00,1485,1485
http://irail.be/vehicle/IC3730,http://irail.be/stations/NMBS/008881166,IC,2018-11-03T10:31:00,2018-11-03T10:30:00,1526,1474
http://irail.be/vehicle/IC3730,http://irail.be/stations/NMBS/008881158,IC,2018-11-03T10:34:00,2018-11-03T10:34:00,1526,1526
http://irail.be/vehicle/IC3730,http://irail.be/stations/NMBS/008881125,IC,2018-11-03T10:35:00,2018-11-03T10:35:00,1570,1570
http://irail.be/vehicle/IC3730,http://irail.be/stations/NMBS/008881000,IC,2018-11-03T10:40:00,2018-11-03T10:40:00,,1548
http://irail.be/vehicle/IC3730,http://irail.be/stations/NMBS/008819406,IC,2018-07-01T09:31:00,2018-07-01T09:31:00,-15,
http://irail.be/vehicle/IC3730,http://irail.be/stations/NMBS/008811007,IC,2018-07-01T09:38:00,2018-07-01T09:38:00,-7,-7
http://irail.be/vehicle/IC3730,http://irail.be/stations/NMBS/008812005,IC,2018-07-01T09:43:00,2018-07-01T09:41:00,6,-9
http://irail.be/vehicle/IC3730,http://irail.be/stations/NMBS/008813045,IC,2018-07-01T09:45:00,2018-07-01T09:45:00,4,4
http://irail.be/vehicle/IC3730,http://irail.be/stations/NMBS/008813003,IC,2018-07-01T09:47:00,2018-07-01T09:46:00,216,180
http://irail.be/vehicle/IC3730,http://irail.be/stations/NMBS/008813037,IC,2018-07-01T09:48:00,2018-07-01T09:48:00,210,210
http://irail.be/vehicle/IC3730,http://irail.be/stations/NMBS/008814001,IC,2018-07-01T09:55:00,2018-07-01T09:51:00,62,202
http://irail.be/vehicle/IC3730,http://irail.be/stations/NMBS/008814365,IC,2018-07-01T10:00:00,2018-07-01T10:00:00,120,120
http://irail.be/vehicle/IC3730,http://irail.be/stations/NMBS/008814357,IC,2018-07-01T10:02:00,2018-07-01T10:02:00,120,120
http://irail.be/vehicle/IC3730,http://irail.be/stations/NMBS/008814340,IC,2018-07-01T10:03:00,2018-07-01T10:03:00,130,130
http://irail.be/vehicle/IC3730,http://irail.be/stations/NMBS/008814308,IC,2018-07-01T10:04:00,2018-07-01T10:04:00,155,155
http://irail.be/vehicle/IC3730,http://irail.be/stations/NMBS/008814332,IC,2018-07-01T10:05:00,2018-07-01T10:05:00,147,147
http://irail.be/vehicle/IC3730,http://irail.be/stations/NMBS/008883808,IC,2018-07-01T10:07:00,2018-07-01T10:07:00,101,101
http://irail.be/vehicle/IC3730,http://irail.be/stations/NMBS/008883022,IC,2018-07-01T10:09:00,2018-07-01T10:09:00,107,107
http://irail.be/vehicle/IC3730,NO-URI,IC,2018-07-01T10:09:00,2018-07-01T10:09:00,116,116
http://irail.be/vehicle/IC3730,http://irail.be/stations/NMBS/008883006,IC,2018-07-01T10:16:00,2018-07-01T10:14:00,22,56
http://irail.be/vehicle/IC3730,http://irail.be/stations/NMBS/008883113,IC,2018-07-01T10:22:00,2018-07-01T10:21:00,114,56
http://irail.be/vehicle/IC3730,NO-URI,IC,2018-07-01T10:26:00,2018-07-01T10:26:00,99,99
http://irail.be/vehicle/IC3730,http://irail.be/stations/NMBS/008883121,IC,2018-07-01T10:26:00,2018-07-01T10:26:00,151,151
http://irail.be/vehicle/IC3730,http://irail.be/stations/NMBS/008881174,IC,2018-07-01T10:27:00,2018-07-01T10:27:00,208,208
http://irail.be/vehicle/IC3730,http://irail.be/stations/NMBS/008881166,IC,2018-07-01T10:31:00,2018-07-01T10:30:00,575,449
http://irail.be/vehicle/IC3730,http://irail.be/stations/NMBS/008881158,IC,2018-07-01T10:33:00,2018-07-01T10:33:00,575,575
http://irail.be/vehicle/IC3730,http://irail.be/stations/NMBS/008881125,IC,2018-07-01T10:35:00,2018-07-01T10:35:00,571,571
http://irail.be/vehicle/IC3730,http://irail.be/stations/NMBS/008881000,IC,2018-07-01T10:40:00,2018-07-01T10:40:00,,512
http://irail.be/vehicle/IC3730,http://irail.be/stations/NMBS/008819406,IC,2018-08-14T09:31:00,2018-08-14T09:31:00,-12,
http://irail.be/vehicle/IC3730,http://irail.be/stations/NMBS/008811007,IC,2018-08-14T09:38:00,2018-08-14T09:38:00,-20,-20
http://irail.be/vehicle/IC3730,http://irail.be/stations/NMBS/008812005,IC,2018-08-14T09:43:00,2018-08-14T09:41:00,4,24
http://irail.be/vehicle/IC3730,http://irail.be/stations/NMBS/008813045,IC,2018-08-14T09:45:00,2018-08-14T09:45:00,8,8
http://irail.be/vehicle/IC3730,http://irail.be/stations/NMBS/008813003,IC,2018-08-14T09:47:00,2018-08-14T09:46:00,57,42
http://irail.be/vehicle/IC3730,http://irail.be/stations/NMBS/008813037,IC,2018-08-14T09:49:00,2018-08-14T09:49:00,57,57
http://irail.be/vehicle/IC3730,http://irail.be/stations/NMBS/008814001,IC,2018-08-14T09:55:00,2018-08-14T09:51:00,36,64
http://irail.be/vehicle/IC3730,http://irail.be/stations/NMBS/008814308,IC,2018-08-14T10:05:00,2018-08-14T10:05:00,-100,-100
http://irail.be/vehicle/IC3730,http://irail.be/stations/NMBS/008814332,IC,2018-08-14T10:06:00,2018-08-14T10:06:00,-102,-102
http://irail.be/vehicle/IC3730,http://irail.be/stations/NMBS/008883808,IC,2018-08-14T10:07:00,2018-08-14T10:07:00,-93,-93
http://irail.be/vehicle/IC3730,http://irail.be/stations/NMBS/008883022,IC,2018-08-14T10:10:00,2018-08-14T10:10:00,-149,-149
http://irail.be/vehicle/IC3730,NO-URI,IC,2018-08-14T10:10:00,2018-08-14T10:10:00,-145,-145
http://irail.be/vehicle/IC3730,http://irail.be/stations/NMBS/008883006,IC,2018-08-14T10:17:00,2018-08-14T10:15:00,36,-163
http://irail.be/vehicle/IC3730,http://irail.be/stations/NMBS/008883113,IC,2018-08-14T10:23:00,2018-08-14T10:22:00,12,-40
http://irail.be/vehicle/IC3730,NO-URI,IC,2018-08-14T10:27:00,2018-08-14T10:27:00,-53,-53
http://irail.be/vehicle/IC3730,http://irail.be/stations/NMBS/008883121,IC,2018-08-14T10:27:00,2018-08-14T10:27:00,-45,-45
http://irail.be/vehicle/IC3730,http://irail.be/stations/NMBS/008881174,IC,2018-08-14T10:29:00,2018-08-14T10:29:00,-73,-73
http://irail.be/vehicle/IC3730,http://irail.be/stations/NMBS/008881166,IC,2018-08-14T10:32:00,2018-08-14T10:31:00,50,-45
http://irail.be/vehicle/IC3730,http://irail.be/stations/NMBS/008881158,IC,2018-08-14T10:35:00,2018-08-14T10:35:00,50,50
http://irail.be/vehicle/IC3730,http://irail.be/stations/NMBS/008881125,IC,2018-08-14T10:36:00,2018-08-14T10:36:00,41,41
http://irail.be/vehicle/IC3730,http://irail.be/stations/NMBS/008881000,IC,2018-08-14T10:42:00,2018-08-14T10:42:00,,-95
http://irail.be/vehicle/IC3730,http://irail.be/stations/NMBS/008812005,IC,2018-01-20T09:43:00,2018-01-20T09:43:00,55,
http://irail.be/vehicle/IC3730,http://irail.be/stations/NMBS/008813045,IC,2018-01-20T09:45:00,2018-01-20T09:45:00,61,61
http://irail.be/vehicle/IC3730,http://irail.be/stations/NMBS/008813003,IC,2018-01-20T09:47:00,2018-01-20T09:46:00,142,98
http://irail.be/vehicle/IC3730,http://irail.be/stations/NMBS/008813037,IC,2018-01-20T09:49:00,2018-01-20T09:49:00,142,142
http://irail.be/vehicle/IC3730,http://irail.be/stations/NMBS/008814001,IC,2018-01-20T09:55:00,2018-01-20T09:51:00,93,163
http://irail.be/vehicle/IC3730,http://irail.be/stations/NMBS/008814308,IC,2018-01-20T10:04:00,2018-01-20T10:04:00,120,120
http://irail.be/vehicle/IC3730,http://irail.be/stations/NMBS/008814332,IC,2018-01-20T10:05:00,2018-01-20T10:05:00,118,118
http://irail.be/vehicle/IC3730,http://irail.be/stations/NMBS/008883808,IC,2018-01-20T10:07:00,2018-01-20T10:07:00,76,76
http://irail.be/vehicle/IC3730,http://irail.be/stations/NMBS/008883022,IC,2018-01-20T10:09:00,2018-01-20T10:09:00,83,83
http://irail.be/vehicle/IC3730,NO-URI,IC,2018-01-20T10:09:00,2018-01-20T10:09:00,94,94
http://irail.be/vehicle/IC3730,http://irail.be/stations/NMBS/008883006,IC,2018-01-20T10:16:00,2018-01-20T10:14:00,86,18
http://irail.be/vehicle/IC3730,http://irail.be/stations/NMBS/008883113,IC,2018-01-20T10:22:00,2018-01-20T10:21:00,99,60
http://irail.be/vehicle/IC3730,NO-URI,IC,2018-01-20T10:26:00,2018-01-20T10:26:00,67,67
http://irail.be/vehicle/IC3730,http://irail.be/stations/NMBS/008883121,IC,2018-01-20T10:26:00,2018-01-20T10:26:00,80,80
http://irail.be/vehicle/IC3730,http://irail.be/stations/NMBS/008881174,IC,2018-01-20T10:27:00,2018-01-20T10:27:00,108,108
http://irail.be/vehicle/IC3730,http://irail.be/stations/NMBS/008881166,IC,2018-01-20T10:31:00,2018-01-20T10:30:00,340,194
http://irail.be/vehicle/IC3730,http://irail.be/stations/NMBS/008881158,IC,2018-01-20T10:34:00,2018-01-20T10:34:00,340,340
http://irail.be/vehicle/IC3730,http://irail.be/stations/NMBS/008881125,IC,2018-01-20T10:35:00,2018-01-20T10:35:00,448,448
http://irail.be/vehicle/IC3730,http://irail.be/stations/NMBS/008881000,IC,2018-01-20T10:40:00,2018-01-20T10:40:00,,530
http://irail.be/vehicle/IC3730,http://irail.be/stations/NMBS/008812005,IC,2018-12-25T09:43:00,2018-12-25T09:43:00,41,
http://irail.be/vehicle/IC3730,http://irail.be/stations/NMBS/008813045,IC,2018-12-25T09:45:00,2018-12-25T09:45:00,63,63
http://irail.be/vehicle/IC3730,http://irail.be/stations/NMBS/008813003,IC,2018-12-25T09:48:00,2018-12-25T09:47:00,56,57
http://irail.be/vehicle/IC3730,http://irail.be/stations/NMBS/008813037,IC,2018-12-25T09:50:00,2018-12-25T09:50:00,56,56
http://irail.be/vehicle/IC3730,http://irail.be/stations/NMBS/008814001,IC,2018-12-25T09:56:00,2018-12-25T09:52:00,130,82
http://irail.be/vehicle/IC3730,http://irail.be/stations/NMBS/008814308,IC,2018-12-25T10:05:00,2018-12-25T10:05:00,90,90
http://irail.be/vehicle/IC3730,http://irail.be/stations/NMBS/008814332,IC,2018-12-25T10:06:00,2018-12-25T10:06:00,85,85
http://irail.be/vehicle/IC3730,http://irail.be/stations/NMBS/008883808,IC,2018-12-25T10:08:00,2018-12-25T10:08:00,38,38
http://irail.be/vehicle/IC3730,http://irail.be/stations/NMBS/008883022,IC,2018-12-25T10:10:00,2018-12-25T10:10:00,47,47
http://irail.be/vehicle/IC3730,NO-URI,IC,2018-12-25T10:10:00,2018-12-25T10:10:00,56,56
http://irail.be/vehicle/IC3730,http://irail.be/stations/NMBS/008883006,IC,2018-12-25T10:17:00,2018-12-25T10:15:00,29,1
http://irail.be/vehicle/IC3730,http://irail.be/stations/NMBS/008883113,IC,2018-12-25T10:23:00,2018-12-25T10:22:00,39,0
http://irail.be/vehicle/IC3730,NO-URI,IC,2018-12-25T10:27:00,2018-12-25T10:27:00,17,17
http://irail.be/vehicle/IC3730,http://irail.be/stations/NMBS/008883121,IC,2018-12-25T10:27:00,2018-12-25T10:27:00,29,29
http://irail.be/vehicle/IC3730,http://irail.be/stations/NMBS/008881174,IC,2018-12-25T10:28:00,2018-12-25T10:28:00,49,49
http://irail.be/vehicle/IC3730,http://irail.be/stations/NMBS/008881166,IC,2018-12-25T10:32:00,2018-12-25T10:31:00,290,34
http://irail.be/vehicle/IC3730,http://irail.be/stations/NMBS/008881158,IC,2018-12-25T10:35:00,2018-12-25T10:35:00,290,290
http://irail.be/vehicle/IC3730,http://irail.be/stations/NMBS/008881125,IC,2018-12-25T10:36:00,2018-12-25T10:36:00,301,301
http://irail.be/vehicle/IC3730,http://irail.be/stations/NMBS/008881000,IC,2018-12-25T10:41:00,2018-12-25T10:41:00,,246
http://irail.be/vehicle/IC3730,http://irail.be/stations/NMBS/008819406,IC,2018-05-23T09:31:00,2018-05-23T09:31:00,292,
http://irail.be/vehicle/IC3730,http://irail.be/stations/NMBS/008811007,IC,2018-05-23T09:38:00,2018-05-23T09:38:00,316,316
http://irail.be/vehicle/IC3730,http://irail.be/stations/NMBS/008812005,IC,2018-05-23T09:43:00,2018-05-23T09:41:00,310,350
http://irail.be/vehicle/IC3730,http://irail.be/stations/NMBS/008813045,IC,2018-05-23T09:45:00,2018-05-23T09:45:00,310,310
http://irail.be/vehicle/IC3730,http://irail.be/stations/NMBS/008813003,IC,2018-05-23T09:47:00,2018-05-23T09:46:00,343,344
http://irail.be/vehicle/IC3730,http://irail.be/stations/NMBS/008813037,IC,2018-05-23T09:49:00,2018-05-23T09:49:00,343,343
http://irail.be/vehicle/IC3730,http://irail.be/stations/NMBS/008814001,IC,2018-05-23T09:55:00,2018-05-23T09:51:00,226,351
http://irail.be/vehicle/IC3730,http://irail.be/stations/NMBS/008814308,IC,2018-05-23T10:05:00,2018-05-23T10:05:00,88,88
http://irail.be/vehicle/IC3730,http://irail.be/stations/NMBS/008814332,IC,2018-05-23T10:06:00,2018-05-23T10:06:00,85,85
http://irail.be/vehicle/IC3730,http://irail.be/stations/NMBS/008883808,IC,2018-05-23T10:07:00,2018-05-23T10:07:00,210,210
http://irail.be/vehicle/IC3730,http://irail.be/stations/NMBS/008883022,IC,2018-05-23T10:10:00,2018-05-23T10:10:00,156,156
http://irail.be/vehicle/IC3730,NO-URI,IC,2018-05-23T10:10:00,2018-05-23T10:10:00,163,163
http://irail.be/vehicle/IC3730,http://irail.be/stations/NMBS/008883006,IC,2018-05-23T10:17:00,2018-05-23T10:15:00,74,107
http://irail.be/vehicle/IC3730,http://irail.be/stations/NMBS/008883113,IC,2018-05-23T10:23:00,2018-05-23T10:22:00,211,177
http://irail.be/vehicle/IC3730,NO-URI,IC,2018-05-23T10:27:00,2018-05-23T10:27:00,139,139
http://irail.be/vehicle/IC3730,http://irail.be/stations/NMBS/008883121,IC,2018-05-23T10:27:00,2018-05-23T10:27:00,147,147
http://irail.be/vehicle/IC3730,http://irail.be/stations/NMBS/008881174,IC,2018-05-23T10:29:00,2018-05-23T10:29:00,112,112
http://irail.be/vehicle/IC3730,http://irail.be/stations/NMBS/008881166,IC,2018-05-23T10:32:00,2018-05-23T10:31:00,145,139
http://irail.be/vehicle/IC3730,http://irail.be/stations/NMBS/008881158,IC,2018-05-23T10:35:00,2018-05-23T10:35:00,145,145
http://irail.be/vehicle/IC3730,http://irail.be/stations/NMBS/008881125,IC,2018-05-23T10:37:00,2018-05-23T10:37:00,70,70
http://irail.be/vehicle/IC3730,http://irail.be/stations/NMBS/008881000,IC,2018-05-23T10:42:00,2018-05-23T10:42:00,,48
http://irail.be/vehicle/IC3730,http://irail.be/stations/NMBS/008819406,IC,2018-01-12T09:31:00,2018-01-12T09:31:00,79,
http://irail.be/vehicle/IC3730,http://irail.be/stations/NMBS/008811007,IC,2018-01-12T09:38:00,2018-01-12T09:38:00,111,111
http://irail.be/vehicle/IC3730,http://irail.be/stations/NMBS/008812005,IC,2018-01-12T09:43:00,2018-01-12T09:41:00,144,191
http://irail.be/vehicle/IC3730,http://irail.be/stations/NMBS/008813045,IC,2018-01-12T09:45:00,2018-01-12T09:45:00,138,138
http://irail.be/vehicle/IC3730,http://irail.be/stations/NMBS/008813003,IC,2018-01-12T09:47:00,2018-01-12T09:46:00,166,166
http://irail.be/vehicle/IC3730,http://irail.be/stations/NMBS/008813037,IC,2018-01-12T09:49:00,2018-01-12T09:49:00,166,166
http://irail.be/vehicle/IC3730,http://irail.be/stations/NMBS/008814001,IC,2018-01-12T09:55:00,2018-01-12T09:51:00,61,184
http://irail.be/vehicle/IC3730,http://irail.be/stations/NMBS/008814308,IC,2018-01-12T10:05:00,2018-01-12T10:05:00,-76,-76
http://irail.be/vehicle/IC3730,http://irail.be/stations/NMBS/008814332,IC,2018-01-12T10:06:00,2018-01-12T10:06:00,-73,-73
http://irail.be/vehicle/IC3730,http://irail.be/stations/NMBS/008883808,IC,2018-01-12T10:07:00,2018-01-12T10:07:00,-62,-62
http://irail.be/vehicle/IC3730,http://irail.be/stations/NMBS/008883022,IC,2018-01-12T10:10:00,2018-01-12T10:10:00,-108,-108
http://irail.be/vehicle/IC3730,NO-URI,IC,2018-01-12T10:10:00,2018-01-12T10:10:00,-101,-101
http://irail.be/vehicle/IC3730,http://irail.be/stations/NMBS/008883006,IC,2018-01-12T10:17:00,2018-01-12T10:15:00,43,-197
http://irail.be/vehicle/IC3730,http://irail.be/stations/NMBS/008883113,IC,2018-01-12T10:23:00,2018-01-12T10:22:00,26,-21
http://irail.be/vehicle/IC3730,NO-URI,IC,2018-01-12T10:27:00,2018-01-12T10:27:00,-45,-45
http://irail.be/vehicle/IC3730,http://irail.be/stations/NMBS/008883121,IC,2018-01-12T10:27:00,2018-01-12T10:27:00,-36,-36
http://irail.be/vehicle/IC3730,http://irail.be/stations/NMBS/008881174,IC,2018-01-12T10:29:00,2018-01-12T10:29:00,-75,-75
http://irail.be/vehicle/IC3730,http://irail.be/stations/NMBS/008881166,IC,2018-01-12T10:32:00,2018-01-12T10:31:00,-3,-49
http://irail.be/vehicle/IC3730,http://irail.be/stations/NMBS/008881158,IC,2018-01-12T10:35:00,2018-01-12T10:35:00,-3,-3
http://irail.be/vehicle/IC3730,http://irail.be/stations/NMBS/008881125,IC,2018-01-12T10:37:00,2018-01-12T10:37:00,-85,-85
http://irail.be/vehicle/IC3730,http://irail.be/stations/NMBS/008881000,IC,2018-01-12T10:42:00,2018-01-12T10:42:00,,-98
http://irail.be/vehicle/IC3730,http://irail.be/stations/NMBS/008819406,IC,2018-04-17T09:31:00,2018-04-17T09:31:00,867,
http://irail.be/vehicle/IC3730,http://irail.be/stations/NMBS/008811007,IC,2018-04-17T09:38:00,2018-04-17T09:38:00,857,857
http://irail.be/vehicle/IC3730,http://irail.be/stations/NMBS/008812005,IC,2018-04-17T09:43:00,2018-04-17T09:41:00,1351,1214
http://irail.be/vehicle/IC3730,http://irail.be/stations/NMBS/008813045,IC,2018-04-17T09:45:00,2018-04-17T09:45:00,1346,1346
http://irail.be/vehicle/IC3730,http://irail.be/stations/NMBS/008813003,IC,2018-04-17T09:47:00,2018-04-17T09:46:00,1390,1376
http://irail.be/vehicle/IC3730,http://irail.be/stations/NMBS/008813037,IC,2018-04-17T09:49:00,2018-04-17T09:49:00,1390,1390
http://irail.be/vehicle/IC3730,http://irail.be/stations/NMBS/008814001,IC,2018-04-17T09:55:00,2018-04-17T09:51:00,1318,1392
http://irail.be/vehicle/IC3730,http://irail.be/stations/NMBS/008814373,IC,2018-04-17T10:01:41,2018-04-17T10:01:41,1168,1168
http://irail.be/vehicle/IC3730,http://irail.be/stations/NMBS/008814365,IC,2018-04-17T10:01:00,2018-04-17T10:01:00,1369,1369
http://irail.be/vehicle/IC3730,http://irail.be/stations/NMBS/008814357,IC,2018-04-17T10:03:00,2018-04-17T10:03:00,1369,1369
http://irail.be/vehicle/IC3730,http://irail.be/stations/NMBS/008814340,IC,2018-04-17T10:04:00,2018-04-17T10:04:00,1355,1355
http://irail.be/vehicle/IC3730,http://irail.be/stations/NMBS/008814308,IC,2018-04-17T10:05:00,2018-04-17T10:05:00,1367,1367
http://irail.be/vehicle/IC3730,http://irail.be/stations/NMBS/008814332,IC,2018-04-17T10:06:00,2018-04-17T10:06:00,1362,1362
http://irail.be/vehicle/IC3730,http://irail.be/stations/NMBS/008883808,IC,2018-04-17T10:07:00,2018-04-17T10:07:00,1376,1376
http://irail.be/vehicle/IC3730,http://irail.be/stations/NMBS/008883022,IC,2018-04-17T10:10:00,2018-04-17T10:10:00,1440,1440
http://irail.be/vehicle/IC3730,NO-URI,IC,2018-04-17T10:10:00,2018-04-17T10:10:00,1500,1500
http://irail.be/vehicle/IC3730,http://irail.be/stations/NMBS/008883006,IC,2018-04-17T10:17:00,2018-04-17T10:15:00,1535,1520
http://irail.be/vehicle/IC3730,http://irail.be/stations/NMBS/008883113,IC,2018-04-17T10:23:00,2018-04-17T10:22:00,1493,1472
http://irail.be/vehicle/IC3730,NO-URI,IC,2018-04-17T10:27:00,2018-04-17T10:27:00,1429,1429
http://irail.be/vehicle/IC3730,http://irail.be/stations/NMBS/008883121,IC,2018-04-17T10:27:00,2018-04-17T10:27:00,1442,1442
http://irail.be/vehicle/IC3730,http://irail.be/stations/NMBS/008881174,IC,2018-04-17T10:29:00,2018-04-17T10:29:00,1413,1413
http://irail.be/vehicle/IC3730,http://irail.be/stations/NMBS/008881166,IC,2018-04-17T10:32:00,2018-04-17T10:31:00,1457,1443
http://irail.be/vehicle/IC3730,http://irail.be/stations/NMBS/008881158,IC,2018-04-17T10:35:00,2018-04-17T10:35:00,1457,1457
http://irail.be/vehicle/IC3730,http://irail.be/stations/NMBS/008881125,IC,2018-04-17T10:37:00,2018-04-17T10:37:00,1387,1387
http://irail.be/vehicle/IC3730,http://irail.be/stations/NMBS/008881000,IC,2018-04-17T10:42:00,2018-04-17T10:42:00,,1391
http://irail.be/vehicle/IC3730,http://irail.be/stations/NMBS/008819406,IC,2018-08-13T09:31:00,2018-08-13T09:31:00,6,
http://irail.be/vehicle/IC3730,http://irail.be/stations/NMBS/008811007,IC,2018-08-13T09:38:00,2018-08-13T09:38:00,21,21
http://irail.be/vehicle/IC3730,http://irail.be/stations/NMBS/008812005,IC,2018-08-13T09:43:00,2018-08-13T09:41:00,103,119
http://irail.be/vehicle/IC3730,http://irail.be/stations/NMBS/008813045,IC,2018-08-13T09:45:00,2018-08-13T09:45:00,116,116
http://irail.be/vehicle/IC3730,http://irail.be/stations/NMBS/008813003,IC,2018-08-13T09:47:00,2018-08-13T09:46:00,152,149
http://irail.be/vehicle/IC3730,http://irail.be/stations/NMBS/008813037,IC,2018-08-13T09:49:00,2018-08-13T09:49:00,152,152
http://irail.be/vehicle/IC3730,http://irail.be/stations/NMBS/008814001,IC,2018-08-13T09:55:00,2018-08-13T09:51:00,63,165
http://irail.be/vehicle/IC3730,http://irail.be/stations/NMBS/008814308,IC,2018-08-13T10:05:00,2018-08-13T10:05:00,-61,-61
http://irail.be/vehicle/IC3730,http://irail.be/stations/NMBS/008814332,IC,2018-08-13T10:06:00,2018-08-13T10:06:00,-62,-62
http://irail.be/vehicle/IC3730,http://irail.be/stations/NMBS/008883808,IC,2018-08-13T10:07:00,2018-08-13T10:07:00,20,20
http://irail.be/vehicle/IC3730,http://irail.be/stations/NMBS/008883022,IC,2018-08-13T10:10:00,2018-08-13T10:10:00,6,6
http://irail.be/vehicle/IC3730,NO-URI,IC,2018-08-13T10:10:00,2018-08-13T10:10:00,18,18
http://irail.be/vehicle/IC3730,http://irail.be/stations/NMBS/008883006,IC,2018-08-13T10:17:00,2018-08-13T10:15:00,28,-13
http://irail.be/vehicle/IC3730,http://irail.be/stations/NMBS/008883113,IC,2018-08-13T10:23:00,2018-08-13T10:22:00,13,-33
http://irail.be/vehicle/IC3730,NO-URI,IC,2018-08-13T10:27:00,2018-08-13T10:27:00,-58,-58
http://irail.be/vehicle/IC3730,http://irail.be/stations/NMBS/008883121,IC,2018-08-13T10:27:00,2018-08-13T10:27:00,-50,-50
http://irail.be/vehicle/IC3730,http://irail.be/stations/NMBS/008881174,IC,2018-08-13T10:29:00,2018-08-13T10:29:00,-79,-79
http://irail.be/vehicle/IC3730,http://irail.be/stations/NMBS/008881166,IC,2018-08-13T10:32:00,2018-08-13T10:31:00,19,-49
http://irail.be/vehicle/IC3730,http://irail.be/stations/NMBS/008881158,IC,2018-08-13T10:35:00,2018-08-13T10:35:00,19,19
http://irail.be/vehicle/IC3730,http://irail.be/stations/NMBS/008881125,IC,2018-08-13T10:36:00,2018-08-13T10:36:00,112,112
http://irail.be/vehicle/IC3730,http://irail.be/stations/NMBS/008881000,IC,2018-08-13T10:42:00,2018-08-13T10:42:00,,14
http://irail.be/vehicle/IC3730,http://irail.be/stations/NMBS/008811007,IC,2018-12-02T09:38:00,2018-12-02T09:38:00,28,
http://irail.be/vehicle/IC3730,http://irail.be/stations/NMBS/008812005,IC,2018-12-02T09:43:00,2018-12-02T09:41:00,65,134
http://irail.be/vehicle/IC3730,http://irail.be/stations/NMBS/008813045,IC,2018-12-02T09:45:00,2018-12-02T09:45:00,68,68
http://irail.be/vehicle/IC3730,http://irail.be/stations/NMBS/008813003,IC,2018-12-02T09:47:00,2018-12-02T09:46:00,112,92
http://irail.be/vehicle/IC3730,http://irail.be/stations/NMBS/008813037,IC,2018-12-02T09:48:00,2018-12-02T09:48:00,112,112
http://irail.be/vehicle/IC3730,http://irail.be/stations/NMBS/008814001,IC,2018-12-02T10:00:00,2018-12-02T09:51:00,173,106
http://irail.be/vehicle/IC3730,http://irail.be/stations/NMBS/008814373,IC,2018-12-02T10:03:00,2018-12-02T10:03:00,195,195
http://irail.be/vehicle/IC3730,http://irail.be/stations/NMBS/008814365,IC,2018-12-02T10:04:00,2018-12-02T10:04:00,105,105
http://irail.be/vehicle/IC3730,http://irail.be/stations/NMBS/008814357,IC,2018-12-02T10:07:00,2018-12-02T10:07:00,105,105
http://irail.be/vehicle/IC3730,http://irail.be/stations/NMBS/008814340,IC,2018-12-02T10:08:00,2018-12-02T10:08:00,83,83
http://irail.be/vehicle/IC3730,http://irail.be/stations/NMBS/008814308,IC,2018-12-02T10:10:00,2018-12-02T10:10:00,,91
http://irail.be/vehicle/IC3730,http://irail.be/stations/NMBS/008819406,IC,2018-06-28T09:31:00,2018-06-28T09:31:00,479,
http://irail.be/vehicle/IC3730,http://irail.be/stations/NMBS/008811007,IC,2018-06-28T09:38:00,2018-06-28T09:38:00,618,618
http://irail.be/vehicle/IC3730,http://irail.be/stations/NMBS/008812005,IC,2018-06-28T09:43:00,2018-06-28T09:41:00,689,714
http://irail.be/vehicle/IC3730,http://irail.be/stations/NMBS/008813045,IC,2018-06-28T09:45:00,2018-06-28T09:45:00,703,703
http://irail.be/vehicle/IC3730,http://irail.be/stations/NMBS/008813003,IC,2018-06-28T09:47:00,2018-06-28T09:46:00,913,903
http://irail.be/vehicle/IC3730,http://irail.be/stations/NMBS/008813037,IC,2018-06-28T09:49:00,2018-06-28T09:49:00,913,913
http://irail.be/vehicle/IC3730,http://irail.be/stations/NMBS/008814001,IC,2018-06-28T09:55:00,2018-06-28T09:51:00,827,959
http://irail.be/vehicle/IC3730,http://irail.be/stations/NMBS/008814308,IC,2018-06-28T10:05:00,2018-06-28T10:05:00,710,710
http://irail.be/vehicle/IC3730,http://irail.be/stations/NMBS/008814332,IC,2018-06-28T10:06:00,2018-06-28T10:06:00,713,713
http://irail.be/vehicle/IC3730,http://irail.be/stations/NMBS/008883808,IC,2018-06-28T10:07:00,2018-06-28T10:07:00,725,725
http://irail.be/vehicle/IC3730,http://irail.be/stations/NMBS/008883022,IC,2018-06-28T10:10:00,2018-06-28T10:10:00,673,673
http://irail.be/vehicle/IC3730,NO-URI,IC,2018-06-28T10:10:00,2018-06-28T10:10:00,680,680
http://irail.be/vehicle/IC3730,http://irail.be/stations/NMBS/008883006,IC,2018-06-28T10:17:00,2018-06-28T10:15:00,520,620
http://irail.be/vehicle/IC3730,http://irail.be/stations/NMBS/008883113,IC,2018-06-28T10:23:00,2018-06-28T10:22:00,457,449
http://irail.be/vehicle/IC3730,NO-URI,IC,2018-06-28T10:27:00,2018-06-28T10:27:00,382,382
http://irail.be/vehicle/IC3730,http://irail.be/stations/NMBS/008883121,IC,2018-06-28T10:27:00,2018-06-28T10:27:00,390,390
http://irail.be/vehicle/IC3730,http://irail.be/stations/NMBS/008881174,IC,2018-06-28T10:29:00,2018-06-28T10:29:00,355,355
http://irail.be/vehicle/IC3730,http://irail.be/stations/NMBS/008881166,IC,2018-06-28T10:32:00,2018-06-28T10:31:00,409,396
http://irail.be/vehicle/IC3730,http://irail.be/stations/NMBS/008881158,IC,2018-06-28T10:35:00,2018-06-28T10:35:00,409,409
http://irail.be/vehicle/IC3730,http://irail.be/stations/NMBS/008881125,IC,2018-06-28T10:36:00,2018-06-28T10:36:00,420,420
http://irail.be/vehicle/IC3730,http://irail.be/stations/NMBS/008881000,IC,2018-06-28T10:42:00,2018-06-28T10:42:00,,334
http://irail.be/vehicle/IC3730,http://irail.be/stations/NMBS/008819406,IC,2018-03-25T09:31:00,2018-03-25T09:31:00,28,
http://irail.be/vehicle/IC3730,http://irail.be/stations/NMBS/008811007,IC,2018-03-25T09:38:00,2018-03-25T09:38:00,232,232
http://irail.be/vehicle/IC3730,http://irail.be/stations/NMBS/008812005,IC,2018-03-25T09:43:00,2018-03-25T09:41:00,265,315
http://irail.be/vehicle/IC3730,http://irail.be/stations/NMBS/008813045,IC,2018-03-25T09:45:00,2018-03-25T09:45:00,268,268
http://irail.be/vehicle/IC3730,http://irail.be/stations/NMBS/008813003,IC,2018-03-25T09:47:00,2018-03-25T09:46:00,331,298
http://irail.be/vehicle/IC3730,http://irail.be/stations/NMBS/008813037,IC,2018-03-25T09:48:00,2018-03-25T09:48:00,331,331
http://irail.be/vehicle/IC3730,http://irail.be/stations/NMBS/008814001,IC,2018-03-25T09:55:00,2018-03-25T09:51:00,413,332
http://irail.be/vehicle/IC3730,http://irail.be/stations/NMBS/008814373,IC,2018-03-25T10:01:43,2018-03-25T10:01:43,173,173
http://irail.be/vehicle/IC3730,http://irail.be/stations/NMBS/008814365,IC,2018-03-25T10:00:00,2018-03-25T10:00:00,458,458
http://irail.be/vehicle/IC3730,http://irail.be/stations/NMBS/008814357,IC,2018-03-25T10:02:00,2018-03-25T10:02:00,458,458
http://irail.be/vehicle/IC3730,http://irail.be/stations/NMBS/008814340,IC,2018-03-25T10:03:00,2018-03-25T10:03:00,443,443
http://irail.be/vehicle/IC3730,http://irail.be/stations/NMBS/008814308,IC,2018-03-25T10:04:00,2018-03-25T10:04:00,474,474
http://irail.be/vehicle/IC3730,http://irail.be/stations/NMBS/008814332,IC,2018-03-25T10:05:00,2018-03-25T10:05:00,555,555
http://irail.be/vehicle/IC3730,http://irail.be/stations/NMBS/008883808,IC,2018-03-25T10:07:00,2018-03-25T10:07:00,528,528
http://irail.be/vehicle/IC3730,http://irail.be/stations/NMBS/008883022,IC,2018-03-25T10:09:00,2018-03-25T10:09:00,537,537
http://irail.be/vehicle/IC3730,NO-URI,IC,2018-03-25T10:09:00,2018-03-25T10:09:00,547,547
http://irail.be/vehicle/IC3730,http://irail.be/stations/NMBS/008883006,IC,2018-03-25T10:16:00,2018-03-25T10:14:00,382,490
http://irail.be/vehicle/IC3730,http://irail.be/stations/NMBS/008883113,IC,2018-03-25T10:22:00,2018-03-25T10:21:00,349,337
http://irail.be/vehicle/IC3730,NO-URI,IC,2018-03-25T10:26:00,2018-03-25T10:26:00,275,275
http://irail.be/vehicle/IC3730,http://irail.be/stations/NMBS/008883121,IC,2018-03-25T10:26:00,2018-03-25T10:26:00,287,287
http://irail.be/vehicle/IC3730,http://irail.be/stations/NMBS/008881174,IC,2018-03-25T10:27:00,2018-03-25T10:27:00,312,312
http://irail.be/vehicle/IC3730,http://irail.be/stations/NMBS/008881166,IC,2018-03-25T10:31:00,2018-03-25T10:30:00,305,299
http://irail.be/vehicle/IC3730,http://irail.be/stations/NMBS/008881158,IC,2018-03-25T10:33:00,2018-03-25T10:33:00,305,305
http://irail.be/vehicle/IC3730,http://irail.be/stations/NMBS/008881125,IC,2018-03-25T10:35:00,2018-03-25T10:35:00,260,260
http://irail.be/vehicle/IC3730,http://irail.be/stations/NMBS/008881000,IC,2018-03-25T10:40:00,2018-03-25T10:40:00,,252
http://irail.be/vehicle/IC3730,http://irail.be/stations/NMBS/008819406,IC,2018-07-20T09:31:00,2018-07-20T09:31:00,-6,
http://irail.be/vehicle/IC3730,http://irail.be/stations/NMBS/008811007,IC,2018-07-20T09:38:00,2018-07-20T09:38:00,272,272
http://irail.be/vehicle/IC3730,http://irail.be/stations/NMBS/008812005,IC,2018-07-20T09:43:00,2018-07-20T09:41:00,338,367
http://irail.be/vehicle/IC3730,http://irail.be/stations/NMBS/008813045,IC,2018-07-20T09:45:00,2018-07-20T09:45:00,339,339
http://irail.be/vehicle/IC3730,http://irail.be/stations/NMBS/008813003,IC,2018-07-20T09:47:00,2018-07-20T09:46:00,393,367
http://irail.be/vehicle/IC3730,http://irail.be/stations/NMBS/008813037,IC,2018-07-20T09:49:00,2018-07-20T09:49:00,393,393
http://irail.be/vehicle/IC3730,http://irail.be/stations/NMBS/008814001,IC,2018-07-20T09:55:00,2018-07-20T09:51:00,363,386
http://irail.be/vehicle/IC3730,http://irail.be/stations/NMBS/008814373,IC,2018-07-20T10:01:41,2018-07-20T10:01:41,127,127
http://irail.be/vehicle/IC3730,http://irail.be/stations/NMBS/008814365,IC,2018-07-20T10:01:00,2018-07-20T10:01:00,325,325
http://irail.be/vehicle/IC3730,http://irail.be/stations/NMBS/008814357,IC,2018-07-20T10:03:00,2018-07-20T10:03:00,325,325
http://irail.be/vehicle/IC3730,http://irail.be/stations/NMBS/008814340,IC,2018-07-20T10:04:00,2018-07-20T10:04:00,311,311
http://irail.be/vehicle/IC3730,http://irail.be/stations/NMBS/008814308,IC,2018-07-20T10:05:00,2018-07-20T10:05:00,364,364
http://irail.be/vehicle/IC3730,http://irail.be/stations/NMBS/008814332,IC,2018-07-20T10:06:00,2018-07-20T10:06:00,1552,1552
http://irail.be/vehicle/IC3730,http://irail.be/stations/NMBS/008883808,IC,2018-07-20T10:07:00,2018-07-20T10:07:00,1976,1976
http://irail.be/vehicle/IC3730,http://irail.be/stations/NMBS/008883022,IC,2018-07-20T10:10:00,2018-07-20T10:10:00,1937,1937
http://irail.be/vehicle/IC3730,NO-URI,IC,2018-07-20T10:10:00,2018-07-20T10:10:00,1947,1947
http://irail.be/vehicle/IC3730,http://irail.be/stations/NMBS/008883006,IC,2018-07-20T10:17:00,2018-07-20T10:15:00,1801,1895
http://irail.be/vehicle/IC3730,http://irail.be/stations/NMBS/008883113,IC,2018-07-20T10:23:00,2018-07-20T10:22:00,1992,1964
http://irail.be/vehicle/IC3730,NO-URI,IC,2018-07-20T10:27:00,2018-07-20T10:27:00,1924,1924
http://irail.be/vehicle/IC3730,http://irail.be/stations/NMBS/008883121,IC,2018-07-20T10:27:00,2018-07-20T10:27:00,1932,1932
http://irail.be/vehicle/IC3730,http://irail.be/stations/NMBS/008881174,IC,2018-07-20T10:29:00,2018-07-20T10:29:00,1895,1895
http://irail.be/vehicle/IC3730,http://irail.be/stations/NMBS/008881166,IC,2018-07-20T10:32:00,2018-07-20T10:31:00,1956,1926
http://irail.be/vehicle/IC3730,http://irail.be/stations/NMBS/008881158,IC,2018-07-20T10:35:00,2018-07-20T10:35:00,1956,1956
http://irail.be/vehicle/IC3730,http://irail.be/stations/NMBS/008881125,IC,2018-07-20T10:36:00,2018-07-20T10:36:00,1937,1937
http://irail.be/vehicle/IC3730,http://irail.be/stations/NMBS/008881000,IC,2018-07-20T10:42:00,2018-07-20T10:42:00,,1809
http://irail.be/vehicle/IC3730,http://irail.be/stations/NMBS/008819406,IC,2018-04-04T09:31:00,2018-04-04T09:31:00,45,
http://irail.be/vehicle/IC3730,http://irail.be/stations/NMBS/008811007,IC,2018-04-04T09:38:00,2018-04-04T09:38:00,65,65
http://irail.be/vehicle/IC3730,http://irail.be/stations/NMBS/008812005,IC,2018-04-04T09:43:00,2018-04-04T09:41:00,83,112
http://irail.be/vehicle/IC3730,http://irail.be/stations/NMBS/008813045,IC,2018-04-04T09:45:00,2018-04-04T09:45:00,88,88
http://irail.be/vehicle/IC3730,http://irail.be/stations/NMBS/008813003,IC,2018-04-04T09:47:00,2018-04-04T09:46:00,129,121
http://irail.be/vehicle/IC3730,http://irail.be/stations/NMBS/008813037,IC,2018-04-04T09:49:00,2018-04-04T09:49:00,129,129
http://irail.be/vehicle/IC3730,http://irail.be/stations/NMBS/008814001,IC,2018-04-04T09:55:00,2018-04-04T09:51:00,115,131
http://irail.be/vehicle/IC3730,http://irail.be/stations/NMBS/008814365,IC,2018-04-04T10:01:00,2018-04-04T10:01:00,88,88
http://irail.be/vehicle/IC3730,http://irail.be/stations/NMBS/008814357,IC,2018-04-04T10:03:00,2018-04-04T10:03:00,88,88
http://irail.be/vehicle/IC3730,http://irail.be/stations/NMBS/008814340,IC,2018-04-04T10:04:00,2018-04-04T10:04:00,73,73
http://irail.be/vehicle/IC3730,http://irail.be/stations/NMBS/008814308,IC,2018-04-04T10:05:00,2018-04-04T10:05:00,86,86
http://irail.be/vehicle/IC3730,http://irail.be/stations/NMBS/008814332,IC,2018-04-04T10:06:00,2018-04-04T10:06:00,81,81
http://irail.be/vehicle/IC3730,http://irail.be/stations/NMBS/008883808,IC,2018-04-04T10:07:00,2018-04-04T10:07:00,97,97
http://irail.be/vehicle/IC3730,http://irail.be/stations/NMBS/008883022,IC,2018-04-04T10:10:00,2018-04-04T10:10:00,63,63
http://irail.be/vehicle/IC3730,NO-URI,IC,2018-04-04T10:10:00,2018-04-04T10:10:00,77,77
http://irail.be/vehicle/IC3730,http://irail.be/stations/NMBS/008883006,IC,2018-04-04T10:17:00,2018-04-04T10:15:00,44,41
http://irail.be/vehicle/IC3730,http://irail.be/stations/NMBS/008883113,IC,2018-04-04T10:23:00,2018-04-04T10:22:00,36,2
http://irail.be/vehicle/IC3730,NO-URI,IC,2018-04-04T10:27:00,2018-04-04T10:27:00,-31,-31
http://irail.be/vehicle/IC3730,http://irail.be/stations/NMBS/008883121,IC,2018-04-04T10:27:00,2018-04-04T10:27:00,-19,-19
http://irail.be/vehicle/IC3730,http://irail.be/stations/NMBS/008881174,IC,2018-04-04T10:29:00,2018-04-04T10:29:00,-51,-51
http://irail.be/vehicle/IC3730,http://irail.be/stations/NMBS/008881166,IC,2018-04-04T10:32:00,2018-04-04T10:31:00,51,-21
http://irail.be/vehicle/IC3730,http://irail.be/stations/NMBS/008881158,IC,2018-04-04T10:35:00,2018-04-04T10:35:00,51,51
http://irail.be/vehicle/IC3730,http://irail.be/stations/NMBS/008881125,IC,2018-04-04T10:37:00,2018-04-04T10:37:00,-9,-9
http://irail.be/vehicle/IC3730,http://irail.be/stations/NMBS/008881000,IC,2018-04-04T10:42:00,2018-04-04T10:42:00,,-10
http://irail.be/vehicle/IC3730,http://irail.be/stations/NMBS/008819406,IC,2018-12-17T09:30:00,2018-12-17T09:30:00,-28,
http://irail.be/vehicle/IC3730,http://irail.be/stations/NMBS/008811007,IC,2018-12-17T09:37:00,2018-12-17T09:37:00,-22,-22
http://irail.be/vehicle/IC3730,http://irail.be/stations/NMBS/008812005,IC,2018-12-17T09:43:00,2018-12-17T09:41:00,31,-30
http://irail.be/vehicle/IC3730,http://irail.be/stations/NMBS/008813045,IC,2018-12-17T09:45:00,2018-12-17T09:45:00,34,34
http://irail.be/vehicle/IC3730,http://irail.be/stations/NMBS/008813003,IC,2018-12-17T09:48:00,2018-12-17T09:47:00,11,22
http://irail.be/vehicle/IC3730,http://irail.be/stations/NMBS/008813037,IC,2018-12-17T09:50:00,2018-12-17T09:50:00,11,11
http://irail.be/vehicle/IC3730,http://irail.be/stations/NMBS/008814001,IC,2018-12-17T09:56:00,2018-12-17T09:52:00,50,13
http://irail.be/vehicle/IC3730,http://irail.be/stations/NMBS/008814365,IC,2018-12-17T10:01:00,2018-12-17T10:01:00,158,158
http://irail.be/vehicle/IC3730,http://irail.be/stations/NMBS/008814357,IC,2018-12-17T10:03:00,2018-12-17T10:03:00,158,158
http://irail.be/vehicle/IC3730,http://irail.be/stations/NMBS/008814340,IC,2018-12-17T10:04:00,2018-12-17T10:04:00,141,141
http://irail.be/vehicle/IC3730,http://irail.be/stations/NMBS/008814308,IC,2018-12-17T10:05:00,2018-12-17T10:05:00,152,152
http://irail.be/vehicle/IC3730,http://irail.be/stations/NMBS/008814332,IC,2018-12-17T10:06:00,2018-12-17T10:06:00,144,144
http://irail.be/vehicle/IC3730,http://irail.be/stations/NMBS/008883808,IC,2018-12-17T10:08:00,2018-12-17T10:08:00,166,166
http://irail.be/vehicle/IC3730,http://irail.be/stations/NMBS/008883022,IC,2018-12-17T10:10:00,2018-12-17T10:10:00,225,225
http://irail.be/vehicle/IC3730,NO-URI,IC,2018-12-17T10:11:00,2018-12-17T10:11:00,248,248
http://irail.be/vehicle/IC3730,http://irail.be/stations/NMBS/008883006,IC,2018-12-17T10:18:00,2018-12-17T10:16:00,175,242
http://irail.be/vehicle/IC3730,http://irail.be/stations/NMBS/008883113,IC,2018-12-17T10:24:00,2018-12-17T10:23:00,104,99
http://irail.be/vehicle/IC3730,NO-URI,IC,2018-12-17T10:27:00,2018-12-17T10:27:00,77,77
http://irail.be/vehicle/IC3730,http://irail.be/stations/NMBS/008883121,IC,2018-12-17T10:28:00,2018-12-17T10:28:00,64,64
http://irail.be/vehicle/IC3730,http://irail.be/stations/NMBS/008881174,IC,2018-12-17T10:29:00,2018-12-17T10:29:00,54,54
http://irail.be/vehicle/IC3730,http://irail.be/stations/NMBS/008881166,IC,2018-12-17T10:33:00,2018-12-17T10:32:00,12,42
http://irail.be/vehicle/IC3730,http://irail.be/stations/NMBS/008881158,IC,2018-12-17T10:36:00,2018-12-17T10:36:00,12,12
http://irail.be/vehicle/IC3730,http://irail.be/stations/NMBS/008881125,IC,2018-12-17T10:37:00,2018-12-17T10:37:00,-8,-8
http://irail.be/vehicle/IC3730,http://irail.be/stations/NMBS/008881000,IC,2018-12-17T10:43:00,2018-12-17T10:43:00,,-58
http://irail.be/vehicle/IC3730,http://irail.be/stations/NMBS/008811007,IC,2018-11-25T09:38:00,2018-11-25T09:38:00,3,
http://irail.be/vehicle/IC3730,http://irail.be/stations/NMBS/008812005,IC,2018-11-25T09:43:00,2018-11-25T09:41:00,118,155
http://irail.be/vehicle/IC3730,http://irail.be/stations/NMBS/008813045,IC,2018-11-25T09:45:00,2018-11-25T09:45:00,118,118
http://irail.be/vehicle/IC3730,http://irail.be/stations/NMBS/008813003,IC,2018-11-25T09:47:00,2018-11-25T09:46:00,136,146
http://irail.be/vehicle/IC3730,http://irail.be/stations/NMBS/008813037,IC,2018-11-25T09:48:00,2018-11-25T09:48:00,133,133
http://irail.be/vehicle/IC3730,http://irail.be/stations/NMBS/008814001,IC,2018-11-25T10:00:00,2018-11-25T09:51:00,289,210
http://irail.be/vehicle/IC3730,http://irail.be/stations/NMBS/008814308,IC,2018-11-25T10:10:00,2018-11-25T10:10:00,,179
http://irail.be/vehicle/IC3730,http://irail.be/stations/NMBS/008819406,IC,2018-06-13T09:31:00,2018-06-13T09:31:00,415,
http://irail.be/vehicle/IC3730,http://irail.be/stations/NMBS/008811007,IC,2018-06-13T09:38:00,2018-06-13T09:38:00,450,450
http://irail.be/vehicle/IC3730,http://irail.be/stations/NMBS/008812005,IC,2018-06-13T09:43:00,2018-06-13T09:41:00,526,528
http://irail.be/vehicle/IC3730,http://irail.be/stations/NMBS/008813045,IC,2018-06-13T09:45:00,2018-06-13T09:45:00,548,548
http://irail.be/vehicle/IC3730,http://irail.be/stations/NMBS/008813003,IC,2018-06-13T09:47:00,2018-06-13T09:46:00,581,583
http://irail.be/vehicle/IC3730,http://irail.be/stations/NMBS/008813037,IC,2018-06-13T09:49:00,2018-06-13T09:49:00,581,581
http://irail.be/vehicle/IC3730,http://irail.be/stations/NMBS/008814001,IC,2018-06-13T09:55:00,2018-06-13T09:51:00,438,589
http://irail.be/vehicle/IC3730,http://irail.be/stations/NMBS/008814308,IC,2018-06-13T10:05:00,2018-06-13T10:05:00,322,322
http://irail.be/vehicle/IC3730,http://irail.be/stations/NMBS/008814332,IC,2018-06-13T10:06:00,2018-06-13T10:06:00,327,327
http://irail.be/vehicle/IC3730,http://irail.be/stations/NMBS/008883808,IC,2018-06-13T10:07:00,2018-06-13T10:07:00,340,340
http://irail.be/vehicle/IC3730,http://irail.be/stations/NMBS/008883022,IC,2018-06-13T10:10:00,2018-06-13T10:10:00,290,290
http://irail.be/vehicle/IC3730,NO-URI,IC,2018-06-13T10:10:00,2018-06-13T10:10:00,297,297
http://irail.be/vehicle/IC3730,http://irail.be/stations/NMBS/008883006,IC,2018-06-13T10:17:00,2018-06-13T10:15:00,289,293
http://irail.be/vehicle/IC3730,http://irail.be/stations/NMBS/008883113,IC,2018-06-13T10:23:00,2018-06-13T10:22:00,340,271
http://irail.be/vehicle/IC3730,NO-URI,IC,2018-06-13T10:27:00,2018-06-13T10:27:00,379,379
http://irail.be/vehicle/IC3730,http://irail.be/stations/NMBS/008883121,IC,2018-06-13T10:27:00,2018-06-13T10:27:00,412,412
http://irail.be/vehicle/IC3730,http://irail.be/stations/NMBS/008881174,IC,2018-06-13T10:29:00,2018-06-13T10:29:00,385,385
http://irail.be/vehicle/IC3730,http://irail.be/stations/NMBS/008881166,IC,2018-06-13T10:32:00,2018-06-13T10:31:00,546,514
http://irail.be/vehicle/IC3730,http://irail.be/stations/NMBS/008881158,IC,2018-06-13T10:35:00,2018-06-13T10:35:00,547,547
http://irail.be/vehicle/IC3730,http://irail.be/stations/NMBS/008881125,IC,2018-06-13T10:36:00,2018-06-13T10:36:00,637,637
http://irail.be/vehicle/IC3730,http://irail.be/stations/NMBS/008881000,IC,2018-06-13T10:42:00,2018-06-13T10:42:00,,517
http://irail.be/vehicle/IC3730,http://irail.be/stations/NMBS/008819406,IC,2018-03-28T09:31:00,2018-03-28T09:31:00,129,
http://irail.be/vehicle/IC3730,http://irail.be/stations/NMBS/008811007,IC,2018-03-28T09:38:00,2018-03-28T09:38:00,163,163
http://irail.be/vehicle/IC3730,http://irail.be/stations/NMBS/008812005,IC,2018-03-28T09:43:00,2018-03-28T09:41:00,183,210
http://irail.be/vehicle/IC3730,http://irail.be/stations/NMBS/008813045,IC,2018-03-28T09:45:00,2018-03-28T09:45:00,196,196
http://irail.be/vehicle/IC3730,http://irail.be/stations/NMBS/008813003,IC,2018-03-28T09:47:00,2018-03-28T09:46:00,443,229
http://irail.be/vehicle/IC3730,http://irail.be/stations/NMBS/008813037,IC,2018-03-28T09:49:00,2018-03-28T09:49:00,443,443
http://irail.be/vehicle/IC3730,http://irail.be/stations/NMBS/008814001,IC,2018-03-28T09:55:00,2018-03-28T09:51:00,267,469
http://irail.be/vehicle/IC3730,http://irail.be/stations/NMBS/008814308,IC,2018-03-28T10:05:00,2018-03-28T10:05:00,164,164
http://irail.be/vehicle/IC3730,http://irail.be/stations/NMBS/008814332,IC,2018-03-28T10:06:00,2018-03-28T10:06:00,162,162
http://irail.be/vehicle/IC3730,http://irail.be/stations/NMBS/008883808,IC,2018-03-28T10:07:00,2018-03-28T10:07:00,228,228
http://irail.be/vehicle/IC3730,http://irail.be/stations/NMBS/008883022,IC,2018-03-28T10:10:00,2018-03-28T10:10:00,199,199
http://irail.be/vehicle/IC3730,NO-URI,IC,2018-03-28T10:10:00,2018-03-28T10:10:00,210,210
http://irail.be/vehicle/IC3730,http://irail.be/stations/NMBS/008883006,IC,2018-03-28T10:17:00,2018-03-28T10:15:00,263,282
http://irail.be/vehicle/IC3730,http://irail.be/stations/NMBS/008883113,IC,2018-03-28T10:23:00,2018-03-28T10:22:00,264,250
http://irail.be/vehicle/IC3730,NO-URI,IC,2018-03-28T10:27:00,2018-03-28T10:27:00,198,198
http://irail.be/vehicle/IC3730,http://irail.be/stations/NMBS/008883121,IC,2018-03-28T10:27:00,2018-03-28T10:27:00,208,208
http://irail.be/vehicle/IC3730,http://irail.be/stations/NMBS/008881174,IC,2018-03-28T10:29:00,2018-03-28T10:29:00,171,171
http://irail.be/vehicle/IC3730,http://irail.be/stations/NMBS/008881166,IC,2018-03-28T10:32:00,2018-03-28T10:31:00,245,197
http://irail.be/vehicle/IC3730,http://irail.be/stations/NMBS/008881158,IC,2018-03-28T10:35:00,2018-03-28T10:35:00,245,245
http://irail.be/vehicle/IC3730,http://irail.be/stations/NMBS/008881125,IC,2018-03-28T10:37:00,2018-03-28T10:37:00,197,197
http://irail.be/vehicle/IC3730,http://irail.be/stations/NMBS/008881000,IC,2018-03-28T10:42:00,2018-03-28T10:42:00,,214
http://irail.be/vehicle/IC3730,http://irail.be/stations/NMBS/008819406,IC,2018-03-06T09:31:00,2018-03-06T09:31:00,298,
http://irail.be/vehicle/IC3730,http://irail.be/stations/NMBS/008811007,IC,2018-03-06T09:38:00,2018-03-06T09:38:00,299,299
http://irail.be/vehicle/IC3730,http://irail.be/stations/NMBS/008812005,IC,2018-03-06T09:43:00,2018-03-06T09:41:00,269,321
http://irail.be/vehicle/IC3730,http://irail.be/stations/NMBS/008813045,IC,2018-03-06T09:45:00,2018-03-06T09:45:00,268,268
http://irail.be/vehicle/IC3730,http://irail.be/stations/NMBS/008813003,IC,2018-03-06T09:47:00,2018-03-06T09:46:00,378,336
http://irail.be/vehicle/IC3730,http://irail.be/stations/NMBS/008813037,IC,2018-03-06T09:49:00,2018-03-06T09:49:00,378,378
http://irail.be/vehicle/IC3730,http://irail.be/stations/NMBS/008814001,IC,2018-03-06T09:55:00,2018-03-06T09:51:00,263,388
http://irail.be/vehicle/IC3730,http://irail.be/stations/NMBS/008814365,IC,2018-03-06T10:01:00,2018-03-06T10:01:00,217,217
http://irail.be/vehicle/IC3730,http://irail.be/stations/NMBS/008814357,IC,2018-03-06T10:03:00,2018-03-06T10:03:00,217,217
http://irail.be/vehicle/IC3730,http://irail.be/stations/NMBS/008814340,IC,2018-03-06T10:04:00,2018-03-06T10:04:00,202,202
http://irail.be/vehicle/IC3730,http://irail.be/stations/NMBS/008814308,IC,2018-03-06T10:05:00,2018-03-06T10:05:00,211,211
http://irail.be/vehicle/IC3730,http://irail.be/stations/NMBS/008814332,IC,2018-03-06T10:06:00,2018-03-06T10:06:00,205,205
http://irail.be/vehicle/IC3730,http://irail.be/stations/NMBS/008883808,IC,2018-03-06T10:07:00,2018-03-06T10:07:00,216,216
http://irail.be/vehicle/IC3730,http://irail.be/stations/NMBS/008883022,IC,2018-03-06T10:10:00,2018-03-06T10:10:00,164,164
http://irail.be/vehicle/IC3730,NO-URI,IC,2018-03-06T10:10:00,2018-03-06T10:10:00,169,169
http://irail.be/vehicle/IC3730,http://irail.be/stations/NMBS/008883006,IC,2018-03-06T10:17:00,2018-03-06T10:15:00,37,111
http://irail.be/vehicle/IC3730,http://irail.be/stations/NMBS/008883113,IC,2018-03-06T10:23:00,2018-03-06T10:22:00,34,-17
http://irail.be/vehicle/IC3730,NO-URI,IC,2018-03-06T10:27:00,2018-03-06T10:27:00,-30,-30
http://irail.be/vehicle/IC3730,http://irail.be/stations/NMBS/008883121,IC,2018-03-06T10:27:00,2018-03-06T10:27:00,-18,-18
http://irail.be/vehicle/IC3730,http://irail.be/stations/NMBS/008881174,IC,2018-03-06T10:29:00,2018-03-06T10:29:00,-57,-57
http://irail.be/vehicle/IC3730,http://irail.be/stations/NMBS/008881166,IC,2018-03-06T10:32:00,2018-03-06T10:31:00,-3,-30
http://irail.be/vehicle/IC3730,http://irail.be/stations/NMBS/008881158,IC,2018-03-06T10:35:00,2018-03-06T10:35:00,-3,-3
http://irail.be/vehicle/IC3730,http://irail.be/stations/NMBS/008881125,IC,2018-03-06T10:37:00,2018-03-06T10:37:00,-75,-75
http://irail.be/vehicle/IC3730,http://irail.be/stations/NMBS/008881000,IC,2018-03-06T10:42:00,2018-03-06T10:42:00,,21
http://irail.be/vehicle/IC3730,http://irail.be/stations/NMBS/008819406,IC,2018-09-03T09:31:00,2018-09-03T09:31:00,20,
http://irail.be/vehicle/IC3730,http://irail.be/stations/NMBS/008811007,IC,2018-09-03T09:38:00,2018-09-03T09:38:00,114,114
http://irail.be/vehicle/IC3730,http://irail.be/stations/NMBS/008812005,IC,2018-09-03T09:43:00,2018-09-03T09:41:00,119,149
http://irail.be/vehicle/IC3730,http://irail.be/stations/NMBS/008813045,IC,2018-09-03T09:45:00,2018-09-03T09:45:00,116,116
http://irail.be/vehicle/IC3730,http://irail.be/stations/NMBS/008813003,IC,2018-09-03T09:47:00,2018-09-03T09:46:00,217,198
http://irail.be/vehicle/IC3730,http://irail.be/stations/NMBS/008813037,IC,2018-09-03T09:49:00,2018-09-03T09:49:00,217,217
http://irail.be/vehicle/IC3730,http://irail.be/stations/NMBS/008814001,IC,2018-09-03T09:55:00,2018-09-03T09:51:00,291,247
http://irail.be/vehicle/IC3730,http://irail.be/stations/NMBS/008814308,IC,2018-09-03T10:05:00,2018-09-03T10:05:00,181,181
http://irail.be/vehicle/IC3730,http://irail.be/stations/NMBS/008814332,IC,2018-09-03T10:06:00,2018-09-03T10:06:00,184,184
http://irail.be/vehicle/IC3730,http://irail.be/stations/NMBS/008883808,IC,2018-09-03T10:07:00,2018-09-03T10:07:00,193,193
http://irail.be/vehicle/IC3730,http://irail.be/stations/NMBS/008883022,IC,2018-09-03T10:10:00,2018-09-03T10:10:00,150,150
http://irail.be/vehicle/IC3730,NO-URI,IC,2018-09-03T10:10:00,2018-09-03T10:10:00,154,154
http://irail.be/vehicle/IC3730,http://irail.be/stations/NMBS/008883006,IC,2018-09-03T10:17:00,2018-09-03T10:15:00,16,94
http://irail.be/vehicle/IC3730,http://irail.be/stations/NMBS/008883113,IC,2018-09-03T10:23:00,2018-09-03T10:22:00,24,-53
http://irail.be/vehicle/IC3730,NO-URI,IC,2018-09-03T10:27:00,2018-09-03T10:27:00,-54,-54
http://irail.be/vehicle/IC3730,http://irail.be/stations/NMBS/008883121,IC,2018-09-03T10:27:00,2018-09-03T10:27:00,-44,-44
http://irail.be/vehicle/IC3730,http://irail.be/stations/NMBS/008881174,IC,2018-09-03T10:29:00,2018-09-03T10:29:00,-33,-33
http://irail.be/vehicle/IC3730,http://irail.be/stations/NMBS/008881166,IC,2018-09-03T10:32:00,2018-09-03T10:31:00,18,-3
http://irail.be/vehicle/IC3730,http://irail.be/stations/NMBS/008881158,IC,2018-09-03T10:34:00,2018-09-03T10:34:00,18,18
http://irail.be/vehicle/IC3730,http://irail.be/stations/NMBS/008881125,IC,2018-09-03T10:36:00,2018-09-03T10:36:00,-23,-23
http://irail.be/vehicle/IC3730,http://irail.be/stations/NMBS/008881000,IC,2018-09-03T10:42:00,2018-09-03T10:42:00,,-71
http://irail.be/vehicle/IC3730,http://irail.be/stations/NMBS/008819406,IC,2018-03-03T09:31:00,2018-03-03T09:31:00,-13,
http://irail.be/vehicle/IC3730,http://irail.be/stations/NMBS/008811007,IC,2018-03-03T09:38:00,2018-03-03T09:38:00,53,53
http://irail.be/vehicle/IC3730,http://irail.be/stations/NMBS/008812005,IC,2018-03-03T09:43:00,2018-03-03T09:41:00,77,105
http://irail.be/vehicle/IC3730,http://irail.be/stations/NMBS/008813045,IC,2018-03-03T09:45:00,2018-03-03T09:45:00,81,81
http://irail.be/vehicle/IC3730,http://irail.be/stations/NMBS/008813003,IC,2018-03-03T09:47:00,2018-03-03T09:46:00,194,176
http://irail.be/vehicle/IC3730,http://irail.be/stations/NMBS/008813037,IC,2018-03-03T09:48:00,2018-03-03T09:48:00,198,198
http://irail.be/vehicle/IC3730,http://irail.be/stations/NMBS/008814001,IC,2018-03-03T09:55:00,2018-03-03T09:51:00,187,215
http://irail.be/vehicle/IC3730,http://irail.be/stations/NMBS/008814308,IC,2018-03-03T10:04:00,2018-03-03T10:04:00,193,193
http://irail.be/vehicle/IC3730,http://irail.be/stations/NMBS/008814332,IC,2018-03-03T10:05:00,2018-03-03T10:05:00,190,190
http://irail.be/vehicle/IC3730,http://irail.be/stations/NMBS/008883808,IC,2018-03-03T10:07:00,2018-03-03T10:07:00,145,145
http://irail.be/vehicle/IC3730,http://irail.be/stations/NMBS/008883022,IC,2018-03-03T10:09:00,2018-03-03T10:09:00,174,174
http://irail.be/vehicle/IC3730,NO-URI,IC,2018-03-03T10:09:00,2018-03-03T10:09:00,242,242
http://irail.be/vehicle/IC3730,http://irail.be/stations/NMBS/008883006,IC,2018-03-03T10:16:00,2018-03-03T10:14:00,285,293
http://irail.be/vehicle/IC3730,http://irail.be/stations/NMBS/008883113,IC,2018-03-03T10:22:00,2018-03-03T10:21:00,281,266
http://irail.be/vehicle/IC3730,NO-URI,IC,2018-03-03T10:26:00,2018-03-03T10:26:00,234,234
http://irail.be/vehicle/IC3730,http://irail.be/stations/NMBS/008883121,IC,2018-03-03T10:26:00,2018-03-03T10:26:00,245,245
http://irail.be/vehicle/IC3730,http://irail.be/stations/NMBS/008881174,IC,2018-03-03T10:27:00,2018-03-03T10:27:00,266,266
http://irail.be/vehicle/IC3730,http://irail.be/stations/NMBS/008881166,IC,2018-03-03T10:31:00,2018-03-03T10:30:00,308,253
http://irail.be/vehicle/IC3730,http://irail.be/stations/NMBS/008881158,IC,2018-03-03T10:33:00,2018-03-03T10:33:00,308,308
http://irail.be/vehicle/IC3730,http://irail.be/stations/NMBS/008881125,IC,2018-03-03T10:35:00,2018-03-03T10:35:00,284,284
http://irail.be/vehicle/IC3730,http://irail.be/stations/NMBS/008881000,IC,2018-03-03T10:40:00,2018-03-03T10:40:00,,267
http://irail.be/vehicle/IC3730,http://irail.be/stations/NMBS/008819406,IC,2018-10-25T09:31:00,2018-10-25T09:31:00,104,
http://irail.be/vehicle/IC3730,http://irail.be/stations/NMBS/008811007,IC,2018-10-25T09:38:00,2018-10-25T09:38:00,112,112
http://irail.be/vehicle/IC3730,http://irail.be/stations/NMBS/008812005,IC,2018-10-25T09:43:00,2018-10-25T09:41:00,232,254
http://irail.be/vehicle/IC3730,http://irail.be/stations/NMBS/008813045,IC,2018-10-25T09:45:00,2018-10-25T09:45:00,234,234
http://irail.be/vehicle/IC3730,http://irail.be/stations/NMBS/008813003,IC,2018-10-25T09:47:00,2018-10-25T09:46:00,384,334
http://irail.be/vehicle/IC3730,http://irail.be/stations/NMBS/008813037,IC,2018-10-25T09:49:00,2018-10-25T09:49:00,384,384
http://irail.be/vehicle/IC3730,http://irail.be/stations/NMBS/008814001,IC,2018-10-25T09:55:00,2018-10-25T09:51:00,336,394
http://irail.be/vehicle/IC3730,http://irail.be/stations/NMBS/008814308,IC,2018-10-25T10:05:00,2018-10-25T10:05:00,240,240
http://irail.be/vehicle/IC3730,http://irail.be/stations/NMBS/008814332,IC,2018-10-25T10:06:00,2018-10-25T10:06:00,243,243
http://irail.be/vehicle/IC3730,http://irail.be/stations/NMBS/008883808,IC,2018-10-25T10:07:00,2018-10-25T10:07:00,318,318
http://irail.be/vehicle/IC3730,http://irail.be/stations/NMBS/008883022,IC,2018-10-25T10:10:00,2018-10-25T10:10:00,330,330
http://irail.be/vehicle/IC3730,NO-URI,IC,2018-10-25T10:10:00,2018-10-25T10:10:00,373,373
http://irail.be/vehicle/IC3730,http://irail.be/stations/NMBS/008883006,IC,2018-10-25T10:17:00,2018-10-25T10:15:00,277,351
http://irail.be/vehicle/IC3730,http://irail.be/stations/NMBS/008883113,IC,2018-10-25T10:23:00,2018-10-25T10:22:00,284,215
http://irail.be/vehicle/IC3730,NO-URI,IC,2018-10-25T10:27:00,2018-10-25T10:27:00,213,213
http://irail.be/vehicle/IC3730,http://irail.be/stations/NMBS/008883121,IC,2018-10-25T10:27:00,2018-10-25T10:27:00,223,223
http://irail.be/vehicle/IC3730,http://irail.be/stations/NMBS/008881174,IC,2018-10-25T10:29:00,2018-10-25T10:29:00,183,183
http://irail.be/vehicle/IC3730,http://irail.be/stations/NMBS/008881166,IC,2018-10-25T10:32:00,2018-10-25T10:31:00,289,211
http://irail.be/vehicle/IC3730,http://irail.be/stations/NMBS/008881158,IC,2018-10-25T10:34:00,2018-10-25T10:34:00,289,289
http://irail.be/vehicle/IC3730,http://irail.be/stations/NMBS/008881125,IC,2018-10-25T10:36:00,2018-10-25T10:36:00,248,248
http://irail.be/vehicle/IC3730,http://irail.be/stations/NMBS/008881000,IC,2018-10-25T10:42:00,2018-10-25T10:42:00,,105
http://irail.be/vehicle/IC3730,http://irail.be/stations/NMBS/008819406,IC,2018-07-02T09:31:00,2018-07-02T09:31:00,9,
http://irail.be/vehicle/IC3730,http://irail.be/stations/NMBS/008811007,IC,2018-07-02T09:38:00,2018-07-02T09:38:00,48,48
http://irail.be/vehicle/IC3730,http://irail.be/stations/NMBS/008812005,IC,2018-07-02T09:43:00,2018-07-02T09:41:00,81,89
http://irail.be/vehicle/IC3730,http://irail.be/stations/NMBS/008813045,IC,2018-07-02T09:45:00,2018-07-02T09:45:00,79,79
http://irail.be/vehicle/IC3730,http://irail.be/stations/NMBS/008813003,IC,2018-07-02T09:47:00,2018-07-02T09:46:00,136,105
http://irail.be/vehicle/IC3730,http://irail.be/stations/NMBS/008813037,IC,2018-07-02T09:49:00,2018-07-02T09:49:00,136,136
http://irail.be/vehicle/IC3730,http://irail.be/stations/NMBS/008814001,IC,2018-07-02T09:55:00,2018-07-02T09:51:00,204,189
http://irail.be/vehicle/IC3730,http://irail.be/stations/NMBS/008814308,IC,2018-07-02T10:05:00,2018-07-02T10:05:00,127,127
http://irail.be/vehicle/IC3730,http://irail.be/stations/NMBS/008814332,IC,2018-07-02T10:06:00,2018-07-02T10:06:00,135,135
http://irail.be/vehicle/IC3730,http://irail.be/stations/NMBS/008883808,IC,2018-07-02T10:07:00,2018-07-02T10:07:00,163,163
http://irail.be/vehicle/IC3730,http://irail.be/stations/NMBS/008883022,IC,2018-07-02T10:10:00,2018-07-02T10:10:00,113,113
http://irail.be/vehicle/IC3730,NO-URI,IC,2018-07-02T10:10:00,2018-07-02T10:10:00,122,122
http://irail.be/vehicle/IC3730,http://irail.be/stations/NMBS/008883006,IC,2018-07-02T10:17:00,2018-07-02T10:15:00,-31,67
http://irail.be/vehicle/IC3730,http://irail.be/stations/NMBS/008883113,IC,2018-07-02T10:23:00,2018-07-02T10:22:00,6,-93
http://irail.be/vehicle/IC3730,NO-URI,IC,2018-07-02T10:27:00,2018-07-02T10:27:00,27,27
http://irail.be/vehicle/IC3730,http://irail.be/stations/NMBS/008883121,IC,2018-07-02T10:27:00,2018-07-02T10:27:00,66,66
http://irail.be/vehicle/IC3730,http://irail.be/stations/NMBS/008881174,IC,2018-07-02T10:29:00,2018-07-02T10:29:00,63,63
http://irail.be/vehicle/IC3730,http://irail.be/stations/NMBS/008881166,IC,2018-07-02T10:32:00,2018-07-02T10:31:00,105,91
http://irail.be/vehicle/IC3730,http://irail.be/stations/NMBS/008881158,IC,2018-07-02T10:35:00,2018-07-02T10:35:00,105,105
http://irail.be/vehicle/IC3730,http://irail.be/stations/NMBS/008881125,IC,2018-07-02T10:36:00,2018-07-02T10:36:00,180,180
http://irail.be/vehicle/IC3730,http://irail.be/stations/NMBS/008881000,IC,2018-07-02T10:42:00,2018-07-02T10:42:00,,246
http://irail.be/vehicle/IC3730,http://irail.be/stations/NMBS/008819406,IC,2018-12-26T09:30:00,2018-12-26T09:30:00,-2,
http://irail.be/vehicle/IC3730,http://irail.be/stations/NMBS/008811007,IC,2018-12-26T09:37:00,2018-12-26T09:37:00,-6,-6
http://irail.be/vehicle/IC3730,http://irail.be/stations/NMBS/008812005,IC,2018-12-26T09:43:00,2018-12-26T09:41:00,-13,-35
http://irail.be/vehicle/IC3730,http://irail.be/stations/NMBS/008813045,IC,2018-12-26T09:45:00,2018-12-26T09:45:00,-25,-25
http://irail.be/vehicle/IC3730,http://irail.be/stations/NMBS/008813003,IC,2018-12-26T09:48:00,2018-12-26T09:47:00,-32,-45
http://irail.be/vehicle/IC3730,http://irail.be/stations/NMBS/008813037,IC,2018-12-26T09:50:00,2018-12-26T09:50:00,-32,-32
http://irail.be/vehicle/IC3730,http://irail.be/stations/NMBS/008814001,IC,2018-12-26T09:56:00,2018-12-26T09:52:00,32,-12
http://irail.be/vehicle/IC3730,http://irail.be/stations/NMBS/008814308,IC,2018-12-26T10:05:00,2018-12-26T10:05:00,30,30
http://irail.be/vehicle/IC3730,http://irail.be/stations/NMBS/008814332,IC,2018-12-26T10:06:00,2018-12-26T10:06:00,33,33
http://irail.be/vehicle/IC3730,http://irail.be/stations/NMBS/008883808,IC,2018-12-26T10:08:00,2018-12-26T10:08:00,40,40
http://irail.be/vehicle/IC3730,http://irail.be/stations/NMBS/008883022,IC,2018-12-26T10:10:00,2018-12-26T10:10:00,105,105
http://irail.be/vehicle/IC3730,NO-URI,IC,2018-12-26T10:11:00,2018-12-26T10:11:00,86,86
http://irail.be/vehicle/IC3730,http://irail.be/stations/NMBS/008883006,IC,2018-12-26T10:18:00,2018-12-26T10:16:00,178,254
http://irail.be/vehicle/IC3730,http://irail.be/stations/NMBS/008883113,IC,2018-12-26T10:24:00,2018-12-26T10:23:00,235,165
http://irail.be/vehicle/IC3730,NO-URI,IC,2018-12-26T10:27:00,2018-12-26T10:27:00,219,219
http://irail.be/vehicle/IC3730,http://irail.be/stations/NMBS/008883121,IC,2018-12-26T10:28:00,2018-12-26T10:28:00,209,209
http://irail.be/vehicle/IC3730,http://irail.be/stations/NMBS/008881174,IC,2018-12-26T10:29:00,2018-12-26T10:29:00,206,206
http://irail.be/vehicle/IC3730,http://irail.be/stations/NMBS/008881166,IC,2018-12-26T10:33:00,2018-12-26T10:32:00,149,199
http://irail.be/vehicle/IC3730,http://irail.be/stations/NMBS/008881158,IC,2018-12-26T10:36:00,2018-12-26T10:36:00,149,149
http://irail.be/vehicle/IC3730,http://irail.be/stations/NMBS/008881125,IC,2018-12-26T10:37:00,2018-12-26T10:37:00,134,134
http://irail.be/vehicle/IC3730,http://irail.be/stations/NMBS/008881000,IC,2018-12-26T10:43:00,2018-12-26T10:43:00,,33
http://irail.be/vehicle/IC3730,http://irail.be/stations/NMBS/008819406,IC,2018-06-05T09:31:00,2018-06-05T09:31:00,375,
http://irail.be/vehicle/IC3730,http://irail.be/stations/NMBS/008811007,IC,2018-06-05T09:38:00,2018-06-05T09:38:00,330,330
http://irail.be/vehicle/IC3730,http://irail.be/stations/NMBS/008812005,IC,2018-06-05T09:43:00,2018-06-05T09:41:00,348,382
http://irail.be/vehicle/IC3730,http://irail.be/stations/NMBS/008813045,IC,2018-06-05T09:45:00,2018-06-05T09:45:00,337,337
http://irail.be/vehicle/IC3730,http://irail.be/stations/NMBS/008813003,IC,2018-06-05T09:47:00,2018-06-05T09:46:00,365,363
http://irail.be/vehicle/IC3730,http://irail.be/stations/NMBS/008813037,IC,2018-06-05T09:49:00,2018-06-05T09:49:00,365,365
http://irail.be/vehicle/IC3730,http://irail.be/stations/NMBS/008814001,IC,2018-06-05T09:55:00,2018-06-05T09:51:00,239,359
http://irail.be/vehicle/IC3730,http://irail.be/stations/NMBS/008814365,IC,2018-06-05T10:01:00,2018-06-05T10:01:00,332,332
http://irail.be/vehicle/IC3730,http://irail.be/stations/NMBS/008814357,IC,2018-06-05T10:03:00,2018-06-05T10:03:00,332,332
http://irail.be/vehicle/IC3730,http://irail.be/stations/NMBS/008814340,IC,2018-06-05T10:04:00,2018-06-05T10:04:00,316,316
http://irail.be/vehicle/IC3730,http://irail.be/stations/NMBS/008814308,IC,2018-06-05T10:05:00,2018-06-05T10:05:00,322,322
http://irail.be/vehicle/IC3730,http://irail.be/stations/NMBS/008814332,IC,2018-06-05T10:06:00,2018-06-05T10:06:00,316,316
http://irail.be/vehicle/IC3730,http://irail.be/stations/NMBS/008883808,IC,2018-06-05T10:07:00,2018-06-05T10:07:00,329,329
http://irail.be/vehicle/IC3730,http://irail.be/stations/NMBS/008883022,IC,2018-06-05T10:10:00,2018-06-05T10:10:00,282,282
http://irail.be/vehicle/IC3730,NO-URI,IC,2018-06-05T10:10:00,2018-06-05T10:10:00,287,287
http://irail.be/vehicle/IC3730,http://irail.be/stations/NMBS/008883006,IC,2018-06-05T10:17:00,2018-06-05T10:15:00,115,227
http://irail.be/vehicle/IC3730,http://irail.be/stations/NMBS/008883113,IC,2018-06-05T10:23:00,2018-06-05T10:22:00,57,34
http://irail.be/vehicle/IC3730,NO-URI,IC,2018-06-05T10:27:00,2018-06-05T10:27:00,-24,-24
http://irail.be/vehicle/IC3730,http://irail.be/stations/NMBS/008883121,IC,2018-06-05T10:27:00,2018-06-05T10:27:00,-14,-14
http://irail.be/vehicle/IC3730,http://irail.be/stations/NMBS/008881174,IC,2018-06-05T10:29:00,2018-06-05T10:29:00,75,75
http://irail.be/vehicle/IC3730,http://irail.be/stations/NMBS/008881166,IC,2018-06-05T10:32:00,2018-06-05T10:31:00,456,312
http://irail.be/vehicle/IC3730,http://irail.be/stations/NMBS/008881158,IC,2018-06-05T10:35:00,2018-06-05T10:35:00,458,458
http://irail.be/vehicle/IC3730,http://irail.be/stations/NMBS/008881125,IC,2018-06-05T10:37:00,2018-06-05T10:37:00,625,625
http://irail.be/vehicle/IC3730,http://irail.be/stations/NMBS/008881000,IC,2018-06-05T10:42:00,2018-06-05T10:42:00,,744
http://irail.be/vehicle/IC3730,http://irail.be/stations/NMBS/008812005,IC,2018-10-22T09:43:00,2018-10-22T09:43:00,35,
http://irail.be/vehicle/IC3730,http://irail.be/stations/NMBS/008813045,IC,2018-10-22T09:45:00,2018-10-22T09:45:00,55,55
http://irail.be/vehicle/IC3730,http://irail.be/stations/NMBS/008813003,IC,2018-10-22T09:47:00,2018-10-22T09:46:00,274,248
http://irail.be/vehicle/IC3730,http://irail.be/stations/NMBS/008813037,IC,2018-10-22T09:49:00,2018-10-22T09:49:00,238,238
http://irail.be/vehicle/IC3730,http://irail.be/stations/NMBS/008814001,IC,2018-10-22T09:55:00,2018-10-22T09:51:00,135,290
http://irail.be/vehicle/IC3730,http://irail.be/stations/NMBS/008814365,IC,2018-10-22T10:01:00,2018-10-22T10:01:00,81,81
http://irail.be/vehicle/IC3730,http://irail.be/stations/NMBS/008814357,IC,2018-10-22T10:03:00,2018-10-22T10:03:00,81,81
http://irail.be/vehicle/IC3730,http://irail.be/stations/NMBS/008814340,IC,2018-10-22T10:04:00,2018-10-22T10:04:00,64,64
http://irail.be/vehicle/IC3730,http://irail.be/stations/NMBS/008814308,IC,2018-10-22T10:05:00,2018-10-22T10:05:00,73,73
http://irail.be/vehicle/IC3730,http://irail.be/stations/NMBS/008814332,IC,2018-10-22T10:06:00,2018-10-22T10:06:00,65,65
http://irail.be/vehicle/IC3730,http://irail.be/stations/NMBS/008883808,IC,2018-10-22T10:07:00,2018-10-22T10:07:00,74,74
http://irail.be/vehicle/IC3730,http://irail.be/stations/NMBS/008883022,IC,2018-10-22T10:10:00,2018-10-22T10:10:00,21,21
http://irail.be/vehicle/IC3730,NO-URI,IC,2018-10-22T10:10:00,2018-10-22T10:10:00,36,36
http://irail.be/vehicle/IC3730,http://irail.be/stations/NMBS/008883006,IC,2018-10-22T10:17:00,2018-10-22T10:15:00,568,184
http://irail.be/vehicle/IC3730,http://irail.be/stations/NMBS/008883113,IC,2018-10-22T10:23:00,2018-10-22T10:22:00,557,532
http://irail.be/vehicle/IC3730,NO-URI,IC,2018-10-22T10:27:00,2018-10-22T10:27:00,497,497
http://irail.be/vehicle/IC3730,http://irail.be/stations/NMBS/008883121,IC,2018-10-22T10:27:00,2018-10-22T10:27:00,508,508
http://irail.be/vehicle/IC3730,http://irail.be/stations/NMBS/008881174,IC,2018-10-22T10:29:00,2018-10-22T10:29:00,468,468
http://irail.be/vehicle/IC3730,http://irail.be/stations/NMBS/008881166,IC,2018-10-22T10:32:00,2018-10-22T10:31:00,536,498
http://irail.be/vehicle/IC3730,http://irail.be/stations/NMBS/008881158,IC,2018-10-22T10:34:00,2018-10-22T10:34:00,536,536
http://irail.be/vehicle/IC3730,http://irail.be/stations/NMBS/008881125,IC,2018-10-22T10:36:00,2018-10-22T10:36:00,496,496
http://irail.be/vehicle/IC3730,http://irail.be/stations/NMBS/008881000,IC,2018-10-22T10:42:00,2018-10-22T10:42:00,,377
http://irail.be/vehicle/IC3730,http://irail.be/stations/NMBS/008819406,IC,2018-03-22T09:31:00,2018-03-22T09:31:00,1222,
http://irail.be/vehicle/IC3730,http://irail.be/stations/NMBS/008811007,IC,2018-03-22T09:38:00,2018-03-22T09:38:00,1361,1361
http://irail.be/vehicle/IC3730,http://irail.be/stations/NMBS/008812005,IC,2018-03-22T09:43:00,2018-03-22T09:41:00,1590,1436
http://irail.be/vehicle/IC3730,http://irail.be/stations/NMBS/008813045,IC,2018-03-22T09:45:00,2018-03-22T09:45:00,1600,1600
http://irail.be/vehicle/IC3730,http://irail.be/stations/NMBS/008813003,IC,2018-03-22T09:47:00,2018-03-22T09:46:00,1630,1636
http://irail.be/vehicle/IC3730,http://irail.be/stations/NMBS/008813037,IC,2018-03-22T09:49:00,2018-03-22T09:49:00,1630,1630
http://irail.be/vehicle/IC3730,http://irail.be/stations/NMBS/008814001,IC,2018-03-22T09:55:00,2018-03-22T09:51:00,1792,1671
http://irail.be/vehicle/IC3730,http://irail.be/stations/NMBS/008814308,IC,2018-03-22T10:05:00,2018-03-22T10:05:00,1902,1902
http://irail.be/vehicle/IC3730,http://irail.be/stations/NMBS/008814332,IC,2018-03-22T10:06:00,2018-03-22T10:06:00,1907,1907
http://irail.be/vehicle/IC3730,http://irail.be/stations/NMBS/008883808,IC,2018-03-22T10:07:00,2018-03-22T10:07:00,1919,1919
http://irail.be/vehicle/IC3730,http://irail.be/stations/NMBS/008883022,IC,2018-03-22T10:10:00,2018-03-22T10:10:00,1866,1866
http://irail.be/vehicle/IC3730,NO-URI,IC,2018-03-22T10:10:00,2018-03-22T10:10:00,1873,1873
http://irail.be/vehicle/IC3730,http://irail.be/stations/NMBS/008883006,IC,2018-03-22T10:17:00,2018-03-22T10:15:00,1754,1814
http://irail.be/vehicle/IC3730,http://irail.be/stations/NMBS/008883113,IC,2018-03-22T10:23:00,2018-03-22T10:22:00,1677,1660
http://irail.be/vehicle/IC3730,NO-URI,IC,2018-03-22T10:27:00,2018-03-22T10:27:00,1611,1611
http://irail.be/vehicle/IC3730,http://irail.be/stations/NMBS/008883121,IC,2018-03-22T10:27:00,2018-03-22T10:27:00,1620,1620
http://irail.be/vehicle/IC3730,http://irail.be/stations/NMBS/008881174,IC,2018-03-22T10:29:00,2018-03-22T10:29:00,1692,1692
http://irail.be/vehicle/IC3730,http://irail.be/stations/NMBS/008881166,IC,2018-03-22T10:32:00,2018-03-22T10:31:00,1813,1742
http://irail.be/vehicle/IC3730,http://irail.be/stations/NMBS/008881158,IC,2018-03-22T10:35:00,2018-03-22T10:35:00,1813,1813
http://irail.be/vehicle/IC3730,http://irail.be/stations/NMBS/008881125,IC,2018-03-22T10:37:00,2018-03-22T10:37:00,1733,1733
http://irail.be/vehicle/IC3730,http://irail.be/stations/NMBS/008881000,IC,2018-03-22T10:42:00,2018-03-22T10:42:00,,1825
http://irail.be/vehicle/IC3730,http://irail.be/stations/NMBS/008819406,IC,2018-02-18T09:31:00,2018-02-18T09:31:00,905,
http://irail.be/vehicle/IC3730,http://irail.be/stations/NMBS/008811007,IC,2018-02-18T09:38:00,2018-02-18T09:38:00,980,980
http://irail.be/vehicle/IC3730,http://irail.be/stations/NMBS/008812005,IC,2018-02-18T09:43:00,2018-02-18T09:41:00,1100,1035
http://irail.be/vehicle/IC3730,http://irail.be/stations/NMBS/008813045,IC,2018-02-18T09:45:00,2018-02-18T09:45:00,1143,1143
http://irail.be/vehicle/IC3730,http://irail.be/stations/NMBS/008813003,IC,2018-02-18T09:47:00,2018-02-18T09:46:00,1383,1331
http://irail.be/vehicle/IC3730,http://irail.be/stations/NMBS/008813037,IC,2018-02-18T09:48:00,2018-02-18T09:48:00,1386,1386
http://irail.be/vehicle/IC3730,http://irail.be/stations/NMBS/008814001,IC,2018-02-18T09:55:00,2018-02-18T09:51:00,1316,1385
http://irail.be/vehicle/IC3730,http://irail.be/stations/NMBS/008814373,IC,2018-02-18T10:01:43,2018-02-18T10:01:43,1094,1094
http://irail.be/vehicle/IC3730,http://irail.be/stations/NMBS/008814365,IC,2018-02-18T10:00:00,2018-02-18T10:00:00,1465,1465
http://irail.be/vehicle/IC3730,http://irail.be/stations/NMBS/008814357,IC,2018-02-18T10:02:00,2018-02-18T10:02:00,1465,1465
http://irail.be/vehicle/IC3730,http://irail.be/stations/NMBS/008814340,IC,2018-02-18T10:03:00,2018-02-18T10:03:00,1448,1448
http://irail.be/vehicle/IC3730,http://irail.be/stations/NMBS/008814308,IC,2018-02-18T10:04:00,2018-02-18T10:04:00,1455,1455
http://irail.be/vehicle/IC3730,http://irail.be/stations/NMBS/008814332,IC,2018-02-18T10:05:00,2018-02-18T10:05:00,1446,1446
http://irail.be/vehicle/IC3730,http://irail.be/stations/NMBS/008883808,IC,2018-02-18T10:07:00,2018-02-18T10:07:00,1400,1400
http://irail.be/vehicle/IC3730,http://irail.be/stations/NMBS/008883022,IC,2018-02-18T10:09:00,2018-02-18T10:09:00,1403,1403
http://irail.be/vehicle/IC3730,NO-URI,IC,2018-02-18T10:09:00,2018-02-18T10:09:00,1415,1415
http://irail.be/vehicle/IC3730,http://irail.be/stations/NMBS/008883006,IC,2018-02-18T10:16:00,2018-02-18T10:14:00,1345,1338
http://irail.be/vehicle/IC3730,http://irail.be/stations/NMBS/008883113,IC,2018-02-18T10:22:00,2018-02-18T10:21:00,1363,1337
http://irail.be/vehicle/IC3730,NO-URI,IC,2018-02-18T10:26:00,2018-02-18T10:26:00,1337,1337
http://irail.be/vehicle/IC3730,http://irail.be/stations/NMBS/008883121,IC,2018-02-18T10:26:00,2018-02-18T10:26:00,1348,1348
http://irail.be/vehicle/IC3730,http://irail.be/stations/NMBS/008881174,IC,2018-02-18T10:27:00,2018-02-18T10:27:00,1373,1373
http://irail.be/vehicle/IC3730,http://irail.be/stations/NMBS/008881166,IC,2018-02-18T10:31:00,2018-02-18T10:30:00,1374,1363
http://irail.be/vehicle/IC3730,http://irail.be/stations/NMBS/008881158,IC,2018-02-18T10:33:00,2018-02-18T10:33:00,1374,1374
http://irail.be/vehicle/IC3730,http://irail.be/stations/NMBS/008881125,IC,2018-02-18T10:35:00,2018-02-18T10:35:00,1342,1342
http://irail.be/vehicle/IC3730,http://irail.be/stations/NMBS/008881000,IC,2018-02-18T10:40:00,2018-02-18T10:40:00,,1322
http://irail.be/vehicle/IC3730,http://irail.be/stations/NMBS/008819406,IC,2018-07-31T09:31:00,2018-07-31T09:31:00,25,
http://irail.be/vehicle/IC3730,http://irail.be/stations/NMBS/008811007,IC,2018-07-31T09:38:00,2018-07-31T09:38:00,-1,-1
http://irail.be/vehicle/IC3730,http://irail.be/stations/NMBS/008812005,IC,2018-07-31T09:43:00,2018-07-31T09:41:00,74,102
http://irail.be/vehicle/IC3730,http://irail.be/stations/NMBS/008813045,IC,2018-07-31T09:45:00,2018-07-31T09:45:00,67,67
http://irail.be/vehicle/IC3730,http://irail.be/stations/NMBS/008813003,IC,2018-07-31T09:47:00,2018-07-31T09:46:00,115,94
http://irail.be/vehicle/IC3730,http://irail.be/stations/NMBS/008813037,IC,2018-07-31T09:49:00,2018-07-31T09:49:00,115,115
http://irail.be/vehicle/IC3730,http://irail.be/stations/NMBS/008814001,IC,2018-07-31T09:55:00,2018-07-31T09:51:00,22,114
http://irail.be/vehicle/IC3730,http://irail.be/stations/NMBS/008814308,IC,2018-07-31T10:05:00,2018-07-31T10:05:00,-86,-86
http://irail.be/vehicle/IC3730,http://irail.be/stations/NMBS/008814332,IC,2018-07-31T10:06:00,2018-07-31T10:06:00,-85,-85
http://irail.be/vehicle/IC3730,http://irail.be/stations/NMBS/008883808,IC,2018-07-31T10:07:00,2018-07-31T10:07:00,-70,-70
http://irail.be/vehicle/IC3730,http://irail.be/stations/NMBS/008883022,IC,2018-07-31T10:10:00,2018-07-31T10:10:00,-120,-120
http://irail.be/vehicle/IC3730,NO-URI,IC,2018-07-31T10:10:00,2018-07-31T10:10:00,-113,-113
http://irail.be/vehicle/IC3730,http://irail.be/stations/NMBS/008883006,IC,2018-07-31T10:17:00,2018-07-31T10:15:00,44,-141
http://irail.be/vehicle/IC3730,http://irail.be/stations/NMBS/008883113,IC,2018-07-31T10:23:00,2018-07-31T10:22:00,100,99
http://irail.be/vehicle/IC3730,NO-URI,IC,2018-07-31T10:27:00,2018-07-31T10:27:00,26,26
http://irail.be/vehicle/IC3730,http://irail.be/stations/NMBS/008883121,IC,2018-07-31T10:27:00,2018-07-31T10:27:00,34,34
http://irail.be/vehicle/IC3730,http://irail.be/stations/NMBS/008881174,IC,2018-07-31T10:29:00,2018-07-31T10:29:00,-3,-3
http://irail.be/vehicle/IC3730,http://irail.be/stations/NMBS/008881166,IC,2018-07-31T10:32:00,2018-07-31T10:31:00,27,24
http://irail.be/vehicle/IC3730,http://irail.be/stations/NMBS/008881158,IC,2018-07-31T10:35:00,2018-07-31T10:35:00,27,27
http://irail.be/vehicle/IC3730,http://irail.be/stations/NMBS/008881125,IC,2018-07-31T10:36:00,2018-07-31T10:36:00,140,140
http://irail.be/vehicle/IC3730,http://irail.be/stations/NMBS/008881000,IC,2018-07-31T10:42:00,2018-07-31T10:42:00,,233
http://irail.be/vehicle/IC3730,http://irail.be/stations/NMBS/008819406,IC,2018-12-06T09:31:00,2018-12-06T09:31:00,133,
http://irail.be/vehicle/IC3730,http://irail.be/stations/NMBS/008811007,IC,2018-12-06T09:38:00,2018-12-06T09:38:00,124,124
http://irail.be/vehicle/IC3730,http://irail.be/stations/NMBS/008812005,IC,2018-12-06T09:43:00,2018-12-06T09:41:00,139,216
http://irail.be/vehicle/IC3730,http://irail.be/stations/NMBS/008813045,IC,2018-12-06T09:45:00,2018-12-06T09:45:00,134,134
http://irail.be/vehicle/IC3730,http://irail.be/stations/NMBS/008813003,IC,2018-12-06T09:47:00,2018-12-06T09:46:00,259,240
http://irail.be/vehicle/IC3730,http://irail.be/stations/NMBS/008813037,IC,2018-12-06T09:49:00,2018-12-06T09:49:00,259,259
http://irail.be/vehicle/IC3730,http://irail.be/stations/NMBS/008814001,IC,2018-12-06T09:55:00,2018-12-06T09:51:00,224,252
http://irail.be/vehicle/IC3730,http://irail.be/stations/NMBS/008814308,IC,2018-12-06T10:05:00,2018-12-06T10:05:00,85,85
http://irail.be/vehicle/IC3730,http://irail.be/stations/NMBS/008814332,IC,2018-12-06T10:06:00,2018-12-06T10:06:00,89,89
http://irail.be/vehicle/IC3730,http://irail.be/stations/NMBS/008883808,IC,2018-12-06T10:07:00,2018-12-06T10:07:00,105,105
http://irail.be/vehicle/IC3730,http://irail.be/stations/NMBS/008883022,IC,2018-12-06T10:10:00,2018-12-06T10:10:00,60,60
http://irail.be/vehicle/IC3730,NO-URI,IC,2018-12-06T10:10:00,2018-12-06T10:10:00,66,66
http://irail.be/vehicle/IC3730,http://irail.be/stations/NMBS/008883006,IC,2018-12-06T10:17:00,2018-12-06T10:15:00,21,-3
http://irail.be/vehicle/IC3730,http://irail.be/stations/NMBS/008883113,IC,2018-12-06T10:23:00,2018-12-06T10:22:00,9,-43
http://irail.be/vehicle/IC3730,NO-URI,IC,2018-12-06T10:27:00,2018-12-06T10:27:00,-69,-69
http://irail.be/vehicle/IC3730,http://irail.be/stations/NMBS/008883121,IC,2018-12-06T10:27:00,2018-12-06T10:27:00,-60,-60
http://irail.be/vehicle/IC3730,http://irail.be/stations/NMBS/008881174,IC,2018-12-06T10:29:00,2018-12-06T10:29:00,-96,-96
http://irail.be/vehicle/IC3730,http://irail.be/stations/NMBS/008881166,IC,2018-12-06T10:32:00,2018-12-06T10:31:00,-12,-67
http://irail.be/vehicle/IC3730,http://irail.be/stations/NMBS/008881158,IC,2018-12-06T10:34:00,2018-12-06T10:34:00,-12,-12
http://irail.be/vehicle/IC3730,http://irail.be/stations/NMBS/008881125,IC,2018-12-06T10:36:00,2018-12-06T10:36:00,203,203
http://irail.be/vehicle/IC3730,http://irail.be/stations/NMBS/008881000,IC,2018-12-06T10:42:00,2018-12-06T10:42:00,,306
http://irail.be/vehicle/IC3730,http://irail.be/stations/NMBS/008819406,IC,2018-01-25T09:31:00,2018-01-25T09:31:00,76,
http://irail.be/vehicle/IC3730,http://irail.be/stations/NMBS/008811007,IC,2018-01-25T09:38:00,2018-01-25T09:38:00,227,227
http://irail.be/vehicle/IC3730,http://irail.be/stations/NMBS/008812005,IC,2018-01-25T09:43:00,2018-01-25T09:41:00,212,284
http://irail.be/vehicle/IC3730,http://irail.be/stations/NMBS/008813045,IC,2018-01-25T09:45:00,2018-01-25T09:45:00,196,196
http://irail.be/vehicle/IC3730,http://irail.be/stations/NMBS/008813003,IC,2018-01-25T09:47:00,2018-01-25T09:46:00,268,249
http://irail.be/vehicle/IC3730,http://irail.be/stations/NMBS/008813037,IC,2018-01-25T09:49:00,2018-01-25T09:49:00,268,268
http://irail.be/vehicle/IC3730,http://irail.be/stations/NMBS/008814001,IC,2018-01-25T09:55:00,2018-01-25T09:51:00,134,293
http://irail.be/vehicle/IC3730,http://irail.be/stations/NMBS/008814308,IC,2018-01-25T10:05:00,2018-01-25T10:05:00,-1,-1
http://irail.be/vehicle/IC3730,http://irail.be/stations/NMBS/008814332,IC,2018-01-25T10:06:00,2018-01-25T10:06:00,1,1
http://irail.be/vehicle/IC3730,http://irail.be/stations/NMBS/008883808,IC,2018-01-25T10:07:00,2018-01-25T10:07:00,49,49
http://irail.be/vehicle/IC3730,http://irail.be/stations/NMBS/008883022,IC,2018-01-25T10:10:00,2018-01-25T10:10:00,110,110
http://irail.be/vehicle/IC3730,NO-URI,IC,2018-01-25T10:10:00,2018-01-25T10:10:00,196,196
http://irail.be/vehicle/IC3730,http://irail.be/stations/NMBS/008883006,IC,2018-01-25T10:17:00,2018-01-25T10:15:00,41,120
http://irail.be/vehicle/IC3730,http://irail.be/stations/NMBS/008883113,IC,2018-01-25T10:23:00,2018-01-25T10:22:00,14,-29
http://irail.be/vehicle/IC3730,NO-URI,IC,2018-01-25T10:27:00,2018-01-25T10:27:00,-56,-56
http://irail.be/vehicle/IC3730,http://irail.be/stations/NMBS/008883121,IC,2018-01-25T10:27:00,2018-01-25T10:27:00,-49,-49
http://irail.be/vehicle/IC3730,http://irail.be/stations/NMBS/008881174,IC,2018-01-25T10:29:00,2018-01-25T10:29:00,-94,-94
http://irail.be/vehicle/IC3730,http://irail.be/stations/NMBS/008881166,IC,2018-01-25T10:32:00,2018-01-25T10:31:00,-21,-66
http://irail.be/vehicle/IC3730,http://irail.be/stations/NMBS/008881158,IC,2018-01-25T10:35:00,2018-01-25T10:35:00,-21,-21
http://irail.be/vehicle/IC3730,http://irail.be/stations/NMBS/008881125,IC,2018-01-25T10:37:00,2018-01-25T10:37:00,-104,-104
http://irail.be/vehicle/IC3730,http://irail.be/stations/NMBS/008881000,IC,2018-01-25T10:42:00,2018-01-25T10:42:00,,-134
http://irail.be/vehicle/IC3730,http://irail.be/stations/NMBS/008819406,IC,2018-06-11T09:31:00,2018-06-11T09:31:00,229,
http://irail.be/vehicle/IC3730,http://irail.be/stations/NMBS/008811007,IC,2018-06-11T09:38:00,2018-06-11T09:38:00,351,351
http://irail.be/vehicle/IC3730,http://irail.be/stations/NMBS/008812005,IC,2018-06-11T09:43:00,2018-06-11T09:41:00,400,390
http://irail.be/vehicle/IC3730,http://irail.be/stations/NMBS/008813045,IC,2018-06-11T09:45:00,2018-06-11T09:45:00,417,417
http://irail.be/vehicle/IC3730,http://irail.be/stations/NMBS/008813003,IC,2018-06-11T09:47:00,2018-06-11T09:46:00,499,464
http://irail.be/vehicle/IC3730,http://irail.be/stations/NMBS/008813037,IC,2018-06-11T09:48:00,2018-06-11T09:48:00,499,499
http://irail.be/vehicle/IC3730,http://irail.be/stations/NMBS/008814001,IC,2018-06-11T09:55:00,2018-06-11T09:51:00,425,495
http://irail.be/vehicle/IC3730,http://irail.be/stations/NMBS/008814308,IC,2018-06-11T10:05:00,2018-06-11T10:05:00,317,317
http://irail.be/vehicle/IC3730,http://irail.be/stations/NMBS/008814332,IC,2018-06-11T10:06:00,2018-06-11T10:06:00,322,322
http://irail.be/vehicle/IC3730,http://irail.be/stations/NMBS/008883808,IC,2018-06-11T10:07:00,2018-06-11T10:07:00,729,729
http://irail.be/vehicle/IC3730,http://irail.be/stations/NMBS/008883022,IC,2018-06-11T10:10:00,2018-06-11T10:10:00,736,736
http://irail.be/vehicle/IC3730,NO-URI,IC,2018-06-11T10:10:00,2018-06-11T10:10:00,745,745
http://irail.be/vehicle/IC3730,http://irail.be/stations/NMBS/008883006,IC,2018-06-11T10:17:00,2018-06-11T10:15:00,708,734
http://irail.be/vehicle/IC3730,http://irail.be/stations/NMBS/008883212,IC,2018-06-11T10:21:00,2018-06-11T10:21:00,810,810
http://irail.be/vehicle/IC3730,http://irail.be/stations/NMBS/008883220,IC,2018-06-11T10:22:00,2018-06-11T10:22:00,850,850
http://irail.be/vehicle/IC3730,http://irail.be/stations/NMBS/008883238,IC,2018-06-11T10:24:00,2018-06-11T10:24:00,859,859
http://irail.be/vehicle/IC3730,NO-URI,IC,2018-06-11T10:27:00,2018-06-11T10:27:00,973,973
http://irail.be/vehicle/IC3730,http://irail.be/stations/NMBS/008882107,IC,2018-06-11T10:28:00,2018-06-11T10:28:00,1059,1059
http://irail.be/vehicle/IC3730,http://irail.be/stations/NMBS/008881463,IC,2018-06-11T10:31:00,2018-06-11T10:31:00,1196,1196
http://irail.be/vehicle/IC3730,http://irail.be/stations/NMBS/008881455,IC,2018-06-11T10:32:00,2018-06-11T10:32:00,1125,1125
http://irail.be/vehicle/IC3730,http://irail.be/stations/NMBS/008881430,IC,2018-06-11T10:34:00,2018-06-11T10:34:00,1125,1125
http://irail.be/vehicle/IC3730,NO-URI,IC,2018-06-11T10:36:00,2018-06-11T10:36:00,1125,1125
http://irail.be/vehicle/IC3730,http://irail.be/stations/NMBS/008881406,IC,2018-06-11T10:36:00,2018-06-11T10:36:00,1139,1139
http://irail.be/vehicle/IC3730,http://irail.be/stations/NMBS/008881315,IC,2018-06-11T10:39:00,2018-06-11T10:39:00,1078,1078
http://irail.be/vehicle/IC3730,http://irail.be/stations/NMBS/008881000,IC,2018-06-11T10:42:00,2018-06-11T10:42:00,,1078
http://irail.be/vehicle/IC3730,http://irail.be/stations/NMBS/008819406,IC,2018-06-27T09:31:00,2018-06-27T09:31:00,-13,
http://irail.be/vehicle/IC3730,http://irail.be/stations/NMBS/008811007,IC,2018-06-27T09:38:00,2018-06-27T09:38:00,52,52
http://irail.be/vehicle/IC3730,http://irail.be/stations/NMBS/008812005,IC,2018-06-27T09:43:00,2018-06-27T09:41:00,65,108
http://irail.be/vehicle/IC3730,http://irail.be/stations/NMBS/008813045,IC,2018-06-27T09:45:00,2018-06-27T09:45:00,64,64
http://irail.be/vehicle/IC3730,http://irail.be/stations/NMBS/008813003,IC,2018-06-27T09:47:00,2018-06-27T09:46:00,98,91
http://irail.be/vehicle/IC3730,http://irail.be/stations/NMBS/008813037,IC,2018-06-27T09:49:00,2018-06-27T09:49:00,98,98
http://irail.be/vehicle/IC3730,http://irail.be/stations/NMBS/008814001,IC,2018-06-27T09:55:00,2018-06-27T09:51:00,324,97
http://irail.be/vehicle/IC3730,http://irail.be/stations/NMBS/008814308,IC,2018-06-27T10:05:00,2018-06-27T10:05:00,202,202
http://irail.be/vehicle/IC3730,http://irail.be/stations/NMBS/008814332,IC,2018-06-27T10:06:00,2018-06-27T10:06:00,205,205
http://irail.be/vehicle/IC3730,http://irail.be/stations/NMBS/008883808,IC,2018-06-27T10:07:00,2018-06-27T10:07:00,217,217
http://irail.be/vehicle/IC3730,http://irail.be/stations/NMBS/008883022,IC,2018-06-27T10:10:00,2018-06-27T10:10:00,494,494
http://irail.be/vehicle/IC3730,NO-URI,IC,2018-06-27T10:10:00,2018-06-27T10:10:00,541,541
http://irail.be/vehicle/IC3730,http://irail.be/stations/NMBS/008883006,IC,2018-06-27T10:17:00,2018-06-27T10:15:00,394,507
http://irail.be/vehicle/IC3730,http://irail.be/stations/NMBS/008883113,IC,2018-06-27T10:23:00,2018-06-27T10:22:00,327,331
http://irail.be/vehicle/IC3730,NO-URI,IC,2018-06-27T10:27:00,2018-06-27T10:27:00,256,256
http://irail.be/vehicle/IC3730,http://irail.be/stations/NMBS/008883121,IC,2018-06-27T10:27:00,2018-06-27T10:27:00,266,266
http://irail.be/vehicle/IC3730,http://irail.be/stations/NMBS/008881174,IC,2018-06-27T10:29:00,2018-06-27T10:29:00,236,236
http://irail.be/vehicle/IC3730,http://irail.be/stations/NMBS/008881166,IC,2018-06-27T10:32:00,2018-06-27T10:31:00,310,285
http://irail.be/vehicle/IC3730,http://irail.be/stations/NMBS/008881158,IC,2018-06-27T10:35:00,2018-06-27T10:35:00,310,310
http://irail.be/vehicle/IC3730,http://irail.be/stations/NMBS/008881125,IC,2018-06-27T10:36:00,2018-06-27T10:36:00,333,333
http://irail.be/vehicle/IC3730,http://irail.be/stations/NMBS/008881000,IC,2018-06-27T10:42:00,2018-06-27T10:42:00,,196
http://irail.be/vehicle/IC3730,http://irail.be/stations/NMBS/008819406,IC,2018-12-16T09:31:00,2018-12-16T09:31:00,16,
http://irail.be/vehicle/IC3730,http://irail.be/stations/NMBS/008811007,IC,2018-12-16T09:38:00,2018-12-16T09:38:00,-4,-4
http://irail.be/vehicle/IC3730,http://irail.be/stations/NMBS/008812005,IC,2018-12-16T09:43:00,2018-12-16T09:41:00,6,28
http://irail.be/vehicle/IC3730,http://irail.be/stations/NMBS/008813045,IC,2018-12-16T09:45:00,2018-12-16T09:45:00,16,16
http://irail.be/vehicle/IC3730,http://irail.be/stations/NMBS/008813003,IC,2018-12-16T09:48:00,2018-12-16T09:47:00,167,131
http://irail.be/vehicle/IC3730,http://irail.be/stations/NMBS/008813037,IC,2018-12-16T09:49:00,2018-12-16T09:49:00,166,166
http://irail.be/vehicle/IC3730,http://irail.be/stations/NMBS/008814001,IC,2018-12-16T09:56:00,2018-12-16T09:52:00,26,160
http://irail.be/vehicle/IC3730,http://irail.be/stations/NMBS/008814308,IC,2018-12-16T10:05:00,2018-12-16T10:05:00,-3,-3
http://irail.be/vehicle/IC3730,http://irail.be/stations/NMBS/008814332,IC,2018-12-16T10:06:00,2018-12-16T10:06:00,-6,-6
http://irail.be/vehicle/IC3730,http://irail.be/stations/NMBS/008883808,IC,2018-12-16T10:08:00,2018-12-16T10:08:00,-49,-49
http://irail.be/vehicle/IC3730,http://irail.be/stations/NMBS/008883022,IC,2018-12-16T10:10:00,2018-12-16T10:10:00,-45,-45
http://irail.be/vehicle/IC3730,NO-URI,IC,2018-12-16T10:10:00,2018-12-16T10:10:00,-36,-36
http://irail.be/vehicle/IC3730,http://irail.be/stations/NMBS/008883006,IC,2018-12-16T10:17:00,2018-12-16T10:15:00,38,-69
http://irail.be/vehicle/IC3730,http://irail.be/stations/NMBS/008883113,IC,2018-12-16T10:23:00,2018-12-16T10:22:00,36,27
http://irail.be/vehicle/IC3730,NO-URI,IC,2018-12-16T10:27:00,2018-12-16T10:27:00,-31,-31
http://irail.be/vehicle/IC3730,http://irail.be/stations/NMBS/008883121,IC,2018-12-16T10:27:00,2018-12-16T10:27:00,-20,-20
http://irail.be/vehicle/IC3730,http://irail.be/stations/NMBS/008881174,IC,2018-12-16T10:28:00,2018-12-16T10:28:00,-1,-1
http://irail.be/vehicle/IC3730,http://irail.be/stations/NMBS/008881166,IC,2018-12-16T10:32:00,2018-12-16T10:31:00,49,-14
http://irail.be/vehicle/IC3730,http://irail.be/stations/NMBS/008881158,IC,2018-12-16T10:34:00,2018-12-16T10:34:00,49,49
http://irail.be/vehicle/IC3730,http://irail.be/stations/NMBS/008881125,IC,2018-12-16T10:36:00,2018-12-16T10:36:00,9,9
http://irail.be/vehicle/IC3730,http://irail.be/stations/NMBS/008881000,IC,2018-12-16T10:41:00,2018-12-16T10:41:00,,-57
http://irail.be/vehicle/IC3730,http://irail.be/stations/NMBS/008811007,IC,2018-11-18T09:38:00,2018-11-18T09:38:00,15,
http://irail.be/vehicle/IC3730,http://irail.be/stations/NMBS/008812005,IC,2018-11-18T09:43:00,2018-11-18T09:41:00,109,151
http://irail.be/vehicle/IC3730,http://irail.be/stations/NMBS/008813045,IC,2018-11-18T09:45:00,2018-11-18T09:45:00,137,137
http://irail.be/vehicle/IC3730,http://irail.be/stations/NMBS/008813003,IC,2018-11-18T09:47:00,2018-11-18T09:46:00,220,169
http://irail.be/vehicle/IC3730,http://irail.be/stations/NMBS/008813037,IC,2018-11-18T09:48:00,2018-11-18T09:48:00,220,220
http://irail.be/vehicle/IC3730,http://irail.be/stations/NMBS/008814001,IC,2018-11-18T10:00:00,2018-11-18T09:51:00,370,232
http://irail.be/vehicle/IC3730,http://irail.be/stations/NMBS/008814308,IC,2018-11-18T10:10:00,2018-11-18T10:10:00,,272
http://irail.be/vehicle/IC3730,http://irail.be/stations/NMBS/008819406,IC,2018-02-21T09:31:00,2018-02-21T09:31:00,301,
http://irail.be/vehicle/IC3730,http://irail.be/stations/NMBS/008811007,IC,2018-02-21T09:38:00,2018-02-21T09:38:00,349,349
http://irail.be/vehicle/IC3730,http://irail.be/stations/NMBS/008812005,IC,2018-02-21T09:43:00,2018-02-21T09:41:00,382,441
http://irail.be/vehicle/IC3730,http://irail.be/stations/NMBS/008813045,IC,2018-02-21T09:45:00,2018-02-21T09:45:00,381,381
http://irail.be/vehicle/IC3730,http://irail.be/stations/NMBS/008813003,IC,2018-02-21T09:47:00,2018-02-21T09:46:00,417,411
http://irail.be/vehicle/IC3730,http://irail.be/stations/NMBS/008813037,IC,2018-02-21T09:49:00,2018-02-21T09:49:00,417,417
http://irail.be/vehicle/IC3730,http://irail.be/stations/NMBS/008814001,IC,2018-02-21T09:55:00,2018-02-21T09:51:00,306,445
http://irail.be/vehicle/IC3730,http://irail.be/stations/NMBS/008814308,IC,2018-02-21T10:05:00,2018-02-21T10:05:00,246,246
http://irail.be/vehicle/IC3730,http://irail.be/stations/NMBS/008814332,IC,2018-02-21T10:06:00,2018-02-21T10:06:00,253,253
http://irail.be/vehicle/IC3730,http://irail.be/stations/NMBS/008883808,IC,2018-02-21T10:07:00,2018-02-21T10:07:00,272,272
http://irail.be/vehicle/IC3730,http://irail.be/stations/NMBS/008883022,IC,2018-02-21T10:10:00,2018-02-21T10:10:00,236,236
http://irail.be/vehicle/IC3730,NO-URI,IC,2018-02-21T10:10:00,2018-02-21T10:10:00,247,247
http://irail.be/vehicle/IC3730,http://irail.be/stations/NMBS/008883006,IC,2018-02-21T10:17:00,2018-02-21T10:15:00,120,165
http://irail.be/vehicle/IC3730,http://irail.be/stations/NMBS/008883113,IC,2018-02-21T10:23:00,2018-02-21T10:22:00,106,66
http://irail.be/vehicle/IC3730,NO-URI,IC,2018-02-21T10:27:00,2018-02-21T10:27:00,44,44
http://irail.be/vehicle/IC3730,http://irail.be/stations/NMBS/008883121,IC,2018-02-21T10:27:00,2018-02-21T10:27:00,54,54
http://irail.be/vehicle/IC3730,http://irail.be/stations/NMBS/008881174,IC,2018-02-21T10:29:00,2018-02-21T10:29:00,17,17
http://irail.be/vehicle/IC3730,http://irail.be/stations/NMBS/008881166,IC,2018-02-21T10:32:00,2018-02-21T10:31:00,40,44
http://irail.be/vehicle/IC3730,http://irail.be/stations/NMBS/008881158,IC,2018-02-21T10:35:00,2018-02-21T10:35:00,40,40
http://irail.be/vehicle/IC3730,http://irail.be/stations/NMBS/008881125,IC,2018-02-21T10:37:00,2018-02-21T10:37:00,-35,-35
http://irail.be/vehicle/IC3730,http://irail.be/stations/NMBS/008881000,IC,2018-02-21T10:42:00,2018-02-21T10:42:00,,-32
http://irail.be/vehicle/IC3730,http://irail.be/stations/NMBS/008819406,IC,2018-11-07T09:31:00,2018-11-07T09:31:00,251,
http://irail.be/vehicle/IC3730,http://irail.be/stations/NMBS/008811007,IC,2018-11-07T09:38:00,2018-11-07T09:38:00,705,705
http://irail.be/vehicle/IC3730,http://irail.be/stations/NMBS/008812005,IC,2018-11-07T09:43:00,2018-11-07T09:41:00,674,751
http://irail.be/vehicle/IC3730,http://irail.be/stations/NMBS/008813045,IC,2018-11-07T09:45:00,2018-11-07T09:45:00,669,669
http://irail.be/vehicle/IC3730,http://irail.be/stations/NMBS/008813003,IC,2018-11-07T09:47:00,2018-11-07T09:46:00,702,697
http://irail.be/vehicle/IC3730,http://irail.be/stations/NMBS/008813037,IC,2018-11-07T09:49:00,2018-11-07T09:49:00,702,702
http://irail.be/vehicle/IC3730,http://irail.be/stations/NMBS/008814001,IC,2018-11-07T09:55:00,2018-11-07T09:51:00,512,698
http://irail.be/vehicle/IC3730,http://irail.be/stations/NMBS/008814308,IC,2018-11-07T10:05:00,2018-11-07T10:05:00,347,347
http://irail.be/vehicle/IC3730,http://irail.be/stations/NMBS/008814332,IC,2018-11-07T10:06:00,2018-11-07T10:06:00,349,349
http://irail.be/vehicle/IC3730,http://irail.be/stations/NMBS/008883808,IC,2018-11-07T10:07:00,2018-11-07T10:07:00,359,359
http://irail.be/vehicle/IC3730,http://irail.be/stations/NMBS/008883022,IC,2018-11-07T10:10:00,2018-11-07T10:10:00,305,305
http://irail.be/vehicle/IC3730,NO-URI,IC,2018-11-07T10:10:00,2018-11-07T10:10:00,312,312
http://irail.be/vehicle/IC3730,http://irail.be/stations/NMBS/008883006,IC,2018-11-07T10:17:00,2018-11-07T10:15:00,136,218
http://irail.be/vehicle/IC3730,http://irail.be/stations/NMBS/008883113,IC,2018-11-07T10:23:00,2018-11-07T10:22:00,71,67
http://irail.be/vehicle/IC3730,NO-URI,IC,2018-11-07T10:27:00,2018-11-07T10:27:00,-7,-7
http://irail.be/vehicle/IC3730,http://irail.be/stations/NMBS/008883121,IC,2018-11-07T10:27:00,2018-11-07T10:27:00,0,0
http://irail.be/vehicle/IC3730,http://irail.be/stations/NMBS/008881174,IC,2018-11-07T10:29:00,2018-11-07T10:29:00,-41,-41
http://irail.be/vehicle/IC3730,http://irail.be/stations/NMBS/008881166,IC,2018-11-07T10:32:00,2018-11-07T10:31:00,78,-13
http://irail.be/vehicle/IC3730,http://irail.be/stations/NMBS/008881158,IC,2018-11-07T10:34:00,2018-11-07T10:34:00,78,78
http://irail.be/vehicle/IC3730,http://irail.be/stations/NMBS/008881125,IC,2018-11-07T10:36:00,2018-11-07T10:36:00,269,269
http://irail.be/vehicle/IC3730,http://irail.be/stations/NMBS/008881000,IC,2018-11-07T10:42:00,2018-11-07T10:42:00,,164
http://irail.be/vehicle/IC3730,http://irail.be/stations/NMBS/008819406,IC,2018-06-17T09:31:00,2018-06-17T09:31:00,-1,
http://irail.be/vehicle/IC3730,http://irail.be/stations/NMBS/008811007,IC,2018-06-17T09:38:00,2018-06-17T09:38:00,109,109
http://irail.be/vehicle/IC3730,http://irail.be/stations/NMBS/008812005,IC,2018-06-17T09:43:00,2018-06-17T09:41:00,71,116
http://irail.be/vehicle/IC3730,http://irail.be/stations/NMBS/008813045,IC,2018-06-17T09:45:00,2018-06-17T09:45:00,65,65
http://irail.be/vehicle/IC3730,http://irail.be/stations/NMBS/008813003,IC,2018-06-17T09:47:00,2018-06-17T09:46:00,174,168
http://irail.be/vehicle/IC3730,http://irail.be/stations/NMBS/008813037,IC,2018-06-17T09:49:00,2018-06-17T09:49:00,174,174
http://irail.be/vehicle/IC3730,http://irail.be/stations/NMBS/008814001,IC,2018-06-17T09:55:00,2018-06-17T09:51:00,137,170
http://irail.be/vehicle/IC3730,http://irail.be/stations/NMBS/008814308,IC,2018-06-17T10:04:00,2018-06-17T10:04:00,184,184
http://irail.be/vehicle/IC3730,http://irail.be/stations/NMBS/008814332,IC,2018-06-17T10:05:00,2018-06-17T10:05:00,184,184
http://irail.be/vehicle/IC3730,http://irail.be/stations/NMBS/008883808,IC,2018-06-17T10:07:00,2018-06-17T10:07:00,142,142
http://irail.be/vehicle/IC3730,http://irail.be/stations/NMBS/008883022,IC,2018-06-17T10:09:00,2018-06-17T10:09:00,145,145
http://irail.be/vehicle/IC3730,NO-URI,IC,2018-06-17T10:09:00,2018-06-17T10:09:00,155,155
http://irail.be/vehicle/IC3730,http://irail.be/stations/NMBS/008883006,IC,2018-06-17T10:16:00,2018-06-17T10:14:00,34,93
http://irail.be/vehicle/IC3730,http://irail.be/stations/NMBS/008883113,IC,2018-06-17T10:22:00,2018-06-17T10:21:00,96,51
http://irail.be/vehicle/IC3730,NO-URI,IC,2018-06-17T10:26:00,2018-06-17T10:26:00,79,79
http://irail.be/vehicle/IC3730,http://irail.be/stations/NMBS/008883121,IC,2018-06-17T10:26:00,2018-06-17T10:26:00,128,128
http://irail.be/vehicle/IC3730,http://irail.be/stations/NMBS/008881174,IC,2018-06-17T10:27:00,2018-06-17T10:27:00,192,192
http://irail.be/vehicle/IC3730,http://irail.be/stations/NMBS/008881166,IC,2018-06-17T10:31:00,2018-06-17T10:30:00,224,245
http://irail.be/vehicle/IC3730,http://irail.be/stations/NMBS/008881158,IC,2018-06-17T10:34:00,2018-06-17T10:34:00,231,231
http://irail.be/vehicle/IC3730,http://irail.be/stations/NMBS/008881125,IC,2018-06-17T10:35:00,2018-06-17T10:35:00,291,291
http://irail.be/vehicle/IC3730,http://irail.be/stations/NMBS/008881000,IC,2018-06-17T10:40:00,2018-06-17T10:40:00,,223
http://irail.be/vehicle/IC3730,http://irail.be/stations/NMBS/008819406,IC,2018-05-16T09:31:00,2018-05-16T09:31:00,85,
http://irail.be/vehicle/IC3730,http://irail.be/stations/NMBS/008811007,IC,2018-05-16T09:38:00,2018-05-16T09:38:00,221,221
http://irail.be/vehicle/IC3730,http://irail.be/stations/NMBS/008812005,IC,2018-05-16T09:43:00,2018-05-16T09:41:00,282,305
http://irail.be/vehicle/IC3730,http://irail.be/stations/NMBS/008813045,IC,2018-05-16T09:45:00,2018-05-16T09:45:00,281,281
http://irail.be/vehicle/IC3730,http://irail.be/stations/NMBS/008813003,IC,2018-05-16T09:47:00,2018-05-16T09:46:00,307,315
http://irail.be/vehicle/IC3730,http://irail.be/stations/NMBS/008813037,IC,2018-05-16T09:49:00,2018-05-16T09:49:00,307,307
http://irail.be/vehicle/IC3730,http://irail.be/stations/NMBS/008814001,IC,2018-05-16T09:55:00,2018-05-16T09:51:00,157,322
http://irail.be/vehicle/IC3730,http://irail.be/stations/NMBS/008814308,IC,2018-05-16T10:05:00,2018-05-16T10:05:00,31,31
http://irail.be/vehicle/IC3730,http://irail.be/stations/NMBS/008814332,IC,2018-05-16T10:06:00,2018-05-16T10:06:00,34,34
http://irail.be/vehicle/IC3730,http://irail.be/stations/NMBS/008883808,IC,2018-05-16T10:07:00,2018-05-16T10:07:00,55,55
http://irail.be/vehicle/IC3730,http://irail.be/stations/NMBS/008883022,IC,2018-05-16T10:10:00,2018-05-16T10:10:00,80,80
http://irail.be/vehicle/IC3730,NO-URI,IC,2018-05-16T10:10:00,2018-05-16T10:10:00,178,178
http://irail.be/vehicle/IC3730,http://irail.be/stations/NMBS/008883006,IC,2018-05-16T10:17:00,2018-05-16T10:15:00,63,156
http://irail.be/vehicle/IC3730,http://irail.be/stations/NMBS/008883113,IC,2018-05-16T10:23:00,2018-05-16T10:22:00,57,-17
http://irail.be/vehicle/IC3730,NO-URI,IC,2018-05-16T10:27:00,2018-05-16T10:27:00,-12,-12
http://irail.be/vehicle/IC3730,http://irail.be/stations/NMBS/008883121,IC,2018-05-16T10:27:00,2018-05-16T10:27:00,-2,-2
http://irail.be/vehicle/IC3730,http://irail.be/stations/NMBS/008881174,IC,2018-05-16T10:29:00,2018-05-16T10:29:00,-35,-35
http://irail.be/vehicle/IC3730,http://irail.be/stations/NMBS/008881166,IC,2018-05-16T10:32:00,2018-05-16T10:31:00,4,-8
http://irail.be/vehicle/IC3730,http://irail.be/stations/NMBS/008881158,IC,2018-05-16T10:35:00,2018-05-16T10:35:00,4,4
http://irail.be/vehicle/IC3730,http://irail.be/stations/NMBS/008881125,IC,2018-05-16T10:37:00,2018-05-16T10:37:00,-74,-74
http://irail.be/vehicle/IC3730,http://irail.be/stations/NMBS/008881000,IC,2018-05-16T10:42:00,2018-05-16T10:42:00,,-51
http://irail.be/vehicle/IC3730,http://irail.be/stations/NMBS/008819406,IC,2018-04-06T09:31:00,2018-04-06T09:31:00,132,
http://irail.be/vehicle/IC3730,http://irail.be/stations/NMBS/008811007,IC,2018-04-06T09:38:00,2018-04-06T09:38:00,126,126
http://irail.be/vehicle/IC3730,http://irail.be/stations/NMBS/008812005,IC,2018-04-06T09:43:00,2018-04-06T09:41:00,130,153
http://irail.be/vehicle/IC3730,http://irail.be/stations/NMBS/008813045,IC,2018-04-06T09:45:00,2018-04-06T09:45:00,124,124
http://irail.be/vehicle/IC3730,http://irail.be/stations/NMBS/008813003,IC,2018-04-06T09:47:00,2018-04-06T09:46:00,164,154
http://irail.be/vehicle/IC3730,http://irail.be/stations/NMBS/008813037,IC,2018-04-06T09:49:00,2018-04-06T09:49:00,164,164
http://irail.be/vehicle/IC3730,http://irail.be/stations/NMBS/008814001,IC,2018-04-06T09:55:00,2018-04-06T09:51:00,132,171
http://irail.be/vehicle/IC3730,http://irail.be/stations/NMBS/008814373,IC,2018-04-06T10:01:41,2018-04-06T10:01:41,-115,-115
http://irail.be/vehicle/IC3730,http://irail.be/stations/NMBS/008814365,IC,2018-04-06T10:01:00,2018-04-06T10:01:00,107,107
http://irail.be/vehicle/IC3730,http://irail.be/stations/NMBS/008814357,IC,2018-04-06T10:03:00,2018-04-06T10:03:00,107,107
http://irail.be/vehicle/IC3730,http://irail.be/stations/NMBS/008814340,IC,2018-04-06T10:04:00,2018-04-06T10:04:00,90,90
http://irail.be/vehicle/IC3730,http://irail.be/stations/NMBS/008814308,IC,2018-04-06T10:05:00,2018-04-06T10:05:00,93,93
http://irail.be/vehicle/IC3730,http://irail.be/stations/NMBS/008814332,IC,2018-04-06T10:06:00,2018-04-06T10:06:00,87,87
http://irail.be/vehicle/IC3730,http://irail.be/stations/NMBS/008883808,IC,2018-04-06T10:07:00,2018-04-06T10:07:00,94,94
http://irail.be/vehicle/IC3730,http://irail.be/stations/NMBS/008883022,IC,2018-04-06T10:10:00,2018-04-06T10:10:00,40,40
http://irail.be/vehicle/IC3730,NO-URI,IC,2018-04-06T10:10:00,2018-04-06T10:10:00,43,43
http://irail.be/vehicle/IC3730,http://irail.be/stations/NMBS/008883006,IC,2018-04-06T10:17:00,2018-04-06T10:15:00,32,-21
http://irail.be/vehicle/IC3730,http://irail.be/stations/NMBS/008883113,IC,2018-04-06T10:23:00,2018-04-06T10:22:00,35,-37
http://irail.be/vehicle/IC3730,NO-URI,IC,2018-04-06T10:27:00,2018-04-06T10:27:00,-44,-44
http://irail.be/vehicle/IC3730,http://irail.be/stations/NMBS/008883121,IC,2018-04-06T10:27:00,2018-04-06T10:27:00,-36,-36
http://irail.be/vehicle/IC3730,http://irail.be/stations/NMBS/008881174,IC,2018-04-06T10:29:00,2018-04-06T10:29:00,-78,-78
http://irail.be/vehicle/IC3730,http://irail.be/stations/NMBS/008881166,IC,2018-04-06T10:32:00,2018-04-06T10:31:00,76,-54
http://irail.be/vehicle/IC3730,http://irail.be/stations/NMBS/008881158,IC,2018-04-06T10:35:00,2018-04-06T10:35:00,76,76
http://irail.be/vehicle/IC3730,http://irail.be/stations/NMBS/008881125,IC,2018-04-06T10:37:00,2018-04-06T10:37:00,-5,-5
http://irail.be/vehicle/IC3730,http://irail.be/stations/NMBS/008881000,IC,2018-04-06T10:42:00,2018-04-06T10:42:00,,13
http://irail.be/vehicle/IC3730,http://irail.be/stations/NMBS/008819406,IC,2018-02-16T09:31:00,2018-02-16T09:31:00,96,
http://irail.be/vehicle/IC3730,http://irail.be/stations/NMBS/008811007,IC,2018-02-16T09:38:00,2018-02-16T09:38:00,192,192
http://irail.be/vehicle/IC3730,http://irail.be/stations/NMBS/008812005,IC,2018-02-16T09:43:00,2018-02-16T09:41:00,292,247
http://irail.be/vehicle/IC3730,http://irail.be/stations/NMBS/008813045,IC,2018-02-16T09:45:00,2018-02-16T09:45:00,289,289
http://irail.be/vehicle/IC3730,http://irail.be/stations/NMBS/008813003,IC,2018-02-16T09:47:00,2018-02-16T09:46:00,546,519
http://irail.be/vehicle/IC3730,http://irail.be/stations/NMBS/008813037,IC,2018-02-16T09:48:00,2018-02-16T09:48:00,546,546
http://irail.be/vehicle/IC3730,http://irail.be/stations/NMBS/008814001,IC,2018-02-16T09:55:00,2018-02-16T09:51:00,392,557
http://irail.be/vehicle/IC3730,http://irail.be/stations/NMBS/008814308,IC,2018-02-16T10:05:00,2018-02-16T10:05:00,280,280
http://irail.be/vehicle/IC3730,http://irail.be/stations/NMBS/008814332,IC,2018-02-16T10:06:00,2018-02-16T10:06:00,287,287
http://irail.be/vehicle/IC3730,http://irail.be/stations/NMBS/008883808,IC,2018-02-16T10:07:00,2018-02-16T10:07:00,308,308
http://irail.be/vehicle/IC3730,http://irail.be/stations/NMBS/008883022,IC,2018-02-16T10:10:00,2018-02-16T10:10:00,256,256
http://irail.be/vehicle/IC3730,NO-URI,IC,2018-02-16T10:10:00,2018-02-16T10:10:00,264,264
http://irail.be/vehicle/IC3730,http://irail.be/stations/NMBS/008883006,IC,2018-02-16T10:17:00,2018-02-16T10:15:00,94,165
http://irail.be/vehicle/IC3730,http://irail.be/stations/NMBS/008883113,IC,2018-02-16T10:23:00,2018-02-16T10:22:00,78,54
http://irail.be/vehicle/IC3730,NO-URI,IC,2018-02-16T10:27:00,2018-02-16T10:27:00,32,32
http://irail.be/vehicle/IC3730,http://irail.be/stations/NMBS/008883121,IC,2018-02-16T10:27:00,2018-02-16T10:27:00,41,41
http://irail.be/vehicle/IC3730,http://irail.be/stations/NMBS/008881174,IC,2018-02-16T10:29:00,2018-02-16T10:29:00,9,9
http://irail.be/vehicle/IC3730,http://irail.be/stations/NMBS/008881166,IC,2018-02-16T10:32:00,2018-02-16T10:31:00,48,38
http://irail.be/vehicle/IC3730,http://irail.be/stations/NMBS/008881158,IC,2018-02-16T10:34:00,2018-02-16T10:34:00,48,48
http://irail.be/vehicle/IC3730,http://irail.be/stations/NMBS/008881125,IC,2018-02-16T10:37:00,2018-02-16T10:37:00,-44,-44
http://irail.be/vehicle/IC3730,http://irail.be/stations/NMBS/008881000,IC,2018-02-16T10:42:00,2018-02-16T10:42:00,,-60
http://irail.be/vehicle/IC3730,http://irail.be/stations/NMBS/008819406,IC,2018-01-16T09:31:00,2018-01-16T09:31:00,140,
http://irail.be/vehicle/IC3730,http://irail.be/stations/NMBS/008811007,IC,2018-01-16T09:38:00,2018-01-16T09:38:00,199,199
http://irail.be/vehicle/IC3730,http://irail.be/stations/NMBS/008812005,IC,2018-01-16T09:43:00,2018-01-16T09:41:00,252,217
http://irail.be/vehicle/IC3730,http://irail.be/stations/NMBS/008813045,IC,2018-01-16T09:45:00,2018-01-16T09:45:00,253,253
http://irail.be/vehicle/IC3730,http://irail.be/stations/NMBS/008813003,IC,2018-01-16T09:47:00,2018-01-16T09:46:00,430,404
http://irail.be/vehicle/IC3730,http://irail.be/stations/NMBS/008813037,IC,2018-01-16T09:48:00,2018-01-16T09:48:00,428,428
http://irail.be/vehicle/IC3730,http://irail.be/stations/NMBS/008814001,IC,2018-01-16T09:55:00,2018-01-16T09:51:00,305,462
http://irail.be/vehicle/IC3730,http://irail.be/stations/NMBS/008814365,IC,2018-01-16T10:01:00,2018-01-16T10:01:00,282,282
http://irail.be/vehicle/IC3730,http://irail.be/stations/NMBS/008814357,IC,2018-01-16T10:03:00,2018-01-16T10:03:00,282,282
http://irail.be/vehicle/IC3730,http://irail.be/stations/NMBS/008814340,IC,2018-01-16T10:04:00,2018-01-16T10:04:00,290,290
http://irail.be/vehicle/IC3730,http://irail.be/stations/NMBS/008814308,IC,2018-01-16T10:05:00,2018-01-16T10:05:00,320,320
http://irail.be/vehicle/IC3730,http://irail.be/stations/NMBS/008814332,IC,2018-01-16T10:06:00,2018-01-16T10:06:00,315,315
http://irail.be/vehicle/IC3730,http://irail.be/stations/NMBS/008883808,IC,2018-01-16T10:07:00,2018-01-16T10:07:00,525,525
http://irail.be/vehicle/IC3730,http://irail.be/stations/NMBS/008883022,IC,2018-01-16T10:10:00,2018-01-16T10:10:00,557,557
http://irail.be/vehicle/IC3730,NO-URI,IC,2018-01-16T10:10:00,2018-01-16T10:10:00,606,606
http://irail.be/vehicle/IC3730,http://irail.be/stations/NMBS/008883006,IC,2018-01-16T10:17:00,2018-01-16T10:15:00,637,681
http://irail.be/vehicle/IC3730,http://irail.be/stations/NMBS/008883113,IC,2018-01-16T10:23:00,2018-01-16T10:22:00,591,577
http://irail.be/vehicle/IC3730,NO-URI,IC,2018-01-16T10:27:00,2018-01-16T10:27:00,521,521
http://irail.be/vehicle/IC3730,http://irail.be/stations/NMBS/008883121,IC,2018-01-16T10:27:00,2018-01-16T10:27:00,527,527
http://irail.be/vehicle/IC3730,http://irail.be/stations/NMBS/008881174,IC,2018-01-16T10:29:00,2018-01-16T10:29:00,496,496
http://irail.be/vehicle/IC3730,http://irail.be/stations/NMBS/008881166,IC,2018-01-16T10:32:00,2018-01-16T10:31:00,530,527
http://irail.be/vehicle/IC3730,http://irail.be/stations/NMBS/008881158,IC,2018-01-16T10:34:00,2018-01-16T10:34:00,530,530
http://irail.be/vehicle/IC3730,http://irail.be/stations/NMBS/008881125,IC,2018-01-16T10:37:00,2018-01-16T10:37:00,427,427
http://irail.be/vehicle/IC3730,http://irail.be/stations/NMBS/008881000,IC,2018-01-16T10:42:00,2018-01-16T10:42:00,,420
http://irail.be/vehicle/IC3730,http://irail.be/stations/NMBS/008819406,IC,2018-08-07T09:31:00,2018-08-07T09:31:00,17,
http://irail.be/vehicle/IC3730,http://irail.be/stations/NMBS/008811007,IC,2018-08-07T09:38:00,2018-08-07T09:38:00,7,7
http://irail.be/vehicle/IC3730,http://irail.be/stations/NMBS/008812005,IC,2018-08-07T09:43:00,2018-08-07T09:41:00,-1,31
http://irail.be/vehicle/IC3730,http://irail.be/stations/NMBS/008813045,IC,2018-08-07T09:45:00,2018-08-07T09:45:00,-1,-1
http://irail.be/vehicle/IC3730,http://irail.be/stations/NMBS/008813003,IC,2018-08-07T09:47:00,2018-08-07T09:46:00,36,28
http://irail.be/vehicle/IC3730,http://irail.be/stations/NMBS/008813037,IC,2018-08-07T09:49:00,2018-08-07T09:49:00,36,36
http://irail.be/vehicle/IC3730,http://irail.be/stations/NMBS/008814001,IC,2018-08-07T09:55:00,2018-08-07T09:51:00,54,62
http://irail.be/vehicle/IC3730,http://irail.be/stations/NMBS/008814308,IC,2018-08-07T10:05:00,2018-08-07T10:05:00,50,50
http://irail.be/vehicle/IC3730,http://irail.be/stations/NMBS/008814332,IC,2018-08-07T10:06:00,2018-08-07T10:06:00,49,49
http://irail.be/vehicle/IC3730,http://irail.be/stations/NMBS/008883808,IC,2018-08-07T10:07:00,2018-08-07T10:07:00,55,55
http://irail.be/vehicle/IC3730,http://irail.be/stations/NMBS/008883022,IC,2018-08-07T10:10:00,2018-08-07T10:10:00,-1,-1
http://irail.be/vehicle/IC3730,NO-URI,IC,2018-08-07T10:10:00,2018-08-07T10:10:00,5,5
http://irail.be/vehicle/IC3730,http://irail.be/stations/NMBS/008883006,IC,2018-08-07T10:17:00,2018-08-07T10:15:00,36,-57
http://irail.be/vehicle/IC3730,http://irail.be/stations/NMBS/008883113,IC,2018-08-07T10:23:00,2018-08-07T10:22:00,17,-41
http://irail.be/vehicle/IC3730,NO-URI,IC,2018-08-07T10:27:00,2018-08-07T10:27:00,-60,-60
http://irail.be/vehicle/IC3730,http://irail.be/stations/NMBS/008883121,IC,2018-08-07T10:27:00,2018-08-07T10:27:00,-51,-51
http://irail.be/vehicle/IC3730,http://irail.be/stations/NMBS/008881174,IC,2018-08-07T10:29:00,2018-08-07T10:29:00,-96,-96
http://irail.be/vehicle/IC3730,http://irail.be/stations/NMBS/008881166,IC,2018-08-07T10:32:00,2018-08-07T10:31:00,-28,-70
http://irail.be/vehicle/IC3730,http://irail.be/stations/NMBS/008881158,IC,2018-08-07T10:35:00,2018-08-07T10:35:00,-28,-28
http://irail.be/vehicle/IC3730,http://irail.be/stations/NMBS/008881125,IC,2018-08-07T10:36:00,2018-08-07T10:36:00,-53,-53
http://irail.be/vehicle/IC3730,http://irail.be/stations/NMBS/008881000,IC,2018-08-07T10:42:00,2018-08-07T10:42:00,,-131
http://irail.be/vehicle/IC3730,http://irail.be/stations/NMBS/008819406,IC,2018-11-12T09:31:00,2018-11-12T09:31:00,1126,
http://irail.be/vehicle/IC3730,http://irail.be/stations/NMBS/008811007,IC,2018-11-12T09:38:00,2018-11-12T09:38:00,1146,1146
http://irail.be/vehicle/IC3730,http://irail.be/stations/NMBS/008812005,IC,2018-11-12T09:43:00,2018-11-12T09:41:00,1072,1144
http://irail.be/vehicle/IC3730,http://irail.be/stations/NMBS/008813045,IC,2018-11-12T09:45:00,2018-11-12T09:45:00,1064,1064
http://irail.be/vehicle/IC3730,http://irail.be/stations/NMBS/008813003,IC,2018-11-12T09:47:00,2018-11-12T09:46:00,1155,1156
http://irail.be/vehicle/IC3730,http://irail.be/stations/NMBS/008813037,IC,2018-11-12T09:49:00,2018-11-12T09:49:00,1155,1155
http://irail.be/vehicle/IC3730,http://irail.be/stations/NMBS/008814001,IC,2018-11-12T09:55:00,2018-11-12T09:51:00,1051,1222
http://irail.be/vehicle/IC3730,http://irail.be/stations/NMBS/008814308,IC,2018-11-12T10:05:00,2018-11-12T10:05:00,927,927
http://irail.be/vehicle/IC3730,http://irail.be/stations/NMBS/008814332,IC,2018-11-12T10:06:00,2018-11-12T10:06:00,931,931
http://irail.be/vehicle/IC3730,http://irail.be/stations/NMBS/008883808,IC,2018-11-12T10:07:00,2018-11-12T10:07:00,944,944
http://irail.be/vehicle/IC3730,http://irail.be/stations/NMBS/008883022,IC,2018-11-12T10:10:00,2018-11-12T10:10:00,891,891
http://irail.be/vehicle/IC3730,NO-URI,IC,2018-11-12T10:10:00,2018-11-12T10:10:00,899,899
http://irail.be/vehicle/IC3730,http://irail.be/stations/NMBS/008883006,IC,2018-11-12T10:17:00,2018-11-12T10:15:00,711,803
http://irail.be/vehicle/IC3730,http://irail.be/stations/NMBS/008883113,IC,2018-11-12T10:23:00,2018-11-12T10:22:00,649,642
http://irail.be/vehicle/IC3730,NO-URI,IC,2018-11-12T10:27:00,2018-11-12T10:27:00,573,573
http://irail.be/vehicle/IC3730,http://irail.be/stations/NMBS/008883121,IC,2018-11-12T10:27:00,2018-11-12T10:27:00,581,581
http://irail.be/vehicle/IC3730,http://irail.be/stations/NMBS/008881174,IC,2018-11-12T10:29:00,2018-11-12T10:29:00,540,540
http://irail.be/vehicle/IC3730,http://irail.be/stations/NMBS/008881166,IC,2018-11-12T10:32:00,2018-11-12T10:31:00,570,565
http://irail.be/vehicle/IC3730,http://irail.be/stations/NMBS/008881158,IC,2018-11-12T10:34:00,2018-11-12T10:34:00,570,570
http://irail.be/vehicle/IC3730,http://irail.be/stations/NMBS/008881125,IC,2018-11-12T10:36:00,2018-11-12T10:36:00,525,525
http://irail.be/vehicle/IC3730,http://irail.be/stations/NMBS/008881000,IC,2018-11-12T10:42:00,2018-11-12T10:42:00,,438
http://irail.be/vehicle/IC3730,http://irail.be/stations/NMBS/008819406,IC,2018-04-20T09:31:00,2018-04-20T09:31:00,26,
http://irail.be/vehicle/IC3730,http://irail.be/stations/NMBS/008811007,IC,2018-04-20T09:38:00,2018-04-20T09:38:00,241,241
http://irail.be/vehicle/IC3730,http://irail.be/stations/NMBS/008812005,IC,2018-04-20T09:43:00,2018-04-20T09:41:00,302,239
http://irail.be/vehicle/IC3730,http://irail.be/stations/NMBS/008813045,IC,2018-04-20T09:45:00,2018-04-20T09:45:00,300,300
http://irail.be/vehicle/IC3730,http://irail.be/stations/NMBS/008813003,IC,2018-04-20T09:47:00,2018-04-20T09:46:00,354,334
http://irail.be/vehicle/IC3730,http://irail.be/stations/NMBS/008813037,IC,2018-04-20T09:49:00,2018-04-20T09:49:00,354,354
http://irail.be/vehicle/IC3730,http://irail.be/stations/NMBS/008814001,IC,2018-04-20T09:55:00,2018-04-20T09:51:00,329,359
http://irail.be/vehicle/IC3730,http://irail.be/stations/NMBS/008814373,IC,2018-04-20T10:01:41,2018-04-20T10:01:41,89,89
http://irail.be/vehicle/IC3730,http://irail.be/stations/NMBS/008814365,IC,2018-04-20T10:01:00,2018-04-20T10:01:00,300,300
http://irail.be/vehicle/IC3730,http://irail.be/stations/NMBS/008814357,IC,2018-04-20T10:03:00,2018-04-20T10:03:00,300,300
http://irail.be/vehicle/IC3730,http://irail.be/stations/NMBS/008814340,IC,2018-04-20T10:04:00,2018-04-20T10:04:00,321,321
http://irail.be/vehicle/IC3730,http://irail.be/stations/NMBS/008814308,IC,2018-04-20T10:05:00,2018-04-20T10:05:00,553,553
http://irail.be/vehicle/IC3730,http://irail.be/stations/NMBS/008814332,IC,2018-04-20T10:06:00,2018-04-20T10:06:00,637,637
http://irail.be/vehicle/IC3730,http://irail.be/stations/NMBS/008883808,IC,2018-04-20T10:07:00,2018-04-20T10:07:00,669,669
http://irail.be/vehicle/IC3730,http://irail.be/stations/NMBS/008883022,IC,2018-04-20T10:10:00,2018-04-20T10:10:00,619,619
http://irail.be/vehicle/IC3730,NO-URI,IC,2018-04-20T10:10:00,2018-04-20T10:10:00,625,625
http://irail.be/vehicle/IC3730,http://irail.be/stations/NMBS/008883006,IC,2018-04-20T10:17:00,2018-04-20T10:15:00,584,692
http://irail.be/vehicle/IC3730,http://irail.be/stations/NMBS/008883113,IC,2018-04-20T10:23:00,2018-04-20T10:22:00,526,515
http://irail.be/vehicle/IC3730,NO-URI,IC,2018-04-20T10:27:00,2018-04-20T10:27:00,457,457
http://irail.be/vehicle/IC3730,http://irail.be/stations/NMBS/008883121,IC,2018-04-20T10:27:00,2018-04-20T10:27:00,467,467
http://irail.be/vehicle/IC3730,http://irail.be/stations/NMBS/008881174,IC,2018-04-20T10:29:00,2018-04-20T10:29:00,497,497
http://irail.be/vehicle/IC3730,http://irail.be/stations/NMBS/008881166,IC,2018-04-20T10:32:00,2018-04-20T10:31:00,506,523
http://irail.be/vehicle/IC3730,http://irail.be/stations/NMBS/008881158,IC,2018-04-20T10:35:00,2018-04-20T10:35:00,506,506
http://irail.be/vehicle/IC3730,http://irail.be/stations/NMBS/008881125,IC,2018-04-20T10:37:00,2018-04-20T10:37:00,434,434
http://irail.be/vehicle/IC3730,http://irail.be/stations/NMBS/008881000,IC,2018-04-20T10:42:00,2018-04-20T10:42:00,,473
http://irail.be/vehicle/IC3730,http://irail.be/stations/NMBS/008819406,IC,2018-05-18T09:31:00,2018-05-18T09:31:00,33,
http://irail.be/vehicle/IC3730,http://irail.be/stations/NMBS/008811007,IC,2018-05-18T09:38:00,2018-05-18T09:38:00,14,14
http://irail.be/vehicle/IC3730,http://irail.be/stations/NMBS/008812005,IC,2018-05-18T09:43:00,2018-05-18T09:41:00,78,45
http://irail.be/vehicle/IC3730,http://irail.be/stations/NMBS/008813045,IC,2018-05-18T09:45:00,2018-05-18T09:45:00,82,82
http://irail.be/vehicle/IC3730,http://irail.be/stations/NMBS/008813003,IC,2018-05-18T09:47:00,2018-05-18T09:46:00,126,109
http://irail.be/vehicle/IC3730,http://irail.be/stations/NMBS/008813037,IC,2018-05-18T09:49:00,2018-05-18T09:49:00,126,126
http://irail.be/vehicle/IC3730,http://irail.be/stations/NMBS/008814001,IC,2018-05-18T09:55:00,2018-05-18T09:51:00,51,133
http://irail.be/vehicle/IC3730,http://irail.be/stations/NMBS/008814308,IC,2018-05-18T10:05:00,2018-05-18T10:05:00,38,38
http://irail.be/vehicle/IC3730,http://irail.be/stations/NMBS/008814332,IC,2018-05-18T10:06:00,2018-05-18T10:06:00,38,38
http://irail.be/vehicle/IC3730,http://irail.be/stations/NMBS/008883808,IC,2018-05-18T10:07:00,2018-05-18T10:07:00,118,118
http://irail.be/vehicle/IC3730,http://irail.be/stations/NMBS/008883022,IC,2018-05-18T10:10:00,2018-05-18T10:10:00,96,96
http://irail.be/vehicle/IC3730,NO-URI,IC,2018-05-18T10:10:00,2018-05-18T10:10:00,104,104
http://irail.be/vehicle/IC3730,http://irail.be/stations/NMBS/008883006,IC,2018-05-18T10:17:00,2018-05-18T10:15:00,92,121
http://irail.be/vehicle/IC3730,http://irail.be/stations/NMBS/008883113,IC,2018-05-18T10:23:00,2018-05-18T10:22:00,34,25
http://irail.be/vehicle/IC3730,NO-URI,IC,2018-05-18T10:27:00,2018-05-18T10:27:00,-28,-28
http://irail.be/vehicle/IC3730,http://irail.be/stations/NMBS/008883121,IC,2018-05-18T10:27:00,2018-05-18T10:27:00,-17,-17
http://irail.be/vehicle/IC3730,http://irail.be/stations/NMBS/008881174,IC,2018-05-18T10:29:00,2018-05-18T10:29:00,-54,-54
http://irail.be/vehicle/IC3730,http://irail.be/stations/NMBS/008881166,IC,2018-05-18T10:32:00,2018-05-18T10:31:00,8,-27
http://irail.be/vehicle/IC3730,http://irail.be/stations/NMBS/008881158,IC,2018-05-18T10:35:00,2018-05-18T10:35:00,8,8
http://irail.be/vehicle/IC3730,http://irail.be/stations/NMBS/008881125,IC,2018-05-18T10:37:00,2018-05-18T10:37:00,-68,-68
http://irail.be/vehicle/IC3730,http://irail.be/stations/NMBS/008881000,IC,2018-05-18T10:42:00,2018-05-18T10:42:00,,-87
http://irail.be/vehicle/IC3730,http://irail.be/stations/NMBS/008819406,IC,2018-07-15T09:31:00,2018-07-15T09:31:00,-1,
http://irail.be/vehicle/IC3730,http://irail.be/stations/NMBS/008811007,IC,2018-07-15T09:38:00,2018-07-15T09:38:00,29,29
http://irail.be/vehicle/IC3730,http://irail.be/stations/NMBS/008812005,IC,2018-07-15T09:43:00,2018-07-15T09:41:00,321,374
http://irail.be/vehicle/IC3730,http://irail.be/stations/NMBS/008813045,IC,2018-07-15T09:45:00,2018-07-15T09:45:00,323,323
http://irail.be/vehicle/IC3730,http://irail.be/stations/NMBS/008813003,IC,2018-07-15T09:47:00,2018-07-15T09:46:00,523,457
http://irail.be/vehicle/IC3730,http://irail.be/stations/NMBS/008813037,IC,2018-07-15T09:49:00,2018-07-15T09:49:00,523,523
http://irail.be/vehicle/IC3730,http://irail.be/stations/NMBS/008814001,IC,2018-07-15T09:55:00,2018-07-15T09:51:00,655,525
http://irail.be/vehicle/IC3730,http://irail.be/stations/NMBS/008814308,IC,2018-07-15T10:04:00,2018-07-15T10:04:00,622,622
http://irail.be/vehicle/IC3730,http://irail.be/stations/NMBS/008814332,IC,2018-07-15T10:05:00,2018-07-15T10:05:00,618,618
http://irail.be/vehicle/IC3730,http://irail.be/stations/NMBS/008883808,IC,2018-07-15T10:07:00,2018-07-15T10:07:00,572,572
http://irail.be/vehicle/IC3730,http://irail.be/stations/NMBS/008883022,IC,2018-07-15T10:09:00,2018-07-15T10:09:00,578,578
http://irail.be/vehicle/IC3730,NO-URI,IC,2018-07-15T10:09:00,2018-07-15T10:09:00,587,587
http://irail.be/vehicle/IC3730,http://irail.be/stations/NMBS/008883006,IC,2018-07-15T10:16:00,2018-07-15T10:14:00,441,526
http://irail.be/vehicle/IC3730,http://irail.be/stations/NMBS/008883113,IC,2018-07-15T10:22:00,2018-07-15T10:21:00,464,417
http://irail.be/vehicle/IC3730,NO-URI,IC,2018-07-15T10:26:00,2018-07-15T10:26:00,435,435
http://irail.be/vehicle/IC3730,http://irail.be/stations/NMBS/008883121,IC,2018-07-15T10:26:00,2018-07-15T10:26:00,445,445
http://irail.be/vehicle/IC3730,http://irail.be/stations/NMBS/008881174,IC,2018-07-15T10:27:00,2018-07-15T10:27:00,466,466
http://irail.be/vehicle/IC3730,http://irail.be/stations/NMBS/008881166,IC,2018-07-15T10:31:00,2018-07-15T10:30:00,478,454
http://irail.be/vehicle/IC3730,http://irail.be/stations/NMBS/008881158,IC,2018-07-15T10:34:00,2018-07-15T10:34:00,478,478
http://irail.be/vehicle/IC3730,http://irail.be/stations/NMBS/008881125,IC,2018-07-15T10:35:00,2018-07-15T10:35:00,487,487
http://irail.be/vehicle/IC3730,http://irail.be/stations/NMBS/008881000,IC,2018-07-15T10:40:00,2018-07-15T10:40:00,,469
http://irail.be/vehicle/IC3730,http://irail.be/stations/NMBS/008819406,IC,2018-05-03T09:31:00,2018-05-03T09:31:00,366,
http://irail.be/vehicle/IC3730,http://irail.be/stations/NMBS/008811007,IC,2018-05-03T09:38:00,2018-05-03T09:38:00,399,399
http://irail.be/vehicle/IC3730,http://irail.be/stations/NMBS/008812005,IC,2018-05-03T09:43:00,2018-05-03T09:41:00,444,475
http://irail.be/vehicle/IC3730,http://irail.be/stations/NMBS/008813045,IC,2018-05-03T09:45:00,2018-05-03T09:45:00,441,441
http://irail.be/vehicle/IC3730,http://irail.be/stations/NMBS/008813003,IC,2018-05-03T09:47:00,2018-05-03T09:46:00,533,502
http://irail.be/vehicle/IC3730,http://irail.be/stations/NMBS/008813037,IC,2018-05-03T09:49:00,2018-05-03T09:49:00,533,533
http://irail.be/vehicle/IC3730,http://irail.be/stations/NMBS/008814001,IC,2018-05-03T09:55:00,2018-05-03T09:51:00,598,557
http://irail.be/vehicle/IC3730,http://irail.be/stations/NMBS/008814308,IC,2018-05-03T10:05:00,2018-05-03T10:05:00,513,513
http://irail.be/vehicle/IC3730,http://irail.be/stations/NMBS/008814332,IC,2018-05-03T10:06:00,2018-05-03T10:06:00,514,514
http://irail.be/vehicle/IC3730,http://irail.be/stations/NMBS/008883808,IC,2018-05-03T10:07:00,2018-05-03T10:07:00,541,541
http://irail.be/vehicle/IC3730,http://irail.be/stations/NMBS/008883022,IC,2018-05-03T10:10:00,2018-05-03T10:10:00,492,492
http://irail.be/vehicle/IC3730,NO-URI,IC,2018-05-03T10:10:00,2018-05-03T10:10:00,500,500
http://irail.be/vehicle/IC3730,http://irail.be/stations/NMBS/008883006,IC,2018-05-03T10:17:00,2018-05-03T10:15:00,356,458
http://irail.be/vehicle/IC3730,http://irail.be/stations/NMBS/008883113,IC,2018-05-03T10:23:00,2018-05-03T10:22:00,313,299
http://irail.be/vehicle/IC3730,NO-URI,IC,2018-05-03T10:27:00,2018-05-03T10:27:00,239,239
http://irail.be/vehicle/IC3730,http://irail.be/stations/NMBS/008883121,IC,2018-05-03T10:27:00,2018-05-03T10:27:00,251,251
http://irail.be/vehicle/IC3730,http://irail.be/stations/NMBS/008881174,IC,2018-05-03T10:29:00,2018-05-03T10:29:00,287,287
http://irail.be/vehicle/IC3730,http://irail.be/stations/NMBS/008881166,IC,2018-05-03T10:32:00,2018-05-03T10:31:00,339,319
http://irail.be/vehicle/IC3730,http://irail.be/stations/NMBS/008881158,IC,2018-05-03T10:35:00,2018-05-03T10:35:00,339,339
http://irail.be/vehicle/IC3730,http://irail.be/stations/NMBS/008881125,IC,2018-05-03T10:37:00,2018-05-03T10:37:00,266,266
http://irail.be/vehicle/IC3730,http://irail.be/stations/NMBS/008881000,IC,2018-05-03T10:42:00,2018-05-03T10:42:00,,193
http://irail.be/vehicle/IC3730,http://irail.be/stations/NMBS/008819406,IC,2018-09-01T09:31:00,2018-09-01T09:31:00,175,
http://irail.be/vehicle/IC3730,http://irail.be/stations/NMBS/008811007,IC,2018-09-01T09:38:00,2018-09-01T09:38:00,510,510
http://irail.be/vehicle/IC3730,http://irail.be/stations/NMBS/008812005,IC,2018-09-01T09:43:00,2018-09-01T09:41:00,515,533
http://irail.be/vehicle/IC3730,http://irail.be/stations/NMBS/008813045,IC,2018-09-01T09:45:00,2018-09-01T09:45:00,523,523
http://irail.be/vehicle/IC3730,http://irail.be/stations/NMBS/008813003,IC,2018-09-01T09:47:00,2018-09-01T09:46:00,687,626
http://irail.be/vehicle/IC3730,http://irail.be/stations/NMBS/008813037,IC,2018-09-01T09:49:00,2018-09-01T09:49:00,687,687
http://irail.be/vehicle/IC3730,http://irail.be/stations/NMBS/008814001,IC,2018-09-01T09:55:00,2018-09-01T09:51:00,621,680
http://irail.be/vehicle/IC3730,http://irail.be/stations/NMBS/008814308,IC,2018-09-01T10:04:00,2018-09-01T10:04:00,598,598
http://irail.be/vehicle/IC3730,http://irail.be/stations/NMBS/008814332,IC,2018-09-01T10:05:00,2018-09-01T10:05:00,596,596
http://irail.be/vehicle/IC3730,http://irail.be/stations/NMBS/008883808,IC,2018-09-01T10:07:00,2018-09-01T10:07:00,556,556
http://irail.be/vehicle/IC3730,http://irail.be/stations/NMBS/008883022,IC,2018-09-01T10:09:00,2018-09-01T10:09:00,560,560
http://irail.be/vehicle/IC3730,NO-URI,IC,2018-09-01T10:09:00,2018-09-01T10:09:00,570,570
http://irail.be/vehicle/IC3730,http://irail.be/stations/NMBS/008883006,IC,2018-09-01T10:16:00,2018-09-01T10:14:00,491,528
http://irail.be/vehicle/IC3730,http://irail.be/stations/NMBS/008883113,IC,2018-09-01T10:22:00,2018-09-01T10:21:00,470,436
http://irail.be/vehicle/IC3730,NO-URI,IC,2018-09-01T10:26:00,2018-09-01T10:26:00,738,738
http://irail.be/vehicle/IC3730,http://irail.be/stations/NMBS/008883121,IC,2018-09-01T10:26:00,2018-09-01T10:26:00,781,781
http://irail.be/vehicle/IC3730,http://irail.be/stations/NMBS/008881174,IC,2018-09-01T10:27:00,2018-09-01T10:27:00,990,990
http://irail.be/vehicle/IC3730,http://irail.be/stations/NMBS/008881166,IC,2018-09-01T10:31:00,2018-09-01T10:30:00,1221,1101
http://irail.be/vehicle/IC3730,http://irail.be/stations/NMBS/008881158,IC,2018-09-01T10:34:00,2018-09-01T10:34:00,1221,1221
http://irail.be/vehicle/IC3730,http://irail.be/stations/NMBS/008881125,IC,2018-09-01T10:35:00,2018-09-01T10:35:00,1284,1284
http://irail.be/vehicle/IC3730,http://irail.be/stations/NMBS/008881000,IC,2018-09-01T10:40:00,2018-09-01T10:40:00,,1272
http://irail.be/vehicle/IC3730,http://irail.be/stations/NMBS/008819406,IC,2018-04-02T09:31:00,2018-04-02T09:31:00,5,
http://irail.be/vehicle/IC3730,http://irail.be/stations/NMBS/008811007,IC,2018-04-02T09:38:00,2018-04-02T09:38:00,102,102
http://irail.be/vehicle/IC3730,http://irail.be/stations/NMBS/008812005,IC,2018-04-02T09:43:00,2018-04-02T09:41:00,140,85
http://irail.be/vehicle/IC3730,http://irail.be/stations/NMBS/008813045,IC,2018-04-02T09:45:00,2018-04-02T09:45:00,148,148
http://irail.be/vehicle/IC3730,http://irail.be/stations/NMBS/008813003,IC,2018-04-02T09:47:00,2018-04-02T09:46:00,218,179
http://irail.be/vehicle/IC3730,http://irail.be/stations/NMBS/008813037,IC,2018-04-02T09:48:00,2018-04-02T09:48:00,219,219
http://irail.be/vehicle/IC3730,http://irail.be/stations/NMBS/008814001,IC,2018-04-02T09:55:00,2018-04-02T09:51:00,168,212
http://irail.be/vehicle/IC3730,http://irail.be/stations/NMBS/008814373,IC,2018-04-02T10:01:43,2018-04-02T10:01:43,216,216
http://irail.be/vehicle/IC3730,http://irail.be/stations/NMBS/008814365,IC,2018-04-02T10:00:00,2018-04-02T10:00:00,505,505
http://irail.be/vehicle/IC3730,http://irail.be/stations/NMBS/008814357,IC,2018-04-02T10:02:00,2018-04-02T10:02:00,505,505
http://irail.be/vehicle/IC3730,http://irail.be/stations/NMBS/008814340,IC,2018-04-02T10:03:00,2018-04-02T10:03:00,489,489
http://irail.be/vehicle/IC3730,http://irail.be/stations/NMBS/008814308,IC,2018-04-02T10:04:00,2018-04-02T10:04:00,499,499
http://irail.be/vehicle/IC3730,http://irail.be/stations/NMBS/008814332,IC,2018-04-02T10:05:00,2018-04-02T10:05:00,491,491
http://irail.be/vehicle/IC3730,http://irail.be/stations/NMBS/008883808,IC,2018-04-02T10:07:00,2018-04-02T10:07:00,438,438
http://irail.be/vehicle/IC3730,http://irail.be/stations/NMBS/008883022,IC,2018-04-02T10:09:00,2018-04-02T10:09:00,443,443
http://irail.be/vehicle/IC3730,NO-URI,IC,2018-04-02T10:09:00,2018-04-02T10:09:00,454,454
http://irail.be/vehicle/IC3730,http://irail.be/stations/NMBS/008883006,IC,2018-04-02T10:16:00,2018-04-02T10:14:00,297,400
http://irail.be/vehicle/IC3730,http://irail.be/stations/NMBS/008883113,IC,2018-04-02T10:22:00,2018-04-02T10:21:00,257,237
http://irail.be/vehicle/IC3730,NO-URI,IC,2018-04-02T10:26:00,2018-04-02T10:26:00,200,200
http://irail.be/vehicle/IC3730,http://irail.be/stations/NMBS/008883121,IC,2018-04-02T10:26:00,2018-04-02T10:26:00,212,212
http://irail.be/vehicle/IC3730,http://irail.be/stations/NMBS/008881174,IC,2018-04-02T10:27:00,2018-04-02T10:27:00,235,235
http://irail.be/vehicle/IC3730,http://irail.be/stations/NMBS/008881166,IC,2018-04-02T10:31:00,2018-04-02T10:30:00,235,221
http://irail.be/vehicle/IC3730,http://irail.be/stations/NMBS/008881158,IC,2018-04-02T10:33:00,2018-04-02T10:33:00,235,235
http://irail.be/vehicle/IC3730,http://irail.be/stations/NMBS/008881125,IC,2018-04-02T10:35:00,2018-04-02T10:35:00,194,194
http://irail.be/vehicle/IC3730,http://irail.be/stations/NMBS/008881000,IC,2018-04-02T10:40:00,2018-04-02T10:40:00,,170
http://irail.be/vehicle/IC3730,http://irail.be/stations/NMBS/008819406,IC,2018-08-25T09:31:00,2018-08-25T09:31:00,-15,
http://irail.be/vehicle/IC3730,http://irail.be/stations/NMBS/008811007,IC,2018-08-25T09:38:00,2018-08-25T09:38:00,23,23
http://irail.be/vehicle/IC3730,http://irail.be/stations/NMBS/008812005,IC,2018-08-25T09:43:00,2018-08-25T09:41:00,145,103
http://irail.be/vehicle/IC3730,http://irail.be/stations/NMBS/008813045,IC,2018-08-25T09:45:00,2018-08-25T09:45:00,150,150
http://irail.be/vehicle/IC3730,http://irail.be/stations/NMBS/008813003,IC,2018-08-25T09:47:00,2018-08-25T09:46:00,344,298
http://irail.be/vehicle/IC3730,http://irail.be/stations/NMBS/008813037,IC,2018-08-25T09:49:00,2018-08-25T09:49:00,344,344
http://irail.be/vehicle/IC3730,http://irail.be/stations/NMBS/008814001,IC,2018-08-25T09:55:00,2018-08-25T09:51:00,224,341
http://irail.be/vehicle/IC3730,http://irail.be/stations/NMBS/008814308,IC,2018-08-25T10:04:00,2018-08-25T10:04:00,173,173
http://irail.be/vehicle/IC3730,http://irail.be/stations/NMBS/008814332,IC,2018-08-25T10:05:00,2018-08-25T10:05:00,170,170
http://irail.be/vehicle/IC3730,http://irail.be/stations/NMBS/008883808,IC,2018-08-25T10:07:00,2018-08-25T10:07:00,121,121
http://irail.be/vehicle/IC3730,http://irail.be/stations/NMBS/008883022,IC,2018-08-25T10:09:00,2018-08-25T10:09:00,130,130
http://irail.be/vehicle/IC3730,NO-URI,IC,2018-08-25T10:09:00,2018-08-25T10:09:00,142,142
http://irail.be/vehicle/IC3730,http://irail.be/stations/NMBS/008883006,IC,2018-08-25T10:16:00,2018-08-25T10:14:00,102,90
http://irail.be/vehicle/IC3730,http://irail.be/stations/NMBS/008883113,IC,2018-08-25T10:22:00,2018-08-25T10:21:00,116,57
http://irail.be/vehicle/IC3730,NO-URI,IC,2018-08-25T10:26:00,2018-08-25T10:26:00,52,52
http://irail.be/vehicle/IC3730,http://irail.be/stations/NMBS/008883121,IC,2018-08-25T10:26:00,2018-08-25T10:26:00,64,64
http://irail.be/vehicle/IC3730,http://irail.be/stations/NMBS/008881174,IC,2018-08-25T10:27:00,2018-08-25T10:27:00,84,84
http://irail.be/vehicle/IC3730,http://irail.be/stations/NMBS/008881166,IC,2018-08-25T10:31:00,2018-08-25T10:30:00,65,72
http://irail.be/vehicle/IC3730,http://irail.be/stations/NMBS/008881158,IC,2018-08-25T10:34:00,2018-08-25T10:34:00,65,65
http://irail.be/vehicle/IC3730,http://irail.be/stations/NMBS/008881125,IC,2018-08-25T10:35:00,2018-08-25T10:35:00,54,54
http://irail.be/vehicle/IC3730,http://irail.be/stations/NMBS/008881000,IC,2018-08-25T10:40:00,2018-08-25T10:40:00,,28
http://irail.be/vehicle/IC3730,http://irail.be/stations/NMBS/008819406,IC,2018-04-18T09:31:00,2018-04-18T09:31:00,268,
http://irail.be/vehicle/IC3730,http://irail.be/stations/NMBS/008811007,IC,2018-04-18T09:38:00,2018-04-18T09:38:00,296,296
http://irail.be/vehicle/IC3730,http://irail.be/stations/NMBS/008812005,IC,2018-04-18T09:43:00,2018-04-18T09:41:00,355,382
http://irail.be/vehicle/IC3730,http://irail.be/stations/NMBS/008813045,IC,2018-04-18T09:45:00,2018-04-18T09:45:00,358,358
http://irail.be/vehicle/IC3730,http://irail.be/stations/NMBS/008813003,IC,2018-04-18T09:47:00,2018-04-18T09:46:00,411,388
http://irail.be/vehicle/IC3730,http://irail.be/stations/NMBS/008813037,IC,2018-04-18T09:49:00,2018-04-18T09:49:00,411,411
http://irail.be/vehicle/IC3730,http://irail.be/stations/NMBS/008814001,IC,2018-04-18T09:55:00,2018-04-18T09:51:00,343,463
http://irail.be/vehicle/IC3730,http://irail.be/stations/NMBS/008814308,IC,2018-04-18T10:05:00,2018-04-18T10:05:00,253,253
http://irail.be/vehicle/IC3730,http://irail.be/stations/NMBS/008814332,IC,2018-04-18T10:06:00,2018-04-18T10:06:00,257,257
http://irail.be/vehicle/IC3730,http://irail.be/stations/NMBS/008883808,IC,2018-04-18T10:07:00,2018-04-18T10:07:00,270,270
http://irail.be/vehicle/IC3730,http://irail.be/stations/NMBS/008883022,IC,2018-04-18T10:10:00,2018-04-18T10:10:00,230,230
http://irail.be/vehicle/IC3730,NO-URI,IC,2018-04-18T10:10:00,2018-04-18T10:10:00,238,238
http://irail.be/vehicle/IC3730,http://irail.be/stations/NMBS/008883006,IC,2018-04-18T10:17:00,2018-04-18T10:15:00,90,183
http://irail.be/vehicle/IC3730,http://irail.be/stations/NMBS/008883113,IC,2018-04-18T10:23:00,2018-04-18T10:22:00,32,25
http://irail.be/vehicle/IC3730,NO-URI,IC,2018-04-18T10:27:00,2018-04-18T10:27:00,-31,-31
http://irail.be/vehicle/IC3730,http://irail.be/stations/NMBS/008883121,IC,2018-04-18T10:27:00,2018-04-18T10:27:00,-21,-21
http://irail.be/vehicle/IC3730,http://irail.be/stations/NMBS/008881174,IC,2018-04-18T10:29:00,2018-04-18T10:29:00,-57,-57
http://irail.be/vehicle/IC3730,http://irail.be/stations/NMBS/008881166,IC,2018-04-18T10:32:00,2018-04-18T10:31:00,-28,-29
http://irail.be/vehicle/IC3730,http://irail.be/stations/NMBS/008881158,IC,2018-04-18T10:35:00,2018-04-18T10:35:00,-28,-28
http://irail.be/vehicle/IC3730,http://irail.be/stations/NMBS/008881125,IC,2018-04-18T10:37:00,2018-04-18T10:37:00,-91,-91
http://irail.be/vehicle/IC3730,http://irail.be/stations/NMBS/008881000,IC,2018-04-18T10:42:00,2018-04-18T10:42:00,,-46
http://irail.be/vehicle/IC3730,http://irail.be/stations/NMBS/008819406,IC,2018-09-08T09:31:00,2018-09-08T09:31:00,-4,
http://irail.be/vehicle/IC3730,http://irail.be/stations/NMBS/008811007,IC,2018-09-08T09:38:00,2018-09-08T09:38:00,36,36
http://irail.be/vehicle/IC3730,http://irail.be/stations/NMBS/008812005,IC,2018-09-08T09:43:00,2018-09-08T09:41:00,60,83
http://irail.be/vehicle/IC3730,http://irail.be/stations/NMBS/008813045,IC,2018-09-08T09:45:00,2018-09-08T09:45:00,65,65
http://irail.be/vehicle/IC3730,http://irail.be/stations/NMBS/008813003,IC,2018-09-08T09:47:00,2018-09-08T09:46:00,142,94
http://irail.be/vehicle/IC3730,http://irail.be/stations/NMBS/008813037,IC,2018-09-08T09:48:00,2018-09-08T09:48:00,144,144
http://irail.be/vehicle/IC3730,http://irail.be/stations/NMBS/008814001,IC,2018-09-08T09:55:00,2018-09-08T09:51:00,230,327
http://irail.be/vehicle/IC3730,http://irail.be/stations/NMBS/008814308,IC,2018-09-08T10:04:00,2018-09-08T10:04:00,251,251
http://irail.be/vehicle/IC3730,http://irail.be/stations/NMBS/008814332,IC,2018-09-08T10:05:00,2018-09-08T10:05:00,250,250
http://irail.be/vehicle/IC3730,http://irail.be/stations/NMBS/008883808,IC,2018-09-08T10:07:00,2018-09-08T10:07:00,217,217
http://irail.be/vehicle/IC3730,http://irail.be/stations/NMBS/008883022,IC,2018-09-08T10:09:00,2018-09-08T10:09:00,245,245
http://irail.be/vehicle/IC3730,NO-URI,IC,2018-09-08T10:09:00,2018-09-08T10:09:00,256,256
http://irail.be/vehicle/IC3730,http://irail.be/stations/NMBS/008883006,IC,2018-09-08T10:16:00,2018-09-08T10:14:00,197,202
http://irail.be/vehicle/IC3730,http://irail.be/stations/NMBS/008883113,IC,2018-09-08T10:22:00,2018-09-08T10:21:00,197,158
http://irail.be/vehicle/IC3730,NO-URI,IC,2018-09-08T10:26:00,2018-09-08T10:26:00,232,232
http://irail.be/vehicle/IC3730,http://irail.be/stations/NMBS/008883121,IC,2018-09-08T10:26:00,2018-09-08T10:26:00,267,267
http://irail.be/vehicle/IC3730,http://irail.be/stations/NMBS/008881174,IC,2018-09-08T10:27:00,2018-09-08T10:27:00,357,357
http://irail.be/vehicle/IC3730,http://irail.be/stations/NMBS/008881166,IC,2018-09-08T10:31:00,2018-09-08T10:30:00,481,374
http://irail.be/vehicle/IC3730,http://irail.be/stations/NMBS/008881158,IC,2018-09-08T10:33:00,2018-09-08T10:33:00,481,481
http://irail.be/vehicle/IC3730,http://irail.be/stations/NMBS/008881125,IC,2018-09-08T10:35:00,2018-09-08T10:35:00,468,468
http://irail.be/vehicle/IC3730,http://irail.be/stations/NMBS/008881000,IC,2018-09-08T10:40:00,2018-09-08T10:40:00,,420
http://irail.be/vehicle/IC3730,http://irail.be/stations/NMBS/008819406,IC,2018-02-15T09:31:00,2018-02-15T09:31:00,4,
http://irail.be/vehicle/IC3730,http://irail.be/stations/NMBS/008811007,IC,2018-02-15T09:38:00,2018-02-15T09:38:00,233,233
http://irail.be/vehicle/IC3730,http://irail.be/stations/NMBS/008812005,IC,2018-02-15T09:43:00,2018-02-15T09:41:00,234,263
http://irail.be/vehicle/IC3730,http://irail.be/stations/NMBS/008813045,IC,2018-02-15T09:45:00,2018-02-15T09:45:00,220,220
http://irail.be/vehicle/IC3730,http://irail.be/stations/NMBS/008813003,IC,2018-02-15T09:47:00,2018-02-15T09:46:00,388,338
http://irail.be/vehicle/IC3730,http://irail.be/stations/NMBS/008813037,IC,2018-02-15T09:48:00,2018-02-15T09:48:00,388,388
http://irail.be/vehicle/IC3730,http://irail.be/stations/NMBS/008814001,IC,2018-02-15T09:55:00,2018-02-15T09:51:00,423,387
http://irail.be/vehicle/IC3730,http://irail.be/stations/NMBS/008814373,IC,2018-02-15T09:59:00,2018-02-15T09:59:00,432,432
http://irail.be/vehicle/IC3730,http://irail.be/stations/NMBS/008814365,IC,2018-02-15T10:01:00,2018-02-15T10:01:00,450,450
http://irail.be/vehicle/IC3730,http://irail.be/stations/NMBS/008814357,IC,2018-02-15T10:03:00,2018-02-15T10:03:00,450,450
http://irail.be/vehicle/IC3730,http://irail.be/stations/NMBS/008814340,IC,2018-02-15T10:04:00,2018-02-15T10:04:00,461,461
http://irail.be/vehicle/IC3730,http://irail.be/stations/NMBS/008814308,IC,2018-02-15T10:05:00,2018-02-15T10:05:00,529,529
http://irail.be/vehicle/IC3730,http://irail.be/stations/NMBS/008814332,IC,2018-02-15T10:06:00,2018-02-15T10:06:00,584,584
http://irail.be/vehicle/IC3730,http://irail.be/stations/NMBS/008883808,IC,2018-02-15T10:07:00,2018-02-15T10:07:00,637,637
http://irail.be/vehicle/IC3730,http://irail.be/stations/NMBS/008883022,IC,2018-02-15T10:10:00,2018-02-15T10:10:00,584,584
http://irail.be/vehicle/IC3730,NO-URI,IC,2018-02-15T10:10:00,2018-02-15T10:10:00,591,591
http://irail.be/vehicle/IC3730,http://irail.be/stations/NMBS/008883006,IC,2018-02-15T10:17:00,2018-02-15T10:15:00,487,496
http://irail.be/vehicle/IC3730,http://irail.be/stations/NMBS/008883113,IC,2018-02-15T10:23:00,2018-02-15T10:22:00,430,414
http://irail.be/vehicle/IC3730,NO-URI,IC,2018-02-15T10:27:00,2018-02-15T10:27:00,365,365
http://irail.be/vehicle/IC3730,http://irail.be/stations/NMBS/008883121,IC,2018-02-15T10:27:00,2018-02-15T10:27:00,373,373
http://irail.be/vehicle/IC3730,http://irail.be/stations/NMBS/008881174,IC,2018-02-15T10:29:00,2018-02-15T10:29:00,334,334
http://irail.be/vehicle/IC3730,http://irail.be/stations/NMBS/008881166,IC,2018-02-15T10:32:00,2018-02-15T10:31:00,405,364
http://irail.be/vehicle/IC3730,http://irail.be/stations/NMBS/008881158,IC,2018-02-15T10:34:00,2018-02-15T10:34:00,405,405
http://irail.be/vehicle/IC3730,http://irail.be/stations/NMBS/008881125,IC,2018-02-15T10:37:00,2018-02-15T10:37:00,304,304
http://irail.be/vehicle/IC3730,http://irail.be/stations/NMBS/008881000,IC,2018-02-15T10:42:00,2018-02-15T10:42:00,,730
http://irail.be/vehicle/IC3730,http://irail.be/stations/NMBS/008819406,IC,2018-12-24T09:30:00,2018-12-24T09:30:00,0,
http://irail.be/vehicle/IC3730,http://irail.be/stations/NMBS/008811007,IC,2018-12-24T09:37:00,2018-12-24T09:37:00,30,30
http://irail.be/vehicle/IC3730,http://irail.be/stations/NMBS/008812005,IC,2018-12-24T09:43:00,2018-12-24T09:41:00,16,17
http://irail.be/vehicle/IC3730,http://irail.be/stations/NMBS/008813045,IC,2018-12-24T09:45:00,2018-12-24T09:45:00,13,13
http://irail.be/vehicle/IC3730,http://irail.be/stations/NMBS/008813003,IC,2018-12-24T09:48:00,2018-12-24T09:47:00,-12,-1
http://irail.be/vehicle/IC3730,http://irail.be/stations/NMBS/008813037,IC,2018-12-24T09:50:00,2018-12-24T09:50:00,-12,-12
http://irail.be/vehicle/IC3730,http://irail.be/stations/NMBS/008814001,IC,2018-12-24T09:56:00,2018-12-24T09:52:00,85,-13
http://irail.be/vehicle/IC3730,http://irail.be/stations/NMBS/008814308,IC,2018-12-24T10:05:00,2018-12-24T10:05:00,5,5
http://irail.be/vehicle/IC3730,http://irail.be/stations/NMBS/008814332,IC,2018-12-24T10:06:00,2018-12-24T10:06:00,10,10
http://irail.be/vehicle/IC3730,http://irail.be/stations/NMBS/008883808,IC,2018-12-24T10:08:00,2018-12-24T10:08:00,-17,-17
http://irail.be/vehicle/IC3730,http://irail.be/stations/NMBS/008883022,IC,2018-12-24T10:10:00,2018-12-24T10:10:00,5,5
http://irail.be/vehicle/IC3730,NO-URI,IC,2018-12-24T10:11:00,2018-12-24T10:11:00,-42,-42
http://irail.be/vehicle/IC3730,http://irail.be/stations/NMBS/008883006,IC,2018-12-24T10:18:00,2018-12-24T10:16:00,11,-77
http://irail.be/vehicle/IC3730,http://irail.be/stations/NMBS/008883113,IC,2018-12-24T10:24:00,2018-12-24T10:23:00,28,-48
http://irail.be/vehicle/IC3730,NO-URI,IC,2018-12-24T10:27:00,2018-12-24T10:27:00,20,20
http://irail.be/vehicle/IC3730,http://irail.be/stations/NMBS/008883121,IC,2018-12-24T10:28:00,2018-12-24T10:28:00,7,7
http://irail.be/vehicle/IC3730,http://irail.be/stations/NMBS/008881174,IC,2018-12-24T10:29:00,2018-12-24T10:29:00,-11,-11
http://irail.be/vehicle/IC3730,http://irail.be/stations/NMBS/008881166,IC,2018-12-24T10:33:00,2018-12-24T10:32:00,-26,-23
http://irail.be/vehicle/IC3730,http://irail.be/stations/NMBS/008881158,IC,2018-12-24T10:36:00,2018-12-24T10:36:00,-26,-26
http://irail.be/vehicle/IC3730,http://irail.be/stations/NMBS/008881125,IC,2018-12-24T10:37:00,2018-12-24T10:37:00,-46,-46
http://irail.be/vehicle/IC3730,http://irail.be/stations/NMBS/008881000,IC,2018-12-24T10:43:00,2018-12-24T10:43:00,,-148
http://irail.be/vehicle/IC3730,http://irail.be/stations/NMBS/008883006,IC,2018-09-30T10:16:00,2018-09-30T10:16:00,33,
http://irail.be/vehicle/IC3730,http://irail.be/stations/NMBS/008883113,IC,2018-09-30T10:22:00,2018-09-30T10:21:00,109,93
http://irail.be/vehicle/IC3730,NO-URI,IC,2018-09-30T10:26:00,2018-09-30T10:26:00,77,77
http://irail.be/vehicle/IC3730,http://irail.be/stations/NMBS/008883121,IC,2018-09-30T10:26:00,2018-09-30T10:26:00,90,90
http://irail.be/vehicle/IC3730,http://irail.be/stations/NMBS/008881174,IC,2018-09-30T10:27:00,2018-09-30T10:27:00,116,116
http://irail.be/vehicle/IC3730,http://irail.be/stations/NMBS/008881166,IC,2018-09-30T10:31:00,2018-09-30T10:30:00,75,107
http://irail.be/vehicle/IC3730,http://irail.be/stations/NMBS/008881158,IC,2018-09-30T10:34:00,2018-09-30T10:34:00,75,75
http://irail.be/vehicle/IC3730,http://irail.be/stations/NMBS/008881125,IC,2018-09-30T10:35:00,2018-09-30T10:35:00,81,81
http://irail.be/vehicle/IC3730,http://irail.be/stations/NMBS/008881000,IC,2018-09-30T10:40:00,2018-09-30T10:40:00,,27
http://irail.be/vehicle/IC3730,http://irail.be/stations/NMBS/008819406,IC,2018-05-19T09:31:00,2018-05-19T09:31:00,1,
http://irail.be/vehicle/IC3730,http://irail.be/stations/NMBS/008811007,IC,2018-05-19T09:38:00,2018-05-19T09:38:00,-3,-3
http://irail.be/vehicle/IC3730,http://irail.be/stations/NMBS/008812005,IC,2018-05-19T09:43:00,2018-05-19T09:41:00,13,-4
http://irail.be/vehicle/IC3730,http://irail.be/stations/NMBS/008813045,IC,2018-05-19T09:45:00,2018-05-19T09:45:00,11,11
http://irail.be/vehicle/IC3730,http://irail.be/stations/NMBS/008813003,IC,2018-05-19T09:47:00,2018-05-19T09:46:00,51,37
http://irail.be/vehicle/IC3730,http://irail.be/stations/NMBS/008813037,IC,2018-05-19T09:49:00,2018-05-19T09:49:00,51,51
http://irail.be/vehicle/IC3730,http://irail.be/stations/NMBS/008814001,IC,2018-05-19T09:55:00,2018-05-19T09:51:00,36,47
http://irail.be/vehicle/IC3730,http://irail.be/stations/NMBS/008814308,IC,2018-05-19T10:04:00,2018-05-19T10:04:00,89,89
http://irail.be/vehicle/IC3730,http://irail.be/stations/NMBS/008814332,IC,2018-05-19T10:05:00,2018-05-19T10:05:00,87,87
http://irail.be/vehicle/IC3730,http://irail.be/stations/NMBS/008883808,IC,2018-05-19T10:07:00,2018-05-19T10:07:00,41,41
http://irail.be/vehicle/IC3730,http://irail.be/stations/NMBS/008883022,IC,2018-05-19T10:09:00,2018-05-19T10:09:00,50,50
http://irail.be/vehicle/IC3730,NO-URI,IC,2018-05-19T10:09:00,2018-05-19T10:09:00,59,59
http://irail.be/vehicle/IC3730,http://irail.be/stations/NMBS/008883006,IC,2018-05-19T10:16:00,2018-05-19T10:14:00,33,9
http://irail.be/vehicle/IC3730,http://irail.be/stations/NMBS/008883113,IC,2018-05-19T10:22:00,2018-05-19T10:21:00,53,-8
http://irail.be/vehicle/IC3730,NO-URI,IC,2018-05-19T10:26:00,2018-05-19T10:26:00,2,2
http://irail.be/vehicle/IC3730,http://irail.be/stations/NMBS/008883121,IC,2018-05-19T10:26:00,2018-05-19T10:26:00,14,14
http://irail.be/vehicle/IC3730,http://irail.be/stations/NMBS/008881174,IC,2018-05-19T10:27:00,2018-05-19T10:27:00,35,35
http://irail.be/vehicle/IC3730,http://irail.be/stations/NMBS/008881166,IC,2018-05-19T10:31:00,2018-05-19T10:30:00,23,21
http://irail.be/vehicle/IC3730,http://irail.be/stations/NMBS/008881158,IC,2018-05-19T10:34:00,2018-05-19T10:34:00,23,23
http://irail.be/vehicle/IC3730,http://irail.be/stations/NMBS/008881125,IC,2018-05-19T10:35:00,2018-05-19T10:35:00,22,22
http://irail.be/vehicle/IC3730,http://irail.be/stations/NMBS/008881000,IC,2018-05-19T10:40:00,2018-05-19T10:40:00,,1
http://irail.be/vehicle/IC3730,http://irail.be/stations/NMBS/008819406,IC,2018-12-23T09:31:00,2018-12-23T09:31:00,149,
http://irail.be/vehicle/IC3730,http://irail.be/stations/NMBS/008811007,IC,2018-12-23T09:38:00,2018-12-23T09:38:00,124,124
http://irail.be/vehicle/IC3730,http://irail.be/stations/NMBS/008812005,IC,2018-12-23T09:43:00,2018-12-23T09:41:00,75,112
http://irail.be/vehicle/IC3730,http://irail.be/stations/NMBS/008813045,IC,2018-12-23T09:45:00,2018-12-23T09:45:00,79,79
http://irail.be/vehicle/IC3730,http://irail.be/stations/NMBS/008813003,IC,2018-12-23T09:48:00,2018-12-23T09:47:00,53,58
http://irail.be/vehicle/IC3730,http://irail.be/stations/NMBS/008813037,IC,2018-12-23T09:50:00,2018-12-23T09:50:00,53,53
http://irail.be/vehicle/IC3730,http://irail.be/stations/NMBS/008814001,IC,2018-12-23T09:56:00,2018-12-23T09:52:00,22,51
http://irail.be/vehicle/IC3730,http://irail.be/stations/NMBS/008814308,IC,2018-12-23T10:05:00,2018-12-23T10:05:00,211,211
http://irail.be/vehicle/IC3730,http://irail.be/stations/NMBS/008814332,IC,2018-12-23T10:06:00,2018-12-23T10:06:00,215,215
http://irail.be/vehicle/IC3730,http://irail.be/stations/NMBS/008883808,IC,2018-12-23T10:08:00,2018-12-23T10:08:00,186,186
http://irail.be/vehicle/IC3730,http://irail.be/stations/NMBS/008883022,IC,2018-12-23T10:10:00,2018-12-23T10:10:00,194,194
http://irail.be/vehicle/IC3730,NO-URI,IC,2018-12-23T10:10:00,2018-12-23T10:10:00,202,202
http://irail.be/vehicle/IC3730,http://irail.be/stations/NMBS/008883006,IC,2018-12-23T10:17:00,2018-12-23T10:15:00,95,145
http://irail.be/vehicle/IC3730,http://irail.be/stations/NMBS/008883113,IC,2018-12-23T10:23:00,2018-12-23T10:22:00,117,74
http://irail.be/vehicle/IC3730,NO-URI,IC,2018-12-23T10:27:00,2018-12-23T10:27:00,88,88
http://irail.be/vehicle/IC3730,http://irail.be/stations/NMBS/008883121,IC,2018-12-23T10:27:00,2018-12-23T10:27:00,100,100
http://irail.be/vehicle/IC3730,http://irail.be/stations/NMBS/008881174,IC,2018-12-23T10:28:00,2018-12-23T10:28:00,120,120
http://irail.be/vehicle/IC3730,http://irail.be/stations/NMBS/008881166,IC,2018-12-23T10:32:00,2018-12-23T10:31:00,120,107
http://irail.be/vehicle/IC3730,http://irail.be/stations/NMBS/008881158,IC,2018-12-23T10:35:00,2018-12-23T10:35:00,120,120
http://irail.be/vehicle/IC3730,http://irail.be/stations/NMBS/008881125,IC,2018-12-23T10:36:00,2018-12-23T10:36:00,125,125
http://irail.be/vehicle/IC3730,http://irail.be/stations/NMBS/008881000,IC,2018-12-23T10:41:00,2018-12-23T10:41:00,,57
http://irail.be/vehicle/IC3730,http://irail.be/stations/NMBS/008819406,IC,2018-01-14T09:31:00,2018-01-14T09:31:00,593,
http://irail.be/vehicle/IC3730,http://irail.be/stations/NMBS/008811007,IC,2018-01-14T09:38:00,2018-01-14T09:38:00,610,610
http://irail.be/vehicle/IC3730,http://irail.be/stations/NMBS/008812005,IC,2018-01-14T09:43:00,2018-01-14T09:41:00,648,696
http://irail.be/vehicle/IC3730,http://irail.be/stations/NMBS/008813045,IC,2018-01-14T09:45:00,2018-01-14T09:45:00,662,662
http://irail.be/vehicle/IC3730,http://irail.be/stations/NMBS/008813003,IC,2018-01-14T09:47:00,2018-01-14T09:46:00,712,695
http://irail.be/vehicle/IC3730,http://irail.be/stations/NMBS/008813037,IC,2018-01-14T09:48:00,2018-01-14T09:48:00,712,712
http://irail.be/vehicle/IC3730,http://irail.be/stations/NMBS/008814001,IC,2018-01-14T09:55:00,2018-01-14T09:51:00,1585,703
http://irail.be/vehicle/IC3730,http://irail.be/stations/NMBS/008814308,IC,2018-01-14T10:04:00,2018-01-14T10:04:00,1557,1557
http://irail.be/vehicle/IC3730,http://irail.be/stations/NMBS/008814332,IC,2018-01-14T10:05:00,2018-01-14T10:05:00,1554,1554
http://irail.be/vehicle/IC3730,http://irail.be/stations/NMBS/008883808,IC,2018-01-14T10:07:00,2018-01-14T10:07:00,1509,1509
http://irail.be/vehicle/IC3730,http://irail.be/stations/NMBS/008883022,IC,2018-01-14T10:09:00,2018-01-14T10:09:00,1518,1518
http://irail.be/vehicle/IC3730,NO-URI,IC,2018-01-14T10:09:00,2018-01-14T10:09:00,1530,1530
http://irail.be/vehicle/IC3730,http://irail.be/stations/NMBS/008883006,IC,2018-01-14T10:16:00,2018-01-14T10:14:00,1439,1436
http://irail.be/vehicle/IC3730,http://irail.be/stations/NMBS/008883113,IC,2018-01-14T10:22:00,2018-01-14T10:21:00,1464,1428
http://irail.be/vehicle/IC3730,NO-URI,IC,2018-01-14T10:26:00,2018-01-14T10:26:00,1448,1448
http://irail.be/vehicle/IC3730,http://irail.be/stations/NMBS/008883121,IC,2018-01-14T10:26:00,2018-01-14T10:26:00,1462,1462
http://irail.be/vehicle/IC3730,http://irail.be/stations/NMBS/008881174,IC,2018-01-14T10:27:00,2018-01-14T10:27:00,1484,1484
http://irail.be/vehicle/IC3730,http://irail.be/stations/NMBS/008881166,IC,2018-01-14T10:31:00,2018-01-14T10:30:00,1496,1473
http://irail.be/vehicle/IC3730,http://irail.be/stations/NMBS/008881158,IC,2018-01-14T10:33:00,2018-01-14T10:33:00,1496,1496
http://irail.be/vehicle/IC3730,http://irail.be/stations/NMBS/008881125,IC,2018-01-14T10:35:00,2018-01-14T10:35:00,1481,1481
http://irail.be/vehicle/IC3730,http://irail.be/stations/NMBS/008881000,IC,2018-01-14T10:40:00,2018-01-14T10:40:00,,1458
http://irail.be/vehicle/IC3730,http://irail.be/stations/NMBS/008819406,IC,2018-01-02T09:31:00,2018-01-02T09:31:00,-3,
http://irail.be/vehicle/IC3730,http://irail.be/stations/NMBS/008811007,IC,2018-01-02T09:38:00,2018-01-02T09:38:00,141,141
http://irail.be/vehicle/IC3730,http://irail.be/stations/NMBS/008812005,IC,2018-01-02T09:43:00,2018-01-02T09:41:00,167,176
http://irail.be/vehicle/IC3730,http://irail.be/stations/NMBS/008813045,IC,2018-01-02T09:45:00,2018-01-02T09:45:00,164,164
http://irail.be/vehicle/IC3730,http://irail.be/stations/NMBS/008813003,IC,2018-01-02T09:47:00,2018-01-02T09:46:00,315,272
http://irail.be/vehicle/IC3730,http://irail.be/stations/NMBS/008813037,IC,2018-01-02T09:49:00,2018-01-02T09:49:00,315,315
http://irail.be/vehicle/IC3730,http://irail.be/stations/NMBS/008814001,IC,2018-01-02T09:55:00,2018-01-02T09:51:00,192,324
http://irail.be/vehicle/IC3730,http://irail.be/stations/NMBS/008814308,IC,2018-01-02T10:05:00,2018-01-02T10:05:00,67,67
http://irail.be/vehicle/IC3730,http://irail.be/stations/NMBS/008814332,IC,2018-01-02T10:06:00,2018-01-02T10:06:00,70,70
http://irail.be/vehicle/IC3730,http://irail.be/stations/NMBS/008883808,IC,2018-01-02T10:07:00,2018-01-02T10:07:00,250,250
http://irail.be/vehicle/IC3730,http://irail.be/stations/NMBS/008883022,IC,2018-01-02T10:10:00,2018-01-02T10:10:00,249,249
http://irail.be/vehicle/IC3730,NO-URI,IC,2018-01-02T10:10:00,2018-01-02T10:10:00,259,259
http://irail.be/vehicle/IC3730,http://irail.be/stations/NMBS/008883006,IC,2018-01-02T10:17:00,2018-01-02T10:15:00,84,161
http://irail.be/vehicle/IC3730,http://irail.be/stations/NMBS/008883113,IC,2018-01-02T10:23:00,2018-01-02T10:22:00,54,26
http://irail.be/vehicle/IC3730,NO-URI,IC,2018-01-02T10:27:00,2018-01-02T10:27:00,-20,-20
http://irail.be/vehicle/IC3730,http://irail.be/stations/NMBS/008883121,IC,2018-01-02T10:27:00,2018-01-02T10:27:00,-11,-11
http://irail.be/vehicle/IC3730,http://irail.be/stations/NMBS/008881174,IC,2018-01-02T10:29:00,2018-01-02T10:29:00,-51,-51
http://irail.be/vehicle/IC3730,http://irail.be/stations/NMBS/008881166,IC,2018-01-02T10:32:00,2018-01-02T10:31:00,9,-24
http://irail.be/vehicle/IC3730,http://irail.be/stations/NMBS/008881158,IC,2018-01-02T10:35:00,2018-01-02T10:35:00,9,9
http://irail.be/vehicle/IC3730,http://irail.be/stations/NMBS/008881125,IC,2018-01-02T10:37:00,2018-01-02T10:37:00,-72,-72
http://irail.be/vehicle/IC3730,http://irail.be/stations/NMBS/008881000,IC,2018-01-02T10:42:00,2018-01-02T10:42:00,,35
http://irail.be/vehicle/IC3730,http://irail.be/stations/NMBS/008819406,IC,2018-07-09T09:31:00,2018-07-09T09:31:00,199,
http://irail.be/vehicle/IC3730,http://irail.be/stations/NMBS/008811007,IC,2018-07-09T09:38:00,2018-07-09T09:38:00,273,273
http://irail.be/vehicle/IC3730,http://irail.be/stations/NMBS/008812005,IC,2018-07-09T09:43:00,2018-07-09T09:41:00,285,301
http://irail.be/vehicle/IC3730,http://irail.be/stations/NMBS/008813045,IC,2018-07-09T09:45:00,2018-07-09T09:45:00,292,292
http://irail.be/vehicle/IC3730,http://irail.be/stations/NMBS/008813003,IC,2018-07-09T09:47:00,2018-07-09T09:46:00,385,352
http://irail.be/vehicle/IC3730,http://irail.be/stations/NMBS/008813037,IC,2018-07-09T09:49:00,2018-07-09T09:49:00,385,385
http://irail.be/vehicle/IC3730,http://irail.be/stations/NMBS/008814001,IC,2018-07-09T09:55:00,2018-07-09T09:51:00,313,401
http://irail.be/vehicle/IC3730,http://irail.be/stations/NMBS/008814365,IC,2018-07-09T10:01:00,2018-07-09T10:01:00,333,333
http://irail.be/vehicle/IC3730,http://irail.be/stations/NMBS/008814357,IC,2018-07-09T10:03:00,2018-07-09T10:03:00,333,333
http://irail.be/vehicle/IC3730,http://irail.be/stations/NMBS/008814340,IC,2018-07-09T10:04:00,2018-07-09T10:04:00,318,318
http://irail.be/vehicle/IC3730,http://irail.be/stations/NMBS/008814308,IC,2018-07-09T10:05:00,2018-07-09T10:05:00,327,327
http://irail.be/vehicle/IC3730,http://irail.be/stations/NMBS/008814332,IC,2018-07-09T10:06:00,2018-07-09T10:06:00,321,321
http://irail.be/vehicle/IC3730,http://irail.be/stations/NMBS/008883808,IC,2018-07-09T10:07:00,2018-07-09T10:07:00,332,332
http://irail.be/vehicle/IC3730,http://irail.be/stations/NMBS/008883022,IC,2018-07-09T10:10:00,2018-07-09T10:10:00,310,310
http://irail.be/vehicle/IC3730,NO-URI,IC,2018-07-09T10:10:00,2018-07-09T10:10:00,367,367
http://irail.be/vehicle/IC3730,http://irail.be/stations/NMBS/008883006,IC,2018-07-09T10:17:00,2018-07-09T10:15:00,480,567
http://irail.be/vehicle/IC3730,http://irail.be/stations/NMBS/008883113,IC,2018-07-09T10:23:00,2018-07-09T10:22:00,444,413
http://irail.be/vehicle/IC3730,NO-URI,IC,2018-07-09T10:27:00,2018-07-09T10:27:00,504,504
http://irail.be/vehicle/IC3730,http://irail.be/stations/NMBS/008883121,IC,2018-07-09T10:27:00,2018-07-09T10:27:00,593,593
http://irail.be/vehicle/IC3730,http://irail.be/stations/NMBS/008881174,IC,2018-07-09T10:29:00,2018-07-09T10:29:00,603,603
http://irail.be/vehicle/IC3730,http://irail.be/stations/NMBS/008881166,IC,2018-07-09T10:32:00,2018-07-09T10:31:00,667,634
http://irail.be/vehicle/IC3730,http://irail.be/stations/NMBS/008881158,IC,2018-07-09T10:35:00,2018-07-09T10:35:00,667,667
http://irail.be/vehicle/IC3730,http://irail.be/stations/NMBS/008881125,IC,2018-07-09T10:36:00,2018-07-09T10:36:00,648,648
http://irail.be/vehicle/IC3730,http://irail.be/stations/NMBS/008881000,IC,2018-07-09T10:42:00,2018-07-09T10:42:00,,648
http://irail.be/vehicle/IC3730,http://irail.be/stations/NMBS/008819406,IC,2018-08-31T09:31:00,2018-08-31T09:31:00,-6,
http://irail.be/vehicle/IC3730,http://irail.be/stations/NMBS/008811007,IC,2018-08-31T09:38:00,2018-08-31T09:38:00,-8,-8
http://irail.be/vehicle/IC3730,http://irail.be/stations/NMBS/008812005,IC,2018-08-31T09:43:00,2018-08-31T09:41:00,-2,40
http://irail.be/vehicle/IC3730,http://irail.be/stations/NMBS/008813045,IC,2018-08-31T09:45:00,2018-08-31T09:45:00,-8,-8
http://irail.be/vehicle/IC3730,http://irail.be/stations/NMBS/008813003,IC,2018-08-31T09:47:00,2018-08-31T09:46:00,48,41
http://irail.be/vehicle/IC3730,http://irail.be/stations/NMBS/008813037,IC,2018-08-31T09:49:00,2018-08-31T09:49:00,48,48
http://irail.be/vehicle/IC3730,http://irail.be/stations/NMBS/008814001,IC,2018-08-31T09:55:00,2018-08-31T09:51:00,23,56
http://irail.be/vehicle/IC3730,http://irail.be/stations/NMBS/008814308,IC,2018-08-31T10:05:00,2018-08-31T10:05:00,-59,-59
http://irail.be/vehicle/IC3730,http://irail.be/stations/NMBS/008814332,IC,2018-08-31T10:06:00,2018-08-31T10:06:00,-54,-54
http://irail.be/vehicle/IC3730,http://irail.be/stations/NMBS/008883808,IC,2018-08-31T10:07:00,2018-08-31T10:07:00,-36,-36
http://irail.be/vehicle/IC3730,http://irail.be/stations/NMBS/008883022,IC,2018-08-31T10:10:00,2018-08-31T10:10:00,-87,-87
http://irail.be/vehicle/IC3730,NO-URI,IC,2018-08-31T10:10:00,2018-08-31T10:10:00,-80,-80
http://irail.be/vehicle/IC3730,http://irail.be/stations/NMBS/008883006,IC,2018-08-31T10:17:00,2018-08-31T10:15:00,25,-34
http://irail.be/vehicle/IC3730,http://irail.be/stations/NMBS/008883113,IC,2018-08-31T10:23:00,2018-08-31T10:22:00,16,-26
http://irail.be/vehicle/IC3730,NO-URI,IC,2018-08-31T10:27:00,2018-08-31T10:27:00,39,39
http://irail.be/vehicle/IC3730,http://irail.be/stations/NMBS/008883121,IC,2018-08-31T10:27:00,2018-08-31T10:27:00,80,80
http://irail.be/vehicle/IC3730,http://irail.be/stations/NMBS/008881174,IC,2018-08-31T10:29:00,2018-08-31T10:29:00,169,169
http://irail.be/vehicle/IC3730,http://irail.be/stations/NMBS/008881166,IC,2018-08-31T10:32:00,2018-08-31T10:31:00,220,205
http://irail.be/vehicle/IC3730,http://irail.be/stations/NMBS/008881158,IC,2018-08-31T10:35:00,2018-08-31T10:35:00,220,220
http://irail.be/vehicle/IC3730,http://irail.be/stations/NMBS/008881125,IC,2018-08-31T10:36:00,2018-08-31T10:36:00,199,199
http://irail.be/vehicle/IC3730,http://irail.be/stations/NMBS/008881000,IC,2018-08-31T10:42:00,2018-08-31T10:42:00,,152
http://irail.be/vehicle/IC3730,http://irail.be/stations/NMBS/008819406,IC,2018-04-21T09:31:00,2018-04-21T09:31:00,161,
http://irail.be/vehicle/IC3730,http://irail.be/stations/NMBS/008811007,IC,2018-04-21T09:38:00,2018-04-21T09:38:00,548,548
http://irail.be/vehicle/IC3730,http://irail.be/stations/NMBS/008812005,IC,2018-04-21T09:43:00,2018-04-21T09:41:00,661,669
http://irail.be/vehicle/IC3730,http://irail.be/stations/NMBS/008813045,IC,2018-04-21T09:45:00,2018-04-21T09:45:00,669,669
http://irail.be/vehicle/IC3730,http://irail.be/stations/NMBS/008813003,IC,2018-04-21T09:47:00,2018-04-21T09:46:00,939,901
http://irail.be/vehicle/IC3730,http://irail.be/stations/NMBS/008813037,IC,2018-04-21T09:49:00,2018-04-21T09:49:00,939,939
http://irail.be/vehicle/IC3730,http://irail.be/stations/NMBS/008814001,IC,2018-04-21T09:55:00,2018-04-21T09:51:00,929,1034
http://irail.be/vehicle/IC3730,http://irail.be/stations/NMBS/008814308,IC,2018-04-21T10:04:00,2018-04-21T10:04:00,998,998
http://irail.be/vehicle/IC3730,http://irail.be/stations/NMBS/008814332,IC,2018-04-21T10:05:00,2018-04-21T10:05:00,995,995
http://irail.be/vehicle/IC3730,http://irail.be/stations/NMBS/008883808,IC,2018-04-21T10:07:00,2018-04-21T10:07:00,947,947
http://irail.be/vehicle/IC3730,http://irail.be/stations/NMBS/008883022,IC,2018-04-21T10:09:00,2018-04-21T10:09:00,1348,1348
http://irail.be/vehicle/IC3730,NO-URI,IC,2018-04-21T10:09:00,2018-04-21T10:09:00,1394,1394
http://irail.be/vehicle/IC3730,http://irail.be/stations/NMBS/008883006,IC,2018-04-21T10:16:00,2018-04-21T10:14:00,1239,1350
http://irail.be/vehicle/IC3730,http://irail.be/stations/NMBS/008883113,IC,2018-04-21T10:22:00,2018-04-21T10:21:00,1185,1165
http://irail.be/vehicle/IC3730,NO-URI,IC,2018-04-21T10:26:00,2018-04-21T10:26:00,1249,1249
http://irail.be/vehicle/IC3730,http://irail.be/stations/NMBS/008883121,IC,2018-04-21T10:26:00,2018-04-21T10:26:00,1285,1285
http://irail.be/vehicle/IC3730,http://irail.be/stations/NMBS/008881174,IC,2018-04-21T10:27:00,2018-04-21T10:27:00,1367,1367
http://irail.be/vehicle/IC3730,http://irail.be/stations/NMBS/008881166,IC,2018-04-21T10:31:00,2018-04-21T10:30:00,1535,1379
http://irail.be/vehicle/IC3730,http://irail.be/stations/NMBS/008881158,IC,2018-04-21T10:34:00,2018-04-21T10:34:00,1535,1535
http://irail.be/vehicle/IC3730,http://irail.be/stations/NMBS/008881125,IC,2018-04-21T10:35:00,2018-04-21T10:35:00,1536,1536
http://irail.be/vehicle/IC3730,http://irail.be/stations/NMBS/008881000,IC,2018-04-21T10:40:00,2018-04-21T10:40:00,,1471
http://irail.be/vehicle/IC3730,http://irail.be/stations/NMBS/008819406,IC,2018-02-13T09:31:00,2018-02-13T09:31:00,881,
http://irail.be/vehicle/IC3730,http://irail.be/stations/NMBS/008811221,IC,2018-02-13T09:34:06,2018-02-13T09:34:06,1107,1107
http://irail.be/vehicle/IC3730,http://irail.be/stations/NMBS/008811213,IC,2018-02-13T09:35:10,2018-02-13T09:35:10,1244,1244
http://irail.be/vehicle/IC3730,http://irail.be/stations/NMBS/008811130,IC,2018-02-13T09:36:13,2018-02-13T09:36:13,1315,1315
http://irail.be/vehicle/IC3730,http://irail.be/stations/NMBS/008811007,IC,2018-02-13T09:38:00,2018-02-13T09:38:00,1515,1370
http://irail.be/vehicle/IC3730,http://irail.be/stations/NMBS/008812005,IC,2018-02-13T09:43:00,2018-02-13T09:41:00,1453,1513
http://irail.be/vehicle/IC3730,http://irail.be/stations/NMBS/008813045,IC,2018-02-13T09:45:00,2018-02-13T09:45:00,1442,1442
http://irail.be/vehicle/IC3730,http://irail.be/stations/NMBS/008813003,IC,2018-02-13T09:47:00,2018-02-13T09:46:00,1448,1465
http://irail.be/vehicle/IC3730,http://irail.be/stations/NMBS/008813037,IC,2018-02-13T09:49:00,2018-02-13T09:49:00,1448,1448
http://irail.be/vehicle/IC3730,http://irail.be/stations/NMBS/008814001,IC,2018-02-13T09:55:00,2018-02-13T09:51:00,1351,1525
http://irail.be/vehicle/IC3730,http://irail.be/stations/NMBS/008814308,IC,2018-02-13T10:05:00,2018-02-13T10:05:00,1272,1272
http://irail.be/vehicle/IC3730,http://irail.be/stations/NMBS/008814332,IC,2018-02-13T10:06:00,2018-02-13T10:06:00,1337,1337
http://irail.be/vehicle/IC3730,http://irail.be/stations/NMBS/008883808,IC,2018-02-13T10:07:00,2018-02-13T10:07:00,1622,1622
http://irail.be/vehicle/IC3730,http://irail.be/stations/NMBS/008883022,IC,2018-02-13T10:10:00,2018-02-13T10:10:00,1759,1759
http://irail.be/vehicle/IC3730,NO-URI,IC,2018-02-13T10:10:00,2018-02-13T10:10:00,1807,1807
http://irail.be/vehicle/IC3730,http://irail.be/stations/NMBS/008883006,IC,2018-02-13T10:17:00,2018-02-13T10:15:00,1613,1727
http://irail.be/vehicle/IC3730,http://irail.be/stations/NMBS/008883113,IC,2018-02-13T10:23:00,2018-02-13T10:22:00,1506,1531
http://irail.be/vehicle/IC3730,NO-URI,IC,2018-02-13T10:27:00,2018-02-13T10:27:00,1427,1427
http://irail.be/vehicle/IC3730,http://irail.be/stations/NMBS/008883121,IC,2018-02-13T10:27:00,2018-02-13T10:27:00,1432,1432
http://irail.be/vehicle/IC3730,http://irail.be/stations/NMBS/008881174,IC,2018-02-13T10:29:00,2018-02-13T10:29:00,1734,1734
http://irail.be/vehicle/IC3730,http://irail.be/stations/NMBS/008881166,IC,2018-02-13T10:32:00,2018-02-13T10:31:00,1757,1789
http://irail.be/vehicle/IC3730,http://irail.be/stations/NMBS/008881158,IC,2018-02-13T10:35:00,2018-02-13T10:35:00,1757,1757
http://irail.be/vehicle/IC3730,http://irail.be/stations/NMBS/008881125,IC,2018-02-13T10:37:00,2018-02-13T10:37:00,1676,1676
http://irail.be/vehicle/IC3730,http://irail.be/stations/NMBS/008881000,IC,2018-02-13T10:42:00,2018-02-13T10:42:00,,1639
http://irail.be/vehicle/IC3730,http://irail.be/stations/NMBS/008819406,IC,2018-03-27T09:31:00,2018-03-27T09:31:00,609,
http://irail.be/vehicle/IC3730,http://irail.be/stations/NMBS/008811007,IC,2018-03-27T09:38:00,2018-03-27T09:38:00,625,625
http://irail.be/vehicle/IC3730,http://irail.be/stations/NMBS/008812005,IC,2018-03-27T09:43:00,2018-03-27T09:41:00,752,665
http://irail.be/vehicle/IC3730,http://irail.be/stations/NMBS/008813045,IC,2018-03-27T09:45:00,2018-03-27T09:45:00,764,764
http://irail.be/vehicle/IC3730,http://irail.be/stations/NMBS/008813003,IC,2018-03-27T09:47:00,2018-03-27T09:46:00,800,798
http://irail.be/vehicle/IC3730,http://irail.be/stations/NMBS/008813037,IC,2018-03-27T09:49:00,2018-03-27T09:49:00,800,800
http://irail.be/vehicle/IC3730,http://irail.be/stations/NMBS/008814001,IC,2018-03-27T09:55:00,2018-03-27T09:51:00,696,797
http://irail.be/vehicle/IC3730,http://irail.be/stations/NMBS/008814308,IC,2018-03-27T10:05:00,2018-03-27T10:05:00,622,622
http://irail.be/vehicle/IC3730,http://irail.be/stations/NMBS/008814332,IC,2018-03-27T10:06:00,2018-03-27T10:06:00,629,629
http://irail.be/vehicle/IC3730,http://irail.be/stations/NMBS/008883808,IC,2018-03-27T10:07:00,2018-03-27T10:07:00,655,655
http://irail.be/vehicle/IC3730,http://irail.be/stations/NMBS/008883022,IC,2018-03-27T10:10:00,2018-03-27T10:10:00,610,610
http://irail.be/vehicle/IC3730,NO-URI,IC,2018-03-27T10:10:00,2018-03-27T10:10:00,616,616
http://irail.be/vehicle/IC3730,http://irail.be/stations/NMBS/008883006,IC,2018-03-27T10:17:00,2018-03-27T10:15:00,502,576
http://irail.be/vehicle/IC3730,http://irail.be/stations/NMBS/008883113,IC,2018-03-27T10:23:00,2018-03-27T10:22:00,502,470
http://irail.be/vehicle/IC3730,NO-URI,IC,2018-03-27T10:27:00,2018-03-27T10:27:00,436,436
http://irail.be/vehicle/IC3730,http://irail.be/stations/NMBS/008883121,IC,2018-03-27T10:27:00,2018-03-27T10:27:00,447,447
http://irail.be/vehicle/IC3730,http://irail.be/stations/NMBS/008881174,IC,2018-03-27T10:29:00,2018-03-27T10:29:00,408,408
http://irail.be/vehicle/IC3730,http://irail.be/stations/NMBS/008881166,IC,2018-03-27T10:32:00,2018-03-27T10:31:00,445,435
http://irail.be/vehicle/IC3730,http://irail.be/stations/NMBS/008881158,IC,2018-03-27T10:35:00,2018-03-27T10:35:00,445,445
http://irail.be/vehicle/IC3730,http://irail.be/stations/NMBS/008881125,IC,2018-03-27T10:37:00,2018-03-27T10:37:00,372,372
http://irail.be/vehicle/IC3730,http://irail.be/stations/NMBS/008881000,IC,2018-03-27T10:42:00,2018-03-27T10:42:00,,421
http://irail.be/vehicle/IC3730,http://irail.be/stations/NMBS/008819406,IC,2018-08-12T09:31:00,2018-08-12T09:31:00,-20,
http://irail.be/vehicle/IC3730,http://irail.be/stations/NMBS/008811007,IC,2018-08-12T09:38:00,2018-08-12T09:38:00,-18,-18
http://irail.be/vehicle/IC3730,http://irail.be/stations/NMBS/008812005,IC,2018-08-12T09:43:00,2018-08-12T09:41:00,79,17
http://irail.be/vehicle/IC3730,http://irail.be/stations/NMBS/008813045,IC,2018-08-12T09:45:00,2018-08-12T09:45:00,88,88
http://irail.be/vehicle/IC3730,http://irail.be/stations/NMBS/008813003,IC,2018-08-12T09:47:00,2018-08-12T09:46:00,279,262
http://irail.be/vehicle/IC3730,http://irail.be/stations/NMBS/008813037,IC,2018-08-12T09:49:00,2018-08-12T09:49:00,279,279
http://irail.be/vehicle/IC3730,http://irail.be/stations/NMBS/008814001,IC,2018-08-12T09:55:00,2018-08-12T09:51:00,256,323
http://irail.be/vehicle/IC3730,http://irail.be/stations/NMBS/008814365,IC,2018-08-12T10:00:00,2018-08-12T10:00:00,284,284
http://irail.be/vehicle/IC3730,http://irail.be/stations/NMBS/008814357,IC,2018-08-12T10:02:00,2018-08-12T10:02:00,284,284
http://irail.be/vehicle/IC3730,http://irail.be/stations/NMBS/008814340,IC,2018-08-12T10:03:00,2018-08-12T10:03:00,268,268
http://irail.be/vehicle/IC3730,http://irail.be/stations/NMBS/008814308,IC,2018-08-12T10:04:00,2018-08-12T10:04:00,277,277
http://irail.be/vehicle/IC3730,http://irail.be/stations/NMBS/008814332,IC,2018-08-12T10:05:00,2018-08-12T10:05:00,270,270
http://irail.be/vehicle/IC3730,http://irail.be/stations/NMBS/008883808,IC,2018-08-12T10:07:00,2018-08-12T10:07:00,225,225
http://irail.be/vehicle/IC3730,http://irail.be/stations/NMBS/008883022,IC,2018-08-12T10:09:00,2018-08-12T10:09:00,233,233
http://irail.be/vehicle/IC3730,NO-URI,IC,2018-08-12T10:09:00,2018-08-12T10:09:00,244,244
http://irail.be/vehicle/IC3730,http://irail.be/stations/NMBS/008883006,IC,2018-08-12T10:16:00,2018-08-12T10:14:00,204,243
http://irail.be/vehicle/IC3730,http://irail.be/stations/NMBS/008883113,IC,2018-08-12T10:22:00,2018-08-12T10:21:00,207,165
http://irail.be/vehicle/IC3730,NO-URI,IC,2018-08-12T10:26:00,2018-08-12T10:26:00,157,157
http://irail.be/vehicle/IC3730,http://irail.be/stations/NMBS/008883121,IC,2018-08-12T10:26:00,2018-08-12T10:26:00,167,167
http://irail.be/vehicle/IC3730,http://irail.be/stations/NMBS/008881174,IC,2018-08-12T10:27:00,2018-08-12T10:27:00,199,199
http://irail.be/vehicle/IC3730,http://irail.be/stations/NMBS/008881166,IC,2018-08-12T10:31:00,2018-08-12T10:30:00,221,196
http://irail.be/vehicle/IC3730,http://irail.be/stations/NMBS/008881158,IC,2018-08-12T10:34:00,2018-08-12T10:34:00,221,221
http://irail.be/vehicle/IC3730,http://irail.be/stations/NMBS/008881125,IC,2018-08-12T10:35:00,2018-08-12T10:35:00,213,213
http://irail.be/vehicle/IC3730,http://irail.be/stations/NMBS/008881000,IC,2018-08-12T10:40:00,2018-08-12T10:40:00,,152
http://irail.be/vehicle/IC3730,http://irail.be/stations/NMBS/008819406,IC,2018-08-02T09:31:00,2018-08-02T09:31:00,50,
http://irail.be/vehicle/IC3730,http://irail.be/stations/NMBS/008811007,IC,2018-08-02T09:38:00,2018-08-02T09:38:00,176,176
http://irail.be/vehicle/IC3730,http://irail.be/stations/NMBS/008812005,IC,2018-08-02T09:43:00,2018-08-02T09:41:00,188,217
http://irail.be/vehicle/IC3730,http://irail.be/stations/NMBS/008813045,IC,2018-08-02T09:45:00,2018-08-02T09:45:00,182,182
http://irail.be/vehicle/IC3730,http://irail.be/stations/NMBS/008813003,IC,2018-08-02T09:47:00,2018-08-02T09:46:00,223,205
http://irail.be/vehicle/IC3730,http://irail.be/stations/NMBS/008813037,IC,2018-08-02T09:49:00,2018-08-02T09:49:00,223,223
http://irail.be/vehicle/IC3730,http://irail.be/stations/NMBS/008814001,IC,2018-08-02T09:55:00,2018-08-02T09:51:00,80,222
http://irail.be/vehicle/IC3730,http://irail.be/stations/NMBS/008814308,IC,2018-08-02T10:05:00,2018-08-02T10:05:00,2,2
http://irail.be/vehicle/IC3730,http://irail.be/stations/NMBS/008814332,IC,2018-08-02T10:06:00,2018-08-02T10:06:00,1,1
http://irail.be/vehicle/IC3730,http://irail.be/stations/NMBS/008883808,IC,2018-08-02T10:07:00,2018-08-02T10:07:00,15,15
http://irail.be/vehicle/IC3730,http://irail.be/stations/NMBS/008883022,IC,2018-08-02T10:10:00,2018-08-02T10:10:00,-35,-35
http://irail.be/vehicle/IC3730,NO-URI,IC,2018-08-02T10:10:00,2018-08-02T10:10:00,-30,-30
http://irail.be/vehicle/IC3730,http://irail.be/stations/NMBS/008883006,IC,2018-08-02T10:17:00,2018-08-02T10:15:00,23,-88
http://irail.be/vehicle/IC3730,http://irail.be/stations/NMBS/008883113,IC,2018-08-02T10:23:00,2018-08-02T10:22:00,-3,-25
http://irail.be/vehicle/IC3730,NO-URI,IC,2018-08-02T10:27:00,2018-08-02T10:27:00,-71,-71
http://irail.be/vehicle/IC3730,http://irail.be/stations/NMBS/008883121,IC,2018-08-02T10:27:00,2018-08-02T10:27:00,-60,-60
http://irail.be/vehicle/IC3730,http://irail.be/stations/NMBS/008881174,IC,2018-08-02T10:29:00,2018-08-02T10:29:00,-98,-98
http://irail.be/vehicle/IC3730,http://irail.be/stations/NMBS/008881166,IC,2018-08-02T10:32:00,2018-08-02T10:31:00,-74,-72
http://irail.be/vehicle/IC3730,http://irail.be/stations/NMBS/008881158,IC,2018-08-02T10:35:00,2018-08-02T10:35:00,-74,-74
http://irail.be/vehicle/IC3730,http://irail.be/stations/NMBS/008881125,IC,2018-08-02T10:36:00,2018-08-02T10:36:00,-89,-89
http://irail.be/vehicle/IC3730,http://irail.be/stations/NMBS/008881000,IC,2018-08-02T10:42:00,2018-08-02T10:42:00,,-204
http://irail.be/vehicle/IC3730,http://irail.be/stations/NMBS/008819406,IC,2018-02-25T09:31:00,2018-02-25T09:31:00,12,
http://irail.be/vehicle/IC3730,http://irail.be/stations/NMBS/008811007,IC,2018-02-25T09:38:00,2018-02-25T09:38:00,44,44
http://irail.be/vehicle/IC3730,http://irail.be/stations/NMBS/008812005,IC,2018-02-25T09:43:00,2018-02-25T09:41:00,74,69
http://irail.be/vehicle/IC3730,http://irail.be/stations/NMBS/008813045,IC,2018-02-25T09:45:00,2018-02-25T09:45:00,87,87
http://irail.be/vehicle/IC3730,http://irail.be/stations/NMBS/008813003,IC,2018-02-25T09:47:00,2018-02-25T09:46:00,168,142
http://irail.be/vehicle/IC3730,http://irail.be/stations/NMBS/008813037,IC,2018-02-25T09:49:00,2018-02-25T09:49:00,168,168
http://irail.be/vehicle/IC3730,http://irail.be/stations/NMBS/008814001,IC,2018-02-25T09:55:00,2018-02-25T09:51:00,51,177
http://irail.be/vehicle/IC3730,http://irail.be/stations/NMBS/008814308,IC,2018-02-25T10:04:00,2018-02-25T10:04:00,46,46
http://irail.be/vehicle/IC3730,http://irail.be/stations/NMBS/008814332,IC,2018-02-25T10:05:00,2018-02-25T10:05:00,42,42
http://irail.be/vehicle/IC3730,http://irail.be/stations/NMBS/008883808,IC,2018-02-25T10:07:00,2018-02-25T10:07:00,2,2
http://irail.be/vehicle/IC3730,http://irail.be/stations/NMBS/008883022,IC,2018-02-25T10:09:00,2018-02-25T10:09:00,41,41
http://irail.be/vehicle/IC3730,NO-URI,IC,2018-02-25T10:09:00,2018-02-25T10:09:00,160,160
http://irail.be/vehicle/IC3730,http://irail.be/stations/NMBS/008883006,IC,2018-02-25T10:16:00,2018-02-25T10:14:00,148,166
http://irail.be/vehicle/IC3730,http://irail.be/stations/NMBS/008883113,IC,2018-02-25T10:22:00,2018-02-25T10:21:00,114,76
http://irail.be/vehicle/IC3730,NO-URI,IC,2018-02-25T10:26:00,2018-02-25T10:26:00,50,50
http://irail.be/vehicle/IC3730,http://irail.be/stations/NMBS/008883121,IC,2018-02-25T10:26:00,2018-02-25T10:26:00,61,61
http://irail.be/vehicle/IC3730,http://irail.be/stations/NMBS/008881174,IC,2018-02-25T10:27:00,2018-02-25T10:27:00,85,85
http://irail.be/vehicle/IC3730,http://irail.be/stations/NMBS/008881166,IC,2018-02-25T10:31:00,2018-02-25T10:30:00,56,74
http://irail.be/vehicle/IC3730,http://irail.be/stations/NMBS/008881158,IC,2018-02-25T10:34:00,2018-02-25T10:34:00,56,56
http://irail.be/vehicle/IC3730,http://irail.be/stations/NMBS/008881125,IC,2018-02-25T10:35:00,2018-02-25T10:35:00,43,43
http://irail.be/vehicle/IC3730,http://irail.be/stations/NMBS/008881000,IC,2018-02-25T10:40:00,2018-02-25T10:40:00,,53
http://irail.be/vehicle/IC3730,http://irail.be/stations/NMBS/008819406,IC,2018-07-28T09:31:00,2018-07-28T09:31:00,12,
http://irail.be/vehicle/IC3730,http://irail.be/stations/NMBS/008811007,IC,2018-07-28T09:38:00,2018-07-28T09:38:00,22,22
http://irail.be/vehicle/IC3730,http://irail.be/stations/NMBS/008812005,IC,2018-07-28T09:43:00,2018-07-28T09:41:00,48,31
http://irail.be/vehicle/IC3730,http://irail.be/stations/NMBS/008813045,IC,2018-07-28T09:45:00,2018-07-28T09:45:00,56,56
http://irail.be/vehicle/IC3730,http://irail.be/stations/NMBS/008813003,IC,2018-07-28T09:47:00,2018-07-28T09:46:00,320,253
http://irail.be/vehicle/IC3730,http://irail.be/stations/NMBS/008813037,IC,2018-07-28T09:48:00,2018-07-28T09:48:00,320,320
http://irail.be/vehicle/IC3730,http://irail.be/stations/NMBS/008814001,IC,2018-07-28T09:55:00,2018-07-28T09:51:00,285,311
http://irail.be/vehicle/IC3730,http://irail.be/stations/NMBS/008814365,IC,2018-07-28T10:00:00,2018-07-28T10:00:00,307,307
http://irail.be/vehicle/IC3730,http://irail.be/stations/NMBS/008814357,IC,2018-07-28T10:02:00,2018-07-28T10:02:00,307,307
http://irail.be/vehicle/IC3730,http://irail.be/stations/NMBS/008814340,IC,2018-07-28T10:03:00,2018-07-28T10:03:00,292,292
http://irail.be/vehicle/IC3730,http://irail.be/stations/NMBS/008814308,IC,2018-07-28T10:04:00,2018-07-28T10:04:00,304,304
http://irail.be/vehicle/IC3730,http://irail.be/stations/NMBS/008814332,IC,2018-07-28T10:05:00,2018-07-28T10:05:00,297,297
http://irail.be/vehicle/IC3730,http://irail.be/stations/NMBS/008883808,IC,2018-07-28T10:07:00,2018-07-28T10:07:00,256,256
http://irail.be/vehicle/IC3730,http://irail.be/stations/NMBS/008883022,IC,2018-07-28T10:09:00,2018-07-28T10:09:00,274,274
http://irail.be/vehicle/IC3730,NO-URI,IC,2018-07-28T10:09:00,2018-07-28T10:09:00,287,287
http://irail.be/vehicle/IC3730,http://irail.be/stations/NMBS/008883006,IC,2018-07-28T10:16:00,2018-07-28T10:14:00,166,241
http://irail.be/vehicle/IC3730,http://irail.be/stations/NMBS/008883113,IC,2018-07-28T10:22:00,2018-07-28T10:21:00,316,116
http://irail.be/vehicle/IC3730,NO-URI,IC,2018-07-28T10:26:00,2018-07-28T10:26:00,259,259
http://irail.be/vehicle/IC3730,http://irail.be/stations/NMBS/008883121,IC,2018-07-28T10:26:00,2018-07-28T10:26:00,272,272
http://irail.be/vehicle/IC3730,http://irail.be/stations/NMBS/008881174,IC,2018-07-28T10:27:00,2018-07-28T10:27:00,303,303
http://irail.be/vehicle/IC3730,http://irail.be/stations/NMBS/008881166,IC,2018-07-28T10:31:00,2018-07-28T10:30:00,344,293
http://irail.be/vehicle/IC3730,http://irail.be/stations/NMBS/008881158,IC,2018-07-28T10:33:00,2018-07-28T10:33:00,344,344
http://irail.be/vehicle/IC3730,http://irail.be/stations/NMBS/008881125,IC,2018-07-28T10:35:00,2018-07-28T10:35:00,312,312
http://irail.be/vehicle/IC3730,http://irail.be/stations/NMBS/008881000,IC,2018-07-28T10:40:00,2018-07-28T10:40:00,,311
http://irail.be/vehicle/IC3730,http://irail.be/stations/NMBS/008819406,IC,2018-05-02T09:31:00,2018-05-02T09:31:00,-8,
http://irail.be/vehicle/IC3730,http://irail.be/stations/NMBS/008811007,IC,2018-05-02T09:38:00,2018-05-02T09:38:00,27,27
http://irail.be/vehicle/IC3730,http://irail.be/stations/NMBS/008812005,IC,2018-05-02T09:43:00,2018-05-02T09:41:00,79,39
http://irail.be/vehicle/IC3730,http://irail.be/stations/NMBS/008813045,IC,2018-05-02T09:45:00,2018-05-02T09:45:00,78,78
http://irail.be/vehicle/IC3730,http://irail.be/stations/NMBS/008813003,IC,2018-05-02T09:47:00,2018-05-02T09:46:00,121,109
http://irail.be/vehicle/IC3730,http://irail.be/stations/NMBS/008813037,IC,2018-05-02T09:49:00,2018-05-02T09:49:00,121,121
http://irail.be/vehicle/IC3730,http://irail.be/stations/NMBS/008814001,IC,2018-05-02T09:55:00,2018-05-02T09:51:00,29,122
http://irail.be/vehicle/IC3730,http://irail.be/stations/NMBS/008814308,IC,2018-05-02T10:05:00,2018-05-02T10:05:00,-43,-43
http://irail.be/vehicle/IC3730,http://irail.be/stations/NMBS/008814332,IC,2018-05-02T10:06:00,2018-05-02T10:06:00,-45,-45
http://irail.be/vehicle/IC3730,http://irail.be/stations/NMBS/008883808,IC,2018-05-02T10:07:00,2018-05-02T10:07:00,532,532
http://irail.be/vehicle/IC3730,http://irail.be/stations/NMBS/008883022,IC,2018-05-02T10:10:00,2018-05-02T10:10:00,623,623
http://irail.be/vehicle/IC3730,NO-URI,IC,2018-05-02T10:10:00,2018-05-02T10:10:00,659,659
http://irail.be/vehicle/IC3730,http://irail.be/stations/NMBS/008883006,IC,2018-05-02T10:17:00,2018-05-02T10:15:00,512,621
http://irail.be/vehicle/IC3730,http://irail.be/stations/NMBS/008883113,IC,2018-05-02T10:23:00,2018-05-02T10:22:00,442,437
http://irail.be/vehicle/IC3730,NO-URI,IC,2018-05-02T10:27:00,2018-05-02T10:27:00,451,451
http://irail.be/vehicle/IC3730,http://irail.be/stations/NMBS/008883121,IC,2018-05-02T10:27:00,2018-05-02T10:27:00,475,475
http://irail.be/vehicle/IC3730,http://irail.be/stations/NMBS/008881174,IC,2018-05-02T10:29:00,2018-05-02T10:29:00,493,493
http://irail.be/vehicle/IC3730,http://irail.be/stations/NMBS/008881166,IC,2018-05-02T10:32:00,2018-05-02T10:31:00,530,518
http://irail.be/vehicle/IC3730,http://irail.be/stations/NMBS/008881158,IC,2018-05-02T10:35:00,2018-05-02T10:35:00,530,530
http://irail.be/vehicle/IC3730,http://irail.be/stations/NMBS/008881125,IC,2018-05-02T10:37:00,2018-05-02T10:37:00,450,450
http://irail.be/vehicle/IC3730,http://irail.be/stations/NMBS/008881000,IC,2018-05-02T10:42:00,2018-05-02T10:42:00,,460
http://irail.be/vehicle/IC3730,http://irail.be/stations/NMBS/008819406,IC,2018-12-15T09:31:00,2018-12-15T09:31:00,14,
http://irail.be/vehicle/IC3730,http://irail.be/stations/NMBS/008811007,IC,2018-12-15T09:38:00,2018-12-15T09:38:00,274,274
http://irail.be/vehicle/IC3730,http://irail.be/stations/NMBS/008812005,IC,2018-12-15T09:43:00,2018-12-15T09:41:00,595,345
http://irail.be/vehicle/IC3730,http://irail.be/stations/NMBS/008813045,IC,2018-12-15T09:45:00,2018-12-15T09:45:00,603,603
http://irail.be/vehicle/IC3730,http://irail.be/stations/NMBS/008813003,IC,2018-12-15T09:48:00,2018-12-15T09:47:00,615,596
http://irail.be/vehicle/IC3730,http://irail.be/stations/NMBS/008813037,IC,2018-12-15T09:49:00,2018-12-15T09:49:00,621,621
http://irail.be/vehicle/IC3730,http://irail.be/stations/NMBS/008814001,IC,2018-12-15T09:56:00,2018-12-15T09:52:00,493,641
http://irail.be/vehicle/IC3730,http://irail.be/stations/NMBS/008814308,IC,2018-12-15T10:05:00,2018-12-15T10:05:00,459,459
http://irail.be/vehicle/IC3730,http://irail.be/stations/NMBS/008814332,IC,2018-12-15T10:06:00,2018-12-15T10:06:00,456,456
http://irail.be/vehicle/IC3730,http://irail.be/stations/NMBS/008883808,IC,2018-12-15T10:08:00,2018-12-15T10:08:00,409,409
http://irail.be/vehicle/IC3730,http://irail.be/stations/NMBS/008883022,IC,2018-12-15T10:10:00,2018-12-15T10:10:00,413,413
http://irail.be/vehicle/IC3730,NO-URI,IC,2018-12-15T10:10:00,2018-12-15T10:10:00,423,423
http://irail.be/vehicle/IC3730,http://irail.be/stations/NMBS/008883006,IC,2018-12-15T10:17:00,2018-12-15T10:15:00,253,339
http://irail.be/vehicle/IC3730,http://irail.be/stations/NMBS/008883113,IC,2018-12-15T10:23:00,2018-12-15T10:22:00,246,221
http://irail.be/vehicle/IC3730,NO-URI,IC,2018-12-15T10:27:00,2018-12-15T10:27:00,197,197
http://irail.be/vehicle/IC3730,http://irail.be/stations/NMBS/008883121,IC,2018-12-15T10:27:00,2018-12-15T10:27:00,208,208
http://irail.be/vehicle/IC3730,http://irail.be/stations/NMBS/008881174,IC,2018-12-15T10:28:00,2018-12-15T10:28:00,229,229
http://irail.be/vehicle/IC3730,http://irail.be/stations/NMBS/008881166,IC,2018-12-15T10:32:00,2018-12-15T10:31:00,223,218
http://irail.be/vehicle/IC3730,http://irail.be/stations/NMBS/008881158,IC,2018-12-15T10:34:00,2018-12-15T10:34:00,223,223
http://irail.be/vehicle/IC3730,http://irail.be/stations/NMBS/008881125,IC,2018-12-15T10:36:00,2018-12-15T10:36:00,266,266
http://irail.be/vehicle/IC3730,http://irail.be/stations/NMBS/008881000,IC,2018-12-15T10:41:00,2018-12-15T10:41:00,,139
http://irail.be/vehicle/IC3730,http://irail.be/stations/NMBS/008819406,IC,2018-01-06T09:31:00,2018-01-06T09:31:00,53,
http://irail.be/vehicle/IC3730,http://irail.be/stations/NMBS/008811007,IC,2018-01-06T09:38:00,2018-01-06T09:38:00,257,257
http://irail.be/vehicle/IC3730,http://irail.be/stations/NMBS/008812005,IC,2018-01-06T09:43:00,2018-01-06T09:41:00,315,335
http://irail.be/vehicle/IC3730,http://irail.be/stations/NMBS/008813045,IC,2018-01-06T09:45:00,2018-01-06T09:45:00,314,314
http://irail.be/vehicle/IC3730,http://irail.be/stations/NMBS/008813003,IC,2018-01-06T09:47:00,2018-01-06T09:46:00,380,350
http://irail.be/vehicle/IC3730,http://irail.be/stations/NMBS/008813037,IC,2018-01-06T09:48:00,2018-01-06T09:48:00,382,382
http://irail.be/vehicle/IC3730,http://irail.be/stations/NMBS/008814001,IC,2018-01-06T09:55:00,2018-01-06T09:51:00,231,375
http://irail.be/vehicle/IC3730,http://irail.be/stations/NMBS/008814365,IC,2018-01-06T10:00:00,2018-01-06T10:00:00,241,241
http://irail.be/vehicle/IC3730,http://irail.be/stations/NMBS/008814357,IC,2018-01-06T10:02:00,2018-01-06T10:02:00,241,241
http://irail.be/vehicle/IC3730,http://irail.be/stations/NMBS/008814340,IC,2018-01-06T10:03:00,2018-01-06T10:03:00,244,244
http://irail.be/vehicle/IC3730,http://irail.be/stations/NMBS/008814308,IC,2018-01-06T10:04:00,2018-01-06T10:04:00,279,279
http://irail.be/vehicle/IC3730,http://irail.be/stations/NMBS/008814332,IC,2018-01-06T10:05:00,2018-01-06T10:05:00,271,271
http://irail.be/vehicle/IC3730,http://irail.be/stations/NMBS/008883808,IC,2018-01-06T10:07:00,2018-01-06T10:07:00,221,221
http://irail.be/vehicle/IC3730,http://irail.be/stations/NMBS/008883022,IC,2018-01-06T10:09:00,2018-01-06T10:09:00,220,220
http://irail.be/vehicle/IC3730,NO-URI,IC,2018-01-06T10:09:00,2018-01-06T10:09:00,230,230
http://irail.be/vehicle/IC3730,http://irail.be/stations/NMBS/008883006,IC,2018-01-06T10:16:00,2018-01-06T10:14:00,100,128
http://irail.be/vehicle/IC3730,http://irail.be/stations/NMBS/008883113,IC,2018-01-06T10:22:00,2018-01-06T10:21:00,91,37
http://irail.be/vehicle/IC3730,NO-URI,IC,2018-01-06T10:26:00,2018-01-06T10:26:00,17,17
http://irail.be/vehicle/IC3730,http://irail.be/stations/NMBS/008883121,IC,2018-01-06T10:26:00,2018-01-06T10:26:00,29,29
http://irail.be/vehicle/IC3730,http://irail.be/stations/NMBS/008881174,IC,2018-01-06T10:27:00,2018-01-06T10:27:00,48,48
http://irail.be/vehicle/IC3730,http://irail.be/stations/NMBS/008881166,IC,2018-01-06T10:31:00,2018-01-06T10:30:00,52,33
http://irail.be/vehicle/IC3730,http://irail.be/stations/NMBS/008881158,IC,2018-01-06T10:33:00,2018-01-06T10:33:00,52,52
http://irail.be/vehicle/IC3730,http://irail.be/stations/NMBS/008881125,IC,2018-01-06T10:35:00,2018-01-06T10:35:00,14,14
http://irail.be/vehicle/IC3730,http://irail.be/stations/NMBS/008881000,IC,2018-01-06T10:40:00,2018-01-06T10:40:00,,-8
http://irail.be/vehicle/IC3730,http://irail.be/stations/NMBS/008819406,IC,2018-04-10T09:31:00,2018-04-10T09:31:00,76,
http://irail.be/vehicle/IC3730,http://irail.be/stations/NMBS/008811007,IC,2018-04-10T09:38:00,2018-04-10T09:38:00,131,131
http://irail.be/vehicle/IC3730,http://irail.be/stations/NMBS/008812005,IC,2018-04-10T09:43:00,2018-04-10T09:41:00,184,210
http://irail.be/vehicle/IC3730,http://irail.be/stations/NMBS/008813045,IC,2018-04-10T09:45:00,2018-04-10T09:45:00,175,175
http://irail.be/vehicle/IC3730,http://irail.be/stations/NMBS/008813003,IC,2018-04-10T09:47:00,2018-04-10T09:46:00,218,218
http://irail.be/vehicle/IC3730,http://irail.be/stations/NMBS/008813037,IC,2018-04-10T09:49:00,2018-04-10T09:49:00,218,218
http://irail.be/vehicle/IC3730,http://irail.be/stations/NMBS/008814001,IC,2018-04-10T09:55:00,2018-04-10T09:51:00,229,299
http://irail.be/vehicle/IC3730,http://irail.be/stations/NMBS/008814365,IC,2018-04-10T10:01:00,2018-04-10T10:01:00,397,397
http://irail.be/vehicle/IC3730,http://irail.be/stations/NMBS/008814357,IC,2018-04-10T10:03:00,2018-04-10T10:03:00,397,397
http://irail.be/vehicle/IC3730,http://irail.be/stations/NMBS/008814340,IC,2018-04-10T10:04:00,2018-04-10T10:04:00,386,386
http://irail.be/vehicle/IC3730,http://irail.be/stations/NMBS/008814308,IC,2018-04-10T10:05:00,2018-04-10T10:05:00,403,403
http://irail.be/vehicle/IC3730,http://irail.be/stations/NMBS/008814332,IC,2018-04-10T10:06:00,2018-04-10T10:06:00,398,398
http://irail.be/vehicle/IC3730,http://irail.be/stations/NMBS/008883808,IC,2018-04-10T10:07:00,2018-04-10T10:07:00,409,409
http://irail.be/vehicle/IC3730,http://irail.be/stations/NMBS/008883022,IC,2018-04-10T10:10:00,2018-04-10T10:10:00,367,367
http://irail.be/vehicle/IC3730,NO-URI,IC,2018-04-10T10:10:00,2018-04-10T10:10:00,376,376
http://irail.be/vehicle/IC3730,http://irail.be/stations/NMBS/008883006,IC,2018-04-10T10:17:00,2018-04-10T10:15:00,243,330
http://irail.be/vehicle/IC3730,http://irail.be/stations/NMBS/008883113,IC,2018-04-10T10:23:00,2018-04-10T10:22:00,206,187
http://irail.be/vehicle/IC3730,NO-URI,IC,2018-04-10T10:27:00,2018-04-10T10:27:00,141,141
http://irail.be/vehicle/IC3730,http://irail.be/stations/NMBS/008883121,IC,2018-04-10T10:27:00,2018-04-10T10:27:00,152,152
http://irail.be/vehicle/IC3730,http://irail.be/stations/NMBS/008881174,IC,2018-04-10T10:29:00,2018-04-10T10:29:00,113,113
http://irail.be/vehicle/IC3730,http://irail.be/stations/NMBS/008881166,IC,2018-04-10T10:32:00,2018-04-10T10:31:00,128,139
http://irail.be/vehicle/IC3730,http://irail.be/stations/NMBS/008881158,IC,2018-04-10T10:35:00,2018-04-10T10:35:00,128,128
http://irail.be/vehicle/IC3730,http://irail.be/stations/NMBS/008881125,IC,2018-04-10T10:37:00,2018-04-10T10:37:00,51,51
http://irail.be/vehicle/IC3730,http://irail.be/stations/NMBS/008881000,IC,2018-04-10T10:42:00,2018-04-10T10:42:00,,31
http://irail.be/vehicle/IC3730,http://irail.be/stations/NMBS/008819406,IC,2018-12-29T09:31:00,2018-12-29T09:31:00,16,
http://irail.be/vehicle/IC3730,http://irail.be/stations/NMBS/008811007,IC,2018-12-29T09:38:00,2018-12-29T09:38:00,56,56
http://irail.be/vehicle/IC3730,http://irail.be/stations/NMBS/008812005,IC,2018-12-29T09:43:00,2018-12-29T09:41:00,62,88
http://irail.be/vehicle/IC3730,http://irail.be/stations/NMBS/008813045,IC,2018-12-29T09:45:00,2018-12-29T09:45:00,67,67
http://irail.be/vehicle/IC3730,http://irail.be/stations/NMBS/008813003,IC,2018-12-29T09:48:00,2018-12-29T09:47:00,74,55
http://irail.be/vehicle/IC3730,http://irail.be/stations/NMBS/008813037,IC,2018-12-29T09:50:00,2018-12-29T09:50:00,74,74
http://irail.be/vehicle/IC3730,http://irail.be/stations/NMBS/008814001,IC,2018-12-29T09:56:00,2018-12-29T09:52:00,27,76
http://irail.be/vehicle/IC3730,http://irail.be/stations/NMBS/008814365,IC,2018-12-29T10:01:00,2018-12-29T10:01:00,35,35
http://irail.be/vehicle/IC3730,http://irail.be/stations/NMBS/008814357,IC,2018-12-29T10:03:00,2018-12-29T10:03:00,35,35
http://irail.be/vehicle/IC3730,http://irail.be/stations/NMBS/008814340,IC,2018-12-29T10:04:00,2018-12-29T10:04:00,31,31
http://irail.be/vehicle/IC3730,http://irail.be/stations/NMBS/008814308,IC,2018-12-29T10:05:00,2018-12-29T10:05:00,58,58
http://irail.be/vehicle/IC3730,http://irail.be/stations/NMBS/008814332,IC,2018-12-29T10:06:00,2018-12-29T10:06:00,54,54
http://irail.be/vehicle/IC3730,http://irail.be/stations/NMBS/008883808,IC,2018-12-29T10:08:00,2018-12-29T10:08:00,23,23
http://irail.be/vehicle/IC3730,http://irail.be/stations/NMBS/008883022,IC,2018-12-29T10:10:00,2018-12-29T10:10:00,49,49
http://irail.be/vehicle/IC3730,NO-URI,IC,2018-12-29T10:10:00,2018-12-29T10:10:00,66,66
http://irail.be/vehicle/IC3730,http://irail.be/stations/NMBS/008883006,IC,2018-12-29T10:17:00,2018-12-29T10:15:00,39,30
http://irail.be/vehicle/IC3730,http://irail.be/stations/NMBS/008883113,IC,2018-12-29T10:23:00,2018-12-29T10:22:00,33,2
http://irail.be/vehicle/IC3730,NO-URI,IC,2018-12-29T10:27:00,2018-12-29T10:27:00,-14,-14
http://irail.be/vehicle/IC3730,http://irail.be/stations/NMBS/008883121,IC,2018-12-29T10:27:00,2018-12-29T10:27:00,-3,-3
http://irail.be/vehicle/IC3730,http://irail.be/stations/NMBS/008881174,IC,2018-12-29T10:28:00,2018-12-29T10:28:00,14,14
http://irail.be/vehicle/IC3730,http://irail.be/stations/NMBS/008881166,IC,2018-12-29T10:32:00,2018-12-29T10:31:00,-1,1
http://irail.be/vehicle/IC3730,http://irail.be/stations/NMBS/008881158,IC,2018-12-29T10:35:00,2018-12-29T10:35:00,-1,-1
http://irail.be/vehicle/IC3730,http://irail.be/stations/NMBS/008881125,IC,2018-12-29T10:36:00,2018-12-29T10:36:00,-8,-8
http://irail.be/vehicle/IC3730,http://irail.be/stations/NMBS/008881000,IC,2018-12-29T10:41:00,2018-12-29T10:41:00,,-74
http://irail.be/vehicle/IC3730,http://irail.be/stations/NMBS/008819406,IC,2018-10-17T09:31:00,2018-10-17T09:31:00,929,
http://irail.be/vehicle/IC3730,http://irail.be/stations/NMBS/008811007,IC,2018-10-17T09:38:00,2018-10-17T09:38:00,993,993
http://irail.be/vehicle/IC3730,http://irail.be/stations/NMBS/008812005,IC,2018-10-17T09:43:00,2018-10-17T09:41:00,1040,1072
http://irail.be/vehicle/IC3730,http://irail.be/stations/NMBS/008813045,IC,2018-10-17T09:45:00,2018-10-17T09:45:00,1040,1040
http://irail.be/vehicle/IC3730,http://irail.be/stations/NMBS/008813003,IC,2018-10-17T09:47:00,2018-10-17T09:46:00,1093,1086
http://irail.be/vehicle/IC3730,http://irail.be/stations/NMBS/008813037,IC,2018-10-17T09:49:00,2018-10-17T09:49:00,1093,1093
http://irail.be/vehicle/IC3730,http://irail.be/stations/NMBS/008814001,IC,2018-10-17T09:55:00,2018-10-17T09:51:00,1316,1107
http://irail.be/vehicle/IC3730,http://irail.be/stations/NMBS/008814373,IC,2018-10-17T10:00:01,2018-10-17T10:01:44,1222,1222
http://irail.be/vehicle/IC3730,http://irail.be/stations/NMBS/008814365,IC,2018-10-17T10:01:00,2018-10-17T10:01:00,1311,1311
http://irail.be/vehicle/IC3730,http://irail.be/stations/NMBS/008814357,IC,2018-10-17T10:03:00,2018-10-17T10:03:00,1311,1311
http://irail.be/vehicle/IC3730,http://irail.be/stations/NMBS/008814340,IC,2018-10-17T10:04:00,2018-10-17T10:04:00,1298,1298
http://irail.be/vehicle/IC3730,http://irail.be/stations/NMBS/008814308,IC,2018-10-17T10:05:00,2018-10-17T10:05:00,1336,1336
http://irail.be/vehicle/IC3730,http://irail.be/stations/NMBS/008814332,IC,2018-10-17T10:06:00,2018-10-17T10:06:00,1479,1479
http://irail.be/vehicle/IC3730,http://irail.be/stations/NMBS/008883808,IC,2018-10-17T10:07:00,2018-10-17T10:07:00,1726,1726
http://irail.be/vehicle/IC3730,http://irail.be/stations/NMBS/008883022,IC,2018-10-17T10:10:00,2018-10-17T10:10:00,1691,1691
http://irail.be/vehicle/IC3730,NO-URI,IC,2018-10-17T10:10:00,2018-10-17T10:10:00,1703,1703
http://irail.be/vehicle/IC3730,http://irail.be/stations/NMBS/008883006,IC,2018-10-17T10:17:00,2018-10-17T10:15:00,1535,1583
http://irail.be/vehicle/IC3730,http://irail.be/stations/NMBS/008883113,IC,2018-10-17T10:23:00,2018-10-17T10:22:00,1616,1595
http://irail.be/vehicle/IC3730,NO-URI,IC,2018-10-17T10:27:00,2018-10-17T10:27:00,1545,1545
http://irail.be/vehicle/IC3730,http://irail.be/stations/NMBS/008883121,IC,2018-10-17T10:27:00,2018-10-17T10:27:00,1553,1553
http://irail.be/vehicle/IC3730,http://irail.be/stations/NMBS/008881174,IC,2018-10-17T10:29:00,2018-10-17T10:29:00,1605,1605
http://irail.be/vehicle/IC3730,http://irail.be/stations/NMBS/008881166,IC,2018-10-17T10:32:00,2018-10-17T10:31:00,1840,1799
http://irail.be/vehicle/IC3730,http://irail.be/stations/NMBS/008881158,IC,2018-10-17T10:34:00,2018-10-17T10:34:00,1840,1840
http://irail.be/vehicle/IC3730,http://irail.be/stations/NMBS/008881125,IC,2018-10-17T10:36:00,2018-10-17T10:36:00,1800,1800
http://irail.be/vehicle/IC3730,http://irail.be/stations/NMBS/008881000,IC,2018-10-17T10:42:00,2018-10-17T10:42:00,,1678
http://irail.be/vehicle/IC3730,http://irail.be/stations/NMBS/008819406,IC,2018-05-30T09:31:00,2018-05-30T09:31:00,-4,
http://irail.be/vehicle/IC3730,http://irail.be/stations/NMBS/008811007,IC,2018-05-30T09:38:00,2018-05-30T09:38:00,155,155
http://irail.be/vehicle/IC3730,http://irail.be/stations/NMBS/008812005,IC,2018-05-30T09:43:00,2018-05-30T09:41:00,236,280
http://irail.be/vehicle/IC3730,http://irail.be/stations/NMBS/008813045,IC,2018-05-30T09:45:00,2018-05-30T09:45:00,237,237
http://irail.be/vehicle/IC3730,http://irail.be/stations/NMBS/008813003,IC,2018-05-30T09:47:00,2018-05-30T09:46:00,263,264
http://irail.be/vehicle/IC3730,http://irail.be/stations/NMBS/008813037,IC,2018-05-30T09:49:00,2018-05-30T09:49:00,263,263
http://irail.be/vehicle/IC3730,http://irail.be/stations/NMBS/008814001,IC,2018-05-30T09:55:00,2018-05-30T09:51:00,264,345
http://irail.be/vehicle/IC3730,http://irail.be/stations/NMBS/008814308,IC,2018-05-30T10:05:00,2018-05-30T10:05:00,159,159
http://irail.be/vehicle/IC3730,http://irail.be/stations/NMBS/008814332,IC,2018-05-30T10:06:00,2018-05-30T10:06:00,158,158
http://irail.be/vehicle/IC3730,http://irail.be/stations/NMBS/008883808,IC,2018-05-30T10:07:00,2018-05-30T10:07:00,171,171
http://irail.be/vehicle/IC3730,http://irail.be/stations/NMBS/008883022,IC,2018-05-30T10:10:00,2018-05-30T10:10:00,120,120
http://irail.be/vehicle/IC3730,NO-URI,IC,2018-05-30T10:10:00,2018-05-30T10:10:00,127,127
http://irail.be/vehicle/IC3730,http://irail.be/stations/NMBS/008883006,IC,2018-05-30T10:17:00,2018-05-30T10:15:00,43,73
http://irail.be/vehicle/IC3730,http://irail.be/stations/NMBS/008883113,IC,2018-05-30T10:23:00,2018-05-30T10:22:00,29,-13
http://irail.be/vehicle/IC3730,NO-URI,IC,2018-05-30T10:27:00,2018-05-30T10:27:00,-40,-40
http://irail.be/vehicle/IC3730,http://irail.be/stations/NMBS/008883121,IC,2018-05-30T10:27:00,2018-05-30T10:27:00,-31,-31
http://irail.be/vehicle/IC3730,http://irail.be/stations/NMBS/008881174,IC,2018-05-30T10:29:00,2018-05-30T10:29:00,-65,-65
http://irail.be/vehicle/IC3730,http://irail.be/stations/NMBS/008881166,IC,2018-05-30T10:32:00,2018-05-30T10:31:00,184,77
http://irail.be/vehicle/IC3730,http://irail.be/stations/NMBS/008881158,IC,2018-05-30T10:35:00,2018-05-30T10:35:00,185,185
http://irail.be/vehicle/IC3730,http://irail.be/stations/NMBS/008881125,IC,2018-05-30T10:37:00,2018-05-30T10:37:00,238,238
http://irail.be/vehicle/IC3730,http://irail.be/stations/NMBS/008881000,IC,2018-05-30T10:42:00,2018-05-30T10:42:00,,258
http://irail.be/vehicle/IC3730,http://irail.be/stations/NMBS/008819406,IC,2018-07-03T09:31:00,2018-07-03T09:31:00,77,
http://irail.be/vehicle/IC3730,http://irail.be/stations/NMBS/008811007,IC,2018-07-03T09:38:00,2018-07-03T09:38:00,100,100
http://irail.be/vehicle/IC3730,http://irail.be/stations/NMBS/008812005,IC,2018-07-03T09:43:00,2018-07-03T09:41:00,128,131
http://irail.be/vehicle/IC3730,http://irail.be/stations/NMBS/008813045,IC,2018-07-03T09:45:00,2018-07-03T09:45:00,123,123
http://irail.be/vehicle/IC3730,http://irail.be/stations/NMBS/008813003,IC,2018-07-03T09:47:00,2018-07-03T09:46:00,251,225
http://irail.be/vehicle/IC3730,http://irail.be/stations/NMBS/008813037,IC,2018-07-03T09:49:00,2018-07-03T09:49:00,251,251
http://irail.be/vehicle/IC3730,http://irail.be/stations/NMBS/008814001,IC,2018-07-03T09:55:00,2018-07-03T09:51:00,305,294
http://irail.be/vehicle/IC3730,http://irail.be/stations/NMBS/008814308,IC,2018-07-03T10:05:00,2018-07-03T10:05:00,191,191
http://irail.be/vehicle/IC3730,http://irail.be/stations/NMBS/008814332,IC,2018-07-03T10:06:00,2018-07-03T10:06:00,195,195
http://irail.be/vehicle/IC3730,http://irail.be/stations/NMBS/008883808,IC,2018-07-03T10:07:00,2018-07-03T10:07:00,210,210
http://irail.be/vehicle/IC3730,http://irail.be/stations/NMBS/008883022,IC,2018-07-03T10:10:00,2018-07-03T10:10:00,159,159
http://irail.be/vehicle/IC3730,NO-URI,IC,2018-07-03T10:10:00,2018-07-03T10:10:00,165,165
http://irail.be/vehicle/IC3730,http://irail.be/stations/NMBS/008883006,IC,2018-07-03T10:17:00,2018-07-03T10:15:00,206,286
http://irail.be/vehicle/IC3730,http://irail.be/stations/NMBS/008883113,IC,2018-07-03T10:23:00,2018-07-03T10:22:00,159,130
http://irail.be/vehicle/IC3730,NO-URI,IC,2018-07-03T10:27:00,2018-07-03T10:27:00,186,186
http://irail.be/vehicle/IC3730,http://irail.be/stations/NMBS/008883121,IC,2018-07-03T10:27:00,2018-07-03T10:27:00,224,224
http://irail.be/vehicle/IC3730,http://irail.be/stations/NMBS/008881174,IC,2018-07-03T10:29:00,2018-07-03T10:29:00,334,334
http://irail.be/vehicle/IC3730,http://irail.be/stations/NMBS/008881166,IC,2018-07-03T10:32:00,2018-07-03T10:31:00,395,365
http://irail.be/vehicle/IC3730,http://irail.be/stations/NMBS/008881158,IC,2018-07-03T10:35:00,2018-07-03T10:35:00,395,395
http://irail.be/vehicle/IC3730,http://irail.be/stations/NMBS/008881125,IC,2018-07-03T10:36:00,2018-07-03T10:36:00,386,386
http://irail.be/vehicle/IC3730,http://irail.be/stations/NMBS/008881000,IC,2018-07-03T10:42:00,2018-07-03T10:42:00,,257
http://irail.be/vehicle/IC3730,http://irail.be/stations/NMBS/008819406,IC,2018-06-12T09:31:00,2018-06-12T09:31:00,364,
http://irail.be/vehicle/IC3730,http://irail.be/stations/NMBS/008811007,IC,2018-06-12T09:38:00,2018-06-12T09:38:00,570,570
http://irail.be/vehicle/IC3730,http://irail.be/stations/NMBS/008812005,IC,2018-06-12T09:43:00,2018-06-12T09:41:00,641,678
http://irail.be/vehicle/IC3730,http://irail.be/stations/NMBS/008813045,IC,2018-06-12T09:45:00,2018-06-12T09:45:00,637,637
http://irail.be/vehicle/IC3730,http://irail.be/stations/NMBS/008813003,IC,2018-06-12T09:47:00,2018-06-12T09:46:00,677,668
http://irail.be/vehicle/IC3730,http://irail.be/stations/NMBS/008813037,IC,2018-06-12T09:49:00,2018-06-12T09:49:00,677,677
http://irail.be/vehicle/IC3730,http://irail.be/stations/NMBS/008814001,IC,2018-06-12T09:55:00,2018-06-12T09:51:00,582,686
http://irail.be/vehicle/IC3730,http://irail.be/stations/NMBS/008814308,IC,2018-06-12T10:05:00,2018-06-12T10:05:00,474,474
http://irail.be/vehicle/IC3730,http://irail.be/stations/NMBS/008814332,IC,2018-06-12T10:06:00,2018-06-12T10:06:00,477,477
http://irail.be/vehicle/IC3730,http://irail.be/stations/NMBS/008883808,IC,2018-06-12T10:07:00,2018-06-12T10:07:00,538,538
http://irail.be/vehicle/IC3730,http://irail.be/stations/NMBS/008883022,IC,2018-06-12T10:10:00,2018-06-12T10:10:00,500,500
http://irail.be/vehicle/IC3730,NO-URI,IC,2018-06-12T10:10:00,2018-06-12T10:10:00,509,509
http://irail.be/vehicle/IC3730,http://irail.be/stations/NMBS/008883006,IC,2018-06-12T10:17:00,2018-06-12T10:15:00,372,461
http://irail.be/vehicle/IC3730,http://irail.be/stations/NMBS/008883113,IC,2018-06-12T10:23:00,2018-06-12T10:22:00,376,341
http://irail.be/vehicle/IC3730,NO-URI,IC,2018-06-12T10:27:00,2018-06-12T10:27:00,343,343
http://irail.be/vehicle/IC3730,http://irail.be/stations/NMBS/008883121,IC,2018-06-12T10:27:00,2018-06-12T10:27:00,355,355
http://irail.be/vehicle/IC3730,http://irail.be/stations/NMBS/008881174,IC,2018-06-12T10:29:00,2018-06-12T10:29:00,317,317
http://irail.be/vehicle/IC3730,http://irail.be/stations/NMBS/008881166,IC,2018-06-12T10:32:00,2018-06-12T10:31:00,497,444
http://irail.be/vehicle/IC3730,http://irail.be/stations/NMBS/008881158,IC,2018-06-12T10:35:00,2018-06-12T10:35:00,498,498
http://irail.be/vehicle/IC3730,http://irail.be/stations/NMBS/008881125,IC,2018-06-12T10:36:00,2018-06-12T10:36:00,576,576
http://irail.be/vehicle/IC3730,http://irail.be/stations/NMBS/008881000,IC,2018-06-12T10:42:00,2018-06-12T10:42:00,,448
http://irail.be/vehicle/IC3730,http://irail.be/stations/NMBS/008819406,IC,2018-04-13T09:31:00,2018-04-13T09:31:00,69,
http://irail.be/vehicle/IC3730,http://irail.be/stations/NMBS/008811007,IC,2018-04-13T09:38:00,2018-04-13T09:38:00,84,84
http://irail.be/vehicle/IC3730,http://irail.be/stations/NMBS/008812005,IC,2018-04-13T09:43:00,2018-04-13T09:41:00,168,115
http://irail.be/vehicle/IC3730,http://irail.be/stations/NMBS/008813045,IC,2018-04-13T09:45:00,2018-04-13T09:45:00,164,164
http://irail.be/vehicle/IC3730,http://irail.be/stations/NMBS/008813003,IC,2018-04-13T09:47:00,2018-04-13T09:46:00,191,191
http://irail.be/vehicle/IC3730,http://irail.be/stations/NMBS/008813037,IC,2018-04-13T09:49:00,2018-04-13T09:49:00,191,191
http://irail.be/vehicle/IC3730,http://irail.be/stations/NMBS/008814001,IC,2018-04-13T09:55:00,2018-04-13T09:51:00,122,267
http://irail.be/vehicle/IC3730,http://irail.be/stations/NMBS/008814308,IC,2018-04-13T10:05:00,2018-04-13T10:05:00,7,7
http://irail.be/vehicle/IC3730,http://irail.be/stations/NMBS/008814332,IC,2018-04-13T10:06:00,2018-04-13T10:06:00,11,11
http://irail.be/vehicle/IC3730,http://irail.be/stations/NMBS/008883808,IC,2018-04-13T10:07:00,2018-04-13T10:07:00,40,40
http://irail.be/vehicle/IC3730,http://irail.be/stations/NMBS/008883022,IC,2018-04-13T10:10:00,2018-04-13T10:10:00,0,0
http://irail.be/vehicle/IC3730,NO-URI,IC,2018-04-13T10:10:00,2018-04-13T10:10:00,11,11
http://irail.be/vehicle/IC3730,http://irail.be/stations/NMBS/008883006,IC,2018-04-13T10:17:00,2018-04-13T10:15:00,33,-9
http://irail.be/vehicle/IC3730,http://irail.be/stations/NMBS/008883113,IC,2018-04-13T10:23:00,2018-04-13T10:22:00,17,-17
http://irail.be/vehicle/IC3730,NO-URI,IC,2018-04-13T10:27:00,2018-04-13T10:27:00,-57,-57
http://irail.be/vehicle/IC3730,http://irail.be/stations/NMBS/008883121,IC,2018-04-13T10:27:00,2018-04-13T10:27:00,-45,-45
http://irail.be/vehicle/IC3730,http://irail.be/stations/NMBS/008881174,IC,2018-04-13T10:29:00,2018-04-13T10:29:00,-79,-79
http://irail.be/vehicle/IC3730,http://irail.be/stations/NMBS/008881166,IC,2018-04-13T10:32:00,2018-04-13T10:31:00,42,-53
http://irail.be/vehicle/IC3730,http://irail.be/stations/NMBS/008881158,IC,2018-04-13T10:35:00,2018-04-13T10:35:00,42,42
http://irail.be/vehicle/IC3730,http://irail.be/stations/NMBS/008881125,IC,2018-04-13T10:37:00,2018-04-13T10:37:00,-25,-25
http://irail.be/vehicle/IC3730,http://irail.be/stations/NMBS/008881000,IC,2018-04-13T10:42:00,2018-04-13T10:42:00,,-53
http://irail.be/vehicle/IC3730,http://irail.be/stations/NMBS/008812005,IC,2018-10-01T09:43:00,2018-10-01T09:43:00,337,
http://irail.be/vehicle/IC3730,http://irail.be/stations/NMBS/008813045,IC,2018-10-01T09:45:00,2018-10-01T09:45:00,360,360
http://irail.be/vehicle/IC3730,http://irail.be/stations/NMBS/008813003,IC,2018-10-01T09:47:00,2018-10-01T09:46:00,728,679
http://irail.be/vehicle/IC3730,http://irail.be/stations/NMBS/008813037,IC,2018-10-01T09:49:00,2018-10-01T09:49:00,734,734
http://irail.be/vehicle/IC3730,http://irail.be/stations/NMBS/008814001,IC,2018-10-01T09:55:00,2018-10-01T09:51:00,913,968
http://irail.be/vehicle/IC3730,http://irail.be/stations/NMBS/008814308,IC,2018-10-01T10:05:00,2018-10-01T10:05:00,780,780
http://irail.be/vehicle/IC3730,http://irail.be/stations/NMBS/008814332,IC,2018-10-01T10:06:00,2018-10-01T10:06:00,778,778
http://irail.be/vehicle/IC3730,http://irail.be/stations/NMBS/008883808,IC,2018-10-01T10:07:00,2018-10-01T10:07:00,788,788
http://irail.be/vehicle/IC3730,http://irail.be/stations/NMBS/008883022,IC,2018-10-01T10:10:00,2018-10-01T10:10:00,737,737
http://irail.be/vehicle/IC3730,NO-URI,IC,2018-10-01T10:10:00,2018-10-01T10:10:00,767,767
http://irail.be/vehicle/IC3730,http://irail.be/stations/NMBS/008883006,IC,2018-10-01T10:17:00,2018-10-01T10:15:00,661,740
http://irail.be/vehicle/IC3730,http://irail.be/stations/NMBS/008883113,IC,2018-10-01T10:23:00,2018-10-01T10:22:00,603,594
http://irail.be/vehicle/IC3730,NO-URI,IC,2018-10-01T10:27:00,2018-10-01T10:27:00,531,531
http://irail.be/vehicle/IC3730,http://irail.be/stations/NMBS/008883121,IC,2018-10-01T10:27:00,2018-10-01T10:27:00,536,536
http://irail.be/vehicle/IC3730,http://irail.be/stations/NMBS/008881174,IC,2018-10-01T10:29:00,2018-10-01T10:29:00,497,497
http://irail.be/vehicle/IC3730,http://irail.be/stations/NMBS/008881166,IC,2018-10-01T10:32:00,2018-10-01T10:31:00,526,525
http://irail.be/vehicle/IC3730,http://irail.be/stations/NMBS/008881158,IC,2018-10-01T10:34:00,2018-10-01T10:34:00,526,526
http://irail.be/vehicle/IC3730,http://irail.be/stations/NMBS/008881125,IC,2018-10-01T10:36:00,2018-10-01T10:36:00,482,482
http://irail.be/vehicle/IC3730,http://irail.be/stations/NMBS/008881000,IC,2018-10-01T10:42:00,2018-10-01T10:42:00,,685
http://irail.be/vehicle/IC3730,http://irail.be/stations/NMBS/008819406,IC,2018-08-29T09:31:00,2018-08-29T09:31:00,15,
http://irail.be/vehicle/IC3730,http://irail.be/stations/NMBS/008811007,IC,2018-08-29T09:38:00,2018-08-29T09:38:00,443,443
http://irail.be/vehicle/IC3730,http://irail.be/stations/NMBS/008812005,IC,2018-08-29T09:43:00,2018-08-29T09:41:00,461,487
http://irail.be/vehicle/IC3730,http://irail.be/stations/NMBS/008813045,IC,2018-08-29T09:45:00,2018-08-29T09:45:00,451,451
http://irail.be/vehicle/IC3730,http://irail.be/stations/NMBS/008813003,IC,2018-08-29T09:47:00,2018-08-29T09:46:00,582,542
http://irail.be/vehicle/IC3730,http://irail.be/stations/NMBS/008813037,IC,2018-08-29T09:49:00,2018-08-29T09:49:00,582,582
http://irail.be/vehicle/IC3730,http://irail.be/stations/NMBS/008814001,IC,2018-08-29T09:55:00,2018-08-29T09:51:00,659,621
http://irail.be/vehicle/IC3730,http://irail.be/stations/NMBS/008814308,IC,2018-08-29T10:05:00,2018-08-29T10:05:00,568,568
http://irail.be/vehicle/IC3730,http://irail.be/stations/NMBS/008814332,IC,2018-08-29T10:06:00,2018-08-29T10:06:00,1147,1147
http://irail.be/vehicle/IC3730,http://irail.be/stations/NMBS/008883808,IC,2018-08-29T10:07:00,2018-08-29T10:07:00,1241,1241
http://irail.be/vehicle/IC3730,http://irail.be/stations/NMBS/008883022,IC,2018-08-29T10:10:00,2018-08-29T10:10:00,1237,1237
http://irail.be/vehicle/IC3730,NO-URI,IC,2018-08-29T10:10:00,2018-08-29T10:10:00,1245,1245
http://irail.be/vehicle/IC3730,http://irail.be/stations/NMBS/008883006,IC,2018-08-29T10:17:00,2018-08-29T10:15:00,1186,1218
http://irail.be/vehicle/IC3730,http://irail.be/stations/NMBS/008883113,IC,2018-08-29T10:23:00,2018-08-29T10:22:00,1311,1282
http://irail.be/vehicle/IC3730,NO-URI,IC,2018-08-29T10:27:00,2018-08-29T10:27:00,1322,1322
http://irail.be/vehicle/IC3730,http://irail.be/stations/NMBS/008883121,IC,2018-08-29T10:27:00,2018-08-29T10:27:00,1359,1359
http://irail.be/vehicle/IC3730,http://irail.be/stations/NMBS/008881174,IC,2018-08-29T10:29:00,2018-08-29T10:29:00,1358,1358
http://irail.be/vehicle/IC3730,http://irail.be/stations/NMBS/008881166,IC,2018-08-29T10:32:00,2018-08-29T10:31:00,1391,1387
http://irail.be/vehicle/IC3730,http://irail.be/stations/NMBS/008881158,IC,2018-08-29T10:35:00,2018-08-29T10:35:00,1391,1391
http://irail.be/vehicle/IC3730,http://irail.be/stations/NMBS/008881125,IC,2018-08-29T10:36:00,2018-08-29T10:36:00,1375,1375
http://irail.be/vehicle/IC3730,http://irail.be/stations/NMBS/008881000,IC,2018-08-29T10:42:00,2018-08-29T10:42:00,,1338
http://irail.be/vehicle/IC3730,http://irail.be/stations/NMBS/008819406,IC,2018-02-08T09:31:00,2018-02-08T09:31:00,117,
http://irail.be/vehicle/IC3730,http://irail.be/stations/NMBS/008811007,IC,2018-02-08T09:38:00,2018-02-08T09:38:00,276,276
http://irail.be/vehicle/IC3730,http://irail.be/stations/NMBS/008812005,IC,2018-02-08T09:43:00,2018-02-08T09:41:00,274,301
http://irail.be/vehicle/IC3730,http://irail.be/stations/NMBS/008813045,IC,2018-02-08T09:45:00,2018-02-08T09:45:00,270,270
http://irail.be/vehicle/IC3730,http://irail.be/stations/NMBS/008813003,IC,2018-02-08T09:47:00,2018-02-08T09:46:00,361,352
http://irail.be/vehicle/IC3730,http://irail.be/stations/NMBS/008813037,IC,2018-02-08T09:49:00,2018-02-08T09:49:00,361,361
http://irail.be/vehicle/IC3730,http://irail.be/stations/NMBS/008814001,IC,2018-02-08T09:55:00,2018-02-08T09:51:00,251,408
http://irail.be/vehicle/IC3730,http://irail.be/stations/NMBS/008814365,IC,2018-02-08T10:01:00,2018-02-08T10:01:00,168,168
http://irail.be/vehicle/IC3730,http://irail.be/stations/NMBS/008814357,IC,2018-02-08T10:03:00,2018-02-08T10:03:00,168,168
http://irail.be/vehicle/IC3730,http://irail.be/stations/NMBS/008814340,IC,2018-02-08T10:04:00,2018-02-08T10:04:00,153,153
http://irail.be/vehicle/IC3730,http://irail.be/stations/NMBS/008814308,IC,2018-02-08T10:05:00,2018-02-08T10:05:00,164,164
http://irail.be/vehicle/IC3730,http://irail.be/stations/NMBS/008814332,IC,2018-02-08T10:06:00,2018-02-08T10:06:00,160,160
http://irail.be/vehicle/IC3730,http://irail.be/stations/NMBS/008883808,IC,2018-02-08T10:07:00,2018-02-08T10:07:00,176,176
http://irail.be/vehicle/IC3730,http://irail.be/stations/NMBS/008883022,IC,2018-02-08T10:10:00,2018-02-08T10:10:00,222,222
http://irail.be/vehicle/IC3730,NO-URI,IC,2018-02-08T10:10:00,2018-02-08T10:10:00,291,291
http://irail.be/vehicle/IC3730,http://irail.be/stations/NMBS/008883006,IC,2018-02-08T10:17:00,2018-02-08T10:15:00,166,237
http://irail.be/vehicle/IC3730,http://irail.be/stations/NMBS/008883113,IC,2018-02-08T10:23:00,2018-02-08T10:22:00,97,102
http://irail.be/vehicle/IC3730,NO-URI,IC,2018-02-08T10:27:00,2018-02-08T10:27:00,22,22
http://irail.be/vehicle/IC3730,http://irail.be/stations/NMBS/008883121,IC,2018-02-08T10:27:00,2018-02-08T10:27:00,31,31
http://irail.be/vehicle/IC3730,http://irail.be/stations/NMBS/008881174,IC,2018-02-08T10:29:00,2018-02-08T10:29:00,-5,-5
http://irail.be/vehicle/IC3730,http://irail.be/stations/NMBS/008881166,IC,2018-02-08T10:32:00,2018-02-08T10:31:00,13,24
http://irail.be/vehicle/IC3730,http://irail.be/stations/NMBS/008881158,IC,2018-02-08T10:35:00,2018-02-08T10:35:00,13,13
http://irail.be/vehicle/IC3730,http://irail.be/stations/NMBS/008881125,IC,2018-02-08T10:37:00,2018-02-08T10:37:00,-63,-63
http://irail.be/vehicle/IC3730,http://irail.be/stations/NMBS/008881000,IC,2018-02-08T10:42:00,2018-02-08T10:42:00,,-79
http://irail.be/vehicle/IC3730,http://irail.be/stations/NMBS/008819406,IC,2018-08-08T09:31:00,2018-08-08T09:31:00,-6,
http://irail.be/vehicle/IC3730,http://irail.be/stations/NMBS/008811007,IC,2018-08-08T09:38:00,2018-08-08T09:38:00,8,8
http://irail.be/vehicle/IC3730,http://irail.be/stations/NMBS/008812005,IC,2018-08-08T09:43:00,2018-08-08T09:41:00,24,56
http://irail.be/vehicle/IC3730,http://irail.be/stations/NMBS/008813045,IC,2018-08-08T09:45:00,2018-08-08T09:45:00,32,32
http://irail.be/vehicle/IC3730,http://irail.be/stations/NMBS/008813003,IC,2018-08-08T09:47:00,2018-08-08T09:46:00,94,71
http://irail.be/vehicle/IC3730,http://irail.be/stations/NMBS/008813037,IC,2018-08-08T09:49:00,2018-08-08T09:49:00,94,94
http://irail.be/vehicle/IC3730,http://irail.be/stations/NMBS/008814001,IC,2018-08-08T09:55:00,2018-08-08T09:51:00,47,95
http://irail.be/vehicle/IC3730,http://irail.be/stations/NMBS/008814308,IC,2018-08-08T10:05:00,2018-08-08T10:05:00,-59,-59
http://irail.be/vehicle/IC3730,http://irail.be/stations/NMBS/008814332,IC,2018-08-08T10:06:00,2018-08-08T10:06:00,-58,-58
http://irail.be/vehicle/IC3730,http://irail.be/stations/NMBS/008883808,IC,2018-08-08T10:07:00,2018-08-08T10:07:00,-41,-41
http://irail.be/vehicle/IC3730,http://irail.be/stations/NMBS/008883022,IC,2018-08-08T10:10:00,2018-08-08T10:10:00,-93,-93
http://irail.be/vehicle/IC3730,NO-URI,IC,2018-08-08T10:10:00,2018-08-08T10:10:00,-86,-86
http://irail.be/vehicle/IC3730,http://irail.be/stations/NMBS/008883006,IC,2018-08-08T10:17:00,2018-08-08T10:15:00,97,-101
http://irail.be/vehicle/IC3730,http://irail.be/stations/NMBS/008883113,IC,2018-08-08T10:23:00,2018-08-08T10:22:00,70,31
http://irail.be/vehicle/IC3730,NO-URI,IC,2018-08-08T10:27:00,2018-08-08T10:27:00,2,2
http://irail.be/vehicle/IC3730,http://irail.be/stations/NMBS/008883121,IC,2018-08-08T10:27:00,2018-08-08T10:27:00,13,13
http://irail.be/vehicle/IC3730,http://irail.be/stations/NMBS/008881174,IC,2018-08-08T10:29:00,2018-08-08T10:29:00,-20,-20
http://irail.be/vehicle/IC3730,http://irail.be/stations/NMBS/008881166,IC,2018-08-08T10:32:00,2018-08-08T10:31:00,50,10
http://irail.be/vehicle/IC3730,http://irail.be/stations/NMBS/008881158,IC,2018-08-08T10:35:00,2018-08-08T10:35:00,50,50
http://irail.be/vehicle/IC3730,http://irail.be/stations/NMBS/008881125,IC,2018-08-08T10:36:00,2018-08-08T10:36:00,32,32
http://irail.be/vehicle/IC3730,http://irail.be/stations/NMBS/008881000,IC,2018-08-08T10:42:00,2018-08-08T10:42:00,,-79
http://irail.be/vehicle/IC3730,http://irail.be/stations/NMBS/008819406,IC,2018-07-05T09:31:00,2018-07-05T09:31:00,3,
http://irail.be/vehicle/IC3730,http://irail.be/stations/NMBS/008811007,IC,2018-07-05T09:38:00,2018-07-05T09:38:00,31,31
http://irail.be/vehicle/IC3730,http://irail.be/stations/NMBS/008812005,IC,2018-07-05T09:43:00,2018-07-05T09:41:00,63,77
http://irail.be/vehicle/IC3730,http://irail.be/stations/NMBS/008813045,IC,2018-07-05T09:45:00,2018-07-05T09:45:00,62,62
http://irail.be/vehicle/IC3730,http://irail.be/stations/NMBS/008813003,IC,2018-07-05T09:47:00,2018-07-05T09:46:00,125,93
http://irail.be/vehicle/IC3730,http://irail.be/stations/NMBS/008813037,IC,2018-07-05T09:49:00,2018-07-05T09:49:00,125,125
http://irail.be/vehicle/IC3730,http://irail.be/stations/NMBS/008814001,IC,2018-07-05T09:55:00,2018-07-05T09:51:00,42,128
http://irail.be/vehicle/IC3730,http://irail.be/stations/NMBS/008814308,IC,2018-07-05T10:05:00,2018-07-05T10:05:00,-10,-10
http://irail.be/vehicle/IC3730,http://irail.be/stations/NMBS/008814332,IC,2018-07-05T10:06:00,2018-07-05T10:06:00,14,14
http://irail.be/vehicle/IC3730,http://irail.be/stations/NMBS/008883808,IC,2018-07-05T10:07:00,2018-07-05T10:07:00,458,458
http://irail.be/vehicle/IC3730,http://irail.be/stations/NMBS/008883022,IC,2018-07-05T10:10:00,2018-07-05T10:10:00,478,478
http://irail.be/vehicle/IC3730,NO-URI,IC,2018-07-05T10:10:00,2018-07-05T10:10:00,523,523
http://irail.be/vehicle/IC3730,http://irail.be/stations/NMBS/008883006,IC,2018-07-05T10:17:00,2018-07-05T10:15:00,703,761
http://irail.be/vehicle/IC3730,http://irail.be/stations/NMBS/008883113,IC,2018-07-05T10:23:00,2018-07-05T10:22:00,661,634
http://irail.be/vehicle/IC3730,NO-URI,IC,2018-07-05T10:27:00,2018-07-05T10:27:00,741,741
http://irail.be/vehicle/IC3730,http://irail.be/stations/NMBS/008883121,IC,2018-07-05T10:27:00,2018-07-05T10:27:00,835,835
http://irail.be/vehicle/IC3730,http://irail.be/stations/NMBS/008881174,IC,2018-07-05T10:29:00,2018-07-05T10:29:00,882,882
http://irail.be/vehicle/IC3730,http://irail.be/stations/NMBS/008881166,IC,2018-07-05T10:32:00,2018-07-05T10:31:00,975,912
http://irail.be/vehicle/IC3730,http://irail.be/stations/NMBS/008881158,IC,2018-07-05T10:35:00,2018-07-05T10:35:00,975,975
http://irail.be/vehicle/IC3730,http://irail.be/stations/NMBS/008881125,IC,2018-07-05T10:36:00,2018-07-05T10:36:00,960,960
http://irail.be/vehicle/IC3730,http://irail.be/stations/NMBS/008881000,IC,2018-07-05T10:42:00,2018-07-05T10:42:00,,851
http://irail.be/vehicle/IC3730,http://irail.be/stations/NMBS/008819406,IC,2018-06-26T09:31:00,2018-06-26T09:31:00,1069,
http://irail.be/vehicle/IC3730,http://irail.be/stations/NMBS/008811007,IC,2018-06-26T09:38:00,2018-06-26T09:38:00,1078,1078
http://irail.be/vehicle/IC3730,http://irail.be/stations/NMBS/008812005,IC,2018-06-26T09:43:00,2018-06-26T09:41:00,1091,1122
http://irail.be/vehicle/IC3730,http://irail.be/stations/NMBS/008813045,IC,2018-06-26T09:45:00,2018-06-26T09:45:00,1087,1087
http://irail.be/vehicle/IC3730,http://irail.be/stations/NMBS/008813003,IC,2018-06-26T09:47:00,2018-06-26T09:46:00,1184,1155
http://irail.be/vehicle/IC3730,http://irail.be/stations/NMBS/008813037,IC,2018-06-26T09:49:00,2018-06-26T09:49:00,1184,1184
http://irail.be/vehicle/IC3730,http://irail.be/stations/NMBS/008814001,IC,2018-06-26T09:55:00,2018-06-26T09:51:00,1410,1193
http://irail.be/vehicle/IC3730,http://irail.be/stations/NMBS/008814308,IC,2018-06-26T10:05:00,2018-06-26T10:05:00,1370,1370
http://irail.be/vehicle/IC3730,http://irail.be/stations/NMBS/008814332,IC,2018-06-26T10:06:00,2018-06-26T10:06:00,1373,1373
http://irail.be/vehicle/IC3730,http://irail.be/stations/NMBS/008883808,IC,2018-06-26T10:07:00,2018-06-26T10:07:00,1535,1535
http://irail.be/vehicle/IC3730,http://irail.be/stations/NMBS/008883022,IC,2018-06-26T10:10:00,2018-06-26T10:10:00,1610,1610
http://irail.be/vehicle/IC3730,NO-URI,IC,2018-06-26T10:10:00,2018-06-26T10:10:00,1645,1645
http://irail.be/vehicle/IC3730,http://irail.be/stations/NMBS/008883006,IC,2018-06-26T10:17:00,2018-06-26T10:15:00,1487,1601
http://irail.be/vehicle/IC3730,http://irail.be/stations/NMBS/008883113,IC,2018-06-26T10:23:00,2018-06-26T10:22:00,1513,1490
http://irail.be/vehicle/IC3730,NO-URI,IC,2018-06-26T10:27:00,2018-06-26T10:27:00,1439,1439
http://irail.be/vehicle/IC3730,http://irail.be/stations/NMBS/008883121,IC,2018-06-26T10:27:00,2018-06-26T10:27:00,1449,1449
http://irail.be/vehicle/IC3730,http://irail.be/stations/NMBS/008881174,IC,2018-06-26T10:29:00,2018-06-26T10:29:00,1683,1683
http://irail.be/vehicle/IC3730,http://irail.be/stations/NMBS/008881166,IC,2018-06-26T10:32:00,2018-06-26T10:31:00,1800,1760
http://irail.be/vehicle/IC3730,http://irail.be/stations/NMBS/008881158,IC,2018-06-26T10:35:00,2018-06-26T10:35:00,1800,1800
http://irail.be/vehicle/IC3730,http://irail.be/stations/NMBS/008881125,IC,2018-06-26T10:36:00,2018-06-26T10:36:00,1809,1809
http://irail.be/vehicle/IC3730,http://irail.be/stations/NMBS/008881000,IC,2018-06-26T10:42:00,2018-06-26T10:42:00,,1706
http://irail.be/vehicle/IC3730,http://irail.be/stations/NMBS/008819406,IC,2018-04-19T09:31:00,2018-04-19T09:31:00,516,
http://irail.be/vehicle/IC3730,http://irail.be/stations/NMBS/008811007,IC,2018-04-19T09:38:00,2018-04-19T09:38:00,523,523
http://irail.be/vehicle/IC3730,http://irail.be/stations/NMBS/008812005,IC,2018-04-19T09:43:00,2018-04-19T09:41:00,544,567
http://irail.be/vehicle/IC3730,http://irail.be/stations/NMBS/008813045,IC,2018-04-19T09:45:00,2018-04-19T09:45:00,543,543
http://irail.be/vehicle/IC3730,http://irail.be/stations/NMBS/008813003,IC,2018-04-19T09:47:00,2018-04-19T09:46:00,594,572
http://irail.be/vehicle/IC3730,http://irail.be/stations/NMBS/008813037,IC,2018-04-19T09:49:00,2018-04-19T09:49:00,594,594
http://irail.be/vehicle/IC3730,http://irail.be/stations/NMBS/008814001,IC,2018-04-19T09:55:00,2018-04-19T09:51:00,484,603
http://irail.be/vehicle/IC3730,http://irail.be/stations/NMBS/008814308,IC,2018-04-19T10:05:00,2018-04-19T10:05:00,326,326
http://irail.be/vehicle/IC3730,http://irail.be/stations/NMBS/008814332,IC,2018-04-19T10:06:00,2018-04-19T10:06:00,323,323
http://irail.be/vehicle/IC3730,http://irail.be/stations/NMBS/008883808,IC,2018-04-19T10:07:00,2018-04-19T10:07:00,330,330
http://irail.be/vehicle/IC3730,http://irail.be/stations/NMBS/008883022,IC,2018-04-19T10:10:00,2018-04-19T10:10:00,273,273
http://irail.be/vehicle/IC3730,NO-URI,IC,2018-04-19T10:10:00,2018-04-19T10:10:00,284,284
http://irail.be/vehicle/IC3730,http://irail.be/stations/NMBS/008883006,IC,2018-04-19T10:17:00,2018-04-19T10:15:00,337,443
http://irail.be/vehicle/IC3730,http://irail.be/stations/NMBS/008883113,IC,2018-04-19T10:23:00,2018-04-19T10:22:00,281,271
http://irail.be/vehicle/IC3730,NO-URI,IC,2018-04-19T10:27:00,2018-04-19T10:27:00,208,208
http://irail.be/vehicle/IC3730,http://irail.be/stations/NMBS/008883121,IC,2018-04-19T10:27:00,2018-04-19T10:27:00,218,218
http://irail.be/vehicle/IC3730,http://irail.be/stations/NMBS/008881174,IC,2018-04-19T10:29:00,2018-04-19T10:29:00,227,227
http://irail.be/vehicle/IC3730,http://irail.be/stations/NMBS/008881166,IC,2018-04-19T10:32:00,2018-04-19T10:31:00,224,257
http://irail.be/vehicle/IC3730,http://irail.be/stations/NMBS/008881158,IC,2018-04-19T10:35:00,2018-04-19T10:35:00,224,224
http://irail.be/vehicle/IC3730,http://irail.be/stations/NMBS/008881125,IC,2018-04-19T10:37:00,2018-04-19T10:37:00,141,141
http://irail.be/vehicle/IC3730,http://irail.be/stations/NMBS/008881000,IC,2018-04-19T10:42:00,2018-04-19T10:42:00,,110
http://irail.be/vehicle/IC3730,http://irail.be/stations/NMBS/008819406,IC,2018-07-14T09:31:00,2018-07-14T09:31:00,-34,
http://irail.be/vehicle/IC3730,http://irail.be/stations/NMBS/008811007,IC,2018-07-14T09:38:00,2018-07-14T09:38:00,-1,-1
http://irail.be/vehicle/IC3730,http://irail.be/stations/NMBS/008812005,IC,2018-07-14T09:43:00,2018-07-14T09:41:00,60,51
http://irail.be/vehicle/IC3730,http://irail.be/stations/NMBS/008813045,IC,2018-07-14T09:45:00,2018-07-14T09:45:00,57,57
http://irail.be/vehicle/IC3730,http://irail.be/stations/NMBS/008813003,IC,2018-07-14T09:47:00,2018-07-14T09:46:00,108,90
http://irail.be/vehicle/IC3730,http://irail.be/stations/NMBS/008813037,IC,2018-07-14T09:48:00,2018-07-14T09:48:00,108,108
http://irail.be/vehicle/IC3730,http://irail.be/stations/NMBS/008814001,IC,2018-07-14T09:55:00,2018-07-14T09:51:00,143,137
http://irail.be/vehicle/IC3730,http://irail.be/stations/NMBS/008814373,IC,2018-07-14T09:59:00,2018-07-14T09:59:00,135,135
http://irail.be/vehicle/IC3730,http://irail.be/stations/NMBS/008814365,IC,2018-07-14T10:00:00,2018-07-14T10:00:00,238,238
http://irail.be/vehicle/IC3730,http://irail.be/stations/NMBS/008814357,IC,2018-07-14T10:02:00,2018-07-14T10:02:00,238,238
http://irail.be/vehicle/IC3730,http://irail.be/stations/NMBS/008814340,IC,2018-07-14T10:03:00,2018-07-14T10:03:00,226,226
http://irail.be/vehicle/IC3730,http://irail.be/stations/NMBS/008814308,IC,2018-07-14T10:04:00,2018-07-14T10:04:00,231,231
http://irail.be/vehicle/IC3730,http://irail.be/stations/NMBS/008814332,IC,2018-07-14T10:05:00,2018-07-14T10:05:00,224,224
http://irail.be/vehicle/IC3730,http://irail.be/stations/NMBS/008883808,IC,2018-07-14T10:07:00,2018-07-14T10:07:00,179,179
http://irail.be/vehicle/IC3730,http://irail.be/stations/NMBS/008883022,IC,2018-07-14T10:09:00,2018-07-14T10:09:00,185,185
http://irail.be/vehicle/IC3730,NO-URI,IC,2018-07-14T10:09:00,2018-07-14T10:09:00,199,199
http://irail.be/vehicle/IC3730,http://irail.be/stations/NMBS/008883006,IC,2018-07-14T10:16:00,2018-07-14T10:14:00,127,172
http://irail.be/vehicle/IC3730,http://irail.be/stations/NMBS/008883113,IC,2018-07-14T10:22:00,2018-07-14T10:21:00,228,174
http://irail.be/vehicle/IC3730,NO-URI,IC,2018-07-14T10:26:00,2018-07-14T10:26:00,183,183
http://irail.be/vehicle/IC3730,http://irail.be/stations/NMBS/008883121,IC,2018-07-14T10:26:00,2018-07-14T10:26:00,192,192
http://irail.be/vehicle/IC3730,http://irail.be/stations/NMBS/008881174,IC,2018-07-14T10:27:00,2018-07-14T10:27:00,217,217
http://irail.be/vehicle/IC3730,http://irail.be/stations/NMBS/008881166,IC,2018-07-14T10:31:00,2018-07-14T10:30:00,291,210
http://irail.be/vehicle/IC3730,http://irail.be/stations/NMBS/008881158,IC,2018-07-14T10:33:00,2018-07-14T10:33:00,291,291
http://irail.be/vehicle/IC3730,http://irail.be/stations/NMBS/008881125,IC,2018-07-14T10:35:00,2018-07-14T10:35:00,268,268
http://irail.be/vehicle/IC3730,http://irail.be/stations/NMBS/008881000,IC,2018-07-14T10:40:00,2018-07-14T10:40:00,,246
http://irail.be/vehicle/IC3730,http://irail.be/stations/NMBS/008819406,IC,2018-09-11T09:31:00,2018-09-11T09:31:00,167,
http://irail.be/vehicle/IC3730,http://irail.be/stations/NMBS/008811007,IC,2018-09-11T09:38:00,2018-09-11T09:38:00,186,186
http://irail.be/vehicle/IC3730,http://irail.be/stations/NMBS/008812005,IC,2018-09-11T09:43:00,2018-09-11T09:41:00,192,243
http://irail.be/vehicle/IC3730,http://irail.be/stations/NMBS/008813045,IC,2018-09-11T09:45:00,2018-09-11T09:45:00,188,188
http://irail.be/vehicle/IC3730,http://irail.be/stations/NMBS/008813003,IC,2018-09-11T09:47:00,2018-09-11T09:46:00,250,253
http://irail.be/vehicle/IC3730,http://irail.be/stations/NMBS/008813037,IC,2018-09-11T09:49:00,2018-09-11T09:49:00,250,250
http://irail.be/vehicle/IC3730,http://irail.be/stations/NMBS/008814001,IC,2018-09-11T09:55:00,2018-09-11T09:51:00,124,306
http://irail.be/vehicle/IC3730,http://irail.be/stations/NMBS/008814308,IC,2018-09-11T10:05:00,2018-09-11T10:05:00,-44,-44
http://irail.be/vehicle/IC3730,http://irail.be/stations/NMBS/008814332,IC,2018-09-11T10:06:00,2018-09-11T10:06:00,-44,-44
http://irail.be/vehicle/IC3730,http://irail.be/stations/NMBS/008883808,IC,2018-09-11T10:07:00,2018-09-11T10:07:00,-34,-34
http://irail.be/vehicle/IC3730,http://irail.be/stations/NMBS/008883022,IC,2018-09-11T10:10:00,2018-09-11T10:10:00,-1,-1
http://irail.be/vehicle/IC3730,NO-URI,IC,2018-09-11T10:10:00,2018-09-11T10:10:00,65,65
http://irail.be/vehicle/IC3730,http://irail.be/stations/NMBS/008883006,IC,2018-09-11T10:17:00,2018-09-11T10:15:00,30,32
http://irail.be/vehicle/IC3730,http://irail.be/stations/NMBS/008883113,IC,2018-09-11T10:23:00,2018-09-11T10:22:00,11,-47
http://irail.be/vehicle/IC3730,NO-URI,IC,2018-09-11T10:27:00,2018-09-11T10:27:00,-68,-68
http://irail.be/vehicle/IC3730,http://irail.be/stations/NMBS/008883121,IC,2018-09-11T10:27:00,2018-09-11T10:27:00,-60,-60
http://irail.be/vehicle/IC3730,http://irail.be/stations/NMBS/008881174,IC,2018-09-11T10:29:00,2018-09-11T10:29:00,-60,-60
http://irail.be/vehicle/IC3730,http://irail.be/stations/NMBS/008881166,IC,2018-09-11T10:32:00,2018-09-11T10:31:00,85,-31
http://irail.be/vehicle/IC3730,http://irail.be/stations/NMBS/008881158,IC,2018-09-11T10:34:00,2018-09-11T10:34:00,85,85
http://irail.be/vehicle/IC3730,http://irail.be/stations/NMBS/008881125,IC,2018-09-11T10:36:00,2018-09-11T10:36:00,39,39
http://irail.be/vehicle/IC3730,http://irail.be/stations/NMBS/008881000,IC,2018-09-11T10:42:00,2018-09-11T10:42:00,,11
http://irail.be/vehicle/IC3730,http://irail.be/stations/NMBS/008819406,IC,2018-11-14T09:31:00,2018-11-14T09:31:00,743,
http://irail.be/vehicle/IC3730,http://irail.be/stations/NMBS/008811007,IC,2018-11-14T09:38:00,2018-11-14T09:38:00,894,894
http://irail.be/vehicle/IC3730,http://irail.be/stations/NMBS/008812005,IC,2018-11-14T09:43:00,2018-11-14T09:41:00,945,971
http://irail.be/vehicle/IC3730,http://irail.be/stations/NMBS/008813045,IC,2018-11-14T09:45:00,2018-11-14T09:45:00,951,951
http://irail.be/vehicle/IC3730,http://irail.be/stations/NMBS/008813003,IC,2018-11-14T09:47:00,2018-11-14T09:46:00,1096,1069
http://irail.be/vehicle/IC3730,http://irail.be/stations/NMBS/008813037,IC,2018-11-14T09:49:00,2018-11-14T09:49:00,1058,1058
http://irail.be/vehicle/IC3730,http://irail.be/stations/NMBS/008814001,IC,2018-11-14T09:55:00,2018-11-14T09:51:00,1128,1147
http://irail.be/vehicle/IC3730,http://irail.be/stations/NMBS/008814373,IC,2018-11-14T09:59:05,2018-11-14T09:59:05,1086,1086
http://irail.be/vehicle/IC3730,http://irail.be/stations/NMBS/008814365,IC,2018-11-14T10:01:00,2018-11-14T10:01:00,1007,1007
http://irail.be/vehicle/IC3730,http://irail.be/stations/NMBS/008814357,IC,2018-11-14T10:03:00,2018-11-14T10:03:00,1007,1007
http://irail.be/vehicle/IC3730,http://irail.be/stations/NMBS/008814340,IC,2018-11-14T10:04:00,2018-11-14T10:04:00,992,992
http://irail.be/vehicle/IC3730,http://irail.be/stations/NMBS/008814308,IC,2018-11-14T10:05:00,2018-11-14T10:05:00,1006,1006
http://irail.be/vehicle/IC3730,http://irail.be/stations/NMBS/008814332,IC,2018-11-14T10:06:00,2018-11-14T10:06:00,1000,1000
http://irail.be/vehicle/IC3730,http://irail.be/stations/NMBS/008883808,IC,2018-11-14T10:07:00,2018-11-14T10:07:00,1336,1336
http://irail.be/vehicle/IC3730,http://irail.be/stations/NMBS/008883022,IC,2018-11-14T10:10:00,2018-11-14T10:10:00,1376,1376
http://irail.be/vehicle/IC3730,NO-URI,IC,2018-11-14T10:10:00,2018-11-14T10:10:00,1423,1423
http://irail.be/vehicle/IC3730,http://irail.be/stations/NMBS/008883006,IC,2018-11-14T10:17:00,2018-11-14T10:15:00,1434,1503
http://irail.be/vehicle/IC3730,http://irail.be/stations/NMBS/008883113,IC,2018-11-14T10:23:00,2018-11-14T10:22:00,1335,1355
http://irail.be/vehicle/IC3730,NO-URI,IC,2018-11-14T10:27:00,2018-11-14T10:27:00,1256,1256
http://irail.be/vehicle/IC3730,http://irail.be/stations/NMBS/008883121,IC,2018-11-14T10:27:00,2018-11-14T10:27:00,1264,1264
http://irail.be/vehicle/IC3730,http://irail.be/stations/NMBS/008881174,IC,2018-11-14T10:29:00,2018-11-14T10:29:00,1221,1221
http://irail.be/vehicle/IC3730,http://irail.be/stations/NMBS/008881166,IC,2018-11-14T10:32:00,2018-11-14T10:31:00,1220,1248
http://irail.be/vehicle/IC3730,http://irail.be/stations/NMBS/008881158,IC,2018-11-14T10:34:00,2018-11-14T10:34:00,1220,1220
http://irail.be/vehicle/IC3730,http://irail.be/stations/NMBS/008881125,IC,2018-11-14T10:36:00,2018-11-14T10:36:00,1176,1176
http://irail.be/vehicle/IC3730,http://irail.be/stations/NMBS/008881000,IC,2018-11-14T10:42:00,2018-11-14T10:42:00,,1030
http://irail.be/vehicle/IC3730,http://irail.be/stations/NMBS/008819406,IC,2018-01-24T09:31:00,2018-01-24T09:31:00,1320,
http://irail.be/vehicle/IC3730,http://irail.be/stations/NMBS/008811007,IC,2018-01-24T09:38:00,2018-01-24T09:38:00,1472,1472
http://irail.be/vehicle/IC3730,http://irail.be/stations/NMBS/008812005,IC,2018-01-24T09:43:00,2018-01-24T09:41:00,1422,1478
http://irail.be/vehicle/IC3730,http://irail.be/stations/NMBS/008813045,IC,2018-01-24T09:45:00,2018-01-24T09:45:00,1422,1422
http://irail.be/vehicle/IC3730,http://irail.be/stations/NMBS/008813003,IC,2018-01-24T09:47:00,2018-01-24T09:46:00,1741,1672
http://irail.be/vehicle/IC3730,http://irail.be/stations/NMBS/008813037,IC,2018-01-24T09:49:00,2018-01-24T09:49:00,1803,1803
http://irail.be/vehicle/IC3730,http://irail.be/stations/NMBS/008814001,IC,2018-01-24T09:55:00,2018-01-24T09:51:00,1924,2066
http://irail.be/vehicle/IC3730,http://irail.be/stations/NMBS/008814365,IC,2018-01-24T10:01:00,2018-01-24T10:01:00,1869,1869
http://irail.be/vehicle/IC3730,http://irail.be/stations/NMBS/008814357,IC,2018-01-24T10:03:00,2018-01-24T10:03:00,1869,1869
http://irail.be/vehicle/IC3730,http://irail.be/stations/NMBS/008814340,IC,2018-01-24T10:04:00,2018-01-24T10:04:00,1884,1884
http://irail.be/vehicle/IC3730,http://irail.be/stations/NMBS/008814308,IC,2018-01-24T10:05:00,2018-01-24T10:05:00,1928,1928
http://irail.be/vehicle/IC3730,http://irail.be/stations/NMBS/008814332,IC,2018-01-24T10:06:00,2018-01-24T10:06:00,1924,1924
http://irail.be/vehicle/IC3730,http://irail.be/stations/NMBS/008883808,IC,2018-01-24T10:07:00,2018-01-24T10:07:00,1978,1978
http://irail.be/vehicle/IC3730,http://irail.be/stations/NMBS/008883022,IC,2018-01-24T10:10:00,2018-01-24T10:10:00,2059,2059
http://irail.be/vehicle/IC3730,NO-URI,IC,2018-01-24T10:10:00,2018-01-24T10:10:00,2105,2105
http://irail.be/vehicle/IC3730,http://irail.be/stations/NMBS/008883006,IC,2018-01-24T10:17:00,2018-01-24T10:15:00,1956,2028
http://irail.be/vehicle/IC3730,http://irail.be/stations/NMBS/008883113,IC,2018-01-24T10:23:00,2018-01-24T10:22:00,1942,1882
http://irail.be/vehicle/IC3730,NO-URI,IC,2018-01-24T10:27:00,2018-01-24T10:27:00,1866,1866
http://irail.be/vehicle/IC3730,http://irail.be/stations/NMBS/008883121,IC,2018-01-24T10:27:00,2018-01-24T10:27:00,1873,1873
http://irail.be/vehicle/IC3730,http://irail.be/stations/NMBS/008881174,IC,2018-01-24T10:29:00,2018-01-24T10:29:00,1838,1838
http://irail.be/vehicle/IC3730,http://irail.be/stations/NMBS/008881166,IC,2018-01-24T10:32:00,2018-01-24T10:31:00,1877,1869
http://irail.be/vehicle/IC3730,http://irail.be/stations/NMBS/008881158,IC,2018-01-24T10:35:00,2018-01-24T10:35:00,1877,1877
http://irail.be/vehicle/IC3730,http://irail.be/stations/NMBS/008881125,IC,2018-01-24T10:37:00,2018-01-24T10:37:00,1799,1799
http://irail.be/vehicle/IC3730,http://irail.be/stations/NMBS/008881000,IC,2018-01-24T10:42:00,2018-01-24T10:42:00,,1791
http://irail.be/vehicle/IC3730,http://irail.be/stations/NMBS/008819406,IC,2018-06-22T09:31:00,2018-06-22T09:31:00,257,
http://irail.be/vehicle/IC3730,http://irail.be/stations/NMBS/008811007,IC,2018-06-22T09:38:00,2018-06-22T09:38:00,270,270
http://irail.be/vehicle/IC3730,http://irail.be/stations/NMBS/008812005,IC,2018-06-22T09:43:00,2018-06-22T09:41:00,312,355
http://irail.be/vehicle/IC3730,http://irail.be/stations/NMBS/008813045,IC,2018-06-22T09:45:00,2018-06-22T09:45:00,373,373
http://irail.be/vehicle/IC3730,http://irail.be/stations/NMBS/008813003,IC,2018-06-22T09:47:00,2018-06-22T09:46:00,503,480
http://irail.be/vehicle/IC3730,http://irail.be/stations/NMBS/008813037,IC,2018-06-22T09:49:00,2018-06-22T09:49:00,503,503
http://irail.be/vehicle/IC3730,http://irail.be/stations/NMBS/008814001,IC,2018-06-22T09:55:00,2018-06-22T09:51:00,717,526
http://irail.be/vehicle/IC3730,http://irail.be/stations/NMBS/008814308,IC,2018-06-22T10:05:00,2018-06-22T10:05:00,601,601
http://irail.be/vehicle/IC3730,http://irail.be/stations/NMBS/008814332,IC,2018-06-22T10:06:00,2018-06-22T10:06:00,605,605
http://irail.be/vehicle/IC3730,http://irail.be/stations/NMBS/008883808,IC,2018-06-22T10:07:00,2018-06-22T10:07:00,614,614
http://irail.be/vehicle/IC3730,http://irail.be/stations/NMBS/008883022,IC,2018-06-22T10:10:00,2018-06-22T10:10:00,560,560
http://irail.be/vehicle/IC3730,NO-URI,IC,2018-06-22T10:10:00,2018-06-22T10:10:00,564,564
http://irail.be/vehicle/IC3730,http://irail.be/stations/NMBS/008883006,IC,2018-06-22T10:17:00,2018-06-22T10:15:00,388,501
http://irail.be/vehicle/IC3730,http://irail.be/stations/NMBS/008883113,IC,2018-06-22T10:23:00,2018-06-22T10:22:00,312,314
http://irail.be/vehicle/IC3730,NO-URI,IC,2018-06-22T10:27:00,2018-06-22T10:27:00,237,237
http://irail.be/vehicle/IC3730,http://irail.be/stations/NMBS/008883121,IC,2018-06-22T10:27:00,2018-06-22T10:27:00,249,249
http://irail.be/vehicle/IC3730,http://irail.be/stations/NMBS/008881174,IC,2018-06-22T10:29:00,2018-06-22T10:29:00,211,211
http://irail.be/vehicle/IC3730,http://irail.be/stations/NMBS/008881166,IC,2018-06-22T10:32:00,2018-06-22T10:31:00,569,467
http://irail.be/vehicle/IC3730,http://irail.be/stations/NMBS/008881158,IC,2018-06-22T10:35:00,2018-06-22T10:35:00,569,569
http://irail.be/vehicle/IC3730,http://irail.be/stations/NMBS/008881125,IC,2018-06-22T10:36:00,2018-06-22T10:36:00,653,653
http://irail.be/vehicle/IC3730,http://irail.be/stations/NMBS/008881000,IC,2018-06-22T10:42:00,2018-06-22T10:42:00,,736
http://irail.be/vehicle/IC3730,http://irail.be/stations/NMBS/008819406,IC,2018-03-07T09:31:00,2018-03-07T09:31:00,78,
http://irail.be/vehicle/IC3730,http://irail.be/stations/NMBS/008811007,IC,2018-03-07T09:38:00,2018-03-07T09:38:00,58,58
http://irail.be/vehicle/IC3730,http://irail.be/stations/NMBS/008812005,IC,2018-03-07T09:43:00,2018-03-07T09:41:00,171,112
http://irail.be/vehicle/IC3730,http://irail.be/stations/NMBS/008813045,IC,2018-03-07T09:45:00,2018-03-07T09:45:00,175,175
http://irail.be/vehicle/IC3730,http://irail.be/stations/NMBS/008813003,IC,2018-03-07T09:47:00,2018-03-07T09:46:00,192,205
http://irail.be/vehicle/IC3730,http://irail.be/stations/NMBS/008813037,IC,2018-03-07T09:49:00,2018-03-07T09:49:00,192,192
http://irail.be/vehicle/IC3730,http://irail.be/stations/NMBS/008814001,IC,2018-03-07T09:55:00,2018-03-07T09:51:00,141,250
http://irail.be/vehicle/IC3730,http://irail.be/stations/NMBS/008814308,IC,2018-03-07T10:05:00,2018-03-07T10:05:00,66,66
http://irail.be/vehicle/IC3730,http://irail.be/stations/NMBS/008814332,IC,2018-03-07T10:06:00,2018-03-07T10:06:00,70,70
http://irail.be/vehicle/IC3730,http://irail.be/stations/NMBS/008883808,IC,2018-03-07T10:07:00,2018-03-07T10:07:00,82,82
http://irail.be/vehicle/IC3730,http://irail.be/stations/NMBS/008883022,IC,2018-03-07T10:10:00,2018-03-07T10:10:00,31,31
http://irail.be/vehicle/IC3730,NO-URI,IC,2018-03-07T10:10:00,2018-03-07T10:10:00,36,36
http://irail.be/vehicle/IC3730,http://irail.be/stations/NMBS/008883006,IC,2018-03-07T10:17:00,2018-03-07T10:15:00,26,-23
http://irail.be/vehicle/IC3730,http://irail.be/stations/NMBS/008883113,IC,2018-03-07T10:23:00,2018-03-07T10:22:00,18,-49
http://irail.be/vehicle/IC3730,NO-URI,IC,2018-03-07T10:27:00,2018-03-07T10:27:00,-55,-55
http://irail.be/vehicle/IC3730,http://irail.be/stations/NMBS/008883121,IC,2018-03-07T10:27:00,2018-03-07T10:27:00,-45,-45
http://irail.be/vehicle/IC3730,http://irail.be/stations/NMBS/008881174,IC,2018-03-07T10:29:00,2018-03-07T10:29:00,-82,-82
http://irail.be/vehicle/IC3730,http://irail.be/stations/NMBS/008881166,IC,2018-03-07T10:32:00,2018-03-07T10:31:00,-14,-57
http://irail.be/vehicle/IC3730,http://irail.be/stations/NMBS/008881158,IC,2018-03-07T10:35:00,2018-03-07T10:35:00,-14,-14
http://irail.be/vehicle/IC3730,http://irail.be/stations/NMBS/008881125,IC,2018-03-07T10:37:00,2018-03-07T10:37:00,-92,-92
http://irail.be/vehicle/IC3730,http://irail.be/stations/NMBS/008881000,IC,2018-03-07T10:42:00,2018-03-07T10:42:00,,-115
http://irail.be/vehicle/IC3730,http://irail.be/stations/NMBS/008819406,IC,2018-10-04T09:31:00,2018-10-04T09:31:00,347,
http://irail.be/vehicle/IC3730,http://irail.be/stations/NMBS/008811007,IC,2018-10-04T09:38:00,2018-10-04T09:38:00,588,588
http://irail.be/vehicle/IC3730,http://irail.be/stations/NMBS/008812005,IC,2018-10-04T09:43:00,2018-10-04T09:41:00,657,701
http://irail.be/vehicle/IC3730,http://irail.be/stations/NMBS/008813045,IC,2018-10-04T09:45:00,2018-10-04T09:45:00,671,671
http://irail.be/vehicle/IC3730,http://irail.be/stations/NMBS/008813003,IC,2018-10-04T09:47:00,2018-10-04T09:46:00,721,705
http://irail.be/vehicle/IC3730,http://irail.be/stations/NMBS/008813037,IC,2018-10-04T09:49:00,2018-10-04T09:49:00,721,721
http://irail.be/vehicle/IC3730,http://irail.be/stations/NMBS/008814001,IC,2018-10-04T09:55:00,2018-10-04T09:51:00,766,720
http://irail.be/vehicle/IC3730,http://irail.be/stations/NMBS/008814308,IC,2018-10-04T10:05:00,2018-10-04T10:05:00,679,679
http://irail.be/vehicle/IC3730,http://irail.be/stations/NMBS/008814332,IC,2018-10-04T10:06:00,2018-10-04T10:06:00,682,682
http://irail.be/vehicle/IC3730,http://irail.be/stations/NMBS/008883808,IC,2018-10-04T10:07:00,2018-10-04T10:07:00,693,693
http://irail.be/vehicle/IC3730,http://irail.be/stations/NMBS/008883022,IC,2018-10-04T10:10:00,2018-10-04T10:10:00,639,639
http://irail.be/vehicle/IC3730,NO-URI,IC,2018-10-04T10:10:00,2018-10-04T10:10:00,672,672
http://irail.be/vehicle/IC3730,http://irail.be/stations/NMBS/008883006,IC,2018-10-04T10:17:00,2018-10-04T10:15:00,568,652
http://irail.be/vehicle/IC3730,http://irail.be/stations/NMBS/008883113,IC,2018-10-04T10:23:00,2018-10-04T10:22:00,501,493
http://irail.be/vehicle/IC3730,NO-URI,IC,2018-10-04T10:27:00,2018-10-04T10:27:00,420,420
http://irail.be/vehicle/IC3730,http://irail.be/stations/NMBS/008883121,IC,2018-10-04T10:27:00,2018-10-04T10:27:00,429,429
http://irail.be/vehicle/IC3730,http://irail.be/stations/NMBS/008881174,IC,2018-10-04T10:29:00,2018-10-04T10:29:00,388,388
http://irail.be/vehicle/IC3730,http://irail.be/stations/NMBS/008881166,IC,2018-10-04T10:32:00,2018-10-04T10:31:00,414,415
http://irail.be/vehicle/IC3730,http://irail.be/stations/NMBS/008881158,IC,2018-10-04T10:34:00,2018-10-04T10:34:00,414,414
http://irail.be/vehicle/IC3730,http://irail.be/stations/NMBS/008881125,IC,2018-10-04T10:36:00,2018-10-04T10:36:00,368,368
http://irail.be/vehicle/IC3730,http://irail.be/stations/NMBS/008881000,IC,2018-10-04T10:42:00,2018-10-04T10:42:00,,242
http://irail.be/vehicle/IC3730,http://irail.be/stations/NMBS/008819406,IC,2018-03-04T09:31:00,2018-03-04T09:31:00,42,
http://irail.be/vehicle/IC3730,http://irail.be/stations/NMBS/008811007,IC,2018-03-04T09:38:00,2018-03-04T09:38:00,50,50
http://irail.be/vehicle/IC3730,http://irail.be/stations/NMBS/008812005,IC,2018-03-04T09:43:00,2018-03-04T09:41:00,204,206
http://irail.be/vehicle/IC3730,http://irail.be/stations/NMBS/008813045,IC,2018-03-04T09:45:00,2018-03-04T09:45:00,204,204
http://irail.be/vehicle/IC3730,http://irail.be/stations/NMBS/008813003,IC,2018-03-04T09:47:00,2018-03-04T09:46:00,367,320
http://irail.be/vehicle/IC3730,http://irail.be/stations/NMBS/008813037,IC,2018-03-04T09:48:00,2018-03-04T09:48:00,360,360
http://irail.be/vehicle/IC3730,http://irail.be/stations/NMBS/008814001,IC,2018-03-04T09:55:00,2018-03-04T09:51:00,523,352
http://irail.be/vehicle/IC3730,http://irail.be/stations/NMBS/008814365,IC,2018-03-04T10:00:00,2018-03-04T10:00:00,537,537
http://irail.be/vehicle/IC3730,http://irail.be/stations/NMBS/008814357,IC,2018-03-04T10:02:00,2018-03-04T10:02:00,537,537
http://irail.be/vehicle/IC3730,http://irail.be/stations/NMBS/008814340,IC,2018-03-04T10:03:00,2018-03-04T10:03:00,521,521
http://irail.be/vehicle/IC3730,http://irail.be/stations/NMBS/008814308,IC,2018-03-04T10:04:00,2018-03-04T10:04:00,523,523
http://irail.be/vehicle/IC3730,http://irail.be/stations/NMBS/008814332,IC,2018-03-04T10:05:00,2018-03-04T10:05:00,503,503
http://irail.be/vehicle/IC3730,http://irail.be/stations/NMBS/008883808,IC,2018-03-04T10:07:00,2018-03-04T10:07:00,466,466
http://irail.be/vehicle/IC3730,http://irail.be/stations/NMBS/008883022,IC,2018-03-04T10:09:00,2018-03-04T10:09:00,478,478
http://irail.be/vehicle/IC3730,NO-URI,IC,2018-03-04T10:09:00,2018-03-04T10:09:00,519,519
http://irail.be/vehicle/IC3730,http://irail.be/stations/NMBS/008883006,IC,2018-03-04T10:16:00,2018-03-04T10:14:00,471,476
http://irail.be/vehicle/IC3730,http://irail.be/stations/NMBS/008883113,IC,2018-03-04T10:22:00,2018-03-04T10:21:00,447,423
http://irail.be/vehicle/IC3730,NO-URI,IC,2018-03-04T10:26:00,2018-03-04T10:26:00,372,372
http://irail.be/vehicle/IC3730,http://irail.be/stations/NMBS/008883121,IC,2018-03-04T10:26:00,2018-03-04T10:26:00,382,382
http://irail.be/vehicle/IC3730,http://irail.be/stations/NMBS/008881174,IC,2018-03-04T10:27:00,2018-03-04T10:27:00,401,401
http://irail.be/vehicle/IC3730,http://irail.be/stations/NMBS/008881166,IC,2018-03-04T10:31:00,2018-03-04T10:30:00,374,386
http://irail.be/vehicle/IC3730,http://irail.be/stations/NMBS/008881158,IC,2018-03-04T10:33:00,2018-03-04T10:33:00,374,374
http://irail.be/vehicle/IC3730,http://irail.be/stations/NMBS/008881125,IC,2018-03-04T10:35:00,2018-03-04T10:35:00,331,331
http://irail.be/vehicle/IC3730,http://irail.be/stations/NMBS/008881000,IC,2018-03-04T10:40:00,2018-03-04T10:40:00,,303
http://irail.be/vehicle/IC3730,http://irail.be/stations/NMBS/008819406,IC,2018-01-29T09:31:00,2018-01-29T09:31:00,34,
http://irail.be/vehicle/IC3730,http://irail.be/stations/NMBS/008811007,IC,2018-01-29T09:38:00,2018-01-29T09:38:00,63,63
http://irail.be/vehicle/IC3730,http://irail.be/stations/NMBS/008812005,IC,2018-01-29T09:43:00,2018-01-29T09:41:00,24,81
http://irail.be/vehicle/IC3730,http://irail.be/stations/NMBS/008813045,IC,2018-01-29T09:45:00,2018-01-29T09:45:00,18,18
http://irail.be/vehicle/IC3730,http://irail.be/stations/NMBS/008813003,IC,2018-01-29T09:47:00,2018-01-29T09:46:00,57,60
http://irail.be/vehicle/IC3730,http://irail.be/stations/NMBS/008813037,IC,2018-01-29T09:49:00,2018-01-29T09:49:00,57,57
http://irail.be/vehicle/IC3730,http://irail.be/stations/NMBS/008814001,IC,2018-01-29T09:55:00,2018-01-29T09:51:00,23,59
http://irail.be/vehicle/IC3730,http://irail.be/stations/NMBS/008814308,IC,2018-01-29T10:05:00,2018-01-29T10:05:00,-106,-106
http://irail.be/vehicle/IC3730,http://irail.be/stations/NMBS/008814332,IC,2018-01-29T10:06:00,2018-01-29T10:06:00,-102,-102
http://irail.be/vehicle/IC3730,http://irail.be/stations/NMBS/008883808,IC,2018-01-29T10:07:00,2018-01-29T10:07:00,-91,-91
http://irail.be/vehicle/IC3730,http://irail.be/stations/NMBS/008883022,IC,2018-01-29T10:10:00,2018-01-29T10:10:00,-86,-86
http://irail.be/vehicle/IC3730,NO-URI,IC,2018-01-29T10:10:00,2018-01-29T10:10:00,10,10
http://irail.be/vehicle/IC3730,http://irail.be/stations/NMBS/008883006,IC,2018-01-29T10:17:00,2018-01-29T10:15:00,22,-23
http://irail.be/vehicle/IC3730,http://irail.be/stations/NMBS/008883113,IC,2018-01-29T10:23:00,2018-01-29T10:22:00,99,80
http://irail.be/vehicle/IC3730,NO-URI,IC,2018-01-29T10:27:00,2018-01-29T10:27:00,26,26
http://irail.be/vehicle/IC3730,http://irail.be/stations/NMBS/008883121,IC,2018-01-29T10:27:00,2018-01-29T10:27:00,36,36
http://irail.be/vehicle/IC3730,http://irail.be/stations/NMBS/008881174,IC,2018-01-29T10:29:00,2018-01-29T10:29:00,-1,-1
http://irail.be/vehicle/IC3730,http://irail.be/stations/NMBS/008881166,IC,2018-01-29T10:32:00,2018-01-29T10:31:00,-2,26
http://irail.be/vehicle/IC3730,http://irail.be/stations/NMBS/008881158,IC,2018-01-29T10:35:00,2018-01-29T10:35:00,-2,-2
http://irail.be/vehicle/IC3730,http://irail.be/stations/NMBS/008881125,IC,2018-01-29T10:37:00,2018-01-29T10:37:00,-80,-80
http://irail.be/vehicle/IC3730,http://irail.be/stations/NMBS/008881000,IC,2018-01-29T10:42:00,2018-01-29T10:42:00,,55
http://irail.be/vehicle/IC3730,http://irail.be/stations/NMBS/008819406,IC,2018-04-25T09:31:00,2018-04-25T09:31:00,920,
http://irail.be/vehicle/IC3730,http://irail.be/stations/NMBS/008811007,IC,2018-04-25T09:38:00,2018-04-25T09:38:00,1018,1018
http://irail.be/vehicle/IC3730,http://irail.be/stations/NMBS/008812005,IC,2018-04-25T09:43:00,2018-04-25T09:41:00,1118,1129
http://irail.be/vehicle/IC3730,http://irail.be/stations/NMBS/008813045,IC,2018-04-25T09:45:00,2018-04-25T09:45:00,1116,1116
http://irail.be/vehicle/IC3730,http://irail.be/stations/NMBS/008813003,IC,2018-04-25T09:47:00,2018-04-25T09:46:00,1133,1141
http://irail.be/vehicle/IC3730,http://irail.be/stations/NMBS/008813037,IC,2018-04-25T09:49:00,2018-04-25T09:49:00,1133,1133
http://irail.be/vehicle/IC3730,http://irail.be/stations/NMBS/008814001,IC,2018-04-25T09:55:00,2018-04-25T09:51:00,1034,1157
http://irail.be/vehicle/IC3730,http://irail.be/stations/NMBS/008814308,IC,2018-04-25T10:05:00,2018-04-25T10:05:00,894,894
http://irail.be/vehicle/IC3730,http://irail.be/stations/NMBS/008814332,IC,2018-04-25T10:06:00,2018-04-25T10:06:00,892,892
http://irail.be/vehicle/IC3730,http://irail.be/stations/NMBS/008883808,IC,2018-04-25T10:07:00,2018-04-25T10:07:00,904,904
http://irail.be/vehicle/IC3730,http://irail.be/stations/NMBS/008883022,IC,2018-04-25T10:10:00,2018-04-25T10:10:00,850,850
http://irail.be/vehicle/IC3730,NO-URI,IC,2018-04-25T10:10:00,2018-04-25T10:10:00,854,854
http://irail.be/vehicle/IC3730,http://irail.be/stations/NMBS/008883006,IC,2018-04-25T10:17:00,2018-04-25T10:15:00,731,791
http://irail.be/vehicle/IC3730,http://irail.be/stations/NMBS/008883113,IC,2018-04-25T10:23:00,2018-04-25T10:22:00,619,594
http://irail.be/vehicle/IC3730,NO-URI,IC,2018-04-25T10:27:00,2018-04-25T10:27:00,541,541
http://irail.be/vehicle/IC3730,http://irail.be/stations/NMBS/008883121,IC,2018-04-25T10:27:00,2018-04-25T10:27:00,550,550
http://irail.be/vehicle/IC3730,http://irail.be/stations/NMBS/008881174,IC,2018-04-25T10:29:00,2018-04-25T10:29:00,576,576
http://irail.be/vehicle/IC3730,http://irail.be/stations/NMBS/008881166,IC,2018-04-25T10:32:00,2018-04-25T10:31:00,588,603
http://irail.be/vehicle/IC3730,http://irail.be/stations/NMBS/008881158,IC,2018-04-25T10:35:00,2018-04-25T10:35:00,588,588
http://irail.be/vehicle/IC3730,http://irail.be/stations/NMBS/008881125,IC,2018-04-25T10:37:00,2018-04-25T10:37:00,508,508
http://irail.be/vehicle/IC3730,http://irail.be/stations/NMBS/008881000,IC,2018-04-25T10:42:00,2018-04-25T10:42:00,,498
http://irail.be/vehicle/IC3730,http://irail.be/stations/NMBS/008819406,IC,2018-01-03T09:31:00,2018-01-03T09:31:00,9,
http://irail.be/vehicle/IC3730,http://irail.be/stations/NMBS/008811007,IC,2018-01-03T09:38:00,2018-01-03T09:38:00,58,58
http://irail.be/vehicle/IC3730,http://irail.be/stations/NMBS/008812005,IC,2018-01-03T09:43:00,2018-01-03T09:41:00,17,61
http://irail.be/vehicle/IC3730,http://irail.be/stations/NMBS/008813045,IC,2018-01-03T09:45:00,2018-01-03T09:45:00,17,17
http://irail.be/vehicle/IC3730,http://irail.be/stations/NMBS/008813003,IC,2018-01-03T09:47:00,2018-01-03T09:46:00,85,42
http://irail.be/vehicle/IC3730,http://irail.be/stations/NMBS/008813037,IC,2018-01-03T09:49:00,2018-01-03T09:49:00,85,85
http://irail.be/vehicle/IC3730,http://irail.be/stations/NMBS/008814001,IC,2018-01-03T09:55:00,2018-01-03T09:51:00,244,146
http://irail.be/vehicle/IC3730,http://irail.be/stations/NMBS/008814308,IC,2018-01-03T10:05:00,2018-01-03T10:05:00,128,128
http://irail.be/vehicle/IC3730,http://irail.be/stations/NMBS/008814332,IC,2018-01-03T10:06:00,2018-01-03T10:06:00,132,132
http://irail.be/vehicle/IC3730,http://irail.be/stations/NMBS/008883808,IC,2018-01-03T10:07:00,2018-01-03T10:07:00,146,146
http://irail.be/vehicle/IC3730,http://irail.be/stations/NMBS/008883022,IC,2018-01-03T10:10:00,2018-01-03T10:10:00,98,98
http://irail.be/vehicle/IC3730,NO-URI,IC,2018-01-03T10:10:00,2018-01-03T10:10:00,106,106
http://irail.be/vehicle/IC3730,http://irail.be/stations/NMBS/008883006,IC,2018-01-03T10:17:00,2018-01-03T10:15:00,32,28
http://irail.be/vehicle/IC3730,http://irail.be/stations/NMBS/008883113,IC,2018-01-03T10:23:00,2018-01-03T10:22:00,30,-34
http://irail.be/vehicle/IC3730,NO-URI,IC,2018-01-03T10:27:00,2018-01-03T10:27:00,-36,-36
http://irail.be/vehicle/IC3730,http://irail.be/stations/NMBS/008883121,IC,2018-01-03T10:27:00,2018-01-03T10:27:00,-29,-29
http://irail.be/vehicle/IC3730,http://irail.be/stations/NMBS/008881174,IC,2018-01-03T10:29:00,2018-01-03T10:29:00,-64,-64
http://irail.be/vehicle/IC3730,http://irail.be/stations/NMBS/008881166,IC,2018-01-03T10:32:00,2018-01-03T10:31:00,64,-32
http://irail.be/vehicle/IC3730,http://irail.be/stations/NMBS/008881158,IC,2018-01-03T10:35:00,2018-01-03T10:35:00,64,64
http://irail.be/vehicle/IC3730,http://irail.be/stations/NMBS/008881125,IC,2018-01-03T10:37:00,2018-01-03T10:37:00,7,7
http://irail.be/vehicle/IC3730,http://irail.be/stations/NMBS/008881000,IC,2018-01-03T10:42:00,2018-01-03T10:42:00,,11
http://irail.be/vehicle/IC3730,http://irail.be/stations/NMBS/008819406,IC,2018-08-03T09:31:00,2018-08-03T09:31:00,15,
http://irail.be/vehicle/IC3730,http://irail.be/stations/NMBS/008811007,IC,2018-08-03T09:38:00,2018-08-03T09:38:00,212,212
http://irail.be/vehicle/IC3730,http://irail.be/stations/NMBS/008812005,IC,2018-08-03T09:43:00,2018-08-03T09:41:00,425,263
http://irail.be/vehicle/IC3730,http://irail.be/stations/NMBS/008813045,IC,2018-08-03T09:45:00,2018-08-03T09:45:00,431,431
http://irail.be/vehicle/IC3730,http://irail.be/stations/NMBS/008813003,IC,2018-08-03T09:47:00,2018-08-03T09:46:00,593,548
http://irail.be/vehicle/IC3730,http://irail.be/stations/NMBS/008813037,IC,2018-08-03T09:49:00,2018-08-03T09:49:00,593,593
http://irail.be/vehicle/IC3730,http://irail.be/stations/NMBS/008814001,IC,2018-08-03T09:55:00,2018-08-03T09:51:00,638,651
http://irail.be/vehicle/IC3730,http://irail.be/stations/NMBS/008814373,IC,2018-08-03T10:01:41,2018-08-03T10:01:41,406,406
http://irail.be/vehicle/IC3730,http://irail.be/stations/NMBS/008814308,IC,2018-08-03T10:05:00,2018-08-03T10:05:00,618,618
http://irail.be/vehicle/IC3730,http://irail.be/stations/NMBS/008814332,IC,2018-08-03T10:06:00,2018-08-03T10:06:00,629,629
http://irail.be/vehicle/IC3730,http://irail.be/stations/NMBS/008883808,IC,2018-08-03T10:07:00,2018-08-03T10:07:00,645,645
http://irail.be/vehicle/IC3730,http://irail.be/stations/NMBS/008883022,IC,2018-08-03T10:10:00,2018-08-03T10:10:00,598,598
http://irail.be/vehicle/IC3730,NO-URI,IC,2018-08-03T10:10:00,2018-08-03T10:10:00,604,604
http://irail.be/vehicle/IC3730,http://irail.be/stations/NMBS/008883006,IC,2018-08-03T10:17:00,2018-08-03T10:15:00,458,552
http://irail.be/vehicle/IC3730,http://irail.be/stations/NMBS/008883113,IC,2018-08-03T10:23:00,2018-08-03T10:22:00,439,410
http://irail.be/vehicle/IC3730,NO-URI,IC,2018-08-03T10:27:00,2018-08-03T10:27:00,387,387
http://irail.be/vehicle/IC3730,http://irail.be/stations/NMBS/008883121,IC,2018-08-03T10:27:00,2018-08-03T10:27:00,398,398
http://irail.be/vehicle/IC3730,http://irail.be/stations/NMBS/008881174,IC,2018-08-03T10:29:00,2018-08-03T10:29:00,363,363
http://irail.be/vehicle/IC3730,http://irail.be/stations/NMBS/008881166,IC,2018-08-03T10:32:00,2018-08-03T10:31:00,390,392
http://irail.be/vehicle/IC3730,http://irail.be/stations/NMBS/008881158,IC,2018-08-03T10:35:00,2018-08-03T10:35:00,390,390
http://irail.be/vehicle/IC3730,http://irail.be/stations/NMBS/008881125,IC,2018-08-03T10:36:00,2018-08-03T10:36:00,381,381
http://irail.be/vehicle/IC3730,http://irail.be/stations/NMBS/008881000,IC,2018-08-03T10:42:00,2018-08-03T10:42:00,,291
http://irail.be/vehicle/IC3730,http://irail.be/stations/NMBS/008819406,IC,2018-08-20T09:31:00,2018-08-20T09:31:00,526,
http://irail.be/vehicle/IC3730,http://irail.be/stations/NMBS/008811007,IC,2018-08-20T09:38:00,2018-08-20T09:38:00,699,699
http://irail.be/vehicle/IC3730,http://irail.be/stations/NMBS/008812005,IC,2018-08-20T09:43:00,2018-08-20T09:41:00,755,793
http://irail.be/vehicle/IC3730,http://irail.be/stations/NMBS/008813045,IC,2018-08-20T09:45:00,2018-08-20T09:45:00,754,754
http://irail.be/vehicle/IC3730,http://irail.be/stations/NMBS/008813003,IC,2018-08-20T09:47:00,2018-08-20T09:46:00,856,809
http://irail.be/vehicle/IC3730,http://irail.be/stations/NMBS/008813037,IC,2018-08-20T09:49:00,2018-08-20T09:49:00,856,856
http://irail.be/vehicle/IC3730,http://irail.be/stations/NMBS/008814001,IC,2018-08-20T09:55:00,2018-08-20T09:51:00,745,875
http://irail.be/vehicle/IC3730,http://irail.be/stations/NMBS/008814308,IC,2018-08-20T10:05:00,2018-08-20T10:05:00,626,626
http://irail.be/vehicle/IC3730,http://irail.be/stations/NMBS/008814332,IC,2018-08-20T10:06:00,2018-08-20T10:06:00,624,624
http://irail.be/vehicle/IC3730,http://irail.be/stations/NMBS/008883808,IC,2018-08-20T10:07:00,2018-08-20T10:07:00,636,636
http://irail.be/vehicle/IC3730,http://irail.be/stations/NMBS/008883022,IC,2018-08-20T10:10:00,2018-08-20T10:10:00,585,585
http://irail.be/vehicle/IC3730,NO-URI,IC,2018-08-20T10:10:00,2018-08-20T10:10:00,590,590
http://irail.be/vehicle/IC3730,http://irail.be/stations/NMBS/008883006,IC,2018-08-20T10:17:00,2018-08-20T10:15:00,454,545
http://irail.be/vehicle/IC3730,http://irail.be/stations/NMBS/008883113,IC,2018-08-20T10:23:00,2018-08-20T10:22:00,405,380
http://irail.be/vehicle/IC3730,NO-URI,IC,2018-08-20T10:27:00,2018-08-20T10:27:00,331,331
http://irail.be/vehicle/IC3730,http://irail.be/stations/NMBS/008883121,IC,2018-08-20T10:27:00,2018-08-20T10:27:00,341,341
http://irail.be/vehicle/IC3730,http://irail.be/stations/NMBS/008881174,IC,2018-08-20T10:29:00,2018-08-20T10:29:00,303,303
http://irail.be/vehicle/IC3730,http://irail.be/stations/NMBS/008881166,IC,2018-08-20T10:32:00,2018-08-20T10:31:00,347,330
http://irail.be/vehicle/IC3730,http://irail.be/stations/NMBS/008881158,IC,2018-08-20T10:35:00,2018-08-20T10:35:00,347,347
http://irail.be/vehicle/IC3730,http://irail.be/stations/NMBS/008881125,IC,2018-08-20T10:36:00,2018-08-20T10:36:00,328,328
http://irail.be/vehicle/IC3730,http://irail.be/stations/NMBS/008881000,IC,2018-08-20T10:42:00,2018-08-20T10:42:00,,293
http://irail.be/vehicle/IC3730,http://irail.be/stations/NMBS/008819406,IC,2018-10-28T09:31:00,2018-10-28T09:31:00,-37,
http://irail.be/vehicle/IC3730,http://irail.be/stations/NMBS/008811007,IC,2018-10-28T09:38:00,2018-10-28T09:38:00,-34,-34
http://irail.be/vehicle/IC3730,http://irail.be/stations/NMBS/008812005,IC,2018-10-28T09:43:00,2018-10-28T09:41:00,-3,-36
http://irail.be/vehicle/IC3730,http://irail.be/stations/NMBS/008813045,IC,2018-10-28T09:45:00,2018-10-28T09:45:00,-9,-9
http://irail.be/vehicle/IC3730,http://irail.be/stations/NMBS/008813003,IC,2018-10-28T09:47:00,2018-10-28T09:46:00,63,13
http://irail.be/vehicle/IC3730,http://irail.be/stations/NMBS/008813037,IC,2018-10-28T09:49:00,2018-10-28T09:49:00,63,63
http://irail.be/vehicle/IC3730,http://irail.be/stations/NMBS/008814001,IC,2018-10-28T09:55:00,2018-10-28T09:51:00,12,110
http://irail.be/vehicle/IC3730,http://irail.be/stations/NMBS/008814308,IC,2018-10-28T10:04:00,2018-10-28T10:04:00,-10,-10
http://irail.be/vehicle/IC3730,http://irail.be/stations/NMBS/008814332,IC,2018-10-28T10:05:00,2018-10-28T10:05:00,-8,-8
http://irail.be/vehicle/IC3730,http://irail.be/stations/NMBS/008883808,IC,2018-10-28T10:07:00,2018-10-28T10:07:00,-47,-47
http://irail.be/vehicle/IC3730,http://irail.be/stations/NMBS/008883022,IC,2018-10-28T10:09:00,2018-10-28T10:09:00,-41,-41
http://irail.be/vehicle/IC3730,NO-URI,IC,2018-10-28T10:09:00,2018-10-28T10:09:00,-33,-33
http://irail.be/vehicle/IC3730,http://irail.be/stations/NMBS/008883006,IC,2018-10-28T10:16:00,2018-10-28T10:14:00,9,-94
http://irail.be/vehicle/IC3730,http://irail.be/stations/NMBS/008883113,IC,2018-10-28T10:22:00,2018-10-28T10:21:00,17,-43
http://irail.be/vehicle/IC3730,NO-URI,IC,2018-10-28T10:26:00,2018-10-28T10:26:00,-45,-45
http://irail.be/vehicle/IC3730,http://irail.be/stations/NMBS/008883121,IC,2018-10-28T10:26:00,2018-10-28T10:26:00,-36,-36
http://irail.be/vehicle/IC3730,http://irail.be/stations/NMBS/008881174,IC,2018-10-28T10:27:00,2018-10-28T10:27:00,-12,-12
http://irail.be/vehicle/IC3730,http://irail.be/stations/NMBS/008881166,IC,2018-10-28T10:31:00,2018-10-28T10:30:00,-2,-25
http://irail.be/vehicle/IC3730,http://irail.be/stations/NMBS/008881158,IC,2018-10-28T10:34:00,2018-10-28T10:34:00,-2,-2
http://irail.be/vehicle/IC3730,http://irail.be/stations/NMBS/008881125,IC,2018-10-28T10:35:00,2018-10-28T10:35:00,-18,-18
http://irail.be/vehicle/IC3730,http://irail.be/stations/NMBS/008881000,IC,2018-10-28T10:40:00,2018-10-28T10:40:00,,-85
http://irail.be/vehicle/IC3730,http://irail.be/stations/NMBS/008819406,IC,2018-10-24T09:31:00,2018-10-24T09:31:00,668,
http://irail.be/vehicle/IC3730,http://irail.be/stations/NMBS/008811007,IC,2018-10-24T09:38:00,2018-10-24T09:38:00,655,655
http://irail.be/vehicle/IC3730,http://irail.be/stations/NMBS/008812005,IC,2018-10-24T09:43:00,2018-10-24T09:41:00,663,708
http://irail.be/vehicle/IC3730,http://irail.be/stations/NMBS/008813045,IC,2018-10-24T09:45:00,2018-10-24T09:45:00,659,659
http://irail.be/vehicle/IC3730,http://irail.be/stations/NMBS/008813003,IC,2018-10-24T09:47:00,2018-10-24T09:46:00,698,691
http://irail.be/vehicle/IC3730,http://irail.be/stations/NMBS/008813037,IC,2018-10-24T09:49:00,2018-10-24T09:49:00,698,698
http://irail.be/vehicle/IC3730,http://irail.be/stations/NMBS/008814001,IC,2018-10-24T09:55:00,2018-10-24T09:51:00,579,705
http://irail.be/vehicle/IC3730,http://irail.be/stations/NMBS/008814308,IC,2018-10-24T10:05:00,2018-10-24T10:05:00,509,509
http://irail.be/vehicle/IC3730,http://irail.be/stations/NMBS/008814332,IC,2018-10-24T10:06:00,2018-10-24T10:06:00,515,515
http://irail.be/vehicle/IC3730,http://irail.be/stations/NMBS/008883808,IC,2018-10-24T10:07:00,2018-10-24T10:07:00,535,535
http://irail.be/vehicle/IC3730,http://irail.be/stations/NMBS/008883022,IC,2018-10-24T10:10:00,2018-10-24T10:10:00,484,484
http://irail.be/vehicle/IC3730,NO-URI,IC,2018-10-24T10:10:00,2018-10-24T10:10:00,489,489
http://irail.be/vehicle/IC3730,http://irail.be/stations/NMBS/008883006,IC,2018-10-24T10:17:00,2018-10-24T10:15:00,319,398
http://irail.be/vehicle/IC3730,http://irail.be/stations/NMBS/008883113,IC,2018-10-24T10:23:00,2018-10-24T10:22:00,246,247
http://irail.be/vehicle/IC3730,NO-URI,IC,2018-10-24T10:27:00,2018-10-24T10:27:00,174,174
http://irail.be/vehicle/IC3730,http://irail.be/stations/NMBS/008883121,IC,2018-10-24T10:27:00,2018-10-24T10:27:00,185,185
http://irail.be/vehicle/IC3730,http://irail.be/stations/NMBS/008881174,IC,2018-10-24T10:29:00,2018-10-24T10:29:00,148,148
http://irail.be/vehicle/IC3730,http://irail.be/stations/NMBS/008881166,IC,2018-10-24T10:32:00,2018-10-24T10:31:00,194,176
http://irail.be/vehicle/IC3730,http://irail.be/stations/NMBS/008881158,IC,2018-10-24T10:34:00,2018-10-24T10:34:00,194,194
http://irail.be/vehicle/IC3730,http://irail.be/stations/NMBS/008881125,IC,2018-10-24T10:36:00,2018-10-24T10:36:00,152,152
http://irail.be/vehicle/IC3730,http://irail.be/stations/NMBS/008881000,IC,2018-10-24T10:42:00,2018-10-24T10:42:00,,61
http://irail.be/vehicle/IC3730,http://irail.be/stations/NMBS/008819406,IC,2018-11-28T09:31:00,2018-11-28T09:31:00,498,
http://irail.be/vehicle/IC3730,http://irail.be/stations/NMBS/008811007,IC,2018-11-28T09:38:00,2018-11-28T09:38:00,513,513
http://irail.be/vehicle/IC3730,http://irail.be/stations/NMBS/008812005,IC,2018-11-28T09:43:00,2018-11-28T09:41:00,505,587
http://irail.be/vehicle/IC3730,http://irail.be/stations/NMBS/008813045,IC,2018-11-28T09:45:00,2018-11-28T09:45:00,513,513
http://irail.be/vehicle/IC3730,http://irail.be/stations/NMBS/008813003,IC,2018-11-28T09:47:00,2018-11-28T09:46:00,557,543
http://irail.be/vehicle/IC3730,http://irail.be/stations/NMBS/008813037,IC,2018-11-28T09:49:00,2018-11-28T09:49:00,557,557
http://irail.be/vehicle/IC3730,http://irail.be/stations/NMBS/008814001,IC,2018-11-28T09:55:00,2018-11-28T09:51:00,529,568
http://irail.be/vehicle/IC3730,http://irail.be/stations/NMBS/008814308,IC,2018-11-28T10:05:00,2018-11-28T10:05:00,411,411
http://irail.be/vehicle/IC3730,http://irail.be/stations/NMBS/008814332,IC,2018-11-28T10:06:00,2018-11-28T10:06:00,415,415
http://irail.be/vehicle/IC3730,http://irail.be/stations/NMBS/008883808,IC,2018-11-28T10:07:00,2018-11-28T10:07:00,432,432
http://irail.be/vehicle/IC3730,http://irail.be/stations/NMBS/008883022,IC,2018-11-28T10:10:00,2018-11-28T10:10:00,381,381
http://irail.be/vehicle/IC3730,NO-URI,IC,2018-11-28T10:10:00,2018-11-28T10:10:00,393,393
http://irail.be/vehicle/IC3730,http://irail.be/stations/NMBS/008883006,IC,2018-11-28T10:17:00,2018-11-28T10:15:00,598,627
http://irail.be/vehicle/IC3730,http://irail.be/stations/NMBS/008883113,IC,2018-11-28T10:23:00,2018-11-28T10:22:00,540,522
http://irail.be/vehicle/IC3730,NO-URI,IC,2018-11-28T10:27:00,2018-11-28T10:27:00,467,467
http://irail.be/vehicle/IC3730,http://irail.be/stations/NMBS/008883121,IC,2018-11-28T10:27:00,2018-11-28T10:27:00,477,477
http://irail.be/vehicle/IC3730,http://irail.be/stations/NMBS/008881174,IC,2018-11-28T10:29:00,2018-11-28T10:29:00,444,444
http://irail.be/vehicle/IC3730,http://irail.be/stations/NMBS/008881166,IC,2018-11-28T10:32:00,2018-11-28T10:31:00,498,472
http://irail.be/vehicle/IC3730,http://irail.be/stations/NMBS/008881158,IC,2018-11-28T10:34:00,2018-11-28T10:34:00,498,498
http://irail.be/vehicle/IC3730,http://irail.be/stations/NMBS/008881125,IC,2018-11-28T10:36:00,2018-11-28T10:36:00,464,464
http://irail.be/vehicle/IC3730,http://irail.be/stations/NMBS/008881000,IC,2018-11-28T10:42:00,2018-11-28T10:42:00,,324
http://irail.be/vehicle/IC3730,http://irail.be/stations/NMBS/008819406,IC,2018-09-07T09:31:00,2018-09-07T09:31:00,27,
http://irail.be/vehicle/IC3730,http://irail.be/stations/NMBS/008811007,IC,2018-09-07T09:38:00,2018-09-07T09:38:00,28,28
http://irail.be/vehicle/IC3730,http://irail.be/stations/NMBS/008812005,IC,2018-09-07T09:43:00,2018-09-07T09:41:00,143,33
http://irail.be/vehicle/IC3730,http://irail.be/stations/NMBS/008813045,IC,2018-09-07T09:45:00,2018-09-07T09:45:00,139,139
http://irail.be/vehicle/IC3730,http://irail.be/stations/NMBS/008813003,IC,2018-09-07T09:47:00,2018-09-07T09:46:00,235,168
http://irail.be/vehicle/IC3730,http://irail.be/stations/NMBS/008813037,IC,2018-09-07T09:49:00,2018-09-07T09:49:00,235,235
http://irail.be/vehicle/IC3730,http://irail.be/stations/NMBS/008814001,IC,2018-09-07T09:55:00,2018-09-07T09:51:00,145,239
http://irail.be/vehicle/IC3730,http://irail.be/stations/NMBS/008814308,IC,2018-09-07T10:05:00,2018-09-07T10:05:00,36,36
http://irail.be/vehicle/IC3730,http://irail.be/stations/NMBS/008814332,IC,2018-09-07T10:06:00,2018-09-07T10:06:00,40,40
http://irail.be/vehicle/IC3730,http://irail.be/stations/NMBS/008883808,IC,2018-09-07T10:07:00,2018-09-07T10:07:00,55,55
http://irail.be/vehicle/IC3730,http://irail.be/stations/NMBS/008883022,IC,2018-09-07T10:10:00,2018-09-07T10:10:00,4,4
http://irail.be/vehicle/IC3730,NO-URI,IC,2018-09-07T10:10:00,2018-09-07T10:10:00,10,10
http://irail.be/vehicle/IC3730,http://irail.be/stations/NMBS/008883006,IC,2018-09-07T10:17:00,2018-09-07T10:15:00,33,0
http://irail.be/vehicle/IC3730,http://irail.be/stations/NMBS/008883113,IC,2018-09-07T10:23:00,2018-09-07T10:22:00,18,-20
http://irail.be/vehicle/IC3730,NO-URI,IC,2018-09-07T10:27:00,2018-09-07T10:27:00,-51,-51
http://irail.be/vehicle/IC3730,http://irail.be/stations/NMBS/008883121,IC,2018-09-07T10:27:00,2018-09-07T10:27:00,-40,-40
http://irail.be/vehicle/IC3730,http://irail.be/stations/NMBS/008881174,IC,2018-09-07T10:29:00,2018-09-07T10:29:00,-16,-16
http://irail.be/vehicle/IC3730,http://irail.be/stations/NMBS/008881166,IC,2018-09-07T10:32:00,2018-09-07T10:31:00,64,20
http://irail.be/vehicle/IC3730,http://irail.be/stations/NMBS/008881158,IC,2018-09-07T10:34:00,2018-09-07T10:34:00,64,64
http://irail.be/vehicle/IC3730,http://irail.be/stations/NMBS/008881125,IC,2018-09-07T10:36:00,2018-09-07T10:36:00,19,19
http://irail.be/vehicle/IC3730,http://irail.be/stations/NMBS/008881000,IC,2018-09-07T10:42:00,2018-09-07T10:42:00,,-14
http://irail.be/vehicle/IC3730,http://irail.be/stations/NMBS/008819406,IC,2018-09-02T09:31:00,2018-09-02T09:31:00,-28,
http://irail.be/vehicle/IC3730,http://irail.be/stations/NMBS/008811007,IC,2018-09-02T09:38:00,2018-09-02T09:38:00,107,107
http://irail.be/vehicle/IC3730,http://irail.be/stations/NMBS/008812005,IC,2018-09-02T09:43:00,2018-09-02T09:41:00,100,122
http://irail.be/vehicle/IC3730,http://irail.be/stations/NMBS/008813045,IC,2018-09-02T09:45:00,2018-09-02T09:45:00,102,102
http://irail.be/vehicle/IC3730,http://irail.be/stations/NMBS/008813003,IC,2018-09-02T09:47:00,2018-09-02T09:46:00,285,235
http://irail.be/vehicle/IC3730,http://irail.be/stations/NMBS/008813037,IC,2018-09-02T09:49:00,2018-09-02T09:49:00,285,285
http://irail.be/vehicle/IC3730,http://irail.be/stations/NMBS/008814001,IC,2018-09-02T09:55:00,2018-09-02T09:51:00,262,317
http://irail.be/vehicle/IC3730,http://irail.be/stations/NMBS/008814365,IC,2018-09-02T10:00:00,2018-09-02T10:00:00,257,257
http://irail.be/vehicle/IC3730,http://irail.be/stations/NMBS/008814357,IC,2018-09-02T10:02:00,2018-09-02T10:02:00,257,257
http://irail.be/vehicle/IC3730,http://irail.be/stations/NMBS/008814340,IC,2018-09-02T10:03:00,2018-09-02T10:03:00,241,241
http://irail.be/vehicle/IC3730,http://irail.be/stations/NMBS/008814308,IC,2018-09-02T10:04:00,2018-09-02T10:04:00,247,247
http://irail.be/vehicle/IC3730,http://irail.be/stations/NMBS/008814332,IC,2018-09-02T10:05:00,2018-09-02T10:05:00,239,239
http://irail.be/vehicle/IC3730,http://irail.be/stations/NMBS/008883808,IC,2018-09-02T10:07:00,2018-09-02T10:07:00,191,191
http://irail.be/vehicle/IC3730,http://irail.be/stations/NMBS/008883022,IC,2018-09-02T10:09:00,2018-09-02T10:09:00,4161,4161
http://irail.be/vehicle/IC3730,NO-URI,IC,2018-09-02T10:09:00,2018-09-02T10:09:00,4397,4397
http://irail.be/vehicle/IC3730,http://irail.be/stations/NMBS/008883006,IC,2018-09-02T10:16:00,2018-09-02T10:14:00,4379,4424
http://irail.be/vehicle/IC3730,http://irail.be/stations/NMBS/008883113,IC,2018-09-02T10:22:00,2018-09-02T10:21:00,4323,4310
http://irail.be/vehicle/IC3730,NO-URI,IC,2018-09-02T10:26:00,2018-09-02T10:26:00,4251,4251
http://irail.be/vehicle/IC3730,http://irail.be/stations/NMBS/008883121,IC,2018-09-02T10:26:00,2018-09-02T10:26:00,4261,4261
http://irail.be/vehicle/IC3730,http://irail.be/stations/NMBS/008881174,IC,2018-09-02T10:27:00,2018-09-02T10:27:00,4357,4357
http://irail.be/vehicle/IC3730,http://irail.be/stations/NMBS/008881166,IC,2018-09-02T10:31:00,2018-09-02T10:30:00,4361,4361
http://irail.be/vehicle/IC3730,http://irail.be/stations/NMBS/008881158,IC,2018-09-02T10:34:00,2018-09-02T10:34:00,4361,4361
http://irail.be/vehicle/IC3730,http://irail.be/stations/NMBS/008881125,IC,2018-09-02T10:35:00,2018-09-02T10:35:00,4350,4350
http://irail.be/vehicle/IC3730,http://irail.be/stations/NMBS/008881000,IC,2018-09-02T10:40:00,2018-09-02T10:40:00,,4286
http://irail.be/vehicle/IC3730,http://irail.be/stations/NMBS/008819406,IC,2018-05-28T09:31:00,2018-05-28T09:31:00,93,
http://irail.be/vehicle/IC3730,http://irail.be/stations/NMBS/008811007,IC,2018-05-28T09:38:00,2018-05-28T09:38:00,371,371
http://irail.be/vehicle/IC3730,http://irail.be/stations/NMBS/008812005,IC,2018-05-28T09:43:00,2018-05-28T09:41:00,461,438
http://irail.be/vehicle/IC3730,http://irail.be/stations/NMBS/008813045,IC,2018-05-28T09:45:00,2018-05-28T09:45:00,430,430
http://irail.be/vehicle/IC3730,http://irail.be/stations/NMBS/008813003,IC,2018-05-28T09:47:00,2018-05-28T09:46:00,757,482
http://irail.be/vehicle/IC3730,http://irail.be/stations/NMBS/008813037,IC,2018-05-28T09:49:00,2018-05-28T09:49:00,757,757
http://irail.be/vehicle/IC3730,http://irail.be/stations/NMBS/008814001,IC,2018-05-28T09:55:00,2018-05-28T09:51:00,609,764
http://irail.be/vehicle/IC3730,http://irail.be/stations/NMBS/008814373,IC,2018-05-28T10:01:41,2018-05-28T10:01:41,698,698
http://irail.be/vehicle/IC3730,http://irail.be/stations/NMBS/008814308,IC,2018-05-28T10:05:00,2018-05-28T10:05:00,924,924
http://irail.be/vehicle/IC3730,http://irail.be/stations/NMBS/008814332,IC,2018-05-28T10:06:00,2018-05-28T10:06:00,923,923
http://irail.be/vehicle/IC3730,http://irail.be/stations/NMBS/008883808,IC,2018-05-28T10:07:00,2018-05-28T10:07:00,937,937
http://irail.be/vehicle/IC3730,http://irail.be/stations/NMBS/008883022,IC,2018-05-28T10:10:00,2018-05-28T10:10:00,885,885
http://irail.be/vehicle/IC3730,NO-URI,IC,2018-05-28T10:10:00,2018-05-28T10:10:00,889,889
http://irail.be/vehicle/IC3730,http://irail.be/stations/NMBS/008883006,IC,2018-05-28T10:17:00,2018-05-28T10:15:00,722,829
http://irail.be/vehicle/IC3730,http://irail.be/stations/NMBS/008883113,IC,2018-05-28T10:23:00,2018-05-28T10:22:00,679,656
http://irail.be/vehicle/IC3730,NO-URI,IC,2018-05-28T10:27:00,2018-05-28T10:27:00,607,607
http://irail.be/vehicle/IC3730,http://irail.be/stations/NMBS/008883121,IC,2018-05-28T10:27:00,2018-05-28T10:27:00,618,618
http://irail.be/vehicle/IC3730,http://irail.be/stations/NMBS/008881174,IC,2018-05-28T10:29:00,2018-05-28T10:29:00,582,582
http://irail.be/vehicle/IC3730,http://irail.be/stations/NMBS/008881166,IC,2018-05-28T10:32:00,2018-05-28T10:31:00,605,608
http://irail.be/vehicle/IC3730,http://irail.be/stations/NMBS/008881158,IC,2018-05-28T10:35:00,2018-05-28T10:35:00,605,605
http://irail.be/vehicle/IC3730,http://irail.be/stations/NMBS/008881125,IC,2018-05-28T10:37:00,2018-05-28T10:37:00,530,530
http://irail.be/vehicle/IC3730,http://irail.be/stations/NMBS/008881000,IC,2018-05-28T10:42:00,2018-05-28T10:42:00,,576
http://irail.be/vehicle/IC3730,http://irail.be/stations/NMBS/008819406,IC,2018-02-14T09:31:00,2018-02-14T09:31:00,60,
http://irail.be/vehicle/IC3730,http://irail.be/stations/NMBS/008811007,IC,2018-02-14T09:38:00,2018-02-14T09:38:00,86,86
http://irail.be/vehicle/IC3730,http://irail.be/stations/NMBS/008812005,IC,2018-02-14T09:43:00,2018-02-14T09:41:00,13,90
http://irail.be/vehicle/IC3730,http://irail.be/stations/NMBS/008813045,IC,2018-02-14T09:45:00,2018-02-14T09:45:00,20,20
http://irail.be/vehicle/IC3730,http://irail.be/stations/NMBS/008813003,IC,2018-02-14T09:47:00,2018-02-14T09:46:00,136,123
http://irail.be/vehicle/IC3730,http://irail.be/stations/NMBS/008813037,IC,2018-02-14T09:49:00,2018-02-14T09:49:00,136,136
http://irail.be/vehicle/IC3730,http://irail.be/stations/NMBS/008814001,IC,2018-02-14T09:55:00,2018-02-14T09:51:00,116,151
http://irail.be/vehicle/IC3730,http://irail.be/stations/NMBS/008814365,IC,2018-02-14T10:01:00,2018-02-14T10:01:00,54,54
http://irail.be/vehicle/IC3730,http://irail.be/stations/NMBS/008814357,IC,2018-02-14T10:03:00,2018-02-14T10:03:00,54,54
http://irail.be/vehicle/IC3730,http://irail.be/stations/NMBS/008814340,IC,2018-02-14T10:04:00,2018-02-14T10:04:00,69,69
http://irail.be/vehicle/IC3730,http://irail.be/stations/NMBS/008814308,IC,2018-02-14T10:05:00,2018-02-14T10:05:00,103,103
http://irail.be/vehicle/IC3730,http://irail.be/stations/NMBS/008814332,IC,2018-02-14T10:06:00,2018-02-14T10:06:00,98,98
http://irail.be/vehicle/IC3730,http://irail.be/stations/NMBS/008883808,IC,2018-02-14T10:07:00,2018-02-14T10:07:00,148,148
http://irail.be/vehicle/IC3730,http://irail.be/stations/NMBS/008883022,IC,2018-02-14T10:10:00,2018-02-14T10:10:00,105,105
http://irail.be/vehicle/IC3730,NO-URI,IC,2018-02-14T10:10:00,2018-02-14T10:10:00,112,112
http://irail.be/vehicle/IC3730,http://irail.be/stations/NMBS/008883006,IC,2018-02-14T10:17:00,2018-02-14T10:15:00,35,15
http://irail.be/vehicle/IC3730,http://irail.be/stations/NMBS/008883113,IC,2018-02-14T10:23:00,2018-02-14T10:22:00,36,-22
http://irail.be/vehicle/IC3730,NO-URI,IC,2018-02-14T10:27:00,2018-02-14T10:27:00,-32,-32
http://irail.be/vehicle/IC3730,http://irail.be/stations/NMBS/008883121,IC,2018-02-14T10:27:00,2018-02-14T10:27:00,-23,-23
http://irail.be/vehicle/IC3730,http://irail.be/stations/NMBS/008881174,IC,2018-02-14T10:29:00,2018-02-14T10:29:00,-62,-62
http://irail.be/vehicle/IC3730,http://irail.be/stations/NMBS/008881166,IC,2018-02-14T10:32:00,2018-02-14T10:31:00,-11,-32
http://irail.be/vehicle/IC3730,http://irail.be/stations/NMBS/008881158,IC,2018-02-14T10:35:00,2018-02-14T10:35:00,-11,-11
http://irail.be/vehicle/IC3730,http://irail.be/stations/NMBS/008881125,IC,2018-02-14T10:37:00,2018-02-14T10:37:00,-87,-87
http://irail.be/vehicle/IC3730,http://irail.be/stations/NMBS/008881000,IC,2018-02-14T10:42:00,2018-02-14T10:42:00,,-103
http://irail.be/vehicle/IC3730,http://irail.be/stations/NMBS/008819406,IC,2018-12-20T09:30:00,2018-12-20T09:30:00,-22,
http://irail.be/vehicle/IC3730,http://irail.be/stations/NMBS/008811007,IC,2018-12-20T09:37:00,2018-12-20T09:37:00,10,10
http://irail.be/vehicle/IC3730,http://irail.be/stations/NMBS/008812005,IC,2018-12-20T09:43:00,2018-12-20T09:41:00,7,-15
http://irail.be/vehicle/IC3730,http://irail.be/stations/NMBS/008813045,IC,2018-12-20T09:45:00,2018-12-20T09:45:00,1,1
http://irail.be/vehicle/IC3730,http://irail.be/stations/NMBS/008813003,IC,2018-12-20T09:48:00,2018-12-20T09:47:00,-38,-21
http://irail.be/vehicle/IC3730,http://irail.be/stations/NMBS/008813037,IC,2018-12-20T09:50:00,2018-12-20T09:50:00,-38,-38
http://irail.be/vehicle/IC3730,http://irail.be/stations/NMBS/008814001,IC,2018-12-20T09:56:00,2018-12-20T09:52:00,43,-5
http://irail.be/vehicle/IC3730,http://irail.be/stations/NMBS/008814308,IC,2018-12-20T10:05:00,2018-12-20T10:05:00,20,20
http://irail.be/vehicle/IC3730,http://irail.be/stations/NMBS/008814332,IC,2018-12-20T10:06:00,2018-12-20T10:06:00,23,23
http://irail.be/vehicle/IC3730,http://irail.be/stations/NMBS/008883808,IC,2018-12-20T10:08:00,2018-12-20T10:08:00,-18,-18
http://irail.be/vehicle/IC3730,http://irail.be/stations/NMBS/008883022,IC,2018-12-20T10:10:00,2018-12-20T10:10:00,18,18
http://irail.be/vehicle/IC3730,NO-URI,IC,2018-12-20T10:11:00,2018-12-20T10:11:00,11,11
http://irail.be/vehicle/IC3730,http://irail.be/stations/NMBS/008883006,IC,2018-12-20T10:18:00,2018-12-20T10:16:00,98,172
http://irail.be/vehicle/IC3730,http://irail.be/stations/NMBS/008883113,IC,2018-12-20T10:24:00,2018-12-20T10:23:00,88,66
http://irail.be/vehicle/IC3730,NO-URI,IC,2018-12-20T10:27:00,2018-12-20T10:27:00,81,81
http://irail.be/vehicle/IC3730,http://irail.be/stations/NMBS/008883121,IC,2018-12-20T10:28:00,2018-12-20T10:28:00,70,70
http://irail.be/vehicle/IC3730,http://irail.be/stations/NMBS/008881174,IC,2018-12-20T10:29:00,2018-12-20T10:29:00,66,66
http://irail.be/vehicle/IC3730,http://irail.be/stations/NMBS/008881166,IC,2018-12-20T10:33:00,2018-12-20T10:32:00,46,62
http://irail.be/vehicle/IC3730,http://irail.be/stations/NMBS/008881158,IC,2018-12-20T10:36:00,2018-12-20T10:36:00,46,46
http://irail.be/vehicle/IC3730,http://irail.be/stations/NMBS/008881125,IC,2018-12-20T10:37:00,2018-12-20T10:37:00,34,34
http://irail.be/vehicle/IC3730,http://irail.be/stations/NMBS/008881000,IC,2018-12-20T10:43:00,2018-12-20T10:43:00,,-84
http://irail.be/vehicle/IC3730,http://irail.be/stations/NMBS/008819406,IC,2018-01-31T09:31:00,2018-01-31T09:31:00,167,
http://irail.be/vehicle/IC3730,http://irail.be/stations/NMBS/008811007,IC,2018-01-31T09:38:00,2018-01-31T09:38:00,335,335
http://irail.be/vehicle/IC3730,http://irail.be/stations/NMBS/008812005,IC,2018-01-31T09:43:00,2018-01-31T09:41:00,321,399
http://irail.be/vehicle/IC3730,http://irail.be/stations/NMBS/008813045,IC,2018-01-31T09:45:00,2018-01-31T09:45:00,312,312
http://irail.be/vehicle/IC3730,http://irail.be/stations/NMBS/008813003,IC,2018-01-31T09:47:00,2018-01-31T09:46:00,346,344
http://irail.be/vehicle/IC3730,http://irail.be/stations/NMBS/008813037,IC,2018-01-31T09:48:00,2018-01-31T09:48:00,346,346
http://irail.be/vehicle/IC3730,http://irail.be/stations/NMBS/008814001,IC,2018-01-31T09:55:00,2018-01-31T09:51:00,269,329
http://irail.be/vehicle/IC3730,http://irail.be/stations/NMBS/008814308,IC,2018-01-31T10:05:00,2018-01-31T10:05:00,134,134
http://irail.be/vehicle/IC3730,http://irail.be/stations/NMBS/008814332,IC,2018-01-31T10:06:00,2018-01-31T10:06:00,138,138
http://irail.be/vehicle/IC3730,http://irail.be/stations/NMBS/008883808,IC,2018-01-31T10:07:00,2018-01-31T10:07:00,151,151
http://irail.be/vehicle/IC3730,http://irail.be/stations/NMBS/008883022,IC,2018-01-31T10:10:00,2018-01-31T10:10:00,98,98
http://irail.be/vehicle/IC3730,NO-URI,IC,2018-01-31T10:10:00,2018-01-31T10:10:00,105,105
http://irail.be/vehicle/IC3730,http://irail.be/stations/NMBS/008883006,IC,2018-01-31T10:17:00,2018-01-31T10:15:00,-40,3
http://irail.be/vehicle/IC3730,http://irail.be/stations/NMBS/008883113,IC,2018-01-31T10:23:00,2018-01-31T10:22:00,22,-108
http://irail.be/vehicle/IC3730,NO-URI,IC,2018-01-31T10:27:00,2018-01-31T10:27:00,-50,-50
http://irail.be/vehicle/IC3730,http://irail.be/stations/NMBS/008883121,IC,2018-01-31T10:27:00,2018-01-31T10:27:00,-42,-42
http://irail.be/vehicle/IC3730,http://irail.be/stations/NMBS/008881174,IC,2018-01-31T10:29:00,2018-01-31T10:29:00,-81,-81
http://irail.be/vehicle/IC3730,http://irail.be/stations/NMBS/008881166,IC,2018-01-31T10:32:00,2018-01-31T10:31:00,41,-55
http://irail.be/vehicle/IC3730,http://irail.be/stations/NMBS/008881158,IC,2018-01-31T10:34:00,2018-01-31T10:34:00,41,41
http://irail.be/vehicle/IC3730,http://irail.be/stations/NMBS/008881125,IC,2018-01-31T10:37:00,2018-01-31T10:37:00,-53,-53
http://irail.be/vehicle/IC3730,http://irail.be/stations/NMBS/008881000,IC,2018-01-31T10:42:00,2018-01-31T10:42:00,,68
http://irail.be/vehicle/IC3730,http://irail.be/stations/NMBS/008819406,IC,2018-10-10T09:31:00,2018-10-10T09:31:00,-3,
http://irail.be/vehicle/IC3730,http://irail.be/stations/NMBS/008811007,IC,2018-10-10T09:38:00,2018-10-10T09:38:00,248,248
http://irail.be/vehicle/IC3730,http://irail.be/stations/NMBS/008812005,IC,2018-10-10T09:43:00,2018-10-10T09:41:00,274,313
http://irail.be/vehicle/IC3730,http://irail.be/stations/NMBS/008813045,IC,2018-10-10T09:45:00,2018-10-10T09:45:00,267,267
http://irail.be/vehicle/IC3730,http://irail.be/stations/NMBS/008813003,IC,2018-10-10T09:47:00,2018-10-10T09:46:00,352,291
http://irail.be/vehicle/IC3730,http://irail.be/stations/NMBS/008813037,IC,2018-10-10T09:49:00,2018-10-10T09:49:00,352,352
http://irail.be/vehicle/IC3730,http://irail.be/stations/NMBS/008814001,IC,2018-10-10T09:55:00,2018-10-10T09:51:00,181,348
http://irail.be/vehicle/IC3730,http://irail.be/stations/NMBS/008814308,IC,2018-10-10T10:05:00,2018-10-10T10:05:00,38,38
http://irail.be/vehicle/IC3730,http://irail.be/stations/NMBS/008814332,IC,2018-10-10T10:06:00,2018-10-10T10:06:00,41,41
http://irail.be/vehicle/IC3730,http://irail.be/stations/NMBS/008883808,IC,2018-10-10T10:07:00,2018-10-10T10:07:00,58,58
http://irail.be/vehicle/IC3730,http://irail.be/stations/NMBS/008883022,IC,2018-10-10T10:10:00,2018-10-10T10:10:00,44,44
http://irail.be/vehicle/IC3730,NO-URI,IC,2018-10-10T10:10:00,2018-10-10T10:10:00,107,107
http://irail.be/vehicle/IC3730,http://irail.be/stations/NMBS/008883006,IC,2018-10-10T10:17:00,2018-10-10T10:15:00,62,105
http://irail.be/vehicle/IC3730,http://irail.be/stations/NMBS/008883113,IC,2018-10-10T10:23:00,2018-10-10T10:22:00,7,-1
http://irail.be/vehicle/IC3730,NO-URI,IC,2018-10-10T10:27:00,2018-10-10T10:27:00,-63,-63
http://irail.be/vehicle/IC3730,http://irail.be/stations/NMBS/008883121,IC,2018-10-10T10:27:00,2018-10-10T10:27:00,-53,-53
http://irail.be/vehicle/IC3730,http://irail.be/stations/NMBS/008881174,IC,2018-10-10T10:29:00,2018-10-10T10:29:00,-90,-90
http://irail.be/vehicle/IC3730,http://irail.be/stations/NMBS/008881166,IC,2018-10-10T10:32:00,2018-10-10T10:31:00,9,-63
http://irail.be/vehicle/IC3730,http://irail.be/stations/NMBS/008881158,IC,2018-10-10T10:34:00,2018-10-10T10:34:00,9,9
http://irail.be/vehicle/IC3730,http://irail.be/stations/NMBS/008881125,IC,2018-10-10T10:36:00,2018-10-10T10:36:00,151,151
http://irail.be/vehicle/IC3730,http://irail.be/stations/NMBS/008881000,IC,2018-10-10T10:42:00,2018-10-10T10:42:00,,35
http://irail.be/vehicle/IC3730,http://irail.be/stations/NMBS/008819406,IC,2018-06-06T09:31:00,2018-06-06T09:31:00,71,
http://irail.be/vehicle/IC3730,http://irail.be/stations/NMBS/008811007,IC,2018-06-06T09:38:00,2018-06-06T09:38:00,17,17
http://irail.be/vehicle/IC3730,http://irail.be/stations/NMBS/008812005,IC,2018-06-06T09:43:00,2018-06-06T09:41:00,55,81
http://irail.be/vehicle/IC3730,http://irail.be/stations/NMBS/008813045,IC,2018-06-06T09:45:00,2018-06-06T09:45:00,57,57
http://irail.be/vehicle/IC3730,http://irail.be/stations/NMBS/008813003,IC,2018-06-06T09:47:00,2018-06-06T09:46:00,93,82
http://irail.be/vehicle/IC3730,http://irail.be/stations/NMBS/008813037,IC,2018-06-06T09:49:00,2018-06-06T09:49:00,93,93
http://irail.be/vehicle/IC3730,http://irail.be/stations/NMBS/008814001,IC,2018-06-06T09:55:00,2018-06-06T09:51:00,151,201
http://irail.be/vehicle/IC3730,http://irail.be/stations/NMBS/008814308,IC,2018-06-06T10:05:00,2018-06-06T10:05:00,0,0
http://irail.be/vehicle/IC3730,http://irail.be/stations/NMBS/008814332,IC,2018-06-06T10:06:00,2018-06-06T10:06:00,3,3
http://irail.be/vehicle/IC3730,http://irail.be/stations/NMBS/008883808,IC,2018-06-06T10:07:00,2018-06-06T10:07:00,16,16
http://irail.be/vehicle/IC3730,http://irail.be/stations/NMBS/008883022,IC,2018-06-06T10:10:00,2018-06-06T10:10:00,-30,-30
http://irail.be/vehicle/IC3730,NO-URI,IC,2018-06-06T10:10:00,2018-06-06T10:10:00,-20,-20
http://irail.be/vehicle/IC3730,http://irail.be/stations/NMBS/008883006,IC,2018-06-06T10:17:00,2018-06-06T10:15:00,51,-21
http://irail.be/vehicle/IC3730,http://irail.be/stations/NMBS/008883113,IC,2018-06-06T10:23:00,2018-06-06T10:22:00,15,-4
http://irail.be/vehicle/IC3730,NO-URI,IC,2018-06-06T10:27:00,2018-06-06T10:27:00,-61,-61
http://irail.be/vehicle/IC3730,http://irail.be/stations/NMBS/008883121,IC,2018-06-06T10:27:00,2018-06-06T10:27:00,-50,-50
http://irail.be/vehicle/IC3730,http://irail.be/stations/NMBS/008881174,IC,2018-06-06T10:29:00,2018-06-06T10:29:00,-90,-90
http://irail.be/vehicle/IC3730,http://irail.be/stations/NMBS/008881166,IC,2018-06-06T10:32:00,2018-06-06T10:31:00,36,-2
http://irail.be/vehicle/IC3730,http://irail.be/stations/NMBS/008881158,IC,2018-06-06T10:35:00,2018-06-06T10:35:00,37,37
http://irail.be/vehicle/IC3730,http://irail.be/stations/NMBS/008881125,IC,2018-06-06T10:37:00,2018-06-06T10:37:00,17,17
http://irail.be/vehicle/IC3730,http://irail.be/stations/NMBS/008881000,IC,2018-06-06T10:42:00,2018-06-06T10:42:00,,16
http://irail.be/vehicle/IC3730,http://irail.be/stations/NMBS/008819406,IC,2018-04-16T09:31:00,2018-04-16T09:31:00,12,
http://irail.be/vehicle/IC3730,http://irail.be/stations/NMBS/008811007,IC,2018-04-16T09:38:00,2018-04-16T09:38:00,-6,-6
http://irail.be/vehicle/IC3730,http://irail.be/stations/NMBS/008812005,IC,2018-04-16T09:43:00,2018-04-16T09:41:00,9,6
http://irail.be/vehicle/IC3730,http://irail.be/stations/NMBS/008813045,IC,2018-04-16T09:45:00,2018-04-16T09:45:00,-4,-4
http://irail.be/vehicle/IC3730,http://irail.be/stations/NMBS/008813003,IC,2018-04-16T09:47:00,2018-04-16T09:46:00,24,20
http://irail.be/vehicle/IC3730,http://irail.be/stations/NMBS/008813037,IC,2018-04-16T09:49:00,2018-04-16T09:49:00,24,24
http://irail.be/vehicle/IC3730,http://irail.be/stations/NMBS/008814001,IC,2018-04-16T09:55:00,2018-04-16T09:51:00,220,101
http://irail.be/vehicle/IC3730,http://irail.be/stations/NMBS/008814365,IC,2018-04-16T10:01:00,2018-04-16T10:01:00,178,178
http://irail.be/vehicle/IC3730,http://irail.be/stations/NMBS/008814357,IC,2018-04-16T10:03:00,2018-04-16T10:03:00,178,178
http://irail.be/vehicle/IC3730,http://irail.be/stations/NMBS/008814340,IC,2018-04-16T10:04:00,2018-04-16T10:04:00,164,164
http://irail.be/vehicle/IC3730,http://irail.be/stations/NMBS/008814308,IC,2018-04-16T10:05:00,2018-04-16T10:05:00,170,170
http://irail.be/vehicle/IC3730,http://irail.be/stations/NMBS/008814332,IC,2018-04-16T10:06:00,2018-04-16T10:06:00,164,164
http://irail.be/vehicle/IC3730,http://irail.be/stations/NMBS/008883808,IC,2018-04-16T10:07:00,2018-04-16T10:07:00,172,172
http://irail.be/vehicle/IC3730,http://irail.be/stations/NMBS/008883022,IC,2018-04-16T10:10:00,2018-04-16T10:10:00,125,125
http://irail.be/vehicle/IC3730,NO-URI,IC,2018-04-16T10:10:00,2018-04-16T10:10:00,130,130
http://irail.be/vehicle/IC3730,http://irail.be/stations/NMBS/008883006,IC,2018-04-16T10:17:00,2018-04-16T10:15:00,34,69
http://irail.be/vehicle/IC3730,http://irail.be/stations/NMBS/008883113,IC,2018-04-16T10:23:00,2018-04-16T10:22:00,24,-25
http://irail.be/vehicle/IC3730,NO-URI,IC,2018-04-16T10:27:00,2018-04-16T10:27:00,-29,-29
http://irail.be/vehicle/IC3730,http://irail.be/stations/NMBS/008883121,IC,2018-04-16T10:27:00,2018-04-16T10:27:00,-19,-19
http://irail.be/vehicle/IC3730,http://irail.be/stations/NMBS/008881174,IC,2018-04-16T10:29:00,2018-04-16T10:29:00,-62,-62
http://irail.be/vehicle/IC3730,http://irail.be/stations/NMBS/008881166,IC,2018-04-16T10:32:00,2018-04-16T10:31:00,13,-33
http://irail.be/vehicle/IC3730,http://irail.be/stations/NMBS/008881158,IC,2018-04-16T10:35:00,2018-04-16T10:35:00,13,13
http://irail.be/vehicle/IC3730,http://irail.be/stations/NMBS/008881125,IC,2018-04-16T10:37:00,2018-04-16T10:37:00,42,42
http://irail.be/vehicle/IC3730,http://irail.be/stations/NMBS/008881000,IC,2018-04-16T10:42:00,2018-04-16T10:42:00,,70
http://irail.be/vehicle/IC3730,http://irail.be/stations/NMBS/008819406,IC,2018-09-24T09:31:00,2018-09-24T09:31:00,308,
http://irail.be/vehicle/IC3730,http://irail.be/stations/NMBS/008811007,IC,2018-09-24T09:38:00,2018-09-24T09:38:00,478,478
http://irail.be/vehicle/IC3730,http://irail.be/stations/NMBS/008812005,IC,2018-09-24T09:43:00,2018-09-24T09:41:00,436,489
http://irail.be/vehicle/IC3730,http://irail.be/stations/NMBS/008813045,IC,2018-09-24T09:45:00,2018-09-24T09:45:00,447,447
http://irail.be/vehicle/IC3730,http://irail.be/stations/NMBS/008813003,IC,2018-09-24T09:47:00,2018-09-24T09:46:00,489,478
http://irail.be/vehicle/IC3730,http://irail.be/stations/NMBS/008813037,IC,2018-09-24T09:49:00,2018-09-24T09:49:00,489,489
http://irail.be/vehicle/IC3730,http://irail.be/stations/NMBS/008814001,IC,2018-09-24T09:55:00,2018-09-24T09:51:00,322,495
http://irail.be/vehicle/IC3730,http://irail.be/stations/NMBS/008814308,IC,2018-09-24T10:05:00,2018-09-24T10:05:00,189,189
http://irail.be/vehicle/IC3730,http://irail.be/stations/NMBS/008814332,IC,2018-09-24T10:06:00,2018-09-24T10:06:00,189,189
http://irail.be/vehicle/IC3730,http://irail.be/stations/NMBS/008883808,IC,2018-09-24T10:07:00,2018-09-24T10:07:00,202,202
http://irail.be/vehicle/IC3730,http://irail.be/stations/NMBS/008883022,IC,2018-09-24T10:10:00,2018-09-24T10:10:00,164,164
http://irail.be/vehicle/IC3730,NO-URI,IC,2018-09-24T10:10:00,2018-09-24T10:10:00,215,215
http://irail.be/vehicle/IC3730,http://irail.be/stations/NMBS/008883006,IC,2018-09-24T10:17:00,2018-09-24T10:15:00,136,226
http://irail.be/vehicle/IC3730,http://irail.be/stations/NMBS/008883113,IC,2018-09-24T10:23:00,2018-09-24T10:22:00,93,64
http://irail.be/vehicle/IC3730,NO-URI,IC,2018-09-24T10:27:00,2018-09-24T10:27:00,29,29
http://irail.be/vehicle/IC3730,http://irail.be/stations/NMBS/008883121,IC,2018-09-24T10:27:00,2018-09-24T10:27:00,40,40
http://irail.be/vehicle/IC3730,http://irail.be/stations/NMBS/008881174,IC,2018-09-24T10:29:00,2018-09-24T10:29:00,2,2
http://irail.be/vehicle/IC3730,http://irail.be/stations/NMBS/008881166,IC,2018-09-24T10:32:00,2018-09-24T10:31:00,70,35
http://irail.be/vehicle/IC3730,http://irail.be/stations/NMBS/008881158,IC,2018-09-24T10:34:00,2018-09-24T10:34:00,70,70
http://irail.be/vehicle/IC3730,http://irail.be/stations/NMBS/008881125,IC,2018-09-24T10:36:00,2018-09-24T10:36:00,28,28
http://irail.be/vehicle/IC3730,http://irail.be/stations/NMBS/008881000,IC,2018-09-24T10:42:00,2018-09-24T10:42:00,,-101
http://irail.be/vehicle/IC3730,http://irail.be/stations/NMBS/008819406,IC,2018-02-22T09:31:00,2018-02-22T09:31:00,232,
http://irail.be/vehicle/IC3730,http://irail.be/stations/NMBS/008811007,IC,2018-02-22T09:38:00,2018-02-22T09:38:00,274,274
http://irail.be/vehicle/IC3730,http://irail.be/stations/NMBS/008812005,IC,2018-02-22T09:43:00,2018-02-22T09:41:00,261,291
http://irail.be/vehicle/IC3730,http://irail.be/stations/NMBS/008813045,IC,2018-02-22T09:45:00,2018-02-22T09:45:00,258,258
http://irail.be/vehicle/IC3730,http://irail.be/stations/NMBS/008813003,IC,2018-02-22T09:47:00,2018-02-22T09:46:00,440,379
http://irail.be/vehicle/IC3730,http://irail.be/stations/NMBS/008813037,IC,2018-02-22T09:49:00,2018-02-22T09:49:00,440,440
http://irail.be/vehicle/IC3730,http://irail.be/stations/NMBS/008814001,IC,2018-02-22T09:55:00,2018-02-22T09:51:00,335,434
http://irail.be/vehicle/IC3730,http://irail.be/stations/NMBS/008814308,IC,2018-02-22T10:05:00,2018-02-22T10:05:00,273,273
http://irail.be/vehicle/IC3730,http://irail.be/stations/NMBS/008814332,IC,2018-02-22T10:06:00,2018-02-22T10:06:00,278,278
http://irail.be/vehicle/IC3730,http://irail.be/stations/NMBS/008883808,IC,2018-02-22T10:07:00,2018-02-22T10:07:00,292,292
http://irail.be/vehicle/IC3730,http://irail.be/stations/NMBS/008883022,IC,2018-02-22T10:10:00,2018-02-22T10:10:00,241,241
http://irail.be/vehicle/IC3730,NO-URI,IC,2018-02-22T10:10:00,2018-02-22T10:10:00,249,249
http://irail.be/vehicle/IC3730,http://irail.be/stations/NMBS/008883006,IC,2018-02-22T10:17:00,2018-02-22T10:15:00,84,149
http://irail.be/vehicle/IC3730,http://irail.be/stations/NMBS/008883113,IC,2018-02-22T10:23:00,2018-02-22T10:22:00,24,4
http://irail.be/vehicle/IC3730,NO-URI,IC,2018-02-22T10:27:00,2018-02-22T10:27:00,-54,-54
http://irail.be/vehicle/IC3730,http://irail.be/stations/NMBS/008883121,IC,2018-02-22T10:27:00,2018-02-22T10:27:00,-45,-45
http://irail.be/vehicle/IC3730,http://irail.be/stations/NMBS/008881174,IC,2018-02-22T10:29:00,2018-02-22T10:29:00,-83,-83
http://irail.be/vehicle/IC3730,http://irail.be/stations/NMBS/008881166,IC,2018-02-22T10:32:00,2018-02-22T10:31:00,-18,-55
http://irail.be/vehicle/IC3730,http://irail.be/stations/NMBS/008881158,IC,2018-02-22T10:35:00,2018-02-22T10:35:00,-18,-18
http://irail.be/vehicle/IC3730,http://irail.be/stations/NMBS/008881125,IC,2018-02-22T10:37:00,2018-02-22T10:37:00,-98,-98
http://irail.be/vehicle/IC3730,http://irail.be/stations/NMBS/008881000,IC,2018-02-22T10:42:00,2018-02-22T10:42:00,,-110
http://irail.be/vehicle/IC3730,http://irail.be/stations/NMBS/008819406,IC,2018-09-21T09:31:00,2018-09-21T09:31:00,243,
http://irail.be/vehicle/IC3730,http://irail.be/stations/NMBS/008811007,IC,2018-09-21T09:38:00,2018-09-21T09:38:00,495,495
http://irail.be/vehicle/IC3730,http://irail.be/stations/NMBS/008812005,IC,2018-09-21T09:43:00,2018-09-21T09:41:00,555,613
http://irail.be/vehicle/IC3730,http://irail.be/stations/NMBS/008813045,IC,2018-09-21T09:45:00,2018-09-21T09:45:00,568,568
http://irail.be/vehicle/IC3730,http://irail.be/stations/NMBS/008813003,IC,2018-09-21T09:47:00,2018-09-21T09:46:00,616,607
http://irail.be/vehicle/IC3730,http://irail.be/stations/NMBS/008813037,IC,2018-09-21T09:49:00,2018-09-21T09:49:00,616,616
http://irail.be/vehicle/IC3730,http://irail.be/stations/NMBS/008814001,IC,2018-09-21T09:55:00,2018-09-21T09:51:00,472,619
http://irail.be/vehicle/IC3730,http://irail.be/stations/NMBS/008814308,IC,2018-09-21T10:05:00,2018-09-21T10:05:00,345,345
http://irail.be/vehicle/IC3730,http://irail.be/stations/NMBS/008814332,IC,2018-09-21T10:06:00,2018-09-21T10:06:00,348,348
http://irail.be/vehicle/IC3730,http://irail.be/stations/NMBS/008883808,IC,2018-09-21T10:07:00,2018-09-21T10:07:00,358,358
http://irail.be/vehicle/IC3730,http://irail.be/stations/NMBS/008883022,IC,2018-09-21T10:10:00,2018-09-21T10:10:00,305,305
http://irail.be/vehicle/IC3730,NO-URI,IC,2018-09-21T10:10:00,2018-09-21T10:10:00,309,309
http://irail.be/vehicle/IC3730,http://irail.be/stations/NMBS/008883006,IC,2018-09-21T10:17:00,2018-09-21T10:15:00,146,249
http://irail.be/vehicle/IC3730,http://irail.be/stations/NMBS/008883113,IC,2018-09-21T10:23:00,2018-09-21T10:22:00,85,78
http://irail.be/vehicle/IC3730,NO-URI,IC,2018-09-21T10:27:00,2018-09-21T10:27:00,12,12
http://irail.be/vehicle/IC3730,http://irail.be/stations/NMBS/008883121,IC,2018-09-21T10:27:00,2018-09-21T10:27:00,23,23
http://irail.be/vehicle/IC3730,http://irail.be/stations/NMBS/008881174,IC,2018-09-21T10:29:00,2018-09-21T10:29:00,-17,-17
http://irail.be/vehicle/IC3730,http://irail.be/stations/NMBS/008881166,IC,2018-09-21T10:32:00,2018-09-21T10:31:00,25,9
http://irail.be/vehicle/IC3730,http://irail.be/stations/NMBS/008881158,IC,2018-09-21T10:34:00,2018-09-21T10:34:00,25,25
http://irail.be/vehicle/IC3730,http://irail.be/stations/NMBS/008881125,IC,2018-09-21T10:36:00,2018-09-21T10:36:00,-19,-19
http://irail.be/vehicle/IC3730,http://irail.be/stations/NMBS/008881000,IC,2018-09-21T10:42:00,2018-09-21T10:42:00,,-150
http://irail.be/vehicle/IC3730,http://irail.be/stations/NMBS/008819406,IC,2018-12-09T09:31:00,2018-12-09T09:31:00,-13,
http://irail.be/vehicle/IC3730,http://irail.be/stations/NMBS/008811007,IC,2018-12-09T09:38:00,2018-12-09T09:38:00,-20,-20
http://irail.be/vehicle/IC3730,http://irail.be/stations/NMBS/008812005,IC,2018-12-09T09:43:00,2018-12-09T09:41:00,5,32
http://irail.be/vehicle/IC3730,http://irail.be/stations/NMBS/008813045,IC,2018-12-09T09:45:00,2018-12-09T09:45:00,15,15
http://irail.be/vehicle/IC3730,http://irail.be/stations/NMBS/008813003,IC,2018-12-09T09:48:00,2018-12-09T09:47:00,10,2
http://irail.be/vehicle/IC3730,http://irail.be/stations/NMBS/008813037,IC,2018-12-09T09:50:00,2018-12-09T09:50:00,10,10
http://irail.be/vehicle/IC3730,http://irail.be/stations/NMBS/008814001,IC,2018-12-09T09:56:00,2018-12-09T09:52:00,58,8
http://irail.be/vehicle/IC3730,http://irail.be/stations/NMBS/008814308,IC,2018-12-09T10:05:00,2018-12-09T10:05:00,21,21
http://irail.be/vehicle/IC3730,http://irail.be/stations/NMBS/008814332,IC,2018-12-09T10:06:00,2018-12-09T10:06:00,17,17
http://irail.be/vehicle/IC3730,http://irail.be/stations/NMBS/008883808,IC,2018-12-09T10:08:00,2018-12-09T10:08:00,-26,-26
http://irail.be/vehicle/IC3730,http://irail.be/stations/NMBS/008883022,IC,2018-12-09T10:10:00,2018-12-09T10:10:00,-9,-9
http://irail.be/vehicle/IC3730,NO-URI,IC,2018-12-09T10:10:00,2018-12-09T10:10:00,7,7
http://irail.be/vehicle/IC3730,http://irail.be/stations/NMBS/008883006,IC,2018-12-09T10:17:00,2018-12-09T10:15:00,52,-62
http://irail.be/vehicle/IC3730,http://irail.be/stations/NMBS/008883113,IC,2018-12-09T10:23:00,2018-12-09T10:22:00,176,76
http://irail.be/vehicle/IC3730,NO-URI,IC,2018-12-09T10:27:00,2018-12-09T10:27:00,179,179
http://irail.be/vehicle/IC3730,http://irail.be/stations/NMBS/008883121,IC,2018-12-09T10:27:00,2018-12-09T10:27:00,197,197
http://irail.be/vehicle/IC3730,http://irail.be/stations/NMBS/008881174,IC,2018-12-09T10:28:00,2018-12-09T10:28:00,236,236
http://irail.be/vehicle/IC3730,http://irail.be/stations/NMBS/008881166,IC,2018-12-09T10:32:00,2018-12-09T10:31:00,282,227
http://irail.be/vehicle/IC3730,http://irail.be/stations/NMBS/008881158,IC,2018-12-09T10:35:00,2018-12-09T10:35:00,282,282
http://irail.be/vehicle/IC3730,http://irail.be/stations/NMBS/008881125,IC,2018-12-09T10:36:00,2018-12-09T10:36:00,368,368
http://irail.be/vehicle/IC3730,http://irail.be/stations/NMBS/008881000,IC,2018-12-09T10:41:00,2018-12-09T10:41:00,,231
http://irail.be/vehicle/IC3730,http://irail.be/stations/NMBS/008883006,IC,2018-10-14T10:16:00,2018-10-14T10:16:00,20,
http://irail.be/vehicle/IC3730,http://irail.be/stations/NMBS/008883113,IC,2018-10-14T10:22:00,2018-10-14T10:21:00,76,26
http://irail.be/vehicle/IC3730,NO-URI,IC,2018-10-14T10:26:00,2018-10-14T10:26:00,5,5
http://irail.be/vehicle/IC3730,http://irail.be/stations/NMBS/008883121,IC,2018-10-14T10:26:00,2018-10-14T10:26:00,15,15
http://irail.be/vehicle/IC3730,http://irail.be/stations/NMBS/008881174,IC,2018-10-14T10:27:00,2018-10-14T10:27:00,37,37
http://irail.be/vehicle/IC3730,http://irail.be/stations/NMBS/008881166,IC,2018-10-14T10:31:00,2018-10-14T10:30:00,155,26
http://irail.be/vehicle/IC3730,http://irail.be/stations/NMBS/008881158,IC,2018-10-14T10:34:00,2018-10-14T10:34:00,155,155
http://irail.be/vehicle/IC3730,http://irail.be/stations/NMBS/008881125,IC,2018-10-14T10:35:00,2018-10-14T10:35:00,155,155
http://irail.be/vehicle/IC3730,http://irail.be/stations/NMBS/008881000,IC,2018-10-14T10:40:00,2018-10-14T10:40:00,,103
http://irail.be/vehicle/IC3730,http://irail.be/stations/NMBS/008819406,IC,2018-12-10T09:30:00,2018-12-10T09:30:00,819,
http://irail.be/vehicle/IC3730,http://irail.be/stations/NMBS/008811007,IC,2018-12-10T09:37:00,2018-12-10T09:37:00,964,964
http://irail.be/vehicle/IC3730,http://irail.be/stations/NMBS/008812005,IC,2018-12-10T09:43:00,2018-12-10T09:41:00,1064,1002
http://irail.be/vehicle/IC3730,http://irail.be/stations/NMBS/008813045,IC,2018-12-10T09:45:00,2018-12-10T09:45:00,1067,1067
http://irail.be/vehicle/IC3730,http://irail.be/stations/NMBS/008813003,IC,2018-12-10T09:48:00,2018-12-10T09:47:00,1048,1052
http://irail.be/vehicle/IC3730,http://irail.be/stations/NMBS/008813037,IC,2018-12-10T09:50:00,2018-12-10T09:50:00,1048,1048
http://irail.be/vehicle/IC3730,http://irail.be/stations/NMBS/008814001,IC,2018-12-10T09:56:00,2018-12-10T09:52:00,1152,1205
http://irail.be/vehicle/IC3730,http://irail.be/stations/NMBS/008814365,IC,2018-12-10T10:01:00,2018-12-10T10:01:00,1174,1174
http://irail.be/vehicle/IC3730,http://irail.be/stations/NMBS/008814357,IC,2018-12-10T10:03:00,2018-12-10T10:03:00,1174,1174
http://irail.be/vehicle/IC3730,http://irail.be/stations/NMBS/008814340,IC,2018-12-10T10:04:00,2018-12-10T10:04:00,1185,1185
http://irail.be/vehicle/IC3730,http://irail.be/stations/NMBS/008814308,IC,2018-12-10T10:05:00,2018-12-10T10:05:00,1230,1230
http://irail.be/vehicle/IC3730,http://irail.be/stations/NMBS/008814332,IC,2018-12-10T10:06:00,2018-12-10T10:06:00,1223,1223
http://irail.be/vehicle/IC3730,http://irail.be/stations/NMBS/008883808,IC,2018-12-10T10:08:00,2018-12-10T10:08:00,1400,1400
http://irail.be/vehicle/IC3730,http://irail.be/stations/NMBS/008883022,IC,2018-12-10T10:10:00,2018-12-10T10:10:00,1462,1462
http://irail.be/vehicle/IC3730,NO-URI,IC,2018-12-10T10:11:00,2018-12-10T10:11:00,1422,1422
http://irail.be/vehicle/IC3730,http://irail.be/stations/NMBS/008883006,IC,2018-12-10T10:18:00,2018-12-10T10:16:00,1593,1640
http://irail.be/vehicle/IC3730,http://irail.be/stations/NMBS/008883113,IC,2018-12-10T10:24:00,2018-12-10T10:23:00,1560,1553
http://irail.be/vehicle/IC3730,NO-URI,IC,2018-12-10T10:27:00,2018-12-10T10:27:00,1540,1540
http://irail.be/vehicle/IC3730,http://irail.be/stations/NMBS/008883121,IC,2018-12-10T10:28:00,2018-12-10T10:28:00,1530,1530
http://irail.be/vehicle/IC3730,http://irail.be/stations/NMBS/008881174,IC,2018-12-10T10:29:00,2018-12-10T10:29:00,1522,1522
http://irail.be/vehicle/IC3730,http://irail.be/stations/NMBS/008881166,IC,2018-12-10T10:33:00,2018-12-10T10:32:00,1573,1511
http://irail.be/vehicle/IC3730,http://irail.be/stations/NMBS/008881158,IC,2018-12-10T10:36:00,2018-12-10T10:36:00,1573,1573
http://irail.be/vehicle/IC3730,http://irail.be/stations/NMBS/008881125,IC,2018-12-10T10:37:00,2018-12-10T10:37:00,1572,1572
http://irail.be/vehicle/IC3730,http://irail.be/stations/NMBS/008881000,IC,2018-12-10T10:43:00,2018-12-10T10:43:00,,1387
http://irail.be/vehicle/IC3730,http://irail.be/stations/NMBS/008883006,IC,2018-09-23T10:16:00,2018-09-23T10:16:00,23,
http://irail.be/vehicle/IC3730,http://irail.be/stations/NMBS/008883113,IC,2018-09-23T10:22:00,2018-09-23T10:21:00,62,57
http://irail.be/vehicle/IC3730,NO-URI,IC,2018-09-23T10:26:00,2018-09-23T10:26:00,-6,-6
http://irail.be/vehicle/IC3730,http://irail.be/stations/NMBS/008883121,IC,2018-09-23T10:26:00,2018-09-23T10:26:00,3,3
http://irail.be/vehicle/IC3730,http://irail.be/stations/NMBS/008881174,IC,2018-09-23T10:27:00,2018-09-23T10:27:00,34,34
http://irail.be/vehicle/IC3730,http://irail.be/stations/NMBS/008881166,IC,2018-09-23T10:31:00,2018-09-23T10:30:00,-1,27
http://irail.be/vehicle/IC3730,http://irail.be/stations/NMBS/008881158,IC,2018-09-23T10:34:00,2018-09-23T10:34:00,-1,-1
http://irail.be/vehicle/IC3730,http://irail.be/stations/NMBS/008881125,IC,2018-09-23T10:35:00,2018-09-23T10:35:00,-7,-7
http://irail.be/vehicle/IC3730,http://irail.be/stations/NMBS/008881000,IC,2018-09-23T10:40:00,2018-09-23T10:40:00,,-59
http://irail.be/vehicle/IC3730,http://irail.be/stations/NMBS/008819406,IC,2018-12-21T09:30:00,2018-12-21T09:30:00,275,
http://irail.be/vehicle/IC3730,http://irail.be/stations/NMBS/008811007,IC,2018-12-21T09:37:00,2018-12-21T09:37:00,391,391
http://irail.be/vehicle/IC3730,http://irail.be/stations/NMBS/008812005,IC,2018-12-21T09:43:00,2018-12-21T09:41:00,351,397
http://irail.be/vehicle/IC3730,http://irail.be/stations/NMBS/008813045,IC,2018-12-21T09:45:00,2018-12-21T09:45:00,346,346
http://irail.be/vehicle/IC3730,http://irail.be/stations/NMBS/008813003,IC,2018-12-21T09:48:00,2018-12-21T09:47:00,372,341
http://irail.be/vehicle/IC3730,http://irail.be/stations/NMBS/008813037,IC,2018-12-21T09:50:00,2018-12-21T09:50:00,372,372
http://irail.be/vehicle/IC3730,http://irail.be/stations/NMBS/008814001,IC,2018-12-21T09:56:00,2018-12-21T09:52:00,188,383
http://irail.be/vehicle/IC3730,http://irail.be/stations/NMBS/008814365,IC,2018-12-21T10:01:00,2018-12-21T10:01:00,198,198
http://irail.be/vehicle/IC3730,http://irail.be/stations/NMBS/008814357,IC,2018-12-21T10:03:00,2018-12-21T10:03:00,198,198
http://irail.be/vehicle/IC3730,http://irail.be/stations/NMBS/008814340,IC,2018-12-21T10:04:00,2018-12-21T10:04:00,187,187
http://irail.be/vehicle/IC3730,http://irail.be/stations/NMBS/008814308,IC,2018-12-21T10:05:00,2018-12-21T10:05:00,205,205
http://irail.be/vehicle/IC3730,http://irail.be/stations/NMBS/008814332,IC,2018-12-21T10:06:00,2018-12-21T10:06:00,203,203
http://irail.be/vehicle/IC3730,http://irail.be/stations/NMBS/008883808,IC,2018-12-21T10:08:00,2018-12-21T10:08:00,163,163
http://irail.be/vehicle/IC3730,http://irail.be/stations/NMBS/008883022,IC,2018-12-21T10:10:00,2018-12-21T10:10:00,179,179
http://irail.be/vehicle/IC3730,NO-URI,IC,2018-12-21T10:11:00,2018-12-21T10:11:00,133,133
http://irail.be/vehicle/IC3730,http://irail.be/stations/NMBS/008883006,IC,2018-12-21T10:18:00,2018-12-21T10:16:00,17,88
http://irail.be/vehicle/IC3730,http://irail.be/stations/NMBS/008883113,IC,2018-12-21T10:24:00,2018-12-21T10:23:00,18,-41
http://irail.be/vehicle/IC3730,NO-URI,IC,2018-12-21T10:27:00,2018-12-21T10:27:00,18,18
http://irail.be/vehicle/IC3730,http://irail.be/stations/NMBS/008883121,IC,2018-12-21T10:28:00,2018-12-21T10:28:00,8,8
http://irail.be/vehicle/IC3730,http://irail.be/stations/NMBS/008881174,IC,2018-12-21T10:29:00,2018-12-21T10:29:00,1,1
http://irail.be/vehicle/IC3730,http://irail.be/stations/NMBS/008881166,IC,2018-12-21T10:33:00,2018-12-21T10:32:00,-21,-10
http://irail.be/vehicle/IC3730,http://irail.be/stations/NMBS/008881158,IC,2018-12-21T10:36:00,2018-12-21T10:36:00,-21,-21
http://irail.be/vehicle/IC3730,http://irail.be/stations/NMBS/008881125,IC,2018-12-21T10:37:00,2018-12-21T10:37:00,-41,-41
http://irail.be/vehicle/IC3730,http://irail.be/stations/NMBS/008881000,IC,2018-12-21T10:43:00,2018-12-21T10:43:00,,-178
http://irail.be/vehicle/IC3730,http://irail.be/stations/NMBS/008819406,IC,2018-04-15T09:31:00,2018-04-15T09:31:00,-13,
http://irail.be/vehicle/IC3730,http://irail.be/stations/NMBS/008811007,IC,2018-04-15T09:38:00,2018-04-15T09:38:00,-7,-7
http://irail.be/vehicle/IC3730,http://irail.be/stations/NMBS/008812005,IC,2018-04-15T09:43:00,2018-04-15T09:41:00,287,271
http://irail.be/vehicle/IC3730,http://irail.be/stations/NMBS/008813045,IC,2018-04-15T09:45:00,2018-04-15T09:45:00,318,318
http://irail.be/vehicle/IC3730,http://irail.be/stations/NMBS/008813003,IC,2018-04-15T09:47:00,2018-04-15T09:46:00,538,533
http://irail.be/vehicle/IC3730,http://irail.be/stations/NMBS/008813037,IC,2018-04-15T09:49:00,2018-04-15T09:49:00,538,538
http://irail.be/vehicle/IC3730,http://irail.be/stations/NMBS/008814001,IC,2018-04-15T09:55:00,2018-04-15T09:51:00,527,539
http://irail.be/vehicle/IC3730,http://irail.be/stations/NMBS/008814308,IC,2018-04-15T10:04:00,2018-04-15T10:04:00,591,591
http://irail.be/vehicle/IC3730,http://irail.be/stations/NMBS/008814332,IC,2018-04-15T10:05:00,2018-04-15T10:05:00,589,589
http://irail.be/vehicle/IC3730,http://irail.be/stations/NMBS/008883808,IC,2018-04-15T10:07:00,2018-04-15T10:07:00,542,542
http://irail.be/vehicle/IC3730,http://irail.be/stations/NMBS/008883022,IC,2018-04-15T10:09:00,2018-04-15T10:09:00,543,543
http://irail.be/vehicle/IC3730,NO-URI,IC,2018-04-15T10:09:00,2018-04-15T10:09:00,552,552
http://irail.be/vehicle/IC3730,http://irail.be/stations/NMBS/008883006,IC,2018-04-15T10:16:00,2018-04-15T10:14:00,416,489
http://irail.be/vehicle/IC3730,http://irail.be/stations/NMBS/008883113,IC,2018-04-15T10:22:00,2018-04-15T10:21:00,412,383
http://irail.be/vehicle/IC3730,NO-URI,IC,2018-04-15T10:26:00,2018-04-15T10:26:00,367,367
http://irail.be/vehicle/IC3730,http://irail.be/stations/NMBS/008883121,IC,2018-04-15T10:26:00,2018-04-15T10:26:00,377,377
http://irail.be/vehicle/IC3730,http://irail.be/stations/NMBS/008881174,IC,2018-04-15T10:27:00,2018-04-15T10:27:00,396,396
http://irail.be/vehicle/IC3730,http://irail.be/stations/NMBS/008881166,IC,2018-04-15T10:31:00,2018-04-15T10:30:00,456,434
http://irail.be/vehicle/IC3730,http://irail.be/stations/NMBS/008881158,IC,2018-04-15T10:34:00,2018-04-15T10:34:00,456,456
http://irail.be/vehicle/IC3730,http://irail.be/stations/NMBS/008881125,IC,2018-04-15T10:35:00,2018-04-15T10:35:00,508,508
http://irail.be/vehicle/IC3730,http://irail.be/stations/NMBS/008881000,IC,2018-04-15T10:40:00,2018-04-15T10:40:00,,487
http://irail.be/vehicle/IC3730,http://irail.be/stations/NMBS/008819406,IC,2018-11-19T09:31:00,2018-11-19T09:31:00,-4,
http://irail.be/vehicle/IC3730,http://irail.be/stations/NMBS/008811007,IC,2018-11-19T09:38:00,2018-11-19T09:38:00,51,51
http://irail.be/vehicle/IC3730,http://irail.be/stations/NMBS/008812005,IC,2018-11-19T09:43:00,2018-11-19T09:41:00,24,85
http://irail.be/vehicle/IC3730,http://irail.be/stations/NMBS/008813045,IC,2018-11-19T09:45:00,2018-11-19T09:45:00,19,19
http://irail.be/vehicle/IC3730,http://irail.be/stations/NMBS/008813003,IC,2018-11-19T09:47:00,2018-11-19T09:46:00,64,56
http://irail.be/vehicle/IC3730,http://irail.be/stations/NMBS/008813037,IC,2018-11-19T09:49:00,2018-11-19T09:49:00,64,64
http://irail.be/vehicle/IC3730,http://irail.be/stations/NMBS/008814001,IC,2018-11-19T09:55:00,2018-11-19T09:51:00,142,230
http://irail.be/vehicle/IC3730,http://irail.be/stations/NMBS/008814308,IC,2018-11-19T10:05:00,2018-11-19T10:05:00,68,68
http://irail.be/vehicle/IC3730,http://irail.be/stations/NMBS/008814332,IC,2018-11-19T10:06:00,2018-11-19T10:06:00,120,120
http://irail.be/vehicle/IC3730,http://irail.be/stations/NMBS/008883808,IC,2018-11-19T10:07:00,2018-11-19T10:07:00,183,183
http://irail.be/vehicle/IC3730,http://irail.be/stations/NMBS/008883022,IC,2018-11-19T10:10:00,2018-11-19T10:10:00,137,137
http://irail.be/vehicle/IC3730,NO-URI,IC,2018-11-19T10:10:00,2018-11-19T10:10:00,146,146
http://irail.be/vehicle/IC3730,http://irail.be/stations/NMBS/008883006,IC,2018-11-19T10:17:00,2018-11-19T10:15:00,189,180
http://irail.be/vehicle/IC3730,http://irail.be/stations/NMBS/008883113,IC,2018-11-19T10:23:00,2018-11-19T10:22:00,271,211
http://irail.be/vehicle/IC3730,NO-URI,IC,2018-11-19T10:27:00,2018-11-19T10:27:00,202,202
http://irail.be/vehicle/IC3730,http://irail.be/stations/NMBS/008883121,IC,2018-11-19T10:27:00,2018-11-19T10:27:00,213,213
http://irail.be/vehicle/IC3730,http://irail.be/stations/NMBS/008881174,IC,2018-11-19T10:29:00,2018-11-19T10:29:00,178,178
http://irail.be/vehicle/IC3730,http://irail.be/stations/NMBS/008881166,IC,2018-11-19T10:32:00,2018-11-19T10:31:00,262,210
http://irail.be/vehicle/IC3730,http://irail.be/stations/NMBS/008881158,IC,2018-11-19T10:34:00,2018-11-19T10:34:00,262,262
http://irail.be/vehicle/IC3730,http://irail.be/stations/NMBS/008881125,IC,2018-11-19T10:36:00,2018-11-19T10:36:00,342,342
http://irail.be/vehicle/IC3730,http://irail.be/stations/NMBS/008881000,IC,2018-11-19T10:42:00,2018-11-19T10:42:00,,219
http://irail.be/vehicle/IC3730,http://irail.be/stations/NMBS/008819406,IC,2018-01-28T09:31:00,2018-01-28T09:31:00,852,
http://irail.be/vehicle/IC3730,http://irail.be/stations/NMBS/008811007,IC,2018-01-28T09:38:00,2018-01-28T09:38:00,936,936
http://irail.be/vehicle/IC3730,http://irail.be/stations/NMBS/008812005,IC,2018-01-28T09:43:00,2018-01-28T09:41:00,1090,990
http://irail.be/vehicle/IC3730,http://irail.be/stations/NMBS/008813045,IC,2018-01-28T09:45:00,2018-01-28T09:45:00,1085,1085
http://irail.be/vehicle/IC3730,http://irail.be/stations/NMBS/008813003,IC,2018-01-28T09:47:00,2018-01-28T09:46:00,1136,1115
http://irail.be/vehicle/IC3730,http://irail.be/stations/NMBS/008813037,IC,2018-01-28T09:49:00,2018-01-28T09:49:00,1092,1092
http://irail.be/vehicle/IC3730,http://irail.be/stations/NMBS/008814001,IC,2018-01-28T09:51:00,2018-01-28T09:51:00,,1144
http://irail.be/vehicle/IC3730,http://irail.be/stations/NMBS/008819406,IC,2018-05-05T09:31:00,2018-05-05T09:31:00,277,
http://irail.be/vehicle/IC3730,http://irail.be/stations/NMBS/008811007,IC,2018-05-05T09:38:00,2018-05-05T09:38:00,664,664
http://irail.be/vehicle/IC3730,http://irail.be/stations/NMBS/008812005,IC,2018-05-05T09:43:00,2018-05-05T09:41:00,650,665
http://irail.be/vehicle/IC3730,http://irail.be/stations/NMBS/008813045,IC,2018-05-05T09:45:00,2018-05-05T09:45:00,667,667
http://irail.be/vehicle/IC3730,http://irail.be/stations/NMBS/008813003,IC,2018-05-05T09:47:00,2018-05-05T09:46:00,880,838
http://irail.be/vehicle/IC3730,http://irail.be/stations/NMBS/008813037,IC,2018-05-05T09:48:00,2018-05-05T09:48:00,889,889
http://irail.be/vehicle/IC3730,http://irail.be/stations/NMBS/008814001,IC,2018-05-05T09:55:00,2018-05-05T09:51:00,890,928
http://irail.be/vehicle/IC3730,http://irail.be/stations/NMBS/008814308,IC,2018-05-05T10:04:00,2018-05-05T10:04:00,990,990
http://irail.be/vehicle/IC3730,http://irail.be/stations/NMBS/008814332,IC,2018-05-05T10:05:00,2018-05-05T10:05:00,988,988
http://irail.be/vehicle/IC3730,http://irail.be/stations/NMBS/008883808,IC,2018-05-05T10:07:00,2018-05-05T10:07:00,942,942
http://irail.be/vehicle/IC3730,http://irail.be/stations/NMBS/008883022,IC,2018-05-05T10:09:00,2018-05-05T10:09:00,945,945
http://irail.be/vehicle/IC3730,NO-URI,IC,2018-05-05T10:09:00,2018-05-05T10:09:00,953,953
http://irail.be/vehicle/IC3730,http://irail.be/stations/NMBS/008883006,IC,2018-05-05T10:16:00,2018-05-05T10:14:00,841,890
http://irail.be/vehicle/IC3730,http://irail.be/stations/NMBS/008883113,IC,2018-05-05T10:22:00,2018-05-05T10:21:00,811,773
http://irail.be/vehicle/IC3730,NO-URI,IC,2018-05-05T10:26:00,2018-05-05T10:26:00,736,736
http://irail.be/vehicle/IC3730,http://irail.be/stations/NMBS/008883121,IC,2018-05-05T10:26:00,2018-05-05T10:26:00,746,746
http://irail.be/vehicle/IC3730,http://irail.be/stations/NMBS/008881174,IC,2018-05-05T10:27:00,2018-05-05T10:27:00,824,824
http://irail.be/vehicle/IC3730,http://irail.be/stations/NMBS/008881166,IC,2018-05-05T10:31:00,2018-05-05T10:30:00,838,809
http://irail.be/vehicle/IC3730,http://irail.be/stations/NMBS/008881158,IC,2018-05-05T10:33:00,2018-05-05T10:33:00,838,838
http://irail.be/vehicle/IC3730,http://irail.be/stations/NMBS/008881125,IC,2018-05-05T10:35:00,2018-05-05T10:35:00,791,791
http://irail.be/vehicle/IC3730,http://irail.be/stations/NMBS/008881000,IC,2018-05-05T10:40:00,2018-05-05T10:40:00,,729
http://irail.be/vehicle/IC3730,http://irail.be/stations/NMBS/008819406,IC,2018-05-24T09:31:00,2018-05-24T09:31:00,61,
http://irail.be/vehicle/IC3730,http://irail.be/stations/NMBS/008811007,IC,2018-05-24T09:38:00,2018-05-24T09:38:00,62,62
http://irail.be/vehicle/IC3730,http://irail.be/stations/NMBS/008812005,IC,2018-05-24T09:43:00,2018-05-24T09:41:00,72,96
http://irail.be/vehicle/IC3730,http://irail.be/stations/NMBS/008813045,IC,2018-05-24T09:45:00,2018-05-24T09:45:00,84,84
http://irail.be/vehicle/IC3730,http://irail.be/stations/NMBS/008813003,IC,2018-05-24T09:47:00,2018-05-24T09:46:00,147,136
http://irail.be/vehicle/IC3730,http://irail.be/stations/NMBS/008813037,IC,2018-05-24T09:49:00,2018-05-24T09:49:00,147,147
http://irail.be/vehicle/IC3730,http://irail.be/stations/NMBS/008814001,IC,2018-05-24T09:55:00,2018-05-24T09:51:00,0,151
http://irail.be/vehicle/IC3730,http://irail.be/stations/NMBS/008814308,IC,2018-05-24T10:05:00,2018-05-24T10:05:00,-88,-88
http://irail.be/vehicle/IC3730,http://irail.be/stations/NMBS/008814332,IC,2018-05-24T10:06:00,2018-05-24T10:06:00,-90,-90
http://irail.be/vehicle/IC3730,http://irail.be/stations/NMBS/008883808,IC,2018-05-24T10:07:00,2018-05-24T10:07:00,-79,-79
http://irail.be/vehicle/IC3730,http://irail.be/stations/NMBS/008883022,IC,2018-05-24T10:10:00,2018-05-24T10:10:00,-133,-133
http://irail.be/vehicle/IC3730,NO-URI,IC,2018-05-24T10:10:00,2018-05-24T10:10:00,-128,-128
http://irail.be/vehicle/IC3730,http://irail.be/stations/NMBS/008883006,IC,2018-05-24T10:17:00,2018-05-24T10:15:00,39,-152
http://irail.be/vehicle/IC3730,http://irail.be/stations/NMBS/008883113,IC,2018-05-24T10:23:00,2018-05-24T10:22:00,-8,-21
http://irail.be/vehicle/IC3730,NO-URI,IC,2018-05-24T10:27:00,2018-05-24T10:27:00,-83,-83
http://irail.be/vehicle/IC3730,http://irail.be/stations/NMBS/008883121,IC,2018-05-24T10:27:00,2018-05-24T10:27:00,-73,-73
http://irail.be/vehicle/IC3730,http://irail.be/stations/NMBS/008881174,IC,2018-05-24T10:29:00,2018-05-24T10:29:00,-111,-111
http://irail.be/vehicle/IC3730,http://irail.be/stations/NMBS/008881166,IC,2018-05-24T10:32:00,2018-05-24T10:31:00,-7,-81
http://irail.be/vehicle/IC3730,http://irail.be/stations/NMBS/008881158,IC,2018-05-24T10:35:00,2018-05-24T10:35:00,-7,-7
http://irail.be/vehicle/IC3730,http://irail.be/stations/NMBS/008881125,IC,2018-05-24T10:37:00,2018-05-24T10:37:00,-80,-80
http://irail.be/vehicle/IC3730,http://irail.be/stations/NMBS/008881000,IC,2018-05-24T10:42:00,2018-05-24T10:42:00,,-89
http://irail.be/vehicle/IC3730,http://irail.be/stations/NMBS/008819406,IC,2018-08-19T09:31:00,2018-08-19T09:31:00,8,
http://irail.be/vehicle/IC3730,http://irail.be/stations/NMBS/008811007,IC,2018-08-19T09:38:00,2018-08-19T09:38:00,65,65
http://irail.be/vehicle/IC3730,http://irail.be/stations/NMBS/008812005,IC,2018-08-19T09:43:00,2018-08-19T09:41:00,52,103
http://irail.be/vehicle/IC3730,http://irail.be/stations/NMBS/008813045,IC,2018-08-19T09:45:00,2018-08-19T09:45:00,68,68
http://irail.be/vehicle/IC3730,http://irail.be/stations/NMBS/008813003,IC,2018-08-19T09:47:00,2018-08-19T09:46:00,122,104
http://irail.be/vehicle/IC3730,http://irail.be/stations/NMBS/008813037,IC,2018-08-19T09:49:00,2018-08-19T09:49:00,122,122
http://irail.be/vehicle/IC3730,http://irail.be/stations/NMBS/008814001,IC,2018-08-19T09:55:00,2018-08-19T09:51:00,77,138
http://irail.be/vehicle/IC3730,http://irail.be/stations/NMBS/008814308,IC,2018-08-19T10:04:00,2018-08-19T10:04:00,62,62
http://irail.be/vehicle/IC3730,http://irail.be/stations/NMBS/008814332,IC,2018-08-19T10:05:00,2018-08-19T10:05:00,59,59
http://irail.be/vehicle/IC3730,http://irail.be/stations/NMBS/008883808,IC,2018-08-19T10:07:00,2018-08-19T10:07:00,17,17
http://irail.be/vehicle/IC3730,http://irail.be/stations/NMBS/008883022,IC,2018-08-19T10:09:00,2018-08-19T10:09:00,27,27
http://irail.be/vehicle/IC3730,NO-URI,IC,2018-08-19T10:09:00,2018-08-19T10:09:00,39,39
http://irail.be/vehicle/IC3730,http://irail.be/stations/NMBS/008883006,IC,2018-08-19T10:16:00,2018-08-19T10:14:00,53,-17
http://irail.be/vehicle/IC3730,http://irail.be/stations/NMBS/008883113,IC,2018-08-19T10:22:00,2018-08-19T10:21:00,35,-2
http://irail.be/vehicle/IC3730,NO-URI,IC,2018-08-19T10:26:00,2018-08-19T10:26:00,-33,-33
http://irail.be/vehicle/IC3730,http://irail.be/stations/NMBS/008883121,IC,2018-08-19T10:26:00,2018-08-19T10:26:00,-22,-22
http://irail.be/vehicle/IC3730,http://irail.be/stations/NMBS/008881174,IC,2018-08-19T10:27:00,2018-08-19T10:27:00,-2,-2
http://irail.be/vehicle/IC3730,http://irail.be/stations/NMBS/008881166,IC,2018-08-19T10:31:00,2018-08-19T10:30:00,0,-15
http://irail.be/vehicle/IC3730,http://irail.be/stations/NMBS/008881158,IC,2018-08-19T10:34:00,2018-08-19T10:34:00,0,0
http://irail.be/vehicle/IC3730,http://irail.be/stations/NMBS/008881125,IC,2018-08-19T10:35:00,2018-08-19T10:35:00,-10,-10
http://irail.be/vehicle/IC3730,http://irail.be/stations/NMBS/008881000,IC,2018-08-19T10:40:00,2018-08-19T10:40:00,,-72
http://irail.be/vehicle/IC3730,http://irail.be/stations/NMBS/008819406,IC,2018-03-17T09:31:00,2018-03-17T09:31:00,262,
http://irail.be/vehicle/IC3730,http://irail.be/stations/NMBS/008811007,IC,2018-03-17T09:38:00,2018-03-17T09:38:00,263,263
http://irail.be/vehicle/IC3730,http://irail.be/stations/NMBS/008812005,IC,2018-03-17T09:43:00,2018-03-17T09:41:00,295,291
http://irail.be/vehicle/IC3730,http://irail.be/stations/NMBS/008813045,IC,2018-03-17T09:45:00,2018-03-17T09:45:00,298,298
http://irail.be/vehicle/IC3730,http://irail.be/stations/NMBS/008813003,IC,2018-03-17T09:47:00,2018-03-17T09:46:00,450,429
http://irail.be/vehicle/IC3730,http://irail.be/stations/NMBS/008813037,IC,2018-03-17T09:48:00,2018-03-17T09:48:00,445,445
http://irail.be/vehicle/IC3730,http://irail.be/stations/NMBS/008814001,IC,2018-03-17T09:55:00,2018-03-17T09:51:00,305,460
http://irail.be/vehicle/IC3730,http://irail.be/stations/NMBS/008814308,IC,2018-03-17T10:04:00,2018-03-17T10:04:00,258,258
http://irail.be/vehicle/IC3730,http://irail.be/stations/NMBS/008814332,IC,2018-03-17T10:05:00,2018-03-17T10:05:00,254,254
http://irail.be/vehicle/IC3730,http://irail.be/stations/NMBS/008883808,IC,2018-03-17T10:07:00,2018-03-17T10:07:00,206,206
http://irail.be/vehicle/IC3730,http://irail.be/stations/NMBS/008883022,IC,2018-03-17T10:09:00,2018-03-17T10:09:00,207,207
http://irail.be/vehicle/IC3730,NO-URI,IC,2018-03-17T10:09:00,2018-03-17T10:09:00,214,214
http://irail.be/vehicle/IC3730,http://irail.be/stations/NMBS/008883006,IC,2018-03-17T10:16:00,2018-03-17T10:14:00,199,224
http://irail.be/vehicle/IC3730,http://irail.be/stations/NMBS/008883113,IC,2018-03-17T10:22:00,2018-03-17T10:21:00,247,226
http://irail.be/vehicle/IC3730,NO-URI,IC,2018-03-17T10:26:00,2018-03-17T10:26:00,176,176
http://irail.be/vehicle/IC3730,http://irail.be/stations/NMBS/008883121,IC,2018-03-17T10:26:00,2018-03-17T10:26:00,188,188
http://irail.be/vehicle/IC3730,http://irail.be/stations/NMBS/008881174,IC,2018-03-17T10:27:00,2018-03-17T10:27:00,206,206
http://irail.be/vehicle/IC3730,http://irail.be/stations/NMBS/008881166,IC,2018-03-17T10:31:00,2018-03-17T10:30:00,334,192
http://irail.be/vehicle/IC3730,http://irail.be/stations/NMBS/008881158,IC,2018-03-17T10:33:00,2018-03-17T10:33:00,334,334
http://irail.be/vehicle/IC3730,http://irail.be/stations/NMBS/008881125,IC,2018-03-17T10:35:00,2018-03-17T10:35:00,308,308
http://irail.be/vehicle/IC3730,http://irail.be/stations/NMBS/008881000,IC,2018-03-17T10:40:00,2018-03-17T10:40:00,,286
http://irail.be/vehicle/IC3730,http://irail.be/stations/NMBS/008811007,IC,2018-11-17T09:38:00,2018-11-17T09:38:00,267,
http://irail.be/vehicle/IC3730,http://irail.be/stations/NMBS/008812005,IC,2018-11-17T09:43:00,2018-11-17T09:41:00,303,333
http://irail.be/vehicle/IC3730,http://irail.be/stations/NMBS/008813045,IC,2018-11-17T09:45:00,2018-11-17T09:45:00,305,305
http://irail.be/vehicle/IC3730,http://irail.be/stations/NMBS/008813003,IC,2018-11-17T09:47:00,2018-11-17T09:46:00,365,332
http://irail.be/vehicle/IC3730,http://irail.be/stations/NMBS/008813037,IC,2018-11-17T09:48:00,2018-11-17T09:48:00,365,365
http://irail.be/vehicle/IC3730,http://irail.be/stations/NMBS/008814001,IC,2018-11-17T10:00:00,2018-11-17T09:51:00,220,362
http://irail.be/vehicle/IC3730,http://irail.be/stations/NMBS/008814308,IC,2018-11-17T10:10:00,2018-11-17T10:10:00,,199
http://irail.be/vehicle/IC3730,http://irail.be/stations/NMBS/008819406,IC,2018-02-02T09:31:00,2018-02-02T09:31:00,150,
http://irail.be/vehicle/IC3730,http://irail.be/stations/NMBS/008811007,IC,2018-02-02T09:38:00,2018-02-02T09:38:00,240,240
http://irail.be/vehicle/IC3730,http://irail.be/stations/NMBS/008812005,IC,2018-02-02T09:43:00,2018-02-02T09:41:00,194,259
http://irail.be/vehicle/IC3730,http://irail.be/stations/NMBS/008813045,IC,2018-02-02T09:45:00,2018-02-02T09:45:00,184,184
http://irail.be/vehicle/IC3730,http://irail.be/stations/NMBS/008813003,IC,2018-02-02T09:47:00,2018-02-02T09:46:00,267,244
http://irail.be/vehicle/IC3730,http://irail.be/stations/NMBS/008813037,IC,2018-02-02T09:49:00,2018-02-02T09:49:00,267,267
http://irail.be/vehicle/IC3730,http://irail.be/stations/NMBS/008814001,IC,2018-02-02T09:55:00,2018-02-02T09:51:00,92,261
http://irail.be/vehicle/IC3730,http://irail.be/stations/NMBS/008814365,IC,2018-02-02T10:01:00,2018-02-02T10:01:00,37,37
http://irail.be/vehicle/IC3730,http://irail.be/stations/NMBS/008814357,IC,2018-02-02T10:03:00,2018-02-02T10:03:00,37,37
http://irail.be/vehicle/IC3730,http://irail.be/stations/NMBS/008814340,IC,2018-02-02T10:04:00,2018-02-02T10:04:00,54,54
http://irail.be/vehicle/IC3730,http://irail.be/stations/NMBS/008814308,IC,2018-02-02T10:05:00,2018-02-02T10:05:00,89,89
http://irail.be/vehicle/IC3730,http://irail.be/stations/NMBS/008814332,IC,2018-02-02T10:06:00,2018-02-02T10:06:00,84,84
http://irail.be/vehicle/IC3730,http://irail.be/stations/NMBS/008883808,IC,2018-02-02T10:07:00,2018-02-02T10:07:00,94,94
http://irail.be/vehicle/IC3730,http://irail.be/stations/NMBS/008883022,IC,2018-02-02T10:10:00,2018-02-02T10:10:00,44,44
http://irail.be/vehicle/IC3730,NO-URI,IC,2018-02-02T10:10:00,2018-02-02T10:10:00,50,50
http://irail.be/vehicle/IC3730,http://irail.be/stations/NMBS/008883006,IC,2018-02-02T10:17:00,2018-02-02T10:15:00,25,-47
http://irail.be/vehicle/IC3730,http://irail.be/stations/NMBS/008883113,IC,2018-02-02T10:23:00,2018-02-02T10:22:00,26,-35
http://irail.be/vehicle/IC3730,NO-URI,IC,2018-02-02T10:27:00,2018-02-02T10:27:00,-51,-51
http://irail.be/vehicle/IC3730,http://irail.be/stations/NMBS/008883121,IC,2018-02-02T10:27:00,2018-02-02T10:27:00,-44,-44
http://irail.be/vehicle/IC3730,http://irail.be/stations/NMBS/008881174,IC,2018-02-02T10:29:00,2018-02-02T10:29:00,-83,-83
http://irail.be/vehicle/IC3730,http://irail.be/stations/NMBS/008881166,IC,2018-02-02T10:32:00,2018-02-02T10:31:00,-12,-55
http://irail.be/vehicle/IC3730,http://irail.be/stations/NMBS/008881158,IC,2018-02-02T10:35:00,2018-02-02T10:35:00,-12,-12
http://irail.be/vehicle/IC3730,http://irail.be/stations/NMBS/008881125,IC,2018-02-02T10:37:00,2018-02-02T10:37:00,-89,-89
http://irail.be/vehicle/IC3730,http://irail.be/stations/NMBS/008881000,IC,2018-02-02T10:42:00,2018-02-02T10:42:00,,-97
http://irail.be/vehicle/IC3730,http://irail.be/stations/NMBS/008819406,IC,2018-09-27T09:31:00,2018-09-27T09:31:00,216,
http://irail.be/vehicle/IC3730,http://irail.be/stations/NMBS/008811007,IC,2018-09-27T09:38:00,2018-09-27T09:38:00,459,459
http://irail.be/vehicle/IC3730,http://irail.be/stations/NMBS/008812005,IC,2018-09-27T09:43:00,2018-09-27T09:41:00,501,498
http://irail.be/vehicle/IC3730,http://irail.be/stations/NMBS/008813045,IC,2018-09-27T09:45:00,2018-09-27T09:45:00,498,498
http://irail.be/vehicle/IC3730,http://irail.be/stations/NMBS/008813003,IC,2018-09-27T09:47:00,2018-09-27T09:46:00,545,537
http://irail.be/vehicle/IC3730,http://irail.be/stations/NMBS/008813037,IC,2018-09-27T09:49:00,2018-09-27T09:49:00,545,545
http://irail.be/vehicle/IC3730,http://irail.be/stations/NMBS/008814001,IC,2018-09-27T09:55:00,2018-09-27T09:51:00,527,587
http://irail.be/vehicle/IC3730,http://irail.be/stations/NMBS/008814308,IC,2018-09-27T10:05:00,2018-09-27T10:05:00,423,423
http://irail.be/vehicle/IC3730,http://irail.be/stations/NMBS/008814332,IC,2018-09-27T10:06:00,2018-09-27T10:06:00,426,426
http://irail.be/vehicle/IC3730,http://irail.be/stations/NMBS/008883808,IC,2018-09-27T10:07:00,2018-09-27T10:07:00,444,444
http://irail.be/vehicle/IC3730,http://irail.be/stations/NMBS/008883022,IC,2018-09-27T10:10:00,2018-09-27T10:10:00,403,403
http://irail.be/vehicle/IC3730,NO-URI,IC,2018-09-27T10:10:00,2018-09-27T10:10:00,470,470
http://irail.be/vehicle/IC3730,http://irail.be/stations/NMBS/008883006,IC,2018-09-27T10:17:00,2018-09-27T10:15:00,377,477
http://irail.be/vehicle/IC3730,http://irail.be/stations/NMBS/008883113,IC,2018-09-27T10:23:00,2018-09-27T10:22:00,337,314
http://irail.be/vehicle/IC3730,NO-URI,IC,2018-09-27T10:27:00,2018-09-27T10:27:00,273,273
http://irail.be/vehicle/IC3730,http://irail.be/stations/NMBS/008883121,IC,2018-09-27T10:27:00,2018-09-27T10:27:00,284,284
http://irail.be/vehicle/IC3730,http://irail.be/stations/NMBS/008881174,IC,2018-09-27T10:29:00,2018-09-27T10:29:00,248,248
http://irail.be/vehicle/IC3730,http://irail.be/stations/NMBS/008881166,IC,2018-09-27T10:32:00,2018-09-27T10:31:00,327,277
http://irail.be/vehicle/IC3730,http://irail.be/stations/NMBS/008881158,IC,2018-09-27T10:34:00,2018-09-27T10:34:00,327,327
http://irail.be/vehicle/IC3730,http://irail.be/stations/NMBS/008881125,IC,2018-09-27T10:36:00,2018-09-27T10:36:00,289,289
http://irail.be/vehicle/IC3730,http://irail.be/stations/NMBS/008881000,IC,2018-09-27T10:42:00,2018-09-27T10:42:00,,158
http://irail.be/vehicle/IC3730,http://irail.be/stations/NMBS/008819406,IC,2018-11-09T09:31:00,2018-11-09T09:31:00,222,
http://irail.be/vehicle/IC3730,http://irail.be/stations/NMBS/008811007,IC,2018-11-09T09:38:00,2018-11-09T09:38:00,324,324
http://irail.be/vehicle/IC3730,http://irail.be/stations/NMBS/008812005,IC,2018-11-09T09:43:00,2018-11-09T09:41:00,262,352
http://irail.be/vehicle/IC3730,http://irail.be/stations/NMBS/008813045,IC,2018-11-09T09:45:00,2018-11-09T09:45:00,267,267
http://irail.be/vehicle/IC3730,http://irail.be/stations/NMBS/008813003,IC,2018-11-09T09:47:00,2018-11-09T09:46:00,321,297
http://irail.be/vehicle/IC3730,http://irail.be/stations/NMBS/008813037,IC,2018-11-09T09:49:00,2018-11-09T09:49:00,321,321
http://irail.be/vehicle/IC3730,http://irail.be/stations/NMBS/008814001,IC,2018-11-09T09:55:00,2018-11-09T09:51:00,168,328
http://irail.be/vehicle/IC3730,http://irail.be/stations/NMBS/008814308,IC,2018-11-09T10:05:00,2018-11-09T10:05:00,43,43
http://irail.be/vehicle/IC3730,http://irail.be/stations/NMBS/008814332,IC,2018-11-09T10:06:00,2018-11-09T10:06:00,48,48
http://irail.be/vehicle/IC3730,http://irail.be/stations/NMBS/008883808,IC,2018-11-09T10:07:00,2018-11-09T10:07:00,82,82
http://irail.be/vehicle/IC3730,http://irail.be/stations/NMBS/008883022,IC,2018-11-09T10:10:00,2018-11-09T10:10:00,32,32
http://irail.be/vehicle/IC3730,NO-URI,IC,2018-11-09T10:10:00,2018-11-09T10:10:00,40,40
http://irail.be/vehicle/IC3730,http://irail.be/stations/NMBS/008883006,IC,2018-11-09T10:17:00,2018-11-09T10:15:00,17,-52
http://irail.be/vehicle/IC3730,http://irail.be/stations/NMBS/008883113,IC,2018-11-09T10:23:00,2018-11-09T10:22:00,10,-33
http://irail.be/vehicle/IC3730,NO-URI,IC,2018-11-09T10:27:00,2018-11-09T10:27:00,-49,-49
http://irail.be/vehicle/IC3730,http://irail.be/stations/NMBS/008883121,IC,2018-11-09T10:27:00,2018-11-09T10:27:00,-39,-39
http://irail.be/vehicle/IC3730,http://irail.be/stations/NMBS/008881174,IC,2018-11-09T10:29:00,2018-11-09T10:29:00,-78,-78
http://irail.be/vehicle/IC3730,http://irail.be/stations/NMBS/008881166,IC,2018-11-09T10:32:00,2018-11-09T10:31:00,40,-51
http://irail.be/vehicle/IC3730,http://irail.be/stations/NMBS/008881158,IC,2018-11-09T10:34:00,2018-11-09T10:34:00,40,40
http://irail.be/vehicle/IC3730,http://irail.be/stations/NMBS/008881125,IC,2018-11-09T10:36:00,2018-11-09T10:36:00,177,177
http://irail.be/vehicle/IC3730,http://irail.be/stations/NMBS/008881000,IC,2018-11-09T10:42:00,2018-11-09T10:42:00,,477
http://irail.be/vehicle/IC3730,http://irail.be/stations/NMBS/008883006,IC,2018-09-22T10:16:00,2018-09-22T10:16:00,2,
http://irail.be/vehicle/IC3730,http://irail.be/stations/NMBS/008883113,IC,2018-09-22T10:22:00,2018-09-22T10:21:00,40,32
http://irail.be/vehicle/IC3730,NO-URI,IC,2018-09-22T10:26:00,2018-09-22T10:26:00,-26,-26
http://irail.be/vehicle/IC3730,http://irail.be/stations/NMBS/008883121,IC,2018-09-22T10:26:00,2018-09-22T10:26:00,-15,-15
http://irail.be/vehicle/IC3730,http://irail.be/stations/NMBS/008881174,IC,2018-09-22T10:27:00,2018-09-22T10:27:00,10,10
http://irail.be/vehicle/IC3730,http://irail.be/stations/NMBS/008881166,IC,2018-09-22T10:31:00,2018-09-22T10:30:00,-13,-3
http://irail.be/vehicle/IC3730,http://irail.be/stations/NMBS/008881158,IC,2018-09-22T10:34:00,2018-09-22T10:34:00,-13,-13
http://irail.be/vehicle/IC3730,http://irail.be/stations/NMBS/008881125,IC,2018-09-22T10:35:00,2018-09-22T10:35:00,-16,-16
http://irail.be/vehicle/IC3730,http://irail.be/stations/NMBS/008881000,IC,2018-09-22T10:40:00,2018-09-22T10:40:00,,-78
http://irail.be/vehicle/IC3730,http://irail.be/stations/NMBS/008819406,IC,2018-03-21T09:31:00,2018-03-21T09:31:00,1086,
http://irail.be/vehicle/IC3730,http://irail.be/stations/NMBS/008811007,IC,2018-03-21T09:38:00,2018-03-21T09:38:00,1096,1096
http://irail.be/vehicle/IC3730,http://irail.be/stations/NMBS/008812005,IC,2018-03-21T09:43:00,2018-03-21T09:41:00,1115,1161
http://irail.be/vehicle/IC3730,http://irail.be/stations/NMBS/008813045,IC,2018-03-21T09:45:00,2018-03-21T09:45:00,1112,1112
http://irail.be/vehicle/IC3730,http://irail.be/stations/NMBS/008813003,IC,2018-03-21T09:47:00,2018-03-21T09:46:00,1207,1194
http://irail.be/vehicle/IC3730,http://irail.be/stations/NMBS/008813037,IC,2018-03-21T09:48:00,2018-03-21T09:48:00,1207,1207
http://irail.be/vehicle/IC3730,http://irail.be/stations/NMBS/008814001,IC,2018-03-21T09:55:00,2018-03-21T09:51:00,1275,1203
http://irail.be/vehicle/IC3730,http://irail.be/stations/NMBS/008814373,IC,2018-03-21T10:01:41,2018-03-21T10:01:41,1188,1188
http://irail.be/vehicle/IC3730,http://irail.be/stations/NMBS/008814365,IC,2018-03-21T10:01:00,2018-03-21T10:01:00,1408,1408
http://irail.be/vehicle/IC3730,http://irail.be/stations/NMBS/008814357,IC,2018-03-21T10:03:00,2018-03-21T10:03:00,1408,1408
http://irail.be/vehicle/IC3730,http://irail.be/stations/NMBS/008814340,IC,2018-03-21T10:04:00,2018-03-21T10:04:00,1394,1394
http://irail.be/vehicle/IC3730,http://irail.be/stations/NMBS/008814308,IC,2018-03-21T10:05:00,2018-03-21T10:05:00,1539,1539
http://irail.be/vehicle/IC3730,http://irail.be/stations/NMBS/008814332,IC,2018-03-21T10:06:00,2018-03-21T10:06:00,1599,1599
http://irail.be/vehicle/IC3730,http://irail.be/stations/NMBS/008883808,IC,2018-03-21T10:07:00,2018-03-21T10:07:00,1667,1667
http://irail.be/vehicle/IC3730,http://irail.be/stations/NMBS/008883022,IC,2018-03-21T10:10:00,2018-03-21T10:10:00,1813,1813
http://irail.be/vehicle/IC3730,NO-URI,IC,2018-03-21T10:10:00,2018-03-21T10:10:00,1851,1851
http://irail.be/vehicle/IC3730,http://irail.be/stations/NMBS/008883006,IC,2018-03-21T10:17:00,2018-03-21T10:15:00,2001,2029
http://irail.be/vehicle/IC3730,http://irail.be/stations/NMBS/008883113,IC,2018-03-21T10:23:00,2018-03-21T10:22:00,2020,2007
http://irail.be/vehicle/IC3730,NO-URI,IC,2018-03-21T10:27:00,2018-03-21T10:27:00,1942,1942
http://irail.be/vehicle/IC3730,http://irail.be/stations/NMBS/008883121,IC,2018-03-21T10:27:00,2018-03-21T10:27:00,1952,1952
http://irail.be/vehicle/IC3730,http://irail.be/stations/NMBS/008881174,IC,2018-03-21T10:29:00,2018-03-21T10:29:00,1914,1914
http://irail.be/vehicle/IC3730,http://irail.be/stations/NMBS/008881166,IC,2018-03-21T10:32:00,2018-03-21T10:31:00,1952,1941
http://irail.be/vehicle/IC3730,http://irail.be/stations/NMBS/008881158,IC,2018-03-21T10:34:00,2018-03-21T10:34:00,1952,1952
http://irail.be/vehicle/IC3730,http://irail.be/stations/NMBS/008881125,IC,2018-03-21T10:37:00,2018-03-21T10:37:00,1848,1848
http://irail.be/vehicle/IC3730,http://irail.be/stations/NMBS/008881000,IC,2018-03-21T10:42:00,2018-03-21T10:42:00,,1824
http://irail.be/vehicle/IC3730,http://irail.be/stations/NMBS/008819406,IC,2018-10-02T09:31:00,2018-10-02T09:31:00,430,
http://irail.be/vehicle/IC3730,http://irail.be/stations/NMBS/008811007,IC,2018-10-02T09:38:00,2018-10-02T09:38:00,479,479
http://irail.be/vehicle/IC3730,http://irail.be/stations/NMBS/008812005,IC,2018-10-02T09:43:00,2018-10-02T09:41:00,502,512
http://irail.be/vehicle/IC3730,http://irail.be/stations/NMBS/008813045,IC,2018-10-02T09:45:00,2018-10-02T09:45:00,501,501
http://irail.be/vehicle/IC3730,http://irail.be/stations/NMBS/008813003,IC,2018-10-02T09:47:00,2018-10-02T09:46:00,535,528
http://irail.be/vehicle/IC3730,http://irail.be/stations/NMBS/008813037,IC,2018-10-02T09:49:00,2018-10-02T09:49:00,535,535
http://irail.be/vehicle/IC3730,http://irail.be/stations/NMBS/008814001,IC,2018-10-02T09:55:00,2018-10-02T09:51:00,450,537
http://irail.be/vehicle/IC3730,http://irail.be/stations/NMBS/008814373,IC,2018-10-02T10:01:44,2018-10-02T10:01:44,298,298
http://irail.be/vehicle/IC3730,http://irail.be/stations/NMBS/008814365,IC,2018-10-02T10:01:00,2018-10-02T10:01:00,391,391
http://irail.be/vehicle/IC3730,http://irail.be/stations/NMBS/008814357,IC,2018-10-02T10:03:00,2018-10-02T10:03:00,391,391
http://irail.be/vehicle/IC3730,http://irail.be/stations/NMBS/008814340,IC,2018-10-02T10:04:00,2018-10-02T10:04:00,376,376
http://irail.be/vehicle/IC3730,http://irail.be/stations/NMBS/008814308,IC,2018-10-02T10:05:00,2018-10-02T10:05:00,388,388
http://irail.be/vehicle/IC3730,http://irail.be/stations/NMBS/008814332,IC,2018-10-02T10:06:00,2018-10-02T10:06:00,380,380
http://irail.be/vehicle/IC3730,http://irail.be/stations/NMBS/008883808,IC,2018-10-02T10:07:00,2018-10-02T10:07:00,396,396
http://irail.be/vehicle/IC3730,http://irail.be/stations/NMBS/008883022,IC,2018-10-02T10:10:00,2018-10-02T10:10:00,351,351
http://irail.be/vehicle/IC3730,NO-URI,IC,2018-10-02T10:10:00,2018-10-02T10:10:00,394,394
http://irail.be/vehicle/IC3730,http://irail.be/stations/NMBS/008883006,IC,2018-10-02T10:17:00,2018-10-02T10:15:00,401,456
http://irail.be/vehicle/IC3730,http://irail.be/stations/NMBS/008883113,IC,2018-10-02T10:23:00,2018-10-02T10:22:00,376,346
http://irail.be/vehicle/IC3730,NO-URI,IC,2018-10-02T10:27:00,2018-10-02T10:27:00,302,302
http://irail.be/vehicle/IC3730,http://irail.be/stations/NMBS/008883121,IC,2018-10-02T10:27:00,2018-10-02T10:27:00,311,311
http://irail.be/vehicle/IC3730,http://irail.be/stations/NMBS/008881174,IC,2018-10-02T10:29:00,2018-10-02T10:29:00,275,275
http://irail.be/vehicle/IC3730,http://irail.be/stations/NMBS/008881166,IC,2018-10-02T10:32:00,2018-10-02T10:31:00,366,304
http://irail.be/vehicle/IC3730,http://irail.be/stations/NMBS/008881158,IC,2018-10-02T10:34:00,2018-10-02T10:34:00,366,366
http://irail.be/vehicle/IC3730,http://irail.be/stations/NMBS/008881125,IC,2018-10-02T10:36:00,2018-10-02T10:36:00,324,324
http://irail.be/vehicle/IC3730,http://irail.be/stations/NMBS/008881000,IC,2018-10-02T10:42:00,2018-10-02T10:42:00,,199
http://irail.be/vehicle/IC3730,http://irail.be/stations/NMBS/008819406,IC,2018-04-30T09:31:00,2018-04-30T09:31:00,298,
http://irail.be/vehicle/IC3730,http://irail.be/stations/NMBS/008811007,IC,2018-04-30T09:38:00,2018-04-30T09:38:00,460,460
http://irail.be/vehicle/IC3730,http://irail.be/stations/NMBS/008812005,IC,2018-04-30T09:43:00,2018-04-30T09:41:00,517,547
http://irail.be/vehicle/IC3730,http://irail.be/stations/NMBS/008813045,IC,2018-04-30T09:45:00,2018-04-30T09:45:00,529,529
http://irail.be/vehicle/IC3730,http://irail.be/stations/NMBS/008813003,IC,2018-04-30T09:47:00,2018-04-30T09:46:00,612,583
http://irail.be/vehicle/IC3730,http://irail.be/stations/NMBS/008813037,IC,2018-04-30T09:49:00,2018-04-30T09:49:00,612,612
http://irail.be/vehicle/IC3730,http://irail.be/stations/NMBS/008814001,IC,2018-04-30T09:55:00,2018-04-30T09:51:00,614,635
http://irail.be/vehicle/IC3730,http://irail.be/stations/NMBS/008814308,IC,2018-04-30T10:05:00,2018-04-30T10:05:00,621,621
http://irail.be/vehicle/IC3730,http://irail.be/stations/NMBS/008814332,IC,2018-04-30T10:06:00,2018-04-30T10:06:00,626,626
http://irail.be/vehicle/IC3730,http://irail.be/stations/NMBS/008883808,IC,2018-04-30T10:07:00,2018-04-30T10:07:00,657,657
http://irail.be/vehicle/IC3730,http://irail.be/stations/NMBS/008883022,IC,2018-04-30T10:10:00,2018-04-30T10:10:00,615,615
http://irail.be/vehicle/IC3730,NO-URI,IC,2018-04-30T10:10:00,2018-04-30T10:10:00,621,621
http://irail.be/vehicle/IC3730,http://irail.be/stations/NMBS/008883006,IC,2018-04-30T10:17:00,2018-04-30T10:15:00,481,577
http://irail.be/vehicle/IC3730,http://irail.be/stations/NMBS/008883113,IC,2018-04-30T10:23:00,2018-04-30T10:22:00,424,413
http://irail.be/vehicle/IC3730,NO-URI,IC,2018-04-30T10:27:00,2018-04-30T10:27:00,345,345
http://irail.be/vehicle/IC3730,http://irail.be/stations/NMBS/008883121,IC,2018-04-30T10:27:00,2018-04-30T10:27:00,355,355
http://irail.be/vehicle/IC3730,http://irail.be/stations/NMBS/008881174,IC,2018-04-30T10:29:00,2018-04-30T10:29:00,360,360
http://irail.be/vehicle/IC3730,http://irail.be/stations/NMBS/008881166,IC,2018-04-30T10:32:00,2018-04-30T10:31:00,386,386
http://irail.be/vehicle/IC3730,http://irail.be/stations/NMBS/008881158,IC,2018-04-30T10:35:00,2018-04-30T10:35:00,386,386
http://irail.be/vehicle/IC3730,http://irail.be/stations/NMBS/008881125,IC,2018-04-30T10:37:00,2018-04-30T10:37:00,308,308
http://irail.be/vehicle/IC3730,http://irail.be/stations/NMBS/008881000,IC,2018-04-30T10:42:00,2018-04-30T10:42:00,,304
http://irail.be/vehicle/IC3730,http://irail.be/stations/NMBS/008819406,IC,2018-01-01T09:31:00,2018-01-01T09:31:00,6,
http://irail.be/vehicle/IC3730,http://irail.be/stations/NMBS/008811007,IC,2018-01-01T09:38:00,2018-01-01T09:38:00,28,28
http://irail.be/vehicle/IC3730,http://irail.be/stations/NMBS/008812005,IC,2018-01-01T09:43:00,2018-01-01T09:41:00,5,41
http://irail.be/vehicle/IC3730,http://irail.be/stations/NMBS/008813045,IC,2018-01-01T09:45:00,2018-01-01T09:45:00,18,18
http://irail.be/vehicle/IC3730,http://irail.be/stations/NMBS/008813003,IC,2018-01-01T09:47:00,2018-01-01T09:46:00,69,60
http://irail.be/vehicle/IC3730,http://irail.be/stations/NMBS/008813037,IC,2018-01-01T09:49:00,2018-01-01T09:49:00,69,69
http://irail.be/vehicle/IC3730,http://irail.be/stations/NMBS/008814001,IC,2018-01-01T09:55:00,2018-01-01T09:51:00,104,98
http://irail.be/vehicle/IC3730,http://irail.be/stations/NMBS/008814308,IC,2018-01-01T10:04:00,2018-01-01T10:04:00,57,57
http://irail.be/vehicle/IC3730,http://irail.be/stations/NMBS/008814332,IC,2018-01-01T10:05:00,2018-01-01T10:05:00,52,52
http://irail.be/vehicle/IC3730,http://irail.be/stations/NMBS/008883808,IC,2018-01-01T10:07:00,2018-01-01T10:07:00,4,4
http://irail.be/vehicle/IC3730,http://irail.be/stations/NMBS/008883022,IC,2018-01-01T10:09:00,2018-01-01T10:09:00,5,5
http://irail.be/vehicle/IC3730,NO-URI,IC,2018-01-01T10:09:00,2018-01-01T10:09:00,16,16
http://irail.be/vehicle/IC3730,http://irail.be/stations/NMBS/008883006,IC,2018-01-01T10:16:00,2018-01-01T10:14:00,31,-88
http://irail.be/vehicle/IC3730,http://irail.be/stations/NMBS/008883113,IC,2018-01-01T10:22:00,2018-01-01T10:21:00,29,-49
http://irail.be/vehicle/IC3730,NO-URI,IC,2018-01-01T10:26:00,2018-01-01T10:26:00,-48,-48
http://irail.be/vehicle/IC3730,http://irail.be/stations/NMBS/008883121,IC,2018-01-01T10:26:00,2018-01-01T10:26:00,-37,-37
http://irail.be/vehicle/IC3730,http://irail.be/stations/NMBS/008881174,IC,2018-01-01T10:27:00,2018-01-01T10:27:00,-15,-15
http://irail.be/vehicle/IC3730,http://irail.be/stations/NMBS/008881166,IC,2018-01-01T10:31:00,2018-01-01T10:30:00,-16,-28
http://irail.be/vehicle/IC3730,http://irail.be/stations/NMBS/008881158,IC,2018-01-01T10:34:00,2018-01-01T10:34:00,-16,-16
http://irail.be/vehicle/IC3730,http://irail.be/stations/NMBS/008881125,IC,2018-01-01T10:35:00,2018-01-01T10:35:00,-31,-31
http://irail.be/vehicle/IC3730,http://irail.be/stations/NMBS/008881000,IC,2018-01-01T10:40:00,2018-01-01T10:40:00,,-53
http://irail.be/vehicle/IC3730,http://irail.be/stations/NMBS/008819406,IC,2018-08-23T09:31:00,2018-08-23T09:31:00,-12,
http://irail.be/vehicle/IC3730,http://irail.be/stations/NMBS/008811007,IC,2018-08-23T09:38:00,2018-08-23T09:38:00,14,14
http://irail.be/vehicle/IC3730,http://irail.be/stations/NMBS/008812005,IC,2018-08-23T09:43:00,2018-08-23T09:41:00,171,219
http://irail.be/vehicle/IC3730,http://irail.be/stations/NMBS/008813045,IC,2018-08-23T09:45:00,2018-08-23T09:45:00,165,165
http://irail.be/vehicle/IC3730,http://irail.be/stations/NMBS/008813003,IC,2018-08-23T09:47:00,2018-08-23T09:46:00,209,190
http://irail.be/vehicle/IC3730,http://irail.be/stations/NMBS/008813037,IC,2018-08-23T09:49:00,2018-08-23T09:49:00,209,209
http://irail.be/vehicle/IC3730,http://irail.be/stations/NMBS/008814001,IC,2018-08-23T09:55:00,2018-08-23T09:51:00,40,208
http://irail.be/vehicle/IC3730,http://irail.be/stations/NMBS/008814365,IC,2018-08-23T10:01:00,2018-08-23T10:01:00,6,6
http://irail.be/vehicle/IC3730,http://irail.be/stations/NMBS/008814357,IC,2018-08-23T10:03:00,2018-08-23T10:03:00,6,6
http://irail.be/vehicle/IC3730,http://irail.be/stations/NMBS/008814340,IC,2018-08-23T10:04:00,2018-08-23T10:04:00,-9,-9
http://irail.be/vehicle/IC3730,http://irail.be/stations/NMBS/008814308,IC,2018-08-23T10:05:00,2018-08-23T10:05:00,-2,-2
http://irail.be/vehicle/IC3730,http://irail.be/stations/NMBS/008814332,IC,2018-08-23T10:06:00,2018-08-23T10:06:00,-8,-8
http://irail.be/vehicle/IC3730,http://irail.be/stations/NMBS/008883808,IC,2018-08-23T10:07:00,2018-08-23T10:07:00,5,5
http://irail.be/vehicle/IC3730,http://irail.be/stations/NMBS/008883022,IC,2018-08-23T10:10:00,2018-08-23T10:10:00,-47,-47
http://irail.be/vehicle/IC3730,NO-URI,IC,2018-08-23T10:10:00,2018-08-23T10:10:00,-42,-42
http://irail.be/vehicle/IC3730,http://irail.be/stations/NMBS/008883006,IC,2018-08-23T10:17:00,2018-08-23T10:15:00,20,-103
http://irail.be/vehicle/IC3730,http://irail.be/stations/NMBS/008883113,IC,2018-08-23T10:23:00,2018-08-23T10:22:00,31,12
http://irail.be/vehicle/IC3730,NO-URI,IC,2018-08-23T10:27:00,2018-08-23T10:27:00,-6,-6
http://irail.be/vehicle/IC3730,http://irail.be/stations/NMBS/008883121,IC,2018-08-23T10:27:00,2018-08-23T10:27:00,4,4
http://irail.be/vehicle/IC3730,http://irail.be/stations/NMBS/008881174,IC,2018-08-23T10:29:00,2018-08-23T10:29:00,-31,-31
http://irail.be/vehicle/IC3730,http://irail.be/stations/NMBS/008881166,IC,2018-08-23T10:32:00,2018-08-23T10:31:00,3,-4
http://irail.be/vehicle/IC3730,http://irail.be/stations/NMBS/008881158,IC,2018-08-23T10:35:00,2018-08-23T10:35:00,3,3
http://irail.be/vehicle/IC3730,http://irail.be/stations/NMBS/008881125,IC,2018-08-23T10:36:00,2018-08-23T10:36:00,-14,-14
http://irail.be/vehicle/IC3730,http://irail.be/stations/NMBS/008881000,IC,2018-08-23T10:42:00,2018-08-23T10:42:00,,-55
http://irail.be/vehicle/IC3730,http://irail.be/stations/NMBS/008819406,IC,2018-08-16T09:31:00,2018-08-16T09:31:00,92,
http://irail.be/vehicle/IC3730,http://irail.be/stations/NMBS/008811007,IC,2018-08-16T09:38:00,2018-08-16T09:38:00,295,295
http://irail.be/vehicle/IC3730,http://irail.be/stations/NMBS/008812005,IC,2018-08-16T09:43:00,2018-08-16T09:41:00,435,362
http://irail.be/vehicle/IC3730,http://irail.be/stations/NMBS/008813045,IC,2018-08-16T09:45:00,2018-08-16T09:45:00,429,429
http://irail.be/vehicle/IC3730,http://irail.be/stations/NMBS/008813003,IC,2018-08-16T09:47:00,2018-08-16T09:46:00,609,578
http://irail.be/vehicle/IC3730,http://irail.be/stations/NMBS/008813037,IC,2018-08-16T09:49:00,2018-08-16T09:49:00,609,609
http://irail.be/vehicle/IC3730,http://irail.be/stations/NMBS/008814001,IC,2018-08-16T09:55:00,2018-08-16T09:51:00,452,617
http://irail.be/vehicle/IC3730,http://irail.be/stations/NMBS/008814308,IC,2018-08-16T10:05:00,2018-08-16T10:05:00,302,302
http://irail.be/vehicle/IC3730,http://irail.be/stations/NMBS/008814332,IC,2018-08-16T10:06:00,2018-08-16T10:06:00,300,300
http://irail.be/vehicle/IC3730,http://irail.be/stations/NMBS/008883808,IC,2018-08-16T10:07:00,2018-08-16T10:07:00,310,310
http://irail.be/vehicle/IC3730,http://irail.be/stations/NMBS/008883022,IC,2018-08-16T10:10:00,2018-08-16T10:10:00,287,287
http://irail.be/vehicle/IC3730,NO-URI,IC,2018-08-16T10:10:00,2018-08-16T10:10:00,330,330
http://irail.be/vehicle/IC3730,http://irail.be/stations/NMBS/008883006,IC,2018-08-16T10:17:00,2018-08-16T10:15:00,178,290
http://irail.be/vehicle/IC3730,http://irail.be/stations/NMBS/008883113,IC,2018-08-16T10:23:00,2018-08-16T10:22:00,110,98
http://irail.be/vehicle/IC3730,NO-URI,IC,2018-08-16T10:27:00,2018-08-16T10:27:00,31,31
http://irail.be/vehicle/IC3730,http://irail.be/stations/NMBS/008883121,IC,2018-08-16T10:27:00,2018-08-16T10:27:00,37,37
http://irail.be/vehicle/IC3730,http://irail.be/stations/NMBS/008881174,IC,2018-08-16T10:29:00,2018-08-16T10:29:00,-2,-2
http://irail.be/vehicle/IC3730,http://irail.be/stations/NMBS/008881166,IC,2018-08-16T10:32:00,2018-08-16T10:31:00,55,24
http://irail.be/vehicle/IC3730,http://irail.be/stations/NMBS/008881158,IC,2018-08-16T10:35:00,2018-08-16T10:35:00,55,55
http://irail.be/vehicle/IC3730,http://irail.be/stations/NMBS/008881125,IC,2018-08-16T10:36:00,2018-08-16T10:36:00,34,34
http://irail.be/vehicle/IC3730,http://irail.be/stations/NMBS/008881000,IC,2018-08-16T10:42:00,2018-08-16T10:42:00,,515
http://irail.be/vehicle/IC3730,http://irail.be/stations/NMBS/008819406,IC,2018-10-12T09:31:00,2018-10-12T09:31:00,473,
http://irail.be/vehicle/IC3730,http://irail.be/stations/NMBS/008811007,IC,2018-10-12T09:38:00,2018-10-12T09:38:00,458,458
http://irail.be/vehicle/IC3730,http://irail.be/stations/NMBS/008812005,IC,2018-10-12T09:43:00,2018-10-12T09:41:00,465,493
http://irail.be/vehicle/IC3730,http://irail.be/stations/NMBS/008813045,IC,2018-10-12T09:45:00,2018-10-12T09:45:00,470,470
http://irail.be/vehicle/IC3730,http://irail.be/stations/NMBS/008813003,IC,2018-10-12T09:47:00,2018-10-12T09:46:00,587,559
http://irail.be/vehicle/IC3730,http://irail.be/stations/NMBS/008813037,IC,2018-10-12T09:49:00,2018-10-12T09:49:00,587,587
http://irail.be/vehicle/IC3730,http://irail.be/stations/NMBS/008814001,IC,2018-10-12T09:55:00,2018-10-12T09:51:00,687,674
http://irail.be/vehicle/IC3730,http://irail.be/stations/NMBS/008814308,IC,2018-10-12T10:05:00,2018-10-12T10:05:00,581,581
http://irail.be/vehicle/IC3730,http://irail.be/stations/NMBS/008814332,IC,2018-10-12T10:06:00,2018-10-12T10:06:00,584,584
http://irail.be/vehicle/IC3730,http://irail.be/stations/NMBS/008883808,IC,2018-10-12T10:07:00,2018-10-12T10:07:00,597,597
http://irail.be/vehicle/IC3730,http://irail.be/stations/NMBS/008883022,IC,2018-10-12T10:10:00,2018-10-12T10:10:00,546,546
http://irail.be/vehicle/IC3730,NO-URI,IC,2018-10-12T10:10:00,2018-10-12T10:10:00,551,551
http://irail.be/vehicle/IC3730,http://irail.be/stations/NMBS/008883006,IC,2018-10-12T10:17:00,2018-10-12T10:15:00,522,590
http://irail.be/vehicle/IC3730,http://irail.be/stations/NMBS/008883113,IC,2018-10-12T10:23:00,2018-10-12T10:22:00,476,467
http://irail.be/vehicle/IC3730,NO-URI,IC,2018-10-12T10:27:00,2018-10-12T10:27:00,406,406
http://irail.be/vehicle/IC3730,http://irail.be/stations/NMBS/008883121,IC,2018-10-12T10:27:00,2018-10-12T10:27:00,419,419
http://irail.be/vehicle/IC3730,http://irail.be/stations/NMBS/008881174,IC,2018-10-12T10:29:00,2018-10-12T10:29:00,382,382
http://irail.be/vehicle/IC3730,http://irail.be/stations/NMBS/008881166,IC,2018-10-12T10:32:00,2018-10-12T10:31:00,497,488
http://irail.be/vehicle/IC3730,http://irail.be/stations/NMBS/008881158,IC,2018-10-12T10:34:00,2018-10-12T10:34:00,497,497
http://irail.be/vehicle/IC3730,http://irail.be/stations/NMBS/008881125,IC,2018-10-12T10:36:00,2018-10-12T10:36:00,461,461
http://irail.be/vehicle/IC3730,http://irail.be/stations/NMBS/008881000,IC,2018-10-12T10:42:00,2018-10-12T10:42:00,,333
http://irail.be/vehicle/IC3730,http://irail.be/stations/NMBS/008819406,IC,2018-01-30T09:31:00,2018-01-30T09:31:00,537,
http://irail.be/vehicle/IC3730,http://irail.be/stations/NMBS/008811007,IC,2018-01-30T09:38:00,2018-01-30T09:38:00,782,782
http://irail.be/vehicle/IC3730,http://irail.be/stations/NMBS/008812005,IC,2018-01-30T09:43:00,2018-01-30T09:41:00,867,811
http://irail.be/vehicle/IC3730,http://irail.be/stations/NMBS/008813045,IC,2018-01-30T09:45:00,2018-01-30T09:45:00,869,869
http://irail.be/vehicle/IC3730,http://irail.be/stations/NMBS/008813003,IC,2018-01-30T09:47:00,2018-01-30T09:46:00,1001,976
http://irail.be/vehicle/IC3730,http://irail.be/stations/NMBS/008813037,IC,2018-01-30T09:49:00,2018-01-30T09:49:00,1001,1001
http://irail.be/vehicle/IC3730,http://irail.be/stations/NMBS/008814001,IC,2018-01-30T09:55:00,2018-01-30T09:51:00,842,1024
http://irail.be/vehicle/IC3730,http://irail.be/stations/NMBS/008814308,IC,2018-01-30T10:05:00,2018-01-30T10:05:00,711,711
http://irail.be/vehicle/IC3730,http://irail.be/stations/NMBS/008814332,IC,2018-01-30T10:06:00,2018-01-30T10:06:00,706,706
http://irail.be/vehicle/IC3730,http://irail.be/stations/NMBS/008883808,IC,2018-01-30T10:07:00,2018-01-30T10:07:00,711,711
http://irail.be/vehicle/IC3730,http://irail.be/stations/NMBS/008883022,IC,2018-01-30T10:10:00,2018-01-30T10:10:00,650,650
http://irail.be/vehicle/IC3730,NO-URI,IC,2018-01-30T10:10:00,2018-01-30T10:10:00,655,655
http://irail.be/vehicle/IC3730,http://irail.be/stations/NMBS/008883006,IC,2018-01-30T10:17:00,2018-01-30T10:15:00,526,616
http://irail.be/vehicle/IC3730,http://irail.be/stations/NMBS/008883113,IC,2018-01-30T10:23:00,2018-01-30T10:22:00,469,473
http://irail.be/vehicle/IC3730,NO-URI,IC,2018-01-30T10:27:00,2018-01-30T10:27:00,398,398
http://irail.be/vehicle/IC3730,http://irail.be/stations/NMBS/008883121,IC,2018-01-30T10:27:00,2018-01-30T10:27:00,405,405
http://irail.be/vehicle/IC3730,http://irail.be/stations/NMBS/008881174,IC,2018-01-30T10:29:00,2018-01-30T10:29:00,361,361
http://irail.be/vehicle/IC3730,http://irail.be/stations/NMBS/008881166,IC,2018-01-30T10:32:00,2018-01-30T10:31:00,346,381
http://irail.be/vehicle/IC3730,http://irail.be/stations/NMBS/008881158,IC,2018-01-30T10:35:00,2018-01-30T10:35:00,346,346
http://irail.be/vehicle/IC3730,http://irail.be/stations/NMBS/008881125,IC,2018-01-30T10:37:00,2018-01-30T10:37:00,269,269
http://irail.be/vehicle/IC3730,http://irail.be/stations/NMBS/008881000,IC,2018-01-30T10:42:00,2018-01-30T10:42:00,,258
http://irail.be/vehicle/IC3730,http://irail.be/stations/NMBS/008819406,IC,2018-08-30T09:31:00,2018-08-30T09:31:00,-4,
http://irail.be/vehicle/IC3730,http://irail.be/stations/NMBS/008811007,IC,2018-08-30T09:38:00,2018-08-30T09:38:00,65,65
http://irail.be/vehicle/IC3730,http://irail.be/stations/NMBS/008812005,IC,2018-08-30T09:43:00,2018-08-30T09:41:00,122,181
http://irail.be/vehicle/IC3730,http://irail.be/stations/NMBS/008813045,IC,2018-08-30T09:45:00,2018-08-30T09:45:00,112,112
http://irail.be/vehicle/IC3730,http://irail.be/stations/NMBS/008813003,IC,2018-08-30T09:47:00,2018-08-30T09:46:00,224,210
http://irail.be/vehicle/IC3730,http://irail.be/stations/NMBS/008813037,IC,2018-08-30T09:49:00,2018-08-30T09:49:00,224,224
http://irail.be/vehicle/IC3730,http://irail.be/stations/NMBS/008814001,IC,2018-08-30T09:55:00,2018-08-30T09:51:00,51,219
http://irail.be/vehicle/IC3730,http://irail.be/stations/NMBS/008814308,IC,2018-08-30T10:05:00,2018-08-30T10:05:00,-45,-45
http://irail.be/vehicle/IC3730,http://irail.be/stations/NMBS/008814332,IC,2018-08-30T10:06:00,2018-08-30T10:06:00,-42,-42
http://irail.be/vehicle/IC3730,http://irail.be/stations/NMBS/008883808,IC,2018-08-30T10:07:00,2018-08-30T10:07:00,-31,-31
http://irail.be/vehicle/IC3730,http://irail.be/stations/NMBS/008883022,IC,2018-08-30T10:10:00,2018-08-30T10:10:00,-84,-84
http://irail.be/vehicle/IC3730,NO-URI,IC,2018-08-30T10:10:00,2018-08-30T10:10:00,-80,-80
http://irail.be/vehicle/IC3730,http://irail.be/stations/NMBS/008883006,IC,2018-08-30T10:17:00,2018-08-30T10:15:00,79,-97
http://irail.be/vehicle/IC3730,http://irail.be/stations/NMBS/008883113,IC,2018-08-30T10:23:00,2018-08-30T10:22:00,39,15
http://irail.be/vehicle/IC3730,NO-URI,IC,2018-08-30T10:27:00,2018-08-30T10:27:00,92,92
http://irail.be/vehicle/IC3730,http://irail.be/stations/NMBS/008883121,IC,2018-08-30T10:27:00,2018-08-30T10:27:00,145,145
http://irail.be/vehicle/IC3730,http://irail.be/stations/NMBS/008881174,IC,2018-08-30T10:29:00,2018-08-30T10:29:00,202,202
http://irail.be/vehicle/IC3730,http://irail.be/stations/NMBS/008881166,IC,2018-08-30T10:32:00,2018-08-30T10:31:00,246,234
http://irail.be/vehicle/IC3730,http://irail.be/stations/NMBS/008881158,IC,2018-08-30T10:35:00,2018-08-30T10:35:00,246,246
http://irail.be/vehicle/IC3730,http://irail.be/stations/NMBS/008881125,IC,2018-08-30T10:36:00,2018-08-30T10:36:00,232,232
http://irail.be/vehicle/IC3730,http://irail.be/stations/NMBS/008881000,IC,2018-08-30T10:42:00,2018-08-30T10:42:00,,334
http://irail.be/vehicle/IC3730,http://irail.be/stations/NMBS/008819406,IC,2018-08-27T09:31:00,2018-08-27T09:31:00,-2,
http://irail.be/vehicle/IC3730,http://irail.be/stations/NMBS/008811007,IC,2018-08-27T09:38:00,2018-08-27T09:38:00,19,19
http://irail.be/vehicle/IC3730,http://irail.be/stations/NMBS/008812005,IC,2018-08-27T09:43:00,2018-08-27T09:41:00,101,115
http://irail.be/vehicle/IC3730,http://irail.be/stations/NMBS/008813045,IC,2018-08-27T09:45:00,2018-08-27T09:45:00,99,99
http://irail.be/vehicle/IC3730,http://irail.be/stations/NMBS/008813003,IC,2018-08-27T09:47:00,2018-08-27T09:46:00,155,129
http://irail.be/vehicle/IC3730,http://irail.be/stations/NMBS/008813037,IC,2018-08-27T09:49:00,2018-08-27T09:49:00,155,155
http://irail.be/vehicle/IC3730,http://irail.be/stations/NMBS/008814001,IC,2018-08-27T09:55:00,2018-08-27T09:51:00,145,203
http://irail.be/vehicle/IC3730,http://irail.be/stations/NMBS/008814308,IC,2018-08-27T10:05:00,2018-08-27T10:05:00,25,25
http://irail.be/vehicle/IC3730,http://irail.be/stations/NMBS/008814332,IC,2018-08-27T10:06:00,2018-08-27T10:06:00,32,32
http://irail.be/vehicle/IC3730,http://irail.be/stations/NMBS/008883808,IC,2018-08-27T10:07:00,2018-08-27T10:07:00,45,45
http://irail.be/vehicle/IC3730,http://irail.be/stations/NMBS/008883022,IC,2018-08-27T10:10:00,2018-08-27T10:10:00,-7,-7
http://irail.be/vehicle/IC3730,NO-URI,IC,2018-08-27T10:10:00,2018-08-27T10:10:00,-3,-3
http://irail.be/vehicle/IC3730,http://irail.be/stations/NMBS/008883006,IC,2018-08-27T10:17:00,2018-08-27T10:15:00,8,-59
http://irail.be/vehicle/IC3730,http://irail.be/stations/NMBS/008883113,IC,2018-08-27T10:23:00,2018-08-27T10:22:00,214,203
http://irail.be/vehicle/IC3730,NO-URI,IC,2018-08-27T10:27:00,2018-08-27T10:27:00,139,139
http://irail.be/vehicle/IC3730,http://irail.be/stations/NMBS/008883121,IC,2018-08-27T10:27:00,2018-08-27T10:27:00,147,147
http://irail.be/vehicle/IC3730,http://irail.be/stations/NMBS/008881174,IC,2018-08-27T10:29:00,2018-08-27T10:29:00,111,111
http://irail.be/vehicle/IC3730,http://irail.be/stations/NMBS/008881166,IC,2018-08-27T10:32:00,2018-08-27T10:31:00,210,137
http://irail.be/vehicle/IC3730,http://irail.be/stations/NMBS/008881158,IC,2018-08-27T10:35:00,2018-08-27T10:35:00,210,210
http://irail.be/vehicle/IC3730,http://irail.be/stations/NMBS/008881125,IC,2018-08-27T10:36:00,2018-08-27T10:36:00,191,191
http://irail.be/vehicle/IC3730,http://irail.be/stations/NMBS/008881000,IC,2018-08-27T10:42:00,2018-08-27T10:42:00,,133
http://irail.be/vehicle/IC3730,http://irail.be/stations/NMBS/008819406,IC,2018-06-10T09:31:00,2018-06-10T09:31:00,-20,
http://irail.be/vehicle/IC3730,http://irail.be/stations/NMBS/008811007,IC,2018-06-10T09:38:00,2018-06-10T09:38:00,10,10
http://irail.be/vehicle/IC3730,http://irail.be/stations/NMBS/008812005,IC,2018-06-10T09:43:00,2018-06-10T09:41:00,9,8
http://irail.be/vehicle/IC3730,http://irail.be/stations/NMBS/008813045,IC,2018-06-10T09:45:00,2018-06-10T09:45:00,15,15
http://irail.be/vehicle/IC3730,http://irail.be/stations/NMBS/008813003,IC,2018-06-10T09:47:00,2018-06-10T09:46:00,202,161
http://irail.be/vehicle/IC3730,http://irail.be/stations/NMBS/008813037,IC,2018-06-10T09:49:00,2018-06-10T09:49:00,202,202
http://irail.be/vehicle/IC3730,http://irail.be/stations/NMBS/008814001,IC,2018-06-10T09:55:00,2018-06-10T09:51:00,167,216
http://irail.be/vehicle/IC3730,http://irail.be/stations/NMBS/008814308,IC,2018-06-10T10:04:00,2018-06-10T10:04:00,117,117
http://irail.be/vehicle/IC3730,http://irail.be/stations/NMBS/008814332,IC,2018-06-10T10:05:00,2018-06-10T10:05:00,113,113
http://irail.be/vehicle/IC3730,http://irail.be/stations/NMBS/008883808,IC,2018-06-10T10:07:00,2018-06-10T10:07:00,69,69
http://irail.be/vehicle/IC3730,http://irail.be/stations/NMBS/008883022,IC,2018-06-10T10:09:00,2018-06-10T10:09:00,76,76
http://irail.be/vehicle/IC3730,NO-URI,IC,2018-06-10T10:09:00,2018-06-10T10:09:00,86,86
http://irail.be/vehicle/IC3730,http://irail.be/stations/NMBS/008883006,IC,2018-06-10T10:16:00,2018-06-10T10:14:00,40,72
http://irail.be/vehicle/IC3730,http://irail.be/stations/NMBS/008883212,IC,2018-06-10T10:22:00,2018-06-10T10:22:00,-4,-4
http://irail.be/vehicle/IC3730,http://irail.be/stations/NMBS/008883220,IC,2018-06-10T10:23:00,2018-06-10T10:23:00,135,135
http://irail.be/vehicle/IC3730,http://irail.be/stations/NMBS/008883238,IC,2018-06-10T10:27:00,2018-06-10T10:27:00,-14,-14
http://irail.be/vehicle/IC3730,NO-URI,IC,2018-06-10T10:33:00,2018-06-10T10:33:00,-25,-25
http://irail.be/vehicle/IC3730,http://irail.be/stations/NMBS/008882107,IC,2018-06-10T10:36:00,2018-06-10T10:36:00,-64,-64
http://irail.be/vehicle/IC3730,http://irail.be/stations/NMBS/008881463,IC,2018-06-10T10:39:00,2018-06-10T10:39:00,34,34
http://irail.be/vehicle/IC3730,http://irail.be/stations/NMBS/008881455,IC,2018-06-10T10:40:00,2018-06-10T10:40:00,41,41
http://irail.be/vehicle/IC3730,http://irail.be/stations/NMBS/008881430,IC,2018-06-10T10:41:00,2018-06-10T10:41:00,41,41
http://irail.be/vehicle/IC3730,NO-URI,IC,2018-06-10T10:43:00,2018-06-10T10:43:00,41,41
http://irail.be/vehicle/IC3730,http://irail.be/stations/NMBS/008881406,IC,2018-06-10T10:44:00,2018-06-10T10:44:00,14,14
http://irail.be/vehicle/IC3730,http://irail.be/stations/NMBS/008881315,IC,2018-06-10T10:47:00,2018-06-10T10:47:00,115,115
http://irail.be/vehicle/IC3730,http://irail.be/stations/NMBS/008881000,IC,2018-06-10T10:51:00,2018-06-10T10:51:00,,115
http://irail.be/vehicle/IC3730,http://irail.be/stations/NMBS/008819406,IC,2018-01-18T09:31:00,2018-01-18T09:31:00,515,
http://irail.be/vehicle/IC3730,http://irail.be/stations/NMBS/008811007,IC,2018-01-18T09:38:00,2018-01-18T09:38:00,616,616
http://irail.be/vehicle/IC3730,http://irail.be/stations/NMBS/008812005,IC,2018-01-18T09:43:00,2018-01-18T09:41:00,641,674
http://irail.be/vehicle/IC3730,http://irail.be/stations/NMBS/008813045,IC,2018-01-18T09:45:00,2018-01-18T09:45:00,636,636
http://irail.be/vehicle/IC3730,http://irail.be/stations/NMBS/008813003,IC,2018-01-18T09:47:00,2018-01-18T09:46:00,673,685
http://irail.be/vehicle/IC3730,http://irail.be/stations/NMBS/008813037,IC,2018-01-18T09:49:00,2018-01-18T09:49:00,673,673
http://irail.be/vehicle/IC3730,http://irail.be/stations/NMBS/008814001,IC,2018-01-18T09:55:00,2018-01-18T09:51:00,538,673
http://irail.be/vehicle/IC3730,http://irail.be/stations/NMBS/008814308,IC,2018-01-18T10:05:00,2018-01-18T10:05:00,469,469
http://irail.be/vehicle/IC3730,http://irail.be/stations/NMBS/008814332,IC,2018-01-18T10:06:00,2018-01-18T10:06:00,473,473
http://irail.be/vehicle/IC3730,http://irail.be/stations/NMBS/008883808,IC,2018-01-18T10:07:00,2018-01-18T10:07:00,485,485
http://irail.be/vehicle/IC3730,http://irail.be/stations/NMBS/008883022,IC,2018-01-18T10:10:00,2018-01-18T10:10:00,431,431
http://irail.be/vehicle/IC3730,NO-URI,IC,2018-01-18T10:10:00,2018-01-18T10:10:00,438,438
http://irail.be/vehicle/IC3730,http://irail.be/stations/NMBS/008883006,IC,2018-01-18T10:17:00,2018-01-18T10:15:00,253,337
http://irail.be/vehicle/IC3730,http://irail.be/stations/NMBS/008883113,IC,2018-01-18T10:23:00,2018-01-18T10:22:00,181,177
http://irail.be/vehicle/IC3730,NO-URI,IC,2018-01-18T10:27:00,2018-01-18T10:27:00,103,103
http://irail.be/vehicle/IC3730,http://irail.be/stations/NMBS/008883121,IC,2018-01-18T10:27:00,2018-01-18T10:27:00,109,109
http://irail.be/vehicle/IC3730,http://irail.be/stations/NMBS/008881174,IC,2018-01-18T10:29:00,2018-01-18T10:29:00,70,70
http://irail.be/vehicle/IC3730,http://irail.be/stations/NMBS/008881166,IC,2018-01-18T10:32:00,2018-01-18T10:31:00,82,98
http://irail.be/vehicle/IC3730,http://irail.be/stations/NMBS/008881158,IC,2018-01-18T10:35:00,2018-01-18T10:35:00,82,82
http://irail.be/vehicle/IC3730,http://irail.be/stations/NMBS/008881125,IC,2018-01-18T10:37:00,2018-01-18T10:37:00,1,1
http://irail.be/vehicle/IC3730,http://irail.be/stations/NMBS/008881000,IC,2018-01-18T10:42:00,2018-01-18T10:42:00,,-26
http://irail.be/vehicle/IC3730,http://irail.be/stations/NMBS/008812005,IC,2018-11-13T09:43:00,2018-11-13T09:43:00,57,
http://irail.be/vehicle/IC3730,http://irail.be/stations/NMBS/008813045,IC,2018-11-13T09:45:00,2018-11-13T09:45:00,53,53
http://irail.be/vehicle/IC3730,http://irail.be/stations/NMBS/008813003,IC,2018-11-13T09:47:00,2018-11-13T09:46:00,137,87
http://irail.be/vehicle/IC3730,http://irail.be/stations/NMBS/008813037,IC,2018-11-13T09:49:00,2018-11-13T09:49:00,83,83
http://irail.be/vehicle/IC3730,http://irail.be/stations/NMBS/008814001,IC,2018-11-13T09:55:00,2018-11-13T09:51:00,45,180
http://irail.be/vehicle/IC3730,http://irail.be/stations/NMBS/008814308,IC,2018-11-13T10:05:00,2018-11-13T10:05:00,-30,-30
http://irail.be/vehicle/IC3730,http://irail.be/stations/NMBS/008814332,IC,2018-11-13T10:06:00,2018-11-13T10:06:00,-26,-26
http://irail.be/vehicle/IC3730,http://irail.be/stations/NMBS/008883808,IC,2018-11-13T10:07:00,2018-11-13T10:07:00,332,332
http://irail.be/vehicle/IC3730,http://irail.be/stations/NMBS/008883022,IC,2018-11-13T10:10:00,2018-11-13T10:10:00,451,451
http://irail.be/vehicle/IC3730,NO-URI,IC,2018-11-13T10:10:00,2018-11-13T10:10:00,506,506
http://irail.be/vehicle/IC3730,http://irail.be/stations/NMBS/008883006,IC,2018-11-13T10:17:00,2018-11-13T10:15:00,431,486
http://irail.be/vehicle/IC3730,http://irail.be/stations/NMBS/008883113,IC,2018-11-13T10:23:00,2018-11-13T10:22:00,409,389
http://irail.be/vehicle/IC3730,NO-URI,IC,2018-11-13T10:27:00,2018-11-13T10:27:00,398,398
http://irail.be/vehicle/IC3730,http://irail.be/stations/NMBS/008883121,IC,2018-11-13T10:27:00,2018-11-13T10:27:00,412,412
http://irail.be/vehicle/IC3730,http://irail.be/stations/NMBS/008881174,IC,2018-11-13T10:29:00,2018-11-13T10:29:00,384,384
http://irail.be/vehicle/IC3730,http://irail.be/stations/NMBS/008881166,IC,2018-11-13T10:32:00,2018-11-13T10:31:00,483,425
http://irail.be/vehicle/IC3730,http://irail.be/stations/NMBS/008881158,IC,2018-11-13T10:34:00,2018-11-13T10:34:00,483,483
http://irail.be/vehicle/IC3730,http://irail.be/stations/NMBS/008881125,IC,2018-11-13T10:36:00,2018-11-13T10:36:00,458,458
http://irail.be/vehicle/IC3730,http://irail.be/stations/NMBS/008881000,IC,2018-11-13T10:42:00,2018-11-13T10:42:00,,464
http://irail.be/vehicle/IC3730,http://irail.be/stations/NMBS/008819406,IC,2018-12-19T09:30:00,2018-12-19T09:30:00,109,
http://irail.be/vehicle/IC3730,http://irail.be/stations/NMBS/008811007,IC,2018-12-19T09:37:00,2018-12-19T09:37:00,132,132
http://irail.be/vehicle/IC3730,http://irail.be/stations/NMBS/008812005,IC,2018-12-19T09:43:00,2018-12-19T09:41:00,103,139
http://irail.be/vehicle/IC3730,http://irail.be/stations/NMBS/008813045,IC,2018-12-19T09:45:00,2018-12-19T09:45:00,103,103
http://irail.be/vehicle/IC3730,http://irail.be/stations/NMBS/008813003,IC,2018-12-19T09:48:00,2018-12-19T09:47:00,77,90
http://irail.be/vehicle/IC3730,http://irail.be/stations/NMBS/008813037,IC,2018-12-19T09:50:00,2018-12-19T09:50:00,77,77
http://irail.be/vehicle/IC3730,http://irail.be/stations/NMBS/008814001,IC,2018-12-19T09:56:00,2018-12-19T09:52:00,21,83
http://irail.be/vehicle/IC3730,http://irail.be/stations/NMBS/008814308,IC,2018-12-19T10:05:00,2018-12-19T10:05:00,-57,-57
http://irail.be/vehicle/IC3730,http://irail.be/stations/NMBS/008814332,IC,2018-12-19T10:06:00,2018-12-19T10:06:00,-55,-55
http://irail.be/vehicle/IC3730,http://irail.be/stations/NMBS/008883808,IC,2018-12-19T10:08:00,2018-12-19T10:08:00,-101,-101
http://irail.be/vehicle/IC3730,http://irail.be/stations/NMBS/008883022,IC,2018-12-19T10:10:00,2018-12-19T10:10:00,-99,-99
http://irail.be/vehicle/IC3730,NO-URI,IC,2018-12-19T10:11:00,2018-12-19T10:11:00,-150,-150
http://irail.be/vehicle/IC3730,http://irail.be/stations/NMBS/008883006,IC,2018-12-19T10:18:00,2018-12-19T10:16:00,18,-212
http://irail.be/vehicle/IC3730,http://irail.be/stations/NMBS/008883113,IC,2018-12-19T10:24:00,2018-12-19T10:23:00,22,-49
http://irail.be/vehicle/IC3730,NO-URI,IC,2018-12-19T10:27:00,2018-12-19T10:27:00,1,1
http://irail.be/vehicle/IC3730,http://irail.be/stations/NMBS/008883121,IC,2018-12-19T10:28:00,2018-12-19T10:28:00,-9,-9
http://irail.be/vehicle/IC3730,http://irail.be/stations/NMBS/008881174,IC,2018-12-19T10:29:00,2018-12-19T10:29:00,-13,-13
http://irail.be/vehicle/IC3730,http://irail.be/stations/NMBS/008881166,IC,2018-12-19T10:33:00,2018-12-19T10:32:00,-25,-22
http://irail.be/vehicle/IC3730,http://irail.be/stations/NMBS/008881158,IC,2018-12-19T10:36:00,2018-12-19T10:36:00,-25,-25
http://irail.be/vehicle/IC3730,http://irail.be/stations/NMBS/008881125,IC,2018-12-19T10:37:00,2018-12-19T10:37:00,-40,-40
http://irail.be/vehicle/IC3730,http://irail.be/stations/NMBS/008881000,IC,2018-12-19T10:43:00,2018-12-19T10:43:00,,-93
http://irail.be/vehicle/IC3730,http://irail.be/stations/NMBS/008819406,IC,2018-10-20T09:31:00,2018-10-20T09:31:00,-33,
http://irail.be/vehicle/IC3730,http://irail.be/stations/NMBS/008811007,IC,2018-10-20T09:38:00,2018-10-20T09:38:00,110,110
http://irail.be/vehicle/IC3730,http://irail.be/stations/NMBS/008812005,IC,2018-10-20T09:43:00,2018-10-20T09:41:00,68,112
http://irail.be/vehicle/IC3730,http://irail.be/stations/NMBS/008813045,IC,2018-10-20T09:45:00,2018-10-20T09:45:00,74,74
http://irail.be/vehicle/IC3730,http://irail.be/stations/NMBS/008813003,IC,2018-10-20T09:47:00,2018-10-20T09:46:00,190,162
http://irail.be/vehicle/IC3730,http://irail.be/stations/NMBS/008813037,IC,2018-10-20T09:49:00,2018-10-20T09:49:00,190,190
http://irail.be/vehicle/IC3730,http://irail.be/stations/NMBS/008814001,IC,2018-10-20T09:55:00,2018-10-20T09:51:00,95,216
http://irail.be/vehicle/IC3730,http://irail.be/stations/NMBS/008814365,IC,2018-10-20T10:00:00,2018-10-20T10:00:00,71,71
http://irail.be/vehicle/IC3730,http://irail.be/stations/NMBS/008814357,IC,2018-10-20T10:02:00,2018-10-20T10:02:00,71,71
http://irail.be/vehicle/IC3730,http://irail.be/stations/NMBS/008814340,IC,2018-10-20T10:03:00,2018-10-20T10:03:00,56,56
http://irail.be/vehicle/IC3730,http://irail.be/stations/NMBS/008814308,IC,2018-10-20T10:04:00,2018-10-20T10:04:00,59,59
http://irail.be/vehicle/IC3730,http://irail.be/stations/NMBS/008814332,IC,2018-10-20T10:05:00,2018-10-20T10:05:00,51,51
http://irail.be/vehicle/IC3730,http://irail.be/stations/NMBS/008883808,IC,2018-10-20T10:07:00,2018-10-20T10:07:00,5,5
http://irail.be/vehicle/IC3730,http://irail.be/stations/NMBS/008883022,IC,2018-10-20T10:09:00,2018-10-20T10:09:00,4,4
http://irail.be/vehicle/IC3730,NO-URI,IC,2018-10-20T10:09:00,2018-10-20T10:09:00,12,12
http://irail.be/vehicle/IC3730,http://irail.be/stations/NMBS/008883006,IC,2018-10-20T10:16:00,2018-10-20T10:14:00,15,-55
http://irail.be/vehicle/IC3730,http://irail.be/stations/NMBS/008883113,IC,2018-10-20T10:22:00,2018-10-20T10:21:00,23,-47
http://irail.be/vehicle/IC3730,NO-URI,IC,2018-10-20T10:26:00,2018-10-20T10:26:00,-48,-48
http://irail.be/vehicle/IC3730,http://irail.be/stations/NMBS/008883121,IC,2018-10-20T10:26:00,2018-10-20T10:26:00,-39,-39
http://irail.be/vehicle/IC3730,http://irail.be/stations/NMBS/008881174,IC,2018-10-20T10:27:00,2018-10-20T10:27:00,-21,-21
http://irail.be/vehicle/IC3730,http://irail.be/stations/NMBS/008881166,IC,2018-10-20T10:31:00,2018-10-20T10:30:00,-16,-37
http://irail.be/vehicle/IC3730,http://irail.be/stations/NMBS/008881158,IC,2018-10-20T10:34:00,2018-10-20T10:34:00,-16,-16
http://irail.be/vehicle/IC3730,http://irail.be/stations/NMBS/008881125,IC,2018-10-20T10:35:00,2018-10-20T10:35:00,-30,-30
http://irail.be/vehicle/IC3730,http://irail.be/stations/NMBS/008881000,IC,2018-10-20T10:40:00,2018-10-20T10:40:00,,-99
http://irail.be/vehicle/IC3730,http://irail.be/stations/NMBS/008819406,IC,2018-12-18T09:30:00,2018-12-18T09:30:00,16,
http://irail.be/vehicle/IC3730,http://irail.be/stations/NMBS/008811007,IC,2018-12-18T09:37:00,2018-12-18T09:37:00,74,74
http://irail.be/vehicle/IC3730,http://irail.be/stations/NMBS/008812005,IC,2018-12-18T09:43:00,2018-12-18T09:41:00,86,158
http://irail.be/vehicle/IC3730,http://irail.be/stations/NMBS/008813045,IC,2018-12-18T09:45:00,2018-12-18T09:45:00,82,82
http://irail.be/vehicle/IC3730,http://irail.be/stations/NMBS/008813003,IC,2018-12-18T09:48:00,2018-12-18T09:47:00,71,77
http://irail.be/vehicle/IC3730,http://irail.be/stations/NMBS/008813037,IC,2018-12-18T09:50:00,2018-12-18T09:50:00,71,71
http://irail.be/vehicle/IC3730,http://irail.be/stations/NMBS/008814001,IC,2018-12-18T09:56:00,2018-12-18T09:52:00,21,83
http://irail.be/vehicle/IC3730,http://irail.be/stations/NMBS/008814365,IC,2018-12-18T10:01:00,2018-12-18T10:01:00,33,33
http://irail.be/vehicle/IC3730,http://irail.be/stations/NMBS/008814357,IC,2018-12-18T10:03:00,2018-12-18T10:03:00,33,33
http://irail.be/vehicle/IC3730,http://irail.be/stations/NMBS/008814340,IC,2018-12-18T10:04:00,2018-12-18T10:04:00,49,49
http://irail.be/vehicle/IC3730,http://irail.be/stations/NMBS/008814308,IC,2018-12-18T10:05:00,2018-12-18T10:05:00,190,190
http://irail.be/vehicle/IC3730,http://irail.be/stations/NMBS/008814332,IC,2018-12-18T10:06:00,2018-12-18T10:06:00,185,185
http://irail.be/vehicle/IC3730,http://irail.be/stations/NMBS/008883808,IC,2018-12-18T10:08:00,2018-12-18T10:08:00,136,136
http://irail.be/vehicle/IC3730,http://irail.be/stations/NMBS/008883022,IC,2018-12-18T10:10:00,2018-12-18T10:10:00,139,139
http://irail.be/vehicle/IC3730,NO-URI,IC,2018-12-18T10:11:00,2018-12-18T10:11:00,90,90
http://irail.be/vehicle/IC3730,http://irail.be/stations/NMBS/008883006,IC,2018-12-18T10:18:00,2018-12-18T10:16:00,-1,28
http://irail.be/vehicle/IC3730,http://irail.be/stations/NMBS/008883113,IC,2018-12-18T10:24:00,2018-12-18T10:23:00,24,-77
http://irail.be/vehicle/IC3730,NO-URI,IC,2018-12-18T10:27:00,2018-12-18T10:27:00,0,0
http://irail.be/vehicle/IC3730,http://irail.be/stations/NMBS/008883121,IC,2018-12-18T10:28:00,2018-12-18T10:28:00,-10,-10
http://irail.be/vehicle/IC3730,http://irail.be/stations/NMBS/008881174,IC,2018-12-18T10:29:00,2018-12-18T10:29:00,-23,-23
http://irail.be/vehicle/IC3730,http://irail.be/stations/NMBS/008881166,IC,2018-12-18T10:33:00,2018-12-18T10:32:00,-30,-36
http://irail.be/vehicle/IC3730,http://irail.be/stations/NMBS/008881158,IC,2018-12-18T10:36:00,2018-12-18T10:36:00,-30,-30
http://irail.be/vehicle/IC3730,http://irail.be/stations/NMBS/008881125,IC,2018-12-18T10:37:00,2018-12-18T10:37:00,-49,-49
http://irail.be/vehicle/IC3730,http://irail.be/stations/NMBS/008881000,IC,2018-12-18T10:43:00,2018-12-18T10:43:00,,-96
http://irail.be/vehicle/IC3730,http://irail.be/stations/NMBS/008819406,IC,2018-12-04T09:31:00,2018-12-04T09:31:00,649,
http://irail.be/vehicle/IC3730,http://irail.be/stations/NMBS/008811007,IC,2018-12-04T09:38:00,2018-12-04T09:38:00,758,758
http://irail.be/vehicle/IC3730,http://irail.be/stations/NMBS/008812005,IC,2018-12-04T09:43:00,2018-12-04T09:41:00,935,917
http://irail.be/vehicle/IC3730,http://irail.be/stations/NMBS/008813045,IC,2018-12-04T09:45:00,2018-12-04T09:45:00,944,944
http://irail.be/vehicle/IC3730,http://irail.be/stations/NMBS/008813003,IC,2018-12-04T09:47:00,2018-12-04T09:46:00,1050,1014
http://irail.be/vehicle/IC3730,http://irail.be/stations/NMBS/008813037,IC,2018-12-04T09:49:00,2018-12-04T09:49:00,1050,1050
http://irail.be/vehicle/IC3730,http://irail.be/stations/NMBS/008814001,IC,2018-12-04T09:55:00,2018-12-04T09:51:00,868,1050
http://irail.be/vehicle/IC3730,http://irail.be/stations/NMBS/008814308,IC,2018-12-04T10:05:00,2018-12-04T10:05:00,722,722
http://irail.be/vehicle/IC3730,http://irail.be/stations/NMBS/008814332,IC,2018-12-04T10:06:00,2018-12-04T10:06:00,724,724
http://irail.be/vehicle/IC3730,http://irail.be/stations/NMBS/008883808,IC,2018-12-04T10:07:00,2018-12-04T10:07:00,738,738
http://irail.be/vehicle/IC3730,http://irail.be/stations/NMBS/008883022,IC,2018-12-04T10:10:00,2018-12-04T10:10:00,685,685
http://irail.be/vehicle/IC3730,NO-URI,IC,2018-12-04T10:10:00,2018-12-04T10:10:00,691,691
http://irail.be/vehicle/IC3730,http://irail.be/stations/NMBS/008883006,IC,2018-12-04T10:17:00,2018-12-04T10:15:00,546,598
http://irail.be/vehicle/IC3730,http://irail.be/stations/NMBS/008883113,IC,2018-12-04T10:23:00,2018-12-04T10:22:00,497,488
http://irail.be/vehicle/IC3730,NO-URI,IC,2018-12-04T10:27:00,2018-12-04T10:27:00,432,432
http://irail.be/vehicle/IC3730,http://irail.be/stations/NMBS/008883121,IC,2018-12-04T10:27:00,2018-12-04T10:27:00,439,439
http://irail.be/vehicle/IC3730,http://irail.be/stations/NMBS/008881174,IC,2018-12-04T10:29:00,2018-12-04T10:29:00,403,403
http://irail.be/vehicle/IC3730,http://irail.be/stations/NMBS/008881166,IC,2018-12-04T10:32:00,2018-12-04T10:31:00,423,430
http://irail.be/vehicle/IC3730,http://irail.be/stations/NMBS/008881158,IC,2018-12-04T10:34:00,2018-12-04T10:34:00,423,423
http://irail.be/vehicle/IC3730,http://irail.be/stations/NMBS/008881125,IC,2018-12-04T10:36:00,2018-12-04T10:36:00,395,395
http://irail.be/vehicle/IC3730,http://irail.be/stations/NMBS/008881000,IC,2018-12-04T10:42:00,2018-12-04T10:42:00,,231
http://irail.be/vehicle/IC3730,http://irail.be/stations/NMBS/008819406,IC,2018-04-01T09:31:00,2018-04-01T09:31:00,-10,
http://irail.be/vehicle/IC3730,http://irail.be/stations/NMBS/008811007,IC,2018-04-01T09:38:00,2018-04-01T09:38:00,41,41
http://irail.be/vehicle/IC3730,http://irail.be/stations/NMBS/008812005,IC,2018-04-01T09:43:00,2018-04-01T09:41:00,98,34
http://irail.be/vehicle/IC3730,http://irail.be/stations/NMBS/008813045,IC,2018-04-01T09:45:00,2018-04-01T09:45:00,99,99
http://irail.be/vehicle/IC3730,http://irail.be/stations/NMBS/008813003,IC,2018-04-01T09:47:00,2018-04-01T09:46:00,289,249
http://irail.be/vehicle/IC3730,http://irail.be/stations/NMBS/008813037,IC,2018-04-01T09:48:00,2018-04-01T09:48:00,284,284
http://irail.be/vehicle/IC3730,http://irail.be/stations/NMBS/008814001,IC,2018-04-01T09:55:00,2018-04-01T09:51:00,237,276
http://irail.be/vehicle/IC3730,http://irail.be/stations/NMBS/008814373,IC,2018-04-01T10:01:43,2018-04-01T10:01:43,2,2
http://irail.be/vehicle/IC3730,http://irail.be/stations/NMBS/008814365,IC,2018-04-01T10:00:00,2018-04-01T10:00:00,285,285
http://irail.be/vehicle/IC3730,http://irail.be/stations/NMBS/008814357,IC,2018-04-01T10:02:00,2018-04-01T10:02:00,285,285
http://irail.be/vehicle/IC3730,http://irail.be/stations/NMBS/008814340,IC,2018-04-01T10:03:00,2018-04-01T10:03:00,274,274
http://irail.be/vehicle/IC3730,http://irail.be/stations/NMBS/008814308,IC,2018-04-01T10:04:00,2018-04-01T10:04:00,289,289
http://irail.be/vehicle/IC3730,http://irail.be/stations/NMBS/008814332,IC,2018-04-01T10:05:00,2018-04-01T10:05:00,281,281
http://irail.be/vehicle/IC3730,http://irail.be/stations/NMBS/008883808,IC,2018-04-01T10:07:00,2018-04-01T10:07:00,233,233
http://irail.be/vehicle/IC3730,http://irail.be/stations/NMBS/008883022,IC,2018-04-01T10:09:00,2018-04-01T10:09:00,246,246
http://irail.be/vehicle/IC3730,NO-URI,IC,2018-04-01T10:09:00,2018-04-01T10:09:00,258,258
http://irail.be/vehicle/IC3730,http://irail.be/stations/NMBS/008883006,IC,2018-04-01T10:16:00,2018-04-01T10:14:00,123,217
http://irail.be/vehicle/IC3730,http://irail.be/stations/NMBS/008883113,IC,2018-04-01T10:22:00,2018-04-01T10:21:00,120,102
http://irail.be/vehicle/IC3730,NO-URI,IC,2018-04-01T10:26:00,2018-04-01T10:26:00,87,87
http://irail.be/vehicle/IC3730,http://irail.be/stations/NMBS/008883121,IC,2018-04-01T10:26:00,2018-04-01T10:26:00,99,99
http://irail.be/vehicle/IC3730,http://irail.be/stations/NMBS/008881174,IC,2018-04-01T10:27:00,2018-04-01T10:27:00,121,121
http://irail.be/vehicle/IC3730,http://irail.be/stations/NMBS/008881166,IC,2018-04-01T10:31:00,2018-04-01T10:30:00,120,108
http://irail.be/vehicle/IC3730,http://irail.be/stations/NMBS/008881158,IC,2018-04-01T10:33:00,2018-04-01T10:33:00,120,120
http://irail.be/vehicle/IC3730,http://irail.be/stations/NMBS/008881125,IC,2018-04-01T10:35:00,2018-04-01T10:35:00,95,95
http://irail.be/vehicle/IC3730,http://irail.be/stations/NMBS/008881000,IC,2018-04-01T10:40:00,2018-04-01T10:40:00,,63
http://irail.be/vehicle/IC3730,http://irail.be/stations/NMBS/008819406,IC,2018-07-17T09:31:00,2018-07-17T09:31:00,564,
http://irail.be/vehicle/IC3730,http://irail.be/stations/NMBS/008811007,IC,2018-07-17T09:38:00,2018-07-17T09:38:00,996,996
http://irail.be/vehicle/IC3730,http://irail.be/stations/NMBS/008812005,IC,2018-07-17T09:43:00,2018-07-17T09:41:00,1327,1070
http://irail.be/vehicle/IC3730,http://irail.be/stations/NMBS/008813045,IC,2018-07-17T09:45:00,2018-07-17T09:45:00,1342,1342
http://irail.be/vehicle/IC3730,http://irail.be/stations/NMBS/008813003,IC,2018-07-17T09:47:00,2018-07-17T09:46:00,1764,1691
http://irail.be/vehicle/IC3730,http://irail.be/stations/NMBS/008813037,IC,2018-07-17T09:49:00,2018-07-17T09:49:00,1764,1764
http://irail.be/vehicle/IC3730,http://irail.be/stations/NMBS/008814001,IC,2018-07-17T09:55:00,2018-07-17T09:51:00,1718,1868
http://irail.be/vehicle/IC3730,http://irail.be/stations/NMBS/008814308,IC,2018-07-17T10:05:00,2018-07-17T10:05:00,1593,1593
http://irail.be/vehicle/IC3730,http://irail.be/stations/NMBS/008814332,IC,2018-07-17T10:06:00,2018-07-17T10:06:00,1597,1597
http://irail.be/vehicle/IC3730,http://irail.be/stations/NMBS/008883808,IC,2018-07-17T10:07:00,2018-07-17T10:07:00,1608,1608
http://irail.be/vehicle/IC3730,http://irail.be/stations/NMBS/008883022,IC,2018-07-17T10:10:00,2018-07-17T10:10:00,1556,1556
http://irail.be/vehicle/IC3730,NO-URI,IC,2018-07-17T10:10:00,2018-07-17T10:10:00,1561,1561
http://irail.be/vehicle/IC3730,http://irail.be/stations/NMBS/008883006,IC,2018-07-17T10:17:00,2018-07-17T10:15:00,1534,1530
http://irail.be/vehicle/IC3730,http://irail.be/stations/NMBS/008883113,IC,2018-07-17T10:23:00,2018-07-17T10:22:00,1475,1461
http://irail.be/vehicle/IC3730,NO-URI,IC,2018-07-17T10:27:00,2018-07-17T10:27:00,1398,1398
http://irail.be/vehicle/IC3730,http://irail.be/stations/NMBS/008883121,IC,2018-07-17T10:27:00,2018-07-17T10:27:00,1407,1407
http://irail.be/vehicle/IC3730,http://irail.be/stations/NMBS/008881174,IC,2018-07-17T10:29:00,2018-07-17T10:29:00,1496,1496
http://irail.be/vehicle/IC3730,http://irail.be/stations/NMBS/008881166,IC,2018-07-17T10:32:00,2018-07-17T10:31:00,1716,1704
http://irail.be/vehicle/IC3730,http://irail.be/stations/NMBS/008881158,IC,2018-07-17T10:35:00,2018-07-17T10:35:00,1716,1716
http://irail.be/vehicle/IC3730,http://irail.be/stations/NMBS/008881125,IC,2018-07-17T10:36:00,2018-07-17T10:36:00,1695,1695
http://irail.be/vehicle/IC3730,http://irail.be/stations/NMBS/008881000,IC,2018-07-17T10:42:00,2018-07-17T10:42:00,,1577
http://irail.be/vehicle/IC3730,http://irail.be/stations/NMBS/008819406,IC,2018-09-05T09:31:00,2018-09-05T09:31:00,16,
http://irail.be/vehicle/IC3730,http://irail.be/stations/NMBS/008811007,IC,2018-09-05T09:38:00,2018-09-05T09:38:00,-12,-12
http://irail.be/vehicle/IC3730,http://irail.be/stations/NMBS/008812005,IC,2018-09-05T09:43:00,2018-09-05T09:41:00,153,-16
http://irail.be/vehicle/IC3730,http://irail.be/stations/NMBS/008813045,IC,2018-09-05T09:45:00,2018-09-05T09:45:00,146,146
http://irail.be/vehicle/IC3730,http://irail.be/stations/NMBS/008813003,IC,2018-09-05T09:47:00,2018-09-05T09:46:00,191,172
http://irail.be/vehicle/IC3730,http://irail.be/stations/NMBS/008813037,IC,2018-09-05T09:49:00,2018-09-05T09:49:00,191,191
http://irail.be/vehicle/IC3730,http://irail.be/stations/NMBS/008814001,IC,2018-09-05T09:55:00,2018-09-05T09:51:00,113,199
http://irail.be/vehicle/IC3730,http://irail.be/stations/NMBS/008814308,IC,2018-09-05T10:05:00,2018-09-05T10:05:00,-16,-16
http://irail.be/vehicle/IC3730,http://irail.be/stations/NMBS/008814332,IC,2018-09-05T10:06:00,2018-09-05T10:06:00,-14,-14
http://irail.be/vehicle/IC3730,http://irail.be/stations/NMBS/008883808,IC,2018-09-05T10:07:00,2018-09-05T10:07:00,52,52
http://irail.be/vehicle/IC3730,http://irail.be/stations/NMBS/008883022,IC,2018-09-05T10:10:00,2018-09-05T10:10:00,144,144
http://irail.be/vehicle/IC3730,NO-URI,IC,2018-09-05T10:10:00,2018-09-05T10:10:00,180,180
http://irail.be/vehicle/IC3730,http://irail.be/stations/NMBS/008883006,IC,2018-09-05T10:17:00,2018-09-05T10:15:00,67,145
http://irail.be/vehicle/IC3730,http://irail.be/stations/NMBS/008883113,IC,2018-09-05T10:23:00,2018-09-05T10:22:00,53,3
http://irail.be/vehicle/IC3730,NO-URI,IC,2018-09-05T10:27:00,2018-09-05T10:27:00,-17,-17
http://irail.be/vehicle/IC3730,http://irail.be/stations/NMBS/008883121,IC,2018-09-05T10:27:00,2018-09-05T10:27:00,-5,-5
http://irail.be/vehicle/IC3730,http://irail.be/stations/NMBS/008881174,IC,2018-09-05T10:29:00,2018-09-05T10:29:00,30,30
http://irail.be/vehicle/IC3730,http://irail.be/stations/NMBS/008881166,IC,2018-09-05T10:32:00,2018-09-05T10:31:00,100,70
http://irail.be/vehicle/IC3730,http://irail.be/stations/NMBS/008881158,IC,2018-09-05T10:34:00,2018-09-05T10:34:00,100,100
http://irail.be/vehicle/IC3730,http://irail.be/stations/NMBS/008881125,IC,2018-09-05T10:36:00,2018-09-05T10:36:00,59,59
http://irail.be/vehicle/IC3730,http://irail.be/stations/NMBS/008881000,IC,2018-09-05T10:42:00,2018-09-05T10:42:00,,12
http://irail.be/vehicle/IC3730,http://irail.be/stations/NMBS/008819406,IC,2018-07-24T09:31:00,2018-07-24T09:31:00,30,
http://irail.be/vehicle/IC3730,http://irail.be/stations/NMBS/008811007,IC,2018-07-24T09:38:00,2018-07-24T09:38:00,73,73
http://irail.be/vehicle/IC3730,http://irail.be/stations/NMBS/008812005,IC,2018-07-24T09:43:00,2018-07-24T09:41:00,173,174
http://irail.be/vehicle/IC3730,http://irail.be/stations/NMBS/008813045,IC,2018-07-24T09:45:00,2018-07-24T09:45:00,186,186
http://irail.be/vehicle/IC3730,http://irail.be/stations/NMBS/008813003,IC,2018-07-24T09:47:00,2018-07-24T09:46:00,280,231
http://irail.be/vehicle/IC3730,http://irail.be/stations/NMBS/008813037,IC,2018-07-24T09:49:00,2018-07-24T09:49:00,280,280
http://irail.be/vehicle/IC3730,http://irail.be/stations/NMBS/008814001,IC,2018-07-24T09:55:00,2018-07-24T09:51:00,161,310
http://irail.be/vehicle/IC3730,http://irail.be/stations/NMBS/008814308,IC,2018-07-24T10:05:00,2018-07-24T10:05:00,21,21
http://irail.be/vehicle/IC3730,http://irail.be/stations/NMBS/008814332,IC,2018-07-24T10:06:00,2018-07-24T10:06:00,24,24
http://irail.be/vehicle/IC3730,http://irail.be/stations/NMBS/008883808,IC,2018-07-24T10:07:00,2018-07-24T10:07:00,34,34
http://irail.be/vehicle/IC3730,http://irail.be/stations/NMBS/008883022,IC,2018-07-24T10:10:00,2018-07-24T10:10:00,-19,-19
http://irail.be/vehicle/IC3730,NO-URI,IC,2018-07-24T10:10:00,2018-07-24T10:10:00,-15,-15
http://irail.be/vehicle/IC3730,http://irail.be/stations/NMBS/008883006,IC,2018-07-24T10:17:00,2018-07-24T10:15:00,35,-44
http://irail.be/vehicle/IC3730,http://irail.be/stations/NMBS/008883113,IC,2018-07-24T10:23:00,2018-07-24T10:22:00,-7,-21
http://irail.be/vehicle/IC3730,NO-URI,IC,2018-07-24T10:27:00,2018-07-24T10:27:00,-72,-72
http://irail.be/vehicle/IC3730,http://irail.be/stations/NMBS/008883121,IC,2018-07-24T10:27:00,2018-07-24T10:27:00,-61,-61
http://irail.be/vehicle/IC3730,http://irail.be/stations/NMBS/008881174,IC,2018-07-24T10:29:00,2018-07-24T10:29:00,-100,-100
http://irail.be/vehicle/IC3730,http://irail.be/stations/NMBS/008881166,IC,2018-07-24T10:32:00,2018-07-24T10:31:00,135,-72
http://irail.be/vehicle/IC3730,http://irail.be/stations/NMBS/008881158,IC,2018-07-24T10:35:00,2018-07-24T10:35:00,135,135
http://irail.be/vehicle/IC3730,http://irail.be/stations/NMBS/008881125,IC,2018-07-24T10:36:00,2018-07-24T10:36:00,114,114
http://irail.be/vehicle/IC3730,http://irail.be/stations/NMBS/008881000,IC,2018-07-24T10:42:00,2018-07-24T10:42:00,,-31
http://irail.be/vehicle/IC3730,http://irail.be/stations/NMBS/008819406,IC,2018-09-18T09:31:00,2018-09-18T09:31:00,389,
http://irail.be/vehicle/IC3730,http://irail.be/stations/NMBS/008811007,IC,2018-09-18T09:38:00,2018-09-18T09:38:00,384,384
http://irail.be/vehicle/IC3730,http://irail.be/stations/NMBS/008812005,IC,2018-09-18T09:43:00,2018-09-18T09:41:00,309,377
http://irail.be/vehicle/IC3730,http://irail.be/stations/NMBS/008813045,IC,2018-09-18T09:45:00,2018-09-18T09:45:00,308,308
http://irail.be/vehicle/IC3730,http://irail.be/stations/NMBS/008813003,IC,2018-09-18T09:47:00,2018-09-18T09:46:00,340,334
http://irail.be/vehicle/IC3730,http://irail.be/stations/NMBS/008813037,IC,2018-09-18T09:49:00,2018-09-18T09:49:00,340,340
http://irail.be/vehicle/IC3730,http://irail.be/stations/NMBS/008814001,IC,2018-09-18T09:55:00,2018-09-18T09:51:00,281,336
http://irail.be/vehicle/IC3730,http://irail.be/stations/NMBS/008814373,IC,2018-09-18T09:59:00,2018-09-18T09:59:00,205,205
http://irail.be/vehicle/IC3730,http://irail.be/stations/NMBS/008814365,IC,2018-09-18T10:01:00,2018-09-18T10:01:00,528,528
http://irail.be/vehicle/IC3730,http://irail.be/stations/NMBS/008814357,IC,2018-09-18T10:03:00,2018-09-18T10:03:00,528,528
http://irail.be/vehicle/IC3730,http://irail.be/stations/NMBS/008814340,IC,2018-09-18T10:04:00,2018-09-18T10:04:00,555,555
http://irail.be/vehicle/IC3730,http://irail.be/stations/NMBS/008814308,IC,2018-09-18T10:05:00,2018-09-18T10:05:00,571,571
http://irail.be/vehicle/IC3730,http://irail.be/stations/NMBS/008814332,IC,2018-09-18T10:06:00,2018-09-18T10:06:00,564,564
http://irail.be/vehicle/IC3730,http://irail.be/stations/NMBS/008883808,IC,2018-09-18T10:07:00,2018-09-18T10:07:00,583,583
http://irail.be/vehicle/IC3730,http://irail.be/stations/NMBS/008883022,IC,2018-09-18T10:10:00,2018-09-18T10:10:00,541,541
http://irail.be/vehicle/IC3730,NO-URI,IC,2018-09-18T10:10:00,2018-09-18T10:10:00,546,546
http://irail.be/vehicle/IC3730,http://irail.be/stations/NMBS/008883006,IC,2018-09-18T10:17:00,2018-09-18T10:15:00,609,700
http://irail.be/vehicle/IC3730,http://irail.be/stations/NMBS/008883113,IC,2018-09-18T10:23:00,2018-09-18T10:22:00,571,553
http://irail.be/vehicle/IC3730,NO-URI,IC,2018-09-18T10:27:00,2018-09-18T10:27:00,510,510
http://irail.be/vehicle/IC3730,http://irail.be/stations/NMBS/008883121,IC,2018-09-18T10:27:00,2018-09-18T10:27:00,522,522
http://irail.be/vehicle/IC3730,http://irail.be/stations/NMBS/008881174,IC,2018-09-18T10:29:00,2018-09-18T10:29:00,483,483
http://irail.be/vehicle/IC3730,http://irail.be/stations/NMBS/008881166,IC,2018-09-18T10:32:00,2018-09-18T10:31:00,749,513
http://irail.be/vehicle/IC3730,http://irail.be/stations/NMBS/008881158,IC,2018-09-18T10:34:00,2018-09-18T10:34:00,749,749
http://irail.be/vehicle/IC3730,http://irail.be/stations/NMBS/008881125,IC,2018-09-18T10:36:00,2018-09-18T10:36:00,705,705
http://irail.be/vehicle/IC3730,http://irail.be/stations/NMBS/008881000,IC,2018-09-18T10:42:00,2018-09-18T10:42:00,,621
