http://irail.be/vehicle/IC727,http://irail.be/stations/NMBS/008896735,IC,2018-08-09T05:08:00,2018-08-09T05:08:00,48,
http://irail.be/vehicle/IC727,http://irail.be/stations/NMBS/008896503,IC,2018-08-09T05:16:00,2018-08-09T05:15:00,27,21
http://irail.be/vehicle/IC727,http://irail.be/stations/NMBS/008896412,IC,2018-08-09T05:26:00,2018-08-09T05:25:00,-4,-33
http://irail.be/vehicle/IC727,http://irail.be/stations/NMBS/008896396,IC,2018-08-09T05:30:00,2018-08-09T05:29:00,-4,-4
http://irail.be/vehicle/IC727,http://irail.be/stations/NMBS/008896305,IC,2018-08-09T05:35:00,2018-08-09T05:34:00,-11,-4
http://irail.be/vehicle/IC727,http://irail.be/stations/NMBS/008896370,IC,2018-08-09T05:40:00,2018-08-09T05:39:00,36,-11
http://irail.be/vehicle/IC727,http://irail.be/stations/NMBS/008896388,IC,2018-08-09T05:45:00,2018-08-09T05:44:00,36,36
http://irail.be/vehicle/IC727,http://irail.be/stations/NMBS/008896008,IC,2018-08-09T05:58:00,2018-08-09T05:50:00,40,41
http://irail.be/vehicle/IC727,http://irail.be/stations/NMBS/008896115,IC,2018-08-09T06:02:00,2018-08-09T06:02:00,37,37
http://irail.be/vehicle/IC727,http://irail.be/stations/NMBS/008896149,IC,2018-08-09T06:08:00,2018-08-09T06:07:00,0,-6
http://irail.be/vehicle/IC727,http://irail.be/stations/NMBS/008892106,IC,2018-08-09T06:15:00,2018-08-09T06:15:00,-62,-62
http://irail.be/vehicle/IC727,NO-URI,IC,2018-08-09T06:15:00,2018-08-09T06:15:00,-29,-29
http://irail.be/vehicle/IC727,http://irail.be/stations/NMBS/008892080,IC,2018-08-09T06:18:00,2018-08-09T06:18:00,-56,-56
http://irail.be/vehicle/IC727,http://irail.be/stations/NMBS/008892007,IC,2018-08-09T06:27:00,2018-08-09T06:24:00,2,-93
http://irail.be/vehicle/IC727,NO-URI,IC,2018-08-09T06:31:00,2018-08-09T06:31:00,37,37
http://irail.be/vehicle/IC727,http://irail.be/stations/NMBS/008893179,IC,2018-08-09T06:32:00,2018-08-09T06:32:00,-148,-148
http://irail.be/vehicle/IC727,http://irail.be/stations/NMBS/008893120,IC,2018-08-09T06:36:00,2018-08-09T06:35:00,27,-148
http://irail.be/vehicle/IC727,http://irail.be/stations/NMBS/008894151,IC,2018-08-09T06:43:00,2018-08-09T06:43:00,-17,-17
http://irail.be/vehicle/IC727,http://irail.be/stations/NMBS/008894201,IC,2018-08-09T06:50:00,2018-08-09T06:48:00,32,-60
http://irail.be/vehicle/IC727,NO-URI,IC,2018-08-09T06:52:00,2018-08-09T06:52:00,20,20
http://irail.be/vehicle/IC727,http://irail.be/stations/NMBS/008894425,IC,2018-08-09T06:54:00,2018-08-09T06:54:00,24,24
http://irail.be/vehicle/IC727,http://irail.be/stations/NMBS/008894433,IC,2018-08-09T06:55:00,2018-08-09T06:55:00,14,14
http://irail.be/vehicle/IC727,http://irail.be/stations/NMBS/008894508,IC,2018-08-09T07:00:00,2018-08-09T06:58:00,1,-2
http://irail.be/vehicle/IC727,NO-URI,IC,2018-08-09T07:02:00,2018-08-09T07:02:00,8,8
http://irail.be/vehicle/IC727,http://irail.be/stations/NMBS/008894714,IC,2018-08-09T07:03:00,2018-08-09T07:03:00,-6,-6
http://irail.be/vehicle/IC727,http://irail.be/stations/NMBS/008894748,IC,2018-08-09T07:06:00,2018-08-09T07:06:00,-41,-41
http://irail.be/vehicle/IC727,http://irail.be/stations/NMBS/008894755,IC,2018-08-09T07:07:00,2018-08-09T07:07:00,-49,-49
http://irail.be/vehicle/IC727,http://irail.be/stations/NMBS/008894821,IC,2018-08-09T07:08:00,2018-08-09T07:08:00,-25,-25
http://irail.be/vehicle/IC727,http://irail.be/stations/NMBS/008821196,IC,2018-08-09T07:12:00,2018-08-09T07:12:00,-52,-52
http://irail.be/vehicle/IC727,http://irail.be/stations/NMBS/008821121,IC,2018-08-09T07:19:00,2018-08-09T07:17:00,-16,-27
http://irail.be/vehicle/IC727,http://irail.be/stations/NMBS/008821006,IC,2018-08-09T07:23:00,2018-08-09T07:23:00,,-33
http://irail.be/vehicle/IC727,http://irail.be/stations/NMBS/008896735,IC,2018-09-13T05:08:00,2018-09-13T05:08:00,48,
http://irail.be/vehicle/IC727,http://irail.be/stations/NMBS/008896503,IC,2018-09-13T05:16:00,2018-09-13T05:15:00,27,28
http://irail.be/vehicle/IC727,http://irail.be/stations/NMBS/008896412,IC,2018-09-13T05:26:00,2018-09-13T05:25:00,5,-23
http://irail.be/vehicle/IC727,http://irail.be/stations/NMBS/008896396,IC,2018-09-13T05:30:00,2018-09-13T05:29:00,5,5
http://irail.be/vehicle/IC727,http://irail.be/stations/NMBS/008896305,IC,2018-09-13T05:35:00,2018-09-13T05:34:00,0,5
http://irail.be/vehicle/IC727,http://irail.be/stations/NMBS/008896370,IC,2018-09-13T05:40:00,2018-09-13T05:39:00,-9,0
http://irail.be/vehicle/IC727,http://irail.be/stations/NMBS/008896388,IC,2018-09-13T05:45:00,2018-09-13T05:44:00,-9,-9
http://irail.be/vehicle/IC727,http://irail.be/stations/NMBS/008896008,IC,2018-09-13T05:58:00,2018-09-13T05:50:00,35,96
http://irail.be/vehicle/IC727,http://irail.be/stations/NMBS/008896115,IC,2018-09-13T06:02:00,2018-09-13T06:02:00,0,0
http://irail.be/vehicle/IC727,http://irail.be/stations/NMBS/008896149,IC,2018-09-13T06:08:00,2018-09-13T06:07:00,-11,-36
http://irail.be/vehicle/IC727,http://irail.be/stations/NMBS/008892106,IC,2018-09-13T06:15:00,2018-09-13T06:15:00,-46,-46
http://irail.be/vehicle/IC727,NO-URI,IC,2018-09-13T06:15:00,2018-09-13T06:15:00,31,31
http://irail.be/vehicle/IC727,http://irail.be/stations/NMBS/008892080,IC,2018-09-13T06:18:00,2018-09-13T06:18:00,25,25
http://irail.be/vehicle/IC727,http://irail.be/stations/NMBS/008892007,IC,2018-09-13T06:27:00,2018-09-13T06:24:00,10,33
http://irail.be/vehicle/IC727,NO-URI,IC,2018-09-13T06:31:00,2018-09-13T06:31:00,24,24
http://irail.be/vehicle/IC727,http://irail.be/stations/NMBS/008893179,IC,2018-09-13T06:32:00,2018-09-13T06:32:00,-172,-172
http://irail.be/vehicle/IC727,http://irail.be/stations/NMBS/008893120,IC,2018-09-13T06:36:00,2018-09-13T06:35:00,68,-172
http://irail.be/vehicle/IC727,http://irail.be/stations/NMBS/008894151,IC,2018-09-13T06:43:00,2018-09-13T06:43:00,29,29
http://irail.be/vehicle/IC727,http://irail.be/stations/NMBS/008894201,IC,2018-09-13T06:50:00,2018-09-13T06:48:00,-1,-11
http://irail.be/vehicle/IC727,NO-URI,IC,2018-09-13T06:52:00,2018-09-13T06:52:00,-20,-20
http://irail.be/vehicle/IC727,http://irail.be/stations/NMBS/008894425,IC,2018-09-13T06:54:00,2018-09-13T06:54:00,-13,-13
http://irail.be/vehicle/IC727,http://irail.be/stations/NMBS/008894433,IC,2018-09-13T06:55:00,2018-09-13T06:55:00,-23,-23
http://irail.be/vehicle/IC727,http://irail.be/stations/NMBS/008894508,IC,2018-09-13T07:00:00,2018-09-13T06:58:00,-7,-36
http://irail.be/vehicle/IC727,NO-URI,IC,2018-09-13T07:02:00,2018-09-13T07:02:00,-20,-20
http://irail.be/vehicle/IC727,http://irail.be/stations/NMBS/008894714,IC,2018-09-13T07:03:00,2018-09-13T07:03:00,-39,-39
http://irail.be/vehicle/IC727,http://irail.be/stations/NMBS/008894748,IC,2018-09-13T07:06:00,2018-09-13T07:06:00,-75,-75
http://irail.be/vehicle/IC727,http://irail.be/stations/NMBS/008894755,IC,2018-09-13T07:07:00,2018-09-13T07:07:00,-81,-81
http://irail.be/vehicle/IC727,http://irail.be/stations/NMBS/008894821,IC,2018-09-13T07:08:00,2018-09-13T07:08:00,-63,-63
http://irail.be/vehicle/IC727,http://irail.be/stations/NMBS/008821196,IC,2018-09-13T07:12:00,2018-09-13T07:12:00,-106,-106
http://irail.be/vehicle/IC727,http://irail.be/stations/NMBS/008821121,IC,2018-09-13T07:19:00,2018-09-13T07:17:00,235,-70
http://irail.be/vehicle/IC727,http://irail.be/stations/NMBS/008821006,IC,2018-09-13T07:23:00,2018-09-13T07:23:00,,218
http://irail.be/vehicle/IC727,http://irail.be/stations/NMBS/008896735,IC,2018-09-14T05:08:00,2018-09-14T05:08:00,64,
http://irail.be/vehicle/IC727,http://irail.be/stations/NMBS/008896503,IC,2018-09-14T05:16:00,2018-09-14T05:15:00,16,28
http://irail.be/vehicle/IC727,http://irail.be/stations/NMBS/008896412,IC,2018-09-14T05:26:00,2018-09-14T05:25:00,13,-13
http://irail.be/vehicle/IC727,http://irail.be/stations/NMBS/008896396,IC,2018-09-14T05:30:00,2018-09-14T05:29:00,13,13
http://irail.be/vehicle/IC727,http://irail.be/stations/NMBS/008896305,IC,2018-09-14T05:35:00,2018-09-14T05:34:00,-15,13
http://irail.be/vehicle/IC727,http://irail.be/stations/NMBS/008896370,IC,2018-09-14T05:40:00,2018-09-14T05:39:00,21,-15
http://irail.be/vehicle/IC727,http://irail.be/stations/NMBS/008896388,IC,2018-09-14T05:45:00,2018-09-14T05:44:00,21,21
http://irail.be/vehicle/IC727,http://irail.be/stations/NMBS/008896008,IC,2018-09-14T05:58:00,2018-09-14T05:50:00,27,-7
http://irail.be/vehicle/IC727,http://irail.be/stations/NMBS/008896115,IC,2018-09-14T06:02:00,2018-09-14T06:02:00,7,7
http://irail.be/vehicle/IC727,http://irail.be/stations/NMBS/008896149,IC,2018-09-14T06:08:00,2018-09-14T06:07:00,-11,-38
http://irail.be/vehicle/IC727,http://irail.be/stations/NMBS/008892106,IC,2018-09-14T06:15:00,2018-09-14T06:15:00,-68,-68
http://irail.be/vehicle/IC727,NO-URI,IC,2018-09-14T06:15:00,2018-09-14T06:15:00,23,23
http://irail.be/vehicle/IC727,http://irail.be/stations/NMBS/008892080,IC,2018-09-14T06:18:00,2018-09-14T06:18:00,14,14
http://irail.be/vehicle/IC727,http://irail.be/stations/NMBS/008892007,IC,2018-09-14T06:27:00,2018-09-14T06:24:00,7,21
http://irail.be/vehicle/IC727,NO-URI,IC,2018-09-14T06:31:00,2018-09-14T06:31:00,41,41
http://irail.be/vehicle/IC727,http://irail.be/stations/NMBS/008893179,IC,2018-09-14T06:32:00,2018-09-14T06:32:00,-158,-158
http://irail.be/vehicle/IC727,http://irail.be/stations/NMBS/008893120,IC,2018-09-14T06:36:00,2018-09-14T06:35:00,64,-158
http://irail.be/vehicle/IC727,http://irail.be/stations/NMBS/008894151,IC,2018-09-14T06:43:00,2018-09-14T06:43:00,34,34
http://irail.be/vehicle/IC727,http://irail.be/stations/NMBS/008894201,IC,2018-09-14T06:50:00,2018-09-14T06:48:00,12,-13
http://irail.be/vehicle/IC727,NO-URI,IC,2018-09-14T06:52:00,2018-09-14T06:52:00,0,0
http://irail.be/vehicle/IC727,http://irail.be/stations/NMBS/008894425,IC,2018-09-14T06:54:00,2018-09-14T06:54:00,4,4
http://irail.be/vehicle/IC727,http://irail.be/stations/NMBS/008894433,IC,2018-09-14T06:55:00,2018-09-14T06:55:00,-9,-9
http://irail.be/vehicle/IC727,http://irail.be/stations/NMBS/008894508,IC,2018-09-14T07:00:00,2018-09-14T06:58:00,-2,-22
http://irail.be/vehicle/IC727,NO-URI,IC,2018-09-14T07:02:00,2018-09-14T07:02:00,1,1
http://irail.be/vehicle/IC727,http://irail.be/stations/NMBS/008894714,IC,2018-09-14T07:03:00,2018-09-14T07:03:00,-17,-17
http://irail.be/vehicle/IC727,http://irail.be/stations/NMBS/008894748,IC,2018-09-14T07:06:00,2018-09-14T07:06:00,-53,-53
http://irail.be/vehicle/IC727,http://irail.be/stations/NMBS/008894755,IC,2018-09-14T07:07:00,2018-09-14T07:07:00,-59,-59
http://irail.be/vehicle/IC727,http://irail.be/stations/NMBS/008894821,IC,2018-09-14T07:08:00,2018-09-14T07:08:00,-39,-39
http://irail.be/vehicle/IC727,http://irail.be/stations/NMBS/008821196,IC,2018-09-14T07:12:00,2018-09-14T07:12:00,-84,-84
http://irail.be/vehicle/IC727,http://irail.be/stations/NMBS/008821121,IC,2018-09-14T07:19:00,2018-09-14T07:17:00,103,121
http://irail.be/vehicle/IC727,http://irail.be/stations/NMBS/008821006,IC,2018-09-14T07:23:00,2018-09-14T07:23:00,,66
http://irail.be/vehicle/IC727,http://irail.be/stations/NMBS/008896735,IC,2018-06-03T05:08:00,2018-06-03T05:08:00,59,
http://irail.be/vehicle/IC727,http://irail.be/stations/NMBS/008896503,IC,2018-06-03T05:16:00,2018-06-03T05:15:00,22,38
http://irail.be/vehicle/IC727,http://irail.be/stations/NMBS/008896412,IC,2018-06-03T05:26:00,2018-06-03T05:25:00,8,-15
http://irail.be/vehicle/IC727,http://irail.be/stations/NMBS/008896396,IC,2018-06-03T05:30:00,2018-06-03T05:29:00,8,8
http://irail.be/vehicle/IC727,http://irail.be/stations/NMBS/008896305,IC,2018-06-03T05:35:00,2018-06-03T05:34:00,-14,8
http://irail.be/vehicle/IC727,http://irail.be/stations/NMBS/008896370,IC,2018-06-03T05:40:00,2018-06-03T05:40:00,8,-14
http://irail.be/vehicle/IC727,http://irail.be/stations/NMBS/008896388,IC,2018-06-03T05:44:00,2018-06-03T05:44:00,8,8
http://irail.be/vehicle/IC727,http://irail.be/stations/NMBS/008896008,IC,2018-06-03T05:57:00,2018-06-03T05:50:00,94,-38
http://irail.be/vehicle/IC727,http://irail.be/stations/NMBS/008896115,IC,2018-06-03T06:01:00,2018-06-03T06:01:00,99,99
http://irail.be/vehicle/IC727,http://irail.be/stations/NMBS/008896149,IC,2018-06-03T06:06:00,2018-06-03T06:05:00,77,99
http://irail.be/vehicle/IC727,http://irail.be/stations/NMBS/008892106,IC,2018-06-03T06:15:00,2018-06-03T06:15:00,-70,-70
http://irail.be/vehicle/IC727,NO-URI,IC,2018-06-03T06:15:00,2018-06-03T06:15:00,-51,-51
http://irail.be/vehicle/IC727,http://irail.be/stations/NMBS/008892080,IC,2018-06-03T06:18:00,2018-06-03T06:18:00,-71,-71
http://irail.be/vehicle/IC727,http://irail.be/stations/NMBS/008892007,IC,2018-06-03T06:27:00,2018-06-03T06:24:00,5,-46
http://irail.be/vehicle/IC727,http://irail.be/stations/NMBS/008893013,IC,2018-06-03T06:32:00,2018-06-03T06:32:00,-8,-8
http://irail.be/vehicle/IC727,http://irail.be/stations/NMBS/008893039,IC,2018-06-03T06:33:00,2018-06-03T06:33:00,13,13
http://irail.be/vehicle/IC727,http://irail.be/stations/NMBS/008893567,IC,2018-06-03T06:34:00,2018-06-03T06:34:00,26,26
http://irail.be/vehicle/IC727,http://irail.be/stations/NMBS/008893559,IC,2018-06-03T06:36:00,2018-06-03T06:36:00,25,25
http://irail.be/vehicle/IC727,http://irail.be/stations/NMBS/008893542,IC,2018-06-03T06:38:00,2018-06-03T06:38:00,14,14
http://irail.be/vehicle/IC727,http://irail.be/stations/NMBS/008893534,IC,2018-06-03T06:40:00,2018-06-03T06:40:00,23,23
http://irail.be/vehicle/IC727,http://irail.be/stations/NMBS/008893526,IC,2018-06-03T06:42:00,2018-06-03T06:42:00,-13,-13
http://irail.be/vehicle/IC727,http://irail.be/stations/NMBS/008893518,IC,2018-06-03T06:44:00,2018-06-03T06:44:00,-13,-13
http://irail.be/vehicle/IC727,http://irail.be/stations/NMBS/008893401,IC,2018-06-03T06:46:00,2018-06-03T06:46:00,0,0
http://irail.be/vehicle/IC727,http://irail.be/stations/NMBS/008894235,IC,2018-06-03T06:52:00,2018-06-03T06:52:00,49,49
http://irail.be/vehicle/IC727,http://irail.be/stations/NMBS/008894201,IC,2018-06-03T06:59:00,2018-06-03T06:57:00,42,116
http://irail.be/vehicle/IC727,NO-URI,IC,2018-06-03T07:01:00,2018-06-03T07:01:00,31,31
http://irail.be/vehicle/IC727,http://irail.be/stations/NMBS/008894425,IC,2018-06-03T07:03:00,2018-06-03T07:03:00,37,37
http://irail.be/vehicle/IC727,http://irail.be/stations/NMBS/008894433,IC,2018-06-03T07:04:00,2018-06-03T07:04:00,26,26
http://irail.be/vehicle/IC727,http://irail.be/stations/NMBS/008894508,IC,2018-06-03T07:09:00,2018-06-03T07:07:00,12,12
http://irail.be/vehicle/IC727,NO-URI,IC,2018-06-03T07:11:00,2018-06-03T07:11:00,7,7
http://irail.be/vehicle/IC727,http://irail.be/stations/NMBS/008894714,IC,2018-06-03T07:12:00,2018-06-03T07:12:00,-10,-10
http://irail.be/vehicle/IC727,http://irail.be/stations/NMBS/008894748,IC,2018-06-03T07:14:00,2018-06-03T07:14:00,3,3
http://irail.be/vehicle/IC727,http://irail.be/stations/NMBS/008894755,IC,2018-06-03T07:16:00,2018-06-03T07:16:00,-54,-54
http://irail.be/vehicle/IC727,http://irail.be/stations/NMBS/008894821,IC,2018-06-03T07:18:00,2018-06-03T07:18:00,-68,-68
http://irail.be/vehicle/IC727,NO-URI,IC,2018-06-03T07:18:00,2018-06-03T07:18:00,-68,-68
http://irail.be/vehicle/IC727,http://irail.be/stations/NMBS/008821196,IC,2018-06-03T07:21:00,2018-06-03T07:21:00,-59,-59
http://irail.be/vehicle/IC727,http://irail.be/stations/NMBS/008821121,IC,2018-06-03T07:26:00,2018-06-03T07:26:00,,-44
http://irail.be/vehicle/IC727,http://irail.be/stations/NMBS/008896735,IC,2018-09-04T05:08:00,2018-09-04T05:08:00,60,
http://irail.be/vehicle/IC727,http://irail.be/stations/NMBS/008896503,IC,2018-09-04T05:16:00,2018-09-04T05:15:00,87,56
http://irail.be/vehicle/IC727,http://irail.be/stations/NMBS/008896412,IC,2018-09-04T05:26:00,2018-09-04T05:25:00,99,66
http://irail.be/vehicle/IC727,http://irail.be/stations/NMBS/008896396,IC,2018-09-04T05:30:00,2018-09-04T05:29:00,99,99
http://irail.be/vehicle/IC727,http://irail.be/stations/NMBS/008896305,IC,2018-09-04T05:35:00,2018-09-04T05:34:00,122,99
http://irail.be/vehicle/IC727,http://irail.be/stations/NMBS/008896370,IC,2018-09-04T05:40:00,2018-09-04T05:39:00,115,122
http://irail.be/vehicle/IC727,http://irail.be/stations/NMBS/008896388,IC,2018-09-04T05:45:00,2018-09-04T05:44:00,115,115
http://irail.be/vehicle/IC727,http://irail.be/stations/NMBS/008896008,IC,2018-09-04T05:58:00,2018-09-04T05:50:00,60,116
http://irail.be/vehicle/IC727,http://irail.be/stations/NMBS/008896115,IC,2018-09-04T06:02:00,2018-09-04T06:02:00,59,59
http://irail.be/vehicle/IC727,http://irail.be/stations/NMBS/008896149,IC,2018-09-04T06:08:00,2018-09-04T06:07:00,33,19
http://irail.be/vehicle/IC727,http://irail.be/stations/NMBS/008892106,IC,2018-09-04T06:15:00,2018-09-04T06:15:00,-12,-12
http://irail.be/vehicle/IC727,NO-URI,IC,2018-09-04T06:15:00,2018-09-04T06:15:00,75,75
http://irail.be/vehicle/IC727,http://irail.be/stations/NMBS/008892080,IC,2018-09-04T06:18:00,2018-09-04T06:18:00,76,76
http://irail.be/vehicle/IC727,http://irail.be/stations/NMBS/008892007,IC,2018-09-04T06:27:00,2018-09-04T06:24:00,63,67
http://irail.be/vehicle/IC727,NO-URI,IC,2018-09-04T06:31:00,2018-09-04T06:31:00,65,65
http://irail.be/vehicle/IC727,http://irail.be/stations/NMBS/008893179,IC,2018-09-04T06:32:00,2018-09-04T06:32:00,-146,-146
http://irail.be/vehicle/IC727,http://irail.be/stations/NMBS/008893120,IC,2018-09-04T06:36:00,2018-09-04T06:35:00,69,-146
http://irail.be/vehicle/IC727,http://irail.be/stations/NMBS/008894151,IC,2018-09-04T06:43:00,2018-09-04T06:43:00,29,29
http://irail.be/vehicle/IC727,http://irail.be/stations/NMBS/008894201,IC,2018-09-04T06:50:00,2018-09-04T06:48:00,-34,-21
http://irail.be/vehicle/IC727,NO-URI,IC,2018-09-04T06:52:00,2018-09-04T06:52:00,-49,-49
http://irail.be/vehicle/IC727,http://irail.be/stations/NMBS/008894425,IC,2018-09-04T06:54:00,2018-09-04T06:54:00,-47,-47
http://irail.be/vehicle/IC727,http://irail.be/stations/NMBS/008894433,IC,2018-09-04T06:55:00,2018-09-04T06:55:00,-60,-60
http://irail.be/vehicle/IC727,http://irail.be/stations/NMBS/008894508,IC,2018-09-04T07:00:00,2018-09-04T06:58:00,4,-82
http://irail.be/vehicle/IC727,NO-URI,IC,2018-09-04T07:02:00,2018-09-04T07:02:00,1,1
http://irail.be/vehicle/IC727,http://irail.be/stations/NMBS/008894714,IC,2018-09-04T07:03:00,2018-09-04T07:03:00,-14,-14
http://irail.be/vehicle/IC727,http://irail.be/stations/NMBS/008894748,IC,2018-09-04T07:06:00,2018-09-04T07:06:00,-44,-44
http://irail.be/vehicle/IC727,http://irail.be/stations/NMBS/008894755,IC,2018-09-04T07:07:00,2018-09-04T07:07:00,-49,-49
http://irail.be/vehicle/IC727,http://irail.be/stations/NMBS/008894821,IC,2018-09-04T07:08:00,2018-09-04T07:08:00,-26,-26
http://irail.be/vehicle/IC727,http://irail.be/stations/NMBS/008821196,IC,2018-09-04T07:12:00,2018-09-04T07:12:00,-61,-61
http://irail.be/vehicle/IC727,http://irail.be/stations/NMBS/008821121,IC,2018-09-04T07:19:00,2018-09-04T07:17:00,-4,-46
http://irail.be/vehicle/IC727,http://irail.be/stations/NMBS/008821006,IC,2018-09-04T07:23:00,2018-09-04T07:23:00,,0
http://irail.be/vehicle/IC727,http://irail.be/stations/NMBS/008896735,IC,2018-01-08T05:08:00,2018-01-08T05:08:00,137,
http://irail.be/vehicle/IC727,http://irail.be/stations/NMBS/008896503,IC,2018-01-08T05:16:00,2018-01-08T05:15:00,170,142
http://irail.be/vehicle/IC727,http://irail.be/stations/NMBS/008896412,IC,2018-01-08T05:26:00,2018-01-08T05:25:00,128,149
http://irail.be/vehicle/IC727,http://irail.be/stations/NMBS/008896396,IC,2018-01-08T05:30:00,2018-01-08T05:29:00,128,128
http://irail.be/vehicle/IC727,http://irail.be/stations/NMBS/008896305,IC,2018-01-08T05:35:00,2018-01-08T05:34:00,89,128
http://irail.be/vehicle/IC727,http://irail.be/stations/NMBS/008896370,IC,2018-01-08T05:40:00,2018-01-08T05:40:00,89,89
http://irail.be/vehicle/IC727,http://irail.be/stations/NMBS/008896388,IC,2018-01-08T05:44:00,2018-01-08T05:44:00,51,51
http://irail.be/vehicle/IC727,http://irail.be/stations/NMBS/008896008,IC,2018-01-08T05:57:00,2018-01-08T05:50:00,43,-42
http://irail.be/vehicle/IC727,http://irail.be/stations/NMBS/008896115,IC,2018-01-08T06:01:00,2018-01-08T06:01:00,30,30
http://irail.be/vehicle/IC727,http://irail.be/stations/NMBS/008896149,IC,2018-01-08T06:06:00,2018-01-08T06:05:00,42,33
http://irail.be/vehicle/IC727,http://irail.be/stations/NMBS/008892106,IC,2018-01-08T06:15:00,2018-01-08T06:15:00,-65,-65
http://irail.be/vehicle/IC727,NO-URI,IC,2018-01-08T06:15:00,2018-01-08T06:15:00,25,25
http://irail.be/vehicle/IC727,http://irail.be/stations/NMBS/008892080,IC,2018-01-08T06:18:00,2018-01-08T06:18:00,68,68
http://irail.be/vehicle/IC727,http://irail.be/stations/NMBS/008892007,IC,2018-01-08T06:27:00,2018-01-08T06:24:00,42,103
http://irail.be/vehicle/IC727,NO-URI,IC,2018-01-08T06:31:00,2018-01-08T06:31:00,60,60
http://irail.be/vehicle/IC727,http://irail.be/stations/NMBS/008893179,IC,2018-01-08T06:32:00,2018-01-08T06:32:00,-136,-136
http://irail.be/vehicle/IC727,http://irail.be/stations/NMBS/008893120,IC,2018-01-08T06:36:00,2018-01-08T06:35:00,-136,-136
http://irail.be/vehicle/IC727,http://irail.be/stations/NMBS/008894151,IC,2018-01-08T06:43:00,2018-01-08T06:43:00,87,87
http://irail.be/vehicle/IC727,http://irail.be/stations/NMBS/008894201,IC,2018-01-08T06:50:00,2018-01-08T06:48:00,19,56
http://irail.be/vehicle/IC727,NO-URI,IC,2018-01-08T06:52:00,2018-01-08T06:52:00,7,7
http://irail.be/vehicle/IC727,http://irail.be/stations/NMBS/008894425,IC,2018-01-08T06:54:00,2018-01-08T06:54:00,19,19
http://irail.be/vehicle/IC727,http://irail.be/stations/NMBS/008894433,IC,2018-01-08T06:55:00,2018-01-08T06:55:00,9,9
http://irail.be/vehicle/IC727,http://irail.be/stations/NMBS/008894508,IC,2018-01-08T07:00:00,2018-01-08T06:58:00,26,2
http://irail.be/vehicle/IC727,NO-URI,IC,2018-01-08T07:02:00,2018-01-08T07:02:00,20,20
http://irail.be/vehicle/IC727,http://irail.be/stations/NMBS/008894714,IC,2018-01-08T07:03:00,2018-01-08T07:03:00,3,3
http://irail.be/vehicle/IC727,http://irail.be/stations/NMBS/008894748,IC,2018-01-08T07:06:00,2018-01-08T07:06:00,-22,-22
http://irail.be/vehicle/IC727,http://irail.be/stations/NMBS/008894755,IC,2018-01-08T07:07:00,2018-01-08T07:07:00,-26,-26
http://irail.be/vehicle/IC727,http://irail.be/stations/NMBS/008894821,IC,2018-01-08T07:08:00,2018-01-08T07:08:00,-2,-2
http://irail.be/vehicle/IC727,NO-URI,IC,2018-01-08T07:09:00,2018-01-08T07:09:00,-2,-2
http://irail.be/vehicle/IC727,http://irail.be/stations/NMBS/008821196,IC,2018-01-08T07:12:00,2018-01-08T07:12:00,-39,-39
http://irail.be/vehicle/IC727,http://irail.be/stations/NMBS/008821121,IC,2018-01-08T07:19:00,2018-01-08T07:17:00,115,-28
http://irail.be/vehicle/IC727,http://irail.be/stations/NMBS/008821006,IC,2018-01-08T07:23:00,2018-01-08T07:23:00,,133
http://irail.be/vehicle/IC727,http://irail.be/stations/NMBS/008896735,IC,2018-05-07T05:08:00,2018-05-07T05:08:00,77,
http://irail.be/vehicle/IC727,http://irail.be/stations/NMBS/008896503,IC,2018-05-07T05:16:00,2018-05-07T05:15:00,51,40
http://irail.be/vehicle/IC727,http://irail.be/stations/NMBS/008896412,IC,2018-05-07T05:26:00,2018-05-07T05:25:00,9,7
http://irail.be/vehicle/IC727,http://irail.be/stations/NMBS/008896396,IC,2018-05-07T05:30:00,2018-05-07T05:29:00,9,9
http://irail.be/vehicle/IC727,http://irail.be/stations/NMBS/008896305,IC,2018-05-07T05:35:00,2018-05-07T05:34:00,1,9
http://irail.be/vehicle/IC727,http://irail.be/stations/NMBS/008896370,IC,2018-05-07T05:40:00,2018-05-07T05:40:00,16,1
http://irail.be/vehicle/IC727,http://irail.be/stations/NMBS/008896388,IC,2018-05-07T05:44:00,2018-05-07T05:44:00,16,16
http://irail.be/vehicle/IC727,http://irail.be/stations/NMBS/008896008,IC,2018-05-07T05:57:00,2018-05-07T05:50:00,62,-82
http://irail.be/vehicle/IC727,http://irail.be/stations/NMBS/008896115,IC,2018-05-07T06:01:00,2018-05-07T06:01:00,103,103
http://irail.be/vehicle/IC727,http://irail.be/stations/NMBS/008896149,IC,2018-05-07T06:06:00,2018-05-07T06:05:00,280,219
http://irail.be/vehicle/IC727,http://irail.be/stations/NMBS/008892106,IC,2018-05-07T06:15:00,2018-05-07T06:15:00,145,145
http://irail.be/vehicle/IC727,NO-URI,IC,2018-05-07T06:15:00,2018-05-07T06:15:00,203,203
http://irail.be/vehicle/IC727,http://irail.be/stations/NMBS/008892080,IC,2018-05-07T06:18:00,2018-05-07T06:18:00,222,222
http://irail.be/vehicle/IC727,http://irail.be/stations/NMBS/008892007,IC,2018-05-07T06:27:00,2018-05-07T06:24:00,224,331
http://irail.be/vehicle/IC727,NO-URI,IC,2018-05-07T06:31:00,2018-05-07T06:31:00,293,293
http://irail.be/vehicle/IC727,http://irail.be/stations/NMBS/008893179,IC,2018-05-07T06:32:00,2018-05-07T06:32:00,263,263
http://irail.be/vehicle/IC727,http://irail.be/stations/NMBS/008893120,IC,2018-05-07T06:36:00,2018-05-07T06:35:00,506,263
http://irail.be/vehicle/IC727,http://irail.be/stations/NMBS/008894151,IC,2018-05-07T06:43:00,2018-05-07T06:43:00,502,502
http://irail.be/vehicle/IC727,http://irail.be/stations/NMBS/008894201,IC,2018-05-07T06:50:00,2018-05-07T06:48:00,476,509
http://irail.be/vehicle/IC727,NO-URI,IC,2018-05-07T06:52:00,2018-05-07T06:52:00,462,462
http://irail.be/vehicle/IC727,http://irail.be/stations/NMBS/008894425,IC,2018-05-07T06:54:00,2018-05-07T06:54:00,522,522
http://irail.be/vehicle/IC727,http://irail.be/stations/NMBS/008894433,IC,2018-05-07T06:55:00,2018-05-07T06:55:00,511,511
http://irail.be/vehicle/IC727,http://irail.be/stations/NMBS/008894508,IC,2018-05-07T07:00:00,2018-05-07T06:58:00,477,492
http://irail.be/vehicle/IC727,NO-URI,IC,2018-05-07T07:02:00,2018-05-07T07:02:00,472,472
http://irail.be/vehicle/IC727,http://irail.be/stations/NMBS/008894714,IC,2018-05-07T07:03:00,2018-05-07T07:03:00,456,456
http://irail.be/vehicle/IC727,http://irail.be/stations/NMBS/008894748,IC,2018-05-07T07:06:00,2018-05-07T07:06:00,419,419
http://irail.be/vehicle/IC727,http://irail.be/stations/NMBS/008894755,IC,2018-05-07T07:07:00,2018-05-07T07:07:00,409,409
http://irail.be/vehicle/IC727,http://irail.be/stations/NMBS/008894821,IC,2018-05-07T07:08:00,2018-05-07T07:08:00,428,428
http://irail.be/vehicle/IC727,NO-URI,IC,2018-05-07T07:09:00,2018-05-07T07:09:00,428,428
http://irail.be/vehicle/IC727,http://irail.be/stations/NMBS/008821196,IC,2018-05-07T07:12:00,2018-05-07T07:12:00,386,386
http://irail.be/vehicle/IC727,http://irail.be/stations/NMBS/008821121,IC,2018-05-07T07:19:00,2018-05-07T07:17:00,274,327
http://irail.be/vehicle/IC727,http://irail.be/stations/NMBS/008821006,IC,2018-05-07T07:23:00,2018-05-07T07:23:00,,238
http://irail.be/vehicle/IC727,http://irail.be/stations/NMBS/008896735,IC,2018-09-25T05:08:00,2018-09-25T05:08:00,51,
http://irail.be/vehicle/IC727,http://irail.be/stations/NMBS/008896503,IC,2018-09-25T05:16:00,2018-09-25T05:15:00,9,17
http://irail.be/vehicle/IC727,http://irail.be/stations/NMBS/008896412,IC,2018-09-25T05:26:00,2018-09-25T05:25:00,-25,-36
http://irail.be/vehicle/IC727,http://irail.be/stations/NMBS/008896396,IC,2018-09-25T05:30:00,2018-09-25T05:29:00,-25,-25
http://irail.be/vehicle/IC727,http://irail.be/stations/NMBS/008896305,IC,2018-09-25T05:35:00,2018-09-25T05:34:00,-14,-25
http://irail.be/vehicle/IC727,http://irail.be/stations/NMBS/008896370,IC,2018-09-25T05:40:00,2018-09-25T05:39:00,-17,-14
http://irail.be/vehicle/IC727,http://irail.be/stations/NMBS/008896388,IC,2018-09-25T05:45:00,2018-09-25T05:44:00,-17,-17
http://irail.be/vehicle/IC727,http://irail.be/stations/NMBS/008896008,IC,2018-09-25T05:58:00,2018-09-25T05:50:00,41,-46
http://irail.be/vehicle/IC727,http://irail.be/stations/NMBS/008896115,IC,2018-09-25T06:02:00,2018-09-25T06:02:00,34,34
http://irail.be/vehicle/IC727,http://irail.be/stations/NMBS/008896149,IC,2018-09-25T06:08:00,2018-09-25T06:07:00,9,0
http://irail.be/vehicle/IC727,http://irail.be/stations/NMBS/008892106,IC,2018-09-25T06:15:00,2018-09-25T06:15:00,-44,-44
http://irail.be/vehicle/IC727,NO-URI,IC,2018-09-25T06:15:00,2018-09-25T06:15:00,49,49
http://irail.be/vehicle/IC727,http://irail.be/stations/NMBS/008892080,IC,2018-09-25T06:18:00,2018-09-25T06:18:00,45,45
http://irail.be/vehicle/IC727,http://irail.be/stations/NMBS/008892007,IC,2018-09-25T06:27:00,2018-09-25T06:24:00,2,41
http://irail.be/vehicle/IC727,NO-URI,IC,2018-09-25T06:31:00,2018-09-25T06:31:00,19,19
http://irail.be/vehicle/IC727,http://irail.be/stations/NMBS/008893179,IC,2018-09-25T06:32:00,2018-09-25T06:32:00,-178,-178
http://irail.be/vehicle/IC727,http://irail.be/stations/NMBS/008893120,IC,2018-09-25T06:36:00,2018-09-25T06:35:00,25,-178
http://irail.be/vehicle/IC727,http://irail.be/stations/NMBS/008894151,IC,2018-09-25T06:43:00,2018-09-25T06:43:00,-20,-20
http://irail.be/vehicle/IC727,http://irail.be/stations/NMBS/008894201,IC,2018-09-25T06:50:00,2018-09-25T06:48:00,9,-54
http://irail.be/vehicle/IC727,NO-URI,IC,2018-09-25T06:52:00,2018-09-25T06:52:00,-4,-4
http://irail.be/vehicle/IC727,http://irail.be/stations/NMBS/008894425,IC,2018-09-25T06:54:00,2018-09-25T06:54:00,1,1
http://irail.be/vehicle/IC727,http://irail.be/stations/NMBS/008894433,IC,2018-09-25T06:55:00,2018-09-25T06:55:00,-5,-5
http://irail.be/vehicle/IC727,http://irail.be/stations/NMBS/008894508,IC,2018-09-25T07:00:00,2018-09-25T06:58:00,-1,8
http://irail.be/vehicle/IC727,NO-URI,IC,2018-09-25T07:02:00,2018-09-25T07:02:00,-4,-4
http://irail.be/vehicle/IC727,http://irail.be/stations/NMBS/008894714,IC,2018-09-25T07:03:00,2018-09-25T07:03:00,-22,-22
http://irail.be/vehicle/IC727,http://irail.be/stations/NMBS/008894748,IC,2018-09-25T07:06:00,2018-09-25T07:06:00,-61,-61
http://irail.be/vehicle/IC727,http://irail.be/stations/NMBS/008894755,IC,2018-09-25T07:07:00,2018-09-25T07:07:00,-66,-66
http://irail.be/vehicle/IC727,http://irail.be/stations/NMBS/008894821,IC,2018-09-25T07:08:00,2018-09-25T07:08:00,-39,-39
http://irail.be/vehicle/IC727,http://irail.be/stations/NMBS/008821196,IC,2018-09-25T07:12:00,2018-09-25T07:12:00,-49,-49
http://irail.be/vehicle/IC727,http://irail.be/stations/NMBS/008821121,IC,2018-09-25T07:19:00,2018-09-25T07:17:00,-16,-17
http://irail.be/vehicle/IC727,http://irail.be/stations/NMBS/008821006,IC,2018-09-25T07:23:00,2018-09-25T07:23:00,,-54
http://irail.be/vehicle/IC727,http://irail.be/stations/NMBS/008896735,IC,2018-11-04T05:08:00,2018-11-04T05:08:00,51,
http://irail.be/vehicle/IC727,http://irail.be/stations/NMBS/008896503,IC,2018-11-04T05:16:00,2018-11-04T05:15:00,19,7
http://irail.be/vehicle/IC727,http://irail.be/stations/NMBS/008896412,IC,2018-11-04T05:26:00,2018-11-04T05:25:00,-6,-24
http://irail.be/vehicle/IC727,http://irail.be/stations/NMBS/008896396,IC,2018-11-04T05:30:00,2018-11-04T05:29:00,-6,-6
http://irail.be/vehicle/IC727,http://irail.be/stations/NMBS/008896305,IC,2018-11-04T05:35:00,2018-11-04T05:34:00,5,-6
http://irail.be/vehicle/IC727,http://irail.be/stations/NMBS/008896370,IC,2018-11-04T05:40:00,2018-11-04T05:39:00,23,5
http://irail.be/vehicle/IC727,http://irail.be/stations/NMBS/008896388,IC,2018-11-04T05:45:00,2018-11-04T05:44:00,23,23
http://irail.be/vehicle/IC727,http://irail.be/stations/NMBS/008896008,IC,2018-11-04T05:58:00,2018-11-04T05:50:00,44,-2
http://irail.be/vehicle/IC727,http://irail.be/stations/NMBS/008896115,IC,2018-11-04T06:02:00,2018-11-04T06:02:00,10,10
http://irail.be/vehicle/IC727,http://irail.be/stations/NMBS/008896149,IC,2018-11-04T06:08:00,2018-11-04T06:07:00,8,-33
http://irail.be/vehicle/IC727,http://irail.be/stations/NMBS/008892106,IC,2018-11-04T06:15:00,2018-11-04T06:15:00,-46,-46
http://irail.be/vehicle/IC727,NO-URI,IC,2018-11-04T06:15:00,2018-11-04T06:15:00,-12,-12
http://irail.be/vehicle/IC727,http://irail.be/stations/NMBS/008892080,IC,2018-11-04T06:18:00,2018-11-04T06:18:00,-36,-36
http://irail.be/vehicle/IC727,http://irail.be/stations/NMBS/008892007,IC,2018-11-04T06:27:00,2018-11-04T06:24:00,104,-73
http://irail.be/vehicle/IC727,http://irail.be/stations/NMBS/008893013,IC,2018-11-04T06:30:00,2018-11-04T06:30:00,123,123
http://irail.be/vehicle/IC727,http://irail.be/stations/NMBS/008893039,IC,2018-11-04T06:32:00,2018-11-04T06:32:00,142,142
http://irail.be/vehicle/IC727,http://irail.be/stations/NMBS/008893567,IC,2018-11-04T06:34:00,2018-11-04T06:34:00,113,113
http://irail.be/vehicle/IC727,http://irail.be/stations/NMBS/008893559,IC,2018-11-04T06:37:00,2018-11-04T06:37:00,50,50
http://irail.be/vehicle/IC727,http://irail.be/stations/NMBS/008893542,IC,2018-11-04T06:39:00,2018-11-04T06:39:00,41,41
http://irail.be/vehicle/IC727,http://irail.be/stations/NMBS/008893534,IC,2018-11-04T06:41:00,2018-11-04T06:41:00,88,88
http://irail.be/vehicle/IC727,http://irail.be/stations/NMBS/008893526,IC,2018-11-04T06:43:00,2018-11-04T06:43:00,83,83
http://irail.be/vehicle/IC727,http://irail.be/stations/NMBS/008893518,IC,2018-11-04T06:46:00,2018-11-04T06:46:00,83,83
http://irail.be/vehicle/IC727,http://irail.be/stations/NMBS/008893401,IC,2018-11-04T06:48:00,2018-11-04T06:48:00,92,92
http://irail.be/vehicle/IC727,http://irail.be/stations/NMBS/008822160,IC,2018-11-04T06:51:00,2018-11-04T06:51:00,83,83
http://irail.be/vehicle/IC727,http://irail.be/stations/NMBS/008822145,IC,2018-11-04T06:53:00,2018-11-04T06:53:00,65,65
http://irail.be/vehicle/IC727,http://irail.be/stations/NMBS/008822137,IC,2018-11-04T06:55:00,2018-11-04T06:55:00,-19,-19
http://irail.be/vehicle/IC727,http://irail.be/stations/NMBS/008822111,IC,2018-11-04T06:58:00,2018-11-04T06:58:00,-19,-19
http://irail.be/vehicle/IC727,http://irail.be/stations/NMBS/008822053,IC,2018-11-04T07:01:00,2018-11-04T07:01:00,-16,-16
http://irail.be/vehicle/IC727,http://irail.be/stations/NMBS/008822004,IC,2018-11-04T07:10:00,2018-11-04T07:08:00,105,-15
http://irail.be/vehicle/IC727,http://irail.be/stations/NMBS/008822343,IC,2018-11-04T07:11:00,2018-11-04T07:11:00,105,105
http://irail.be/vehicle/IC727,http://irail.be/stations/NMBS/008822228,IC,2018-11-04T07:14:00,2018-11-04T07:14:00,41,41
http://irail.be/vehicle/IC727,http://irail.be/stations/NMBS/008822210,IC,2018-11-04T07:16:00,2018-11-04T07:16:00,41,41
http://irail.be/vehicle/IC727,http://irail.be/stations/NMBS/008821311,IC,2018-11-04T07:20:00,2018-11-04T07:20:00,27,27
http://irail.be/vehicle/IC727,http://irail.be/stations/NMBS/008821337,IC,2018-11-04T07:22:00,2018-11-04T07:22:00,-15,-15
http://irail.be/vehicle/IC727,http://irail.be/stations/NMBS/008821246,IC,2018-11-04T07:24:00,2018-11-04T07:24:00,-29,-29
http://irail.be/vehicle/IC727,http://irail.be/stations/NMBS/008821147,IC,2018-11-04T07:25:00,2018-11-04T07:25:00,197,197
http://irail.be/vehicle/IC727,http://irail.be/stations/NMBS/008821121,IC,2018-11-04T07:29:00,2018-11-04T07:28:00,194,194
http://irail.be/vehicle/IC727,http://irail.be/stations/NMBS/008821006,IC,2018-11-04T07:33:00,2018-11-04T07:33:00,,236
http://irail.be/vehicle/IC727,http://irail.be/stations/NMBS/008896735,IC,2018-09-15T05:08:00,2018-09-15T05:08:00,56,
http://irail.be/vehicle/IC727,http://irail.be/stations/NMBS/008896503,IC,2018-09-15T05:16:00,2018-09-15T05:15:00,-9,12
http://irail.be/vehicle/IC727,http://irail.be/stations/NMBS/008896412,IC,2018-09-15T05:26:00,2018-09-15T05:25:00,-22,-54
http://irail.be/vehicle/IC727,http://irail.be/stations/NMBS/008896396,IC,2018-09-15T05:30:00,2018-09-15T05:29:00,-22,-22
http://irail.be/vehicle/IC727,http://irail.be/stations/NMBS/008896305,IC,2018-09-15T05:35:00,2018-09-15T05:34:00,-9,-22
http://irail.be/vehicle/IC727,http://irail.be/stations/NMBS/008896370,IC,2018-09-15T05:40:00,2018-09-15T05:39:00,-9,-9
http://irail.be/vehicle/IC727,http://irail.be/stations/NMBS/008896388,IC,2018-09-15T05:45:00,2018-09-15T05:44:00,-9,-9
http://irail.be/vehicle/IC727,http://irail.be/stations/NMBS/008896008,IC,2018-09-15T05:58:00,2018-09-15T05:50:00,48,-67
http://irail.be/vehicle/IC727,http://irail.be/stations/NMBS/008896115,IC,2018-09-15T06:02:00,2018-09-15T06:02:00,55,55
http://irail.be/vehicle/IC727,http://irail.be/stations/NMBS/008896149,IC,2018-09-15T06:08:00,2018-09-15T06:07:00,2,11
http://irail.be/vehicle/IC727,http://irail.be/stations/NMBS/008892106,IC,2018-09-15T06:15:00,2018-09-15T06:15:00,-60,-60
http://irail.be/vehicle/IC727,NO-URI,IC,2018-09-15T06:15:00,2018-09-15T06:15:00,-28,-28
http://irail.be/vehicle/IC727,http://irail.be/stations/NMBS/008892080,IC,2018-09-15T06:18:00,2018-09-15T06:18:00,-58,-58
http://irail.be/vehicle/IC727,http://irail.be/stations/NMBS/008892007,IC,2018-09-15T06:27:00,2018-09-15T06:24:00,8,-84
http://irail.be/vehicle/IC727,NO-URI,IC,2018-09-15T06:31:00,2018-09-15T06:31:00,29,29
http://irail.be/vehicle/IC727,http://irail.be/stations/NMBS/008893179,IC,2018-09-15T06:32:00,2018-09-15T06:32:00,-170,-170
http://irail.be/vehicle/IC727,http://irail.be/stations/NMBS/008893120,IC,2018-09-15T06:36:00,2018-09-15T06:35:00,19,-170
http://irail.be/vehicle/IC727,http://irail.be/stations/NMBS/008894151,IC,2018-09-15T06:43:00,2018-09-15T06:43:00,-7,-7
http://irail.be/vehicle/IC727,http://irail.be/stations/NMBS/008894201,IC,2018-09-15T06:50:00,2018-09-15T06:48:00,16,-51
http://irail.be/vehicle/IC727,NO-URI,IC,2018-09-15T06:52:00,2018-09-15T06:52:00,20,20
http://irail.be/vehicle/IC727,http://irail.be/stations/NMBS/008894425,IC,2018-09-15T06:54:00,2018-09-15T06:54:00,26,26
http://irail.be/vehicle/IC727,http://irail.be/stations/NMBS/008894433,IC,2018-09-15T06:55:00,2018-09-15T06:55:00,13,13
http://irail.be/vehicle/IC727,http://irail.be/stations/NMBS/008894508,IC,2018-09-15T07:00:00,2018-09-15T06:58:00,9,-3
http://irail.be/vehicle/IC727,NO-URI,IC,2018-09-15T07:02:00,2018-09-15T07:02:00,11,11
http://irail.be/vehicle/IC727,http://irail.be/stations/NMBS/008894714,IC,2018-09-15T07:03:00,2018-09-15T07:03:00,-6,-6
http://irail.be/vehicle/IC727,http://irail.be/stations/NMBS/008894748,IC,2018-09-15T07:06:00,2018-09-15T07:06:00,-36,-36
http://irail.be/vehicle/IC727,http://irail.be/stations/NMBS/008894755,IC,2018-09-15T07:07:00,2018-09-15T07:07:00,-42,-42
http://irail.be/vehicle/IC727,http://irail.be/stations/NMBS/008894821,IC,2018-09-15T07:08:00,2018-09-15T07:08:00,-18,-18
http://irail.be/vehicle/IC727,http://irail.be/stations/NMBS/008821196,IC,2018-09-15T07:12:00,2018-09-15T07:12:00,-62,-62
http://irail.be/vehicle/IC727,http://irail.be/stations/NMBS/008821121,IC,2018-09-15T07:19:00,2018-09-15T07:17:00,-6,-117
http://irail.be/vehicle/IC727,http://irail.be/stations/NMBS/008821006,IC,2018-09-15T07:23:00,2018-09-15T07:23:00,,-28
http://irail.be/vehicle/IC727,http://irail.be/stations/NMBS/008896735,IC,2018-10-13T05:08:00,2018-10-13T05:08:00,158,
http://irail.be/vehicle/IC727,http://irail.be/stations/NMBS/008896503,IC,2018-10-13T05:16:00,2018-10-13T05:15:00,101,123
http://irail.be/vehicle/IC727,http://irail.be/stations/NMBS/008896412,IC,2018-10-13T05:26:00,2018-10-13T05:25:00,3,48
http://irail.be/vehicle/IC727,http://irail.be/stations/NMBS/008896396,IC,2018-10-13T05:30:00,2018-10-13T05:29:00,3,3
http://irail.be/vehicle/IC727,http://irail.be/stations/NMBS/008896305,IC,2018-10-13T05:35:00,2018-10-13T05:34:00,2,3
http://irail.be/vehicle/IC727,http://irail.be/stations/NMBS/008896370,IC,2018-10-13T05:40:00,2018-10-13T05:39:00,-18,2
http://irail.be/vehicle/IC727,http://irail.be/stations/NMBS/008896388,IC,2018-10-13T05:45:00,2018-10-13T05:44:00,-18,-18
http://irail.be/vehicle/IC727,http://irail.be/stations/NMBS/008896008,IC,2018-10-13T05:58:00,2018-10-13T05:50:00,4,-59
http://irail.be/vehicle/IC727,http://irail.be/stations/NMBS/008896115,IC,2018-10-13T06:02:00,2018-10-13T06:02:00,-10,-10
http://irail.be/vehicle/IC727,http://irail.be/stations/NMBS/008896149,IC,2018-10-13T06:08:00,2018-10-13T06:07:00,-1,-58
http://irail.be/vehicle/IC727,http://irail.be/stations/NMBS/008892106,IC,2018-10-13T06:15:00,2018-10-13T06:15:00,-66,-66
http://irail.be/vehicle/IC727,NO-URI,IC,2018-10-13T06:15:00,2018-10-13T06:15:00,-35,-35
http://irail.be/vehicle/IC727,http://irail.be/stations/NMBS/008892080,IC,2018-10-13T06:18:00,2018-10-13T06:18:00,-66,-66
http://irail.be/vehicle/IC727,http://irail.be/stations/NMBS/008892007,IC,2018-10-13T06:27:00,2018-10-13T06:24:00,67,-113
http://irail.be/vehicle/IC727,NO-URI,IC,2018-10-13T06:31:00,2018-10-13T06:31:00,94,94
http://irail.be/vehicle/IC727,http://irail.be/stations/NMBS/008893179,IC,2018-10-13T06:32:00,2018-10-13T06:32:00,-36,-36
http://irail.be/vehicle/IC727,http://irail.be/stations/NMBS/008893120,IC,2018-10-13T06:36:00,2018-10-13T06:35:00,40,-36
http://irail.be/vehicle/IC727,http://irail.be/stations/NMBS/008894151,IC,2018-10-13T06:43:00,2018-10-13T06:43:00,10,10
http://irail.be/vehicle/IC727,http://irail.be/stations/NMBS/008894201,IC,2018-10-13T06:50:00,2018-10-13T06:48:00,68,-36
http://irail.be/vehicle/IC727,NO-URI,IC,2018-10-13T06:52:00,2018-10-13T06:52:00,56,56
http://irail.be/vehicle/IC727,http://irail.be/stations/NMBS/008894425,IC,2018-10-13T06:54:00,2018-10-13T06:54:00,58,58
http://irail.be/vehicle/IC727,http://irail.be/stations/NMBS/008894433,IC,2018-10-13T06:55:00,2018-10-13T06:55:00,46,46
http://irail.be/vehicle/IC727,http://irail.be/stations/NMBS/008894508,IC,2018-10-13T07:03:00,2018-10-13T06:58:00,18,29
http://irail.be/vehicle/IC727,http://irail.be/stations/NMBS/008894672,IC,2018-10-13T07:11:00,2018-10-13T07:10:00,123,80
http://irail.be/vehicle/IC727,http://irail.be/stations/NMBS/008822772,IC,2018-10-13T07:15:00,2018-10-13T07:15:00,123,123
http://irail.be/vehicle/IC727,http://irail.be/stations/NMBS/008822715,IC,2018-10-13T07:19:00,2018-10-13T07:19:00,51,51
http://irail.be/vehicle/IC727,http://irail.be/stations/NMBS/008822848,IC,2018-10-13T07:22:00,2018-10-13T07:22:00,32,32
http://irail.be/vehicle/IC727,http://irail.be/stations/NMBS/008822814,IC,2018-10-13T07:25:00,2018-10-13T07:25:00,36,36
http://irail.be/vehicle/IC727,http://irail.be/stations/NMBS/008824240,IC,2018-10-13T07:28:00,2018-10-13T07:28:00,34,34
http://irail.be/vehicle/IC727,http://irail.be/stations/NMBS/008824232,IC,2018-10-13T07:30:00,2018-10-13T07:30:00,-14,-14
http://irail.be/vehicle/IC727,http://irail.be/stations/NMBS/008824224,IC,2018-10-13T07:31:00,2018-10-13T07:31:00,-14,-14
http://irail.be/vehicle/IC727,http://irail.be/stations/NMBS/008824158,IC,2018-10-13T07:36:00,2018-10-13T07:36:00,7,7
http://irail.be/vehicle/IC727,http://irail.be/stations/NMBS/008821196,IC,2018-10-13T07:42:00,2018-10-13T07:40:00,61,61
http://irail.be/vehicle/IC727,http://irail.be/stations/NMBS/008821121,IC,2018-10-13T07:50:00,2018-10-13T07:48:00,2,-19
http://irail.be/vehicle/IC727,http://irail.be/stations/NMBS/008821006,IC,2018-10-13T07:54:00,2018-10-13T07:54:00,,21
http://irail.be/vehicle/IC727,http://irail.be/stations/NMBS/008896735,IC,2018-03-05T05:08:00,2018-03-05T05:08:00,40,
http://irail.be/vehicle/IC727,http://irail.be/stations/NMBS/008896503,IC,2018-03-05T05:16:00,2018-03-05T05:15:00,49,8
http://irail.be/vehicle/IC727,http://irail.be/stations/NMBS/008896412,IC,2018-03-05T05:26:00,2018-03-05T05:25:00,50,31
http://irail.be/vehicle/IC727,http://irail.be/stations/NMBS/008896396,IC,2018-03-05T05:30:00,2018-03-05T05:29:00,50,50
http://irail.be/vehicle/IC727,http://irail.be/stations/NMBS/008896305,IC,2018-03-05T05:35:00,2018-03-05T05:34:00,96,50
http://irail.be/vehicle/IC727,http://irail.be/stations/NMBS/008896370,IC,2018-03-05T05:40:00,2018-03-05T05:40:00,96,96
http://irail.be/vehicle/IC727,http://irail.be/stations/NMBS/008896388,IC,2018-03-05T05:44:00,2018-03-05T05:44:00,83,83
http://irail.be/vehicle/IC727,http://irail.be/stations/NMBS/008896008,IC,2018-03-05T05:57:00,2018-03-05T05:50:00,40,6
http://irail.be/vehicle/IC727,http://irail.be/stations/NMBS/008896115,IC,2018-03-05T06:01:00,2018-03-05T06:01:00,11,11
http://irail.be/vehicle/IC727,http://irail.be/stations/NMBS/008896149,IC,2018-03-05T06:06:00,2018-03-05T06:05:00,36,-15
http://irail.be/vehicle/IC727,http://irail.be/stations/NMBS/008892106,IC,2018-03-05T06:15:00,2018-03-05T06:15:00,-58,-58
http://irail.be/vehicle/IC727,NO-URI,IC,2018-03-05T06:15:00,2018-03-05T06:15:00,-32,-32
http://irail.be/vehicle/IC727,http://irail.be/stations/NMBS/008892080,IC,2018-03-05T06:18:00,2018-03-05T06:18:00,3,3
http://irail.be/vehicle/IC727,http://irail.be/stations/NMBS/008892007,IC,2018-03-05T06:27:00,2018-03-05T06:24:00,57,-27
http://irail.be/vehicle/IC727,NO-URI,IC,2018-03-05T06:31:00,2018-03-05T06:31:00,80,80
http://irail.be/vehicle/IC727,http://irail.be/stations/NMBS/008893179,IC,2018-03-05T06:32:00,2018-03-05T06:32:00,28,28
http://irail.be/vehicle/IC727,http://irail.be/stations/NMBS/008893120,IC,2018-03-05T06:36:00,2018-03-05T06:35:00,28,28
http://irail.be/vehicle/IC727,http://irail.be/stations/NMBS/008894151,IC,2018-03-05T06:43:00,2018-03-05T06:43:00,341,341
http://irail.be/vehicle/IC727,http://irail.be/stations/NMBS/008894201,IC,2018-03-05T06:50:00,2018-03-05T06:48:00,311,319
http://irail.be/vehicle/IC727,NO-URI,IC,2018-03-05T06:52:00,2018-03-05T06:52:00,305,305
http://irail.be/vehicle/IC727,http://irail.be/stations/NMBS/008894425,IC,2018-03-05T06:54:00,2018-03-05T06:54:00,287,287
http://irail.be/vehicle/IC727,http://irail.be/stations/NMBS/008894433,IC,2018-03-05T06:55:00,2018-03-05T06:55:00,277,277
http://irail.be/vehicle/IC727,http://irail.be/stations/NMBS/008894508,IC,2018-03-05T07:00:00,2018-03-05T06:58:00,241,233
http://irail.be/vehicle/IC727,NO-URI,IC,2018-03-05T07:02:00,2018-03-05T07:02:00,230,230
http://irail.be/vehicle/IC727,http://irail.be/stations/NMBS/008894714,IC,2018-03-05T07:03:00,2018-03-05T07:03:00,210,210
http://irail.be/vehicle/IC727,http://irail.be/stations/NMBS/008894748,IC,2018-03-05T07:06:00,2018-03-05T07:06:00,173,173
http://irail.be/vehicle/IC727,http://irail.be/stations/NMBS/008894755,IC,2018-03-05T07:07:00,2018-03-05T07:07:00,163,163
http://irail.be/vehicle/IC727,http://irail.be/stations/NMBS/008894821,IC,2018-03-05T07:08:00,2018-03-05T07:08:00,181,181
http://irail.be/vehicle/IC727,NO-URI,IC,2018-03-05T07:09:00,2018-03-05T07:09:00,181,181
http://irail.be/vehicle/IC727,http://irail.be/stations/NMBS/008821196,IC,2018-03-05T07:12:00,2018-03-05T07:12:00,145,145
http://irail.be/vehicle/IC727,http://irail.be/stations/NMBS/008821121,IC,2018-03-05T07:19:00,2018-03-05T07:17:00,29,67
http://irail.be/vehicle/IC727,http://irail.be/stations/NMBS/008821006,IC,2018-03-05T07:23:00,2018-03-05T07:23:00,,-36
http://irail.be/vehicle/IC727,http://irail.be/stations/NMBS/008896735,IC,2018-11-10T05:08:00,2018-11-10T05:08:00,47,
http://irail.be/vehicle/IC727,http://irail.be/stations/NMBS/008896503,IC,2018-11-10T05:16:00,2018-11-10T05:15:00,18,27
http://irail.be/vehicle/IC727,http://irail.be/stations/NMBS/008896412,IC,2018-11-10T05:26:00,2018-11-10T05:25:00,56,3
http://irail.be/vehicle/IC727,http://irail.be/stations/NMBS/008896396,IC,2018-11-10T05:30:00,2018-11-10T05:29:00,56,56
http://irail.be/vehicle/IC727,http://irail.be/stations/NMBS/008896305,IC,2018-11-10T05:35:00,2018-11-10T05:34:00,49,56
http://irail.be/vehicle/IC727,http://irail.be/stations/NMBS/008896370,IC,2018-11-10T05:40:00,2018-11-10T05:39:00,9,49
http://irail.be/vehicle/IC727,http://irail.be/stations/NMBS/008896388,IC,2018-11-10T05:45:00,2018-11-10T05:44:00,9,9
http://irail.be/vehicle/IC727,http://irail.be/stations/NMBS/008896008,IC,2018-11-10T05:58:00,2018-11-10T05:50:00,72,-48
http://irail.be/vehicle/IC727,http://irail.be/stations/NMBS/008896115,IC,2018-11-10T06:02:00,2018-11-10T06:02:00,81,81
http://irail.be/vehicle/IC727,http://irail.be/stations/NMBS/008896149,IC,2018-11-10T06:08:00,2018-11-10T06:07:00,55,61
http://irail.be/vehicle/IC727,http://irail.be/stations/NMBS/008892106,IC,2018-11-10T06:15:00,2018-11-10T06:15:00,66,66
http://irail.be/vehicle/IC727,NO-URI,IC,2018-11-10T06:15:00,2018-11-10T06:15:00,109,109
http://irail.be/vehicle/IC727,http://irail.be/stations/NMBS/008892080,IC,2018-11-10T06:18:00,2018-11-10T06:18:00,122,122
http://irail.be/vehicle/IC727,http://irail.be/stations/NMBS/008892007,IC,2018-11-10T06:27:00,2018-11-10T06:24:00,318,119
http://irail.be/vehicle/IC727,http://irail.be/stations/NMBS/008893013,IC,2018-11-10T06:30:00,2018-11-10T06:30:00,326,326
http://irail.be/vehicle/IC727,http://irail.be/stations/NMBS/008893039,IC,2018-11-10T06:32:00,2018-11-10T06:32:00,332,332
http://irail.be/vehicle/IC727,http://irail.be/stations/NMBS/008893567,IC,2018-11-10T06:34:00,2018-11-10T06:34:00,293,293
http://irail.be/vehicle/IC727,http://irail.be/stations/NMBS/008893559,IC,2018-11-10T06:37:00,2018-11-10T06:37:00,227,227
http://irail.be/vehicle/IC727,http://irail.be/stations/NMBS/008893542,IC,2018-11-10T06:39:00,2018-11-10T06:39:00,209,209
http://irail.be/vehicle/IC727,http://irail.be/stations/NMBS/008893534,IC,2018-11-10T06:41:00,2018-11-10T06:41:00,227,227
http://irail.be/vehicle/IC727,http://irail.be/stations/NMBS/008893526,IC,2018-11-10T06:43:00,2018-11-10T06:43:00,141,141
http://irail.be/vehicle/IC727,http://irail.be/stations/NMBS/008893518,IC,2018-11-10T06:46:00,2018-11-10T06:46:00,141,141
http://irail.be/vehicle/IC727,http://irail.be/stations/NMBS/008893401,IC,2018-11-10T06:48:00,2018-11-10T06:48:00,153,153
http://irail.be/vehicle/IC727,http://irail.be/stations/NMBS/008822160,IC,2018-11-10T06:51:00,2018-11-10T06:51:00,148,148
http://irail.be/vehicle/IC727,http://irail.be/stations/NMBS/008822145,IC,2018-11-10T06:53:00,2018-11-10T06:53:00,131,131
http://irail.be/vehicle/IC727,http://irail.be/stations/NMBS/008822137,IC,2018-11-10T06:55:00,2018-11-10T06:55:00,47,47
http://irail.be/vehicle/IC727,http://irail.be/stations/NMBS/008822111,IC,2018-11-10T06:58:00,2018-11-10T06:58:00,47,47
http://irail.be/vehicle/IC727,http://irail.be/stations/NMBS/008822053,IC,2018-11-10T07:01:00,2018-11-10T07:01:00,32,32
http://irail.be/vehicle/IC727,http://irail.be/stations/NMBS/008822004,IC,2018-11-10T07:10:00,2018-11-10T07:08:00,102,77
http://irail.be/vehicle/IC727,http://irail.be/stations/NMBS/008822343,IC,2018-11-10T07:11:00,2018-11-10T07:11:00,102,102
http://irail.be/vehicle/IC727,http://irail.be/stations/NMBS/008822228,IC,2018-11-10T07:15:00,2018-11-10T07:15:00,-2,-2
http://irail.be/vehicle/IC727,http://irail.be/stations/NMBS/008822210,IC,2018-11-10T07:17:00,2018-11-10T07:17:00,-2,-2
http://irail.be/vehicle/IC727,http://irail.be/stations/NMBS/008821311,IC,2018-11-10T07:20:00,2018-11-10T07:20:00,-11,-11
http://irail.be/vehicle/IC727,http://irail.be/stations/NMBS/008821337,IC,2018-11-10T07:22:00,2018-11-10T07:22:00,-58,-58
http://irail.be/vehicle/IC727,http://irail.be/stations/NMBS/008821246,IC,2018-11-10T07:24:00,2018-11-10T07:24:00,-76,-76
http://irail.be/vehicle/IC727,http://irail.be/stations/NMBS/008821147,IC,2018-11-10T07:26:00,2018-11-10T07:26:00,-74,-74
http://irail.be/vehicle/IC727,http://irail.be/stations/NMBS/008821121,IC,2018-11-10T07:29:00,2018-11-10T07:28:00,-6,-6
http://irail.be/vehicle/IC727,http://irail.be/stations/NMBS/008821006,IC,2018-11-10T07:33:00,2018-11-10T07:33:00,,14
http://irail.be/vehicle/IC727,http://irail.be/stations/NMBS/008896735,IC,2018-06-01T05:08:00,2018-06-01T05:08:00,74,
http://irail.be/vehicle/IC727,http://irail.be/stations/NMBS/008896503,IC,2018-06-01T05:16:00,2018-06-01T05:15:00,69,44
http://irail.be/vehicle/IC727,http://irail.be/stations/NMBS/008896412,IC,2018-06-01T05:26:00,2018-06-01T05:25:00,41,47
http://irail.be/vehicle/IC727,http://irail.be/stations/NMBS/008896396,IC,2018-06-01T05:30:00,2018-06-01T05:29:00,41,41
http://irail.be/vehicle/IC727,http://irail.be/stations/NMBS/008896305,IC,2018-06-01T05:35:00,2018-06-01T05:34:00,36,41
http://irail.be/vehicle/IC727,http://irail.be/stations/NMBS/008896370,IC,2018-06-01T05:40:00,2018-06-01T05:40:00,56,36
http://irail.be/vehicle/IC727,http://irail.be/stations/NMBS/008896388,IC,2018-06-01T05:44:00,2018-06-01T05:44:00,56,56
http://irail.be/vehicle/IC727,http://irail.be/stations/NMBS/008896008,IC,2018-06-01T05:57:00,2018-06-01T05:50:00,172,21
http://irail.be/vehicle/IC727,http://irail.be/stations/NMBS/008896115,IC,2018-06-01T06:01:00,2018-06-01T06:01:00,190,190
http://irail.be/vehicle/IC727,http://irail.be/stations/NMBS/008896149,IC,2018-06-01T06:06:00,2018-06-01T06:05:00,323,357
http://irail.be/vehicle/IC727,http://irail.be/stations/NMBS/008892106,IC,2018-06-01T06:15:00,2018-06-01T06:15:00,165,165
http://irail.be/vehicle/IC727,NO-URI,IC,2018-06-01T06:15:00,2018-06-01T06:15:00,181,181
http://irail.be/vehicle/IC727,http://irail.be/stations/NMBS/008892080,IC,2018-06-01T06:18:00,2018-06-01T06:18:00,158,158
http://irail.be/vehicle/IC727,http://irail.be/stations/NMBS/008892007,IC,2018-06-01T06:27:00,2018-06-01T06:24:00,94,171
http://irail.be/vehicle/IC727,NO-URI,IC,2018-06-01T06:31:00,2018-06-01T06:31:00,106,106
http://irail.be/vehicle/IC727,http://irail.be/stations/NMBS/008893179,IC,2018-06-01T06:32:00,2018-06-01T06:32:00,-51,-51
http://irail.be/vehicle/IC727,http://irail.be/stations/NMBS/008893120,IC,2018-06-01T06:36:00,2018-06-01T06:35:00,221,-51
http://irail.be/vehicle/IC727,http://irail.be/stations/NMBS/008894151,IC,2018-06-01T06:43:00,2018-06-01T06:43:00,308,308
http://irail.be/vehicle/IC727,http://irail.be/stations/NMBS/008894201,IC,2018-06-01T06:50:00,2018-06-01T06:48:00,296,331
http://irail.be/vehicle/IC727,NO-URI,IC,2018-06-01T06:52:00,2018-06-01T06:52:00,278,278
http://irail.be/vehicle/IC727,http://irail.be/stations/NMBS/008894425,IC,2018-06-01T06:54:00,2018-06-01T06:54:00,277,277
http://irail.be/vehicle/IC727,http://irail.be/stations/NMBS/008894433,IC,2018-06-01T06:55:00,2018-06-01T06:55:00,266,266
http://irail.be/vehicle/IC727,http://irail.be/stations/NMBS/008894508,IC,2018-06-01T07:00:00,2018-06-01T06:58:00,193,247
http://irail.be/vehicle/IC727,NO-URI,IC,2018-06-01T07:02:00,2018-06-01T07:02:00,180,180
http://irail.be/vehicle/IC727,http://irail.be/stations/NMBS/008894714,IC,2018-06-01T07:03:00,2018-06-01T07:03:00,160,160
http://irail.be/vehicle/IC727,http://irail.be/stations/NMBS/008894748,IC,2018-06-01T07:06:00,2018-06-01T07:06:00,124,124
http://irail.be/vehicle/IC727,http://irail.be/stations/NMBS/008894755,IC,2018-06-01T07:07:00,2018-06-01T07:07:00,114,114
http://irail.be/vehicle/IC727,http://irail.be/stations/NMBS/008894821,IC,2018-06-01T07:08:00,2018-06-01T07:08:00,132,132
http://irail.be/vehicle/IC727,NO-URI,IC,2018-06-01T07:09:00,2018-06-01T07:09:00,132,132
http://irail.be/vehicle/IC727,http://irail.be/stations/NMBS/008821196,IC,2018-06-01T07:12:00,2018-06-01T07:12:00,88,88
http://irail.be/vehicle/IC727,http://irail.be/stations/NMBS/008821121,IC,2018-06-01T07:19:00,2018-06-01T07:17:00,-4,37
http://irail.be/vehicle/IC727,http://irail.be/stations/NMBS/008821006,IC,2018-06-01T07:23:00,2018-06-01T07:23:00,,-44
http://irail.be/vehicle/IC727,http://irail.be/stations/NMBS/008896735,IC,2018-05-13T05:08:00,2018-05-13T05:08:00,57,
http://irail.be/vehicle/IC727,http://irail.be/stations/NMBS/008896503,IC,2018-05-13T05:16:00,2018-05-13T05:15:00,93,44
http://irail.be/vehicle/IC727,http://irail.be/stations/NMBS/008896412,IC,2018-05-13T05:26:00,2018-05-13T05:25:00,88,91
http://irail.be/vehicle/IC727,http://irail.be/stations/NMBS/008896396,IC,2018-05-13T05:30:00,2018-05-13T05:29:00,88,88
http://irail.be/vehicle/IC727,http://irail.be/stations/NMBS/008896305,IC,2018-05-13T05:35:00,2018-05-13T05:34:00,77,88
http://irail.be/vehicle/IC727,http://irail.be/stations/NMBS/008896370,IC,2018-05-13T05:40:00,2018-05-13T05:40:00,87,77
http://irail.be/vehicle/IC727,http://irail.be/stations/NMBS/008896388,IC,2018-05-13T05:44:00,2018-05-13T05:44:00,87,87
http://irail.be/vehicle/IC727,http://irail.be/stations/NMBS/008896008,IC,2018-05-13T05:57:00,2018-05-13T05:50:00,36,55
http://irail.be/vehicle/IC727,http://irail.be/stations/NMBS/008896115,IC,2018-05-13T06:01:00,2018-05-13T06:01:00,2,2
http://irail.be/vehicle/IC727,http://irail.be/stations/NMBS/008896149,IC,2018-05-13T06:06:00,2018-05-13T06:05:00,-13,13
http://irail.be/vehicle/IC727,http://irail.be/stations/NMBS/008892106,IC,2018-05-13T06:15:00,2018-05-13T06:15:00,-162,-162
http://irail.be/vehicle/IC727,NO-URI,IC,2018-05-13T06:15:00,2018-05-13T06:15:00,-141,-141
http://irail.be/vehicle/IC727,http://irail.be/stations/NMBS/008892080,IC,2018-05-13T06:18:00,2018-05-13T06:18:00,-152,-152
http://irail.be/vehicle/IC727,http://irail.be/stations/NMBS/008892007,IC,2018-05-13T06:27:00,2018-05-13T06:24:00,55,-117
http://irail.be/vehicle/IC727,NO-URI,IC,2018-05-13T06:31:00,2018-05-13T06:31:00,64,64
http://irail.be/vehicle/IC727,http://irail.be/stations/NMBS/008893179,IC,2018-05-13T06:32:00,2018-05-13T06:32:00,124,124
http://irail.be/vehicle/IC727,http://irail.be/stations/NMBS/008893120,IC,2018-05-13T06:36:00,2018-05-13T06:35:00,72,124
http://irail.be/vehicle/IC727,http://irail.be/stations/NMBS/008894151,IC,2018-05-13T06:43:00,2018-05-13T06:43:00,297,297
http://irail.be/vehicle/IC727,http://irail.be/stations/NMBS/008894201,IC,2018-05-13T06:50:00,2018-05-13T06:48:00,309,335
http://irail.be/vehicle/IC727,NO-URI,IC,2018-05-13T06:52:00,2018-05-13T06:52:00,293,293
http://irail.be/vehicle/IC727,http://irail.be/stations/NMBS/008894425,IC,2018-05-13T06:54:00,2018-05-13T06:54:00,293,293
http://irail.be/vehicle/IC727,http://irail.be/stations/NMBS/008894433,IC,2018-05-13T06:55:00,2018-05-13T06:55:00,284,284
http://irail.be/vehicle/IC727,http://irail.be/stations/NMBS/008894508,IC,2018-05-13T07:00:00,2018-05-13T06:58:00,202,269
http://irail.be/vehicle/IC727,NO-URI,IC,2018-05-13T07:02:00,2018-05-13T07:02:00,193,193
http://irail.be/vehicle/IC727,http://irail.be/stations/NMBS/008894714,IC,2018-05-13T07:03:00,2018-05-13T07:03:00,175,175
http://irail.be/vehicle/IC727,http://irail.be/stations/NMBS/008894748,IC,2018-05-13T07:06:00,2018-05-13T07:06:00,141,141
http://irail.be/vehicle/IC727,http://irail.be/stations/NMBS/008894755,IC,2018-05-13T07:07:00,2018-05-13T07:07:00,137,137
http://irail.be/vehicle/IC727,http://irail.be/stations/NMBS/008894821,IC,2018-05-13T07:08:00,2018-05-13T07:08:00,158,158
http://irail.be/vehicle/IC727,NO-URI,IC,2018-05-13T07:09:00,2018-05-13T07:09:00,158,158
http://irail.be/vehicle/IC727,http://irail.be/stations/NMBS/008821196,IC,2018-05-13T07:12:00,2018-05-13T07:12:00,118,118
http://irail.be/vehicle/IC727,http://irail.be/stations/NMBS/008821121,IC,2018-05-13T07:19:00,2018-05-13T07:17:00,11,68
http://irail.be/vehicle/IC727,http://irail.be/stations/NMBS/008821006,IC,2018-05-13T07:23:00,2018-05-13T07:23:00,,-10
http://irail.be/vehicle/IC727,http://irail.be/stations/NMBS/008896735,IC,2018-10-05T05:08:00,2018-10-05T05:08:00,59,
http://irail.be/vehicle/IC727,http://irail.be/stations/NMBS/008896503,IC,2018-10-05T05:16:00,2018-10-05T05:15:00,32,43
http://irail.be/vehicle/IC727,http://irail.be/stations/NMBS/008896412,IC,2018-10-05T05:26:00,2018-10-05T05:25:00,-16,-12
http://irail.be/vehicle/IC727,http://irail.be/stations/NMBS/008896396,IC,2018-10-05T05:30:00,2018-10-05T05:29:00,-16,-16
http://irail.be/vehicle/IC727,http://irail.be/stations/NMBS/008896305,IC,2018-10-05T05:35:00,2018-10-05T05:34:00,-13,-16
http://irail.be/vehicle/IC727,http://irail.be/stations/NMBS/008896370,IC,2018-10-05T05:40:00,2018-10-05T05:39:00,-28,-13
http://irail.be/vehicle/IC727,http://irail.be/stations/NMBS/008896388,IC,2018-10-05T05:45:00,2018-10-05T05:44:00,-28,-28
http://irail.be/vehicle/IC727,http://irail.be/stations/NMBS/008896008,IC,2018-10-05T05:58:00,2018-10-05T05:50:00,32,-55
http://irail.be/vehicle/IC727,http://irail.be/stations/NMBS/008896115,IC,2018-10-05T06:02:00,2018-10-05T06:02:00,14,14
http://irail.be/vehicle/IC727,http://irail.be/stations/NMBS/008896149,IC,2018-10-05T06:08:00,2018-10-05T06:07:00,2,-29
http://irail.be/vehicle/IC727,http://irail.be/stations/NMBS/008892106,IC,2018-10-05T06:15:00,2018-10-05T06:15:00,-24,-24
http://irail.be/vehicle/IC727,NO-URI,IC,2018-10-05T06:15:00,2018-10-05T06:15:00,151,151
http://irail.be/vehicle/IC727,http://irail.be/stations/NMBS/008892080,IC,2018-10-05T06:18:00,2018-10-05T06:18:00,167,167
http://irail.be/vehicle/IC727,http://irail.be/stations/NMBS/008892007,IC,2018-10-05T06:27:00,2018-10-05T06:24:00,44,120
http://irail.be/vehicle/IC727,NO-URI,IC,2018-10-05T06:31:00,2018-10-05T06:31:00,94,94
http://irail.be/vehicle/IC727,http://irail.be/stations/NMBS/008893179,IC,2018-10-05T06:32:00,2018-10-05T06:32:00,-32,-32
http://irail.be/vehicle/IC727,http://irail.be/stations/NMBS/008893120,IC,2018-10-05T06:36:00,2018-10-05T06:35:00,106,-32
http://irail.be/vehicle/IC727,http://irail.be/stations/NMBS/008894151,IC,2018-10-05T06:43:00,2018-10-05T06:43:00,74,74
http://irail.be/vehicle/IC727,http://irail.be/stations/NMBS/008894201,IC,2018-10-05T06:50:00,2018-10-05T06:48:00,10,28
http://irail.be/vehicle/IC727,NO-URI,IC,2018-10-05T06:52:00,2018-10-05T06:52:00,-11,-11
http://irail.be/vehicle/IC727,http://irail.be/stations/NMBS/008894425,IC,2018-10-05T06:54:00,2018-10-05T06:54:00,-8,-8
http://irail.be/vehicle/IC727,http://irail.be/stations/NMBS/008894433,IC,2018-10-05T06:55:00,2018-10-05T06:55:00,-22,-22
http://irail.be/vehicle/IC727,http://irail.be/stations/NMBS/008894508,IC,2018-10-05T07:00:00,2018-10-05T06:58:00,0,-27
http://irail.be/vehicle/IC727,NO-URI,IC,2018-10-05T07:02:00,2018-10-05T07:02:00,9,9
http://irail.be/vehicle/IC727,http://irail.be/stations/NMBS/008894714,IC,2018-10-05T07:03:00,2018-10-05T07:03:00,-7,-7
http://irail.be/vehicle/IC727,http://irail.be/stations/NMBS/008894748,IC,2018-10-05T07:06:00,2018-10-05T07:06:00,-43,-43
http://irail.be/vehicle/IC727,http://irail.be/stations/NMBS/008894755,IC,2018-10-05T07:07:00,2018-10-05T07:07:00,-50,-50
http://irail.be/vehicle/IC727,http://irail.be/stations/NMBS/008894821,IC,2018-10-05T07:08:00,2018-10-05T07:08:00,-32,-32
http://irail.be/vehicle/IC727,http://irail.be/stations/NMBS/008821196,IC,2018-10-05T07:12:00,2018-10-05T07:12:00,-70,-70
http://irail.be/vehicle/IC727,http://irail.be/stations/NMBS/008821121,IC,2018-10-05T07:19:00,2018-10-05T07:17:00,59,68
http://irail.be/vehicle/IC727,http://irail.be/stations/NMBS/008821006,IC,2018-10-05T07:23:00,2018-10-05T07:23:00,,22
http://irail.be/vehicle/IC727,http://irail.be/stations/NMBS/008896735,IC,2018-08-28T05:08:00,2018-08-28T05:08:00,54,
http://irail.be/vehicle/IC727,http://irail.be/stations/NMBS/008896503,IC,2018-08-28T05:16:00,2018-08-28T05:15:00,54,49
http://irail.be/vehicle/IC727,http://irail.be/stations/NMBS/008896412,IC,2018-08-28T05:26:00,2018-08-28T05:25:00,61,35
http://irail.be/vehicle/IC727,http://irail.be/stations/NMBS/008896396,IC,2018-08-28T05:30:00,2018-08-28T05:29:00,61,61
http://irail.be/vehicle/IC727,http://irail.be/stations/NMBS/008896305,IC,2018-08-28T05:35:00,2018-08-28T05:34:00,61,61
http://irail.be/vehicle/IC727,http://irail.be/stations/NMBS/008896370,IC,2018-08-28T05:40:00,2018-08-28T05:39:00,61,61
http://irail.be/vehicle/IC727,http://irail.be/stations/NMBS/008896388,IC,2018-08-28T05:45:00,2018-08-28T05:44:00,-21,-21
http://irail.be/vehicle/IC727,http://irail.be/stations/NMBS/008896008,IC,2018-08-28T05:58:00,2018-08-28T05:50:00,29,14
http://irail.be/vehicle/IC727,http://irail.be/stations/NMBS/008896115,IC,2018-08-28T06:02:00,2018-08-28T06:02:00,61,61
http://irail.be/vehicle/IC727,http://irail.be/stations/NMBS/008896149,IC,2018-08-28T06:08:00,2018-08-28T06:07:00,46,26
http://irail.be/vehicle/IC727,http://irail.be/stations/NMBS/008892106,IC,2018-08-28T06:15:00,2018-08-28T06:15:00,6,6
http://irail.be/vehicle/IC727,NO-URI,IC,2018-08-28T06:15:00,2018-08-28T06:15:00,38,38
http://irail.be/vehicle/IC727,http://irail.be/stations/NMBS/008892080,IC,2018-08-28T06:18:00,2018-08-28T06:18:00,8,8
http://irail.be/vehicle/IC727,http://irail.be/stations/NMBS/008892007,IC,2018-08-28T06:27:00,2018-08-28T06:24:00,8,21
http://irail.be/vehicle/IC727,NO-URI,IC,2018-08-28T06:31:00,2018-08-28T06:31:00,39,39
http://irail.be/vehicle/IC727,http://irail.be/stations/NMBS/008893179,IC,2018-08-28T06:32:00,2018-08-28T06:32:00,-148,-148
http://irail.be/vehicle/IC727,http://irail.be/stations/NMBS/008893120,IC,2018-08-28T06:36:00,2018-08-28T06:35:00,60,-148
http://irail.be/vehicle/IC727,http://irail.be/stations/NMBS/008894151,IC,2018-08-28T06:43:00,2018-08-28T06:43:00,53,53
http://irail.be/vehicle/IC727,http://irail.be/stations/NMBS/008894201,IC,2018-08-28T06:50:00,2018-08-28T06:48:00,18,17
http://irail.be/vehicle/IC727,NO-URI,IC,2018-08-28T06:52:00,2018-08-28T06:52:00,23,23
http://irail.be/vehicle/IC727,http://irail.be/stations/NMBS/008894425,IC,2018-08-28T06:54:00,2018-08-28T06:54:00,40,40
http://irail.be/vehicle/IC727,http://irail.be/stations/NMBS/008894433,IC,2018-08-28T06:55:00,2018-08-28T06:55:00,29,29
http://irail.be/vehicle/IC727,http://irail.be/stations/NMBS/008894508,IC,2018-08-28T07:00:00,2018-08-28T06:58:00,25,21
http://irail.be/vehicle/IC727,NO-URI,IC,2018-08-28T07:02:00,2018-08-28T07:02:00,46,46
http://irail.be/vehicle/IC727,http://irail.be/stations/NMBS/008894714,IC,2018-08-28T07:03:00,2018-08-28T07:03:00,36,36
http://irail.be/vehicle/IC727,http://irail.be/stations/NMBS/008894748,IC,2018-08-28T07:06:00,2018-08-28T07:06:00,13,13
http://irail.be/vehicle/IC727,http://irail.be/stations/NMBS/008894755,IC,2018-08-28T07:07:00,2018-08-28T07:07:00,10,10
http://irail.be/vehicle/IC727,http://irail.be/stations/NMBS/008894821,IC,2018-08-28T07:08:00,2018-08-28T07:08:00,35,35
http://irail.be/vehicle/IC727,http://irail.be/stations/NMBS/008821196,IC,2018-08-28T07:12:00,2018-08-28T07:12:00,19,19
http://irail.be/vehicle/IC727,http://irail.be/stations/NMBS/008821121,IC,2018-08-28T07:19:00,2018-08-28T07:17:00,135,33
http://irail.be/vehicle/IC727,http://irail.be/stations/NMBS/008821006,IC,2018-08-28T07:23:00,2018-08-28T07:23:00,,133
http://irail.be/vehicle/IC727,http://irail.be/stations/NMBS/008896735,IC,2018-04-12T05:08:00,2018-04-12T05:08:00,44,
http://irail.be/vehicle/IC727,http://irail.be/stations/NMBS/008896503,IC,2018-04-12T05:16:00,2018-04-12T05:15:00,78,42
http://irail.be/vehicle/IC727,http://irail.be/stations/NMBS/008896412,IC,2018-04-12T05:26:00,2018-04-12T05:25:00,142,69
http://irail.be/vehicle/IC727,http://irail.be/stations/NMBS/008896396,IC,2018-04-12T05:30:00,2018-04-12T05:29:00,142,142
http://irail.be/vehicle/IC727,http://irail.be/stations/NMBS/008896305,IC,2018-04-12T05:35:00,2018-04-12T05:34:00,122,142
http://irail.be/vehicle/IC727,http://irail.be/stations/NMBS/008896370,IC,2018-04-12T05:40:00,2018-04-12T05:40:00,178,122
http://irail.be/vehicle/IC727,http://irail.be/stations/NMBS/008896388,IC,2018-04-12T05:44:00,2018-04-12T05:44:00,178,178
http://irail.be/vehicle/IC727,http://irail.be/stations/NMBS/008896008,IC,2018-04-12T05:57:00,2018-04-12T05:50:00,90,115
http://irail.be/vehicle/IC727,http://irail.be/stations/NMBS/008896115,IC,2018-04-12T06:01:00,2018-04-12T06:01:00,94,94
http://irail.be/vehicle/IC727,http://irail.be/stations/NMBS/008896149,IC,2018-04-12T06:06:00,2018-04-12T06:05:00,110,93
http://irail.be/vehicle/IC727,http://irail.be/stations/NMBS/008892106,IC,2018-04-12T06:15:00,2018-04-12T06:15:00,-38,-38
http://irail.be/vehicle/IC727,NO-URI,IC,2018-04-12T06:15:00,2018-04-12T06:15:00,-21,-21
http://irail.be/vehicle/IC727,http://irail.be/stations/NMBS/008892080,IC,2018-04-12T06:18:00,2018-04-12T06:18:00,-43,-43
http://irail.be/vehicle/IC727,http://irail.be/stations/NMBS/008892007,IC,2018-04-12T06:27:00,2018-04-12T06:24:00,19,10
http://irail.be/vehicle/IC727,NO-URI,IC,2018-04-12T06:31:00,2018-04-12T06:31:00,43,43
http://irail.be/vehicle/IC727,http://irail.be/stations/NMBS/008893179,IC,2018-04-12T06:32:00,2018-04-12T06:32:00,-164,-164
http://irail.be/vehicle/IC727,http://irail.be/stations/NMBS/008893120,IC,2018-04-12T06:36:00,2018-04-12T06:35:00,50,-164
http://irail.be/vehicle/IC727,http://irail.be/stations/NMBS/008894151,IC,2018-04-12T06:43:00,2018-04-12T06:43:00,20,20
http://irail.be/vehicle/IC727,http://irail.be/stations/NMBS/008894201,IC,2018-04-12T06:50:00,2018-04-12T06:48:00,9,-24
http://irail.be/vehicle/IC727,NO-URI,IC,2018-04-12T06:52:00,2018-04-12T06:52:00,1,1
http://irail.be/vehicle/IC727,http://irail.be/stations/NMBS/008894425,IC,2018-04-12T06:54:00,2018-04-12T06:54:00,6,6
http://irail.be/vehicle/IC727,http://irail.be/stations/NMBS/008894433,IC,2018-04-12T06:55:00,2018-04-12T06:55:00,-3,-3
http://irail.be/vehicle/IC727,http://irail.be/stations/NMBS/008894508,IC,2018-04-12T07:00:00,2018-04-12T06:58:00,7,-20
http://irail.be/vehicle/IC727,NO-URI,IC,2018-04-12T07:02:00,2018-04-12T07:02:00,38,38
http://irail.be/vehicle/IC727,http://irail.be/stations/NMBS/008894714,IC,2018-04-12T07:03:00,2018-04-12T07:03:00,26,26
http://irail.be/vehicle/IC727,http://irail.be/stations/NMBS/008894748,IC,2018-04-12T07:06:00,2018-04-12T07:06:00,-6,-6
http://irail.be/vehicle/IC727,http://irail.be/stations/NMBS/008894755,IC,2018-04-12T07:07:00,2018-04-12T07:07:00,-13,-13
http://irail.be/vehicle/IC727,http://irail.be/stations/NMBS/008894821,IC,2018-04-12T07:08:00,2018-04-12T07:08:00,6,6
http://irail.be/vehicle/IC727,NO-URI,IC,2018-04-12T07:09:00,2018-04-12T07:09:00,6,6
http://irail.be/vehicle/IC727,http://irail.be/stations/NMBS/008821196,IC,2018-04-12T07:12:00,2018-04-12T07:12:00,-32,-32
http://irail.be/vehicle/IC727,http://irail.be/stations/NMBS/008821121,IC,2018-04-12T07:19:00,2018-04-12T07:17:00,244,-47
http://irail.be/vehicle/IC727,http://irail.be/stations/NMBS/008821006,IC,2018-04-12T07:23:00,2018-04-12T07:23:00,,216
http://irail.be/vehicle/IC727,http://irail.be/stations/NMBS/008896735,IC,2018-11-16T05:08:00,2018-11-16T05:08:00,54,
http://irail.be/vehicle/IC727,http://irail.be/stations/NMBS/008896503,IC,2018-11-16T05:16:00,2018-11-16T05:15:00,29,36
http://irail.be/vehicle/IC727,http://irail.be/stations/NMBS/008896412,IC,2018-11-16T05:26:00,2018-11-16T05:25:00,53,16
http://irail.be/vehicle/IC727,http://irail.be/stations/NMBS/008896396,IC,2018-11-16T05:30:00,2018-11-16T05:29:00,53,53
http://irail.be/vehicle/IC727,http://irail.be/stations/NMBS/008896305,IC,2018-11-16T05:35:00,2018-11-16T05:34:00,42,53
http://irail.be/vehicle/IC727,http://irail.be/stations/NMBS/008896370,IC,2018-11-16T05:40:00,2018-11-16T05:39:00,5,42
http://irail.be/vehicle/IC727,http://irail.be/stations/NMBS/008896388,IC,2018-11-16T05:45:00,2018-11-16T05:44:00,5,5
http://irail.be/vehicle/IC727,http://irail.be/stations/NMBS/008896008,IC,2018-11-16T05:58:00,2018-11-16T05:50:00,24,-38
http://irail.be/vehicle/IC727,http://irail.be/stations/NMBS/008896115,IC,2018-11-16T06:02:00,2018-11-16T06:02:00,35,35
http://irail.be/vehicle/IC727,http://irail.be/stations/NMBS/008896149,IC,2018-11-16T06:08:00,2018-11-16T06:07:00,328,197
http://irail.be/vehicle/IC727,http://irail.be/stations/NMBS/008892106,IC,2018-11-16T06:15:00,2018-11-16T06:15:00,313,313
http://irail.be/vehicle/IC727,NO-URI,IC,2018-11-16T06:15:00,2018-11-16T06:15:00,349,349
http://irail.be/vehicle/IC727,http://irail.be/stations/NMBS/008892080,IC,2018-11-16T06:18:00,2018-11-16T06:18:00,325,325
http://irail.be/vehicle/IC727,http://irail.be/stations/NMBS/008892007,IC,2018-11-16T06:27:00,2018-11-16T06:24:00,321,371
http://irail.be/vehicle/IC727,NO-URI,IC,2018-11-16T06:31:00,2018-11-16T06:31:00,367,367
http://irail.be/vehicle/IC727,http://irail.be/stations/NMBS/008893179,IC,2018-11-16T06:32:00,2018-11-16T06:32:00,350,350
http://irail.be/vehicle/IC727,http://irail.be/stations/NMBS/008893120,IC,2018-11-16T06:36:00,2018-11-16T06:35:00,324,246
http://irail.be/vehicle/IC727,http://irail.be/stations/NMBS/008894151,IC,2018-11-16T06:43:00,2018-11-16T06:43:00,294,294
http://irail.be/vehicle/IC727,http://irail.be/stations/NMBS/008894201,IC,2018-11-16T06:50:00,2018-11-16T06:48:00,327,357
http://irail.be/vehicle/IC727,NO-URI,IC,2018-11-16T06:52:00,2018-11-16T06:52:00,307,307
http://irail.be/vehicle/IC727,http://irail.be/stations/NMBS/008894425,IC,2018-11-16T06:54:00,2018-11-16T06:54:00,309,309
http://irail.be/vehicle/IC727,http://irail.be/stations/NMBS/008894433,IC,2018-11-16T06:55:00,2018-11-16T06:55:00,296,296
http://irail.be/vehicle/IC727,http://irail.be/stations/NMBS/008894508,IC,2018-11-16T07:00:00,2018-11-16T06:58:00,258,284
http://irail.be/vehicle/IC727,NO-URI,IC,2018-11-16T07:02:00,2018-11-16T07:02:00,267,267
http://irail.be/vehicle/IC727,http://irail.be/stations/NMBS/008894714,IC,2018-11-16T07:03:00,2018-11-16T07:03:00,251,251
http://irail.be/vehicle/IC727,http://irail.be/stations/NMBS/008894748,IC,2018-11-16T07:06:00,2018-11-16T07:06:00,216,216
http://irail.be/vehicle/IC727,http://irail.be/stations/NMBS/008894755,IC,2018-11-16T07:07:00,2018-11-16T07:07:00,355,355
http://irail.be/vehicle/IC727,http://irail.be/stations/NMBS/008894821,IC,2018-11-16T07:08:00,2018-11-16T07:08:00,419,419
http://irail.be/vehicle/IC727,http://irail.be/stations/NMBS/008821196,IC,2018-11-16T07:12:00,2018-11-16T07:12:00,383,383
http://irail.be/vehicle/IC727,http://irail.be/stations/NMBS/008821121,IC,2018-11-16T07:19:00,2018-11-16T07:17:00,323,383
http://irail.be/vehicle/IC727,http://irail.be/stations/NMBS/008821006,IC,2018-11-16T07:23:00,2018-11-16T07:23:00,,289
http://irail.be/vehicle/IC727,http://irail.be/stations/NMBS/008896735,IC,2018-07-06T05:08:00,2018-07-06T05:08:00,50,
http://irail.be/vehicle/IC727,http://irail.be/stations/NMBS/008896503,IC,2018-07-06T05:16:00,2018-07-06T05:15:00,18,25
http://irail.be/vehicle/IC727,http://irail.be/stations/NMBS/008896412,IC,2018-07-06T05:26:00,2018-07-06T05:25:00,-5,-13
http://irail.be/vehicle/IC727,http://irail.be/stations/NMBS/008896396,IC,2018-07-06T05:30:00,2018-07-06T05:29:00,-5,-5
http://irail.be/vehicle/IC727,http://irail.be/stations/NMBS/008896305,IC,2018-07-06T05:35:00,2018-07-06T05:34:00,-10,-5
http://irail.be/vehicle/IC727,http://irail.be/stations/NMBS/008896370,IC,2018-07-06T05:40:00,2018-07-06T05:39:00,2,-10
http://irail.be/vehicle/IC727,http://irail.be/stations/NMBS/008896388,IC,2018-07-06T05:45:00,2018-07-06T05:44:00,2,2
http://irail.be/vehicle/IC727,http://irail.be/stations/NMBS/008896008,IC,2018-07-06T05:58:00,2018-07-06T05:50:00,41,14
http://irail.be/vehicle/IC727,http://irail.be/stations/NMBS/008896115,IC,2018-07-06T06:02:00,2018-07-06T06:02:00,9,9
http://irail.be/vehicle/IC727,http://irail.be/stations/NMBS/008896149,IC,2018-07-06T06:08:00,2018-07-06T06:07:00,-58,-34
http://irail.be/vehicle/IC727,http://irail.be/stations/NMBS/008892106,IC,2018-07-06T06:15:00,2018-07-06T06:15:00,-115,-115
http://irail.be/vehicle/IC727,NO-URI,IC,2018-07-06T06:15:00,2018-07-06T06:15:00,-82,-82
http://irail.be/vehicle/IC727,http://irail.be/stations/NMBS/008892080,IC,2018-07-06T06:18:00,2018-07-06T06:18:00,-113,-113
http://irail.be/vehicle/IC727,http://irail.be/stations/NMBS/008892007,IC,2018-07-06T06:27:00,2018-07-06T06:24:00,-5,-145
http://irail.be/vehicle/IC727,NO-URI,IC,2018-07-06T06:31:00,2018-07-06T06:31:00,8,8
http://irail.be/vehicle/IC727,http://irail.be/stations/NMBS/008893179,IC,2018-07-06T06:32:00,2018-07-06T06:32:00,-204,-204
http://irail.be/vehicle/IC727,http://irail.be/stations/NMBS/008893120,IC,2018-07-06T06:36:00,2018-07-06T06:35:00,18,-204
http://irail.be/vehicle/IC727,http://irail.be/stations/NMBS/008894151,IC,2018-07-06T06:43:00,2018-07-06T06:43:00,-28,-28
http://irail.be/vehicle/IC727,http://irail.be/stations/NMBS/008894201,IC,2018-07-06T06:50:00,2018-07-06T06:48:00,27,-74
http://irail.be/vehicle/IC727,NO-URI,IC,2018-07-06T06:52:00,2018-07-06T06:52:00,12,12
http://irail.be/vehicle/IC727,http://irail.be/stations/NMBS/008894425,IC,2018-07-06T06:54:00,2018-07-06T06:54:00,16,16
http://irail.be/vehicle/IC727,http://irail.be/stations/NMBS/008894433,IC,2018-07-06T06:55:00,2018-07-06T06:55:00,4,4
http://irail.be/vehicle/IC727,http://irail.be/stations/NMBS/008894508,IC,2018-07-06T07:00:00,2018-07-06T06:58:00,-15,-14
http://irail.be/vehicle/IC727,NO-URI,IC,2018-07-06T07:02:00,2018-07-06T07:02:00,-22,-22
http://irail.be/vehicle/IC727,http://irail.be/stations/NMBS/008894714,IC,2018-07-06T07:03:00,2018-07-06T07:03:00,-41,-41
http://irail.be/vehicle/IC727,http://irail.be/stations/NMBS/008894748,IC,2018-07-06T07:06:00,2018-07-06T07:06:00,-80,-80
http://irail.be/vehicle/IC727,http://irail.be/stations/NMBS/008894755,IC,2018-07-06T07:07:00,2018-07-06T07:07:00,-90,-90
http://irail.be/vehicle/IC727,http://irail.be/stations/NMBS/008894821,IC,2018-07-06T07:08:00,2018-07-06T07:08:00,-73,-73
http://irail.be/vehicle/IC727,http://irail.be/stations/NMBS/008821196,IC,2018-07-06T07:12:00,2018-07-06T07:12:00,-108,-108
http://irail.be/vehicle/IC727,http://irail.be/stations/NMBS/008821121,IC,2018-07-06T07:19:00,2018-07-06T07:17:00,-12,-60
http://irail.be/vehicle/IC727,http://irail.be/stations/NMBS/008821006,IC,2018-07-06T07:23:00,2018-07-06T07:23:00,,-44
http://irail.be/vehicle/IC727,http://irail.be/stations/NMBS/008896735,IC,2018-05-14T05:08:00,2018-05-14T05:08:00,42,
http://irail.be/vehicle/IC727,http://irail.be/stations/NMBS/008896503,IC,2018-05-14T05:16:00,2018-05-14T05:15:00,69,38
http://irail.be/vehicle/IC727,http://irail.be/stations/NMBS/008896412,IC,2018-05-14T05:26:00,2018-05-14T05:25:00,36,56
http://irail.be/vehicle/IC727,http://irail.be/stations/NMBS/008896396,IC,2018-05-14T05:30:00,2018-05-14T05:29:00,36,36
http://irail.be/vehicle/IC727,http://irail.be/stations/NMBS/008896305,IC,2018-05-14T05:35:00,2018-05-14T05:34:00,36,36
http://irail.be/vehicle/IC727,http://irail.be/stations/NMBS/008896370,IC,2018-05-14T05:40:00,2018-05-14T05:40:00,59,36
http://irail.be/vehicle/IC727,http://irail.be/stations/NMBS/008896388,IC,2018-05-14T05:44:00,2018-05-14T05:44:00,59,59
http://irail.be/vehicle/IC727,http://irail.be/stations/NMBS/008896008,IC,2018-05-14T05:57:00,2018-05-14T05:50:00,33,-26
http://irail.be/vehicle/IC727,http://irail.be/stations/NMBS/008896115,IC,2018-05-14T06:01:00,2018-05-14T06:01:00,32,32
http://irail.be/vehicle/IC727,http://irail.be/stations/NMBS/008896149,IC,2018-05-14T06:06:00,2018-05-14T06:05:00,93,88
http://irail.be/vehicle/IC727,http://irail.be/stations/NMBS/008892106,IC,2018-05-14T06:15:00,2018-05-14T06:15:00,-27,-27
http://irail.be/vehicle/IC727,NO-URI,IC,2018-05-14T06:15:00,2018-05-14T06:15:00,131,131
http://irail.be/vehicle/IC727,http://irail.be/stations/NMBS/008892080,IC,2018-05-14T06:18:00,2018-05-14T06:18:00,157,157
http://irail.be/vehicle/IC727,http://irail.be/stations/NMBS/008892007,IC,2018-05-14T06:27:00,2018-05-14T06:24:00,91,185
http://irail.be/vehicle/IC727,NO-URI,IC,2018-05-14T06:31:00,2018-05-14T06:31:00,129,129
http://irail.be/vehicle/IC727,http://irail.be/stations/NMBS/008893179,IC,2018-05-14T06:32:00,2018-05-14T06:32:00,-80,-80
http://irail.be/vehicle/IC727,http://irail.be/stations/NMBS/008893120,IC,2018-05-14T06:36:00,2018-05-14T06:35:00,113,-80
http://irail.be/vehicle/IC727,http://irail.be/stations/NMBS/008894151,IC,2018-05-14T06:43:00,2018-05-14T06:43:00,198,198
http://irail.be/vehicle/IC727,http://irail.be/stations/NMBS/008894201,IC,2018-05-14T06:50:00,2018-05-14T06:48:00,106,154
http://irail.be/vehicle/IC727,NO-URI,IC,2018-05-14T06:52:00,2018-05-14T06:52:00,94,94
http://irail.be/vehicle/IC727,http://irail.be/stations/NMBS/008894425,IC,2018-05-14T06:54:00,2018-05-14T06:54:00,96,96
http://irail.be/vehicle/IC727,http://irail.be/stations/NMBS/008894433,IC,2018-05-14T06:55:00,2018-05-14T06:55:00,86,86
http://irail.be/vehicle/IC727,http://irail.be/stations/NMBS/008894508,IC,2018-05-14T07:00:00,2018-05-14T06:58:00,74,73
http://irail.be/vehicle/IC727,NO-URI,IC,2018-05-14T07:02:00,2018-05-14T07:02:00,78,78
http://irail.be/vehicle/IC727,http://irail.be/stations/NMBS/008894714,IC,2018-05-14T07:03:00,2018-05-14T07:03:00,61,61
http://irail.be/vehicle/IC727,http://irail.be/stations/NMBS/008894748,IC,2018-05-14T07:06:00,2018-05-14T07:06:00,30,30
http://irail.be/vehicle/IC727,http://irail.be/stations/NMBS/008894755,IC,2018-05-14T07:07:00,2018-05-14T07:07:00,22,22
http://irail.be/vehicle/IC727,http://irail.be/stations/NMBS/008894821,IC,2018-05-14T07:08:00,2018-05-14T07:08:00,46,46
http://irail.be/vehicle/IC727,NO-URI,IC,2018-05-14T07:09:00,2018-05-14T07:09:00,46,46
http://irail.be/vehicle/IC727,http://irail.be/stations/NMBS/008821196,IC,2018-05-14T07:12:00,2018-05-14T07:12:00,33,33
http://irail.be/vehicle/IC727,http://irail.be/stations/NMBS/008821121,IC,2018-05-14T07:19:00,2018-05-14T07:17:00,-22,-10
http://irail.be/vehicle/IC727,http://irail.be/stations/NMBS/008821006,IC,2018-05-14T07:23:00,2018-05-14T07:23:00,,-52
http://irail.be/vehicle/IC727,http://irail.be/stations/NMBS/008896735,IC,2018-11-24T05:08:00,2018-11-24T05:08:00,38,
http://irail.be/vehicle/IC727,http://irail.be/stations/NMBS/008896503,IC,2018-11-24T05:16:00,2018-11-24T05:15:00,80,45
http://irail.be/vehicle/IC727,http://irail.be/stations/NMBS/008896412,IC,2018-11-24T05:26:00,2018-11-24T05:25:00,161,79
http://irail.be/vehicle/IC727,http://irail.be/stations/NMBS/008896396,IC,2018-11-24T05:30:00,2018-11-24T05:29:00,161,161
http://irail.be/vehicle/IC727,http://irail.be/stations/NMBS/008896305,IC,2018-11-24T05:35:00,2018-11-24T05:34:00,169,161
http://irail.be/vehicle/IC727,http://irail.be/stations/NMBS/008896370,IC,2018-11-24T05:40:00,2018-11-24T05:39:00,127,169
http://irail.be/vehicle/IC727,http://irail.be/stations/NMBS/008896388,IC,2018-11-24T05:45:00,2018-11-24T05:44:00,127,127
http://irail.be/vehicle/IC727,http://irail.be/stations/NMBS/008896008,IC,2018-11-24T05:58:00,2018-11-24T05:50:00,35,146
http://irail.be/vehicle/IC727,http://irail.be/stations/NMBS/008896115,IC,2018-11-24T06:02:00,2018-11-24T06:02:00,19,19
http://irail.be/vehicle/IC727,http://irail.be/stations/NMBS/008896149,IC,2018-11-24T06:08:00,2018-11-24T06:07:00,-23,-22
http://irail.be/vehicle/IC727,http://irail.be/stations/NMBS/008892106,IC,2018-11-24T06:15:00,2018-11-24T06:15:00,-73,-73
http://irail.be/vehicle/IC727,NO-URI,IC,2018-11-24T06:15:00,2018-11-24T06:15:00,-40,-40
http://irail.be/vehicle/IC727,http://irail.be/stations/NMBS/008892080,IC,2018-11-24T06:18:00,2018-11-24T06:18:00,-65,-65
http://irail.be/vehicle/IC727,http://irail.be/stations/NMBS/008892007,IC,2018-11-24T06:27:00,2018-11-24T06:24:00,5,-100
http://irail.be/vehicle/IC727,NO-URI,IC,2018-11-24T06:31:00,2018-11-24T06:31:00,14,14
http://irail.be/vehicle/IC727,http://irail.be/stations/NMBS/008893179,IC,2018-11-24T06:32:00,2018-11-24T06:32:00,-4,-4
http://irail.be/vehicle/IC727,http://irail.be/stations/NMBS/008893120,IC,2018-11-24T06:36:00,2018-11-24T06:35:00,16,-112
http://irail.be/vehicle/IC727,http://irail.be/stations/NMBS/008894151,IC,2018-11-24T06:43:00,2018-11-24T06:43:00,-19,-19
http://irail.be/vehicle/IC727,http://irail.be/stations/NMBS/008894201,IC,2018-11-24T06:50:00,2018-11-24T06:48:00,28,-59
http://irail.be/vehicle/IC727,NO-URI,IC,2018-11-24T06:52:00,2018-11-24T06:52:00,23,23
http://irail.be/vehicle/IC727,http://irail.be/stations/NMBS/008894425,IC,2018-11-24T06:54:00,2018-11-24T06:54:00,31,31
http://irail.be/vehicle/IC727,http://irail.be/stations/NMBS/008894433,IC,2018-11-24T06:55:00,2018-11-24T06:55:00,20,20
http://irail.be/vehicle/IC727,http://irail.be/stations/NMBS/008894508,IC,2018-11-24T07:00:00,2018-11-24T06:58:00,31,9
http://irail.be/vehicle/IC727,NO-URI,IC,2018-11-24T07:02:00,2018-11-24T07:02:00,19,19
http://irail.be/vehicle/IC727,http://irail.be/stations/NMBS/008894714,IC,2018-11-24T07:03:00,2018-11-24T07:03:00,0,0
http://irail.be/vehicle/IC727,http://irail.be/stations/NMBS/008894748,IC,2018-11-24T07:06:00,2018-11-24T07:06:00,-33,-33
http://irail.be/vehicle/IC727,http://irail.be/stations/NMBS/008894755,IC,2018-11-24T07:07:00,2018-11-24T07:07:00,-40,-40
http://irail.be/vehicle/IC727,http://irail.be/stations/NMBS/008894821,IC,2018-11-24T07:08:00,2018-11-24T07:08:00,-20,-20
http://irail.be/vehicle/IC727,http://irail.be/stations/NMBS/008821196,IC,2018-11-24T07:12:00,2018-11-24T07:12:00,-54,-54
http://irail.be/vehicle/IC727,http://irail.be/stations/NMBS/008821121,IC,2018-11-24T07:19:00,2018-11-24T07:17:00,-7,-101
http://irail.be/vehicle/IC727,http://irail.be/stations/NMBS/008821006,IC,2018-11-24T07:23:00,2018-11-24T07:23:00,,-27
http://irail.be/vehicle/IC727,http://irail.be/stations/NMBS/008896735,IC,2018-11-11T05:08:00,2018-11-11T05:08:00,96,
http://irail.be/vehicle/IC727,http://irail.be/stations/NMBS/008896503,IC,2018-11-11T05:16:00,2018-11-11T05:15:00,62,68
http://irail.be/vehicle/IC727,http://irail.be/stations/NMBS/008896412,IC,2018-11-11T05:26:00,2018-11-11T05:25:00,15,28
http://irail.be/vehicle/IC727,http://irail.be/stations/NMBS/008896396,IC,2018-11-11T05:30:00,2018-11-11T05:29:00,15,15
http://irail.be/vehicle/IC727,http://irail.be/stations/NMBS/008896305,IC,2018-11-11T05:35:00,2018-11-11T05:34:00,-5,15
http://irail.be/vehicle/IC727,http://irail.be/stations/NMBS/008896370,IC,2018-11-11T05:40:00,2018-11-11T05:39:00,-14,-5
http://irail.be/vehicle/IC727,http://irail.be/stations/NMBS/008896388,IC,2018-11-11T05:45:00,2018-11-11T05:44:00,-14,-14
http://irail.be/vehicle/IC727,http://irail.be/stations/NMBS/008896008,IC,2018-11-11T05:58:00,2018-11-11T05:50:00,37,-51
http://irail.be/vehicle/IC727,http://irail.be/stations/NMBS/008896115,IC,2018-11-11T06:02:00,2018-11-11T06:02:00,24,24
http://irail.be/vehicle/IC727,http://irail.be/stations/NMBS/008896149,IC,2018-11-11T06:08:00,2018-11-11T06:07:00,3,0
http://irail.be/vehicle/IC727,http://irail.be/stations/NMBS/008892106,IC,2018-11-11T06:15:00,2018-11-11T06:15:00,-39,-39
http://irail.be/vehicle/IC727,NO-URI,IC,2018-11-11T06:15:00,2018-11-11T06:15:00,-4,-4
http://irail.be/vehicle/IC727,http://irail.be/stations/NMBS/008892080,IC,2018-11-11T06:18:00,2018-11-11T06:18:00,-22,-22
http://irail.be/vehicle/IC727,http://irail.be/stations/NMBS/008892007,IC,2018-11-11T06:27:00,2018-11-11T06:24:00,89,-40
http://irail.be/vehicle/IC727,http://irail.be/stations/NMBS/008893013,IC,2018-11-11T06:30:00,2018-11-11T06:30:00,109,109
http://irail.be/vehicle/IC727,http://irail.be/stations/NMBS/008893039,IC,2018-11-11T06:32:00,2018-11-11T06:32:00,126,126
http://irail.be/vehicle/IC727,http://irail.be/stations/NMBS/008893567,IC,2018-11-11T06:34:00,2018-11-11T06:34:00,96,96
http://irail.be/vehicle/IC727,http://irail.be/stations/NMBS/008893559,IC,2018-11-11T06:37:00,2018-11-11T06:37:00,29,29
http://irail.be/vehicle/IC727,http://irail.be/stations/NMBS/008893542,IC,2018-11-11T06:39:00,2018-11-11T06:39:00,94,94
http://irail.be/vehicle/IC727,http://irail.be/stations/NMBS/008893534,IC,2018-11-11T06:41:00,2018-11-11T06:41:00,115,115
http://irail.be/vehicle/IC727,http://irail.be/stations/NMBS/008893526,IC,2018-11-11T06:43:00,2018-11-11T06:43:00,32,32
http://irail.be/vehicle/IC727,http://irail.be/stations/NMBS/008893518,IC,2018-11-11T06:46:00,2018-11-11T06:46:00,32,32
http://irail.be/vehicle/IC727,http://irail.be/stations/NMBS/008893401,IC,2018-11-11T06:48:00,2018-11-11T06:48:00,80,80
http://irail.be/vehicle/IC727,http://irail.be/stations/NMBS/008822160,IC,2018-11-11T06:51:00,2018-11-11T06:51:00,86,86
http://irail.be/vehicle/IC727,http://irail.be/stations/NMBS/008822145,IC,2018-11-11T06:53:00,2018-11-11T06:53:00,68,68
http://irail.be/vehicle/IC727,http://irail.be/stations/NMBS/008822137,IC,2018-11-11T06:55:00,2018-11-11T06:55:00,-16,-16
http://irail.be/vehicle/IC727,http://irail.be/stations/NMBS/008822111,IC,2018-11-11T06:58:00,2018-11-11T06:58:00,-16,-16
http://irail.be/vehicle/IC727,http://irail.be/stations/NMBS/008822053,IC,2018-11-11T07:01:00,2018-11-11T07:01:00,-29,-29
http://irail.be/vehicle/IC727,http://irail.be/stations/NMBS/008822004,IC,2018-11-11T07:10:00,2018-11-11T07:08:00,61,-42
http://irail.be/vehicle/IC727,http://irail.be/stations/NMBS/008822343,IC,2018-11-11T07:11:00,2018-11-11T07:11:00,61,61
http://irail.be/vehicle/IC727,http://irail.be/stations/NMBS/008822228,IC,2018-11-11T07:14:00,2018-11-11T07:14:00,-26,-26
http://irail.be/vehicle/IC727,http://irail.be/stations/NMBS/008822210,IC,2018-11-11T07:16:00,2018-11-11T07:16:00,-26,-26
http://irail.be/vehicle/IC727,http://irail.be/stations/NMBS/008821311,IC,2018-11-11T07:20:00,2018-11-11T07:20:00,-40,-40
http://irail.be/vehicle/IC727,http://irail.be/stations/NMBS/008821337,IC,2018-11-11T07:22:00,2018-11-11T07:22:00,-81,-81
http://irail.be/vehicle/IC727,http://irail.be/stations/NMBS/008821246,IC,2018-11-11T07:24:00,2018-11-11T07:24:00,-90,-90
http://irail.be/vehicle/IC727,http://irail.be/stations/NMBS/008821147,IC,2018-11-11T07:25:00,2018-11-11T07:25:00,12,12
http://irail.be/vehicle/IC727,http://irail.be/stations/NMBS/008821121,IC,2018-11-11T07:29:00,2018-11-11T07:28:00,-10,-10
http://irail.be/vehicle/IC727,http://irail.be/stations/NMBS/008821006,IC,2018-11-11T07:33:00,2018-11-11T07:33:00,,24
http://irail.be/vehicle/IC727,http://irail.be/stations/NMBS/008896735,IC,2018-02-20T05:08:00,2018-02-20T05:08:00,51,
http://irail.be/vehicle/IC727,http://irail.be/stations/NMBS/008896503,IC,2018-02-20T05:16:00,2018-02-20T05:15:00,26,16
http://irail.be/vehicle/IC727,http://irail.be/stations/NMBS/008896412,IC,2018-02-20T05:26:00,2018-02-20T05:25:00,-12,-11
http://irail.be/vehicle/IC727,http://irail.be/stations/NMBS/008896396,IC,2018-02-20T05:30:00,2018-02-20T05:29:00,-12,-12
http://irail.be/vehicle/IC727,http://irail.be/stations/NMBS/008896305,IC,2018-02-20T05:35:00,2018-02-20T05:34:00,-28,-12
http://irail.be/vehicle/IC727,http://irail.be/stations/NMBS/008896370,IC,2018-02-20T05:40:00,2018-02-20T05:40:00,-18,-28
http://irail.be/vehicle/IC727,http://irail.be/stations/NMBS/008896388,IC,2018-02-20T05:44:00,2018-02-20T05:44:00,-18,-18
http://irail.be/vehicle/IC727,http://irail.be/stations/NMBS/008896008,IC,2018-02-20T05:57:00,2018-02-20T05:50:00,37,-94
http://irail.be/vehicle/IC727,http://irail.be/stations/NMBS/008896115,IC,2018-02-20T06:01:00,2018-02-20T06:01:00,99,99
http://irail.be/vehicle/IC727,http://irail.be/stations/NMBS/008896149,IC,2018-02-20T06:06:00,2018-02-20T06:05:00,122,134
http://irail.be/vehicle/IC727,http://irail.be/stations/NMBS/008892106,IC,2018-02-20T06:15:00,2018-02-20T06:15:00,-20,-20
http://irail.be/vehicle/IC727,NO-URI,IC,2018-02-20T06:15:00,2018-02-20T06:15:00,0,0
http://irail.be/vehicle/IC727,http://irail.be/stations/NMBS/008892080,IC,2018-02-20T06:18:00,2018-02-20T06:18:00,-14,-14
http://irail.be/vehicle/IC727,http://irail.be/stations/NMBS/008892007,IC,2018-02-20T06:27:00,2018-02-20T06:24:00,4,-27
http://irail.be/vehicle/IC727,NO-URI,IC,2018-02-20T06:31:00,2018-02-20T06:31:00,183,183
http://irail.be/vehicle/IC727,http://irail.be/stations/NMBS/008893179,IC,2018-02-20T06:32:00,2018-02-20T06:32:00,237,237
http://irail.be/vehicle/IC727,http://irail.be/stations/NMBS/008893120,IC,2018-02-20T06:36:00,2018-02-20T06:35:00,237,237
http://irail.be/vehicle/IC727,http://irail.be/stations/NMBS/008894151,IC,2018-02-20T06:43:00,2018-02-20T06:43:00,378,378
http://irail.be/vehicle/IC727,http://irail.be/stations/NMBS/008894201,IC,2018-02-20T06:50:00,2018-02-20T06:48:00,273,338
http://irail.be/vehicle/IC727,NO-URI,IC,2018-02-20T06:52:00,2018-02-20T06:52:00,254,254
http://irail.be/vehicle/IC727,http://irail.be/stations/NMBS/008894425,IC,2018-02-20T06:54:00,2018-02-20T06:54:00,256,256
http://irail.be/vehicle/IC727,http://irail.be/stations/NMBS/008894433,IC,2018-02-20T06:55:00,2018-02-20T06:55:00,246,246
http://irail.be/vehicle/IC727,http://irail.be/stations/NMBS/008894508,IC,2018-02-20T07:00:00,2018-02-20T06:58:00,193,231
http://irail.be/vehicle/IC727,NO-URI,IC,2018-02-20T07:02:00,2018-02-20T07:02:00,197,197
http://irail.be/vehicle/IC727,http://irail.be/stations/NMBS/008894714,IC,2018-02-20T07:03:00,2018-02-20T07:03:00,180,180
http://irail.be/vehicle/IC727,http://irail.be/stations/NMBS/008894748,IC,2018-02-20T07:06:00,2018-02-20T07:06:00,150,150
http://irail.be/vehicle/IC727,http://irail.be/stations/NMBS/008894755,IC,2018-02-20T07:07:00,2018-02-20T07:07:00,145,145
http://irail.be/vehicle/IC727,http://irail.be/stations/NMBS/008894821,IC,2018-02-20T07:08:00,2018-02-20T07:08:00,170,170
http://irail.be/vehicle/IC727,NO-URI,IC,2018-02-20T07:09:00,2018-02-20T07:09:00,170,170
http://irail.be/vehicle/IC727,http://irail.be/stations/NMBS/008821196,IC,2018-02-20T07:12:00,2018-02-20T07:12:00,139,139
http://irail.be/vehicle/IC727,http://irail.be/stations/NMBS/008821121,IC,2018-02-20T07:19:00,2018-02-20T07:17:00,98,144
http://irail.be/vehicle/IC727,http://irail.be/stations/NMBS/008821006,IC,2018-02-20T07:23:00,2018-02-20T07:23:00,,119
http://irail.be/vehicle/IC727,http://irail.be/stations/NMBS/008896735,IC,2018-10-11T05:08:00,2018-10-11T05:08:00,44,
http://irail.be/vehicle/IC727,http://irail.be/stations/NMBS/008896503,IC,2018-10-11T05:16:00,2018-10-11T05:15:00,36,29
http://irail.be/vehicle/IC727,http://irail.be/stations/NMBS/008896412,IC,2018-10-11T05:26:00,2018-10-11T05:25:00,60,24
http://irail.be/vehicle/IC727,http://irail.be/stations/NMBS/008896396,IC,2018-10-11T05:30:00,2018-10-11T05:29:00,60,60
http://irail.be/vehicle/IC727,http://irail.be/stations/NMBS/008896305,IC,2018-10-11T05:35:00,2018-10-11T05:34:00,68,60
http://irail.be/vehicle/IC727,http://irail.be/stations/NMBS/008896370,IC,2018-10-11T05:40:00,2018-10-11T05:39:00,68,68
http://irail.be/vehicle/IC727,http://irail.be/stations/NMBS/008896388,IC,2018-10-11T05:45:00,2018-10-11T05:44:00,3,3
http://irail.be/vehicle/IC727,http://irail.be/stations/NMBS/008896008,IC,2018-10-11T05:58:00,2018-10-11T05:50:00,31,-22
http://irail.be/vehicle/IC727,http://irail.be/stations/NMBS/008896115,IC,2018-10-11T06:02:00,2018-10-11T06:02:00,51,51
http://irail.be/vehicle/IC727,http://irail.be/stations/NMBS/008896149,IC,2018-10-11T06:08:00,2018-10-11T06:07:00,18,24
http://irail.be/vehicle/IC727,http://irail.be/stations/NMBS/008892106,IC,2018-10-11T06:15:00,2018-10-11T06:15:00,-26,-26
http://irail.be/vehicle/IC727,NO-URI,IC,2018-10-11T06:15:00,2018-10-11T06:15:00,120,120
http://irail.be/vehicle/IC727,http://irail.be/stations/NMBS/008892080,IC,2018-10-11T06:18:00,2018-10-11T06:18:00,125,125
http://irail.be/vehicle/IC727,http://irail.be/stations/NMBS/008892007,IC,2018-10-11T06:27:00,2018-10-11T06:24:00,25,107
http://irail.be/vehicle/IC727,NO-URI,IC,2018-10-11T06:31:00,2018-10-11T06:31:00,61,61
http://irail.be/vehicle/IC727,http://irail.be/stations/NMBS/008893179,IC,2018-10-11T06:32:00,2018-10-11T06:32:00,-61,-61
http://irail.be/vehicle/IC727,http://irail.be/stations/NMBS/008893120,IC,2018-10-11T06:36:00,2018-10-11T06:35:00,82,-61
http://irail.be/vehicle/IC727,http://irail.be/stations/NMBS/008894151,IC,2018-10-11T06:43:00,2018-10-11T06:43:00,63,63
http://irail.be/vehicle/IC727,http://irail.be/stations/NMBS/008894201,IC,2018-10-11T06:50:00,2018-10-11T06:48:00,26,25
http://irail.be/vehicle/IC727,NO-URI,IC,2018-10-11T06:52:00,2018-10-11T06:52:00,19,19
http://irail.be/vehicle/IC727,http://irail.be/stations/NMBS/008894425,IC,2018-10-11T06:54:00,2018-10-11T06:54:00,27,27
http://irail.be/vehicle/IC727,http://irail.be/stations/NMBS/008894433,IC,2018-10-11T06:55:00,2018-10-11T06:55:00,17,17
http://irail.be/vehicle/IC727,http://irail.be/stations/NMBS/008894508,IC,2018-10-11T07:00:00,2018-10-11T06:58:00,-1,8
http://irail.be/vehicle/IC727,NO-URI,IC,2018-10-11T07:02:00,2018-10-11T07:02:00,14,14
http://irail.be/vehicle/IC727,http://irail.be/stations/NMBS/008894714,IC,2018-10-11T07:03:00,2018-10-11T07:03:00,0,0
http://irail.be/vehicle/IC727,http://irail.be/stations/NMBS/008894748,IC,2018-10-11T07:06:00,2018-10-11T07:06:00,-29,-29
http://irail.be/vehicle/IC727,http://irail.be/stations/NMBS/008894755,IC,2018-10-11T07:07:00,2018-10-11T07:07:00,-32,-32
http://irail.be/vehicle/IC727,http://irail.be/stations/NMBS/008894821,IC,2018-10-11T07:08:00,2018-10-11T07:08:00,-8,-8
http://irail.be/vehicle/IC727,http://irail.be/stations/NMBS/008821196,IC,2018-10-11T07:12:00,2018-10-11T07:12:00,-34,-34
http://irail.be/vehicle/IC727,http://irail.be/stations/NMBS/008821121,IC,2018-10-11T07:19:00,2018-10-11T07:17:00,103,-40
http://irail.be/vehicle/IC727,http://irail.be/stations/NMBS/008821006,IC,2018-10-11T07:23:00,2018-10-11T07:23:00,,121
http://irail.be/vehicle/IC727,http://irail.be/stations/NMBS/008896735,IC,2018-03-23T05:08:00,2018-03-23T05:08:00,83,
http://irail.be/vehicle/IC727,http://irail.be/stations/NMBS/008896503,IC,2018-03-23T05:16:00,2018-03-23T05:15:00,103,96
http://irail.be/vehicle/IC727,http://irail.be/stations/NMBS/008896412,IC,2018-03-23T05:26:00,2018-03-23T05:25:00,112,116
http://irail.be/vehicle/IC727,http://irail.be/stations/NMBS/008896396,IC,2018-03-23T05:30:00,2018-03-23T05:29:00,112,112
http://irail.be/vehicle/IC727,http://irail.be/stations/NMBS/008896305,IC,2018-03-23T05:35:00,2018-03-23T05:34:00,89,112
http://irail.be/vehicle/IC727,http://irail.be/stations/NMBS/008896370,IC,2018-03-23T05:40:00,2018-03-23T05:40:00,89,89
http://irail.be/vehicle/IC727,http://irail.be/stations/NMBS/008896388,IC,2018-03-23T05:44:00,2018-03-23T05:44:00,79,79
http://irail.be/vehicle/IC727,http://irail.be/stations/NMBS/008896008,IC,2018-03-23T05:57:00,2018-03-23T05:50:00,78,65
http://irail.be/vehicle/IC727,http://irail.be/stations/NMBS/008896115,IC,2018-03-23T06:01:00,2018-03-23T06:01:00,69,69
http://irail.be/vehicle/IC727,http://irail.be/stations/NMBS/008896149,IC,2018-03-23T06:06:00,2018-03-23T06:05:00,54,65
http://irail.be/vehicle/IC727,http://irail.be/stations/NMBS/008892106,IC,2018-03-23T06:15:00,2018-03-23T06:15:00,-99,-99
http://irail.be/vehicle/IC727,NO-URI,IC,2018-03-23T06:15:00,2018-03-23T06:15:00,-35,-35
http://irail.be/vehicle/IC727,http://irail.be/stations/NMBS/008892080,IC,2018-03-23T06:18:00,2018-03-23T06:18:00,-34,-34
http://irail.be/vehicle/IC727,http://irail.be/stations/NMBS/008892007,IC,2018-03-23T06:27:00,2018-03-23T06:24:00,46,120
http://irail.be/vehicle/IC727,NO-URI,IC,2018-03-23T06:31:00,2018-03-23T06:31:00,39,39
http://irail.be/vehicle/IC727,http://irail.be/stations/NMBS/008893179,IC,2018-03-23T06:32:00,2018-03-23T06:32:00,-159,-159
http://irail.be/vehicle/IC727,http://irail.be/stations/NMBS/008893120,IC,2018-03-23T06:36:00,2018-03-23T06:35:00,-159,-159
http://irail.be/vehicle/IC727,http://irail.be/stations/NMBS/008894151,IC,2018-03-23T06:43:00,2018-03-23T06:43:00,12,12
http://irail.be/vehicle/IC727,http://irail.be/stations/NMBS/008894201,IC,2018-03-23T06:50:00,2018-03-23T06:48:00,14,-38
http://irail.be/vehicle/IC727,NO-URI,IC,2018-03-23T06:52:00,2018-03-23T06:52:00,7,7
http://irail.be/vehicle/IC727,http://irail.be/stations/NMBS/008894425,IC,2018-03-23T06:54:00,2018-03-23T06:54:00,9,9
http://irail.be/vehicle/IC727,http://irail.be/stations/NMBS/008894433,IC,2018-03-23T06:55:00,2018-03-23T06:55:00,-1,-1
http://irail.be/vehicle/IC727,http://irail.be/stations/NMBS/008894508,IC,2018-03-23T07:00:00,2018-03-23T06:58:00,14,-8
http://irail.be/vehicle/IC727,NO-URI,IC,2018-03-23T07:02:00,2018-03-23T07:02:00,8,8
http://irail.be/vehicle/IC727,http://irail.be/stations/NMBS/008894714,IC,2018-03-23T07:03:00,2018-03-23T07:03:00,-9,-9
http://irail.be/vehicle/IC727,http://irail.be/stations/NMBS/008894748,IC,2018-03-23T07:06:00,2018-03-23T07:06:00,-47,-47
http://irail.be/vehicle/IC727,http://irail.be/stations/NMBS/008894755,IC,2018-03-23T07:07:00,2018-03-23T07:07:00,-57,-57
http://irail.be/vehicle/IC727,http://irail.be/stations/NMBS/008894821,IC,2018-03-23T07:08:00,2018-03-23T07:08:00,-39,-39
http://irail.be/vehicle/IC727,NO-URI,IC,2018-03-23T07:09:00,2018-03-23T07:09:00,-39,-39
http://irail.be/vehicle/IC727,http://irail.be/stations/NMBS/008821196,IC,2018-03-23T07:12:00,2018-03-23T07:12:00,-68,-68
http://irail.be/vehicle/IC727,http://irail.be/stations/NMBS/008821121,IC,2018-03-23T07:19:00,2018-03-23T07:17:00,668,722
http://irail.be/vehicle/IC727,http://irail.be/stations/NMBS/008821006,IC,2018-03-23T07:23:00,2018-03-23T07:23:00,,628
http://irail.be/vehicle/IC727,http://irail.be/stations/NMBS/008896735,IC,2018-04-26T05:08:00,2018-04-26T05:08:00,63,
http://irail.be/vehicle/IC727,http://irail.be/stations/NMBS/008896503,IC,2018-04-26T05:16:00,2018-04-26T05:15:00,48,37
http://irail.be/vehicle/IC727,http://irail.be/stations/NMBS/008896412,IC,2018-04-26T05:26:00,2018-04-26T05:25:00,20,10
http://irail.be/vehicle/IC727,http://irail.be/stations/NMBS/008896396,IC,2018-04-26T05:30:00,2018-04-26T05:29:00,20,20
http://irail.be/vehicle/IC727,http://irail.be/stations/NMBS/008896305,IC,2018-04-26T05:35:00,2018-04-26T05:34:00,18,20
http://irail.be/vehicle/IC727,http://irail.be/stations/NMBS/008896370,IC,2018-04-26T05:40:00,2018-04-26T05:40:00,52,18
http://irail.be/vehicle/IC727,http://irail.be/stations/NMBS/008896388,IC,2018-04-26T05:44:00,2018-04-26T05:44:00,52,52
http://irail.be/vehicle/IC727,http://irail.be/stations/NMBS/008896008,IC,2018-04-26T05:57:00,2018-04-26T05:50:00,32,-11
http://irail.be/vehicle/IC727,http://irail.be/stations/NMBS/008896115,IC,2018-04-26T06:01:00,2018-04-26T06:01:00,-2,-2
http://irail.be/vehicle/IC727,http://irail.be/stations/NMBS/008896149,IC,2018-04-26T06:06:00,2018-04-26T06:05:00,1,-8
http://irail.be/vehicle/IC727,http://irail.be/stations/NMBS/008892106,IC,2018-04-26T06:15:00,2018-04-26T06:15:00,-45,-45
http://irail.be/vehicle/IC727,NO-URI,IC,2018-04-26T06:15:00,2018-04-26T06:15:00,36,36
http://irail.be/vehicle/IC727,http://irail.be/stations/NMBS/008892080,IC,2018-04-26T06:18:00,2018-04-26T06:18:00,42,42
http://irail.be/vehicle/IC727,http://irail.be/stations/NMBS/008892007,IC,2018-04-26T06:27:00,2018-04-26T06:24:00,86,178
http://irail.be/vehicle/IC727,NO-URI,IC,2018-04-26T06:31:00,2018-04-26T06:31:00,102,102
http://irail.be/vehicle/IC727,http://irail.be/stations/NMBS/008893179,IC,2018-04-26T06:32:00,2018-04-26T06:32:00,-106,-106
http://irail.be/vehicle/IC727,http://irail.be/stations/NMBS/008893120,IC,2018-04-26T06:36:00,2018-04-26T06:35:00,85,-106
http://irail.be/vehicle/IC727,http://irail.be/stations/NMBS/008894151,IC,2018-04-26T06:43:00,2018-04-26T06:43:00,87,87
http://irail.be/vehicle/IC727,http://irail.be/stations/NMBS/008894201,IC,2018-04-26T06:50:00,2018-04-26T06:48:00,10,37
http://irail.be/vehicle/IC727,NO-URI,IC,2018-04-26T06:52:00,2018-04-26T06:52:00,-7,-7
http://irail.be/vehicle/IC727,http://irail.be/stations/NMBS/008894425,IC,2018-04-26T06:54:00,2018-04-26T06:54:00,-5,-5
http://irail.be/vehicle/IC727,http://irail.be/stations/NMBS/008894433,IC,2018-04-26T06:55:00,2018-04-26T06:55:00,-8,-8
http://irail.be/vehicle/IC727,http://irail.be/stations/NMBS/008894508,IC,2018-04-26T07:00:00,2018-04-26T06:58:00,9,5
http://irail.be/vehicle/IC727,NO-URI,IC,2018-04-26T07:02:00,2018-04-26T07:02:00,21,21
http://irail.be/vehicle/IC727,http://irail.be/stations/NMBS/008894714,IC,2018-04-26T07:03:00,2018-04-26T07:03:00,5,5
http://irail.be/vehicle/IC727,http://irail.be/stations/NMBS/008894748,IC,2018-04-26T07:06:00,2018-04-26T07:06:00,-27,-27
http://irail.be/vehicle/IC727,http://irail.be/stations/NMBS/008894755,IC,2018-04-26T07:07:00,2018-04-26T07:07:00,-24,-24
http://irail.be/vehicle/IC727,http://irail.be/stations/NMBS/008894821,IC,2018-04-26T07:08:00,2018-04-26T07:08:00,14,14
http://irail.be/vehicle/IC727,NO-URI,IC,2018-04-26T07:09:00,2018-04-26T07:09:00,14,14
http://irail.be/vehicle/IC727,http://irail.be/stations/NMBS/008821196,IC,2018-04-26T07:12:00,2018-04-26T07:12:00,-4,-4
http://irail.be/vehicle/IC727,http://irail.be/stations/NMBS/008821121,IC,2018-04-26T07:19:00,2018-04-26T07:17:00,31,-33
http://irail.be/vehicle/IC727,http://irail.be/stations/NMBS/008821006,IC,2018-04-26T07:23:00,2018-04-26T07:23:00,,16
http://irail.be/vehicle/IC727,http://irail.be/stations/NMBS/008896735,IC,2018-02-27T05:08:00,2018-02-27T05:08:00,65,
http://irail.be/vehicle/IC727,http://irail.be/stations/NMBS/008896503,IC,2018-02-27T05:16:00,2018-02-27T05:15:00,103,52
http://irail.be/vehicle/IC727,http://irail.be/stations/NMBS/008896412,IC,2018-02-27T05:26:00,2018-02-27T05:25:00,110,87
http://irail.be/vehicle/IC727,http://irail.be/stations/NMBS/008896396,IC,2018-02-27T05:30:00,2018-02-27T05:29:00,110,110
http://irail.be/vehicle/IC727,http://irail.be/stations/NMBS/008896305,IC,2018-02-27T05:35:00,2018-02-27T05:34:00,80,110
http://irail.be/vehicle/IC727,http://irail.be/stations/NMBS/008896370,IC,2018-02-27T05:40:00,2018-02-27T05:40:00,96,80
http://irail.be/vehicle/IC727,http://irail.be/stations/NMBS/008896388,IC,2018-02-27T05:44:00,2018-02-27T05:44:00,96,96
http://irail.be/vehicle/IC727,http://irail.be/stations/NMBS/008896008,IC,2018-02-27T05:57:00,2018-02-27T05:50:00,102,63
http://irail.be/vehicle/IC727,http://irail.be/stations/NMBS/008896115,IC,2018-02-27T06:01:00,2018-02-27T06:01:00,96,96
http://irail.be/vehicle/IC727,http://irail.be/stations/NMBS/008896149,IC,2018-02-27T06:06:00,2018-02-27T06:05:00,118,147
http://irail.be/vehicle/IC727,http://irail.be/stations/NMBS/008892106,IC,2018-02-27T06:15:00,2018-02-27T06:15:00,-31,-31
http://irail.be/vehicle/IC727,NO-URI,IC,2018-02-27T06:15:00,2018-02-27T06:15:00,-10,-10
http://irail.be/vehicle/IC727,http://irail.be/stations/NMBS/008892080,IC,2018-02-27T06:18:00,2018-02-27T06:18:00,-26,-26
http://irail.be/vehicle/IC727,http://irail.be/stations/NMBS/008892007,IC,2018-02-27T06:27:00,2018-02-27T06:24:00,79,184
http://irail.be/vehicle/IC727,NO-URI,IC,2018-02-27T06:31:00,2018-02-27T06:31:00,105,105
http://irail.be/vehicle/IC727,http://irail.be/stations/NMBS/008893179,IC,2018-02-27T06:32:00,2018-02-27T06:32:00,-105,-105
http://irail.be/vehicle/IC727,http://irail.be/stations/NMBS/008893120,IC,2018-02-27T06:36:00,2018-02-27T06:35:00,-105,-105
http://irail.be/vehicle/IC727,http://irail.be/stations/NMBS/008894151,IC,2018-02-27T06:43:00,2018-02-27T06:43:00,71,71
http://irail.be/vehicle/IC727,http://irail.be/stations/NMBS/008894201,IC,2018-02-27T06:50:00,2018-02-27T06:48:00,167,26
http://irail.be/vehicle/IC727,NO-URI,IC,2018-02-27T06:52:00,2018-02-27T06:52:00,162,162
http://irail.be/vehicle/IC727,http://irail.be/stations/NMBS/008894425,IC,2018-02-27T06:54:00,2018-02-27T06:54:00,179,179
http://irail.be/vehicle/IC727,http://irail.be/stations/NMBS/008894433,IC,2018-02-27T06:55:00,2018-02-27T06:55:00,169,169
http://irail.be/vehicle/IC727,http://irail.be/stations/NMBS/008894508,IC,2018-02-27T07:00:00,2018-02-27T06:58:00,235,294
http://irail.be/vehicle/IC727,NO-URI,IC,2018-02-27T07:02:00,2018-02-27T07:02:00,228,228
http://irail.be/vehicle/IC727,http://irail.be/stations/NMBS/008894714,IC,2018-02-27T07:03:00,2018-02-27T07:03:00,209,209
http://irail.be/vehicle/IC727,http://irail.be/stations/NMBS/008894748,IC,2018-02-27T07:06:00,2018-02-27T07:06:00,176,176
http://irail.be/vehicle/IC727,http://irail.be/stations/NMBS/008894755,IC,2018-02-27T07:07:00,2018-02-27T07:07:00,169,169
http://irail.be/vehicle/IC727,http://irail.be/stations/NMBS/008894821,IC,2018-02-27T07:08:00,2018-02-27T07:08:00,188,188
http://irail.be/vehicle/IC727,NO-URI,IC,2018-02-27T07:09:00,2018-02-27T07:09:00,188,188
http://irail.be/vehicle/IC727,http://irail.be/stations/NMBS/008821196,IC,2018-02-27T07:12:00,2018-02-27T07:12:00,150,150
http://irail.be/vehicle/IC727,http://irail.be/stations/NMBS/008821121,IC,2018-02-27T07:19:00,2018-02-27T07:17:00,97,107
http://irail.be/vehicle/IC727,http://irail.be/stations/NMBS/008821006,IC,2018-02-27T07:23:00,2018-02-27T07:23:00,,138
http://irail.be/vehicle/IC727,http://irail.be/stations/NMBS/008896735,IC,2018-04-23T05:08:00,2018-04-23T05:08:00,145,
http://irail.be/vehicle/IC727,http://irail.be/stations/NMBS/008896503,IC,2018-04-23T05:16:00,2018-04-23T05:15:00,102,122
http://irail.be/vehicle/IC727,http://irail.be/stations/NMBS/008896412,IC,2018-04-23T05:26:00,2018-04-23T05:25:00,67,77
http://irail.be/vehicle/IC727,http://irail.be/stations/NMBS/008896396,IC,2018-04-23T05:30:00,2018-04-23T05:29:00,67,67
http://irail.be/vehicle/IC727,http://irail.be/stations/NMBS/008896305,IC,2018-04-23T05:35:00,2018-04-23T05:34:00,50,67
http://irail.be/vehicle/IC727,http://irail.be/stations/NMBS/008896370,IC,2018-04-23T05:40:00,2018-04-23T05:40:00,111,50
http://irail.be/vehicle/IC727,http://irail.be/stations/NMBS/008896388,IC,2018-04-23T05:44:00,2018-04-23T05:44:00,111,111
http://irail.be/vehicle/IC727,http://irail.be/stations/NMBS/008896008,IC,2018-04-23T05:57:00,2018-04-23T05:50:00,33,29
http://irail.be/vehicle/IC727,http://irail.be/stations/NMBS/008896115,IC,2018-04-23T06:01:00,2018-04-23T06:01:00,100,100
http://irail.be/vehicle/IC727,http://irail.be/stations/NMBS/008896149,IC,2018-04-23T06:06:00,2018-04-23T06:05:00,104,119
http://irail.be/vehicle/IC727,http://irail.be/stations/NMBS/008892106,IC,2018-04-23T06:15:00,2018-04-23T06:15:00,-40,-40
http://irail.be/vehicle/IC727,NO-URI,IC,2018-04-23T06:15:00,2018-04-23T06:15:00,70,70
http://irail.be/vehicle/IC727,http://irail.be/stations/NMBS/008892080,IC,2018-04-23T06:18:00,2018-04-23T06:18:00,83,83
http://irail.be/vehicle/IC727,http://irail.be/stations/NMBS/008892007,IC,2018-04-23T06:27:00,2018-04-23T06:24:00,103,177
http://irail.be/vehicle/IC727,NO-URI,IC,2018-04-23T06:31:00,2018-04-23T06:31:00,153,153
http://irail.be/vehicle/IC727,http://irail.be/stations/NMBS/008893179,IC,2018-04-23T06:32:00,2018-04-23T06:32:00,-47,-47
http://irail.be/vehicle/IC727,http://irail.be/stations/NMBS/008893120,IC,2018-04-23T06:36:00,2018-04-23T06:35:00,105,-47
http://irail.be/vehicle/IC727,http://irail.be/stations/NMBS/008894151,IC,2018-04-23T06:43:00,2018-04-23T06:43:00,92,92
http://irail.be/vehicle/IC727,http://irail.be/stations/NMBS/008894201,IC,2018-04-23T06:50:00,2018-04-23T06:48:00,5,60
http://irail.be/vehicle/IC727,NO-URI,IC,2018-04-23T06:52:00,2018-04-23T06:52:00,-6,-6
http://irail.be/vehicle/IC727,http://irail.be/stations/NMBS/008894425,IC,2018-04-23T06:54:00,2018-04-23T06:54:00,6,6
http://irail.be/vehicle/IC727,http://irail.be/stations/NMBS/008894433,IC,2018-04-23T06:55:00,2018-04-23T06:55:00,4,4
http://irail.be/vehicle/IC727,http://irail.be/stations/NMBS/008894508,IC,2018-04-23T07:00:00,2018-04-23T06:58:00,15,11
http://irail.be/vehicle/IC727,NO-URI,IC,2018-04-23T07:02:00,2018-04-23T07:02:00,12,12
http://irail.be/vehicle/IC727,http://irail.be/stations/NMBS/008894714,IC,2018-04-23T07:03:00,2018-04-23T07:03:00,-3,-3
http://irail.be/vehicle/IC727,http://irail.be/stations/NMBS/008894748,IC,2018-04-23T07:06:00,2018-04-23T07:06:00,-28,-28
http://irail.be/vehicle/IC727,http://irail.be/stations/NMBS/008894755,IC,2018-04-23T07:07:00,2018-04-23T07:07:00,-29,-29
http://irail.be/vehicle/IC727,http://irail.be/stations/NMBS/008894821,IC,2018-04-23T07:08:00,2018-04-23T07:08:00,-6,-6
http://irail.be/vehicle/IC727,NO-URI,IC,2018-04-23T07:09:00,2018-04-23T07:09:00,-6,-6
http://irail.be/vehicle/IC727,http://irail.be/stations/NMBS/008821196,IC,2018-04-23T07:12:00,2018-04-23T07:12:00,-42,-42
http://irail.be/vehicle/IC727,http://irail.be/stations/NMBS/008821121,IC,2018-04-23T07:19:00,2018-04-23T07:17:00,25,-36
http://irail.be/vehicle/IC727,http://irail.be/stations/NMBS/008821006,IC,2018-04-23T07:23:00,2018-04-23T07:23:00,,35
http://irail.be/vehicle/IC727,http://irail.be/stations/NMBS/008896735,IC,2018-05-21T05:08:00,2018-05-21T05:08:00,52,
http://irail.be/vehicle/IC727,http://irail.be/stations/NMBS/008896503,IC,2018-05-21T05:16:00,2018-05-21T05:15:00,22,36
http://irail.be/vehicle/IC727,http://irail.be/stations/NMBS/008896412,IC,2018-05-21T05:26:00,2018-05-21T05:25:00,-6,-6
http://irail.be/vehicle/IC727,http://irail.be/stations/NMBS/008896396,IC,2018-05-21T05:30:00,2018-05-21T05:29:00,-72,-72
http://irail.be/vehicle/IC727,http://irail.be/stations/NMBS/008896305,IC,2018-05-21T05:35:00,2018-05-21T05:34:00,-11,-72
http://irail.be/vehicle/IC727,http://irail.be/stations/NMBS/008896370,IC,2018-05-21T05:40:00,2018-05-21T05:40:00,-11,-11
http://irail.be/vehicle/IC727,http://irail.be/stations/NMBS/008896388,IC,2018-05-21T05:44:00,2018-05-21T05:44:00,-24,-24
http://irail.be/vehicle/IC727,http://irail.be/stations/NMBS/008896008,IC,2018-05-21T05:57:00,2018-05-21T05:50:00,38,-66
http://irail.be/vehicle/IC727,http://irail.be/stations/NMBS/008896115,IC,2018-05-21T06:01:00,2018-05-21T06:01:00,24,24
http://irail.be/vehicle/IC727,http://irail.be/stations/NMBS/008896149,IC,2018-05-21T06:06:00,2018-05-21T06:05:00,7,27
http://irail.be/vehicle/IC727,http://irail.be/stations/NMBS/008892106,IC,2018-05-21T06:15:00,2018-05-21T06:15:00,-138,-138
http://irail.be/vehicle/IC727,NO-URI,IC,2018-05-21T06:15:00,2018-05-21T06:15:00,-120,-120
http://irail.be/vehicle/IC727,http://irail.be/stations/NMBS/008892080,IC,2018-05-21T06:18:00,2018-05-21T06:18:00,-140,-140
http://irail.be/vehicle/IC727,http://irail.be/stations/NMBS/008892007,IC,2018-05-21T06:27:00,2018-05-21T06:24:00,21,-122
http://irail.be/vehicle/IC727,NO-URI,IC,2018-05-21T06:31:00,2018-05-21T06:31:00,86,86
http://irail.be/vehicle/IC727,http://irail.be/stations/NMBS/008893179,IC,2018-05-21T06:32:00,2018-05-21T06:32:00,-103,-103
http://irail.be/vehicle/IC727,http://irail.be/stations/NMBS/008893120,IC,2018-05-21T06:36:00,2018-05-21T06:35:00,115,-103
http://irail.be/vehicle/IC727,http://irail.be/stations/NMBS/008894151,IC,2018-05-21T06:43:00,2018-05-21T06:43:00,193,193
http://irail.be/vehicle/IC727,http://irail.be/stations/NMBS/008894201,IC,2018-05-21T06:50:00,2018-05-21T06:48:00,100,154
http://irail.be/vehicle/IC727,NO-URI,IC,2018-05-21T06:52:00,2018-05-21T06:52:00,87,87
http://irail.be/vehicle/IC727,http://irail.be/stations/NMBS/008894425,IC,2018-05-21T06:54:00,2018-05-21T06:54:00,93,93
http://irail.be/vehicle/IC727,http://irail.be/stations/NMBS/008894433,IC,2018-05-21T06:55:00,2018-05-21T06:55:00,82,82
http://irail.be/vehicle/IC727,http://irail.be/stations/NMBS/008894508,IC,2018-05-21T07:00:00,2018-05-21T06:58:00,46,69
http://irail.be/vehicle/IC727,NO-URI,IC,2018-05-21T07:02:00,2018-05-21T07:02:00,43,43
http://irail.be/vehicle/IC727,http://irail.be/stations/NMBS/008894714,IC,2018-05-21T07:03:00,2018-05-21T07:03:00,28,28
http://irail.be/vehicle/IC727,http://irail.be/stations/NMBS/008894748,IC,2018-05-21T07:06:00,2018-05-21T07:06:00,1,1
http://irail.be/vehicle/IC727,http://irail.be/stations/NMBS/008894755,IC,2018-05-21T07:07:00,2018-05-21T07:07:00,-5,-5
http://irail.be/vehicle/IC727,http://irail.be/stations/NMBS/008894821,IC,2018-05-21T07:08:00,2018-05-21T07:08:00,28,28
http://irail.be/vehicle/IC727,NO-URI,IC,2018-05-21T07:09:00,2018-05-21T07:09:00,28,28
http://irail.be/vehicle/IC727,http://irail.be/stations/NMBS/008821196,IC,2018-05-21T07:12:00,2018-05-21T07:12:00,74,74
http://irail.be/vehicle/IC727,http://irail.be/stations/NMBS/008821121,IC,2018-05-21T07:19:00,2018-05-21T07:17:00,-1,21
http://irail.be/vehicle/IC727,http://irail.be/stations/NMBS/008821006,IC,2018-05-21T07:23:00,2018-05-21T07:23:00,,-26
http://irail.be/vehicle/IC727,http://irail.be/stations/NMBS/008896735,IC,2018-02-09T05:08:00,2018-02-09T05:08:00,134,
http://irail.be/vehicle/IC727,http://irail.be/stations/NMBS/008896503,IC,2018-02-09T05:16:00,2018-02-09T05:15:00,144,151
http://irail.be/vehicle/IC727,http://irail.be/stations/NMBS/008896412,IC,2018-02-09T05:26:00,2018-02-09T05:25:00,67,98
http://irail.be/vehicle/IC727,http://irail.be/stations/NMBS/008896396,IC,2018-02-09T05:30:00,2018-02-09T05:29:00,67,67
http://irail.be/vehicle/IC727,http://irail.be/stations/NMBS/008896305,IC,2018-02-09T05:35:00,2018-02-09T05:34:00,21,67
http://irail.be/vehicle/IC727,http://irail.be/stations/NMBS/008896370,IC,2018-02-09T05:40:00,2018-02-09T05:40:00,21,21
http://irail.be/vehicle/IC727,http://irail.be/stations/NMBS/008896388,IC,2018-02-09T05:44:00,2018-02-09T05:44:00,-13,-13
http://irail.be/vehicle/IC727,http://irail.be/stations/NMBS/008896008,IC,2018-02-09T05:57:00,2018-02-09T05:50:00,63,-51
http://irail.be/vehicle/IC727,http://irail.be/stations/NMBS/008896115,IC,2018-02-09T06:01:00,2018-02-09T06:01:00,102,102
http://irail.be/vehicle/IC727,http://irail.be/stations/NMBS/008896149,IC,2018-02-09T06:06:00,2018-02-09T06:05:00,120,134
http://irail.be/vehicle/IC727,http://irail.be/stations/NMBS/008892106,IC,2018-02-09T06:15:00,2018-02-09T06:15:00,-19,-19
http://irail.be/vehicle/IC727,NO-URI,IC,2018-02-09T06:15:00,2018-02-09T06:15:00,4,4
http://irail.be/vehicle/IC727,http://irail.be/stations/NMBS/008892080,IC,2018-02-09T06:18:00,2018-02-09T06:18:00,-8,-8
http://irail.be/vehicle/IC727,http://irail.be/stations/NMBS/008892007,IC,2018-02-09T06:27:00,2018-02-09T06:24:00,14,-12
http://irail.be/vehicle/IC727,NO-URI,IC,2018-02-09T06:31:00,2018-02-09T06:31:00,36,36
http://irail.be/vehicle/IC727,http://irail.be/stations/NMBS/008893179,IC,2018-02-09T06:32:00,2018-02-09T06:32:00,-147,-147
http://irail.be/vehicle/IC727,http://irail.be/stations/NMBS/008893120,IC,2018-02-09T06:36:00,2018-02-09T06:35:00,-147,-147
http://irail.be/vehicle/IC727,http://irail.be/stations/NMBS/008894151,IC,2018-02-09T06:43:00,2018-02-09T06:43:00,8,8
http://irail.be/vehicle/IC727,http://irail.be/stations/NMBS/008894201,IC,2018-02-09T06:50:00,2018-02-09T06:48:00,3,-14
http://irail.be/vehicle/IC727,NO-URI,IC,2018-02-09T06:52:00,2018-02-09T06:52:00,-15,-15
http://irail.be/vehicle/IC727,http://irail.be/stations/NMBS/008894425,IC,2018-02-09T06:54:00,2018-02-09T06:54:00,-11,-11
http://irail.be/vehicle/IC727,http://irail.be/stations/NMBS/008894433,IC,2018-02-09T06:55:00,2018-02-09T06:55:00,-14,-14
http://irail.be/vehicle/IC727,http://irail.be/stations/NMBS/008894508,IC,2018-02-09T07:00:00,2018-02-09T06:58:00,10,7
http://irail.be/vehicle/IC727,NO-URI,IC,2018-02-09T07:02:00,2018-02-09T07:02:00,19,19
http://irail.be/vehicle/IC727,http://irail.be/stations/NMBS/008894714,IC,2018-02-09T07:03:00,2018-02-09T07:03:00,3,3
http://irail.be/vehicle/IC727,http://irail.be/stations/NMBS/008894748,IC,2018-02-09T07:06:00,2018-02-09T07:06:00,-28,-28
http://irail.be/vehicle/IC727,http://irail.be/stations/NMBS/008894755,IC,2018-02-09T07:07:00,2018-02-09T07:07:00,-20,-20
http://irail.be/vehicle/IC727,http://irail.be/stations/NMBS/008894821,IC,2018-02-09T07:08:00,2018-02-09T07:08:00,24,24
http://irail.be/vehicle/IC727,NO-URI,IC,2018-02-09T07:09:00,2018-02-09T07:09:00,24,24
http://irail.be/vehicle/IC727,http://irail.be/stations/NMBS/008821196,IC,2018-02-09T07:12:00,2018-02-09T07:12:00,10,10
http://irail.be/vehicle/IC727,http://irail.be/stations/NMBS/008821121,IC,2018-02-09T07:19:00,2018-02-09T07:17:00,89,22
http://irail.be/vehicle/IC727,http://irail.be/stations/NMBS/008821006,IC,2018-02-09T07:23:00,2018-02-09T07:23:00,,85
http://irail.be/vehicle/IC727,http://irail.be/stations/NMBS/008896735,IC,2018-07-12T05:08:00,2018-07-12T05:08:00,53,
http://irail.be/vehicle/IC727,http://irail.be/stations/NMBS/008896503,IC,2018-07-12T05:16:00,2018-07-12T05:15:00,93,41
http://irail.be/vehicle/IC727,http://irail.be/stations/NMBS/008896412,IC,2018-07-12T05:26:00,2018-07-12T05:25:00,79,76
http://irail.be/vehicle/IC727,http://irail.be/stations/NMBS/008896396,IC,2018-07-12T05:30:00,2018-07-12T05:29:00,79,79
http://irail.be/vehicle/IC727,http://irail.be/stations/NMBS/008896305,IC,2018-07-12T05:35:00,2018-07-12T05:34:00,69,79
http://irail.be/vehicle/IC727,http://irail.be/stations/NMBS/008896370,IC,2018-07-12T05:40:00,2018-07-12T05:39:00,12,69
http://irail.be/vehicle/IC727,http://irail.be/stations/NMBS/008896388,IC,2018-07-12T05:45:00,2018-07-12T05:44:00,12,12
http://irail.be/vehicle/IC727,http://irail.be/stations/NMBS/008896008,IC,2018-07-12T05:58:00,2018-07-12T05:50:00,143,39
http://irail.be/vehicle/IC727,http://irail.be/stations/NMBS/008896115,IC,2018-07-12T06:02:00,2018-07-12T06:02:00,167,167
http://irail.be/vehicle/IC727,http://irail.be/stations/NMBS/008896149,IC,2018-07-12T06:08:00,2018-07-12T06:07:00,91,120
http://irail.be/vehicle/IC727,http://irail.be/stations/NMBS/008892106,IC,2018-07-12T06:15:00,2018-07-12T06:15:00,25,25
http://irail.be/vehicle/IC727,NO-URI,IC,2018-07-12T06:15:00,2018-07-12T06:15:00,56,56
http://irail.be/vehicle/IC727,http://irail.be/stations/NMBS/008892080,IC,2018-07-12T06:18:00,2018-07-12T06:18:00,25,25
http://irail.be/vehicle/IC727,http://irail.be/stations/NMBS/008892007,IC,2018-07-12T06:27:00,2018-07-12T06:24:00,7,-3
http://irail.be/vehicle/IC727,NO-URI,IC,2018-07-12T06:31:00,2018-07-12T06:31:00,42,42
http://irail.be/vehicle/IC727,http://irail.be/stations/NMBS/008893179,IC,2018-07-12T06:32:00,2018-07-12T06:32:00,-152,-152
http://irail.be/vehicle/IC727,http://irail.be/stations/NMBS/008893120,IC,2018-07-12T06:36:00,2018-07-12T06:35:00,77,-152
http://irail.be/vehicle/IC727,http://irail.be/stations/NMBS/008894151,IC,2018-07-12T06:43:00,2018-07-12T06:43:00,59,59
http://irail.be/vehicle/IC727,http://irail.be/stations/NMBS/008894201,IC,2018-07-12T06:50:00,2018-07-12T06:48:00,3,11
http://irail.be/vehicle/IC727,NO-URI,IC,2018-07-12T06:52:00,2018-07-12T06:52:00,-7,-7
http://irail.be/vehicle/IC727,http://irail.be/stations/NMBS/008894425,IC,2018-07-12T06:54:00,2018-07-12T06:54:00,-7,-7
http://irail.be/vehicle/IC727,http://irail.be/stations/NMBS/008894433,IC,2018-07-12T06:55:00,2018-07-12T06:55:00,-20,-20
http://irail.be/vehicle/IC727,http://irail.be/stations/NMBS/008894508,IC,2018-07-12T07:00:00,2018-07-12T06:58:00,12,-36
http://irail.be/vehicle/IC727,NO-URI,IC,2018-07-12T07:02:00,2018-07-12T07:02:00,26,26
http://irail.be/vehicle/IC727,http://irail.be/stations/NMBS/008894714,IC,2018-07-12T07:03:00,2018-07-12T07:03:00,11,11
http://irail.be/vehicle/IC727,http://irail.be/stations/NMBS/008894748,IC,2018-07-12T07:06:00,2018-07-12T07:06:00,-5,-5
http://irail.be/vehicle/IC727,http://irail.be/stations/NMBS/008894755,IC,2018-07-12T07:07:00,2018-07-12T07:07:00,-1,-1
http://irail.be/vehicle/IC727,http://irail.be/stations/NMBS/008894821,IC,2018-07-12T07:08:00,2018-07-12T07:08:00,25,25
http://irail.be/vehicle/IC727,http://irail.be/stations/NMBS/008821196,IC,2018-07-12T07:12:00,2018-07-12T07:12:00,-8,-8
http://irail.be/vehicle/IC727,http://irail.be/stations/NMBS/008821121,IC,2018-07-12T07:19:00,2018-07-12T07:17:00,-1,21
http://irail.be/vehicle/IC727,http://irail.be/stations/NMBS/008821006,IC,2018-07-12T07:23:00,2018-07-12T07:23:00,,159
http://irail.be/vehicle/IC727,http://irail.be/stations/NMBS/008896735,IC,2018-06-25T05:08:00,2018-06-25T05:08:00,130,
http://irail.be/vehicle/IC727,http://irail.be/stations/NMBS/008896503,IC,2018-06-25T05:16:00,2018-06-25T05:15:00,133,118
http://irail.be/vehicle/IC727,http://irail.be/stations/NMBS/008896412,IC,2018-06-25T05:26:00,2018-06-25T05:25:00,162,116
http://irail.be/vehicle/IC727,http://irail.be/stations/NMBS/008896396,IC,2018-06-25T05:30:00,2018-06-25T05:29:00,162,162
http://irail.be/vehicle/IC727,http://irail.be/stations/NMBS/008896305,IC,2018-06-25T05:35:00,2018-06-25T05:34:00,161,162
http://irail.be/vehicle/IC727,http://irail.be/stations/NMBS/008896370,IC,2018-06-25T05:40:00,2018-06-25T05:39:00,161,161
http://irail.be/vehicle/IC727,http://irail.be/stations/NMBS/008896388,IC,2018-06-25T05:45:00,2018-06-25T05:44:00,68,68
http://irail.be/vehicle/IC727,http://irail.be/stations/NMBS/008896008,IC,2018-06-25T05:58:00,2018-06-25T05:50:00,353,597
http://irail.be/vehicle/IC727,http://irail.be/stations/NMBS/008896115,IC,2018-06-25T06:02:00,2018-06-25T06:02:00,332,332
http://irail.be/vehicle/IC727,http://irail.be/stations/NMBS/008896149,IC,2018-06-25T06:08:00,2018-06-25T06:07:00,274,284
http://irail.be/vehicle/IC727,http://irail.be/stations/NMBS/008892106,IC,2018-06-25T06:15:00,2018-06-25T06:15:00,208,208
http://irail.be/vehicle/IC727,NO-URI,IC,2018-06-25T06:15:00,2018-06-25T06:15:00,238,238
http://irail.be/vehicle/IC727,http://irail.be/stations/NMBS/008892080,IC,2018-06-25T06:18:00,2018-06-25T06:18:00,206,206
http://irail.be/vehicle/IC727,http://irail.be/stations/NMBS/008892007,IC,2018-06-25T06:27:00,2018-06-25T06:24:00,84,184
http://irail.be/vehicle/IC727,NO-URI,IC,2018-06-25T06:31:00,2018-06-25T06:31:00,84,84
http://irail.be/vehicle/IC727,http://irail.be/stations/NMBS/008893179,IC,2018-06-25T06:32:00,2018-06-25T06:32:00,-134,-134
http://irail.be/vehicle/IC727,http://irail.be/stations/NMBS/008893120,IC,2018-06-25T06:36:00,2018-06-25T06:35:00,69,-134
http://irail.be/vehicle/IC727,http://irail.be/stations/NMBS/008894151,IC,2018-06-25T06:43:00,2018-06-25T06:43:00,65,65
http://irail.be/vehicle/IC727,http://irail.be/stations/NMBS/008894201,IC,2018-06-25T06:50:00,2018-06-25T06:48:00,6,14
http://irail.be/vehicle/IC727,NO-URI,IC,2018-06-25T06:52:00,2018-06-25T06:52:00,-9,-9
http://irail.be/vehicle/IC727,http://irail.be/stations/NMBS/008894425,IC,2018-06-25T06:54:00,2018-06-25T06:54:00,-12,-12
http://irail.be/vehicle/IC727,http://irail.be/stations/NMBS/008894433,IC,2018-06-25T06:55:00,2018-06-25T06:55:00,-24,-24
http://irail.be/vehicle/IC727,http://irail.be/stations/NMBS/008894508,IC,2018-06-25T07:00:00,2018-06-25T06:58:00,4,-47
http://irail.be/vehicle/IC727,NO-URI,IC,2018-06-25T07:02:00,2018-06-25T07:02:00,-6,-6
http://irail.be/vehicle/IC727,http://irail.be/stations/NMBS/008894714,IC,2018-06-25T07:03:00,2018-06-25T07:03:00,-26,-26
http://irail.be/vehicle/IC727,http://irail.be/stations/NMBS/008894748,IC,2018-06-25T07:06:00,2018-06-25T07:06:00,-64,-64
http://irail.be/vehicle/IC727,http://irail.be/stations/NMBS/008894755,IC,2018-06-25T07:07:00,2018-06-25T07:07:00,-75,-75
http://irail.be/vehicle/IC727,http://irail.be/stations/NMBS/008894821,IC,2018-06-25T07:08:00,2018-06-25T07:08:00,-53,-53
http://irail.be/vehicle/IC727,http://irail.be/stations/NMBS/008821196,IC,2018-06-25T07:12:00,2018-06-25T07:12:00,-81,-81
http://irail.be/vehicle/IC727,http://irail.be/stations/NMBS/008821121,IC,2018-06-25T07:19:00,2018-06-25T07:17:00,62,-46
http://irail.be/vehicle/IC727,http://irail.be/stations/NMBS/008821006,IC,2018-06-25T07:23:00,2018-06-25T07:23:00,,60
http://irail.be/vehicle/IC727,http://irail.be/stations/NMBS/008896735,IC,2018-07-11T05:08:00,2018-07-11T05:08:00,62,
http://irail.be/vehicle/IC727,http://irail.be/stations/NMBS/008896503,IC,2018-07-11T05:16:00,2018-07-11T05:15:00,76,37
http://irail.be/vehicle/IC727,http://irail.be/stations/NMBS/008896412,IC,2018-07-11T05:26:00,2018-07-11T05:25:00,17,43
http://irail.be/vehicle/IC727,http://irail.be/stations/NMBS/008896396,IC,2018-07-11T05:30:00,2018-07-11T05:29:00,17,17
http://irail.be/vehicle/IC727,http://irail.be/stations/NMBS/008896305,IC,2018-07-11T05:35:00,2018-07-11T05:34:00,6,17
http://irail.be/vehicle/IC727,http://irail.be/stations/NMBS/008896370,IC,2018-07-11T05:40:00,2018-07-11T05:39:00,-20,6
http://irail.be/vehicle/IC727,http://irail.be/stations/NMBS/008896388,IC,2018-07-11T05:45:00,2018-07-11T05:44:00,-20,-20
http://irail.be/vehicle/IC727,http://irail.be/stations/NMBS/008896008,IC,2018-07-11T05:58:00,2018-07-11T05:50:00,33,-57
http://irail.be/vehicle/IC727,http://irail.be/stations/NMBS/008896115,IC,2018-07-11T06:02:00,2018-07-11T06:02:00,-25,-25
http://irail.be/vehicle/IC727,http://irail.be/stations/NMBS/008896149,IC,2018-07-11T06:08:00,2018-07-11T06:07:00,-65,-66
http://irail.be/vehicle/IC727,http://irail.be/stations/NMBS/008892106,IC,2018-07-11T06:15:00,2018-07-11T06:15:00,-88,-88
http://irail.be/vehicle/IC727,NO-URI,IC,2018-07-11T06:15:00,2018-07-11T06:15:00,-44,-44
http://irail.be/vehicle/IC727,http://irail.be/stations/NMBS/008892080,IC,2018-07-11T06:18:00,2018-07-11T06:18:00,-19,-19
http://irail.be/vehicle/IC727,http://irail.be/stations/NMBS/008892007,IC,2018-07-11T06:27:00,2018-07-11T06:24:00,30,-11
http://irail.be/vehicle/IC727,NO-URI,IC,2018-07-11T06:31:00,2018-07-11T06:31:00,47,47
http://irail.be/vehicle/IC727,http://irail.be/stations/NMBS/008893179,IC,2018-07-11T06:32:00,2018-07-11T06:32:00,-146,-146
http://irail.be/vehicle/IC727,http://irail.be/stations/NMBS/008893120,IC,2018-07-11T06:36:00,2018-07-11T06:35:00,27,-146
http://irail.be/vehicle/IC727,http://irail.be/stations/NMBS/008894151,IC,2018-07-11T06:43:00,2018-07-11T06:43:00,3,3
http://irail.be/vehicle/IC727,http://irail.be/stations/NMBS/008894201,IC,2018-07-11T06:50:00,2018-07-11T06:48:00,28,-34
http://irail.be/vehicle/IC727,NO-URI,IC,2018-07-11T06:52:00,2018-07-11T06:52:00,16,16
http://irail.be/vehicle/IC727,http://irail.be/stations/NMBS/008894425,IC,2018-07-11T06:54:00,2018-07-11T06:54:00,18,18
http://irail.be/vehicle/IC727,http://irail.be/stations/NMBS/008894433,IC,2018-07-11T06:55:00,2018-07-11T06:55:00,6,6
http://irail.be/vehicle/IC727,http://irail.be/stations/NMBS/008894508,IC,2018-07-11T07:00:00,2018-07-11T06:58:00,58,-6
http://irail.be/vehicle/IC727,NO-URI,IC,2018-07-11T07:02:00,2018-07-11T07:02:00,59,59
http://irail.be/vehicle/IC727,http://irail.be/stations/NMBS/008894714,IC,2018-07-11T07:03:00,2018-07-11T07:03:00,43,43
http://irail.be/vehicle/IC727,http://irail.be/stations/NMBS/008894748,IC,2018-07-11T07:06:00,2018-07-11T07:06:00,28,28
http://irail.be/vehicle/IC727,http://irail.be/stations/NMBS/008894755,IC,2018-07-11T07:07:00,2018-07-11T07:07:00,28,28
http://irail.be/vehicle/IC727,http://irail.be/stations/NMBS/008894821,IC,2018-07-11T07:08:00,2018-07-11T07:08:00,60,60
http://irail.be/vehicle/IC727,http://irail.be/stations/NMBS/008821196,IC,2018-07-11T07:12:00,2018-07-11T07:12:00,30,30
http://irail.be/vehicle/IC727,http://irail.be/stations/NMBS/008821121,IC,2018-07-11T07:19:00,2018-07-11T07:17:00,-12,-13
http://irail.be/vehicle/IC727,http://irail.be/stations/NMBS/008821006,IC,2018-07-11T07:23:00,2018-07-11T07:23:00,,-41
http://irail.be/vehicle/IC727,http://irail.be/stations/NMBS/008896735,IC,2018-07-16T05:08:00,2018-07-16T05:08:00,60,
http://irail.be/vehicle/IC727,http://irail.be/stations/NMBS/008896503,IC,2018-07-16T05:16:00,2018-07-16T05:15:00,61,39
http://irail.be/vehicle/IC727,http://irail.be/stations/NMBS/008896412,IC,2018-07-16T05:26:00,2018-07-16T05:25:00,35,45
http://irail.be/vehicle/IC727,http://irail.be/stations/NMBS/008896396,IC,2018-07-16T05:30:00,2018-07-16T05:29:00,35,35
http://irail.be/vehicle/IC727,http://irail.be/stations/NMBS/008896305,IC,2018-07-16T05:35:00,2018-07-16T05:34:00,37,35
http://irail.be/vehicle/IC727,http://irail.be/stations/NMBS/008896370,IC,2018-07-16T05:40:00,2018-07-16T05:39:00,-3,37
http://irail.be/vehicle/IC727,http://irail.be/stations/NMBS/008896388,IC,2018-07-16T05:45:00,2018-07-16T05:44:00,-3,-3
http://irail.be/vehicle/IC727,http://irail.be/stations/NMBS/008896008,IC,2018-07-16T05:58:00,2018-07-16T05:50:00,29,22
http://irail.be/vehicle/IC727,http://irail.be/stations/NMBS/008896115,IC,2018-07-16T06:02:00,2018-07-16T06:02:00,29,29
http://irail.be/vehicle/IC727,http://irail.be/stations/NMBS/008896149,IC,2018-07-16T06:08:00,2018-07-16T06:07:00,20,-6
http://irail.be/vehicle/IC727,http://irail.be/stations/NMBS/008892106,IC,2018-07-16T06:15:00,2018-07-16T06:15:00,-40,-40
http://irail.be/vehicle/IC727,NO-URI,IC,2018-07-16T06:15:00,2018-07-16T06:15:00,-3,-3
http://irail.be/vehicle/IC727,http://irail.be/stations/NMBS/008892080,IC,2018-07-16T06:18:00,2018-07-16T06:18:00,-22,-22
http://irail.be/vehicle/IC727,http://irail.be/stations/NMBS/008892007,IC,2018-07-16T06:27:00,2018-07-16T06:24:00,0,-34
http://irail.be/vehicle/IC727,NO-URI,IC,2018-07-16T06:31:00,2018-07-16T06:31:00,17,17
http://irail.be/vehicle/IC727,http://irail.be/stations/NMBS/008893179,IC,2018-07-16T06:32:00,2018-07-16T06:32:00,-188,-188
http://irail.be/vehicle/IC727,http://irail.be/stations/NMBS/008893120,IC,2018-07-16T06:36:00,2018-07-16T06:35:00,53,-188
http://irail.be/vehicle/IC727,http://irail.be/stations/NMBS/008894151,IC,2018-07-16T06:43:00,2018-07-16T06:43:00,18,18
http://irail.be/vehicle/IC727,http://irail.be/stations/NMBS/008894201,IC,2018-07-16T06:50:00,2018-07-16T06:48:00,2,-22
http://irail.be/vehicle/IC727,NO-URI,IC,2018-07-16T06:52:00,2018-07-16T06:52:00,-9,-9
http://irail.be/vehicle/IC727,http://irail.be/stations/NMBS/008894425,IC,2018-07-16T06:54:00,2018-07-16T06:54:00,-9,-9
http://irail.be/vehicle/IC727,http://irail.be/stations/NMBS/008894433,IC,2018-07-16T06:55:00,2018-07-16T06:55:00,-20,-20
http://irail.be/vehicle/IC727,http://irail.be/stations/NMBS/008894508,IC,2018-07-16T07:00:00,2018-07-16T06:58:00,-9,-26
http://irail.be/vehicle/IC727,NO-URI,IC,2018-07-16T07:02:00,2018-07-16T07:02:00,-4,-4
http://irail.be/vehicle/IC727,http://irail.be/stations/NMBS/008894714,IC,2018-07-16T07:03:00,2018-07-16T07:03:00,-19,-19
http://irail.be/vehicle/IC727,http://irail.be/stations/NMBS/008894748,IC,2018-07-16T07:06:00,2018-07-16T07:06:00,-57,-57
http://irail.be/vehicle/IC727,http://irail.be/stations/NMBS/008894755,IC,2018-07-16T07:07:00,2018-07-16T07:07:00,-65,-65
http://irail.be/vehicle/IC727,http://irail.be/stations/NMBS/008894821,IC,2018-07-16T07:08:00,2018-07-16T07:08:00,-47,-47
http://irail.be/vehicle/IC727,http://irail.be/stations/NMBS/008821196,IC,2018-07-16T07:12:00,2018-07-16T07:12:00,-86,-86
http://irail.be/vehicle/IC727,http://irail.be/stations/NMBS/008821121,IC,2018-07-16T07:19:00,2018-07-16T07:17:00,-14,-51
http://irail.be/vehicle/IC727,http://irail.be/stations/NMBS/008821006,IC,2018-07-16T07:23:00,2018-07-16T07:23:00,,-46
http://irail.be/vehicle/IC727,http://irail.be/stations/NMBS/008896735,IC,2018-03-19T05:08:00,2018-03-19T05:08:00,44,
http://irail.be/vehicle/IC727,http://irail.be/stations/NMBS/008896503,IC,2018-03-19T05:16:00,2018-03-19T05:15:00,30,22
http://irail.be/vehicle/IC727,http://irail.be/stations/NMBS/008896412,IC,2018-03-19T05:26:00,2018-03-19T05:25:00,0,-4
http://irail.be/vehicle/IC727,http://irail.be/stations/NMBS/008896396,IC,2018-03-19T05:30:00,2018-03-19T05:29:00,0,0
http://irail.be/vehicle/IC727,http://irail.be/stations/NMBS/008896305,IC,2018-03-19T05:35:00,2018-03-19T05:34:00,-12,0
http://irail.be/vehicle/IC727,http://irail.be/stations/NMBS/008896370,IC,2018-03-19T05:40:00,2018-03-19T05:40:00,-3,-12
http://irail.be/vehicle/IC727,http://irail.be/stations/NMBS/008896388,IC,2018-03-19T05:44:00,2018-03-19T05:44:00,-3,-3
http://irail.be/vehicle/IC727,http://irail.be/stations/NMBS/008896008,IC,2018-03-19T05:57:00,2018-03-19T05:50:00,35,-96
http://irail.be/vehicle/IC727,http://irail.be/stations/NMBS/008896115,IC,2018-03-19T06:01:00,2018-03-19T06:01:00,28,28
http://irail.be/vehicle/IC727,http://irail.be/stations/NMBS/008896149,IC,2018-03-19T06:06:00,2018-03-19T06:05:00,15,29
http://irail.be/vehicle/IC727,http://irail.be/stations/NMBS/008892106,IC,2018-03-19T06:15:00,2018-03-19T06:15:00,-30,-30
http://irail.be/vehicle/IC727,NO-URI,IC,2018-03-19T06:15:00,2018-03-19T06:15:00,35,35
http://irail.be/vehicle/IC727,http://irail.be/stations/NMBS/008892080,IC,2018-03-19T06:18:00,2018-03-19T06:18:00,19,19
http://irail.be/vehicle/IC727,http://irail.be/stations/NMBS/008892007,IC,2018-03-19T06:27:00,2018-03-19T06:24:00,60,154
http://irail.be/vehicle/IC727,NO-URI,IC,2018-03-19T06:31:00,2018-03-19T06:31:00,78,78
http://irail.be/vehicle/IC727,http://irail.be/stations/NMBS/008893179,IC,2018-03-19T06:32:00,2018-03-19T06:32:00,-129,-129
http://irail.be/vehicle/IC727,http://irail.be/stations/NMBS/008893120,IC,2018-03-19T06:36:00,2018-03-19T06:35:00,-129,-129
http://irail.be/vehicle/IC727,http://irail.be/stations/NMBS/008894151,IC,2018-03-19T06:43:00,2018-03-19T06:43:00,-4,-4
http://irail.be/vehicle/IC727,http://irail.be/stations/NMBS/008894201,IC,2018-03-19T06:50:00,2018-03-19T06:48:00,12,-48
http://irail.be/vehicle/IC727,NO-URI,IC,2018-03-19T06:52:00,2018-03-19T06:52:00,-3,-3
http://irail.be/vehicle/IC727,http://irail.be/stations/NMBS/008894425,IC,2018-03-19T06:54:00,2018-03-19T06:54:00,0,0
http://irail.be/vehicle/IC727,http://irail.be/stations/NMBS/008894433,IC,2018-03-19T06:55:00,2018-03-19T06:55:00,-10,-10
http://irail.be/vehicle/IC727,http://irail.be/stations/NMBS/008894508,IC,2018-03-19T07:00:00,2018-03-19T06:58:00,9,-24
http://irail.be/vehicle/IC727,NO-URI,IC,2018-03-19T07:02:00,2018-03-19T07:02:00,9,9
http://irail.be/vehicle/IC727,http://irail.be/stations/NMBS/008894714,IC,2018-03-19T07:03:00,2018-03-19T07:03:00,-7,-7
http://irail.be/vehicle/IC727,http://irail.be/stations/NMBS/008894748,IC,2018-03-19T07:06:00,2018-03-19T07:06:00,-41,-41
http://irail.be/vehicle/IC727,http://irail.be/stations/NMBS/008894755,IC,2018-03-19T07:07:00,2018-03-19T07:07:00,-48,-48
http://irail.be/vehicle/IC727,http://irail.be/stations/NMBS/008894821,IC,2018-03-19T07:08:00,2018-03-19T07:08:00,-26,-26
http://irail.be/vehicle/IC727,NO-URI,IC,2018-03-19T07:09:00,2018-03-19T07:09:00,-26,-26
http://irail.be/vehicle/IC727,http://irail.be/stations/NMBS/008821196,IC,2018-03-19T07:12:00,2018-03-19T07:12:00,-56,-56
http://irail.be/vehicle/IC727,http://irail.be/stations/NMBS/008821121,IC,2018-03-19T07:19:00,2018-03-19T07:17:00,309,-52
http://irail.be/vehicle/IC727,http://irail.be/stations/NMBS/008821006,IC,2018-03-19T07:23:00,2018-03-19T07:23:00,,315
http://irail.be/vehicle/IC727,http://irail.be/stations/NMBS/008896735,IC,2018-06-23T05:08:00,2018-06-23T05:08:00,42,
http://irail.be/vehicle/IC727,http://irail.be/stations/NMBS/008896503,IC,2018-06-23T05:16:00,2018-06-23T05:15:00,2,11
http://irail.be/vehicle/IC727,http://irail.be/stations/NMBS/008896412,IC,2018-06-23T05:26:00,2018-06-23T05:25:00,-30,-46
http://irail.be/vehicle/IC727,http://irail.be/stations/NMBS/008896396,IC,2018-06-23T05:30:00,2018-06-23T05:29:00,-30,-30
http://irail.be/vehicle/IC727,http://irail.be/stations/NMBS/008896305,IC,2018-06-23T05:35:00,2018-06-23T05:34:00,4,-30
http://irail.be/vehicle/IC727,http://irail.be/stations/NMBS/008896370,IC,2018-06-23T05:40:00,2018-06-23T05:39:00,-22,4
http://irail.be/vehicle/IC727,http://irail.be/stations/NMBS/008896388,IC,2018-06-23T05:45:00,2018-06-23T05:44:00,-22,-22
http://irail.be/vehicle/IC727,http://irail.be/stations/NMBS/008896008,IC,2018-06-23T05:58:00,2018-06-23T05:50:00,26,-68
http://irail.be/vehicle/IC727,http://irail.be/stations/NMBS/008896115,IC,2018-06-23T06:02:00,2018-06-23T06:02:00,-10,-10
http://irail.be/vehicle/IC727,http://irail.be/stations/NMBS/008896149,IC,2018-06-23T06:08:00,2018-06-23T06:07:00,-3,-58
http://irail.be/vehicle/IC727,http://irail.be/stations/NMBS/008892106,IC,2018-06-23T06:15:00,2018-06-23T06:15:00,-66,-66
http://irail.be/vehicle/IC727,NO-URI,IC,2018-06-23T06:15:00,2018-06-23T06:15:00,-34,-34
http://irail.be/vehicle/IC727,http://irail.be/stations/NMBS/008892080,IC,2018-06-23T06:18:00,2018-06-23T06:18:00,-64,-64
http://irail.be/vehicle/IC727,http://irail.be/stations/NMBS/008892007,IC,2018-06-23T06:27:00,2018-06-23T06:24:00,-1,-108
http://irail.be/vehicle/IC727,NO-URI,IC,2018-06-23T06:31:00,2018-06-23T06:31:00,33,33
http://irail.be/vehicle/IC727,http://irail.be/stations/NMBS/008893179,IC,2018-06-23T06:32:00,2018-06-23T06:32:00,-153,-153
http://irail.be/vehicle/IC727,http://irail.be/stations/NMBS/008893120,IC,2018-06-23T06:36:00,2018-06-23T06:35:00,34,-153
http://irail.be/vehicle/IC727,http://irail.be/stations/NMBS/008894151,IC,2018-06-23T06:43:00,2018-06-23T06:43:00,41,41
http://irail.be/vehicle/IC727,http://irail.be/stations/NMBS/008894201,IC,2018-06-23T06:50:00,2018-06-23T06:48:00,2,-9
http://irail.be/vehicle/IC727,NO-URI,IC,2018-06-23T06:52:00,2018-06-23T06:52:00,-1,-1
http://irail.be/vehicle/IC727,http://irail.be/stations/NMBS/008894425,IC,2018-06-23T06:54:00,2018-06-23T06:54:00,1,1
http://irail.be/vehicle/IC727,http://irail.be/stations/NMBS/008894433,IC,2018-06-23T06:55:00,2018-06-23T06:55:00,-9,-9
http://irail.be/vehicle/IC727,http://irail.be/stations/NMBS/008894508,IC,2018-06-23T07:00:00,2018-06-23T06:58:00,13,-29
http://irail.be/vehicle/IC727,NO-URI,IC,2018-06-23T07:02:00,2018-06-23T07:02:00,9,9
http://irail.be/vehicle/IC727,http://irail.be/stations/NMBS/008894714,IC,2018-06-23T07:03:00,2018-06-23T07:03:00,-9,-9
http://irail.be/vehicle/IC727,http://irail.be/stations/NMBS/008894748,IC,2018-06-23T07:06:00,2018-06-23T07:06:00,-46,-46
http://irail.be/vehicle/IC727,http://irail.be/stations/NMBS/008894755,IC,2018-06-23T07:07:00,2018-06-23T07:07:00,-53,-53
http://irail.be/vehicle/IC727,http://irail.be/stations/NMBS/008894821,IC,2018-06-23T07:08:00,2018-06-23T07:08:00,-37,-37
http://irail.be/vehicle/IC727,http://irail.be/stations/NMBS/008821196,IC,2018-06-23T07:12:00,2018-06-23T07:12:00,-84,-84
http://irail.be/vehicle/IC727,http://irail.be/stations/NMBS/008821121,IC,2018-06-23T07:19:00,2018-06-23T07:17:00,-21,-131
http://irail.be/vehicle/IC727,http://irail.be/stations/NMBS/008821006,IC,2018-06-23T07:23:00,2018-06-23T07:23:00,,-59
http://irail.be/vehicle/IC727,http://irail.be/stations/NMBS/008896735,IC,2018-05-10T05:08:00,2018-05-10T05:08:00,83,
http://irail.be/vehicle/IC727,http://irail.be/stations/NMBS/008896503,IC,2018-05-10T05:16:00,2018-05-10T05:15:00,101,69
http://irail.be/vehicle/IC727,http://irail.be/stations/NMBS/008896412,IC,2018-05-10T05:26:00,2018-05-10T05:25:00,91,99
http://irail.be/vehicle/IC727,http://irail.be/stations/NMBS/008896396,IC,2018-05-10T05:30:00,2018-05-10T05:29:00,91,91
http://irail.be/vehicle/IC727,http://irail.be/stations/NMBS/008896305,IC,2018-05-10T05:35:00,2018-05-10T05:34:00,53,91
http://irail.be/vehicle/IC727,http://irail.be/stations/NMBS/008896370,IC,2018-05-10T05:40:00,2018-05-10T05:40:00,56,53
http://irail.be/vehicle/IC727,http://irail.be/stations/NMBS/008896388,IC,2018-05-10T05:44:00,2018-05-10T05:44:00,56,56
http://irail.be/vehicle/IC727,http://irail.be/stations/NMBS/008896008,IC,2018-05-10T05:57:00,2018-05-10T05:50:00,102,112
http://irail.be/vehicle/IC727,http://irail.be/stations/NMBS/008896115,IC,2018-05-10T06:01:00,2018-05-10T06:01:00,73,73
http://irail.be/vehicle/IC727,http://irail.be/stations/NMBS/008896149,IC,2018-05-10T06:06:00,2018-05-10T06:05:00,55,72
http://irail.be/vehicle/IC727,http://irail.be/stations/NMBS/008892106,IC,2018-05-10T06:15:00,2018-05-10T06:15:00,-85,-85
http://irail.be/vehicle/IC727,NO-URI,IC,2018-05-10T06:15:00,2018-05-10T06:15:00,-66,-66
http://irail.be/vehicle/IC727,http://irail.be/stations/NMBS/008892080,IC,2018-05-10T06:18:00,2018-05-10T06:18:00,-88,-88
http://irail.be/vehicle/IC727,http://irail.be/stations/NMBS/008892007,IC,2018-05-10T06:27:00,2018-05-10T06:24:00,16,-91
http://irail.be/vehicle/IC727,NO-URI,IC,2018-05-10T06:31:00,2018-05-10T06:31:00,31,31
http://irail.be/vehicle/IC727,http://irail.be/stations/NMBS/008893179,IC,2018-05-10T06:32:00,2018-05-10T06:32:00,-163,-163
http://irail.be/vehicle/IC727,http://irail.be/stations/NMBS/008893120,IC,2018-05-10T06:36:00,2018-05-10T06:35:00,42,-163
http://irail.be/vehicle/IC727,http://irail.be/stations/NMBS/008894151,IC,2018-05-10T06:43:00,2018-05-10T06:43:00,40,40
http://irail.be/vehicle/IC727,http://irail.be/stations/NMBS/008894201,IC,2018-05-10T06:50:00,2018-05-10T06:48:00,20,-8
http://irail.be/vehicle/IC727,NO-URI,IC,2018-05-10T06:52:00,2018-05-10T06:52:00,14,14
http://irail.be/vehicle/IC727,http://irail.be/stations/NMBS/008894425,IC,2018-05-10T06:54:00,2018-05-10T06:54:00,58,58
http://irail.be/vehicle/IC727,http://irail.be/stations/NMBS/008894433,IC,2018-05-10T06:55:00,2018-05-10T06:55:00,47,47
http://irail.be/vehicle/IC727,http://irail.be/stations/NMBS/008894508,IC,2018-05-10T07:00:00,2018-05-10T06:58:00,16,26
http://irail.be/vehicle/IC727,NO-URI,IC,2018-05-10T07:02:00,2018-05-10T07:02:00,10,10
http://irail.be/vehicle/IC727,http://irail.be/stations/NMBS/008894714,IC,2018-05-10T07:03:00,2018-05-10T07:03:00,-5,-5
http://irail.be/vehicle/IC727,http://irail.be/stations/NMBS/008894748,IC,2018-05-10T07:06:00,2018-05-10T07:06:00,-26,-26
http://irail.be/vehicle/IC727,http://irail.be/stations/NMBS/008894755,IC,2018-05-10T07:07:00,2018-05-10T07:07:00,-31,-31
http://irail.be/vehicle/IC727,http://irail.be/stations/NMBS/008894821,IC,2018-05-10T07:08:00,2018-05-10T07:08:00,-6,-6
http://irail.be/vehicle/IC727,NO-URI,IC,2018-05-10T07:09:00,2018-05-10T07:09:00,-6,-6
http://irail.be/vehicle/IC727,http://irail.be/stations/NMBS/008821196,IC,2018-05-10T07:12:00,2018-05-10T07:12:00,-48,-48
http://irail.be/vehicle/IC727,http://irail.be/stations/NMBS/008821121,IC,2018-05-10T07:19:00,2018-05-10T07:17:00,-10,-110
http://irail.be/vehicle/IC727,http://irail.be/stations/NMBS/008821006,IC,2018-05-10T07:23:00,2018-05-10T07:23:00,,-47
http://irail.be/vehicle/IC727,http://irail.be/stations/NMBS/008896735,IC,2018-10-31T05:08:00,2018-10-31T05:08:00,35,
http://irail.be/vehicle/IC727,http://irail.be/stations/NMBS/008896503,IC,2018-10-31T05:16:00,2018-10-31T05:15:00,14,17
http://irail.be/vehicle/IC727,http://irail.be/stations/NMBS/008896412,IC,2018-10-31T05:26:00,2018-10-31T05:25:00,22,-16
http://irail.be/vehicle/IC727,http://irail.be/stations/NMBS/008896396,IC,2018-10-31T05:30:00,2018-10-31T05:29:00,22,22
http://irail.be/vehicle/IC727,http://irail.be/stations/NMBS/008896305,IC,2018-10-31T05:35:00,2018-10-31T05:34:00,41,22
http://irail.be/vehicle/IC727,http://irail.be/stations/NMBS/008896370,IC,2018-10-31T05:40:00,2018-10-31T05:39:00,8,41
http://irail.be/vehicle/IC727,http://irail.be/stations/NMBS/008896388,IC,2018-10-31T05:45:00,2018-10-31T05:44:00,8,8
http://irail.be/vehicle/IC727,http://irail.be/stations/NMBS/008896008,IC,2018-10-31T05:58:00,2018-10-31T05:50:00,40,-9
http://irail.be/vehicle/IC727,http://irail.be/stations/NMBS/008896115,IC,2018-10-31T06:02:00,2018-10-31T06:02:00,49,49
http://irail.be/vehicle/IC727,http://irail.be/stations/NMBS/008896149,IC,2018-10-31T06:08:00,2018-10-31T06:07:00,-8,4
http://irail.be/vehicle/IC727,http://irail.be/stations/NMBS/008892106,IC,2018-10-31T06:15:00,2018-10-31T06:15:00,-64,-64
http://irail.be/vehicle/IC727,NO-URI,IC,2018-10-31T06:15:00,2018-10-31T06:15:00,87,87
http://irail.be/vehicle/IC727,http://irail.be/stations/NMBS/008892080,IC,2018-10-31T06:18:00,2018-10-31T06:18:00,90,90
http://irail.be/vehicle/IC727,http://irail.be/stations/NMBS/008892007,IC,2018-10-31T06:27:00,2018-10-31T06:24:00,10,111
http://irail.be/vehicle/IC727,NO-URI,IC,2018-10-31T06:31:00,2018-10-31T06:31:00,38,38
http://irail.be/vehicle/IC727,http://irail.be/stations/NMBS/008893179,IC,2018-10-31T06:32:00,2018-10-31T06:32:00,16,16
http://irail.be/vehicle/IC727,http://irail.be/stations/NMBS/008893120,IC,2018-10-31T06:36:00,2018-10-31T06:35:00,87,-87
http://irail.be/vehicle/IC727,http://irail.be/stations/NMBS/008894151,IC,2018-10-31T06:43:00,2018-10-31T06:43:00,52,52
http://irail.be/vehicle/IC727,http://irail.be/stations/NMBS/008894201,IC,2018-10-31T06:50:00,2018-10-31T06:48:00,27,4
http://irail.be/vehicle/IC727,NO-URI,IC,2018-10-31T06:52:00,2018-10-31T06:52:00,10,10
http://irail.be/vehicle/IC727,http://irail.be/stations/NMBS/008894425,IC,2018-10-31T06:54:00,2018-10-31T06:54:00,11,11
http://irail.be/vehicle/IC727,http://irail.be/stations/NMBS/008894433,IC,2018-10-31T06:55:00,2018-10-31T06:55:00,-3,-3
http://irail.be/vehicle/IC727,http://irail.be/stations/NMBS/008894508,IC,2018-10-31T07:00:00,2018-10-31T06:58:00,-1,-19
http://irail.be/vehicle/IC727,NO-URI,IC,2018-10-31T07:02:00,2018-10-31T07:02:00,9,9
http://irail.be/vehicle/IC727,http://irail.be/stations/NMBS/008894714,IC,2018-10-31T07:03:00,2018-10-31T07:03:00,-7,-7
http://irail.be/vehicle/IC727,http://irail.be/stations/NMBS/008894748,IC,2018-10-31T07:06:00,2018-10-31T07:06:00,-41,-41
http://irail.be/vehicle/IC727,http://irail.be/stations/NMBS/008894755,IC,2018-10-31T07:07:00,2018-10-31T07:07:00,-44,-44
http://irail.be/vehicle/IC727,http://irail.be/stations/NMBS/008894821,IC,2018-10-31T07:08:00,2018-10-31T07:08:00,-22,-22
http://irail.be/vehicle/IC727,http://irail.be/stations/NMBS/008821196,IC,2018-10-31T07:12:00,2018-10-31T07:12:00,-53,-53
http://irail.be/vehicle/IC727,http://irail.be/stations/NMBS/008821121,IC,2018-10-31T07:19:00,2018-10-31T07:17:00,-14,-35
http://irail.be/vehicle/IC727,http://irail.be/stations/NMBS/008821006,IC,2018-10-31T07:23:00,2018-10-31T07:23:00,,-40
http://irail.be/vehicle/IC727,http://irail.be/stations/NMBS/008896735,IC,2018-02-11T05:08:00,2018-02-11T05:08:00,97,
http://irail.be/vehicle/IC727,http://irail.be/stations/NMBS/008896503,IC,2018-02-11T05:16:00,2018-02-11T05:15:00,38,37
http://irail.be/vehicle/IC727,http://irail.be/stations/NMBS/008896412,IC,2018-02-11T05:26:00,2018-02-11T05:25:00,-17,-21
http://irail.be/vehicle/IC727,http://irail.be/stations/NMBS/008896396,IC,2018-02-11T05:30:00,2018-02-11T05:29:00,-17,-17
http://irail.be/vehicle/IC727,http://irail.be/stations/NMBS/008896305,IC,2018-02-11T05:35:00,2018-02-11T05:34:00,15,-17
http://irail.be/vehicle/IC727,http://irail.be/stations/NMBS/008896370,IC,2018-02-11T05:40:00,2018-02-11T05:40:00,15,15
http://irail.be/vehicle/IC727,http://irail.be/stations/NMBS/008896388,IC,2018-02-11T05:44:00,2018-02-11T05:44:00,0,0
http://irail.be/vehicle/IC727,http://irail.be/stations/NMBS/008896008,IC,2018-02-11T05:57:00,2018-02-11T05:50:00,94,-83
http://irail.be/vehicle/IC727,http://irail.be/stations/NMBS/008896115,IC,2018-02-11T06:01:00,2018-02-11T06:01:00,152,152
http://irail.be/vehicle/IC727,http://irail.be/stations/NMBS/008896149,IC,2018-02-11T06:06:00,2018-02-11T06:05:00,168,182
http://irail.be/vehicle/IC727,http://irail.be/stations/NMBS/008892106,IC,2018-02-11T06:15:00,2018-02-11T06:15:00,29,29
http://irail.be/vehicle/IC727,NO-URI,IC,2018-02-11T06:15:00,2018-02-11T06:15:00,47,47
http://irail.be/vehicle/IC727,http://irail.be/stations/NMBS/008892080,IC,2018-02-11T06:18:00,2018-02-11T06:18:00,26,26
http://irail.be/vehicle/IC727,http://irail.be/stations/NMBS/008892007,IC,2018-02-11T06:27:00,2018-02-11T06:24:00,29,-9
http://irail.be/vehicle/IC727,NO-URI,IC,2018-02-11T06:31:00,2018-02-11T06:31:00,37,37
http://irail.be/vehicle/IC727,http://irail.be/stations/NMBS/008893179,IC,2018-02-11T06:32:00,2018-02-11T06:32:00,-166,-166
http://irail.be/vehicle/IC727,http://irail.be/stations/NMBS/008893120,IC,2018-02-11T06:36:00,2018-02-11T06:35:00,-166,-166
http://irail.be/vehicle/IC727,http://irail.be/stations/NMBS/008894151,IC,2018-02-11T06:43:00,2018-02-11T06:43:00,22,22
http://irail.be/vehicle/IC727,http://irail.be/stations/NMBS/008894201,IC,2018-02-11T06:50:00,2018-02-11T06:48:00,51,-17
http://irail.be/vehicle/IC727,NO-URI,IC,2018-02-11T06:52:00,2018-02-11T06:52:00,42,42
http://irail.be/vehicle/IC727,http://irail.be/stations/NMBS/008894425,IC,2018-02-11T06:54:00,2018-02-11T06:54:00,51,51
http://irail.be/vehicle/IC727,http://irail.be/stations/NMBS/008894433,IC,2018-02-11T06:55:00,2018-02-11T06:55:00,38,38
http://irail.be/vehicle/IC727,http://irail.be/stations/NMBS/008894508,IC,2018-02-11T07:00:00,2018-02-11T06:58:00,21,26
http://irail.be/vehicle/IC727,NO-URI,IC,2018-02-11T07:02:00,2018-02-11T07:02:00,14,14
http://irail.be/vehicle/IC727,http://irail.be/stations/NMBS/008894714,IC,2018-02-11T07:03:00,2018-02-11T07:03:00,-4,-4
http://irail.be/vehicle/IC727,http://irail.be/stations/NMBS/008894748,IC,2018-02-11T07:06:00,2018-02-11T07:06:00,-37,-37
http://irail.be/vehicle/IC727,http://irail.be/stations/NMBS/008894755,IC,2018-02-11T07:07:00,2018-02-11T07:07:00,-43,-43
http://irail.be/vehicle/IC727,http://irail.be/stations/NMBS/008894821,IC,2018-02-11T07:08:00,2018-02-11T07:08:00,-22,-22
http://irail.be/vehicle/IC727,NO-URI,IC,2018-02-11T07:09:00,2018-02-11T07:09:00,-22,-22
http://irail.be/vehicle/IC727,http://irail.be/stations/NMBS/008821196,IC,2018-02-11T07:12:00,2018-02-11T07:12:00,-61,-61
http://irail.be/vehicle/IC727,http://irail.be/stations/NMBS/008821121,IC,2018-02-11T07:19:00,2018-02-11T07:17:00,45,-116
http://irail.be/vehicle/IC727,http://irail.be/stations/NMBS/008821006,IC,2018-02-11T07:23:00,2018-02-11T07:23:00,,27
http://irail.be/vehicle/IC727,http://irail.be/stations/NMBS/008896735,IC,2018-03-26T05:08:00,2018-03-26T05:08:00,57,
http://irail.be/vehicle/IC727,http://irail.be/stations/NMBS/008896503,IC,2018-03-26T05:16:00,2018-03-26T05:15:00,32,26
http://irail.be/vehicle/IC727,http://irail.be/stations/NMBS/008896412,IC,2018-03-26T05:26:00,2018-03-26T05:25:00,-3,7
http://irail.be/vehicle/IC727,http://irail.be/stations/NMBS/008896396,IC,2018-03-26T05:30:00,2018-03-26T05:29:00,-3,-3
http://irail.be/vehicle/IC727,http://irail.be/stations/NMBS/008896305,IC,2018-03-26T05:35:00,2018-03-26T05:34:00,-12,-3
http://irail.be/vehicle/IC727,http://irail.be/stations/NMBS/008896370,IC,2018-03-26T05:40:00,2018-03-26T05:40:00,7,-12
http://irail.be/vehicle/IC727,http://irail.be/stations/NMBS/008896388,IC,2018-03-26T05:44:00,2018-03-26T05:44:00,7,7
http://irail.be/vehicle/IC727,http://irail.be/stations/NMBS/008896008,IC,2018-03-26T05:57:00,2018-03-26T05:50:00,30,-56
http://irail.be/vehicle/IC727,http://irail.be/stations/NMBS/008896115,IC,2018-03-26T06:01:00,2018-03-26T06:01:00,33,33
http://irail.be/vehicle/IC727,http://irail.be/stations/NMBS/008896149,IC,2018-03-26T06:06:00,2018-03-26T06:05:00,137,157
http://irail.be/vehicle/IC727,http://irail.be/stations/NMBS/008892106,IC,2018-03-26T06:15:00,2018-03-26T06:15:00,-11,-11
http://irail.be/vehicle/IC727,NO-URI,IC,2018-03-26T06:15:00,2018-03-26T06:15:00,55,55
http://irail.be/vehicle/IC727,http://irail.be/stations/NMBS/008892080,IC,2018-03-26T06:18:00,2018-03-26T06:18:00,100,100
http://irail.be/vehicle/IC727,http://irail.be/stations/NMBS/008892007,IC,2018-03-26T06:27:00,2018-03-26T06:24:00,6,100
http://irail.be/vehicle/IC727,NO-URI,IC,2018-03-26T06:31:00,2018-03-26T06:31:00,60,60
http://irail.be/vehicle/IC727,http://irail.be/stations/NMBS/008893179,IC,2018-03-26T06:32:00,2018-03-26T06:32:00,-118,-118
http://irail.be/vehicle/IC727,http://irail.be/stations/NMBS/008893120,IC,2018-03-26T06:36:00,2018-03-26T06:35:00,-118,-118
http://irail.be/vehicle/IC727,http://irail.be/stations/NMBS/008894151,IC,2018-03-26T06:43:00,2018-03-26T06:43:00,79,79
http://irail.be/vehicle/IC727,http://irail.be/stations/NMBS/008894201,IC,2018-03-26T06:50:00,2018-03-26T06:48:00,62,36
http://irail.be/vehicle/IC727,NO-URI,IC,2018-03-26T06:52:00,2018-03-26T06:52:00,49,49
http://irail.be/vehicle/IC727,http://irail.be/stations/NMBS/008894425,IC,2018-03-26T06:54:00,2018-03-26T06:54:00,53,53
http://irail.be/vehicle/IC727,http://irail.be/stations/NMBS/008894433,IC,2018-03-26T06:55:00,2018-03-26T06:55:00,45,45
http://irail.be/vehicle/IC727,http://irail.be/stations/NMBS/008894508,IC,2018-03-26T07:00:00,2018-03-26T06:58:00,-3,28
http://irail.be/vehicle/IC727,NO-URI,IC,2018-03-26T07:02:00,2018-03-26T07:02:00,8,8
http://irail.be/vehicle/IC727,http://irail.be/stations/NMBS/008894714,IC,2018-03-26T07:03:00,2018-03-26T07:03:00,-4,-4
http://irail.be/vehicle/IC727,http://irail.be/stations/NMBS/008894748,IC,2018-03-26T07:06:00,2018-03-26T07:06:00,-32,-32
http://irail.be/vehicle/IC727,http://irail.be/stations/NMBS/008894755,IC,2018-03-26T07:07:00,2018-03-26T07:07:00,-42,-42
http://irail.be/vehicle/IC727,http://irail.be/stations/NMBS/008894821,IC,2018-03-26T07:08:00,2018-03-26T07:08:00,-17,-17
http://irail.be/vehicle/IC727,NO-URI,IC,2018-03-26T07:09:00,2018-03-26T07:09:00,-17,-17
http://irail.be/vehicle/IC727,http://irail.be/stations/NMBS/008821196,IC,2018-03-26T07:12:00,2018-03-26T07:12:00,-54,-54
http://irail.be/vehicle/IC727,http://irail.be/stations/NMBS/008821121,IC,2018-03-26T07:19:00,2018-03-26T07:17:00,-7,-9
http://irail.be/vehicle/IC727,http://irail.be/stations/NMBS/008821006,IC,2018-03-26T07:23:00,2018-03-26T07:23:00,,30
http://irail.be/vehicle/IC727,http://irail.be/stations/NMBS/008896735,IC,2018-03-08T05:08:00,2018-03-08T05:08:00,52,
http://irail.be/vehicle/IC727,http://irail.be/stations/NMBS/008896503,IC,2018-03-08T05:16:00,2018-03-08T05:15:00,43,19
http://irail.be/vehicle/IC727,http://irail.be/stations/NMBS/008896412,IC,2018-03-08T05:26:00,2018-03-08T05:25:00,4,3
http://irail.be/vehicle/IC727,http://irail.be/stations/NMBS/008896396,IC,2018-03-08T05:30:00,2018-03-08T05:29:00,4,4
http://irail.be/vehicle/IC727,http://irail.be/stations/NMBS/008896305,IC,2018-03-08T05:35:00,2018-03-08T05:34:00,-5,4
http://irail.be/vehicle/IC727,http://irail.be/stations/NMBS/008896370,IC,2018-03-08T05:40:00,2018-03-08T05:40:00,-5,-5
http://irail.be/vehicle/IC727,http://irail.be/stations/NMBS/008896388,IC,2018-03-08T05:44:00,2018-03-08T05:44:00,-33,-33
http://irail.be/vehicle/IC727,http://irail.be/stations/NMBS/008896008,IC,2018-03-08T05:57:00,2018-03-08T05:50:00,44,-69
http://irail.be/vehicle/IC727,http://irail.be/stations/NMBS/008896115,IC,2018-03-08T06:01:00,2018-03-08T06:01:00,23,23
http://irail.be/vehicle/IC727,http://irail.be/stations/NMBS/008896149,IC,2018-03-08T06:06:00,2018-03-08T06:05:00,-14,24
http://irail.be/vehicle/IC727,http://irail.be/stations/NMBS/008892106,IC,2018-03-08T06:15:00,2018-03-08T06:15:00,-29,-29
http://irail.be/vehicle/IC727,NO-URI,IC,2018-03-08T06:15:00,2018-03-08T06:15:00,72,72
http://irail.be/vehicle/IC727,http://irail.be/stations/NMBS/008892080,IC,2018-03-08T06:18:00,2018-03-08T06:18:00,83,83
http://irail.be/vehicle/IC727,http://irail.be/stations/NMBS/008892007,IC,2018-03-08T06:27:00,2018-03-08T06:24:00,52,140
http://irail.be/vehicle/IC727,NO-URI,IC,2018-03-08T06:31:00,2018-03-08T06:31:00,77,77
http://irail.be/vehicle/IC727,http://irail.be/stations/NMBS/008893179,IC,2018-03-08T06:32:00,2018-03-08T06:32:00,-132,-132
http://irail.be/vehicle/IC727,http://irail.be/stations/NMBS/008893120,IC,2018-03-08T06:36:00,2018-03-08T06:35:00,-132,-132
http://irail.be/vehicle/IC727,http://irail.be/stations/NMBS/008894151,IC,2018-03-08T06:43:00,2018-03-08T06:43:00,49,49
http://irail.be/vehicle/IC727,http://irail.be/stations/NMBS/008894201,IC,2018-03-08T06:50:00,2018-03-08T06:48:00,8,4
http://irail.be/vehicle/IC727,NO-URI,IC,2018-03-08T06:52:00,2018-03-08T06:52:00,-11,-11
http://irail.be/vehicle/IC727,http://irail.be/stations/NMBS/008894425,IC,2018-03-08T06:54:00,2018-03-08T06:54:00,-8,-8
http://irail.be/vehicle/IC727,http://irail.be/stations/NMBS/008894433,IC,2018-03-08T06:55:00,2018-03-08T06:55:00,-19,-19
http://irail.be/vehicle/IC727,http://irail.be/stations/NMBS/008894508,IC,2018-03-08T07:00:00,2018-03-08T06:58:00,12,-23
http://irail.be/vehicle/IC727,NO-URI,IC,2018-03-08T07:02:00,2018-03-08T07:02:00,15,15
http://irail.be/vehicle/IC727,http://irail.be/stations/NMBS/008894714,IC,2018-03-08T07:03:00,2018-03-08T07:03:00,-1,-1
http://irail.be/vehicle/IC727,http://irail.be/stations/NMBS/008894748,IC,2018-03-08T07:06:00,2018-03-08T07:06:00,-34,-34
http://irail.be/vehicle/IC727,http://irail.be/stations/NMBS/008894755,IC,2018-03-08T07:07:00,2018-03-08T07:07:00,-40,-40
http://irail.be/vehicle/IC727,http://irail.be/stations/NMBS/008894821,IC,2018-03-08T07:08:00,2018-03-08T07:08:00,-20,-20
http://irail.be/vehicle/IC727,NO-URI,IC,2018-03-08T07:09:00,2018-03-08T07:09:00,-20,-20
http://irail.be/vehicle/IC727,http://irail.be/stations/NMBS/008821196,IC,2018-03-08T07:12:00,2018-03-08T07:12:00,-54,-54
http://irail.be/vehicle/IC727,http://irail.be/stations/NMBS/008821121,IC,2018-03-08T07:19:00,2018-03-08T07:17:00,2,-19
http://irail.be/vehicle/IC727,http://irail.be/stations/NMBS/008821006,IC,2018-03-08T07:23:00,2018-03-08T07:23:00,,-25
http://irail.be/vehicle/IC727,http://irail.be/stations/NMBS/008896735,IC,2018-12-14T05:08:00,2018-12-14T05:08:00,71,
http://irail.be/vehicle/IC727,http://irail.be/stations/NMBS/008896503,IC,2018-12-14T05:16:00,2018-12-14T05:15:00,57,56
http://irail.be/vehicle/IC727,http://irail.be/stations/NMBS/008896412,IC,2018-12-14T05:26:00,2018-12-14T05:25:00,75,46
http://irail.be/vehicle/IC727,http://irail.be/stations/NMBS/008896396,IC,2018-12-14T05:30:00,2018-12-14T05:29:00,75,75
http://irail.be/vehicle/IC727,http://irail.be/stations/NMBS/008896305,IC,2018-12-14T05:35:00,2018-12-14T05:34:00,54,75
http://irail.be/vehicle/IC727,http://irail.be/stations/NMBS/008896370,IC,2018-12-14T05:40:00,2018-12-14T05:39:00,0,54
http://irail.be/vehicle/IC727,http://irail.be/stations/NMBS/008896388,IC,2018-12-14T05:45:00,2018-12-14T05:44:00,0,0
http://irail.be/vehicle/IC727,http://irail.be/stations/NMBS/008896008,IC,2018-12-14T05:58:00,2018-12-14T05:50:00,31,97
http://irail.be/vehicle/IC727,http://irail.be/stations/NMBS/008896115,IC,2018-12-14T06:02:00,2018-12-14T06:02:00,65,65
http://irail.be/vehicle/IC727,http://irail.be/stations/NMBS/008896149,IC,2018-12-14T06:08:00,2018-12-14T06:07:00,44,25
http://irail.be/vehicle/IC727,http://irail.be/stations/NMBS/008892106,IC,2018-12-14T06:15:00,2018-12-14T06:15:00,-4,-4
http://irail.be/vehicle/IC727,NO-URI,IC,2018-12-14T06:15:00,2018-12-14T06:15:00,73,73
http://irail.be/vehicle/IC727,http://irail.be/stations/NMBS/008892080,IC,2018-12-14T06:18:00,2018-12-14T06:18:00,80,80
http://irail.be/vehicle/IC727,http://irail.be/stations/NMBS/008892007,IC,2018-12-14T06:27:00,2018-12-14T06:24:00,8,55
http://irail.be/vehicle/IC727,NO-URI,IC,2018-12-14T06:32:00,2018-12-14T06:32:00,-6,-6
http://irail.be/vehicle/IC727,http://irail.be/stations/NMBS/008893179,IC,2018-12-14T06:33:00,2018-12-14T06:33:00,34,34
http://irail.be/vehicle/IC727,http://irail.be/stations/NMBS/008893120,IC,2018-12-14T06:36:00,2018-12-14T06:35:00,49,-66
http://irail.be/vehicle/IC727,http://irail.be/stations/NMBS/008894151,IC,2018-12-14T06:44:00,2018-12-14T06:44:00,-10,-10
http://irail.be/vehicle/IC727,http://irail.be/stations/NMBS/008894201,IC,2018-12-14T06:50:00,2018-12-14T06:48:00,28,25
http://irail.be/vehicle/IC727,NO-URI,IC,2018-12-14T06:52:00,2018-12-14T06:52:00,31,31
http://irail.be/vehicle/IC727,http://irail.be/stations/NMBS/008894425,IC,2018-12-14T06:54:00,2018-12-14T06:54:00,54,54
http://irail.be/vehicle/IC727,http://irail.be/stations/NMBS/008894433,IC,2018-12-14T06:55:00,2018-12-14T06:55:00,42,42
http://irail.be/vehicle/IC727,http://irail.be/stations/NMBS/008894508,IC,2018-12-14T07:00:00,2018-12-14T06:58:00,45,31
http://irail.be/vehicle/IC727,NO-URI,IC,2018-12-14T07:02:00,2018-12-14T07:02:00,59,59
http://irail.be/vehicle/IC727,http://irail.be/stations/NMBS/008894714,IC,2018-12-14T07:03:00,2018-12-14T07:03:00,51,51
http://irail.be/vehicle/IC727,http://irail.be/stations/NMBS/008894748,IC,2018-12-14T07:06:00,2018-12-14T07:06:00,30,30
http://irail.be/vehicle/IC727,http://irail.be/stations/NMBS/008894755,IC,2018-12-14T07:07:00,2018-12-14T07:07:00,25,25
http://irail.be/vehicle/IC727,http://irail.be/stations/NMBS/008894821,IC,2018-12-14T07:08:00,2018-12-14T07:08:00,47,47
http://irail.be/vehicle/IC727,http://irail.be/stations/NMBS/008821196,IC,2018-12-14T07:12:00,2018-12-14T07:12:00,20,20
http://irail.be/vehicle/IC727,http://irail.be/stations/NMBS/008821121,IC,2018-12-14T07:19:00,2018-12-14T07:17:00,20,24
http://irail.be/vehicle/IC727,http://irail.be/stations/NMBS/008821006,IC,2018-12-14T07:23:00,2018-12-14T07:23:00,,26
http://irail.be/vehicle/IC727,http://irail.be/stations/NMBS/008896735,IC,2018-10-07T05:08:00,2018-10-07T05:08:00,49,
http://irail.be/vehicle/IC727,http://irail.be/stations/NMBS/008896503,IC,2018-10-07T05:16:00,2018-10-07T05:15:00,-3,-2
http://irail.be/vehicle/IC727,http://irail.be/stations/NMBS/008896412,IC,2018-10-07T05:26:00,2018-10-07T05:25:00,-9,-39
http://irail.be/vehicle/IC727,http://irail.be/stations/NMBS/008896396,IC,2018-10-07T05:30:00,2018-10-07T05:29:00,-9,-9
http://irail.be/vehicle/IC727,http://irail.be/stations/NMBS/008896305,IC,2018-10-07T05:35:00,2018-10-07T05:34:00,-6,-9
http://irail.be/vehicle/IC727,http://irail.be/stations/NMBS/008896370,IC,2018-10-07T05:40:00,2018-10-07T05:39:00,-3,-6
http://irail.be/vehicle/IC727,http://irail.be/stations/NMBS/008896388,IC,2018-10-07T05:45:00,2018-10-07T05:44:00,-3,-3
http://irail.be/vehicle/IC727,http://irail.be/stations/NMBS/008896008,IC,2018-10-07T05:58:00,2018-10-07T05:50:00,41,-43
http://irail.be/vehicle/IC727,http://irail.be/stations/NMBS/008896115,IC,2018-10-07T06:02:00,2018-10-07T06:02:00,28,28
http://irail.be/vehicle/IC727,http://irail.be/stations/NMBS/008896149,IC,2018-10-07T06:08:00,2018-10-07T06:07:00,-8,-2
http://irail.be/vehicle/IC727,http://irail.be/stations/NMBS/008892106,IC,2018-10-07T06:15:00,2018-10-07T06:15:00,-46,-46
http://irail.be/vehicle/IC727,NO-URI,IC,2018-10-07T06:15:00,2018-10-07T06:15:00,-11,-11
http://irail.be/vehicle/IC727,http://irail.be/stations/NMBS/008892080,IC,2018-10-07T06:18:00,2018-10-07T06:18:00,-33,-33
http://irail.be/vehicle/IC727,http://irail.be/stations/NMBS/008892007,IC,2018-10-07T06:27:00,2018-10-07T06:24:00,-4,-35
http://irail.be/vehicle/IC727,NO-URI,IC,2018-10-07T06:31:00,2018-10-07T06:31:00,28,28
http://irail.be/vehicle/IC727,http://irail.be/stations/NMBS/008893179,IC,2018-10-07T06:32:00,2018-10-07T06:32:00,-99,-99
http://irail.be/vehicle/IC727,http://irail.be/stations/NMBS/008893120,IC,2018-10-07T06:36:00,2018-10-07T06:35:00,33,-99
http://irail.be/vehicle/IC727,http://irail.be/stations/NMBS/008894151,IC,2018-10-07T06:43:00,2018-10-07T06:43:00,34,34
http://irail.be/vehicle/IC727,http://irail.be/stations/NMBS/008894201,IC,2018-10-07T06:50:00,2018-10-07T06:48:00,17,7
http://irail.be/vehicle/IC727,NO-URI,IC,2018-10-07T06:52:00,2018-10-07T06:52:00,17,17
http://irail.be/vehicle/IC727,http://irail.be/stations/NMBS/008894425,IC,2018-10-07T06:54:00,2018-10-07T06:54:00,35,35
http://irail.be/vehicle/IC727,http://irail.be/stations/NMBS/008894433,IC,2018-10-07T06:55:00,2018-10-07T06:55:00,26,26
http://irail.be/vehicle/IC727,http://irail.be/stations/NMBS/008894508,IC,2018-10-07T07:00:00,2018-10-07T06:58:00,8,29
http://irail.be/vehicle/IC727,NO-URI,IC,2018-10-07T07:02:00,2018-10-07T07:02:00,7,7
http://irail.be/vehicle/IC727,http://irail.be/stations/NMBS/008894714,IC,2018-10-07T07:03:00,2018-10-07T07:03:00,-4,-4
http://irail.be/vehicle/IC727,http://irail.be/stations/NMBS/008894748,IC,2018-10-07T07:06:00,2018-10-07T07:06:00,-28,-28
http://irail.be/vehicle/IC727,http://irail.be/stations/NMBS/008894755,IC,2018-10-07T07:07:00,2018-10-07T07:07:00,-31,-31
http://irail.be/vehicle/IC727,http://irail.be/stations/NMBS/008894821,IC,2018-10-07T07:08:00,2018-10-07T07:08:00,4,4
http://irail.be/vehicle/IC727,http://irail.be/stations/NMBS/008821196,IC,2018-10-07T07:12:00,2018-10-07T07:12:00,78,78
http://irail.be/vehicle/IC727,http://irail.be/stations/NMBS/008821121,IC,2018-10-07T07:19:00,2018-10-07T07:17:00,9,51
http://irail.be/vehicle/IC727,http://irail.be/stations/NMBS/008821006,IC,2018-10-07T07:23:00,2018-10-07T07:23:00,,-15
http://irail.be/vehicle/IC727,http://irail.be/stations/NMBS/008896735,IC,2018-05-31T05:08:00,2018-05-31T05:08:00,63,
http://irail.be/vehicle/IC727,http://irail.be/stations/NMBS/008896503,IC,2018-05-31T05:16:00,2018-05-31T05:15:00,21,27
http://irail.be/vehicle/IC727,http://irail.be/stations/NMBS/008896412,IC,2018-05-31T05:26:00,2018-05-31T05:25:00,-13,-24
http://irail.be/vehicle/IC727,http://irail.be/stations/NMBS/008896396,IC,2018-05-31T05:30:00,2018-05-31T05:29:00,-13,-13
http://irail.be/vehicle/IC727,http://irail.be/stations/NMBS/008896305,IC,2018-05-31T05:35:00,2018-05-31T05:34:00,-12,-13
http://irail.be/vehicle/IC727,http://irail.be/stations/NMBS/008896370,IC,2018-05-31T05:40:00,2018-05-31T05:40:00,-11,-12
http://irail.be/vehicle/IC727,http://irail.be/stations/NMBS/008896388,IC,2018-05-31T05:44:00,2018-05-31T05:44:00,-11,-11
http://irail.be/vehicle/IC727,http://irail.be/stations/NMBS/008896008,IC,2018-05-31T05:57:00,2018-05-31T05:50:00,41,-87
http://irail.be/vehicle/IC727,http://irail.be/stations/NMBS/008896115,IC,2018-05-31T06:01:00,2018-05-31T06:01:00,11,11
http://irail.be/vehicle/IC727,http://irail.be/stations/NMBS/008896149,IC,2018-05-31T06:06:00,2018-05-31T06:05:00,151,152
http://irail.be/vehicle/IC727,http://irail.be/stations/NMBS/008892106,IC,2018-05-31T06:15:00,2018-05-31T06:15:00,11,11
http://irail.be/vehicle/IC727,NO-URI,IC,2018-05-31T06:15:00,2018-05-31T06:15:00,178,178
http://irail.be/vehicle/IC727,http://irail.be/stations/NMBS/008892080,IC,2018-05-31T06:18:00,2018-05-31T06:18:00,192,192
http://irail.be/vehicle/IC727,http://irail.be/stations/NMBS/008892007,IC,2018-05-31T06:27:00,2018-05-31T06:24:00,130,210
http://irail.be/vehicle/IC727,NO-URI,IC,2018-05-31T06:31:00,2018-05-31T06:31:00,145,145
http://irail.be/vehicle/IC727,http://irail.be/stations/NMBS/008893179,IC,2018-05-31T06:32:00,2018-05-31T06:32:00,-62,-62
http://irail.be/vehicle/IC727,http://irail.be/stations/NMBS/008893120,IC,2018-05-31T06:36:00,2018-05-31T06:35:00,128,-62
http://irail.be/vehicle/IC727,http://irail.be/stations/NMBS/008894151,IC,2018-05-31T06:43:00,2018-05-31T06:43:00,226,226
http://irail.be/vehicle/IC727,http://irail.be/stations/NMBS/008894201,IC,2018-05-31T06:50:00,2018-05-31T06:48:00,138,191
http://irail.be/vehicle/IC727,NO-URI,IC,2018-05-31T06:52:00,2018-05-31T06:52:00,125,125
http://irail.be/vehicle/IC727,http://irail.be/stations/NMBS/008894425,IC,2018-05-31T06:54:00,2018-05-31T06:54:00,133,133
http://irail.be/vehicle/IC727,http://irail.be/stations/NMBS/008894433,IC,2018-05-31T06:55:00,2018-05-31T06:55:00,124,124
http://irail.be/vehicle/IC727,http://irail.be/stations/NMBS/008894508,IC,2018-05-31T07:00:00,2018-05-31T06:58:00,93,113
http://irail.be/vehicle/IC727,NO-URI,IC,2018-05-31T07:02:00,2018-05-31T07:02:00,85,85
http://irail.be/vehicle/IC727,http://irail.be/stations/NMBS/008894714,IC,2018-05-31T07:03:00,2018-05-31T07:03:00,69,69
http://irail.be/vehicle/IC727,http://irail.be/stations/NMBS/008894748,IC,2018-05-31T07:06:00,2018-05-31T07:06:00,40,40
http://irail.be/vehicle/IC727,http://irail.be/stations/NMBS/008894755,IC,2018-05-31T07:07:00,2018-05-31T07:07:00,35,35
http://irail.be/vehicle/IC727,http://irail.be/stations/NMBS/008894821,IC,2018-05-31T07:08:00,2018-05-31T07:08:00,57,57
http://irail.be/vehicle/IC727,NO-URI,IC,2018-05-31T07:09:00,2018-05-31T07:09:00,57,57
http://irail.be/vehicle/IC727,http://irail.be/stations/NMBS/008821196,IC,2018-05-31T07:12:00,2018-05-31T07:12:00,35,35
http://irail.be/vehicle/IC727,http://irail.be/stations/NMBS/008821121,IC,2018-05-31T07:19:00,2018-05-31T07:17:00,17,15
http://irail.be/vehicle/IC727,http://irail.be/stations/NMBS/008821006,IC,2018-05-31T07:23:00,2018-05-31T07:23:00,,38
http://irail.be/vehicle/IC727,http://irail.be/stations/NMBS/008896735,IC,2018-06-18T05:08:00,2018-06-18T05:08:00,58,
http://irail.be/vehicle/IC727,http://irail.be/stations/NMBS/008896503,IC,2018-06-18T05:16:00,2018-06-18T05:15:00,45,57
http://irail.be/vehicle/IC727,http://irail.be/stations/NMBS/008896412,IC,2018-06-18T05:26:00,2018-06-18T05:25:00,25,31
http://irail.be/vehicle/IC727,http://irail.be/stations/NMBS/008896396,IC,2018-06-18T05:30:00,2018-06-18T05:29:00,25,25
http://irail.be/vehicle/IC727,http://irail.be/stations/NMBS/008896305,IC,2018-06-18T05:35:00,2018-06-18T05:34:00,14,25
http://irail.be/vehicle/IC727,http://irail.be/stations/NMBS/008896370,IC,2018-06-18T05:40:00,2018-06-18T05:39:00,-32,14
http://irail.be/vehicle/IC727,http://irail.be/stations/NMBS/008896388,IC,2018-06-18T05:45:00,2018-06-18T05:44:00,-32,-32
http://irail.be/vehicle/IC727,http://irail.be/stations/NMBS/008896008,IC,2018-06-18T05:58:00,2018-06-18T05:50:00,26,-70
http://irail.be/vehicle/IC727,http://irail.be/stations/NMBS/008896115,IC,2018-06-18T06:02:00,2018-06-18T06:02:00,15,15
http://irail.be/vehicle/IC727,http://irail.be/stations/NMBS/008896149,IC,2018-06-18T06:08:00,2018-06-18T06:07:00,1,-21
http://irail.be/vehicle/IC727,http://irail.be/stations/NMBS/008892106,IC,2018-06-18T06:15:00,2018-06-18T06:15:00,-60,-60
http://irail.be/vehicle/IC727,NO-URI,IC,2018-06-18T06:15:00,2018-06-18T06:15:00,8,8
http://irail.be/vehicle/IC727,http://irail.be/stations/NMBS/008892080,IC,2018-06-18T06:18:00,2018-06-18T06:18:00,2,2
http://irail.be/vehicle/IC727,http://irail.be/stations/NMBS/008892007,IC,2018-06-18T06:27:00,2018-06-18T06:24:00,24,115
http://irail.be/vehicle/IC727,NO-URI,IC,2018-06-18T06:31:00,2018-06-18T06:31:00,47,47
http://irail.be/vehicle/IC727,http://irail.be/stations/NMBS/008893179,IC,2018-06-18T06:32:00,2018-06-18T06:32:00,-159,-159
http://irail.be/vehicle/IC727,http://irail.be/stations/NMBS/008893120,IC,2018-06-18T06:36:00,2018-06-18T06:35:00,33,-159
http://irail.be/vehicle/IC727,http://irail.be/stations/NMBS/008894151,IC,2018-06-18T06:43:00,2018-06-18T06:43:00,48,48
http://irail.be/vehicle/IC727,http://irail.be/stations/NMBS/008894201,IC,2018-06-18T06:50:00,2018-06-18T06:48:00,23,4
http://irail.be/vehicle/IC727,NO-URI,IC,2018-06-18T06:52:00,2018-06-18T06:52:00,9,9
http://irail.be/vehicle/IC727,http://irail.be/stations/NMBS/008894425,IC,2018-06-18T06:54:00,2018-06-18T06:54:00,12,12
http://irail.be/vehicle/IC727,http://irail.be/stations/NMBS/008894433,IC,2018-06-18T06:55:00,2018-06-18T06:55:00,3,3
http://irail.be/vehicle/IC727,http://irail.be/stations/NMBS/008894508,IC,2018-06-18T07:00:00,2018-06-18T06:58:00,-2,-15
http://irail.be/vehicle/IC727,NO-URI,IC,2018-06-18T07:02:00,2018-06-18T07:02:00,1,1
http://irail.be/vehicle/IC727,http://irail.be/stations/NMBS/008894714,IC,2018-06-18T07:03:00,2018-06-18T07:03:00,-17,-17
http://irail.be/vehicle/IC727,http://irail.be/stations/NMBS/008894748,IC,2018-06-18T07:06:00,2018-06-18T07:06:00,-52,-52
http://irail.be/vehicle/IC727,http://irail.be/stations/NMBS/008894755,IC,2018-06-18T07:07:00,2018-06-18T07:07:00,-60,-60
http://irail.be/vehicle/IC727,http://irail.be/stations/NMBS/008894821,IC,2018-06-18T07:08:00,2018-06-18T07:08:00,-41,-41
http://irail.be/vehicle/IC727,http://irail.be/stations/NMBS/008821196,IC,2018-06-18T07:12:00,2018-06-18T07:12:00,-68,-68
http://irail.be/vehicle/IC727,http://irail.be/stations/NMBS/008821121,IC,2018-06-18T07:19:00,2018-06-18T07:17:00,-6,-46
http://irail.be/vehicle/IC727,http://irail.be/stations/NMBS/008821006,IC,2018-06-18T07:23:00,2018-06-18T07:23:00,,-3
http://irail.be/vehicle/IC727,http://irail.be/stations/NMBS/008896735,IC,2018-01-19T05:08:00,2018-01-19T05:08:00,73,
http://irail.be/vehicle/IC727,http://irail.be/stations/NMBS/008896503,IC,2018-01-19T05:16:00,2018-01-19T05:15:00,46,32
http://irail.be/vehicle/IC727,http://irail.be/stations/NMBS/008896412,IC,2018-01-19T05:26:00,2018-01-19T05:25:00,-8,3
http://irail.be/vehicle/IC727,http://irail.be/stations/NMBS/008896396,IC,2018-01-19T05:30:00,2018-01-19T05:29:00,-8,-8
http://irail.be/vehicle/IC727,http://irail.be/stations/NMBS/008896305,IC,2018-01-19T05:35:00,2018-01-19T05:34:00,-11,-8
http://irail.be/vehicle/IC727,http://irail.be/stations/NMBS/008896370,IC,2018-01-19T05:40:00,2018-01-19T05:40:00,-2,-11
http://irail.be/vehicle/IC727,http://irail.be/stations/NMBS/008896388,IC,2018-01-19T05:44:00,2018-01-19T05:44:00,-2,-2
http://irail.be/vehicle/IC727,http://irail.be/stations/NMBS/008896008,IC,2018-01-19T05:57:00,2018-01-19T05:50:00,60,125
http://irail.be/vehicle/IC727,http://irail.be/stations/NMBS/008896115,IC,2018-01-19T06:01:00,2018-01-19T06:01:00,96,96
http://irail.be/vehicle/IC727,http://irail.be/stations/NMBS/008896149,IC,2018-01-19T06:06:00,2018-01-19T06:05:00,100,124
http://irail.be/vehicle/IC727,http://irail.be/stations/NMBS/008892106,IC,2018-01-19T06:15:00,2018-01-19T06:15:00,-14,-14
http://irail.be/vehicle/IC727,NO-URI,IC,2018-01-19T06:15:00,2018-01-19T06:15:00,42,42
http://irail.be/vehicle/IC727,http://irail.be/stations/NMBS/008892080,IC,2018-01-19T06:18:00,2018-01-19T06:18:00,45,45
http://irail.be/vehicle/IC727,http://irail.be/stations/NMBS/008892007,IC,2018-01-19T06:27:00,2018-01-19T06:24:00,8,-11
http://irail.be/vehicle/IC727,NO-URI,IC,2018-01-19T06:31:00,2018-01-19T06:31:00,59,59
http://irail.be/vehicle/IC727,http://irail.be/stations/NMBS/008893179,IC,2018-01-19T06:32:00,2018-01-19T06:32:00,-124,-124
http://irail.be/vehicle/IC727,http://irail.be/stations/NMBS/008893120,IC,2018-01-19T06:36:00,2018-01-19T06:35:00,-124,-124
http://irail.be/vehicle/IC727,http://irail.be/stations/NMBS/008894151,IC,2018-01-19T06:43:00,2018-01-19T06:43:00,-9,-9
http://irail.be/vehicle/IC727,http://irail.be/stations/NMBS/008894201,IC,2018-01-19T06:50:00,2018-01-19T06:48:00,20,-41
http://irail.be/vehicle/IC727,NO-URI,IC,2018-01-19T06:52:00,2018-01-19T06:52:00,5,5
http://irail.be/vehicle/IC727,http://irail.be/stations/NMBS/008894425,IC,2018-01-19T06:54:00,2018-01-19T06:54:00,10,10
http://irail.be/vehicle/IC727,http://irail.be/stations/NMBS/008894433,IC,2018-01-19T06:55:00,2018-01-19T06:55:00,6,6
http://irail.be/vehicle/IC727,http://irail.be/stations/NMBS/008894508,IC,2018-01-19T07:00:00,2018-01-19T06:58:00,4,23
http://irail.be/vehicle/IC727,NO-URI,IC,2018-01-19T07:02:00,2018-01-19T07:02:00,17,17
http://irail.be/vehicle/IC727,http://irail.be/stations/NMBS/008894714,IC,2018-01-19T07:03:00,2018-01-19T07:03:00,2,2
http://irail.be/vehicle/IC727,http://irail.be/stations/NMBS/008894748,IC,2018-01-19T07:06:00,2018-01-19T07:06:00,-30,-30
http://irail.be/vehicle/IC727,http://irail.be/stations/NMBS/008894755,IC,2018-01-19T07:07:00,2018-01-19T07:07:00,-26,-26
http://irail.be/vehicle/IC727,http://irail.be/stations/NMBS/008894821,IC,2018-01-19T07:08:00,2018-01-19T07:08:00,12,12
http://irail.be/vehicle/IC727,NO-URI,IC,2018-01-19T07:09:00,2018-01-19T07:09:00,12,12
http://irail.be/vehicle/IC727,http://irail.be/stations/NMBS/008821196,IC,2018-01-19T07:12:00,2018-01-19T07:12:00,-21,-21
http://irail.be/vehicle/IC727,http://irail.be/stations/NMBS/008821121,IC,2018-01-19T07:19:00,2018-01-19T07:17:00,46,-35
http://irail.be/vehicle/IC727,http://irail.be/stations/NMBS/008821006,IC,2018-01-19T07:23:00,2018-01-19T07:23:00,,45
http://irail.be/vehicle/IC727,http://irail.be/stations/NMBS/008896735,IC,2018-01-04T05:08:00,2018-01-04T05:08:00,79,
http://irail.be/vehicle/IC727,http://irail.be/stations/NMBS/008896503,IC,2018-01-04T05:16:00,2018-01-04T05:15:00,73,68
http://irail.be/vehicle/IC727,http://irail.be/stations/NMBS/008896412,IC,2018-01-04T05:26:00,2018-01-04T05:25:00,57,48
http://irail.be/vehicle/IC727,http://irail.be/stations/NMBS/008896396,IC,2018-01-04T05:30:00,2018-01-04T05:29:00,57,57
http://irail.be/vehicle/IC727,http://irail.be/stations/NMBS/008896305,IC,2018-01-04T05:35:00,2018-01-04T05:34:00,25,57
http://irail.be/vehicle/IC727,http://irail.be/stations/NMBS/008896370,IC,2018-01-04T05:40:00,2018-01-04T05:40:00,25,25
http://irail.be/vehicle/IC727,http://irail.be/stations/NMBS/008896388,IC,2018-01-04T05:44:00,2018-01-04T05:44:00,4,4
http://irail.be/vehicle/IC727,http://irail.be/stations/NMBS/008896008,IC,2018-01-04T05:57:00,2018-01-04T05:50:00,38,-105
http://irail.be/vehicle/IC727,http://irail.be/stations/NMBS/008896115,IC,2018-01-04T06:01:00,2018-01-04T06:01:00,33,33
http://irail.be/vehicle/IC727,http://irail.be/stations/NMBS/008896149,IC,2018-01-04T06:06:00,2018-01-04T06:05:00,33,37
http://irail.be/vehicle/IC727,http://irail.be/stations/NMBS/008892106,IC,2018-01-04T06:15:00,2018-01-04T06:15:00,-86,-86
http://irail.be/vehicle/IC727,NO-URI,IC,2018-01-04T06:15:00,2018-01-04T06:15:00,-61,-61
http://irail.be/vehicle/IC727,http://irail.be/stations/NMBS/008892080,IC,2018-01-04T06:18:00,2018-01-04T06:18:00,-74,-74
http://irail.be/vehicle/IC727,http://irail.be/stations/NMBS/008892007,IC,2018-01-04T06:27:00,2018-01-04T06:24:00,21,-9
http://irail.be/vehicle/IC727,NO-URI,IC,2018-01-04T06:31:00,2018-01-04T06:31:00,48,48
http://irail.be/vehicle/IC727,http://irail.be/stations/NMBS/008893179,IC,2018-01-04T06:32:00,2018-01-04T06:32:00,-153,-153
http://irail.be/vehicle/IC727,http://irail.be/stations/NMBS/008893120,IC,2018-01-04T06:36:00,2018-01-04T06:35:00,-153,-153
http://irail.be/vehicle/IC727,http://irail.be/stations/NMBS/008894151,IC,2018-01-04T06:43:00,2018-01-04T06:43:00,36,36
http://irail.be/vehicle/IC727,http://irail.be/stations/NMBS/008894201,IC,2018-01-04T06:50:00,2018-01-04T06:48:00,20,1
http://irail.be/vehicle/IC727,NO-URI,IC,2018-01-04T06:52:00,2018-01-04T06:52:00,7,7
http://irail.be/vehicle/IC727,http://irail.be/stations/NMBS/008894425,IC,2018-01-04T06:54:00,2018-01-04T06:54:00,12,12
http://irail.be/vehicle/IC727,http://irail.be/stations/NMBS/008894433,IC,2018-01-04T06:55:00,2018-01-04T06:55:00,4,4
http://irail.be/vehicle/IC727,http://irail.be/stations/NMBS/008894508,IC,2018-01-04T07:00:00,2018-01-04T06:58:00,23,11
http://irail.be/vehicle/IC727,NO-URI,IC,2018-01-04T07:02:00,2018-01-04T07:02:00,25,25
http://irail.be/vehicle/IC727,http://irail.be/stations/NMBS/008894714,IC,2018-01-04T07:03:00,2018-01-04T07:03:00,7,7
http://irail.be/vehicle/IC727,http://irail.be/stations/NMBS/008894748,IC,2018-01-04T07:06:00,2018-01-04T07:06:00,-24,-24
http://irail.be/vehicle/IC727,http://irail.be/stations/NMBS/008894755,IC,2018-01-04T07:07:00,2018-01-04T07:07:00,-24,-24
http://irail.be/vehicle/IC727,http://irail.be/stations/NMBS/008894821,IC,2018-01-04T07:08:00,2018-01-04T07:08:00,5,5
http://irail.be/vehicle/IC727,NO-URI,IC,2018-01-04T07:09:00,2018-01-04T07:09:00,5,5
http://irail.be/vehicle/IC727,http://irail.be/stations/NMBS/008821196,IC,2018-01-04T07:12:00,2018-01-04T07:12:00,-28,-28
http://irail.be/vehicle/IC727,http://irail.be/stations/NMBS/008821121,IC,2018-01-04T07:19:00,2018-01-04T07:17:00,14,-17
http://irail.be/vehicle/IC727,http://irail.be/stations/NMBS/008821006,IC,2018-01-04T07:23:00,2018-01-04T07:23:00,,-12
http://irail.be/vehicle/IC727,http://irail.be/stations/NMBS/008896735,IC,2018-10-08T05:08:00,2018-10-08T05:08:00,46,
http://irail.be/vehicle/IC727,http://irail.be/stations/NMBS/008896503,IC,2018-10-08T05:16:00,2018-10-08T05:15:00,22,9
http://irail.be/vehicle/IC727,http://irail.be/stations/NMBS/008896412,IC,2018-10-08T05:26:00,2018-10-08T05:25:00,13,-18
http://irail.be/vehicle/IC727,http://irail.be/stations/NMBS/008896396,IC,2018-10-08T05:30:00,2018-10-08T05:29:00,13,13
http://irail.be/vehicle/IC727,http://irail.be/stations/NMBS/008896305,IC,2018-10-08T05:35:00,2018-10-08T05:34:00,17,13
http://irail.be/vehicle/IC727,http://irail.be/stations/NMBS/008896370,IC,2018-10-08T05:40:00,2018-10-08T05:39:00,-1,17
http://irail.be/vehicle/IC727,http://irail.be/stations/NMBS/008896388,IC,2018-10-08T05:45:00,2018-10-08T05:44:00,-1,-1
http://irail.be/vehicle/IC727,http://irail.be/stations/NMBS/008896008,IC,2018-10-08T05:58:00,2018-10-08T05:50:00,32,-56
http://irail.be/vehicle/IC727,http://irail.be/stations/NMBS/008896115,IC,2018-10-08T06:02:00,2018-10-08T06:02:00,37,37
http://irail.be/vehicle/IC727,http://irail.be/stations/NMBS/008896149,IC,2018-10-08T06:08:00,2018-10-08T06:07:00,-5,3
http://irail.be/vehicle/IC727,http://irail.be/stations/NMBS/008892106,IC,2018-10-08T06:15:00,2018-10-08T06:15:00,-61,-61
http://irail.be/vehicle/IC727,NO-URI,IC,2018-10-08T06:15:00,2018-10-08T06:15:00,173,173
http://irail.be/vehicle/IC727,http://irail.be/stations/NMBS/008892080,IC,2018-10-08T06:18:00,2018-10-08T06:18:00,170,170
http://irail.be/vehicle/IC727,http://irail.be/stations/NMBS/008892007,IC,2018-10-08T06:27:00,2018-10-08T06:24:00,168,227
http://irail.be/vehicle/IC727,NO-URI,IC,2018-10-08T06:31:00,2018-10-08T06:31:00,210,210
http://irail.be/vehicle/IC727,http://irail.be/stations/NMBS/008893179,IC,2018-10-08T06:32:00,2018-10-08T06:32:00,76,76
http://irail.be/vehicle/IC727,http://irail.be/stations/NMBS/008893120,IC,2018-10-08T06:36:00,2018-10-08T06:35:00,197,76
http://irail.be/vehicle/IC727,http://irail.be/stations/NMBS/008894151,IC,2018-10-08T06:43:00,2018-10-08T06:43:00,182,182
http://irail.be/vehicle/IC727,http://irail.be/stations/NMBS/008894201,IC,2018-10-08T06:50:00,2018-10-08T06:48:00,120,153
http://irail.be/vehicle/IC727,NO-URI,IC,2018-10-08T06:52:00,2018-10-08T06:52:00,108,108
http://irail.be/vehicle/IC727,http://irail.be/stations/NMBS/008894425,IC,2018-10-08T06:54:00,2018-10-08T06:54:00,113,113
http://irail.be/vehicle/IC727,http://irail.be/stations/NMBS/008894433,IC,2018-10-08T06:55:00,2018-10-08T06:55:00,103,103
http://irail.be/vehicle/IC727,http://irail.be/stations/NMBS/008894508,IC,2018-10-08T07:00:00,2018-10-08T06:58:00,73,99
http://irail.be/vehicle/IC727,NO-URI,IC,2018-10-08T07:02:00,2018-10-08T07:02:00,72,72
http://irail.be/vehicle/IC727,http://irail.be/stations/NMBS/008894714,IC,2018-10-08T07:03:00,2018-10-08T07:03:00,55,55
http://irail.be/vehicle/IC727,http://irail.be/stations/NMBS/008894748,IC,2018-10-08T07:06:00,2018-10-08T07:06:00,40,40
http://irail.be/vehicle/IC727,http://irail.be/stations/NMBS/008894755,IC,2018-10-08T07:07:00,2018-10-08T07:07:00,37,37
http://irail.be/vehicle/IC727,http://irail.be/stations/NMBS/008894821,IC,2018-10-08T07:08:00,2018-10-08T07:08:00,62,62
http://irail.be/vehicle/IC727,http://irail.be/stations/NMBS/008821196,IC,2018-10-08T07:12:00,2018-10-08T07:12:00,34,34
http://irail.be/vehicle/IC727,http://irail.be/stations/NMBS/008821121,IC,2018-10-08T07:19:00,2018-10-08T07:17:00,115,103
http://irail.be/vehicle/IC727,http://irail.be/stations/NMBS/008821006,IC,2018-10-08T07:23:00,2018-10-08T07:23:00,,158
http://irail.be/vehicle/IC727,http://irail.be/stations/NMBS/008896149,IC,2018-02-17T06:06:00,2018-02-17T06:06:00,36,
http://irail.be/vehicle/IC727,http://irail.be/stations/NMBS/008892106,IC,2018-02-17T06:15:00,2018-02-17T06:15:00,-70,-70
http://irail.be/vehicle/IC727,NO-URI,IC,2018-02-17T06:15:00,2018-02-17T06:15:00,-54,-54
http://irail.be/vehicle/IC727,http://irail.be/stations/NMBS/008892080,IC,2018-02-17T06:18:00,2018-02-17T06:18:00,-77,-77
http://irail.be/vehicle/IC727,http://irail.be/stations/NMBS/008892007,IC,2018-02-17T06:27:00,2018-02-17T06:24:00,22,-101
http://irail.be/vehicle/IC727,NO-URI,IC,2018-02-17T06:31:00,2018-02-17T06:31:00,48,48
http://irail.be/vehicle/IC727,http://irail.be/stations/NMBS/008893179,IC,2018-02-17T06:32:00,2018-02-17T06:32:00,-149,-149
http://irail.be/vehicle/IC727,http://irail.be/stations/NMBS/008893120,IC,2018-02-17T06:36:00,2018-02-17T06:35:00,-149,-149
http://irail.be/vehicle/IC727,http://irail.be/stations/NMBS/008894151,IC,2018-02-17T06:43:00,2018-02-17T06:43:00,6,6
http://irail.be/vehicle/IC727,http://irail.be/stations/NMBS/008894201,IC,2018-02-17T06:50:00,2018-02-17T06:48:00,2,-39
http://irail.be/vehicle/IC727,NO-URI,IC,2018-02-17T06:52:00,2018-02-17T06:52:00,-4,-4
http://irail.be/vehicle/IC727,http://irail.be/stations/NMBS/008894425,IC,2018-02-17T06:54:00,2018-02-17T06:54:00,-3,-3
http://irail.be/vehicle/IC727,http://irail.be/stations/NMBS/008894433,IC,2018-02-17T06:55:00,2018-02-17T06:55:00,-14,-14
http://irail.be/vehicle/IC727,http://irail.be/stations/NMBS/008894508,IC,2018-02-17T07:00:00,2018-02-17T06:58:00,26,-29
http://irail.be/vehicle/IC727,NO-URI,IC,2018-02-17T07:02:00,2018-02-17T07:02:00,23,23
http://irail.be/vehicle/IC727,http://irail.be/stations/NMBS/008894714,IC,2018-02-17T07:03:00,2018-02-17T07:03:00,5,5
http://irail.be/vehicle/IC727,http://irail.be/stations/NMBS/008894748,IC,2018-02-17T07:06:00,2018-02-17T07:06:00,-31,-31
http://irail.be/vehicle/IC727,http://irail.be/stations/NMBS/008894755,IC,2018-02-17T07:07:00,2018-02-17T07:07:00,-37,-37
http://irail.be/vehicle/IC727,http://irail.be/stations/NMBS/008894821,IC,2018-02-17T07:08:00,2018-02-17T07:08:00,-20,-20
http://irail.be/vehicle/IC727,NO-URI,IC,2018-02-17T07:09:00,2018-02-17T07:09:00,-20,-20
http://irail.be/vehicle/IC727,http://irail.be/stations/NMBS/008821196,IC,2018-02-17T07:12:00,2018-02-17T07:12:00,-61,-61
http://irail.be/vehicle/IC727,http://irail.be/stations/NMBS/008821121,IC,2018-02-17T07:19:00,2018-02-17T07:17:00,-3,-113
http://irail.be/vehicle/IC727,http://irail.be/stations/NMBS/008821006,IC,2018-02-17T07:23:00,2018-02-17T07:23:00,,0
http://irail.be/vehicle/IC727,http://irail.be/stations/NMBS/008892007,IC,2018-04-29T06:27:00,2018-04-29T06:27:00,30,
http://irail.be/vehicle/IC727,NO-URI,IC,2018-04-29T06:31:00,2018-04-29T06:31:00,59,59
http://irail.be/vehicle/IC727,http://irail.be/stations/NMBS/008893179,IC,2018-04-29T06:32:00,2018-04-29T06:32:00,-146,-146
http://irail.be/vehicle/IC727,http://irail.be/stations/NMBS/008893120,IC,2018-04-29T06:36:00,2018-04-29T06:35:00,40,-146
http://irail.be/vehicle/IC727,http://irail.be/stations/NMBS/008894151,IC,2018-04-29T06:43:00,2018-04-29T06:43:00,50,50
http://irail.be/vehicle/IC727,http://irail.be/stations/NMBS/008894201,IC,2018-04-29T06:50:00,2018-04-29T06:48:00,10,0
http://irail.be/vehicle/IC727,NO-URI,IC,2018-04-29T06:52:00,2018-04-29T06:52:00,-2,-2
http://irail.be/vehicle/IC727,http://irail.be/stations/NMBS/008894425,IC,2018-04-29T06:54:00,2018-04-29T06:54:00,-6,-6
http://irail.be/vehicle/IC727,http://irail.be/stations/NMBS/008894433,IC,2018-04-29T06:55:00,2018-04-29T06:55:00,-17,-17
http://irail.be/vehicle/IC727,http://irail.be/stations/NMBS/008894508,IC,2018-04-29T07:00:00,2018-04-29T06:58:00,31,-34
http://irail.be/vehicle/IC727,NO-URI,IC,2018-04-29T07:02:00,2018-04-29T07:02:00,13,13
http://irail.be/vehicle/IC727,http://irail.be/stations/NMBS/008894714,IC,2018-04-29T07:03:00,2018-04-29T07:03:00,-6,-6
http://irail.be/vehicle/IC727,http://irail.be/stations/NMBS/008894748,IC,2018-04-29T07:05:00,2018-04-29T07:05:00,12,12
http://irail.be/vehicle/IC727,http://irail.be/stations/NMBS/008894755,IC,2018-04-29T07:07:00,2018-04-29T07:07:00,-49,-49
http://irail.be/vehicle/IC727,http://irail.be/stations/NMBS/008894821,IC,2018-04-29T07:09:00,2018-04-29T07:09:00,-63,-63
http://irail.be/vehicle/IC727,NO-URI,IC,2018-04-29T07:09:00,2018-04-29T07:09:00,-63,-63
http://irail.be/vehicle/IC727,http://irail.be/stations/NMBS/008821196,IC,2018-04-29T07:12:00,2018-04-29T07:12:00,-76,-76
http://irail.be/vehicle/IC727,http://irail.be/stations/NMBS/008821121,IC,2018-04-29T07:19:00,2018-04-29T07:17:00,-8,-142
http://irail.be/vehicle/IC727,http://irail.be/stations/NMBS/008821006,IC,2018-04-29T07:23:00,2018-04-29T07:23:00,,-43
http://irail.be/vehicle/IC727,http://irail.be/stations/NMBS/008896735,IC,2018-10-30T05:08:00,2018-10-30T05:08:00,61,
http://irail.be/vehicle/IC727,http://irail.be/stations/NMBS/008896503,IC,2018-10-30T05:16:00,2018-10-30T05:15:00,82,79
http://irail.be/vehicle/IC727,http://irail.be/stations/NMBS/008896412,IC,2018-10-30T05:26:00,2018-10-30T05:25:00,136,60
http://irail.be/vehicle/IC727,http://irail.be/stations/NMBS/008896396,IC,2018-10-30T05:30:00,2018-10-30T05:29:00,136,136
http://irail.be/vehicle/IC727,http://irail.be/stations/NMBS/008896305,IC,2018-10-30T05:35:00,2018-10-30T05:34:00,127,136
http://irail.be/vehicle/IC727,http://irail.be/stations/NMBS/008896370,IC,2018-10-30T05:40:00,2018-10-30T05:39:00,109,127
http://irail.be/vehicle/IC727,http://irail.be/stations/NMBS/008896388,IC,2018-10-30T05:45:00,2018-10-30T05:44:00,109,109
http://irail.be/vehicle/IC727,http://irail.be/stations/NMBS/008896008,IC,2018-10-30T05:58:00,2018-10-30T05:50:00,76,77
http://irail.be/vehicle/IC727,http://irail.be/stations/NMBS/008896115,IC,2018-10-30T06:02:00,2018-10-30T06:02:00,126,126
http://irail.be/vehicle/IC727,http://irail.be/stations/NMBS/008896149,IC,2018-10-30T06:08:00,2018-10-30T06:07:00,84,92
http://irail.be/vehicle/IC727,http://irail.be/stations/NMBS/008892106,IC,2018-10-30T06:15:00,2018-10-30T06:15:00,31,31
http://irail.be/vehicle/IC727,NO-URI,IC,2018-10-30T06:15:00,2018-10-30T06:15:00,71,71
http://irail.be/vehicle/IC727,http://irail.be/stations/NMBS/008892080,IC,2018-10-30T06:18:00,2018-10-30T06:18:00,63,63
http://irail.be/vehicle/IC727,http://irail.be/stations/NMBS/008892007,IC,2018-10-30T06:27:00,2018-10-30T06:24:00,43,136
http://irail.be/vehicle/IC727,NO-URI,IC,2018-10-30T06:31:00,2018-10-30T06:31:00,74,74
http://irail.be/vehicle/IC727,http://irail.be/stations/NMBS/008893179,IC,2018-10-30T06:32:00,2018-10-30T06:32:00,52,52
http://irail.be/vehicle/IC727,http://irail.be/stations/NMBS/008893120,IC,2018-10-30T06:36:00,2018-10-30T06:35:00,35,-52
http://irail.be/vehicle/IC727,http://irail.be/stations/NMBS/008894151,IC,2018-10-30T06:43:00,2018-10-30T06:43:00,27,27
http://irail.be/vehicle/IC727,http://irail.be/stations/NMBS/008894201,IC,2018-10-30T06:50:00,2018-10-30T06:48:00,19,-11
http://irail.be/vehicle/IC727,NO-URI,IC,2018-10-30T06:52:00,2018-10-30T06:52:00,7,7
http://irail.be/vehicle/IC727,http://irail.be/stations/NMBS/008894425,IC,2018-10-30T06:54:00,2018-10-30T06:54:00,15,15
http://irail.be/vehicle/IC727,http://irail.be/stations/NMBS/008894433,IC,2018-10-30T06:55:00,2018-10-30T06:55:00,2,2
http://irail.be/vehicle/IC727,http://irail.be/stations/NMBS/008894508,IC,2018-10-30T07:00:00,2018-10-30T06:58:00,-1,-15
http://irail.be/vehicle/IC727,NO-URI,IC,2018-10-30T07:02:00,2018-10-30T07:02:00,30,30
http://irail.be/vehicle/IC727,http://irail.be/stations/NMBS/008894714,IC,2018-10-30T07:03:00,2018-10-30T07:03:00,19,19
http://irail.be/vehicle/IC727,http://irail.be/stations/NMBS/008894748,IC,2018-10-30T07:06:00,2018-10-30T07:06:00,-10,-10
http://irail.be/vehicle/IC727,http://irail.be/stations/NMBS/008894755,IC,2018-10-30T07:07:00,2018-10-30T07:07:00,-15,-15
http://irail.be/vehicle/IC727,http://irail.be/stations/NMBS/008894821,IC,2018-10-30T07:08:00,2018-10-30T07:08:00,7,7
http://irail.be/vehicle/IC727,http://irail.be/stations/NMBS/008821196,IC,2018-10-30T07:12:00,2018-10-30T07:12:00,-28,-28
http://irail.be/vehicle/IC727,http://irail.be/stations/NMBS/008821121,IC,2018-10-30T07:19:00,2018-10-30T07:17:00,2,-42
http://irail.be/vehicle/IC727,http://irail.be/stations/NMBS/008821006,IC,2018-10-30T07:23:00,2018-10-30T07:23:00,,-29
http://irail.be/vehicle/IC727,http://irail.be/stations/NMBS/008896735,IC,2018-05-09T05:08:00,2018-05-09T05:08:00,58,
http://irail.be/vehicle/IC727,http://irail.be/stations/NMBS/008896503,IC,2018-05-09T05:16:00,2018-05-09T05:15:00,21,25
http://irail.be/vehicle/IC727,http://irail.be/stations/NMBS/008896412,IC,2018-05-09T05:26:00,2018-05-09T05:25:00,7,-13
http://irail.be/vehicle/IC727,http://irail.be/stations/NMBS/008896396,IC,2018-05-09T05:30:00,2018-05-09T05:29:00,7,7
http://irail.be/vehicle/IC727,http://irail.be/stations/NMBS/008896305,IC,2018-05-09T05:35:00,2018-05-09T05:34:00,11,7
http://irail.be/vehicle/IC727,http://irail.be/stations/NMBS/008896370,IC,2018-05-09T05:40:00,2018-05-09T05:40:00,44,11
http://irail.be/vehicle/IC727,http://irail.be/stations/NMBS/008896388,IC,2018-05-09T05:44:00,2018-05-09T05:44:00,44,44
http://irail.be/vehicle/IC727,http://irail.be/stations/NMBS/008896008,IC,2018-05-09T05:57:00,2018-05-09T05:50:00,48,2
http://irail.be/vehicle/IC727,http://irail.be/stations/NMBS/008896115,IC,2018-05-09T06:01:00,2018-05-09T06:01:00,39,39
http://irail.be/vehicle/IC727,http://irail.be/stations/NMBS/008896149,IC,2018-05-09T06:06:00,2018-05-09T06:05:00,93,90
http://irail.be/vehicle/IC727,http://irail.be/stations/NMBS/008892106,IC,2018-05-09T06:15:00,2018-05-09T06:15:00,71,71
http://irail.be/vehicle/IC727,NO-URI,IC,2018-05-09T06:15:00,2018-05-09T06:15:00,162,162
http://irail.be/vehicle/IC727,http://irail.be/stations/NMBS/008892080,IC,2018-05-09T06:18:00,2018-05-09T06:18:00,178,178
http://irail.be/vehicle/IC727,http://irail.be/stations/NMBS/008892007,IC,2018-05-09T06:27:00,2018-05-09T06:24:00,154,232
http://irail.be/vehicle/IC727,NO-URI,IC,2018-05-09T06:31:00,2018-05-09T06:31:00,197,197
http://irail.be/vehicle/IC727,http://irail.be/stations/NMBS/008893179,IC,2018-05-09T06:32:00,2018-05-09T06:32:00,3,3
http://irail.be/vehicle/IC727,http://irail.be/stations/NMBS/008893120,IC,2018-05-09T06:36:00,2018-05-09T06:35:00,190,3
http://irail.be/vehicle/IC727,http://irail.be/stations/NMBS/008894151,IC,2018-05-09T06:43:00,2018-05-09T06:43:00,200,200
http://irail.be/vehicle/IC727,http://irail.be/stations/NMBS/008894201,IC,2018-05-09T06:50:00,2018-05-09T06:48:00,99,158
http://irail.be/vehicle/IC727,NO-URI,IC,2018-05-09T06:52:00,2018-05-09T06:52:00,89,89
http://irail.be/vehicle/IC727,http://irail.be/stations/NMBS/008894425,IC,2018-05-09T06:54:00,2018-05-09T06:54:00,146,146
http://irail.be/vehicle/IC727,http://irail.be/stations/NMBS/008894433,IC,2018-05-09T06:55:00,2018-05-09T06:55:00,136,136
http://irail.be/vehicle/IC727,http://irail.be/stations/NMBS/008894508,IC,2018-05-09T07:00:00,2018-05-09T06:58:00,101,124
http://irail.be/vehicle/IC727,NO-URI,IC,2018-05-09T07:02:00,2018-05-09T07:02:00,98,98
http://irail.be/vehicle/IC727,http://irail.be/stations/NMBS/008894714,IC,2018-05-09T07:03:00,2018-05-09T07:03:00,83,83
http://irail.be/vehicle/IC727,http://irail.be/stations/NMBS/008894748,IC,2018-05-09T07:06:00,2018-05-09T07:06:00,53,53
http://irail.be/vehicle/IC727,http://irail.be/stations/NMBS/008894755,IC,2018-05-09T07:07:00,2018-05-09T07:07:00,46,46
http://irail.be/vehicle/IC727,http://irail.be/stations/NMBS/008894821,IC,2018-05-09T07:08:00,2018-05-09T07:08:00,68,68
http://irail.be/vehicle/IC727,NO-URI,IC,2018-05-09T07:09:00,2018-05-09T07:09:00,68,68
http://irail.be/vehicle/IC727,http://irail.be/stations/NMBS/008821196,IC,2018-05-09T07:12:00,2018-05-09T07:12:00,47,47
http://irail.be/vehicle/IC727,http://irail.be/stations/NMBS/008821121,IC,2018-05-09T07:19:00,2018-05-09T07:17:00,113,164
http://irail.be/vehicle/IC727,http://irail.be/stations/NMBS/008821006,IC,2018-05-09T07:23:00,2018-05-09T07:23:00,,100
http://irail.be/vehicle/IC727,http://irail.be/stations/NMBS/008896735,IC,2018-11-02T05:08:00,2018-11-02T05:08:00,38,
http://irail.be/vehicle/IC727,http://irail.be/stations/NMBS/008896503,IC,2018-11-02T05:16:00,2018-11-02T05:15:00,14,26
http://irail.be/vehicle/IC727,http://irail.be/stations/NMBS/008896412,IC,2018-11-02T05:26:00,2018-11-02T05:25:00,59,-13
http://irail.be/vehicle/IC727,http://irail.be/stations/NMBS/008896396,IC,2018-11-02T05:30:00,2018-11-02T05:29:00,59,59
http://irail.be/vehicle/IC727,http://irail.be/stations/NMBS/008896305,IC,2018-11-02T05:35:00,2018-11-02T05:34:00,50,59
http://irail.be/vehicle/IC727,http://irail.be/stations/NMBS/008896370,IC,2018-11-02T05:40:00,2018-11-02T05:39:00,40,50
http://irail.be/vehicle/IC727,http://irail.be/stations/NMBS/008896388,IC,2018-11-02T05:45:00,2018-11-02T05:44:00,40,40
http://irail.be/vehicle/IC727,http://irail.be/stations/NMBS/008896008,IC,2018-11-02T05:58:00,2018-11-02T05:50:00,25,-11
http://irail.be/vehicle/IC727,http://irail.be/stations/NMBS/008896115,IC,2018-11-02T06:02:00,2018-11-02T06:02:00,20,20
http://irail.be/vehicle/IC727,http://irail.be/stations/NMBS/008896149,IC,2018-11-02T06:08:00,2018-11-02T06:07:00,-15,-21
http://irail.be/vehicle/IC727,http://irail.be/stations/NMBS/008892106,IC,2018-11-02T06:15:00,2018-11-02T06:15:00,18,18
http://irail.be/vehicle/IC727,NO-URI,IC,2018-11-02T06:15:00,2018-11-02T06:15:00,233,233
http://irail.be/vehicle/IC727,http://irail.be/stations/NMBS/008892080,IC,2018-11-02T06:18:00,2018-11-02T06:18:00,261,261
http://irail.be/vehicle/IC727,http://irail.be/stations/NMBS/008892007,IC,2018-11-02T06:27:00,2018-11-02T06:24:00,106,225
http://irail.be/vehicle/IC727,NO-URI,IC,2018-11-02T06:31:00,2018-11-02T06:31:00,130,130
http://irail.be/vehicle/IC727,http://irail.be/stations/NMBS/008893179,IC,2018-11-02T06:32:00,2018-11-02T06:32:00,105,105
http://irail.be/vehicle/IC727,http://irail.be/stations/NMBS/008893120,IC,2018-11-02T06:36:00,2018-11-02T06:35:00,117,1
http://irail.be/vehicle/IC727,http://irail.be/stations/NMBS/008894151,IC,2018-11-02T06:43:00,2018-11-02T06:43:00,109,109
http://irail.be/vehicle/IC727,http://irail.be/stations/NMBS/008894201,IC,2018-11-02T06:50:00,2018-11-02T06:48:00,11,62
http://irail.be/vehicle/IC727,NO-URI,IC,2018-11-02T06:52:00,2018-11-02T06:52:00,4,4
http://irail.be/vehicle/IC727,http://irail.be/stations/NMBS/008894425,IC,2018-11-02T06:54:00,2018-11-02T06:54:00,15,15
http://irail.be/vehicle/IC727,http://irail.be/stations/NMBS/008894433,IC,2018-11-02T06:55:00,2018-11-02T06:55:00,2,2
http://irail.be/vehicle/IC727,http://irail.be/stations/NMBS/008894508,IC,2018-11-02T07:00:00,2018-11-02T06:58:00,-8,-22
http://irail.be/vehicle/IC727,NO-URI,IC,2018-11-02T07:02:00,2018-11-02T07:02:00,-2,-2
http://irail.be/vehicle/IC727,http://irail.be/stations/NMBS/008894714,IC,2018-11-02T07:03:00,2018-11-02T07:03:00,-15,-15
http://irail.be/vehicle/IC727,http://irail.be/stations/NMBS/008894748,IC,2018-11-02T07:06:00,2018-11-02T07:06:00,-43,-43
http://irail.be/vehicle/IC727,http://irail.be/stations/NMBS/008894755,IC,2018-11-02T07:07:00,2018-11-02T07:07:00,-50,-50
http://irail.be/vehicle/IC727,http://irail.be/stations/NMBS/008894821,IC,2018-11-02T07:08:00,2018-11-02T07:08:00,-27,-27
http://irail.be/vehicle/IC727,http://irail.be/stations/NMBS/008821196,IC,2018-11-02T07:12:00,2018-11-02T07:12:00,-71,-71
http://irail.be/vehicle/IC727,http://irail.be/stations/NMBS/008821121,IC,2018-11-02T07:19:00,2018-11-02T07:17:00,-14,-69
http://irail.be/vehicle/IC727,http://irail.be/stations/NMBS/008821006,IC,2018-11-02T07:23:00,2018-11-02T07:23:00,,-52
http://irail.be/vehicle/IC727,http://irail.be/stations/NMBS/008896735,IC,2018-06-21T05:08:00,2018-06-21T05:08:00,40,
http://irail.be/vehicle/IC727,http://irail.be/stations/NMBS/008896503,IC,2018-06-21T05:16:00,2018-06-21T05:15:00,106,60
http://irail.be/vehicle/IC727,http://irail.be/stations/NMBS/008896412,IC,2018-06-21T05:26:00,2018-06-21T05:25:00,110,109
http://irail.be/vehicle/IC727,http://irail.be/stations/NMBS/008896396,IC,2018-06-21T05:30:00,2018-06-21T05:29:00,110,110
http://irail.be/vehicle/IC727,http://irail.be/stations/NMBS/008896305,IC,2018-06-21T05:35:00,2018-06-21T05:34:00,111,110
http://irail.be/vehicle/IC727,http://irail.be/stations/NMBS/008896370,IC,2018-06-21T05:40:00,2018-06-21T05:39:00,111,111
http://irail.be/vehicle/IC727,http://irail.be/stations/NMBS/008896388,IC,2018-06-21T05:45:00,2018-06-21T05:44:00,27,27
http://irail.be/vehicle/IC727,http://irail.be/stations/NMBS/008896008,IC,2018-06-21T05:58:00,2018-06-21T05:50:00,26,82
http://irail.be/vehicle/IC727,http://irail.be/stations/NMBS/008896115,IC,2018-06-21T06:02:00,2018-06-21T06:02:00,29,29
http://irail.be/vehicle/IC727,http://irail.be/stations/NMBS/008896149,IC,2018-06-21T06:08:00,2018-06-21T06:07:00,0,-5
http://irail.be/vehicle/IC727,http://irail.be/stations/NMBS/008892106,IC,2018-06-21T06:15:00,2018-06-21T06:15:00,-44,-44
http://irail.be/vehicle/IC727,NO-URI,IC,2018-06-21T06:15:00,2018-06-21T06:15:00,35,35
http://irail.be/vehicle/IC727,http://irail.be/stations/NMBS/008892080,IC,2018-06-21T06:18:00,2018-06-21T06:18:00,62,62
http://irail.be/vehicle/IC727,http://irail.be/stations/NMBS/008892007,IC,2018-06-21T06:27:00,2018-06-21T06:24:00,91,101
http://irail.be/vehicle/IC727,NO-URI,IC,2018-06-21T06:31:00,2018-06-21T06:31:00,118,118
http://irail.be/vehicle/IC727,http://irail.be/stations/NMBS/008893179,IC,2018-06-21T06:32:00,2018-06-21T06:32:00,-82,-82
http://irail.be/vehicle/IC727,http://irail.be/stations/NMBS/008893120,IC,2018-06-21T06:36:00,2018-06-21T06:35:00,129,-82
http://irail.be/vehicle/IC727,http://irail.be/stations/NMBS/008894151,IC,2018-06-21T06:43:00,2018-06-21T06:43:00,154,154
http://irail.be/vehicle/IC727,http://irail.be/stations/NMBS/008894201,IC,2018-06-21T06:50:00,2018-06-21T06:48:00,59,120
http://irail.be/vehicle/IC727,NO-URI,IC,2018-06-21T06:52:00,2018-06-21T06:52:00,54,54
http://irail.be/vehicle/IC727,http://irail.be/stations/NMBS/008894425,IC,2018-06-21T06:54:00,2018-06-21T06:54:00,65,65
http://irail.be/vehicle/IC727,http://irail.be/stations/NMBS/008894433,IC,2018-06-21T06:55:00,2018-06-21T06:55:00,59,59
http://irail.be/vehicle/IC727,http://irail.be/stations/NMBS/008894508,IC,2018-06-21T07:00:00,2018-06-21T06:58:00,17,48
http://irail.be/vehicle/IC727,NO-URI,IC,2018-06-21T07:02:00,2018-06-21T07:02:00,22,22
http://irail.be/vehicle/IC727,http://irail.be/stations/NMBS/008894714,IC,2018-06-21T07:03:00,2018-06-21T07:03:00,9,9
http://irail.be/vehicle/IC727,http://irail.be/stations/NMBS/008894748,IC,2018-06-21T07:06:00,2018-06-21T07:06:00,-17,-17
http://irail.be/vehicle/IC727,http://irail.be/stations/NMBS/008894755,IC,2018-06-21T07:07:00,2018-06-21T07:07:00,-22,-22
http://irail.be/vehicle/IC727,http://irail.be/stations/NMBS/008894821,IC,2018-06-21T07:08:00,2018-06-21T07:08:00,-1,-1
http://irail.be/vehicle/IC727,http://irail.be/stations/NMBS/008821196,IC,2018-06-21T07:12:00,2018-06-21T07:12:00,-31,-31
http://irail.be/vehicle/IC727,http://irail.be/stations/NMBS/008821121,IC,2018-06-21T07:19:00,2018-06-21T07:17:00,136,-4
http://irail.be/vehicle/IC727,http://irail.be/stations/NMBS/008821006,IC,2018-06-21T07:23:00,2018-06-21T07:23:00,,195
http://irail.be/vehicle/IC727,http://irail.be/stations/NMBS/008896735,IC,2018-10-27T05:08:00,2018-10-27T05:08:00,27,
http://irail.be/vehicle/IC727,http://irail.be/stations/NMBS/008896503,IC,2018-10-27T05:16:00,2018-10-27T05:15:00,31,26
http://irail.be/vehicle/IC727,http://irail.be/stations/NMBS/008896412,IC,2018-10-27T05:26:00,2018-10-27T05:25:00,65,9
http://irail.be/vehicle/IC727,http://irail.be/stations/NMBS/008896396,IC,2018-10-27T05:30:00,2018-10-27T05:29:00,65,65
http://irail.be/vehicle/IC727,http://irail.be/stations/NMBS/008896305,IC,2018-10-27T05:35:00,2018-10-27T05:34:00,59,65
http://irail.be/vehicle/IC727,http://irail.be/stations/NMBS/008896370,IC,2018-10-27T05:40:00,2018-10-27T05:39:00,66,59
http://irail.be/vehicle/IC727,http://irail.be/stations/NMBS/008896388,IC,2018-10-27T05:45:00,2018-10-27T05:44:00,66,66
http://irail.be/vehicle/IC727,http://irail.be/stations/NMBS/008896008,IC,2018-10-27T05:58:00,2018-10-27T05:50:00,25,31
http://irail.be/vehicle/IC727,http://irail.be/stations/NMBS/008896115,IC,2018-10-27T06:02:00,2018-10-27T06:02:00,6,6
http://irail.be/vehicle/IC727,http://irail.be/stations/NMBS/008896149,IC,2018-10-27T06:08:00,2018-10-27T06:07:00,-41,-43
http://irail.be/vehicle/IC727,http://irail.be/stations/NMBS/008892106,IC,2018-10-27T06:15:00,2018-10-27T06:15:00,-103,-103
http://irail.be/vehicle/IC727,NO-URI,IC,2018-10-27T06:15:00,2018-10-27T06:15:00,-71,-71
http://irail.be/vehicle/IC727,http://irail.be/stations/NMBS/008892080,IC,2018-10-27T06:18:00,2018-10-27T06:18:00,-98,-98
http://irail.be/vehicle/IC727,http://irail.be/stations/NMBS/008892007,IC,2018-10-27T06:27:00,2018-10-27T06:24:00,27,-99
http://irail.be/vehicle/IC727,NO-URI,IC,2018-10-27T06:31:00,2018-10-27T06:31:00,47,47
http://irail.be/vehicle/IC727,http://irail.be/stations/NMBS/008893179,IC,2018-10-27T06:32:00,2018-10-27T06:32:00,-82,-82
http://irail.be/vehicle/IC727,http://irail.be/stations/NMBS/008893120,IC,2018-10-27T06:36:00,2018-10-27T06:35:00,41,-82
http://irail.be/vehicle/IC727,http://irail.be/stations/NMBS/008894151,IC,2018-10-27T06:43:00,2018-10-27T06:43:00,53,53
http://irail.be/vehicle/IC727,http://irail.be/stations/NMBS/008894201,IC,2018-10-27T06:50:00,2018-10-27T06:48:00,33,2
http://irail.be/vehicle/IC727,NO-URI,IC,2018-10-27T06:52:00,2018-10-27T06:52:00,27,27
http://irail.be/vehicle/IC727,http://irail.be/stations/NMBS/008894425,IC,2018-10-27T06:54:00,2018-10-27T06:54:00,32,32
http://irail.be/vehicle/IC727,http://irail.be/stations/NMBS/008894433,IC,2018-10-27T06:55:00,2018-10-27T06:55:00,20,20
http://irail.be/vehicle/IC727,http://irail.be/stations/NMBS/008894508,IC,2018-10-27T07:00:00,2018-10-27T06:58:00,36,13
http://irail.be/vehicle/IC727,NO-URI,IC,2018-10-27T07:02:00,2018-10-27T07:02:00,32,32
http://irail.be/vehicle/IC727,http://irail.be/stations/NMBS/008894714,IC,2018-10-27T07:03:00,2018-10-27T07:03:00,15,15
http://irail.be/vehicle/IC727,http://irail.be/stations/NMBS/008894748,IC,2018-10-27T07:06:00,2018-10-27T07:06:00,-22,-22
http://irail.be/vehicle/IC727,http://irail.be/stations/NMBS/008894755,IC,2018-10-27T07:07:00,2018-10-27T07:07:00,-32,-32
http://irail.be/vehicle/IC727,http://irail.be/stations/NMBS/008894821,IC,2018-10-27T07:08:00,2018-10-27T07:08:00,-14,-14
http://irail.be/vehicle/IC727,http://irail.be/stations/NMBS/008821196,IC,2018-10-27T07:12:00,2018-10-27T07:12:00,-59,-59
http://irail.be/vehicle/IC727,http://irail.be/stations/NMBS/008821121,IC,2018-10-27T07:19:00,2018-10-27T07:17:00,-9,-96
http://irail.be/vehicle/IC727,http://irail.be/stations/NMBS/008821006,IC,2018-10-27T07:23:00,2018-10-27T07:23:00,,-4
http://irail.be/vehicle/IC727,http://irail.be/stations/NMBS/008896735,IC,2018-06-14T05:08:00,2018-06-14T05:08:00,52,
http://irail.be/vehicle/IC727,http://irail.be/stations/NMBS/008896503,IC,2018-06-14T05:16:00,2018-06-14T05:15:00,12,22
http://irail.be/vehicle/IC727,http://irail.be/stations/NMBS/008896412,IC,2018-06-14T05:26:00,2018-06-14T05:25:00,-35,-25
http://irail.be/vehicle/IC727,http://irail.be/stations/NMBS/008896396,IC,2018-06-14T05:30:00,2018-06-14T05:29:00,-35,-35
http://irail.be/vehicle/IC727,http://irail.be/stations/NMBS/008896305,IC,2018-06-14T05:35:00,2018-06-14T05:34:00,-38,-35
http://irail.be/vehicle/IC727,http://irail.be/stations/NMBS/008896370,IC,2018-06-14T05:40:00,2018-06-14T05:39:00,-26,-38
http://irail.be/vehicle/IC727,http://irail.be/stations/NMBS/008896388,IC,2018-06-14T05:45:00,2018-06-14T05:44:00,-26,-26
http://irail.be/vehicle/IC727,http://irail.be/stations/NMBS/008896008,IC,2018-06-14T05:58:00,2018-06-14T05:50:00,28,0
http://irail.be/vehicle/IC727,http://irail.be/stations/NMBS/008896115,IC,2018-06-14T06:02:00,2018-06-14T06:02:00,59,59
http://irail.be/vehicle/IC727,http://irail.be/stations/NMBS/008896149,IC,2018-06-14T06:08:00,2018-06-14T06:07:00,1,22
http://irail.be/vehicle/IC727,http://irail.be/stations/NMBS/008892106,IC,2018-06-14T06:15:00,2018-06-14T06:15:00,48,48
http://irail.be/vehicle/IC727,NO-URI,IC,2018-06-14T06:15:00,2018-06-14T06:15:00,167,167
http://irail.be/vehicle/IC727,http://irail.be/stations/NMBS/008892080,IC,2018-06-14T06:18:00,2018-06-14T06:18:00,175,175
http://irail.be/vehicle/IC727,http://irail.be/stations/NMBS/008892007,IC,2018-06-14T06:27:00,2018-06-14T06:24:00,136,217
http://irail.be/vehicle/IC727,NO-URI,IC,2018-06-14T06:31:00,2018-06-14T06:31:00,180,180
http://irail.be/vehicle/IC727,http://irail.be/stations/NMBS/008893179,IC,2018-06-14T06:32:00,2018-06-14T06:32:00,-29,-29
http://irail.be/vehicle/IC727,http://irail.be/stations/NMBS/008893120,IC,2018-06-14T06:36:00,2018-06-14T06:35:00,174,-29
http://irail.be/vehicle/IC727,http://irail.be/stations/NMBS/008894151,IC,2018-06-14T06:43:00,2018-06-14T06:43:00,277,277
http://irail.be/vehicle/IC727,http://irail.be/stations/NMBS/008894201,IC,2018-06-14T06:50:00,2018-06-14T06:48:00,286,315
http://irail.be/vehicle/IC727,NO-URI,IC,2018-06-14T06:52:00,2018-06-14T06:52:00,277,277
http://irail.be/vehicle/IC727,http://irail.be/stations/NMBS/008894425,IC,2018-06-14T06:54:00,2018-06-14T06:54:00,284,284
http://irail.be/vehicle/IC727,http://irail.be/stations/NMBS/008894433,IC,2018-06-14T06:55:00,2018-06-14T06:55:00,273,273
http://irail.be/vehicle/IC727,http://irail.be/stations/NMBS/008894508,IC,2018-06-14T07:00:00,2018-06-14T06:58:00,202,261
http://irail.be/vehicle/IC727,NO-URI,IC,2018-06-14T07:02:00,2018-06-14T07:02:00,222,222
http://irail.be/vehicle/IC727,http://irail.be/stations/NMBS/008894714,IC,2018-06-14T07:03:00,2018-06-14T07:03:00,207,207
http://irail.be/vehicle/IC727,http://irail.be/stations/NMBS/008894748,IC,2018-06-14T07:06:00,2018-06-14T07:06:00,175,175
http://irail.be/vehicle/IC727,http://irail.be/stations/NMBS/008894755,IC,2018-06-14T07:07:00,2018-06-14T07:07:00,166,166
http://irail.be/vehicle/IC727,http://irail.be/stations/NMBS/008894821,IC,2018-06-14T07:08:00,2018-06-14T07:08:00,185,185
http://irail.be/vehicle/IC727,http://irail.be/stations/NMBS/008821196,IC,2018-06-14T07:12:00,2018-06-14T07:12:00,152,152
http://irail.be/vehicle/IC727,http://irail.be/stations/NMBS/008821121,IC,2018-06-14T07:19:00,2018-06-14T07:17:00,37,96
http://irail.be/vehicle/IC727,http://irail.be/stations/NMBS/008821006,IC,2018-06-14T07:23:00,2018-06-14T07:23:00,,7
http://irail.be/vehicle/IC727,http://irail.be/stations/NMBS/008896735,IC,2018-07-26T05:08:00,2018-07-26T05:08:00,59,
http://irail.be/vehicle/IC727,http://irail.be/stations/NMBS/008896503,IC,2018-07-26T05:16:00,2018-07-26T05:15:00,237,61
http://irail.be/vehicle/IC727,http://irail.be/stations/NMBS/008896412,IC,2018-07-26T05:26:00,2018-07-26T05:25:00,246,252
http://irail.be/vehicle/IC727,http://irail.be/stations/NMBS/008896396,IC,2018-07-26T05:30:00,2018-07-26T05:29:00,246,246
http://irail.be/vehicle/IC727,http://irail.be/stations/NMBS/008896305,IC,2018-07-26T05:35:00,2018-07-26T05:34:00,241,246
http://irail.be/vehicle/IC727,http://irail.be/stations/NMBS/008896370,IC,2018-07-26T05:40:00,2018-07-26T05:39:00,241,241
http://irail.be/vehicle/IC727,http://irail.be/stations/NMBS/008896388,IC,2018-07-26T05:45:00,2018-07-26T05:44:00,153,153
http://irail.be/vehicle/IC727,http://irail.be/stations/NMBS/008896008,IC,2018-07-26T05:58:00,2018-07-26T05:50:00,29,156
http://irail.be/vehicle/IC727,http://irail.be/stations/NMBS/008896115,IC,2018-07-26T06:02:00,2018-07-26T06:02:00,37,37
http://irail.be/vehicle/IC727,http://irail.be/stations/NMBS/008896149,IC,2018-07-26T06:08:00,2018-07-26T06:07:00,13,2
http://irail.be/vehicle/IC727,http://irail.be/stations/NMBS/008892106,IC,2018-07-26T06:15:00,2018-07-26T06:15:00,-35,-35
http://irail.be/vehicle/IC727,NO-URI,IC,2018-07-26T06:15:00,2018-07-26T06:15:00,-3,-3
http://irail.be/vehicle/IC727,http://irail.be/stations/NMBS/008892080,IC,2018-07-26T06:18:00,2018-07-26T06:18:00,-32,-32
http://irail.be/vehicle/IC727,http://irail.be/stations/NMBS/008892007,IC,2018-07-26T06:27:00,2018-07-26T06:24:00,7,-31
http://irail.be/vehicle/IC727,NO-URI,IC,2018-07-26T06:31:00,2018-07-26T06:31:00,65,65
http://irail.be/vehicle/IC727,http://irail.be/stations/NMBS/008893179,IC,2018-07-26T06:32:00,2018-07-26T06:32:00,-112,-112
http://irail.be/vehicle/IC727,http://irail.be/stations/NMBS/008893120,IC,2018-07-26T06:36:00,2018-07-26T06:35:00,78,-112
http://irail.be/vehicle/IC727,http://irail.be/stations/NMBS/008894151,IC,2018-07-26T06:43:00,2018-07-26T06:43:00,100,100
http://irail.be/vehicle/IC727,http://irail.be/stations/NMBS/008894201,IC,2018-07-26T06:50:00,2018-07-26T06:48:00,20,57
http://irail.be/vehicle/IC727,NO-URI,IC,2018-07-26T06:52:00,2018-07-26T06:52:00,20,20
http://irail.be/vehicle/IC727,http://irail.be/stations/NMBS/008894425,IC,2018-07-26T06:54:00,2018-07-26T06:54:00,33,33
http://irail.be/vehicle/IC727,http://irail.be/stations/NMBS/008894433,IC,2018-07-26T06:55:00,2018-07-26T06:55:00,25,25
http://irail.be/vehicle/IC727,http://irail.be/stations/NMBS/008894508,IC,2018-07-26T07:00:00,2018-07-26T06:58:00,12,20
http://irail.be/vehicle/IC727,NO-URI,IC,2018-07-26T07:02:00,2018-07-26T07:02:00,35,35
http://irail.be/vehicle/IC727,http://irail.be/stations/NMBS/008894714,IC,2018-07-26T07:03:00,2018-07-26T07:03:00,22,22
http://irail.be/vehicle/IC727,http://irail.be/stations/NMBS/008894748,IC,2018-07-26T07:06:00,2018-07-26T07:06:00,-9,-9
http://irail.be/vehicle/IC727,http://irail.be/stations/NMBS/008894755,IC,2018-07-26T07:07:00,2018-07-26T07:07:00,-12,-12
http://irail.be/vehicle/IC727,http://irail.be/stations/NMBS/008894821,IC,2018-07-26T07:08:00,2018-07-26T07:08:00,12,12
http://irail.be/vehicle/IC727,http://irail.be/stations/NMBS/008821196,IC,2018-07-26T07:12:00,2018-07-26T07:12:00,6,6
http://irail.be/vehicle/IC727,http://irail.be/stations/NMBS/008821121,IC,2018-07-26T07:19:00,2018-07-26T07:17:00,5,-15
http://irail.be/vehicle/IC727,http://irail.be/stations/NMBS/008821006,IC,2018-07-26T07:23:00,2018-07-26T07:23:00,,13
http://irail.be/vehicle/IC727,http://irail.be/stations/NMBS/008896735,IC,2018-03-02T05:08:00,2018-03-02T05:08:00,67,
http://irail.be/vehicle/IC727,http://irail.be/stations/NMBS/008896503,IC,2018-03-02T05:16:00,2018-03-02T05:15:00,71,55
http://irail.be/vehicle/IC727,http://irail.be/stations/NMBS/008896412,IC,2018-03-02T05:26:00,2018-03-02T05:25:00,9,46
http://irail.be/vehicle/IC727,http://irail.be/stations/NMBS/008896396,IC,2018-03-02T05:30:00,2018-03-02T05:29:00,9,9
http://irail.be/vehicle/IC727,http://irail.be/stations/NMBS/008896305,IC,2018-03-02T05:35:00,2018-03-02T05:34:00,-8,9
http://irail.be/vehicle/IC727,http://irail.be/stations/NMBS/008896370,IC,2018-03-02T05:40:00,2018-03-02T05:40:00,19,-8
http://irail.be/vehicle/IC727,http://irail.be/stations/NMBS/008896388,IC,2018-03-02T05:44:00,2018-03-02T05:44:00,19,19
http://irail.be/vehicle/IC727,http://irail.be/stations/NMBS/008896008,IC,2018-03-02T05:57:00,2018-03-02T05:50:00,61,-54
http://irail.be/vehicle/IC727,http://irail.be/stations/NMBS/008896115,IC,2018-03-02T06:01:00,2018-03-02T06:01:00,98,98
http://irail.be/vehicle/IC727,http://irail.be/stations/NMBS/008896149,IC,2018-03-02T06:06:00,2018-03-02T06:05:00,92,114
http://irail.be/vehicle/IC727,http://irail.be/stations/NMBS/008892106,IC,2018-03-02T06:15:00,2018-03-02T06:15:00,-34,-34
http://irail.be/vehicle/IC727,NO-URI,IC,2018-03-02T06:15:00,2018-03-02T06:15:00,36,36
http://irail.be/vehicle/IC727,http://irail.be/stations/NMBS/008892080,IC,2018-03-02T06:18:00,2018-03-02T06:18:00,69,69
http://irail.be/vehicle/IC727,http://irail.be/stations/NMBS/008892007,IC,2018-03-02T06:27:00,2018-03-02T06:24:00,29,138
http://irail.be/vehicle/IC727,NO-URI,IC,2018-03-02T06:31:00,2018-03-02T06:31:00,75,75
http://irail.be/vehicle/IC727,http://irail.be/stations/NMBS/008893179,IC,2018-03-02T06:32:00,2018-03-02T06:32:00,-114,-114
http://irail.be/vehicle/IC727,http://irail.be/stations/NMBS/008893120,IC,2018-03-02T06:36:00,2018-03-02T06:35:00,-114,-114
http://irail.be/vehicle/IC727,http://irail.be/stations/NMBS/008894151,IC,2018-03-02T06:43:00,2018-03-02T06:43:00,53,53
http://irail.be/vehicle/IC727,http://irail.be/stations/NMBS/008894201,IC,2018-03-02T06:50:00,2018-03-02T06:48:00,14,24
http://irail.be/vehicle/IC727,NO-URI,IC,2018-03-02T06:52:00,2018-03-02T06:52:00,-3,-3
http://irail.be/vehicle/IC727,http://irail.be/stations/NMBS/008894425,IC,2018-03-02T06:54:00,2018-03-02T06:54:00,14,14
http://irail.be/vehicle/IC727,http://irail.be/stations/NMBS/008894433,IC,2018-03-02T06:55:00,2018-03-02T06:55:00,7,7
http://irail.be/vehicle/IC727,http://irail.be/stations/NMBS/008894508,IC,2018-03-02T07:00:00,2018-03-02T06:58:00,-2,5
http://irail.be/vehicle/IC727,NO-URI,IC,2018-03-02T07:02:00,2018-03-02T07:02:00,11,11
http://irail.be/vehicle/IC727,http://irail.be/stations/NMBS/008894714,IC,2018-03-02T07:03:00,2018-03-02T07:03:00,-3,-3
http://irail.be/vehicle/IC727,http://irail.be/stations/NMBS/008894748,IC,2018-03-02T07:06:00,2018-03-02T07:06:00,-26,-26
http://irail.be/vehicle/IC727,http://irail.be/stations/NMBS/008894755,IC,2018-03-02T07:07:00,2018-03-02T07:07:00,-26,-26
http://irail.be/vehicle/IC727,http://irail.be/stations/NMBS/008894821,IC,2018-03-02T07:08:00,2018-03-02T07:08:00,5,5
http://irail.be/vehicle/IC727,NO-URI,IC,2018-03-02T07:09:00,2018-03-02T07:09:00,5,5
http://irail.be/vehicle/IC727,http://irail.be/stations/NMBS/008821196,IC,2018-03-02T07:12:00,2018-03-02T07:12:00,-19,-19
http://irail.be/vehicle/IC727,http://irail.be/stations/NMBS/008821121,IC,2018-03-02T07:19:00,2018-03-02T07:17:00,-1,-7
http://irail.be/vehicle/IC727,http://irail.be/stations/NMBS/008821006,IC,2018-03-02T07:23:00,2018-03-02T07:23:00,,-35
http://irail.be/vehicle/IC727,http://irail.be/stations/NMBS/008896735,IC,2018-02-06T05:08:00,2018-02-06T05:08:00,148,
http://irail.be/vehicle/IC727,http://irail.be/stations/NMBS/008896503,IC,2018-02-06T05:16:00,2018-02-06T05:15:00,166,142
http://irail.be/vehicle/IC727,http://irail.be/stations/NMBS/008896412,IC,2018-02-06T05:26:00,2018-02-06T05:25:00,143,127
http://irail.be/vehicle/IC727,http://irail.be/stations/NMBS/008896396,IC,2018-02-06T05:30:00,2018-02-06T05:29:00,143,143
http://irail.be/vehicle/IC727,http://irail.be/stations/NMBS/008896305,IC,2018-02-06T05:35:00,2018-02-06T05:34:00,119,143
http://irail.be/vehicle/IC727,http://irail.be/stations/NMBS/008896370,IC,2018-02-06T05:40:00,2018-02-06T05:40:00,141,119
http://irail.be/vehicle/IC727,http://irail.be/stations/NMBS/008896388,IC,2018-02-06T05:44:00,2018-02-06T05:44:00,141,141
http://irail.be/vehicle/IC727,http://irail.be/stations/NMBS/008896008,IC,2018-02-06T05:57:00,2018-02-06T05:50:00,100,171
http://irail.be/vehicle/IC727,http://irail.be/stations/NMBS/008896115,IC,2018-02-06T06:01:00,2018-02-06T06:01:00,147,147
http://irail.be/vehicle/IC727,http://irail.be/stations/NMBS/008896149,IC,2018-02-06T06:06:00,2018-02-06T06:05:00,206,212
http://irail.be/vehicle/IC727,http://irail.be/stations/NMBS/008892106,IC,2018-02-06T06:15:00,2018-02-06T06:15:00,151,151
http://irail.be/vehicle/IC727,NO-URI,IC,2018-02-06T06:15:00,2018-02-06T06:15:00,328,328
http://irail.be/vehicle/IC727,http://irail.be/stations/NMBS/008892080,IC,2018-02-06T06:18:00,2018-02-06T06:18:00,336,336
http://irail.be/vehicle/IC727,http://irail.be/stations/NMBS/008892007,IC,2018-02-06T06:27:00,2018-02-06T06:24:00,196,285
http://irail.be/vehicle/IC727,NO-URI,IC,2018-02-06T06:31:00,2018-02-06T06:31:00,206,206
http://irail.be/vehicle/IC727,http://irail.be/stations/NMBS/008893179,IC,2018-02-06T06:32:00,2018-02-06T06:32:00,-8,-8
http://irail.be/vehicle/IC727,http://irail.be/stations/NMBS/008893120,IC,2018-02-06T06:36:00,2018-02-06T06:35:00,-8,-8
http://irail.be/vehicle/IC727,http://irail.be/stations/NMBS/008894151,IC,2018-02-06T06:43:00,2018-02-06T06:43:00,143,143
http://irail.be/vehicle/IC727,http://irail.be/stations/NMBS/008894201,IC,2018-02-06T06:50:00,2018-02-06T06:48:00,41,91
http://irail.be/vehicle/IC727,NO-URI,IC,2018-02-06T06:52:00,2018-02-06T06:52:00,28,28
http://irail.be/vehicle/IC727,http://irail.be/stations/NMBS/008894425,IC,2018-02-06T06:54:00,2018-02-06T06:54:00,28,28
http://irail.be/vehicle/IC727,http://irail.be/stations/NMBS/008894433,IC,2018-02-06T06:55:00,2018-02-06T06:55:00,14,14
http://irail.be/vehicle/IC727,http://irail.be/stations/NMBS/008894508,IC,2018-02-06T07:00:00,2018-02-06T06:58:00,34,-3
http://irail.be/vehicle/IC727,NO-URI,IC,2018-02-06T07:02:00,2018-02-06T07:02:00,39,39
http://irail.be/vehicle/IC727,http://irail.be/stations/NMBS/008894714,IC,2018-02-06T07:03:00,2018-02-06T07:03:00,23,23
http://irail.be/vehicle/IC727,http://irail.be/stations/NMBS/008894748,IC,2018-02-06T07:06:00,2018-02-06T07:06:00,-15,-15
http://irail.be/vehicle/IC727,http://irail.be/stations/NMBS/008894755,IC,2018-02-06T07:07:00,2018-02-06T07:07:00,-23,-23
http://irail.be/vehicle/IC727,http://irail.be/stations/NMBS/008894821,IC,2018-02-06T07:08:00,2018-02-06T07:08:00,-3,-3
http://irail.be/vehicle/IC727,NO-URI,IC,2018-02-06T07:09:00,2018-02-06T07:09:00,-3,-3
http://irail.be/vehicle/IC727,http://irail.be/stations/NMBS/008821196,IC,2018-02-06T07:12:00,2018-02-06T07:12:00,-42,-42
http://irail.be/vehicle/IC727,http://irail.be/stations/NMBS/008821121,IC,2018-02-06T07:19:00,2018-02-06T07:17:00,37,27
http://irail.be/vehicle/IC727,http://irail.be/stations/NMBS/008821006,IC,2018-02-06T07:23:00,2018-02-06T07:23:00,,6
http://irail.be/vehicle/IC727,http://irail.be/stations/NMBS/008896735,IC,2018-01-13T05:08:00,2018-01-13T05:08:00,73,
http://irail.be/vehicle/IC727,http://irail.be/stations/NMBS/008896503,IC,2018-01-13T05:16:00,2018-01-13T05:15:00,99,55
http://irail.be/vehicle/IC727,http://irail.be/stations/NMBS/008896412,IC,2018-01-13T05:26:00,2018-01-13T05:25:00,111,65
http://irail.be/vehicle/IC727,http://irail.be/stations/NMBS/008896396,IC,2018-01-13T05:30:00,2018-01-13T05:29:00,111,111
http://irail.be/vehicle/IC727,http://irail.be/stations/NMBS/008896305,IC,2018-01-13T05:35:00,2018-01-13T05:34:00,62,111
http://irail.be/vehicle/IC727,http://irail.be/stations/NMBS/008896370,IC,2018-01-13T05:40:00,2018-01-13T05:40:00,62,62
http://irail.be/vehicle/IC727,http://irail.be/stations/NMBS/008896388,IC,2018-01-13T05:44:00,2018-01-13T05:44:00,19,19
http://irail.be/vehicle/IC727,http://irail.be/stations/NMBS/008896008,IC,2018-01-13T05:57:00,2018-01-13T05:50:00,41,-61
http://irail.be/vehicle/IC727,http://irail.be/stations/NMBS/008896115,IC,2018-01-13T06:01:00,2018-01-13T06:01:00,4,4
http://irail.be/vehicle/IC727,http://irail.be/stations/NMBS/008896149,IC,2018-01-13T06:06:00,2018-01-13T06:05:00,-15,4
http://irail.be/vehicle/IC727,http://irail.be/stations/NMBS/008892106,IC,2018-01-13T06:15:00,2018-01-13T06:15:00,-166,-166
http://irail.be/vehicle/IC727,NO-URI,IC,2018-01-13T06:15:00,2018-01-13T06:15:00,-150,-150
http://irail.be/vehicle/IC727,http://irail.be/stations/NMBS/008892080,IC,2018-01-13T06:18:00,2018-01-13T06:18:00,-171,-171
http://irail.be/vehicle/IC727,http://irail.be/stations/NMBS/008892007,IC,2018-01-13T06:27:00,2018-01-13T06:24:00,6,-186
http://irail.be/vehicle/IC727,NO-URI,IC,2018-01-13T06:31:00,2018-01-13T06:31:00,-10,-10
http://irail.be/vehicle/IC727,http://irail.be/stations/NMBS/008893179,IC,2018-01-13T06:32:00,2018-01-13T06:32:00,-228,-228
http://irail.be/vehicle/IC727,http://irail.be/stations/NMBS/008893120,IC,2018-01-13T06:36:00,2018-01-13T06:35:00,-228,-228
http://irail.be/vehicle/IC727,http://irail.be/stations/NMBS/008894151,IC,2018-01-13T06:43:00,2018-01-13T06:43:00,-11,-11
http://irail.be/vehicle/IC727,http://irail.be/stations/NMBS/008894201,IC,2018-01-13T06:50:00,2018-01-13T06:48:00,1,-65
http://irail.be/vehicle/IC727,NO-URI,IC,2018-01-13T06:52:00,2018-01-13T06:52:00,-5,-5
http://irail.be/vehicle/IC727,http://irail.be/stations/NMBS/008894425,IC,2018-01-13T06:54:00,2018-01-13T06:54:00,12,12
http://irail.be/vehicle/IC727,http://irail.be/stations/NMBS/008894433,IC,2018-01-13T06:55:00,2018-01-13T06:55:00,6,6
http://irail.be/vehicle/IC727,http://irail.be/stations/NMBS/008894508,IC,2018-01-13T07:00:00,2018-01-13T06:58:00,9,-2
http://irail.be/vehicle/IC727,NO-URI,IC,2018-01-13T07:02:00,2018-01-13T07:02:00,-3,-3
http://irail.be/vehicle/IC727,http://irail.be/stations/NMBS/008894714,IC,2018-01-13T07:03:00,2018-01-13T07:03:00,-23,-23
http://irail.be/vehicle/IC727,http://irail.be/stations/NMBS/008894748,IC,2018-01-13T07:06:00,2018-01-13T07:06:00,-58,-58
http://irail.be/vehicle/IC727,http://irail.be/stations/NMBS/008894755,IC,2018-01-13T07:07:00,2018-01-13T07:07:00,-60,-60
http://irail.be/vehicle/IC727,http://irail.be/stations/NMBS/008894821,IC,2018-01-13T07:08:00,2018-01-13T07:08:00,-42,-42
http://irail.be/vehicle/IC727,NO-URI,IC,2018-01-13T07:09:00,2018-01-13T07:09:00,-42,-42
http://irail.be/vehicle/IC727,http://irail.be/stations/NMBS/008821196,IC,2018-01-13T07:12:00,2018-01-13T07:12:00,-80,-80
http://irail.be/vehicle/IC727,http://irail.be/stations/NMBS/008821121,IC,2018-01-13T07:19:00,2018-01-13T07:17:00,-2,-86
http://irail.be/vehicle/IC727,http://irail.be/stations/NMBS/008821006,IC,2018-01-13T07:23:00,2018-01-13T07:23:00,,-35
http://irail.be/vehicle/IC727,http://irail.be/stations/NMBS/008896735,IC,2018-03-30T05:08:00,2018-03-30T05:08:00,77,
http://irail.be/vehicle/IC727,http://irail.be/stations/NMBS/008896503,IC,2018-03-30T05:16:00,2018-03-30T05:15:00,78,84
http://irail.be/vehicle/IC727,http://irail.be/stations/NMBS/008896412,IC,2018-03-30T05:26:00,2018-03-30T05:25:00,44,66
http://irail.be/vehicle/IC727,http://irail.be/stations/NMBS/008896396,IC,2018-03-30T05:30:00,2018-03-30T05:29:00,44,44
http://irail.be/vehicle/IC727,http://irail.be/stations/NMBS/008896305,IC,2018-03-30T05:35:00,2018-03-30T05:34:00,28,44
http://irail.be/vehicle/IC727,http://irail.be/stations/NMBS/008896370,IC,2018-03-30T05:40:00,2018-03-30T05:40:00,28,28
http://irail.be/vehicle/IC727,http://irail.be/stations/NMBS/008896388,IC,2018-03-30T05:44:00,2018-03-30T05:44:00,17,17
http://irail.be/vehicle/IC727,http://irail.be/stations/NMBS/008896008,IC,2018-03-30T05:57:00,2018-03-30T05:50:00,62,27
http://irail.be/vehicle/IC727,http://irail.be/stations/NMBS/008896115,IC,2018-03-30T06:01:00,2018-03-30T06:01:00,32,32
http://irail.be/vehicle/IC727,http://irail.be/stations/NMBS/008896149,IC,2018-03-30T06:06:00,2018-03-30T06:05:00,13,33
http://irail.be/vehicle/IC727,http://irail.be/stations/NMBS/008892106,IC,2018-03-30T06:15:00,2018-03-30T06:15:00,-26,-26
http://irail.be/vehicle/IC727,NO-URI,IC,2018-03-30T06:15:00,2018-03-30T06:15:00,66,66
http://irail.be/vehicle/IC727,http://irail.be/stations/NMBS/008892080,IC,2018-03-30T06:18:00,2018-03-30T06:18:00,75,75
http://irail.be/vehicle/IC727,http://irail.be/stations/NMBS/008892007,IC,2018-03-30T06:27:00,2018-03-30T06:24:00,51,75
http://irail.be/vehicle/IC727,NO-URI,IC,2018-03-30T06:31:00,2018-03-30T06:31:00,108,108
http://irail.be/vehicle/IC727,http://irail.be/stations/NMBS/008893179,IC,2018-03-30T06:32:00,2018-03-30T06:32:00,-87,-87
http://irail.be/vehicle/IC727,http://irail.be/stations/NMBS/008893120,IC,2018-03-30T06:36:00,2018-03-30T06:35:00,-87,-87
http://irail.be/vehicle/IC727,http://irail.be/stations/NMBS/008894151,IC,2018-03-30T06:43:00,2018-03-30T06:43:00,103,103
http://irail.be/vehicle/IC727,http://irail.be/stations/NMBS/008894201,IC,2018-03-30T06:50:00,2018-03-30T06:48:00,2,59
http://irail.be/vehicle/IC727,NO-URI,IC,2018-03-30T06:52:00,2018-03-30T06:52:00,-16,-16
http://irail.be/vehicle/IC727,http://irail.be/stations/NMBS/008894425,IC,2018-03-30T06:54:00,2018-03-30T06:54:00,-15,-15
http://irail.be/vehicle/IC727,http://irail.be/stations/NMBS/008894433,IC,2018-03-30T06:55:00,2018-03-30T06:55:00,-22,-22
http://irail.be/vehicle/IC727,http://irail.be/stations/NMBS/008894508,IC,2018-03-30T07:00:00,2018-03-30T06:58:00,10,-42
http://irail.be/vehicle/IC727,NO-URI,IC,2018-03-30T07:02:00,2018-03-30T07:02:00,13,13
http://irail.be/vehicle/IC727,http://irail.be/stations/NMBS/008894714,IC,2018-03-30T07:03:00,2018-03-30T07:03:00,1,1
http://irail.be/vehicle/IC727,http://irail.be/stations/NMBS/008894748,IC,2018-03-30T07:06:00,2018-03-30T07:06:00,-22,-22
http://irail.be/vehicle/IC727,http://irail.be/stations/NMBS/008894755,IC,2018-03-30T07:07:00,2018-03-30T07:07:00,-29,-29
http://irail.be/vehicle/IC727,http://irail.be/stations/NMBS/008894821,IC,2018-03-30T07:08:00,2018-03-30T07:08:00,-8,-8
http://irail.be/vehicle/IC727,NO-URI,IC,2018-03-30T07:09:00,2018-03-30T07:09:00,-8,-8
http://irail.be/vehicle/IC727,http://irail.be/stations/NMBS/008821196,IC,2018-03-30T07:12:00,2018-03-30T07:12:00,-54,-54
http://irail.be/vehicle/IC727,http://irail.be/stations/NMBS/008821121,IC,2018-03-30T07:19:00,2018-03-30T07:17:00,-1,-57
http://irail.be/vehicle/IC727,http://irail.be/stations/NMBS/008821006,IC,2018-03-30T07:23:00,2018-03-30T07:23:00,,-12
http://irail.be/vehicle/IC727,http://irail.be/stations/NMBS/008896735,IC,2018-09-06T05:08:00,2018-09-06T05:08:00,61,
http://irail.be/vehicle/IC727,http://irail.be/stations/NMBS/008896503,IC,2018-09-06T05:16:00,2018-09-06T05:15:00,41,41
http://irail.be/vehicle/IC727,http://irail.be/stations/NMBS/008896412,IC,2018-09-06T05:26:00,2018-09-06T05:25:00,-7,9
http://irail.be/vehicle/IC727,http://irail.be/stations/NMBS/008896396,IC,2018-09-06T05:30:00,2018-09-06T05:29:00,-7,-7
http://irail.be/vehicle/IC727,http://irail.be/stations/NMBS/008896305,IC,2018-09-06T05:35:00,2018-09-06T05:34:00,-5,-7
http://irail.be/vehicle/IC727,http://irail.be/stations/NMBS/008896370,IC,2018-09-06T05:40:00,2018-09-06T05:39:00,-12,-5
http://irail.be/vehicle/IC727,http://irail.be/stations/NMBS/008896388,IC,2018-09-06T05:45:00,2018-09-06T05:44:00,-12,-12
http://irail.be/vehicle/IC727,http://irail.be/stations/NMBS/008896008,IC,2018-09-06T05:58:00,2018-09-06T05:50:00,46,11
http://irail.be/vehicle/IC727,http://irail.be/stations/NMBS/008896115,IC,2018-09-06T06:02:00,2018-09-06T06:02:00,37,37
http://irail.be/vehicle/IC727,http://irail.be/stations/NMBS/008896149,IC,2018-09-06T06:08:00,2018-09-06T06:07:00,3,-9
http://irail.be/vehicle/IC727,http://irail.be/stations/NMBS/008892106,IC,2018-09-06T06:15:00,2018-09-06T06:15:00,-34,-34
http://irail.be/vehicle/IC727,NO-URI,IC,2018-09-06T06:15:00,2018-09-06T06:15:00,160,160
http://irail.be/vehicle/IC727,http://irail.be/stations/NMBS/008892080,IC,2018-09-06T06:18:00,2018-09-06T06:18:00,183,183
http://irail.be/vehicle/IC727,http://irail.be/stations/NMBS/008892007,IC,2018-09-06T06:27:00,2018-09-06T06:24:00,53,147
http://irail.be/vehicle/IC727,NO-URI,IC,2018-09-06T06:31:00,2018-09-06T06:31:00,87,87
http://irail.be/vehicle/IC727,http://irail.be/stations/NMBS/008893179,IC,2018-09-06T06:32:00,2018-09-06T06:32:00,-115,-115
http://irail.be/vehicle/IC727,http://irail.be/stations/NMBS/008893120,IC,2018-09-06T06:36:00,2018-09-06T06:35:00,107,-115
http://irail.be/vehicle/IC727,http://irail.be/stations/NMBS/008894151,IC,2018-09-06T06:43:00,2018-09-06T06:43:00,77,77
http://irail.be/vehicle/IC727,http://irail.be/stations/NMBS/008894201,IC,2018-09-06T06:50:00,2018-09-06T06:48:00,8,20
http://irail.be/vehicle/IC727,NO-URI,IC,2018-09-06T06:52:00,2018-09-06T06:52:00,1,1
http://irail.be/vehicle/IC727,http://irail.be/stations/NMBS/008894425,IC,2018-09-06T06:54:00,2018-09-06T06:54:00,2,2
http://irail.be/vehicle/IC727,http://irail.be/stations/NMBS/008894433,IC,2018-09-06T06:55:00,2018-09-06T06:55:00,-10,-10
http://irail.be/vehicle/IC727,http://irail.be/stations/NMBS/008894508,IC,2018-09-06T07:00:00,2018-09-06T06:58:00,-5,-31
http://irail.be/vehicle/IC727,NO-URI,IC,2018-09-06T07:02:00,2018-09-06T07:02:00,1,1
http://irail.be/vehicle/IC727,http://irail.be/stations/NMBS/008894714,IC,2018-09-06T07:03:00,2018-09-06T07:03:00,-13,-13
http://irail.be/vehicle/IC727,http://irail.be/stations/NMBS/008894748,IC,2018-09-06T07:06:00,2018-09-06T07:06:00,-51,-51
http://irail.be/vehicle/IC727,http://irail.be/stations/NMBS/008894755,IC,2018-09-06T07:07:00,2018-09-06T07:07:00,-62,-62
http://irail.be/vehicle/IC727,http://irail.be/stations/NMBS/008894821,IC,2018-09-06T07:08:00,2018-09-06T07:08:00,-46,-46
http://irail.be/vehicle/IC727,http://irail.be/stations/NMBS/008821196,IC,2018-09-06T07:12:00,2018-09-06T07:12:00,-96,-96
http://irail.be/vehicle/IC727,http://irail.be/stations/NMBS/008821121,IC,2018-09-06T07:19:00,2018-09-06T07:17:00,-7,-61
http://irail.be/vehicle/IC727,http://irail.be/stations/NMBS/008821006,IC,2018-09-06T07:23:00,2018-09-06T07:23:00,,-4
http://irail.be/vehicle/IC727,http://irail.be/stations/NMBS/008896735,IC,2018-03-20T05:08:00,2018-03-20T05:08:00,65,
http://irail.be/vehicle/IC727,http://irail.be/stations/NMBS/008896503,IC,2018-03-20T05:16:00,2018-03-20T05:15:00,50,54
http://irail.be/vehicle/IC727,http://irail.be/stations/NMBS/008896412,IC,2018-03-20T05:26:00,2018-03-20T05:25:00,-8,24
http://irail.be/vehicle/IC727,http://irail.be/stations/NMBS/008896396,IC,2018-03-20T05:30:00,2018-03-20T05:29:00,-8,-8
http://irail.be/vehicle/IC727,http://irail.be/stations/NMBS/008896305,IC,2018-03-20T05:35:00,2018-03-20T05:34:00,-23,-8
http://irail.be/vehicle/IC727,http://irail.be/stations/NMBS/008896370,IC,2018-03-20T05:40:00,2018-03-20T05:40:00,5,-23
http://irail.be/vehicle/IC727,http://irail.be/stations/NMBS/008896388,IC,2018-03-20T05:44:00,2018-03-20T05:44:00,5,5
http://irail.be/vehicle/IC727,http://irail.be/stations/NMBS/008896008,IC,2018-03-20T05:57:00,2018-03-20T05:50:00,37,-33
http://irail.be/vehicle/IC727,http://irail.be/stations/NMBS/008896115,IC,2018-03-20T06:01:00,2018-03-20T06:01:00,0,0
http://irail.be/vehicle/IC727,http://irail.be/stations/NMBS/008896149,IC,2018-03-20T06:06:00,2018-03-20T06:05:00,-7,3
http://irail.be/vehicle/IC727,http://irail.be/stations/NMBS/008892106,IC,2018-03-20T06:15:00,2018-03-20T06:15:00,-42,-42
http://irail.be/vehicle/IC727,NO-URI,IC,2018-03-20T06:15:00,2018-03-20T06:15:00,38,38
http://irail.be/vehicle/IC727,http://irail.be/stations/NMBS/008892080,IC,2018-03-20T06:18:00,2018-03-20T06:18:00,35,35
http://irail.be/vehicle/IC727,http://irail.be/stations/NMBS/008892007,IC,2018-03-20T06:27:00,2018-03-20T06:24:00,10,28
http://irail.be/vehicle/IC727,NO-URI,IC,2018-03-20T06:31:00,2018-03-20T06:31:00,28,28
http://irail.be/vehicle/IC727,http://irail.be/stations/NMBS/008893179,IC,2018-03-20T06:32:00,2018-03-20T06:32:00,-172,-172
http://irail.be/vehicle/IC727,http://irail.be/stations/NMBS/008893120,IC,2018-03-20T06:36:00,2018-03-20T06:35:00,-172,-172
http://irail.be/vehicle/IC727,http://irail.be/stations/NMBS/008894151,IC,2018-03-20T06:43:00,2018-03-20T06:43:00,6,6
http://irail.be/vehicle/IC727,http://irail.be/stations/NMBS/008894201,IC,2018-03-20T06:50:00,2018-03-20T06:48:00,19,-35
http://irail.be/vehicle/IC727,NO-URI,IC,2018-03-20T06:52:00,2018-03-20T06:52:00,6,6
http://irail.be/vehicle/IC727,http://irail.be/stations/NMBS/008894425,IC,2018-03-20T06:54:00,2018-03-20T06:54:00,8,8
http://irail.be/vehicle/IC727,http://irail.be/stations/NMBS/008894433,IC,2018-03-20T06:55:00,2018-03-20T06:55:00,-3,-3
http://irail.be/vehicle/IC727,http://irail.be/stations/NMBS/008894508,IC,2018-03-20T07:00:00,2018-03-20T06:58:00,9,-20
http://irail.be/vehicle/IC727,NO-URI,IC,2018-03-20T07:02:00,2018-03-20T07:02:00,4,4
http://irail.be/vehicle/IC727,http://irail.be/stations/NMBS/008894714,IC,2018-03-20T07:03:00,2018-03-20T07:03:00,-12,-12
http://irail.be/vehicle/IC727,http://irail.be/stations/NMBS/008894748,IC,2018-03-20T07:06:00,2018-03-20T07:06:00,-46,-46
http://irail.be/vehicle/IC727,http://irail.be/stations/NMBS/008894755,IC,2018-03-20T07:07:00,2018-03-20T07:07:00,-55,-55
http://irail.be/vehicle/IC727,http://irail.be/stations/NMBS/008894821,IC,2018-03-20T07:08:00,2018-03-20T07:08:00,-36,-36
http://irail.be/vehicle/IC727,NO-URI,IC,2018-03-20T07:09:00,2018-03-20T07:09:00,-36,-36
http://irail.be/vehicle/IC727,http://irail.be/stations/NMBS/008821196,IC,2018-03-20T07:12:00,2018-03-20T07:12:00,-75,-75
http://irail.be/vehicle/IC727,http://irail.be/stations/NMBS/008821121,IC,2018-03-20T07:19:00,2018-03-20T07:17:00,3,22
http://irail.be/vehicle/IC727,http://irail.be/stations/NMBS/008821006,IC,2018-03-20T07:23:00,2018-03-20T07:23:00,,-3
http://irail.be/vehicle/IC727,http://irail.be/stations/NMBS/008896735,IC,2018-07-23T05:08:00,2018-07-23T05:08:00,61,
http://irail.be/vehicle/IC727,http://irail.be/stations/NMBS/008896503,IC,2018-07-23T05:16:00,2018-07-23T05:15:00,43,27
http://irail.be/vehicle/IC727,http://irail.be/stations/NMBS/008896412,IC,2018-07-23T05:26:00,2018-07-23T05:25:00,-1,6
http://irail.be/vehicle/IC727,http://irail.be/stations/NMBS/008896396,IC,2018-07-23T05:30:00,2018-07-23T05:29:00,-1,-1
http://irail.be/vehicle/IC727,http://irail.be/stations/NMBS/008896305,IC,2018-07-23T05:35:00,2018-07-23T05:34:00,-2,-1
http://irail.be/vehicle/IC727,http://irail.be/stations/NMBS/008896370,IC,2018-07-23T05:40:00,2018-07-23T05:39:00,-7,-2
http://irail.be/vehicle/IC727,http://irail.be/stations/NMBS/008896388,IC,2018-07-23T05:45:00,2018-07-23T05:44:00,-7,-7
http://irail.be/vehicle/IC727,http://irail.be/stations/NMBS/008896008,IC,2018-07-23T05:58:00,2018-07-23T05:50:00,141,-46
http://irail.be/vehicle/IC727,http://irail.be/stations/NMBS/008896115,IC,2018-07-23T06:02:00,2018-07-23T06:02:00,213,213
http://irail.be/vehicle/IC727,http://irail.be/stations/NMBS/008896149,IC,2018-07-23T06:08:00,2018-07-23T06:07:00,192,181
http://irail.be/vehicle/IC727,http://irail.be/stations/NMBS/008892106,IC,2018-07-23T06:15:00,2018-07-23T06:15:00,145,145
http://irail.be/vehicle/IC727,NO-URI,IC,2018-07-23T06:15:00,2018-07-23T06:15:00,185,185
http://irail.be/vehicle/IC727,http://irail.be/stations/NMBS/008892080,IC,2018-07-23T06:18:00,2018-07-23T06:18:00,168,168
http://irail.be/vehicle/IC727,http://irail.be/stations/NMBS/008892007,IC,2018-07-23T06:27:00,2018-07-23T06:24:00,156,234
http://irail.be/vehicle/IC727,NO-URI,IC,2018-07-23T06:31:00,2018-07-23T06:31:00,191,191
http://irail.be/vehicle/IC727,http://irail.be/stations/NMBS/008893179,IC,2018-07-23T06:32:00,2018-07-23T06:32:00,-8,-8
http://irail.be/vehicle/IC727,http://irail.be/stations/NMBS/008893120,IC,2018-07-23T06:36:00,2018-07-23T06:35:00,179,-8
http://irail.be/vehicle/IC727,http://irail.be/stations/NMBS/008894151,IC,2018-07-23T06:43:00,2018-07-23T06:43:00,177,177
http://irail.be/vehicle/IC727,http://irail.be/stations/NMBS/008894201,IC,2018-07-23T06:50:00,2018-07-23T06:48:00,80,135
http://irail.be/vehicle/IC727,NO-URI,IC,2018-07-23T06:52:00,2018-07-23T06:52:00,77,77
http://irail.be/vehicle/IC727,http://irail.be/stations/NMBS/008894425,IC,2018-07-23T06:54:00,2018-07-23T06:54:00,87,87
http://irail.be/vehicle/IC727,http://irail.be/stations/NMBS/008894433,IC,2018-07-23T06:55:00,2018-07-23T06:55:00,80,80
http://irail.be/vehicle/IC727,http://irail.be/stations/NMBS/008894508,IC,2018-07-23T07:00:00,2018-07-23T06:58:00,70,73
http://irail.be/vehicle/IC727,NO-URI,IC,2018-07-23T07:02:00,2018-07-23T07:02:00,80,80
http://irail.be/vehicle/IC727,http://irail.be/stations/NMBS/008894714,IC,2018-07-23T07:03:00,2018-07-23T07:03:00,75,75
http://irail.be/vehicle/IC727,http://irail.be/stations/NMBS/008894748,IC,2018-07-23T07:06:00,2018-07-23T07:06:00,64,64
http://irail.be/vehicle/IC727,http://irail.be/stations/NMBS/008894755,IC,2018-07-23T07:07:00,2018-07-23T07:07:00,59,59
http://irail.be/vehicle/IC727,http://irail.be/stations/NMBS/008894821,IC,2018-07-23T07:08:00,2018-07-23T07:08:00,82,82
http://irail.be/vehicle/IC727,http://irail.be/stations/NMBS/008821196,IC,2018-07-23T07:12:00,2018-07-23T07:12:00,162,162
http://irail.be/vehicle/IC727,http://irail.be/stations/NMBS/008821121,IC,2018-07-23T07:19:00,2018-07-23T07:17:00,136,151
http://irail.be/vehicle/IC727,http://irail.be/stations/NMBS/008821006,IC,2018-07-23T07:23:00,2018-07-23T07:23:00,,160
http://irail.be/vehicle/IC727,http://irail.be/stations/NMBS/008896735,IC,2018-01-17T05:08:00,2018-01-17T05:08:00,71,
http://irail.be/vehicle/IC727,http://irail.be/stations/NMBS/008896503,IC,2018-01-17T05:16:00,2018-01-17T05:15:00,40,26
http://irail.be/vehicle/IC727,http://irail.be/stations/NMBS/008896412,IC,2018-01-17T05:26:00,2018-01-17T05:25:00,69,-3
http://irail.be/vehicle/IC727,http://irail.be/stations/NMBS/008896396,IC,2018-01-17T05:30:00,2018-01-17T05:29:00,69,69
http://irail.be/vehicle/IC727,http://irail.be/stations/NMBS/008896305,IC,2018-01-17T05:35:00,2018-01-17T05:34:00,50,69
http://irail.be/vehicle/IC727,http://irail.be/stations/NMBS/008896370,IC,2018-01-17T05:40:00,2018-01-17T05:40:00,57,50
http://irail.be/vehicle/IC727,http://irail.be/stations/NMBS/008896388,IC,2018-01-17T05:44:00,2018-01-17T05:44:00,57,57
http://irail.be/vehicle/IC727,http://irail.be/stations/NMBS/008896008,IC,2018-01-17T05:57:00,2018-01-17T05:50:00,77,31
http://irail.be/vehicle/IC727,http://irail.be/stations/NMBS/008896115,IC,2018-01-17T06:01:00,2018-01-17T06:01:00,173,173
http://irail.be/vehicle/IC727,http://irail.be/stations/NMBS/008896149,IC,2018-01-17T06:06:00,2018-01-17T06:05:00,204,210
http://irail.be/vehicle/IC727,http://irail.be/stations/NMBS/008892106,IC,2018-01-17T06:15:00,2018-01-17T06:15:00,68,68
http://irail.be/vehicle/IC727,NO-URI,IC,2018-01-17T06:15:00,2018-01-17T06:15:00,85,85
http://irail.be/vehicle/IC727,http://irail.be/stations/NMBS/008892080,IC,2018-01-17T06:18:00,2018-01-17T06:18:00,66,66
http://irail.be/vehicle/IC727,http://irail.be/stations/NMBS/008892007,IC,2018-01-17T06:27:00,2018-01-17T06:24:00,39,39
http://irail.be/vehicle/IC727,NO-URI,IC,2018-01-17T06:31:00,2018-01-17T06:31:00,154,154
http://irail.be/vehicle/IC727,http://irail.be/stations/NMBS/008893179,IC,2018-01-17T06:32:00,2018-01-17T06:32:00,-55,-55
http://irail.be/vehicle/IC727,http://irail.be/stations/NMBS/008893120,IC,2018-01-17T06:36:00,2018-01-17T06:35:00,-55,-55
http://irail.be/vehicle/IC727,http://irail.be/stations/NMBS/008894151,IC,2018-01-17T06:43:00,2018-01-17T06:43:00,117,117
http://irail.be/vehicle/IC727,http://irail.be/stations/NMBS/008894201,IC,2018-01-17T06:50:00,2018-01-17T06:48:00,170,206
http://irail.be/vehicle/IC727,NO-URI,IC,2018-01-17T06:52:00,2018-01-17T06:52:00,162,162
http://irail.be/vehicle/IC727,http://irail.be/stations/NMBS/008894425,IC,2018-01-17T06:54:00,2018-01-17T06:54:00,162,162
http://irail.be/vehicle/IC727,http://irail.be/stations/NMBS/008894433,IC,2018-01-17T06:55:00,2018-01-17T06:55:00,149,149
http://irail.be/vehicle/IC727,http://irail.be/stations/NMBS/008894508,IC,2018-01-17T07:00:00,2018-01-17T06:58:00,178,130
http://irail.be/vehicle/IC727,NO-URI,IC,2018-01-17T07:02:00,2018-01-17T07:02:00,184,184
http://irail.be/vehicle/IC727,http://irail.be/stations/NMBS/008894714,IC,2018-01-17T07:03:00,2018-01-17T07:03:00,168,168
http://irail.be/vehicle/IC727,http://irail.be/stations/NMBS/008894748,IC,2018-01-17T07:06:00,2018-01-17T07:06:00,133,133
http://irail.be/vehicle/IC727,http://irail.be/stations/NMBS/008894755,IC,2018-01-17T07:07:00,2018-01-17T07:07:00,126,126
http://irail.be/vehicle/IC727,http://irail.be/stations/NMBS/008894821,IC,2018-01-17T07:08:00,2018-01-17T07:08:00,144,144
http://irail.be/vehicle/IC727,NO-URI,IC,2018-01-17T07:09:00,2018-01-17T07:09:00,144,144
http://irail.be/vehicle/IC727,http://irail.be/stations/NMBS/008821196,IC,2018-01-17T07:12:00,2018-01-17T07:12:00,106,106
http://irail.be/vehicle/IC727,http://irail.be/stations/NMBS/008821121,IC,2018-01-17T07:19:00,2018-01-17T07:17:00,127,49
http://irail.be/vehicle/IC727,http://irail.be/stations/NMBS/008821006,IC,2018-01-17T07:23:00,2018-01-17T07:23:00,,153
http://irail.be/vehicle/IC727,http://irail.be/stations/NMBS/008896735,IC,2018-05-20T05:08:00,2018-05-20T05:08:00,74,
http://irail.be/vehicle/IC727,http://irail.be/stations/NMBS/008896503,IC,2018-05-20T05:16:00,2018-05-20T05:15:00,59,49
http://irail.be/vehicle/IC727,http://irail.be/stations/NMBS/008896412,IC,2018-05-20T05:26:00,2018-05-20T05:25:00,-9,32
http://irail.be/vehicle/IC727,http://irail.be/stations/NMBS/008896396,IC,2018-05-20T05:30:00,2018-05-20T05:29:00,-9,-9
http://irail.be/vehicle/IC727,http://irail.be/stations/NMBS/008896305,IC,2018-05-20T05:35:00,2018-05-20T05:34:00,-40,-9
http://irail.be/vehicle/IC727,http://irail.be/stations/NMBS/008896370,IC,2018-05-20T05:40:00,2018-05-20T05:40:00,10,-40
http://irail.be/vehicle/IC727,http://irail.be/stations/NMBS/008896388,IC,2018-05-20T05:44:00,2018-05-20T05:44:00,10,10
http://irail.be/vehicle/IC727,http://irail.be/stations/NMBS/008896008,IC,2018-05-20T05:57:00,2018-05-20T05:50:00,156,-47
http://irail.be/vehicle/IC727,http://irail.be/stations/NMBS/008896115,IC,2018-05-20T06:01:00,2018-05-20T06:01:00,158,158
http://irail.be/vehicle/IC727,http://irail.be/stations/NMBS/008896149,IC,2018-05-20T06:06:00,2018-05-20T06:05:00,141,162
http://irail.be/vehicle/IC727,http://irail.be/stations/NMBS/008892106,IC,2018-05-20T06:15:00,2018-05-20T06:15:00,1,1
http://irail.be/vehicle/IC727,NO-URI,IC,2018-05-20T06:15:00,2018-05-20T06:15:00,19,19
http://irail.be/vehicle/IC727,http://irail.be/stations/NMBS/008892080,IC,2018-05-20T06:18:00,2018-05-20T06:18:00,3,3
http://irail.be/vehicle/IC727,http://irail.be/stations/NMBS/008892007,IC,2018-05-20T06:27:00,2018-05-20T06:24:00,11,9
http://irail.be/vehicle/IC727,NO-URI,IC,2018-05-20T06:31:00,2018-05-20T06:31:00,102,102
http://irail.be/vehicle/IC727,http://irail.be/stations/NMBS/008893179,IC,2018-05-20T06:32:00,2018-05-20T06:32:00,95,95
http://irail.be/vehicle/IC727,http://irail.be/stations/NMBS/008893120,IC,2018-05-20T06:36:00,2018-05-20T06:35:00,141,95
http://irail.be/vehicle/IC727,http://irail.be/stations/NMBS/008894151,IC,2018-05-20T06:43:00,2018-05-20T06:43:00,669,669
http://irail.be/vehicle/IC727,http://irail.be/stations/NMBS/008894201,IC,2018-05-20T06:50:00,2018-05-20T06:48:00,565,643
http://irail.be/vehicle/IC727,NO-URI,IC,2018-05-20T06:52:00,2018-05-20T06:52:00,559,559
http://irail.be/vehicle/IC727,http://irail.be/stations/NMBS/008894425,IC,2018-05-20T06:54:00,2018-05-20T06:54:00,563,563
http://irail.be/vehicle/IC727,http://irail.be/stations/NMBS/008894433,IC,2018-05-20T06:55:00,2018-05-20T06:55:00,554,554
http://irail.be/vehicle/IC727,http://irail.be/stations/NMBS/008894508,IC,2018-05-20T07:00:00,2018-05-20T06:58:00,461,540
http://irail.be/vehicle/IC727,NO-URI,IC,2018-05-20T07:02:00,2018-05-20T07:02:00,452,452
http://irail.be/vehicle/IC727,http://irail.be/stations/NMBS/008894714,IC,2018-05-20T07:03:00,2018-05-20T07:03:00,432,432
http://irail.be/vehicle/IC727,http://irail.be/stations/NMBS/008894748,IC,2018-05-20T07:05:00,2018-05-20T07:05:00,452,452
http://irail.be/vehicle/IC727,http://irail.be/stations/NMBS/008894755,IC,2018-05-20T07:07:00,2018-05-20T07:07:00,390,390
http://irail.be/vehicle/IC727,http://irail.be/stations/NMBS/008894821,IC,2018-05-20T07:09:00,2018-05-20T07:09:00,376,376
http://irail.be/vehicle/IC727,NO-URI,IC,2018-05-20T07:09:00,2018-05-20T07:09:00,376,376
http://irail.be/vehicle/IC727,http://irail.be/stations/NMBS/008821196,IC,2018-05-20T07:12:00,2018-05-20T07:12:00,377,377
http://irail.be/vehicle/IC727,http://irail.be/stations/NMBS/008821121,IC,2018-05-20T07:19:00,2018-05-20T07:17:00,226,342
http://irail.be/vehicle/IC727,http://irail.be/stations/NMBS/008821006,IC,2018-05-20T07:23:00,2018-05-20T07:23:00,,210
http://irail.be/vehicle/IC727,http://irail.be/stations/NMBS/008896735,IC,2018-09-26T05:08:00,2018-09-26T05:08:00,152,
http://irail.be/vehicle/IC727,http://irail.be/stations/NMBS/008896503,IC,2018-09-26T05:16:00,2018-09-26T05:15:00,154,139
http://irail.be/vehicle/IC727,http://irail.be/stations/NMBS/008896412,IC,2018-09-26T05:26:00,2018-09-26T05:25:00,137,136
http://irail.be/vehicle/IC727,http://irail.be/stations/NMBS/008896396,IC,2018-09-26T05:30:00,2018-09-26T05:29:00,137,137
http://irail.be/vehicle/IC727,http://irail.be/stations/NMBS/008896305,IC,2018-09-26T05:35:00,2018-09-26T05:34:00,127,137
http://irail.be/vehicle/IC727,http://irail.be/stations/NMBS/008896370,IC,2018-09-26T05:40:00,2018-09-26T05:39:00,127,127
http://irail.be/vehicle/IC727,http://irail.be/stations/NMBS/008896388,IC,2018-09-26T05:45:00,2018-09-26T05:44:00,34,34
http://irail.be/vehicle/IC727,http://irail.be/stations/NMBS/008896008,IC,2018-09-26T05:58:00,2018-09-26T05:50:00,176,83
http://irail.be/vehicle/IC727,http://irail.be/stations/NMBS/008896115,IC,2018-09-26T06:02:00,2018-09-26T06:02:00,228,228
http://irail.be/vehicle/IC727,http://irail.be/stations/NMBS/008896149,IC,2018-09-26T06:08:00,2018-09-26T06:07:00,167,186
http://irail.be/vehicle/IC727,http://irail.be/stations/NMBS/008892106,IC,2018-09-26T06:15:00,2018-09-26T06:15:00,105,105
http://irail.be/vehicle/IC727,NO-URI,IC,2018-09-26T06:15:00,2018-09-26T06:15:00,199,199
http://irail.be/vehicle/IC727,http://irail.be/stations/NMBS/008892080,IC,2018-09-26T06:18:00,2018-09-26T06:18:00,206,206
http://irail.be/vehicle/IC727,http://irail.be/stations/NMBS/008892007,IC,2018-09-26T06:27:00,2018-09-26T06:24:00,59,178
http://irail.be/vehicle/IC727,NO-URI,IC,2018-09-26T06:31:00,2018-09-26T06:31:00,86,86
http://irail.be/vehicle/IC727,http://irail.be/stations/NMBS/008893179,IC,2018-09-26T06:32:00,2018-09-26T06:32:00,-109,-109
http://irail.be/vehicle/IC727,http://irail.be/stations/NMBS/008893120,IC,2018-09-26T06:36:00,2018-09-26T06:35:00,98,-109
http://irail.be/vehicle/IC727,http://irail.be/stations/NMBS/008894151,IC,2018-09-26T06:43:00,2018-09-26T06:43:00,77,77
http://irail.be/vehicle/IC727,http://irail.be/stations/NMBS/008894201,IC,2018-09-26T06:50:00,2018-09-26T06:48:00,14,30
http://irail.be/vehicle/IC727,NO-URI,IC,2018-09-26T06:52:00,2018-09-26T06:52:00,-9,-9
http://irail.be/vehicle/IC727,http://irail.be/stations/NMBS/008894425,IC,2018-09-26T06:54:00,2018-09-26T06:54:00,-6,-6
http://irail.be/vehicle/IC727,http://irail.be/stations/NMBS/008894433,IC,2018-09-26T06:55:00,2018-09-26T06:55:00,-18,-18
http://irail.be/vehicle/IC727,http://irail.be/stations/NMBS/008894508,IC,2018-09-26T07:00:00,2018-09-26T06:58:00,11,-35
http://irail.be/vehicle/IC727,NO-URI,IC,2018-09-26T07:02:00,2018-09-26T07:02:00,9,9
http://irail.be/vehicle/IC727,http://irail.be/stations/NMBS/008894714,IC,2018-09-26T07:03:00,2018-09-26T07:03:00,-8,-8
http://irail.be/vehicle/IC727,http://irail.be/stations/NMBS/008894748,IC,2018-09-26T07:06:00,2018-09-26T07:06:00,-41,-41
http://irail.be/vehicle/IC727,http://irail.be/stations/NMBS/008894755,IC,2018-09-26T07:07:00,2018-09-26T07:07:00,-46,-46
http://irail.be/vehicle/IC727,http://irail.be/stations/NMBS/008894821,IC,2018-09-26T07:08:00,2018-09-26T07:08:00,-26,-26
http://irail.be/vehicle/IC727,http://irail.be/stations/NMBS/008821196,IC,2018-09-26T07:12:00,2018-09-26T07:12:00,-58,-58
http://irail.be/vehicle/IC727,http://irail.be/stations/NMBS/008821121,IC,2018-09-26T07:19:00,2018-09-26T07:17:00,3,-29
http://irail.be/vehicle/IC727,http://irail.be/stations/NMBS/008821006,IC,2018-09-26T07:23:00,2018-09-26T07:23:00,,-15
http://irail.be/vehicle/IC727,http://irail.be/stations/NMBS/008896735,IC,2018-04-11T05:08:00,2018-04-11T05:08:00,39,
http://irail.be/vehicle/IC727,http://irail.be/stations/NMBS/008896503,IC,2018-04-11T05:16:00,2018-04-11T05:15:00,97,59
http://irail.be/vehicle/IC727,http://irail.be/stations/NMBS/008896412,IC,2018-04-11T05:26:00,2018-04-11T05:25:00,98,97
http://irail.be/vehicle/IC727,http://irail.be/stations/NMBS/008896396,IC,2018-04-11T05:30:00,2018-04-11T05:29:00,98,98
http://irail.be/vehicle/IC727,http://irail.be/stations/NMBS/008896305,IC,2018-04-11T05:35:00,2018-04-11T05:34:00,82,98
http://irail.be/vehicle/IC727,http://irail.be/stations/NMBS/008896370,IC,2018-04-11T05:40:00,2018-04-11T05:40:00,82,82
http://irail.be/vehicle/IC727,http://irail.be/stations/NMBS/008896388,IC,2018-04-11T05:44:00,2018-04-11T05:44:00,77,77
http://irail.be/vehicle/IC727,http://irail.be/stations/NMBS/008896008,IC,2018-04-11T05:57:00,2018-04-11T05:50:00,216,-6
http://irail.be/vehicle/IC727,http://irail.be/stations/NMBS/008896115,IC,2018-04-11T06:01:00,2018-04-11T06:01:00,273,273
http://irail.be/vehicle/IC727,http://irail.be/stations/NMBS/008896149,IC,2018-04-11T06:06:00,2018-04-11T06:05:00,271,275
http://irail.be/vehicle/IC727,http://irail.be/stations/NMBS/008892106,IC,2018-04-11T06:15:00,2018-04-11T06:15:00,130,130
http://irail.be/vehicle/IC727,NO-URI,IC,2018-04-11T06:15:00,2018-04-11T06:15:00,149,149
http://irail.be/vehicle/IC727,http://irail.be/stations/NMBS/008892080,IC,2018-04-11T06:18:00,2018-04-11T06:18:00,132,132
http://irail.be/vehicle/IC727,http://irail.be/stations/NMBS/008892007,IC,2018-04-11T06:27:00,2018-04-11T06:24:00,85,150
http://irail.be/vehicle/IC727,NO-URI,IC,2018-04-11T06:31:00,2018-04-11T06:31:00,99,99
http://irail.be/vehicle/IC727,http://irail.be/stations/NMBS/008893179,IC,2018-04-11T06:32:00,2018-04-11T06:32:00,-96,-96
http://irail.be/vehicle/IC727,http://irail.be/stations/NMBS/008893120,IC,2018-04-11T06:36:00,2018-04-11T06:35:00,79,-96
http://irail.be/vehicle/IC727,http://irail.be/stations/NMBS/008894151,IC,2018-04-11T06:43:00,2018-04-11T06:43:00,32,32
http://irail.be/vehicle/IC727,http://irail.be/stations/NMBS/008894201,IC,2018-04-11T06:50:00,2018-04-11T06:48:00,12,4
http://irail.be/vehicle/IC727,NO-URI,IC,2018-04-11T06:52:00,2018-04-11T06:52:00,-5,-5
http://irail.be/vehicle/IC727,http://irail.be/stations/NMBS/008894425,IC,2018-04-11T06:54:00,2018-04-11T06:54:00,-1,-1
http://irail.be/vehicle/IC727,http://irail.be/stations/NMBS/008894433,IC,2018-04-11T06:55:00,2018-04-11T06:55:00,-4,-4
http://irail.be/vehicle/IC727,http://irail.be/stations/NMBS/008894508,IC,2018-04-11T07:00:00,2018-04-11T06:58:00,28,11
http://irail.be/vehicle/IC727,NO-URI,IC,2018-04-11T07:02:00,2018-04-11T07:02:00,20,20
http://irail.be/vehicle/IC727,http://irail.be/stations/NMBS/008894714,IC,2018-04-11T07:03:00,2018-04-11T07:03:00,2,2
http://irail.be/vehicle/IC727,http://irail.be/stations/NMBS/008894748,IC,2018-04-11T07:06:00,2018-04-11T07:06:00,-34,-34
http://irail.be/vehicle/IC727,http://irail.be/stations/NMBS/008894755,IC,2018-04-11T07:07:00,2018-04-11T07:07:00,-43,-43
http://irail.be/vehicle/IC727,http://irail.be/stations/NMBS/008894821,IC,2018-04-11T07:08:00,2018-04-11T07:08:00,-23,-23
http://irail.be/vehicle/IC727,NO-URI,IC,2018-04-11T07:09:00,2018-04-11T07:09:00,-23,-23
http://irail.be/vehicle/IC727,http://irail.be/stations/NMBS/008821196,IC,2018-04-11T07:12:00,2018-04-11T07:12:00,-44,-44
http://irail.be/vehicle/IC727,http://irail.be/stations/NMBS/008821121,IC,2018-04-11T07:19:00,2018-04-11T07:17:00,17,11
http://irail.be/vehicle/IC727,http://irail.be/stations/NMBS/008821006,IC,2018-04-11T07:23:00,2018-04-11T07:23:00,,-19
http://irail.be/vehicle/IC727,http://irail.be/stations/NMBS/008896735,IC,2018-06-09T05:08:00,2018-06-09T05:08:00,50,
http://irail.be/vehicle/IC727,http://irail.be/stations/NMBS/008896503,IC,2018-06-09T05:16:00,2018-06-09T05:15:00,21,23
http://irail.be/vehicle/IC727,http://irail.be/stations/NMBS/008896412,IC,2018-06-09T05:26:00,2018-06-09T05:25:00,-43,-17
http://irail.be/vehicle/IC727,http://irail.be/stations/NMBS/008896396,IC,2018-06-09T05:30:00,2018-06-09T05:29:00,-43,-43
http://irail.be/vehicle/IC727,http://irail.be/stations/NMBS/008896305,IC,2018-06-09T05:35:00,2018-06-09T05:34:00,-45,-43
http://irail.be/vehicle/IC727,http://irail.be/stations/NMBS/008896370,IC,2018-06-09T05:40:00,2018-06-09T05:40:00,-26,-45
http://irail.be/vehicle/IC727,http://irail.be/stations/NMBS/008896388,IC,2018-06-09T05:44:00,2018-06-09T05:44:00,-26,-26
http://irail.be/vehicle/IC727,http://irail.be/stations/NMBS/008896008,IC,2018-06-09T05:57:00,2018-06-09T05:50:00,48,-123
http://irail.be/vehicle/IC727,http://irail.be/stations/NMBS/008896115,IC,2018-06-09T06:01:00,2018-06-09T06:01:00,47,47
http://irail.be/vehicle/IC727,http://irail.be/stations/NMBS/008896149,IC,2018-06-09T06:06:00,2018-06-09T06:05:00,63,45
http://irail.be/vehicle/IC727,http://irail.be/stations/NMBS/008892106,IC,2018-06-09T06:15:00,2018-06-09T06:15:00,-85,-85
http://irail.be/vehicle/IC727,NO-URI,IC,2018-06-09T06:15:00,2018-06-09T06:15:00,-65,-65
http://irail.be/vehicle/IC727,http://irail.be/stations/NMBS/008892080,IC,2018-06-09T06:18:00,2018-06-09T06:18:00,-93,-93
http://irail.be/vehicle/IC727,http://irail.be/stations/NMBS/008892007,IC,2018-06-09T06:27:00,2018-06-09T06:24:00,42,-66
http://irail.be/vehicle/IC727,NO-URI,IC,2018-06-09T06:31:00,2018-06-09T06:31:00,88,88
http://irail.be/vehicle/IC727,http://irail.be/stations/NMBS/008893179,IC,2018-06-09T06:32:00,2018-06-09T06:32:00,-111,-111
http://irail.be/vehicle/IC727,http://irail.be/stations/NMBS/008893120,IC,2018-06-09T06:36:00,2018-06-09T06:35:00,102,-111
http://irail.be/vehicle/IC727,http://irail.be/stations/NMBS/008894151,IC,2018-06-09T06:43:00,2018-06-09T06:43:00,205,205
http://irail.be/vehicle/IC727,http://irail.be/stations/NMBS/008894201,IC,2018-06-09T06:50:00,2018-06-09T06:48:00,113,169
http://irail.be/vehicle/IC727,NO-URI,IC,2018-06-09T06:52:00,2018-06-09T06:52:00,120,120
http://irail.be/vehicle/IC727,http://irail.be/stations/NMBS/008894425,IC,2018-06-09T06:54:00,2018-06-09T06:54:00,132,132
http://irail.be/vehicle/IC727,http://irail.be/stations/NMBS/008894433,IC,2018-06-09T06:55:00,2018-06-09T06:55:00,123,123
http://irail.be/vehicle/IC727,http://irail.be/stations/NMBS/008894508,IC,2018-06-09T07:00:00,2018-06-09T06:58:00,79,117
http://irail.be/vehicle/IC727,NO-URI,IC,2018-06-09T07:02:00,2018-06-09T07:02:00,92,92
http://irail.be/vehicle/IC727,http://irail.be/stations/NMBS/008894714,IC,2018-06-09T07:03:00,2018-06-09T07:03:00,79,79
http://irail.be/vehicle/IC727,http://irail.be/stations/NMBS/008894748,IC,2018-06-09T07:06:00,2018-06-09T07:06:00,54,54
http://irail.be/vehicle/IC727,http://irail.be/stations/NMBS/008894755,IC,2018-06-09T07:07:00,2018-06-09T07:07:00,51,51
http://irail.be/vehicle/IC727,http://irail.be/stations/NMBS/008894821,IC,2018-06-09T07:08:00,2018-06-09T07:08:00,68,68
http://irail.be/vehicle/IC727,NO-URI,IC,2018-06-09T07:09:00,2018-06-09T07:09:00,68,68
http://irail.be/vehicle/IC727,http://irail.be/stations/NMBS/008821196,IC,2018-06-09T07:12:00,2018-06-09T07:12:00,34,34
http://irail.be/vehicle/IC727,http://irail.be/stations/NMBS/008821121,IC,2018-06-09T07:19:00,2018-06-09T07:17:00,13,-13
http://irail.be/vehicle/IC727,http://irail.be/stations/NMBS/008821006,IC,2018-06-09T07:23:00,2018-06-09T07:23:00,,9
http://irail.be/vehicle/IC727,http://irail.be/stations/NMBS/008896735,IC,2018-07-21T05:08:00,2018-07-21T05:08:00,41,
http://irail.be/vehicle/IC727,http://irail.be/stations/NMBS/008896503,IC,2018-07-21T05:16:00,2018-07-21T05:15:00,79,47
http://irail.be/vehicle/IC727,http://irail.be/stations/NMBS/008896412,IC,2018-07-21T05:26:00,2018-07-21T05:25:00,19,68
http://irail.be/vehicle/IC727,http://irail.be/stations/NMBS/008896396,IC,2018-07-21T05:30:00,2018-07-21T05:29:00,19,19
http://irail.be/vehicle/IC727,http://irail.be/stations/NMBS/008896305,IC,2018-07-21T05:35:00,2018-07-21T05:34:00,27,19
http://irail.be/vehicle/IC727,http://irail.be/stations/NMBS/008896370,IC,2018-07-21T05:40:00,2018-07-21T05:39:00,-11,27
http://irail.be/vehicle/IC727,http://irail.be/stations/NMBS/008896388,IC,2018-07-21T05:45:00,2018-07-21T05:44:00,-11,-11
http://irail.be/vehicle/IC727,http://irail.be/stations/NMBS/008896008,IC,2018-07-21T05:58:00,2018-07-21T05:50:00,25,-42
http://irail.be/vehicle/IC727,http://irail.be/stations/NMBS/008896115,IC,2018-07-21T06:02:00,2018-07-21T06:02:00,8,8
http://irail.be/vehicle/IC727,http://irail.be/stations/NMBS/008896149,IC,2018-07-21T06:08:00,2018-07-21T06:07:00,-14,-39
http://irail.be/vehicle/IC727,http://irail.be/stations/NMBS/008892106,IC,2018-07-21T06:15:00,2018-07-21T06:15:00,-72,-72
http://irail.be/vehicle/IC727,NO-URI,IC,2018-07-21T06:15:00,2018-07-21T06:15:00,-39,-39
http://irail.be/vehicle/IC727,http://irail.be/stations/NMBS/008892080,IC,2018-07-21T06:18:00,2018-07-21T06:18:00,-65,-65
http://irail.be/vehicle/IC727,http://irail.be/stations/NMBS/008892007,IC,2018-07-21T06:27:00,2018-07-21T06:24:00,48,-99
http://irail.be/vehicle/IC727,NO-URI,IC,2018-07-21T06:31:00,2018-07-21T06:31:00,89,89
http://irail.be/vehicle/IC727,http://irail.be/stations/NMBS/008893179,IC,2018-07-21T06:32:00,2018-07-21T06:32:00,-124,-124
http://irail.be/vehicle/IC727,http://irail.be/stations/NMBS/008893120,IC,2018-07-21T06:36:00,2018-07-21T06:35:00,128,-124
http://irail.be/vehicle/IC727,http://irail.be/stations/NMBS/008894151,IC,2018-07-21T06:43:00,2018-07-21T06:43:00,95,95
http://irail.be/vehicle/IC727,http://irail.be/stations/NMBS/008894201,IC,2018-07-21T06:50:00,2018-07-21T06:48:00,19,45
http://irail.be/vehicle/IC727,NO-URI,IC,2018-07-21T06:52:00,2018-07-21T06:52:00,9,9
http://irail.be/vehicle/IC727,http://irail.be/stations/NMBS/008894425,IC,2018-07-21T06:54:00,2018-07-21T06:54:00,16,16
http://irail.be/vehicle/IC727,http://irail.be/stations/NMBS/008894433,IC,2018-07-21T06:55:00,2018-07-21T06:55:00,5,5
http://irail.be/vehicle/IC727,http://irail.be/stations/NMBS/008894508,IC,2018-07-21T07:00:00,2018-07-21T06:58:00,-9,-7
http://irail.be/vehicle/IC727,NO-URI,IC,2018-07-21T07:02:00,2018-07-21T07:02:00,-15,-15
http://irail.be/vehicle/IC727,http://irail.be/stations/NMBS/008894714,IC,2018-07-21T07:03:00,2018-07-21T07:03:00,-32,-32
http://irail.be/vehicle/IC727,http://irail.be/stations/NMBS/008894748,IC,2018-07-21T07:06:00,2018-07-21T07:06:00,-63,-63
http://irail.be/vehicle/IC727,http://irail.be/stations/NMBS/008894755,IC,2018-07-21T07:07:00,2018-07-21T07:07:00,-70,-70
http://irail.be/vehicle/IC727,http://irail.be/stations/NMBS/008894821,IC,2018-07-21T07:08:00,2018-07-21T07:08:00,-51,-51
http://irail.be/vehicle/IC727,http://irail.be/stations/NMBS/008821196,IC,2018-07-21T07:12:00,2018-07-21T07:12:00,-89,-89
http://irail.be/vehicle/IC727,http://irail.be/stations/NMBS/008821121,IC,2018-07-21T07:19:00,2018-07-21T07:17:00,3,-143
http://irail.be/vehicle/IC727,http://irail.be/stations/NMBS/008821006,IC,2018-07-21T07:23:00,2018-07-21T07:23:00,,-23
http://irail.be/vehicle/IC727,http://irail.be/stations/NMBS/008896735,IC,2018-08-04T05:08:00,2018-08-04T05:08:00,40,
http://irail.be/vehicle/IC727,http://irail.be/stations/NMBS/008896503,IC,2018-08-04T05:16:00,2018-08-04T05:15:00,1,7
http://irail.be/vehicle/IC727,http://irail.be/stations/NMBS/008896412,IC,2018-08-04T05:26:00,2018-08-04T05:25:00,-18,-37
http://irail.be/vehicle/IC727,http://irail.be/stations/NMBS/008896396,IC,2018-08-04T05:30:00,2018-08-04T05:29:00,-18,-18
http://irail.be/vehicle/IC727,http://irail.be/stations/NMBS/008896305,IC,2018-08-04T05:35:00,2018-08-04T05:34:00,74,-18
http://irail.be/vehicle/IC727,http://irail.be/stations/NMBS/008896370,IC,2018-08-04T05:40:00,2018-08-04T05:39:00,74,74
http://irail.be/vehicle/IC727,http://irail.be/stations/NMBS/008896388,IC,2018-08-04T05:45:00,2018-08-04T05:44:00,-1,-1
http://irail.be/vehicle/IC727,http://irail.be/stations/NMBS/008896008,IC,2018-08-04T05:58:00,2018-08-04T05:50:00,35,37
http://irail.be/vehicle/IC727,http://irail.be/stations/NMBS/008896115,IC,2018-08-04T06:02:00,2018-08-04T06:02:00,15,15
http://irail.be/vehicle/IC727,http://irail.be/stations/NMBS/008896149,IC,2018-08-04T06:08:00,2018-08-04T06:07:00,10,-6
http://irail.be/vehicle/IC727,http://irail.be/stations/NMBS/008892106,IC,2018-08-04T06:15:00,2018-08-04T06:15:00,-40,-40
http://irail.be/vehicle/IC727,NO-URI,IC,2018-08-04T06:15:00,2018-08-04T06:15:00,-5,-5
http://irail.be/vehicle/IC727,http://irail.be/stations/NMBS/008892080,IC,2018-08-04T06:18:00,2018-08-04T06:18:00,-29,-29
http://irail.be/vehicle/IC727,http://irail.be/stations/NMBS/008892007,IC,2018-08-04T06:27:00,2018-08-04T06:24:00,14,-47
http://irail.be/vehicle/IC727,NO-URI,IC,2018-08-04T06:31:00,2018-08-04T06:31:00,38,38
http://irail.be/vehicle/IC727,http://irail.be/stations/NMBS/008893179,IC,2018-08-04T06:32:00,2018-08-04T06:32:00,-157,-157
http://irail.be/vehicle/IC727,http://irail.be/stations/NMBS/008893120,IC,2018-08-04T06:36:00,2018-08-04T06:35:00,25,-157
http://irail.be/vehicle/IC727,http://irail.be/stations/NMBS/008894151,IC,2018-08-04T06:43:00,2018-08-04T06:43:00,1,1
http://irail.be/vehicle/IC727,http://irail.be/stations/NMBS/008894201,IC,2018-08-04T06:50:00,2018-08-04T06:48:00,7,-28
http://irail.be/vehicle/IC727,NO-URI,IC,2018-08-04T06:52:00,2018-08-04T06:52:00,3,3
http://irail.be/vehicle/IC727,http://irail.be/stations/NMBS/008894425,IC,2018-08-04T06:54:00,2018-08-04T06:54:00,17,17
http://irail.be/vehicle/IC727,http://irail.be/stations/NMBS/008894433,IC,2018-08-04T06:55:00,2018-08-04T06:55:00,8,8
http://irail.be/vehicle/IC727,http://irail.be/stations/NMBS/008894508,IC,2018-08-04T07:00:00,2018-08-04T06:58:00,4,15
http://irail.be/vehicle/IC727,NO-URI,IC,2018-08-04T07:02:00,2018-08-04T07:02:00,-2,-2
http://irail.be/vehicle/IC727,http://irail.be/stations/NMBS/008894714,IC,2018-08-04T07:03:00,2018-08-04T07:03:00,-21,-21
http://irail.be/vehicle/IC727,http://irail.be/stations/NMBS/008894748,IC,2018-08-04T07:06:00,2018-08-04T07:06:00,-50,-50
http://irail.be/vehicle/IC727,http://irail.be/stations/NMBS/008894755,IC,2018-08-04T07:07:00,2018-08-04T07:07:00,-53,-53
http://irail.be/vehicle/IC727,http://irail.be/stations/NMBS/008894821,IC,2018-08-04T07:08:00,2018-08-04T07:08:00,-25,-25
http://irail.be/vehicle/IC727,http://irail.be/stations/NMBS/008821196,IC,2018-08-04T07:12:00,2018-08-04T07:12:00,-45,-45
http://irail.be/vehicle/IC727,http://irail.be/stations/NMBS/008821121,IC,2018-08-04T07:19:00,2018-08-04T07:17:00,-9,-73
http://irail.be/vehicle/IC727,http://irail.be/stations/NMBS/008821006,IC,2018-08-04T07:23:00,2018-08-04T07:23:00,,-36
http://irail.be/vehicle/IC727,http://irail.be/stations/NMBS/008896735,IC,2018-09-28T05:08:00,2018-09-28T05:08:00,39,
http://irail.be/vehicle/IC727,http://irail.be/stations/NMBS/008896503,IC,2018-09-28T05:16:00,2018-09-28T05:15:00,19,22
http://irail.be/vehicle/IC727,http://irail.be/stations/NMBS/008896412,IC,2018-09-28T05:26:00,2018-09-28T05:25:00,0,-20
http://irail.be/vehicle/IC727,http://irail.be/stations/NMBS/008896396,IC,2018-09-28T05:30:00,2018-09-28T05:29:00,0,0
http://irail.be/vehicle/IC727,http://irail.be/stations/NMBS/008896305,IC,2018-09-28T05:35:00,2018-09-28T05:34:00,9,0
http://irail.be/vehicle/IC727,http://irail.be/stations/NMBS/008896370,IC,2018-09-28T05:40:00,2018-09-28T05:39:00,-47,9
http://irail.be/vehicle/IC727,http://irail.be/stations/NMBS/008896388,IC,2018-09-28T05:45:00,2018-09-28T05:44:00,-47,-47
http://irail.be/vehicle/IC727,http://irail.be/stations/NMBS/008896008,IC,2018-09-28T05:58:00,2018-09-28T05:50:00,45,-84
http://irail.be/vehicle/IC727,http://irail.be/stations/NMBS/008896115,IC,2018-09-28T06:02:00,2018-09-28T06:02:00,472,472
http://irail.be/vehicle/IC727,http://irail.be/stations/NMBS/008896149,IC,2018-09-28T06:08:00,2018-09-28T06:07:00,391,428
http://irail.be/vehicle/IC727,http://irail.be/stations/NMBS/008892106,IC,2018-09-28T06:15:00,2018-09-28T06:15:00,321,321
http://irail.be/vehicle/IC727,NO-URI,IC,2018-09-28T06:15:00,2018-09-28T06:15:00,354,354
http://irail.be/vehicle/IC727,http://irail.be/stations/NMBS/008892080,IC,2018-09-28T06:18:00,2018-09-28T06:18:00,325,325
http://irail.be/vehicle/IC727,http://irail.be/stations/NMBS/008892007,IC,2018-09-28T06:27:00,2018-09-28T06:24:00,153,267
http://irail.be/vehicle/IC727,NO-URI,IC,2018-09-28T06:31:00,2018-09-28T06:31:00,179,179
http://irail.be/vehicle/IC727,http://irail.be/stations/NMBS/008893179,IC,2018-09-28T06:32:00,2018-09-28T06:32:00,-30,-30
http://irail.be/vehicle/IC727,http://irail.be/stations/NMBS/008893120,IC,2018-09-28T06:36:00,2018-09-28T06:35:00,108,-30
http://irail.be/vehicle/IC727,http://irail.be/stations/NMBS/008894151,IC,2018-09-28T06:43:00,2018-09-28T06:43:00,68,68
http://irail.be/vehicle/IC727,http://irail.be/stations/NMBS/008894201,IC,2018-09-28T06:50:00,2018-09-28T06:48:00,8,17
http://irail.be/vehicle/IC727,NO-URI,IC,2018-09-28T06:52:00,2018-09-28T06:52:00,-12,-12
http://irail.be/vehicle/IC727,http://irail.be/stations/NMBS/008894425,IC,2018-09-28T06:54:00,2018-09-28T06:54:00,-14,-14
http://irail.be/vehicle/IC727,http://irail.be/stations/NMBS/008894433,IC,2018-09-28T06:55:00,2018-09-28T06:55:00,-26,-26
http://irail.be/vehicle/IC727,http://irail.be/stations/NMBS/008894508,IC,2018-09-28T07:00:00,2018-09-28T06:58:00,-25,-45
http://irail.be/vehicle/IC727,NO-URI,IC,2018-09-28T07:02:00,2018-09-28T07:02:00,22,22
http://irail.be/vehicle/IC727,http://irail.be/stations/NMBS/008894714,IC,2018-09-28T07:03:00,2018-09-28T07:03:00,7,7
http://irail.be/vehicle/IC727,http://irail.be/stations/NMBS/008894748,IC,2018-09-28T07:06:00,2018-09-28T07:06:00,-31,-31
http://irail.be/vehicle/IC727,http://irail.be/stations/NMBS/008894755,IC,2018-09-28T07:07:00,2018-09-28T07:07:00,-38,-38
http://irail.be/vehicle/IC727,http://irail.be/stations/NMBS/008894821,IC,2018-09-28T07:08:00,2018-09-28T07:08:00,-21,-21
http://irail.be/vehicle/IC727,http://irail.be/stations/NMBS/008821196,IC,2018-09-28T07:12:00,2018-09-28T07:12:00,-62,-62
http://irail.be/vehicle/IC727,http://irail.be/stations/NMBS/008821121,IC,2018-09-28T07:19:00,2018-09-28T07:17:00,-16,-5
http://irail.be/vehicle/IC727,http://irail.be/stations/NMBS/008821006,IC,2018-09-28T07:23:00,2018-09-28T07:23:00,,-56
http://irail.be/vehicle/IC727,http://irail.be/stations/NMBS/008896149,IC,2018-01-27T06:06:00,2018-01-27T06:06:00,22,
http://irail.be/vehicle/IC727,http://irail.be/stations/NMBS/008892106,IC,2018-01-27T06:15:00,2018-01-27T06:15:00,-80,-80
http://irail.be/vehicle/IC727,NO-URI,IC,2018-01-27T06:15:00,2018-01-27T06:15:00,-64,-64
http://irail.be/vehicle/IC727,http://irail.be/stations/NMBS/008892080,IC,2018-01-27T06:18:00,2018-01-27T06:18:00,-87,-87
http://irail.be/vehicle/IC727,http://irail.be/stations/NMBS/008892007,IC,2018-01-27T06:27:00,2018-01-27T06:24:00,2,-131
http://irail.be/vehicle/IC727,NO-URI,IC,2018-01-27T06:31:00,2018-01-27T06:31:00,6,6
http://irail.be/vehicle/IC727,http://irail.be/stations/NMBS/008893179,IC,2018-01-27T06:32:00,2018-01-27T06:32:00,-203,-203
http://irail.be/vehicle/IC727,http://irail.be/stations/NMBS/008893120,IC,2018-01-27T06:36:00,2018-01-27T06:35:00,-203,-203
http://irail.be/vehicle/IC727,http://irail.be/stations/NMBS/008894151,IC,2018-01-27T06:43:00,2018-01-27T06:43:00,-22,-22
http://irail.be/vehicle/IC727,http://irail.be/stations/NMBS/008894201,IC,2018-01-27T06:50:00,2018-01-27T06:48:00,55,-73
http://irail.be/vehicle/IC727,NO-URI,IC,2018-01-27T06:52:00,2018-01-27T06:52:00,45,45
http://irail.be/vehicle/IC727,http://irail.be/stations/NMBS/008894425,IC,2018-01-27T06:54:00,2018-01-27T06:54:00,48,48
http://irail.be/vehicle/IC727,http://irail.be/stations/NMBS/008894433,IC,2018-01-27T06:55:00,2018-01-27T06:55:00,36,36
http://irail.be/vehicle/IC727,http://irail.be/stations/NMBS/008894508,IC,2018-01-27T07:00:00,2018-01-27T06:58:00,3,18
http://irail.be/vehicle/IC727,NO-URI,IC,2018-01-27T07:02:00,2018-01-27T07:02:00,-9,-9
http://irail.be/vehicle/IC727,http://irail.be/stations/NMBS/008894714,IC,2018-01-27T07:03:00,2018-01-27T07:03:00,-28,-28
http://irail.be/vehicle/IC727,http://irail.be/stations/NMBS/008894748,IC,2018-01-27T07:06:00,2018-01-27T07:06:00,-64,-64
http://irail.be/vehicle/IC727,http://irail.be/stations/NMBS/008894755,IC,2018-01-27T07:07:00,2018-01-27T07:07:00,-74,-74
http://irail.be/vehicle/IC727,http://irail.be/stations/NMBS/008894821,IC,2018-01-27T07:08:00,2018-01-27T07:08:00,-60,-60
http://irail.be/vehicle/IC727,NO-URI,IC,2018-01-27T07:09:00,2018-01-27T07:09:00,-60,-60
http://irail.be/vehicle/IC727,http://irail.be/stations/NMBS/008821196,IC,2018-01-27T07:12:00,2018-01-27T07:12:00,-106,-106
http://irail.be/vehicle/IC727,http://irail.be/stations/NMBS/008821121,IC,2018-01-27T07:19:00,2018-01-27T07:17:00,-6,-173
http://irail.be/vehicle/IC727,http://irail.be/stations/NMBS/008821006,IC,2018-01-27T07:23:00,2018-01-27T07:23:00,,-30
http://irail.be/vehicle/IC727,http://irail.be/stations/NMBS/008896735,IC,2018-05-08T05:08:00,2018-05-08T05:08:00,62,
http://irail.be/vehicle/IC727,http://irail.be/stations/NMBS/008896503,IC,2018-05-08T05:16:00,2018-05-08T05:15:00,80,61
http://irail.be/vehicle/IC727,http://irail.be/stations/NMBS/008896412,IC,2018-05-08T05:26:00,2018-05-08T05:25:00,30,64
http://irail.be/vehicle/IC727,http://irail.be/stations/NMBS/008896396,IC,2018-05-08T05:30:00,2018-05-08T05:29:00,30,30
http://irail.be/vehicle/IC727,http://irail.be/stations/NMBS/008896305,IC,2018-05-08T05:35:00,2018-05-08T05:34:00,12,30
http://irail.be/vehicle/IC727,http://irail.be/stations/NMBS/008896370,IC,2018-05-08T05:40:00,2018-05-08T05:40:00,12,12
http://irail.be/vehicle/IC727,http://irail.be/stations/NMBS/008896388,IC,2018-05-08T05:44:00,2018-05-08T05:44:00,1,1
http://irail.be/vehicle/IC727,http://irail.be/stations/NMBS/008896008,IC,2018-05-08T05:57:00,2018-05-08T05:50:00,72,-41
http://irail.be/vehicle/IC727,http://irail.be/stations/NMBS/008896115,IC,2018-05-08T06:01:00,2018-05-08T06:01:00,121,121
http://irail.be/vehicle/IC727,http://irail.be/stations/NMBS/008896149,IC,2018-05-08T06:06:00,2018-05-08T06:05:00,114,137
http://irail.be/vehicle/IC727,http://irail.be/stations/NMBS/008892106,IC,2018-05-08T06:15:00,2018-05-08T06:15:00,-30,-30
http://irail.be/vehicle/IC727,NO-URI,IC,2018-05-08T06:15:00,2018-05-08T06:15:00,39,39
http://irail.be/vehicle/IC727,http://irail.be/stations/NMBS/008892080,IC,2018-05-08T06:18:00,2018-05-08T06:18:00,58,58
http://irail.be/vehicle/IC727,http://irail.be/stations/NMBS/008892007,IC,2018-05-08T06:27:00,2018-05-08T06:24:00,31,121
http://irail.be/vehicle/IC727,NO-URI,IC,2018-05-08T06:31:00,2018-05-08T06:31:00,73,73
http://irail.be/vehicle/IC727,http://irail.be/stations/NMBS/008893179,IC,2018-05-08T06:32:00,2018-05-08T06:32:00,-124,-124
http://irail.be/vehicle/IC727,http://irail.be/stations/NMBS/008893120,IC,2018-05-08T06:36:00,2018-05-08T06:35:00,100,-124
http://irail.be/vehicle/IC727,http://irail.be/stations/NMBS/008894151,IC,2018-05-08T06:43:00,2018-05-08T06:43:00,184,184
http://irail.be/vehicle/IC727,http://irail.be/stations/NMBS/008894201,IC,2018-05-08T06:50:00,2018-05-08T06:48:00,103,170
http://irail.be/vehicle/IC727,NO-URI,IC,2018-05-08T06:52:00,2018-05-08T06:52:00,91,91
http://irail.be/vehicle/IC727,http://irail.be/stations/NMBS/008894425,IC,2018-05-08T06:54:00,2018-05-08T06:54:00,151,151
http://irail.be/vehicle/IC727,http://irail.be/stations/NMBS/008894433,IC,2018-05-08T06:55:00,2018-05-08T06:55:00,142,142
http://irail.be/vehicle/IC727,http://irail.be/stations/NMBS/008894508,IC,2018-05-08T07:00:00,2018-05-08T06:58:00,87,129
http://irail.be/vehicle/IC727,NO-URI,IC,2018-05-08T07:02:00,2018-05-08T07:02:00,116,116
http://irail.be/vehicle/IC727,http://irail.be/stations/NMBS/008894714,IC,2018-05-08T07:03:00,2018-05-08T07:03:00,106,106
http://irail.be/vehicle/IC727,http://irail.be/stations/NMBS/008894748,IC,2018-05-08T07:06:00,2018-05-08T07:06:00,81,81
http://irail.be/vehicle/IC727,http://irail.be/stations/NMBS/008894755,IC,2018-05-08T07:07:00,2018-05-08T07:07:00,77,77
http://irail.be/vehicle/IC727,http://irail.be/stations/NMBS/008894821,IC,2018-05-08T07:08:00,2018-05-08T07:08:00,100,100
http://irail.be/vehicle/IC727,NO-URI,IC,2018-05-08T07:09:00,2018-05-08T07:09:00,100,100
http://irail.be/vehicle/IC727,http://irail.be/stations/NMBS/008821196,IC,2018-05-08T07:12:00,2018-05-08T07:12:00,68,68
http://irail.be/vehicle/IC727,http://irail.be/stations/NMBS/008821121,IC,2018-05-08T07:19:00,2018-05-08T07:17:00,83,97
http://irail.be/vehicle/IC727,http://irail.be/stations/NMBS/008821006,IC,2018-05-08T07:23:00,2018-05-08T07:23:00,,117
http://irail.be/vehicle/IC727,http://irail.be/stations/NMBS/008896735,IC,2018-03-09T05:08:00,2018-03-09T05:08:00,56,
http://irail.be/vehicle/IC727,http://irail.be/stations/NMBS/008896503,IC,2018-03-09T05:16:00,2018-03-09T05:15:00,82,56
http://irail.be/vehicle/IC727,http://irail.be/stations/NMBS/008896412,IC,2018-03-09T05:26:00,2018-03-09T05:25:00,18,64
http://irail.be/vehicle/IC727,http://irail.be/stations/NMBS/008896396,IC,2018-03-09T05:30:00,2018-03-09T05:29:00,18,18
http://irail.be/vehicle/IC727,http://irail.be/stations/NMBS/008896305,IC,2018-03-09T05:35:00,2018-03-09T05:34:00,3,18
http://irail.be/vehicle/IC727,http://irail.be/stations/NMBS/008896370,IC,2018-03-09T05:40:00,2018-03-09T05:40:00,3,3
http://irail.be/vehicle/IC727,http://irail.be/stations/NMBS/008896388,IC,2018-03-09T05:44:00,2018-03-09T05:44:00,-5,-5
http://irail.be/vehicle/IC727,http://irail.be/stations/NMBS/008896008,IC,2018-03-09T05:57:00,2018-03-09T05:50:00,53,-46
http://irail.be/vehicle/IC727,http://irail.be/stations/NMBS/008896115,IC,2018-03-09T06:01:00,2018-03-09T06:01:00,41,41
http://irail.be/vehicle/IC727,http://irail.be/stations/NMBS/008896149,IC,2018-03-09T06:06:00,2018-03-09T06:05:00,13,39
http://irail.be/vehicle/IC727,http://irail.be/stations/NMBS/008892106,IC,2018-03-09T06:15:00,2018-03-09T06:15:00,-67,-67
http://irail.be/vehicle/IC727,NO-URI,IC,2018-03-09T06:15:00,2018-03-09T06:15:00,19,19
http://irail.be/vehicle/IC727,http://irail.be/stations/NMBS/008892080,IC,2018-03-09T06:18:00,2018-03-09T06:18:00,13,13
http://irail.be/vehicle/IC727,http://irail.be/stations/NMBS/008892007,IC,2018-03-09T06:27:00,2018-03-09T06:24:00,83,65
http://irail.be/vehicle/IC727,NO-URI,IC,2018-03-09T06:31:00,2018-03-09T06:31:00,105,105
http://irail.be/vehicle/IC727,http://irail.be/stations/NMBS/008893179,IC,2018-03-09T06:32:00,2018-03-09T06:32:00,-106,-106
http://irail.be/vehicle/IC727,http://irail.be/stations/NMBS/008893120,IC,2018-03-09T06:36:00,2018-03-09T06:35:00,-106,-106
http://irail.be/vehicle/IC727,http://irail.be/stations/NMBS/008894151,IC,2018-03-09T06:43:00,2018-03-09T06:43:00,17,17
http://irail.be/vehicle/IC727,http://irail.be/stations/NMBS/008894201,IC,2018-03-09T06:50:00,2018-03-09T06:48:00,12,-32
http://irail.be/vehicle/IC727,NO-URI,IC,2018-03-09T06:52:00,2018-03-09T06:52:00,-7,-7
http://irail.be/vehicle/IC727,http://irail.be/stations/NMBS/008894425,IC,2018-03-09T06:54:00,2018-03-09T06:54:00,-8,-8
http://irail.be/vehicle/IC727,http://irail.be/stations/NMBS/008894433,IC,2018-03-09T06:55:00,2018-03-09T06:55:00,-20,-20
http://irail.be/vehicle/IC727,http://irail.be/stations/NMBS/008894508,IC,2018-03-09T07:00:00,2018-03-09T06:58:00,2,-34
http://irail.be/vehicle/IC727,NO-URI,IC,2018-03-09T07:02:00,2018-03-09T07:02:00,-4,-4
http://irail.be/vehicle/IC727,http://irail.be/stations/NMBS/008894714,IC,2018-03-09T07:03:00,2018-03-09T07:03:00,-22,-22
http://irail.be/vehicle/IC727,http://irail.be/stations/NMBS/008894748,IC,2018-03-09T07:06:00,2018-03-09T07:06:00,-60,-60
http://irail.be/vehicle/IC727,http://irail.be/stations/NMBS/008894755,IC,2018-03-09T07:07:00,2018-03-09T07:07:00,-69,-69
http://irail.be/vehicle/IC727,http://irail.be/stations/NMBS/008894821,IC,2018-03-09T07:08:00,2018-03-09T07:08:00,-51,-51
http://irail.be/vehicle/IC727,NO-URI,IC,2018-03-09T07:09:00,2018-03-09T07:09:00,-51,-51
http://irail.be/vehicle/IC727,http://irail.be/stations/NMBS/008821196,IC,2018-03-09T07:12:00,2018-03-09T07:12:00,-84,-84
http://irail.be/vehicle/IC727,http://irail.be/stations/NMBS/008821121,IC,2018-03-09T07:19:00,2018-03-09T07:17:00,-7,-69
http://irail.be/vehicle/IC727,http://irail.be/stations/NMBS/008821006,IC,2018-03-09T07:23:00,2018-03-09T07:23:00,,-43
http://irail.be/vehicle/IC727,http://irail.be/stations/NMBS/008896735,IC,2018-09-16T05:08:00,2018-09-16T05:08:00,53,
http://irail.be/vehicle/IC727,http://irail.be/stations/NMBS/008896503,IC,2018-09-16T05:16:00,2018-09-16T05:15:00,31,20
http://irail.be/vehicle/IC727,http://irail.be/stations/NMBS/008896412,IC,2018-09-16T05:26:00,2018-09-16T05:25:00,1,0
http://irail.be/vehicle/IC727,http://irail.be/stations/NMBS/008896396,IC,2018-09-16T05:30:00,2018-09-16T05:29:00,1,1
http://irail.be/vehicle/IC727,http://irail.be/stations/NMBS/008896305,IC,2018-09-16T05:35:00,2018-09-16T05:34:00,18,1
http://irail.be/vehicle/IC727,http://irail.be/stations/NMBS/008896370,IC,2018-09-16T05:40:00,2018-09-16T05:39:00,-1,18
http://irail.be/vehicle/IC727,http://irail.be/stations/NMBS/008896388,IC,2018-09-16T05:45:00,2018-09-16T05:44:00,-1,-1
http://irail.be/vehicle/IC727,http://irail.be/stations/NMBS/008896008,IC,2018-09-16T05:58:00,2018-09-16T05:50:00,31,-46
http://irail.be/vehicle/IC727,http://irail.be/stations/NMBS/008896115,IC,2018-09-16T06:02:00,2018-09-16T06:02:00,-2,-2
http://irail.be/vehicle/IC727,http://irail.be/stations/NMBS/008896149,IC,2018-09-16T06:08:00,2018-09-16T06:07:00,-6,-47
http://irail.be/vehicle/IC727,http://irail.be/stations/NMBS/008892106,IC,2018-09-16T06:15:00,2018-09-16T06:15:00,-71,-71
http://irail.be/vehicle/IC727,NO-URI,IC,2018-09-16T06:15:00,2018-09-16T06:15:00,-38,-38
http://irail.be/vehicle/IC727,http://irail.be/stations/NMBS/008892080,IC,2018-09-16T06:18:00,2018-09-16T06:18:00,-68,-68
http://irail.be/vehicle/IC727,http://irail.be/stations/NMBS/008892007,IC,2018-09-16T06:27:00,2018-09-16T06:24:00,3,-101
http://irail.be/vehicle/IC727,NO-URI,IC,2018-09-16T06:31:00,2018-09-16T06:31:00,11,11
http://irail.be/vehicle/IC727,http://irail.be/stations/NMBS/008893179,IC,2018-09-16T06:32:00,2018-09-16T06:32:00,-201,-201
http://irail.be/vehicle/IC727,http://irail.be/stations/NMBS/008893120,IC,2018-09-16T06:36:00,2018-09-16T06:35:00,15,-201
http://irail.be/vehicle/IC727,http://irail.be/stations/NMBS/008894151,IC,2018-09-16T06:43:00,2018-09-16T06:43:00,-28,-28
http://irail.be/vehicle/IC727,http://irail.be/stations/NMBS/008894201,IC,2018-09-16T06:50:00,2018-09-16T06:48:00,13,-77
http://irail.be/vehicle/IC727,NO-URI,IC,2018-09-16T06:52:00,2018-09-16T06:52:00,-1,-1
http://irail.be/vehicle/IC727,http://irail.be/stations/NMBS/008894425,IC,2018-09-16T06:54:00,2018-09-16T06:54:00,2,2
http://irail.be/vehicle/IC727,http://irail.be/stations/NMBS/008894433,IC,2018-09-16T06:55:00,2018-09-16T06:55:00,-10,-10
http://irail.be/vehicle/IC727,http://irail.be/stations/NMBS/008894508,IC,2018-09-16T07:00:00,2018-09-16T06:58:00,3,-30
http://irail.be/vehicle/IC727,NO-URI,IC,2018-09-16T07:02:00,2018-09-16T07:02:00,-12,-12
http://irail.be/vehicle/IC727,http://irail.be/stations/NMBS/008894714,IC,2018-09-16T07:03:00,2018-09-16T07:03:00,-33,-33
http://irail.be/vehicle/IC727,http://irail.be/stations/NMBS/008894748,IC,2018-09-16T07:06:00,2018-09-16T07:06:00,-70,-70
http://irail.be/vehicle/IC727,http://irail.be/stations/NMBS/008894755,IC,2018-09-16T07:07:00,2018-09-16T07:07:00,-79,-79
http://irail.be/vehicle/IC727,http://irail.be/stations/NMBS/008894821,IC,2018-09-16T07:08:00,2018-09-16T07:08:00,-61,-61
http://irail.be/vehicle/IC727,http://irail.be/stations/NMBS/008821196,IC,2018-09-16T07:12:00,2018-09-16T07:12:00,-113,-113
http://irail.be/vehicle/IC727,http://irail.be/stations/NMBS/008821121,IC,2018-09-16T07:19:00,2018-09-16T07:17:00,-8,-179
http://irail.be/vehicle/IC727,http://irail.be/stations/NMBS/008821006,IC,2018-09-16T07:23:00,2018-09-16T07:23:00,,-39
http://irail.be/vehicle/IC727,http://irail.be/stations/NMBS/008896735,IC,2018-02-23T05:08:00,2018-02-23T05:08:00,50,
http://irail.be/vehicle/IC727,http://irail.be/stations/NMBS/008896503,IC,2018-02-23T05:16:00,2018-02-23T05:15:00,5,11
http://irail.be/vehicle/IC727,http://irail.be/stations/NMBS/008896412,IC,2018-02-23T05:26:00,2018-02-23T05:25:00,4,-39
http://irail.be/vehicle/IC727,http://irail.be/stations/NMBS/008896396,IC,2018-02-23T05:30:00,2018-02-23T05:29:00,4,4
http://irail.be/vehicle/IC727,http://irail.be/stations/NMBS/008896305,IC,2018-02-23T05:35:00,2018-02-23T05:34:00,-23,4
http://irail.be/vehicle/IC727,http://irail.be/stations/NMBS/008896370,IC,2018-02-23T05:40:00,2018-02-23T05:40:00,26,-23
http://irail.be/vehicle/IC727,http://irail.be/stations/NMBS/008896388,IC,2018-02-23T05:44:00,2018-02-23T05:44:00,26,26
http://irail.be/vehicle/IC727,http://irail.be/stations/NMBS/008896008,IC,2018-02-23T05:57:00,2018-02-23T05:50:00,28,-37
http://irail.be/vehicle/IC727,http://irail.be/stations/NMBS/008896115,IC,2018-02-23T06:01:00,2018-02-23T06:01:00,85,85
http://irail.be/vehicle/IC727,http://irail.be/stations/NMBS/008896149,IC,2018-02-23T06:06:00,2018-02-23T06:05:00,118,127
http://irail.be/vehicle/IC727,http://irail.be/stations/NMBS/008892106,IC,2018-02-23T06:15:00,2018-02-23T06:15:00,-29,-29
http://irail.be/vehicle/IC727,NO-URI,IC,2018-02-23T06:15:00,2018-02-23T06:15:00,38,38
http://irail.be/vehicle/IC727,http://irail.be/stations/NMBS/008892080,IC,2018-02-23T06:18:00,2018-02-23T06:18:00,39,39
http://irail.be/vehicle/IC727,http://irail.be/stations/NMBS/008892007,IC,2018-02-23T06:27:00,2018-02-23T06:24:00,12,17
http://irail.be/vehicle/IC727,NO-URI,IC,2018-02-23T06:31:00,2018-02-23T06:31:00,167,167
http://irail.be/vehicle/IC727,http://irail.be/stations/NMBS/008893179,IC,2018-02-23T06:32:00,2018-02-23T06:32:00,85,85
http://irail.be/vehicle/IC727,http://irail.be/stations/NMBS/008893120,IC,2018-02-23T06:36:00,2018-02-23T06:35:00,85,85
http://irail.be/vehicle/IC727,http://irail.be/stations/NMBS/008894151,IC,2018-02-23T06:43:00,2018-02-23T06:43:00,227,227
http://irail.be/vehicle/IC727,http://irail.be/stations/NMBS/008894201,IC,2018-02-23T06:50:00,2018-02-23T06:48:00,335,366
http://irail.be/vehicle/IC727,NO-URI,IC,2018-02-23T06:52:00,2018-02-23T06:52:00,323,323
http://irail.be/vehicle/IC727,http://irail.be/stations/NMBS/008894425,IC,2018-02-23T06:54:00,2018-02-23T06:54:00,323,323
http://irail.be/vehicle/IC727,http://irail.be/stations/NMBS/008894433,IC,2018-02-23T06:55:00,2018-02-23T06:55:00,311,311
http://irail.be/vehicle/IC727,http://irail.be/stations/NMBS/008894508,IC,2018-02-23T07:00:00,2018-02-23T06:58:00,247,297
http://irail.be/vehicle/IC727,NO-URI,IC,2018-02-23T07:02:00,2018-02-23T07:02:00,242,242
http://irail.be/vehicle/IC727,http://irail.be/stations/NMBS/008894714,IC,2018-02-23T07:03:00,2018-02-23T07:03:00,224,224
http://irail.be/vehicle/IC727,http://irail.be/stations/NMBS/008894748,IC,2018-02-23T07:06:00,2018-02-23T07:06:00,188,188
http://irail.be/vehicle/IC727,http://irail.be/stations/NMBS/008894755,IC,2018-02-23T07:07:00,2018-02-23T07:07:00,246,246
http://irail.be/vehicle/IC727,http://irail.be/stations/NMBS/008894821,IC,2018-02-23T07:08:00,2018-02-23T07:08:00,298,298
http://irail.be/vehicle/IC727,NO-URI,IC,2018-02-23T07:09:00,2018-02-23T07:09:00,298,298
http://irail.be/vehicle/IC727,http://irail.be/stations/NMBS/008821196,IC,2018-02-23T07:12:00,2018-02-23T07:12:00,276,276
http://irail.be/vehicle/IC727,http://irail.be/stations/NMBS/008821121,IC,2018-02-23T07:19:00,2018-02-23T07:17:00,166,212
http://irail.be/vehicle/IC727,http://irail.be/stations/NMBS/008821006,IC,2018-02-23T07:23:00,2018-02-23T07:23:00,,130
http://irail.be/vehicle/IC727,http://irail.be/stations/NMBS/008896735,IC,2018-10-16T05:08:00,2018-10-16T05:08:00,46,
http://irail.be/vehicle/IC727,http://irail.be/stations/NMBS/008896503,IC,2018-10-16T05:16:00,2018-10-16T05:15:00,10,15
http://irail.be/vehicle/IC727,http://irail.be/stations/NMBS/008896412,IC,2018-10-16T05:26:00,2018-10-16T05:25:00,-29,-25
http://irail.be/vehicle/IC727,http://irail.be/stations/NMBS/008896396,IC,2018-10-16T05:30:00,2018-10-16T05:29:00,-29,-29
http://irail.be/vehicle/IC727,http://irail.be/stations/NMBS/008896305,IC,2018-10-16T05:35:00,2018-10-16T05:34:00,-24,-29
http://irail.be/vehicle/IC727,http://irail.be/stations/NMBS/008896370,IC,2018-10-16T05:40:00,2018-10-16T05:39:00,-31,-24
http://irail.be/vehicle/IC727,http://irail.be/stations/NMBS/008896388,IC,2018-10-16T05:45:00,2018-10-16T05:44:00,-31,-31
http://irail.be/vehicle/IC727,http://irail.be/stations/NMBS/008896008,IC,2018-10-16T05:58:00,2018-10-16T05:50:00,22,-71
http://irail.be/vehicle/IC727,http://irail.be/stations/NMBS/008896115,IC,2018-10-16T06:02:00,2018-10-16T06:02:00,28,28
http://irail.be/vehicle/IC727,http://irail.be/stations/NMBS/008896149,IC,2018-10-16T06:08:00,2018-10-16T06:07:00,-22,-12
http://irail.be/vehicle/IC727,http://irail.be/stations/NMBS/008892106,IC,2018-10-16T06:15:00,2018-10-16T06:15:00,9,9
http://irail.be/vehicle/IC727,NO-URI,IC,2018-10-16T06:15:00,2018-10-16T06:15:00,111,111
http://irail.be/vehicle/IC727,http://irail.be/stations/NMBS/008892080,IC,2018-10-16T06:18:00,2018-10-16T06:18:00,125,125
http://irail.be/vehicle/IC727,http://irail.be/stations/NMBS/008892007,IC,2018-10-16T06:27:00,2018-10-16T06:24:00,118,193
http://irail.be/vehicle/IC727,NO-URI,IC,2018-10-16T06:31:00,2018-10-16T06:31:00,137,137
http://irail.be/vehicle/IC727,http://irail.be/stations/NMBS/008893179,IC,2018-10-16T06:32:00,2018-10-16T06:32:00,7,7
http://irail.be/vehicle/IC727,http://irail.be/stations/NMBS/008893120,IC,2018-10-16T06:36:00,2018-10-16T06:35:00,83,7
http://irail.be/vehicle/IC727,http://irail.be/stations/NMBS/008894151,IC,2018-10-16T06:43:00,2018-10-16T06:43:00,127,127
http://irail.be/vehicle/IC727,http://irail.be/stations/NMBS/008894201,IC,2018-10-16T06:50:00,2018-10-16T06:48:00,40,79
http://irail.be/vehicle/IC727,NO-URI,IC,2018-10-16T06:52:00,2018-10-16T06:52:00,30,30
http://irail.be/vehicle/IC727,http://irail.be/stations/NMBS/008894425,IC,2018-10-16T06:54:00,2018-10-16T06:54:00,45,45
http://irail.be/vehicle/IC727,http://irail.be/stations/NMBS/008894433,IC,2018-10-16T06:55:00,2018-10-16T06:55:00,32,32
http://irail.be/vehicle/IC727,http://irail.be/stations/NMBS/008894508,IC,2018-10-16T07:00:00,2018-10-16T06:58:00,7,11
http://irail.be/vehicle/IC727,NO-URI,IC,2018-10-16T07:02:00,2018-10-16T07:02:00,15,15
http://irail.be/vehicle/IC727,http://irail.be/stations/NMBS/008894714,IC,2018-10-16T07:03:00,2018-10-16T07:03:00,4,4
http://irail.be/vehicle/IC727,http://irail.be/stations/NMBS/008894748,IC,2018-10-16T07:06:00,2018-10-16T07:06:00,-23,-23
http://irail.be/vehicle/IC727,http://irail.be/stations/NMBS/008894755,IC,2018-10-16T07:07:00,2018-10-16T07:07:00,-30,-30
http://irail.be/vehicle/IC727,http://irail.be/stations/NMBS/008894821,IC,2018-10-16T07:08:00,2018-10-16T07:08:00,-7,-7
http://irail.be/vehicle/IC727,http://irail.be/stations/NMBS/008821196,IC,2018-10-16T07:12:00,2018-10-16T07:12:00,-47,-47
http://irail.be/vehicle/IC727,http://irail.be/stations/NMBS/008821121,IC,2018-10-16T07:19:00,2018-10-16T07:17:00,-18,-52
http://irail.be/vehicle/IC727,http://irail.be/stations/NMBS/008821006,IC,2018-10-16T07:23:00,2018-10-16T07:23:00,,-25
http://irail.be/vehicle/IC727,http://irail.be/stations/NMBS/008896735,IC,2018-05-12T05:08:00,2018-05-12T05:08:00,39,
http://irail.be/vehicle/IC727,http://irail.be/stations/NMBS/008896503,IC,2018-05-12T05:16:00,2018-05-12T05:15:00,-25,-10
http://irail.be/vehicle/IC727,http://irail.be/stations/NMBS/008896412,IC,2018-05-12T05:26:00,2018-05-12T05:25:00,-5,-50
http://irail.be/vehicle/IC727,http://irail.be/stations/NMBS/008896396,IC,2018-05-12T05:30:00,2018-05-12T05:29:00,-5,-5
http://irail.be/vehicle/IC727,http://irail.be/stations/NMBS/008896305,IC,2018-05-12T05:35:00,2018-05-12T05:34:00,-24,-5
http://irail.be/vehicle/IC727,http://irail.be/stations/NMBS/008896370,IC,2018-05-12T05:40:00,2018-05-12T05:40:00,3,-24
http://irail.be/vehicle/IC727,http://irail.be/stations/NMBS/008896388,IC,2018-05-12T05:44:00,2018-05-12T05:44:00,3,3
http://irail.be/vehicle/IC727,http://irail.be/stations/NMBS/008896008,IC,2018-05-12T05:57:00,2018-05-12T05:50:00,30,-106
http://irail.be/vehicle/IC727,http://irail.be/stations/NMBS/008896115,IC,2018-05-12T06:01:00,2018-05-12T06:01:00,13,13
http://irail.be/vehicle/IC727,http://irail.be/stations/NMBS/008896149,IC,2018-05-12T06:06:00,2018-05-12T06:05:00,20,11
http://irail.be/vehicle/IC727,http://irail.be/stations/NMBS/008892106,IC,2018-05-12T06:15:00,2018-05-12T06:15:00,-98,-98
http://irail.be/vehicle/IC727,NO-URI,IC,2018-05-12T06:15:00,2018-05-12T06:15:00,-83,-83
http://irail.be/vehicle/IC727,http://irail.be/stations/NMBS/008892080,IC,2018-05-12T06:18:00,2018-05-12T06:18:00,-108,-108
http://irail.be/vehicle/IC727,http://irail.be/stations/NMBS/008892007,IC,2018-05-12T06:27:00,2018-05-12T06:24:00,13,-125
http://irail.be/vehicle/IC727,NO-URI,IC,2018-05-12T06:31:00,2018-05-12T06:31:00,4,4
http://irail.be/vehicle/IC727,http://irail.be/stations/NMBS/008893179,IC,2018-05-12T06:32:00,2018-05-12T06:32:00,-209,-209
http://irail.be/vehicle/IC727,http://irail.be/stations/NMBS/008893120,IC,2018-05-12T06:36:00,2018-05-12T06:35:00,46,-209
http://irail.be/vehicle/IC727,http://irail.be/stations/NMBS/008894151,IC,2018-05-12T06:43:00,2018-05-12T06:43:00,78,78
http://irail.be/vehicle/IC727,http://irail.be/stations/NMBS/008894201,IC,2018-05-12T06:50:00,2018-05-12T06:48:00,51,31
http://irail.be/vehicle/IC727,NO-URI,IC,2018-05-12T06:52:00,2018-05-12T06:52:00,61,61
http://irail.be/vehicle/IC727,http://irail.be/stations/NMBS/008894425,IC,2018-05-12T06:54:00,2018-05-12T06:54:00,128,128
http://irail.be/vehicle/IC727,http://irail.be/stations/NMBS/008894433,IC,2018-05-12T06:55:00,2018-05-12T06:55:00,116,116
http://irail.be/vehicle/IC727,http://irail.be/stations/NMBS/008894508,IC,2018-05-12T07:00:00,2018-05-12T06:58:00,52,99
http://irail.be/vehicle/IC727,NO-URI,IC,2018-05-12T07:02:00,2018-05-12T07:02:00,53,53
http://irail.be/vehicle/IC727,http://irail.be/stations/NMBS/008894714,IC,2018-05-12T07:03:00,2018-05-12T07:03:00,38,38
http://irail.be/vehicle/IC727,http://irail.be/stations/NMBS/008894748,IC,2018-05-12T07:06:00,2018-05-12T07:06:00,14,14
http://irail.be/vehicle/IC727,http://irail.be/stations/NMBS/008894755,IC,2018-05-12T07:07:00,2018-05-12T07:07:00,7,7
http://irail.be/vehicle/IC727,http://irail.be/stations/NMBS/008894821,IC,2018-05-12T07:08:00,2018-05-12T07:08:00,35,35
http://irail.be/vehicle/IC727,NO-URI,IC,2018-05-12T07:09:00,2018-05-12T07:09:00,35,35
http://irail.be/vehicle/IC727,http://irail.be/stations/NMBS/008821196,IC,2018-05-12T07:12:00,2018-05-12T07:12:00,135,135
http://irail.be/vehicle/IC727,http://irail.be/stations/NMBS/008821121,IC,2018-05-12T07:19:00,2018-05-12T07:17:00,-2,74
http://irail.be/vehicle/IC727,http://irail.be/stations/NMBS/008821006,IC,2018-05-12T07:23:00,2018-05-12T07:23:00,,-24
http://irail.be/vehicle/IC727,http://irail.be/stations/NMBS/008896735,IC,2018-08-21T05:08:00,2018-08-21T05:08:00,54,
http://irail.be/vehicle/IC727,http://irail.be/stations/NMBS/008896503,IC,2018-08-21T05:16:00,2018-08-21T05:15:00,25,28
http://irail.be/vehicle/IC727,http://irail.be/stations/NMBS/008896412,IC,2018-08-21T05:26:00,2018-08-21T05:25:00,-6,-4
http://irail.be/vehicle/IC727,http://irail.be/stations/NMBS/008896396,IC,2018-08-21T05:30:00,2018-08-21T05:29:00,-6,-6
http://irail.be/vehicle/IC727,http://irail.be/stations/NMBS/008896305,IC,2018-08-21T05:35:00,2018-08-21T05:34:00,-4,-6
http://irail.be/vehicle/IC727,http://irail.be/stations/NMBS/008896370,IC,2018-08-21T05:40:00,2018-08-21T05:39:00,3,-4
http://irail.be/vehicle/IC727,http://irail.be/stations/NMBS/008896388,IC,2018-08-21T05:45:00,2018-08-21T05:44:00,3,3
http://irail.be/vehicle/IC727,http://irail.be/stations/NMBS/008896008,IC,2018-08-21T05:58:00,2018-08-21T05:50:00,469,31
http://irail.be/vehicle/IC727,http://irail.be/stations/NMBS/008896115,IC,2018-08-21T06:02:00,2018-08-21T06:02:00,436,436
http://irail.be/vehicle/IC727,http://irail.be/stations/NMBS/008896149,IC,2018-08-21T06:08:00,2018-08-21T06:07:00,366,393
http://irail.be/vehicle/IC727,http://irail.be/stations/NMBS/008892106,IC,2018-08-21T06:15:00,2018-08-21T06:15:00,298,298
http://irail.be/vehicle/IC727,NO-URI,IC,2018-08-21T06:15:00,2018-08-21T06:15:00,329,329
http://irail.be/vehicle/IC727,http://irail.be/stations/NMBS/008892080,IC,2018-08-21T06:18:00,2018-08-21T06:18:00,300,300
http://irail.be/vehicle/IC727,http://irail.be/stations/NMBS/008892007,IC,2018-08-21T06:27:00,2018-08-21T06:24:00,137,250
http://irail.be/vehicle/IC727,NO-URI,IC,2018-08-21T06:31:00,2018-08-21T06:31:00,138,138
http://irail.be/vehicle/IC727,http://irail.be/stations/NMBS/008893179,IC,2018-08-21T06:32:00,2018-08-21T06:32:00,-74,-74
http://irail.be/vehicle/IC727,http://irail.be/stations/NMBS/008893120,IC,2018-08-21T06:36:00,2018-08-21T06:35:00,109,-74
http://irail.be/vehicle/IC727,http://irail.be/stations/NMBS/008894151,IC,2018-08-21T06:43:00,2018-08-21T06:43:00,61,61
http://irail.be/vehicle/IC727,http://irail.be/stations/NMBS/008894201,IC,2018-08-21T06:50:00,2018-08-21T06:48:00,10,12
http://irail.be/vehicle/IC727,NO-URI,IC,2018-08-21T06:52:00,2018-08-21T06:52:00,-3,-3
http://irail.be/vehicle/IC727,http://irail.be/stations/NMBS/008894425,IC,2018-08-21T06:54:00,2018-08-21T06:54:00,-5,-5
http://irail.be/vehicle/IC727,http://irail.be/stations/NMBS/008894433,IC,2018-08-21T06:55:00,2018-08-21T06:55:00,-17,-17
http://irail.be/vehicle/IC727,http://irail.be/stations/NMBS/008894508,IC,2018-08-21T07:00:00,2018-08-21T06:58:00,-9,-34
http://irail.be/vehicle/IC727,NO-URI,IC,2018-08-21T07:02:00,2018-08-21T07:02:00,-17,-17
http://irail.be/vehicle/IC727,http://irail.be/stations/NMBS/008894714,IC,2018-08-21T07:03:00,2018-08-21T07:03:00,-35,-35
http://irail.be/vehicle/IC727,http://irail.be/stations/NMBS/008894748,IC,2018-08-21T07:06:00,2018-08-21T07:06:00,-74,-74
http://irail.be/vehicle/IC727,http://irail.be/stations/NMBS/008894755,IC,2018-08-21T07:07:00,2018-08-21T07:07:00,-83,-83
http://irail.be/vehicle/IC727,http://irail.be/stations/NMBS/008894821,IC,2018-08-21T07:08:00,2018-08-21T07:08:00,-65,-65
http://irail.be/vehicle/IC727,http://irail.be/stations/NMBS/008821196,IC,2018-08-21T07:12:00,2018-08-21T07:12:00,-105,-105
http://irail.be/vehicle/IC727,http://irail.be/stations/NMBS/008821121,IC,2018-08-21T07:19:00,2018-08-21T07:17:00,-10,-58
http://irail.be/vehicle/IC727,http://irail.be/stations/NMBS/008821006,IC,2018-08-21T07:23:00,2018-08-21T07:23:00,,-37
http://irail.be/vehicle/IC727,http://irail.be/stations/NMBS/008896735,IC,2018-09-19T05:08:00,2018-09-19T05:08:00,62,
http://irail.be/vehicle/IC727,http://irail.be/stations/NMBS/008896503,IC,2018-09-19T05:16:00,2018-09-19T05:15:00,29,31
http://irail.be/vehicle/IC727,http://irail.be/stations/NMBS/008896412,IC,2018-09-19T05:26:00,2018-09-19T05:25:00,-14,0
http://irail.be/vehicle/IC727,http://irail.be/stations/NMBS/008896396,IC,2018-09-19T05:30:00,2018-09-19T05:29:00,-14,-14
http://irail.be/vehicle/IC727,http://irail.be/stations/NMBS/008896305,IC,2018-09-19T05:35:00,2018-09-19T05:34:00,-12,-14
http://irail.be/vehicle/IC727,http://irail.be/stations/NMBS/008896370,IC,2018-09-19T05:40:00,2018-09-19T05:39:00,-19,-12
http://irail.be/vehicle/IC727,http://irail.be/stations/NMBS/008896388,IC,2018-09-19T05:45:00,2018-09-19T05:44:00,-19,-19
http://irail.be/vehicle/IC727,http://irail.be/stations/NMBS/008896008,IC,2018-09-19T05:58:00,2018-09-19T05:50:00,43,-23
http://irail.be/vehicle/IC727,http://irail.be/stations/NMBS/008896115,IC,2018-09-19T06:02:00,2018-09-19T06:02:00,72,72
http://irail.be/vehicle/IC727,http://irail.be/stations/NMBS/008896149,IC,2018-09-19T06:08:00,2018-09-19T06:07:00,44,43
http://irail.be/vehicle/IC727,http://irail.be/stations/NMBS/008892106,IC,2018-09-19T06:15:00,2018-09-19T06:15:00,-6,-6
http://irail.be/vehicle/IC727,NO-URI,IC,2018-09-19T06:15:00,2018-09-19T06:15:00,37,37
http://irail.be/vehicle/IC727,http://irail.be/stations/NMBS/008892080,IC,2018-09-19T06:18:00,2018-09-19T06:18:00,31,31
http://irail.be/vehicle/IC727,http://irail.be/stations/NMBS/008892007,IC,2018-09-19T06:27:00,2018-09-19T06:24:00,22,121
http://irail.be/vehicle/IC727,NO-URI,IC,2018-09-19T06:31:00,2018-09-19T06:31:00,42,42
http://irail.be/vehicle/IC727,http://irail.be/stations/NMBS/008893179,IC,2018-09-19T06:32:00,2018-09-19T06:32:00,-106,-106
http://irail.be/vehicle/IC727,http://irail.be/stations/NMBS/008893120,IC,2018-09-19T06:36:00,2018-09-19T06:35:00,125,-106
http://irail.be/vehicle/IC727,http://irail.be/stations/NMBS/008894151,IC,2018-09-19T06:43:00,2018-09-19T06:43:00,106,106
http://irail.be/vehicle/IC727,http://irail.be/stations/NMBS/008894201,IC,2018-09-19T06:50:00,2018-09-19T06:48:00,108,135
http://irail.be/vehicle/IC727,NO-URI,IC,2018-09-19T06:52:00,2018-09-19T06:52:00,96,96
http://irail.be/vehicle/IC727,http://irail.be/stations/NMBS/008894425,IC,2018-09-19T06:54:00,2018-09-19T06:54:00,100,100
http://irail.be/vehicle/IC727,http://irail.be/stations/NMBS/008894433,IC,2018-09-19T06:55:00,2018-09-19T06:55:00,90,90
http://irail.be/vehicle/IC727,http://irail.be/stations/NMBS/008894508,IC,2018-09-19T07:00:00,2018-09-19T06:58:00,44,81
http://irail.be/vehicle/IC727,NO-URI,IC,2018-09-19T07:02:00,2018-09-19T07:02:00,66,66
http://irail.be/vehicle/IC727,http://irail.be/stations/NMBS/008894714,IC,2018-09-19T07:03:00,2018-09-19T07:03:00,52,52
http://irail.be/vehicle/IC727,http://irail.be/stations/NMBS/008894748,IC,2018-09-19T07:06:00,2018-09-19T07:06:00,19,19
http://irail.be/vehicle/IC727,http://irail.be/stations/NMBS/008894755,IC,2018-09-19T07:07:00,2018-09-19T07:07:00,12,12
http://irail.be/vehicle/IC727,http://irail.be/stations/NMBS/008894821,IC,2018-09-19T07:08:00,2018-09-19T07:08:00,32,32
http://irail.be/vehicle/IC727,http://irail.be/stations/NMBS/008821196,IC,2018-09-19T07:12:00,2018-09-19T07:12:00,4,4
http://irail.be/vehicle/IC727,http://irail.be/stations/NMBS/008821121,IC,2018-09-19T07:19:00,2018-09-19T07:17:00,276,337
http://irail.be/vehicle/IC727,http://irail.be/stations/NMBS/008821006,IC,2018-09-19T07:23:00,2018-09-19T07:23:00,,245
http://irail.be/vehicle/IC727,http://irail.be/stations/NMBS/008896735,IC,2018-01-10T05:08:00,2018-01-10T05:08:00,47,
http://irail.be/vehicle/IC727,http://irail.be/stations/NMBS/008896503,IC,2018-01-10T05:16:00,2018-01-10T05:15:00,52,39
http://irail.be/vehicle/IC727,http://irail.be/stations/NMBS/008896412,IC,2018-01-10T05:26:00,2018-01-10T05:25:00,9,22
http://irail.be/vehicle/IC727,http://irail.be/stations/NMBS/008896396,IC,2018-01-10T05:30:00,2018-01-10T05:29:00,9,9
http://irail.be/vehicle/IC727,http://irail.be/stations/NMBS/008896305,IC,2018-01-10T05:35:00,2018-01-10T05:34:00,-25,9
http://irail.be/vehicle/IC727,http://irail.be/stations/NMBS/008896370,IC,2018-01-10T05:40:00,2018-01-10T05:40:00,-25,-25
http://irail.be/vehicle/IC727,http://irail.be/stations/NMBS/008896388,IC,2018-01-10T05:44:00,2018-01-10T05:44:00,-41,-41
http://irail.be/vehicle/IC727,http://irail.be/stations/NMBS/008896008,IC,2018-01-10T05:57:00,2018-01-10T05:50:00,39,-81
http://irail.be/vehicle/IC727,http://irail.be/stations/NMBS/008896115,IC,2018-01-10T06:01:00,2018-01-10T06:01:00,72,72
http://irail.be/vehicle/IC727,http://irail.be/stations/NMBS/008896149,IC,2018-01-10T06:06:00,2018-01-10T06:05:00,42,69
http://irail.be/vehicle/IC727,http://irail.be/stations/NMBS/008892106,IC,2018-01-10T06:15:00,2018-01-10T06:15:00,26,26
http://irail.be/vehicle/IC727,NO-URI,IC,2018-01-10T06:15:00,2018-01-10T06:15:00,117,117
http://irail.be/vehicle/IC727,http://irail.be/stations/NMBS/008892080,IC,2018-01-10T06:18:00,2018-01-10T06:18:00,118,118
http://irail.be/vehicle/IC727,http://irail.be/stations/NMBS/008892007,IC,2018-01-10T06:27:00,2018-01-10T06:24:00,9,75
http://irail.be/vehicle/IC727,NO-URI,IC,2018-01-10T06:31:00,2018-01-10T06:31:00,52,52
http://irail.be/vehicle/IC727,http://irail.be/stations/NMBS/008893179,IC,2018-01-10T06:32:00,2018-01-10T06:32:00,-90,-90
http://irail.be/vehicle/IC727,http://irail.be/stations/NMBS/008893120,IC,2018-01-10T06:36:00,2018-01-10T06:35:00,-90,-90
http://irail.be/vehicle/IC727,http://irail.be/stations/NMBS/008894151,IC,2018-01-10T06:43:00,2018-01-10T06:43:00,143,143
http://irail.be/vehicle/IC727,http://irail.be/stations/NMBS/008894201,IC,2018-01-10T06:50:00,2018-01-10T06:48:00,41,90
http://irail.be/vehicle/IC727,NO-URI,IC,2018-01-10T06:52:00,2018-01-10T06:52:00,27,27
http://irail.be/vehicle/IC727,http://irail.be/stations/NMBS/008894425,IC,2018-01-10T06:54:00,2018-01-10T06:54:00,25,25
http://irail.be/vehicle/IC727,http://irail.be/stations/NMBS/008894433,IC,2018-01-10T06:55:00,2018-01-10T06:55:00,12,12
http://irail.be/vehicle/IC727,http://irail.be/stations/NMBS/008894508,IC,2018-01-10T07:00:00,2018-01-10T06:58:00,-6,-7
http://irail.be/vehicle/IC727,NO-URI,IC,2018-01-10T07:02:00,2018-01-10T07:02:00,-7,-7
http://irail.be/vehicle/IC727,http://irail.be/stations/NMBS/008894714,IC,2018-01-10T07:03:00,2018-01-10T07:03:00,-25,-25
http://irail.be/vehicle/IC727,http://irail.be/stations/NMBS/008894748,IC,2018-01-10T07:06:00,2018-01-10T07:06:00,-64,-64
http://irail.be/vehicle/IC727,http://irail.be/stations/NMBS/008894755,IC,2018-01-10T07:07:00,2018-01-10T07:07:00,-74,-74
http://irail.be/vehicle/IC727,http://irail.be/stations/NMBS/008894821,IC,2018-01-10T07:08:00,2018-01-10T07:08:00,-53,-53
http://irail.be/vehicle/IC727,NO-URI,IC,2018-01-10T07:09:00,2018-01-10T07:09:00,-53,-53
http://irail.be/vehicle/IC727,http://irail.be/stations/NMBS/008821196,IC,2018-01-10T07:12:00,2018-01-10T07:12:00,-89,-89
http://irail.be/vehicle/IC727,http://irail.be/stations/NMBS/008821121,IC,2018-01-10T07:19:00,2018-01-10T07:17:00,-12,-83
http://irail.be/vehicle/IC727,http://irail.be/stations/NMBS/008821006,IC,2018-01-10T07:23:00,2018-01-10T07:23:00,,-6
http://irail.be/vehicle/IC727,http://irail.be/stations/NMBS/008896735,IC,2018-01-15T05:08:00,2018-01-15T05:08:00,71,
http://irail.be/vehicle/IC727,http://irail.be/stations/NMBS/008896503,IC,2018-01-15T05:16:00,2018-01-15T05:15:00,107,100
http://irail.be/vehicle/IC727,http://irail.be/stations/NMBS/008896412,IC,2018-01-15T05:26:00,2018-01-15T05:25:00,140,115
http://irail.be/vehicle/IC727,http://irail.be/stations/NMBS/008896396,IC,2018-01-15T05:30:00,2018-01-15T05:29:00,140,140
http://irail.be/vehicle/IC727,http://irail.be/stations/NMBS/008896305,IC,2018-01-15T05:35:00,2018-01-15T05:34:00,124,140
http://irail.be/vehicle/IC727,http://irail.be/stations/NMBS/008896370,IC,2018-01-15T05:40:00,2018-01-15T05:40:00,161,124
http://irail.be/vehicle/IC727,http://irail.be/stations/NMBS/008896388,IC,2018-01-15T05:44:00,2018-01-15T05:44:00,161,161
http://irail.be/vehicle/IC727,http://irail.be/stations/NMBS/008896008,IC,2018-01-15T05:57:00,2018-01-15T05:50:00,36,77
http://irail.be/vehicle/IC727,http://irail.be/stations/NMBS/008896115,IC,2018-01-15T06:01:00,2018-01-15T06:01:00,58,58
http://irail.be/vehicle/IC727,http://irail.be/stations/NMBS/008896149,IC,2018-01-15T06:06:00,2018-01-15T06:05:00,87,89
http://irail.be/vehicle/IC727,http://irail.be/stations/NMBS/008892106,IC,2018-01-15T06:15:00,2018-01-15T06:15:00,-39,-39
http://irail.be/vehicle/IC727,NO-URI,IC,2018-01-15T06:15:00,2018-01-15T06:15:00,20,20
http://irail.be/vehicle/IC727,http://irail.be/stations/NMBS/008892080,IC,2018-01-15T06:18:00,2018-01-15T06:18:00,54,54
http://irail.be/vehicle/IC727,http://irail.be/stations/NMBS/008892007,IC,2018-01-15T06:27:00,2018-01-15T06:24:00,11,36
http://irail.be/vehicle/IC727,NO-URI,IC,2018-01-15T06:31:00,2018-01-15T06:31:00,22,22
http://irail.be/vehicle/IC727,http://irail.be/stations/NMBS/008893179,IC,2018-01-15T06:32:00,2018-01-15T06:32:00,-188,-188
http://irail.be/vehicle/IC727,http://irail.be/stations/NMBS/008893120,IC,2018-01-15T06:36:00,2018-01-15T06:35:00,-188,-188
http://irail.be/vehicle/IC727,http://irail.be/stations/NMBS/008894151,IC,2018-01-15T06:43:00,2018-01-15T06:43:00,-10,-10
http://irail.be/vehicle/IC727,http://irail.be/stations/NMBS/008894201,IC,2018-01-15T06:50:00,2018-01-15T06:48:00,9,-52
http://irail.be/vehicle/IC727,NO-URI,IC,2018-01-15T06:52:00,2018-01-15T06:52:00,-8,-8
http://irail.be/vehicle/IC727,http://irail.be/stations/NMBS/008894425,IC,2018-01-15T06:54:00,2018-01-15T06:54:00,-7,-7
http://irail.be/vehicle/IC727,http://irail.be/stations/NMBS/008894433,IC,2018-01-15T06:55:00,2018-01-15T06:55:00,-18,-18
http://irail.be/vehicle/IC727,http://irail.be/stations/NMBS/008894508,IC,2018-01-15T07:00:00,2018-01-15T06:58:00,0,-31
http://irail.be/vehicle/IC727,NO-URI,IC,2018-01-15T07:02:00,2018-01-15T07:02:00,-12,-12
http://irail.be/vehicle/IC727,http://irail.be/stations/NMBS/008894714,IC,2018-01-15T07:03:00,2018-01-15T07:03:00,-30,-30
http://irail.be/vehicle/IC727,http://irail.be/stations/NMBS/008894748,IC,2018-01-15T07:06:00,2018-01-15T07:06:00,-66,-66
http://irail.be/vehicle/IC727,http://irail.be/stations/NMBS/008894755,IC,2018-01-15T07:07:00,2018-01-15T07:07:00,-74,-74
http://irail.be/vehicle/IC727,http://irail.be/stations/NMBS/008894821,IC,2018-01-15T07:08:00,2018-01-15T07:08:00,-52,-52
http://irail.be/vehicle/IC727,NO-URI,IC,2018-01-15T07:09:00,2018-01-15T07:09:00,-52,-52
http://irail.be/vehicle/IC727,http://irail.be/stations/NMBS/008821196,IC,2018-01-15T07:12:00,2018-01-15T07:12:00,-90,-90
http://irail.be/vehicle/IC727,http://irail.be/stations/NMBS/008821121,IC,2018-01-15T07:19:00,2018-01-15T07:17:00,229,265
http://irail.be/vehicle/IC727,http://irail.be/stations/NMBS/008821006,IC,2018-01-15T07:23:00,2018-01-15T07:23:00,,222
http://irail.be/vehicle/IC727,http://irail.be/stations/NMBS/008896735,IC,2018-04-14T05:08:00,2018-04-14T05:08:00,66,
http://irail.be/vehicle/IC727,http://irail.be/stations/NMBS/008896503,IC,2018-04-14T05:16:00,2018-04-14T05:15:00,12,26
http://irail.be/vehicle/IC727,http://irail.be/stations/NMBS/008896412,IC,2018-04-14T05:26:00,2018-04-14T05:25:00,-1,-29
http://irail.be/vehicle/IC727,http://irail.be/stations/NMBS/008896396,IC,2018-04-14T05:30:00,2018-04-14T05:29:00,-1,-1
http://irail.be/vehicle/IC727,http://irail.be/stations/NMBS/008896305,IC,2018-04-14T05:35:00,2018-04-14T05:34:00,-15,-1
http://irail.be/vehicle/IC727,http://irail.be/stations/NMBS/008896370,IC,2018-04-14T05:40:00,2018-04-14T05:40:00,-7,-15
http://irail.be/vehicle/IC727,http://irail.be/stations/NMBS/008896388,IC,2018-04-14T05:44:00,2018-04-14T05:44:00,-7,-7
http://irail.be/vehicle/IC727,http://irail.be/stations/NMBS/008896008,IC,2018-04-14T05:57:00,2018-04-14T05:50:00,37,-100
http://irail.be/vehicle/IC727,http://irail.be/stations/NMBS/008896115,IC,2018-04-14T06:01:00,2018-04-14T06:01:00,22,22
http://irail.be/vehicle/IC727,http://irail.be/stations/NMBS/008896149,IC,2018-04-14T06:06:00,2018-04-14T06:05:00,-9,29
http://irail.be/vehicle/IC727,http://irail.be/stations/NMBS/008892106,IC,2018-04-14T06:15:00,2018-04-14T06:15:00,-161,-161
http://irail.be/vehicle/IC727,NO-URI,IC,2018-04-14T06:15:00,2018-04-14T06:15:00,-144,-144
http://irail.be/vehicle/IC727,http://irail.be/stations/NMBS/008892080,IC,2018-04-14T06:18:00,2018-04-14T06:18:00,-166,-166
http://irail.be/vehicle/IC727,http://irail.be/stations/NMBS/008892007,IC,2018-04-14T06:27:00,2018-04-14T06:24:00,16,-42
http://irail.be/vehicle/IC727,NO-URI,IC,2018-04-14T06:31:00,2018-04-14T06:31:00,100,100
http://irail.be/vehicle/IC727,http://irail.be/stations/NMBS/008893179,IC,2018-04-14T06:32:00,2018-04-14T06:32:00,22,22
http://irail.be/vehicle/IC727,http://irail.be/stations/NMBS/008893120,IC,2018-04-14T06:36:00,2018-04-14T06:35:00,171,22
http://irail.be/vehicle/IC727,http://irail.be/stations/NMBS/008894151,IC,2018-04-14T06:43:00,2018-04-14T06:43:00,135,135
http://irail.be/vehicle/IC727,http://irail.be/stations/NMBS/008894201,IC,2018-04-14T06:50:00,2018-04-14T06:48:00,40,98
http://irail.be/vehicle/IC727,NO-URI,IC,2018-04-14T06:52:00,2018-04-14T06:52:00,32,32
http://irail.be/vehicle/IC727,http://irail.be/stations/NMBS/008894425,IC,2018-04-14T06:54:00,2018-04-14T06:54:00,37,37
http://irail.be/vehicle/IC727,http://irail.be/stations/NMBS/008894433,IC,2018-04-14T06:55:00,2018-04-14T06:55:00,27,27
http://irail.be/vehicle/IC727,http://irail.be/stations/NMBS/008894508,IC,2018-04-14T07:03:00,2018-04-14T06:58:00,10,50
http://irail.be/vehicle/IC727,http://irail.be/stations/NMBS/008894672,IC,2018-04-14T07:11:00,2018-04-14T07:10:00,40,4
http://irail.be/vehicle/IC727,http://irail.be/stations/NMBS/008822772,IC,2018-04-14T07:15:00,2018-04-14T07:15:00,40,40
http://irail.be/vehicle/IC727,http://irail.be/stations/NMBS/008822715,IC,2018-04-14T07:19:00,2018-04-14T07:19:00,-83,-83
http://irail.be/vehicle/IC727,http://irail.be/stations/NMBS/008822848,IC,2018-04-14T07:22:00,2018-04-14T07:22:00,-99,-99
http://irail.be/vehicle/IC727,http://irail.be/stations/NMBS/008822814,IC,2018-04-14T07:25:00,2018-04-14T07:25:00,-98,-98
http://irail.be/vehicle/IC727,http://irail.be/stations/NMBS/008824240,IC,2018-04-14T07:28:00,2018-04-14T07:28:00,-98,-98
http://irail.be/vehicle/IC727,http://irail.be/stations/NMBS/008824232,IC,2018-04-14T07:30:00,2018-04-14T07:30:00,71,71
http://irail.be/vehicle/IC727,http://irail.be/stations/NMBS/008824224,IC,2018-04-14T07:31:00,2018-04-14T07:31:00,71,71
http://irail.be/vehicle/IC727,http://irail.be/stations/NMBS/008824158,IC,2018-04-14T07:36:00,2018-04-14T07:36:00,71,71
http://irail.be/vehicle/IC727,http://irail.be/stations/NMBS/008821196,IC,2018-04-14T07:42:00,2018-04-14T07:40:00,43,43
http://irail.be/vehicle/IC727,http://irail.be/stations/NMBS/008821121,IC,2018-04-14T07:50:00,2018-04-14T07:48:00,-5,-86
http://irail.be/vehicle/IC727,http://irail.be/stations/NMBS/008821006,IC,2018-04-14T07:54:00,2018-04-14T07:54:00,,-39
http://irail.be/vehicle/IC727,http://irail.be/stations/NMBS/008896735,IC,2018-06-08T05:08:00,2018-06-08T05:08:00,76,
http://irail.be/vehicle/IC727,http://irail.be/stations/NMBS/008896503,IC,2018-06-08T05:16:00,2018-06-08T05:15:00,67,48
http://irail.be/vehicle/IC727,http://irail.be/stations/NMBS/008896412,IC,2018-06-08T05:26:00,2018-06-08T05:25:00,24,48
http://irail.be/vehicle/IC727,http://irail.be/stations/NMBS/008896396,IC,2018-06-08T05:30:00,2018-06-08T05:29:00,24,24
http://irail.be/vehicle/IC727,http://irail.be/stations/NMBS/008896305,IC,2018-06-08T05:35:00,2018-06-08T05:34:00,8,24
http://irail.be/vehicle/IC727,http://irail.be/stations/NMBS/008896370,IC,2018-06-08T05:40:00,2018-06-08T05:40:00,13,8
http://irail.be/vehicle/IC727,http://irail.be/stations/NMBS/008896388,IC,2018-06-08T05:44:00,2018-06-08T05:44:00,13,13
http://irail.be/vehicle/IC727,http://irail.be/stations/NMBS/008896008,IC,2018-06-08T05:57:00,2018-06-08T05:50:00,114,-31
http://irail.be/vehicle/IC727,http://irail.be/stations/NMBS/008896115,IC,2018-06-08T06:01:00,2018-06-08T06:01:00,203,203
http://irail.be/vehicle/IC727,http://irail.be/stations/NMBS/008896149,IC,2018-06-08T06:06:00,2018-06-08T06:05:00,361,259
http://irail.be/vehicle/IC727,http://irail.be/stations/NMBS/008892106,IC,2018-06-08T06:15:00,2018-06-08T06:15:00,231,231
http://irail.be/vehicle/IC727,NO-URI,IC,2018-06-08T06:15:00,2018-06-08T06:15:00,318,318
http://irail.be/vehicle/IC727,http://irail.be/stations/NMBS/008892080,IC,2018-06-08T06:18:00,2018-06-08T06:18:00,322,322
http://irail.be/vehicle/IC727,http://irail.be/stations/NMBS/008892007,IC,2018-06-08T06:27:00,2018-06-08T06:24:00,344,451
http://irail.be/vehicle/IC727,NO-URI,IC,2018-06-08T06:31:00,2018-06-08T06:31:00,372,372
http://irail.be/vehicle/IC727,http://irail.be/stations/NMBS/008893179,IC,2018-06-08T06:32:00,2018-06-08T06:32:00,164,164
http://irail.be/vehicle/IC727,http://irail.be/stations/NMBS/008893120,IC,2018-06-08T06:36:00,2018-06-08T06:35:00,359,164
http://irail.be/vehicle/IC727,http://irail.be/stations/NMBS/008894151,IC,2018-06-08T06:43:00,2018-06-08T06:43:00,458,458
http://irail.be/vehicle/IC727,http://irail.be/stations/NMBS/008894201,IC,2018-06-08T06:50:00,2018-06-08T06:48:00,376,418
http://irail.be/vehicle/IC727,NO-URI,IC,2018-06-08T06:52:00,2018-06-08T06:52:00,363,363
http://irail.be/vehicle/IC727,http://irail.be/stations/NMBS/008894425,IC,2018-06-08T06:54:00,2018-06-08T06:54:00,367,367
http://irail.be/vehicle/IC727,http://irail.be/stations/NMBS/008894433,IC,2018-06-08T06:55:00,2018-06-08T06:55:00,362,362
http://irail.be/vehicle/IC727,http://irail.be/stations/NMBS/008894508,IC,2018-06-08T07:00:00,2018-06-08T06:58:00,318,353
http://irail.be/vehicle/IC727,NO-URI,IC,2018-06-08T07:02:00,2018-06-08T07:02:00,336,336
http://irail.be/vehicle/IC727,http://irail.be/stations/NMBS/008894714,IC,2018-06-08T07:03:00,2018-06-08T07:03:00,320,320
http://irail.be/vehicle/IC727,http://irail.be/stations/NMBS/008894748,IC,2018-06-08T07:06:00,2018-06-08T07:06:00,284,284
http://irail.be/vehicle/IC727,http://irail.be/stations/NMBS/008894755,IC,2018-06-08T07:07:00,2018-06-08T07:07:00,279,279
http://irail.be/vehicle/IC727,http://irail.be/stations/NMBS/008894821,IC,2018-06-08T07:08:00,2018-06-08T07:08:00,301,301
http://irail.be/vehicle/IC727,NO-URI,IC,2018-06-08T07:09:00,2018-06-08T07:09:00,301,301
http://irail.be/vehicle/IC727,http://irail.be/stations/NMBS/008821196,IC,2018-06-08T07:12:00,2018-06-08T07:12:00,274,274
http://irail.be/vehicle/IC727,http://irail.be/stations/NMBS/008821121,IC,2018-06-08T07:19:00,2018-06-08T07:17:00,192,237
http://irail.be/vehicle/IC727,http://irail.be/stations/NMBS/008821006,IC,2018-06-08T07:23:00,2018-06-08T07:23:00,,169
http://irail.be/vehicle/IC727,http://irail.be/stations/NMBS/008892007,IC,2018-04-28T06:27:00,2018-04-28T06:27:00,29,
http://irail.be/vehicle/IC727,NO-URI,IC,2018-04-28T06:31:00,2018-04-28T06:31:00,95,95
http://irail.be/vehicle/IC727,http://irail.be/stations/NMBS/008893179,IC,2018-04-28T06:32:00,2018-04-28T06:32:00,-102,-102
http://irail.be/vehicle/IC727,http://irail.be/stations/NMBS/008893120,IC,2018-04-28T06:36:00,2018-04-28T06:35:00,106,-102
http://irail.be/vehicle/IC727,http://irail.be/stations/NMBS/008894151,IC,2018-04-28T06:43:00,2018-04-28T06:43:00,135,135
http://irail.be/vehicle/IC727,http://irail.be/stations/NMBS/008894201,IC,2018-04-28T06:50:00,2018-04-28T06:48:00,47,107
http://irail.be/vehicle/IC727,NO-URI,IC,2018-04-28T06:52:00,2018-04-28T06:52:00,49,49
http://irail.be/vehicle/IC727,http://irail.be/stations/NMBS/008894425,IC,2018-04-28T06:54:00,2018-04-28T06:54:00,64,64
http://irail.be/vehicle/IC727,http://irail.be/stations/NMBS/008894433,IC,2018-04-28T06:55:00,2018-04-28T06:55:00,56,56
http://irail.be/vehicle/IC727,http://irail.be/stations/NMBS/008894508,IC,2018-04-28T07:00:00,2018-04-28T06:58:00,19,54
http://irail.be/vehicle/IC727,NO-URI,IC,2018-04-28T07:02:00,2018-04-28T07:02:00,20,20
http://irail.be/vehicle/IC727,http://irail.be/stations/NMBS/008894714,IC,2018-04-28T07:03:00,2018-04-28T07:03:00,5,5
http://irail.be/vehicle/IC727,http://irail.be/stations/NMBS/008894748,IC,2018-04-28T07:05:00,2018-04-28T07:05:00,36,36
http://irail.be/vehicle/IC727,http://irail.be/stations/NMBS/008894755,IC,2018-04-28T07:07:00,2018-04-28T07:07:00,-19,-19
http://irail.be/vehicle/IC727,http://irail.be/stations/NMBS/008894821,IC,2018-04-28T07:09:00,2018-04-28T07:09:00,-24,-24
http://irail.be/vehicle/IC727,NO-URI,IC,2018-04-28T07:09:00,2018-04-28T07:09:00,-24,-24
http://irail.be/vehicle/IC727,http://irail.be/stations/NMBS/008821196,IC,2018-04-28T07:12:00,2018-04-28T07:12:00,-20,-20
http://irail.be/vehicle/IC727,http://irail.be/stations/NMBS/008821121,IC,2018-04-28T07:19:00,2018-04-28T07:17:00,2,-73
http://irail.be/vehicle/IC727,http://irail.be/stations/NMBS/008821006,IC,2018-04-28T07:23:00,2018-04-28T07:23:00,,-15
http://irail.be/vehicle/IC727,http://irail.be/stations/NMBS/008896735,IC,2018-07-07T05:08:00,2018-07-07T05:08:00,45,
http://irail.be/vehicle/IC727,http://irail.be/stations/NMBS/008896503,IC,2018-07-07T05:16:00,2018-07-07T05:15:00,54,30
http://irail.be/vehicle/IC727,http://irail.be/stations/NMBS/008896412,IC,2018-07-07T05:26:00,2018-07-07T05:25:00,78,90
http://irail.be/vehicle/IC727,http://irail.be/stations/NMBS/008896396,IC,2018-07-07T05:30:00,2018-07-07T05:29:00,78,78
http://irail.be/vehicle/IC727,http://irail.be/stations/NMBS/008896305,IC,2018-07-07T05:35:00,2018-07-07T05:34:00,66,78
http://irail.be/vehicle/IC727,http://irail.be/stations/NMBS/008896370,IC,2018-07-07T05:40:00,2018-07-07T05:39:00,66,66
http://irail.be/vehicle/IC727,http://irail.be/stations/NMBS/008896388,IC,2018-07-07T05:45:00,2018-07-07T05:44:00,-17,-17
http://irail.be/vehicle/IC727,http://irail.be/stations/NMBS/008896008,IC,2018-07-07T05:58:00,2018-07-07T05:50:00,41,3
http://irail.be/vehicle/IC727,http://irail.be/stations/NMBS/008896115,IC,2018-07-07T06:02:00,2018-07-07T06:02:00,39,39
http://irail.be/vehicle/IC727,http://irail.be/stations/NMBS/008896149,IC,2018-07-07T06:08:00,2018-07-07T06:07:00,-20,9
http://irail.be/vehicle/IC727,http://irail.be/stations/NMBS/008892106,IC,2018-07-07T06:15:00,2018-07-07T06:15:00,-69,-69
http://irail.be/vehicle/IC727,NO-URI,IC,2018-07-07T06:15:00,2018-07-07T06:15:00,-30,-30
http://irail.be/vehicle/IC727,http://irail.be/stations/NMBS/008892080,IC,2018-07-07T06:18:00,2018-07-07T06:18:00,-46,-46
http://irail.be/vehicle/IC727,http://irail.be/stations/NMBS/008892007,IC,2018-07-07T06:27:00,2018-07-07T06:24:00,-9,-71
http://irail.be/vehicle/IC727,NO-URI,IC,2018-07-07T06:31:00,2018-07-07T06:31:00,14,14
http://irail.be/vehicle/IC727,http://irail.be/stations/NMBS/008893179,IC,2018-07-07T06:32:00,2018-07-07T06:32:00,-193,-193
http://irail.be/vehicle/IC727,http://irail.be/stations/NMBS/008893120,IC,2018-07-07T06:36:00,2018-07-07T06:35:00,26,-193
http://irail.be/vehicle/IC727,http://irail.be/stations/NMBS/008894151,IC,2018-07-07T06:43:00,2018-07-07T06:43:00,21,21
http://irail.be/vehicle/IC727,http://irail.be/stations/NMBS/008894201,IC,2018-07-07T06:50:00,2018-07-07T06:48:00,7,-20
http://irail.be/vehicle/IC727,NO-URI,IC,2018-07-07T06:52:00,2018-07-07T06:52:00,3,3
http://irail.be/vehicle/IC727,http://irail.be/stations/NMBS/008894425,IC,2018-07-07T06:54:00,2018-07-07T06:54:00,20,20
http://irail.be/vehicle/IC727,http://irail.be/stations/NMBS/008894433,IC,2018-07-07T06:55:00,2018-07-07T06:55:00,11,11
http://irail.be/vehicle/IC727,http://irail.be/stations/NMBS/008894508,IC,2018-07-07T07:00:00,2018-07-07T06:58:00,54,9
http://irail.be/vehicle/IC727,NO-URI,IC,2018-07-07T07:02:00,2018-07-07T07:02:00,57,57
http://irail.be/vehicle/IC727,http://irail.be/stations/NMBS/008894714,IC,2018-07-07T07:03:00,2018-07-07T07:03:00,43,43
http://irail.be/vehicle/IC727,http://irail.be/stations/NMBS/008894748,IC,2018-07-07T07:06:00,2018-07-07T07:06:00,25,25
http://irail.be/vehicle/IC727,http://irail.be/stations/NMBS/008894755,IC,2018-07-07T07:07:00,2018-07-07T07:07:00,23,23
http://irail.be/vehicle/IC727,http://irail.be/stations/NMBS/008894821,IC,2018-07-07T07:08:00,2018-07-07T07:08:00,56,56
http://irail.be/vehicle/IC727,http://irail.be/stations/NMBS/008821196,IC,2018-07-07T07:12:00,2018-07-07T07:12:00,31,31
http://irail.be/vehicle/IC727,http://irail.be/stations/NMBS/008821121,IC,2018-07-07T07:19:00,2018-07-07T07:17:00,-11,-8
http://irail.be/vehicle/IC727,http://irail.be/stations/NMBS/008821006,IC,2018-07-07T07:23:00,2018-07-07T07:23:00,,-6
http://irail.be/vehicle/IC727,http://irail.be/stations/NMBS/008896735,IC,2018-05-15T05:08:00,2018-05-15T05:08:00,60,
http://irail.be/vehicle/IC727,http://irail.be/stations/NMBS/008896503,IC,2018-05-15T05:16:00,2018-05-15T05:15:00,89,42
http://irail.be/vehicle/IC727,http://irail.be/stations/NMBS/008896412,IC,2018-05-15T05:26:00,2018-05-15T05:25:00,470,89
http://irail.be/vehicle/IC727,http://irail.be/stations/NMBS/008896396,IC,2018-05-15T05:30:00,2018-05-15T05:29:00,470,470
http://irail.be/vehicle/IC727,http://irail.be/stations/NMBS/008896305,IC,2018-05-15T05:35:00,2018-05-15T05:34:00,442,470
http://irail.be/vehicle/IC727,http://irail.be/stations/NMBS/008896370,IC,2018-05-15T05:40:00,2018-05-15T05:40:00,442,442
http://irail.be/vehicle/IC727,http://irail.be/stations/NMBS/008896388,IC,2018-05-15T05:44:00,2018-05-15T05:44:00,408,408
http://irail.be/vehicle/IC727,http://irail.be/stations/NMBS/008896008,IC,2018-05-15T05:57:00,2018-05-15T05:50:00,377,321
http://irail.be/vehicle/IC727,http://irail.be/stations/NMBS/008896115,IC,2018-05-15T06:01:00,2018-05-15T06:01:00,345,345
http://irail.be/vehicle/IC727,http://irail.be/stations/NMBS/008896149,IC,2018-05-15T06:06:00,2018-05-15T06:05:00,334,350
http://irail.be/vehicle/IC727,http://irail.be/stations/NMBS/008892106,IC,2018-05-15T06:15:00,2018-05-15T06:15:00,192,192
http://irail.be/vehicle/IC727,NO-URI,IC,2018-05-15T06:15:00,2018-05-15T06:15:00,211,211
http://irail.be/vehicle/IC727,http://irail.be/stations/NMBS/008892080,IC,2018-05-15T06:18:00,2018-05-15T06:18:00,195,195
http://irail.be/vehicle/IC727,http://irail.be/stations/NMBS/008892007,IC,2018-05-15T06:27:00,2018-05-15T06:24:00,100,168
http://irail.be/vehicle/IC727,NO-URI,IC,2018-05-15T06:31:00,2018-05-15T06:31:00,101,101
http://irail.be/vehicle/IC727,http://irail.be/stations/NMBS/008893179,IC,2018-05-15T06:32:00,2018-05-15T06:32:00,-109,-109
http://irail.be/vehicle/IC727,http://irail.be/stations/NMBS/008893120,IC,2018-05-15T06:36:00,2018-05-15T06:35:00,84,-109
http://irail.be/vehicle/IC727,http://irail.be/stations/NMBS/008894151,IC,2018-05-15T06:43:00,2018-05-15T06:43:00,69,69
http://irail.be/vehicle/IC727,http://irail.be/stations/NMBS/008894201,IC,2018-05-15T06:50:00,2018-05-15T06:48:00,8,27
http://irail.be/vehicle/IC727,NO-URI,IC,2018-05-15T06:52:00,2018-05-15T06:52:00,-13,-13
http://irail.be/vehicle/IC727,http://irail.be/stations/NMBS/008894425,IC,2018-05-15T06:54:00,2018-05-15T06:54:00,-16,-16
http://irail.be/vehicle/IC727,http://irail.be/stations/NMBS/008894433,IC,2018-05-15T06:55:00,2018-05-15T06:55:00,-24,-24
http://irail.be/vehicle/IC727,http://irail.be/stations/NMBS/008894508,IC,2018-05-15T07:00:00,2018-05-15T06:58:00,30,-48
http://irail.be/vehicle/IC727,NO-URI,IC,2018-05-15T07:02:00,2018-05-15T07:02:00,25,25
http://irail.be/vehicle/IC727,http://irail.be/stations/NMBS/008894714,IC,2018-05-15T07:03:00,2018-05-15T07:03:00,7,7
http://irail.be/vehicle/IC727,http://irail.be/stations/NMBS/008894748,IC,2018-05-15T07:06:00,2018-05-15T07:06:00,-24,-24
http://irail.be/vehicle/IC727,http://irail.be/stations/NMBS/008894755,IC,2018-05-15T07:07:00,2018-05-15T07:07:00,-31,-31
http://irail.be/vehicle/IC727,http://irail.be/stations/NMBS/008894821,IC,2018-05-15T07:08:00,2018-05-15T07:08:00,-14,-14
http://irail.be/vehicle/IC727,NO-URI,IC,2018-05-15T07:09:00,2018-05-15T07:09:00,-14,-14
http://irail.be/vehicle/IC727,http://irail.be/stations/NMBS/008821196,IC,2018-05-15T07:12:00,2018-05-15T07:12:00,-52,-52
http://irail.be/vehicle/IC727,http://irail.be/stations/NMBS/008821121,IC,2018-05-15T07:19:00,2018-05-15T07:17:00,-3,-19
http://irail.be/vehicle/IC727,http://irail.be/stations/NMBS/008821006,IC,2018-05-15T07:23:00,2018-05-15T07:23:00,,-34
http://irail.be/vehicle/IC727,http://irail.be/stations/NMBS/008896735,IC,2018-02-28T05:08:00,2018-02-28T05:08:00,96,
http://irail.be/vehicle/IC727,http://irail.be/stations/NMBS/008896503,IC,2018-02-28T05:16:00,2018-02-28T05:15:00,64,74
http://irail.be/vehicle/IC727,http://irail.be/stations/NMBS/008896412,IC,2018-02-28T05:26:00,2018-02-28T05:25:00,50,56
http://irail.be/vehicle/IC727,http://irail.be/stations/NMBS/008896396,IC,2018-02-28T05:30:00,2018-02-28T05:29:00,50,50
http://irail.be/vehicle/IC727,http://irail.be/stations/NMBS/008896305,IC,2018-02-28T05:35:00,2018-02-28T05:34:00,34,50
http://irail.be/vehicle/IC727,http://irail.be/stations/NMBS/008896370,IC,2018-02-28T05:40:00,2018-02-28T05:40:00,39,34
http://irail.be/vehicle/IC727,http://irail.be/stations/NMBS/008896388,IC,2018-02-28T05:44:00,2018-02-28T05:44:00,39,39
http://irail.be/vehicle/IC727,http://irail.be/stations/NMBS/008896008,IC,2018-02-28T05:57:00,2018-02-28T05:50:00,72,13
http://irail.be/vehicle/IC727,http://irail.be/stations/NMBS/008896115,IC,2018-02-28T06:01:00,2018-02-28T06:01:00,102,102
http://irail.be/vehicle/IC727,http://irail.be/stations/NMBS/008896149,IC,2018-02-28T06:06:00,2018-02-28T06:05:00,77,101
http://irail.be/vehicle/IC727,http://irail.be/stations/NMBS/008892106,IC,2018-02-28T06:15:00,2018-02-28T06:15:00,-69,-69
http://irail.be/vehicle/IC727,NO-URI,IC,2018-02-28T06:15:00,2018-02-28T06:15:00,1,1
http://irail.be/vehicle/IC727,http://irail.be/stations/NMBS/008892080,IC,2018-02-28T06:18:00,2018-02-28T06:18:00,57,57
http://irail.be/vehicle/IC727,http://irail.be/stations/NMBS/008892007,IC,2018-02-28T06:27:00,2018-02-28T06:24:00,460,579
http://irail.be/vehicle/IC727,NO-URI,IC,2018-02-28T06:31:00,2018-02-28T06:31:00,491,491
http://irail.be/vehicle/IC727,http://irail.be/stations/NMBS/008893179,IC,2018-02-28T06:32:00,2018-02-28T06:32:00,288,288
http://irail.be/vehicle/IC727,http://irail.be/stations/NMBS/008893120,IC,2018-02-28T06:36:00,2018-02-28T06:35:00,288,288
http://irail.be/vehicle/IC727,http://irail.be/stations/NMBS/008894151,IC,2018-02-28T06:43:00,2018-02-28T06:43:00,414,414
http://irail.be/vehicle/IC727,http://irail.be/stations/NMBS/008894201,IC,2018-02-28T06:50:00,2018-02-28T06:48:00,294,363
http://irail.be/vehicle/IC727,NO-URI,IC,2018-02-28T06:52:00,2018-02-28T06:52:00,279,279
http://irail.be/vehicle/IC727,http://irail.be/stations/NMBS/008894425,IC,2018-02-28T06:54:00,2018-02-28T06:54:00,280,280
http://irail.be/vehicle/IC727,http://irail.be/stations/NMBS/008894433,IC,2018-02-28T06:55:00,2018-02-28T06:55:00,268,268
http://irail.be/vehicle/IC727,http://irail.be/stations/NMBS/008894508,IC,2018-02-28T07:00:00,2018-02-28T06:58:00,201,251
http://irail.be/vehicle/IC727,NO-URI,IC,2018-02-28T07:02:00,2018-02-28T07:02:00,217,217
http://irail.be/vehicle/IC727,http://irail.be/stations/NMBS/008894714,IC,2018-02-28T07:03:00,2018-02-28T07:03:00,201,201
http://irail.be/vehicle/IC727,http://irail.be/stations/NMBS/008894748,IC,2018-02-28T07:06:00,2018-02-28T07:06:00,164,164
http://irail.be/vehicle/IC727,http://irail.be/stations/NMBS/008894755,IC,2018-02-28T07:07:00,2018-02-28T07:07:00,263,263
http://irail.be/vehicle/IC727,http://irail.be/stations/NMBS/008894821,IC,2018-02-28T07:08:00,2018-02-28T07:08:00,339,339
http://irail.be/vehicle/IC727,NO-URI,IC,2018-02-28T07:09:00,2018-02-28T07:09:00,339,339
http://irail.be/vehicle/IC727,http://irail.be/stations/NMBS/008821196,IC,2018-02-28T07:12:00,2018-02-28T07:12:00,307,307
http://irail.be/vehicle/IC727,http://irail.be/stations/NMBS/008821121,IC,2018-02-28T07:19:00,2018-02-28T07:17:00,193,252
http://irail.be/vehicle/IC727,http://irail.be/stations/NMBS/008821006,IC,2018-02-28T07:23:00,2018-02-28T07:23:00,,158
http://irail.be/vehicle/IC727,http://irail.be/stations/NMBS/008896735,IC,2018-08-17T05:08:00,2018-08-17T05:08:00,65,
http://irail.be/vehicle/IC727,http://irail.be/stations/NMBS/008896503,IC,2018-08-17T05:16:00,2018-08-17T05:15:00,25,20
http://irail.be/vehicle/IC727,http://irail.be/stations/NMBS/008896412,IC,2018-08-17T05:26:00,2018-08-17T05:25:00,0,-16
http://irail.be/vehicle/IC727,http://irail.be/stations/NMBS/008896396,IC,2018-08-17T05:30:00,2018-08-17T05:29:00,0,0
http://irail.be/vehicle/IC727,http://irail.be/stations/NMBS/008896305,IC,2018-08-17T05:35:00,2018-08-17T05:34:00,13,0
http://irail.be/vehicle/IC727,http://irail.be/stations/NMBS/008896370,IC,2018-08-17T05:40:00,2018-08-17T05:39:00,-7,13
http://irail.be/vehicle/IC727,http://irail.be/stations/NMBS/008896388,IC,2018-08-17T05:45:00,2018-08-17T05:44:00,-7,-7
http://irail.be/vehicle/IC727,http://irail.be/stations/NMBS/008896008,IC,2018-08-17T05:58:00,2018-08-17T05:50:00,33,-7
http://irail.be/vehicle/IC727,http://irail.be/stations/NMBS/008896115,IC,2018-08-17T06:02:00,2018-08-17T06:02:00,6,6
http://irail.be/vehicle/IC727,http://irail.be/stations/NMBS/008896149,IC,2018-08-17T06:08:00,2018-08-17T06:07:00,0,-11
http://irail.be/vehicle/IC727,http://irail.be/stations/NMBS/008892106,IC,2018-08-17T06:15:00,2018-08-17T06:15:00,-53,-53
http://irail.be/vehicle/IC727,NO-URI,IC,2018-08-17T06:15:00,2018-08-17T06:15:00,-21,-21
http://irail.be/vehicle/IC727,http://irail.be/stations/NMBS/008892080,IC,2018-08-17T06:18:00,2018-08-17T06:18:00,-33,-33
http://irail.be/vehicle/IC727,http://irail.be/stations/NMBS/008892007,IC,2018-08-17T06:27:00,2018-08-17T06:24:00,0,-38
http://irail.be/vehicle/IC727,NO-URI,IC,2018-08-17T06:31:00,2018-08-17T06:31:00,22,22
http://irail.be/vehicle/IC727,http://irail.be/stations/NMBS/008893179,IC,2018-08-17T06:32:00,2018-08-17T06:32:00,-192,-192
http://irail.be/vehicle/IC727,http://irail.be/stations/NMBS/008893120,IC,2018-08-17T06:36:00,2018-08-17T06:35:00,28,-192
http://irail.be/vehicle/IC727,http://irail.be/stations/NMBS/008894151,IC,2018-08-17T06:43:00,2018-08-17T06:43:00,-11,-11
http://irail.be/vehicle/IC727,http://irail.be/stations/NMBS/008894201,IC,2018-08-17T06:50:00,2018-08-17T06:48:00,28,-53
http://irail.be/vehicle/IC727,NO-URI,IC,2018-08-17T06:52:00,2018-08-17T06:52:00,9,9
http://irail.be/vehicle/IC727,http://irail.be/stations/NMBS/008894425,IC,2018-08-17T06:54:00,2018-08-17T06:54:00,10,10
http://irail.be/vehicle/IC727,http://irail.be/stations/NMBS/008894433,IC,2018-08-17T06:55:00,2018-08-17T06:55:00,-2,-2
http://irail.be/vehicle/IC727,http://irail.be/stations/NMBS/008894508,IC,2018-08-17T07:00:00,2018-08-17T06:58:00,-6,-15
http://irail.be/vehicle/IC727,NO-URI,IC,2018-08-17T07:02:00,2018-08-17T07:02:00,-2,-2
http://irail.be/vehicle/IC727,http://irail.be/stations/NMBS/008894714,IC,2018-08-17T07:03:00,2018-08-17T07:03:00,-18,-18
http://irail.be/vehicle/IC727,http://irail.be/stations/NMBS/008894748,IC,2018-08-17T07:06:00,2018-08-17T07:06:00,-45,-45
http://irail.be/vehicle/IC727,http://irail.be/stations/NMBS/008894755,IC,2018-08-17T07:07:00,2018-08-17T07:07:00,-37,-37
http://irail.be/vehicle/IC727,http://irail.be/stations/NMBS/008894821,IC,2018-08-17T07:08:00,2018-08-17T07:08:00,6,6
http://irail.be/vehicle/IC727,http://irail.be/stations/NMBS/008821196,IC,2018-08-17T07:12:00,2018-08-17T07:12:00,1,1
http://irail.be/vehicle/IC727,http://irail.be/stations/NMBS/008821121,IC,2018-08-17T07:19:00,2018-08-17T07:17:00,-5,-28
http://irail.be/vehicle/IC727,http://irail.be/stations/NMBS/008821006,IC,2018-08-17T07:23:00,2018-08-17T07:23:00,,-42
http://irail.be/vehicle/IC727,http://irail.be/stations/NMBS/008896735,IC,2018-03-16T05:08:00,2018-03-16T05:08:00,53,
http://irail.be/vehicle/IC727,http://irail.be/stations/NMBS/008896503,IC,2018-03-16T05:16:00,2018-03-16T05:15:00,36,27
http://irail.be/vehicle/IC727,http://irail.be/stations/NMBS/008896412,IC,2018-03-16T05:26:00,2018-03-16T05:25:00,31,11
http://irail.be/vehicle/IC727,http://irail.be/stations/NMBS/008896396,IC,2018-03-16T05:30:00,2018-03-16T05:29:00,31,31
http://irail.be/vehicle/IC727,http://irail.be/stations/NMBS/008896305,IC,2018-03-16T05:35:00,2018-03-16T05:34:00,14,31
http://irail.be/vehicle/IC727,http://irail.be/stations/NMBS/008896370,IC,2018-03-16T05:40:00,2018-03-16T05:40:00,27,14
http://irail.be/vehicle/IC727,http://irail.be/stations/NMBS/008896388,IC,2018-03-16T05:44:00,2018-03-16T05:44:00,27,27
http://irail.be/vehicle/IC727,http://irail.be/stations/NMBS/008896008,IC,2018-03-16T05:57:00,2018-03-16T05:50:00,50,-17
http://irail.be/vehicle/IC727,http://irail.be/stations/NMBS/008896115,IC,2018-03-16T06:01:00,2018-03-16T06:01:00,39,39
http://irail.be/vehicle/IC727,http://irail.be/stations/NMBS/008896149,IC,2018-03-16T06:06:00,2018-03-16T06:05:00,214,192
http://irail.be/vehicle/IC727,http://irail.be/stations/NMBS/008892106,IC,2018-03-16T06:15:00,2018-03-16T06:15:00,62,62
http://irail.be/vehicle/IC727,NO-URI,IC,2018-03-16T06:15:00,2018-03-16T06:15:00,80,80
http://irail.be/vehicle/IC727,http://irail.be/stations/NMBS/008892080,IC,2018-03-16T06:18:00,2018-03-16T06:18:00,68,68
http://irail.be/vehicle/IC727,http://irail.be/stations/NMBS/008892007,IC,2018-03-16T06:27:00,2018-03-16T06:24:00,78,116
http://irail.be/vehicle/IC727,NO-URI,IC,2018-03-16T06:31:00,2018-03-16T06:31:00,106,106
http://irail.be/vehicle/IC727,http://irail.be/stations/NMBS/008893179,IC,2018-03-16T06:32:00,2018-03-16T06:32:00,-85,-85
http://irail.be/vehicle/IC727,http://irail.be/stations/NMBS/008893120,IC,2018-03-16T06:36:00,2018-03-16T06:35:00,-85,-85
http://irail.be/vehicle/IC727,http://irail.be/stations/NMBS/008894151,IC,2018-03-16T06:43:00,2018-03-16T06:43:00,128,128
http://irail.be/vehicle/IC727,http://irail.be/stations/NMBS/008894201,IC,2018-03-16T06:50:00,2018-03-16T06:48:00,42,83
http://irail.be/vehicle/IC727,NO-URI,IC,2018-03-16T06:52:00,2018-03-16T06:52:00,29,29
http://irail.be/vehicle/IC727,http://irail.be/stations/NMBS/008894425,IC,2018-03-16T06:54:00,2018-03-16T06:54:00,31,31
http://irail.be/vehicle/IC727,http://irail.be/stations/NMBS/008894433,IC,2018-03-16T06:55:00,2018-03-16T06:55:00,20,20
http://irail.be/vehicle/IC727,http://irail.be/stations/NMBS/008894508,IC,2018-03-16T07:00:00,2018-03-16T06:58:00,15,11
http://irail.be/vehicle/IC727,NO-URI,IC,2018-03-16T07:02:00,2018-03-16T07:02:00,14,14
http://irail.be/vehicle/IC727,http://irail.be/stations/NMBS/008894714,IC,2018-03-16T07:03:00,2018-03-16T07:03:00,-1,-1
http://irail.be/vehicle/IC727,http://irail.be/stations/NMBS/008894748,IC,2018-03-16T07:06:00,2018-03-16T07:06:00,-29,-29
http://irail.be/vehicle/IC727,http://irail.be/stations/NMBS/008894755,IC,2018-03-16T07:07:00,2018-03-16T07:07:00,-34,-34
http://irail.be/vehicle/IC727,http://irail.be/stations/NMBS/008894821,IC,2018-03-16T07:08:00,2018-03-16T07:08:00,-14,-14
http://irail.be/vehicle/IC727,NO-URI,IC,2018-03-16T07:09:00,2018-03-16T07:09:00,-14,-14
http://irail.be/vehicle/IC727,http://irail.be/stations/NMBS/008821196,IC,2018-03-16T07:12:00,2018-03-16T07:12:00,-50,-50
http://irail.be/vehicle/IC727,http://irail.be/stations/NMBS/008821121,IC,2018-03-16T07:19:00,2018-03-16T07:17:00,28,-38
http://irail.be/vehicle/IC727,http://irail.be/stations/NMBS/008821006,IC,2018-03-16T07:23:00,2018-03-16T07:23:00,,3
http://irail.be/vehicle/IC727,http://irail.be/stations/NMBS/008896735,IC,2018-08-06T05:08:00,2018-08-06T05:08:00,75,
http://irail.be/vehicle/IC727,http://irail.be/stations/NMBS/008896503,IC,2018-08-06T05:16:00,2018-08-06T05:15:00,101,87
http://irail.be/vehicle/IC727,http://irail.be/stations/NMBS/008896412,IC,2018-08-06T05:26:00,2018-08-06T05:25:00,76,100
http://irail.be/vehicle/IC727,http://irail.be/stations/NMBS/008896396,IC,2018-08-06T05:30:00,2018-08-06T05:29:00,76,76
http://irail.be/vehicle/IC727,http://irail.be/stations/NMBS/008896305,IC,2018-08-06T05:35:00,2018-08-06T05:34:00,97,76
http://irail.be/vehicle/IC727,http://irail.be/stations/NMBS/008896370,IC,2018-08-06T05:40:00,2018-08-06T05:39:00,53,97
http://irail.be/vehicle/IC727,http://irail.be/stations/NMBS/008896388,IC,2018-08-06T05:45:00,2018-08-06T05:44:00,53,53
http://irail.be/vehicle/IC727,http://irail.be/stations/NMBS/008896008,IC,2018-08-06T05:58:00,2018-08-06T05:50:00,66,129
http://irail.be/vehicle/IC727,http://irail.be/stations/NMBS/008896115,IC,2018-08-06T06:02:00,2018-08-06T06:02:00,37,37
http://irail.be/vehicle/IC727,http://irail.be/stations/NMBS/008896149,IC,2018-08-06T06:08:00,2018-08-06T06:07:00,1,5
http://irail.be/vehicle/IC727,http://irail.be/stations/NMBS/008892106,IC,2018-08-06T06:15:00,2018-08-06T06:15:00,-54,-54
http://irail.be/vehicle/IC727,NO-URI,IC,2018-08-06T06:15:00,2018-08-06T06:15:00,-23,-23
http://irail.be/vehicle/IC727,http://irail.be/stations/NMBS/008892080,IC,2018-08-06T06:18:00,2018-08-06T06:18:00,-32,-32
http://irail.be/vehicle/IC727,http://irail.be/stations/NMBS/008892007,IC,2018-08-06T06:27:00,2018-08-06T06:24:00,-1,-18
http://irail.be/vehicle/IC727,NO-URI,IC,2018-08-06T06:31:00,2018-08-06T06:31:00,53,53
http://irail.be/vehicle/IC727,http://irail.be/stations/NMBS/008893179,IC,2018-08-06T06:32:00,2018-08-06T06:32:00,-132,-132
http://irail.be/vehicle/IC727,http://irail.be/stations/NMBS/008893120,IC,2018-08-06T06:36:00,2018-08-06T06:35:00,68,-132
http://irail.be/vehicle/IC727,http://irail.be/stations/NMBS/008894151,IC,2018-08-06T06:43:00,2018-08-06T06:43:00,25,25
http://irail.be/vehicle/IC727,http://irail.be/stations/NMBS/008894201,IC,2018-08-06T06:50:00,2018-08-06T06:48:00,35,-2
http://irail.be/vehicle/IC727,NO-URI,IC,2018-08-06T06:52:00,2018-08-06T06:52:00,17,17
http://irail.be/vehicle/IC727,http://irail.be/stations/NMBS/008894425,IC,2018-08-06T06:54:00,2018-08-06T06:54:00,19,19
http://irail.be/vehicle/IC727,http://irail.be/stations/NMBS/008894433,IC,2018-08-06T06:55:00,2018-08-06T06:55:00,12,12
http://irail.be/vehicle/IC727,http://irail.be/stations/NMBS/008894508,IC,2018-08-06T07:00:00,2018-08-06T06:58:00,2,22
http://irail.be/vehicle/IC727,NO-URI,IC,2018-08-06T07:02:00,2018-08-06T07:02:00,21,21
http://irail.be/vehicle/IC727,http://irail.be/stations/NMBS/008894714,IC,2018-08-06T07:03:00,2018-08-06T07:03:00,7,7
http://irail.be/vehicle/IC727,http://irail.be/stations/NMBS/008894748,IC,2018-08-06T07:06:00,2018-08-06T07:06:00,-26,-26
http://irail.be/vehicle/IC727,http://irail.be/stations/NMBS/008894755,IC,2018-08-06T07:07:00,2018-08-06T07:07:00,-22,-22
http://irail.be/vehicle/IC727,http://irail.be/stations/NMBS/008894821,IC,2018-08-06T07:08:00,2018-08-06T07:08:00,17,17
http://irail.be/vehicle/IC727,http://irail.be/stations/NMBS/008821196,IC,2018-08-06T07:12:00,2018-08-06T07:12:00,13,13
http://irail.be/vehicle/IC727,http://irail.be/stations/NMBS/008821121,IC,2018-08-06T07:19:00,2018-08-06T07:17:00,20,50
http://irail.be/vehicle/IC727,http://irail.be/stations/NMBS/008821006,IC,2018-08-06T07:23:00,2018-08-06T07:23:00,,16
http://irail.be/vehicle/IC727,http://irail.be/stations/NMBS/008896735,IC,2018-06-16T05:08:00,2018-06-16T05:08:00,52,
http://irail.be/vehicle/IC727,http://irail.be/stations/NMBS/008896503,IC,2018-06-16T05:16:00,2018-06-16T05:15:00,46,38
http://irail.be/vehicle/IC727,http://irail.be/stations/NMBS/008896412,IC,2018-06-16T05:26:00,2018-06-16T05:25:00,0,13
http://irail.be/vehicle/IC727,http://irail.be/stations/NMBS/008896396,IC,2018-06-16T05:30:00,2018-06-16T05:29:00,0,0
http://irail.be/vehicle/IC727,http://irail.be/stations/NMBS/008896305,IC,2018-06-16T05:35:00,2018-06-16T05:34:00,18,0
http://irail.be/vehicle/IC727,http://irail.be/stations/NMBS/008896370,IC,2018-06-16T05:40:00,2018-06-16T05:39:00,51,18
http://irail.be/vehicle/IC727,http://irail.be/stations/NMBS/008896388,IC,2018-06-16T05:45:00,2018-06-16T05:44:00,51,51
http://irail.be/vehicle/IC727,http://irail.be/stations/NMBS/008896008,IC,2018-06-16T05:58:00,2018-06-16T05:50:00,22,17
http://irail.be/vehicle/IC727,http://irail.be/stations/NMBS/008896115,IC,2018-06-16T06:02:00,2018-06-16T06:02:00,-49,-49
http://irail.be/vehicle/IC727,http://irail.be/stations/NMBS/008896149,IC,2018-06-16T06:08:00,2018-06-16T06:07:00,-9,-90
http://irail.be/vehicle/IC727,http://irail.be/stations/NMBS/008892106,IC,2018-06-16T06:15:00,2018-06-16T06:15:00,-71,-71
http://irail.be/vehicle/IC727,NO-URI,IC,2018-06-16T06:15:00,2018-06-16T06:15:00,-37,-37
http://irail.be/vehicle/IC727,http://irail.be/stations/NMBS/008892080,IC,2018-06-16T06:18:00,2018-06-16T06:18:00,-59,-59
http://irail.be/vehicle/IC727,http://irail.be/stations/NMBS/008892007,IC,2018-06-16T06:27:00,2018-06-16T06:24:00,48,-74
http://irail.be/vehicle/IC727,NO-URI,IC,2018-06-16T06:31:00,2018-06-16T06:31:00,101,101
http://irail.be/vehicle/IC727,http://irail.be/stations/NMBS/008893179,IC,2018-06-16T06:32:00,2018-06-16T06:32:00,-106,-106
http://irail.be/vehicle/IC727,http://irail.be/stations/NMBS/008893120,IC,2018-06-16T06:36:00,2018-06-16T06:35:00,106,-106
http://irail.be/vehicle/IC727,http://irail.be/stations/NMBS/008894151,IC,2018-06-16T06:43:00,2018-06-16T06:43:00,220,220
http://irail.be/vehicle/IC727,http://irail.be/stations/NMBS/008894201,IC,2018-06-16T06:50:00,2018-06-16T06:48:00,148,177
http://irail.be/vehicle/IC727,NO-URI,IC,2018-06-16T06:52:00,2018-06-16T06:52:00,142,142
http://irail.be/vehicle/IC727,http://irail.be/stations/NMBS/008894425,IC,2018-06-16T06:54:00,2018-06-16T06:54:00,152,152
http://irail.be/vehicle/IC727,http://irail.be/stations/NMBS/008894433,IC,2018-06-16T06:55:00,2018-06-16T06:55:00,144,144
http://irail.be/vehicle/IC727,http://irail.be/stations/NMBS/008894508,IC,2018-06-16T07:00:00,2018-06-16T06:58:00,84,135
http://irail.be/vehicle/IC727,NO-URI,IC,2018-06-16T07:02:00,2018-06-16T07:02:00,90,90
http://irail.be/vehicle/IC727,http://irail.be/stations/NMBS/008894714,IC,2018-06-16T07:03:00,2018-06-16T07:03:00,78,78
http://irail.be/vehicle/IC727,http://irail.be/stations/NMBS/008894748,IC,2018-06-16T07:06:00,2018-06-16T07:06:00,64,64
http://irail.be/vehicle/IC727,http://irail.be/stations/NMBS/008894755,IC,2018-06-16T07:07:00,2018-06-16T07:07:00,58,58
http://irail.be/vehicle/IC727,http://irail.be/stations/NMBS/008894821,IC,2018-06-16T07:08:00,2018-06-16T07:08:00,80,80
http://irail.be/vehicle/IC727,http://irail.be/stations/NMBS/008821196,IC,2018-06-16T07:12:00,2018-06-16T07:12:00,61,61
http://irail.be/vehicle/IC727,http://irail.be/stations/NMBS/008821121,IC,2018-06-16T07:19:00,2018-06-16T07:17:00,-9,10
http://irail.be/vehicle/IC727,http://irail.be/stations/NMBS/008821006,IC,2018-06-16T07:23:00,2018-06-16T07:23:00,,-10
http://irail.be/vehicle/IC727,http://irail.be/stations/NMBS/008896735,IC,2018-06-24T05:08:00,2018-06-24T05:08:00,66,
http://irail.be/vehicle/IC727,http://irail.be/stations/NMBS/008896503,IC,2018-06-24T05:16:00,2018-06-24T05:15:00,89,51
http://irail.be/vehicle/IC727,http://irail.be/stations/NMBS/008896412,IC,2018-06-24T05:26:00,2018-06-24T05:25:00,40,69
http://irail.be/vehicle/IC727,http://irail.be/stations/NMBS/008896396,IC,2018-06-24T05:30:00,2018-06-24T05:29:00,40,40
http://irail.be/vehicle/IC727,http://irail.be/stations/NMBS/008896305,IC,2018-06-24T05:35:00,2018-06-24T05:34:00,199,40
http://irail.be/vehicle/IC727,http://irail.be/stations/NMBS/008896370,IC,2018-06-24T05:40:00,2018-06-24T05:39:00,199,199
http://irail.be/vehicle/IC727,http://irail.be/stations/NMBS/008896388,IC,2018-06-24T05:45:00,2018-06-24T05:44:00,108,108
http://irail.be/vehicle/IC727,http://irail.be/stations/NMBS/008896008,IC,2018-06-24T05:58:00,2018-06-24T05:50:00,284,130
http://irail.be/vehicle/IC727,http://irail.be/stations/NMBS/008896115,IC,2018-06-24T06:02:00,2018-06-24T06:02:00,279,279
http://irail.be/vehicle/IC727,http://irail.be/stations/NMBS/008896149,IC,2018-06-24T06:08:00,2018-06-24T06:07:00,196,236
http://irail.be/vehicle/IC727,http://irail.be/stations/NMBS/008892106,IC,2018-06-24T06:15:00,2018-06-24T06:15:00,137,137
http://irail.be/vehicle/IC727,NO-URI,IC,2018-06-24T06:15:00,2018-06-24T06:15:00,170,170
http://irail.be/vehicle/IC727,http://irail.be/stations/NMBS/008892080,IC,2018-06-24T06:18:00,2018-06-24T06:18:00,140,140
http://irail.be/vehicle/IC727,http://irail.be/stations/NMBS/008892007,IC,2018-06-24T06:27:00,2018-06-24T06:24:00,79,185
http://irail.be/vehicle/IC727,NO-URI,IC,2018-06-24T06:31:00,2018-06-24T06:31:00,108,108
http://irail.be/vehicle/IC727,http://irail.be/stations/NMBS/008893179,IC,2018-06-24T06:32:00,2018-06-24T06:32:00,-98,-98
http://irail.be/vehicle/IC727,http://irail.be/stations/NMBS/008893120,IC,2018-06-24T06:36:00,2018-06-24T06:35:00,92,-98
http://irail.be/vehicle/IC727,http://irail.be/stations/NMBS/008894151,IC,2018-06-24T06:43:00,2018-06-24T06:43:00,176,176
http://irail.be/vehicle/IC727,http://irail.be/stations/NMBS/008894201,IC,2018-06-24T06:50:00,2018-06-24T06:48:00,65,127
http://irail.be/vehicle/IC727,NO-URI,IC,2018-06-24T06:52:00,2018-06-24T06:52:00,53,53
http://irail.be/vehicle/IC727,http://irail.be/stations/NMBS/008894425,IC,2018-06-24T06:54:00,2018-06-24T06:54:00,58,58
http://irail.be/vehicle/IC727,http://irail.be/stations/NMBS/008894433,IC,2018-06-24T06:55:00,2018-06-24T06:55:00,48,48
http://irail.be/vehicle/IC727,http://irail.be/stations/NMBS/008894508,IC,2018-06-24T07:00:00,2018-06-24T06:58:00,29,38
http://irail.be/vehicle/IC727,NO-URI,IC,2018-06-24T07:02:00,2018-06-24T07:02:00,32,32
http://irail.be/vehicle/IC727,http://irail.be/stations/NMBS/008894714,IC,2018-06-24T07:03:00,2018-06-24T07:03:00,16,16
http://irail.be/vehicle/IC727,http://irail.be/stations/NMBS/008894748,IC,2018-06-24T07:06:00,2018-06-24T07:06:00,-14,-14
http://irail.be/vehicle/IC727,http://irail.be/stations/NMBS/008894755,IC,2018-06-24T07:07:00,2018-06-24T07:07:00,-19,-19
http://irail.be/vehicle/IC727,http://irail.be/stations/NMBS/008894821,IC,2018-06-24T07:08:00,2018-06-24T07:08:00,3,3
http://irail.be/vehicle/IC727,http://irail.be/stations/NMBS/008821196,IC,2018-06-24T07:12:00,2018-06-24T07:12:00,72,72
http://irail.be/vehicle/IC727,http://irail.be/stations/NMBS/008821121,IC,2018-06-24T07:19:00,2018-06-24T07:17:00,28,22
http://irail.be/vehicle/IC727,http://irail.be/stations/NMBS/008821006,IC,2018-06-24T07:23:00,2018-06-24T07:23:00,,5
http://irail.be/vehicle/IC727,http://irail.be/stations/NMBS/008896735,IC,2018-04-22T05:08:00,2018-04-22T05:08:00,69,
http://irail.be/vehicle/IC727,http://irail.be/stations/NMBS/008896503,IC,2018-04-22T05:16:00,2018-04-22T05:15:00,48,26
http://irail.be/vehicle/IC727,http://irail.be/stations/NMBS/008896412,IC,2018-04-22T05:26:00,2018-04-22T05:25:00,-2,3
http://irail.be/vehicle/IC727,http://irail.be/stations/NMBS/008896396,IC,2018-04-22T05:30:00,2018-04-22T05:29:00,-2,-2
http://irail.be/vehicle/IC727,http://irail.be/stations/NMBS/008896305,IC,2018-04-22T05:35:00,2018-04-22T05:34:00,12,-2
http://irail.be/vehicle/IC727,http://irail.be/stations/NMBS/008896370,IC,2018-04-22T05:40:00,2018-04-22T05:40:00,28,12
http://irail.be/vehicle/IC727,http://irail.be/stations/NMBS/008896388,IC,2018-04-22T05:44:00,2018-04-22T05:44:00,28,28
http://irail.be/vehicle/IC727,http://irail.be/stations/NMBS/008896008,IC,2018-04-22T05:57:00,2018-04-22T05:50:00,70,70
http://irail.be/vehicle/IC727,http://irail.be/stations/NMBS/008896115,IC,2018-04-22T06:01:00,2018-04-22T06:01:00,41,41
http://irail.be/vehicle/IC727,http://irail.be/stations/NMBS/008896149,IC,2018-04-22T06:06:00,2018-04-22T06:05:00,45,38
http://irail.be/vehicle/IC727,http://irail.be/stations/NMBS/008892106,IC,2018-04-22T06:15:00,2018-04-22T06:15:00,-112,-112
http://irail.be/vehicle/IC727,NO-URI,IC,2018-04-22T06:15:00,2018-04-22T06:15:00,-97,-97
http://irail.be/vehicle/IC727,http://irail.be/stations/NMBS/008892080,IC,2018-04-22T06:18:00,2018-04-22T06:18:00,-122,-122
http://irail.be/vehicle/IC727,http://irail.be/stations/NMBS/008892007,IC,2018-04-22T06:27:00,2018-04-22T06:24:00,8,-124
http://irail.be/vehicle/IC727,NO-URI,IC,2018-04-22T06:31:00,2018-04-22T06:31:00,58,58
http://irail.be/vehicle/IC727,http://irail.be/stations/NMBS/008893179,IC,2018-04-22T06:32:00,2018-04-22T06:32:00,-137,-137
http://irail.be/vehicle/IC727,http://irail.be/stations/NMBS/008893120,IC,2018-04-22T06:36:00,2018-04-22T06:35:00,33,-137
http://irail.be/vehicle/IC727,http://irail.be/stations/NMBS/008894151,IC,2018-04-22T06:43:00,2018-04-22T06:43:00,-21,-21
http://irail.be/vehicle/IC727,http://irail.be/stations/NMBS/008894201,IC,2018-04-22T06:50:00,2018-04-22T06:48:00,21,12
http://irail.be/vehicle/IC727,NO-URI,IC,2018-04-22T06:52:00,2018-04-22T06:52:00,13,13
http://irail.be/vehicle/IC727,http://irail.be/stations/NMBS/008894425,IC,2018-04-22T06:54:00,2018-04-22T06:54:00,15,15
http://irail.be/vehicle/IC727,http://irail.be/stations/NMBS/008894433,IC,2018-04-22T06:55:00,2018-04-22T06:55:00,4,4
http://irail.be/vehicle/IC727,http://irail.be/stations/NMBS/008894508,IC,2018-04-22T07:00:00,2018-04-22T06:58:00,6,-10
http://irail.be/vehicle/IC727,NO-URI,IC,2018-04-22T07:02:00,2018-04-22T07:02:00,10,10
http://irail.be/vehicle/IC727,http://irail.be/stations/NMBS/008894714,IC,2018-04-22T07:03:00,2018-04-22T07:03:00,-6,-6
http://irail.be/vehicle/IC727,http://irail.be/stations/NMBS/008894748,IC,2018-04-22T07:06:00,2018-04-22T07:06:00,-42,-42
http://irail.be/vehicle/IC727,http://irail.be/stations/NMBS/008894755,IC,2018-04-22T07:07:00,2018-04-22T07:07:00,-49,-49
http://irail.be/vehicle/IC727,http://irail.be/stations/NMBS/008894821,IC,2018-04-22T07:08:00,2018-04-22T07:08:00,-35,-35
http://irail.be/vehicle/IC727,NO-URI,IC,2018-04-22T07:09:00,2018-04-22T07:09:00,-35,-35
http://irail.be/vehicle/IC727,http://irail.be/stations/NMBS/008821196,IC,2018-04-22T07:12:00,2018-04-22T07:12:00,-78,-78
http://irail.be/vehicle/IC727,http://irail.be/stations/NMBS/008821121,IC,2018-04-22T07:19:00,2018-04-22T07:17:00,-12,-136
http://irail.be/vehicle/IC727,http://irail.be/stations/NMBS/008821006,IC,2018-04-22T07:23:00,2018-04-22T07:23:00,,-45
http://irail.be/vehicle/IC727,http://irail.be/stations/NMBS/008896735,IC,2018-02-10T05:08:00,2018-02-10T05:08:00,52,
http://irail.be/vehicle/IC727,http://irail.be/stations/NMBS/008896503,IC,2018-02-10T05:16:00,2018-02-10T05:15:00,156,133
http://irail.be/vehicle/IC727,http://irail.be/stations/NMBS/008896412,IC,2018-02-10T05:26:00,2018-02-10T05:25:00,105,153
http://irail.be/vehicle/IC727,http://irail.be/stations/NMBS/008896396,IC,2018-02-10T05:30:00,2018-02-10T05:29:00,105,105
http://irail.be/vehicle/IC727,http://irail.be/stations/NMBS/008896305,IC,2018-02-10T05:35:00,2018-02-10T05:34:00,69,105
http://irail.be/vehicle/IC727,http://irail.be/stations/NMBS/008896370,IC,2018-02-10T05:40:00,2018-02-10T05:40:00,69,69
http://irail.be/vehicle/IC727,http://irail.be/stations/NMBS/008896388,IC,2018-02-10T05:44:00,2018-02-10T05:44:00,39,39
http://irail.be/vehicle/IC727,http://irail.be/stations/NMBS/008896008,IC,2018-02-10T05:57:00,2018-02-10T05:50:00,35,-56
http://irail.be/vehicle/IC727,http://irail.be/stations/NMBS/008896115,IC,2018-02-10T06:01:00,2018-02-10T06:01:00,93,93
http://irail.be/vehicle/IC727,http://irail.be/stations/NMBS/008896149,IC,2018-02-10T06:06:00,2018-02-10T06:05:00,127,132
http://irail.be/vehicle/IC727,http://irail.be/stations/NMBS/008892106,IC,2018-02-10T06:15:00,2018-02-10T06:15:00,-10,-10
http://irail.be/vehicle/IC727,NO-URI,IC,2018-02-10T06:15:00,2018-02-10T06:15:00,11,11
http://irail.be/vehicle/IC727,http://irail.be/stations/NMBS/008892080,IC,2018-02-10T06:18:00,2018-02-10T06:18:00,0,0
http://irail.be/vehicle/IC727,http://irail.be/stations/NMBS/008892007,IC,2018-02-10T06:27:00,2018-02-10T06:24:00,11,-15
http://irail.be/vehicle/IC727,NO-URI,IC,2018-02-10T06:31:00,2018-02-10T06:31:00,20,20
http://irail.be/vehicle/IC727,http://irail.be/stations/NMBS/008893179,IC,2018-02-10T06:32:00,2018-02-10T06:32:00,-129,-129
http://irail.be/vehicle/IC727,http://irail.be/stations/NMBS/008893120,IC,2018-02-10T06:36:00,2018-02-10T06:35:00,-129,-129
http://irail.be/vehicle/IC727,http://irail.be/stations/NMBS/008894151,IC,2018-02-10T06:43:00,2018-02-10T06:43:00,68,68
http://irail.be/vehicle/IC727,http://irail.be/stations/NMBS/008894201,IC,2018-02-10T06:50:00,2018-02-10T06:48:00,93,98
http://irail.be/vehicle/IC727,NO-URI,IC,2018-02-10T06:52:00,2018-02-10T06:52:00,251,251
http://irail.be/vehicle/IC727,http://irail.be/stations/NMBS/008894425,IC,2018-02-10T06:54:00,2018-02-10T06:54:00,311,311
http://irail.be/vehicle/IC727,http://irail.be/stations/NMBS/008894433,IC,2018-02-10T06:55:00,2018-02-10T06:55:00,300,300
http://irail.be/vehicle/IC727,http://irail.be/stations/NMBS/008894508,IC,2018-02-10T07:00:00,2018-02-10T06:58:00,238,295
http://irail.be/vehicle/IC727,NO-URI,IC,2018-02-10T07:02:00,2018-02-10T07:02:00,244,244
http://irail.be/vehicle/IC727,http://irail.be/stations/NMBS/008894714,IC,2018-02-10T07:03:00,2018-02-10T07:03:00,230,230
http://irail.be/vehicle/IC727,http://irail.be/stations/NMBS/008894748,IC,2018-02-10T07:06:00,2018-02-10T07:06:00,201,201
http://irail.be/vehicle/IC727,http://irail.be/stations/NMBS/008894755,IC,2018-02-10T07:07:00,2018-02-10T07:07:00,195,195
http://irail.be/vehicle/IC727,http://irail.be/stations/NMBS/008894821,IC,2018-02-10T07:08:00,2018-02-10T07:08:00,216,216
http://irail.be/vehicle/IC727,NO-URI,IC,2018-02-10T07:09:00,2018-02-10T07:09:00,216,216
http://irail.be/vehicle/IC727,http://irail.be/stations/NMBS/008821196,IC,2018-02-10T07:12:00,2018-02-10T07:12:00,194,194
http://irail.be/vehicle/IC727,http://irail.be/stations/NMBS/008821121,IC,2018-02-10T07:19:00,2018-02-10T07:17:00,73,152
http://irail.be/vehicle/IC727,http://irail.be/stations/NMBS/008821006,IC,2018-02-10T07:23:00,2018-02-10T07:23:00,,63
http://irail.be/vehicle/IC727,http://irail.be/stations/NMBS/008896735,IC,2018-12-13T05:08:00,2018-12-13T05:08:00,56,
http://irail.be/vehicle/IC727,http://irail.be/stations/NMBS/008896503,IC,2018-12-13T05:16:00,2018-12-13T05:15:00,63,57
http://irail.be/vehicle/IC727,http://irail.be/stations/NMBS/008896412,IC,2018-12-13T05:26:00,2018-12-13T05:25:00,99,74
http://irail.be/vehicle/IC727,http://irail.be/stations/NMBS/008896396,IC,2018-12-13T05:30:00,2018-12-13T05:29:00,99,99
http://irail.be/vehicle/IC727,http://irail.be/stations/NMBS/008896305,IC,2018-12-13T05:35:00,2018-12-13T05:34:00,98,99
http://irail.be/vehicle/IC727,http://irail.be/stations/NMBS/008896370,IC,2018-12-13T05:40:00,2018-12-13T05:39:00,48,98
http://irail.be/vehicle/IC727,http://irail.be/stations/NMBS/008896388,IC,2018-12-13T05:45:00,2018-12-13T05:44:00,48,48
http://irail.be/vehicle/IC727,http://irail.be/stations/NMBS/008896008,IC,2018-12-13T05:58:00,2018-12-13T05:50:00,38,26
http://irail.be/vehicle/IC727,http://irail.be/stations/NMBS/008896115,IC,2018-12-13T06:02:00,2018-12-13T06:02:00,52,52
http://irail.be/vehicle/IC727,http://irail.be/stations/NMBS/008896149,IC,2018-12-13T06:08:00,2018-12-13T06:07:00,34,13
http://irail.be/vehicle/IC727,http://irail.be/stations/NMBS/008892106,IC,2018-12-13T06:15:00,2018-12-13T06:15:00,0,0
http://irail.be/vehicle/IC727,NO-URI,IC,2018-12-13T06:15:00,2018-12-13T06:15:00,94,94
http://irail.be/vehicle/IC727,http://irail.be/stations/NMBS/008892080,IC,2018-12-13T06:18:00,2018-12-13T06:18:00,109,109
http://irail.be/vehicle/IC727,http://irail.be/stations/NMBS/008892007,IC,2018-12-13T06:27:00,2018-12-13T06:24:00,120,131
http://irail.be/vehicle/IC727,NO-URI,IC,2018-12-13T06:32:00,2018-12-13T06:32:00,121,121
http://irail.be/vehicle/IC727,http://irail.be/stations/NMBS/008893179,IC,2018-12-13T06:33:00,2018-12-13T06:33:00,158,158
http://irail.be/vehicle/IC727,http://irail.be/stations/NMBS/008893120,IC,2018-12-13T06:36:00,2018-12-13T06:35:00,135,58
http://irail.be/vehicle/IC727,http://irail.be/stations/NMBS/008894151,IC,2018-12-13T06:44:00,2018-12-13T06:44:00,48,48
http://irail.be/vehicle/IC727,http://irail.be/stations/NMBS/008894201,IC,2018-12-13T06:50:00,2018-12-13T06:48:00,58,36
http://irail.be/vehicle/IC727,NO-URI,IC,2018-12-13T06:52:00,2018-12-13T06:52:00,47,47
http://irail.be/vehicle/IC727,http://irail.be/stations/NMBS/008894425,IC,2018-12-13T06:54:00,2018-12-13T06:54:00,54,54
http://irail.be/vehicle/IC727,http://irail.be/stations/NMBS/008894433,IC,2018-12-13T06:55:00,2018-12-13T06:55:00,41,41
http://irail.be/vehicle/IC727,http://irail.be/stations/NMBS/008894508,IC,2018-12-13T07:00:00,2018-12-13T06:58:00,-20,22
http://irail.be/vehicle/IC727,NO-URI,IC,2018-12-13T07:02:00,2018-12-13T07:02:00,2,2
http://irail.be/vehicle/IC727,http://irail.be/stations/NMBS/008894714,IC,2018-12-13T07:03:00,2018-12-13T07:03:00,-12,-12
http://irail.be/vehicle/IC727,http://irail.be/stations/NMBS/008894748,IC,2018-12-13T07:06:00,2018-12-13T07:06:00,-47,-47
http://irail.be/vehicle/IC727,http://irail.be/stations/NMBS/008894755,IC,2018-12-13T07:07:00,2018-12-13T07:07:00,-53,-53
http://irail.be/vehicle/IC727,http://irail.be/stations/NMBS/008894821,IC,2018-12-13T07:08:00,2018-12-13T07:08:00,-36,-36
http://irail.be/vehicle/IC727,http://irail.be/stations/NMBS/008821196,IC,2018-12-13T07:12:00,2018-12-13T07:12:00,-69,-69
http://irail.be/vehicle/IC727,http://irail.be/stations/NMBS/008821121,IC,2018-12-13T07:19:00,2018-12-13T07:17:00,2,-61
http://irail.be/vehicle/IC727,http://irail.be/stations/NMBS/008821006,IC,2018-12-13T07:23:00,2018-12-13T07:23:00,,-27
http://irail.be/vehicle/IC727,http://irail.be/stations/NMBS/008896735,IC,2018-10-09T05:08:00,2018-10-09T05:08:00,65,
http://irail.be/vehicle/IC727,http://irail.be/stations/NMBS/008896503,IC,2018-10-09T05:16:00,2018-10-09T05:15:00,82,58
http://irail.be/vehicle/IC727,http://irail.be/stations/NMBS/008896412,IC,2018-10-09T05:26:00,2018-10-09T05:25:00,89,70
http://irail.be/vehicle/IC727,http://irail.be/stations/NMBS/008896396,IC,2018-10-09T05:30:00,2018-10-09T05:29:00,89,89
http://irail.be/vehicle/IC727,http://irail.be/stations/NMBS/008896305,IC,2018-10-09T05:35:00,2018-10-09T05:34:00,76,89
http://irail.be/vehicle/IC727,http://irail.be/stations/NMBS/008896370,IC,2018-10-09T05:40:00,2018-10-09T05:39:00,76,76
http://irail.be/vehicle/IC727,http://irail.be/stations/NMBS/008896388,IC,2018-10-09T05:45:00,2018-10-09T05:44:00,9,9
http://irail.be/vehicle/IC727,http://irail.be/stations/NMBS/008896008,IC,2018-10-09T05:58:00,2018-10-09T05:50:00,38,-8
http://irail.be/vehicle/IC727,http://irail.be/stations/NMBS/008896115,IC,2018-10-09T06:02:00,2018-10-09T06:02:00,18,18
http://irail.be/vehicle/IC727,http://irail.be/stations/NMBS/008896149,IC,2018-10-09T06:08:00,2018-10-09T06:07:00,13,24
http://irail.be/vehicle/IC727,http://irail.be/stations/NMBS/008892106,IC,2018-10-09T06:15:00,2018-10-09T06:15:00,-35,-35
http://irail.be/vehicle/IC727,NO-URI,IC,2018-10-09T06:15:00,2018-10-09T06:15:00,65,65
http://irail.be/vehicle/IC727,http://irail.be/stations/NMBS/008892080,IC,2018-10-09T06:18:00,2018-10-09T06:18:00,64,64
http://irail.be/vehicle/IC727,http://irail.be/stations/NMBS/008892007,IC,2018-10-09T06:27:00,2018-10-09T06:24:00,4,20
http://irail.be/vehicle/IC727,NO-URI,IC,2018-10-09T06:31:00,2018-10-09T06:31:00,23,23
http://irail.be/vehicle/IC727,http://irail.be/stations/NMBS/008893179,IC,2018-10-09T06:32:00,2018-10-09T06:32:00,-89,-89
http://irail.be/vehicle/IC727,http://irail.be/stations/NMBS/008893120,IC,2018-10-09T06:36:00,2018-10-09T06:35:00,24,-89
http://irail.be/vehicle/IC727,http://irail.be/stations/NMBS/008894151,IC,2018-10-09T06:43:00,2018-10-09T06:43:00,-22,-22
http://irail.be/vehicle/IC727,http://irail.be/stations/NMBS/008894201,IC,2018-10-09T06:50:00,2018-10-09T06:48:00,8,-52
http://irail.be/vehicle/IC727,NO-URI,IC,2018-10-09T06:52:00,2018-10-09T06:52:00,-12,-12
http://irail.be/vehicle/IC727,http://irail.be/stations/NMBS/008894425,IC,2018-10-09T06:54:00,2018-10-09T06:54:00,-7,-7
http://irail.be/vehicle/IC727,http://irail.be/stations/NMBS/008894433,IC,2018-10-09T06:55:00,2018-10-09T06:55:00,-12,-12
http://irail.be/vehicle/IC727,http://irail.be/stations/NMBS/008894508,IC,2018-10-09T07:00:00,2018-10-09T06:58:00,-8,6
http://irail.be/vehicle/IC727,NO-URI,IC,2018-10-09T07:02:00,2018-10-09T07:02:00,-2,-2
http://irail.be/vehicle/IC727,http://irail.be/stations/NMBS/008894714,IC,2018-10-09T07:03:00,2018-10-09T07:03:00,-18,-18
http://irail.be/vehicle/IC727,http://irail.be/stations/NMBS/008894748,IC,2018-10-09T07:06:00,2018-10-09T07:06:00,-50,-50
http://irail.be/vehicle/IC727,http://irail.be/stations/NMBS/008894755,IC,2018-10-09T07:07:00,2018-10-09T07:07:00,-45,-45
http://irail.be/vehicle/IC727,http://irail.be/stations/NMBS/008894821,IC,2018-10-09T07:08:00,2018-10-09T07:08:00,-7,-7
http://irail.be/vehicle/IC727,http://irail.be/stations/NMBS/008821196,IC,2018-10-09T07:12:00,2018-10-09T07:12:00,-27,-27
http://irail.be/vehicle/IC727,http://irail.be/stations/NMBS/008821121,IC,2018-10-09T07:19:00,2018-10-09T07:17:00,21,53
http://irail.be/vehicle/IC727,http://irail.be/stations/NMBS/008821006,IC,2018-10-09T07:23:00,2018-10-09T07:23:00,,-18
http://irail.be/vehicle/IC727,http://irail.be/stations/NMBS/008896735,IC,2018-03-13T05:08:00,2018-03-13T05:08:00,69,
http://irail.be/vehicle/IC727,http://irail.be/stations/NMBS/008896503,IC,2018-03-13T05:16:00,2018-03-13T05:15:00,87,63
http://irail.be/vehicle/IC727,http://irail.be/stations/NMBS/008896412,IC,2018-03-13T05:26:00,2018-03-13T05:25:00,115,89
http://irail.be/vehicle/IC727,http://irail.be/stations/NMBS/008896396,IC,2018-03-13T05:30:00,2018-03-13T05:29:00,115,115
http://irail.be/vehicle/IC727,http://irail.be/stations/NMBS/008896305,IC,2018-03-13T05:35:00,2018-03-13T05:34:00,105,115
http://irail.be/vehicle/IC727,http://irail.be/stations/NMBS/008896370,IC,2018-03-13T05:40:00,2018-03-13T05:40:00,105,105
http://irail.be/vehicle/IC727,http://irail.be/stations/NMBS/008896388,IC,2018-03-13T05:44:00,2018-03-13T05:44:00,103,103
http://irail.be/vehicle/IC727,http://irail.be/stations/NMBS/008896008,IC,2018-03-13T05:57:00,2018-03-13T05:50:00,55,50
http://irail.be/vehicle/IC727,http://irail.be/stations/NMBS/008896115,IC,2018-03-13T06:01:00,2018-03-13T06:01:00,37,37
http://irail.be/vehicle/IC727,http://irail.be/stations/NMBS/008896149,IC,2018-03-13T06:06:00,2018-03-13T06:05:00,96,100
http://irail.be/vehicle/IC727,http://irail.be/stations/NMBS/008892106,IC,2018-03-13T06:15:00,2018-03-13T06:15:00,-48,-48
http://irail.be/vehicle/IC727,NO-URI,IC,2018-03-13T06:15:00,2018-03-13T06:15:00,34,34
http://irail.be/vehicle/IC727,http://irail.be/stations/NMBS/008892080,IC,2018-03-13T06:18:00,2018-03-13T06:18:00,38,38
http://irail.be/vehicle/IC727,http://irail.be/stations/NMBS/008892007,IC,2018-03-13T06:27:00,2018-03-13T06:24:00,61,159
http://irail.be/vehicle/IC727,NO-URI,IC,2018-03-13T06:31:00,2018-03-13T06:31:00,72,72
http://irail.be/vehicle/IC727,http://irail.be/stations/NMBS/008893179,IC,2018-03-13T06:32:00,2018-03-13T06:32:00,-132,-132
http://irail.be/vehicle/IC727,http://irail.be/stations/NMBS/008893120,IC,2018-03-13T06:36:00,2018-03-13T06:35:00,-132,-132
http://irail.be/vehicle/IC727,http://irail.be/stations/NMBS/008894151,IC,2018-03-13T06:43:00,2018-03-13T06:43:00,15,15
http://irail.be/vehicle/IC727,http://irail.be/stations/NMBS/008894201,IC,2018-03-13T06:50:00,2018-03-13T06:48:00,2,-34
http://irail.be/vehicle/IC727,NO-URI,IC,2018-03-13T06:52:00,2018-03-13T06:52:00,-7,-7
http://irail.be/vehicle/IC727,http://irail.be/stations/NMBS/008894425,IC,2018-03-13T06:54:00,2018-03-13T06:54:00,-2,-2
http://irail.be/vehicle/IC727,http://irail.be/stations/NMBS/008894433,IC,2018-03-13T06:55:00,2018-03-13T06:55:00,-14,-14
http://irail.be/vehicle/IC727,http://irail.be/stations/NMBS/008894508,IC,2018-03-13T07:00:00,2018-03-13T06:58:00,3,-29
http://irail.be/vehicle/IC727,NO-URI,IC,2018-03-13T07:02:00,2018-03-13T07:02:00,16,16
http://irail.be/vehicle/IC727,http://irail.be/stations/NMBS/008894714,IC,2018-03-13T07:03:00,2018-03-13T07:03:00,2,2
http://irail.be/vehicle/IC727,http://irail.be/stations/NMBS/008894748,IC,2018-03-13T07:06:00,2018-03-13T07:06:00,-29,-29
http://irail.be/vehicle/IC727,http://irail.be/stations/NMBS/008894755,IC,2018-03-13T07:07:00,2018-03-13T07:07:00,-34,-34
http://irail.be/vehicle/IC727,http://irail.be/stations/NMBS/008894821,IC,2018-03-13T07:08:00,2018-03-13T07:08:00,-13,-13
http://irail.be/vehicle/IC727,NO-URI,IC,2018-03-13T07:09:00,2018-03-13T07:09:00,-13,-13
http://irail.be/vehicle/IC727,http://irail.be/stations/NMBS/008821196,IC,2018-03-13T07:12:00,2018-03-13T07:12:00,-48,-48
http://irail.be/vehicle/IC727,http://irail.be/stations/NMBS/008821121,IC,2018-03-13T07:19:00,2018-03-13T07:17:00,127,28
http://irail.be/vehicle/IC727,http://irail.be/stations/NMBS/008821006,IC,2018-03-13T07:23:00,2018-03-13T07:23:00,,126
http://irail.be/vehicle/IC727,http://irail.be/stations/NMBS/008896735,IC,2018-12-03T05:08:00,2018-12-03T05:08:00,54,
http://irail.be/vehicle/IC727,http://irail.be/stations/NMBS/008896503,IC,2018-12-03T05:16:00,2018-12-03T05:15:00,50,45
http://irail.be/vehicle/IC727,http://irail.be/stations/NMBS/008896412,IC,2018-12-03T05:26:00,2018-12-03T05:25:00,22,18
http://irail.be/vehicle/IC727,http://irail.be/stations/NMBS/008896396,IC,2018-12-03T05:30:00,2018-12-03T05:29:00,22,22
http://irail.be/vehicle/IC727,http://irail.be/stations/NMBS/008896305,IC,2018-12-03T05:35:00,2018-12-03T05:34:00,18,22
http://irail.be/vehicle/IC727,http://irail.be/stations/NMBS/008896370,IC,2018-12-03T05:40:00,2018-12-03T05:39:00,0,18
http://irail.be/vehicle/IC727,http://irail.be/stations/NMBS/008896388,IC,2018-12-03T05:45:00,2018-12-03T05:44:00,0,0
http://irail.be/vehicle/IC727,http://irail.be/stations/NMBS/008896008,IC,2018-12-03T05:58:00,2018-12-03T05:50:00,29,-52
http://irail.be/vehicle/IC727,http://irail.be/stations/NMBS/008896115,IC,2018-12-03T06:02:00,2018-12-03T06:02:00,35,35
http://irail.be/vehicle/IC727,http://irail.be/stations/NMBS/008896149,IC,2018-12-03T06:08:00,2018-12-03T06:07:00,-7,0
http://irail.be/vehicle/IC727,http://irail.be/stations/NMBS/008892106,IC,2018-12-03T06:15:00,2018-12-03T06:15:00,-45,-45
http://irail.be/vehicle/IC727,NO-URI,IC,2018-12-03T06:15:00,2018-12-03T06:15:00,-10,-10
http://irail.be/vehicle/IC727,http://irail.be/stations/NMBS/008892080,IC,2018-12-03T06:18:00,2018-12-03T06:18:00,-29,-29
http://irail.be/vehicle/IC727,http://irail.be/stations/NMBS/008892007,IC,2018-12-03T06:27:00,2018-12-03T06:24:00,1,-28
http://irail.be/vehicle/IC727,NO-URI,IC,2018-12-03T06:31:00,2018-12-03T06:31:00,24,24
http://irail.be/vehicle/IC727,http://irail.be/stations/NMBS/008893179,IC,2018-12-03T06:32:00,2018-12-03T06:32:00,7,7
http://irail.be/vehicle/IC727,http://irail.be/stations/NMBS/008893120,IC,2018-12-03T06:36:00,2018-12-03T06:35:00,50,-96
http://irail.be/vehicle/IC727,http://irail.be/stations/NMBS/008894151,IC,2018-12-03T06:43:00,2018-12-03T06:43:00,20,20
http://irail.be/vehicle/IC727,http://irail.be/stations/NMBS/008894201,IC,2018-12-03T06:50:00,2018-12-03T06:48:00,7,-14
http://irail.be/vehicle/IC727,NO-URI,IC,2018-12-03T06:52:00,2018-12-03T06:52:00,-6,-6
http://irail.be/vehicle/IC727,http://irail.be/stations/NMBS/008894425,IC,2018-12-03T06:54:00,2018-12-03T06:54:00,1,1
http://irail.be/vehicle/IC727,http://irail.be/stations/NMBS/008894433,IC,2018-12-03T06:55:00,2018-12-03T06:55:00,-5,-5
http://irail.be/vehicle/IC727,http://irail.be/stations/NMBS/008894508,IC,2018-12-03T07:00:00,2018-12-03T06:58:00,15,-11
http://irail.be/vehicle/IC727,NO-URI,IC,2018-12-03T07:02:00,2018-12-03T07:02:00,31,31
http://irail.be/vehicle/IC727,http://irail.be/stations/NMBS/008894714,IC,2018-12-03T07:03:00,2018-12-03T07:03:00,21,21
http://irail.be/vehicle/IC727,http://irail.be/stations/NMBS/008894748,IC,2018-12-03T07:06:00,2018-12-03T07:06:00,13,13
http://irail.be/vehicle/IC727,http://irail.be/stations/NMBS/008894755,IC,2018-12-03T07:07:00,2018-12-03T07:07:00,9,9
http://irail.be/vehicle/IC727,http://irail.be/stations/NMBS/008894821,IC,2018-12-03T07:08:00,2018-12-03T07:08:00,35,35
http://irail.be/vehicle/IC727,http://irail.be/stations/NMBS/008821196,IC,2018-12-03T07:12:00,2018-12-03T07:12:00,3,3
http://irail.be/vehicle/IC727,http://irail.be/stations/NMBS/008821121,IC,2018-12-03T07:19:00,2018-12-03T07:17:00,62,-12
http://irail.be/vehicle/IC727,http://irail.be/stations/NMBS/008821006,IC,2018-12-03T07:23:00,2018-12-03T07:23:00,,117
http://irail.be/vehicle/IC727,http://irail.be/stations/NMBS/008896735,IC,2018-06-02T05:08:00,2018-06-02T05:08:00,60,
http://irail.be/vehicle/IC727,http://irail.be/stations/NMBS/008896503,IC,2018-06-02T05:16:00,2018-06-02T05:15:00,39,44
http://irail.be/vehicle/IC727,http://irail.be/stations/NMBS/008896412,IC,2018-06-02T05:26:00,2018-06-02T05:25:00,25,28
http://irail.be/vehicle/IC727,http://irail.be/stations/NMBS/008896396,IC,2018-06-02T05:30:00,2018-06-02T05:29:00,25,25
http://irail.be/vehicle/IC727,http://irail.be/stations/NMBS/008896305,IC,2018-06-02T05:35:00,2018-06-02T05:34:00,22,25
http://irail.be/vehicle/IC727,http://irail.be/stations/NMBS/008896370,IC,2018-06-02T05:40:00,2018-06-02T05:40:00,29,22
http://irail.be/vehicle/IC727,http://irail.be/stations/NMBS/008896388,IC,2018-06-02T05:44:00,2018-06-02T05:44:00,29,29
http://irail.be/vehicle/IC727,http://irail.be/stations/NMBS/008896008,IC,2018-06-02T05:57:00,2018-06-02T05:50:00,42,-62
http://irail.be/vehicle/IC727,http://irail.be/stations/NMBS/008896115,IC,2018-06-02T06:01:00,2018-06-02T06:01:00,15,15
http://irail.be/vehicle/IC727,http://irail.be/stations/NMBS/008896149,IC,2018-06-02T06:06:00,2018-06-02T06:05:00,6,25
http://irail.be/vehicle/IC727,http://irail.be/stations/NMBS/008892106,IC,2018-06-02T06:15:00,2018-06-02T06:15:00,-143,-143
http://irail.be/vehicle/IC727,NO-URI,IC,2018-06-02T06:15:00,2018-06-02T06:15:00,-121,-121
http://irail.be/vehicle/IC727,http://irail.be/stations/NMBS/008892080,IC,2018-06-02T06:18:00,2018-06-02T06:18:00,-127,-127
http://irail.be/vehicle/IC727,http://irail.be/stations/NMBS/008892007,IC,2018-06-02T06:27:00,2018-06-02T06:24:00,15,-97
http://irail.be/vehicle/IC727,NO-URI,IC,2018-06-02T06:31:00,2018-06-02T06:31:00,34,34
http://irail.be/vehicle/IC727,http://irail.be/stations/NMBS/008893179,IC,2018-06-02T06:32:00,2018-06-02T06:32:00,-154,-154
http://irail.be/vehicle/IC727,http://irail.be/stations/NMBS/008893120,IC,2018-06-02T06:36:00,2018-06-02T06:35:00,50,-154
http://irail.be/vehicle/IC727,http://irail.be/stations/NMBS/008894151,IC,2018-06-02T06:43:00,2018-06-02T06:43:00,138,138
http://irail.be/vehicle/IC727,http://irail.be/stations/NMBS/008894201,IC,2018-06-02T06:50:00,2018-06-02T06:48:00,58,107
http://irail.be/vehicle/IC727,NO-URI,IC,2018-06-02T06:52:00,2018-06-02T06:52:00,48,48
http://irail.be/vehicle/IC727,http://irail.be/stations/NMBS/008894425,IC,2018-06-02T06:54:00,2018-06-02T06:54:00,47,47
http://irail.be/vehicle/IC727,http://irail.be/stations/NMBS/008894433,IC,2018-06-02T06:55:00,2018-06-02T06:55:00,37,37
http://irail.be/vehicle/IC727,http://irail.be/stations/NMBS/008894508,IC,2018-06-02T07:00:00,2018-06-02T06:58:00,11,24
http://irail.be/vehicle/IC727,NO-URI,IC,2018-06-02T07:02:00,2018-06-02T07:02:00,3,3
http://irail.be/vehicle/IC727,http://irail.be/stations/NMBS/008894714,IC,2018-06-02T07:03:00,2018-06-02T07:03:00,-15,-15
http://irail.be/vehicle/IC727,http://irail.be/stations/NMBS/008894748,IC,2018-06-02T07:06:00,2018-06-02T07:06:00,-48,-48
http://irail.be/vehicle/IC727,http://irail.be/stations/NMBS/008894755,IC,2018-06-02T07:07:00,2018-06-02T07:07:00,-50,-50
http://irail.be/vehicle/IC727,http://irail.be/stations/NMBS/008894821,IC,2018-06-02T07:08:00,2018-06-02T07:08:00,-25,-25
http://irail.be/vehicle/IC727,NO-URI,IC,2018-06-02T07:09:00,2018-06-02T07:09:00,-25,-25
http://irail.be/vehicle/IC727,http://irail.be/stations/NMBS/008821196,IC,2018-06-02T07:12:00,2018-06-02T07:12:00,-36,-36
http://irail.be/vehicle/IC727,http://irail.be/stations/NMBS/008821121,IC,2018-06-02T07:19:00,2018-06-02T07:17:00,-1,-84
http://irail.be/vehicle/IC727,http://irail.be/stations/NMBS/008821006,IC,2018-06-02T07:23:00,2018-06-02T07:23:00,,-30
http://irail.be/vehicle/IC727,http://irail.be/stations/NMBS/008896735,IC,2018-07-13T05:08:00,2018-07-13T05:08:00,81,
http://irail.be/vehicle/IC727,http://irail.be/stations/NMBS/008896503,IC,2018-07-13T05:16:00,2018-07-13T05:15:00,90,57
http://irail.be/vehicle/IC727,http://irail.be/stations/NMBS/008896412,IC,2018-07-13T05:26:00,2018-07-13T05:25:00,52,68
http://irail.be/vehicle/IC727,http://irail.be/stations/NMBS/008896396,IC,2018-07-13T05:30:00,2018-07-13T05:29:00,52,52
http://irail.be/vehicle/IC727,http://irail.be/stations/NMBS/008896305,IC,2018-07-13T05:35:00,2018-07-13T05:34:00,69,52
http://irail.be/vehicle/IC727,http://irail.be/stations/NMBS/008896370,IC,2018-07-13T05:40:00,2018-07-13T05:39:00,69,69
http://irail.be/vehicle/IC727,http://irail.be/stations/NMBS/008896388,IC,2018-07-13T05:45:00,2018-07-13T05:44:00,-35,-35
http://irail.be/vehicle/IC727,http://irail.be/stations/NMBS/008896008,IC,2018-07-13T05:58:00,2018-07-13T05:50:00,186,-19
http://irail.be/vehicle/IC727,http://irail.be/stations/NMBS/008896115,IC,2018-07-13T06:02:00,2018-07-13T06:02:00,214,214
http://irail.be/vehicle/IC727,http://irail.be/stations/NMBS/008896149,IC,2018-07-13T06:08:00,2018-07-13T06:07:00,156,174
http://irail.be/vehicle/IC727,http://irail.be/stations/NMBS/008892106,IC,2018-07-13T06:15:00,2018-07-13T06:15:00,87,87
http://irail.be/vehicle/IC727,NO-URI,IC,2018-07-13T06:15:00,2018-07-13T06:15:00,120,120
http://irail.be/vehicle/IC727,http://irail.be/stations/NMBS/008892080,IC,2018-07-13T06:18:00,2018-07-13T06:18:00,90,90
http://irail.be/vehicle/IC727,http://irail.be/stations/NMBS/008892007,IC,2018-07-13T06:27:00,2018-07-13T06:24:00,7,50
http://irail.be/vehicle/IC727,NO-URI,IC,2018-07-13T06:31:00,2018-07-13T06:31:00,26,26
http://irail.be/vehicle/IC727,http://irail.be/stations/NMBS/008893179,IC,2018-07-13T06:32:00,2018-07-13T06:32:00,-183,-183
http://irail.be/vehicle/IC727,http://irail.be/stations/NMBS/008893120,IC,2018-07-13T06:36:00,2018-07-13T06:35:00,53,-183
http://irail.be/vehicle/IC727,http://irail.be/stations/NMBS/008894151,IC,2018-07-13T06:43:00,2018-07-13T06:43:00,44,44
http://irail.be/vehicle/IC727,http://irail.be/stations/NMBS/008894201,IC,2018-07-13T06:50:00,2018-07-13T06:48:00,10,0
http://irail.be/vehicle/IC727,NO-URI,IC,2018-07-13T06:52:00,2018-07-13T06:52:00,-9,-9
http://irail.be/vehicle/IC727,http://irail.be/stations/NMBS/008894425,IC,2018-07-13T06:54:00,2018-07-13T06:54:00,-6,-6
http://irail.be/vehicle/IC727,http://irail.be/stations/NMBS/008894433,IC,2018-07-13T06:55:00,2018-07-13T06:55:00,-17,-17
http://irail.be/vehicle/IC727,http://irail.be/stations/NMBS/008894508,IC,2018-07-13T07:00:00,2018-07-13T06:58:00,-11,-35
http://irail.be/vehicle/IC727,NO-URI,IC,2018-07-13T07:02:00,2018-07-13T07:02:00,-13,-13
http://irail.be/vehicle/IC727,http://irail.be/stations/NMBS/008894714,IC,2018-07-13T07:03:00,2018-07-13T07:03:00,-30,-30
http://irail.be/vehicle/IC727,http://irail.be/stations/NMBS/008894748,IC,2018-07-13T07:06:00,2018-07-13T07:06:00,-64,-64
http://irail.be/vehicle/IC727,http://irail.be/stations/NMBS/008894755,IC,2018-07-13T07:07:00,2018-07-13T07:07:00,-70,-70
http://irail.be/vehicle/IC727,http://irail.be/stations/NMBS/008894821,IC,2018-07-13T07:08:00,2018-07-13T07:08:00,-51,-51
http://irail.be/vehicle/IC727,http://irail.be/stations/NMBS/008821196,IC,2018-07-13T07:12:00,2018-07-13T07:12:00,-90,-90
http://irail.be/vehicle/IC727,http://irail.be/stations/NMBS/008821121,IC,2018-07-13T07:19:00,2018-07-13T07:17:00,-10,-5
http://irail.be/vehicle/IC727,http://irail.be/stations/NMBS/008821006,IC,2018-07-13T07:23:00,2018-07-13T07:23:00,,-31
http://irail.be/vehicle/IC727,http://irail.be/stations/NMBS/008896735,IC,2018-01-05T05:08:00,2018-01-05T05:08:00,93,
http://irail.be/vehicle/IC727,http://irail.be/stations/NMBS/008896503,IC,2018-01-05T05:16:00,2018-01-05T05:15:00,55,59
http://irail.be/vehicle/IC727,http://irail.be/stations/NMBS/008896412,IC,2018-01-05T05:26:00,2018-01-05T05:25:00,43,18
http://irail.be/vehicle/IC727,http://irail.be/stations/NMBS/008896396,IC,2018-01-05T05:30:00,2018-01-05T05:29:00,43,43
http://irail.be/vehicle/IC727,http://irail.be/stations/NMBS/008896305,IC,2018-01-05T05:35:00,2018-01-05T05:34:00,13,43
http://irail.be/vehicle/IC727,http://irail.be/stations/NMBS/008896370,IC,2018-01-05T05:40:00,2018-01-05T05:40:00,28,13
http://irail.be/vehicle/IC727,http://irail.be/stations/NMBS/008896388,IC,2018-01-05T05:44:00,2018-01-05T05:44:00,28,28
http://irail.be/vehicle/IC727,http://irail.be/stations/NMBS/008896008,IC,2018-01-05T05:57:00,2018-01-05T05:50:00,38,-81
http://irail.be/vehicle/IC727,http://irail.be/stations/NMBS/008896115,IC,2018-01-05T06:01:00,2018-01-05T06:01:00,-1,-1
http://irail.be/vehicle/IC727,http://irail.be/stations/NMBS/008896149,IC,2018-01-05T06:06:00,2018-01-05T06:05:00,-1,1
http://irail.be/vehicle/IC727,http://irail.be/stations/NMBS/008892106,IC,2018-01-05T06:15:00,2018-01-05T06:15:00,-148,-148
http://irail.be/vehicle/IC727,NO-URI,IC,2018-01-05T06:15:00,2018-01-05T06:15:00,-131,-131
http://irail.be/vehicle/IC727,http://irail.be/stations/NMBS/008892080,IC,2018-01-05T06:18:00,2018-01-05T06:18:00,-154,-154
http://irail.be/vehicle/IC727,http://irail.be/stations/NMBS/008892007,IC,2018-01-05T06:27:00,2018-01-05T06:24:00,18,-162
http://irail.be/vehicle/IC727,NO-URI,IC,2018-01-05T06:31:00,2018-01-05T06:31:00,21,21
http://irail.be/vehicle/IC727,http://irail.be/stations/NMBS/008893179,IC,2018-01-05T06:32:00,2018-01-05T06:32:00,-180,-180
http://irail.be/vehicle/IC727,http://irail.be/stations/NMBS/008893120,IC,2018-01-05T06:36:00,2018-01-05T06:35:00,-180,-180
http://irail.be/vehicle/IC727,http://irail.be/stations/NMBS/008894151,IC,2018-01-05T06:43:00,2018-01-05T06:43:00,16,16
http://irail.be/vehicle/IC727,http://irail.be/stations/NMBS/008894201,IC,2018-01-05T06:50:00,2018-01-05T06:48:00,34,-29
http://irail.be/vehicle/IC727,NO-URI,IC,2018-01-05T06:52:00,2018-01-05T06:52:00,21,21
http://irail.be/vehicle/IC727,http://irail.be/stations/NMBS/008894425,IC,2018-01-05T06:54:00,2018-01-05T06:54:00,25,25
http://irail.be/vehicle/IC727,http://irail.be/stations/NMBS/008894433,IC,2018-01-05T06:55:00,2018-01-05T06:55:00,15,15
http://irail.be/vehicle/IC727,http://irail.be/stations/NMBS/008894508,IC,2018-01-05T07:00:00,2018-01-05T06:58:00,21,5
http://irail.be/vehicle/IC727,NO-URI,IC,2018-01-05T07:02:00,2018-01-05T07:02:00,12,12
http://irail.be/vehicle/IC727,http://irail.be/stations/NMBS/008894714,IC,2018-01-05T07:03:00,2018-01-05T07:03:00,-5,-5
http://irail.be/vehicle/IC727,http://irail.be/stations/NMBS/008894748,IC,2018-01-05T07:06:00,2018-01-05T07:06:00,-39,-39
http://irail.be/vehicle/IC727,http://irail.be/stations/NMBS/008894755,IC,2018-01-05T07:07:00,2018-01-05T07:07:00,-46,-46
http://irail.be/vehicle/IC727,http://irail.be/stations/NMBS/008894821,IC,2018-01-05T07:08:00,2018-01-05T07:08:00,-26,-26
http://irail.be/vehicle/IC727,NO-URI,IC,2018-01-05T07:09:00,2018-01-05T07:09:00,-26,-26
http://irail.be/vehicle/IC727,http://irail.be/stations/NMBS/008821196,IC,2018-01-05T07:12:00,2018-01-05T07:12:00,-64,-64
http://irail.be/vehicle/IC727,http://irail.be/stations/NMBS/008821121,IC,2018-01-05T07:19:00,2018-01-05T07:17:00,0,-67
http://irail.be/vehicle/IC727,http://irail.be/stations/NMBS/008821006,IC,2018-01-05T07:23:00,2018-01-05T07:23:00,,-34
http://irail.be/vehicle/IC727,http://irail.be/stations/NMBS/008896735,IC,2018-10-23T05:08:00,2018-10-23T05:08:00,47,
http://irail.be/vehicle/IC727,http://irail.be/stations/NMBS/008896503,IC,2018-10-23T05:16:00,2018-10-23T05:15:00,5,12
http://irail.be/vehicle/IC727,http://irail.be/stations/NMBS/008896412,IC,2018-10-23T05:26:00,2018-10-23T05:25:00,22,-23
http://irail.be/vehicle/IC727,http://irail.be/stations/NMBS/008896396,IC,2018-10-23T05:30:00,2018-10-23T05:29:00,22,22
http://irail.be/vehicle/IC727,http://irail.be/stations/NMBS/008896305,IC,2018-10-23T05:35:00,2018-10-23T05:34:00,-1,22
http://irail.be/vehicle/IC727,http://irail.be/stations/NMBS/008896370,IC,2018-10-23T05:40:00,2018-10-23T05:39:00,-56,-1
http://irail.be/vehicle/IC727,http://irail.be/stations/NMBS/008896388,IC,2018-10-23T05:45:00,2018-10-23T05:44:00,-56,-56
http://irail.be/vehicle/IC727,http://irail.be/stations/NMBS/008896008,IC,2018-10-23T05:58:00,2018-10-23T05:50:00,187,-109
http://irail.be/vehicle/IC727,http://irail.be/stations/NMBS/008896115,IC,2018-10-23T06:02:00,2018-10-23T06:02:00,344,344
http://irail.be/vehicle/IC727,http://irail.be/stations/NMBS/008896149,IC,2018-10-23T06:08:00,2018-10-23T06:07:00,306,313
http://irail.be/vehicle/IC727,http://irail.be/stations/NMBS/008892106,IC,2018-10-23T06:15:00,2018-10-23T06:15:00,261,261
http://irail.be/vehicle/IC727,NO-URI,IC,2018-10-23T06:15:00,2018-10-23T06:15:00,295,295
http://irail.be/vehicle/IC727,http://irail.be/stations/NMBS/008892080,IC,2018-10-23T06:18:00,2018-10-23T06:18:00,269,269
http://irail.be/vehicle/IC727,http://irail.be/stations/NMBS/008892007,IC,2018-10-23T06:27:00,2018-10-23T06:24:00,125,243
http://irail.be/vehicle/IC727,NO-URI,IC,2018-10-23T06:31:00,2018-10-23T06:31:00,174,174
http://irail.be/vehicle/IC727,http://irail.be/stations/NMBS/008893179,IC,2018-10-23T06:32:00,2018-10-23T06:32:00,50,50
http://irail.be/vehicle/IC727,http://irail.be/stations/NMBS/008893120,IC,2018-10-23T06:36:00,2018-10-23T06:35:00,179,50
http://irail.be/vehicle/IC727,http://irail.be/stations/NMBS/008894151,IC,2018-10-23T06:43:00,2018-10-23T06:43:00,204,204
http://irail.be/vehicle/IC727,http://irail.be/stations/NMBS/008894201,IC,2018-10-23T06:50:00,2018-10-23T06:48:00,129,159
http://irail.be/vehicle/IC727,NO-URI,IC,2018-10-23T06:52:00,2018-10-23T06:52:00,115,115
http://irail.be/vehicle/IC727,http://irail.be/stations/NMBS/008894425,IC,2018-10-23T06:54:00,2018-10-23T06:54:00,118,118
http://irail.be/vehicle/IC727,http://irail.be/stations/NMBS/008894433,IC,2018-10-23T06:55:00,2018-10-23T06:55:00,107,107
http://irail.be/vehicle/IC727,http://irail.be/stations/NMBS/008894508,IC,2018-10-23T07:00:00,2018-10-23T06:58:00,74,95
http://irail.be/vehicle/IC727,NO-URI,IC,2018-10-23T07:02:00,2018-10-23T07:02:00,76,76
http://irail.be/vehicle/IC727,http://irail.be/stations/NMBS/008894714,IC,2018-10-23T07:03:00,2018-10-23T07:03:00,61,61
http://irail.be/vehicle/IC727,http://irail.be/stations/NMBS/008894748,IC,2018-10-23T07:06:00,2018-10-23T07:06:00,29,29
http://irail.be/vehicle/IC727,http://irail.be/stations/NMBS/008894755,IC,2018-10-23T07:07:00,2018-10-23T07:07:00,23,23
http://irail.be/vehicle/IC727,http://irail.be/stations/NMBS/008894821,IC,2018-10-23T07:08:00,2018-10-23T07:08:00,43,43
http://irail.be/vehicle/IC727,http://irail.be/stations/NMBS/008821196,IC,2018-10-23T07:12:00,2018-10-23T07:12:00,20,20
http://irail.be/vehicle/IC727,http://irail.be/stations/NMBS/008821121,IC,2018-10-23T07:19:00,2018-10-23T07:17:00,186,8
http://irail.be/vehicle/IC727,http://irail.be/stations/NMBS/008821006,IC,2018-10-23T07:23:00,2018-10-23T07:23:00,,154
http://irail.be/vehicle/IC727,http://irail.be/stations/NMBS/008896735,IC,2018-06-20T05:08:00,2018-06-20T05:08:00,49,
http://irail.be/vehicle/IC727,http://irail.be/stations/NMBS/008896503,IC,2018-06-20T05:16:00,2018-06-20T05:15:00,68,37
http://irail.be/vehicle/IC727,http://irail.be/stations/NMBS/008896412,IC,2018-06-20T05:26:00,2018-06-20T05:25:00,41,51
http://irail.be/vehicle/IC727,http://irail.be/stations/NMBS/008896396,IC,2018-06-20T05:30:00,2018-06-20T05:29:00,41,41
http://irail.be/vehicle/IC727,http://irail.be/stations/NMBS/008896305,IC,2018-06-20T05:35:00,2018-06-20T05:34:00,39,41
http://irail.be/vehicle/IC727,http://irail.be/stations/NMBS/008896370,IC,2018-06-20T05:40:00,2018-06-20T05:39:00,-5,39
http://irail.be/vehicle/IC727,http://irail.be/stations/NMBS/008896388,IC,2018-06-20T05:45:00,2018-06-20T05:44:00,-5,-5
http://irail.be/vehicle/IC727,http://irail.be/stations/NMBS/008896008,IC,2018-06-20T05:58:00,2018-06-20T05:50:00,45,-28
http://irail.be/vehicle/IC727,http://irail.be/stations/NMBS/008896115,IC,2018-06-20T06:02:00,2018-06-20T06:02:00,44,44
http://irail.be/vehicle/IC727,http://irail.be/stations/NMBS/008896149,IC,2018-06-20T06:08:00,2018-06-20T06:07:00,-6,4
http://irail.be/vehicle/IC727,http://irail.be/stations/NMBS/008892106,IC,2018-06-20T06:15:00,2018-06-20T06:15:00,-63,-63
http://irail.be/vehicle/IC727,NO-URI,IC,2018-06-20T06:15:00,2018-06-20T06:15:00,16,16
http://irail.be/vehicle/IC727,http://irail.be/stations/NMBS/008892080,IC,2018-06-20T06:18:00,2018-06-20T06:18:00,21,21
http://irail.be/vehicle/IC727,http://irail.be/stations/NMBS/008892007,IC,2018-06-20T06:27:00,2018-06-20T06:24:00,25,99
http://irail.be/vehicle/IC727,NO-URI,IC,2018-06-20T06:31:00,2018-06-20T06:31:00,83,83
http://irail.be/vehicle/IC727,http://irail.be/stations/NMBS/008893179,IC,2018-06-20T06:32:00,2018-06-20T06:32:00,-126,-126
http://irail.be/vehicle/IC727,http://irail.be/stations/NMBS/008893120,IC,2018-06-20T06:36:00,2018-06-20T06:35:00,85,-126
http://irail.be/vehicle/IC727,http://irail.be/stations/NMBS/008894151,IC,2018-06-20T06:43:00,2018-06-20T06:43:00,100,100
http://irail.be/vehicle/IC727,http://irail.be/stations/NMBS/008894201,IC,2018-06-20T06:50:00,2018-06-20T06:48:00,12,55
http://irail.be/vehicle/IC727,NO-URI,IC,2018-06-20T06:52:00,2018-06-20T06:52:00,-8,-8
http://irail.be/vehicle/IC727,http://irail.be/stations/NMBS/008894425,IC,2018-06-20T06:54:00,2018-06-20T06:54:00,-9,-9
http://irail.be/vehicle/IC727,http://irail.be/stations/NMBS/008894433,IC,2018-06-20T06:55:00,2018-06-20T06:55:00,-19,-19
http://irail.be/vehicle/IC727,http://irail.be/stations/NMBS/008894508,IC,2018-06-20T07:00:00,2018-06-20T06:58:00,4,-29
http://irail.be/vehicle/IC727,NO-URI,IC,2018-06-20T07:02:00,2018-06-20T07:02:00,7,7
http://irail.be/vehicle/IC727,http://irail.be/stations/NMBS/008894714,IC,2018-06-20T07:03:00,2018-06-20T07:03:00,-9,-9
http://irail.be/vehicle/IC727,http://irail.be/stations/NMBS/008894748,IC,2018-06-20T07:06:00,2018-06-20T07:06:00,-44,-44
http://irail.be/vehicle/IC727,http://irail.be/stations/NMBS/008894755,IC,2018-06-20T07:07:00,2018-06-20T07:07:00,-53,-53
http://irail.be/vehicle/IC727,http://irail.be/stations/NMBS/008894821,IC,2018-06-20T07:08:00,2018-06-20T07:08:00,-35,-35
http://irail.be/vehicle/IC727,http://irail.be/stations/NMBS/008821196,IC,2018-06-20T07:12:00,2018-06-20T07:12:00,-64,-64
http://irail.be/vehicle/IC727,http://irail.be/stations/NMBS/008821121,IC,2018-06-20T07:19:00,2018-06-20T07:17:00,40,-31
http://irail.be/vehicle/IC727,http://irail.be/stations/NMBS/008821006,IC,2018-06-20T07:23:00,2018-06-20T07:23:00,,73
http://irail.be/vehicle/IC727,http://irail.be/stations/NMBS/008896735,IC,2018-04-05T05:08:00,2018-04-05T05:08:00,92,
http://irail.be/vehicle/IC727,http://irail.be/stations/NMBS/008896503,IC,2018-04-05T05:16:00,2018-04-05T05:15:00,118,75
http://irail.be/vehicle/IC727,http://irail.be/stations/NMBS/008896412,IC,2018-04-05T05:26:00,2018-04-05T05:25:00,123,104
http://irail.be/vehicle/IC727,http://irail.be/stations/NMBS/008896396,IC,2018-04-05T05:30:00,2018-04-05T05:29:00,123,123
http://irail.be/vehicle/IC727,http://irail.be/stations/NMBS/008896305,IC,2018-04-05T05:35:00,2018-04-05T05:34:00,119,123
http://irail.be/vehicle/IC727,http://irail.be/stations/NMBS/008896370,IC,2018-04-05T05:40:00,2018-04-05T05:40:00,119,119
http://irail.be/vehicle/IC727,http://irail.be/stations/NMBS/008896388,IC,2018-04-05T05:44:00,2018-04-05T05:44:00,113,113
http://irail.be/vehicle/IC727,http://irail.be/stations/NMBS/008896008,IC,2018-04-05T05:57:00,2018-04-05T05:50:00,127,54
http://irail.be/vehicle/IC727,http://irail.be/stations/NMBS/008896115,IC,2018-04-05T06:01:00,2018-04-05T06:01:00,126,126
http://irail.be/vehicle/IC727,http://irail.be/stations/NMBS/008896149,IC,2018-04-05T06:06:00,2018-04-05T06:05:00,102,122
http://irail.be/vehicle/IC727,http://irail.be/stations/NMBS/008892106,IC,2018-04-05T06:15:00,2018-04-05T06:15:00,-55,-55
http://irail.be/vehicle/IC727,NO-URI,IC,2018-04-05T06:15:00,2018-04-05T06:15:00,-40,-40
http://irail.be/vehicle/IC727,http://irail.be/stations/NMBS/008892080,IC,2018-04-05T06:18:00,2018-04-05T06:18:00,-64,-64
http://irail.be/vehicle/IC727,http://irail.be/stations/NMBS/008892007,IC,2018-04-05T06:27:00,2018-04-05T06:24:00,24,-59
http://irail.be/vehicle/IC727,NO-URI,IC,2018-04-05T06:31:00,2018-04-05T06:31:00,14,14
http://irail.be/vehicle/IC727,http://irail.be/stations/NMBS/008893179,IC,2018-04-05T06:32:00,2018-04-05T06:32:00,-198,-198
http://irail.be/vehicle/IC727,http://irail.be/stations/NMBS/008893120,IC,2018-04-05T06:36:00,2018-04-05T06:35:00,-198,-198
http://irail.be/vehicle/IC727,http://irail.be/stations/NMBS/008894151,IC,2018-04-05T06:43:00,2018-04-05T06:43:00,8,8
http://irail.be/vehicle/IC727,http://irail.be/stations/NMBS/008894201,IC,2018-04-05T06:50:00,2018-04-05T06:48:00,12,-41
http://irail.be/vehicle/IC727,NO-URI,IC,2018-04-05T06:52:00,2018-04-05T06:52:00,2,2
http://irail.be/vehicle/IC727,http://irail.be/stations/NMBS/008894425,IC,2018-04-05T06:54:00,2018-04-05T06:54:00,4,4
http://irail.be/vehicle/IC727,http://irail.be/stations/NMBS/008894433,IC,2018-04-05T06:55:00,2018-04-05T06:55:00,-6,-6
http://irail.be/vehicle/IC727,http://irail.be/stations/NMBS/008894508,IC,2018-04-05T07:00:00,2018-04-05T06:58:00,24,-25
http://irail.be/vehicle/IC727,NO-URI,IC,2018-04-05T07:02:00,2018-04-05T07:02:00,26,26
http://irail.be/vehicle/IC727,http://irail.be/stations/NMBS/008894714,IC,2018-04-05T07:03:00,2018-04-05T07:03:00,10,10
http://irail.be/vehicle/IC727,http://irail.be/stations/NMBS/008894748,IC,2018-04-05T07:06:00,2018-04-05T07:06:00,-27,-27
http://irail.be/vehicle/IC727,http://irail.be/stations/NMBS/008894755,IC,2018-04-05T07:07:00,2018-04-05T07:07:00,-38,-38
http://irail.be/vehicle/IC727,http://irail.be/stations/NMBS/008894821,IC,2018-04-05T07:08:00,2018-04-05T07:08:00,-19,-19
http://irail.be/vehicle/IC727,NO-URI,IC,2018-04-05T07:09:00,2018-04-05T07:09:00,-19,-19
http://irail.be/vehicle/IC727,http://irail.be/stations/NMBS/008821196,IC,2018-04-05T07:12:00,2018-04-05T07:12:00,-56,-56
http://irail.be/vehicle/IC727,http://irail.be/stations/NMBS/008821121,IC,2018-04-05T07:19:00,2018-04-05T07:17:00,6,-90
http://irail.be/vehicle/IC727,http://irail.be/stations/NMBS/008821006,IC,2018-04-05T07:23:00,2018-04-05T07:23:00,,-25
http://irail.be/vehicle/IC727,http://irail.be/stations/NMBS/008896735,IC,2018-04-03T05:08:00,2018-04-03T05:08:00,80,
http://irail.be/vehicle/IC727,http://irail.be/stations/NMBS/008896503,IC,2018-04-03T05:16:00,2018-04-03T05:15:00,30,30
http://irail.be/vehicle/IC727,http://irail.be/stations/NMBS/008896412,IC,2018-04-03T05:26:00,2018-04-03T05:25:00,3,-5
http://irail.be/vehicle/IC727,http://irail.be/stations/NMBS/008896396,IC,2018-04-03T05:30:00,2018-04-03T05:29:00,3,3
http://irail.be/vehicle/IC727,http://irail.be/stations/NMBS/008896305,IC,2018-04-03T05:35:00,2018-04-03T05:34:00,-22,3
http://irail.be/vehicle/IC727,http://irail.be/stations/NMBS/008896370,IC,2018-04-03T05:40:00,2018-04-03T05:40:00,-18,-22
http://irail.be/vehicle/IC727,http://irail.be/stations/NMBS/008896388,IC,2018-04-03T05:44:00,2018-04-03T05:44:00,-18,-18
http://irail.be/vehicle/IC727,http://irail.be/stations/NMBS/008896008,IC,2018-04-03T05:57:00,2018-04-03T05:50:00,112,-63
http://irail.be/vehicle/IC727,http://irail.be/stations/NMBS/008896115,IC,2018-04-03T06:01:00,2018-04-03T06:01:00,144,144
http://irail.be/vehicle/IC727,http://irail.be/stations/NMBS/008896149,IC,2018-04-03T06:06:00,2018-04-03T06:05:00,132,146
http://irail.be/vehicle/IC727,http://irail.be/stations/NMBS/008892106,IC,2018-04-03T06:15:00,2018-04-03T06:15:00,-10,-10
http://irail.be/vehicle/IC727,NO-URI,IC,2018-04-03T06:15:00,2018-04-03T06:15:00,6,6
http://irail.be/vehicle/IC727,http://irail.be/stations/NMBS/008892080,IC,2018-04-03T06:18:00,2018-04-03T06:18:00,-16,-16
http://irail.be/vehicle/IC727,http://irail.be/stations/NMBS/008892007,IC,2018-04-03T06:27:00,2018-04-03T06:24:00,10,6
http://irail.be/vehicle/IC727,NO-URI,IC,2018-04-03T06:31:00,2018-04-03T06:31:00,59,59
http://irail.be/vehicle/IC727,http://irail.be/stations/NMBS/008893179,IC,2018-04-03T06:32:00,2018-04-03T06:32:00,-141,-141
http://irail.be/vehicle/IC727,http://irail.be/stations/NMBS/008893120,IC,2018-04-03T06:36:00,2018-04-03T06:35:00,-141,-141
http://irail.be/vehicle/IC727,http://irail.be/stations/NMBS/008894151,IC,2018-04-03T06:43:00,2018-04-03T06:43:00,54,54
http://irail.be/vehicle/IC727,http://irail.be/stations/NMBS/008894201,IC,2018-04-03T06:50:00,2018-04-03T06:48:00,4,10
http://irail.be/vehicle/IC727,NO-URI,IC,2018-04-03T06:52:00,2018-04-03T06:52:00,-10,-10
http://irail.be/vehicle/IC727,http://irail.be/stations/NMBS/008894425,IC,2018-04-03T06:54:00,2018-04-03T06:54:00,-7,-7
http://irail.be/vehicle/IC727,http://irail.be/stations/NMBS/008894433,IC,2018-04-03T06:55:00,2018-04-03T06:55:00,-17,-17
http://irail.be/vehicle/IC727,http://irail.be/stations/NMBS/008894508,IC,2018-04-03T07:00:00,2018-04-03T06:58:00,-1,-29
http://irail.be/vehicle/IC727,NO-URI,IC,2018-04-03T07:02:00,2018-04-03T07:02:00,-2,-2
http://irail.be/vehicle/IC727,http://irail.be/stations/NMBS/008894714,IC,2018-04-03T07:03:00,2018-04-03T07:03:00,-18,-18
http://irail.be/vehicle/IC727,http://irail.be/stations/NMBS/008894748,IC,2018-04-03T07:06:00,2018-04-03T07:06:00,-52,-52
http://irail.be/vehicle/IC727,http://irail.be/stations/NMBS/008894755,IC,2018-04-03T07:07:00,2018-04-03T07:07:00,-59,-59
http://irail.be/vehicle/IC727,http://irail.be/stations/NMBS/008894821,IC,2018-04-03T07:08:00,2018-04-03T07:08:00,-40,-40
http://irail.be/vehicle/IC727,NO-URI,IC,2018-04-03T07:09:00,2018-04-03T07:09:00,-40,-40
http://irail.be/vehicle/IC727,http://irail.be/stations/NMBS/008821196,IC,2018-04-03T07:12:00,2018-04-03T07:12:00,-68,-68
http://irail.be/vehicle/IC727,http://irail.be/stations/NMBS/008821121,IC,2018-04-03T07:19:00,2018-04-03T07:17:00,-2,17
http://irail.be/vehicle/IC727,http://irail.be/stations/NMBS/008821006,IC,2018-04-03T07:23:00,2018-04-03T07:23:00,,-37
http://irail.be/vehicle/IC727,http://irail.be/stations/NMBS/008896735,IC,2018-11-05T05:08:00,2018-11-05T05:08:00,34,
http://irail.be/vehicle/IC727,http://irail.be/stations/NMBS/008896503,IC,2018-11-05T05:16:00,2018-11-05T05:15:00,22,17
http://irail.be/vehicle/IC727,http://irail.be/stations/NMBS/008896412,IC,2018-11-05T05:26:00,2018-11-05T05:25:00,46,-28
http://irail.be/vehicle/IC727,http://irail.be/stations/NMBS/008896396,IC,2018-11-05T05:30:00,2018-11-05T05:29:00,46,46
http://irail.be/vehicle/IC727,http://irail.be/stations/NMBS/008896305,IC,2018-11-05T05:35:00,2018-11-05T05:34:00,54,46
http://irail.be/vehicle/IC727,http://irail.be/stations/NMBS/008896370,IC,2018-11-05T05:40:00,2018-11-05T05:39:00,55,54
http://irail.be/vehicle/IC727,http://irail.be/stations/NMBS/008896388,IC,2018-11-05T05:45:00,2018-11-05T05:44:00,55,55
http://irail.be/vehicle/IC727,http://irail.be/stations/NMBS/008896008,IC,2018-11-05T05:58:00,2018-11-05T05:50:00,109,8
http://irail.be/vehicle/IC727,http://irail.be/stations/NMBS/008896115,IC,2018-11-05T06:02:00,2018-11-05T06:02:00,136,136
http://irail.be/vehicle/IC727,http://irail.be/stations/NMBS/008896149,IC,2018-11-05T06:08:00,2018-11-05T06:07:00,406,309
http://irail.be/vehicle/IC727,http://irail.be/stations/NMBS/008892106,IC,2018-11-05T06:15:00,2018-11-05T06:15:00,392,392
http://irail.be/vehicle/IC727,NO-URI,IC,2018-11-05T06:15:00,2018-11-05T06:15:00,491,491
http://irail.be/vehicle/IC727,http://irail.be/stations/NMBS/008892080,IC,2018-11-05T06:18:00,2018-11-05T06:18:00,539,539
http://irail.be/vehicle/IC727,http://irail.be/stations/NMBS/008892007,IC,2018-11-05T06:27:00,2018-11-05T06:24:00,552,632
http://irail.be/vehicle/IC727,NO-URI,IC,2018-11-05T06:31:00,2018-11-05T06:31:00,562,562
http://irail.be/vehicle/IC727,http://irail.be/stations/NMBS/008893179,IC,2018-11-05T06:32:00,2018-11-05T06:32:00,540,540
http://irail.be/vehicle/IC727,http://irail.be/stations/NMBS/008893120,IC,2018-11-05T06:36:00,2018-11-05T06:35:00,551,432
http://irail.be/vehicle/IC727,http://irail.be/stations/NMBS/008894151,IC,2018-11-05T06:43:00,2018-11-05T06:43:00,522,522
http://irail.be/vehicle/IC727,http://irail.be/stations/NMBS/008894201,IC,2018-11-05T06:50:00,2018-11-05T06:48:00,526,534
http://irail.be/vehicle/IC727,NO-URI,IC,2018-11-05T06:52:00,2018-11-05T06:52:00,517,517
http://irail.be/vehicle/IC727,http://irail.be/stations/NMBS/008894425,IC,2018-11-05T06:54:00,2018-11-05T06:54:00,524,524
http://irail.be/vehicle/IC727,http://irail.be/stations/NMBS/008894433,IC,2018-11-05T06:55:00,2018-11-05T06:55:00,511,511
http://irail.be/vehicle/IC727,http://irail.be/stations/NMBS/008894508,IC,2018-11-05T07:00:00,2018-11-05T06:58:00,492,493
http://irail.be/vehicle/IC727,NO-URI,IC,2018-11-05T07:02:00,2018-11-05T07:02:00,504,504
http://irail.be/vehicle/IC727,http://irail.be/stations/NMBS/008894714,IC,2018-11-05T07:03:00,2018-11-05T07:03:00,494,494
http://irail.be/vehicle/IC727,http://irail.be/stations/NMBS/008894748,IC,2018-11-05T07:06:00,2018-11-05T07:06:00,474,474
http://irail.be/vehicle/IC727,http://irail.be/stations/NMBS/008894755,IC,2018-11-05T07:07:00,2018-11-05T07:07:00,601,601
http://irail.be/vehicle/IC727,http://irail.be/stations/NMBS/008894821,IC,2018-11-05T07:08:00,2018-11-05T07:08:00,682,682
http://irail.be/vehicle/IC727,http://irail.be/stations/NMBS/008821196,IC,2018-11-05T07:12:00,2018-11-05T07:12:00,655,655
http://irail.be/vehicle/IC727,http://irail.be/stations/NMBS/008821121,IC,2018-11-05T07:19:00,2018-11-05T07:17:00,592,615
http://irail.be/vehicle/IC727,http://irail.be/stations/NMBS/008821006,IC,2018-11-05T07:23:00,2018-11-05T07:23:00,,572
http://irail.be/vehicle/IC727,http://irail.be/stations/NMBS/008896735,IC,2018-03-14T05:08:00,2018-03-14T05:08:00,60,
http://irail.be/vehicle/IC727,http://irail.be/stations/NMBS/008896503,IC,2018-03-14T05:16:00,2018-03-14T05:15:00,18,28
http://irail.be/vehicle/IC727,http://irail.be/stations/NMBS/008896412,IC,2018-03-14T05:26:00,2018-03-14T05:25:00,-9,-16
http://irail.be/vehicle/IC727,http://irail.be/stations/NMBS/008896396,IC,2018-03-14T05:30:00,2018-03-14T05:29:00,-9,-9
http://irail.be/vehicle/IC727,http://irail.be/stations/NMBS/008896305,IC,2018-03-14T05:35:00,2018-03-14T05:34:00,-19,-9
http://irail.be/vehicle/IC727,http://irail.be/stations/NMBS/008896370,IC,2018-03-14T05:40:00,2018-03-14T05:40:00,-7,-19
http://irail.be/vehicle/IC727,http://irail.be/stations/NMBS/008896388,IC,2018-03-14T05:44:00,2018-03-14T05:44:00,-7,-7
http://irail.be/vehicle/IC727,http://irail.be/stations/NMBS/008896008,IC,2018-03-14T05:57:00,2018-03-14T05:50:00,167,-50
http://irail.be/vehicle/IC727,http://irail.be/stations/NMBS/008896115,IC,2018-03-14T06:01:00,2018-03-14T06:01:00,320,320
http://irail.be/vehicle/IC727,http://irail.be/stations/NMBS/008896149,IC,2018-03-14T06:06:00,2018-03-14T06:05:00,370,366
http://irail.be/vehicle/IC727,http://irail.be/stations/NMBS/008892106,IC,2018-03-14T06:15:00,2018-03-14T06:15:00,214,214
http://irail.be/vehicle/IC727,NO-URI,IC,2018-03-14T06:15:00,2018-03-14T06:15:00,286,286
http://irail.be/vehicle/IC727,http://irail.be/stations/NMBS/008892080,IC,2018-03-14T06:18:00,2018-03-14T06:18:00,288,288
http://irail.be/vehicle/IC727,http://irail.be/stations/NMBS/008892007,IC,2018-03-14T06:27:00,2018-03-14T06:24:00,253,324
http://irail.be/vehicle/IC727,NO-URI,IC,2018-03-14T06:31:00,2018-03-14T06:31:00,265,265
http://irail.be/vehicle/IC727,http://irail.be/stations/NMBS/008893179,IC,2018-03-14T06:32:00,2018-03-14T06:32:00,53,53
http://irail.be/vehicle/IC727,http://irail.be/stations/NMBS/008893120,IC,2018-03-14T06:36:00,2018-03-14T06:35:00,53,53
http://irail.be/vehicle/IC727,http://irail.be/stations/NMBS/008894151,IC,2018-03-14T06:43:00,2018-03-14T06:43:00,190,190
http://irail.be/vehicle/IC727,http://irail.be/stations/NMBS/008894201,IC,2018-03-14T06:50:00,2018-03-14T06:48:00,109,144
http://irail.be/vehicle/IC727,NO-URI,IC,2018-03-14T06:52:00,2018-03-14T06:52:00,93,93
http://irail.be/vehicle/IC727,http://irail.be/stations/NMBS/008894425,IC,2018-03-14T06:54:00,2018-03-14T06:54:00,97,97
http://irail.be/vehicle/IC727,http://irail.be/stations/NMBS/008894433,IC,2018-03-14T06:55:00,2018-03-14T06:55:00,85,85
http://irail.be/vehicle/IC727,http://irail.be/stations/NMBS/008894508,IC,2018-03-14T07:00:00,2018-03-14T06:58:00,65,73
http://irail.be/vehicle/IC727,NO-URI,IC,2018-03-14T07:02:00,2018-03-14T07:02:00,69,69
http://irail.be/vehicle/IC727,http://irail.be/stations/NMBS/008894714,IC,2018-03-14T07:03:00,2018-03-14T07:03:00,53,53
http://irail.be/vehicle/IC727,http://irail.be/stations/NMBS/008894748,IC,2018-03-14T07:06:00,2018-03-14T07:06:00,19,19
http://irail.be/vehicle/IC727,http://irail.be/stations/NMBS/008894755,IC,2018-03-14T07:07:00,2018-03-14T07:07:00,13,13
http://irail.be/vehicle/IC727,http://irail.be/stations/NMBS/008894821,IC,2018-03-14T07:08:00,2018-03-14T07:08:00,34,34
http://irail.be/vehicle/IC727,NO-URI,IC,2018-03-14T07:09:00,2018-03-14T07:09:00,34,34
http://irail.be/vehicle/IC727,http://irail.be/stations/NMBS/008821196,IC,2018-03-14T07:12:00,2018-03-14T07:12:00,-6,-6
http://irail.be/vehicle/IC727,http://irail.be/stations/NMBS/008821121,IC,2018-03-14T07:19:00,2018-03-14T07:17:00,6,-46
http://irail.be/vehicle/IC727,http://irail.be/stations/NMBS/008821006,IC,2018-03-14T07:23:00,2018-03-14T07:23:00,,-12
http://irail.be/vehicle/IC727,http://irail.be/stations/NMBS/008896735,IC,2018-12-22T05:08:00,2018-12-22T05:08:00,69,
http://irail.be/vehicle/IC727,http://irail.be/stations/NMBS/008896503,IC,2018-12-22T05:16:00,2018-12-22T05:15:00,54,49
http://irail.be/vehicle/IC727,http://irail.be/stations/NMBS/008896412,IC,2018-12-22T05:26:00,2018-12-22T05:25:00,47,36
http://irail.be/vehicle/IC727,http://irail.be/stations/NMBS/008896396,IC,2018-12-22T05:30:00,2018-12-22T05:29:00,47,47
http://irail.be/vehicle/IC727,http://irail.be/stations/NMBS/008896305,IC,2018-12-22T05:35:00,2018-12-22T05:34:00,34,47
http://irail.be/vehicle/IC727,http://irail.be/stations/NMBS/008896370,IC,2018-12-22T05:40:00,2018-12-22T05:39:00,86,34
http://irail.be/vehicle/IC727,http://irail.be/stations/NMBS/008896388,IC,2018-12-22T05:45:00,2018-12-22T05:44:00,86,86
http://irail.be/vehicle/IC727,http://irail.be/stations/NMBS/008896008,IC,2018-12-22T05:50:00,2018-12-22T05:50:00,,53
http://irail.be/vehicle/IC727,http://irail.be/stations/NMBS/008896149,IC,2018-02-04T06:06:00,2018-02-04T06:06:00,17,
http://irail.be/vehicle/IC727,http://irail.be/stations/NMBS/008892106,IC,2018-02-04T06:15:00,2018-02-04T06:15:00,-92,-92
http://irail.be/vehicle/IC727,NO-URI,IC,2018-02-04T06:15:00,2018-02-04T06:15:00,-71,-71
http://irail.be/vehicle/IC727,http://irail.be/stations/NMBS/008892080,IC,2018-02-04T06:18:00,2018-02-04T06:18:00,-80,-80
http://irail.be/vehicle/IC727,http://irail.be/stations/NMBS/008892007,IC,2018-02-04T06:27:00,2018-02-04T06:24:00,-1,-75
http://irail.be/vehicle/IC727,NO-URI,IC,2018-02-04T06:31:00,2018-02-04T06:31:00,66,66
http://irail.be/vehicle/IC727,http://irail.be/stations/NMBS/008893179,IC,2018-02-04T06:32:00,2018-02-04T06:32:00,-116,-116
http://irail.be/vehicle/IC727,http://irail.be/stations/NMBS/008893120,IC,2018-02-04T06:36:00,2018-02-04T06:35:00,-116,-116
http://irail.be/vehicle/IC727,http://irail.be/stations/NMBS/008894151,IC,2018-02-04T06:43:00,2018-02-04T06:43:00,9,9
http://irail.be/vehicle/IC727,http://irail.be/stations/NMBS/008894201,IC,2018-02-04T06:50:00,2018-02-04T06:48:00,5,-33
http://irail.be/vehicle/IC727,NO-URI,IC,2018-02-04T06:52:00,2018-02-04T06:52:00,0,0
http://irail.be/vehicle/IC727,http://irail.be/stations/NMBS/008894425,IC,2018-02-04T06:54:00,2018-02-04T06:54:00,16,16
http://irail.be/vehicle/IC727,http://irail.be/stations/NMBS/008894433,IC,2018-02-04T06:55:00,2018-02-04T06:55:00,8,8
http://irail.be/vehicle/IC727,http://irail.be/stations/NMBS/008894508,IC,2018-02-04T07:00:00,2018-02-04T06:58:00,2,11
http://irail.be/vehicle/IC727,NO-URI,IC,2018-02-04T07:02:00,2018-02-04T07:02:00,-13,-13
http://irail.be/vehicle/IC727,http://irail.be/stations/NMBS/008894714,IC,2018-02-04T07:03:00,2018-02-04T07:03:00,-31,-31
http://irail.be/vehicle/IC727,http://irail.be/stations/NMBS/008894748,IC,2018-02-04T07:06:00,2018-02-04T07:06:00,-57,-57
http://irail.be/vehicle/IC727,http://irail.be/stations/NMBS/008894755,IC,2018-02-04T07:07:00,2018-02-04T07:07:00,-62,-62
http://irail.be/vehicle/IC727,http://irail.be/stations/NMBS/008894821,IC,2018-02-04T07:08:00,2018-02-04T07:08:00,-40,-40
http://irail.be/vehicle/IC727,NO-URI,IC,2018-02-04T07:09:00,2018-02-04T07:09:00,-40,-40
http://irail.be/vehicle/IC727,http://irail.be/stations/NMBS/008821196,IC,2018-02-04T07:12:00,2018-02-04T07:12:00,8,8
http://irail.be/vehicle/IC727,http://irail.be/stations/NMBS/008821121,IC,2018-02-04T07:19:00,2018-02-04T07:17:00,-10,-33
http://irail.be/vehicle/IC727,http://irail.be/stations/NMBS/008821006,IC,2018-02-04T07:23:00,2018-02-04T07:23:00,,-32
http://irail.be/vehicle/IC727,http://irail.be/stations/NMBS/008896149,IC,2018-02-03T06:06:00,2018-02-03T06:06:00,163,
http://irail.be/vehicle/IC727,http://irail.be/stations/NMBS/008892106,IC,2018-02-03T06:15:00,2018-02-03T06:15:00,38,38
http://irail.be/vehicle/IC727,NO-URI,IC,2018-02-03T06:15:00,2018-02-03T06:15:00,57,57
http://irail.be/vehicle/IC727,http://irail.be/stations/NMBS/008892080,IC,2018-02-03T06:18:00,2018-02-03T06:18:00,40,40
http://irail.be/vehicle/IC727,http://irail.be/stations/NMBS/008892007,IC,2018-02-03T06:27:00,2018-02-03T06:24:00,25,14
http://irail.be/vehicle/IC727,NO-URI,IC,2018-02-03T06:31:00,2018-02-03T06:31:00,55,55
http://irail.be/vehicle/IC727,http://irail.be/stations/NMBS/008893179,IC,2018-02-03T06:32:00,2018-02-03T06:32:00,-138,-138
http://irail.be/vehicle/IC727,http://irail.be/stations/NMBS/008893120,IC,2018-02-03T06:36:00,2018-02-03T06:35:00,-138,-138
http://irail.be/vehicle/IC727,http://irail.be/stations/NMBS/008894151,IC,2018-02-03T06:43:00,2018-02-03T06:43:00,27,27
http://irail.be/vehicle/IC727,http://irail.be/stations/NMBS/008894201,IC,2018-02-03T06:50:00,2018-02-03T06:48:00,14,-13
http://irail.be/vehicle/IC727,NO-URI,IC,2018-02-03T06:52:00,2018-02-03T06:52:00,14,14
http://irail.be/vehicle/IC727,http://irail.be/stations/NMBS/008894425,IC,2018-02-03T06:54:00,2018-02-03T06:54:00,32,32
http://irail.be/vehicle/IC727,http://irail.be/stations/NMBS/008894433,IC,2018-02-03T06:55:00,2018-02-03T06:55:00,21,21
http://irail.be/vehicle/IC727,http://irail.be/stations/NMBS/008894508,IC,2018-02-03T07:00:00,2018-02-03T06:58:00,36,10
http://irail.be/vehicle/IC727,NO-URI,IC,2018-02-03T07:02:00,2018-02-03T07:02:00,41,41
http://irail.be/vehicle/IC727,http://irail.be/stations/NMBS/008894714,IC,2018-02-03T07:03:00,2018-02-03T07:03:00,29,29
http://irail.be/vehicle/IC727,http://irail.be/stations/NMBS/008894748,IC,2018-02-03T07:06:00,2018-02-03T07:06:00,13,13
http://irail.be/vehicle/IC727,http://irail.be/stations/NMBS/008894755,IC,2018-02-03T07:07:00,2018-02-03T07:07:00,10,10
http://irail.be/vehicle/IC727,http://irail.be/stations/NMBS/008894821,IC,2018-02-03T07:08:00,2018-02-03T07:08:00,39,39
http://irail.be/vehicle/IC727,NO-URI,IC,2018-02-03T07:09:00,2018-02-03T07:09:00,39,39
http://irail.be/vehicle/IC727,http://irail.be/stations/NMBS/008821196,IC,2018-02-03T07:12:00,2018-02-03T07:12:00,19,19
http://irail.be/vehicle/IC727,http://irail.be/stations/NMBS/008821121,IC,2018-02-03T07:19:00,2018-02-03T07:17:00,21,-33
http://irail.be/vehicle/IC727,http://irail.be/stations/NMBS/008821006,IC,2018-02-03T07:23:00,2018-02-03T07:23:00,,6
http://irail.be/vehicle/IC727,http://irail.be/stations/NMBS/008896735,IC,2018-11-23T05:08:00,2018-11-23T05:08:00,50,
http://irail.be/vehicle/IC727,http://irail.be/stations/NMBS/008896503,IC,2018-11-23T05:16:00,2018-11-23T05:15:00,63,53
http://irail.be/vehicle/IC727,http://irail.be/stations/NMBS/008896412,IC,2018-11-23T05:26:00,2018-11-23T05:25:00,183,57
http://irail.be/vehicle/IC727,http://irail.be/stations/NMBS/008896396,IC,2018-11-23T05:30:00,2018-11-23T05:29:00,183,183
http://irail.be/vehicle/IC727,http://irail.be/stations/NMBS/008896305,IC,2018-11-23T05:35:00,2018-11-23T05:34:00,198,183
http://irail.be/vehicle/IC727,http://irail.be/stations/NMBS/008896370,IC,2018-11-23T05:40:00,2018-11-23T05:39:00,159,198
http://irail.be/vehicle/IC727,http://irail.be/stations/NMBS/008896388,IC,2018-11-23T05:45:00,2018-11-23T05:44:00,159,159
http://irail.be/vehicle/IC727,http://irail.be/stations/NMBS/008896008,IC,2018-11-23T05:58:00,2018-11-23T05:50:00,36,121
http://irail.be/vehicle/IC727,http://irail.be/stations/NMBS/008896115,IC,2018-11-23T06:02:00,2018-11-23T06:02:00,34,34
http://irail.be/vehicle/IC727,http://irail.be/stations/NMBS/008896149,IC,2018-11-23T06:08:00,2018-11-23T06:07:00,47,56
http://irail.be/vehicle/IC727,http://irail.be/stations/NMBS/008892106,IC,2018-11-23T06:15:00,2018-11-23T06:15:00,10,10
http://irail.be/vehicle/IC727,NO-URI,IC,2018-11-23T06:15:00,2018-11-23T06:15:00,92,92
http://irail.be/vehicle/IC727,http://irail.be/stations/NMBS/008892080,IC,2018-11-23T06:18:00,2018-11-23T06:18:00,96,96
http://irail.be/vehicle/IC727,http://irail.be/stations/NMBS/008892007,IC,2018-11-23T06:27:00,2018-11-23T06:24:00,20,86
http://irail.be/vehicle/IC727,NO-URI,IC,2018-11-23T06:31:00,2018-11-23T06:31:00,63,63
http://irail.be/vehicle/IC727,http://irail.be/stations/NMBS/008893179,IC,2018-11-23T06:32:00,2018-11-23T06:32:00,45,45
http://irail.be/vehicle/IC727,http://irail.be/stations/NMBS/008893120,IC,2018-11-23T06:36:00,2018-11-23T06:35:00,85,-57
http://irail.be/vehicle/IC727,http://irail.be/stations/NMBS/008894151,IC,2018-11-23T06:43:00,2018-11-23T06:43:00,53,53
http://irail.be/vehicle/IC727,http://irail.be/stations/NMBS/008894201,IC,2018-11-23T06:50:00,2018-11-23T06:48:00,24,13
http://irail.be/vehicle/IC727,NO-URI,IC,2018-11-23T06:52:00,2018-11-23T06:52:00,18,18
http://irail.be/vehicle/IC727,http://irail.be/stations/NMBS/008894425,IC,2018-11-23T06:54:00,2018-11-23T06:54:00,23,23
http://irail.be/vehicle/IC727,http://irail.be/stations/NMBS/008894433,IC,2018-11-23T06:55:00,2018-11-23T06:55:00,12,12
http://irail.be/vehicle/IC727,http://irail.be/stations/NMBS/008894508,IC,2018-11-23T07:00:00,2018-11-23T06:58:00,-1,2
http://irail.be/vehicle/IC727,NO-URI,IC,2018-11-23T07:02:00,2018-11-23T07:02:00,7,7
http://irail.be/vehicle/IC727,http://irail.be/stations/NMBS/008894714,IC,2018-11-23T07:03:00,2018-11-23T07:03:00,-8,-8
http://irail.be/vehicle/IC727,http://irail.be/stations/NMBS/008894748,IC,2018-11-23T07:06:00,2018-11-23T07:06:00,-10,-10
http://irail.be/vehicle/IC727,http://irail.be/stations/NMBS/008894755,IC,2018-11-23T07:07:00,2018-11-23T07:07:00,6,6
http://irail.be/vehicle/IC727,http://irail.be/stations/NMBS/008894821,IC,2018-11-23T07:08:00,2018-11-23T07:08:00,49,49
http://irail.be/vehicle/IC727,http://irail.be/stations/NMBS/008821196,IC,2018-11-23T07:12:00,2018-11-23T07:12:00,23,23
http://irail.be/vehicle/IC727,http://irail.be/stations/NMBS/008821121,IC,2018-11-23T07:19:00,2018-11-23T07:17:00,18,41
http://irail.be/vehicle/IC727,http://irail.be/stations/NMBS/008821006,IC,2018-11-23T07:23:00,2018-11-23T07:23:00,,-5
http://irail.be/vehicle/IC727,http://irail.be/stations/NMBS/008896735,IC,2018-07-04T05:08:00,2018-07-04T05:08:00,40,
http://irail.be/vehicle/IC727,http://irail.be/stations/NMBS/008896503,IC,2018-07-04T05:16:00,2018-07-04T05:15:00,5,3
http://irail.be/vehicle/IC727,http://irail.be/stations/NMBS/008896412,IC,2018-07-04T05:26:00,2018-07-04T05:25:00,-15,-37
http://irail.be/vehicle/IC727,http://irail.be/stations/NMBS/008896396,IC,2018-07-04T05:30:00,2018-07-04T05:29:00,-15,-15
http://irail.be/vehicle/IC727,http://irail.be/stations/NMBS/008896305,IC,2018-07-04T05:35:00,2018-07-04T05:34:00,-17,-15
http://irail.be/vehicle/IC727,http://irail.be/stations/NMBS/008896370,IC,2018-07-04T05:40:00,2018-07-04T05:39:00,-28,-17
http://irail.be/vehicle/IC727,http://irail.be/stations/NMBS/008896388,IC,2018-07-04T05:45:00,2018-07-04T05:44:00,-28,-28
http://irail.be/vehicle/IC727,http://irail.be/stations/NMBS/008896008,IC,2018-07-04T05:58:00,2018-07-04T05:50:00,204,-3
http://irail.be/vehicle/IC727,http://irail.be/stations/NMBS/008896115,IC,2018-07-04T06:02:00,2018-07-04T06:02:00,391,391
http://irail.be/vehicle/IC727,http://irail.be/stations/NMBS/008896149,IC,2018-07-04T06:08:00,2018-07-04T06:07:00,317,351
http://irail.be/vehicle/IC727,http://irail.be/stations/NMBS/008892106,IC,2018-07-04T06:15:00,2018-07-04T06:15:00,250,250
http://irail.be/vehicle/IC727,NO-URI,IC,2018-07-04T06:15:00,2018-07-04T06:15:00,283,283
http://irail.be/vehicle/IC727,http://irail.be/stations/NMBS/008892080,IC,2018-07-04T06:18:00,2018-07-04T06:18:00,257,257
http://irail.be/vehicle/IC727,http://irail.be/stations/NMBS/008892007,IC,2018-07-04T06:27:00,2018-07-04T06:24:00,120,233
http://irail.be/vehicle/IC727,NO-URI,IC,2018-07-04T06:31:00,2018-07-04T06:31:00,140,140
http://irail.be/vehicle/IC727,http://irail.be/stations/NMBS/008893179,IC,2018-07-04T06:32:00,2018-07-04T06:32:00,-72,-72
http://irail.be/vehicle/IC727,http://irail.be/stations/NMBS/008893120,IC,2018-07-04T06:36:00,2018-07-04T06:35:00,69,-72
http://irail.be/vehicle/IC727,http://irail.be/stations/NMBS/008894151,IC,2018-07-04T06:43:00,2018-07-04T06:43:00,38,38
http://irail.be/vehicle/IC727,http://irail.be/stations/NMBS/008894201,IC,2018-07-04T06:50:00,2018-07-04T06:48:00,14,-4
http://irail.be/vehicle/IC727,NO-URI,IC,2018-07-04T06:52:00,2018-07-04T06:52:00,-2,-2
http://irail.be/vehicle/IC727,http://irail.be/stations/NMBS/008894425,IC,2018-07-04T06:54:00,2018-07-04T06:54:00,1,1
http://irail.be/vehicle/IC727,http://irail.be/stations/NMBS/008894433,IC,2018-07-04T06:55:00,2018-07-04T06:55:00,-8,-8
http://irail.be/vehicle/IC727,http://irail.be/stations/NMBS/008894508,IC,2018-07-04T07:00:00,2018-07-04T06:58:00,-10,-21
http://irail.be/vehicle/IC727,NO-URI,IC,2018-07-04T07:02:00,2018-07-04T07:02:00,-17,-17
http://irail.be/vehicle/IC727,http://irail.be/stations/NMBS/008894714,IC,2018-07-04T07:03:00,2018-07-04T07:03:00,-35,-35
http://irail.be/vehicle/IC727,http://irail.be/stations/NMBS/008894748,IC,2018-07-04T07:06:00,2018-07-04T07:06:00,-69,-69
http://irail.be/vehicle/IC727,http://irail.be/stations/NMBS/008894755,IC,2018-07-04T07:07:00,2018-07-04T07:07:00,-76,-76
http://irail.be/vehicle/IC727,http://irail.be/stations/NMBS/008894821,IC,2018-07-04T07:08:00,2018-07-04T07:08:00,-48,-48
http://irail.be/vehicle/IC727,http://irail.be/stations/NMBS/008821196,IC,2018-07-04T07:12:00,2018-07-04T07:12:00,-39,-39
http://irail.be/vehicle/IC727,http://irail.be/stations/NMBS/008821121,IC,2018-07-04T07:19:00,2018-07-04T07:17:00,-15,-44
http://irail.be/vehicle/IC727,http://irail.be/stations/NMBS/008821006,IC,2018-07-04T07:23:00,2018-07-04T07:23:00,,-46
http://irail.be/vehicle/IC727,http://irail.be/stations/NMBS/008896735,IC,2018-01-22T05:08:00,2018-01-22T05:08:00,47,
http://irail.be/vehicle/IC727,http://irail.be/stations/NMBS/008896503,IC,2018-01-22T05:16:00,2018-01-22T05:15:00,42,17
http://irail.be/vehicle/IC727,http://irail.be/stations/NMBS/008896412,IC,2018-01-22T05:26:00,2018-01-22T05:25:00,57,27
http://irail.be/vehicle/IC727,http://irail.be/stations/NMBS/008896396,IC,2018-01-22T05:30:00,2018-01-22T05:29:00,57,57
http://irail.be/vehicle/IC727,http://irail.be/stations/NMBS/008896305,IC,2018-01-22T05:35:00,2018-01-22T05:34:00,50,57
http://irail.be/vehicle/IC727,http://irail.be/stations/NMBS/008896370,IC,2018-01-22T05:40:00,2018-01-22T05:40:00,50,50
http://irail.be/vehicle/IC727,http://irail.be/stations/NMBS/008896388,IC,2018-01-22T05:44:00,2018-01-22T05:44:00,47,47
http://irail.be/vehicle/IC727,http://irail.be/stations/NMBS/008896008,IC,2018-01-22T05:57:00,2018-01-22T05:50:00,286,-54
http://irail.be/vehicle/IC727,http://irail.be/stations/NMBS/008896115,IC,2018-01-22T06:01:00,2018-01-22T06:01:00,469,469
http://irail.be/vehicle/IC727,http://irail.be/stations/NMBS/008896149,IC,2018-01-22T06:06:00,2018-01-22T06:05:00,492,500
http://irail.be/vehicle/IC727,http://irail.be/stations/NMBS/008892106,IC,2018-01-22T06:15:00,2018-01-22T06:15:00,350,350
http://irail.be/vehicle/IC727,NO-URI,IC,2018-01-22T06:15:00,2018-01-22T06:15:00,422,422
http://irail.be/vehicle/IC727,http://irail.be/stations/NMBS/008892080,IC,2018-01-22T06:18:00,2018-01-22T06:18:00,437,437
http://irail.be/vehicle/IC727,http://irail.be/stations/NMBS/008892007,IC,2018-01-22T06:27:00,2018-01-22T06:24:00,371,468
http://irail.be/vehicle/IC727,NO-URI,IC,2018-01-22T06:31:00,2018-01-22T06:31:00,409,409
http://irail.be/vehicle/IC727,http://irail.be/stations/NMBS/008893179,IC,2018-01-22T06:32:00,2018-01-22T06:32:00,221,221
http://irail.be/vehicle/IC727,http://irail.be/stations/NMBS/008893120,IC,2018-01-22T06:36:00,2018-01-22T06:35:00,221,221
http://irail.be/vehicle/IC727,http://irail.be/stations/NMBS/008894151,IC,2018-01-22T06:43:00,2018-01-22T06:43:00,389,389
http://irail.be/vehicle/IC727,http://irail.be/stations/NMBS/008894201,IC,2018-01-22T06:50:00,2018-01-22T06:48:00,297,349
http://irail.be/vehicle/IC727,NO-URI,IC,2018-01-22T06:52:00,2018-01-22T06:52:00,293,293
http://irail.be/vehicle/IC727,http://irail.be/stations/NMBS/008894425,IC,2018-01-22T06:54:00,2018-01-22T06:54:00,301,301
http://irail.be/vehicle/IC727,http://irail.be/stations/NMBS/008894433,IC,2018-01-22T06:55:00,2018-01-22T06:55:00,294,294
http://irail.be/vehicle/IC727,http://irail.be/stations/NMBS/008894508,IC,2018-01-22T07:00:00,2018-01-22T06:58:00,255,289
http://irail.be/vehicle/IC727,NO-URI,IC,2018-01-22T07:02:00,2018-01-22T07:02:00,260,260
http://irail.be/vehicle/IC727,http://irail.be/stations/NMBS/008894714,IC,2018-01-22T07:03:00,2018-01-22T07:03:00,246,246
http://irail.be/vehicle/IC727,http://irail.be/stations/NMBS/008894748,IC,2018-01-22T07:06:00,2018-01-22T07:06:00,216,216
http://irail.be/vehicle/IC727,http://irail.be/stations/NMBS/008894755,IC,2018-01-22T07:07:00,2018-01-22T07:07:00,214,214
http://irail.be/vehicle/IC727,http://irail.be/stations/NMBS/008894821,IC,2018-01-22T07:08:00,2018-01-22T07:08:00,238,238
http://irail.be/vehicle/IC727,NO-URI,IC,2018-01-22T07:09:00,2018-01-22T07:09:00,238,238
http://irail.be/vehicle/IC727,http://irail.be/stations/NMBS/008821196,IC,2018-01-22T07:12:00,2018-01-22T07:12:00,225,225
http://irail.be/vehicle/IC727,http://irail.be/stations/NMBS/008821121,IC,2018-01-22T07:19:00,2018-01-22T07:17:00,152,186
http://irail.be/vehicle/IC727,http://irail.be/stations/NMBS/008821006,IC,2018-01-22T07:23:00,2018-01-22T07:23:00,,125
http://irail.be/vehicle/IC727,http://irail.be/stations/NMBS/008896735,IC,2018-09-29T05:08:00,2018-09-29T05:08:00,55,
http://irail.be/vehicle/IC727,http://irail.be/stations/NMBS/008896503,IC,2018-09-29T05:16:00,2018-09-29T05:15:00,36,30
http://irail.be/vehicle/IC727,http://irail.be/stations/NMBS/008896412,IC,2018-09-29T05:26:00,2018-09-29T05:25:00,14,13
http://irail.be/vehicle/IC727,http://irail.be/stations/NMBS/008896396,IC,2018-09-29T05:30:00,2018-09-29T05:29:00,14,14
http://irail.be/vehicle/IC727,http://irail.be/stations/NMBS/008896305,IC,2018-09-29T05:35:00,2018-09-29T05:34:00,32,14
http://irail.be/vehicle/IC727,http://irail.be/stations/NMBS/008896370,IC,2018-09-29T05:40:00,2018-09-29T05:39:00,24,32
http://irail.be/vehicle/IC727,http://irail.be/stations/NMBS/008896388,IC,2018-09-29T05:45:00,2018-09-29T05:44:00,24,24
http://irail.be/vehicle/IC727,http://irail.be/stations/NMBS/008896008,IC,2018-09-29T05:58:00,2018-09-29T05:50:00,21,-10
http://irail.be/vehicle/IC727,http://irail.be/stations/NMBS/008896115,IC,2018-09-29T06:02:00,2018-09-29T06:02:00,-4,-4
http://irail.be/vehicle/IC727,http://irail.be/stations/NMBS/008896149,IC,2018-09-29T06:08:00,2018-09-29T06:07:00,-35,-46
http://irail.be/vehicle/IC727,http://irail.be/stations/NMBS/008892106,IC,2018-09-29T06:15:00,2018-09-29T06:15:00,-96,-96
http://irail.be/vehicle/IC727,NO-URI,IC,2018-09-29T06:15:00,2018-09-29T06:15:00,-63,-63
http://irail.be/vehicle/IC727,http://irail.be/stations/NMBS/008892080,IC,2018-09-29T06:18:00,2018-09-29T06:18:00,-90,-90
http://irail.be/vehicle/IC727,http://irail.be/stations/NMBS/008892007,IC,2018-09-29T06:27:00,2018-09-29T06:24:00,15,-124
http://irail.be/vehicle/IC727,NO-URI,IC,2018-09-29T06:31:00,2018-09-29T06:31:00,21,21
http://irail.be/vehicle/IC727,http://irail.be/stations/NMBS/008893179,IC,2018-09-29T06:32:00,2018-09-29T06:32:00,-190,-190
http://irail.be/vehicle/IC727,http://irail.be/stations/NMBS/008893120,IC,2018-09-29T06:36:00,2018-09-29T06:35:00,44,-190
http://irail.be/vehicle/IC727,http://irail.be/stations/NMBS/008894151,IC,2018-09-29T06:43:00,2018-09-29T06:43:00,19,19
http://irail.be/vehicle/IC727,http://irail.be/stations/NMBS/008894201,IC,2018-09-29T06:50:00,2018-09-29T06:48:00,89,-27
http://irail.be/vehicle/IC727,NO-URI,IC,2018-09-29T06:52:00,2018-09-29T06:52:00,79,79
http://irail.be/vehicle/IC727,http://irail.be/stations/NMBS/008894425,IC,2018-09-29T06:54:00,2018-09-29T06:54:00,84,84
http://irail.be/vehicle/IC727,http://irail.be/stations/NMBS/008894433,IC,2018-09-29T06:55:00,2018-09-29T06:55:00,72,72
http://irail.be/vehicle/IC727,http://irail.be/stations/NMBS/008894508,IC,2018-09-29T07:00:00,2018-09-29T06:58:00,72,58
http://irail.be/vehicle/IC727,NO-URI,IC,2018-09-29T07:02:00,2018-09-29T07:02:00,64,64
http://irail.be/vehicle/IC727,http://irail.be/stations/NMBS/008894714,IC,2018-09-29T07:03:00,2018-09-29T07:03:00,48,48
http://irail.be/vehicle/IC727,http://irail.be/stations/NMBS/008894748,IC,2018-09-29T07:06:00,2018-09-29T07:06:00,16,16
http://irail.be/vehicle/IC727,http://irail.be/stations/NMBS/008894755,IC,2018-09-29T07:07:00,2018-09-29T07:07:00,10,10
http://irail.be/vehicle/IC727,http://irail.be/stations/NMBS/008894821,IC,2018-09-29T07:08:00,2018-09-29T07:08:00,28,28
http://irail.be/vehicle/IC727,http://irail.be/stations/NMBS/008821196,IC,2018-09-29T07:12:00,2018-09-29T07:12:00,-4,-4
http://irail.be/vehicle/IC727,http://irail.be/stations/NMBS/008821121,IC,2018-09-29T07:19:00,2018-09-29T07:17:00,5,-56
http://irail.be/vehicle/IC727,http://irail.be/stations/NMBS/008821006,IC,2018-09-29T07:23:00,2018-09-29T07:23:00,,-19
http://irail.be/vehicle/IC727,http://irail.be/stations/NMBS/008896735,IC,2018-03-12T05:08:00,2018-03-12T05:08:00,74,
http://irail.be/vehicle/IC727,http://irail.be/stations/NMBS/008896503,IC,2018-03-12T05:16:00,2018-03-12T05:15:00,89,88
http://irail.be/vehicle/IC727,http://irail.be/stations/NMBS/008896412,IC,2018-03-12T05:26:00,2018-03-12T05:25:00,102,88
http://irail.be/vehicle/IC727,http://irail.be/stations/NMBS/008896396,IC,2018-03-12T05:30:00,2018-03-12T05:29:00,102,102
http://irail.be/vehicle/IC727,http://irail.be/stations/NMBS/008896305,IC,2018-03-12T05:35:00,2018-03-12T05:34:00,107,102
http://irail.be/vehicle/IC727,http://irail.be/stations/NMBS/008896370,IC,2018-03-12T05:40:00,2018-03-12T05:40:00,126,107
http://irail.be/vehicle/IC727,http://irail.be/stations/NMBS/008896388,IC,2018-03-12T05:44:00,2018-03-12T05:44:00,126,126
http://irail.be/vehicle/IC727,http://irail.be/stations/NMBS/008896008,IC,2018-03-12T05:57:00,2018-03-12T05:50:00,158,43
http://irail.be/vehicle/IC727,http://irail.be/stations/NMBS/008896115,IC,2018-03-12T06:01:00,2018-03-12T06:01:00,128,128
http://irail.be/vehicle/IC727,http://irail.be/stations/NMBS/008896149,IC,2018-03-12T06:06:00,2018-03-12T06:05:00,88,123
http://irail.be/vehicle/IC727,http://irail.be/stations/NMBS/008892106,IC,2018-03-12T06:15:00,2018-03-12T06:15:00,-54,-54
http://irail.be/vehicle/IC727,NO-URI,IC,2018-03-12T06:15:00,2018-03-12T06:15:00,11,11
http://irail.be/vehicle/IC727,http://irail.be/stations/NMBS/008892080,IC,2018-03-12T06:18:00,2018-03-12T06:18:00,11,11
http://irail.be/vehicle/IC727,http://irail.be/stations/NMBS/008892007,IC,2018-03-12T06:27:00,2018-03-12T06:24:00,24,65
http://irail.be/vehicle/IC727,NO-URI,IC,2018-03-12T06:31:00,2018-03-12T06:31:00,55,55
http://irail.be/vehicle/IC727,http://irail.be/stations/NMBS/008893179,IC,2018-03-12T06:32:00,2018-03-12T06:32:00,-156,-156
http://irail.be/vehicle/IC727,http://irail.be/stations/NMBS/008893120,IC,2018-03-12T06:36:00,2018-03-12T06:35:00,-156,-156
http://irail.be/vehicle/IC727,http://irail.be/stations/NMBS/008894151,IC,2018-03-12T06:43:00,2018-03-12T06:43:00,28,28
http://irail.be/vehicle/IC727,http://irail.be/stations/NMBS/008894201,IC,2018-03-12T06:50:00,2018-03-12T06:48:00,1,-25
http://irail.be/vehicle/IC727,NO-URI,IC,2018-03-12T06:52:00,2018-03-12T06:52:00,-18,-18
http://irail.be/vehicle/IC727,http://irail.be/stations/NMBS/008894425,IC,2018-03-12T06:54:00,2018-03-12T06:54:00,-21,-21
http://irail.be/vehicle/IC727,http://irail.be/stations/NMBS/008894433,IC,2018-03-12T06:55:00,2018-03-12T06:55:00,-33,-33
http://irail.be/vehicle/IC727,http://irail.be/stations/NMBS/008894508,IC,2018-03-12T07:00:00,2018-03-12T06:58:00,28,-54
http://irail.be/vehicle/IC727,NO-URI,IC,2018-03-12T07:02:00,2018-03-12T07:02:00,26,26
http://irail.be/vehicle/IC727,http://irail.be/stations/NMBS/008894714,IC,2018-03-12T07:03:00,2018-03-12T07:03:00,10,10
http://irail.be/vehicle/IC727,http://irail.be/stations/NMBS/008894748,IC,2018-03-12T07:06:00,2018-03-12T07:06:00,-29,-29
http://irail.be/vehicle/IC727,http://irail.be/stations/NMBS/008894755,IC,2018-03-12T07:07:00,2018-03-12T07:07:00,-39,-39
http://irail.be/vehicle/IC727,http://irail.be/stations/NMBS/008894821,IC,2018-03-12T07:08:00,2018-03-12T07:08:00,-23,-23
http://irail.be/vehicle/IC727,NO-URI,IC,2018-03-12T07:09:00,2018-03-12T07:09:00,-23,-23
http://irail.be/vehicle/IC727,http://irail.be/stations/NMBS/008821196,IC,2018-03-12T07:12:00,2018-03-12T07:12:00,-66,-66
http://irail.be/vehicle/IC727,http://irail.be/stations/NMBS/008821121,IC,2018-03-12T07:19:00,2018-03-12T07:17:00,35,45
http://irail.be/vehicle/IC727,http://irail.be/stations/NMBS/008821006,IC,2018-03-12T07:23:00,2018-03-12T07:23:00,,-5
http://irail.be/vehicle/IC727,http://irail.be/stations/NMBS/008896735,IC,2018-12-27T05:08:00,2018-12-27T05:08:00,48,
http://irail.be/vehicle/IC727,http://irail.be/stations/NMBS/008896503,IC,2018-12-27T05:16:00,2018-12-27T05:15:00,26,24
http://irail.be/vehicle/IC727,http://irail.be/stations/NMBS/008896412,IC,2018-12-27T05:26:00,2018-12-27T05:25:00,64,-15
http://irail.be/vehicle/IC727,http://irail.be/stations/NMBS/008896396,IC,2018-12-27T05:30:00,2018-12-27T05:29:00,64,64
http://irail.be/vehicle/IC727,http://irail.be/stations/NMBS/008896305,IC,2018-12-27T05:35:00,2018-12-27T05:34:00,64,64
http://irail.be/vehicle/IC727,http://irail.be/stations/NMBS/008896370,IC,2018-12-27T05:40:00,2018-12-27T05:39:00,64,64
http://irail.be/vehicle/IC727,http://irail.be/stations/NMBS/008896388,IC,2018-12-27T05:45:00,2018-12-27T05:44:00,-17,-17
http://irail.be/vehicle/IC727,http://irail.be/stations/NMBS/008896008,IC,2018-12-27T05:58:00,2018-12-27T05:50:00,31,-73
http://irail.be/vehicle/IC727,http://irail.be/stations/NMBS/008896115,IC,2018-12-27T06:02:00,2018-12-27T06:02:00,43,43
http://irail.be/vehicle/IC727,http://irail.be/stations/NMBS/008896149,IC,2018-12-27T06:08:00,2018-12-27T06:07:00,15,22
http://irail.be/vehicle/IC727,http://irail.be/stations/NMBS/008892106,IC,2018-12-27T06:15:00,2018-12-27T06:15:00,-23,-23
http://irail.be/vehicle/IC727,NO-URI,IC,2018-12-27T06:15:00,2018-12-27T06:15:00,19,19
http://irail.be/vehicle/IC727,http://irail.be/stations/NMBS/008892080,IC,2018-12-27T06:18:00,2018-12-27T06:18:00,10,10
http://irail.be/vehicle/IC727,http://irail.be/stations/NMBS/008892007,IC,2018-12-27T06:27:00,2018-12-27T06:24:00,1,-7
http://irail.be/vehicle/IC727,NO-URI,IC,2018-12-27T06:32:00,2018-12-27T06:32:00,-41,-41
http://irail.be/vehicle/IC727,http://irail.be/stations/NMBS/008893179,IC,2018-12-27T06:33:00,2018-12-27T06:33:00,-8,-8
http://irail.be/vehicle/IC727,http://irail.be/stations/NMBS/008893120,IC,2018-12-27T06:36:00,2018-12-27T06:35:00,30,-109
http://irail.be/vehicle/IC727,http://irail.be/stations/NMBS/008894151,IC,2018-12-27T06:44:00,2018-12-27T06:44:00,-37,-37
http://irail.be/vehicle/IC727,http://irail.be/stations/NMBS/008894201,IC,2018-12-27T06:50:00,2018-12-27T06:48:00,20,-38
http://irail.be/vehicle/IC727,NO-URI,IC,2018-12-27T06:52:00,2018-12-27T06:52:00,15,15
http://irail.be/vehicle/IC727,http://irail.be/stations/NMBS/008894425,IC,2018-12-27T06:54:00,2018-12-27T06:54:00,32,32
http://irail.be/vehicle/IC727,http://irail.be/stations/NMBS/008894433,IC,2018-12-27T06:55:00,2018-12-27T06:55:00,19,19
http://irail.be/vehicle/IC727,http://irail.be/stations/NMBS/008894508,IC,2018-12-27T07:00:00,2018-12-27T06:58:00,-4,20
http://irail.be/vehicle/IC727,NO-URI,IC,2018-12-27T07:02:00,2018-12-27T07:02:00,16,16
http://irail.be/vehicle/IC727,http://irail.be/stations/NMBS/008894714,IC,2018-12-27T07:03:00,2018-12-27T07:03:00,6,6
http://irail.be/vehicle/IC727,http://irail.be/stations/NMBS/008894748,IC,2018-12-27T07:06:00,2018-12-27T07:06:00,-17,-17
http://irail.be/vehicle/IC727,http://irail.be/stations/NMBS/008894755,IC,2018-12-27T07:07:00,2018-12-27T07:07:00,-14,-14
http://irail.be/vehicle/IC727,http://irail.be/stations/NMBS/008894821,IC,2018-12-27T07:08:00,2018-12-27T07:08:00,16,16
http://irail.be/vehicle/IC727,http://irail.be/stations/NMBS/008821196,IC,2018-12-27T07:12:00,2018-12-27T07:12:00,-15,-15
http://irail.be/vehicle/IC727,http://irail.be/stations/NMBS/008821121,IC,2018-12-27T07:19:00,2018-12-27T07:17:00,121,-6
http://irail.be/vehicle/IC727,http://irail.be/stations/NMBS/008821006,IC,2018-12-27T07:23:00,2018-12-27T07:23:00,,150
http://irail.be/vehicle/IC727,http://irail.be/stations/NMBS/008896735,IC,2018-08-05T05:08:00,2018-08-05T05:08:00,57,
http://irail.be/vehicle/IC727,http://irail.be/stations/NMBS/008896503,IC,2018-08-05T05:16:00,2018-08-05T05:15:00,252,63
http://irail.be/vehicle/IC727,http://irail.be/stations/NMBS/008896412,IC,2018-08-05T05:26:00,2018-08-05T05:25:00,198,249
http://irail.be/vehicle/IC727,http://irail.be/stations/NMBS/008896396,IC,2018-08-05T05:30:00,2018-08-05T05:29:00,198,198
http://irail.be/vehicle/IC727,http://irail.be/stations/NMBS/008896305,IC,2018-08-05T05:35:00,2018-08-05T05:34:00,216,198
http://irail.be/vehicle/IC727,http://irail.be/stations/NMBS/008896370,IC,2018-08-05T05:40:00,2018-08-05T05:39:00,191,216
http://irail.be/vehicle/IC727,http://irail.be/stations/NMBS/008896388,IC,2018-08-05T05:45:00,2018-08-05T05:44:00,191,191
http://irail.be/vehicle/IC727,http://irail.be/stations/NMBS/008896008,IC,2018-08-05T05:58:00,2018-08-05T05:50:00,102,228
http://irail.be/vehicle/IC727,http://irail.be/stations/NMBS/008896115,IC,2018-08-05T06:02:00,2018-08-05T06:02:00,78,78
http://irail.be/vehicle/IC727,http://irail.be/stations/NMBS/008896149,IC,2018-08-05T06:08:00,2018-08-05T06:07:00,7,34
http://irail.be/vehicle/IC727,http://irail.be/stations/NMBS/008892106,IC,2018-08-05T06:15:00,2018-08-05T06:15:00,-45,-45
http://irail.be/vehicle/IC727,NO-URI,IC,2018-08-05T06:15:00,2018-08-05T06:15:00,-9,-9
http://irail.be/vehicle/IC727,http://irail.be/stations/NMBS/008892080,IC,2018-08-05T06:18:00,2018-08-05T06:18:00,-30,-30
http://irail.be/vehicle/IC727,http://irail.be/stations/NMBS/008892007,IC,2018-08-05T06:27:00,2018-08-05T06:24:00,-4,-70
http://irail.be/vehicle/IC727,NO-URI,IC,2018-08-05T06:31:00,2018-08-05T06:31:00,19,19
http://irail.be/vehicle/IC727,http://irail.be/stations/NMBS/008893179,IC,2018-08-05T06:32:00,2018-08-05T06:32:00,-179,-179
http://irail.be/vehicle/IC727,http://irail.be/stations/NMBS/008893120,IC,2018-08-05T06:36:00,2018-08-05T06:35:00,21,-179
http://irail.be/vehicle/IC727,http://irail.be/stations/NMBS/008894151,IC,2018-08-05T06:43:00,2018-08-05T06:43:00,4,4
http://irail.be/vehicle/IC727,http://irail.be/stations/NMBS/008894201,IC,2018-08-05T06:50:00,2018-08-05T06:48:00,3,-46
http://irail.be/vehicle/IC727,NO-URI,IC,2018-08-05T06:52:00,2018-08-05T06:52:00,0,0
http://irail.be/vehicle/IC727,http://irail.be/stations/NMBS/008894425,IC,2018-08-05T06:54:00,2018-08-05T06:54:00,13,13
http://irail.be/vehicle/IC727,http://irail.be/stations/NMBS/008894433,IC,2018-08-05T06:55:00,2018-08-05T06:55:00,2,2
http://irail.be/vehicle/IC727,http://irail.be/stations/NMBS/008894508,IC,2018-08-05T07:00:00,2018-08-05T06:58:00,-3,-9
http://irail.be/vehicle/IC727,NO-URI,IC,2018-08-05T07:02:00,2018-08-05T07:02:00,-5,-5
http://irail.be/vehicle/IC727,http://irail.be/stations/NMBS/008894714,IC,2018-08-05T07:03:00,2018-08-05T07:03:00,-19,-19
http://irail.be/vehicle/IC727,http://irail.be/stations/NMBS/008894748,IC,2018-08-05T07:06:00,2018-08-05T07:06:00,-34,-34
http://irail.be/vehicle/IC727,http://irail.be/stations/NMBS/008894755,IC,2018-08-05T07:07:00,2018-08-05T07:07:00,-36,-36
http://irail.be/vehicle/IC727,http://irail.be/stations/NMBS/008894821,IC,2018-08-05T07:08:00,2018-08-05T07:08:00,-2,-2
http://irail.be/vehicle/IC727,http://irail.be/stations/NMBS/008821196,IC,2018-08-05T07:12:00,2018-08-05T07:12:00,-42,-42
http://irail.be/vehicle/IC727,http://irail.be/stations/NMBS/008821121,IC,2018-08-05T07:19:00,2018-08-05T07:17:00,-26,-84
http://irail.be/vehicle/IC727,http://irail.be/stations/NMBS/008821006,IC,2018-08-05T07:23:00,2018-08-05T07:23:00,,-63
http://irail.be/vehicle/IC727,http://irail.be/stations/NMBS/008896735,IC,2018-10-26T05:08:00,2018-10-26T05:08:00,67,
http://irail.be/vehicle/IC727,http://irail.be/stations/NMBS/008896503,IC,2018-10-26T05:16:00,2018-10-26T05:15:00,34,40
http://irail.be/vehicle/IC727,http://irail.be/stations/NMBS/008896412,IC,2018-10-26T05:26:00,2018-10-26T05:25:00,7,2
http://irail.be/vehicle/IC727,http://irail.be/stations/NMBS/008896396,IC,2018-10-26T05:30:00,2018-10-26T05:29:00,7,7
http://irail.be/vehicle/IC727,http://irail.be/stations/NMBS/008896305,IC,2018-10-26T05:35:00,2018-10-26T05:34:00,-5,7
http://irail.be/vehicle/IC727,http://irail.be/stations/NMBS/008896370,IC,2018-10-26T05:40:00,2018-10-26T05:39:00,-64,-5
http://irail.be/vehicle/IC727,http://irail.be/stations/NMBS/008896388,IC,2018-10-26T05:45:00,2018-10-26T05:44:00,-64,-64
http://irail.be/vehicle/IC727,http://irail.be/stations/NMBS/008896008,IC,2018-10-26T05:58:00,2018-10-26T05:50:00,46,-99
http://irail.be/vehicle/IC727,http://irail.be/stations/NMBS/008896115,IC,2018-10-26T06:02:00,2018-10-26T06:02:00,58,58
http://irail.be/vehicle/IC727,http://irail.be/stations/NMBS/008896149,IC,2018-10-26T06:08:00,2018-10-26T06:07:00,5,12
http://irail.be/vehicle/IC727,http://irail.be/stations/NMBS/008892106,IC,2018-10-26T06:15:00,2018-10-26T06:15:00,-47,-47
http://irail.be/vehicle/IC727,NO-URI,IC,2018-10-26T06:15:00,2018-10-26T06:15:00,2,2
http://irail.be/vehicle/IC727,http://irail.be/stations/NMBS/008892080,IC,2018-10-26T06:18:00,2018-10-26T06:18:00,-6,-6
http://irail.be/vehicle/IC727,http://irail.be/stations/NMBS/008892007,IC,2018-10-26T06:27:00,2018-10-26T06:24:00,-2,-23
http://irail.be/vehicle/IC727,NO-URI,IC,2018-10-26T06:31:00,2018-10-26T06:31:00,19,19
http://irail.be/vehicle/IC727,http://irail.be/stations/NMBS/008893179,IC,2018-10-26T06:32:00,2018-10-26T06:32:00,-108,-108
http://irail.be/vehicle/IC727,http://irail.be/stations/NMBS/008893120,IC,2018-10-26T06:36:00,2018-10-26T06:35:00,50,-108
http://irail.be/vehicle/IC727,http://irail.be/stations/NMBS/008894151,IC,2018-10-26T06:43:00,2018-10-26T06:43:00,128,128
http://irail.be/vehicle/IC727,http://irail.be/stations/NMBS/008894201,IC,2018-10-26T06:50:00,2018-10-26T06:48:00,31,77
http://irail.be/vehicle/IC727,NO-URI,IC,2018-10-26T06:52:00,2018-10-26T06:52:00,17,17
http://irail.be/vehicle/IC727,http://irail.be/stations/NMBS/008894425,IC,2018-10-26T06:54:00,2018-10-26T06:54:00,19,19
http://irail.be/vehicle/IC727,http://irail.be/stations/NMBS/008894433,IC,2018-10-26T06:55:00,2018-10-26T06:55:00,6,6
http://irail.be/vehicle/IC727,http://irail.be/stations/NMBS/008894508,IC,2018-10-26T07:00:00,2018-10-26T06:58:00,22,-10
http://irail.be/vehicle/IC727,NO-URI,IC,2018-10-26T07:02:00,2018-10-26T07:02:00,34,34
http://irail.be/vehicle/IC727,http://irail.be/stations/NMBS/008894714,IC,2018-10-26T07:03:00,2018-10-26T07:03:00,17,17
http://irail.be/vehicle/IC727,http://irail.be/stations/NMBS/008894748,IC,2018-10-26T07:06:00,2018-10-26T07:06:00,-18,-18
http://irail.be/vehicle/IC727,http://irail.be/stations/NMBS/008894755,IC,2018-10-26T07:07:00,2018-10-26T07:07:00,-26,-26
http://irail.be/vehicle/IC727,http://irail.be/stations/NMBS/008894821,IC,2018-10-26T07:08:00,2018-10-26T07:08:00,-10,-10
http://irail.be/vehicle/IC727,http://irail.be/stations/NMBS/008821196,IC,2018-10-26T07:12:00,2018-10-26T07:12:00,-55,-55
http://irail.be/vehicle/IC727,http://irail.be/stations/NMBS/008821121,IC,2018-10-26T07:19:00,2018-10-26T07:17:00,117,21
http://irail.be/vehicle/IC727,http://irail.be/stations/NMBS/008821006,IC,2018-10-26T07:23:00,2018-10-26T07:23:00,,242
http://irail.be/vehicle/IC727,http://irail.be/stations/NMBS/008892007,IC,2018-04-08T06:27:00,2018-04-08T06:27:00,71,
http://irail.be/vehicle/IC727,NO-URI,IC,2018-04-08T06:31:00,2018-04-08T06:31:00,112,112
http://irail.be/vehicle/IC727,http://irail.be/stations/NMBS/008893179,IC,2018-04-08T06:32:00,2018-04-08T06:32:00,-88,-88
http://irail.be/vehicle/IC727,http://irail.be/stations/NMBS/008893120,IC,2018-04-08T06:36:00,2018-04-08T06:35:00,125,-88
http://irail.be/vehicle/IC727,http://irail.be/stations/NMBS/008894151,IC,2018-04-08T06:43:00,2018-04-08T06:43:00,103,103
http://irail.be/vehicle/IC727,http://irail.be/stations/NMBS/008894201,IC,2018-04-08T06:50:00,2018-04-08T06:48:00,47,60
http://irail.be/vehicle/IC727,NO-URI,IC,2018-04-08T06:52:00,2018-04-08T06:52:00,50,50
http://irail.be/vehicle/IC727,http://irail.be/stations/NMBS/008894425,IC,2018-04-08T06:54:00,2018-04-08T06:54:00,67,67
http://irail.be/vehicle/IC727,http://irail.be/stations/NMBS/008894433,IC,2018-04-08T06:55:00,2018-04-08T06:55:00,59,59
http://irail.be/vehicle/IC727,http://irail.be/stations/NMBS/008894508,IC,2018-04-08T07:00:00,2018-04-08T06:58:00,42,47
http://irail.be/vehicle/IC727,NO-URI,IC,2018-04-08T07:02:00,2018-04-08T07:02:00,44,44
http://irail.be/vehicle/IC727,http://irail.be/stations/NMBS/008894714,IC,2018-04-08T07:03:00,2018-04-08T07:03:00,27,27
http://irail.be/vehicle/IC727,http://irail.be/stations/NMBS/008894748,IC,2018-04-08T07:05:00,2018-04-08T07:05:00,52,52
http://irail.be/vehicle/IC727,http://irail.be/stations/NMBS/008894755,IC,2018-04-08T07:07:00,2018-04-08T07:07:00,-5,-5
http://irail.be/vehicle/IC727,http://irail.be/stations/NMBS/008894821,IC,2018-04-08T07:09:00,2018-04-08T07:09:00,-11,-11
http://irail.be/vehicle/IC727,NO-URI,IC,2018-04-08T07:09:00,2018-04-08T07:09:00,-11,-11
http://irail.be/vehicle/IC727,http://irail.be/stations/NMBS/008821196,IC,2018-04-08T07:12:00,2018-04-08T07:12:00,213,213
http://irail.be/vehicle/IC727,http://irail.be/stations/NMBS/008821121,IC,2018-04-08T07:19:00,2018-04-08T07:17:00,111,160
http://irail.be/vehicle/IC727,http://irail.be/stations/NMBS/008821006,IC,2018-04-08T07:23:00,2018-04-08T07:23:00,,83
http://irail.be/vehicle/IC727,http://irail.be/stations/NMBS/008896735,IC,2018-05-04T05:08:00,2018-05-04T05:08:00,64,
http://irail.be/vehicle/IC727,http://irail.be/stations/NMBS/008896503,IC,2018-05-04T05:16:00,2018-05-04T05:15:00,57,47
http://irail.be/vehicle/IC727,http://irail.be/stations/NMBS/008896412,IC,2018-05-04T05:26:00,2018-05-04T05:25:00,14,12
http://irail.be/vehicle/IC727,http://irail.be/stations/NMBS/008896396,IC,2018-05-04T05:30:00,2018-05-04T05:29:00,14,14
http://irail.be/vehicle/IC727,http://irail.be/stations/NMBS/008896305,IC,2018-05-04T05:35:00,2018-05-04T05:34:00,3,14
http://irail.be/vehicle/IC727,http://irail.be/stations/NMBS/008896370,IC,2018-05-04T05:40:00,2018-05-04T05:40:00,17,3
http://irail.be/vehicle/IC727,http://irail.be/stations/NMBS/008896388,IC,2018-05-04T05:44:00,2018-05-04T05:44:00,17,17
http://irail.be/vehicle/IC727,http://irail.be/stations/NMBS/008896008,IC,2018-05-04T05:57:00,2018-05-04T05:50:00,106,-82
http://irail.be/vehicle/IC727,http://irail.be/stations/NMBS/008896115,IC,2018-05-04T06:01:00,2018-05-04T06:01:00,96,96
http://irail.be/vehicle/IC727,http://irail.be/stations/NMBS/008896149,IC,2018-05-04T06:06:00,2018-05-04T06:05:00,60,94
http://irail.be/vehicle/IC727,http://irail.be/stations/NMBS/008892106,IC,2018-05-04T06:15:00,2018-05-04T06:15:00,1,1
http://irail.be/vehicle/IC727,NO-URI,IC,2018-05-04T06:15:00,2018-05-04T06:15:00,86,86
http://irail.be/vehicle/IC727,http://irail.be/stations/NMBS/008892080,IC,2018-05-04T06:18:00,2018-05-04T06:18:00,78,78
http://irail.be/vehicle/IC727,http://irail.be/stations/NMBS/008892007,IC,2018-05-04T06:27:00,2018-05-04T06:24:00,125,199
http://irail.be/vehicle/IC727,NO-URI,IC,2018-05-04T06:31:00,2018-05-04T06:31:00,154,154
http://irail.be/vehicle/IC727,http://irail.be/stations/NMBS/008893179,IC,2018-05-04T06:32:00,2018-05-04T06:32:00,-54,-54
http://irail.be/vehicle/IC727,http://irail.be/stations/NMBS/008893120,IC,2018-05-04T06:36:00,2018-05-04T06:35:00,147,-54
http://irail.be/vehicle/IC727,http://irail.be/stations/NMBS/008894151,IC,2018-05-04T06:43:00,2018-05-04T06:43:00,156,156
http://irail.be/vehicle/IC727,http://irail.be/stations/NMBS/008894201,IC,2018-05-04T06:50:00,2018-05-04T06:48:00,63,106
http://irail.be/vehicle/IC727,NO-URI,IC,2018-05-04T06:52:00,2018-05-04T06:52:00,49,49
http://irail.be/vehicle/IC727,http://irail.be/stations/NMBS/008894425,IC,2018-05-04T06:54:00,2018-05-04T06:54:00,48,48
http://irail.be/vehicle/IC727,http://irail.be/stations/NMBS/008894433,IC,2018-05-04T06:55:00,2018-05-04T06:55:00,36,36
http://irail.be/vehicle/IC727,http://irail.be/stations/NMBS/008894508,IC,2018-05-04T07:00:00,2018-05-04T06:58:00,-1,21
http://irail.be/vehicle/IC727,NO-URI,IC,2018-05-04T07:02:00,2018-05-04T07:02:00,-5,-5
http://irail.be/vehicle/IC727,http://irail.be/stations/NMBS/008894714,IC,2018-05-04T07:03:00,2018-05-04T07:03:00,-24,-24
http://irail.be/vehicle/IC727,http://irail.be/stations/NMBS/008894748,IC,2018-05-04T07:06:00,2018-05-04T07:06:00,-62,-62
http://irail.be/vehicle/IC727,http://irail.be/stations/NMBS/008894755,IC,2018-05-04T07:07:00,2018-05-04T07:07:00,-73,-73
http://irail.be/vehicle/IC727,http://irail.be/stations/NMBS/008894821,IC,2018-05-04T07:08:00,2018-05-04T07:08:00,-55,-55
http://irail.be/vehicle/IC727,NO-URI,IC,2018-05-04T07:09:00,2018-05-04T07:09:00,-55,-55
http://irail.be/vehicle/IC727,http://irail.be/stations/NMBS/008821196,IC,2018-05-04T07:12:00,2018-05-04T07:12:00,-96,-96
http://irail.be/vehicle/IC727,http://irail.be/stations/NMBS/008821121,IC,2018-05-04T07:19:00,2018-05-04T07:17:00,-7,32
http://irail.be/vehicle/IC727,http://irail.be/stations/NMBS/008821006,IC,2018-05-04T07:23:00,2018-05-04T07:23:00,,-43
http://irail.be/vehicle/IC727,http://irail.be/stations/NMBS/008896008,IC,2018-09-09T05:58:00,2018-09-09T05:58:00,125,
http://irail.be/vehicle/IC727,http://irail.be/stations/NMBS/008896115,IC,2018-09-09T06:02:00,2018-09-09T06:02:00,153,153
http://irail.be/vehicle/IC727,http://irail.be/stations/NMBS/008896149,IC,2018-09-09T06:08:00,2018-09-09T06:07:00,95,116
http://irail.be/vehicle/IC727,http://irail.be/stations/NMBS/008892106,IC,2018-09-09T06:15:00,2018-09-09T06:15:00,37,37
http://irail.be/vehicle/IC727,NO-URI,IC,2018-09-09T06:15:00,2018-09-09T06:15:00,72,72
http://irail.be/vehicle/IC727,http://irail.be/stations/NMBS/008892080,IC,2018-09-09T06:18:00,2018-09-09T06:18:00,47,47
http://irail.be/vehicle/IC727,http://irail.be/stations/NMBS/008892007,IC,2018-09-09T06:27:00,2018-09-09T06:24:00,-4,8
http://irail.be/vehicle/IC727,NO-URI,IC,2018-09-09T06:31:00,2018-09-09T06:31:00,38,38
http://irail.be/vehicle/IC727,http://irail.be/stations/NMBS/008893179,IC,2018-09-09T06:32:00,2018-09-09T06:32:00,-146,-146
http://irail.be/vehicle/IC727,http://irail.be/stations/NMBS/008893120,IC,2018-09-09T06:36:00,2018-09-09T06:35:00,49,-146
http://irail.be/vehicle/IC727,http://irail.be/stations/NMBS/008894151,IC,2018-09-09T06:43:00,2018-09-09T06:43:00,35,35
http://irail.be/vehicle/IC727,http://irail.be/stations/NMBS/008894201,IC,2018-09-09T06:50:00,2018-09-09T06:48:00,9,-1
http://irail.be/vehicle/IC727,NO-URI,IC,2018-09-09T06:52:00,2018-09-09T06:52:00,4,4
http://irail.be/vehicle/IC727,http://irail.be/stations/NMBS/008894425,IC,2018-09-09T06:54:00,2018-09-09T06:54:00,18,18
http://irail.be/vehicle/IC727,http://irail.be/stations/NMBS/008894433,IC,2018-09-09T06:55:00,2018-09-09T06:55:00,7,7
http://irail.be/vehicle/IC727,http://irail.be/stations/NMBS/008894508,IC,2018-09-09T07:00:00,2018-09-09T06:58:00,11,8
http://irail.be/vehicle/IC727,NO-URI,IC,2018-09-09T07:02:00,2018-09-09T07:02:00,7,7
http://irail.be/vehicle/IC727,http://irail.be/stations/NMBS/008894714,IC,2018-09-09T07:03:00,2018-09-09T07:03:00,-10,-10
http://irail.be/vehicle/IC727,http://irail.be/stations/NMBS/008894748,IC,2018-09-09T07:05:00,2018-09-09T07:05:00,20,20
http://irail.be/vehicle/IC727,http://irail.be/stations/NMBS/008894755,IC,2018-09-09T07:07:00,2018-09-09T07:07:00,-34,-34
http://irail.be/vehicle/IC727,http://irail.be/stations/NMBS/008894821,IC,2018-09-09T07:09:00,2018-09-09T07:09:00,-44,-44
http://irail.be/vehicle/IC727,http://irail.be/stations/NMBS/008821196,IC,2018-09-09T07:12:00,2018-09-09T07:12:00,-29,-29
http://irail.be/vehicle/IC727,http://irail.be/stations/NMBS/008821121,IC,2018-09-09T07:19:00,2018-09-09T07:17:00,-6,-73
http://irail.be/vehicle/IC727,http://irail.be/stations/NMBS/008821006,IC,2018-09-09T07:23:00,2018-09-09T07:23:00,,-24
http://irail.be/vehicle/IC727,http://irail.be/stations/NMBS/008896735,IC,2018-01-26T05:08:00,2018-01-26T05:08:00,81,
http://irail.be/vehicle/IC727,http://irail.be/stations/NMBS/008896503,IC,2018-01-26T05:16:00,2018-01-26T05:15:00,48,60
http://irail.be/vehicle/IC727,http://irail.be/stations/NMBS/008896412,IC,2018-01-26T05:26:00,2018-01-26T05:25:00,10,43
http://irail.be/vehicle/IC727,http://irail.be/stations/NMBS/008896396,IC,2018-01-26T05:30:00,2018-01-26T05:29:00,10,10
http://irail.be/vehicle/IC727,http://irail.be/stations/NMBS/008896305,IC,2018-01-26T05:35:00,2018-01-26T05:34:00,-18,10
http://irail.be/vehicle/IC727,http://irail.be/stations/NMBS/008896370,IC,2018-01-26T05:40:00,2018-01-26T05:40:00,94,-18
http://irail.be/vehicle/IC727,http://irail.be/stations/NMBS/008896388,IC,2018-01-26T05:44:00,2018-01-26T05:44:00,94,94
http://irail.be/vehicle/IC727,http://irail.be/stations/NMBS/008896008,IC,2018-01-26T05:57:00,2018-01-26T05:50:00,72,48
http://irail.be/vehicle/IC727,http://irail.be/stations/NMBS/008896115,IC,2018-01-26T06:01:00,2018-01-26T06:01:00,108,108
http://irail.be/vehicle/IC727,http://irail.be/stations/NMBS/008896149,IC,2018-01-26T06:06:00,2018-01-26T06:05:00,115,138
http://irail.be/vehicle/IC727,http://irail.be/stations/NMBS/008892106,IC,2018-01-26T06:15:00,2018-01-26T06:15:00,-34,-34
http://irail.be/vehicle/IC727,NO-URI,IC,2018-01-26T06:15:00,2018-01-26T06:15:00,24,24
http://irail.be/vehicle/IC727,http://irail.be/stations/NMBS/008892080,IC,2018-01-26T06:18:00,2018-01-26T06:18:00,24,24
http://irail.be/vehicle/IC727,http://irail.be/stations/NMBS/008892007,IC,2018-01-26T06:27:00,2018-01-26T06:24:00,11,-2
http://irail.be/vehicle/IC727,NO-URI,IC,2018-01-26T06:31:00,2018-01-26T06:31:00,8,8
http://irail.be/vehicle/IC727,http://irail.be/stations/NMBS/008893179,IC,2018-01-26T06:32:00,2018-01-26T06:32:00,-202,-202
http://irail.be/vehicle/IC727,http://irail.be/stations/NMBS/008893120,IC,2018-01-26T06:36:00,2018-01-26T06:35:00,-202,-202
http://irail.be/vehicle/IC727,http://irail.be/stations/NMBS/008894151,IC,2018-01-26T06:43:00,2018-01-26T06:43:00,-3,-3
http://irail.be/vehicle/IC727,http://irail.be/stations/NMBS/008894201,IC,2018-01-26T06:50:00,2018-01-26T06:48:00,13,-52
http://irail.be/vehicle/IC727,NO-URI,IC,2018-01-26T06:52:00,2018-01-26T06:52:00,3,3
http://irail.be/vehicle/IC727,http://irail.be/stations/NMBS/008894425,IC,2018-01-26T06:54:00,2018-01-26T06:54:00,4,4
http://irail.be/vehicle/IC727,http://irail.be/stations/NMBS/008894433,IC,2018-01-26T06:55:00,2018-01-26T06:55:00,-7,-7
http://irail.be/vehicle/IC727,http://irail.be/stations/NMBS/008894508,IC,2018-01-26T07:00:00,2018-01-26T06:58:00,2,-24
http://irail.be/vehicle/IC727,NO-URI,IC,2018-01-26T07:02:00,2018-01-26T07:02:00,-1,-1
http://irail.be/vehicle/IC727,http://irail.be/stations/NMBS/008894714,IC,2018-01-26T07:03:00,2018-01-26T07:03:00,-17,-17
http://irail.be/vehicle/IC727,http://irail.be/stations/NMBS/008894748,IC,2018-01-26T07:06:00,2018-01-26T07:06:00,-54,-54
http://irail.be/vehicle/IC727,http://irail.be/stations/NMBS/008894755,IC,2018-01-26T07:07:00,2018-01-26T07:07:00,-62,-62
http://irail.be/vehicle/IC727,http://irail.be/stations/NMBS/008894821,IC,2018-01-26T07:08:00,2018-01-26T07:08:00,-45,-45
http://irail.be/vehicle/IC727,NO-URI,IC,2018-01-26T07:09:00,2018-01-26T07:09:00,-45,-45
http://irail.be/vehicle/IC727,http://irail.be/stations/NMBS/008821196,IC,2018-01-26T07:12:00,2018-01-26T07:12:00,-81,-81
http://irail.be/vehicle/IC727,http://irail.be/stations/NMBS/008821121,IC,2018-01-26T07:19:00,2018-01-26T07:17:00,32,-56
http://irail.be/vehicle/IC727,http://irail.be/stations/NMBS/008821006,IC,2018-01-26T07:23:00,2018-01-26T07:23:00,,0
http://irail.be/vehicle/IC727,http://irail.be/stations/NMBS/008896735,IC,2018-05-29T05:08:00,2018-05-29T05:08:00,48,
http://irail.be/vehicle/IC727,http://irail.be/stations/NMBS/008896503,IC,2018-05-29T05:16:00,2018-05-29T05:15:00,53,25
http://irail.be/vehicle/IC727,http://irail.be/stations/NMBS/008896412,IC,2018-05-29T05:26:00,2018-05-29T05:25:00,-6,25
http://irail.be/vehicle/IC727,http://irail.be/stations/NMBS/008896396,IC,2018-05-29T05:30:00,2018-05-29T05:29:00,-6,-6
http://irail.be/vehicle/IC727,http://irail.be/stations/NMBS/008896305,IC,2018-05-29T05:35:00,2018-05-29T05:34:00,-24,-6
http://irail.be/vehicle/IC727,http://irail.be/stations/NMBS/008896370,IC,2018-05-29T05:40:00,2018-05-29T05:40:00,1511,-24
http://irail.be/vehicle/IC727,http://irail.be/stations/NMBS/008896388,IC,2018-05-29T05:44:00,2018-05-29T05:44:00,1511,1511
http://irail.be/vehicle/IC727,http://irail.be/stations/NMBS/008896008,IC,2018-05-29T05:57:00,2018-05-29T05:50:00,1398,1492
http://irail.be/vehicle/IC727,http://irail.be/stations/NMBS/008896115,IC,2018-05-29T06:01:00,2018-05-29T06:01:00,1615,1615
http://irail.be/vehicle/IC727,http://irail.be/stations/NMBS/008896149,IC,2018-05-29T06:06:00,2018-05-29T06:05:00,1923,1826
http://irail.be/vehicle/IC727,http://irail.be/stations/NMBS/008892106,IC,2018-05-29T06:15:00,2018-05-29T06:15:00,1812,1812
http://irail.be/vehicle/IC727,NO-URI,IC,2018-05-29T06:15:00,2018-05-29T06:15:00,1838,1838
http://irail.be/vehicle/IC727,http://irail.be/stations/NMBS/008892080,IC,2018-05-29T06:18:00,2018-05-29T06:18:00,1823,1823
http://irail.be/vehicle/IC727,http://irail.be/stations/NMBS/008892007,IC,2018-05-29T06:27:00,2018-05-29T06:24:00,1782,1849
http://irail.be/vehicle/IC727,NO-URI,IC,2018-05-29T06:31:00,2018-05-29T06:31:00,1869,1869
http://irail.be/vehicle/IC727,http://irail.be/stations/NMBS/008893179,IC,2018-05-29T06:32:00,2018-05-29T06:32:00,1715,1715
http://irail.be/vehicle/IC727,http://irail.be/stations/NMBS/008893120,IC,2018-05-29T06:36:00,2018-05-29T06:35:00,1927,1715
http://irail.be/vehicle/IC727,http://irail.be/stations/NMBS/008894151,IC,2018-05-29T06:43:00,2018-05-29T06:43:00,2016,2016
http://irail.be/vehicle/IC727,http://irail.be/stations/NMBS/008894201,IC,2018-05-29T06:50:00,2018-05-29T06:48:00,2291,2290
http://irail.be/vehicle/IC727,NO-URI,IC,2018-05-29T06:52:00,2018-05-29T06:52:00,2290,2290
http://irail.be/vehicle/IC727,http://irail.be/stations/NMBS/008894425,IC,2018-05-29T06:54:00,2018-05-29T06:54:00,2425,2425
http://irail.be/vehicle/IC727,http://irail.be/stations/NMBS/008894433,IC,2018-05-29T06:55:00,2018-05-29T06:55:00,2583,2583
http://irail.be/vehicle/IC727,http://irail.be/stations/NMBS/008894508,IC,2018-05-29T06:58:00,2018-05-29T06:58:00,,2657
http://irail.be/vehicle/IC727,http://irail.be/stations/NMBS/008896735,IC,2018-01-23T05:08:00,2018-01-23T05:08:00,84,
http://irail.be/vehicle/IC727,http://irail.be/stations/NMBS/008896503,IC,2018-01-23T05:16:00,2018-01-23T05:15:00,77,52
http://irail.be/vehicle/IC727,http://irail.be/stations/NMBS/008896412,IC,2018-01-23T05:26:00,2018-01-23T05:25:00,17,27
http://irail.be/vehicle/IC727,http://irail.be/stations/NMBS/008896396,IC,2018-01-23T05:30:00,2018-01-23T05:29:00,17,17
http://irail.be/vehicle/IC727,http://irail.be/stations/NMBS/008896305,IC,2018-01-23T05:35:00,2018-01-23T05:34:00,-16,17
http://irail.be/vehicle/IC727,http://irail.be/stations/NMBS/008896370,IC,2018-01-23T05:40:00,2018-01-23T05:40:00,33,-16
http://irail.be/vehicle/IC727,http://irail.be/stations/NMBS/008896388,IC,2018-01-23T05:44:00,2018-01-23T05:44:00,33,33
http://irail.be/vehicle/IC727,http://irail.be/stations/NMBS/008896008,IC,2018-01-23T05:57:00,2018-01-23T05:50:00,41,-16
http://irail.be/vehicle/IC727,http://irail.be/stations/NMBS/008896115,IC,2018-01-23T06:01:00,2018-01-23T06:01:00,80,80
http://irail.be/vehicle/IC727,http://irail.be/stations/NMBS/008896149,IC,2018-01-23T06:06:00,2018-01-23T06:05:00,100,115
http://irail.be/vehicle/IC727,http://irail.be/stations/NMBS/008892106,IC,2018-01-23T06:15:00,2018-01-23T06:15:00,-41,-41
http://irail.be/vehicle/IC727,NO-URI,IC,2018-01-23T06:15:00,2018-01-23T06:15:00,25,25
http://irail.be/vehicle/IC727,http://irail.be/stations/NMBS/008892080,IC,2018-01-23T06:18:00,2018-01-23T06:18:00,88,88
http://irail.be/vehicle/IC727,http://irail.be/stations/NMBS/008892007,IC,2018-01-23T06:27:00,2018-01-23T06:24:00,3,66
http://irail.be/vehicle/IC727,NO-URI,IC,2018-01-23T06:31:00,2018-01-23T06:31:00,32,32
http://irail.be/vehicle/IC727,http://irail.be/stations/NMBS/008893179,IC,2018-01-23T06:32:00,2018-01-23T06:32:00,-172,-172
http://irail.be/vehicle/IC727,http://irail.be/stations/NMBS/008893120,IC,2018-01-23T06:36:00,2018-01-23T06:35:00,-172,-172
http://irail.be/vehicle/IC727,http://irail.be/stations/NMBS/008894151,IC,2018-01-23T06:43:00,2018-01-23T06:43:00,27,27
http://irail.be/vehicle/IC727,http://irail.be/stations/NMBS/008894201,IC,2018-01-23T06:50:00,2018-01-23T06:48:00,13,-16
http://irail.be/vehicle/IC727,NO-URI,IC,2018-01-23T06:52:00,2018-01-23T06:52:00,4,4
http://irail.be/vehicle/IC727,http://irail.be/stations/NMBS/008894425,IC,2018-01-23T06:54:00,2018-01-23T06:54:00,17,17
http://irail.be/vehicle/IC727,http://irail.be/stations/NMBS/008894433,IC,2018-01-23T06:55:00,2018-01-23T06:55:00,7,7
http://irail.be/vehicle/IC727,http://irail.be/stations/NMBS/008894508,IC,2018-01-23T07:00:00,2018-01-23T06:58:00,62,-6
http://irail.be/vehicle/IC727,NO-URI,IC,2018-01-23T07:02:00,2018-01-23T07:02:00,70,70
http://irail.be/vehicle/IC727,http://irail.be/stations/NMBS/008894714,IC,2018-01-23T07:03:00,2018-01-23T07:03:00,57,57
http://irail.be/vehicle/IC727,http://irail.be/stations/NMBS/008894748,IC,2018-01-23T07:06:00,2018-01-23T07:06:00,30,30
http://irail.be/vehicle/IC727,http://irail.be/stations/NMBS/008894755,IC,2018-01-23T07:07:00,2018-01-23T07:07:00,23,23
http://irail.be/vehicle/IC727,http://irail.be/stations/NMBS/008894821,IC,2018-01-23T07:08:00,2018-01-23T07:08:00,48,48
http://irail.be/vehicle/IC727,NO-URI,IC,2018-01-23T07:09:00,2018-01-23T07:09:00,48,48
http://irail.be/vehicle/IC727,http://irail.be/stations/NMBS/008821196,IC,2018-01-23T07:12:00,2018-01-23T07:12:00,7,7
http://irail.be/vehicle/IC727,http://irail.be/stations/NMBS/008821121,IC,2018-01-23T07:19:00,2018-01-23T07:17:00,100,-14
http://irail.be/vehicle/IC727,http://irail.be/stations/NMBS/008821006,IC,2018-01-23T07:23:00,2018-01-23T07:23:00,,171
http://irail.be/vehicle/IC727,http://irail.be/stations/NMBS/008896735,IC,2018-02-07T05:08:00,2018-02-07T05:08:00,78,
http://irail.be/vehicle/IC727,http://irail.be/stations/NMBS/008896503,IC,2018-02-07T05:16:00,2018-02-07T05:15:00,82,58
http://irail.be/vehicle/IC727,http://irail.be/stations/NMBS/008896412,IC,2018-02-07T05:26:00,2018-02-07T05:25:00,23,52
http://irail.be/vehicle/IC727,http://irail.be/stations/NMBS/008896396,IC,2018-02-07T05:30:00,2018-02-07T05:29:00,23,23
http://irail.be/vehicle/IC727,http://irail.be/stations/NMBS/008896305,IC,2018-02-07T05:35:00,2018-02-07T05:34:00,-14,23
http://irail.be/vehicle/IC727,http://irail.be/stations/NMBS/008896370,IC,2018-02-07T05:40:00,2018-02-07T05:40:00,-14,-14
http://irail.be/vehicle/IC727,http://irail.be/stations/NMBS/008896388,IC,2018-02-07T05:44:00,2018-02-07T05:44:00,-38,-38
http://irail.be/vehicle/IC727,http://irail.be/stations/NMBS/008896008,IC,2018-02-07T05:57:00,2018-02-07T05:50:00,31,-88
http://irail.be/vehicle/IC727,http://irail.be/stations/NMBS/008896115,IC,2018-02-07T06:01:00,2018-02-07T06:01:00,98,98
http://irail.be/vehicle/IC727,http://irail.be/stations/NMBS/008896149,IC,2018-02-07T06:06:00,2018-02-07T06:05:00,124,152
http://irail.be/vehicle/IC727,http://irail.be/stations/NMBS/008892106,IC,2018-02-07T06:15:00,2018-02-07T06:15:00,-19,-19
http://irail.be/vehicle/IC727,NO-URI,IC,2018-02-07T06:15:00,2018-02-07T06:15:00,48,48
http://irail.be/vehicle/IC727,http://irail.be/stations/NMBS/008892080,IC,2018-02-07T06:18:00,2018-02-07T06:18:00,57,57
http://irail.be/vehicle/IC727,http://irail.be/stations/NMBS/008892007,IC,2018-02-07T06:27:00,2018-02-07T06:24:00,36,124
http://irail.be/vehicle/IC727,NO-URI,IC,2018-02-07T06:31:00,2018-02-07T06:31:00,59,59
http://irail.be/vehicle/IC727,http://irail.be/stations/NMBS/008893179,IC,2018-02-07T06:32:00,2018-02-07T06:32:00,-144,-144
http://irail.be/vehicle/IC727,http://irail.be/stations/NMBS/008893120,IC,2018-02-07T06:36:00,2018-02-07T06:35:00,-144,-144
http://irail.be/vehicle/IC727,http://irail.be/stations/NMBS/008894151,IC,2018-02-07T06:43:00,2018-02-07T06:43:00,39,39
http://irail.be/vehicle/IC727,http://irail.be/stations/NMBS/008894201,IC,2018-02-07T06:50:00,2018-02-07T06:48:00,23,1
http://irail.be/vehicle/IC727,NO-URI,IC,2018-02-07T06:52:00,2018-02-07T06:52:00,13,13
http://irail.be/vehicle/IC727,http://irail.be/stations/NMBS/008894425,IC,2018-02-07T06:54:00,2018-02-07T06:54:00,18,18
http://irail.be/vehicle/IC727,http://irail.be/stations/NMBS/008894433,IC,2018-02-07T06:55:00,2018-02-07T06:55:00,9,9
http://irail.be/vehicle/IC727,http://irail.be/stations/NMBS/008894508,IC,2018-02-07T07:00:00,2018-02-07T06:58:00,-5,-2
http://irail.be/vehicle/IC727,NO-URI,IC,2018-02-07T07:02:00,2018-02-07T07:02:00,3,3
http://irail.be/vehicle/IC727,http://irail.be/stations/NMBS/008894714,IC,2018-02-07T07:03:00,2018-02-07T07:03:00,-12,-12
http://irail.be/vehicle/IC727,http://irail.be/stations/NMBS/008894748,IC,2018-02-07T07:06:00,2018-02-07T07:06:00,-42,-42
http://irail.be/vehicle/IC727,http://irail.be/stations/NMBS/008894755,IC,2018-02-07T07:07:00,2018-02-07T07:07:00,-34,-34
http://irail.be/vehicle/IC727,http://irail.be/stations/NMBS/008894821,IC,2018-02-07T07:08:00,2018-02-07T07:08:00,10,10
http://irail.be/vehicle/IC727,NO-URI,IC,2018-02-07T07:09:00,2018-02-07T07:09:00,10,10
http://irail.be/vehicle/IC727,http://irail.be/stations/NMBS/008821196,IC,2018-02-07T07:12:00,2018-02-07T07:12:00,-17,-17
http://irail.be/vehicle/IC727,http://irail.be/stations/NMBS/008821121,IC,2018-02-07T07:19:00,2018-02-07T07:17:00,286,184
http://irail.be/vehicle/IC727,http://irail.be/stations/NMBS/008821006,IC,2018-02-07T07:23:00,2018-02-07T07:23:00,,305
http://irail.be/vehicle/IC727,http://irail.be/stations/NMBS/008896735,IC,2018-11-06T05:08:00,2018-11-06T05:08:00,58,
http://irail.be/vehicle/IC727,http://irail.be/stations/NMBS/008896503,IC,2018-11-06T05:16:00,2018-11-06T05:15:00,42,38
http://irail.be/vehicle/IC727,http://irail.be/stations/NMBS/008896412,IC,2018-11-06T05:26:00,2018-11-06T05:25:00,96,26
http://irail.be/vehicle/IC727,http://irail.be/stations/NMBS/008896396,IC,2018-11-06T05:30:00,2018-11-06T05:29:00,96,96
http://irail.be/vehicle/IC727,http://irail.be/stations/NMBS/008896305,IC,2018-11-06T05:35:00,2018-11-06T05:34:00,124,96
http://irail.be/vehicle/IC727,http://irail.be/stations/NMBS/008896370,IC,2018-11-06T05:40:00,2018-11-06T05:39:00,124,124
http://irail.be/vehicle/IC727,http://irail.be/stations/NMBS/008896388,IC,2018-11-06T05:45:00,2018-11-06T05:44:00,23,23
http://irail.be/vehicle/IC727,http://irail.be/stations/NMBS/008896008,IC,2018-11-06T05:58:00,2018-11-06T05:50:00,39,-1
http://irail.be/vehicle/IC727,http://irail.be/stations/NMBS/008896115,IC,2018-11-06T06:02:00,2018-11-06T06:02:00,18,18
http://irail.be/vehicle/IC727,http://irail.be/stations/NMBS/008896149,IC,2018-11-06T06:08:00,2018-11-06T06:07:00,27,13
http://irail.be/vehicle/IC727,http://irail.be/stations/NMBS/008892106,IC,2018-11-06T06:15:00,2018-11-06T06:15:00,-21,-21
http://irail.be/vehicle/IC727,NO-URI,IC,2018-11-06T06:15:00,2018-11-06T06:15:00,59,59
http://irail.be/vehicle/IC727,http://irail.be/stations/NMBS/008892080,IC,2018-11-06T06:18:00,2018-11-06T06:18:00,99,99
http://irail.be/vehicle/IC727,http://irail.be/stations/NMBS/008892007,IC,2018-11-06T06:27:00,2018-11-06T06:24:00,34,107
http://irail.be/vehicle/IC727,NO-URI,IC,2018-11-06T06:31:00,2018-11-06T06:31:00,41,41
http://irail.be/vehicle/IC727,http://irail.be/stations/NMBS/008893179,IC,2018-11-06T06:32:00,2018-11-06T06:32:00,22,22
http://irail.be/vehicle/IC727,http://irail.be/stations/NMBS/008893120,IC,2018-11-06T06:36:00,2018-11-06T06:35:00,59,-85
http://irail.be/vehicle/IC727,http://irail.be/stations/NMBS/008894151,IC,2018-11-06T06:43:00,2018-11-06T06:43:00,39,39
http://irail.be/vehicle/IC727,http://irail.be/stations/NMBS/008894201,IC,2018-11-06T06:50:00,2018-11-06T06:48:00,18,-6
http://irail.be/vehicle/IC727,NO-URI,IC,2018-11-06T06:52:00,2018-11-06T06:52:00,8,8
http://irail.be/vehicle/IC727,http://irail.be/stations/NMBS/008894425,IC,2018-11-06T06:54:00,2018-11-06T06:54:00,16,16
http://irail.be/vehicle/IC727,http://irail.be/stations/NMBS/008894433,IC,2018-11-06T06:55:00,2018-11-06T06:55:00,10,10
http://irail.be/vehicle/IC727,http://irail.be/stations/NMBS/008894508,IC,2018-11-06T07:00:00,2018-11-06T06:58:00,-2,3
http://irail.be/vehicle/IC727,NO-URI,IC,2018-11-06T07:02:00,2018-11-06T07:02:00,-4,-4
http://irail.be/vehicle/IC727,http://irail.be/stations/NMBS/008894714,IC,2018-11-06T07:03:00,2018-11-06T07:03:00,-19,-19
http://irail.be/vehicle/IC727,http://irail.be/stations/NMBS/008894748,IC,2018-11-06T07:06:00,2018-11-06T07:06:00,-50,-50
http://irail.be/vehicle/IC727,http://irail.be/stations/NMBS/008894755,IC,2018-11-06T07:07:00,2018-11-06T07:07:00,70,70
http://irail.be/vehicle/IC727,http://irail.be/stations/NMBS/008894821,IC,2018-11-06T07:08:00,2018-11-06T07:08:00,122,122
http://irail.be/vehicle/IC727,http://irail.be/stations/NMBS/008821196,IC,2018-11-06T07:12:00,2018-11-06T07:12:00,79,79
http://irail.be/vehicle/IC727,http://irail.be/stations/NMBS/008821121,IC,2018-11-06T07:19:00,2018-11-06T07:17:00,50,32
http://irail.be/vehicle/IC727,http://irail.be/stations/NMBS/008821006,IC,2018-11-06T07:23:00,2018-11-06T07:23:00,,55
http://irail.be/vehicle/IC727,http://irail.be/stations/NMBS/008896735,IC,2018-11-26T05:08:00,2018-11-26T05:08:00,68,
http://irail.be/vehicle/IC727,http://irail.be/stations/NMBS/008896503,IC,2018-11-26T05:16:00,2018-11-26T05:15:00,54,58
http://irail.be/vehicle/IC727,http://irail.be/stations/NMBS/008896412,IC,2018-11-26T05:26:00,2018-11-26T05:25:00,81,19
http://irail.be/vehicle/IC727,http://irail.be/stations/NMBS/008896396,IC,2018-11-26T05:30:00,2018-11-26T05:29:00,81,81
http://irail.be/vehicle/IC727,http://irail.be/stations/NMBS/008896305,IC,2018-11-26T05:35:00,2018-11-26T05:34:00,76,81
http://irail.be/vehicle/IC727,http://irail.be/stations/NMBS/008896370,IC,2018-11-26T05:40:00,2018-11-26T05:39:00,76,76
http://irail.be/vehicle/IC727,http://irail.be/stations/NMBS/008896388,IC,2018-11-26T05:45:00,2018-11-26T05:44:00,-6,-6
http://irail.be/vehicle/IC727,http://irail.be/stations/NMBS/008896008,IC,2018-11-26T05:58:00,2018-11-26T05:50:00,38,-46
http://irail.be/vehicle/IC727,http://irail.be/stations/NMBS/008896115,IC,2018-11-26T06:02:00,2018-11-26T06:02:00,32,32
http://irail.be/vehicle/IC727,http://irail.be/stations/NMBS/008896149,IC,2018-11-26T06:08:00,2018-11-26T06:07:00,104,103
http://irail.be/vehicle/IC727,http://irail.be/stations/NMBS/008892106,IC,2018-11-26T06:15:00,2018-11-26T06:15:00,133,133
http://irail.be/vehicle/IC727,NO-URI,IC,2018-11-26T06:15:00,2018-11-26T06:15:00,237,237
http://irail.be/vehicle/IC727,http://irail.be/stations/NMBS/008892080,IC,2018-11-26T06:18:00,2018-11-26T06:18:00,268,268
http://irail.be/vehicle/IC727,http://irail.be/stations/NMBS/008892007,IC,2018-11-26T06:27:00,2018-11-26T06:24:00,121,258
http://irail.be/vehicle/IC727,NO-URI,IC,2018-11-26T06:31:00,2018-11-26T06:31:00,235,235
http://irail.be/vehicle/IC727,http://irail.be/stations/NMBS/008893179,IC,2018-11-26T06:32:00,2018-11-26T06:32:00,318,318
http://irail.be/vehicle/IC727,http://irail.be/stations/NMBS/008893120,IC,2018-11-26T06:36:00,2018-11-26T06:35:00,433,296
http://irail.be/vehicle/IC727,http://irail.be/stations/NMBS/008894151,IC,2018-11-26T06:43:00,2018-11-26T06:43:00,405,405
http://irail.be/vehicle/IC727,http://irail.be/stations/NMBS/008894201,IC,2018-11-26T06:50:00,2018-11-26T06:48:00,307,354
http://irail.be/vehicle/IC727,NO-URI,IC,2018-11-26T06:52:00,2018-11-26T06:52:00,299,299
http://irail.be/vehicle/IC727,http://irail.be/stations/NMBS/008894425,IC,2018-11-26T06:54:00,2018-11-26T06:54:00,311,311
http://irail.be/vehicle/IC727,http://irail.be/stations/NMBS/008894433,IC,2018-11-26T06:55:00,2018-11-26T06:55:00,297,297
http://irail.be/vehicle/IC727,http://irail.be/stations/NMBS/008894508,IC,2018-11-26T07:00:00,2018-11-26T06:58:00,230,278
http://irail.be/vehicle/IC727,NO-URI,IC,2018-11-26T07:02:00,2018-11-26T07:02:00,236,236
http://irail.be/vehicle/IC727,http://irail.be/stations/NMBS/008894714,IC,2018-11-26T07:03:00,2018-11-26T07:03:00,224,224
http://irail.be/vehicle/IC727,http://irail.be/stations/NMBS/008894748,IC,2018-11-26T07:06:00,2018-11-26T07:06:00,196,196
http://irail.be/vehicle/IC727,http://irail.be/stations/NMBS/008894755,IC,2018-11-26T07:07:00,2018-11-26T07:07:00,187,187
http://irail.be/vehicle/IC727,http://irail.be/stations/NMBS/008894821,IC,2018-11-26T07:08:00,2018-11-26T07:08:00,207,207
http://irail.be/vehicle/IC727,http://irail.be/stations/NMBS/008821196,IC,2018-11-26T07:12:00,2018-11-26T07:12:00,158,158
http://irail.be/vehicle/IC727,http://irail.be/stations/NMBS/008821121,IC,2018-11-26T07:19:00,2018-11-26T07:17:00,49,100
http://irail.be/vehicle/IC727,http://irail.be/stations/NMBS/008821006,IC,2018-11-26T07:23:00,2018-11-26T07:23:00,,19
http://irail.be/vehicle/IC727,http://irail.be/stations/NMBS/008896735,IC,2018-05-17T05:08:00,2018-05-17T05:08:00,65,
http://irail.be/vehicle/IC727,http://irail.be/stations/NMBS/008896503,IC,2018-05-17T05:16:00,2018-05-17T05:15:00,25,38
http://irail.be/vehicle/IC727,http://irail.be/stations/NMBS/008896412,IC,2018-05-17T05:26:00,2018-05-17T05:25:00,-7,0
http://irail.be/vehicle/IC727,http://irail.be/stations/NMBS/008896396,IC,2018-05-17T05:30:00,2018-05-17T05:29:00,-7,-7
http://irail.be/vehicle/IC727,http://irail.be/stations/NMBS/008896305,IC,2018-05-17T05:35:00,2018-05-17T05:34:00,-35,-7
http://irail.be/vehicle/IC727,http://irail.be/stations/NMBS/008896370,IC,2018-05-17T05:40:00,2018-05-17T05:40:00,-6,-35
http://irail.be/vehicle/IC727,http://irail.be/stations/NMBS/008896388,IC,2018-05-17T05:44:00,2018-05-17T05:44:00,-6,-6
http://irail.be/vehicle/IC727,http://irail.be/stations/NMBS/008896008,IC,2018-05-17T05:57:00,2018-05-17T05:50:00,80,-33
http://irail.be/vehicle/IC727,http://irail.be/stations/NMBS/008896115,IC,2018-05-17T06:01:00,2018-05-17T06:01:00,110,110
http://irail.be/vehicle/IC727,http://irail.be/stations/NMBS/008896149,IC,2018-05-17T06:06:00,2018-05-17T06:05:00,81,120
http://irail.be/vehicle/IC727,http://irail.be/stations/NMBS/008892106,IC,2018-05-17T06:15:00,2018-05-17T06:15:00,-72,-72
http://irail.be/vehicle/IC727,NO-URI,IC,2018-05-17T06:15:00,2018-05-17T06:15:00,0,0
http://irail.be/vehicle/IC727,http://irail.be/stations/NMBS/008892080,IC,2018-05-17T06:18:00,2018-05-17T06:18:00,24,24
http://irail.be/vehicle/IC727,http://irail.be/stations/NMBS/008892007,IC,2018-05-17T06:27:00,2018-05-17T06:24:00,7,61
http://irail.be/vehicle/IC727,NO-URI,IC,2018-05-17T06:31:00,2018-05-17T06:31:00,55,55
http://irail.be/vehicle/IC727,http://irail.be/stations/NMBS/008893179,IC,2018-05-17T06:32:00,2018-05-17T06:32:00,-149,-149
http://irail.be/vehicle/IC727,http://irail.be/stations/NMBS/008893120,IC,2018-05-17T06:36:00,2018-05-17T06:35:00,42,-149
http://irail.be/vehicle/IC727,http://irail.be/stations/NMBS/008894151,IC,2018-05-17T06:43:00,2018-05-17T06:43:00,229,229
http://irail.be/vehicle/IC727,http://irail.be/stations/NMBS/008894201,IC,2018-05-17T06:50:00,2018-05-17T06:48:00,255,282
http://irail.be/vehicle/IC727,NO-URI,IC,2018-05-17T06:52:00,2018-05-17T06:52:00,239,239
http://irail.be/vehicle/IC727,http://irail.be/stations/NMBS/008894425,IC,2018-05-17T06:54:00,2018-05-17T06:54:00,245,245
http://irail.be/vehicle/IC727,http://irail.be/stations/NMBS/008894433,IC,2018-05-17T06:55:00,2018-05-17T06:55:00,234,234
http://irail.be/vehicle/IC727,http://irail.be/stations/NMBS/008894508,IC,2018-05-17T07:00:00,2018-05-17T06:58:00,171,220
http://irail.be/vehicle/IC727,NO-URI,IC,2018-05-17T07:02:00,2018-05-17T07:02:00,187,187
http://irail.be/vehicle/IC727,http://irail.be/stations/NMBS/008894714,IC,2018-05-17T07:03:00,2018-05-17T07:03:00,173,173
http://irail.be/vehicle/IC727,http://irail.be/stations/NMBS/008894748,IC,2018-05-17T07:06:00,2018-05-17T07:06:00,138,138
http://irail.be/vehicle/IC727,http://irail.be/stations/NMBS/008894755,IC,2018-05-17T07:07:00,2018-05-17T07:07:00,129,129
http://irail.be/vehicle/IC727,http://irail.be/stations/NMBS/008894821,IC,2018-05-17T07:08:00,2018-05-17T07:08:00,146,146
http://irail.be/vehicle/IC727,NO-URI,IC,2018-05-17T07:09:00,2018-05-17T07:09:00,146,146
http://irail.be/vehicle/IC727,http://irail.be/stations/NMBS/008821196,IC,2018-05-17T07:12:00,2018-05-17T07:12:00,108,108
http://irail.be/vehicle/IC727,http://irail.be/stations/NMBS/008821121,IC,2018-05-17T07:19:00,2018-05-17T07:17:00,20,70
http://irail.be/vehicle/IC727,http://irail.be/stations/NMBS/008821006,IC,2018-05-17T07:23:00,2018-05-17T07:23:00,,-9
http://irail.be/vehicle/IC727,http://irail.be/stations/NMBS/008896735,IC,2018-12-07T05:08:00,2018-12-07T05:08:00,59,
http://irail.be/vehicle/IC727,http://irail.be/stations/NMBS/008896503,IC,2018-12-07T05:16:00,2018-12-07T05:15:00,35,39
http://irail.be/vehicle/IC727,http://irail.be/stations/NMBS/008896412,IC,2018-12-07T05:26:00,2018-12-07T05:25:00,15,-4
http://irail.be/vehicle/IC727,http://irail.be/stations/NMBS/008896396,IC,2018-12-07T05:30:00,2018-12-07T05:29:00,15,15
http://irail.be/vehicle/IC727,http://irail.be/stations/NMBS/008896305,IC,2018-12-07T05:35:00,2018-12-07T05:34:00,24,15
http://irail.be/vehicle/IC727,http://irail.be/stations/NMBS/008896370,IC,2018-12-07T05:40:00,2018-12-07T05:39:00,-1,24
http://irail.be/vehicle/IC727,http://irail.be/stations/NMBS/008896388,IC,2018-12-07T05:45:00,2018-12-07T05:44:00,-1,-1
http://irail.be/vehicle/IC727,http://irail.be/stations/NMBS/008896008,IC,2018-12-07T05:58:00,2018-12-07T05:50:00,32,-31
http://irail.be/vehicle/IC727,http://irail.be/stations/NMBS/008896115,IC,2018-12-07T06:02:00,2018-12-07T06:02:00,29,29
http://irail.be/vehicle/IC727,http://irail.be/stations/NMBS/008896149,IC,2018-12-07T06:08:00,2018-12-07T06:07:00,2,2
http://irail.be/vehicle/IC727,http://irail.be/stations/NMBS/008892106,IC,2018-12-07T06:15:00,2018-12-07T06:15:00,-36,-36
http://irail.be/vehicle/IC727,NO-URI,IC,2018-12-07T06:15:00,2018-12-07T06:15:00,4,4
http://irail.be/vehicle/IC727,http://irail.be/stations/NMBS/008892080,IC,2018-12-07T06:18:00,2018-12-07T06:18:00,-7,-7
http://irail.be/vehicle/IC727,http://irail.be/stations/NMBS/008892007,IC,2018-12-07T06:27:00,2018-12-07T06:24:00,251,-13
http://irail.be/vehicle/IC727,NO-URI,IC,2018-12-07T06:31:00,2018-12-07T06:31:00,261,261
http://irail.be/vehicle/IC727,http://irail.be/stations/NMBS/008893179,IC,2018-12-07T06:32:00,2018-12-07T06:32:00,238,238
http://irail.be/vehicle/IC727,http://irail.be/stations/NMBS/008893120,IC,2018-12-07T06:36:00,2018-12-07T06:35:00,238,129
http://irail.be/vehicle/IC727,http://irail.be/stations/NMBS/008894151,IC,2018-12-07T06:43:00,2018-12-07T06:43:00,205,205
http://irail.be/vehicle/IC727,http://irail.be/stations/NMBS/008894201,IC,2018-12-07T06:50:00,2018-12-07T06:48:00,110,157
http://irail.be/vehicle/IC727,NO-URI,IC,2018-12-07T06:52:00,2018-12-07T06:52:00,100,100
http://irail.be/vehicle/IC727,http://irail.be/stations/NMBS/008894425,IC,2018-12-07T06:54:00,2018-12-07T06:54:00,104,104
http://irail.be/vehicle/IC727,http://irail.be/stations/NMBS/008894433,IC,2018-12-07T06:55:00,2018-12-07T06:55:00,90,90
http://irail.be/vehicle/IC727,http://irail.be/stations/NMBS/008894508,IC,2018-12-07T07:00:00,2018-12-07T06:58:00,47,75
http://irail.be/vehicle/IC727,NO-URI,IC,2018-12-07T07:02:00,2018-12-07T07:02:00,62,62
http://irail.be/vehicle/IC727,http://irail.be/stations/NMBS/008894714,IC,2018-12-07T07:03:00,2018-12-07T07:03:00,46,46
http://irail.be/vehicle/IC727,http://irail.be/stations/NMBS/008894748,IC,2018-12-07T07:06:00,2018-12-07T07:06:00,12,12
http://irail.be/vehicle/IC727,http://irail.be/stations/NMBS/008894755,IC,2018-12-07T07:07:00,2018-12-07T07:07:00,9,9
http://irail.be/vehicle/IC727,http://irail.be/stations/NMBS/008894821,IC,2018-12-07T07:08:00,2018-12-07T07:08:00,28,28
http://irail.be/vehicle/IC727,http://irail.be/stations/NMBS/008821196,IC,2018-12-07T07:12:00,2018-12-07T07:12:00,-5,-5
http://irail.be/vehicle/IC727,http://irail.be/stations/NMBS/008821121,IC,2018-12-07T07:19:00,2018-12-07T07:17:00,47,7
http://irail.be/vehicle/IC727,http://irail.be/stations/NMBS/008821006,IC,2018-12-07T07:23:00,2018-12-07T07:23:00,,62
http://irail.be/vehicle/IC727,http://irail.be/stations/NMBS/008896735,IC,2018-10-15T05:08:00,2018-10-15T05:08:00,49,
http://irail.be/vehicle/IC727,http://irail.be/stations/NMBS/008896503,IC,2018-10-15T05:16:00,2018-10-15T05:15:00,48,40
http://irail.be/vehicle/IC727,http://irail.be/stations/NMBS/008896412,IC,2018-10-15T05:26:00,2018-10-15T05:25:00,84,43
http://irail.be/vehicle/IC727,http://irail.be/stations/NMBS/008896396,IC,2018-10-15T05:30:00,2018-10-15T05:29:00,84,84
http://irail.be/vehicle/IC727,http://irail.be/stations/NMBS/008896305,IC,2018-10-15T05:35:00,2018-10-15T05:34:00,101,84
http://irail.be/vehicle/IC727,http://irail.be/stations/NMBS/008896370,IC,2018-10-15T05:40:00,2018-10-15T05:39:00,59,101
http://irail.be/vehicle/IC727,http://irail.be/stations/NMBS/008896388,IC,2018-10-15T05:45:00,2018-10-15T05:44:00,59,59
http://irail.be/vehicle/IC727,http://irail.be/stations/NMBS/008896008,IC,2018-10-15T05:58:00,2018-10-15T05:50:00,31,5
http://irail.be/vehicle/IC727,http://irail.be/stations/NMBS/008896115,IC,2018-10-15T06:02:00,2018-10-15T06:02:00,34,34
http://irail.be/vehicle/IC727,http://irail.be/stations/NMBS/008896149,IC,2018-10-15T06:08:00,2018-10-15T06:07:00,-1,-9
http://irail.be/vehicle/IC727,http://irail.be/stations/NMBS/008892106,IC,2018-10-15T06:15:00,2018-10-15T06:15:00,-59,-59
http://irail.be/vehicle/IC727,NO-URI,IC,2018-10-15T06:15:00,2018-10-15T06:15:00,4,4
http://irail.be/vehicle/IC727,http://irail.be/stations/NMBS/008892080,IC,2018-10-15T06:18:00,2018-10-15T06:18:00,-9,-9
http://irail.be/vehicle/IC727,http://irail.be/stations/NMBS/008892007,IC,2018-10-15T06:27:00,2018-10-15T06:24:00,4,-29
http://irail.be/vehicle/IC727,NO-URI,IC,2018-10-15T06:31:00,2018-10-15T06:31:00,34,34
http://irail.be/vehicle/IC727,http://irail.be/stations/NMBS/008893179,IC,2018-10-15T06:32:00,2018-10-15T06:32:00,-90,-90
http://irail.be/vehicle/IC727,http://irail.be/stations/NMBS/008893120,IC,2018-10-15T06:36:00,2018-10-15T06:35:00,65,-90
http://irail.be/vehicle/IC727,http://irail.be/stations/NMBS/008894151,IC,2018-10-15T06:43:00,2018-10-15T06:43:00,202,202
http://irail.be/vehicle/IC727,http://irail.be/stations/NMBS/008894201,IC,2018-10-15T06:50:00,2018-10-15T06:48:00,149,169
http://irail.be/vehicle/IC727,NO-URI,IC,2018-10-15T06:52:00,2018-10-15T06:52:00,137,137
http://irail.be/vehicle/IC727,http://irail.be/stations/NMBS/008894425,IC,2018-10-15T06:54:00,2018-10-15T06:54:00,149,149
http://irail.be/vehicle/IC727,http://irail.be/stations/NMBS/008894433,IC,2018-10-15T06:55:00,2018-10-15T06:55:00,139,139
http://irail.be/vehicle/IC727,http://irail.be/stations/NMBS/008894508,IC,2018-10-15T07:00:00,2018-10-15T06:58:00,96,127
http://irail.be/vehicle/IC727,NO-URI,IC,2018-10-15T07:02:00,2018-10-15T07:02:00,107,107
http://irail.be/vehicle/IC727,http://irail.be/stations/NMBS/008894714,IC,2018-10-15T07:03:00,2018-10-15T07:03:00,95,95
http://irail.be/vehicle/IC727,http://irail.be/stations/NMBS/008894748,IC,2018-10-15T07:06:00,2018-10-15T07:06:00,72,72
http://irail.be/vehicle/IC727,http://irail.be/stations/NMBS/008894755,IC,2018-10-15T07:07:00,2018-10-15T07:07:00,63,63
http://irail.be/vehicle/IC727,http://irail.be/stations/NMBS/008894821,IC,2018-10-15T07:08:00,2018-10-15T07:08:00,83,83
http://irail.be/vehicle/IC727,http://irail.be/stations/NMBS/008821196,IC,2018-10-15T07:12:00,2018-10-15T07:12:00,47,47
http://irail.be/vehicle/IC727,http://irail.be/stations/NMBS/008821121,IC,2018-10-15T07:19:00,2018-10-15T07:17:00,-8,0
http://irail.be/vehicle/IC727,http://irail.be/stations/NMBS/008821006,IC,2018-10-15T07:23:00,2018-10-15T07:23:00,,-24
http://irail.be/vehicle/IC727,http://irail.be/stations/NMBS/008894508,IC,2018-05-06T07:06:00,2018-05-06T07:06:00,24,
http://irail.be/vehicle/IC727,NO-URI,IC,2018-05-06T07:08:00,2018-05-06T07:08:00,43,43
http://irail.be/vehicle/IC727,http://irail.be/stations/NMBS/008894714,IC,2018-05-06T07:09:00,2018-05-06T07:09:00,27,27
http://irail.be/vehicle/IC727,http://irail.be/stations/NMBS/008894748,IC,2018-05-06T07:11:00,2018-05-06T07:11:00,48,48
http://irail.be/vehicle/IC727,http://irail.be/stations/NMBS/008894755,IC,2018-05-06T07:13:00,2018-05-06T07:13:00,-14,-14
http://irail.be/vehicle/IC727,http://irail.be/stations/NMBS/008894821,IC,2018-05-06T07:15:00,2018-05-06T07:15:00,-30,-30
http://irail.be/vehicle/IC727,NO-URI,IC,2018-05-06T07:15:00,2018-05-06T07:15:00,-30,-30
http://irail.be/vehicle/IC727,http://irail.be/stations/NMBS/008821196,IC,2018-05-06T07:18:00,2018-05-06T07:18:00,-18,-18
http://irail.be/vehicle/IC727,http://irail.be/stations/NMBS/008821121,IC,2018-05-06T07:25:00,2018-05-06T07:23:00,2,5
http://irail.be/vehicle/IC727,http://irail.be/stations/NMBS/008821006,IC,2018-05-06T07:29:00,2018-05-06T07:29:00,,-33
http://irail.be/vehicle/IC727,http://irail.be/stations/NMBS/008896735,IC,2018-04-24T05:08:00,2018-04-24T05:08:00,42,
http://irail.be/vehicle/IC727,http://irail.be/stations/NMBS/008896503,IC,2018-04-24T05:16:00,2018-04-24T05:15:00,11,5
http://irail.be/vehicle/IC727,http://irail.be/stations/NMBS/008896412,IC,2018-04-24T05:26:00,2018-04-24T05:25:00,3,-26
http://irail.be/vehicle/IC727,http://irail.be/stations/NMBS/008896396,IC,2018-04-24T05:30:00,2018-04-24T05:29:00,3,3
http://irail.be/vehicle/IC727,http://irail.be/stations/NMBS/008896305,IC,2018-04-24T05:35:00,2018-04-24T05:34:00,-12,3
http://irail.be/vehicle/IC727,http://irail.be/stations/NMBS/008896370,IC,2018-04-24T05:40:00,2018-04-24T05:40:00,-7,-12
http://irail.be/vehicle/IC727,http://irail.be/stations/NMBS/008896388,IC,2018-04-24T05:44:00,2018-04-24T05:44:00,-7,-7
http://irail.be/vehicle/IC727,http://irail.be/stations/NMBS/008896008,IC,2018-04-24T05:57:00,2018-04-24T05:50:00,29,-65
http://irail.be/vehicle/IC727,http://irail.be/stations/NMBS/008896115,IC,2018-04-24T06:01:00,2018-04-24T06:01:00,12,12
http://irail.be/vehicle/IC727,http://irail.be/stations/NMBS/008896149,IC,2018-04-24T06:06:00,2018-04-24T06:05:00,-15,12
http://irail.be/vehicle/IC727,http://irail.be/stations/NMBS/008892106,IC,2018-04-24T06:15:00,2018-04-24T06:15:00,-87,-87
http://irail.be/vehicle/IC727,NO-URI,IC,2018-04-24T06:15:00,2018-04-24T06:15:00,108,108
http://irail.be/vehicle/IC727,http://irail.be/stations/NMBS/008892080,IC,2018-04-24T06:18:00,2018-04-24T06:18:00,150,150
http://irail.be/vehicle/IC727,http://irail.be/stations/NMBS/008892007,IC,2018-04-24T06:27:00,2018-04-24T06:24:00,58,167
http://irail.be/vehicle/IC727,NO-URI,IC,2018-04-24T06:31:00,2018-04-24T06:31:00,86,86
http://irail.be/vehicle/IC727,http://irail.be/stations/NMBS/008893179,IC,2018-04-24T06:32:00,2018-04-24T06:32:00,-123,-123
http://irail.be/vehicle/IC727,http://irail.be/stations/NMBS/008893120,IC,2018-04-24T06:36:00,2018-04-24T06:35:00,116,-123
http://irail.be/vehicle/IC727,http://irail.be/stations/NMBS/008894151,IC,2018-04-24T06:43:00,2018-04-24T06:43:00,90,90
http://irail.be/vehicle/IC727,http://irail.be/stations/NMBS/008894201,IC,2018-04-24T06:50:00,2018-04-24T06:48:00,8,43
http://irail.be/vehicle/IC727,NO-URI,IC,2018-04-24T06:52:00,2018-04-24T06:52:00,0,0
http://irail.be/vehicle/IC727,http://irail.be/stations/NMBS/008894425,IC,2018-04-24T06:54:00,2018-04-24T06:54:00,14,14
http://irail.be/vehicle/IC727,http://irail.be/stations/NMBS/008894433,IC,2018-04-24T06:55:00,2018-04-24T06:55:00,3,3
http://irail.be/vehicle/IC727,http://irail.be/stations/NMBS/008894508,IC,2018-04-24T07:00:00,2018-04-24T06:58:00,3,-9
http://irail.be/vehicle/IC727,NO-URI,IC,2018-04-24T07:02:00,2018-04-24T07:02:00,10,10
http://irail.be/vehicle/IC727,http://irail.be/stations/NMBS/008894714,IC,2018-04-24T07:03:00,2018-04-24T07:03:00,-2,-2
http://irail.be/vehicle/IC727,http://irail.be/stations/NMBS/008894748,IC,2018-04-24T07:06:00,2018-04-24T07:06:00,-27,-27
http://irail.be/vehicle/IC727,http://irail.be/stations/NMBS/008894755,IC,2018-04-24T07:07:00,2018-04-24T07:07:00,-35,-35
http://irail.be/vehicle/IC727,http://irail.be/stations/NMBS/008894821,IC,2018-04-24T07:08:00,2018-04-24T07:08:00,-19,-19
http://irail.be/vehicle/IC727,NO-URI,IC,2018-04-24T07:09:00,2018-04-24T07:09:00,-19,-19
http://irail.be/vehicle/IC727,http://irail.be/stations/NMBS/008821196,IC,2018-04-24T07:12:00,2018-04-24T07:12:00,-73,-73
http://irail.be/vehicle/IC727,http://irail.be/stations/NMBS/008821121,IC,2018-04-24T07:19:00,2018-04-24T07:17:00,-2,-33
http://irail.be/vehicle/IC727,http://irail.be/stations/NMBS/008821006,IC,2018-04-24T07:23:00,2018-04-24T07:23:00,,-39
http://irail.be/vehicle/IC727,http://irail.be/stations/NMBS/008896735,IC,2018-05-22T05:08:00,2018-05-22T05:08:00,68,
http://irail.be/vehicle/IC727,http://irail.be/stations/NMBS/008896503,IC,2018-05-22T05:16:00,2018-05-22T05:15:00,82,49
http://irail.be/vehicle/IC727,http://irail.be/stations/NMBS/008896412,IC,2018-05-22T05:26:00,2018-05-22T05:25:00,23,43
http://irail.be/vehicle/IC727,http://irail.be/stations/NMBS/008896396,IC,2018-05-22T05:30:00,2018-05-22T05:29:00,23,23
http://irail.be/vehicle/IC727,http://irail.be/stations/NMBS/008896305,IC,2018-05-22T05:35:00,2018-05-22T05:34:00,10,23
http://irail.be/vehicle/IC727,http://irail.be/stations/NMBS/008896370,IC,2018-05-22T05:40:00,2018-05-22T05:40:00,38,10
http://irail.be/vehicle/IC727,http://irail.be/stations/NMBS/008896388,IC,2018-05-22T05:44:00,2018-05-22T05:44:00,38,38
http://irail.be/vehicle/IC727,http://irail.be/stations/NMBS/008896008,IC,2018-05-22T05:57:00,2018-05-22T05:50:00,62,19
http://irail.be/vehicle/IC727,http://irail.be/stations/NMBS/008896115,IC,2018-05-22T06:01:00,2018-05-22T06:01:00,114,114
http://irail.be/vehicle/IC727,http://irail.be/stations/NMBS/008896149,IC,2018-05-22T06:06:00,2018-05-22T06:05:00,271,257
http://irail.be/vehicle/IC727,http://irail.be/stations/NMBS/008892106,IC,2018-05-22T06:15:00,2018-05-22T06:15:00,134,134
http://irail.be/vehicle/IC727,NO-URI,IC,2018-05-22T06:15:00,2018-05-22T06:15:00,152,152
http://irail.be/vehicle/IC727,http://irail.be/stations/NMBS/008892080,IC,2018-05-22T06:18:00,2018-05-22T06:18:00,139,139
http://irail.be/vehicle/IC727,http://irail.be/stations/NMBS/008892007,IC,2018-05-22T06:27:00,2018-05-22T06:24:00,201,291
http://irail.be/vehicle/IC727,NO-URI,IC,2018-05-22T06:31:00,2018-05-22T06:31:00,282,282
http://irail.be/vehicle/IC727,http://irail.be/stations/NMBS/008893179,IC,2018-05-22T06:32:00,2018-05-22T06:32:00,261,261
http://irail.be/vehicle/IC727,http://irail.be/stations/NMBS/008893120,IC,2018-05-22T06:36:00,2018-05-22T06:35:00,481,261
http://irail.be/vehicle/IC727,http://irail.be/stations/NMBS/008894151,IC,2018-05-22T06:43:00,2018-05-22T06:43:00,577,577
http://irail.be/vehicle/IC727,http://irail.be/stations/NMBS/008894201,IC,2018-05-22T06:50:00,2018-05-22T06:48:00,467,535
http://irail.be/vehicle/IC727,NO-URI,IC,2018-05-22T06:52:00,2018-05-22T06:52:00,454,454
http://irail.be/vehicle/IC727,http://irail.be/stations/NMBS/008894425,IC,2018-05-22T06:54:00,2018-05-22T06:54:00,461,461
http://irail.be/vehicle/IC727,http://irail.be/stations/NMBS/008894433,IC,2018-05-22T06:55:00,2018-05-22T06:55:00,452,452
http://irail.be/vehicle/IC727,http://irail.be/stations/NMBS/008894508,IC,2018-05-22T07:00:00,2018-05-22T06:58:00,409,442
http://irail.be/vehicle/IC727,NO-URI,IC,2018-05-22T07:02:00,2018-05-22T07:02:00,402,402
http://irail.be/vehicle/IC727,http://irail.be/stations/NMBS/008894714,IC,2018-05-22T07:03:00,2018-05-22T07:03:00,385,385
http://irail.be/vehicle/IC727,http://irail.be/stations/NMBS/008894748,IC,2018-05-22T07:06:00,2018-05-22T07:06:00,355,355
http://irail.be/vehicle/IC727,http://irail.be/stations/NMBS/008894755,IC,2018-05-22T07:07:00,2018-05-22T07:07:00,349,349
http://irail.be/vehicle/IC727,http://irail.be/stations/NMBS/008894821,IC,2018-05-22T07:08:00,2018-05-22T07:08:00,369,369
http://irail.be/vehicle/IC727,NO-URI,IC,2018-05-22T07:09:00,2018-05-22T07:09:00,369,369
http://irail.be/vehicle/IC727,http://irail.be/stations/NMBS/008821196,IC,2018-05-22T07:12:00,2018-05-22T07:12:00,344,344
http://irail.be/vehicle/IC727,http://irail.be/stations/NMBS/008821121,IC,2018-05-22T07:19:00,2018-05-22T07:17:00,223,280
http://irail.be/vehicle/IC727,http://irail.be/stations/NMBS/008821006,IC,2018-05-22T07:23:00,2018-05-22T07:23:00,,200
http://irail.be/vehicle/IC727,http://irail.be/stations/NMBS/008896735,IC,2018-08-01T05:08:00,2018-08-01T05:08:00,100,
http://irail.be/vehicle/IC727,http://irail.be/stations/NMBS/008896503,IC,2018-08-01T05:16:00,2018-08-01T05:15:00,80,72
http://irail.be/vehicle/IC727,http://irail.be/stations/NMBS/008896412,IC,2018-08-01T05:26:00,2018-08-01T05:25:00,58,68
http://irail.be/vehicle/IC727,http://irail.be/stations/NMBS/008896396,IC,2018-08-01T05:30:00,2018-08-01T05:29:00,58,58
http://irail.be/vehicle/IC727,http://irail.be/stations/NMBS/008896305,IC,2018-08-01T05:35:00,2018-08-01T05:34:00,52,58
http://irail.be/vehicle/IC727,http://irail.be/stations/NMBS/008896370,IC,2018-08-01T05:40:00,2018-08-01T05:39:00,52,52
http://irail.be/vehicle/IC727,http://irail.be/stations/NMBS/008896388,IC,2018-08-01T05:45:00,2018-08-01T05:44:00,-39,-39
http://irail.be/vehicle/IC727,http://irail.be/stations/NMBS/008896008,IC,2018-08-01T05:58:00,2018-08-01T05:50:00,61,22
http://irail.be/vehicle/IC727,http://irail.be/stations/NMBS/008896115,IC,2018-08-01T06:02:00,2018-08-01T06:02:00,117,117
http://irail.be/vehicle/IC727,http://irail.be/stations/NMBS/008896149,IC,2018-08-01T06:08:00,2018-08-01T06:07:00,75,84
http://irail.be/vehicle/IC727,http://irail.be/stations/NMBS/008892106,IC,2018-08-01T06:15:00,2018-08-01T06:15:00,29,29
http://irail.be/vehicle/IC727,NO-URI,IC,2018-08-01T06:15:00,2018-08-01T06:15:00,63,63
http://irail.be/vehicle/IC727,http://irail.be/stations/NMBS/008892080,IC,2018-08-01T06:18:00,2018-08-01T06:18:00,43,43
http://irail.be/vehicle/IC727,http://irail.be/stations/NMBS/008892007,IC,2018-08-01T06:27:00,2018-08-01T06:24:00,3,36
http://irail.be/vehicle/IC727,NO-URI,IC,2018-08-01T06:31:00,2018-08-01T06:31:00,42,42
http://irail.be/vehicle/IC727,http://irail.be/stations/NMBS/008893179,IC,2018-08-01T06:32:00,2018-08-01T06:32:00,-161,-161
http://irail.be/vehicle/IC727,http://irail.be/stations/NMBS/008893120,IC,2018-08-01T06:36:00,2018-08-01T06:35:00,44,-161
http://irail.be/vehicle/IC727,http://irail.be/stations/NMBS/008894151,IC,2018-08-01T06:43:00,2018-08-01T06:43:00,23,23
http://irail.be/vehicle/IC727,http://irail.be/stations/NMBS/008894201,IC,2018-08-01T06:50:00,2018-08-01T06:48:00,20,-19
http://irail.be/vehicle/IC727,NO-URI,IC,2018-08-01T06:52:00,2018-08-01T06:52:00,12,12
http://irail.be/vehicle/IC727,http://irail.be/stations/NMBS/008894425,IC,2018-08-01T06:54:00,2018-08-01T06:54:00,19,19
http://irail.be/vehicle/IC727,http://irail.be/stations/NMBS/008894433,IC,2018-08-01T06:55:00,2018-08-01T06:55:00,9,9
http://irail.be/vehicle/IC727,http://irail.be/stations/NMBS/008894508,IC,2018-08-01T07:00:00,2018-08-01T06:58:00,-5,0
http://irail.be/vehicle/IC727,NO-URI,IC,2018-08-01T07:02:00,2018-08-01T07:02:00,9,9
http://irail.be/vehicle/IC727,http://irail.be/stations/NMBS/008894714,IC,2018-08-01T07:03:00,2018-08-01T07:03:00,-5,-5
http://irail.be/vehicle/IC727,http://irail.be/stations/NMBS/008894748,IC,2018-08-01T07:06:00,2018-08-01T07:06:00,-30,-30
http://irail.be/vehicle/IC727,http://irail.be/stations/NMBS/008894755,IC,2018-08-01T07:07:00,2018-08-01T07:07:00,-32,-32
http://irail.be/vehicle/IC727,http://irail.be/stations/NMBS/008894821,IC,2018-08-01T07:08:00,2018-08-01T07:08:00,-6,-6
http://irail.be/vehicle/IC727,http://irail.be/stations/NMBS/008821196,IC,2018-08-01T07:12:00,2018-08-01T07:12:00,-36,-36
http://irail.be/vehicle/IC727,http://irail.be/stations/NMBS/008821121,IC,2018-08-01T07:19:00,2018-08-01T07:17:00,1,-15
http://irail.be/vehicle/IC727,http://irail.be/stations/NMBS/008821006,IC,2018-08-01T07:23:00,2018-08-01T07:23:00,,-29
http://irail.be/vehicle/IC727,http://irail.be/stations/NMBS/008896735,IC,2018-06-07T05:08:00,2018-06-07T05:08:00,74,
http://irail.be/vehicle/IC727,http://irail.be/stations/NMBS/008896503,IC,2018-06-07T05:16:00,2018-06-07T05:15:00,64,51
http://irail.be/vehicle/IC727,http://irail.be/stations/NMBS/008896412,IC,2018-06-07T05:26:00,2018-06-07T05:25:00,21,35
http://irail.be/vehicle/IC727,http://irail.be/stations/NMBS/008896396,IC,2018-06-07T05:30:00,2018-06-07T05:29:00,21,21
http://irail.be/vehicle/IC727,http://irail.be/stations/NMBS/008896305,IC,2018-06-07T05:35:00,2018-06-07T05:34:00,-3,21
http://irail.be/vehicle/IC727,http://irail.be/stations/NMBS/008896370,IC,2018-06-07T05:40:00,2018-06-07T05:40:00,1,-3
http://irail.be/vehicle/IC727,http://irail.be/stations/NMBS/008896388,IC,2018-06-07T05:44:00,2018-06-07T05:44:00,1,1
http://irail.be/vehicle/IC727,http://irail.be/stations/NMBS/008896008,IC,2018-06-07T05:57:00,2018-06-07T05:50:00,32,-28
http://irail.be/vehicle/IC727,http://irail.be/stations/NMBS/008896115,IC,2018-06-07T06:01:00,2018-06-07T06:01:00,40,40
http://irail.be/vehicle/IC727,http://irail.be/stations/NMBS/008896149,IC,2018-06-07T06:06:00,2018-06-07T06:05:00,92,96
http://irail.be/vehicle/IC727,http://irail.be/stations/NMBS/008892106,IC,2018-06-07T06:15:00,2018-06-07T06:15:00,-60,-60
http://irail.be/vehicle/IC727,NO-URI,IC,2018-06-07T06:15:00,2018-06-07T06:15:00,137,137
http://irail.be/vehicle/IC727,http://irail.be/stations/NMBS/008892080,IC,2018-06-07T06:18:00,2018-06-07T06:18:00,134,134
http://irail.be/vehicle/IC727,http://irail.be/stations/NMBS/008892007,IC,2018-06-07T06:27:00,2018-06-07T06:24:00,43,148
http://irail.be/vehicle/IC727,NO-URI,IC,2018-06-07T06:31:00,2018-06-07T06:31:00,65,65
http://irail.be/vehicle/IC727,http://irail.be/stations/NMBS/008893179,IC,2018-06-07T06:32:00,2018-06-07T06:32:00,-135,-135
http://irail.be/vehicle/IC727,http://irail.be/stations/NMBS/008893120,IC,2018-06-07T06:36:00,2018-06-07T06:35:00,84,-135
http://irail.be/vehicle/IC727,http://irail.be/stations/NMBS/008894151,IC,2018-06-07T06:43:00,2018-06-07T06:43:00,152,152
http://irail.be/vehicle/IC727,http://irail.be/stations/NMBS/008894201,IC,2018-06-07T06:50:00,2018-06-07T06:48:00,48,103
http://irail.be/vehicle/IC727,NO-URI,IC,2018-06-07T06:52:00,2018-06-07T06:52:00,40,40
http://irail.be/vehicle/IC727,http://irail.be/stations/NMBS/008894425,IC,2018-06-07T06:54:00,2018-06-07T06:54:00,42,42
http://irail.be/vehicle/IC727,http://irail.be/stations/NMBS/008894433,IC,2018-06-07T06:55:00,2018-06-07T06:55:00,32,32
http://irail.be/vehicle/IC727,http://irail.be/stations/NMBS/008894508,IC,2018-06-07T07:00:00,2018-06-07T06:58:00,34,31
http://irail.be/vehicle/IC727,NO-URI,IC,2018-06-07T07:02:00,2018-06-07T07:02:00,41,41
http://irail.be/vehicle/IC727,http://irail.be/stations/NMBS/008894714,IC,2018-06-07T07:03:00,2018-06-07T07:03:00,25,25
http://irail.be/vehicle/IC727,http://irail.be/stations/NMBS/008894748,IC,2018-06-07T07:06:00,2018-06-07T07:06:00,-9,-9
http://irail.be/vehicle/IC727,http://irail.be/stations/NMBS/008894755,IC,2018-06-07T07:07:00,2018-06-07T07:07:00,-16,-16
http://irail.be/vehicle/IC727,http://irail.be/stations/NMBS/008894821,IC,2018-06-07T07:08:00,2018-06-07T07:08:00,0,0
http://irail.be/vehicle/IC727,NO-URI,IC,2018-06-07T07:09:00,2018-06-07T07:09:00,0,0
http://irail.be/vehicle/IC727,http://irail.be/stations/NMBS/008821196,IC,2018-06-07T07:12:00,2018-06-07T07:12:00,-39,-39
http://irail.be/vehicle/IC727,http://irail.be/stations/NMBS/008821121,IC,2018-06-07T07:19:00,2018-06-07T07:17:00,-2,-99
http://irail.be/vehicle/IC727,http://irail.be/stations/NMBS/008821006,IC,2018-06-07T07:23:00,2018-06-07T07:23:00,,-31
http://irail.be/vehicle/IC727,http://irail.be/stations/NMBS/008896735,IC,2018-12-12T05:08:00,2018-12-12T05:08:00,51,
http://irail.be/vehicle/IC727,http://irail.be/stations/NMBS/008896503,IC,2018-12-12T05:16:00,2018-12-12T05:15:00,104,46
http://irail.be/vehicle/IC727,http://irail.be/stations/NMBS/008896412,IC,2018-12-12T05:26:00,2018-12-12T05:25:00,98,98
http://irail.be/vehicle/IC727,http://irail.be/stations/NMBS/008896396,IC,2018-12-12T05:30:00,2018-12-12T05:29:00,98,98
http://irail.be/vehicle/IC727,http://irail.be/stations/NMBS/008896305,IC,2018-12-12T05:35:00,2018-12-12T05:34:00,84,98
http://irail.be/vehicle/IC727,http://irail.be/stations/NMBS/008896370,IC,2018-12-12T05:40:00,2018-12-12T05:39:00,72,84
http://irail.be/vehicle/IC727,http://irail.be/stations/NMBS/008896388,IC,2018-12-12T05:45:00,2018-12-12T05:44:00,72,72
http://irail.be/vehicle/IC727,http://irail.be/stations/NMBS/008896008,IC,2018-12-12T05:58:00,2018-12-12T05:50:00,204,74
http://irail.be/vehicle/IC727,http://irail.be/stations/NMBS/008896115,IC,2018-12-12T06:02:00,2018-12-12T06:02:00,237,237
http://irail.be/vehicle/IC727,http://irail.be/stations/NMBS/008896149,IC,2018-12-12T06:08:00,2018-12-12T06:07:00,185,193
http://irail.be/vehicle/IC727,http://irail.be/stations/NMBS/008892106,IC,2018-12-12T06:15:00,2018-12-12T06:15:00,122,122
http://irail.be/vehicle/IC727,NO-URI,IC,2018-12-12T06:15:00,2018-12-12T06:15:00,155,155
http://irail.be/vehicle/IC727,http://irail.be/stations/NMBS/008892080,IC,2018-12-12T06:18:00,2018-12-12T06:18:00,127,127
http://irail.be/vehicle/IC727,http://irail.be/stations/NMBS/008892007,IC,2018-12-12T06:27:00,2018-12-12T06:24:00,53,148
http://irail.be/vehicle/IC727,NO-URI,IC,2018-12-12T06:32:00,2018-12-12T06:32:00,30,30
http://irail.be/vehicle/IC727,http://irail.be/stations/NMBS/008893179,IC,2018-12-12T06:33:00,2018-12-12T06:33:00,62,62
http://irail.be/vehicle/IC727,http://irail.be/stations/NMBS/008893120,IC,2018-12-12T06:36:00,2018-12-12T06:35:00,99,-38
http://irail.be/vehicle/IC727,http://irail.be/stations/NMBS/008894151,IC,2018-12-12T06:44:00,2018-12-12T06:44:00,33,33
http://irail.be/vehicle/IC727,http://irail.be/stations/NMBS/008894201,IC,2018-12-12T06:50:00,2018-12-12T06:48:00,27,22
http://irail.be/vehicle/IC727,NO-URI,IC,2018-12-12T06:52:00,2018-12-12T06:52:00,6,6
http://irail.be/vehicle/IC727,http://irail.be/stations/NMBS/008894425,IC,2018-12-12T06:54:00,2018-12-12T06:54:00,5,5
http://irail.be/vehicle/IC727,http://irail.be/stations/NMBS/008894433,IC,2018-12-12T06:55:00,2018-12-12T06:55:00,-8,-8
http://irail.be/vehicle/IC727,http://irail.be/stations/NMBS/008894508,IC,2018-12-12T07:00:00,2018-12-12T06:58:00,-9,-27
http://irail.be/vehicle/IC727,NO-URI,IC,2018-12-12T07:02:00,2018-12-12T07:02:00,-4,-4
http://irail.be/vehicle/IC727,http://irail.be/stations/NMBS/008894714,IC,2018-12-12T07:03:00,2018-12-12T07:03:00,-20,-20
http://irail.be/vehicle/IC727,http://irail.be/stations/NMBS/008894748,IC,2018-12-12T07:06:00,2018-12-12T07:06:00,-57,-57
http://irail.be/vehicle/IC727,http://irail.be/stations/NMBS/008894755,IC,2018-12-12T07:07:00,2018-12-12T07:07:00,-63,-63
http://irail.be/vehicle/IC727,http://irail.be/stations/NMBS/008894821,IC,2018-12-12T07:08:00,2018-12-12T07:08:00,-46,-46
http://irail.be/vehicle/IC727,http://irail.be/stations/NMBS/008821196,IC,2018-12-12T07:12:00,2018-12-12T07:12:00,-91,-91
http://irail.be/vehicle/IC727,http://irail.be/stations/NMBS/008821121,IC,2018-12-12T07:19:00,2018-12-12T07:17:00,25,43
http://irail.be/vehicle/IC727,http://irail.be/stations/NMBS/008821006,IC,2018-12-12T07:23:00,2018-12-12T07:23:00,,26
http://irail.be/vehicle/IC727,http://irail.be/stations/NMBS/008896735,IC,2018-11-30T05:08:00,2018-11-30T05:08:00,59,
http://irail.be/vehicle/IC727,http://irail.be/stations/NMBS/008896503,IC,2018-11-30T05:16:00,2018-11-30T05:15:00,35,37
http://irail.be/vehicle/IC727,http://irail.be/stations/NMBS/008896412,IC,2018-11-30T05:26:00,2018-11-30T05:25:00,65,16
http://irail.be/vehicle/IC727,http://irail.be/stations/NMBS/008896396,IC,2018-11-30T05:30:00,2018-11-30T05:29:00,65,65
http://irail.be/vehicle/IC727,http://irail.be/stations/NMBS/008896305,IC,2018-11-30T05:35:00,2018-11-30T05:34:00,51,65
http://irail.be/vehicle/IC727,http://irail.be/stations/NMBS/008896370,IC,2018-11-30T05:40:00,2018-11-30T05:39:00,28,51
http://irail.be/vehicle/IC727,http://irail.be/stations/NMBS/008896388,IC,2018-11-30T05:45:00,2018-11-30T05:44:00,28,28
http://irail.be/vehicle/IC727,http://irail.be/stations/NMBS/008896008,IC,2018-11-30T05:58:00,2018-11-30T05:50:00,34,0
http://irail.be/vehicle/IC727,http://irail.be/stations/NMBS/008896115,IC,2018-11-30T06:02:00,2018-11-30T06:02:00,85,85
http://irail.be/vehicle/IC727,http://irail.be/stations/NMBS/008896149,IC,2018-11-30T06:08:00,2018-11-30T06:07:00,51,48
http://irail.be/vehicle/IC727,http://irail.be/stations/NMBS/008892106,IC,2018-11-30T06:15:00,2018-11-30T06:15:00,9,9
http://irail.be/vehicle/IC727,NO-URI,IC,2018-11-30T06:15:00,2018-11-30T06:15:00,95,95
http://irail.be/vehicle/IC727,http://irail.be/stations/NMBS/008892080,IC,2018-11-30T06:18:00,2018-11-30T06:18:00,119,119
http://irail.be/vehicle/IC727,http://irail.be/stations/NMBS/008892007,IC,2018-11-30T06:27:00,2018-11-30T06:24:00,84,187
http://irail.be/vehicle/IC727,NO-URI,IC,2018-11-30T06:31:00,2018-11-30T06:31:00,99,99
http://irail.be/vehicle/IC727,http://irail.be/stations/NMBS/008893179,IC,2018-11-30T06:32:00,2018-11-30T06:32:00,76,76
http://irail.be/vehicle/IC727,http://irail.be/stations/NMBS/008893120,IC,2018-11-30T06:36:00,2018-11-30T06:35:00,109,-33
http://irail.be/vehicle/IC727,http://irail.be/stations/NMBS/008894151,IC,2018-11-30T06:43:00,2018-11-30T06:43:00,75,75
http://irail.be/vehicle/IC727,http://irail.be/stations/NMBS/008894201,IC,2018-11-30T06:50:00,2018-11-30T06:48:00,13,27
http://irail.be/vehicle/IC727,NO-URI,IC,2018-11-30T06:52:00,2018-11-30T06:52:00,0,0
http://irail.be/vehicle/IC727,http://irail.be/stations/NMBS/008894425,IC,2018-11-30T06:54:00,2018-11-30T06:54:00,6,6
http://irail.be/vehicle/IC727,http://irail.be/stations/NMBS/008894433,IC,2018-11-30T06:55:00,2018-11-30T06:55:00,-6,-6
http://irail.be/vehicle/IC727,http://irail.be/stations/NMBS/008894508,IC,2018-11-30T07:00:00,2018-11-30T06:58:00,-14,-17
http://irail.be/vehicle/IC727,NO-URI,IC,2018-11-30T07:02:00,2018-11-30T07:02:00,7,7
http://irail.be/vehicle/IC727,http://irail.be/stations/NMBS/008894714,IC,2018-11-30T07:03:00,2018-11-30T07:03:00,-8,-8
http://irail.be/vehicle/IC727,http://irail.be/stations/NMBS/008894748,IC,2018-11-30T07:06:00,2018-11-30T07:06:00,-20,-20
http://irail.be/vehicle/IC727,http://irail.be/stations/NMBS/008894755,IC,2018-11-30T07:07:00,2018-11-30T07:07:00,-24,-24
http://irail.be/vehicle/IC727,http://irail.be/stations/NMBS/008894821,IC,2018-11-30T07:08:00,2018-11-30T07:08:00,-6,-6
http://irail.be/vehicle/IC727,http://irail.be/stations/NMBS/008821196,IC,2018-11-30T07:12:00,2018-11-30T07:12:00,-39,-39
http://irail.be/vehicle/IC727,http://irail.be/stations/NMBS/008821121,IC,2018-11-30T07:19:00,2018-11-30T07:17:00,-2,32
http://irail.be/vehicle/IC727,http://irail.be/stations/NMBS/008821006,IC,2018-11-30T07:23:00,2018-11-30T07:23:00,,7
http://irail.be/vehicle/IC727,http://irail.be/stations/NMBS/008896735,IC,2018-12-11T05:08:00,2018-12-11T05:08:00,41,
http://irail.be/vehicle/IC727,http://irail.be/stations/NMBS/008896503,IC,2018-12-11T05:16:00,2018-12-11T05:15:00,27,11
http://irail.be/vehicle/IC727,http://irail.be/stations/NMBS/008896412,IC,2018-12-11T05:26:00,2018-12-11T05:25:00,-14,-15
http://irail.be/vehicle/IC727,http://irail.be/stations/NMBS/008896396,IC,2018-12-11T05:30:00,2018-12-11T05:29:00,-14,-14
http://irail.be/vehicle/IC727,http://irail.be/stations/NMBS/008896305,IC,2018-12-11T05:35:00,2018-12-11T05:34:00,4,-14
http://irail.be/vehicle/IC727,http://irail.be/stations/NMBS/008896370,IC,2018-12-11T05:40:00,2018-12-11T05:39:00,-19,4
http://irail.be/vehicle/IC727,http://irail.be/stations/NMBS/008896388,IC,2018-12-11T05:45:00,2018-12-11T05:44:00,-19,-19
http://irail.be/vehicle/IC727,http://irail.be/stations/NMBS/008896008,IC,2018-12-11T05:58:00,2018-12-11T05:50:00,22,-60
http://irail.be/vehicle/IC727,http://irail.be/stations/NMBS/008896115,IC,2018-12-11T06:02:00,2018-12-11T06:02:00,26,26
http://irail.be/vehicle/IC727,http://irail.be/stations/NMBS/008896149,IC,2018-12-11T06:08:00,2018-12-11T06:07:00,320,58
http://irail.be/vehicle/IC727,http://irail.be/stations/NMBS/008892106,IC,2018-12-11T06:15:00,2018-12-11T06:15:00,279,279
http://irail.be/vehicle/IC727,NO-URI,IC,2018-12-11T06:15:00,2018-12-11T06:15:00,313,313
http://irail.be/vehicle/IC727,http://irail.be/stations/NMBS/008892080,IC,2018-12-11T06:18:00,2018-12-11T06:18:00,285,285
http://irail.be/vehicle/IC727,http://irail.be/stations/NMBS/008892007,IC,2018-12-11T06:27:00,2018-12-11T06:24:00,162,257
http://irail.be/vehicle/IC727,NO-URI,IC,2018-12-11T06:32:00,2018-12-11T06:32:00,131,131
http://irail.be/vehicle/IC727,http://irail.be/stations/NMBS/008893179,IC,2018-12-11T06:33:00,2018-12-11T06:33:00,163,163
http://irail.be/vehicle/IC727,http://irail.be/stations/NMBS/008893120,IC,2018-12-11T06:36:00,2018-12-11T06:35:00,156,63
http://irail.be/vehicle/IC727,http://irail.be/stations/NMBS/008894151,IC,2018-12-11T06:44:00,2018-12-11T06:44:00,83,83
http://irail.be/vehicle/IC727,http://irail.be/stations/NMBS/008894201,IC,2018-12-11T06:50:00,2018-12-11T06:48:00,49,77
http://irail.be/vehicle/IC727,NO-URI,IC,2018-12-11T06:52:00,2018-12-11T06:52:00,38,38
http://irail.be/vehicle/IC727,http://irail.be/stations/NMBS/008894425,IC,2018-12-11T06:54:00,2018-12-11T06:54:00,43,43
http://irail.be/vehicle/IC727,http://irail.be/stations/NMBS/008894433,IC,2018-12-11T06:55:00,2018-12-11T06:55:00,31,31
http://irail.be/vehicle/IC727,http://irail.be/stations/NMBS/008894508,IC,2018-12-11T07:00:00,2018-12-11T06:58:00,-8,18
http://irail.be/vehicle/IC727,NO-URI,IC,2018-12-11T07:02:00,2018-12-11T07:02:00,23,23
http://irail.be/vehicle/IC727,http://irail.be/stations/NMBS/008894714,IC,2018-12-11T07:03:00,2018-12-11T07:03:00,9,9
http://irail.be/vehicle/IC727,http://irail.be/stations/NMBS/008894748,IC,2018-12-11T07:06:00,2018-12-11T07:06:00,-21,-21
http://irail.be/vehicle/IC727,http://irail.be/stations/NMBS/008894755,IC,2018-12-11T07:07:00,2018-12-11T07:07:00,-26,-26
http://irail.be/vehicle/IC727,http://irail.be/stations/NMBS/008894821,IC,2018-12-11T07:08:00,2018-12-11T07:08:00,-7,-7
http://irail.be/vehicle/IC727,http://irail.be/stations/NMBS/008821196,IC,2018-12-11T07:12:00,2018-12-11T07:12:00,-37,-37
http://irail.be/vehicle/IC727,http://irail.be/stations/NMBS/008821121,IC,2018-12-11T07:19:00,2018-12-11T07:17:00,57,97
http://irail.be/vehicle/IC727,http://irail.be/stations/NMBS/008821006,IC,2018-12-11T07:23:00,2018-12-11T07:23:00,,35
http://irail.be/vehicle/IC727,http://irail.be/stations/NMBS/008896735,IC,2018-07-18T05:08:00,2018-07-18T05:08:00,84,
http://irail.be/vehicle/IC727,http://irail.be/stations/NMBS/008896503,IC,2018-07-18T05:16:00,2018-07-18T05:15:00,38,44
http://irail.be/vehicle/IC727,http://irail.be/stations/NMBS/008896412,IC,2018-07-18T05:26:00,2018-07-18T05:25:00,-1,3
http://irail.be/vehicle/IC727,http://irail.be/stations/NMBS/008896396,IC,2018-07-18T05:30:00,2018-07-18T05:29:00,-1,-1
http://irail.be/vehicle/IC727,http://irail.be/stations/NMBS/008896305,IC,2018-07-18T05:35:00,2018-07-18T05:34:00,3,-1
http://irail.be/vehicle/IC727,http://irail.be/stations/NMBS/008896370,IC,2018-07-18T05:40:00,2018-07-18T05:39:00,77,3
http://irail.be/vehicle/IC727,http://irail.be/stations/NMBS/008896388,IC,2018-07-18T05:45:00,2018-07-18T05:44:00,77,77
http://irail.be/vehicle/IC727,http://irail.be/stations/NMBS/008896008,IC,2018-07-18T05:58:00,2018-07-18T05:50:00,22,115
http://irail.be/vehicle/IC727,http://irail.be/stations/NMBS/008896115,IC,2018-07-18T06:02:00,2018-07-18T06:02:00,35,35
http://irail.be/vehicle/IC727,http://irail.be/stations/NMBS/008896149,IC,2018-07-18T06:08:00,2018-07-18T06:07:00,-10,-7
http://irail.be/vehicle/IC727,http://irail.be/stations/NMBS/008892106,IC,2018-07-18T06:15:00,2018-07-18T06:15:00,-78,-78
http://irail.be/vehicle/IC727,NO-URI,IC,2018-07-18T06:15:00,2018-07-18T06:15:00,-45,-45
http://irail.be/vehicle/IC727,http://irail.be/stations/NMBS/008892080,IC,2018-07-18T06:18:00,2018-07-18T06:18:00,-74,-74
http://irail.be/vehicle/IC727,http://irail.be/stations/NMBS/008892007,IC,2018-07-18T06:27:00,2018-07-18T06:24:00,15,-79
http://irail.be/vehicle/IC727,NO-URI,IC,2018-07-18T06:31:00,2018-07-18T06:31:00,31,31
http://irail.be/vehicle/IC727,http://irail.be/stations/NMBS/008893179,IC,2018-07-18T06:32:00,2018-07-18T06:32:00,-182,-182
http://irail.be/vehicle/IC727,http://irail.be/stations/NMBS/008893120,IC,2018-07-18T06:36:00,2018-07-18T06:35:00,30,-182
http://irail.be/vehicle/IC727,http://irail.be/stations/NMBS/008894151,IC,2018-07-18T06:43:00,2018-07-18T06:43:00,-11,-11
http://irail.be/vehicle/IC727,http://irail.be/stations/NMBS/008894201,IC,2018-07-18T06:50:00,2018-07-18T06:48:00,15,-56
http://irail.be/vehicle/IC727,NO-URI,IC,2018-07-18T06:52:00,2018-07-18T06:52:00,-1,-1
http://irail.be/vehicle/IC727,http://irail.be/stations/NMBS/008894425,IC,2018-07-18T06:54:00,2018-07-18T06:54:00,1,1
http://irail.be/vehicle/IC727,http://irail.be/stations/NMBS/008894433,IC,2018-07-18T06:55:00,2018-07-18T06:55:00,-11,-11
http://irail.be/vehicle/IC727,http://irail.be/stations/NMBS/008894508,IC,2018-07-18T07:00:00,2018-07-18T06:58:00,26,-22
http://irail.be/vehicle/IC727,NO-URI,IC,2018-07-18T07:02:00,2018-07-18T07:02:00,17,17
http://irail.be/vehicle/IC727,http://irail.be/stations/NMBS/008894714,IC,2018-07-18T07:03:00,2018-07-18T07:03:00,-1,-1
http://irail.be/vehicle/IC727,http://irail.be/stations/NMBS/008894748,IC,2018-07-18T07:06:00,2018-07-18T07:06:00,-37,-37
http://irail.be/vehicle/IC727,http://irail.be/stations/NMBS/008894755,IC,2018-07-18T07:07:00,2018-07-18T07:07:00,-44,-44
http://irail.be/vehicle/IC727,http://irail.be/stations/NMBS/008894821,IC,2018-07-18T07:08:00,2018-07-18T07:08:00,-25,-25
http://irail.be/vehicle/IC727,http://irail.be/stations/NMBS/008821196,IC,2018-07-18T07:12:00,2018-07-18T07:12:00,-65,-65
http://irail.be/vehicle/IC727,http://irail.be/stations/NMBS/008821121,IC,2018-07-18T07:19:00,2018-07-18T07:17:00,4,-59
http://irail.be/vehicle/IC727,http://irail.be/stations/NMBS/008821006,IC,2018-07-18T07:23:00,2018-07-18T07:23:00,,-29
http://irail.be/vehicle/IC727,http://irail.be/stations/NMBS/008896735,IC,2018-02-05T05:08:00,2018-02-05T05:08:00,64,
http://irail.be/vehicle/IC727,http://irail.be/stations/NMBS/008896503,IC,2018-02-05T05:16:00,2018-02-05T05:15:00,66,47
http://irail.be/vehicle/IC727,http://irail.be/stations/NMBS/008896412,IC,2018-02-05T05:26:00,2018-02-05T05:25:00,21,41
http://irail.be/vehicle/IC727,http://irail.be/stations/NMBS/008896396,IC,2018-02-05T05:30:00,2018-02-05T05:29:00,21,21
http://irail.be/vehicle/IC727,http://irail.be/stations/NMBS/008896305,IC,2018-02-05T05:35:00,2018-02-05T05:34:00,5,21
http://irail.be/vehicle/IC727,http://irail.be/stations/NMBS/008896370,IC,2018-02-05T05:40:00,2018-02-05T05:40:00,5,5
http://irail.be/vehicle/IC727,http://irail.be/stations/NMBS/008896388,IC,2018-02-05T05:44:00,2018-02-05T05:44:00,2,2
http://irail.be/vehicle/IC727,http://irail.be/stations/NMBS/008896008,IC,2018-02-05T05:57:00,2018-02-05T05:50:00,55,45
http://irail.be/vehicle/IC727,http://irail.be/stations/NMBS/008896115,IC,2018-02-05T06:01:00,2018-02-05T06:01:00,133,133
http://irail.be/vehicle/IC727,http://irail.be/stations/NMBS/008896149,IC,2018-02-05T06:06:00,2018-02-05T06:05:00,146,162
http://irail.be/vehicle/IC727,http://irail.be/stations/NMBS/008892106,IC,2018-02-05T06:15:00,2018-02-05T06:15:00,-7,-7
http://irail.be/vehicle/IC727,NO-URI,IC,2018-02-05T06:15:00,2018-02-05T06:15:00,9,9
http://irail.be/vehicle/IC727,http://irail.be/stations/NMBS/008892080,IC,2018-02-05T06:18:00,2018-02-05T06:18:00,-11,-11
http://irail.be/vehicle/IC727,http://irail.be/stations/NMBS/008892007,IC,2018-02-05T06:27:00,2018-02-05T06:24:00,17,-55
http://irail.be/vehicle/IC727,NO-URI,IC,2018-02-05T06:31:00,2018-02-05T06:31:00,17,17
http://irail.be/vehicle/IC727,http://irail.be/stations/NMBS/008893179,IC,2018-02-05T06:32:00,2018-02-05T06:32:00,-189,-189
http://irail.be/vehicle/IC727,http://irail.be/stations/NMBS/008893120,IC,2018-02-05T06:36:00,2018-02-05T06:35:00,-189,-189
http://irail.be/vehicle/IC727,http://irail.be/stations/NMBS/008894151,IC,2018-02-05T06:43:00,2018-02-05T06:43:00,0,0
http://irail.be/vehicle/IC727,http://irail.be/stations/NMBS/008894201,IC,2018-02-05T06:50:00,2018-02-05T06:48:00,12,-51
http://irail.be/vehicle/IC727,NO-URI,IC,2018-02-05T06:52:00,2018-02-05T06:52:00,-1,-1
http://irail.be/vehicle/IC727,http://irail.be/stations/NMBS/008894425,IC,2018-02-05T06:54:00,2018-02-05T06:54:00,1,1
http://irail.be/vehicle/IC727,http://irail.be/stations/NMBS/008894433,IC,2018-02-05T06:55:00,2018-02-05T06:55:00,-10,-10
http://irail.be/vehicle/IC727,http://irail.be/stations/NMBS/008894508,IC,2018-02-05T07:00:00,2018-02-05T06:58:00,2,-23
http://irail.be/vehicle/IC727,NO-URI,IC,2018-02-05T07:02:00,2018-02-05T07:02:00,-4,-4
http://irail.be/vehicle/IC727,http://irail.be/stations/NMBS/008894714,IC,2018-02-05T07:03:00,2018-02-05T07:03:00,-23,-23
http://irail.be/vehicle/IC727,http://irail.be/stations/NMBS/008894748,IC,2018-02-05T07:06:00,2018-02-05T07:06:00,-62,-62
http://irail.be/vehicle/IC727,http://irail.be/stations/NMBS/008894755,IC,2018-02-05T07:07:00,2018-02-05T07:07:00,-71,-71
http://irail.be/vehicle/IC727,http://irail.be/stations/NMBS/008894821,IC,2018-02-05T07:08:00,2018-02-05T07:08:00,-53,-53
http://irail.be/vehicle/IC727,NO-URI,IC,2018-02-05T07:09:00,2018-02-05T07:09:00,-53,-53
http://irail.be/vehicle/IC727,http://irail.be/stations/NMBS/008821196,IC,2018-02-05T07:12:00,2018-02-05T07:12:00,-88,-88
http://irail.be/vehicle/IC727,http://irail.be/stations/NMBS/008821121,IC,2018-02-05T07:19:00,2018-02-05T07:17:00,55,5
http://irail.be/vehicle/IC727,http://irail.be/stations/NMBS/008821006,IC,2018-02-05T07:23:00,2018-02-05T07:23:00,,55
http://irail.be/vehicle/IC727,http://irail.be/stations/NMBS/008896735,IC,2018-05-11T05:08:00,2018-05-11T05:08:00,73,
http://irail.be/vehicle/IC727,http://irail.be/stations/NMBS/008896503,IC,2018-05-11T05:16:00,2018-05-11T05:15:00,58,40
http://irail.be/vehicle/IC727,http://irail.be/stations/NMBS/008896412,IC,2018-05-11T05:26:00,2018-05-11T05:25:00,3,24
http://irail.be/vehicle/IC727,http://irail.be/stations/NMBS/008896396,IC,2018-05-11T05:30:00,2018-05-11T05:29:00,3,3
http://irail.be/vehicle/IC727,http://irail.be/stations/NMBS/008896305,IC,2018-05-11T05:35:00,2018-05-11T05:34:00,40,3
http://irail.be/vehicle/IC727,http://irail.be/stations/NMBS/008896370,IC,2018-05-11T05:40:00,2018-05-11T05:40:00,69,40
http://irail.be/vehicle/IC727,http://irail.be/stations/NMBS/008896388,IC,2018-05-11T05:44:00,2018-05-11T05:44:00,69,69
http://irail.be/vehicle/IC727,http://irail.be/stations/NMBS/008896008,IC,2018-05-11T05:57:00,2018-05-11T05:50:00,37,11
http://irail.be/vehicle/IC727,http://irail.be/stations/NMBS/008896115,IC,2018-05-11T06:01:00,2018-05-11T06:01:00,29,29
http://irail.be/vehicle/IC727,http://irail.be/stations/NMBS/008896149,IC,2018-05-11T06:06:00,2018-05-11T06:05:00,18,31
http://irail.be/vehicle/IC727,http://irail.be/stations/NMBS/008892106,IC,2018-05-11T06:15:00,2018-05-11T06:15:00,-125,-125
http://irail.be/vehicle/IC727,NO-URI,IC,2018-05-11T06:15:00,2018-05-11T06:15:00,-107,-107
http://irail.be/vehicle/IC727,http://irail.be/stations/NMBS/008892080,IC,2018-05-11T06:18:00,2018-05-11T06:18:00,-127,-127
http://irail.be/vehicle/IC727,http://irail.be/stations/NMBS/008892007,IC,2018-05-11T06:27:00,2018-05-11T06:24:00,5,-98
http://irail.be/vehicle/IC727,NO-URI,IC,2018-05-11T06:31:00,2018-05-11T06:31:00,33,33
http://irail.be/vehicle/IC727,http://irail.be/stations/NMBS/008893179,IC,2018-05-11T06:32:00,2018-05-11T06:32:00,-175,-175
http://irail.be/vehicle/IC727,http://irail.be/stations/NMBS/008893120,IC,2018-05-11T06:36:00,2018-05-11T06:35:00,46,-175
http://irail.be/vehicle/IC727,http://irail.be/stations/NMBS/008894151,IC,2018-05-11T06:43:00,2018-05-11T06:43:00,65,65
http://irail.be/vehicle/IC727,http://irail.be/stations/NMBS/008894201,IC,2018-05-11T06:50:00,2018-05-11T06:48:00,11,19
http://irail.be/vehicle/IC727,NO-URI,IC,2018-05-11T06:52:00,2018-05-11T06:52:00,3,3
http://irail.be/vehicle/IC727,http://irail.be/stations/NMBS/008894425,IC,2018-05-11T06:54:00,2018-05-11T06:54:00,63,63
http://irail.be/vehicle/IC727,http://irail.be/stations/NMBS/008894433,IC,2018-05-11T06:55:00,2018-05-11T06:55:00,55,55
http://irail.be/vehicle/IC727,http://irail.be/stations/NMBS/008894508,IC,2018-05-11T07:00:00,2018-05-11T06:58:00,32,38
http://irail.be/vehicle/IC727,NO-URI,IC,2018-05-11T07:02:00,2018-05-11T07:02:00,76,76
http://irail.be/vehicle/IC727,http://irail.be/stations/NMBS/008894714,IC,2018-05-11T07:03:00,2018-05-11T07:03:00,477,477
http://irail.be/vehicle/IC727,http://irail.be/stations/NMBS/008894748,IC,2018-05-11T07:06:00,2018-05-11T07:06:00,496,496
http://irail.be/vehicle/IC727,http://irail.be/stations/NMBS/008894755,IC,2018-05-11T07:07:00,2018-05-11T07:07:00,597,597
http://irail.be/vehicle/IC727,http://irail.be/stations/NMBS/008894821,IC,2018-05-11T07:08:00,2018-05-11T07:08:00,639,639
http://irail.be/vehicle/IC727,NO-URI,IC,2018-05-11T07:09:00,2018-05-11T07:09:00,639,639
http://irail.be/vehicle/IC727,http://irail.be/stations/NMBS/008821196,IC,2018-05-11T07:12:00,2018-05-11T07:12:00,789,789
http://irail.be/vehicle/IC727,http://irail.be/stations/NMBS/008821121,IC,2018-05-11T07:19:00,2018-05-11T07:17:00,710,777
http://irail.be/vehicle/IC727,http://irail.be/stations/NMBS/008821006,IC,2018-05-11T07:23:00,2018-05-11T07:23:00,,676
http://irail.be/vehicle/IC727,http://irail.be/stations/NMBS/008896735,IC,2018-07-27T05:08:00,2018-07-27T05:08:00,58,
http://irail.be/vehicle/IC727,http://irail.be/stations/NMBS/008896503,IC,2018-07-27T05:16:00,2018-07-27T05:15:00,48,40
http://irail.be/vehicle/IC727,http://irail.be/stations/NMBS/008896412,IC,2018-07-27T05:26:00,2018-07-27T05:25:00,26,24
http://irail.be/vehicle/IC727,http://irail.be/stations/NMBS/008896396,IC,2018-07-27T05:30:00,2018-07-27T05:29:00,26,26
http://irail.be/vehicle/IC727,http://irail.be/stations/NMBS/008896305,IC,2018-07-27T05:35:00,2018-07-27T05:34:00,20,26
http://irail.be/vehicle/IC727,http://irail.be/stations/NMBS/008896370,IC,2018-07-27T05:40:00,2018-07-27T05:39:00,-18,20
http://irail.be/vehicle/IC727,http://irail.be/stations/NMBS/008896388,IC,2018-07-27T05:45:00,2018-07-27T05:44:00,-18,-18
http://irail.be/vehicle/IC727,http://irail.be/stations/NMBS/008896008,IC,2018-07-27T05:58:00,2018-07-27T05:50:00,115,-8
http://irail.be/vehicle/IC727,http://irail.be/stations/NMBS/008896115,IC,2018-07-27T06:02:00,2018-07-27T06:02:00,301,301
http://irail.be/vehicle/IC727,http://irail.be/stations/NMBS/008896149,IC,2018-07-27T06:08:00,2018-07-27T06:07:00,212,253
http://irail.be/vehicle/IC727,http://irail.be/stations/NMBS/008892106,IC,2018-07-27T06:15:00,2018-07-27T06:15:00,140,140
http://irail.be/vehicle/IC727,NO-URI,IC,2018-07-27T06:15:00,2018-07-27T06:15:00,171,171
http://irail.be/vehicle/IC727,http://irail.be/stations/NMBS/008892080,IC,2018-07-27T06:18:00,2018-07-27T06:18:00,137,137
http://irail.be/vehicle/IC727,http://irail.be/stations/NMBS/008892007,IC,2018-07-27T06:27:00,2018-07-27T06:24:00,2,93
http://irail.be/vehicle/IC727,NO-URI,IC,2018-07-27T06:31:00,2018-07-27T06:31:00,60,60
http://irail.be/vehicle/IC727,http://irail.be/stations/NMBS/008893179,IC,2018-07-27T06:32:00,2018-07-27T06:32:00,-139,-139
http://irail.be/vehicle/IC727,http://irail.be/stations/NMBS/008893120,IC,2018-07-27T06:36:00,2018-07-27T06:35:00,82,-139
http://irail.be/vehicle/IC727,http://irail.be/stations/NMBS/008894151,IC,2018-07-27T06:43:00,2018-07-27T06:43:00,36,36
http://irail.be/vehicle/IC727,http://irail.be/stations/NMBS/008894201,IC,2018-07-27T06:50:00,2018-07-27T06:48:00,5,4
http://irail.be/vehicle/IC727,NO-URI,IC,2018-07-27T06:52:00,2018-07-27T06:52:00,-11,-11
http://irail.be/vehicle/IC727,http://irail.be/stations/NMBS/008894425,IC,2018-07-27T06:54:00,2018-07-27T06:54:00,-10,-10
http://irail.be/vehicle/IC727,http://irail.be/stations/NMBS/008894433,IC,2018-07-27T06:55:00,2018-07-27T06:55:00,-15,-15
http://irail.be/vehicle/IC727,http://irail.be/stations/NMBS/008894508,IC,2018-07-27T07:00:00,2018-07-27T06:58:00,-12,-5
http://irail.be/vehicle/IC727,NO-URI,IC,2018-07-27T07:02:00,2018-07-27T07:02:00,-21,-21
http://irail.be/vehicle/IC727,http://irail.be/stations/NMBS/008894714,IC,2018-07-27T07:03:00,2018-07-27T07:03:00,-40,-40
http://irail.be/vehicle/IC727,http://irail.be/stations/NMBS/008894748,IC,2018-07-27T07:06:00,2018-07-27T07:06:00,-80,-80
http://irail.be/vehicle/IC727,http://irail.be/stations/NMBS/008894755,IC,2018-07-27T07:07:00,2018-07-27T07:07:00,-89,-89
http://irail.be/vehicle/IC727,http://irail.be/stations/NMBS/008894821,IC,2018-07-27T07:08:00,2018-07-27T07:08:00,-65,-65
http://irail.be/vehicle/IC727,http://irail.be/stations/NMBS/008821196,IC,2018-07-27T07:12:00,2018-07-27T07:12:00,-63,-63
http://irail.be/vehicle/IC727,http://irail.be/stations/NMBS/008821121,IC,2018-07-27T07:19:00,2018-07-27T07:17:00,427,482
http://irail.be/vehicle/IC727,http://irail.be/stations/NMBS/008821006,IC,2018-07-27T07:23:00,2018-07-27T07:23:00,,387
http://irail.be/vehicle/IC727,http://irail.be/stations/NMBS/008896735,IC,2018-04-27T05:08:00,2018-04-27T05:08:00,58,
http://irail.be/vehicle/IC727,http://irail.be/stations/NMBS/008896503,IC,2018-04-27T05:16:00,2018-04-27T05:15:00,75,45
http://irail.be/vehicle/IC727,http://irail.be/stations/NMBS/008896412,IC,2018-04-27T05:26:00,2018-04-27T05:25:00,50,52
http://irail.be/vehicle/IC727,http://irail.be/stations/NMBS/008896396,IC,2018-04-27T05:30:00,2018-04-27T05:29:00,50,50
http://irail.be/vehicle/IC727,http://irail.be/stations/NMBS/008896305,IC,2018-04-27T05:35:00,2018-04-27T05:34:00,35,50
http://irail.be/vehicle/IC727,http://irail.be/stations/NMBS/008896370,IC,2018-04-27T05:40:00,2018-04-27T05:40:00,35,35
http://irail.be/vehicle/IC727,http://irail.be/stations/NMBS/008896388,IC,2018-04-27T05:44:00,2018-04-27T05:44:00,26,26
http://irail.be/vehicle/IC727,http://irail.be/stations/NMBS/008896008,IC,2018-04-27T05:57:00,2018-04-27T05:50:00,59,-9
http://irail.be/vehicle/IC727,http://irail.be/stations/NMBS/008896115,IC,2018-04-27T06:01:00,2018-04-27T06:01:00,230,230
http://irail.be/vehicle/IC727,http://irail.be/stations/NMBS/008896149,IC,2018-04-27T06:06:00,2018-04-27T06:05:00,214,228
http://irail.be/vehicle/IC727,http://irail.be/stations/NMBS/008892106,IC,2018-04-27T06:15:00,2018-04-27T06:15:00,59,59
http://irail.be/vehicle/IC727,NO-URI,IC,2018-04-27T06:15:00,2018-04-27T06:15:00,74,74
http://irail.be/vehicle/IC727,http://irail.be/stations/NMBS/008892080,IC,2018-04-27T06:18:00,2018-04-27T06:18:00,47,47
http://irail.be/vehicle/IC727,http://irail.be/stations/NMBS/008892007,IC,2018-04-27T06:27:00,2018-04-27T06:24:00,17,73
http://irail.be/vehicle/IC727,NO-URI,IC,2018-04-27T06:31:00,2018-04-27T06:31:00,40,40
http://irail.be/vehicle/IC727,http://irail.be/stations/NMBS/008893179,IC,2018-04-27T06:32:00,2018-04-27T06:32:00,-156,-156
http://irail.be/vehicle/IC727,http://irail.be/stations/NMBS/008893120,IC,2018-04-27T06:36:00,2018-04-27T06:35:00,94,-156
http://irail.be/vehicle/IC727,http://irail.be/stations/NMBS/008894151,IC,2018-04-27T06:43:00,2018-04-27T06:43:00,107,107
http://irail.be/vehicle/IC727,http://irail.be/stations/NMBS/008894201,IC,2018-04-27T06:50:00,2018-04-27T06:48:00,16,55
http://irail.be/vehicle/IC727,NO-URI,IC,2018-04-27T06:52:00,2018-04-27T06:52:00,3,3
http://irail.be/vehicle/IC727,http://irail.be/stations/NMBS/008894425,IC,2018-04-27T06:54:00,2018-04-27T06:54:00,1,1
http://irail.be/vehicle/IC727,http://irail.be/stations/NMBS/008894433,IC,2018-04-27T06:55:00,2018-04-27T06:55:00,-10,-10
http://irail.be/vehicle/IC727,http://irail.be/stations/NMBS/008894508,IC,2018-04-27T07:00:00,2018-04-27T06:58:00,12,-30
http://irail.be/vehicle/IC727,NO-URI,IC,2018-04-27T07:02:00,2018-04-27T07:02:00,20,20
http://irail.be/vehicle/IC727,http://irail.be/stations/NMBS/008894714,IC,2018-04-27T07:03:00,2018-04-27T07:03:00,7,7
http://irail.be/vehicle/IC727,http://irail.be/stations/NMBS/008894748,IC,2018-04-27T07:06:00,2018-04-27T07:06:00,-10,-10
http://irail.be/vehicle/IC727,http://irail.be/stations/NMBS/008894755,IC,2018-04-27T07:07:00,2018-04-27T07:07:00,-4,-4
http://irail.be/vehicle/IC727,http://irail.be/stations/NMBS/008894821,IC,2018-04-27T07:08:00,2018-04-27T07:08:00,28,28
http://irail.be/vehicle/IC727,NO-URI,IC,2018-04-27T07:09:00,2018-04-27T07:09:00,28,28
http://irail.be/vehicle/IC727,http://irail.be/stations/NMBS/008821196,IC,2018-04-27T07:12:00,2018-04-27T07:12:00,-6,-6
http://irail.be/vehicle/IC727,http://irail.be/stations/NMBS/008821121,IC,2018-04-27T07:19:00,2018-04-27T07:17:00,1,30
http://irail.be/vehicle/IC727,http://irail.be/stations/NMBS/008821006,IC,2018-04-27T07:23:00,2018-04-27T07:23:00,,-10
http://irail.be/vehicle/IC727,http://irail.be/stations/NMBS/008896735,IC,2018-08-26T05:08:00,2018-08-26T05:08:00,53,
http://irail.be/vehicle/IC727,http://irail.be/stations/NMBS/008896503,IC,2018-08-26T05:16:00,2018-08-26T05:15:00,43,22
http://irail.be/vehicle/IC727,http://irail.be/stations/NMBS/008896412,IC,2018-08-26T05:26:00,2018-08-26T05:25:00,13,23
http://irail.be/vehicle/IC727,http://irail.be/stations/NMBS/008896396,IC,2018-08-26T05:30:00,2018-08-26T05:29:00,13,13
http://irail.be/vehicle/IC727,http://irail.be/stations/NMBS/008896305,IC,2018-08-26T05:35:00,2018-08-26T05:34:00,56,13
http://irail.be/vehicle/IC727,http://irail.be/stations/NMBS/008896370,IC,2018-08-26T05:40:00,2018-08-26T05:39:00,51,56
http://irail.be/vehicle/IC727,http://irail.be/stations/NMBS/008896388,IC,2018-08-26T05:45:00,2018-08-26T05:44:00,51,51
http://irail.be/vehicle/IC727,http://irail.be/stations/NMBS/008896008,IC,2018-08-26T05:58:00,2018-08-26T05:50:00,38,56
http://irail.be/vehicle/IC727,http://irail.be/stations/NMBS/008896115,IC,2018-08-26T06:02:00,2018-08-26T06:02:00,21,21
http://irail.be/vehicle/IC727,http://irail.be/stations/NMBS/008896149,IC,2018-08-26T06:08:00,2018-08-26T06:07:00,5,-20
http://irail.be/vehicle/IC727,http://irail.be/stations/NMBS/008892106,IC,2018-08-26T06:15:00,2018-08-26T06:15:00,-57,-57
http://irail.be/vehicle/IC727,NO-URI,IC,2018-08-26T06:15:00,2018-08-26T06:15:00,-23,-23
http://irail.be/vehicle/IC727,http://irail.be/stations/NMBS/008892080,IC,2018-08-26T06:18:00,2018-08-26T06:18:00,-48,-48
http://irail.be/vehicle/IC727,http://irail.be/stations/NMBS/008892007,IC,2018-08-26T06:27:00,2018-08-26T06:24:00,6,-44
http://irail.be/vehicle/IC727,NO-URI,IC,2018-08-26T06:31:00,2018-08-26T06:31:00,45,45
http://irail.be/vehicle/IC727,http://irail.be/stations/NMBS/008893179,IC,2018-08-26T06:32:00,2018-08-26T06:32:00,-164,-164
http://irail.be/vehicle/IC727,http://irail.be/stations/NMBS/008893120,IC,2018-08-26T06:36:00,2018-08-26T06:35:00,20,-164
http://irail.be/vehicle/IC727,http://irail.be/stations/NMBS/008894151,IC,2018-08-26T06:43:00,2018-08-26T06:43:00,-12,-12
http://irail.be/vehicle/IC727,http://irail.be/stations/NMBS/008894201,IC,2018-08-26T06:50:00,2018-08-26T06:48:00,-7,-56
http://irail.be/vehicle/IC727,NO-URI,IC,2018-08-26T06:52:00,2018-08-26T06:52:00,-18,-18
http://irail.be/vehicle/IC727,http://irail.be/stations/NMBS/008894425,IC,2018-08-26T06:54:00,2018-08-26T06:54:00,-11,-11
http://irail.be/vehicle/IC727,http://irail.be/stations/NMBS/008894433,IC,2018-08-26T06:55:00,2018-08-26T06:55:00,-22,-22
http://irail.be/vehicle/IC727,http://irail.be/stations/NMBS/008894508,IC,2018-08-26T07:00:00,2018-08-26T06:58:00,-7,-29
http://irail.be/vehicle/IC727,NO-URI,IC,2018-08-26T07:02:00,2018-08-26T07:02:00,-4,-4
http://irail.be/vehicle/IC727,http://irail.be/stations/NMBS/008894714,IC,2018-08-26T07:03:00,2018-08-26T07:03:00,-22,-22
http://irail.be/vehicle/IC727,http://irail.be/stations/NMBS/008894748,IC,2018-08-26T07:06:00,2018-08-26T07:06:00,-58,-58
http://irail.be/vehicle/IC727,http://irail.be/stations/NMBS/008894755,IC,2018-08-26T07:07:00,2018-08-26T07:07:00,-67,-67
http://irail.be/vehicle/IC727,http://irail.be/stations/NMBS/008894821,IC,2018-08-26T07:08:00,2018-08-26T07:08:00,-40,-40
http://irail.be/vehicle/IC727,http://irail.be/stations/NMBS/008821196,IC,2018-08-26T07:12:00,2018-08-26T07:12:00,-13,-13
http://irail.be/vehicle/IC727,http://irail.be/stations/NMBS/008821121,IC,2018-08-26T07:19:00,2018-08-26T07:17:00,7,-39
http://irail.be/vehicle/IC727,http://irail.be/stations/NMBS/008821006,IC,2018-08-26T07:23:00,2018-08-26T07:23:00,,16
http://irail.be/vehicle/IC727,http://irail.be/stations/NMBS/008896735,IC,2018-09-17T05:08:00,2018-09-17T05:08:00,45,
http://irail.be/vehicle/IC727,http://irail.be/stations/NMBS/008896503,IC,2018-09-17T05:16:00,2018-09-17T05:15:00,42,41
http://irail.be/vehicle/IC727,http://irail.be/stations/NMBS/008896412,IC,2018-09-17T05:26:00,2018-09-17T05:25:00,62,38
http://irail.be/vehicle/IC727,http://irail.be/stations/NMBS/008896396,IC,2018-09-17T05:30:00,2018-09-17T05:29:00,62,62
http://irail.be/vehicle/IC727,http://irail.be/stations/NMBS/008896305,IC,2018-09-17T05:35:00,2018-09-17T05:34:00,81,62
http://irail.be/vehicle/IC727,http://irail.be/stations/NMBS/008896370,IC,2018-09-17T05:40:00,2018-09-17T05:39:00,52,81
http://irail.be/vehicle/IC727,http://irail.be/stations/NMBS/008896388,IC,2018-09-17T05:45:00,2018-09-17T05:44:00,52,52
http://irail.be/vehicle/IC727,http://irail.be/stations/NMBS/008896008,IC,2018-09-17T05:58:00,2018-09-17T05:50:00,60,1
http://irail.be/vehicle/IC727,http://irail.be/stations/NMBS/008896115,IC,2018-09-17T06:02:00,2018-09-17T06:02:00,121,121
http://irail.be/vehicle/IC727,http://irail.be/stations/NMBS/008896149,IC,2018-09-17T06:08:00,2018-09-17T06:07:00,73,83
http://irail.be/vehicle/IC727,http://irail.be/stations/NMBS/008892106,IC,2018-09-17T06:15:00,2018-09-17T06:15:00,17,17
http://irail.be/vehicle/IC727,NO-URI,IC,2018-09-17T06:15:00,2018-09-17T06:15:00,104,104
http://irail.be/vehicle/IC727,http://irail.be/stations/NMBS/008892080,IC,2018-09-17T06:18:00,2018-09-17T06:18:00,113,113
http://irail.be/vehicle/IC727,http://irail.be/stations/NMBS/008892007,IC,2018-09-17T06:27:00,2018-09-17T06:24:00,32,104
http://irail.be/vehicle/IC727,NO-URI,IC,2018-09-17T06:31:00,2018-09-17T06:31:00,81,81
http://irail.be/vehicle/IC727,http://irail.be/stations/NMBS/008893179,IC,2018-09-17T06:32:00,2018-09-17T06:32:00,-117,-117
http://irail.be/vehicle/IC727,http://irail.be/stations/NMBS/008893120,IC,2018-09-17T06:36:00,2018-09-17T06:35:00,92,-117
http://irail.be/vehicle/IC727,http://irail.be/stations/NMBS/008894151,IC,2018-09-17T06:43:00,2018-09-17T06:43:00,92,92
http://irail.be/vehicle/IC727,http://irail.be/stations/NMBS/008894201,IC,2018-09-17T06:50:00,2018-09-17T06:48:00,21,51
http://irail.be/vehicle/IC727,NO-URI,IC,2018-09-17T06:52:00,2018-09-17T06:52:00,3,3
http://irail.be/vehicle/IC727,http://irail.be/stations/NMBS/008894425,IC,2018-09-17T06:54:00,2018-09-17T06:54:00,10,10
http://irail.be/vehicle/IC727,http://irail.be/stations/NMBS/008894433,IC,2018-09-17T06:55:00,2018-09-17T06:55:00,1,1
http://irail.be/vehicle/IC727,http://irail.be/stations/NMBS/008894508,IC,2018-09-17T07:00:00,2018-09-17T06:58:00,12,-10
http://irail.be/vehicle/IC727,NO-URI,IC,2018-09-17T07:02:00,2018-09-17T07:02:00,60,60
http://irail.be/vehicle/IC727,http://irail.be/stations/NMBS/008894714,IC,2018-09-17T07:03:00,2018-09-17T07:03:00,55,55
http://irail.be/vehicle/IC727,http://irail.be/stations/NMBS/008894748,IC,2018-09-17T07:06:00,2018-09-17T07:06:00,32,32
http://irail.be/vehicle/IC727,http://irail.be/stations/NMBS/008894755,IC,2018-09-17T07:07:00,2018-09-17T07:07:00,32,32
http://irail.be/vehicle/IC727,http://irail.be/stations/NMBS/008894821,IC,2018-09-17T07:08:00,2018-09-17T07:08:00,58,58
http://irail.be/vehicle/IC727,http://irail.be/stations/NMBS/008821196,IC,2018-09-17T07:12:00,2018-09-17T07:12:00,21,21
http://irail.be/vehicle/IC727,http://irail.be/stations/NMBS/008821121,IC,2018-09-17T07:19:00,2018-09-17T07:17:00,64,52
http://irail.be/vehicle/IC727,http://irail.be/stations/NMBS/008821006,IC,2018-09-17T07:23:00,2018-09-17T07:23:00,,28
http://irail.be/vehicle/IC727,http://irail.be/stations/NMBS/008896735,IC,2018-11-08T05:08:00,2018-11-08T05:08:00,55,
http://irail.be/vehicle/IC727,http://irail.be/stations/NMBS/008896503,IC,2018-11-08T05:16:00,2018-11-08T05:15:00,26,31
http://irail.be/vehicle/IC727,http://irail.be/stations/NMBS/008896412,IC,2018-11-08T05:26:00,2018-11-08T05:25:00,58,-3
http://irail.be/vehicle/IC727,http://irail.be/stations/NMBS/008896396,IC,2018-11-08T05:30:00,2018-11-08T05:29:00,58,58
http://irail.be/vehicle/IC727,http://irail.be/stations/NMBS/008896305,IC,2018-11-08T05:35:00,2018-11-08T05:34:00,53,58
http://irail.be/vehicle/IC727,http://irail.be/stations/NMBS/008896370,IC,2018-11-08T05:40:00,2018-11-08T05:39:00,27,53
http://irail.be/vehicle/IC727,http://irail.be/stations/NMBS/008896388,IC,2018-11-08T05:45:00,2018-11-08T05:44:00,27,27
http://irail.be/vehicle/IC727,http://irail.be/stations/NMBS/008896008,IC,2018-11-08T05:58:00,2018-11-08T05:50:00,58,4
http://irail.be/vehicle/IC727,http://irail.be/stations/NMBS/008896115,IC,2018-11-08T06:02:00,2018-11-08T06:02:00,74,74
http://irail.be/vehicle/IC727,http://irail.be/stations/NMBS/008896149,IC,2018-11-08T06:08:00,2018-11-08T06:07:00,41,39
http://irail.be/vehicle/IC727,http://irail.be/stations/NMBS/008892106,IC,2018-11-08T06:15:00,2018-11-08T06:15:00,71,71
http://irail.be/vehicle/IC727,NO-URI,IC,2018-11-08T06:15:00,2018-11-08T06:15:00,166,166
http://irail.be/vehicle/IC727,http://irail.be/stations/NMBS/008892080,IC,2018-11-08T06:18:00,2018-11-08T06:18:00,184,184
http://irail.be/vehicle/IC727,http://irail.be/stations/NMBS/008892007,IC,2018-11-08T06:27:00,2018-11-08T06:24:00,159,261
http://irail.be/vehicle/IC727,NO-URI,IC,2018-11-08T06:31:00,2018-11-08T06:31:00,212,212
http://irail.be/vehicle/IC727,http://irail.be/stations/NMBS/008893179,IC,2018-11-08T06:32:00,2018-11-08T06:32:00,192,192
http://irail.be/vehicle/IC727,http://irail.be/stations/NMBS/008893120,IC,2018-11-08T06:36:00,2018-11-08T06:35:00,169,89
http://irail.be/vehicle/IC727,http://irail.be/stations/NMBS/008894151,IC,2018-11-08T06:43:00,2018-11-08T06:43:00,148,148
http://irail.be/vehicle/IC727,http://irail.be/stations/NMBS/008894201,IC,2018-11-08T06:50:00,2018-11-08T06:48:00,62,111
http://irail.be/vehicle/IC727,NO-URI,IC,2018-11-08T06:52:00,2018-11-08T06:52:00,52,52
http://irail.be/vehicle/IC727,http://irail.be/stations/NMBS/008894425,IC,2018-11-08T06:54:00,2018-11-08T06:54:00,61,61
http://irail.be/vehicle/IC727,http://irail.be/stations/NMBS/008894433,IC,2018-11-08T06:55:00,2018-11-08T06:55:00,51,51
http://irail.be/vehicle/IC727,http://irail.be/stations/NMBS/008894508,IC,2018-11-08T07:00:00,2018-11-08T06:58:00,8,43
http://irail.be/vehicle/IC727,NO-URI,IC,2018-11-08T07:02:00,2018-11-08T07:02:00,29,29
http://irail.be/vehicle/IC727,http://irail.be/stations/NMBS/008894714,IC,2018-11-08T07:03:00,2018-11-08T07:03:00,16,16
http://irail.be/vehicle/IC727,http://irail.be/stations/NMBS/008894748,IC,2018-11-08T07:06:00,2018-11-08T07:06:00,-6,-6
http://irail.be/vehicle/IC727,http://irail.be/stations/NMBS/008894755,IC,2018-11-08T07:07:00,2018-11-08T07:07:00,51,51
http://irail.be/vehicle/IC727,http://irail.be/stations/NMBS/008894821,IC,2018-11-08T07:08:00,2018-11-08T07:08:00,130,130
http://irail.be/vehicle/IC727,http://irail.be/stations/NMBS/008821196,IC,2018-11-08T07:12:00,2018-11-08T07:12:00,88,88
http://irail.be/vehicle/IC727,http://irail.be/stations/NMBS/008821121,IC,2018-11-08T07:19:00,2018-11-08T07:17:00,35,75
http://irail.be/vehicle/IC727,http://irail.be/stations/NMBS/008821006,IC,2018-11-08T07:23:00,2018-11-08T07:23:00,,47
http://irail.be/vehicle/IC727,http://irail.be/stations/NMBS/008896735,IC,2018-12-05T05:08:00,2018-12-05T05:08:00,82,
http://irail.be/vehicle/IC727,http://irail.be/stations/NMBS/008896503,IC,2018-12-05T05:16:00,2018-12-05T05:15:00,80,77
http://irail.be/vehicle/IC727,http://irail.be/stations/NMBS/008896412,IC,2018-12-05T05:26:00,2018-12-05T05:25:00,126,64
http://irail.be/vehicle/IC727,http://irail.be/stations/NMBS/008896396,IC,2018-12-05T05:30:00,2018-12-05T05:29:00,126,126
http://irail.be/vehicle/IC727,http://irail.be/stations/NMBS/008896305,IC,2018-12-05T05:35:00,2018-12-05T05:34:00,121,126
http://irail.be/vehicle/IC727,http://irail.be/stations/NMBS/008896370,IC,2018-12-05T05:40:00,2018-12-05T05:39:00,113,121
http://irail.be/vehicle/IC727,http://irail.be/stations/NMBS/008896388,IC,2018-12-05T05:45:00,2018-12-05T05:44:00,113,113
http://irail.be/vehicle/IC727,http://irail.be/stations/NMBS/008896008,IC,2018-12-05T05:58:00,2018-12-05T05:50:00,40,92
http://irail.be/vehicle/IC727,http://irail.be/stations/NMBS/008896115,IC,2018-12-05T06:02:00,2018-12-05T06:02:00,95,95
http://irail.be/vehicle/IC727,http://irail.be/stations/NMBS/008896149,IC,2018-12-05T06:08:00,2018-12-05T06:07:00,56,62
http://irail.be/vehicle/IC727,http://irail.be/stations/NMBS/008892106,IC,2018-12-05T06:15:00,2018-12-05T06:15:00,29,29
http://irail.be/vehicle/IC727,NO-URI,IC,2018-12-05T06:15:00,2018-12-05T06:15:00,262,262
http://irail.be/vehicle/IC727,http://irail.be/stations/NMBS/008892080,IC,2018-12-05T06:18:00,2018-12-05T06:18:00,277,277
http://irail.be/vehicle/IC727,http://irail.be/stations/NMBS/008892007,IC,2018-12-05T06:27:00,2018-12-05T06:24:00,372,378
http://irail.be/vehicle/IC727,NO-URI,IC,2018-12-05T06:31:00,2018-12-05T06:31:00,446,446
http://irail.be/vehicle/IC727,http://irail.be/stations/NMBS/008893179,IC,2018-12-05T06:32:00,2018-12-05T06:32:00,422,422
http://irail.be/vehicle/IC727,http://irail.be/stations/NMBS/008893120,IC,2018-12-05T06:36:00,2018-12-05T06:35:00,462,316
http://irail.be/vehicle/IC727,http://irail.be/stations/NMBS/008894151,IC,2018-12-05T06:43:00,2018-12-05T06:43:00,430,430
http://irail.be/vehicle/IC727,http://irail.be/stations/NMBS/008894201,IC,2018-12-05T06:50:00,2018-12-05T06:48:00,324,389
http://irail.be/vehicle/IC727,NO-URI,IC,2018-12-05T06:52:00,2018-12-05T06:52:00,316,316
http://irail.be/vehicle/IC727,http://irail.be/stations/NMBS/008894425,IC,2018-12-05T06:54:00,2018-12-05T06:54:00,327,327
http://irail.be/vehicle/IC727,http://irail.be/stations/NMBS/008894433,IC,2018-12-05T06:55:00,2018-12-05T06:55:00,318,318
http://irail.be/vehicle/IC727,http://irail.be/stations/NMBS/008894508,IC,2018-12-05T07:00:00,2018-12-05T06:58:00,275,311
http://irail.be/vehicle/IC727,NO-URI,IC,2018-12-05T07:02:00,2018-12-05T07:02:00,277,277
http://irail.be/vehicle/IC727,http://irail.be/stations/NMBS/008894714,IC,2018-12-05T07:03:00,2018-12-05T07:03:00,260,260
http://irail.be/vehicle/IC727,http://irail.be/stations/NMBS/008894748,IC,2018-12-05T07:06:00,2018-12-05T07:06:00,227,227
http://irail.be/vehicle/IC727,http://irail.be/stations/NMBS/008894755,IC,2018-12-05T07:07:00,2018-12-05T07:07:00,221,221
http://irail.be/vehicle/IC727,http://irail.be/stations/NMBS/008894821,IC,2018-12-05T07:08:00,2018-12-05T07:08:00,241,241
http://irail.be/vehicle/IC727,http://irail.be/stations/NMBS/008821196,IC,2018-12-05T07:12:00,2018-12-05T07:12:00,210,210
http://irail.be/vehicle/IC727,http://irail.be/stations/NMBS/008821121,IC,2018-12-05T07:19:00,2018-12-05T07:17:00,188,219
http://irail.be/vehicle/IC727,http://irail.be/stations/NMBS/008821006,IC,2018-12-05T07:23:00,2018-12-05T07:23:00,,262
http://irail.be/vehicle/IC727,http://irail.be/stations/NMBS/008896735,IC,2018-08-11T05:08:00,2018-08-11T05:08:00,52,
http://irail.be/vehicle/IC727,http://irail.be/stations/NMBS/008896503,IC,2018-08-11T05:16:00,2018-08-11T05:15:00,41,34
http://irail.be/vehicle/IC727,http://irail.be/stations/NMBS/008896412,IC,2018-08-11T05:26:00,2018-08-11T05:25:00,51,20
http://irail.be/vehicle/IC727,http://irail.be/stations/NMBS/008896396,IC,2018-08-11T05:30:00,2018-08-11T05:29:00,51,51
http://irail.be/vehicle/IC727,http://irail.be/stations/NMBS/008896305,IC,2018-08-11T05:35:00,2018-08-11T05:34:00,67,51
http://irail.be/vehicle/IC727,http://irail.be/stations/NMBS/008896370,IC,2018-08-11T05:40:00,2018-08-11T05:39:00,16,67
http://irail.be/vehicle/IC727,http://irail.be/stations/NMBS/008896388,IC,2018-08-11T05:45:00,2018-08-11T05:44:00,16,16
http://irail.be/vehicle/IC727,http://irail.be/stations/NMBS/008896008,IC,2018-08-11T05:58:00,2018-08-11T05:50:00,34,-24
http://irail.be/vehicle/IC727,http://irail.be/stations/NMBS/008896115,IC,2018-08-11T06:02:00,2018-08-11T06:02:00,45,45
http://irail.be/vehicle/IC727,http://irail.be/stations/NMBS/008896149,IC,2018-08-11T06:08:00,2018-08-11T06:07:00,1,2
http://irail.be/vehicle/IC727,http://irail.be/stations/NMBS/008892106,IC,2018-08-11T06:15:00,2018-08-11T06:15:00,-57,-57
http://irail.be/vehicle/IC727,NO-URI,IC,2018-08-11T06:15:00,2018-08-11T06:15:00,-22,-22
http://irail.be/vehicle/IC727,http://irail.be/stations/NMBS/008892080,IC,2018-08-11T06:18:00,2018-08-11T06:18:00,-48,-48
http://irail.be/vehicle/IC727,http://irail.be/stations/NMBS/008892007,IC,2018-08-11T06:27:00,2018-08-11T06:24:00,410,-75
http://irail.be/vehicle/IC727,http://irail.be/stations/NMBS/008893013,IC,2018-08-11T06:32:06,2018-08-11T06:32:06,437,437
http://irail.be/vehicle/IC727,http://irail.be/stations/NMBS/008893039,IC,2018-08-11T06:36:00,2018-08-11T06:33:37,462,462
http://irail.be/vehicle/IC727,http://irail.be/stations/NMBS/008893567,IC,2018-08-11T06:38:00,2018-08-11T06:37:22,321,321
http://irail.be/vehicle/IC727,http://irail.be/stations/NMBS/008893559,IC,2018-08-11T06:39:00,2018-08-11T06:40:00,289,289
http://irail.be/vehicle/IC727,http://irail.be/stations/NMBS/008893542,IC,2018-08-11T06:43:00,2018-08-11T06:40:46,355,355
http://irail.be/vehicle/IC727,http://irail.be/stations/NMBS/008893534,IC,2018-08-11T06:50:00,2018-08-11T06:45:42,196,196
http://irail.be/vehicle/IC727,http://irail.be/stations/NMBS/008893526,IC,2018-08-11T06:52:00,2018-08-11T06:51:28,-52,-52
http://irail.be/vehicle/IC727,http://irail.be/stations/NMBS/008893518,IC,2018-08-11T06:54:00,2018-08-11T06:53:54,-84,-84
http://irail.be/vehicle/IC727,http://irail.be/stations/NMBS/008893401,IC,2018-08-11T06:55:00,2018-08-11T06:55:57,-57,-57
http://irail.be/vehicle/IC727,http://irail.be/stations/NMBS/008822160,IC,2018-08-11T07:00:00,2018-08-11T06:58:02,7,7
http://irail.be/vehicle/IC727,http://irail.be/stations/NMBS/008822145,IC,2018-08-11T07:00:41,2018-08-11T07:01:36,-107,-107
http://irail.be/vehicle/IC727,http://irail.be/stations/NMBS/008822137,IC,2018-08-11T07:02:00,2018-08-11T07:01:41,-45,-45
http://irail.be/vehicle/IC727,http://irail.be/stations/NMBS/008822111,IC,2018-08-11T07:03:00,2018-08-11T07:04:27,-64,-64
http://irail.be/vehicle/IC727,http://irail.be/stations/NMBS/008822053,IC,2018-08-11T07:06:00,2018-08-11T07:05:27,37,37
http://irail.be/vehicle/IC727,http://irail.be/stations/NMBS/008822004,IC,2018-08-11T07:10:21,2018-08-11T07:10:21,,389
http://irail.be/vehicle/IC727,http://irail.be/stations/NMBS/008896735,IC,2018-03-29T05:08:00,2018-03-29T05:08:00,55,
http://irail.be/vehicle/IC727,http://irail.be/stations/NMBS/008896503,IC,2018-03-29T05:16:00,2018-03-29T05:15:00,73,14
http://irail.be/vehicle/IC727,http://irail.be/stations/NMBS/008896412,IC,2018-03-29T05:26:00,2018-03-29T05:25:00,-1,40
http://irail.be/vehicle/IC727,http://irail.be/stations/NMBS/008896396,IC,2018-03-29T05:30:00,2018-03-29T05:29:00,-1,-1
http://irail.be/vehicle/IC727,http://irail.be/stations/NMBS/008896305,IC,2018-03-29T05:35:00,2018-03-29T05:34:00,2,-1
http://irail.be/vehicle/IC727,http://irail.be/stations/NMBS/008896370,IC,2018-03-29T05:40:00,2018-03-29T05:40:00,20,2
http://irail.be/vehicle/IC727,http://irail.be/stations/NMBS/008896388,IC,2018-03-29T05:44:00,2018-03-29T05:44:00,20,20
http://irail.be/vehicle/IC727,http://irail.be/stations/NMBS/008896008,IC,2018-03-29T05:57:00,2018-03-29T05:50:00,47,-28
http://irail.be/vehicle/IC727,http://irail.be/stations/NMBS/008896115,IC,2018-03-29T06:01:00,2018-03-29T06:01:00,10,10
http://irail.be/vehicle/IC727,http://irail.be/stations/NMBS/008896149,IC,2018-03-29T06:06:00,2018-03-29T06:05:00,97,49
http://irail.be/vehicle/IC727,http://irail.be/stations/NMBS/008892106,IC,2018-03-29T06:15:00,2018-03-29T06:15:00,-45,-45
http://irail.be/vehicle/IC727,NO-URI,IC,2018-03-29T06:15:00,2018-03-29T06:15:00,9,9
http://irail.be/vehicle/IC727,http://irail.be/stations/NMBS/008892080,IC,2018-03-29T06:18:00,2018-03-29T06:18:00,8,8
http://irail.be/vehicle/IC727,http://irail.be/stations/NMBS/008892007,IC,2018-03-29T06:27:00,2018-03-29T06:24:00,23,122
http://irail.be/vehicle/IC727,NO-URI,IC,2018-03-29T06:31:00,2018-03-29T06:31:00,39,39
http://irail.be/vehicle/IC727,http://irail.be/stations/NMBS/008893179,IC,2018-03-29T06:32:00,2018-03-29T06:32:00,-148,-148
http://irail.be/vehicle/IC727,http://irail.be/stations/NMBS/008893120,IC,2018-03-29T06:36:00,2018-03-29T06:35:00,-148,-148
http://irail.be/vehicle/IC727,http://irail.be/stations/NMBS/008894151,IC,2018-03-29T06:43:00,2018-03-29T06:43:00,7,7
http://irail.be/vehicle/IC727,http://irail.be/stations/NMBS/008894201,IC,2018-03-29T06:50:00,2018-03-29T06:48:00,16,-41
http://irail.be/vehicle/IC727,NO-URI,IC,2018-03-29T06:52:00,2018-03-29T06:52:00,2,2
http://irail.be/vehicle/IC727,http://irail.be/stations/NMBS/008894425,IC,2018-03-29T06:54:00,2018-03-29T06:54:00,1,1
http://irail.be/vehicle/IC727,http://irail.be/stations/NMBS/008894433,IC,2018-03-29T06:55:00,2018-03-29T06:55:00,-10,-10
http://irail.be/vehicle/IC727,http://irail.be/stations/NMBS/008894508,IC,2018-03-29T07:00:00,2018-03-29T06:58:00,18,-30
http://irail.be/vehicle/IC727,NO-URI,IC,2018-03-29T07:02:00,2018-03-29T07:02:00,10,10
http://irail.be/vehicle/IC727,http://irail.be/stations/NMBS/008894714,IC,2018-03-29T07:03:00,2018-03-29T07:03:00,-7,-7
http://irail.be/vehicle/IC727,http://irail.be/stations/NMBS/008894748,IC,2018-03-29T07:06:00,2018-03-29T07:06:00,-40,-40
http://irail.be/vehicle/IC727,http://irail.be/stations/NMBS/008894755,IC,2018-03-29T07:07:00,2018-03-29T07:07:00,-49,-49
http://irail.be/vehicle/IC727,http://irail.be/stations/NMBS/008894821,IC,2018-03-29T07:08:00,2018-03-29T07:08:00,-29,-29
http://irail.be/vehicle/IC727,NO-URI,IC,2018-03-29T07:09:00,2018-03-29T07:09:00,-29,-29
http://irail.be/vehicle/IC727,http://irail.be/stations/NMBS/008821196,IC,2018-03-29T07:12:00,2018-03-29T07:12:00,-59,-59
http://irail.be/vehicle/IC727,http://irail.be/stations/NMBS/008821121,IC,2018-03-29T07:19:00,2018-03-29T07:17:00,-2,-35
http://irail.be/vehicle/IC727,http://irail.be/stations/NMBS/008821006,IC,2018-03-29T07:23:00,2018-03-29T07:23:00,,-38
http://irail.be/vehicle/IC727,http://irail.be/stations/NMBS/008896735,IC,2018-09-20T05:08:00,2018-09-20T05:08:00,68,
http://irail.be/vehicle/IC727,http://irail.be/stations/NMBS/008896503,IC,2018-09-20T05:16:00,2018-09-20T05:15:00,54,44
http://irail.be/vehicle/IC727,http://irail.be/stations/NMBS/008896412,IC,2018-09-20T05:26:00,2018-09-20T05:25:00,31,28
http://irail.be/vehicle/IC727,http://irail.be/stations/NMBS/008896396,IC,2018-09-20T05:30:00,2018-09-20T05:29:00,31,31
http://irail.be/vehicle/IC727,http://irail.be/stations/NMBS/008896305,IC,2018-09-20T05:35:00,2018-09-20T05:34:00,41,31
http://irail.be/vehicle/IC727,http://irail.be/stations/NMBS/008896370,IC,2018-09-20T05:40:00,2018-09-20T05:39:00,41,41
http://irail.be/vehicle/IC727,http://irail.be/stations/NMBS/008896388,IC,2018-09-20T05:45:00,2018-09-20T05:44:00,-41,-41
http://irail.be/vehicle/IC727,http://irail.be/stations/NMBS/008896008,IC,2018-09-20T05:58:00,2018-09-20T05:50:00,172,-76
http://irail.be/vehicle/IC727,http://irail.be/stations/NMBS/008896115,IC,2018-09-20T06:02:00,2018-09-20T06:02:00,186,186
http://irail.be/vehicle/IC727,http://irail.be/stations/NMBS/008896149,IC,2018-09-20T06:08:00,2018-09-20T06:07:00,159,145
http://irail.be/vehicle/IC727,http://irail.be/stations/NMBS/008892106,IC,2018-09-20T06:15:00,2018-09-20T06:15:00,94,94
http://irail.be/vehicle/IC727,NO-URI,IC,2018-09-20T06:15:00,2018-09-20T06:15:00,130,130
http://irail.be/vehicle/IC727,http://irail.be/stations/NMBS/008892080,IC,2018-09-20T06:18:00,2018-09-20T06:18:00,105,105
http://irail.be/vehicle/IC727,http://irail.be/stations/NMBS/008892007,IC,2018-09-20T06:27:00,2018-09-20T06:24:00,36,86
http://irail.be/vehicle/IC727,NO-URI,IC,2018-09-20T06:31:00,2018-09-20T06:31:00,54,54
http://irail.be/vehicle/IC727,http://irail.be/stations/NMBS/008893179,IC,2018-09-20T06:32:00,2018-09-20T06:32:00,-125,-125
http://irail.be/vehicle/IC727,http://irail.be/stations/NMBS/008893120,IC,2018-09-20T06:36:00,2018-09-20T06:35:00,122,-125
http://irail.be/vehicle/IC727,http://irail.be/stations/NMBS/008894151,IC,2018-09-20T06:43:00,2018-09-20T06:43:00,80,80
http://irail.be/vehicle/IC727,http://irail.be/stations/NMBS/008894201,IC,2018-09-20T06:50:00,2018-09-20T06:48:00,23,32
http://irail.be/vehicle/IC727,NO-URI,IC,2018-09-20T06:52:00,2018-09-20T06:52:00,6,6
http://irail.be/vehicle/IC727,http://irail.be/stations/NMBS/008894425,IC,2018-09-20T06:54:00,2018-09-20T06:54:00,8,8
http://irail.be/vehicle/IC727,http://irail.be/stations/NMBS/008894433,IC,2018-09-20T06:55:00,2018-09-20T06:55:00,-4,-4
http://irail.be/vehicle/IC727,http://irail.be/stations/NMBS/008894508,IC,2018-09-20T07:00:00,2018-09-20T06:58:00,5,-12
http://irail.be/vehicle/IC727,NO-URI,IC,2018-09-20T07:02:00,2018-09-20T07:02:00,-11,-11
http://irail.be/vehicle/IC727,http://irail.be/stations/NMBS/008894714,IC,2018-09-20T07:03:00,2018-09-20T07:03:00,-30,-30
http://irail.be/vehicle/IC727,http://irail.be/stations/NMBS/008894748,IC,2018-09-20T07:06:00,2018-09-20T07:06:00,-52,-52
http://irail.be/vehicle/IC727,http://irail.be/stations/NMBS/008894755,IC,2018-09-20T07:07:00,2018-09-20T07:07:00,-55,-55
http://irail.be/vehicle/IC727,http://irail.be/stations/NMBS/008894821,IC,2018-09-20T07:08:00,2018-09-20T07:08:00,-38,-38
http://irail.be/vehicle/IC727,http://irail.be/stations/NMBS/008821196,IC,2018-09-20T07:12:00,2018-09-20T07:12:00,-38,-38
http://irail.be/vehicle/IC727,http://irail.be/stations/NMBS/008821121,IC,2018-09-20T07:19:00,2018-09-20T07:17:00,38,48
http://irail.be/vehicle/IC727,http://irail.be/stations/NMBS/008821006,IC,2018-09-20T07:23:00,2018-09-20T07:23:00,,4
http://irail.be/vehicle/IC727,http://irail.be/stations/NMBS/008896735,IC,2018-08-15T05:08:00,2018-08-15T05:08:00,64,
http://irail.be/vehicle/IC727,http://irail.be/stations/NMBS/008896503,IC,2018-08-15T05:16:00,2018-08-15T05:15:00,103,32
http://irail.be/vehicle/IC727,http://irail.be/stations/NMBS/008896412,IC,2018-08-15T05:26:00,2018-08-15T05:25:00,79,86
http://irail.be/vehicle/IC727,http://irail.be/stations/NMBS/008896396,IC,2018-08-15T05:30:00,2018-08-15T05:29:00,79,79
http://irail.be/vehicle/IC727,http://irail.be/stations/NMBS/008896305,IC,2018-08-15T05:35:00,2018-08-15T05:34:00,75,79
http://irail.be/vehicle/IC727,http://irail.be/stations/NMBS/008896370,IC,2018-08-15T05:40:00,2018-08-15T05:39:00,56,75
http://irail.be/vehicle/IC727,http://irail.be/stations/NMBS/008896388,IC,2018-08-15T05:45:00,2018-08-15T05:44:00,56,56
http://irail.be/vehicle/IC727,http://irail.be/stations/NMBS/008896008,IC,2018-08-15T05:58:00,2018-08-15T05:50:00,11,72
http://irail.be/vehicle/IC727,http://irail.be/stations/NMBS/008896115,IC,2018-08-15T06:02:00,2018-08-15T06:02:00,-8,-8
http://irail.be/vehicle/IC727,http://irail.be/stations/NMBS/008896149,IC,2018-08-15T06:08:00,2018-08-15T06:07:00,22,-51
http://irail.be/vehicle/IC727,http://irail.be/stations/NMBS/008892106,IC,2018-08-15T06:15:00,2018-08-15T06:15:00,-33,-33
http://irail.be/vehicle/IC727,NO-URI,IC,2018-08-15T06:15:00,2018-08-15T06:15:00,-1,-1
http://irail.be/vehicle/IC727,http://irail.be/stations/NMBS/008892080,IC,2018-08-15T06:18:00,2018-08-15T06:18:00,-29,-29
http://irail.be/vehicle/IC727,http://irail.be/stations/NMBS/008892007,IC,2018-08-15T06:27:00,2018-08-15T06:24:00,15,-58
http://irail.be/vehicle/IC727,NO-URI,IC,2018-08-15T06:31:00,2018-08-15T06:31:00,38,38
http://irail.be/vehicle/IC727,http://irail.be/stations/NMBS/008893179,IC,2018-08-15T06:32:00,2018-08-15T06:32:00,-161,-161
http://irail.be/vehicle/IC727,http://irail.be/stations/NMBS/008893120,IC,2018-08-15T06:36:00,2018-08-15T06:35:00,59,-161
http://irail.be/vehicle/IC727,http://irail.be/stations/NMBS/008894151,IC,2018-08-15T06:43:00,2018-08-15T06:43:00,48,48
http://irail.be/vehicle/IC727,http://irail.be/stations/NMBS/008894201,IC,2018-08-15T06:50:00,2018-08-15T06:48:00,3,0
http://irail.be/vehicle/IC727,NO-URI,IC,2018-08-15T06:52:00,2018-08-15T06:52:00,2,2
http://irail.be/vehicle/IC727,http://irail.be/stations/NMBS/008894425,IC,2018-08-15T06:54:00,2018-08-15T06:54:00,6,6
http://irail.be/vehicle/IC727,http://irail.be/stations/NMBS/008894433,IC,2018-08-15T06:55:00,2018-08-15T06:55:00,-7,-7
http://irail.be/vehicle/IC727,http://irail.be/stations/NMBS/008894508,IC,2018-08-15T07:00:00,2018-08-15T06:58:00,80,-23
http://irail.be/vehicle/IC727,NO-URI,IC,2018-08-15T07:02:00,2018-08-15T07:02:00,77,77
http://irail.be/vehicle/IC727,http://irail.be/stations/NMBS/008894714,IC,2018-08-15T07:03:00,2018-08-15T07:03:00,63,63
http://irail.be/vehicle/IC727,http://irail.be/stations/NMBS/008894748,IC,2018-08-15T07:06:00,2018-08-15T07:06:00,38,38
http://irail.be/vehicle/IC727,http://irail.be/stations/NMBS/008894755,IC,2018-08-15T07:07:00,2018-08-15T07:07:00,29,29
http://irail.be/vehicle/IC727,http://irail.be/stations/NMBS/008894821,IC,2018-08-15T07:08:00,2018-08-15T07:08:00,48,48
http://irail.be/vehicle/IC727,http://irail.be/stations/NMBS/008821196,IC,2018-08-15T07:12:00,2018-08-15T07:12:00,18,18
http://irail.be/vehicle/IC727,http://irail.be/stations/NMBS/008821121,IC,2018-08-15T07:19:00,2018-08-15T07:17:00,-9,-17
http://irail.be/vehicle/IC727,http://irail.be/stations/NMBS/008821006,IC,2018-08-15T07:23:00,2018-08-15T07:23:00,,-33
http://irail.be/vehicle/IC727,http://irail.be/stations/NMBS/008896735,IC,2018-12-28T05:08:00,2018-12-28T05:08:00,33,
http://irail.be/vehicle/IC727,http://irail.be/stations/NMBS/008896503,IC,2018-12-28T05:16:00,2018-12-28T05:15:00,44,42
http://irail.be/vehicle/IC727,http://irail.be/stations/NMBS/008896412,IC,2018-12-28T05:26:00,2018-12-28T05:25:00,56,19
http://irail.be/vehicle/IC727,http://irail.be/stations/NMBS/008896396,IC,2018-12-28T05:30:00,2018-12-28T05:29:00,56,56
http://irail.be/vehicle/IC727,http://irail.be/stations/NMBS/008896305,IC,2018-12-28T05:35:00,2018-12-28T05:34:00,66,56
http://irail.be/vehicle/IC727,http://irail.be/stations/NMBS/008896370,IC,2018-12-28T05:40:00,2018-12-28T05:39:00,24,66
http://irail.be/vehicle/IC727,http://irail.be/stations/NMBS/008896388,IC,2018-12-28T05:45:00,2018-12-28T05:44:00,24,24
http://irail.be/vehicle/IC727,http://irail.be/stations/NMBS/008896008,IC,2018-12-28T05:58:00,2018-12-28T05:50:00,39,-15
http://irail.be/vehicle/IC727,http://irail.be/stations/NMBS/008896115,IC,2018-12-28T06:02:00,2018-12-28T06:02:00,20,20
http://irail.be/vehicle/IC727,http://irail.be/stations/NMBS/008896149,IC,2018-12-28T06:08:00,2018-12-28T06:07:00,-9,-21
http://irail.be/vehicle/IC727,http://irail.be/stations/NMBS/008892106,IC,2018-12-28T06:15:00,2018-12-28T06:15:00,-71,-71
http://irail.be/vehicle/IC727,NO-URI,IC,2018-12-28T06:15:00,2018-12-28T06:15:00,-38,-38
http://irail.be/vehicle/IC727,http://irail.be/stations/NMBS/008892080,IC,2018-12-28T06:18:00,2018-12-28T06:18:00,-65,-65
http://irail.be/vehicle/IC727,http://irail.be/stations/NMBS/008892007,IC,2018-12-28T06:27:00,2018-12-28T06:24:00,1,-106
http://irail.be/vehicle/IC727,NO-URI,IC,2018-12-28T06:32:00,2018-12-28T06:32:00,-39,-39
http://irail.be/vehicle/IC727,http://irail.be/stations/NMBS/008893179,IC,2018-12-28T06:33:00,2018-12-28T06:33:00,4,4
http://irail.be/vehicle/IC727,http://irail.be/stations/NMBS/008893120,IC,2018-12-28T06:36:00,2018-12-28T06:35:00,30,-85
http://irail.be/vehicle/IC727,http://irail.be/stations/NMBS/008894151,IC,2018-12-28T06:44:00,2018-12-28T06:44:00,-69,-69
http://irail.be/vehicle/IC727,http://irail.be/stations/NMBS/008894201,IC,2018-12-28T06:50:00,2018-12-28T06:48:00,20,-72
http://irail.be/vehicle/IC727,NO-URI,IC,2018-12-28T06:52:00,2018-12-28T06:52:00,5,5
http://irail.be/vehicle/IC727,http://irail.be/stations/NMBS/008894425,IC,2018-12-28T06:54:00,2018-12-28T06:54:00,13,13
http://irail.be/vehicle/IC727,http://irail.be/stations/NMBS/008894433,IC,2018-12-28T06:55:00,2018-12-28T06:55:00,1,1
http://irail.be/vehicle/IC727,http://irail.be/stations/NMBS/008894508,IC,2018-12-28T07:00:00,2018-12-28T06:58:00,-5,-17
http://irail.be/vehicle/IC727,NO-URI,IC,2018-12-28T07:02:00,2018-12-28T07:02:00,-7,-7
http://irail.be/vehicle/IC727,http://irail.be/stations/NMBS/008894714,IC,2018-12-28T07:03:00,2018-12-28T07:03:00,-23,-23
http://irail.be/vehicle/IC727,http://irail.be/stations/NMBS/008894748,IC,2018-12-28T07:06:00,2018-12-28T07:06:00,-56,-56
http://irail.be/vehicle/IC727,http://irail.be/stations/NMBS/008894755,IC,2018-12-28T07:07:00,2018-12-28T07:07:00,-64,-64
http://irail.be/vehicle/IC727,http://irail.be/stations/NMBS/008894821,IC,2018-12-28T07:08:00,2018-12-28T07:08:00,-46,-46
http://irail.be/vehicle/IC727,http://irail.be/stations/NMBS/008821196,IC,2018-12-28T07:12:00,2018-12-28T07:12:00,-77,-77
http://irail.be/vehicle/IC727,http://irail.be/stations/NMBS/008821121,IC,2018-12-28T07:19:00,2018-12-28T07:17:00,-15,-51
http://irail.be/vehicle/IC727,http://irail.be/stations/NMBS/008821006,IC,2018-12-28T07:23:00,2018-12-28T07:23:00,,-51
http://irail.be/vehicle/IC727,http://irail.be/stations/NMBS/008896735,IC,2018-08-24T05:08:00,2018-08-24T05:08:00,64,
http://irail.be/vehicle/IC727,http://irail.be/stations/NMBS/008896503,IC,2018-08-24T05:16:00,2018-08-24T05:15:00,37,43
http://irail.be/vehicle/IC727,http://irail.be/stations/NMBS/008896412,IC,2018-08-24T05:26:00,2018-08-24T05:25:00,-15,8
http://irail.be/vehicle/IC727,http://irail.be/stations/NMBS/008896396,IC,2018-08-24T05:30:00,2018-08-24T05:29:00,-15,-15
http://irail.be/vehicle/IC727,http://irail.be/stations/NMBS/008896305,IC,2018-08-24T05:35:00,2018-08-24T05:34:00,-25,-15
http://irail.be/vehicle/IC727,http://irail.be/stations/NMBS/008896370,IC,2018-08-24T05:40:00,2018-08-24T05:39:00,-1,-25
http://irail.be/vehicle/IC727,http://irail.be/stations/NMBS/008896388,IC,2018-08-24T05:45:00,2018-08-24T05:44:00,-1,-1
http://irail.be/vehicle/IC727,http://irail.be/stations/NMBS/008896008,IC,2018-08-24T05:58:00,2018-08-24T05:50:00,34,41
http://irail.be/vehicle/IC727,http://irail.be/stations/NMBS/008896115,IC,2018-08-24T06:02:00,2018-08-24T06:02:00,35,35
http://irail.be/vehicle/IC727,http://irail.be/stations/NMBS/008896149,IC,2018-08-24T06:08:00,2018-08-24T06:07:00,-3,-3
http://irail.be/vehicle/IC727,http://irail.be/stations/NMBS/008892106,IC,2018-08-24T06:15:00,2018-08-24T06:15:00,-53,-53
http://irail.be/vehicle/IC727,NO-URI,IC,2018-08-24T06:15:00,2018-08-24T06:15:00,-12,-12
http://irail.be/vehicle/IC727,http://irail.be/stations/NMBS/008892080,IC,2018-08-24T06:18:00,2018-08-24T06:18:00,-25,-25
http://irail.be/vehicle/IC727,http://irail.be/stations/NMBS/008892007,IC,2018-08-24T06:27:00,2018-08-24T06:24:00,5,-22
http://irail.be/vehicle/IC727,NO-URI,IC,2018-08-24T06:31:00,2018-08-24T06:31:00,52,52
http://irail.be/vehicle/IC727,http://irail.be/stations/NMBS/008893179,IC,2018-08-24T06:32:00,2018-08-24T06:32:00,32,32
http://irail.be/vehicle/IC727,http://irail.be/stations/NMBS/008893120,IC,2018-08-24T06:36:00,2018-08-24T06:35:00,260,32
http://irail.be/vehicle/IC727,http://irail.be/stations/NMBS/008894151,IC,2018-08-24T06:43:00,2018-08-24T06:43:00,226,226
http://irail.be/vehicle/IC727,http://irail.be/stations/NMBS/008894201,IC,2018-08-24T06:50:00,2018-08-24T06:48:00,104,176
http://irail.be/vehicle/IC727,NO-URI,IC,2018-08-24T06:52:00,2018-08-24T06:52:00,85,85
http://irail.be/vehicle/IC727,http://irail.be/stations/NMBS/008894425,IC,2018-08-24T06:54:00,2018-08-24T06:54:00,83,83
http://irail.be/vehicle/IC727,http://irail.be/stations/NMBS/008894433,IC,2018-08-24T06:55:00,2018-08-24T06:55:00,70,70
http://irail.be/vehicle/IC727,http://irail.be/stations/NMBS/008894508,IC,2018-08-24T07:00:00,2018-08-24T06:58:00,51,56
http://irail.be/vehicle/IC727,NO-URI,IC,2018-08-24T07:02:00,2018-08-24T07:02:00,71,71
http://irail.be/vehicle/IC727,http://irail.be/stations/NMBS/008894714,IC,2018-08-24T07:03:00,2018-08-24T07:03:00,55,55
http://irail.be/vehicle/IC727,http://irail.be/stations/NMBS/008894748,IC,2018-08-24T07:06:00,2018-08-24T07:06:00,17,17
http://irail.be/vehicle/IC727,http://irail.be/stations/NMBS/008894755,IC,2018-08-24T07:07:00,2018-08-24T07:07:00,8,8
http://irail.be/vehicle/IC727,http://irail.be/stations/NMBS/008894821,IC,2018-08-24T07:08:00,2018-08-24T07:08:00,27,27
http://irail.be/vehicle/IC727,http://irail.be/stations/NMBS/008821196,IC,2018-08-24T07:12:00,2018-08-24T07:12:00,1,1
http://irail.be/vehicle/IC727,http://irail.be/stations/NMBS/008821121,IC,2018-08-24T07:19:00,2018-08-24T07:17:00,-8,18
http://irail.be/vehicle/IC727,http://irail.be/stations/NMBS/008821006,IC,2018-08-24T07:23:00,2018-08-24T07:23:00,,-1
http://irail.be/vehicle/IC727,http://irail.be/stations/NMBS/008896735,IC,2018-08-22T05:08:00,2018-08-22T05:08:00,57,
http://irail.be/vehicle/IC727,http://irail.be/stations/NMBS/008896503,IC,2018-08-22T05:16:00,2018-08-22T05:15:00,31,30
http://irail.be/vehicle/IC727,http://irail.be/stations/NMBS/008896412,IC,2018-08-22T05:26:00,2018-08-22T05:25:00,-4,-3
http://irail.be/vehicle/IC727,http://irail.be/stations/NMBS/008896396,IC,2018-08-22T05:30:00,2018-08-22T05:29:00,-4,-4
http://irail.be/vehicle/IC727,http://irail.be/stations/NMBS/008896305,IC,2018-08-22T05:35:00,2018-08-22T05:34:00,1,-4
http://irail.be/vehicle/IC727,http://irail.be/stations/NMBS/008896370,IC,2018-08-22T05:40:00,2018-08-22T05:39:00,-13,1
http://irail.be/vehicle/IC727,http://irail.be/stations/NMBS/008896388,IC,2018-08-22T05:45:00,2018-08-22T05:44:00,-13,-13
http://irail.be/vehicle/IC727,http://irail.be/stations/NMBS/008896008,IC,2018-08-22T05:58:00,2018-08-22T05:50:00,30,-3
http://irail.be/vehicle/IC727,http://irail.be/stations/NMBS/008896115,IC,2018-08-22T06:02:00,2018-08-22T06:02:00,20,20
http://irail.be/vehicle/IC727,http://irail.be/stations/NMBS/008896149,IC,2018-08-22T06:08:00,2018-08-22T06:07:00,-4,-18
http://irail.be/vehicle/IC727,http://irail.be/stations/NMBS/008892106,IC,2018-08-22T06:15:00,2018-08-22T06:15:00,-66,-66
http://irail.be/vehicle/IC727,NO-URI,IC,2018-08-22T06:15:00,2018-08-22T06:15:00,-32,-32
http://irail.be/vehicle/IC727,http://irail.be/stations/NMBS/008892080,IC,2018-08-22T06:18:00,2018-08-22T06:18:00,-54,-54
http://irail.be/vehicle/IC727,http://irail.be/stations/NMBS/008892007,IC,2018-08-22T06:27:00,2018-08-22T06:24:00,8,-77
http://irail.be/vehicle/IC727,NO-URI,IC,2018-08-22T06:31:00,2018-08-22T06:31:00,33,33
http://irail.be/vehicle/IC727,http://irail.be/stations/NMBS/008893179,IC,2018-08-22T06:32:00,2018-08-22T06:32:00,-165,-165
http://irail.be/vehicle/IC727,http://irail.be/stations/NMBS/008893120,IC,2018-08-22T06:36:00,2018-08-22T06:35:00,61,-165
http://irail.be/vehicle/IC727,http://irail.be/stations/NMBS/008894151,IC,2018-08-22T06:43:00,2018-08-22T06:43:00,29,29
http://irail.be/vehicle/IC727,http://irail.be/stations/NMBS/008894201,IC,2018-08-22T06:50:00,2018-08-22T06:48:00,9,-12
http://irail.be/vehicle/IC727,NO-URI,IC,2018-08-22T06:52:00,2018-08-22T06:52:00,-7,-7
http://irail.be/vehicle/IC727,http://irail.be/stations/NMBS/008894425,IC,2018-08-22T06:54:00,2018-08-22T06:54:00,-4,-4
http://irail.be/vehicle/IC727,http://irail.be/stations/NMBS/008894433,IC,2018-08-22T06:55:00,2018-08-22T06:55:00,-12,-12
http://irail.be/vehicle/IC727,http://irail.be/stations/NMBS/008894508,IC,2018-08-22T07:00:00,2018-08-22T06:58:00,-5,-24
http://irail.be/vehicle/IC727,NO-URI,IC,2018-08-22T07:02:00,2018-08-22T07:02:00,-4,-4
http://irail.be/vehicle/IC727,http://irail.be/stations/NMBS/008894714,IC,2018-08-22T07:03:00,2018-08-22T07:03:00,-20,-20
http://irail.be/vehicle/IC727,http://irail.be/stations/NMBS/008894748,IC,2018-08-22T07:06:00,2018-08-22T07:06:00,-51,-51
http://irail.be/vehicle/IC727,http://irail.be/stations/NMBS/008894755,IC,2018-08-22T07:07:00,2018-08-22T07:07:00,-56,-56
http://irail.be/vehicle/IC727,http://irail.be/stations/NMBS/008894821,IC,2018-08-22T07:08:00,2018-08-22T07:08:00,-35,-35
http://irail.be/vehicle/IC727,http://irail.be/stations/NMBS/008821196,IC,2018-08-22T07:12:00,2018-08-22T07:12:00,-68,-68
http://irail.be/vehicle/IC727,http://irail.be/stations/NMBS/008821121,IC,2018-08-22T07:19:00,2018-08-22T07:17:00,-18,-58
http://irail.be/vehicle/IC727,http://irail.be/stations/NMBS/008821006,IC,2018-08-22T07:23:00,2018-08-22T07:23:00,,-49
http://irail.be/vehicle/IC727,http://irail.be/stations/NMBS/008896735,IC,2018-11-15T05:08:00,2018-11-15T05:08:00,66,
http://irail.be/vehicle/IC727,http://irail.be/stations/NMBS/008896503,IC,2018-11-15T05:16:00,2018-11-15T05:15:00,54,41
http://irail.be/vehicle/IC727,http://irail.be/stations/NMBS/008896412,IC,2018-11-15T05:26:00,2018-11-15T05:25:00,114,34
http://irail.be/vehicle/IC727,http://irail.be/stations/NMBS/008896396,IC,2018-11-15T05:30:00,2018-11-15T05:29:00,114,114
http://irail.be/vehicle/IC727,http://irail.be/stations/NMBS/008896305,IC,2018-11-15T05:35:00,2018-11-15T05:34:00,108,114
http://irail.be/vehicle/IC727,http://irail.be/stations/NMBS/008896370,IC,2018-11-15T05:40:00,2018-11-15T05:39:00,77,108
http://irail.be/vehicle/IC727,http://irail.be/stations/NMBS/008896388,IC,2018-11-15T05:45:00,2018-11-15T05:44:00,77,77
http://irail.be/vehicle/IC727,http://irail.be/stations/NMBS/008896008,IC,2018-11-15T05:58:00,2018-11-15T05:50:00,32,47
http://irail.be/vehicle/IC727,http://irail.be/stations/NMBS/008896115,IC,2018-11-15T06:02:00,2018-11-15T06:02:00,50,50
http://irail.be/vehicle/IC727,http://irail.be/stations/NMBS/008896149,IC,2018-11-15T06:08:00,2018-11-15T06:07:00,24,34
http://irail.be/vehicle/IC727,http://irail.be/stations/NMBS/008892106,IC,2018-11-15T06:15:00,2018-11-15T06:15:00,76,76
http://irail.be/vehicle/IC727,NO-URI,IC,2018-11-15T06:15:00,2018-11-15T06:15:00,178,178
http://irail.be/vehicle/IC727,http://irail.be/stations/NMBS/008892080,IC,2018-11-15T06:18:00,2018-11-15T06:18:00,192,192
http://irail.be/vehicle/IC727,http://irail.be/stations/NMBS/008892007,IC,2018-11-15T06:27:00,2018-11-15T06:24:00,141,246
http://irail.be/vehicle/IC727,NO-URI,IC,2018-11-15T06:31:00,2018-11-15T06:31:00,145,145
http://irail.be/vehicle/IC727,http://irail.be/stations/NMBS/008893179,IC,2018-11-15T06:32:00,2018-11-15T06:32:00,123,123
http://irail.be/vehicle/IC727,http://irail.be/stations/NMBS/008893120,IC,2018-11-15T06:36:00,2018-11-15T06:35:00,96,12
http://irail.be/vehicle/IC727,http://irail.be/stations/NMBS/008894151,IC,2018-11-15T06:43:00,2018-11-15T06:43:00,50,50
http://irail.be/vehicle/IC727,http://irail.be/stations/NMBS/008894201,IC,2018-11-15T06:50:00,2018-11-15T06:48:00,19,1
http://irail.be/vehicle/IC727,NO-URI,IC,2018-11-15T06:52:00,2018-11-15T06:52:00,17,17
http://irail.be/vehicle/IC727,http://irail.be/stations/NMBS/008894425,IC,2018-11-15T06:54:00,2018-11-15T06:54:00,41,41
http://irail.be/vehicle/IC727,http://irail.be/stations/NMBS/008894433,IC,2018-11-15T06:55:00,2018-11-15T06:55:00,29,29
http://irail.be/vehicle/IC727,http://irail.be/stations/NMBS/008894508,IC,2018-11-15T07:00:00,2018-11-15T06:58:00,21,12
http://irail.be/vehicle/IC727,NO-URI,IC,2018-11-15T07:02:00,2018-11-15T07:02:00,13,13
http://irail.be/vehicle/IC727,http://irail.be/stations/NMBS/008894714,IC,2018-11-15T07:03:00,2018-11-15T07:03:00,-5,-5
http://irail.be/vehicle/IC727,http://irail.be/stations/NMBS/008894748,IC,2018-11-15T07:06:00,2018-11-15T07:06:00,-45,-45
http://irail.be/vehicle/IC727,http://irail.be/stations/NMBS/008894755,IC,2018-11-15T07:07:00,2018-11-15T07:07:00,-4,-4
http://irail.be/vehicle/IC727,http://irail.be/stations/NMBS/008894821,IC,2018-11-15T07:08:00,2018-11-15T07:08:00,59,59
http://irail.be/vehicle/IC727,http://irail.be/stations/NMBS/008821196,IC,2018-11-15T07:12:00,2018-11-15T07:12:00,3,3
http://irail.be/vehicle/IC727,http://irail.be/stations/NMBS/008821121,IC,2018-11-15T07:19:00,2018-11-15T07:17:00,15,-26
http://irail.be/vehicle/IC727,http://irail.be/stations/NMBS/008821006,IC,2018-11-15T07:23:00,2018-11-15T07:23:00,,-23
http://irail.be/vehicle/IC727,http://irail.be/stations/NMBS/008896735,IC,2018-05-27T05:08:00,2018-05-27T05:08:00,71,
http://irail.be/vehicle/IC727,http://irail.be/stations/NMBS/008896503,IC,2018-05-27T05:16:00,2018-05-27T05:15:00,23,26
http://irail.be/vehicle/IC727,http://irail.be/stations/NMBS/008896412,IC,2018-05-27T05:26:00,2018-05-27T05:25:00,3,-18
http://irail.be/vehicle/IC727,http://irail.be/stations/NMBS/008896396,IC,2018-05-27T05:30:00,2018-05-27T05:29:00,3,3
http://irail.be/vehicle/IC727,http://irail.be/stations/NMBS/008896305,IC,2018-05-27T05:35:00,2018-05-27T05:34:00,-1,3
http://irail.be/vehicle/IC727,http://irail.be/stations/NMBS/008896370,IC,2018-05-27T05:40:00,2018-05-27T05:40:00,10,-1
http://irail.be/vehicle/IC727,http://irail.be/stations/NMBS/008896388,IC,2018-05-27T05:44:00,2018-05-27T05:44:00,10,10
http://irail.be/vehicle/IC727,http://irail.be/stations/NMBS/008896008,IC,2018-05-27T05:57:00,2018-05-27T05:50:00,56,-52
http://irail.be/vehicle/IC727,http://irail.be/stations/NMBS/008896115,IC,2018-05-27T06:01:00,2018-05-27T06:01:00,88,88
http://irail.be/vehicle/IC727,http://irail.be/stations/NMBS/008896149,IC,2018-05-27T06:06:00,2018-05-27T06:05:00,78,98
http://irail.be/vehicle/IC727,http://irail.be/stations/NMBS/008892106,IC,2018-05-27T06:15:00,2018-05-27T06:15:00,-54,-54
http://irail.be/vehicle/IC727,NO-URI,IC,2018-05-27T06:15:00,2018-05-27T06:15:00,-33,-33
http://irail.be/vehicle/IC727,http://irail.be/stations/NMBS/008892080,IC,2018-05-27T06:18:00,2018-05-27T06:18:00,-46,-46
http://irail.be/vehicle/IC727,http://irail.be/stations/NMBS/008892007,IC,2018-05-27T06:27:00,2018-05-27T06:24:00,7,-17
http://irail.be/vehicle/IC727,NO-URI,IC,2018-05-27T06:31:00,2018-05-27T06:31:00,56,56
http://irail.be/vehicle/IC727,http://irail.be/stations/NMBS/008893179,IC,2018-05-27T06:32:00,2018-05-27T06:32:00,71,71
http://irail.be/vehicle/IC727,http://irail.be/stations/NMBS/008893120,IC,2018-05-27T06:36:00,2018-05-27T06:35:00,63,71
http://irail.be/vehicle/IC727,http://irail.be/stations/NMBS/008894151,IC,2018-05-27T06:43:00,2018-05-27T06:43:00,245,245
http://irail.be/vehicle/IC727,http://irail.be/stations/NMBS/008894201,IC,2018-05-27T06:50:00,2018-05-27T06:48:00,240,290
http://irail.be/vehicle/IC727,NO-URI,IC,2018-05-27T06:52:00,2018-05-27T06:52:00,236,236
http://irail.be/vehicle/IC727,http://irail.be/stations/NMBS/008894425,IC,2018-05-27T06:54:00,2018-05-27T06:54:00,245,245
http://irail.be/vehicle/IC727,http://irail.be/stations/NMBS/008894433,IC,2018-05-27T06:55:00,2018-05-27T06:55:00,236,236
http://irail.be/vehicle/IC727,http://irail.be/stations/NMBS/008894508,IC,2018-05-27T07:00:00,2018-05-27T06:58:00,224,241
http://irail.be/vehicle/IC727,NO-URI,IC,2018-05-27T07:02:00,2018-05-27T07:02:00,238,238
http://irail.be/vehicle/IC727,http://irail.be/stations/NMBS/008894714,IC,2018-05-27T07:03:00,2018-05-27T07:03:00,224,224
http://irail.be/vehicle/IC727,http://irail.be/stations/NMBS/008894748,IC,2018-05-27T07:05:00,2018-05-27T07:05:00,253,253
http://irail.be/vehicle/IC727,http://irail.be/stations/NMBS/008894755,IC,2018-05-27T07:07:00,2018-05-27T07:07:00,197,197
http://irail.be/vehicle/IC727,http://irail.be/stations/NMBS/008894821,IC,2018-05-27T07:09:00,2018-05-27T07:09:00,184,184
http://irail.be/vehicle/IC727,NO-URI,IC,2018-05-27T07:09:00,2018-05-27T07:09:00,184,184
http://irail.be/vehicle/IC727,http://irail.be/stations/NMBS/008821196,IC,2018-05-27T07:12:00,2018-05-27T07:12:00,173,173
http://irail.be/vehicle/IC727,http://irail.be/stations/NMBS/008821121,IC,2018-05-27T07:19:00,2018-05-27T07:17:00,32,118
http://irail.be/vehicle/IC727,http://irail.be/stations/NMBS/008821006,IC,2018-05-27T07:23:00,2018-05-27T07:23:00,,5
http://irail.be/vehicle/IC727,http://irail.be/stations/NMBS/008896735,IC,2018-11-20T05:08:00,2018-11-20T05:08:00,56,
http://irail.be/vehicle/IC727,http://irail.be/stations/NMBS/008896503,IC,2018-11-20T05:16:00,2018-11-20T05:15:00,38,28
http://irail.be/vehicle/IC727,http://irail.be/stations/NMBS/008896412,IC,2018-11-20T05:26:00,2018-11-20T05:25:00,8,3
http://irail.be/vehicle/IC727,http://irail.be/stations/NMBS/008896396,IC,2018-11-20T05:30:00,2018-11-20T05:29:00,8,8
http://irail.be/vehicle/IC727,http://irail.be/stations/NMBS/008896305,IC,2018-11-20T05:35:00,2018-11-20T05:34:00,-6,8
http://irail.be/vehicle/IC727,http://irail.be/stations/NMBS/008896370,IC,2018-11-20T05:40:00,2018-11-20T05:39:00,-19,-6
http://irail.be/vehicle/IC727,http://irail.be/stations/NMBS/008896388,IC,2018-11-20T05:45:00,2018-11-20T05:44:00,-19,-19
http://irail.be/vehicle/IC727,http://irail.be/stations/NMBS/008896008,IC,2018-11-20T05:58:00,2018-11-20T05:50:00,20,-47
http://irail.be/vehicle/IC727,http://irail.be/stations/NMBS/008896115,IC,2018-11-20T06:02:00,2018-11-20T06:02:00,44,44
http://irail.be/vehicle/IC727,http://irail.be/stations/NMBS/008896149,IC,2018-11-20T06:08:00,2018-11-20T06:07:00,-8,2
http://irail.be/vehicle/IC727,http://irail.be/stations/NMBS/008892106,IC,2018-11-20T06:15:00,2018-11-20T06:15:00,-66,-66
http://irail.be/vehicle/IC727,NO-URI,IC,2018-11-20T06:15:00,2018-11-20T06:15:00,118,118
http://irail.be/vehicle/IC727,http://irail.be/stations/NMBS/008892080,IC,2018-11-20T06:18:00,2018-11-20T06:18:00,114,114
http://irail.be/vehicle/IC727,http://irail.be/stations/NMBS/008892007,IC,2018-11-20T06:27:00,2018-11-20T06:24:00,1,78
http://irail.be/vehicle/IC727,NO-URI,IC,2018-11-20T06:31:00,2018-11-20T06:31:00,28,28
http://irail.be/vehicle/IC727,http://irail.be/stations/NMBS/008893179,IC,2018-11-20T06:32:00,2018-11-20T06:32:00,11,11
http://irail.be/vehicle/IC727,http://irail.be/stations/NMBS/008893120,IC,2018-11-20T06:36:00,2018-11-20T06:35:00,77,-91
http://irail.be/vehicle/IC727,http://irail.be/stations/NMBS/008894151,IC,2018-11-20T06:43:00,2018-11-20T06:43:00,39,39
http://irail.be/vehicle/IC727,http://irail.be/stations/NMBS/008894201,IC,2018-11-20T06:50:00,2018-11-20T06:48:00,11,-8
http://irail.be/vehicle/IC727,NO-URI,IC,2018-11-20T06:52:00,2018-11-20T06:52:00,-5,-5
http://irail.be/vehicle/IC727,http://irail.be/stations/NMBS/008894425,IC,2018-11-20T06:54:00,2018-11-20T06:54:00,-2,-2
http://irail.be/vehicle/IC727,http://irail.be/stations/NMBS/008894433,IC,2018-11-20T06:55:00,2018-11-20T06:55:00,-15,-15
http://irail.be/vehicle/IC727,http://irail.be/stations/NMBS/008894508,IC,2018-11-20T07:00:00,2018-11-20T06:58:00,-6,-19
http://irail.be/vehicle/IC727,NO-URI,IC,2018-11-20T07:02:00,2018-11-20T07:02:00,12,12
http://irail.be/vehicle/IC727,http://irail.be/stations/NMBS/008894714,IC,2018-11-20T07:03:00,2018-11-20T07:03:00,-3,-3
http://irail.be/vehicle/IC727,http://irail.be/stations/NMBS/008894748,IC,2018-11-20T07:06:00,2018-11-20T07:06:00,-36,-36
http://irail.be/vehicle/IC727,http://irail.be/stations/NMBS/008894755,IC,2018-11-20T07:07:00,2018-11-20T07:07:00,-42,-42
http://irail.be/vehicle/IC727,http://irail.be/stations/NMBS/008894821,IC,2018-11-20T07:08:00,2018-11-20T07:08:00,-24,-24
http://irail.be/vehicle/IC727,http://irail.be/stations/NMBS/008821196,IC,2018-11-20T07:12:00,2018-11-20T07:12:00,-61,-61
http://irail.be/vehicle/IC727,http://irail.be/stations/NMBS/008821121,IC,2018-11-20T07:19:00,2018-11-20T07:17:00,26,-52
http://irail.be/vehicle/IC727,http://irail.be/stations/NMBS/008821006,IC,2018-11-20T07:23:00,2018-11-20T07:23:00,,50
http://irail.be/vehicle/IC727,http://irail.be/stations/NMBS/008896735,IC,2018-07-25T05:08:00,2018-07-25T05:08:00,74,
http://irail.be/vehicle/IC727,http://irail.be/stations/NMBS/008896503,IC,2018-07-25T05:16:00,2018-07-25T05:15:00,71,50
http://irail.be/vehicle/IC727,http://irail.be/stations/NMBS/008896412,IC,2018-07-25T05:26:00,2018-07-25T05:25:00,34,40
http://irail.be/vehicle/IC727,http://irail.be/stations/NMBS/008896396,IC,2018-07-25T05:30:00,2018-07-25T05:29:00,34,34
http://irail.be/vehicle/IC727,http://irail.be/stations/NMBS/008896305,IC,2018-07-25T05:35:00,2018-07-25T05:34:00,135,34
http://irail.be/vehicle/IC727,http://irail.be/stations/NMBS/008896370,IC,2018-07-25T05:40:00,2018-07-25T05:39:00,104,135
http://irail.be/vehicle/IC727,http://irail.be/stations/NMBS/008896388,IC,2018-07-25T05:45:00,2018-07-25T05:44:00,104,104
http://irail.be/vehicle/IC727,http://irail.be/stations/NMBS/008896008,IC,2018-07-25T05:58:00,2018-07-25T05:50:00,62,124
http://irail.be/vehicle/IC727,http://irail.be/stations/NMBS/008896115,IC,2018-07-25T06:02:00,2018-07-25T06:02:00,44,44
http://irail.be/vehicle/IC727,http://irail.be/stations/NMBS/008896149,IC,2018-07-25T06:08:00,2018-07-25T06:07:00,9,0
http://irail.be/vehicle/IC727,http://irail.be/stations/NMBS/008892106,IC,2018-07-25T06:15:00,2018-07-25T06:15:00,-27,-27
http://irail.be/vehicle/IC727,NO-URI,IC,2018-07-25T06:15:00,2018-07-25T06:15:00,13,13
http://irail.be/vehicle/IC727,http://irail.be/stations/NMBS/008892080,IC,2018-07-25T06:18:00,2018-07-25T06:18:00,1,1
http://irail.be/vehicle/IC727,http://irail.be/stations/NMBS/008892007,IC,2018-07-25T06:27:00,2018-07-25T06:24:00,15,-33
http://irail.be/vehicle/IC727,NO-URI,IC,2018-07-25T06:31:00,2018-07-25T06:31:00,35,35
http://irail.be/vehicle/IC727,http://irail.be/stations/NMBS/008893179,IC,2018-07-25T06:32:00,2018-07-25T06:32:00,-167,-167
http://irail.be/vehicle/IC727,http://irail.be/stations/NMBS/008893120,IC,2018-07-25T06:36:00,2018-07-25T06:35:00,44,-167
http://irail.be/vehicle/IC727,http://irail.be/stations/NMBS/008894151,IC,2018-07-25T06:43:00,2018-07-25T06:43:00,28,28
http://irail.be/vehicle/IC727,http://irail.be/stations/NMBS/008894201,IC,2018-07-25T06:50:00,2018-07-25T06:48:00,20,-19
http://irail.be/vehicle/IC727,NO-URI,IC,2018-07-25T06:52:00,2018-07-25T06:52:00,5,5
http://irail.be/vehicle/IC727,http://irail.be/stations/NMBS/008894425,IC,2018-07-25T06:54:00,2018-07-25T06:54:00,4,4
http://irail.be/vehicle/IC727,http://irail.be/stations/NMBS/008894433,IC,2018-07-25T06:55:00,2018-07-25T06:55:00,-8,-8
http://irail.be/vehicle/IC727,http://irail.be/stations/NMBS/008894508,IC,2018-07-25T07:00:00,2018-07-25T06:58:00,12,-26
http://irail.be/vehicle/IC727,NO-URI,IC,2018-07-25T07:02:00,2018-07-25T07:02:00,14,14
http://irail.be/vehicle/IC727,http://irail.be/stations/NMBS/008894714,IC,2018-07-25T07:03:00,2018-07-25T07:03:00,-3,-3
http://irail.be/vehicle/IC727,http://irail.be/stations/NMBS/008894748,IC,2018-07-25T07:06:00,2018-07-25T07:06:00,-40,-40
http://irail.be/vehicle/IC727,http://irail.be/stations/NMBS/008894755,IC,2018-07-25T07:07:00,2018-07-25T07:07:00,-49,-49
http://irail.be/vehicle/IC727,http://irail.be/stations/NMBS/008894821,IC,2018-07-25T07:08:00,2018-07-25T07:08:00,-32,-32
http://irail.be/vehicle/IC727,http://irail.be/stations/NMBS/008821196,IC,2018-07-25T07:12:00,2018-07-25T07:12:00,-72,-72
http://irail.be/vehicle/IC727,http://irail.be/stations/NMBS/008821121,IC,2018-07-25T07:19:00,2018-07-25T07:17:00,41,-74
http://irail.be/vehicle/IC727,http://irail.be/stations/NMBS/008821006,IC,2018-07-25T07:23:00,2018-07-25T07:23:00,,30
http://irail.be/vehicle/IC727,http://irail.be/stations/NMBS/008896735,IC,2018-08-10T05:08:00,2018-08-10T05:08:00,72,
http://irail.be/vehicle/IC727,http://irail.be/stations/NMBS/008896503,IC,2018-08-10T05:16:00,2018-08-10T05:15:00,74,64
http://irail.be/vehicle/IC727,http://irail.be/stations/NMBS/008896412,IC,2018-08-10T05:26:00,2018-08-10T05:25:00,40,55
http://irail.be/vehicle/IC727,http://irail.be/stations/NMBS/008896396,IC,2018-08-10T05:30:00,2018-08-10T05:29:00,40,40
http://irail.be/vehicle/IC727,http://irail.be/stations/NMBS/008896305,IC,2018-08-10T05:35:00,2018-08-10T05:34:00,33,40
http://irail.be/vehicle/IC727,http://irail.be/stations/NMBS/008896370,IC,2018-08-10T05:40:00,2018-08-10T05:39:00,-27,33
http://irail.be/vehicle/IC727,http://irail.be/stations/NMBS/008896388,IC,2018-08-10T05:45:00,2018-08-10T05:44:00,-27,-27
http://irail.be/vehicle/IC727,http://irail.be/stations/NMBS/008896008,IC,2018-08-10T05:58:00,2018-08-10T05:50:00,85,12
http://irail.be/vehicle/IC727,http://irail.be/stations/NMBS/008896115,IC,2018-08-10T06:02:00,2018-08-10T06:02:00,126,126
http://irail.be/vehicle/IC727,http://irail.be/stations/NMBS/008896149,IC,2018-08-10T06:08:00,2018-08-10T06:07:00,57,85
http://irail.be/vehicle/IC727,http://irail.be/stations/NMBS/008892106,IC,2018-08-10T06:15:00,2018-08-10T06:15:00,-6,-6
http://irail.be/vehicle/IC727,NO-URI,IC,2018-08-10T06:15:00,2018-08-10T06:15:00,28,28
http://irail.be/vehicle/IC727,http://irail.be/stations/NMBS/008892080,IC,2018-08-10T06:18:00,2018-08-10T06:18:00,5,5
http://irail.be/vehicle/IC727,http://irail.be/stations/NMBS/008892007,IC,2018-08-10T06:27:00,2018-08-10T06:24:00,-5,64
http://irail.be/vehicle/IC727,NO-URI,IC,2018-08-10T06:31:00,2018-08-10T06:31:00,82,82
http://irail.be/vehicle/IC727,http://irail.be/stations/NMBS/008893179,IC,2018-08-10T06:32:00,2018-08-10T06:32:00,-116,-116
http://irail.be/vehicle/IC727,http://irail.be/stations/NMBS/008893120,IC,2018-08-10T06:36:00,2018-08-10T06:35:00,48,-116
http://irail.be/vehicle/IC727,http://irail.be/stations/NMBS/008894151,IC,2018-08-10T06:43:00,2018-08-10T06:43:00,41,41
http://irail.be/vehicle/IC727,http://irail.be/stations/NMBS/008894201,IC,2018-08-10T06:50:00,2018-08-10T06:48:00,7,1
http://irail.be/vehicle/IC727,NO-URI,IC,2018-08-10T06:52:00,2018-08-10T06:52:00,-12,-12
http://irail.be/vehicle/IC727,http://irail.be/stations/NMBS/008894425,IC,2018-08-10T06:54:00,2018-08-10T06:54:00,-12,-12
http://irail.be/vehicle/IC727,http://irail.be/stations/NMBS/008894433,IC,2018-08-10T06:55:00,2018-08-10T06:55:00,-23,-23
http://irail.be/vehicle/IC727,http://irail.be/stations/NMBS/008894508,IC,2018-08-10T07:00:00,2018-08-10T06:58:00,-18,-38
http://irail.be/vehicle/IC727,NO-URI,IC,2018-08-10T07:02:00,2018-08-10T07:02:00,-29,-29
http://irail.be/vehicle/IC727,http://irail.be/stations/NMBS/008894714,IC,2018-08-10T07:03:00,2018-08-10T07:03:00,-48,-48
http://irail.be/vehicle/IC727,http://irail.be/stations/NMBS/008894748,IC,2018-08-10T07:06:00,2018-08-10T07:06:00,-85,-85
http://irail.be/vehicle/IC727,http://irail.be/stations/NMBS/008894755,IC,2018-08-10T07:07:00,2018-08-10T07:07:00,-9,-9
http://irail.be/vehicle/IC727,http://irail.be/stations/NMBS/008894821,IC,2018-08-10T07:08:00,2018-08-10T07:08:00,47,47
http://irail.be/vehicle/IC727,http://irail.be/stations/NMBS/008821196,IC,2018-08-10T07:12:00,2018-08-10T07:12:00,11,11
http://irail.be/vehicle/IC727,http://irail.be/stations/NMBS/008821121,IC,2018-08-10T07:19:00,2018-08-10T07:17:00,-12,32
http://irail.be/vehicle/IC727,http://irail.be/stations/NMBS/008821006,IC,2018-08-10T07:23:00,2018-08-10T07:23:00,,25
http://irail.be/vehicle/IC727,http://irail.be/stations/NMBS/008896735,IC,2018-11-27T05:08:00,2018-11-27T05:08:00,48,
http://irail.be/vehicle/IC727,http://irail.be/stations/NMBS/008896503,IC,2018-11-27T05:16:00,2018-11-27T05:15:00,49,42
http://irail.be/vehicle/IC727,http://irail.be/stations/NMBS/008896412,IC,2018-11-27T05:26:00,2018-11-27T05:25:00,32,51
http://irail.be/vehicle/IC727,http://irail.be/stations/NMBS/008896396,IC,2018-11-27T05:30:00,2018-11-27T05:29:00,32,32
http://irail.be/vehicle/IC727,http://irail.be/stations/NMBS/008896305,IC,2018-11-27T05:35:00,2018-11-27T05:34:00,71,32
http://irail.be/vehicle/IC727,http://irail.be/stations/NMBS/008896370,IC,2018-11-27T05:40:00,2018-11-27T05:39:00,11,71
http://irail.be/vehicle/IC727,http://irail.be/stations/NMBS/008896388,IC,2018-11-27T05:45:00,2018-11-27T05:44:00,11,11
http://irail.be/vehicle/IC727,http://irail.be/stations/NMBS/008896008,IC,2018-11-27T05:58:00,2018-11-27T05:50:00,198,-17
http://irail.be/vehicle/IC727,http://irail.be/stations/NMBS/008896115,IC,2018-11-27T06:02:00,2018-11-27T06:02:00,199,199
http://irail.be/vehicle/IC727,http://irail.be/stations/NMBS/008896149,IC,2018-11-27T06:08:00,2018-11-27T06:07:00,120,153
http://irail.be/vehicle/IC727,http://irail.be/stations/NMBS/008892106,IC,2018-11-27T06:15:00,2018-11-27T06:15:00,65,65
http://irail.be/vehicle/IC727,NO-URI,IC,2018-11-27T06:15:00,2018-11-27T06:15:00,103,103
http://irail.be/vehicle/IC727,http://irail.be/stations/NMBS/008892080,IC,2018-11-27T06:18:00,2018-11-27T06:18:00,81,81
http://irail.be/vehicle/IC727,http://irail.be/stations/NMBS/008892007,IC,2018-11-27T06:27:00,2018-11-27T06:24:00,2,35
http://irail.be/vehicle/IC727,NO-URI,IC,2018-11-27T06:31:00,2018-11-27T06:31:00,55,55
http://irail.be/vehicle/IC727,http://irail.be/stations/NMBS/008893179,IC,2018-11-27T06:32:00,2018-11-27T06:32:00,32,32
http://irail.be/vehicle/IC727,http://irail.be/stations/NMBS/008893120,IC,2018-11-27T06:36:00,2018-11-27T06:35:00,58,-70
http://irail.be/vehicle/IC727,http://irail.be/stations/NMBS/008894151,IC,2018-11-27T06:43:00,2018-11-27T06:43:00,22,22
http://irail.be/vehicle/IC727,http://irail.be/stations/NMBS/008894201,IC,2018-11-27T06:50:00,2018-11-27T06:48:00,1,-26
http://irail.be/vehicle/IC727,NO-URI,IC,2018-11-27T06:52:00,2018-11-27T06:52:00,-3,-3
http://irail.be/vehicle/IC727,http://irail.be/stations/NMBS/008894425,IC,2018-11-27T06:54:00,2018-11-27T06:54:00,6,6
http://irail.be/vehicle/IC727,http://irail.be/stations/NMBS/008894433,IC,2018-11-27T06:55:00,2018-11-27T06:55:00,-5,-5
http://irail.be/vehicle/IC727,http://irail.be/stations/NMBS/008894508,IC,2018-11-27T07:00:00,2018-11-27T06:58:00,11,-19
http://irail.be/vehicle/IC727,NO-URI,IC,2018-11-27T07:02:00,2018-11-27T07:02:00,17,17
http://irail.be/vehicle/IC727,http://irail.be/stations/NMBS/008894714,IC,2018-11-27T07:03:00,2018-11-27T07:03:00,6,6
http://irail.be/vehicle/IC727,http://irail.be/stations/NMBS/008894748,IC,2018-11-27T07:06:00,2018-11-27T07:06:00,-18,-18
http://irail.be/vehicle/IC727,http://irail.be/stations/NMBS/008894755,IC,2018-11-27T07:07:00,2018-11-27T07:07:00,-18,-18
http://irail.be/vehicle/IC727,http://irail.be/stations/NMBS/008894821,IC,2018-11-27T07:08:00,2018-11-27T07:08:00,4,4
http://irail.be/vehicle/IC727,http://irail.be/stations/NMBS/008821196,IC,2018-11-27T07:12:00,2018-11-27T07:12:00,-19,-19
http://irail.be/vehicle/IC727,http://irail.be/stations/NMBS/008821121,IC,2018-11-27T07:19:00,2018-11-27T07:17:00,65,-24
http://irail.be/vehicle/IC727,http://irail.be/stations/NMBS/008821006,IC,2018-11-27T07:23:00,2018-11-27T07:23:00,,96
http://irail.be/vehicle/IC727,http://irail.be/stations/NMBS/008896735,IC,2018-06-04T05:08:00,2018-06-04T05:08:00,53,
http://irail.be/vehicle/IC727,http://irail.be/stations/NMBS/008896503,IC,2018-06-04T05:16:00,2018-06-04T05:15:00,30,47
http://irail.be/vehicle/IC727,http://irail.be/stations/NMBS/008896412,IC,2018-06-04T05:26:00,2018-06-04T05:25:00,-5,-1
http://irail.be/vehicle/IC727,http://irail.be/stations/NMBS/008896396,IC,2018-06-04T05:30:00,2018-06-04T05:29:00,-5,-5
http://irail.be/vehicle/IC727,http://irail.be/stations/NMBS/008896305,IC,2018-06-04T05:35:00,2018-06-04T05:34:00,-10,-5
http://irail.be/vehicle/IC727,http://irail.be/stations/NMBS/008896370,IC,2018-06-04T05:40:00,2018-06-04T05:40:00,32,-10
http://irail.be/vehicle/IC727,http://irail.be/stations/NMBS/008896388,IC,2018-06-04T05:44:00,2018-06-04T05:44:00,32,32
http://irail.be/vehicle/IC727,http://irail.be/stations/NMBS/008896008,IC,2018-06-04T05:57:00,2018-06-04T05:50:00,36,-77
http://irail.be/vehicle/IC727,http://irail.be/stations/NMBS/008896115,IC,2018-06-04T06:01:00,2018-06-04T06:01:00,20,20
http://irail.be/vehicle/IC727,http://irail.be/stations/NMBS/008896149,IC,2018-06-04T06:06:00,2018-06-04T06:05:00,52,66
http://irail.be/vehicle/IC727,http://irail.be/stations/NMBS/008892106,IC,2018-06-04T06:15:00,2018-06-04T06:15:00,-93,-93
http://irail.be/vehicle/IC727,NO-URI,IC,2018-06-04T06:15:00,2018-06-04T06:15:00,25,25
http://irail.be/vehicle/IC727,http://irail.be/stations/NMBS/008892080,IC,2018-06-04T06:18:00,2018-06-04T06:18:00,83,83
http://irail.be/vehicle/IC727,http://irail.be/stations/NMBS/008892007,IC,2018-06-04T06:27:00,2018-06-04T06:24:00,43,118
http://irail.be/vehicle/IC727,NO-URI,IC,2018-06-04T06:31:00,2018-06-04T06:31:00,111,111
http://irail.be/vehicle/IC727,http://irail.be/stations/NMBS/008893179,IC,2018-06-04T06:32:00,2018-06-04T06:32:00,-99,-99
http://irail.be/vehicle/IC727,http://irail.be/stations/NMBS/008893120,IC,2018-06-04T06:36:00,2018-06-04T06:35:00,96,-99
http://irail.be/vehicle/IC727,http://irail.be/stations/NMBS/008894151,IC,2018-06-04T06:43:00,2018-06-04T06:43:00,201,201
http://irail.be/vehicle/IC727,http://irail.be/stations/NMBS/008894201,IC,2018-06-04T06:50:00,2018-06-04T06:48:00,84,153
http://irail.be/vehicle/IC727,NO-URI,IC,2018-06-04T06:52:00,2018-06-04T06:52:00,75,75
http://irail.be/vehicle/IC727,http://irail.be/stations/NMBS/008894425,IC,2018-06-04T06:54:00,2018-06-04T06:54:00,87,87
http://irail.be/vehicle/IC727,http://irail.be/stations/NMBS/008894433,IC,2018-06-04T06:55:00,2018-06-04T06:55:00,78,78
http://irail.be/vehicle/IC727,http://irail.be/stations/NMBS/008894508,IC,2018-06-04T07:00:00,2018-06-04T06:58:00,40,60
http://irail.be/vehicle/IC727,NO-URI,IC,2018-06-04T07:02:00,2018-06-04T07:02:00,52,52
http://irail.be/vehicle/IC727,http://irail.be/stations/NMBS/008894714,IC,2018-06-04T07:03:00,2018-06-04T07:03:00,39,39
http://irail.be/vehicle/IC727,http://irail.be/stations/NMBS/008894748,IC,2018-06-04T07:06:00,2018-06-04T07:06:00,9,9
http://irail.be/vehicle/IC727,http://irail.be/stations/NMBS/008894755,IC,2018-06-04T07:07:00,2018-06-04T07:07:00,1,1
http://irail.be/vehicle/IC727,http://irail.be/stations/NMBS/008894821,IC,2018-06-04T07:08:00,2018-06-04T07:08:00,18,18
http://irail.be/vehicle/IC727,NO-URI,IC,2018-06-04T07:09:00,2018-06-04T07:09:00,18,18
http://irail.be/vehicle/IC727,http://irail.be/stations/NMBS/008821196,IC,2018-06-04T07:12:00,2018-06-04T07:12:00,-24,-24
http://irail.be/vehicle/IC727,http://irail.be/stations/NMBS/008821121,IC,2018-06-04T07:19:00,2018-06-04T07:17:00,3,27
http://irail.be/vehicle/IC727,http://irail.be/stations/NMBS/008821006,IC,2018-06-04T07:23:00,2018-06-04T07:23:00,,3
http://irail.be/vehicle/IC727,http://irail.be/stations/NMBS/008896008,IC,2018-10-21T05:58:00,2018-10-21T05:58:00,28,
http://irail.be/vehicle/IC727,http://irail.be/stations/NMBS/008896115,IC,2018-10-21T06:02:00,2018-10-21T06:02:00,25,25
http://irail.be/vehicle/IC727,http://irail.be/stations/NMBS/008896149,IC,2018-10-21T06:08:00,2018-10-21T06:07:00,-2,-14
http://irail.be/vehicle/IC727,http://irail.be/stations/NMBS/008892106,IC,2018-10-21T06:15:00,2018-10-21T06:15:00,-39,-39
http://irail.be/vehicle/IC727,NO-URI,IC,2018-10-21T06:15:00,2018-10-21T06:15:00,3,3
http://irail.be/vehicle/IC727,http://irail.be/stations/NMBS/008892080,IC,2018-10-21T06:18:00,2018-10-21T06:18:00,-9,-9
http://irail.be/vehicle/IC727,http://irail.be/stations/NMBS/008892007,IC,2018-10-21T06:27:00,2018-10-21T06:24:00,-8,-20
http://irail.be/vehicle/IC727,NO-URI,IC,2018-10-21T06:31:00,2018-10-21T06:31:00,12,12
http://irail.be/vehicle/IC727,http://irail.be/stations/NMBS/008893179,IC,2018-10-21T06:32:00,2018-10-21T06:32:00,-102,-102
http://irail.be/vehicle/IC727,http://irail.be/stations/NMBS/008893120,IC,2018-10-21T06:36:00,2018-10-21T06:35:00,33,-102
http://irail.be/vehicle/IC727,http://irail.be/stations/NMBS/008894151,IC,2018-10-21T06:43:00,2018-10-21T06:43:00,84,84
http://irail.be/vehicle/IC727,http://irail.be/stations/NMBS/008894201,IC,2018-10-21T06:50:00,2018-10-21T06:48:00,7,50
http://irail.be/vehicle/IC727,NO-URI,IC,2018-10-21T06:52:00,2018-10-21T06:52:00,5,5
http://irail.be/vehicle/IC727,http://irail.be/stations/NMBS/008894425,IC,2018-10-21T06:54:00,2018-10-21T06:54:00,16,16
http://irail.be/vehicle/IC727,http://irail.be/stations/NMBS/008894433,IC,2018-10-21T06:55:00,2018-10-21T06:55:00,8,8
http://irail.be/vehicle/IC727,http://irail.be/stations/NMBS/008894508,IC,2018-10-21T07:00:00,2018-10-21T06:58:00,5,6
http://irail.be/vehicle/IC727,NO-URI,IC,2018-10-21T07:02:00,2018-10-21T07:02:00,-5,-5
http://irail.be/vehicle/IC727,http://irail.be/stations/NMBS/008894714,IC,2018-10-21T07:03:00,2018-10-21T07:03:00,-24,-24
http://irail.be/vehicle/IC727,http://irail.be/stations/NMBS/008894748,IC,2018-10-21T07:05:00,2018-10-21T07:05:00,13,13
http://irail.be/vehicle/IC727,http://irail.be/stations/NMBS/008894755,IC,2018-10-21T07:07:00,2018-10-21T07:07:00,-40,-40
http://irail.be/vehicle/IC727,http://irail.be/stations/NMBS/008894821,IC,2018-10-21T07:09:00,2018-10-21T07:09:00,-52,-52
http://irail.be/vehicle/IC727,http://irail.be/stations/NMBS/008821196,IC,2018-10-21T07:12:00,2018-10-21T07:12:00,-28,-28
http://irail.be/vehicle/IC727,http://irail.be/stations/NMBS/008821121,IC,2018-10-21T07:19:00,2018-10-21T07:17:00,2,-38
http://irail.be/vehicle/IC727,http://irail.be/stations/NMBS/008821006,IC,2018-10-21T07:23:00,2018-10-21T07:23:00,,-18
http://irail.be/vehicle/IC727,http://irail.be/stations/NMBS/008896735,IC,2018-10-29T05:08:00,2018-10-29T05:08:00,60,
http://irail.be/vehicle/IC727,http://irail.be/stations/NMBS/008896503,IC,2018-10-29T05:16:00,2018-10-29T05:15:00,44,51
http://irail.be/vehicle/IC727,http://irail.be/stations/NMBS/008896412,IC,2018-10-29T05:26:00,2018-10-29T05:25:00,48,22
http://irail.be/vehicle/IC727,http://irail.be/stations/NMBS/008896396,IC,2018-10-29T05:30:00,2018-10-29T05:29:00,48,48
http://irail.be/vehicle/IC727,http://irail.be/stations/NMBS/008896305,IC,2018-10-29T05:35:00,2018-10-29T05:34:00,54,48
http://irail.be/vehicle/IC727,http://irail.be/stations/NMBS/008896370,IC,2018-10-29T05:40:00,2018-10-29T05:39:00,54,54
http://irail.be/vehicle/IC727,http://irail.be/stations/NMBS/008896388,IC,2018-10-29T05:45:00,2018-10-29T05:44:00,-15,-15
http://irail.be/vehicle/IC727,http://irail.be/stations/NMBS/008896008,IC,2018-10-29T05:58:00,2018-10-29T05:50:00,42,-7
http://irail.be/vehicle/IC727,http://irail.be/stations/NMBS/008896115,IC,2018-10-29T06:02:00,2018-10-29T06:02:00,86,86
http://irail.be/vehicle/IC727,http://irail.be/stations/NMBS/008896149,IC,2018-10-29T06:08:00,2018-10-29T06:07:00,72,66
http://irail.be/vehicle/IC727,http://irail.be/stations/NMBS/008892106,IC,2018-10-29T06:15:00,2018-10-29T06:15:00,43,43
http://irail.be/vehicle/IC727,NO-URI,IC,2018-10-29T06:15:00,2018-10-29T06:15:00,141,141
http://irail.be/vehicle/IC727,http://irail.be/stations/NMBS/008892080,IC,2018-10-29T06:18:00,2018-10-29T06:18:00,168,168
http://irail.be/vehicle/IC727,http://irail.be/stations/NMBS/008892007,IC,2018-10-29T06:27:00,2018-10-29T06:24:00,229,181
http://irail.be/vehicle/IC727,NO-URI,IC,2018-10-29T06:31:00,2018-10-29T06:31:00,252,252
http://irail.be/vehicle/IC727,http://irail.be/stations/NMBS/008893179,IC,2018-10-29T06:32:00,2018-10-29T06:32:00,124,124
http://irail.be/vehicle/IC727,http://irail.be/stations/NMBS/008893120,IC,2018-10-29T06:36:00,2018-10-29T06:35:00,212,124
http://irail.be/vehicle/IC727,http://irail.be/stations/NMBS/008894151,IC,2018-10-29T06:43:00,2018-10-29T06:43:00,198,198
http://irail.be/vehicle/IC727,http://irail.be/stations/NMBS/008894201,IC,2018-10-29T06:50:00,2018-10-29T06:48:00,106,153
http://irail.be/vehicle/IC727,NO-URI,IC,2018-10-29T06:52:00,2018-10-29T06:52:00,93,93
http://irail.be/vehicle/IC727,http://irail.be/stations/NMBS/008894425,IC,2018-10-29T06:54:00,2018-10-29T06:54:00,96,96
http://irail.be/vehicle/IC727,http://irail.be/stations/NMBS/008894433,IC,2018-10-29T06:55:00,2018-10-29T06:55:00,85,85
http://irail.be/vehicle/IC727,http://irail.be/stations/NMBS/008894508,IC,2018-10-29T07:00:00,2018-10-29T06:58:00,56,75
http://irail.be/vehicle/IC727,NO-URI,IC,2018-10-29T07:02:00,2018-10-29T07:02:00,69,69
http://irail.be/vehicle/IC727,http://irail.be/stations/NMBS/008894714,IC,2018-10-29T07:03:00,2018-10-29T07:03:00,54,54
http://irail.be/vehicle/IC727,http://irail.be/stations/NMBS/008894748,IC,2018-10-29T07:06:00,2018-10-29T07:06:00,22,22
http://irail.be/vehicle/IC727,http://irail.be/stations/NMBS/008894755,IC,2018-10-29T07:07:00,2018-10-29T07:07:00,19,19
http://irail.be/vehicle/IC727,http://irail.be/stations/NMBS/008894821,IC,2018-10-29T07:08:00,2018-10-29T07:08:00,41,41
http://irail.be/vehicle/IC727,http://irail.be/stations/NMBS/008821196,IC,2018-10-29T07:12:00,2018-10-29T07:12:00,10,10
http://irail.be/vehicle/IC727,http://irail.be/stations/NMBS/008821121,IC,2018-10-29T07:19:00,2018-10-29T07:17:00,-25,12
http://irail.be/vehicle/IC727,http://irail.be/stations/NMBS/008821006,IC,2018-10-29T07:23:00,2018-10-29T07:23:00,,-59
http://irail.be/vehicle/IC727,http://irail.be/stations/NMBS/008896735,IC,2018-03-24T05:08:00,2018-03-24T05:08:00,56,
http://irail.be/vehicle/IC727,http://irail.be/stations/NMBS/008896503,IC,2018-03-24T05:16:00,2018-03-24T05:15:00,37,41
http://irail.be/vehicle/IC727,http://irail.be/stations/NMBS/008896412,IC,2018-03-24T05:26:00,2018-03-24T05:25:00,97,33
http://irail.be/vehicle/IC727,http://irail.be/stations/NMBS/008896396,IC,2018-03-24T05:30:00,2018-03-24T05:29:00,97,97
http://irail.be/vehicle/IC727,http://irail.be/stations/NMBS/008896305,IC,2018-03-24T05:35:00,2018-03-24T05:34:00,70,97
http://irail.be/vehicle/IC727,http://irail.be/stations/NMBS/008896370,IC,2018-03-24T05:40:00,2018-03-24T05:40:00,70,70
http://irail.be/vehicle/IC727,http://irail.be/stations/NMBS/008896388,IC,2018-03-24T05:44:00,2018-03-24T05:44:00,69,69
http://irail.be/vehicle/IC727,http://irail.be/stations/NMBS/008896008,IC,2018-03-24T05:57:00,2018-03-24T05:50:00,39,-12
http://irail.be/vehicle/IC727,http://irail.be/stations/NMBS/008896115,IC,2018-03-24T06:01:00,2018-03-24T06:01:00,30,30
http://irail.be/vehicle/IC727,http://irail.be/stations/NMBS/008896149,IC,2018-03-24T06:06:00,2018-03-24T06:05:00,43,45
http://irail.be/vehicle/IC727,http://irail.be/stations/NMBS/008892106,IC,2018-03-24T06:15:00,2018-03-24T06:15:00,-92,-92
http://irail.be/vehicle/IC727,NO-URI,IC,2018-03-24T06:15:00,2018-03-24T06:15:00,-73,-73
http://irail.be/vehicle/IC727,http://irail.be/stations/NMBS/008892080,IC,2018-03-24T06:18:00,2018-03-24T06:18:00,-86,-86
http://irail.be/vehicle/IC727,http://irail.be/stations/NMBS/008892007,IC,2018-03-24T06:27:00,2018-03-24T06:24:00,8,-91
http://irail.be/vehicle/IC727,NO-URI,IC,2018-03-24T06:31:00,2018-03-24T06:31:00,4,4
http://irail.be/vehicle/IC727,http://irail.be/stations/NMBS/008893179,IC,2018-03-24T06:32:00,2018-03-24T06:32:00,-206,-206
http://irail.be/vehicle/IC727,http://irail.be/stations/NMBS/008893120,IC,2018-03-24T06:36:00,2018-03-24T06:35:00,-206,-206
http://irail.be/vehicle/IC727,http://irail.be/stations/NMBS/008894151,IC,2018-03-24T06:43:00,2018-03-24T06:43:00,11,11
http://irail.be/vehicle/IC727,http://irail.be/stations/NMBS/008894201,IC,2018-03-24T06:50:00,2018-03-24T06:48:00,25,-37
http://irail.be/vehicle/IC727,NO-URI,IC,2018-03-24T06:52:00,2018-03-24T06:52:00,19,19
http://irail.be/vehicle/IC727,http://irail.be/stations/NMBS/008894425,IC,2018-03-24T06:54:00,2018-03-24T06:54:00,26,26
http://irail.be/vehicle/IC727,http://irail.be/stations/NMBS/008894433,IC,2018-03-24T06:55:00,2018-03-24T06:55:00,14,14
http://irail.be/vehicle/IC727,http://irail.be/stations/NMBS/008894508,IC,2018-03-24T07:00:00,2018-03-24T06:58:00,37,-5
http://irail.be/vehicle/IC727,NO-URI,IC,2018-03-24T07:02:00,2018-03-24T07:02:00,33,33
http://irail.be/vehicle/IC727,http://irail.be/stations/NMBS/008894714,IC,2018-03-24T07:03:00,2018-03-24T07:03:00,17,17
http://irail.be/vehicle/IC727,http://irail.be/stations/NMBS/008894748,IC,2018-03-24T07:06:00,2018-03-24T07:06:00,-18,-18
http://irail.be/vehicle/IC727,http://irail.be/stations/NMBS/008894755,IC,2018-03-24T07:07:00,2018-03-24T07:07:00,-27,-27
http://irail.be/vehicle/IC727,http://irail.be/stations/NMBS/008894821,IC,2018-03-24T07:08:00,2018-03-24T07:08:00,-5,-5
http://irail.be/vehicle/IC727,NO-URI,IC,2018-03-24T07:09:00,2018-03-24T07:09:00,-5,-5
http://irail.be/vehicle/IC727,http://irail.be/stations/NMBS/008821196,IC,2018-03-24T07:12:00,2018-03-24T07:12:00,-41,-41
http://irail.be/vehicle/IC727,http://irail.be/stations/NMBS/008821121,IC,2018-03-24T07:19:00,2018-03-24T07:17:00,-4,-118
http://irail.be/vehicle/IC727,http://irail.be/stations/NMBS/008821006,IC,2018-03-24T07:23:00,2018-03-24T07:23:00,,-39
http://irail.be/vehicle/IC727,http://irail.be/stations/NMBS/008896735,IC,2018-09-10T05:08:00,2018-09-10T05:08:00,39,
http://irail.be/vehicle/IC727,http://irail.be/stations/NMBS/008896503,IC,2018-09-10T05:16:00,2018-09-10T05:15:00,34,30
http://irail.be/vehicle/IC727,http://irail.be/stations/NMBS/008896412,IC,2018-09-10T05:26:00,2018-09-10T05:25:00,81,-14
http://irail.be/vehicle/IC727,http://irail.be/stations/NMBS/008896396,IC,2018-09-10T05:30:00,2018-09-10T05:29:00,81,81
http://irail.be/vehicle/IC727,http://irail.be/stations/NMBS/008896305,IC,2018-09-10T05:35:00,2018-09-10T05:34:00,64,81
http://irail.be/vehicle/IC727,http://irail.be/stations/NMBS/008896370,IC,2018-09-10T05:40:00,2018-09-10T05:39:00,11,64
http://irail.be/vehicle/IC727,http://irail.be/stations/NMBS/008896388,IC,2018-09-10T05:45:00,2018-09-10T05:44:00,11,11
http://irail.be/vehicle/IC727,http://irail.be/stations/NMBS/008896008,IC,2018-09-10T05:58:00,2018-09-10T05:50:00,65,-22
http://irail.be/vehicle/IC727,http://irail.be/stations/NMBS/008896115,IC,2018-09-10T06:02:00,2018-09-10T06:02:00,62,62
http://irail.be/vehicle/IC727,http://irail.be/stations/NMBS/008896149,IC,2018-09-10T06:08:00,2018-09-10T06:07:00,160,154
http://irail.be/vehicle/IC727,http://irail.be/stations/NMBS/008892106,IC,2018-09-10T06:15:00,2018-09-10T06:15:00,104,104
http://irail.be/vehicle/IC727,NO-URI,IC,2018-09-10T06:15:00,2018-09-10T06:15:00,194,194
http://irail.be/vehicle/IC727,http://irail.be/stations/NMBS/008892080,IC,2018-09-10T06:18:00,2018-09-10T06:18:00,190,190
http://irail.be/vehicle/IC727,http://irail.be/stations/NMBS/008892007,IC,2018-09-10T06:27:00,2018-09-10T06:24:00,68,178
http://irail.be/vehicle/IC727,NO-URI,IC,2018-09-10T06:31:00,2018-09-10T06:31:00,109,109
http://irail.be/vehicle/IC727,http://irail.be/stations/NMBS/008893179,IC,2018-09-10T06:32:00,2018-09-10T06:32:00,-90,-90
http://irail.be/vehicle/IC727,http://irail.be/stations/NMBS/008893120,IC,2018-09-10T06:36:00,2018-09-10T06:35:00,118,-90
http://irail.be/vehicle/IC727,http://irail.be/stations/NMBS/008894151,IC,2018-09-10T06:43:00,2018-09-10T06:43:00,94,94
http://irail.be/vehicle/IC727,http://irail.be/stations/NMBS/008894201,IC,2018-09-10T06:50:00,2018-09-10T06:48:00,7,53
http://irail.be/vehicle/IC727,NO-URI,IC,2018-09-10T06:52:00,2018-09-10T06:52:00,-6,-6
http://irail.be/vehicle/IC727,http://irail.be/stations/NMBS/008894425,IC,2018-09-10T06:54:00,2018-09-10T06:54:00,-2,-2
http://irail.be/vehicle/IC727,http://irail.be/stations/NMBS/008894433,IC,2018-09-10T06:55:00,2018-09-10T06:55:00,-15,-15
http://irail.be/vehicle/IC727,http://irail.be/stations/NMBS/008894508,IC,2018-09-10T07:00:00,2018-09-10T06:58:00,-6,-26
http://irail.be/vehicle/IC727,NO-URI,IC,2018-09-10T07:02:00,2018-09-10T07:02:00,0,0
http://irail.be/vehicle/IC727,http://irail.be/stations/NMBS/008894714,IC,2018-09-10T07:03:00,2018-09-10T07:03:00,-13,-13
http://irail.be/vehicle/IC727,http://irail.be/stations/NMBS/008894748,IC,2018-09-10T07:06:00,2018-09-10T07:06:00,-44,-44
http://irail.be/vehicle/IC727,http://irail.be/stations/NMBS/008894755,IC,2018-09-10T07:07:00,2018-09-10T07:07:00,-49,-49
http://irail.be/vehicle/IC727,http://irail.be/stations/NMBS/008894821,IC,2018-09-10T07:08:00,2018-09-10T07:08:00,-27,-27
http://irail.be/vehicle/IC727,http://irail.be/stations/NMBS/008821196,IC,2018-09-10T07:12:00,2018-09-10T07:12:00,-45,-45
http://irail.be/vehicle/IC727,http://irail.be/stations/NMBS/008821121,IC,2018-09-10T07:19:00,2018-09-10T07:17:00,-6,-49
http://irail.be/vehicle/IC727,http://irail.be/stations/NMBS/008821006,IC,2018-09-10T07:23:00,2018-09-10T07:23:00,,-9
http://irail.be/vehicle/IC727,http://irail.be/stations/NMBS/008896735,IC,2018-05-26T05:08:00,2018-05-26T05:08:00,83,
http://irail.be/vehicle/IC727,http://irail.be/stations/NMBS/008896503,IC,2018-05-26T05:16:00,2018-05-26T05:15:00,60,55
http://irail.be/vehicle/IC727,http://irail.be/stations/NMBS/008896412,IC,2018-05-26T05:26:00,2018-05-26T05:25:00,-4,36
http://irail.be/vehicle/IC727,http://irail.be/stations/NMBS/008896396,IC,2018-05-26T05:30:00,2018-05-26T05:29:00,-4,-4
http://irail.be/vehicle/IC727,http://irail.be/stations/NMBS/008896305,IC,2018-05-26T05:35:00,2018-05-26T05:34:00,4,-4
http://irail.be/vehicle/IC727,http://irail.be/stations/NMBS/008896370,IC,2018-05-26T05:40:00,2018-05-26T05:40:00,4,4
http://irail.be/vehicle/IC727,http://irail.be/stations/NMBS/008896388,IC,2018-05-26T05:44:00,2018-05-26T05:44:00,-17,-17
http://irail.be/vehicle/IC727,http://irail.be/stations/NMBS/008896008,IC,2018-05-26T05:57:00,2018-05-26T05:50:00,35,-115
http://irail.be/vehicle/IC727,http://irail.be/stations/NMBS/008896115,IC,2018-05-26T06:01:00,2018-05-26T06:01:00,-8,-8
http://irail.be/vehicle/IC727,http://irail.be/stations/NMBS/008896149,IC,2018-05-26T06:06:00,2018-05-26T06:05:00,-16,-4
http://irail.be/vehicle/IC727,http://irail.be/stations/NMBS/008892106,IC,2018-05-26T06:15:00,2018-05-26T06:15:00,-163,-163
http://irail.be/vehicle/IC727,NO-URI,IC,2018-05-26T06:15:00,2018-05-26T06:15:00,-147,-147
http://irail.be/vehicle/IC727,http://irail.be/stations/NMBS/008892080,IC,2018-05-26T06:18:00,2018-05-26T06:18:00,-169,-169
http://irail.be/vehicle/IC727,http://irail.be/stations/NMBS/008892007,IC,2018-05-26T06:27:00,2018-05-26T06:24:00,13,-188
http://irail.be/vehicle/IC727,NO-URI,IC,2018-05-26T06:31:00,2018-05-26T06:31:00,54,54
http://irail.be/vehicle/IC727,http://irail.be/stations/NMBS/008893179,IC,2018-05-26T06:32:00,2018-05-26T06:32:00,-153,-153
http://irail.be/vehicle/IC727,http://irail.be/stations/NMBS/008893120,IC,2018-05-26T06:36:00,2018-05-26T06:35:00,34,-153
http://irail.be/vehicle/IC727,http://irail.be/stations/NMBS/008894151,IC,2018-05-26T06:43:00,2018-05-26T06:43:00,103,103
http://irail.be/vehicle/IC727,http://irail.be/stations/NMBS/008894201,IC,2018-05-26T06:50:00,2018-05-26T06:48:00,9,61
http://irail.be/vehicle/IC727,NO-URI,IC,2018-05-26T06:52:00,2018-05-26T06:52:00,-2,-2
http://irail.be/vehicle/IC727,http://irail.be/stations/NMBS/008894425,IC,2018-05-26T06:54:00,2018-05-26T06:54:00,-3,-3
http://irail.be/vehicle/IC727,http://irail.be/stations/NMBS/008894433,IC,2018-05-26T06:55:00,2018-05-26T06:55:00,-13,-13
http://irail.be/vehicle/IC727,http://irail.be/stations/NMBS/008894508,IC,2018-05-26T07:00:00,2018-05-26T06:58:00,14,-31
http://irail.be/vehicle/IC727,NO-URI,IC,2018-05-26T07:02:00,2018-05-26T07:02:00,3,3
http://irail.be/vehicle/IC727,http://irail.be/stations/NMBS/008894714,IC,2018-05-26T07:03:00,2018-05-26T07:03:00,-16,-16
http://irail.be/vehicle/IC727,http://irail.be/stations/NMBS/008894748,IC,2018-05-26T07:06:00,2018-05-26T07:06:00,-53,-53
http://irail.be/vehicle/IC727,http://irail.be/stations/NMBS/008894755,IC,2018-05-26T07:07:00,2018-05-26T07:07:00,64,64
http://irail.be/vehicle/IC727,http://irail.be/stations/NMBS/008894821,IC,2018-05-26T07:08:00,2018-05-26T07:08:00,121,121
http://irail.be/vehicle/IC727,NO-URI,IC,2018-05-26T07:09:00,2018-05-26T07:09:00,121,121
http://irail.be/vehicle/IC727,http://irail.be/stations/NMBS/008821196,IC,2018-05-26T07:12:00,2018-05-26T07:12:00,91,91
http://irail.be/vehicle/IC727,http://irail.be/stations/NMBS/008821121,IC,2018-05-26T07:19:00,2018-05-26T07:17:00,15,32
http://irail.be/vehicle/IC727,http://irail.be/stations/NMBS/008821006,IC,2018-05-26T07:23:00,2018-05-26T07:23:00,,-19
http://irail.be/vehicle/IC727,http://irail.be/stations/NMBS/008896735,IC,2018-07-08T05:08:00,2018-07-08T05:08:00,49,
http://irail.be/vehicle/IC727,http://irail.be/stations/NMBS/008896503,IC,2018-07-08T05:16:00,2018-07-08T05:15:00,5,1
http://irail.be/vehicle/IC727,http://irail.be/stations/NMBS/008896412,IC,2018-07-08T05:26:00,2018-07-08T05:25:00,-19,-40
http://irail.be/vehicle/IC727,http://irail.be/stations/NMBS/008896396,IC,2018-07-08T05:30:00,2018-07-08T05:29:00,-19,-19
http://irail.be/vehicle/IC727,http://irail.be/stations/NMBS/008896305,IC,2018-07-08T05:35:00,2018-07-08T05:34:00,18,-19
http://irail.be/vehicle/IC727,http://irail.be/stations/NMBS/008896370,IC,2018-07-08T05:40:00,2018-07-08T05:39:00,18,18
http://irail.be/vehicle/IC727,http://irail.be/stations/NMBS/008896388,IC,2018-07-08T05:45:00,2018-07-08T05:44:00,-44,-44
http://irail.be/vehicle/IC727,http://irail.be/stations/NMBS/008896008,IC,2018-07-08T05:58:00,2018-07-08T05:50:00,126,53
http://irail.be/vehicle/IC727,http://irail.be/stations/NMBS/008896230,IC,2018-07-08T06:08:00,2018-07-08T06:04:44,128,128
http://irail.be/vehicle/IC727,http://irail.be/stations/NMBS/008892734,IC,2018-07-08T06:15:00,2018-07-08T06:11:38,-68,-68
http://irail.be/vehicle/IC727,http://irail.be/stations/NMBS/008892601,IC,2018-07-08T06:15:00,2018-07-08T06:20:39,-273,-273
http://irail.be/vehicle/IC727,http://irail.be/stations/NMBS/008892692,IC,2018-07-08T06:18:00,2018-07-08T06:20:31,6,6
http://irail.be/vehicle/IC727,http://irail.be/stations/NMBS/008895232,IC,2018-07-08T06:19:12,2018-07-08T06:19:12,181,181
http://irail.be/vehicle/IC727,http://irail.be/stations/NMBS/008895208,IC,2018-07-08T06:23:19,2018-07-08T06:23:19,181,181
http://irail.be/vehicle/IC727,http://irail.be/stations/NMBS/008895422,IC,2018-07-08T06:26:30,2018-07-08T06:26:30,186,186
http://irail.be/vehicle/IC727,http://irail.be/stations/NMBS/008895430,IC,2018-07-08T06:27:44,2018-07-08T06:27:44,156,156
http://irail.be/vehicle/IC727,http://irail.be/stations/NMBS/008895448,IC,2018-07-08T06:28:22,2018-07-08T06:28:22,147,147
http://irail.be/vehicle/IC727,http://irail.be/stations/NMBS/008895455,IC,2018-07-08T06:29:14,2018-07-08T06:29:14,147,147
http://irail.be/vehicle/IC727,http://irail.be/stations/NMBS/008895877,IC,2018-07-08T06:32:09,2018-07-08T06:32:09,150,150
http://irail.be/vehicle/IC727,http://irail.be/stations/NMBS/008895869,IC,2018-07-08T06:33:46,2018-07-08T06:33:46,110,110
http://irail.be/vehicle/IC727,http://irail.be/stations/NMBS/008895851,IC,2018-07-08T06:34:58,2018-07-08T06:34:58,110,110
http://irail.be/vehicle/IC727,http://irail.be/stations/NMBS/008895802,IC,2018-07-08T06:36:48,2018-07-08T06:36:48,110,110
http://irail.be/vehicle/IC727,http://irail.be/stations/NMBS/008892007,IC,2018-07-08T06:27:38,2018-07-08T06:24:00,2503,2283
http://irail.be/vehicle/IC727,NO-URI,IC,2018-07-08T06:31:00,2018-07-08T06:31:00,2562,2562
http://irail.be/vehicle/IC727,http://irail.be/stations/NMBS/008893179,IC,2018-07-08T06:32:00,2018-07-08T06:32:00,2347,2347
http://irail.be/vehicle/IC727,http://irail.be/stations/NMBS/008893120,IC,2018-07-08T06:36:00,2018-07-08T06:35:00,2520,2347
http://irail.be/vehicle/IC727,http://irail.be/stations/NMBS/008894151,IC,2018-07-08T06:43:00,2018-07-08T06:43:00,2490,2490
http://irail.be/vehicle/IC727,http://irail.be/stations/NMBS/008894201,IC,2018-07-08T06:50:00,2018-07-08T06:48:00,2374,2447
http://irail.be/vehicle/IC727,NO-URI,IC,2018-07-08T06:52:00,2018-07-08T06:52:00,2359,2359
http://irail.be/vehicle/IC727,http://irail.be/stations/NMBS/008894425,IC,2018-07-08T06:54:00,2018-07-08T06:54:00,2362,2362
http://irail.be/vehicle/IC727,http://irail.be/stations/NMBS/008894433,IC,2018-07-08T06:55:00,2018-07-08T06:55:00,2350,2350
http://irail.be/vehicle/IC727,http://irail.be/stations/NMBS/008894508,IC,2018-07-08T06:58:00,2018-07-08T06:58:00,,2378
http://irail.be/vehicle/IC727,http://irail.be/stations/NMBS/008896735,IC,2018-11-29T05:08:00,2018-11-29T05:08:00,42,
http://irail.be/vehicle/IC727,http://irail.be/stations/NMBS/008896503,IC,2018-11-29T05:16:00,2018-11-29T05:15:00,38,20
http://irail.be/vehicle/IC727,http://irail.be/stations/NMBS/008896412,IC,2018-11-29T05:26:00,2018-11-29T05:25:00,4,5
http://irail.be/vehicle/IC727,http://irail.be/stations/NMBS/008896396,IC,2018-11-29T05:30:00,2018-11-29T05:29:00,4,4
http://irail.be/vehicle/IC727,http://irail.be/stations/NMBS/008896305,IC,2018-11-29T05:35:00,2018-11-29T05:34:00,22,4
http://irail.be/vehicle/IC727,http://irail.be/stations/NMBS/008896370,IC,2018-11-29T05:40:00,2018-11-29T05:39:00,-8,22
http://irail.be/vehicle/IC727,http://irail.be/stations/NMBS/008896388,IC,2018-11-29T05:45:00,2018-11-29T05:44:00,-8,-8
http://irail.be/vehicle/IC727,http://irail.be/stations/NMBS/008896008,IC,2018-11-29T05:58:00,2018-11-29T05:50:00,18,-22
http://irail.be/vehicle/IC727,http://irail.be/stations/NMBS/008896115,IC,2018-11-29T06:02:00,2018-11-29T06:02:00,0,0
http://irail.be/vehicle/IC727,http://irail.be/stations/NMBS/008896149,IC,2018-11-29T06:08:00,2018-11-29T06:07:00,100,101
http://irail.be/vehicle/IC727,http://irail.be/stations/NMBS/008892106,IC,2018-11-29T06:15:00,2018-11-29T06:15:00,30,30
http://irail.be/vehicle/IC727,NO-URI,IC,2018-11-29T06:15:00,2018-11-29T06:15:00,109,109
http://irail.be/vehicle/IC727,http://irail.be/stations/NMBS/008892080,IC,2018-11-29T06:18:00,2018-11-29T06:18:00,103,103
http://irail.be/vehicle/IC727,http://irail.be/stations/NMBS/008892007,IC,2018-11-29T06:27:00,2018-11-29T06:24:00,12,108
http://irail.be/vehicle/IC727,NO-URI,IC,2018-11-29T06:31:00,2018-11-29T06:31:00,27,27
http://irail.be/vehicle/IC727,http://irail.be/stations/NMBS/008893179,IC,2018-11-29T06:32:00,2018-11-29T06:32:00,117,117
http://irail.be/vehicle/IC727,http://irail.be/stations/NMBS/008893120,IC,2018-11-29T06:36:00,2018-11-29T06:35:00,132,31
http://irail.be/vehicle/IC727,http://irail.be/stations/NMBS/008894151,IC,2018-11-29T06:43:00,2018-11-29T06:43:00,80,80
http://irail.be/vehicle/IC727,http://irail.be/stations/NMBS/008894201,IC,2018-11-29T06:50:00,2018-11-29T06:48:00,4,32
http://irail.be/vehicle/IC727,NO-URI,IC,2018-11-29T06:52:00,2018-11-29T06:52:00,-14,-14
http://irail.be/vehicle/IC727,http://irail.be/stations/NMBS/008894425,IC,2018-11-29T06:54:00,2018-11-29T06:54:00,-14,-14
http://irail.be/vehicle/IC727,http://irail.be/stations/NMBS/008894433,IC,2018-11-29T06:55:00,2018-11-29T06:55:00,-27,-27
http://irail.be/vehicle/IC727,http://irail.be/stations/NMBS/008894508,IC,2018-11-29T07:00:00,2018-11-29T06:58:00,-6,-39
http://irail.be/vehicle/IC727,NO-URI,IC,2018-11-29T07:02:00,2018-11-29T07:02:00,-12,-12
http://irail.be/vehicle/IC727,http://irail.be/stations/NMBS/008894714,IC,2018-11-29T07:03:00,2018-11-29T07:03:00,-29,-29
http://irail.be/vehicle/IC727,http://irail.be/stations/NMBS/008894748,IC,2018-11-29T07:06:00,2018-11-29T07:06:00,-66,-66
http://irail.be/vehicle/IC727,http://irail.be/stations/NMBS/008894755,IC,2018-11-29T07:07:00,2018-11-29T07:07:00,-74,-74
http://irail.be/vehicle/IC727,http://irail.be/stations/NMBS/008894821,IC,2018-11-29T07:08:00,2018-11-29T07:08:00,-56,-56
http://irail.be/vehicle/IC727,http://irail.be/stations/NMBS/008821196,IC,2018-11-29T07:12:00,2018-11-29T07:12:00,-80,-80
http://irail.be/vehicle/IC727,http://irail.be/stations/NMBS/008821121,IC,2018-11-29T07:19:00,2018-11-29T07:17:00,20,49
http://irail.be/vehicle/IC727,http://irail.be/stations/NMBS/008821006,IC,2018-11-29T07:23:00,2018-11-29T07:23:00,,-5
http://irail.be/vehicle/IC727,http://irail.be/stations/NMBS/008896735,IC,2018-03-01T05:08:00,2018-03-01T05:08:00,84,
http://irail.be/vehicle/IC727,http://irail.be/stations/NMBS/008896503,IC,2018-03-01T05:16:00,2018-03-01T05:15:00,60,58
http://irail.be/vehicle/IC727,http://irail.be/stations/NMBS/008896412,IC,2018-03-01T05:26:00,2018-03-01T05:25:00,57,33
http://irail.be/vehicle/IC727,http://irail.be/stations/NMBS/008896396,IC,2018-03-01T05:30:00,2018-03-01T05:29:00,57,57
http://irail.be/vehicle/IC727,http://irail.be/stations/NMBS/008896305,IC,2018-03-01T05:35:00,2018-03-01T05:34:00,14,57
http://irail.be/vehicle/IC727,http://irail.be/stations/NMBS/008896370,IC,2018-03-01T05:40:00,2018-03-01T05:40:00,23,14
http://irail.be/vehicle/IC727,http://irail.be/stations/NMBS/008896388,IC,2018-03-01T05:44:00,2018-03-01T05:44:00,23,23
http://irail.be/vehicle/IC727,http://irail.be/stations/NMBS/008896008,IC,2018-03-01T05:57:00,2018-03-01T05:50:00,40,-18
http://irail.be/vehicle/IC727,http://irail.be/stations/NMBS/008896115,IC,2018-03-01T06:01:00,2018-03-01T06:01:00,31,31
http://irail.be/vehicle/IC727,http://irail.be/stations/NMBS/008896149,IC,2018-03-01T06:06:00,2018-03-01T06:05:00,20,35
http://irail.be/vehicle/IC727,http://irail.be/stations/NMBS/008892106,IC,2018-03-01T06:15:00,2018-03-01T06:15:00,30,30
http://irail.be/vehicle/IC727,NO-URI,IC,2018-03-01T06:15:00,2018-03-01T06:15:00,92,92
http://irail.be/vehicle/IC727,http://irail.be/stations/NMBS/008892080,IC,2018-03-01T06:18:00,2018-03-01T06:18:00,85,85
http://irail.be/vehicle/IC727,http://irail.be/stations/NMBS/008892007,IC,2018-03-01T06:27:00,2018-03-01T06:24:00,90,203
http://irail.be/vehicle/IC727,NO-URI,IC,2018-03-01T06:31:00,2018-03-01T06:31:00,104,104
http://irail.be/vehicle/IC727,http://irail.be/stations/NMBS/008893179,IC,2018-03-01T06:32:00,2018-03-01T06:32:00,-104,-104
http://irail.be/vehicle/IC727,http://irail.be/stations/NMBS/008893120,IC,2018-03-01T06:36:00,2018-03-01T06:35:00,-104,-104
http://irail.be/vehicle/IC727,http://irail.be/stations/NMBS/008894151,IC,2018-03-01T06:43:00,2018-03-01T06:43:00,30,30
http://irail.be/vehicle/IC727,http://irail.be/stations/NMBS/008894201,IC,2018-03-01T06:50:00,2018-03-01T06:48:00,22,-6
http://irail.be/vehicle/IC727,NO-URI,IC,2018-03-01T06:52:00,2018-03-01T06:52:00,5,5
http://irail.be/vehicle/IC727,http://irail.be/stations/NMBS/008894425,IC,2018-03-01T06:54:00,2018-03-01T06:54:00,9,9
http://irail.be/vehicle/IC727,http://irail.be/stations/NMBS/008894433,IC,2018-03-01T06:55:00,2018-03-01T06:55:00,-1,-1
http://irail.be/vehicle/IC727,http://irail.be/stations/NMBS/008894508,IC,2018-03-01T07:00:00,2018-03-01T06:58:00,32,4
http://irail.be/vehicle/IC727,NO-URI,IC,2018-03-01T07:02:00,2018-03-01T07:02:00,39,39
http://irail.be/vehicle/IC727,http://irail.be/stations/NMBS/008894714,IC,2018-03-01T07:03:00,2018-03-01T07:03:00,25,25
http://irail.be/vehicle/IC727,http://irail.be/stations/NMBS/008894748,IC,2018-03-01T07:06:00,2018-03-01T07:06:00,-6,-6
http://irail.be/vehicle/IC727,http://irail.be/stations/NMBS/008894755,IC,2018-03-01T07:07:00,2018-03-01T07:07:00,-4,-4
http://irail.be/vehicle/IC727,http://irail.be/stations/NMBS/008894821,IC,2018-03-01T07:08:00,2018-03-01T07:08:00,27,27
http://irail.be/vehicle/IC727,NO-URI,IC,2018-03-01T07:09:00,2018-03-01T07:09:00,27,27
http://irail.be/vehicle/IC727,http://irail.be/stations/NMBS/008821196,IC,2018-03-01T07:12:00,2018-03-01T07:12:00,-14,-14
http://irail.be/vehicle/IC727,http://irail.be/stations/NMBS/008821121,IC,2018-03-01T07:19:00,2018-03-01T07:17:00,-1,-33
http://irail.be/vehicle/IC727,http://irail.be/stations/NMBS/008821006,IC,2018-03-01T07:23:00,2018-03-01T07:23:00,,-36
http://irail.be/vehicle/IC727,http://irail.be/stations/NMBS/008896735,IC,2018-08-18T05:08:00,2018-08-18T05:08:00,61,
http://irail.be/vehicle/IC727,http://irail.be/stations/NMBS/008896503,IC,2018-08-18T05:16:00,2018-08-18T05:15:00,61,41
http://irail.be/vehicle/IC727,http://irail.be/stations/NMBS/008896412,IC,2018-08-18T05:26:00,2018-08-18T05:25:00,27,36
http://irail.be/vehicle/IC727,http://irail.be/stations/NMBS/008896396,IC,2018-08-18T05:30:00,2018-08-18T05:29:00,27,27
http://irail.be/vehicle/IC727,http://irail.be/stations/NMBS/008896305,IC,2018-08-18T05:35:00,2018-08-18T05:34:00,30,27
http://irail.be/vehicle/IC727,http://irail.be/stations/NMBS/008896370,IC,2018-08-18T05:40:00,2018-08-18T05:39:00,2,30
http://irail.be/vehicle/IC727,http://irail.be/stations/NMBS/008896388,IC,2018-08-18T05:45:00,2018-08-18T05:44:00,2,2
http://irail.be/vehicle/IC727,http://irail.be/stations/NMBS/008896008,IC,2018-08-18T05:58:00,2018-08-18T05:50:00,25,-34
http://irail.be/vehicle/IC727,http://irail.be/stations/NMBS/008896115,IC,2018-08-18T06:02:00,2018-08-18T06:02:00,23,23
http://irail.be/vehicle/IC727,http://irail.be/stations/NMBS/008896149,IC,2018-08-18T06:08:00,2018-08-18T06:07:00,-9,-13
http://irail.be/vehicle/IC727,http://irail.be/stations/NMBS/008892106,IC,2018-08-18T06:15:00,2018-08-18T06:15:00,-55,-55
http://irail.be/vehicle/IC727,NO-URI,IC,2018-08-18T06:15:00,2018-08-18T06:15:00,-17,-17
http://irail.be/vehicle/IC727,http://irail.be/stations/NMBS/008892080,IC,2018-08-18T06:18:00,2018-08-18T06:18:00,-27,-27
http://irail.be/vehicle/IC727,http://irail.be/stations/NMBS/008892007,IC,2018-08-18T06:27:00,2018-08-18T06:24:00,12,-44
http://irail.be/vehicle/IC727,NO-URI,IC,2018-08-18T06:31:00,2018-08-18T06:31:00,24,24
http://irail.be/vehicle/IC727,http://irail.be/stations/NMBS/008893179,IC,2018-08-18T06:32:00,2018-08-18T06:32:00,-189,-189
http://irail.be/vehicle/IC727,http://irail.be/stations/NMBS/008893120,IC,2018-08-18T06:36:00,2018-08-18T06:35:00,24,-189
http://irail.be/vehicle/IC727,http://irail.be/stations/NMBS/008894151,IC,2018-08-18T06:43:00,2018-08-18T06:43:00,-13,-13
http://irail.be/vehicle/IC727,http://irail.be/stations/NMBS/008894201,IC,2018-08-18T06:50:00,2018-08-18T06:48:00,11,-50
http://irail.be/vehicle/IC727,NO-URI,IC,2018-08-18T06:52:00,2018-08-18T06:52:00,4,4
http://irail.be/vehicle/IC727,http://irail.be/stations/NMBS/008894425,IC,2018-08-18T06:54:00,2018-08-18T06:54:00,20,20
http://irail.be/vehicle/IC727,http://irail.be/stations/NMBS/008894433,IC,2018-08-18T06:55:00,2018-08-18T06:55:00,11,11
http://irail.be/vehicle/IC727,http://irail.be/stations/NMBS/008894508,IC,2018-08-18T07:00:00,2018-08-18T06:58:00,5,0
http://irail.be/vehicle/IC727,NO-URI,IC,2018-08-18T07:02:00,2018-08-18T07:02:00,7,7
http://irail.be/vehicle/IC727,http://irail.be/stations/NMBS/008894714,IC,2018-08-18T07:03:00,2018-08-18T07:03:00,-2,-2
http://irail.be/vehicle/IC727,http://irail.be/stations/NMBS/008894748,IC,2018-08-18T07:06:00,2018-08-18T07:06:00,-12,-12
http://irail.be/vehicle/IC727,http://irail.be/stations/NMBS/008894755,IC,2018-08-18T07:07:00,2018-08-18T07:07:00,-17,-17
http://irail.be/vehicle/IC727,http://irail.be/stations/NMBS/008894821,IC,2018-08-18T07:08:00,2018-08-18T07:08:00,4,4
http://irail.be/vehicle/IC727,http://irail.be/stations/NMBS/008821196,IC,2018-08-18T07:12:00,2018-08-18T07:12:00,-27,-27
http://irail.be/vehicle/IC727,http://irail.be/stations/NMBS/008821121,IC,2018-08-18T07:19:00,2018-08-18T07:17:00,-10,-92
http://irail.be/vehicle/IC727,http://irail.be/stations/NMBS/008821006,IC,2018-08-18T07:23:00,2018-08-18T07:23:00,,-35
http://irail.be/vehicle/IC727,http://irail.be/stations/NMBS/008896735,IC,2018-01-09T05:08:00,2018-01-09T05:08:00,107,
http://irail.be/vehicle/IC727,http://irail.be/stations/NMBS/008896503,IC,2018-01-09T05:16:00,2018-01-09T05:15:00,157,171
http://irail.be/vehicle/IC727,http://irail.be/stations/NMBS/008896412,IC,2018-01-09T05:26:00,2018-01-09T05:25:00,78,112
http://irail.be/vehicle/IC727,http://irail.be/stations/NMBS/008896396,IC,2018-01-09T05:30:00,2018-01-09T05:29:00,78,78
http://irail.be/vehicle/IC727,http://irail.be/stations/NMBS/008896305,IC,2018-01-09T05:35:00,2018-01-09T05:34:00,44,78
http://irail.be/vehicle/IC727,http://irail.be/stations/NMBS/008896370,IC,2018-01-09T05:40:00,2018-01-09T05:40:00,44,44
http://irail.be/vehicle/IC727,http://irail.be/stations/NMBS/008896388,IC,2018-01-09T05:44:00,2018-01-09T05:44:00,9,9
http://irail.be/vehicle/IC727,http://irail.be/stations/NMBS/008896008,IC,2018-01-09T05:57:00,2018-01-09T05:50:00,33,-21
http://irail.be/vehicle/IC727,http://irail.be/stations/NMBS/008896115,IC,2018-01-09T06:01:00,2018-01-09T06:01:00,44,44
http://irail.be/vehicle/IC727,http://irail.be/stations/NMBS/008896149,IC,2018-01-09T06:06:00,2018-01-09T06:05:00,129,106
http://irail.be/vehicle/IC727,http://irail.be/stations/NMBS/008892106,IC,2018-01-09T06:15:00,2018-01-09T06:15:00,-13,-13
http://irail.be/vehicle/IC727,NO-URI,IC,2018-01-09T06:15:00,2018-01-09T06:15:00,59,59
http://irail.be/vehicle/IC727,http://irail.be/stations/NMBS/008892080,IC,2018-01-09T06:18:00,2018-01-09T06:18:00,119,119
http://irail.be/vehicle/IC727,http://irail.be/stations/NMBS/008892007,IC,2018-01-09T06:27:00,2018-01-09T06:24:00,173,284
http://irail.be/vehicle/IC727,NO-URI,IC,2018-01-09T06:31:00,2018-01-09T06:31:00,198,198
http://irail.be/vehicle/IC727,http://irail.be/stations/NMBS/008893179,IC,2018-01-09T06:32:00,2018-01-09T06:32:00,-6,-6
http://irail.be/vehicle/IC727,http://irail.be/stations/NMBS/008893120,IC,2018-01-09T06:36:00,2018-01-09T06:35:00,-6,-6
http://irail.be/vehicle/IC727,http://irail.be/stations/NMBS/008894151,IC,2018-01-09T06:43:00,2018-01-09T06:43:00,126,126
http://irail.be/vehicle/IC727,http://irail.be/stations/NMBS/008894201,IC,2018-01-09T06:50:00,2018-01-09T06:48:00,20,79
http://irail.be/vehicle/IC727,NO-URI,IC,2018-01-09T06:52:00,2018-01-09T06:52:00,14,14
http://irail.be/vehicle/IC727,http://irail.be/stations/NMBS/008894425,IC,2018-01-09T06:54:00,2018-01-09T06:54:00,18,18
http://irail.be/vehicle/IC727,http://irail.be/stations/NMBS/008894433,IC,2018-01-09T06:55:00,2018-01-09T06:55:00,6,6
http://irail.be/vehicle/IC727,http://irail.be/stations/NMBS/008894508,IC,2018-01-09T07:00:00,2018-01-09T06:58:00,34,-9
http://irail.be/vehicle/IC727,NO-URI,IC,2018-01-09T07:02:00,2018-01-09T07:02:00,47,47
http://irail.be/vehicle/IC727,http://irail.be/stations/NMBS/008894714,IC,2018-01-09T07:03:00,2018-01-09T07:03:00,33,33
http://irail.be/vehicle/IC727,http://irail.be/stations/NMBS/008894748,IC,2018-01-09T07:06:00,2018-01-09T07:06:00,5,5
http://irail.be/vehicle/IC727,http://irail.be/stations/NMBS/008894755,IC,2018-01-09T07:07:00,2018-01-09T07:07:00,3,3
http://irail.be/vehicle/IC727,http://irail.be/stations/NMBS/008894821,IC,2018-01-09T07:08:00,2018-01-09T07:08:00,28,28
http://irail.be/vehicle/IC727,NO-URI,IC,2018-01-09T07:09:00,2018-01-09T07:09:00,28,28
http://irail.be/vehicle/IC727,http://irail.be/stations/NMBS/008821196,IC,2018-01-09T07:12:00,2018-01-09T07:12:00,-7,-7
http://irail.be/vehicle/IC727,http://irail.be/stations/NMBS/008821121,IC,2018-01-09T07:19:00,2018-01-09T07:17:00,3,7
http://irail.be/vehicle/IC727,http://irail.be/stations/NMBS/008821006,IC,2018-01-09T07:23:00,2018-01-09T07:23:00,,-22
http://irail.be/vehicle/IC727,http://irail.be/stations/NMBS/008896735,IC,2018-12-01T05:08:00,2018-12-01T05:08:00,89,
http://irail.be/vehicle/IC727,http://irail.be/stations/NMBS/008896503,IC,2018-12-01T05:16:00,2018-12-01T05:15:00,45,59
http://irail.be/vehicle/IC727,http://irail.be/stations/NMBS/008896412,IC,2018-12-01T05:26:00,2018-12-01T05:25:00,33,11
http://irail.be/vehicle/IC727,http://irail.be/stations/NMBS/008896396,IC,2018-12-01T05:30:00,2018-12-01T05:29:00,33,33
http://irail.be/vehicle/IC727,http://irail.be/stations/NMBS/008896305,IC,2018-12-01T05:35:00,2018-12-01T05:34:00,19,33
http://irail.be/vehicle/IC727,http://irail.be/stations/NMBS/008896370,IC,2018-12-01T05:40:00,2018-12-01T05:39:00,24,19
http://irail.be/vehicle/IC727,http://irail.be/stations/NMBS/008896388,IC,2018-12-01T05:45:00,2018-12-01T05:44:00,24,24
http://irail.be/vehicle/IC727,http://irail.be/stations/NMBS/008896008,IC,2018-12-01T05:58:00,2018-12-01T05:50:00,25,-31
http://irail.be/vehicle/IC727,http://irail.be/stations/NMBS/008896115,IC,2018-12-01T06:02:00,2018-12-01T06:02:00,23,23
http://irail.be/vehicle/IC727,http://irail.be/stations/NMBS/008896149,IC,2018-12-01T06:08:00,2018-12-01T06:07:00,-10,-20
http://irail.be/vehicle/IC727,http://irail.be/stations/NMBS/008892106,IC,2018-12-01T06:15:00,2018-12-01T06:15:00,-68,-68
http://irail.be/vehicle/IC727,NO-URI,IC,2018-12-01T06:15:00,2018-12-01T06:15:00,-24,-24
http://irail.be/vehicle/IC727,http://irail.be/stations/NMBS/008892080,IC,2018-12-01T06:18:00,2018-12-01T06:18:00,-45,-45
http://irail.be/vehicle/IC727,http://irail.be/stations/NMBS/008892007,IC,2018-12-01T06:27:00,2018-12-01T06:24:00,-2,-73
http://irail.be/vehicle/IC727,NO-URI,IC,2018-12-01T06:31:00,2018-12-01T06:31:00,25,25
http://irail.be/vehicle/IC727,http://irail.be/stations/NMBS/008893179,IC,2018-12-01T06:32:00,2018-12-01T06:32:00,4,4
http://irail.be/vehicle/IC727,http://irail.be/stations/NMBS/008893120,IC,2018-12-01T06:36:00,2018-12-01T06:35:00,21,-101
http://irail.be/vehicle/IC727,http://irail.be/stations/NMBS/008894151,IC,2018-12-01T06:43:00,2018-12-01T06:43:00,-15,-15
http://irail.be/vehicle/IC727,http://irail.be/stations/NMBS/008894201,IC,2018-12-01T06:50:00,2018-12-01T06:48:00,13,-58
http://irail.be/vehicle/IC727,NO-URI,IC,2018-12-01T06:52:00,2018-12-01T06:52:00,9,9
http://irail.be/vehicle/IC727,http://irail.be/stations/NMBS/008894425,IC,2018-12-01T06:54:00,2018-12-01T06:54:00,10,10
http://irail.be/vehicle/IC727,http://irail.be/stations/NMBS/008894433,IC,2018-12-01T06:55:00,2018-12-01T06:55:00,-2,-2
http://irail.be/vehicle/IC727,http://irail.be/stations/NMBS/008894508,IC,2018-12-01T07:03:00,2018-12-01T06:58:00,-136,-2
http://irail.be/vehicle/IC727,http://irail.be/stations/NMBS/008894672,IC,2018-12-01T07:11:00,2018-12-01T07:10:00,-87,-104
http://irail.be/vehicle/IC727,http://irail.be/stations/NMBS/008822772,IC,2018-12-01T07:15:00,2018-12-01T07:15:00,-87,-87
http://irail.be/vehicle/IC727,http://irail.be/stations/NMBS/008822715,IC,2018-12-01T07:19:00,2018-12-01T07:19:00,-150,-150
http://irail.be/vehicle/IC727,http://irail.be/stations/NMBS/008822848,IC,2018-12-01T07:22:00,2018-12-01T07:22:00,-124,-124
http://irail.be/vehicle/IC727,http://irail.be/stations/NMBS/008822814,IC,2018-12-01T07:25:00,2018-12-01T07:25:00,-121,-121
http://irail.be/vehicle/IC727,http://irail.be/stations/NMBS/008824240,IC,2018-12-01T07:28:00,2018-12-01T07:28:00,-99,-99
http://irail.be/vehicle/IC727,http://irail.be/stations/NMBS/008824232,IC,2018-12-01T07:30:00,2018-12-01T07:30:00,140,140
http://irail.be/vehicle/IC727,http://irail.be/stations/NMBS/008824224,IC,2018-12-01T07:31:00,2018-12-01T07:31:00,140,140
http://irail.be/vehicle/IC727,http://irail.be/stations/NMBS/008824158,IC,2018-12-01T07:36:00,2018-12-01T07:36:00,92,92
http://irail.be/vehicle/IC727,http://irail.be/stations/NMBS/008821196,IC,2018-12-01T07:42:00,2018-12-01T07:40:00,94,94
http://irail.be/vehicle/IC727,http://irail.be/stations/NMBS/008821121,IC,2018-12-01T07:50:00,2018-12-01T07:48:00,26,-9
http://irail.be/vehicle/IC727,http://irail.be/stations/NMBS/008821006,IC,2018-12-01T07:54:00,2018-12-01T07:54:00,,48
http://irail.be/vehicle/IC727,http://irail.be/stations/NMBS/008896735,IC,2018-02-19T05:08:00,2018-02-19T05:08:00,137,
http://irail.be/vehicle/IC727,http://irail.be/stations/NMBS/008896503,IC,2018-02-19T05:16:00,2018-02-19T05:15:00,125,123
http://irail.be/vehicle/IC727,http://irail.be/stations/NMBS/008896412,IC,2018-02-19T05:26:00,2018-02-19T05:25:00,137,113
http://irail.be/vehicle/IC727,http://irail.be/stations/NMBS/008896396,IC,2018-02-19T05:30:00,2018-02-19T05:29:00,137,137
http://irail.be/vehicle/IC727,http://irail.be/stations/NMBS/008896305,IC,2018-02-19T05:35:00,2018-02-19T05:34:00,102,137
http://irail.be/vehicle/IC727,http://irail.be/stations/NMBS/008896370,IC,2018-02-19T05:40:00,2018-02-19T05:40:00,121,102
http://irail.be/vehicle/IC727,http://irail.be/stations/NMBS/008896388,IC,2018-02-19T05:44:00,2018-02-19T05:44:00,121,121
http://irail.be/vehicle/IC727,http://irail.be/stations/NMBS/008896008,IC,2018-02-19T05:57:00,2018-02-19T05:50:00,41,41
http://irail.be/vehicle/IC727,http://irail.be/stations/NMBS/008896115,IC,2018-02-19T06:01:00,2018-02-19T06:01:00,105,105
http://irail.be/vehicle/IC727,http://irail.be/stations/NMBS/008896149,IC,2018-02-19T06:06:00,2018-02-19T06:05:00,125,134
http://irail.be/vehicle/IC727,http://irail.be/stations/NMBS/008892106,IC,2018-02-19T06:15:00,2018-02-19T06:15:00,-17,-17
http://irail.be/vehicle/IC727,NO-URI,IC,2018-02-19T06:15:00,2018-02-19T06:15:00,0,0
http://irail.be/vehicle/IC727,http://irail.be/stations/NMBS/008892080,IC,2018-02-19T06:18:00,2018-02-19T06:18:00,-23,-23
http://irail.be/vehicle/IC727,http://irail.be/stations/NMBS/008892007,IC,2018-02-19T06:27:00,2018-02-19T06:24:00,413,9
http://irail.be/vehicle/IC727,NO-URI,IC,2018-02-19T06:31:00,2018-02-19T06:31:00,444,444
http://irail.be/vehicle/IC727,http://irail.be/stations/NMBS/008893179,IC,2018-02-19T06:32:00,2018-02-19T06:32:00,235,235
http://irail.be/vehicle/IC727,http://irail.be/stations/NMBS/008893120,IC,2018-02-19T06:36:00,2018-02-19T06:35:00,235,235
http://irail.be/vehicle/IC727,http://irail.be/stations/NMBS/008894151,IC,2018-02-19T06:43:00,2018-02-19T06:43:00,365,365
http://irail.be/vehicle/IC727,http://irail.be/stations/NMBS/008894201,IC,2018-02-19T06:50:00,2018-02-19T06:48:00,275,323
http://irail.be/vehicle/IC727,NO-URI,IC,2018-02-19T06:52:00,2018-02-19T06:52:00,258,258
http://irail.be/vehicle/IC727,http://irail.be/stations/NMBS/008894425,IC,2018-02-19T06:54:00,2018-02-19T06:54:00,258,258
http://irail.be/vehicle/IC727,http://irail.be/stations/NMBS/008894433,IC,2018-02-19T06:55:00,2018-02-19T06:55:00,246,246
http://irail.be/vehicle/IC727,http://irail.be/stations/NMBS/008894508,IC,2018-02-19T07:00:00,2018-02-19T06:58:00,246,228
http://irail.be/vehicle/IC727,NO-URI,IC,2018-02-19T07:02:00,2018-02-19T07:02:00,238,238
http://irail.be/vehicle/IC727,http://irail.be/stations/NMBS/008894714,IC,2018-02-19T07:03:00,2018-02-19T07:03:00,220,220
http://irail.be/vehicle/IC727,http://irail.be/stations/NMBS/008894748,IC,2018-02-19T07:06:00,2018-02-19T07:06:00,183,183
http://irail.be/vehicle/IC727,http://irail.be/stations/NMBS/008894755,IC,2018-02-19T07:07:00,2018-02-19T07:07:00,174,174
http://irail.be/vehicle/IC727,http://irail.be/stations/NMBS/008894821,IC,2018-02-19T07:08:00,2018-02-19T07:08:00,192,192
http://irail.be/vehicle/IC727,NO-URI,IC,2018-02-19T07:09:00,2018-02-19T07:09:00,192,192
http://irail.be/vehicle/IC727,http://irail.be/stations/NMBS/008821196,IC,2018-02-19T07:12:00,2018-02-19T07:12:00,176,176
http://irail.be/vehicle/IC727,http://irail.be/stations/NMBS/008821121,IC,2018-02-19T07:19:00,2018-02-19T07:17:00,273,300
http://irail.be/vehicle/IC727,http://irail.be/stations/NMBS/008821006,IC,2018-02-19T07:23:00,2018-02-19T07:23:00,,237
http://irail.be/vehicle/IC727,http://irail.be/stations/NMBS/008896735,IC,2018-03-10T05:08:00,2018-03-10T05:08:00,42,
http://irail.be/vehicle/IC727,http://irail.be/stations/NMBS/008896503,IC,2018-03-10T05:16:00,2018-03-10T05:15:00,-6,7
http://irail.be/vehicle/IC727,http://irail.be/stations/NMBS/008896412,IC,2018-03-10T05:26:00,2018-03-10T05:25:00,-62,-44
http://irail.be/vehicle/IC727,http://irail.be/stations/NMBS/008896396,IC,2018-03-10T05:30:00,2018-03-10T05:29:00,-62,-62
http://irail.be/vehicle/IC727,http://irail.be/stations/NMBS/008896305,IC,2018-03-10T05:35:00,2018-03-10T05:34:00,-60,-62
http://irail.be/vehicle/IC727,http://irail.be/stations/NMBS/008896370,IC,2018-03-10T05:40:00,2018-03-10T05:40:00,-27,-60
http://irail.be/vehicle/IC727,http://irail.be/stations/NMBS/008896388,IC,2018-03-10T05:44:00,2018-03-10T05:44:00,-27,-27
http://irail.be/vehicle/IC727,http://irail.be/stations/NMBS/008896008,IC,2018-03-10T05:57:00,2018-03-10T05:50:00,50,-113
http://irail.be/vehicle/IC727,http://irail.be/stations/NMBS/008896115,IC,2018-03-10T06:01:00,2018-03-10T06:01:00,49,49
http://irail.be/vehicle/IC727,http://irail.be/stations/NMBS/008896149,IC,2018-03-10T06:06:00,2018-03-10T06:05:00,46,56
http://irail.be/vehicle/IC727,http://irail.be/stations/NMBS/008892106,IC,2018-03-10T06:15:00,2018-03-10T06:15:00,-82,-82
http://irail.be/vehicle/IC727,NO-URI,IC,2018-03-10T06:15:00,2018-03-10T06:15:00,-63,-63
http://irail.be/vehicle/IC727,http://irail.be/stations/NMBS/008892080,IC,2018-03-10T06:18:00,2018-03-10T06:18:00,-75,-75
http://irail.be/vehicle/IC727,http://irail.be/stations/NMBS/008892007,IC,2018-03-10T06:27:00,2018-03-10T06:24:00,19,-42
http://irail.be/vehicle/IC727,NO-URI,IC,2018-03-10T06:31:00,2018-03-10T06:31:00,56,56
http://irail.be/vehicle/IC727,http://irail.be/stations/NMBS/008893179,IC,2018-03-10T06:32:00,2018-03-10T06:32:00,-132,-132
http://irail.be/vehicle/IC727,http://irail.be/stations/NMBS/008893120,IC,2018-03-10T06:36:00,2018-03-10T06:35:00,-132,-132
http://irail.be/vehicle/IC727,http://irail.be/stations/NMBS/008894151,IC,2018-03-10T06:43:00,2018-03-10T06:43:00,42,42
http://irail.be/vehicle/IC727,http://irail.be/stations/NMBS/008894201,IC,2018-03-10T06:50:00,2018-03-10T06:48:00,8,8
http://irail.be/vehicle/IC727,NO-URI,IC,2018-03-10T06:52:00,2018-03-10T06:52:00,6,6
http://irail.be/vehicle/IC727,http://irail.be/stations/NMBS/008894425,IC,2018-03-10T06:54:00,2018-03-10T06:54:00,19,19
http://irail.be/vehicle/IC727,http://irail.be/stations/NMBS/008894433,IC,2018-03-10T06:55:00,2018-03-10T06:55:00,8,8
http://irail.be/vehicle/IC727,http://irail.be/stations/NMBS/008894508,IC,2018-03-10T07:00:00,2018-03-10T06:58:00,12,14
http://irail.be/vehicle/IC727,NO-URI,IC,2018-03-10T07:02:00,2018-03-10T07:02:00,11,11
http://irail.be/vehicle/IC727,http://irail.be/stations/NMBS/008894714,IC,2018-03-10T07:03:00,2018-03-10T07:03:00,-3,-3
http://irail.be/vehicle/IC727,http://irail.be/stations/NMBS/008894748,IC,2018-03-10T07:06:00,2018-03-10T07:06:00,-20,-20
http://irail.be/vehicle/IC727,http://irail.be/stations/NMBS/008894755,IC,2018-03-10T07:07:00,2018-03-10T07:07:00,-22,-22
http://irail.be/vehicle/IC727,http://irail.be/stations/NMBS/008894821,IC,2018-03-10T07:08:00,2018-03-10T07:08:00,7,7
http://irail.be/vehicle/IC727,NO-URI,IC,2018-03-10T07:09:00,2018-03-10T07:09:00,7,7
http://irail.be/vehicle/IC727,http://irail.be/stations/NMBS/008821196,IC,2018-03-10T07:12:00,2018-03-10T07:12:00,-27,-27
http://irail.be/vehicle/IC727,http://irail.be/stations/NMBS/008821121,IC,2018-03-10T07:19:00,2018-03-10T07:17:00,-2,-72
http://irail.be/vehicle/IC727,http://irail.be/stations/NMBS/008821006,IC,2018-03-10T07:23:00,2018-03-10T07:23:00,,-23
http://irail.be/vehicle/IC727,http://irail.be/stations/NMBS/008896735,IC,2018-11-22T05:08:00,2018-11-22T05:08:00,51,
http://irail.be/vehicle/IC727,http://irail.be/stations/NMBS/008896503,IC,2018-11-22T05:16:00,2018-11-22T05:15:00,89,90
http://irail.be/vehicle/IC727,http://irail.be/stations/NMBS/008896412,IC,2018-11-22T05:26:00,2018-11-22T05:25:00,58,54
http://irail.be/vehicle/IC727,http://irail.be/stations/NMBS/008896396,IC,2018-11-22T05:30:00,2018-11-22T05:29:00,58,58
http://irail.be/vehicle/IC727,http://irail.be/stations/NMBS/008896305,IC,2018-11-22T05:35:00,2018-11-22T05:34:00,34,58
http://irail.be/vehicle/IC727,http://irail.be/stations/NMBS/008896370,IC,2018-11-22T05:40:00,2018-11-22T05:39:00,11,34
http://irail.be/vehicle/IC727,http://irail.be/stations/NMBS/008896388,IC,2018-11-22T05:45:00,2018-11-22T05:44:00,11,11
http://irail.be/vehicle/IC727,http://irail.be/stations/NMBS/008896008,IC,2018-11-22T05:58:00,2018-11-22T05:50:00,35,-27
http://irail.be/vehicle/IC727,http://irail.be/stations/NMBS/008896115,IC,2018-11-22T06:02:00,2018-11-22T06:02:00,83,83
http://irail.be/vehicle/IC727,http://irail.be/stations/NMBS/008896149,IC,2018-11-22T06:08:00,2018-11-22T06:07:00,56,50
http://irail.be/vehicle/IC727,http://irail.be/stations/NMBS/008892106,IC,2018-11-22T06:15:00,2018-11-22T06:15:00,26,26
http://irail.be/vehicle/IC727,NO-URI,IC,2018-11-22T06:15:00,2018-11-22T06:15:00,246,246
http://irail.be/vehicle/IC727,http://irail.be/stations/NMBS/008892080,IC,2018-11-22T06:18:00,2018-11-22T06:18:00,254,254
http://irail.be/vehicle/IC727,http://irail.be/stations/NMBS/008892007,IC,2018-11-22T06:27:00,2018-11-22T06:24:00,120,231
http://irail.be/vehicle/IC727,NO-URI,IC,2018-11-22T06:31:00,2018-11-22T06:31:00,133,133
http://irail.be/vehicle/IC727,http://irail.be/stations/NMBS/008893179,IC,2018-11-22T06:32:00,2018-11-22T06:32:00,112,112
http://irail.be/vehicle/IC727,http://irail.be/stations/NMBS/008893120,IC,2018-11-22T06:36:00,2018-11-22T06:35:00,145,7
http://irail.be/vehicle/IC727,http://irail.be/stations/NMBS/008894151,IC,2018-11-22T06:43:00,2018-11-22T06:43:00,122,122
http://irail.be/vehicle/IC727,http://irail.be/stations/NMBS/008894201,IC,2018-11-22T06:50:00,2018-11-22T06:48:00,59,82
http://irail.be/vehicle/IC727,NO-URI,IC,2018-11-22T06:52:00,2018-11-22T06:52:00,52,52
http://irail.be/vehicle/IC727,http://irail.be/stations/NMBS/008894425,IC,2018-11-22T06:54:00,2018-11-22T06:54:00,60,60
http://irail.be/vehicle/IC727,http://irail.be/stations/NMBS/008894433,IC,2018-11-22T06:55:00,2018-11-22T06:55:00,50,50
http://irail.be/vehicle/IC727,http://irail.be/stations/NMBS/008894508,IC,2018-11-22T07:00:00,2018-11-22T06:58:00,48,42
http://irail.be/vehicle/IC727,NO-URI,IC,2018-11-22T07:02:00,2018-11-22T07:02:00,38,38
http://irail.be/vehicle/IC727,http://irail.be/stations/NMBS/008894714,IC,2018-11-22T07:03:00,2018-11-22T07:03:00,20,20
http://irail.be/vehicle/IC727,http://irail.be/stations/NMBS/008894748,IC,2018-11-22T07:06:00,2018-11-22T07:06:00,-10,-10
http://irail.be/vehicle/IC727,http://irail.be/stations/NMBS/008894755,IC,2018-11-22T07:07:00,2018-11-22T07:07:00,-15,-15
http://irail.be/vehicle/IC727,http://irail.be/stations/NMBS/008894821,IC,2018-11-22T07:08:00,2018-11-22T07:08:00,4,4
http://irail.be/vehicle/IC727,http://irail.be/stations/NMBS/008821196,IC,2018-11-22T07:12:00,2018-11-22T07:12:00,-12,-12
http://irail.be/vehicle/IC727,http://irail.be/stations/NMBS/008821121,IC,2018-11-22T07:19:00,2018-11-22T07:17:00,73,-10
http://irail.be/vehicle/IC727,http://irail.be/stations/NMBS/008821006,IC,2018-11-22T07:23:00,2018-11-22T07:23:00,,94
http://irail.be/vehicle/IC727,http://irail.be/stations/NMBS/008896735,IC,2018-11-21T05:08:00,2018-11-21T05:08:00,97,
http://irail.be/vehicle/IC727,http://irail.be/stations/NMBS/008896503,IC,2018-11-21T05:16:00,2018-11-21T05:15:00,55,59
http://irail.be/vehicle/IC727,http://irail.be/stations/NMBS/008896412,IC,2018-11-21T05:26:00,2018-11-21T05:25:00,-33,4
http://irail.be/vehicle/IC727,http://irail.be/stations/NMBS/008896396,IC,2018-11-21T05:30:00,2018-11-21T05:29:00,-33,-33
http://irail.be/vehicle/IC727,http://irail.be/stations/NMBS/008896305,IC,2018-11-21T05:35:00,2018-11-21T05:34:00,-26,-33
http://irail.be/vehicle/IC727,http://irail.be/stations/NMBS/008896370,IC,2018-11-21T05:40:00,2018-11-21T05:39:00,-56,-26
http://irail.be/vehicle/IC727,http://irail.be/stations/NMBS/008896388,IC,2018-11-21T05:45:00,2018-11-21T05:44:00,-56,-56
http://irail.be/vehicle/IC727,http://irail.be/stations/NMBS/008896008,IC,2018-11-21T05:58:00,2018-11-21T05:50:00,355,-96
http://irail.be/vehicle/IC727,http://irail.be/stations/NMBS/008896115,IC,2018-11-21T06:02:00,2018-11-21T06:02:00,368,368
http://irail.be/vehicle/IC727,http://irail.be/stations/NMBS/008896149,IC,2018-11-21T06:08:00,2018-11-21T06:07:00,305,326
http://irail.be/vehicle/IC727,http://irail.be/stations/NMBS/008892106,IC,2018-11-21T06:15:00,2018-11-21T06:15:00,250,250
http://irail.be/vehicle/IC727,NO-URI,IC,2018-11-21T06:15:00,2018-11-21T06:15:00,283,283
http://irail.be/vehicle/IC727,http://irail.be/stations/NMBS/008892080,IC,2018-11-21T06:18:00,2018-11-21T06:18:00,256,256
http://irail.be/vehicle/IC727,http://irail.be/stations/NMBS/008892007,IC,2018-11-21T06:27:00,2018-11-21T06:24:00,179,292
http://irail.be/vehicle/IC727,NO-URI,IC,2018-11-21T06:31:00,2018-11-21T06:31:00,191,191
http://irail.be/vehicle/IC727,http://irail.be/stations/NMBS/008893179,IC,2018-11-21T06:32:00,2018-11-21T06:32:00,168,168
http://irail.be/vehicle/IC727,http://irail.be/stations/NMBS/008893120,IC,2018-11-21T06:36:00,2018-11-21T06:35:00,160,64
http://irail.be/vehicle/IC727,http://irail.be/stations/NMBS/008894151,IC,2018-11-21T06:43:00,2018-11-21T06:43:00,135,135
http://irail.be/vehicle/IC727,http://irail.be/stations/NMBS/008894201,IC,2018-11-21T06:50:00,2018-11-21T06:48:00,49,91
http://irail.be/vehicle/IC727,NO-URI,IC,2018-11-21T06:52:00,2018-11-21T06:52:00,32,32
http://irail.be/vehicle/IC727,http://irail.be/stations/NMBS/008894425,IC,2018-11-21T06:54:00,2018-11-21T06:54:00,38,38
http://irail.be/vehicle/IC727,http://irail.be/stations/NMBS/008894433,IC,2018-11-21T06:55:00,2018-11-21T06:55:00,26,26
http://irail.be/vehicle/IC727,http://irail.be/stations/NMBS/008894508,IC,2018-11-21T07:00:00,2018-11-21T06:58:00,4,15
http://irail.be/vehicle/IC727,NO-URI,IC,2018-11-21T07:02:00,2018-11-21T07:02:00,-2,-2
http://irail.be/vehicle/IC727,http://irail.be/stations/NMBS/008894714,IC,2018-11-21T07:03:00,2018-11-21T07:03:00,-17,-17
http://irail.be/vehicle/IC727,http://irail.be/stations/NMBS/008894748,IC,2018-11-21T07:06:00,2018-11-21T07:06:00,-49,-49
http://irail.be/vehicle/IC727,http://irail.be/stations/NMBS/008894755,IC,2018-11-21T07:07:00,2018-11-21T07:07:00,-55,-55
http://irail.be/vehicle/IC727,http://irail.be/stations/NMBS/008894821,IC,2018-11-21T07:08:00,2018-11-21T07:08:00,-34,-34
http://irail.be/vehicle/IC727,http://irail.be/stations/NMBS/008821196,IC,2018-11-21T07:12:00,2018-11-21T07:12:00,-60,-60
http://irail.be/vehicle/IC727,http://irail.be/stations/NMBS/008821121,IC,2018-11-21T07:19:00,2018-11-21T07:17:00,163,-78
http://irail.be/vehicle/IC727,http://irail.be/stations/NMBS/008821006,IC,2018-11-21T07:23:00,2018-11-21T07:23:00,,181
http://irail.be/vehicle/IC727,http://irail.be/stations/NMBS/008896735,IC,2018-10-03T05:08:00,2018-10-03T05:08:00,50,
http://irail.be/vehicle/IC727,http://irail.be/stations/NMBS/008896503,IC,2018-10-03T05:16:00,2018-10-03T05:15:00,3,2
http://irail.be/vehicle/IC727,http://irail.be/stations/NMBS/008896412,IC,2018-10-03T05:26:00,2018-10-03T05:25:00,-5,-42
http://irail.be/vehicle/IC727,http://irail.be/stations/NMBS/008896396,IC,2018-10-03T05:30:00,2018-10-03T05:29:00,-5,-5
http://irail.be/vehicle/IC727,http://irail.be/stations/NMBS/008896305,IC,2018-10-03T05:35:00,2018-10-03T05:34:00,-7,-5
http://irail.be/vehicle/IC727,http://irail.be/stations/NMBS/008896370,IC,2018-10-03T05:40:00,2018-10-03T05:39:00,-22,-7
http://irail.be/vehicle/IC727,http://irail.be/stations/NMBS/008896388,IC,2018-10-03T05:45:00,2018-10-03T05:44:00,-22,-22
http://irail.be/vehicle/IC727,http://irail.be/stations/NMBS/008896008,IC,2018-10-03T05:58:00,2018-10-03T05:50:00,90,-60
http://irail.be/vehicle/IC727,http://irail.be/stations/NMBS/008896115,IC,2018-10-03T06:02:00,2018-10-03T06:02:00,136,136
http://irail.be/vehicle/IC727,http://irail.be/stations/NMBS/008896149,IC,2018-10-03T06:08:00,2018-10-03T06:07:00,89,98
http://irail.be/vehicle/IC727,http://irail.be/stations/NMBS/008892106,IC,2018-10-03T06:15:00,2018-10-03T06:15:00,50,50
http://irail.be/vehicle/IC727,NO-URI,IC,2018-10-03T06:15:00,2018-10-03T06:15:00,140,140
http://irail.be/vehicle/IC727,http://irail.be/stations/NMBS/008892080,IC,2018-10-03T06:18:00,2018-10-03T06:18:00,158,158
http://irail.be/vehicle/IC727,http://irail.be/stations/NMBS/008892007,IC,2018-10-03T06:27:00,2018-10-03T06:24:00,32,139
http://irail.be/vehicle/IC727,NO-URI,IC,2018-10-03T06:31:00,2018-10-03T06:31:00,54,54
http://irail.be/vehicle/IC727,http://irail.be/stations/NMBS/008893179,IC,2018-10-03T06:32:00,2018-10-03T06:32:00,-127,-127
http://irail.be/vehicle/IC727,http://irail.be/stations/NMBS/008893120,IC,2018-10-03T06:36:00,2018-10-03T06:35:00,58,-127
http://irail.be/vehicle/IC727,http://irail.be/stations/NMBS/008894151,IC,2018-10-03T06:43:00,2018-10-03T06:43:00,12,12
http://irail.be/vehicle/IC727,http://irail.be/stations/NMBS/008894201,IC,2018-10-03T06:50:00,2018-10-03T06:48:00,-51,-15
http://irail.be/vehicle/IC727,NO-URI,IC,2018-10-03T06:52:00,2018-10-03T06:52:00,-67,-67
http://irail.be/vehicle/IC727,http://irail.be/stations/NMBS/008894425,IC,2018-10-03T06:54:00,2018-10-03T06:54:00,-66,-66
http://irail.be/vehicle/IC727,http://irail.be/stations/NMBS/008894433,IC,2018-10-03T06:55:00,2018-10-03T06:55:00,-70,-70
http://irail.be/vehicle/IC727,http://irail.be/stations/NMBS/008894508,IC,2018-10-03T07:00:00,2018-10-03T06:58:00,-5,-58
http://irail.be/vehicle/IC727,NO-URI,IC,2018-10-03T07:02:00,2018-10-03T07:02:00,-10,-10
http://irail.be/vehicle/IC727,http://irail.be/stations/NMBS/008894714,IC,2018-10-03T07:03:00,2018-10-03T07:03:00,-29,-29
http://irail.be/vehicle/IC727,http://irail.be/stations/NMBS/008894748,IC,2018-10-03T07:06:00,2018-10-03T07:06:00,-66,-66
http://irail.be/vehicle/IC727,http://irail.be/stations/NMBS/008894755,IC,2018-10-03T07:07:00,2018-10-03T07:07:00,-69,-69
http://irail.be/vehicle/IC727,http://irail.be/stations/NMBS/008894821,IC,2018-10-03T07:08:00,2018-10-03T07:08:00,-36,-36
http://irail.be/vehicle/IC727,http://irail.be/stations/NMBS/008821196,IC,2018-10-03T07:12:00,2018-10-03T07:12:00,-44,-44
http://irail.be/vehicle/IC727,http://irail.be/stations/NMBS/008821121,IC,2018-10-03T07:19:00,2018-10-03T07:17:00,-1,-23
http://irail.be/vehicle/IC727,http://irail.be/stations/NMBS/008821006,IC,2018-10-03T07:23:00,2018-10-03T07:23:00,,8
http://irail.be/vehicle/IC727,http://irail.be/stations/NMBS/008896735,IC,2018-07-29T05:08:00,2018-07-29T05:08:00,49,
http://irail.be/vehicle/IC727,http://irail.be/stations/NMBS/008896503,IC,2018-07-29T05:16:00,2018-07-29T05:15:00,4,1
http://irail.be/vehicle/IC727,http://irail.be/stations/NMBS/008896412,IC,2018-07-29T05:26:00,2018-07-29T05:25:00,-15,-31
http://irail.be/vehicle/IC727,http://irail.be/stations/NMBS/008896396,IC,2018-07-29T05:30:00,2018-07-29T05:29:00,-15,-15
http://irail.be/vehicle/IC727,http://irail.be/stations/NMBS/008896305,IC,2018-07-29T05:35:00,2018-07-29T05:34:00,-10,-15
http://irail.be/vehicle/IC727,http://irail.be/stations/NMBS/008896370,IC,2018-07-29T05:40:00,2018-07-29T05:39:00,-15,-10
http://irail.be/vehicle/IC727,http://irail.be/stations/NMBS/008896388,IC,2018-07-29T05:45:00,2018-07-29T05:44:00,-15,-15
http://irail.be/vehicle/IC727,http://irail.be/stations/NMBS/008896008,IC,2018-07-29T05:58:00,2018-07-29T05:50:00,36,-61
http://irail.be/vehicle/IC727,http://irail.be/stations/NMBS/008896115,IC,2018-07-29T06:02:00,2018-07-29T06:02:00,17,17
http://irail.be/vehicle/IC727,http://irail.be/stations/NMBS/008896149,IC,2018-07-29T06:08:00,2018-07-29T06:07:00,2,-27
http://irail.be/vehicle/IC727,http://irail.be/stations/NMBS/008892106,IC,2018-07-29T06:15:00,2018-07-29T06:15:00,-54,-54
http://irail.be/vehicle/IC727,NO-URI,IC,2018-07-29T06:15:00,2018-07-29T06:15:00,-21,-21
http://irail.be/vehicle/IC727,http://irail.be/stations/NMBS/008892080,IC,2018-07-29T06:18:00,2018-07-29T06:18:00,-47,-47
http://irail.be/vehicle/IC727,http://irail.be/stations/NMBS/008892007,IC,2018-07-29T06:27:00,2018-07-29T06:24:00,15,-58
http://irail.be/vehicle/IC727,NO-URI,IC,2018-07-29T06:31:00,2018-07-29T06:31:00,27,27
http://irail.be/vehicle/IC727,http://irail.be/stations/NMBS/008893179,IC,2018-07-29T06:32:00,2018-07-29T06:32:00,-184,-184
http://irail.be/vehicle/IC727,http://irail.be/stations/NMBS/008893120,IC,2018-07-29T06:36:00,2018-07-29T06:35:00,18,-184
http://irail.be/vehicle/IC727,http://irail.be/stations/NMBS/008894151,IC,2018-07-29T06:43:00,2018-07-29T06:43:00,-21,-21
http://irail.be/vehicle/IC727,http://irail.be/stations/NMBS/008894201,IC,2018-07-29T06:50:00,2018-07-29T06:48:00,2,-66
http://irail.be/vehicle/IC727,NO-URI,IC,2018-07-29T06:52:00,2018-07-29T06:52:00,-9,-9
http://irail.be/vehicle/IC727,http://irail.be/stations/NMBS/008894425,IC,2018-07-29T06:54:00,2018-07-29T06:54:00,-2,-2
http://irail.be/vehicle/IC727,http://irail.be/stations/NMBS/008894433,IC,2018-07-29T06:55:00,2018-07-29T06:55:00,-13,-13
http://irail.be/vehicle/IC727,http://irail.be/stations/NMBS/008894508,IC,2018-07-29T07:00:00,2018-07-29T06:58:00,42,-25
http://irail.be/vehicle/IC727,NO-URI,IC,2018-07-29T07:02:00,2018-07-29T07:02:00,32,32
http://irail.be/vehicle/IC727,http://irail.be/stations/NMBS/008894714,IC,2018-07-29T07:03:00,2018-07-29T07:03:00,14,14
http://irail.be/vehicle/IC727,http://irail.be/stations/NMBS/008894748,IC,2018-07-29T07:06:00,2018-07-29T07:06:00,-8,-8
http://irail.be/vehicle/IC727,http://irail.be/stations/NMBS/008894755,IC,2018-07-29T07:07:00,2018-07-29T07:07:00,-15,-15
http://irail.be/vehicle/IC727,http://irail.be/stations/NMBS/008894821,IC,2018-07-29T07:08:00,2018-07-29T07:08:00,3,3
http://irail.be/vehicle/IC727,http://irail.be/stations/NMBS/008821196,IC,2018-07-29T07:12:00,2018-07-29T07:12:00,-25,-25
http://irail.be/vehicle/IC727,http://irail.be/stations/NMBS/008821121,IC,2018-07-29T07:19:00,2018-07-29T07:17:00,-10,-77
http://irail.be/vehicle/IC727,http://irail.be/stations/NMBS/008821006,IC,2018-07-29T07:23:00,2018-07-29T07:23:00,,-37
http://irail.be/vehicle/IC727,http://irail.be/stations/NMBS/008896735,IC,2018-03-18T05:08:00,2018-03-18T05:08:00,52,
http://irail.be/vehicle/IC727,http://irail.be/stations/NMBS/008896503,IC,2018-03-18T05:16:00,2018-03-18T05:15:00,25,8
http://irail.be/vehicle/IC727,http://irail.be/stations/NMBS/008896412,IC,2018-03-18T05:26:00,2018-03-18T05:25:00,-9,-23
http://irail.be/vehicle/IC727,http://irail.be/stations/NMBS/008896396,IC,2018-03-18T05:30:00,2018-03-18T05:29:00,-9,-9
http://irail.be/vehicle/IC727,http://irail.be/stations/NMBS/008896305,IC,2018-03-18T05:35:00,2018-03-18T05:34:00,-18,-9
http://irail.be/vehicle/IC727,http://irail.be/stations/NMBS/008896370,IC,2018-03-18T05:40:00,2018-03-18T05:40:00,-7,-18
http://irail.be/vehicle/IC727,http://irail.be/stations/NMBS/008896388,IC,2018-03-18T05:44:00,2018-03-18T05:44:00,-7,-7
http://irail.be/vehicle/IC727,http://irail.be/stations/NMBS/008896008,IC,2018-03-18T05:57:00,2018-03-18T05:50:00,46,-47
http://irail.be/vehicle/IC727,http://irail.be/stations/NMBS/008896115,IC,2018-03-18T06:01:00,2018-03-18T06:01:00,27,27
http://irail.be/vehicle/IC727,http://irail.be/stations/NMBS/008896149,IC,2018-03-18T06:06:00,2018-03-18T06:05:00,53,22
http://irail.be/vehicle/IC727,http://irail.be/stations/NMBS/008892106,IC,2018-03-18T06:15:00,2018-03-18T06:15:00,-66,-66
http://irail.be/vehicle/IC727,NO-URI,IC,2018-03-18T06:15:00,2018-03-18T06:15:00,-50,-50
http://irail.be/vehicle/IC727,http://irail.be/stations/NMBS/008892080,IC,2018-03-18T06:18:00,2018-03-18T06:18:00,-74,-74
http://irail.be/vehicle/IC727,http://irail.be/stations/NMBS/008892007,IC,2018-03-18T06:27:00,2018-03-18T06:24:00,17,21
http://irail.be/vehicle/IC727,NO-URI,IC,2018-03-18T06:31:00,2018-03-18T06:31:00,43,43
http://irail.be/vehicle/IC727,http://irail.be/stations/NMBS/008893179,IC,2018-03-18T06:32:00,2018-03-18T06:32:00,-161,-161
http://irail.be/vehicle/IC727,http://irail.be/stations/NMBS/008893120,IC,2018-03-18T06:36:00,2018-03-18T06:35:00,-161,-161
http://irail.be/vehicle/IC727,http://irail.be/stations/NMBS/008894151,IC,2018-03-18T06:43:00,2018-03-18T06:43:00,51,51
http://irail.be/vehicle/IC727,http://irail.be/stations/NMBS/008894201,IC,2018-03-18T06:50:00,2018-03-18T06:48:00,21,8
http://irail.be/vehicle/IC727,NO-URI,IC,2018-03-18T06:52:00,2018-03-18T06:52:00,38,38
http://irail.be/vehicle/IC727,http://irail.be/stations/NMBS/008894425,IC,2018-03-18T06:54:00,2018-03-18T06:54:00,50,50
http://irail.be/vehicle/IC727,http://irail.be/stations/NMBS/008894433,IC,2018-03-18T06:55:00,2018-03-18T06:55:00,42,42
http://irail.be/vehicle/IC727,http://irail.be/stations/NMBS/008894508,IC,2018-03-18T07:00:00,2018-03-18T06:58:00,17,43
http://irail.be/vehicle/IC727,NO-URI,IC,2018-03-18T07:02:00,2018-03-18T07:02:00,38,38
http://irail.be/vehicle/IC727,http://irail.be/stations/NMBS/008894714,IC,2018-03-18T07:03:00,2018-03-18T07:03:00,24,24
http://irail.be/vehicle/IC727,http://irail.be/stations/NMBS/008894748,IC,2018-03-18T07:06:00,2018-03-18T07:06:00,-4,-4
http://irail.be/vehicle/IC727,http://irail.be/stations/NMBS/008894755,IC,2018-03-18T07:07:00,2018-03-18T07:07:00,-10,-10
http://irail.be/vehicle/IC727,http://irail.be/stations/NMBS/008894821,IC,2018-03-18T07:08:00,2018-03-18T07:08:00,7,7
http://irail.be/vehicle/IC727,NO-URI,IC,2018-03-18T07:09:00,2018-03-18T07:09:00,7,7
http://irail.be/vehicle/IC727,http://irail.be/stations/NMBS/008821196,IC,2018-03-18T07:12:00,2018-03-18T07:12:00,-40,-40
http://irail.be/vehicle/IC727,http://irail.be/stations/NMBS/008821121,IC,2018-03-18T07:19:00,2018-03-18T07:17:00,18,-95
http://irail.be/vehicle/IC727,http://irail.be/stations/NMBS/008821006,IC,2018-03-18T07:23:00,2018-03-18T07:23:00,,19
http://irail.be/vehicle/IC727,http://irail.be/stations/NMBS/008896735,IC,2018-02-26T05:08:00,2018-02-26T05:08:00,42,
http://irail.be/vehicle/IC727,http://irail.be/stations/NMBS/008896503,IC,2018-02-26T05:16:00,2018-02-26T05:15:00,29,34
http://irail.be/vehicle/IC727,http://irail.be/stations/NMBS/008896412,IC,2018-02-26T05:26:00,2018-02-26T05:25:00,-7,15
http://irail.be/vehicle/IC727,http://irail.be/stations/NMBS/008896396,IC,2018-02-26T05:30:00,2018-02-26T05:29:00,-7,-7
http://irail.be/vehicle/IC727,http://irail.be/stations/NMBS/008896305,IC,2018-02-26T05:35:00,2018-02-26T05:34:00,-7,-7
http://irail.be/vehicle/IC727,http://irail.be/stations/NMBS/008896370,IC,2018-02-26T05:40:00,2018-02-26T05:40:00,45,-7
http://irail.be/vehicle/IC727,http://irail.be/stations/NMBS/008896388,IC,2018-02-26T05:44:00,2018-02-26T05:44:00,45,45
http://irail.be/vehicle/IC727,http://irail.be/stations/NMBS/008896008,IC,2018-02-26T05:57:00,2018-02-26T05:50:00,31,-58
http://irail.be/vehicle/IC727,http://irail.be/stations/NMBS/008896115,IC,2018-02-26T06:01:00,2018-02-26T06:01:00,40,40
http://irail.be/vehicle/IC727,http://irail.be/stations/NMBS/008896149,IC,2018-02-26T06:06:00,2018-02-26T06:05:00,132,157
http://irail.be/vehicle/IC727,http://irail.be/stations/NMBS/008892106,IC,2018-02-26T06:15:00,2018-02-26T06:15:00,91,91
http://irail.be/vehicle/IC727,NO-URI,IC,2018-02-26T06:15:00,2018-02-26T06:15:00,272,272
http://irail.be/vehicle/IC727,http://irail.be/stations/NMBS/008892080,IC,2018-02-26T06:18:00,2018-02-26T06:18:00,272,272
http://irail.be/vehicle/IC727,http://irail.be/stations/NMBS/008892007,IC,2018-02-26T06:27:00,2018-02-26T06:24:00,123,237
http://irail.be/vehicle/IC727,NO-URI,IC,2018-02-26T06:31:00,2018-02-26T06:31:00,154,154
http://irail.be/vehicle/IC727,http://irail.be/stations/NMBS/008893179,IC,2018-02-26T06:32:00,2018-02-26T06:32:00,-48,-48
http://irail.be/vehicle/IC727,http://irail.be/stations/NMBS/008893120,IC,2018-02-26T06:36:00,2018-02-26T06:35:00,-48,-48
http://irail.be/vehicle/IC727,http://irail.be/stations/NMBS/008894151,IC,2018-02-26T06:43:00,2018-02-26T06:43:00,121,121
http://irail.be/vehicle/IC727,http://irail.be/stations/NMBS/008894201,IC,2018-02-26T06:50:00,2018-02-26T06:48:00,24,76
http://irail.be/vehicle/IC727,NO-URI,IC,2018-02-26T06:52:00,2018-02-26T06:52:00,10,10
http://irail.be/vehicle/IC727,http://irail.be/stations/NMBS/008894425,IC,2018-02-26T06:54:00,2018-02-26T06:54:00,15,15
http://irail.be/vehicle/IC727,http://irail.be/stations/NMBS/008894433,IC,2018-02-26T06:55:00,2018-02-26T06:55:00,6,6
http://irail.be/vehicle/IC727,http://irail.be/stations/NMBS/008894508,IC,2018-02-26T07:00:00,2018-02-26T06:58:00,39,-8
http://irail.be/vehicle/IC727,NO-URI,IC,2018-02-26T07:02:00,2018-02-26T07:02:00,36,36
http://irail.be/vehicle/IC727,http://irail.be/stations/NMBS/008894714,IC,2018-02-26T07:03:00,2018-02-26T07:03:00,20,20
http://irail.be/vehicle/IC727,http://irail.be/stations/NMBS/008894748,IC,2018-02-26T07:06:00,2018-02-26T07:06:00,-12,-12
http://irail.be/vehicle/IC727,http://irail.be/stations/NMBS/008894755,IC,2018-02-26T07:07:00,2018-02-26T07:07:00,-17,-17
http://irail.be/vehicle/IC727,http://irail.be/stations/NMBS/008894821,IC,2018-02-26T07:08:00,2018-02-26T07:08:00,5,5
http://irail.be/vehicle/IC727,NO-URI,IC,2018-02-26T07:09:00,2018-02-26T07:09:00,5,5
http://irail.be/vehicle/IC727,http://irail.be/stations/NMBS/008821196,IC,2018-02-26T07:12:00,2018-02-26T07:12:00,-40,-40
http://irail.be/vehicle/IC727,http://irail.be/stations/NMBS/008821121,IC,2018-02-26T07:19:00,2018-02-26T07:17:00,257,-95
http://irail.be/vehicle/IC727,http://irail.be/stations/NMBS/008821006,IC,2018-02-26T07:23:00,2018-02-26T07:23:00,,288
http://irail.be/vehicle/IC727,http://irail.be/stations/NMBS/008896735,IC,2018-09-12T05:08:00,2018-09-12T05:08:00,60,
http://irail.be/vehicle/IC727,http://irail.be/stations/NMBS/008896503,IC,2018-09-12T05:16:00,2018-09-12T05:15:00,42,29
http://irail.be/vehicle/IC727,http://irail.be/stations/NMBS/008896412,IC,2018-09-12T05:26:00,2018-09-12T05:25:00,53,24
http://irail.be/vehicle/IC727,http://irail.be/stations/NMBS/008896396,IC,2018-09-12T05:30:00,2018-09-12T05:29:00,53,53
http://irail.be/vehicle/IC727,http://irail.be/stations/NMBS/008896305,IC,2018-09-12T05:35:00,2018-09-12T05:34:00,73,53
http://irail.be/vehicle/IC727,http://irail.be/stations/NMBS/008896370,IC,2018-09-12T05:40:00,2018-09-12T05:39:00,87,73
http://irail.be/vehicle/IC727,http://irail.be/stations/NMBS/008896388,IC,2018-09-12T05:45:00,2018-09-12T05:44:00,87,87
http://irail.be/vehicle/IC727,http://irail.be/stations/NMBS/008896008,IC,2018-09-12T05:58:00,2018-09-12T05:50:00,85,70
http://irail.be/vehicle/IC727,http://irail.be/stations/NMBS/008896115,IC,2018-09-12T06:02:00,2018-09-12T06:02:00,56,56
http://irail.be/vehicle/IC727,http://irail.be/stations/NMBS/008896149,IC,2018-09-12T06:08:00,2018-09-12T06:07:00,46,20
http://irail.be/vehicle/IC727,http://irail.be/stations/NMBS/008892106,IC,2018-09-12T06:15:00,2018-09-12T06:15:00,-7,-7
http://irail.be/vehicle/IC727,NO-URI,IC,2018-09-12T06:15:00,2018-09-12T06:15:00,66,66
http://irail.be/vehicle/IC727,http://irail.be/stations/NMBS/008892080,IC,2018-09-12T06:18:00,2018-09-12T06:18:00,64,64
http://irail.be/vehicle/IC727,http://irail.be/stations/NMBS/008892007,IC,2018-09-12T06:27:00,2018-09-12T06:24:00,7,83
http://irail.be/vehicle/IC727,NO-URI,IC,2018-09-12T06:31:00,2018-09-12T06:31:00,24,24
http://irail.be/vehicle/IC727,http://irail.be/stations/NMBS/008893179,IC,2018-09-12T06:32:00,2018-09-12T06:32:00,111,111
http://irail.be/vehicle/IC727,http://irail.be/stations/NMBS/008893120,IC,2018-09-12T06:36:00,2018-09-12T06:35:00,424,111
http://irail.be/vehicle/IC727,http://irail.be/stations/NMBS/008894151,IC,2018-09-12T06:43:00,2018-09-12T06:43:00,1048,1048
http://irail.be/vehicle/IC727,http://irail.be/stations/NMBS/008894201,IC,2018-09-12T06:50:00,2018-09-12T06:48:00,947,1007
http://irail.be/vehicle/IC727,NO-URI,IC,2018-09-12T06:52:00,2018-09-12T06:52:00,928,928
http://irail.be/vehicle/IC727,http://irail.be/stations/NMBS/008894425,IC,2018-09-12T06:54:00,2018-09-12T06:54:00,927,927
http://irail.be/vehicle/IC727,http://irail.be/stations/NMBS/008894433,IC,2018-09-12T06:55:00,2018-09-12T06:55:00,915,915
http://irail.be/vehicle/IC727,http://irail.be/stations/NMBS/008894508,IC,2018-09-12T07:00:00,2018-09-12T06:58:00,916,959
http://irail.be/vehicle/IC727,NO-URI,IC,2018-09-12T07:02:00,2018-09-12T07:02:00,911,911
http://irail.be/vehicle/IC727,http://irail.be/stations/NMBS/008894714,IC,2018-09-12T07:03:00,2018-09-12T07:03:00,894,894
http://irail.be/vehicle/IC727,http://irail.be/stations/NMBS/008894748,IC,2018-09-12T07:06:00,2018-09-12T07:06:00,988,988
http://irail.be/vehicle/IC727,http://irail.be/stations/NMBS/008894755,IC,2018-09-12T07:07:00,2018-09-12T07:07:00,1218,1218
http://irail.be/vehicle/IC727,http://irail.be/stations/NMBS/008894821,IC,2018-09-12T07:08:00,2018-09-12T07:08:00,1285,1285
http://irail.be/vehicle/IC727,http://irail.be/stations/NMBS/008821196,IC,2018-09-12T07:12:00,2018-09-12T07:12:00,1430,1430
http://irail.be/vehicle/IC727,http://irail.be/stations/NMBS/008821121,IC,2018-09-12T07:17:00,2018-09-12T07:17:00,,1396
http://irail.be/vehicle/IC727,http://irail.be/stations/NMBS/008896735,IC,2018-04-09T05:08:00,2018-04-09T05:08:00,71,
http://irail.be/vehicle/IC727,http://irail.be/stations/NMBS/008896503,IC,2018-04-09T05:16:00,2018-04-09T05:15:00,83,56
http://irail.be/vehicle/IC727,http://irail.be/stations/NMBS/008896412,IC,2018-04-09T05:26:00,2018-04-09T05:25:00,77,77
http://irail.be/vehicle/IC727,http://irail.be/stations/NMBS/008896396,IC,2018-04-09T05:30:00,2018-04-09T05:29:00,77,77
http://irail.be/vehicle/IC727,http://irail.be/stations/NMBS/008896305,IC,2018-04-09T05:35:00,2018-04-09T05:34:00,58,77
http://irail.be/vehicle/IC727,http://irail.be/stations/NMBS/008896370,IC,2018-04-09T05:40:00,2018-04-09T05:40:00,146,58
http://irail.be/vehicle/IC727,http://irail.be/stations/NMBS/008896388,IC,2018-04-09T05:44:00,2018-04-09T05:44:00,146,146
http://irail.be/vehicle/IC727,http://irail.be/stations/NMBS/008896008,IC,2018-04-09T05:57:00,2018-04-09T05:50:00,138,138
http://irail.be/vehicle/IC727,http://irail.be/stations/NMBS/008896115,IC,2018-04-09T06:01:00,2018-04-09T06:01:00,180,180
http://irail.be/vehicle/IC727,http://irail.be/stations/NMBS/008896149,IC,2018-04-09T06:06:00,2018-04-09T06:05:00,159,180
http://irail.be/vehicle/IC727,http://irail.be/stations/NMBS/008892106,IC,2018-04-09T06:15:00,2018-04-09T06:15:00,12,12
http://irail.be/vehicle/IC727,NO-URI,IC,2018-04-09T06:15:00,2018-04-09T06:15:00,29,29
http://irail.be/vehicle/IC727,http://irail.be/stations/NMBS/008892080,IC,2018-04-09T06:18:00,2018-04-09T06:18:00,6,6
http://irail.be/vehicle/IC727,http://irail.be/stations/NMBS/008892007,IC,2018-04-09T06:27:00,2018-04-09T06:24:00,10,5
http://irail.be/vehicle/IC727,NO-URI,IC,2018-04-09T06:31:00,2018-04-09T06:31:00,29,29
http://irail.be/vehicle/IC727,http://irail.be/stations/NMBS/008893179,IC,2018-04-09T06:32:00,2018-04-09T06:32:00,-182,-182
http://irail.be/vehicle/IC727,http://irail.be/stations/NMBS/008893120,IC,2018-04-09T06:36:00,2018-04-09T06:35:00,35,-182
http://irail.be/vehicle/IC727,http://irail.be/stations/NMBS/008894151,IC,2018-04-09T06:43:00,2018-04-09T06:43:00,-6,-6
http://irail.be/vehicle/IC727,http://irail.be/stations/NMBS/008894201,IC,2018-04-09T06:50:00,2018-04-09T06:48:00,14,-52
http://irail.be/vehicle/IC727,NO-URI,IC,2018-04-09T06:52:00,2018-04-09T06:52:00,1,1
http://irail.be/vehicle/IC727,http://irail.be/stations/NMBS/008894425,IC,2018-04-09T06:54:00,2018-04-09T06:54:00,5,5
http://irail.be/vehicle/IC727,http://irail.be/stations/NMBS/008894433,IC,2018-04-09T06:55:00,2018-04-09T06:55:00,-6,-6
http://irail.be/vehicle/IC727,http://irail.be/stations/NMBS/008894508,IC,2018-04-09T07:00:00,2018-04-09T06:58:00,4,-23
http://irail.be/vehicle/IC727,NO-URI,IC,2018-04-09T07:02:00,2018-04-09T07:02:00,-4,-4
http://irail.be/vehicle/IC727,http://irail.be/stations/NMBS/008894714,IC,2018-04-09T07:03:00,2018-04-09T07:03:00,-20,-20
http://irail.be/vehicle/IC727,http://irail.be/stations/NMBS/008894748,IC,2018-04-09T07:06:00,2018-04-09T07:06:00,-51,-51
http://irail.be/vehicle/IC727,http://irail.be/stations/NMBS/008894755,IC,2018-04-09T07:07:00,2018-04-09T07:07:00,-59,-59
http://irail.be/vehicle/IC727,http://irail.be/stations/NMBS/008894821,IC,2018-04-09T07:08:00,2018-04-09T07:08:00,-42,-42
http://irail.be/vehicle/IC727,NO-URI,IC,2018-04-09T07:09:00,2018-04-09T07:09:00,-42,-42
http://irail.be/vehicle/IC727,http://irail.be/stations/NMBS/008821196,IC,2018-04-09T07:12:00,2018-04-09T07:12:00,-81,-81
http://irail.be/vehicle/IC727,http://irail.be/stations/NMBS/008821121,IC,2018-04-09T07:19:00,2018-04-09T07:17:00,-9,15
http://irail.be/vehicle/IC727,http://irail.be/stations/NMBS/008821006,IC,2018-04-09T07:23:00,2018-04-09T07:23:00,,-35
http://irail.be/vehicle/IC727,http://irail.be/stations/NMBS/008896735,IC,2018-03-15T05:08:00,2018-03-15T05:08:00,60,
http://irail.be/vehicle/IC727,http://irail.be/stations/NMBS/008896503,IC,2018-03-15T05:16:00,2018-03-15T05:15:00,81,44
http://irail.be/vehicle/IC727,http://irail.be/stations/NMBS/008896412,IC,2018-03-15T05:26:00,2018-03-15T05:25:00,72,57
http://irail.be/vehicle/IC727,http://irail.be/stations/NMBS/008896396,IC,2018-03-15T05:30:00,2018-03-15T05:29:00,72,72
http://irail.be/vehicle/IC727,http://irail.be/stations/NMBS/008896305,IC,2018-03-15T05:35:00,2018-03-15T05:34:00,60,72
http://irail.be/vehicle/IC727,http://irail.be/stations/NMBS/008896370,IC,2018-03-15T05:40:00,2018-03-15T05:40:00,106,60
http://irail.be/vehicle/IC727,http://irail.be/stations/NMBS/008896388,IC,2018-03-15T05:44:00,2018-03-15T05:44:00,106,106
http://irail.be/vehicle/IC727,http://irail.be/stations/NMBS/008896008,IC,2018-03-15T05:57:00,2018-03-15T05:50:00,55,71
http://irail.be/vehicle/IC727,http://irail.be/stations/NMBS/008896115,IC,2018-03-15T06:01:00,2018-03-15T06:01:00,53,53
http://irail.be/vehicle/IC727,http://irail.be/stations/NMBS/008896149,IC,2018-03-15T06:06:00,2018-03-15T06:05:00,267,184
http://irail.be/vehicle/IC727,http://irail.be/stations/NMBS/008892106,IC,2018-03-15T06:15:00,2018-03-15T06:15:00,156,156
http://irail.be/vehicle/IC727,NO-URI,IC,2018-03-15T06:15:00,2018-03-15T06:15:00,367,367
http://irail.be/vehicle/IC727,http://irail.be/stations/NMBS/008892080,IC,2018-03-15T06:18:00,2018-03-15T06:18:00,390,390
http://irail.be/vehicle/IC727,http://irail.be/stations/NMBS/008892007,IC,2018-03-15T06:27:00,2018-03-15T06:24:00,361,463
http://irail.be/vehicle/IC727,NO-URI,IC,2018-03-15T06:31:00,2018-03-15T06:31:00,410,410
http://irail.be/vehicle/IC727,http://irail.be/stations/NMBS/008893179,IC,2018-03-15T06:32:00,2018-03-15T06:32:00,218,218
http://irail.be/vehicle/IC727,http://irail.be/stations/NMBS/008893120,IC,2018-03-15T06:36:00,2018-03-15T06:35:00,218,218
http://irail.be/vehicle/IC727,http://irail.be/stations/NMBS/008894151,IC,2018-03-15T06:43:00,2018-03-15T06:43:00,390,390
http://irail.be/vehicle/IC727,http://irail.be/stations/NMBS/008894201,IC,2018-03-15T06:50:00,2018-03-15T06:48:00,303,350
http://irail.be/vehicle/IC727,NO-URI,IC,2018-03-15T06:52:00,2018-03-15T06:52:00,301,301
http://irail.be/vehicle/IC727,http://irail.be/stations/NMBS/008894425,IC,2018-03-15T06:54:00,2018-03-15T06:54:00,319,319
http://irail.be/vehicle/IC727,http://irail.be/stations/NMBS/008894433,IC,2018-03-15T06:55:00,2018-03-15T06:55:00,306,306
http://irail.be/vehicle/IC727,http://irail.be/stations/NMBS/008894508,IC,2018-03-15T07:00:00,2018-03-15T06:58:00,298,303
http://irail.be/vehicle/IC727,NO-URI,IC,2018-03-15T07:02:00,2018-03-15T07:02:00,303,303
http://irail.be/vehicle/IC727,http://irail.be/stations/NMBS/008894714,IC,2018-03-15T07:03:00,2018-03-15T07:03:00,290,290
http://irail.be/vehicle/IC727,http://irail.be/stations/NMBS/008894748,IC,2018-03-15T07:06:00,2018-03-15T07:06:00,253,253
http://irail.be/vehicle/IC727,http://irail.be/stations/NMBS/008894755,IC,2018-03-15T07:07:00,2018-03-15T07:07:00,246,246
http://irail.be/vehicle/IC727,http://irail.be/stations/NMBS/008894821,IC,2018-03-15T07:08:00,2018-03-15T07:08:00,271,271
http://irail.be/vehicle/IC727,NO-URI,IC,2018-03-15T07:09:00,2018-03-15T07:09:00,271,271
http://irail.be/vehicle/IC727,http://irail.be/stations/NMBS/008821196,IC,2018-03-15T07:12:00,2018-03-15T07:12:00,262,262
http://irail.be/vehicle/IC727,http://irail.be/stations/NMBS/008821121,IC,2018-03-15T07:19:00,2018-03-15T07:17:00,227,247
http://irail.be/vehicle/IC727,http://irail.be/stations/NMBS/008821006,IC,2018-03-15T07:23:00,2018-03-15T07:23:00,,217
http://irail.be/vehicle/IC727,http://irail.be/stations/NMBS/008896735,IC,2018-07-22T05:08:00,2018-07-22T05:08:00,76,
http://irail.be/vehicle/IC727,http://irail.be/stations/NMBS/008896503,IC,2018-07-22T05:16:00,2018-07-22T05:15:00,50,46
http://irail.be/vehicle/IC727,http://irail.be/stations/NMBS/008896412,IC,2018-07-22T05:26:00,2018-07-22T05:25:00,28,23
http://irail.be/vehicle/IC727,http://irail.be/stations/NMBS/008896396,IC,2018-07-22T05:30:00,2018-07-22T05:29:00,28,28
http://irail.be/vehicle/IC727,http://irail.be/stations/NMBS/008896305,IC,2018-07-22T05:35:00,2018-07-22T05:34:00,21,28
http://irail.be/vehicle/IC727,http://irail.be/stations/NMBS/008896370,IC,2018-07-22T05:40:00,2018-07-22T05:39:00,21,21
http://irail.be/vehicle/IC727,http://irail.be/stations/NMBS/008896388,IC,2018-07-22T05:45:00,2018-07-22T05:44:00,-44,-44
http://irail.be/vehicle/IC727,http://irail.be/stations/NMBS/008896008,IC,2018-07-22T05:58:00,2018-07-22T05:50:00,68,-81
http://irail.be/vehicle/IC727,http://irail.be/stations/NMBS/008896115,IC,2018-07-22T06:02:00,2018-07-22T06:02:00,70,70
http://irail.be/vehicle/IC727,http://irail.be/stations/NMBS/008896149,IC,2018-07-22T06:08:00,2018-07-22T06:07:00,38,41
http://irail.be/vehicle/IC727,http://irail.be/stations/NMBS/008892106,IC,2018-07-22T06:15:00,2018-07-22T06:15:00,-7,-7
http://irail.be/vehicle/IC727,NO-URI,IC,2018-07-22T06:15:00,2018-07-22T06:15:00,27,27
http://irail.be/vehicle/IC727,http://irail.be/stations/NMBS/008892080,IC,2018-07-22T06:18:00,2018-07-22T06:18:00,2,2
http://irail.be/vehicle/IC727,http://irail.be/stations/NMBS/008892007,IC,2018-07-22T06:27:00,2018-07-22T06:24:00,8,-21
http://irail.be/vehicle/IC727,NO-URI,IC,2018-07-22T06:31:00,2018-07-22T06:31:00,20,20
http://irail.be/vehicle/IC727,http://irail.be/stations/NMBS/008893179,IC,2018-07-22T06:32:00,2018-07-22T06:32:00,-192,-192
http://irail.be/vehicle/IC727,http://irail.be/stations/NMBS/008893120,IC,2018-07-22T06:36:00,2018-07-22T06:35:00,30,-192
http://irail.be/vehicle/IC727,http://irail.be/stations/NMBS/008894151,IC,2018-07-22T06:43:00,2018-07-22T06:43:00,8,8
http://irail.be/vehicle/IC727,http://irail.be/stations/NMBS/008894201,IC,2018-07-22T06:50:00,2018-07-22T06:48:00,55,-37
http://irail.be/vehicle/IC727,NO-URI,IC,2018-07-22T06:52:00,2018-07-22T06:52:00,59,59
http://irail.be/vehicle/IC727,http://irail.be/stations/NMBS/008894425,IC,2018-07-22T06:54:00,2018-07-22T06:54:00,71,71
http://irail.be/vehicle/IC727,http://irail.be/stations/NMBS/008894433,IC,2018-07-22T06:55:00,2018-07-22T06:55:00,59,59
http://irail.be/vehicle/IC727,http://irail.be/stations/NMBS/008894508,IC,2018-07-22T07:00:00,2018-07-22T06:58:00,43,54
http://irail.be/vehicle/IC727,NO-URI,IC,2018-07-22T07:02:00,2018-07-22T07:02:00,47,47
http://irail.be/vehicle/IC727,http://irail.be/stations/NMBS/008894714,IC,2018-07-22T07:03:00,2018-07-22T07:03:00,33,33
http://irail.be/vehicle/IC727,http://irail.be/stations/NMBS/008894748,IC,2018-07-22T07:06:00,2018-07-22T07:06:00,2,2
http://irail.be/vehicle/IC727,http://irail.be/stations/NMBS/008894755,IC,2018-07-22T07:07:00,2018-07-22T07:07:00,-5,-5
http://irail.be/vehicle/IC727,http://irail.be/stations/NMBS/008894821,IC,2018-07-22T07:08:00,2018-07-22T07:08:00,21,21
http://irail.be/vehicle/IC727,http://irail.be/stations/NMBS/008821196,IC,2018-07-22T07:12:00,2018-07-22T07:12:00,-3,-3
http://irail.be/vehicle/IC727,http://irail.be/stations/NMBS/008821121,IC,2018-07-22T07:19:00,2018-07-22T07:17:00,2,-53
http://irail.be/vehicle/IC727,http://irail.be/stations/NMBS/008821006,IC,2018-07-22T07:23:00,2018-07-22T07:23:00,,-13
http://irail.be/vehicle/IC727,http://irail.be/stations/NMBS/008896735,IC,2018-01-21T05:08:00,2018-01-21T05:08:00,0,0
http://irail.be/vehicle/IC727,http://irail.be/stations/NMBS/008896503,IC,2018-01-21T05:16:00,2018-01-21T05:15:00,0,0
http://irail.be/vehicle/IC727,http://irail.be/stations/NMBS/008896412,IC,2018-01-21T05:26:00,2018-01-21T05:25:00,0,0
http://irail.be/vehicle/IC727,http://irail.be/stations/NMBS/008896396,IC,2018-01-21T05:30:00,2018-01-21T05:29:00,0,0
http://irail.be/vehicle/IC727,http://irail.be/stations/NMBS/008896305,IC,2018-01-21T05:35:00,2018-01-21T05:34:00,0,0
http://irail.be/vehicle/IC727,http://irail.be/stations/NMBS/008896370,IC,2018-01-21T05:40:00,2018-01-21T05:40:00,0,0
http://irail.be/vehicle/IC727,http://irail.be/stations/NMBS/008896388,IC,2018-01-21T05:44:00,2018-01-21T05:44:00,0,0
http://irail.be/vehicle/IC727,http://irail.be/stations/NMBS/008896008,IC,2018-01-21T05:57:00,2018-01-21T05:50:00,0,0
http://irail.be/vehicle/IC727,http://irail.be/stations/NMBS/008896115,IC,2018-01-21T06:01:00,2018-01-21T06:01:00,0,0
http://irail.be/vehicle/IC727,http://irail.be/stations/NMBS/008896149,IC,2018-01-21T06:06:00,2018-01-21T06:05:00,0,0
http://irail.be/vehicle/IC727,http://irail.be/stations/NMBS/008892106,IC,2018-01-21T06:15:00,2018-01-21T06:15:00,0,0
http://irail.be/vehicle/IC727,NO-URI,IC,2018-01-21T06:15:00,2018-01-21T06:15:00,0,0
http://irail.be/vehicle/IC727,http://irail.be/stations/NMBS/008892080,IC,2018-01-21T06:18:00,2018-01-21T06:18:00,0,0
http://irail.be/vehicle/IC727,http://irail.be/stations/NMBS/008892007,IC,2018-01-21T06:27:00,2018-01-21T06:24:00,0,0
http://irail.be/vehicle/IC727,NO-URI,IC,2018-01-21T06:31:00,2018-01-21T06:31:00,0,0
http://irail.be/vehicle/IC727,http://irail.be/stations/NMBS/008893179,IC,2018-01-21T06:32:00,2018-01-21T06:32:00,0,0
http://irail.be/vehicle/IC727,http://irail.be/stations/NMBS/008893120,IC,2018-01-21T06:36:00,2018-01-21T06:35:00,0,0
http://irail.be/vehicle/IC727,http://irail.be/stations/NMBS/008894151,IC,2018-01-21T06:43:00,2018-01-21T06:43:00,0,0
http://irail.be/vehicle/IC727,http://irail.be/stations/NMBS/008894201,IC,2018-01-21T06:50:00,2018-01-21T06:48:00,0,0
http://irail.be/vehicle/IC727,NO-URI,IC,2018-01-21T06:52:00,2018-01-21T06:52:00,0,0
http://irail.be/vehicle/IC727,http://irail.be/stations/NMBS/008894425,IC,2018-01-21T06:54:00,2018-01-21T06:54:00,0,0
http://irail.be/vehicle/IC727,http://irail.be/stations/NMBS/008894433,IC,2018-01-21T06:55:00,2018-01-21T06:55:00,0,0
http://irail.be/vehicle/IC727,http://irail.be/stations/NMBS/008894508,IC,2018-01-21T07:00:00,2018-01-21T06:58:00,0,0
http://irail.be/vehicle/IC727,NO-URI,IC,2018-01-21T07:02:00,2018-01-21T07:02:00,0,0
http://irail.be/vehicle/IC727,http://irail.be/stations/NMBS/008894714,IC,2018-01-21T07:03:00,2018-01-21T07:03:00,0,0
http://irail.be/vehicle/IC727,http://irail.be/stations/NMBS/008894748,IC,2018-01-21T07:06:00,2018-01-21T07:06:00,0,0
http://irail.be/vehicle/IC727,http://irail.be/stations/NMBS/008894755,IC,2018-01-21T07:07:00,2018-01-21T07:07:00,0,0
http://irail.be/vehicle/IC727,http://irail.be/stations/NMBS/008894821,IC,2018-01-21T07:08:00,2018-01-21T07:08:00,0,0
http://irail.be/vehicle/IC727,NO-URI,IC,2018-01-21T07:09:00,2018-01-21T07:09:00,0,0
http://irail.be/vehicle/IC727,http://irail.be/stations/NMBS/008821196,IC,2018-01-21T07:12:00,2018-01-21T07:12:00,0,0
http://irail.be/vehicle/IC727,http://irail.be/stations/NMBS/008821121,IC,2018-01-21T07:19:00,2018-01-21T07:17:00,0,0
http://irail.be/vehicle/IC727,http://irail.be/stations/NMBS/008821006,IC,2018-01-21T07:23:00,2018-01-21T07:23:00,0,0
http://irail.be/vehicle/IC727,http://irail.be/stations/NMBS/008896735,IC,2018-06-19T05:08:00,2018-06-19T05:08:00,55,
http://irail.be/vehicle/IC727,http://irail.be/stations/NMBS/008896503,IC,2018-06-19T05:16:00,2018-06-19T05:15:00,102,69
http://irail.be/vehicle/IC727,http://irail.be/stations/NMBS/008896412,IC,2018-06-19T05:26:00,2018-06-19T05:25:00,122,97
http://irail.be/vehicle/IC727,http://irail.be/stations/NMBS/008896396,IC,2018-06-19T05:30:00,2018-06-19T05:29:00,122,122
http://irail.be/vehicle/IC727,http://irail.be/stations/NMBS/008896305,IC,2018-06-19T05:35:00,2018-06-19T05:34:00,121,122
http://irail.be/vehicle/IC727,http://irail.be/stations/NMBS/008896370,IC,2018-06-19T05:40:00,2018-06-19T05:39:00,121,121
http://irail.be/vehicle/IC727,http://irail.be/stations/NMBS/008896388,IC,2018-06-19T05:45:00,2018-06-19T05:44:00,51,51
http://irail.be/vehicle/IC727,http://irail.be/stations/NMBS/008896008,IC,2018-06-19T05:58:00,2018-06-19T05:50:00,-8,26
http://irail.be/vehicle/IC727,http://irail.be/stations/NMBS/008896115,IC,2018-06-19T06:02:00,2018-06-19T06:02:00,2,2
http://irail.be/vehicle/IC727,http://irail.be/stations/NMBS/008896149,IC,2018-06-19T06:08:00,2018-06-19T06:07:00,-41,-39
http://irail.be/vehicle/IC727,http://irail.be/stations/NMBS/008892106,IC,2018-06-19T06:15:00,2018-06-19T06:15:00,-89,-89
http://irail.be/vehicle/IC727,NO-URI,IC,2018-06-19T06:15:00,2018-06-19T06:15:00,108,108
http://irail.be/vehicle/IC727,http://irail.be/stations/NMBS/008892080,IC,2018-06-19T06:18:00,2018-06-19T06:18:00,121,121
http://irail.be/vehicle/IC727,http://irail.be/stations/NMBS/008892007,IC,2018-06-19T06:27:00,2018-06-19T06:24:00,68,152
http://irail.be/vehicle/IC727,NO-URI,IC,2018-06-19T06:31:00,2018-06-19T06:31:00,96,96
http://irail.be/vehicle/IC727,http://irail.be/stations/NMBS/008893179,IC,2018-06-19T06:32:00,2018-06-19T06:32:00,-105,-105
http://irail.be/vehicle/IC727,http://irail.be/stations/NMBS/008893120,IC,2018-06-19T06:36:00,2018-06-19T06:35:00,90,-105
http://irail.be/vehicle/IC727,http://irail.be/stations/NMBS/008894151,IC,2018-06-19T06:43:00,2018-06-19T06:43:00,117,117
http://irail.be/vehicle/IC727,http://irail.be/stations/NMBS/008894201,IC,2018-06-19T06:50:00,2018-06-19T06:48:00,25,75
http://irail.be/vehicle/IC727,NO-URI,IC,2018-06-19T06:52:00,2018-06-19T06:52:00,16,16
http://irail.be/vehicle/IC727,http://irail.be/stations/NMBS/008894425,IC,2018-06-19T06:54:00,2018-06-19T06:54:00,23,23
http://irail.be/vehicle/IC727,http://irail.be/stations/NMBS/008894433,IC,2018-06-19T06:55:00,2018-06-19T06:55:00,14,14
http://irail.be/vehicle/IC727,http://irail.be/stations/NMBS/008894508,IC,2018-06-19T07:00:00,2018-06-19T06:58:00,-1,1
http://irail.be/vehicle/IC727,NO-URI,IC,2018-06-19T07:02:00,2018-06-19T07:02:00,4,4
http://irail.be/vehicle/IC727,http://irail.be/stations/NMBS/008894714,IC,2018-06-19T07:03:00,2018-06-19T07:03:00,-10,-10
http://irail.be/vehicle/IC727,http://irail.be/stations/NMBS/008894748,IC,2018-06-19T07:06:00,2018-06-19T07:06:00,-39,-39
http://irail.be/vehicle/IC727,http://irail.be/stations/NMBS/008894755,IC,2018-06-19T07:07:00,2018-06-19T07:07:00,-47,-47
http://irail.be/vehicle/IC727,http://irail.be/stations/NMBS/008894821,IC,2018-06-19T07:08:00,2018-06-19T07:08:00,-23,-23
http://irail.be/vehicle/IC727,http://irail.be/stations/NMBS/008821196,IC,2018-06-19T07:12:00,2018-06-19T07:12:00,-40,-40
http://irail.be/vehicle/IC727,http://irail.be/stations/NMBS/008821121,IC,2018-06-19T07:19:00,2018-06-19T07:17:00,27,-37
http://irail.be/vehicle/IC727,http://irail.be/stations/NMBS/008821006,IC,2018-06-19T07:23:00,2018-06-19T07:23:00,,-1
http://irail.be/vehicle/IC727,http://irail.be/stations/NMBS/008896149,IC,2018-02-24T06:06:00,2018-02-24T06:06:00,41,
http://irail.be/vehicle/IC727,http://irail.be/stations/NMBS/008892106,IC,2018-02-24T06:15:00,2018-02-24T06:15:00,-56,-56
http://irail.be/vehicle/IC727,NO-URI,IC,2018-02-24T06:15:00,2018-02-24T06:15:00,-38,-38
http://irail.be/vehicle/IC727,http://irail.be/stations/NMBS/008892080,IC,2018-02-24T06:18:00,2018-02-24T06:18:00,-53,-53
http://irail.be/vehicle/IC727,http://irail.be/stations/NMBS/008892007,IC,2018-02-24T06:27:00,2018-02-24T06:24:00,38,-65
http://irail.be/vehicle/IC727,NO-URI,IC,2018-02-24T06:31:00,2018-02-24T06:31:00,25,25
http://irail.be/vehicle/IC727,http://irail.be/stations/NMBS/008893179,IC,2018-02-24T06:32:00,2018-02-24T06:32:00,-179,-179
http://irail.be/vehicle/IC727,http://irail.be/stations/NMBS/008893120,IC,2018-02-24T06:36:00,2018-02-24T06:35:00,-179,-179
http://irail.be/vehicle/IC727,http://irail.be/stations/NMBS/008894151,IC,2018-02-24T06:43:00,2018-02-24T06:43:00,75,75
http://irail.be/vehicle/IC727,http://irail.be/stations/NMBS/008894201,IC,2018-02-24T06:50:00,2018-02-24T06:48:00,524,29
http://irail.be/vehicle/IC727,NO-URI,IC,2018-02-24T06:52:00,2018-02-24T06:52:00,516,516
http://irail.be/vehicle/IC727,http://irail.be/stations/NMBS/008894425,IC,2018-02-24T06:54:00,2018-02-24T06:54:00,524,524
http://irail.be/vehicle/IC727,http://irail.be/stations/NMBS/008894433,IC,2018-02-24T06:55:00,2018-02-24T06:55:00,514,514
http://irail.be/vehicle/IC727,http://irail.be/stations/NMBS/008894508,IC,2018-02-24T07:00:00,2018-02-24T06:58:00,459,502
http://irail.be/vehicle/IC727,NO-URI,IC,2018-02-24T07:02:00,2018-02-24T07:02:00,455,455
http://irail.be/vehicle/IC727,http://irail.be/stations/NMBS/008894714,IC,2018-02-24T07:03:00,2018-02-24T07:03:00,440,440
http://irail.be/vehicle/IC727,http://irail.be/stations/NMBS/008894748,IC,2018-02-24T07:06:00,2018-02-24T07:06:00,413,413
http://irail.be/vehicle/IC727,http://irail.be/stations/NMBS/008894755,IC,2018-02-24T07:07:00,2018-02-24T07:07:00,408,408
http://irail.be/vehicle/IC727,http://irail.be/stations/NMBS/008894821,IC,2018-02-24T07:08:00,2018-02-24T07:08:00,425,425
http://irail.be/vehicle/IC727,NO-URI,IC,2018-02-24T07:09:00,2018-02-24T07:09:00,425,425
http://irail.be/vehicle/IC727,http://irail.be/stations/NMBS/008821196,IC,2018-02-24T07:12:00,2018-02-24T07:12:00,392,392
http://irail.be/vehicle/IC727,http://irail.be/stations/NMBS/008821121,IC,2018-02-24T07:19:00,2018-02-24T07:17:00,275,347
http://irail.be/vehicle/IC727,http://irail.be/stations/NMBS/008821006,IC,2018-02-24T07:23:00,2018-02-24T07:23:00,,263
http://irail.be/vehicle/IC727,http://irail.be/stations/NMBS/008896735,IC,2018-10-18T05:08:00,2018-10-18T05:08:00,57,
http://irail.be/vehicle/IC727,http://irail.be/stations/NMBS/008896503,IC,2018-10-18T05:16:00,2018-10-18T05:15:00,172,38
http://irail.be/vehicle/IC727,http://irail.be/stations/NMBS/008896412,IC,2018-10-18T05:26:00,2018-10-18T05:25:00,200,156
http://irail.be/vehicle/IC727,http://irail.be/stations/NMBS/008896396,IC,2018-10-18T05:30:00,2018-10-18T05:29:00,200,200
http://irail.be/vehicle/IC727,http://irail.be/stations/NMBS/008896305,IC,2018-10-18T05:35:00,2018-10-18T05:34:00,196,200
http://irail.be/vehicle/IC727,http://irail.be/stations/NMBS/008896370,IC,2018-10-18T05:40:00,2018-10-18T05:39:00,196,196
http://irail.be/vehicle/IC727,http://irail.be/stations/NMBS/008896388,IC,2018-10-18T05:45:00,2018-10-18T05:44:00,131,131
http://irail.be/vehicle/IC727,http://irail.be/stations/NMBS/008896008,IC,2018-10-18T05:58:00,2018-10-18T05:50:00,34,99
http://irail.be/vehicle/IC727,http://irail.be/stations/NMBS/008896115,IC,2018-10-18T06:02:00,2018-10-18T06:02:00,24,24
http://irail.be/vehicle/IC727,http://irail.be/stations/NMBS/008896149,IC,2018-10-18T06:08:00,2018-10-18T06:07:00,10,-8
http://irail.be/vehicle/IC727,http://irail.be/stations/NMBS/008892106,IC,2018-10-18T06:15:00,2018-10-18T06:15:00,-45,-45
http://irail.be/vehicle/IC727,NO-URI,IC,2018-10-18T06:15:00,2018-10-18T06:15:00,39,39
http://irail.be/vehicle/IC727,http://irail.be/stations/NMBS/008892080,IC,2018-10-18T06:18:00,2018-10-18T06:18:00,46,46
http://irail.be/vehicle/IC727,http://irail.be/stations/NMBS/008892007,IC,2018-10-18T06:27:00,2018-10-18T06:24:00,21,4
http://irail.be/vehicle/IC727,NO-URI,IC,2018-10-18T06:31:00,2018-10-18T06:31:00,54,54
http://irail.be/vehicle/IC727,http://irail.be/stations/NMBS/008893179,IC,2018-10-18T06:32:00,2018-10-18T06:32:00,-71,-71
http://irail.be/vehicle/IC727,http://irail.be/stations/NMBS/008893120,IC,2018-10-18T06:36:00,2018-10-18T06:35:00,37,-71
http://irail.be/vehicle/IC727,http://irail.be/stations/NMBS/008894151,IC,2018-10-18T06:43:00,2018-10-18T06:43:00,59,59
http://irail.be/vehicle/IC727,http://irail.be/stations/NMBS/008894201,IC,2018-10-18T06:50:00,2018-10-18T06:48:00,18,17
http://irail.be/vehicle/IC727,NO-URI,IC,2018-10-18T06:52:00,2018-10-18T06:52:00,1,1
http://irail.be/vehicle/IC727,http://irail.be/stations/NMBS/008894425,IC,2018-10-18T06:54:00,2018-10-18T06:54:00,8,8
http://irail.be/vehicle/IC727,http://irail.be/stations/NMBS/008894433,IC,2018-10-18T06:55:00,2018-10-18T06:55:00,4,4
http://irail.be/vehicle/IC727,http://irail.be/stations/NMBS/008894508,IC,2018-10-18T07:00:00,2018-10-18T06:58:00,2,23
http://irail.be/vehicle/IC727,NO-URI,IC,2018-10-18T07:02:00,2018-10-18T07:02:00,9,9
http://irail.be/vehicle/IC727,http://irail.be/stations/NMBS/008894714,IC,2018-10-18T07:03:00,2018-10-18T07:03:00,-7,-7
http://irail.be/vehicle/IC727,http://irail.be/stations/NMBS/008894748,IC,2018-10-18T07:06:00,2018-10-18T07:06:00,-36,-36
http://irail.be/vehicle/IC727,http://irail.be/stations/NMBS/008894755,IC,2018-10-18T07:07:00,2018-10-18T07:07:00,-28,-28
http://irail.be/vehicle/IC727,http://irail.be/stations/NMBS/008894821,IC,2018-10-18T07:08:00,2018-10-18T07:08:00,13,13
http://irail.be/vehicle/IC727,http://irail.be/stations/NMBS/008821196,IC,2018-10-18T07:12:00,2018-10-18T07:12:00,8,8
http://irail.be/vehicle/IC727,http://irail.be/stations/NMBS/008821121,IC,2018-10-18T07:19:00,2018-10-18T07:17:00,0,14
http://irail.be/vehicle/IC727,http://irail.be/stations/NMBS/008821006,IC,2018-10-18T07:23:00,2018-10-18T07:23:00,,-34
http://irail.be/vehicle/IC727,http://irail.be/stations/NMBS/008896735,IC,2018-06-15T05:08:00,2018-06-15T05:08:00,58,
http://irail.be/vehicle/IC727,http://irail.be/stations/NMBS/008896503,IC,2018-06-15T05:16:00,2018-06-15T05:15:00,69,26
http://irail.be/vehicle/IC727,http://irail.be/stations/NMBS/008896412,IC,2018-06-15T05:26:00,2018-06-15T05:25:00,55,34
http://irail.be/vehicle/IC727,http://irail.be/stations/NMBS/008896396,IC,2018-06-15T05:30:00,2018-06-15T05:29:00,55,55
http://irail.be/vehicle/IC727,http://irail.be/stations/NMBS/008896305,IC,2018-06-15T05:35:00,2018-06-15T05:34:00,83,55
http://irail.be/vehicle/IC727,http://irail.be/stations/NMBS/008896370,IC,2018-06-15T05:40:00,2018-06-15T05:39:00,83,83
http://irail.be/vehicle/IC727,http://irail.be/stations/NMBS/008896388,IC,2018-06-15T05:45:00,2018-06-15T05:44:00,21,21
http://irail.be/vehicle/IC727,http://irail.be/stations/NMBS/008896008,IC,2018-06-15T05:58:00,2018-06-15T05:50:00,32,39
http://irail.be/vehicle/IC727,http://irail.be/stations/NMBS/008896115,IC,2018-06-15T06:02:00,2018-06-15T06:02:00,28,28
http://irail.be/vehicle/IC727,http://irail.be/stations/NMBS/008896149,IC,2018-06-15T06:08:00,2018-06-15T06:07:00,186,122
http://irail.be/vehicle/IC727,http://irail.be/stations/NMBS/008892106,IC,2018-06-15T06:15:00,2018-06-15T06:15:00,134,134
http://irail.be/vehicle/IC727,NO-URI,IC,2018-06-15T06:15:00,2018-06-15T06:15:00,170,170
http://irail.be/vehicle/IC727,http://irail.be/stations/NMBS/008892080,IC,2018-06-15T06:18:00,2018-06-15T06:18:00,147,147
http://irail.be/vehicle/IC727,http://irail.be/stations/NMBS/008892007,IC,2018-06-15T06:27:00,2018-06-15T06:24:00,171,272
http://irail.be/vehicle/IC727,NO-URI,IC,2018-06-15T06:31:00,2018-06-15T06:31:00,189,189
http://irail.be/vehicle/IC727,http://irail.be/stations/NMBS/008893179,IC,2018-06-15T06:32:00,2018-06-15T06:32:00,-17,-17
http://irail.be/vehicle/IC727,http://irail.be/stations/NMBS/008893120,IC,2018-06-15T06:36:00,2018-06-15T06:35:00,175,-17
http://irail.be/vehicle/IC727,http://irail.be/stations/NMBS/008894151,IC,2018-06-15T06:43:00,2018-06-15T06:43:00,274,274
http://irail.be/vehicle/IC727,http://irail.be/stations/NMBS/008894201,IC,2018-06-15T06:50:00,2018-06-15T06:48:00,282,315
http://irail.be/vehicle/IC727,NO-URI,IC,2018-06-15T06:52:00,2018-06-15T06:52:00,269,269
http://irail.be/vehicle/IC727,http://irail.be/stations/NMBS/008894425,IC,2018-06-15T06:54:00,2018-06-15T06:54:00,274,274
http://irail.be/vehicle/IC727,http://irail.be/stations/NMBS/008894433,IC,2018-06-15T06:55:00,2018-06-15T06:55:00,265,265
http://irail.be/vehicle/IC727,http://irail.be/stations/NMBS/008894508,IC,2018-06-15T07:00:00,2018-06-15T06:58:00,207,252
http://irail.be/vehicle/IC727,NO-URI,IC,2018-06-15T07:02:00,2018-06-15T07:02:00,214,214
http://irail.be/vehicle/IC727,http://irail.be/stations/NMBS/008894714,IC,2018-06-15T07:03:00,2018-06-15T07:03:00,198,198
http://irail.be/vehicle/IC727,http://irail.be/stations/NMBS/008894748,IC,2018-06-15T07:06:00,2018-06-15T07:06:00,169,169
http://irail.be/vehicle/IC727,http://irail.be/stations/NMBS/008894755,IC,2018-06-15T07:07:00,2018-06-15T07:07:00,168,168
http://irail.be/vehicle/IC727,http://irail.be/stations/NMBS/008894821,IC,2018-06-15T07:08:00,2018-06-15T07:08:00,194,194
http://irail.be/vehicle/IC727,http://irail.be/stations/NMBS/008821196,IC,2018-06-15T07:12:00,2018-06-15T07:12:00,174,174
http://irail.be/vehicle/IC727,http://irail.be/stations/NMBS/008821121,IC,2018-06-15T07:19:00,2018-06-15T07:17:00,125,120
http://irail.be/vehicle/IC727,http://irail.be/stations/NMBS/008821006,IC,2018-06-15T07:23:00,2018-06-15T07:23:00,,98
http://irail.be/vehicle/IC727,http://irail.be/stations/NMBS/008896735,IC,2018-03-31T05:08:00,2018-03-31T05:08:00,50,
http://irail.be/vehicle/IC727,http://irail.be/stations/NMBS/008896503,IC,2018-03-31T05:16:00,2018-03-31T05:15:00,72,44
http://irail.be/vehicle/IC727,http://irail.be/stations/NMBS/008896412,IC,2018-03-31T05:26:00,2018-03-31T05:25:00,12,37
http://irail.be/vehicle/IC727,http://irail.be/stations/NMBS/008896396,IC,2018-03-31T05:30:00,2018-03-31T05:29:00,12,12
http://irail.be/vehicle/IC727,http://irail.be/stations/NMBS/008896305,IC,2018-03-31T05:35:00,2018-03-31T05:34:00,2,12
http://irail.be/vehicle/IC727,http://irail.be/stations/NMBS/008896370,IC,2018-03-31T05:40:00,2018-03-31T05:40:00,65,2
http://irail.be/vehicle/IC727,http://irail.be/stations/NMBS/008896388,IC,2018-03-31T05:44:00,2018-03-31T05:44:00,65,65
http://irail.be/vehicle/IC727,http://irail.be/stations/NMBS/008896008,IC,2018-03-31T05:57:00,2018-03-31T05:50:00,21,-21
http://irail.be/vehicle/IC727,http://irail.be/stations/NMBS/008896115,IC,2018-03-31T06:01:00,2018-03-31T06:01:00,68,68
http://irail.be/vehicle/IC727,http://irail.be/stations/NMBS/008896149,IC,2018-03-31T06:06:00,2018-03-31T06:05:00,102,83
http://irail.be/vehicle/IC727,http://irail.be/stations/NMBS/008892106,IC,2018-03-31T06:15:00,2018-03-31T06:15:00,-8,-8
http://irail.be/vehicle/IC727,NO-URI,IC,2018-03-31T06:15:00,2018-03-31T06:15:00,9,9
http://irail.be/vehicle/IC727,http://irail.be/stations/NMBS/008892080,IC,2018-03-31T06:18:00,2018-03-31T06:18:00,-3,-3
http://irail.be/vehicle/IC727,http://irail.be/stations/NMBS/008892007,IC,2018-03-31T06:27:00,2018-03-31T06:24:00,55,23
http://irail.be/vehicle/IC727,NO-URI,IC,2018-03-31T06:31:00,2018-03-31T06:31:00,80,80
http://irail.be/vehicle/IC727,http://irail.be/stations/NMBS/008893179,IC,2018-03-31T06:32:00,2018-03-31T06:32:00,-126,-126
http://irail.be/vehicle/IC727,http://irail.be/stations/NMBS/008893120,IC,2018-03-31T06:36:00,2018-03-31T06:35:00,-126,-126
http://irail.be/vehicle/IC727,http://irail.be/stations/NMBS/008894151,IC,2018-03-31T06:43:00,2018-03-31T06:43:00,120,120
http://irail.be/vehicle/IC727,http://irail.be/stations/NMBS/008894201,IC,2018-03-31T06:50:00,2018-03-31T06:48:00,67,77
http://irail.be/vehicle/IC727,NO-URI,IC,2018-03-31T06:52:00,2018-03-31T06:52:00,85,85
http://irail.be/vehicle/IC727,http://irail.be/stations/NMBS/008894425,IC,2018-03-31T06:54:00,2018-03-31T06:54:00,114,114
http://irail.be/vehicle/IC727,http://irail.be/stations/NMBS/008894433,IC,2018-03-31T06:55:00,2018-03-31T06:55:00,102,102
http://irail.be/vehicle/IC727,http://irail.be/stations/NMBS/008894508,IC,2018-03-31T07:00:00,2018-03-31T06:58:00,58,89
http://irail.be/vehicle/IC727,NO-URI,IC,2018-03-31T07:02:00,2018-03-31T07:02:00,58,58
http://irail.be/vehicle/IC727,http://irail.be/stations/NMBS/008894714,IC,2018-03-31T07:03:00,2018-03-31T07:03:00,47,47
http://irail.be/vehicle/IC727,http://irail.be/stations/NMBS/008894748,IC,2018-03-31T07:06:00,2018-03-31T07:06:00,25,25
http://irail.be/vehicle/IC727,http://irail.be/stations/NMBS/008894755,IC,2018-03-31T07:07:00,2018-03-31T07:07:00,23,23
http://irail.be/vehicle/IC727,http://irail.be/stations/NMBS/008894821,IC,2018-03-31T07:08:00,2018-03-31T07:08:00,47,47
http://irail.be/vehicle/IC727,NO-URI,IC,2018-03-31T07:09:00,2018-03-31T07:09:00,47,47
http://irail.be/vehicle/IC727,http://irail.be/stations/NMBS/008821196,IC,2018-03-31T07:12:00,2018-03-31T07:12:00,14,14
http://irail.be/vehicle/IC727,http://irail.be/stations/NMBS/008821121,IC,2018-03-31T07:19:00,2018-03-31T07:17:00,4,-32
http://irail.be/vehicle/IC727,http://irail.be/stations/NMBS/008821006,IC,2018-03-31T07:23:00,2018-03-31T07:23:00,,0
http://irail.be/vehicle/IC727,http://irail.be/stations/NMBS/008896735,IC,2018-02-01T05:08:00,2018-02-01T05:08:00,78,
http://irail.be/vehicle/IC727,http://irail.be/stations/NMBS/008896503,IC,2018-02-01T05:16:00,2018-02-01T05:15:00,72,50
http://irail.be/vehicle/IC727,http://irail.be/stations/NMBS/008896412,IC,2018-02-01T05:26:00,2018-02-01T05:25:00,77,40
http://irail.be/vehicle/IC727,http://irail.be/stations/NMBS/008896396,IC,2018-02-01T05:30:00,2018-02-01T05:29:00,77,77
http://irail.be/vehicle/IC727,http://irail.be/stations/NMBS/008896305,IC,2018-02-01T05:35:00,2018-02-01T05:34:00,67,77
http://irail.be/vehicle/IC727,http://irail.be/stations/NMBS/008896370,IC,2018-02-01T05:40:00,2018-02-01T05:40:00,67,67
http://irail.be/vehicle/IC727,http://irail.be/stations/NMBS/008896388,IC,2018-02-01T05:44:00,2018-02-01T05:44:00,62,62
http://irail.be/vehicle/IC727,http://irail.be/stations/NMBS/008896008,IC,2018-02-01T05:57:00,2018-02-01T05:50:00,85,-38
http://irail.be/vehicle/IC727,http://irail.be/stations/NMBS/008896115,IC,2018-02-01T06:01:00,2018-02-01T06:01:00,146,146
http://irail.be/vehicle/IC727,http://irail.be/stations/NMBS/008896149,IC,2018-02-01T06:06:00,2018-02-01T06:05:00,164,183
http://irail.be/vehicle/IC727,http://irail.be/stations/NMBS/008892106,IC,2018-02-01T06:15:00,2018-02-01T06:15:00,19,19
http://irail.be/vehicle/IC727,NO-URI,IC,2018-02-01T06:15:00,2018-02-01T06:15:00,37,37
http://irail.be/vehicle/IC727,http://irail.be/stations/NMBS/008892080,IC,2018-02-01T06:18:00,2018-02-01T06:18:00,21,21
http://irail.be/vehicle/IC727,http://irail.be/stations/NMBS/008892007,IC,2018-02-01T06:27:00,2018-02-01T06:24:00,30,-4
http://irail.be/vehicle/IC727,NO-URI,IC,2018-02-01T06:31:00,2018-02-01T06:31:00,49,49
http://irail.be/vehicle/IC727,http://irail.be/stations/NMBS/008893179,IC,2018-02-01T06:32:00,2018-02-01T06:32:00,-152,-152
http://irail.be/vehicle/IC727,http://irail.be/stations/NMBS/008893120,IC,2018-02-01T06:36:00,2018-02-01T06:35:00,-152,-152
http://irail.be/vehicle/IC727,http://irail.be/stations/NMBS/008894151,IC,2018-02-01T06:43:00,2018-02-01T06:43:00,54,54
http://irail.be/vehicle/IC727,http://irail.be/stations/NMBS/008894201,IC,2018-02-01T06:50:00,2018-02-01T06:48:00,25,15
http://irail.be/vehicle/IC727,NO-URI,IC,2018-02-01T06:52:00,2018-02-01T06:52:00,8,8
http://irail.be/vehicle/IC727,http://irail.be/stations/NMBS/008894425,IC,2018-02-01T06:54:00,2018-02-01T06:54:00,11,11
http://irail.be/vehicle/IC727,http://irail.be/stations/NMBS/008894433,IC,2018-02-01T06:55:00,2018-02-01T06:55:00,2,2
http://irail.be/vehicle/IC727,http://irail.be/stations/NMBS/008894508,IC,2018-02-01T07:00:00,2018-02-01T06:58:00,28,-12
http://irail.be/vehicle/IC727,NO-URI,IC,2018-02-01T07:02:00,2018-02-01T07:02:00,32,32
http://irail.be/vehicle/IC727,http://irail.be/stations/NMBS/008894714,IC,2018-02-01T07:03:00,2018-02-01T07:03:00,16,16
http://irail.be/vehicle/IC727,http://irail.be/stations/NMBS/008894748,IC,2018-02-01T07:06:00,2018-02-01T07:06:00,-14,-14
http://irail.be/vehicle/IC727,http://irail.be/stations/NMBS/008894755,IC,2018-02-01T07:07:00,2018-02-01T07:07:00,-18,-18
http://irail.be/vehicle/IC727,http://irail.be/stations/NMBS/008894821,IC,2018-02-01T07:08:00,2018-02-01T07:08:00,3,3
http://irail.be/vehicle/IC727,NO-URI,IC,2018-02-01T07:09:00,2018-02-01T07:09:00,3,3
http://irail.be/vehicle/IC727,http://irail.be/stations/NMBS/008821196,IC,2018-02-01T07:12:00,2018-02-01T07:12:00,-28,-28
http://irail.be/vehicle/IC727,http://irail.be/stations/NMBS/008821121,IC,2018-02-01T07:19:00,2018-02-01T07:17:00,113,-28
http://irail.be/vehicle/IC727,http://irail.be/stations/NMBS/008821006,IC,2018-02-01T07:23:00,2018-02-01T07:23:00,,130
http://irail.be/vehicle/IC727,http://irail.be/stations/NMBS/008896735,IC,2018-07-19T05:08:00,2018-07-19T05:08:00,72,
http://irail.be/vehicle/IC727,http://irail.be/stations/NMBS/008896503,IC,2018-07-19T05:16:00,2018-07-19T05:15:00,45,46
http://irail.be/vehicle/IC727,http://irail.be/stations/NMBS/008896412,IC,2018-07-19T05:26:00,2018-07-19T05:25:00,-36,12
http://irail.be/vehicle/IC727,http://irail.be/stations/NMBS/008896396,IC,2018-07-19T05:30:00,2018-07-19T05:29:00,-36,-36
http://irail.be/vehicle/IC727,http://irail.be/stations/NMBS/008896305,IC,2018-07-19T05:35:00,2018-07-19T05:34:00,-12,-36
http://irail.be/vehicle/IC727,http://irail.be/stations/NMBS/008896370,IC,2018-07-19T05:40:00,2018-07-19T05:39:00,-39,-12
http://irail.be/vehicle/IC727,http://irail.be/stations/NMBS/008896388,IC,2018-07-19T05:45:00,2018-07-19T05:44:00,-39,-39
http://irail.be/vehicle/IC727,http://irail.be/stations/NMBS/008896008,IC,2018-07-19T05:58:00,2018-07-19T05:50:00,28,-23
http://irail.be/vehicle/IC727,http://irail.be/stations/NMBS/008896115,IC,2018-07-19T06:02:00,2018-07-19T06:02:00,7,7
http://irail.be/vehicle/IC727,http://irail.be/stations/NMBS/008896149,IC,2018-07-19T06:08:00,2018-07-19T06:07:00,-26,-34
http://irail.be/vehicle/IC727,http://irail.be/stations/NMBS/008892106,IC,2018-07-19T06:15:00,2018-07-19T06:15:00,-92,-92
http://irail.be/vehicle/IC727,NO-URI,IC,2018-07-19T06:15:00,2018-07-19T06:15:00,-59,-59
http://irail.be/vehicle/IC727,http://irail.be/stations/NMBS/008892080,IC,2018-07-19T06:18:00,2018-07-19T06:18:00,-86,-86
http://irail.be/vehicle/IC727,http://irail.be/stations/NMBS/008892007,IC,2018-07-19T06:27:00,2018-07-19T06:24:00,9,-117
http://irail.be/vehicle/IC727,NO-URI,IC,2018-07-19T06:31:00,2018-07-19T06:31:00,41,41
http://irail.be/vehicle/IC727,http://irail.be/stations/NMBS/008893179,IC,2018-07-19T06:32:00,2018-07-19T06:32:00,-106,-106
http://irail.be/vehicle/IC727,http://irail.be/stations/NMBS/008893120,IC,2018-07-19T06:36:00,2018-07-19T06:35:00,115,-106
http://irail.be/vehicle/IC727,http://irail.be/stations/NMBS/008894151,IC,2018-07-19T06:43:00,2018-07-19T06:43:00,83,83
http://irail.be/vehicle/IC727,http://irail.be/stations/NMBS/008894201,IC,2018-07-19T06:50:00,2018-07-19T06:48:00,-1,38
http://irail.be/vehicle/IC727,NO-URI,IC,2018-07-19T06:52:00,2018-07-19T06:52:00,-19,-19
http://irail.be/vehicle/IC727,http://irail.be/stations/NMBS/008894425,IC,2018-07-19T06:54:00,2018-07-19T06:54:00,-17,-17
http://irail.be/vehicle/IC727,http://irail.be/stations/NMBS/008894433,IC,2018-07-19T06:55:00,2018-07-19T06:55:00,-28,-28
http://irail.be/vehicle/IC727,http://irail.be/stations/NMBS/008894508,IC,2018-07-19T07:00:00,2018-07-19T06:58:00,-22,-36
http://irail.be/vehicle/IC727,NO-URI,IC,2018-07-19T07:02:00,2018-07-19T07:02:00,-39,-39
http://irail.be/vehicle/IC727,http://irail.be/stations/NMBS/008894714,IC,2018-07-19T07:03:00,2018-07-19T07:03:00,-59,-59
http://irail.be/vehicle/IC727,http://irail.be/stations/NMBS/008894748,IC,2018-07-19T07:06:00,2018-07-19T07:06:00,-93,-93
http://irail.be/vehicle/IC727,http://irail.be/stations/NMBS/008894755,IC,2018-07-19T07:07:00,2018-07-19T07:07:00,-99,-99
http://irail.be/vehicle/IC727,http://irail.be/stations/NMBS/008894821,IC,2018-07-19T07:08:00,2018-07-19T07:08:00,-79,-79
http://irail.be/vehicle/IC727,http://irail.be/stations/NMBS/008821196,IC,2018-07-19T07:12:00,2018-07-19T07:12:00,-113,-113
http://irail.be/vehicle/IC727,http://irail.be/stations/NMBS/008821121,IC,2018-07-19T07:19:00,2018-07-19T07:17:00,-19,6
http://irail.be/vehicle/IC727,http://irail.be/stations/NMBS/008821006,IC,2018-07-19T07:23:00,2018-07-19T07:23:00,,-54
http://irail.be/vehicle/IC727,http://irail.be/stations/NMBS/008896735,IC,2018-02-12T05:08:00,2018-02-12T05:08:00,79,
http://irail.be/vehicle/IC727,http://irail.be/stations/NMBS/008896503,IC,2018-02-12T05:16:00,2018-02-12T05:15:00,54,48
http://irail.be/vehicle/IC727,http://irail.be/stations/NMBS/008896412,IC,2018-02-12T05:26:00,2018-02-12T05:25:00,0,15
http://irail.be/vehicle/IC727,http://irail.be/stations/NMBS/008896396,IC,2018-02-12T05:30:00,2018-02-12T05:29:00,0,0
http://irail.be/vehicle/IC727,http://irail.be/stations/NMBS/008896305,IC,2018-02-12T05:35:00,2018-02-12T05:34:00,-11,0
http://irail.be/vehicle/IC727,http://irail.be/stations/NMBS/008896370,IC,2018-02-12T05:40:00,2018-02-12T05:40:00,11,-11
http://irail.be/vehicle/IC727,http://irail.be/stations/NMBS/008896388,IC,2018-02-12T05:44:00,2018-02-12T05:44:00,11,11
http://irail.be/vehicle/IC727,http://irail.be/stations/NMBS/008896008,IC,2018-02-12T05:57:00,2018-02-12T05:50:00,66,-61
http://irail.be/vehicle/IC727,http://irail.be/stations/NMBS/008896115,IC,2018-02-12T06:01:00,2018-02-12T06:01:00,126,126
http://irail.be/vehicle/IC727,http://irail.be/stations/NMBS/008896149,IC,2018-02-12T06:06:00,2018-02-12T06:05:00,153,152
http://irail.be/vehicle/IC727,http://irail.be/stations/NMBS/008892106,IC,2018-02-12T06:15:00,2018-02-12T06:15:00,3,3
http://irail.be/vehicle/IC727,NO-URI,IC,2018-02-12T06:15:00,2018-02-12T06:15:00,20,20
http://irail.be/vehicle/IC727,http://irail.be/stations/NMBS/008892080,IC,2018-02-12T06:18:00,2018-02-12T06:18:00,1,1
http://irail.be/vehicle/IC727,http://irail.be/stations/NMBS/008892007,IC,2018-02-12T06:27:00,2018-02-12T06:24:00,27,-39
http://irail.be/vehicle/IC727,NO-URI,IC,2018-02-12T06:31:00,2018-02-12T06:31:00,55,55
http://irail.be/vehicle/IC727,http://irail.be/stations/NMBS/008893179,IC,2018-02-12T06:32:00,2018-02-12T06:32:00,-152,-152
http://irail.be/vehicle/IC727,http://irail.be/stations/NMBS/008893120,IC,2018-02-12T06:36:00,2018-02-12T06:35:00,-152,-152
http://irail.be/vehicle/IC727,http://irail.be/stations/NMBS/008894151,IC,2018-02-12T06:43:00,2018-02-12T06:43:00,186,186
http://irail.be/vehicle/IC727,http://irail.be/stations/NMBS/008894201,IC,2018-02-12T06:50:00,2018-02-12T06:48:00,99,150
http://irail.be/vehicle/IC727,NO-URI,IC,2018-02-12T06:52:00,2018-02-12T06:52:00,85,85
http://irail.be/vehicle/IC727,http://irail.be/stations/NMBS/008894425,IC,2018-02-12T06:54:00,2018-02-12T06:54:00,91,91
http://irail.be/vehicle/IC727,http://irail.be/stations/NMBS/008894433,IC,2018-02-12T06:55:00,2018-02-12T06:55:00,83,83
http://irail.be/vehicle/IC727,http://irail.be/stations/NMBS/008894508,IC,2018-02-12T07:00:00,2018-02-12T06:58:00,25,68
http://irail.be/vehicle/IC727,NO-URI,IC,2018-02-12T07:02:00,2018-02-12T07:02:00,22,22
http://irail.be/vehicle/IC727,http://irail.be/stations/NMBS/008894714,IC,2018-02-12T07:03:00,2018-02-12T07:03:00,3,3
http://irail.be/vehicle/IC727,http://irail.be/stations/NMBS/008894748,IC,2018-02-12T07:06:00,2018-02-12T07:06:00,-28,-28
http://irail.be/vehicle/IC727,http://irail.be/stations/NMBS/008894755,IC,2018-02-12T07:07:00,2018-02-12T07:07:00,-32,-32
http://irail.be/vehicle/IC727,http://irail.be/stations/NMBS/008894821,IC,2018-02-12T07:08:00,2018-02-12T07:08:00,-5,-5
http://irail.be/vehicle/IC727,NO-URI,IC,2018-02-12T07:09:00,2018-02-12T07:09:00,-5,-5
http://irail.be/vehicle/IC727,http://irail.be/stations/NMBS/008821196,IC,2018-02-12T07:12:00,2018-02-12T07:12:00,-28,-28
http://irail.be/vehicle/IC727,http://irail.be/stations/NMBS/008821121,IC,2018-02-12T07:19:00,2018-02-12T07:17:00,122,64
http://irail.be/vehicle/IC727,http://irail.be/stations/NMBS/008821006,IC,2018-02-12T07:23:00,2018-02-12T07:23:00,,118
http://irail.be/vehicle/IC727,http://irail.be/stations/NMBS/008896735,IC,2018-01-11T05:08:00,2018-01-11T05:08:00,50,
http://irail.be/vehicle/IC727,http://irail.be/stations/NMBS/008896503,IC,2018-01-11T05:16:00,2018-01-11T05:15:00,47,23
http://irail.be/vehicle/IC727,http://irail.be/stations/NMBS/008896412,IC,2018-01-11T05:26:00,2018-01-11T05:25:00,2,20
http://irail.be/vehicle/IC727,http://irail.be/stations/NMBS/008896396,IC,2018-01-11T05:30:00,2018-01-11T05:29:00,2,2
http://irail.be/vehicle/IC727,http://irail.be/stations/NMBS/008896305,IC,2018-01-11T05:35:00,2018-01-11T05:34:00,-24,2
http://irail.be/vehicle/IC727,http://irail.be/stations/NMBS/008896370,IC,2018-01-11T05:40:00,2018-01-11T05:40:00,33,-24
http://irail.be/vehicle/IC727,http://irail.be/stations/NMBS/008896388,IC,2018-01-11T05:44:00,2018-01-11T05:44:00,33,33
http://irail.be/vehicle/IC727,http://irail.be/stations/NMBS/008896008,IC,2018-01-11T05:57:00,2018-01-11T05:50:00,35,1
http://irail.be/vehicle/IC727,http://irail.be/stations/NMBS/008896115,IC,2018-01-11T06:01:00,2018-01-11T06:01:00,137,137
http://irail.be/vehicle/IC727,http://irail.be/stations/NMBS/008896149,IC,2018-01-11T06:06:00,2018-01-11T06:05:00,284,228
http://irail.be/vehicle/IC727,http://irail.be/stations/NMBS/008892106,IC,2018-01-11T06:15:00,2018-01-11T06:15:00,146,146
http://irail.be/vehicle/IC727,NO-URI,IC,2018-01-11T06:15:00,2018-01-11T06:15:00,217,217
http://irail.be/vehicle/IC727,http://irail.be/stations/NMBS/008892080,IC,2018-01-11T06:18:00,2018-01-11T06:18:00,226,226
http://irail.be/vehicle/IC727,http://irail.be/stations/NMBS/008892007,IC,2018-01-11T06:27:00,2018-01-11T06:24:00,208,202
http://irail.be/vehicle/IC727,NO-URI,IC,2018-01-11T06:31:00,2018-01-11T06:31:00,202,202
http://irail.be/vehicle/IC727,http://irail.be/stations/NMBS/008893179,IC,2018-01-11T06:32:00,2018-01-11T06:32:00,-11,-11
http://irail.be/vehicle/IC727,http://irail.be/stations/NMBS/008893120,IC,2018-01-11T06:36:00,2018-01-11T06:35:00,-11,-11
http://irail.be/vehicle/IC727,http://irail.be/stations/NMBS/008894151,IC,2018-01-11T06:43:00,2018-01-11T06:43:00,129,129
http://irail.be/vehicle/IC727,http://irail.be/stations/NMBS/008894201,IC,2018-01-11T06:50:00,2018-01-11T06:48:00,44,84
http://irail.be/vehicle/IC727,NO-URI,IC,2018-01-11T06:52:00,2018-01-11T06:52:00,31,31
http://irail.be/vehicle/IC727,http://irail.be/stations/NMBS/008894425,IC,2018-01-11T06:54:00,2018-01-11T06:54:00,32,32
http://irail.be/vehicle/IC727,http://irail.be/stations/NMBS/008894433,IC,2018-01-11T06:55:00,2018-01-11T06:55:00,20,20
http://irail.be/vehicle/IC727,http://irail.be/stations/NMBS/008894508,IC,2018-01-11T07:00:00,2018-01-11T06:58:00,8,5
http://irail.be/vehicle/IC727,NO-URI,IC,2018-01-11T07:02:00,2018-01-11T07:02:00,2,2
http://irail.be/vehicle/IC727,http://irail.be/stations/NMBS/008894714,IC,2018-01-11T07:03:00,2018-01-11T07:03:00,-16,-16
http://irail.be/vehicle/IC727,http://irail.be/stations/NMBS/008894748,IC,2018-01-11T07:06:00,2018-01-11T07:06:00,-51,-51
http://irail.be/vehicle/IC727,http://irail.be/stations/NMBS/008894755,IC,2018-01-11T07:07:00,2018-01-11T07:07:00,-58,-58
http://irail.be/vehicle/IC727,http://irail.be/stations/NMBS/008894821,IC,2018-01-11T07:08:00,2018-01-11T07:08:00,-39,-39
http://irail.be/vehicle/IC727,NO-URI,IC,2018-01-11T07:09:00,2018-01-11T07:09:00,-39,-39
http://irail.be/vehicle/IC727,http://irail.be/stations/NMBS/008821196,IC,2018-01-11T07:12:00,2018-01-11T07:12:00,-77,-77
http://irail.be/vehicle/IC727,http://irail.be/stations/NMBS/008821121,IC,2018-01-11T07:19:00,2018-01-11T07:17:00,94,-55
http://irail.be/vehicle/IC727,http://irail.be/stations/NMBS/008821006,IC,2018-01-11T07:23:00,2018-01-11T07:23:00,,89
http://irail.be/vehicle/IC727,http://irail.be/stations/NMBS/008896735,IC,2018-12-30T05:08:00,2018-12-30T05:08:00,49,
http://irail.be/vehicle/IC727,http://irail.be/stations/NMBS/008896503,IC,2018-12-30T05:16:00,2018-12-30T05:15:00,14,20
http://irail.be/vehicle/IC727,http://irail.be/stations/NMBS/008896412,IC,2018-12-30T05:26:00,2018-12-30T05:25:00,-15,-17
http://irail.be/vehicle/IC727,http://irail.be/stations/NMBS/008896396,IC,2018-12-30T05:30:00,2018-12-30T05:29:00,-15,-15
http://irail.be/vehicle/IC727,http://irail.be/stations/NMBS/008896305,IC,2018-12-30T05:35:00,2018-12-30T05:34:00,-29,-15
http://irail.be/vehicle/IC727,http://irail.be/stations/NMBS/008896370,IC,2018-12-30T05:40:00,2018-12-30T05:39:00,-29,-29
http://irail.be/vehicle/IC727,http://irail.be/stations/NMBS/008896388,IC,2018-12-30T05:45:00,2018-12-30T05:44:00,-29,-29
http://irail.be/vehicle/IC727,http://irail.be/stations/NMBS/008896008,IC,2018-12-30T05:56:00,2018-12-30T05:50:00,30,-48
http://irail.be/vehicle/IC727,http://irail.be/stations/NMBS/008896115,IC,2018-12-30T06:01:00,2018-12-30T06:01:00,12,12
http://irail.be/vehicle/IC727,http://irail.be/stations/NMBS/008896149,IC,2018-12-30T06:07:00,2018-12-30T06:06:00,32,-21
http://irail.be/vehicle/IC727,http://irail.be/stations/NMBS/008892106,IC,2018-12-30T06:15:00,2018-12-30T06:15:00,72,72
http://irail.be/vehicle/IC727,NO-URI,IC,2018-12-30T06:16:00,2018-12-30T06:16:00,77,77
http://irail.be/vehicle/IC727,http://irail.be/stations/NMBS/008892080,IC,2018-12-30T06:19:00,2018-12-30T06:19:00,54,54
http://irail.be/vehicle/IC727,http://irail.be/stations/NMBS/008892007,IC,2018-12-30T06:27:00,2018-12-30T06:25:00,66,63
http://irail.be/vehicle/IC727,NO-URI,IC,2018-12-30T06:32:00,2018-12-30T06:32:00,64,64
http://irail.be/vehicle/IC727,http://irail.be/stations/NMBS/008893179,IC,2018-12-30T06:33:00,2018-12-30T06:33:00,99,99
http://irail.be/vehicle/IC727,http://irail.be/stations/NMBS/008893120,IC,2018-12-30T06:36:00,2018-12-30T06:35:00,99,0
http://irail.be/vehicle/IC727,http://irail.be/stations/NMBS/008894151,IC,2018-12-30T06:44:00,2018-12-30T06:44:00,26,26
http://irail.be/vehicle/IC727,http://irail.be/stations/NMBS/008894201,IC,2018-12-30T06:50:00,2018-12-30T06:48:00,20,24
http://irail.be/vehicle/IC727,NO-URI,IC,2018-12-30T06:52:00,2018-12-30T06:52:00,40,40
http://irail.be/vehicle/IC727,http://irail.be/stations/NMBS/008894425,IC,2018-12-30T06:54:00,2018-12-30T06:54:00,52,52
http://irail.be/vehicle/IC727,http://irail.be/stations/NMBS/008894433,IC,2018-12-30T06:55:00,2018-12-30T06:55:00,43,43
http://irail.be/vehicle/IC727,http://irail.be/stations/NMBS/008894508,IC,2018-12-30T07:00:00,2018-12-30T06:58:00,20,29
http://irail.be/vehicle/IC727,NO-URI,IC,2018-12-30T07:02:00,2018-12-30T07:02:00,32,32
http://irail.be/vehicle/IC727,http://irail.be/stations/NMBS/008894714,IC,2018-12-30T07:03:00,2018-12-30T07:03:00,20,20
http://irail.be/vehicle/IC727,http://irail.be/stations/NMBS/008894748,IC,2018-12-30T07:06:00,2018-12-30T07:06:00,-7,-7
http://irail.be/vehicle/IC727,http://irail.be/stations/NMBS/008894755,IC,2018-12-30T07:07:00,2018-12-30T07:07:00,-10,-10
http://irail.be/vehicle/IC727,http://irail.be/stations/NMBS/008894821,IC,2018-12-30T07:08:00,2018-12-30T07:08:00,9,9
http://irail.be/vehicle/IC727,http://irail.be/stations/NMBS/008821196,IC,2018-12-30T07:12:00,2018-12-30T07:12:00,-22,-22
http://irail.be/vehicle/IC727,http://irail.be/stations/NMBS/008821121,IC,2018-12-30T07:19:00,2018-12-30T07:17:00,-8,-59
http://irail.be/vehicle/IC727,http://irail.be/stations/NMBS/008821006,IC,2018-12-30T07:23:00,2018-12-30T07:23:00,,-2
http://irail.be/vehicle/IC727,http://irail.be/stations/NMBS/008892007,IC,2018-04-07T06:27:00,2018-04-07T06:27:00,28,
http://irail.be/vehicle/IC727,NO-URI,IC,2018-04-07T06:31:00,2018-04-07T06:31:00,33,33
http://irail.be/vehicle/IC727,http://irail.be/stations/NMBS/008893179,IC,2018-04-07T06:32:00,2018-04-07T06:32:00,-182,-182
http://irail.be/vehicle/IC727,http://irail.be/stations/NMBS/008893120,IC,2018-04-07T06:36:00,2018-04-07T06:35:00,6,-182
http://irail.be/vehicle/IC727,http://irail.be/stations/NMBS/008894151,IC,2018-04-07T06:43:00,2018-04-07T06:43:00,-42,-42
http://irail.be/vehicle/IC727,http://irail.be/stations/NMBS/008894201,IC,2018-04-07T06:50:00,2018-04-07T06:48:00,30,-94
http://irail.be/vehicle/IC727,NO-URI,IC,2018-04-07T06:52:00,2018-04-07T06:52:00,21,21
http://irail.be/vehicle/IC727,http://irail.be/stations/NMBS/008894425,IC,2018-04-07T06:54:00,2018-04-07T06:54:00,25,25
http://irail.be/vehicle/IC727,http://irail.be/stations/NMBS/008894433,IC,2018-04-07T06:55:00,2018-04-07T06:55:00,14,14
http://irail.be/vehicle/IC727,http://irail.be/stations/NMBS/008894508,IC,2018-04-07T07:00:00,2018-04-07T06:58:00,73,-8
http://irail.be/vehicle/IC727,NO-URI,IC,2018-04-07T07:02:00,2018-04-07T07:02:00,61,61
http://irail.be/vehicle/IC727,http://irail.be/stations/NMBS/008894714,IC,2018-04-07T07:03:00,2018-04-07T07:03:00,44,44
http://irail.be/vehicle/IC727,http://irail.be/stations/NMBS/008894748,IC,2018-04-07T07:05:00,2018-04-07T07:05:00,62,62
http://irail.be/vehicle/IC727,http://irail.be/stations/NMBS/008894755,IC,2018-04-07T07:07:00,2018-04-07T07:07:00,-2,-2
http://irail.be/vehicle/IC727,http://irail.be/stations/NMBS/008894821,IC,2018-04-07T07:09:00,2018-04-07T07:09:00,-16,-16
http://irail.be/vehicle/IC727,NO-URI,IC,2018-04-07T07:09:00,2018-04-07T07:09:00,-16,-16
http://irail.be/vehicle/IC727,http://irail.be/stations/NMBS/008821196,IC,2018-04-07T07:12:00,2018-04-07T07:12:00,46,46
http://irail.be/vehicle/IC727,http://irail.be/stations/NMBS/008821121,IC,2018-04-07T07:19:00,2018-04-07T07:17:00,-34,-24
http://irail.be/vehicle/IC727,http://irail.be/stations/NMBS/008821006,IC,2018-04-07T07:23:00,2018-04-07T07:23:00,,-62
http://irail.be/vehicle/IC727,http://irail.be/stations/NMBS/008896735,IC,2018-01-07T05:08:00,2018-01-07T05:08:00,118,
http://irail.be/vehicle/IC727,http://irail.be/stations/NMBS/008896503,IC,2018-01-07T05:16:00,2018-01-07T05:15:00,88,77
http://irail.be/vehicle/IC727,http://irail.be/stations/NMBS/008896412,IC,2018-01-07T05:26:00,2018-01-07T05:25:00,31,44
http://irail.be/vehicle/IC727,http://irail.be/stations/NMBS/008896396,IC,2018-01-07T05:30:00,2018-01-07T05:29:00,31,31
http://irail.be/vehicle/IC727,http://irail.be/stations/NMBS/008896305,IC,2018-01-07T05:35:00,2018-01-07T05:34:00,-3,31
http://irail.be/vehicle/IC727,http://irail.be/stations/NMBS/008896370,IC,2018-01-07T05:40:00,2018-01-07T05:40:00,18,-3
http://irail.be/vehicle/IC727,http://irail.be/stations/NMBS/008896388,IC,2018-01-07T05:44:00,2018-01-07T05:44:00,18,18
http://irail.be/vehicle/IC727,http://irail.be/stations/NMBS/008896008,IC,2018-01-07T05:57:00,2018-01-07T05:50:00,355,237
http://irail.be/vehicle/IC727,http://irail.be/stations/NMBS/008896115,IC,2018-01-07T06:01:00,2018-01-07T06:01:00,329,329
http://irail.be/vehicle/IC727,http://irail.be/stations/NMBS/008896149,IC,2018-01-07T06:06:00,2018-01-07T06:05:00,285,327
http://irail.be/vehicle/IC727,http://irail.be/stations/NMBS/008892106,IC,2018-01-07T06:15:00,2018-01-07T06:15:00,130,130
http://irail.be/vehicle/IC727,NO-URI,IC,2018-01-07T06:15:00,2018-01-07T06:15:00,146,146
http://irail.be/vehicle/IC727,http://irail.be/stations/NMBS/008892080,IC,2018-01-07T06:18:00,2018-01-07T06:18:00,124,124
http://irail.be/vehicle/IC727,http://irail.be/stations/NMBS/008892007,IC,2018-01-07T06:27:00,2018-01-07T06:24:00,21,75
http://irail.be/vehicle/IC727,NO-URI,IC,2018-01-07T06:31:00,2018-01-07T06:31:00,32,32
http://irail.be/vehicle/IC727,http://irail.be/stations/NMBS/008893179,IC,2018-01-07T06:32:00,2018-01-07T06:32:00,-182,-182
http://irail.be/vehicle/IC727,http://irail.be/stations/NMBS/008893120,IC,2018-01-07T06:36:00,2018-01-07T06:35:00,-182,-182
http://irail.be/vehicle/IC727,http://irail.be/stations/NMBS/008894151,IC,2018-01-07T06:43:00,2018-01-07T06:43:00,28,28
http://irail.be/vehicle/IC727,http://irail.be/stations/NMBS/008894201,IC,2018-01-07T06:50:00,2018-01-07T06:48:00,20,-18
http://irail.be/vehicle/IC727,NO-URI,IC,2018-01-07T06:52:00,2018-01-07T06:52:00,11,11
http://irail.be/vehicle/IC727,http://irail.be/stations/NMBS/008894425,IC,2018-01-07T06:54:00,2018-01-07T06:54:00,16,16
http://irail.be/vehicle/IC727,http://irail.be/stations/NMBS/008894433,IC,2018-01-07T06:55:00,2018-01-07T06:55:00,5,5
http://irail.be/vehicle/IC727,http://irail.be/stations/NMBS/008894508,IC,2018-01-07T07:00:00,2018-01-07T06:58:00,30,-11
http://irail.be/vehicle/IC727,NO-URI,IC,2018-01-07T07:02:00,2018-01-07T07:02:00,28,28
http://irail.be/vehicle/IC727,http://irail.be/stations/NMBS/008894714,IC,2018-01-07T07:03:00,2018-01-07T07:03:00,10,10
http://irail.be/vehicle/IC727,http://irail.be/stations/NMBS/008894748,IC,2018-01-07T07:06:00,2018-01-07T07:06:00,-23,-23
http://irail.be/vehicle/IC727,http://irail.be/stations/NMBS/008894755,IC,2018-01-07T07:07:00,2018-01-07T07:07:00,-28,-28
http://irail.be/vehicle/IC727,http://irail.be/stations/NMBS/008894821,IC,2018-01-07T07:08:00,2018-01-07T07:08:00,-8,-8
http://irail.be/vehicle/IC727,NO-URI,IC,2018-01-07T07:09:00,2018-01-07T07:09:00,-8,-8
http://irail.be/vehicle/IC727,http://irail.be/stations/NMBS/008821196,IC,2018-01-07T07:12:00,2018-01-07T07:12:00,-46,-46
http://irail.be/vehicle/IC727,http://irail.be/stations/NMBS/008821121,IC,2018-01-07T07:19:00,2018-01-07T07:17:00,8,-77
http://irail.be/vehicle/IC727,http://irail.be/stations/NMBS/008821006,IC,2018-01-07T07:23:00,2018-01-07T07:23:00,,-27
http://irail.be/vehicle/IC727,http://irail.be/stations/NMBS/008896735,IC,2018-11-01T05:08:00,2018-11-01T05:08:00,81,
http://irail.be/vehicle/IC727,http://irail.be/stations/NMBS/008896503,IC,2018-11-01T05:16:00,2018-11-01T05:15:00,65,43
http://irail.be/vehicle/IC727,http://irail.be/stations/NMBS/008896412,IC,2018-11-01T05:26:00,2018-11-01T05:25:00,27,28
http://irail.be/vehicle/IC727,http://irail.be/stations/NMBS/008896396,IC,2018-11-01T05:30:00,2018-11-01T05:29:00,27,27
http://irail.be/vehicle/IC727,http://irail.be/stations/NMBS/008896305,IC,2018-11-01T05:35:00,2018-11-01T05:34:00,34,27
http://irail.be/vehicle/IC727,http://irail.be/stations/NMBS/008896370,IC,2018-11-01T05:40:00,2018-11-01T05:39:00,30,34
http://irail.be/vehicle/IC727,http://irail.be/stations/NMBS/008896388,IC,2018-11-01T05:45:00,2018-11-01T05:44:00,30,30
http://irail.be/vehicle/IC727,http://irail.be/stations/NMBS/008896008,IC,2018-11-01T05:58:00,2018-11-01T05:50:00,104,10
http://irail.be/vehicle/IC727,http://irail.be/stations/NMBS/008896115,IC,2018-11-01T06:02:00,2018-11-01T06:02:00,130,130
http://irail.be/vehicle/IC727,http://irail.be/stations/NMBS/008896149,IC,2018-11-01T06:08:00,2018-11-01T06:07:00,102,87
http://irail.be/vehicle/IC727,http://irail.be/stations/NMBS/008892106,IC,2018-11-01T06:15:00,2018-11-01T06:15:00,33,33
http://irail.be/vehicle/IC727,NO-URI,IC,2018-11-01T06:15:00,2018-11-01T06:15:00,61,61
http://irail.be/vehicle/IC727,http://irail.be/stations/NMBS/008892080,IC,2018-11-01T06:18:00,2018-11-01T06:18:00,28,28
http://irail.be/vehicle/IC727,http://irail.be/stations/NMBS/008892007,IC,2018-11-01T06:27:00,2018-11-01T06:24:00,12,-14
http://irail.be/vehicle/IC727,NO-URI,IC,2018-11-01T06:31:00,2018-11-01T06:31:00,43,43
http://irail.be/vehicle/IC727,http://irail.be/stations/NMBS/008893179,IC,2018-11-01T06:32:00,2018-11-01T06:32:00,22,22
http://irail.be/vehicle/IC727,http://irail.be/stations/NMBS/008893120,IC,2018-11-01T06:36:00,2018-11-01T06:35:00,17,-82
http://irail.be/vehicle/IC727,http://irail.be/stations/NMBS/008894151,IC,2018-11-01T06:43:00,2018-11-01T06:43:00,15,15
http://irail.be/vehicle/IC727,http://irail.be/stations/NMBS/008894201,IC,2018-11-01T06:50:00,2018-11-01T06:48:00,34,-21
http://irail.be/vehicle/IC727,NO-URI,IC,2018-11-01T06:52:00,2018-11-01T06:52:00,20,20
http://irail.be/vehicle/IC727,http://irail.be/stations/NMBS/008894425,IC,2018-11-01T06:54:00,2018-11-01T06:54:00,22,22
http://irail.be/vehicle/IC727,http://irail.be/stations/NMBS/008894433,IC,2018-11-01T06:55:00,2018-11-01T06:55:00,13,13
http://irail.be/vehicle/IC727,http://irail.be/stations/NMBS/008894508,IC,2018-11-01T07:00:00,2018-11-01T06:58:00,-17,6
http://irail.be/vehicle/IC727,NO-URI,IC,2018-11-01T07:02:00,2018-11-01T07:02:00,-25,-25
http://irail.be/vehicle/IC727,http://irail.be/stations/NMBS/008894714,IC,2018-11-01T07:03:00,2018-11-01T07:03:00,-37,-37
http://irail.be/vehicle/IC727,http://irail.be/stations/NMBS/008894748,IC,2018-11-01T07:06:00,2018-11-01T07:06:00,-70,-70
http://irail.be/vehicle/IC727,http://irail.be/stations/NMBS/008894755,IC,2018-11-01T07:07:00,2018-11-01T07:07:00,-73,-73
http://irail.be/vehicle/IC727,http://irail.be/stations/NMBS/008894821,IC,2018-11-01T07:08:00,2018-11-01T07:08:00,-45,-45
http://irail.be/vehicle/IC727,http://irail.be/stations/NMBS/008821196,IC,2018-11-01T07:12:00,2018-11-01T07:12:00,-64,-64
http://irail.be/vehicle/IC727,http://irail.be/stations/NMBS/008821121,IC,2018-11-01T07:19:00,2018-11-01T07:17:00,-14,-87
http://irail.be/vehicle/IC727,http://irail.be/stations/NMBS/008821006,IC,2018-11-01T07:23:00,2018-11-01T07:23:00,,-54
http://irail.be/vehicle/IC727,http://irail.be/stations/NMBS/008896735,IC,2018-07-30T05:08:00,2018-07-30T05:08:00,73,
http://irail.be/vehicle/IC727,http://irail.be/stations/NMBS/008896503,IC,2018-07-30T05:16:00,2018-07-30T05:15:00,63,50
http://irail.be/vehicle/IC727,http://irail.be/stations/NMBS/008896412,IC,2018-07-30T05:26:00,2018-07-30T05:25:00,8,30
http://irail.be/vehicle/IC727,http://irail.be/stations/NMBS/008896396,IC,2018-07-30T05:30:00,2018-07-30T05:29:00,8,8
http://irail.be/vehicle/IC727,http://irail.be/stations/NMBS/008896305,IC,2018-07-30T05:35:00,2018-07-30T05:34:00,15,8
http://irail.be/vehicle/IC727,http://irail.be/stations/NMBS/008896370,IC,2018-07-30T05:40:00,2018-07-30T05:39:00,-4,15
http://irail.be/vehicle/IC727,http://irail.be/stations/NMBS/008896388,IC,2018-07-30T05:45:00,2018-07-30T05:44:00,-4,-4
http://irail.be/vehicle/IC727,http://irail.be/stations/NMBS/008896008,IC,2018-07-30T05:58:00,2018-07-30T05:50:00,123,41
http://irail.be/vehicle/IC727,http://irail.be/stations/NMBS/008896115,IC,2018-07-30T06:02:00,2018-07-30T06:02:00,185,185
http://irail.be/vehicle/IC727,http://irail.be/stations/NMBS/008896149,IC,2018-07-30T06:08:00,2018-07-30T06:07:00,114,148
http://irail.be/vehicle/IC727,http://irail.be/stations/NMBS/008892106,IC,2018-07-30T06:15:00,2018-07-30T06:15:00,48,48
http://irail.be/vehicle/IC727,NO-URI,IC,2018-07-30T06:15:00,2018-07-30T06:15:00,86,86
http://irail.be/vehicle/IC727,http://irail.be/stations/NMBS/008892080,IC,2018-07-30T06:18:00,2018-07-30T06:18:00,62,62
http://irail.be/vehicle/IC727,http://irail.be/stations/NMBS/008892007,IC,2018-07-30T06:27:00,2018-07-30T06:24:00,2,36
http://irail.be/vehicle/IC727,NO-URI,IC,2018-07-30T06:31:00,2018-07-30T06:31:00,35,35
http://irail.be/vehicle/IC727,http://irail.be/stations/NMBS/008893179,IC,2018-07-30T06:32:00,2018-07-30T06:32:00,-148,-148
http://irail.be/vehicle/IC727,http://irail.be/stations/NMBS/008893120,IC,2018-07-30T06:36:00,2018-07-30T06:35:00,19,-148
http://irail.be/vehicle/IC727,http://irail.be/stations/NMBS/008894151,IC,2018-07-30T06:43:00,2018-07-30T06:43:00,-1,-1
http://irail.be/vehicle/IC727,http://irail.be/stations/NMBS/008894201,IC,2018-07-30T06:50:00,2018-07-30T06:48:00,5,-41
http://irail.be/vehicle/IC727,NO-URI,IC,2018-07-30T06:52:00,2018-07-30T06:52:00,-9,-9
http://irail.be/vehicle/IC727,http://irail.be/stations/NMBS/008894425,IC,2018-07-30T06:54:00,2018-07-30T06:54:00,-7,-7
http://irail.be/vehicle/IC727,http://irail.be/stations/NMBS/008894433,IC,2018-07-30T06:55:00,2018-07-30T06:55:00,-17,-17
http://irail.be/vehicle/IC727,http://irail.be/stations/NMBS/008894508,IC,2018-07-30T07:00:00,2018-07-30T06:58:00,-9,-30
http://irail.be/vehicle/IC727,NO-URI,IC,2018-07-30T07:02:00,2018-07-30T07:02:00,-15,-15
http://irail.be/vehicle/IC727,http://irail.be/stations/NMBS/008894714,IC,2018-07-30T07:03:00,2018-07-30T07:03:00,-32,-32
http://irail.be/vehicle/IC727,http://irail.be/stations/NMBS/008894748,IC,2018-07-30T07:06:00,2018-07-30T07:06:00,-63,-63
http://irail.be/vehicle/IC727,http://irail.be/stations/NMBS/008894755,IC,2018-07-30T07:07:00,2018-07-30T07:07:00,-68,-68
http://irail.be/vehicle/IC727,http://irail.be/stations/NMBS/008894821,IC,2018-07-30T07:08:00,2018-07-30T07:08:00,-49,-49
http://irail.be/vehicle/IC727,http://irail.be/stations/NMBS/008821196,IC,2018-07-30T07:12:00,2018-07-30T07:12:00,-97,-97
http://irail.be/vehicle/IC727,http://irail.be/stations/NMBS/008821121,IC,2018-07-30T07:19:00,2018-07-30T07:17:00,-17,-19
http://irail.be/vehicle/IC727,http://irail.be/stations/NMBS/008821006,IC,2018-07-30T07:23:00,2018-07-30T07:23:00,,-6
http://irail.be/vehicle/IC727,http://irail.be/stations/NMBS/008896735,IC,2018-03-11T05:08:00,2018-03-11T05:08:00,56,
http://irail.be/vehicle/IC727,http://irail.be/stations/NMBS/008896503,IC,2018-03-11T05:16:00,2018-03-11T05:15:00,46,29
http://irail.be/vehicle/IC727,http://irail.be/stations/NMBS/008896412,IC,2018-03-11T05:26:00,2018-03-11T05:25:00,110,19
http://irail.be/vehicle/IC727,http://irail.be/stations/NMBS/008896396,IC,2018-03-11T05:30:00,2018-03-11T05:29:00,110,110
http://irail.be/vehicle/IC727,http://irail.be/stations/NMBS/008896305,IC,2018-03-11T05:35:00,2018-03-11T05:34:00,86,110
http://irail.be/vehicle/IC727,http://irail.be/stations/NMBS/008896370,IC,2018-03-11T05:40:00,2018-03-11T05:40:00,86,86
http://irail.be/vehicle/IC727,http://irail.be/stations/NMBS/008896388,IC,2018-03-11T05:44:00,2018-03-11T05:44:00,72,72
http://irail.be/vehicle/IC727,http://irail.be/stations/NMBS/008896008,IC,2018-03-11T05:57:00,2018-03-11T05:50:00,37,45
http://irail.be/vehicle/IC727,http://irail.be/stations/NMBS/008896115,IC,2018-03-11T06:01:00,2018-03-11T06:01:00,18,18
http://irail.be/vehicle/IC727,http://irail.be/stations/NMBS/008896149,IC,2018-03-11T06:06:00,2018-03-11T06:05:00,10,22
http://irail.be/vehicle/IC727,http://irail.be/stations/NMBS/008892106,IC,2018-03-11T06:15:00,2018-03-11T06:15:00,-101,-101
http://irail.be/vehicle/IC727,NO-URI,IC,2018-03-11T06:15:00,2018-03-11T06:15:00,-84,-84
http://irail.be/vehicle/IC727,http://irail.be/stations/NMBS/008892080,IC,2018-03-11T06:18:00,2018-03-11T06:18:00,-105,-105
http://irail.be/vehicle/IC727,http://irail.be/stations/NMBS/008892007,IC,2018-03-11T06:27:00,2018-03-11T06:24:00,9,-93
http://irail.be/vehicle/IC727,NO-URI,IC,2018-03-11T06:31:00,2018-03-11T06:31:00,21,21
http://irail.be/vehicle/IC727,http://irail.be/stations/NMBS/008893179,IC,2018-03-11T06:32:00,2018-03-11T06:32:00,-190,-190
http://irail.be/vehicle/IC727,http://irail.be/stations/NMBS/008893120,IC,2018-03-11T06:36:00,2018-03-11T06:35:00,-190,-190
http://irail.be/vehicle/IC727,http://irail.be/stations/NMBS/008894151,IC,2018-03-11T06:43:00,2018-03-11T06:43:00,26,26
http://irail.be/vehicle/IC727,http://irail.be/stations/NMBS/008894201,IC,2018-03-11T06:50:00,2018-03-11T06:48:00,10,-23
http://irail.be/vehicle/IC727,NO-URI,IC,2018-03-11T06:52:00,2018-03-11T06:52:00,17,17
http://irail.be/vehicle/IC727,http://irail.be/stations/NMBS/008894425,IC,2018-03-11T06:54:00,2018-03-11T06:54:00,54,54
http://irail.be/vehicle/IC727,http://irail.be/stations/NMBS/008894433,IC,2018-03-11T06:55:00,2018-03-11T06:55:00,45,45
http://irail.be/vehicle/IC727,http://irail.be/stations/NMBS/008894508,IC,2018-03-11T07:00:00,2018-03-11T06:58:00,0,31
http://irail.be/vehicle/IC727,NO-URI,IC,2018-03-11T07:02:00,2018-03-11T07:02:00,6,6
http://irail.be/vehicle/IC727,http://irail.be/stations/NMBS/008894714,IC,2018-03-11T07:03:00,2018-03-11T07:03:00,-8,-8
http://irail.be/vehicle/IC727,http://irail.be/stations/NMBS/008894748,IC,2018-03-11T07:06:00,2018-03-11T07:06:00,-37,-37
http://irail.be/vehicle/IC727,http://irail.be/stations/NMBS/008894755,IC,2018-03-11T07:07:00,2018-03-11T07:07:00,-45,-45
http://irail.be/vehicle/IC727,http://irail.be/stations/NMBS/008894821,IC,2018-03-11T07:08:00,2018-03-11T07:08:00,-27,-27
http://irail.be/vehicle/IC727,NO-URI,IC,2018-03-11T07:09:00,2018-03-11T07:09:00,-27,-27
http://irail.be/vehicle/IC727,http://irail.be/stations/NMBS/008821196,IC,2018-03-11T07:12:00,2018-03-11T07:12:00,-73,-73
http://irail.be/vehicle/IC727,http://irail.be/stations/NMBS/008821121,IC,2018-03-11T07:19:00,2018-03-11T07:17:00,-41,-144
http://irail.be/vehicle/IC727,http://irail.be/stations/NMBS/008821006,IC,2018-03-11T07:23:00,2018-03-11T07:23:00,,-68
http://irail.be/vehicle/IC727,http://irail.be/stations/NMBS/008896735,IC,2018-12-08T05:08:00,2018-12-08T05:08:00,61,
http://irail.be/vehicle/IC727,http://irail.be/stations/NMBS/008896503,IC,2018-12-08T05:16:00,2018-12-08T05:15:00,50,45
http://irail.be/vehicle/IC727,http://irail.be/stations/NMBS/008896412,IC,2018-12-08T05:26:00,2018-12-08T05:25:00,25,22
http://irail.be/vehicle/IC727,http://irail.be/stations/NMBS/008896396,IC,2018-12-08T05:30:00,2018-12-08T05:29:00,25,25
http://irail.be/vehicle/IC727,http://irail.be/stations/NMBS/008896305,IC,2018-12-08T05:35:00,2018-12-08T05:34:00,13,25
http://irail.be/vehicle/IC727,http://irail.be/stations/NMBS/008896370,IC,2018-12-08T05:40:00,2018-12-08T05:39:00,-32,13
http://irail.be/vehicle/IC727,http://irail.be/stations/NMBS/008896388,IC,2018-12-08T05:45:00,2018-12-08T05:44:00,-32,-32
http://irail.be/vehicle/IC727,http://irail.be/stations/NMBS/008896008,IC,2018-12-08T05:58:00,2018-12-08T05:50:00,38,-67
http://irail.be/vehicle/IC727,http://irail.be/stations/NMBS/008896115,IC,2018-12-08T06:02:00,2018-12-08T06:02:00,43,43
http://irail.be/vehicle/IC727,http://irail.be/stations/NMBS/008896149,IC,2018-12-08T06:08:00,2018-12-08T06:07:00,11,5
http://irail.be/vehicle/IC727,http://irail.be/stations/NMBS/008892106,IC,2018-12-08T06:15:00,2018-12-08T06:15:00,-36,-36
http://irail.be/vehicle/IC727,NO-URI,IC,2018-12-08T06:15:00,2018-12-08T06:15:00,-3,-3
http://irail.be/vehicle/IC727,http://irail.be/stations/NMBS/008892080,IC,2018-12-08T06:18:00,2018-12-08T06:18:00,-27,-27
http://irail.be/vehicle/IC727,http://irail.be/stations/NMBS/008892007,IC,2018-12-08T06:27:00,2018-12-08T06:24:00,40,-38
http://irail.be/vehicle/IC727,NO-URI,IC,2018-12-08T06:31:00,2018-12-08T06:31:00,73,73
http://irail.be/vehicle/IC727,http://irail.be/stations/NMBS/008893179,IC,2018-12-08T06:32:00,2018-12-08T06:32:00,55,55
http://irail.be/vehicle/IC727,http://irail.be/stations/NMBS/008893120,IC,2018-12-08T06:36:00,2018-12-08T06:35:00,79,-54
http://irail.be/vehicle/IC727,http://irail.be/stations/NMBS/008894151,IC,2018-12-08T06:43:00,2018-12-08T06:43:00,76,76
http://irail.be/vehicle/IC727,http://irail.be/stations/NMBS/008894201,IC,2018-12-08T06:50:00,2018-12-08T06:48:00,104,38
http://irail.be/vehicle/IC727,NO-URI,IC,2018-12-08T06:52:00,2018-12-08T06:52:00,112,112
http://irail.be/vehicle/IC727,http://irail.be/stations/NMBS/008894425,IC,2018-12-08T06:54:00,2018-12-08T06:54:00,123,123
http://irail.be/vehicle/IC727,http://irail.be/stations/NMBS/008894433,IC,2018-12-08T06:55:00,2018-12-08T06:55:00,113,113
http://irail.be/vehicle/IC727,http://irail.be/stations/NMBS/008894508,IC,2018-12-08T07:00:00,2018-12-08T06:58:00,78,100
http://irail.be/vehicle/IC727,NO-URI,IC,2018-12-08T07:02:00,2018-12-08T07:02:00,79,79
http://irail.be/vehicle/IC727,http://irail.be/stations/NMBS/008894714,IC,2018-12-08T07:03:00,2018-12-08T07:03:00,64,64
http://irail.be/vehicle/IC727,http://irail.be/stations/NMBS/008894748,IC,2018-12-08T07:06:00,2018-12-08T07:06:00,44,44
http://irail.be/vehicle/IC727,http://irail.be/stations/NMBS/008894755,IC,2018-12-08T07:07:00,2018-12-08T07:07:00,44,44
http://irail.be/vehicle/IC727,http://irail.be/stations/NMBS/008894821,IC,2018-12-08T07:08:00,2018-12-08T07:08:00,69,69
http://irail.be/vehicle/IC727,http://irail.be/stations/NMBS/008821196,IC,2018-12-08T07:12:00,2018-12-08T07:12:00,44,44
http://irail.be/vehicle/IC727,http://irail.be/stations/NMBS/008821121,IC,2018-12-08T07:19:00,2018-12-08T07:17:00,19,11
http://irail.be/vehicle/IC727,http://irail.be/stations/NMBS/008821006,IC,2018-12-08T07:23:00,2018-12-08T07:23:00,,6
http://irail.be/vehicle/IC727,http://irail.be/stations/NMBS/008896735,IC,2018-05-01T05:08:00,2018-05-01T05:08:00,59,
http://irail.be/vehicle/IC727,http://irail.be/stations/NMBS/008896503,IC,2018-05-01T05:16:00,2018-05-01T05:15:00,18,14
http://irail.be/vehicle/IC727,http://irail.be/stations/NMBS/008896412,IC,2018-05-01T05:26:00,2018-05-01T05:25:00,-2,-15
http://irail.be/vehicle/IC727,http://irail.be/stations/NMBS/008896396,IC,2018-05-01T05:30:00,2018-05-01T05:29:00,-2,-2
http://irail.be/vehicle/IC727,http://irail.be/stations/NMBS/008896305,IC,2018-05-01T05:35:00,2018-05-01T05:34:00,-10,-2
http://irail.be/vehicle/IC727,http://irail.be/stations/NMBS/008896370,IC,2018-05-01T05:40:00,2018-05-01T05:40:00,0,-10
http://irail.be/vehicle/IC727,http://irail.be/stations/NMBS/008896388,IC,2018-05-01T05:44:00,2018-05-01T05:44:00,0,0
http://irail.be/vehicle/IC727,http://irail.be/stations/NMBS/008896008,IC,2018-05-01T05:57:00,2018-05-01T05:50:00,53,121
http://irail.be/vehicle/IC727,http://irail.be/stations/NMBS/008896115,IC,2018-05-01T06:01:00,2018-05-01T06:01:00,69,69
http://irail.be/vehicle/IC727,http://irail.be/stations/NMBS/008896149,IC,2018-05-01T06:06:00,2018-05-01T06:05:00,54,83
http://irail.be/vehicle/IC727,http://irail.be/stations/NMBS/008892106,IC,2018-05-01T06:15:00,2018-05-01T06:15:00,-55,-55
http://irail.be/vehicle/IC727,NO-URI,IC,2018-05-01T06:15:00,2018-05-01T06:15:00,-27,-27
http://irail.be/vehicle/IC727,http://irail.be/stations/NMBS/008892080,IC,2018-05-01T06:18:00,2018-05-01T06:18:00,-20,-20
http://irail.be/vehicle/IC727,http://irail.be/stations/NMBS/008892007,IC,2018-05-01T06:27:00,2018-05-01T06:24:00,12,24
http://irail.be/vehicle/IC727,NO-URI,IC,2018-05-01T06:31:00,2018-05-01T06:31:00,42,42
http://irail.be/vehicle/IC727,http://irail.be/stations/NMBS/008893179,IC,2018-05-01T06:32:00,2018-05-01T06:32:00,-137,-137
http://irail.be/vehicle/IC727,http://irail.be/stations/NMBS/008893120,IC,2018-05-01T06:36:00,2018-05-01T06:35:00,61,-137
http://irail.be/vehicle/IC727,http://irail.be/stations/NMBS/008894151,IC,2018-05-01T06:43:00,2018-05-01T06:43:00,94,94
http://irail.be/vehicle/IC727,http://irail.be/stations/NMBS/008894201,IC,2018-05-01T06:50:00,2018-05-01T06:48:00,17,67
http://irail.be/vehicle/IC727,NO-URI,IC,2018-05-01T06:52:00,2018-05-01T06:52:00,20,20
http://irail.be/vehicle/IC727,http://irail.be/stations/NMBS/008894425,IC,2018-05-01T06:54:00,2018-05-01T06:54:00,40,40
http://irail.be/vehicle/IC727,http://irail.be/stations/NMBS/008894433,IC,2018-05-01T06:55:00,2018-05-01T06:55:00,34,34
http://irail.be/vehicle/IC727,http://irail.be/stations/NMBS/008894508,IC,2018-05-01T07:00:00,2018-05-01T06:58:00,23,36
http://irail.be/vehicle/IC727,NO-URI,IC,2018-05-01T07:02:00,2018-05-01T07:02:00,14,14
http://irail.be/vehicle/IC727,http://irail.be/stations/NMBS/008894714,IC,2018-05-01T07:03:00,2018-05-01T07:03:00,-3,-3
http://irail.be/vehicle/IC727,http://irail.be/stations/NMBS/008894748,IC,2018-05-01T07:06:00,2018-05-01T07:06:00,-22,-22
http://irail.be/vehicle/IC727,http://irail.be/stations/NMBS/008894755,IC,2018-05-01T07:07:00,2018-05-01T07:07:00,-19,-19
http://irail.be/vehicle/IC727,http://irail.be/stations/NMBS/008894821,IC,2018-05-01T07:08:00,2018-05-01T07:08:00,11,11
http://irail.be/vehicle/IC727,NO-URI,IC,2018-05-01T07:09:00,2018-05-01T07:09:00,11,11
http://irail.be/vehicle/IC727,http://irail.be/stations/NMBS/008821196,IC,2018-05-01T07:12:00,2018-05-01T07:12:00,-2,-2
http://irail.be/vehicle/IC727,http://irail.be/stations/NMBS/008821121,IC,2018-05-01T07:19:00,2018-05-01T07:17:00,-5,-53
http://irail.be/vehicle/IC727,http://irail.be/stations/NMBS/008821006,IC,2018-05-01T07:23:00,2018-05-01T07:23:00,,-26
http://irail.be/vehicle/IC727,http://irail.be/stations/NMBS/008896735,IC,2018-10-19T05:08:00,2018-10-19T05:08:00,66,
http://irail.be/vehicle/IC727,http://irail.be/stations/NMBS/008896503,IC,2018-10-19T05:16:00,2018-10-19T05:15:00,46,51
http://irail.be/vehicle/IC727,http://irail.be/stations/NMBS/008896412,IC,2018-10-19T05:26:00,2018-10-19T05:25:00,6,23
http://irail.be/vehicle/IC727,http://irail.be/stations/NMBS/008896396,IC,2018-10-19T05:30:00,2018-10-19T05:29:00,6,6
http://irail.be/vehicle/IC727,http://irail.be/stations/NMBS/008896305,IC,2018-10-19T05:35:00,2018-10-19T05:34:00,10,6
http://irail.be/vehicle/IC727,http://irail.be/stations/NMBS/008896370,IC,2018-10-19T05:40:00,2018-10-19T05:39:00,67,10
http://irail.be/vehicle/IC727,http://irail.be/stations/NMBS/008896388,IC,2018-10-19T05:45:00,2018-10-19T05:44:00,67,67
http://irail.be/vehicle/IC727,http://irail.be/stations/NMBS/008896008,IC,2018-10-19T05:58:00,2018-10-19T05:50:00,33,54
http://irail.be/vehicle/IC727,http://irail.be/stations/NMBS/008896115,IC,2018-10-19T06:02:00,2018-10-19T06:02:00,41,41
http://irail.be/vehicle/IC727,http://irail.be/stations/NMBS/008896149,IC,2018-10-19T06:08:00,2018-10-19T06:07:00,-9,1
http://irail.be/vehicle/IC727,http://irail.be/stations/NMBS/008892106,IC,2018-10-19T06:15:00,2018-10-19T06:15:00,-41,-41
http://irail.be/vehicle/IC727,NO-URI,IC,2018-10-19T06:15:00,2018-10-19T06:15:00,4,4
http://irail.be/vehicle/IC727,http://irail.be/stations/NMBS/008892080,IC,2018-10-19T06:18:00,2018-10-19T06:18:00,6,6
http://irail.be/vehicle/IC727,http://irail.be/stations/NMBS/008892007,IC,2018-10-19T06:27:00,2018-10-19T06:24:00,37,20
http://irail.be/vehicle/IC727,NO-URI,IC,2018-10-19T06:31:00,2018-10-19T06:31:00,118,118
http://irail.be/vehicle/IC727,http://irail.be/stations/NMBS/008893179,IC,2018-10-19T06:32:00,2018-10-19T06:32:00,-3,-3
http://irail.be/vehicle/IC727,http://irail.be/stations/NMBS/008893120,IC,2018-10-19T06:36:00,2018-10-19T06:35:00,122,-3
http://irail.be/vehicle/IC727,http://irail.be/stations/NMBS/008894151,IC,2018-10-19T06:43:00,2018-10-19T06:43:00,251,251
http://irail.be/vehicle/IC727,http://irail.be/stations/NMBS/008894201,IC,2018-10-19T06:50:00,2018-10-19T06:48:00,351,317
http://irail.be/vehicle/IC727,NO-URI,IC,2018-10-19T06:52:00,2018-10-19T06:52:00,343,343
http://irail.be/vehicle/IC727,http://irail.be/stations/NMBS/008894425,IC,2018-10-19T06:54:00,2018-10-19T06:54:00,347,347
http://irail.be/vehicle/IC727,http://irail.be/stations/NMBS/008894433,IC,2018-10-19T06:55:00,2018-10-19T06:55:00,333,333
http://irail.be/vehicle/IC727,http://irail.be/stations/NMBS/008894508,IC,2018-10-19T07:00:00,2018-10-19T06:58:00,329,316
http://irail.be/vehicle/IC727,NO-URI,IC,2018-10-19T07:02:00,2018-10-19T07:02:00,333,333
http://irail.be/vehicle/IC727,http://irail.be/stations/NMBS/008894714,IC,2018-10-19T07:03:00,2018-10-19T07:03:00,317,317
http://irail.be/vehicle/IC727,http://irail.be/stations/NMBS/008894748,IC,2018-10-19T07:06:00,2018-10-19T07:06:00,280,280
http://irail.be/vehicle/IC727,http://irail.be/stations/NMBS/008894755,IC,2018-10-19T07:07:00,2018-10-19T07:07:00,272,272
http://irail.be/vehicle/IC727,http://irail.be/stations/NMBS/008894821,IC,2018-10-19T07:08:00,2018-10-19T07:08:00,289,289
http://irail.be/vehicle/IC727,http://irail.be/stations/NMBS/008821196,IC,2018-10-19T07:12:00,2018-10-19T07:12:00,248,248
http://irail.be/vehicle/IC727,http://irail.be/stations/NMBS/008821121,IC,2018-10-19T07:19:00,2018-10-19T07:17:00,129,184
http://irail.be/vehicle/IC727,http://irail.be/stations/NMBS/008821006,IC,2018-10-19T07:23:00,2018-10-19T07:23:00,,100
http://irail.be/vehicle/IC727,http://irail.be/stations/NMBS/008896735,IC,2018-10-06T05:08:00,2018-10-06T05:08:00,65,
http://irail.be/vehicle/IC727,http://irail.be/stations/NMBS/008896503,IC,2018-10-06T05:16:00,2018-10-06T05:15:00,33,30
http://irail.be/vehicle/IC727,http://irail.be/stations/NMBS/008896412,IC,2018-10-06T05:26:00,2018-10-06T05:25:00,-22,-5
http://irail.be/vehicle/IC727,http://irail.be/stations/NMBS/008896396,IC,2018-10-06T05:30:00,2018-10-06T05:29:00,-22,-22
http://irail.be/vehicle/IC727,http://irail.be/stations/NMBS/008896305,IC,2018-10-06T05:35:00,2018-10-06T05:34:00,2,-22
http://irail.be/vehicle/IC727,http://irail.be/stations/NMBS/008896370,IC,2018-10-06T05:40:00,2018-10-06T05:39:00,-14,2
http://irail.be/vehicle/IC727,http://irail.be/stations/NMBS/008896388,IC,2018-10-06T05:45:00,2018-10-06T05:44:00,-14,-14
http://irail.be/vehicle/IC727,http://irail.be/stations/NMBS/008896008,IC,2018-10-06T05:58:00,2018-10-06T05:50:00,30,-63
http://irail.be/vehicle/IC727,http://irail.be/stations/NMBS/008896115,IC,2018-10-06T06:02:00,2018-10-06T06:02:00,14,14
http://irail.be/vehicle/IC727,http://irail.be/stations/NMBS/008896149,IC,2018-10-06T06:08:00,2018-10-06T06:07:00,8,0
http://irail.be/vehicle/IC727,http://irail.be/stations/NMBS/008892106,IC,2018-10-06T06:15:00,2018-10-06T06:15:00,-37,-37
http://irail.be/vehicle/IC727,NO-URI,IC,2018-10-06T06:15:00,2018-10-06T06:15:00,-1,-1
http://irail.be/vehicle/IC727,http://irail.be/stations/NMBS/008892080,IC,2018-10-06T06:18:00,2018-10-06T06:18:00,-21,-21
http://irail.be/vehicle/IC727,http://irail.be/stations/NMBS/008892007,IC,2018-10-06T06:27:00,2018-10-06T06:24:00,0,-60
http://irail.be/vehicle/IC727,NO-URI,IC,2018-10-06T06:31:00,2018-10-06T06:31:00,20,20
http://irail.be/vehicle/IC727,http://irail.be/stations/NMBS/008893179,IC,2018-10-06T06:32:00,2018-10-06T06:32:00,-90,-90
http://irail.be/vehicle/IC727,http://irail.be/stations/NMBS/008893120,IC,2018-10-06T06:36:00,2018-10-06T06:35:00,40,-90
http://irail.be/vehicle/IC727,http://irail.be/stations/NMBS/008894151,IC,2018-10-06T06:43:00,2018-10-06T06:43:00,19,19
http://irail.be/vehicle/IC727,http://irail.be/stations/NMBS/008894201,IC,2018-10-06T06:50:00,2018-10-06T06:48:00,15,-8
http://irail.be/vehicle/IC727,NO-URI,IC,2018-10-06T06:52:00,2018-10-06T06:52:00,14,14
http://irail.be/vehicle/IC727,http://irail.be/stations/NMBS/008894425,IC,2018-10-06T06:54:00,2018-10-06T06:54:00,40,40
http://irail.be/vehicle/IC727,http://irail.be/stations/NMBS/008894433,IC,2018-10-06T06:55:00,2018-10-06T06:55:00,29,29
http://irail.be/vehicle/IC727,http://irail.be/stations/NMBS/008894508,IC,2018-10-06T07:00:00,2018-10-06T06:58:00,16,25
http://irail.be/vehicle/IC727,NO-URI,IC,2018-10-06T07:02:00,2018-10-06T07:02:00,13,13
http://irail.be/vehicle/IC727,http://irail.be/stations/NMBS/008894714,IC,2018-10-06T07:03:00,2018-10-06T07:03:00,-2,-2
http://irail.be/vehicle/IC727,http://irail.be/stations/NMBS/008894748,IC,2018-10-06T07:06:00,2018-10-06T07:06:00,-26,-26
http://irail.be/vehicle/IC727,http://irail.be/stations/NMBS/008894755,IC,2018-10-06T07:07:00,2018-10-06T07:07:00,-20,-20
http://irail.be/vehicle/IC727,http://irail.be/stations/NMBS/008894821,IC,2018-10-06T07:08:00,2018-10-06T07:08:00,10,10
http://irail.be/vehicle/IC727,http://irail.be/stations/NMBS/008821196,IC,2018-10-06T07:12:00,2018-10-06T07:12:00,-20,-20
http://irail.be/vehicle/IC727,http://irail.be/stations/NMBS/008821121,IC,2018-10-06T07:19:00,2018-10-06T07:17:00,-17,-50
http://irail.be/vehicle/IC727,http://irail.be/stations/NMBS/008821006,IC,2018-10-06T07:23:00,2018-10-06T07:23:00,,-51
http://irail.be/vehicle/IC727,http://irail.be/stations/NMBS/008896735,IC,2018-05-25T05:08:00,2018-05-25T05:08:00,65,
http://irail.be/vehicle/IC727,http://irail.be/stations/NMBS/008896503,IC,2018-05-25T05:16:00,2018-05-25T05:15:00,81,58
http://irail.be/vehicle/IC727,http://irail.be/stations/NMBS/008896412,IC,2018-05-25T05:26:00,2018-05-25T05:25:00,45,56
http://irail.be/vehicle/IC727,http://irail.be/stations/NMBS/008896396,IC,2018-05-25T05:30:00,2018-05-25T05:29:00,45,45
http://irail.be/vehicle/IC727,http://irail.be/stations/NMBS/008896305,IC,2018-05-25T05:35:00,2018-05-25T05:34:00,28,45
http://irail.be/vehicle/IC727,http://irail.be/stations/NMBS/008896370,IC,2018-05-25T05:40:00,2018-05-25T05:40:00,28,28
http://irail.be/vehicle/IC727,http://irail.be/stations/NMBS/008896388,IC,2018-05-25T05:44:00,2018-05-25T05:44:00,24,24
http://irail.be/vehicle/IC727,http://irail.be/stations/NMBS/008896008,IC,2018-05-25T05:57:00,2018-05-25T05:50:00,29,-12
http://irail.be/vehicle/IC727,http://irail.be/stations/NMBS/008896115,IC,2018-05-25T06:01:00,2018-05-25T06:01:00,7,7
http://irail.be/vehicle/IC727,http://irail.be/stations/NMBS/008896149,IC,2018-05-25T06:06:00,2018-05-25T06:05:00,-6,6
http://irail.be/vehicle/IC727,http://irail.be/stations/NMBS/008892106,IC,2018-05-25T06:15:00,2018-05-25T06:15:00,-120,-120
http://irail.be/vehicle/IC727,NO-URI,IC,2018-05-25T06:15:00,2018-05-25T06:15:00,78,78
http://irail.be/vehicle/IC727,http://irail.be/stations/NMBS/008892080,IC,2018-05-25T06:18:00,2018-05-25T06:18:00,84,84
http://irail.be/vehicle/IC727,http://irail.be/stations/NMBS/008892007,IC,2018-05-25T06:27:00,2018-05-25T06:24:00,3,69
http://irail.be/vehicle/IC727,NO-URI,IC,2018-05-25T06:31:00,2018-05-25T06:31:00,45,45
http://irail.be/vehicle/IC727,http://irail.be/stations/NMBS/008893179,IC,2018-05-25T06:32:00,2018-05-25T06:32:00,-147,-147
http://irail.be/vehicle/IC727,http://irail.be/stations/NMBS/008893120,IC,2018-05-25T06:36:00,2018-05-25T06:35:00,57,-147
http://irail.be/vehicle/IC727,http://irail.be/stations/NMBS/008894151,IC,2018-05-25T06:43:00,2018-05-25T06:43:00,147,147
http://irail.be/vehicle/IC727,http://irail.be/stations/NMBS/008894201,IC,2018-05-25T06:50:00,2018-05-25T06:48:00,59,103
http://irail.be/vehicle/IC727,NO-URI,IC,2018-05-25T06:52:00,2018-05-25T06:52:00,43,43
http://irail.be/vehicle/IC727,http://irail.be/stations/NMBS/008894425,IC,2018-05-25T06:54:00,2018-05-25T06:54:00,44,44
http://irail.be/vehicle/IC727,http://irail.be/stations/NMBS/008894433,IC,2018-05-25T06:55:00,2018-05-25T06:55:00,33,33
http://irail.be/vehicle/IC727,http://irail.be/stations/NMBS/008894508,IC,2018-05-25T07:00:00,2018-05-25T06:58:00,18,13
http://irail.be/vehicle/IC727,NO-URI,IC,2018-05-25T07:02:00,2018-05-25T07:02:00,24,24
http://irail.be/vehicle/IC727,http://irail.be/stations/NMBS/008894714,IC,2018-05-25T07:03:00,2018-05-25T07:03:00,12,12
http://irail.be/vehicle/IC727,http://irail.be/stations/NMBS/008894748,IC,2018-05-25T07:06:00,2018-05-25T07:06:00,-15,-15
http://irail.be/vehicle/IC727,http://irail.be/stations/NMBS/008894755,IC,2018-05-25T07:07:00,2018-05-25T07:07:00,-24,-24
http://irail.be/vehicle/IC727,http://irail.be/stations/NMBS/008894821,IC,2018-05-25T07:08:00,2018-05-25T07:08:00,-1,-1
http://irail.be/vehicle/IC727,NO-URI,IC,2018-05-25T07:09:00,2018-05-25T07:09:00,-1,-1
http://irail.be/vehicle/IC727,http://irail.be/stations/NMBS/008821196,IC,2018-05-25T07:12:00,2018-05-25T07:12:00,-17,-17
http://irail.be/vehicle/IC727,http://irail.be/stations/NMBS/008821121,IC,2018-05-25T07:19:00,2018-05-25T07:17:00,-10,5
http://irail.be/vehicle/IC727,http://irail.be/stations/NMBS/008821006,IC,2018-05-25T07:23:00,2018-05-25T07:23:00,,-33
http://irail.be/vehicle/IC727,http://irail.be/stations/NMBS/008896735,IC,2018-11-03T05:08:00,2018-11-03T05:08:00,41,
http://irail.be/vehicle/IC727,http://irail.be/stations/NMBS/008896503,IC,2018-11-03T05:16:00,2018-11-03T05:15:00,10,0
http://irail.be/vehicle/IC727,http://irail.be/stations/NMBS/008896412,IC,2018-11-03T05:26:00,2018-11-03T05:25:00,29,-20
http://irail.be/vehicle/IC727,http://irail.be/stations/NMBS/008896396,IC,2018-11-03T05:30:00,2018-11-03T05:29:00,29,29
http://irail.be/vehicle/IC727,http://irail.be/stations/NMBS/008896305,IC,2018-11-03T05:35:00,2018-11-03T05:34:00,9,29
http://irail.be/vehicle/IC727,http://irail.be/stations/NMBS/008896370,IC,2018-11-03T05:40:00,2018-11-03T05:39:00,-12,9
http://irail.be/vehicle/IC727,http://irail.be/stations/NMBS/008896388,IC,2018-11-03T05:45:00,2018-11-03T05:44:00,-12,-12
http://irail.be/vehicle/IC727,http://irail.be/stations/NMBS/008896008,IC,2018-11-03T05:58:00,2018-11-03T05:50:00,33,-65
http://irail.be/vehicle/IC727,http://irail.be/stations/NMBS/008896115,IC,2018-11-03T06:02:00,2018-11-03T06:02:00,15,15
http://irail.be/vehicle/IC727,http://irail.be/stations/NMBS/008896149,IC,2018-11-03T06:08:00,2018-11-03T06:07:00,-11,-10
http://irail.be/vehicle/IC727,http://irail.be/stations/NMBS/008892106,IC,2018-11-03T06:15:00,2018-11-03T06:15:00,-56,-56
http://irail.be/vehicle/IC727,NO-URI,IC,2018-11-03T06:15:00,2018-11-03T06:15:00,-20,-20
http://irail.be/vehicle/IC727,http://irail.be/stations/NMBS/008892080,IC,2018-11-03T06:18:00,2018-11-03T06:18:00,-38,-38
http://irail.be/vehicle/IC727,http://irail.be/stations/NMBS/008892007,IC,2018-11-03T06:27:00,2018-11-03T06:24:00,80,-65
http://irail.be/vehicle/IC727,http://irail.be/stations/NMBS/008893013,IC,2018-11-03T06:30:00,2018-11-03T06:30:00,80,80
http://irail.be/vehicle/IC727,http://irail.be/stations/NMBS/008893039,IC,2018-11-03T06:32:00,2018-11-03T06:32:00,88,88
http://irail.be/vehicle/IC727,http://irail.be/stations/NMBS/008893567,IC,2018-11-03T06:34:00,2018-11-03T06:34:00,50,50
http://irail.be/vehicle/IC727,http://irail.be/stations/NMBS/008893559,IC,2018-11-03T06:37:00,2018-11-03T06:37:00,-16,-16
http://irail.be/vehicle/IC727,http://irail.be/stations/NMBS/008893542,IC,2018-11-03T06:39:00,2018-11-03T06:39:00,-28,-28
http://irail.be/vehicle/IC727,http://irail.be/stations/NMBS/008893534,IC,2018-11-03T06:41:00,2018-11-03T06:41:00,-17,-17
http://irail.be/vehicle/IC727,http://irail.be/stations/NMBS/008893526,IC,2018-11-03T06:43:00,2018-11-03T06:43:00,-100,-100
http://irail.be/vehicle/IC727,http://irail.be/stations/NMBS/008893518,IC,2018-11-03T06:46:00,2018-11-03T06:46:00,-100,-100
http://irail.be/vehicle/IC727,http://irail.be/stations/NMBS/008893401,IC,2018-11-03T06:48:00,2018-11-03T06:48:00,-84,-84
http://irail.be/vehicle/IC727,http://irail.be/stations/NMBS/008822160,IC,2018-11-03T06:51:00,2018-11-03T06:51:00,-94,-94
http://irail.be/vehicle/IC727,http://irail.be/stations/NMBS/008822145,IC,2018-11-03T06:53:00,2018-11-03T06:53:00,-113,-113
http://irail.be/vehicle/IC727,http://irail.be/stations/NMBS/008822137,IC,2018-11-03T06:55:00,2018-11-03T06:55:00,-198,-198
http://irail.be/vehicle/IC727,http://irail.be/stations/NMBS/008822111,IC,2018-11-03T06:58:00,2018-11-03T06:58:00,-198,-198
http://irail.be/vehicle/IC727,http://irail.be/stations/NMBS/008822053,IC,2018-11-03T07:01:00,2018-11-03T07:01:00,-217,-217
http://irail.be/vehicle/IC727,http://irail.be/stations/NMBS/008822004,IC,2018-11-03T07:10:00,2018-11-03T07:08:00,121,-258
http://irail.be/vehicle/IC727,http://irail.be/stations/NMBS/008822343,IC,2018-11-03T07:11:00,2018-11-03T07:11:00,121,121
http://irail.be/vehicle/IC727,http://irail.be/stations/NMBS/008822228,IC,2018-11-03T07:15:00,2018-11-03T07:15:00,7,7
http://irail.be/vehicle/IC727,http://irail.be/stations/NMBS/008822210,IC,2018-11-03T07:17:00,2018-11-03T07:17:00,7,7
http://irail.be/vehicle/IC727,http://irail.be/stations/NMBS/008821311,IC,2018-11-03T07:20:00,2018-11-03T07:20:00,-2,-2
http://irail.be/vehicle/IC727,http://irail.be/stations/NMBS/008821337,IC,2018-11-03T07:22:00,2018-11-03T07:22:00,-47,-47
http://irail.be/vehicle/IC727,http://irail.be/stations/NMBS/008821246,IC,2018-11-03T07:24:00,2018-11-03T07:24:00,-61,-61
http://irail.be/vehicle/IC727,http://irail.be/stations/NMBS/008821147,IC,2018-11-03T07:26:00,2018-11-03T07:26:00,-47,-47
http://irail.be/vehicle/IC727,http://irail.be/stations/NMBS/008821121,IC,2018-11-03T07:29:00,2018-11-03T07:28:00,-2,-2
http://irail.be/vehicle/IC727,http://irail.be/stations/NMBS/008821006,IC,2018-11-03T07:33:00,2018-11-03T07:33:00,,27
http://irail.be/vehicle/IC727,http://irail.be/stations/NMBS/008896735,IC,2018-07-01T05:08:00,2018-07-01T05:08:00,68,
http://irail.be/vehicle/IC727,http://irail.be/stations/NMBS/008896503,IC,2018-07-01T05:16:00,2018-07-01T05:15:00,74,47
http://irail.be/vehicle/IC727,http://irail.be/stations/NMBS/008896412,IC,2018-07-01T05:26:00,2018-07-01T05:25:00,-15,29
http://irail.be/vehicle/IC727,http://irail.be/stations/NMBS/008896396,IC,2018-07-01T05:30:00,2018-07-01T05:29:00,-15,-15
http://irail.be/vehicle/IC727,http://irail.be/stations/NMBS/008896305,IC,2018-07-01T05:35:00,2018-07-01T05:34:00,-11,-15
http://irail.be/vehicle/IC727,http://irail.be/stations/NMBS/008896370,IC,2018-07-01T05:40:00,2018-07-01T05:39:00,-10,-11
http://irail.be/vehicle/IC727,http://irail.be/stations/NMBS/008896388,IC,2018-07-01T05:45:00,2018-07-01T05:44:00,-10,-10
http://irail.be/vehicle/IC727,http://irail.be/stations/NMBS/008896008,IC,2018-07-01T05:58:00,2018-07-01T05:50:00,38,-14
http://irail.be/vehicle/IC727,http://irail.be/stations/NMBS/008896115,IC,2018-07-01T06:02:00,2018-07-01T06:02:00,32,32
http://irail.be/vehicle/IC727,http://irail.be/stations/NMBS/008896149,IC,2018-07-01T06:08:00,2018-07-01T06:07:00,-28,-13
http://irail.be/vehicle/IC727,http://irail.be/stations/NMBS/008892106,IC,2018-07-01T06:15:00,2018-07-01T06:15:00,-93,-93
http://irail.be/vehicle/IC727,NO-URI,IC,2018-07-01T06:15:00,2018-07-01T06:15:00,-59,-59
http://irail.be/vehicle/IC727,http://irail.be/stations/NMBS/008892080,IC,2018-07-01T06:18:00,2018-07-01T06:18:00,-85,-85
http://irail.be/vehicle/IC727,http://irail.be/stations/NMBS/008892007,IC,2018-07-01T06:27:00,2018-07-01T06:24:00,11,-138
http://irail.be/vehicle/IC727,NO-URI,IC,2018-07-01T06:31:00,2018-07-01T06:31:00,70,70
http://irail.be/vehicle/IC727,http://irail.be/stations/NMBS/008893179,IC,2018-07-01T06:32:00,2018-07-01T06:32:00,-124,-124
http://irail.be/vehicle/IC727,http://irail.be/stations/NMBS/008893120,IC,2018-07-01T06:36:00,2018-07-01T06:35:00,21,-124
http://irail.be/vehicle/IC727,http://irail.be/stations/NMBS/008894151,IC,2018-07-01T06:43:00,2018-07-01T06:43:00,-3,-3
http://irail.be/vehicle/IC727,http://irail.be/stations/NMBS/008894201,IC,2018-07-01T06:50:00,2018-07-01T06:48:00,5,-47
http://irail.be/vehicle/IC727,NO-URI,IC,2018-07-01T06:52:00,2018-07-01T06:52:00,-6,-6
http://irail.be/vehicle/IC727,http://irail.be/stations/NMBS/008894425,IC,2018-07-01T06:54:00,2018-07-01T06:54:00,14,14
http://irail.be/vehicle/IC727,http://irail.be/stations/NMBS/008894433,IC,2018-07-01T06:55:00,2018-07-01T06:55:00,6,6
http://irail.be/vehicle/IC727,http://irail.be/stations/NMBS/008894508,IC,2018-07-01T07:00:00,2018-07-01T06:58:00,37,-10
http://irail.be/vehicle/IC727,NO-URI,IC,2018-07-01T07:02:00,2018-07-01T07:02:00,38,38
http://irail.be/vehicle/IC727,http://irail.be/stations/NMBS/008894714,IC,2018-07-01T07:03:00,2018-07-01T07:03:00,21,21
http://irail.be/vehicle/IC727,http://irail.be/stations/NMBS/008894748,IC,2018-07-01T07:06:00,2018-07-01T07:06:00,2,2
http://irail.be/vehicle/IC727,http://irail.be/stations/NMBS/008894755,IC,2018-07-01T07:07:00,2018-07-01T07:07:00,-4,-4
http://irail.be/vehicle/IC727,http://irail.be/stations/NMBS/008894821,IC,2018-07-01T07:08:00,2018-07-01T07:08:00,20,20
http://irail.be/vehicle/IC727,http://irail.be/stations/NMBS/008821196,IC,2018-07-01T07:12:00,2018-07-01T07:12:00,-3,-3
http://irail.be/vehicle/IC727,http://irail.be/stations/NMBS/008821121,IC,2018-07-01T07:19:00,2018-07-01T07:17:00,-6,-61
http://irail.be/vehicle/IC727,http://irail.be/stations/NMBS/008821006,IC,2018-07-01T07:23:00,2018-07-01T07:23:00,,2
http://irail.be/vehicle/IC727,http://irail.be/stations/NMBS/008896735,IC,2018-08-14T05:08:00,2018-08-14T05:08:00,53,
http://irail.be/vehicle/IC727,http://irail.be/stations/NMBS/008896503,IC,2018-08-14T05:16:00,2018-08-14T05:15:00,88,67
http://irail.be/vehicle/IC727,http://irail.be/stations/NMBS/008896412,IC,2018-08-14T05:26:00,2018-08-14T05:25:00,95,87
http://irail.be/vehicle/IC727,http://irail.be/stations/NMBS/008896396,IC,2018-08-14T05:30:00,2018-08-14T05:29:00,95,95
http://irail.be/vehicle/IC727,http://irail.be/stations/NMBS/008896305,IC,2018-08-14T05:35:00,2018-08-14T05:34:00,121,95
http://irail.be/vehicle/IC727,http://irail.be/stations/NMBS/008896370,IC,2018-08-14T05:40:00,2018-08-14T05:39:00,77,121
http://irail.be/vehicle/IC727,http://irail.be/stations/NMBS/008896388,IC,2018-08-14T05:45:00,2018-08-14T05:44:00,77,77
http://irail.be/vehicle/IC727,http://irail.be/stations/NMBS/008896008,IC,2018-08-14T05:58:00,2018-08-14T05:50:00,42,104
http://irail.be/vehicle/IC727,http://irail.be/stations/NMBS/008896115,IC,2018-08-14T06:02:00,2018-08-14T06:02:00,34,34
http://irail.be/vehicle/IC727,http://irail.be/stations/NMBS/008896149,IC,2018-08-14T06:08:00,2018-08-14T06:07:00,1,-13
http://irail.be/vehicle/IC727,http://irail.be/stations/NMBS/008892106,IC,2018-08-14T06:15:00,2018-08-14T06:15:00,-65,-65
http://irail.be/vehicle/IC727,NO-URI,IC,2018-08-14T06:15:00,2018-08-14T06:15:00,-33,-33
http://irail.be/vehicle/IC727,http://irail.be/stations/NMBS/008892080,IC,2018-08-14T06:18:00,2018-08-14T06:18:00,-62,-62
http://irail.be/vehicle/IC727,http://irail.be/stations/NMBS/008892007,IC,2018-08-14T06:27:00,2018-08-14T06:24:00,11,-71
http://irail.be/vehicle/IC727,NO-URI,IC,2018-08-14T06:31:00,2018-08-14T06:31:00,34,34
http://irail.be/vehicle/IC727,http://irail.be/stations/NMBS/008893179,IC,2018-08-14T06:32:00,2018-08-14T06:32:00,-173,-173
http://irail.be/vehicle/IC727,http://irail.be/stations/NMBS/008893120,IC,2018-08-14T06:36:00,2018-08-14T06:35:00,34,-173
http://irail.be/vehicle/IC727,http://irail.be/stations/NMBS/008894151,IC,2018-08-14T06:43:00,2018-08-14T06:43:00,-1,-1
http://irail.be/vehicle/IC727,http://irail.be/stations/NMBS/008894201,IC,2018-08-14T06:50:00,2018-08-14T06:48:00,19,-51
http://irail.be/vehicle/IC727,NO-URI,IC,2018-08-14T06:52:00,2018-08-14T06:52:00,7,7
http://irail.be/vehicle/IC727,http://irail.be/stations/NMBS/008894425,IC,2018-08-14T06:54:00,2018-08-14T06:54:00,5,5
http://irail.be/vehicle/IC727,http://irail.be/stations/NMBS/008894433,IC,2018-08-14T06:55:00,2018-08-14T06:55:00,-6,-6
http://irail.be/vehicle/IC727,http://irail.be/stations/NMBS/008894508,IC,2018-08-14T07:00:00,2018-08-14T06:58:00,12,-24
http://irail.be/vehicle/IC727,NO-URI,IC,2018-08-14T07:02:00,2018-08-14T07:02:00,15,15
http://irail.be/vehicle/IC727,http://irail.be/stations/NMBS/008894714,IC,2018-08-14T07:03:00,2018-08-14T07:03:00,0,0
http://irail.be/vehicle/IC727,http://irail.be/stations/NMBS/008894748,IC,2018-08-14T07:06:00,2018-08-14T07:06:00,-37,-37
http://irail.be/vehicle/IC727,http://irail.be/stations/NMBS/008894755,IC,2018-08-14T07:07:00,2018-08-14T07:07:00,-46,-46
http://irail.be/vehicle/IC727,http://irail.be/stations/NMBS/008894821,IC,2018-08-14T07:08:00,2018-08-14T07:08:00,-27,-27
http://irail.be/vehicle/IC727,http://irail.be/stations/NMBS/008821196,IC,2018-08-14T07:12:00,2018-08-14T07:12:00,-70,-70
http://irail.be/vehicle/IC727,http://irail.be/stations/NMBS/008821121,IC,2018-08-14T07:19:00,2018-08-14T07:17:00,7,34
http://irail.be/vehicle/IC727,http://irail.be/stations/NMBS/008821006,IC,2018-08-14T07:23:00,2018-08-14T07:23:00,,-25
http://irail.be/vehicle/IC727,http://irail.be/stations/NMBS/008896735,IC,2018-01-20T05:08:00,2018-01-20T05:08:00,105,
http://irail.be/vehicle/IC727,http://irail.be/stations/NMBS/008896503,IC,2018-01-20T05:16:00,2018-01-20T05:15:00,121,82
http://irail.be/vehicle/IC727,http://irail.be/stations/NMBS/008896412,IC,2018-01-20T05:26:00,2018-01-20T05:25:00,143,118
http://irail.be/vehicle/IC727,http://irail.be/stations/NMBS/008896396,IC,2018-01-20T05:30:00,2018-01-20T05:29:00,143,143
http://irail.be/vehicle/IC727,http://irail.be/stations/NMBS/008896305,IC,2018-01-20T05:35:00,2018-01-20T05:34:00,116,143
http://irail.be/vehicle/IC727,http://irail.be/stations/NMBS/008896370,IC,2018-01-20T05:40:00,2018-01-20T05:40:00,138,116
http://irail.be/vehicle/IC727,http://irail.be/stations/NMBS/008896388,IC,2018-01-20T05:44:00,2018-01-20T05:44:00,138,138
http://irail.be/vehicle/IC727,http://irail.be/stations/NMBS/008896008,IC,2018-01-20T05:57:00,2018-01-20T05:50:00,43,66
http://irail.be/vehicle/IC727,http://irail.be/stations/NMBS/008896115,IC,2018-01-20T06:01:00,2018-01-20T06:01:00,94,94
http://irail.be/vehicle/IC727,http://irail.be/stations/NMBS/008896149,IC,2018-01-20T06:06:00,2018-01-20T06:05:00,116,124
http://irail.be/vehicle/IC727,http://irail.be/stations/NMBS/008892106,IC,2018-01-20T06:15:00,2018-01-20T06:15:00,-31,-31
http://irail.be/vehicle/IC727,NO-URI,IC,2018-01-20T06:15:00,2018-01-20T06:15:00,-13,-13
http://irail.be/vehicle/IC727,http://irail.be/stations/NMBS/008892080,IC,2018-01-20T06:18:00,2018-01-20T06:18:00,-33,-33
http://irail.be/vehicle/IC727,http://irail.be/stations/NMBS/008892007,IC,2018-01-20T06:27:00,2018-01-20T06:24:00,23,-51
http://irail.be/vehicle/IC727,NO-URI,IC,2018-01-20T06:31:00,2018-01-20T06:31:00,39,39
http://irail.be/vehicle/IC727,http://irail.be/stations/NMBS/008893179,IC,2018-01-20T06:32:00,2018-01-20T06:32:00,-169,-169
http://irail.be/vehicle/IC727,http://irail.be/stations/NMBS/008893120,IC,2018-01-20T06:36:00,2018-01-20T06:35:00,-169,-169
http://irail.be/vehicle/IC727,http://irail.be/stations/NMBS/008894151,IC,2018-01-20T06:43:00,2018-01-20T06:43:00,33,33
http://irail.be/vehicle/IC727,http://irail.be/stations/NMBS/008894201,IC,2018-01-20T06:50:00,2018-01-20T06:48:00,14,-6
http://irail.be/vehicle/IC727,NO-URI,IC,2018-01-20T06:52:00,2018-01-20T06:52:00,8,8
http://irail.be/vehicle/IC727,http://irail.be/stations/NMBS/008894425,IC,2018-01-20T06:54:00,2018-01-20T06:54:00,24,24
http://irail.be/vehicle/IC727,http://irail.be/stations/NMBS/008894433,IC,2018-01-20T06:55:00,2018-01-20T06:55:00,13,13
http://irail.be/vehicle/IC727,http://irail.be/stations/NMBS/008894508,IC,2018-01-20T07:00:00,2018-01-20T06:58:00,23,2
http://irail.be/vehicle/IC727,NO-URI,IC,2018-01-20T07:02:00,2018-01-20T07:02:00,20,20
http://irail.be/vehicle/IC727,http://irail.be/stations/NMBS/008894714,IC,2018-01-20T07:03:00,2018-01-20T07:03:00,6,6
http://irail.be/vehicle/IC727,http://irail.be/stations/NMBS/008894748,IC,2018-01-20T07:06:00,2018-01-20T07:06:00,-19,-19
http://irail.be/vehicle/IC727,http://irail.be/stations/NMBS/008894755,IC,2018-01-20T07:07:00,2018-01-20T07:07:00,-24,-24
http://irail.be/vehicle/IC727,http://irail.be/stations/NMBS/008894821,IC,2018-01-20T07:08:00,2018-01-20T07:08:00,-3,-3
http://irail.be/vehicle/IC727,NO-URI,IC,2018-01-20T07:09:00,2018-01-20T07:09:00,-3,-3
http://irail.be/vehicle/IC727,http://irail.be/stations/NMBS/008821196,IC,2018-01-20T07:12:00,2018-01-20T07:12:00,-40,-40
http://irail.be/vehicle/IC727,http://irail.be/stations/NMBS/008821121,IC,2018-01-20T07:19:00,2018-01-20T07:17:00,36,-37
http://irail.be/vehicle/IC727,http://irail.be/stations/NMBS/008821006,IC,2018-01-20T07:23:00,2018-01-20T07:23:00,,21
http://irail.be/vehicle/IC727,http://irail.be/stations/NMBS/008896735,IC,2018-12-25T05:08:00,2018-12-25T05:08:00,38,
http://irail.be/vehicle/IC727,http://irail.be/stations/NMBS/008896503,IC,2018-12-25T05:16:00,2018-12-25T05:15:00,2,-10
http://irail.be/vehicle/IC727,http://irail.be/stations/NMBS/008896412,IC,2018-12-25T05:26:00,2018-12-25T05:25:00,22,-43
http://irail.be/vehicle/IC727,http://irail.be/stations/NMBS/008896396,IC,2018-12-25T05:30:00,2018-12-25T05:29:00,22,22
http://irail.be/vehicle/IC727,http://irail.be/stations/NMBS/008896305,IC,2018-12-25T05:35:00,2018-12-25T05:34:00,7,22
http://irail.be/vehicle/IC727,http://irail.be/stations/NMBS/008896370,IC,2018-12-25T05:40:00,2018-12-25T05:39:00,-13,7
http://irail.be/vehicle/IC727,http://irail.be/stations/NMBS/008896388,IC,2018-12-25T05:45:00,2018-12-25T05:44:00,-13,-13
http://irail.be/vehicle/IC727,http://irail.be/stations/NMBS/008896008,IC,2018-12-25T05:56:00,2018-12-25T05:50:00,529,-53
http://irail.be/vehicle/IC727,http://irail.be/stations/NMBS/008896115,IC,2018-12-25T06:01:00,2018-12-25T06:01:00,490,490
http://irail.be/vehicle/IC727,http://irail.be/stations/NMBS/008896149,IC,2018-12-25T06:07:00,2018-12-25T06:06:00,428,451
http://irail.be/vehicle/IC727,http://irail.be/stations/NMBS/008892106,IC,2018-12-25T06:15:00,2018-12-25T06:15:00,330,330
http://irail.be/vehicle/IC727,NO-URI,IC,2018-12-25T06:16:00,2018-12-25T06:16:00,322,322
http://irail.be/vehicle/IC727,http://irail.be/stations/NMBS/008892080,IC,2018-12-25T06:19:00,2018-12-25T06:19:00,271,271
http://irail.be/vehicle/IC727,http://irail.be/stations/NMBS/008892007,IC,2018-12-25T06:27:00,2018-12-25T06:25:00,179,242
http://irail.be/vehicle/IC727,NO-URI,IC,2018-12-25T06:32:00,2018-12-25T06:32:00,167,167
http://irail.be/vehicle/IC727,http://irail.be/stations/NMBS/008893179,IC,2018-12-25T06:33:00,2018-12-25T06:33:00,197,197
http://irail.be/vehicle/IC727,http://irail.be/stations/NMBS/008893120,IC,2018-12-25T06:36:00,2018-12-25T06:35:00,164,98
http://irail.be/vehicle/IC727,http://irail.be/stations/NMBS/008894151,IC,2018-12-25T06:44:00,2018-12-25T06:44:00,108,108
http://irail.be/vehicle/IC727,http://irail.be/stations/NMBS/008894201,IC,2018-12-25T06:50:00,2018-12-25T06:48:00,25,103
http://irail.be/vehicle/IC727,NO-URI,IC,2018-12-25T06:52:00,2018-12-25T06:52:00,21,21
http://irail.be/vehicle/IC727,http://irail.be/stations/NMBS/008894425,IC,2018-12-25T06:54:00,2018-12-25T06:54:00,33,33
http://irail.be/vehicle/IC727,http://irail.be/stations/NMBS/008894433,IC,2018-12-25T06:55:00,2018-12-25T06:55:00,23,23
http://irail.be/vehicle/IC727,http://irail.be/stations/NMBS/008894508,IC,2018-12-25T07:00:00,2018-12-25T06:58:00,14,12
http://irail.be/vehicle/IC727,NO-URI,IC,2018-12-25T07:02:00,2018-12-25T07:02:00,47,47
http://irail.be/vehicle/IC727,http://irail.be/stations/NMBS/008894714,IC,2018-12-25T07:03:00,2018-12-25T07:03:00,40,40
http://irail.be/vehicle/IC727,http://irail.be/stations/NMBS/008894748,IC,2018-12-25T07:06:00,2018-12-25T07:06:00,22,22
http://irail.be/vehicle/IC727,http://irail.be/stations/NMBS/008894755,IC,2018-12-25T07:07:00,2018-12-25T07:07:00,15,15
http://irail.be/vehicle/IC727,http://irail.be/stations/NMBS/008894821,IC,2018-12-25T07:08:00,2018-12-25T07:08:00,33,33
http://irail.be/vehicle/IC727,http://irail.be/stations/NMBS/008821196,IC,2018-12-25T07:12:00,2018-12-25T07:12:00,3,3
http://irail.be/vehicle/IC727,http://irail.be/stations/NMBS/008821121,IC,2018-12-25T07:19:00,2018-12-25T07:17:00,-15,-47
http://irail.be/vehicle/IC727,http://irail.be/stations/NMBS/008821006,IC,2018-12-25T07:23:00,2018-12-25T07:23:00,,-45
http://irail.be/vehicle/IC727,http://irail.be/stations/NMBS/008896735,IC,2018-05-23T05:08:00,2018-05-23T05:08:00,50,
http://irail.be/vehicle/IC727,http://irail.be/stations/NMBS/008896503,IC,2018-05-23T05:16:00,2018-05-23T05:15:00,20,33
http://irail.be/vehicle/IC727,http://irail.be/stations/NMBS/008896412,IC,2018-05-23T05:26:00,2018-05-23T05:25:00,26,-21
http://irail.be/vehicle/IC727,http://irail.be/stations/NMBS/008896396,IC,2018-05-23T05:30:00,2018-05-23T05:29:00,26,26
http://irail.be/vehicle/IC727,http://irail.be/stations/NMBS/008896305,IC,2018-05-23T05:35:00,2018-05-23T05:34:00,12,26
http://irail.be/vehicle/IC727,http://irail.be/stations/NMBS/008896370,IC,2018-05-23T05:40:00,2018-05-23T05:40:00,12,12
http://irail.be/vehicle/IC727,http://irail.be/stations/NMBS/008896388,IC,2018-05-23T05:44:00,2018-05-23T05:44:00,4,4
http://irail.be/vehicle/IC727,http://irail.be/stations/NMBS/008896008,IC,2018-05-23T05:57:00,2018-05-23T05:50:00,43,-23
http://irail.be/vehicle/IC727,http://irail.be/stations/NMBS/008896115,IC,2018-05-23T06:01:00,2018-05-23T06:01:00,48,48
http://irail.be/vehicle/IC727,http://irail.be/stations/NMBS/008896149,IC,2018-05-23T06:06:00,2018-05-23T06:05:00,44,50
http://irail.be/vehicle/IC727,http://irail.be/stations/NMBS/008892106,IC,2018-05-23T06:15:00,2018-05-23T06:15:00,-73,-73
http://irail.be/vehicle/IC727,NO-URI,IC,2018-05-23T06:15:00,2018-05-23T06:15:00,9,9
http://irail.be/vehicle/IC727,http://irail.be/stations/NMBS/008892080,IC,2018-05-23T06:18:00,2018-05-23T06:18:00,45,45
http://irail.be/vehicle/IC727,http://irail.be/stations/NMBS/008892007,IC,2018-05-23T06:27:00,2018-05-23T06:24:00,212,266
http://irail.be/vehicle/IC727,NO-URI,IC,2018-05-23T06:31:00,2018-05-23T06:31:00,236,236
http://irail.be/vehicle/IC727,http://irail.be/stations/NMBS/008893179,IC,2018-05-23T06:32:00,2018-05-23T06:32:00,22,22
http://irail.be/vehicle/IC727,http://irail.be/stations/NMBS/008893120,IC,2018-05-23T06:36:00,2018-05-23T06:35:00,208,22
http://irail.be/vehicle/IC727,http://irail.be/stations/NMBS/008894151,IC,2018-05-23T06:43:00,2018-05-23T06:43:00,273,273
http://irail.be/vehicle/IC727,http://irail.be/stations/NMBS/008894201,IC,2018-05-23T06:50:00,2018-05-23T06:48:00,173,233
http://irail.be/vehicle/IC727,NO-URI,IC,2018-05-23T06:52:00,2018-05-23T06:52:00,170,170
http://irail.be/vehicle/IC727,http://irail.be/stations/NMBS/008894425,IC,2018-05-23T06:54:00,2018-05-23T06:54:00,186,186
http://irail.be/vehicle/IC727,http://irail.be/stations/NMBS/008894433,IC,2018-05-23T06:55:00,2018-05-23T06:55:00,174,174
http://irail.be/vehicle/IC727,http://irail.be/stations/NMBS/008894508,IC,2018-05-23T07:00:00,2018-05-23T06:58:00,118,150
http://irail.be/vehicle/IC727,NO-URI,IC,2018-05-23T07:02:00,2018-05-23T07:02:00,126,126
http://irail.be/vehicle/IC727,http://irail.be/stations/NMBS/008894714,IC,2018-05-23T07:03:00,2018-05-23T07:03:00,109,109
http://irail.be/vehicle/IC727,http://irail.be/stations/NMBS/008894748,IC,2018-05-23T07:06:00,2018-05-23T07:06:00,72,72
http://irail.be/vehicle/IC727,http://irail.be/stations/NMBS/008894755,IC,2018-05-23T07:07:00,2018-05-23T07:07:00,62,62
http://irail.be/vehicle/IC727,http://irail.be/stations/NMBS/008894821,IC,2018-05-23T07:08:00,2018-05-23T07:08:00,77,77
http://irail.be/vehicle/IC727,NO-URI,IC,2018-05-23T07:09:00,2018-05-23T07:09:00,77,77
http://irail.be/vehicle/IC727,http://irail.be/stations/NMBS/008821196,IC,2018-05-23T07:12:00,2018-05-23T07:12:00,29,29
http://irail.be/vehicle/IC727,http://irail.be/stations/NMBS/008821121,IC,2018-05-23T07:19:00,2018-05-23T07:17:00,69,56
http://irail.be/vehicle/IC727,http://irail.be/stations/NMBS/008821006,IC,2018-05-23T07:23:00,2018-05-23T07:23:00,,65
http://irail.be/vehicle/IC727,http://irail.be/stations/NMBS/008896735,IC,2018-01-12T05:08:00,2018-01-12T05:08:00,60,
http://irail.be/vehicle/IC727,http://irail.be/stations/NMBS/008896503,IC,2018-01-12T05:16:00,2018-01-12T05:15:00,42,25
http://irail.be/vehicle/IC727,http://irail.be/stations/NMBS/008896412,IC,2018-01-12T05:26:00,2018-01-12T05:25:00,1,2
http://irail.be/vehicle/IC727,http://irail.be/stations/NMBS/008896396,IC,2018-01-12T05:30:00,2018-01-12T05:29:00,1,1
http://irail.be/vehicle/IC727,http://irail.be/stations/NMBS/008896305,IC,2018-01-12T05:35:00,2018-01-12T05:34:00,-21,1
http://irail.be/vehicle/IC727,http://irail.be/stations/NMBS/008896370,IC,2018-01-12T05:40:00,2018-01-12T05:40:00,-11,-21
http://irail.be/vehicle/IC727,http://irail.be/stations/NMBS/008896388,IC,2018-01-12T05:44:00,2018-01-12T05:44:00,-11,-11
http://irail.be/vehicle/IC727,http://irail.be/stations/NMBS/008896008,IC,2018-01-12T05:57:00,2018-01-12T05:50:00,31,-63
http://irail.be/vehicle/IC727,http://irail.be/stations/NMBS/008896115,IC,2018-01-12T06:01:00,2018-01-12T06:01:00,39,39
http://irail.be/vehicle/IC727,http://irail.be/stations/NMBS/008896149,IC,2018-01-12T06:06:00,2018-01-12T06:05:00,26,48
http://irail.be/vehicle/IC727,http://irail.be/stations/NMBS/008892106,IC,2018-01-12T06:15:00,2018-01-12T06:15:00,-11,-11
http://irail.be/vehicle/IC727,NO-URI,IC,2018-01-12T06:15:00,2018-01-12T06:15:00,101,101
http://irail.be/vehicle/IC727,http://irail.be/stations/NMBS/008892080,IC,2018-01-12T06:18:00,2018-01-12T06:18:00,112,112
http://irail.be/vehicle/IC727,http://irail.be/stations/NMBS/008892007,IC,2018-01-12T06:27:00,2018-01-12T06:24:00,106,202
http://irail.be/vehicle/IC727,NO-URI,IC,2018-01-12T06:31:00,2018-01-12T06:31:00,144,144
http://irail.be/vehicle/IC727,http://irail.be/stations/NMBS/008893179,IC,2018-01-12T06:32:00,2018-01-12T06:32:00,-35,-35
http://irail.be/vehicle/IC727,http://irail.be/stations/NMBS/008893120,IC,2018-01-12T06:36:00,2018-01-12T06:35:00,-35,-35
http://irail.be/vehicle/IC727,http://irail.be/stations/NMBS/008894151,IC,2018-01-12T06:43:00,2018-01-12T06:43:00,119,119
http://irail.be/vehicle/IC727,http://irail.be/stations/NMBS/008894201,IC,2018-01-12T06:50:00,2018-01-12T06:48:00,58,85
http://irail.be/vehicle/IC727,NO-URI,IC,2018-01-12T06:52:00,2018-01-12T06:52:00,61,61
http://irail.be/vehicle/IC727,http://irail.be/stations/NMBS/008894425,IC,2018-01-12T06:54:00,2018-01-12T06:54:00,70,70
http://irail.be/vehicle/IC727,http://irail.be/stations/NMBS/008894433,IC,2018-01-12T06:55:00,2018-01-12T06:55:00,59,59
http://irail.be/vehicle/IC727,http://irail.be/stations/NMBS/008894508,IC,2018-01-12T07:00:00,2018-01-12T06:58:00,64,59
http://irail.be/vehicle/IC727,NO-URI,IC,2018-01-12T07:02:00,2018-01-12T07:02:00,73,73
http://irail.be/vehicle/IC727,http://irail.be/stations/NMBS/008894714,IC,2018-01-12T07:03:00,2018-01-12T07:03:00,59,59
http://irail.be/vehicle/IC727,http://irail.be/stations/NMBS/008894748,IC,2018-01-12T07:06:00,2018-01-12T07:06:00,28,28
http://irail.be/vehicle/IC727,http://irail.be/stations/NMBS/008894755,IC,2018-01-12T07:07:00,2018-01-12T07:07:00,21,21
http://irail.be/vehicle/IC727,http://irail.be/stations/NMBS/008894821,IC,2018-01-12T07:08:00,2018-01-12T07:08:00,45,45
http://irail.be/vehicle/IC727,NO-URI,IC,2018-01-12T07:09:00,2018-01-12T07:09:00,45,45
http://irail.be/vehicle/IC727,http://irail.be/stations/NMBS/008821196,IC,2018-01-12T07:12:00,2018-01-12T07:12:00,8,8
http://irail.be/vehicle/IC727,http://irail.be/stations/NMBS/008821121,IC,2018-01-12T07:19:00,2018-01-12T07:17:00,0,19
http://irail.be/vehicle/IC727,http://irail.be/stations/NMBS/008821006,IC,2018-01-12T07:23:00,2018-01-12T07:23:00,,-5
http://irail.be/vehicle/IC727,http://irail.be/stations/NMBS/008896735,IC,2018-04-17T05:08:00,2018-04-17T05:08:00,67,
http://irail.be/vehicle/IC727,http://irail.be/stations/NMBS/008896503,IC,2018-04-17T05:16:00,2018-04-17T05:15:00,54,64
http://irail.be/vehicle/IC727,http://irail.be/stations/NMBS/008896412,IC,2018-04-17T05:26:00,2018-04-17T05:25:00,34,29
http://irail.be/vehicle/IC727,http://irail.be/stations/NMBS/008896396,IC,2018-04-17T05:30:00,2018-04-17T05:29:00,34,34
http://irail.be/vehicle/IC727,http://irail.be/stations/NMBS/008896305,IC,2018-04-17T05:35:00,2018-04-17T05:34:00,41,34
http://irail.be/vehicle/IC727,http://irail.be/stations/NMBS/008896370,IC,2018-04-17T05:40:00,2018-04-17T05:40:00,96,41
http://irail.be/vehicle/IC727,http://irail.be/stations/NMBS/008896388,IC,2018-04-17T05:44:00,2018-04-17T05:44:00,96,96
http://irail.be/vehicle/IC727,http://irail.be/stations/NMBS/008896008,IC,2018-04-17T05:57:00,2018-04-17T05:50:00,104,58
http://irail.be/vehicle/IC727,http://irail.be/stations/NMBS/008896115,IC,2018-04-17T06:01:00,2018-04-17T06:01:00,81,81
http://irail.be/vehicle/IC727,http://irail.be/stations/NMBS/008896149,IC,2018-04-17T06:06:00,2018-04-17T06:05:00,55,78
http://irail.be/vehicle/IC727,http://irail.be/stations/NMBS/008892106,IC,2018-04-17T06:15:00,2018-04-17T06:15:00,109,109
http://irail.be/vehicle/IC727,NO-URI,IC,2018-04-17T06:15:00,2018-04-17T06:15:00,163,163
http://irail.be/vehicle/IC727,http://irail.be/stations/NMBS/008892080,IC,2018-04-17T06:18:00,2018-04-17T06:18:00,146,146
http://irail.be/vehicle/IC727,http://irail.be/stations/NMBS/008892007,IC,2018-04-17T06:27:00,2018-04-17T06:24:00,131,118
http://irail.be/vehicle/IC727,NO-URI,IC,2018-04-17T06:31:00,2018-04-17T06:31:00,144,144
http://irail.be/vehicle/IC727,http://irail.be/stations/NMBS/008893179,IC,2018-04-17T06:32:00,2018-04-17T06:32:00,-72,-72
http://irail.be/vehicle/IC727,http://irail.be/stations/NMBS/008893120,IC,2018-04-17T06:36:00,2018-04-17T06:35:00,100,-72
http://irail.be/vehicle/IC727,http://irail.be/stations/NMBS/008894151,IC,2018-04-17T06:43:00,2018-04-17T06:43:00,51,51
http://irail.be/vehicle/IC727,http://irail.be/stations/NMBS/008894201,IC,2018-04-17T06:50:00,2018-04-17T06:48:00,28,12
http://irail.be/vehicle/IC727,NO-URI,IC,2018-04-17T06:52:00,2018-04-17T06:52:00,19,19
http://irail.be/vehicle/IC727,http://irail.be/stations/NMBS/008894425,IC,2018-04-17T06:54:00,2018-04-17T06:54:00,28,28
http://irail.be/vehicle/IC727,http://irail.be/stations/NMBS/008894433,IC,2018-04-17T06:55:00,2018-04-17T06:55:00,21,21
http://irail.be/vehicle/IC727,http://irail.be/stations/NMBS/008894508,IC,2018-04-17T07:00:00,2018-04-17T06:58:00,23,25
http://irail.be/vehicle/IC727,NO-URI,IC,2018-04-17T07:02:00,2018-04-17T07:02:00,41,41
http://irail.be/vehicle/IC727,http://irail.be/stations/NMBS/008894714,IC,2018-04-17T07:03:00,2018-04-17T07:03:00,25,25
http://irail.be/vehicle/IC727,http://irail.be/stations/NMBS/008894748,IC,2018-04-17T07:06:00,2018-04-17T07:06:00,-8,-8
http://irail.be/vehicle/IC727,http://irail.be/stations/NMBS/008894755,IC,2018-04-17T07:07:00,2018-04-17T07:07:00,-6,-6
http://irail.be/vehicle/IC727,http://irail.be/stations/NMBS/008894821,IC,2018-04-17T07:08:00,2018-04-17T07:08:00,38,38
http://irail.be/vehicle/IC727,NO-URI,IC,2018-04-17T07:09:00,2018-04-17T07:09:00,38,38
http://irail.be/vehicle/IC727,http://irail.be/stations/NMBS/008821196,IC,2018-04-17T07:12:00,2018-04-17T07:12:00,47,47
http://irail.be/vehicle/IC727,http://irail.be/stations/NMBS/008821121,IC,2018-04-17T07:19:00,2018-04-17T07:17:00,70,33
http://irail.be/vehicle/IC727,http://irail.be/stations/NMBS/008821006,IC,2018-04-17T07:23:00,2018-04-17T07:23:00,,74
http://irail.be/vehicle/IC727,http://irail.be/stations/NMBS/008896735,IC,2018-08-13T05:08:00,2018-08-13T05:08:00,66,
http://irail.be/vehicle/IC727,http://irail.be/stations/NMBS/008896503,IC,2018-08-13T05:16:00,2018-08-13T05:15:00,59,34
http://irail.be/vehicle/IC727,http://irail.be/stations/NMBS/008896412,IC,2018-08-13T05:26:00,2018-08-13T05:25:00,36,44
http://irail.be/vehicle/IC727,http://irail.be/stations/NMBS/008896396,IC,2018-08-13T05:30:00,2018-08-13T05:29:00,36,36
http://irail.be/vehicle/IC727,http://irail.be/stations/NMBS/008896305,IC,2018-08-13T05:35:00,2018-08-13T05:34:00,34,36
http://irail.be/vehicle/IC727,http://irail.be/stations/NMBS/008896370,IC,2018-08-13T05:40:00,2018-08-13T05:39:00,34,34
http://irail.be/vehicle/IC727,http://irail.be/stations/NMBS/008896388,IC,2018-08-13T05:45:00,2018-08-13T05:44:00,-39,-39
http://irail.be/vehicle/IC727,http://irail.be/stations/NMBS/008896008,IC,2018-08-13T05:58:00,2018-08-13T05:50:00,124,79
http://irail.be/vehicle/IC727,http://irail.be/stations/NMBS/008896115,IC,2018-08-13T06:02:00,2018-08-13T06:02:00,72,72
http://irail.be/vehicle/IC727,http://irail.be/stations/NMBS/008896149,IC,2018-08-13T06:08:00,2018-08-13T06:07:00,22,27
http://irail.be/vehicle/IC727,http://irail.be/stations/NMBS/008892106,IC,2018-08-13T06:15:00,2018-08-13T06:15:00,-45,-45
http://irail.be/vehicle/IC727,NO-URI,IC,2018-08-13T06:15:00,2018-08-13T06:15:00,-13,-13
http://irail.be/vehicle/IC727,http://irail.be/stations/NMBS/008892080,IC,2018-08-13T06:18:00,2018-08-13T06:18:00,-44,-44
http://irail.be/vehicle/IC727,http://irail.be/stations/NMBS/008892007,IC,2018-08-13T06:27:00,2018-08-13T06:24:00,0,-7
http://irail.be/vehicle/IC727,NO-URI,IC,2018-08-13T06:31:00,2018-08-13T06:31:00,24,24
http://irail.be/vehicle/IC727,http://irail.be/stations/NMBS/008893179,IC,2018-08-13T06:32:00,2018-08-13T06:32:00,-148,-148
http://irail.be/vehicle/IC727,http://irail.be/stations/NMBS/008893120,IC,2018-08-13T06:36:00,2018-08-13T06:35:00,78,-148
http://irail.be/vehicle/IC727,http://irail.be/stations/NMBS/008894151,IC,2018-08-13T06:43:00,2018-08-13T06:43:00,34,34
http://irail.be/vehicle/IC727,http://irail.be/stations/NMBS/008894201,IC,2018-08-13T06:50:00,2018-08-13T06:48:00,32,-14
http://irail.be/vehicle/IC727,NO-URI,IC,2018-08-13T06:52:00,2018-08-13T06:52:00,19,19
http://irail.be/vehicle/IC727,http://irail.be/stations/NMBS/008894425,IC,2018-08-13T06:54:00,2018-08-13T06:54:00,19,19
http://irail.be/vehicle/IC727,http://irail.be/stations/NMBS/008894433,IC,2018-08-13T06:55:00,2018-08-13T06:55:00,6,6
http://irail.be/vehicle/IC727,http://irail.be/stations/NMBS/008894508,IC,2018-08-13T07:00:00,2018-08-13T06:58:00,-3,-6
http://irail.be/vehicle/IC727,NO-URI,IC,2018-08-13T07:02:00,2018-08-13T07:02:00,-11,-11
http://irail.be/vehicle/IC727,http://irail.be/stations/NMBS/008894714,IC,2018-08-13T07:03:00,2018-08-13T07:03:00,-30,-30
http://irail.be/vehicle/IC727,http://irail.be/stations/NMBS/008894748,IC,2018-08-13T07:06:00,2018-08-13T07:06:00,-67,-67
http://irail.be/vehicle/IC727,http://irail.be/stations/NMBS/008894755,IC,2018-08-13T07:07:00,2018-08-13T07:07:00,-74,-74
http://irail.be/vehicle/IC727,http://irail.be/stations/NMBS/008894821,IC,2018-08-13T07:08:00,2018-08-13T07:08:00,-56,-56
http://irail.be/vehicle/IC727,http://irail.be/stations/NMBS/008821196,IC,2018-08-13T07:12:00,2018-08-13T07:12:00,-87,-87
http://irail.be/vehicle/IC727,http://irail.be/stations/NMBS/008821121,IC,2018-08-13T07:19:00,2018-08-13T07:17:00,-1,-55
http://irail.be/vehicle/IC727,http://irail.be/stations/NMBS/008821006,IC,2018-08-13T07:23:00,2018-08-13T07:23:00,,87
http://irail.be/vehicle/IC727,http://irail.be/stations/NMBS/008896735,IC,2018-12-02T05:08:00,2018-12-02T05:08:00,47,
http://irail.be/vehicle/IC727,http://irail.be/stations/NMBS/008896503,IC,2018-12-02T05:16:00,2018-12-02T05:15:00,16,20
http://irail.be/vehicle/IC727,http://irail.be/stations/NMBS/008896412,IC,2018-12-02T05:26:00,2018-12-02T05:25:00,-8,-18
http://irail.be/vehicle/IC727,http://irail.be/stations/NMBS/008896396,IC,2018-12-02T05:30:00,2018-12-02T05:29:00,-8,-8
http://irail.be/vehicle/IC727,http://irail.be/stations/NMBS/008896305,IC,2018-12-02T05:35:00,2018-12-02T05:34:00,3,-8
http://irail.be/vehicle/IC727,http://irail.be/stations/NMBS/008896370,IC,2018-12-02T05:40:00,2018-12-02T05:39:00,-23,3
http://irail.be/vehicle/IC727,http://irail.be/stations/NMBS/008896388,IC,2018-12-02T05:45:00,2018-12-02T05:44:00,-23,-23
http://irail.be/vehicle/IC727,http://irail.be/stations/NMBS/008896008,IC,2018-12-02T05:58:00,2018-12-02T05:50:00,26,-66
http://irail.be/vehicle/IC727,http://irail.be/stations/NMBS/008896115,IC,2018-12-02T06:02:00,2018-12-02T06:02:00,-5,-5
http://irail.be/vehicle/IC727,http://irail.be/stations/NMBS/008896149,IC,2018-12-02T06:08:00,2018-12-02T06:07:00,-18,-50
http://irail.be/vehicle/IC727,http://irail.be/stations/NMBS/008892106,IC,2018-12-02T06:15:00,2018-12-02T06:15:00,-76,-76
http://irail.be/vehicle/IC727,NO-URI,IC,2018-12-02T06:15:00,2018-12-02T06:15:00,-43,-43
http://irail.be/vehicle/IC727,http://irail.be/stations/NMBS/008892080,IC,2018-12-02T06:18:00,2018-12-02T06:18:00,-71,-71
http://irail.be/vehicle/IC727,http://irail.be/stations/NMBS/008892007,IC,2018-12-02T06:27:00,2018-12-02T06:24:00,-5,-109
http://irail.be/vehicle/IC727,NO-URI,IC,2018-12-02T06:31:00,2018-12-02T06:31:00,26,26
http://irail.be/vehicle/IC727,http://irail.be/stations/NMBS/008893179,IC,2018-12-02T06:32:00,2018-12-02T06:32:00,21,21
http://irail.be/vehicle/IC727,http://irail.be/stations/NMBS/008893120,IC,2018-12-02T06:36:00,2018-12-02T06:35:00,101,10
http://irail.be/vehicle/IC727,http://irail.be/stations/NMBS/008894151,IC,2018-12-02T06:43:00,2018-12-02T06:43:00,63,63
http://irail.be/vehicle/IC727,http://irail.be/stations/NMBS/008894201,IC,2018-12-02T06:50:00,2018-12-02T06:48:00,2,19
http://irail.be/vehicle/IC727,NO-URI,IC,2018-12-02T06:52:00,2018-12-02T06:52:00,-5,-5
http://irail.be/vehicle/IC727,http://irail.be/stations/NMBS/008894425,IC,2018-12-02T06:54:00,2018-12-02T06:54:00,-3,-3
http://irail.be/vehicle/IC727,http://irail.be/stations/NMBS/008894433,IC,2018-12-02T06:55:00,2018-12-02T06:55:00,-15,-15
http://irail.be/vehicle/IC727,http://irail.be/stations/NMBS/008894508,IC,2018-12-02T07:03:00,2018-12-02T06:58:00,29,-27
http://irail.be/vehicle/IC727,http://irail.be/stations/NMBS/008894672,IC,2018-12-02T07:11:00,2018-12-02T07:10:00,28,17
http://irail.be/vehicle/IC727,http://irail.be/stations/NMBS/008822772,IC,2018-12-02T07:15:00,2018-12-02T07:15:00,28,28
http://irail.be/vehicle/IC727,http://irail.be/stations/NMBS/008822715,IC,2018-12-02T07:19:00,2018-12-02T07:19:00,-93,-93
http://irail.be/vehicle/IC727,http://irail.be/stations/NMBS/008822848,IC,2018-12-02T07:22:00,2018-12-02T07:22:00,-104,-104
http://irail.be/vehicle/IC727,http://irail.be/stations/NMBS/008822814,IC,2018-12-02T07:25:00,2018-12-02T07:25:00,-93,-93
http://irail.be/vehicle/IC727,http://irail.be/stations/NMBS/008824240,IC,2018-12-02T07:28:00,2018-12-02T07:28:00,-76,-76
http://irail.be/vehicle/IC727,http://irail.be/stations/NMBS/008824232,IC,2018-12-02T07:30:00,2018-12-02T07:30:00,-30,-30
http://irail.be/vehicle/IC727,http://irail.be/stations/NMBS/008824224,IC,2018-12-02T07:31:00,2018-12-02T07:31:00,-30,-30
http://irail.be/vehicle/IC727,http://irail.be/stations/NMBS/008824158,IC,2018-12-02T07:36:00,2018-12-02T07:36:00,-9,-9
http://irail.be/vehicle/IC727,http://irail.be/stations/NMBS/008821196,IC,2018-12-02T07:42:00,2018-12-02T07:40:00,52,52
http://irail.be/vehicle/IC727,http://irail.be/stations/NMBS/008821121,IC,2018-12-02T07:50:00,2018-12-02T07:48:00,72,-2
http://irail.be/vehicle/IC727,http://irail.be/stations/NMBS/008821006,IC,2018-12-02T07:54:00,2018-12-02T07:54:00,,117
http://irail.be/vehicle/IC727,http://irail.be/stations/NMBS/008896735,IC,2018-06-28T05:08:00,2018-06-28T05:08:00,53,
http://irail.be/vehicle/IC727,http://irail.be/stations/NMBS/008896503,IC,2018-06-28T05:16:00,2018-06-28T05:15:00,33,18
http://irail.be/vehicle/IC727,http://irail.be/stations/NMBS/008896412,IC,2018-06-28T05:26:00,2018-06-28T05:25:00,57,-6
http://irail.be/vehicle/IC727,http://irail.be/stations/NMBS/008896396,IC,2018-06-28T05:30:00,2018-06-28T05:29:00,57,57
http://irail.be/vehicle/IC727,http://irail.be/stations/NMBS/008896305,IC,2018-06-28T05:35:00,2018-06-28T05:34:00,35,57
http://irail.be/vehicle/IC727,http://irail.be/stations/NMBS/008896370,IC,2018-06-28T05:40:00,2018-06-28T05:39:00,35,35
http://irail.be/vehicle/IC727,http://irail.be/stations/NMBS/008896388,IC,2018-06-28T05:45:00,2018-06-28T05:44:00,-81,-81
http://irail.be/vehicle/IC727,http://irail.be/stations/NMBS/008896008,IC,2018-06-28T05:58:00,2018-06-28T05:50:00,29,-67
http://irail.be/vehicle/IC727,http://irail.be/stations/NMBS/008896115,IC,2018-06-28T06:02:00,2018-06-28T06:02:00,49,49
http://irail.be/vehicle/IC727,http://irail.be/stations/NMBS/008896149,IC,2018-06-28T06:08:00,2018-06-28T06:07:00,85,80
http://irail.be/vehicle/IC727,http://irail.be/stations/NMBS/008892106,IC,2018-06-28T06:15:00,2018-06-28T06:15:00,35,35
http://irail.be/vehicle/IC727,NO-URI,IC,2018-06-28T06:15:00,2018-06-28T06:15:00,173,173
http://irail.be/vehicle/IC727,http://irail.be/stations/NMBS/008892080,IC,2018-06-28T06:18:00,2018-06-28T06:18:00,173,173
http://irail.be/vehicle/IC727,http://irail.be/stations/NMBS/008892007,IC,2018-06-28T06:27:00,2018-06-28T06:24:00,267,335
http://irail.be/vehicle/IC727,NO-URI,IC,2018-06-28T06:31:00,2018-06-28T06:31:00,1666,1666
http://irail.be/vehicle/IC727,http://irail.be/stations/NMBS/008893179,IC,2018-06-28T06:32:00,2018-06-28T06:32:00,1463,1463
http://irail.be/vehicle/IC727,http://irail.be/stations/NMBS/008893120,IC,2018-06-28T06:36:00,2018-06-28T06:35:00,1714,1463
http://irail.be/vehicle/IC727,http://irail.be/stations/NMBS/008894151,IC,2018-06-28T06:43:00,2018-06-28T06:43:00,1709,1709
http://irail.be/vehicle/IC727,http://irail.be/stations/NMBS/008894201,IC,2018-06-28T06:50:00,2018-06-28T06:48:00,1629,1674
http://irail.be/vehicle/IC727,NO-URI,IC,2018-06-28T06:52:00,2018-06-28T06:52:00,1611,1611
http://irail.be/vehicle/IC727,http://irail.be/stations/NMBS/008894425,IC,2018-06-28T06:54:00,2018-06-28T06:54:00,1614,1614
http://irail.be/vehicle/IC727,http://irail.be/stations/NMBS/008894433,IC,2018-06-28T06:55:00,2018-06-28T06:55:00,1605,1605
http://irail.be/vehicle/IC727,http://irail.be/stations/NMBS/008894508,IC,2018-06-28T07:00:00,2018-06-28T06:58:00,1635,1599
http://irail.be/vehicle/IC727,NO-URI,IC,2018-06-28T07:02:00,2018-06-28T07:02:00,1658,1658
http://irail.be/vehicle/IC727,http://irail.be/stations/NMBS/008894714,IC,2018-06-28T07:03:00,2018-06-28T07:03:00,1653,1653
http://irail.be/vehicle/IC727,http://irail.be/stations/NMBS/008894748,IC,2018-06-28T07:06:00,2018-06-28T07:06:00,1625,1625
http://irail.be/vehicle/IC727,http://irail.be/stations/NMBS/008894755,IC,2018-06-28T07:07:00,2018-06-28T07:07:00,1620,1620
http://irail.be/vehicle/IC727,http://irail.be/stations/NMBS/008894821,IC,2018-06-28T07:08:00,2018-06-28T07:08:00,1637,1637
http://irail.be/vehicle/IC727,http://irail.be/stations/NMBS/008821196,IC,2018-06-28T07:12:00,2018-06-28T07:12:00,1639,1639
http://irail.be/vehicle/IC727,http://irail.be/stations/NMBS/008821121,IC,2018-06-28T07:17:00,2018-06-28T07:17:00,,1657
http://irail.be/vehicle/IC727,http://irail.be/stations/NMBS/008896735,IC,2018-03-25T05:08:00,2018-03-25T05:08:00,78,
http://irail.be/vehicle/IC727,http://irail.be/stations/NMBS/008896503,IC,2018-03-25T05:16:00,2018-03-25T05:15:00,55,56
http://irail.be/vehicle/IC727,http://irail.be/stations/NMBS/008896412,IC,2018-03-25T05:26:00,2018-03-25T05:25:00,25,26
http://irail.be/vehicle/IC727,http://irail.be/stations/NMBS/008896396,IC,2018-03-25T05:30:00,2018-03-25T05:29:00,25,25
http://irail.be/vehicle/IC727,http://irail.be/stations/NMBS/008896305,IC,2018-03-25T05:35:00,2018-03-25T05:34:00,3,25
http://irail.be/vehicle/IC727,http://irail.be/stations/NMBS/008896370,IC,2018-03-25T05:40:00,2018-03-25T05:40:00,30,3
http://irail.be/vehicle/IC727,http://irail.be/stations/NMBS/008896388,IC,2018-03-25T05:44:00,2018-03-25T05:44:00,30,30
http://irail.be/vehicle/IC727,http://irail.be/stations/NMBS/008896008,IC,2018-03-25T05:57:00,2018-03-25T05:50:00,61,-10
http://irail.be/vehicle/IC727,http://irail.be/stations/NMBS/008896115,IC,2018-03-25T06:01:00,2018-03-25T06:01:00,70,70
http://irail.be/vehicle/IC727,http://irail.be/stations/NMBS/008896149,IC,2018-03-25T06:06:00,2018-03-25T06:05:00,59,72
http://irail.be/vehicle/IC727,http://irail.be/stations/NMBS/008892106,IC,2018-03-25T06:15:00,2018-03-25T06:15:00,-57,-57
http://irail.be/vehicle/IC727,NO-URI,IC,2018-03-25T06:15:00,2018-03-25T06:15:00,-23,-23
http://irail.be/vehicle/IC727,http://irail.be/stations/NMBS/008892080,IC,2018-03-25T06:18:00,2018-03-25T06:18:00,-31,-31
http://irail.be/vehicle/IC727,http://irail.be/stations/NMBS/008892007,IC,2018-03-25T06:27:00,2018-03-25T06:24:00,6,-36
http://irail.be/vehicle/IC727,NO-URI,IC,2018-03-25T06:31:00,2018-03-25T06:31:00,19,19
http://irail.be/vehicle/IC727,http://irail.be/stations/NMBS/008893179,IC,2018-03-25T06:32:00,2018-03-25T06:32:00,-186,-186
http://irail.be/vehicle/IC727,http://irail.be/stations/NMBS/008893120,IC,2018-03-25T06:36:00,2018-03-25T06:35:00,-186,-186
http://irail.be/vehicle/IC727,http://irail.be/stations/NMBS/008894151,IC,2018-03-25T06:43:00,2018-03-25T06:43:00,40,40
http://irail.be/vehicle/IC727,http://irail.be/stations/NMBS/008894201,IC,2018-03-25T06:50:00,2018-03-25T06:48:00,32,7
http://irail.be/vehicle/IC727,NO-URI,IC,2018-03-25T06:52:00,2018-03-25T06:52:00,32,32
http://irail.be/vehicle/IC727,http://irail.be/stations/NMBS/008894425,IC,2018-03-25T06:54:00,2018-03-25T06:54:00,50,50
http://irail.be/vehicle/IC727,http://irail.be/stations/NMBS/008894433,IC,2018-03-25T06:55:00,2018-03-25T06:55:00,39,39
http://irail.be/vehicle/IC727,http://irail.be/stations/NMBS/008894508,IC,2018-03-25T07:00:00,2018-03-25T06:58:00,41,28
http://irail.be/vehicle/IC727,NO-URI,IC,2018-03-25T07:02:00,2018-03-25T07:02:00,39,39
http://irail.be/vehicle/IC727,http://irail.be/stations/NMBS/008894714,IC,2018-03-25T07:03:00,2018-03-25T07:03:00,25,25
http://irail.be/vehicle/IC727,http://irail.be/stations/NMBS/008894748,IC,2018-03-25T07:06:00,2018-03-25T07:06:00,-1,-1
http://irail.be/vehicle/IC727,http://irail.be/stations/NMBS/008894755,IC,2018-03-25T07:07:00,2018-03-25T07:07:00,0,0
http://irail.be/vehicle/IC727,http://irail.be/stations/NMBS/008894821,IC,2018-03-25T07:08:00,2018-03-25T07:08:00,34,34
http://irail.be/vehicle/IC727,NO-URI,IC,2018-03-25T07:09:00,2018-03-25T07:09:00,34,34
http://irail.be/vehicle/IC727,http://irail.be/stations/NMBS/008821196,IC,2018-03-25T07:12:00,2018-03-25T07:12:00,-5,-5
http://irail.be/vehicle/IC727,http://irail.be/stations/NMBS/008821121,IC,2018-03-25T07:19:00,2018-03-25T07:17:00,4,-60
http://irail.be/vehicle/IC727,http://irail.be/stations/NMBS/008821006,IC,2018-03-25T07:23:00,2018-03-25T07:23:00,,12
http://irail.be/vehicle/IC727,http://irail.be/stations/NMBS/008896735,IC,2018-07-20T05:08:00,2018-07-20T05:08:00,55,
http://irail.be/vehicle/IC727,http://irail.be/stations/NMBS/008896503,IC,2018-07-20T05:16:00,2018-07-20T05:15:00,19,20
http://irail.be/vehicle/IC727,http://irail.be/stations/NMBS/008896412,IC,2018-07-20T05:26:00,2018-07-20T05:25:00,-31,-16
http://irail.be/vehicle/IC727,http://irail.be/stations/NMBS/008896396,IC,2018-07-20T05:30:00,2018-07-20T05:29:00,-31,-31
http://irail.be/vehicle/IC727,http://irail.be/stations/NMBS/008896305,IC,2018-07-20T05:35:00,2018-07-20T05:34:00,24,-31
http://irail.be/vehicle/IC727,http://irail.be/stations/NMBS/008896370,IC,2018-07-20T05:40:00,2018-07-20T05:39:00,0,24
http://irail.be/vehicle/IC727,http://irail.be/stations/NMBS/008896388,IC,2018-07-20T05:45:00,2018-07-20T05:44:00,0,0
http://irail.be/vehicle/IC727,http://irail.be/stations/NMBS/008896008,IC,2018-07-20T05:58:00,2018-07-20T05:50:00,53,36
http://irail.be/vehicle/IC727,http://irail.be/stations/NMBS/008896115,IC,2018-07-20T06:02:00,2018-07-20T06:02:00,65,65
http://irail.be/vehicle/IC727,http://irail.be/stations/NMBS/008896149,IC,2018-07-20T06:08:00,2018-07-20T06:07:00,-14,18
http://irail.be/vehicle/IC727,http://irail.be/stations/NMBS/008892106,IC,2018-07-20T06:15:00,2018-07-20T06:15:00,-73,-73
http://irail.be/vehicle/IC727,NO-URI,IC,2018-07-20T06:15:00,2018-07-20T06:15:00,-35,-35
http://irail.be/vehicle/IC727,http://irail.be/stations/NMBS/008892080,IC,2018-07-20T06:18:00,2018-07-20T06:18:00,-59,-59
http://irail.be/vehicle/IC727,http://irail.be/stations/NMBS/008892007,IC,2018-07-20T06:27:00,2018-07-20T06:24:00,-10,-65
http://irail.be/vehicle/IC727,NO-URI,IC,2018-07-20T06:31:00,2018-07-20T06:31:00,-2,-2
http://irail.be/vehicle/IC727,http://irail.be/stations/NMBS/008893179,IC,2018-07-20T06:32:00,2018-07-20T06:32:00,-202,-202
http://irail.be/vehicle/IC727,http://irail.be/stations/NMBS/008893120,IC,2018-07-20T06:36:00,2018-07-20T06:35:00,17,-202
http://irail.be/vehicle/IC727,http://irail.be/stations/NMBS/008894151,IC,2018-07-20T06:43:00,2018-07-20T06:43:00,-30,-30
http://irail.be/vehicle/IC727,http://irail.be/stations/NMBS/008894201,IC,2018-07-20T06:50:00,2018-07-20T06:48:00,-2,-61
http://irail.be/vehicle/IC727,NO-URI,IC,2018-07-20T06:52:00,2018-07-20T06:52:00,-19,-19
http://irail.be/vehicle/IC727,http://irail.be/stations/NMBS/008894425,IC,2018-07-20T06:54:00,2018-07-20T06:54:00,-19,-19
http://irail.be/vehicle/IC727,http://irail.be/stations/NMBS/008894433,IC,2018-07-20T06:55:00,2018-07-20T06:55:00,-24,-24
http://irail.be/vehicle/IC727,http://irail.be/stations/NMBS/008894508,IC,2018-07-20T07:00:00,2018-07-20T06:58:00,-5,-13
http://irail.be/vehicle/IC727,NO-URI,IC,2018-07-20T07:02:00,2018-07-20T07:02:00,-11,-11
http://irail.be/vehicle/IC727,http://irail.be/stations/NMBS/008894714,IC,2018-07-20T07:03:00,2018-07-20T07:03:00,-29,-29
http://irail.be/vehicle/IC727,http://irail.be/stations/NMBS/008894748,IC,2018-07-20T07:06:00,2018-07-20T07:06:00,-69,-69
http://irail.be/vehicle/IC727,http://irail.be/stations/NMBS/008894755,IC,2018-07-20T07:07:00,2018-07-20T07:07:00,-77,-77
http://irail.be/vehicle/IC727,http://irail.be/stations/NMBS/008894821,IC,2018-07-20T07:08:00,2018-07-20T07:08:00,-53,-53
http://irail.be/vehicle/IC727,http://irail.be/stations/NMBS/008821196,IC,2018-07-20T07:12:00,2018-07-20T07:12:00,-62,-62
http://irail.be/vehicle/IC727,http://irail.be/stations/NMBS/008821121,IC,2018-07-20T07:19:00,2018-07-20T07:17:00,-12,-31
http://irail.be/vehicle/IC727,http://irail.be/stations/NMBS/008821006,IC,2018-07-20T07:23:00,2018-07-20T07:23:00,,-15
http://irail.be/vehicle/IC727,http://irail.be/stations/NMBS/008896735,IC,2018-04-04T05:08:00,2018-04-04T05:08:00,55,
http://irail.be/vehicle/IC727,http://irail.be/stations/NMBS/008896503,IC,2018-04-04T05:16:00,2018-04-04T05:15:00,50,41
http://irail.be/vehicle/IC727,http://irail.be/stations/NMBS/008896412,IC,2018-04-04T05:26:00,2018-04-04T05:25:00,13,9
http://irail.be/vehicle/IC727,http://irail.be/stations/NMBS/008896396,IC,2018-04-04T05:30:00,2018-04-04T05:29:00,13,13
http://irail.be/vehicle/IC727,http://irail.be/stations/NMBS/008896305,IC,2018-04-04T05:35:00,2018-04-04T05:34:00,13,13
http://irail.be/vehicle/IC727,http://irail.be/stations/NMBS/008896370,IC,2018-04-04T05:40:00,2018-04-04T05:40:00,13,13
http://irail.be/vehicle/IC727,http://irail.be/stations/NMBS/008896388,IC,2018-04-04T05:44:00,2018-04-04T05:44:00,7,7
http://irail.be/vehicle/IC727,http://irail.be/stations/NMBS/008896008,IC,2018-04-04T05:57:00,2018-04-04T05:50:00,40,-91
http://irail.be/vehicle/IC727,http://irail.be/stations/NMBS/008896115,IC,2018-04-04T06:01:00,2018-04-04T06:01:00,7,7
http://irail.be/vehicle/IC727,http://irail.be/stations/NMBS/008896149,IC,2018-04-04T06:06:00,2018-04-04T06:05:00,10,2
http://irail.be/vehicle/IC727,http://irail.be/stations/NMBS/008892106,IC,2018-04-04T06:15:00,2018-04-04T06:15:00,-150,-150
http://irail.be/vehicle/IC727,NO-URI,IC,2018-04-04T06:15:00,2018-04-04T06:15:00,-136,-136
http://irail.be/vehicle/IC727,http://irail.be/stations/NMBS/008892080,IC,2018-04-04T06:18:00,2018-04-04T06:18:00,-162,-162
http://irail.be/vehicle/IC727,http://irail.be/stations/NMBS/008892007,IC,2018-04-04T06:27:00,2018-04-04T06:24:00,24,-147
http://irail.be/vehicle/IC727,NO-URI,IC,2018-04-04T06:31:00,2018-04-04T06:31:00,33,33
http://irail.be/vehicle/IC727,http://irail.be/stations/NMBS/008893179,IC,2018-04-04T06:32:00,2018-04-04T06:32:00,-184,-184
http://irail.be/vehicle/IC727,http://irail.be/stations/NMBS/008893120,IC,2018-04-04T06:36:00,2018-04-04T06:35:00,-184,-184
http://irail.be/vehicle/IC727,http://irail.be/stations/NMBS/008894151,IC,2018-04-04T06:43:00,2018-04-04T06:43:00,0,0
http://irail.be/vehicle/IC727,http://irail.be/stations/NMBS/008894201,IC,2018-04-04T06:50:00,2018-04-04T06:48:00,11,-47
http://irail.be/vehicle/IC727,NO-URI,IC,2018-04-04T06:52:00,2018-04-04T06:52:00,2,2
http://irail.be/vehicle/IC727,http://irail.be/stations/NMBS/008894425,IC,2018-04-04T06:54:00,2018-04-04T06:54:00,6,6
http://irail.be/vehicle/IC727,http://irail.be/stations/NMBS/008894433,IC,2018-04-04T06:55:00,2018-04-04T06:55:00,-6,-6
http://irail.be/vehicle/IC727,http://irail.be/stations/NMBS/008894508,IC,2018-04-04T07:00:00,2018-04-04T06:58:00,9,-27
http://irail.be/vehicle/IC727,NO-URI,IC,2018-04-04T07:02:00,2018-04-04T07:02:00,9,9
http://irail.be/vehicle/IC727,http://irail.be/stations/NMBS/008894714,IC,2018-04-04T07:03:00,2018-04-04T07:03:00,-9,-9
http://irail.be/vehicle/IC727,http://irail.be/stations/NMBS/008894748,IC,2018-04-04T07:06:00,2018-04-04T07:06:00,-47,-47
http://irail.be/vehicle/IC727,http://irail.be/stations/NMBS/008894755,IC,2018-04-04T07:07:00,2018-04-04T07:07:00,-59,-59
http://irail.be/vehicle/IC727,http://irail.be/stations/NMBS/008894821,IC,2018-04-04T07:08:00,2018-04-04T07:08:00,-42,-42
http://irail.be/vehicle/IC727,NO-URI,IC,2018-04-04T07:09:00,2018-04-04T07:09:00,-42,-42
http://irail.be/vehicle/IC727,http://irail.be/stations/NMBS/008821196,IC,2018-04-04T07:12:00,2018-04-04T07:12:00,-81,-81
http://irail.be/vehicle/IC727,http://irail.be/stations/NMBS/008821121,IC,2018-04-04T07:19:00,2018-04-04T07:17:00,4,-104
http://irail.be/vehicle/IC727,http://irail.be/stations/NMBS/008821006,IC,2018-04-04T07:23:00,2018-04-04T07:23:00,,-24
http://irail.be/vehicle/IC727,http://irail.be/stations/NMBS/008896735,IC,2018-12-17T05:08:00,2018-12-17T05:08:00,37,
http://irail.be/vehicle/IC727,http://irail.be/stations/NMBS/008896503,IC,2018-12-17T05:16:00,2018-12-17T05:15:00,22,27
http://irail.be/vehicle/IC727,http://irail.be/stations/NMBS/008896412,IC,2018-12-17T05:26:00,2018-12-17T05:25:00,38,18
http://irail.be/vehicle/IC727,http://irail.be/stations/NMBS/008896396,IC,2018-12-17T05:30:00,2018-12-17T05:29:00,38,38
http://irail.be/vehicle/IC727,http://irail.be/stations/NMBS/008896305,IC,2018-12-17T05:35:00,2018-12-17T05:34:00,29,38
http://irail.be/vehicle/IC727,http://irail.be/stations/NMBS/008896370,IC,2018-12-17T05:40:00,2018-12-17T05:39:00,1,29
http://irail.be/vehicle/IC727,http://irail.be/stations/NMBS/008896388,IC,2018-12-17T05:45:00,2018-12-17T05:44:00,1,1
http://irail.be/vehicle/IC727,http://irail.be/stations/NMBS/008896008,IC,2018-12-17T05:58:00,2018-12-17T05:50:00,41,-43
http://irail.be/vehicle/IC727,http://irail.be/stations/NMBS/008896115,IC,2018-12-17T06:02:00,2018-12-17T06:02:00,30,30
http://irail.be/vehicle/IC727,http://irail.be/stations/NMBS/008896149,IC,2018-12-17T06:08:00,2018-12-17T06:07:00,76,30
http://irail.be/vehicle/IC727,http://irail.be/stations/NMBS/008892106,IC,2018-12-17T06:15:00,2018-12-17T06:15:00,30,30
http://irail.be/vehicle/IC727,NO-URI,IC,2018-12-17T06:15:00,2018-12-17T06:15:00,110,110
http://irail.be/vehicle/IC727,http://irail.be/stations/NMBS/008892080,IC,2018-12-17T06:18:00,2018-12-17T06:18:00,114,114
http://irail.be/vehicle/IC727,http://irail.be/stations/NMBS/008892007,IC,2018-12-17T06:27:00,2018-12-17T06:24:00,16,95
http://irail.be/vehicle/IC727,NO-URI,IC,2018-12-17T06:32:00,2018-12-17T06:32:00,50,50
http://irail.be/vehicle/IC727,http://irail.be/stations/NMBS/008893179,IC,2018-12-17T06:33:00,2018-12-17T06:33:00,83,83
http://irail.be/vehicle/IC727,http://irail.be/stations/NMBS/008893120,IC,2018-12-17T06:36:00,2018-12-17T06:35:00,378,36
http://irail.be/vehicle/IC727,http://irail.be/stations/NMBS/008894151,IC,2018-12-17T06:44:00,2018-12-17T06:44:00,291,291
http://irail.be/vehicle/IC727,http://irail.be/stations/NMBS/008894201,IC,2018-12-17T06:50:00,2018-12-17T06:48:00,244,283
http://irail.be/vehicle/IC727,NO-URI,IC,2018-12-17T06:52:00,2018-12-17T06:52:00,231,231
http://irail.be/vehicle/IC727,http://irail.be/stations/NMBS/008894425,IC,2018-12-17T06:54:00,2018-12-17T06:54:00,233,233
http://irail.be/vehicle/IC727,http://irail.be/stations/NMBS/008894433,IC,2018-12-17T06:55:00,2018-12-17T06:55:00,221,221
http://irail.be/vehicle/IC727,http://irail.be/stations/NMBS/008894508,IC,2018-12-17T07:00:00,2018-12-17T06:58:00,186,211
http://irail.be/vehicle/IC727,NO-URI,IC,2018-12-17T07:02:00,2018-12-17T07:02:00,178,178
http://irail.be/vehicle/IC727,http://irail.be/stations/NMBS/008894714,IC,2018-12-17T07:03:00,2018-12-17T07:03:00,159,159
http://irail.be/vehicle/IC727,http://irail.be/stations/NMBS/008894748,IC,2018-12-17T07:06:00,2018-12-17T07:06:00,122,122
http://irail.be/vehicle/IC727,http://irail.be/stations/NMBS/008894755,IC,2018-12-17T07:07:00,2018-12-17T07:07:00,114,114
http://irail.be/vehicle/IC727,http://irail.be/stations/NMBS/008894821,IC,2018-12-17T07:08:00,2018-12-17T07:08:00,132,132
http://irail.be/vehicle/IC727,http://irail.be/stations/NMBS/008821196,IC,2018-12-17T07:12:00,2018-12-17T07:12:00,127,127
http://irail.be/vehicle/IC727,http://irail.be/stations/NMBS/008821121,IC,2018-12-17T07:19:00,2018-12-17T07:17:00,28,79
http://irail.be/vehicle/IC727,http://irail.be/stations/NMBS/008821006,IC,2018-12-17T07:23:00,2018-12-17T07:23:00,,-3
http://irail.be/vehicle/IC727,http://irail.be/stations/NMBS/008896735,IC,2018-11-25T05:08:00,2018-11-25T05:08:00,20,
http://irail.be/vehicle/IC727,http://irail.be/stations/NMBS/008896503,IC,2018-11-25T05:16:00,2018-11-25T05:15:00,3,-5
http://irail.be/vehicle/IC727,http://irail.be/stations/NMBS/008896412,IC,2018-11-25T05:26:00,2018-11-25T05:25:00,7,-31
http://irail.be/vehicle/IC727,http://irail.be/stations/NMBS/008896396,IC,2018-11-25T05:30:00,2018-11-25T05:29:00,7,7
http://irail.be/vehicle/IC727,http://irail.be/stations/NMBS/008896305,IC,2018-11-25T05:35:00,2018-11-25T05:34:00,21,7
http://irail.be/vehicle/IC727,http://irail.be/stations/NMBS/008896370,IC,2018-11-25T05:40:00,2018-11-25T05:39:00,21,21
http://irail.be/vehicle/IC727,http://irail.be/stations/NMBS/008896388,IC,2018-11-25T05:45:00,2018-11-25T05:44:00,-53,-53
http://irail.be/vehicle/IC727,http://irail.be/stations/NMBS/008896008,IC,2018-11-25T05:58:00,2018-11-25T05:50:00,24,-85
http://irail.be/vehicle/IC727,http://irail.be/stations/NMBS/008896115,IC,2018-11-25T06:02:00,2018-11-25T06:02:00,13,13
http://irail.be/vehicle/IC727,http://irail.be/stations/NMBS/008896149,IC,2018-11-25T06:08:00,2018-11-25T06:07:00,-44,-25
http://irail.be/vehicle/IC727,http://irail.be/stations/NMBS/008892106,IC,2018-11-25T06:15:00,2018-11-25T06:15:00,-96,-96
http://irail.be/vehicle/IC727,NO-URI,IC,2018-11-25T06:15:00,2018-11-25T06:15:00,-64,-64
http://irail.be/vehicle/IC727,http://irail.be/stations/NMBS/008892080,IC,2018-11-25T06:18:00,2018-11-25T06:18:00,-76,-76
http://irail.be/vehicle/IC727,http://irail.be/stations/NMBS/008892007,IC,2018-11-25T06:27:00,2018-11-25T06:24:00,-2,-102
http://irail.be/vehicle/IC727,NO-URI,IC,2018-11-25T06:31:00,2018-11-25T06:31:00,20,20
http://irail.be/vehicle/IC727,http://irail.be/stations/NMBS/008893179,IC,2018-11-25T06:32:00,2018-11-25T06:32:00,0,0
http://irail.be/vehicle/IC727,http://irail.be/stations/NMBS/008893120,IC,2018-11-25T06:36:00,2018-11-25T06:35:00,22,-110
http://irail.be/vehicle/IC727,http://irail.be/stations/NMBS/008894151,IC,2018-11-25T06:43:00,2018-11-25T06:43:00,481,481
http://irail.be/vehicle/IC727,http://irail.be/stations/NMBS/008894201,IC,2018-11-25T06:50:00,2018-11-25T06:48:00,363,447
http://irail.be/vehicle/IC727,NO-URI,IC,2018-11-25T06:52:00,2018-11-25T06:52:00,347,347
http://irail.be/vehicle/IC727,http://irail.be/stations/NMBS/008894425,IC,2018-11-25T06:54:00,2018-11-25T06:54:00,346,346
http://irail.be/vehicle/IC727,http://irail.be/stations/NMBS/008894433,IC,2018-11-25T06:55:00,2018-11-25T06:55:00,334,334
http://irail.be/vehicle/IC727,http://irail.be/stations/NMBS/008894508,IC,2018-11-25T07:00:00,2018-11-25T06:58:00,264,314
http://irail.be/vehicle/IC727,NO-URI,IC,2018-11-25T07:02:00,2018-11-25T07:02:00,246,246
http://irail.be/vehicle/IC727,http://irail.be/stations/NMBS/008894714,IC,2018-11-25T07:03:00,2018-11-25T07:03:00,226,226
http://irail.be/vehicle/IC727,http://irail.be/stations/NMBS/008894748,IC,2018-11-25T07:06:00,2018-11-25T07:06:00,189,189
http://irail.be/vehicle/IC727,http://irail.be/stations/NMBS/008894755,IC,2018-11-25T07:07:00,2018-11-25T07:07:00,181,181
http://irail.be/vehicle/IC727,http://irail.be/stations/NMBS/008894821,IC,2018-11-25T07:08:00,2018-11-25T07:08:00,196,196
http://irail.be/vehicle/IC727,http://irail.be/stations/NMBS/008821196,IC,2018-11-25T07:12:00,2018-11-25T07:12:00,145,145
http://irail.be/vehicle/IC727,http://irail.be/stations/NMBS/008821121,IC,2018-11-25T07:19:00,2018-11-25T07:17:00,14,87
http://irail.be/vehicle/IC727,http://irail.be/stations/NMBS/008821006,IC,2018-11-25T07:23:00,2018-11-25T07:23:00,,-3
http://irail.be/vehicle/IC727,http://irail.be/stations/NMBS/008896735,IC,2018-06-13T05:08:00,2018-06-13T05:08:00,49,
http://irail.be/vehicle/IC727,http://irail.be/stations/NMBS/008896503,IC,2018-06-13T05:16:00,2018-06-13T05:15:00,7,5
http://irail.be/vehicle/IC727,http://irail.be/stations/NMBS/008896412,IC,2018-06-13T05:26:00,2018-06-13T05:25:00,-18,-29
http://irail.be/vehicle/IC727,http://irail.be/stations/NMBS/008896396,IC,2018-06-13T05:30:00,2018-06-13T05:29:00,-18,-18
http://irail.be/vehicle/IC727,http://irail.be/stations/NMBS/008896305,IC,2018-06-13T05:35:00,2018-06-13T05:34:00,-11,-18
http://irail.be/vehicle/IC727,http://irail.be/stations/NMBS/008896370,IC,2018-06-13T05:40:00,2018-06-13T05:39:00,2,-11
http://irail.be/vehicle/IC727,http://irail.be/stations/NMBS/008896388,IC,2018-06-13T05:45:00,2018-06-13T05:44:00,2,2
http://irail.be/vehicle/IC727,http://irail.be/stations/NMBS/008896008,IC,2018-06-13T05:58:00,2018-06-13T05:50:00,30,11
http://irail.be/vehicle/IC727,http://irail.be/stations/NMBS/008896115,IC,2018-06-13T06:02:00,2018-06-13T06:02:00,33,33
http://irail.be/vehicle/IC727,http://irail.be/stations/NMBS/008896149,IC,2018-06-13T06:08:00,2018-06-13T06:07:00,2,-2
http://irail.be/vehicle/IC727,http://irail.be/stations/NMBS/008892106,IC,2018-06-13T06:15:00,2018-06-13T06:15:00,-43,-43
http://irail.be/vehicle/IC727,NO-URI,IC,2018-06-13T06:15:00,2018-06-13T06:15:00,61,61
http://irail.be/vehicle/IC727,http://irail.be/stations/NMBS/008892080,IC,2018-06-13T06:18:00,2018-06-13T06:18:00,74,74
http://irail.be/vehicle/IC727,http://irail.be/stations/NMBS/008892007,IC,2018-06-13T06:27:00,2018-06-13T06:24:00,36,129
http://irail.be/vehicle/IC727,NO-URI,IC,2018-06-13T06:31:00,2018-06-13T06:31:00,55,55
http://irail.be/vehicle/IC727,http://irail.be/stations/NMBS/008893179,IC,2018-06-13T06:32:00,2018-06-13T06:32:00,-140,-140
http://irail.be/vehicle/IC727,http://irail.be/stations/NMBS/008893120,IC,2018-06-13T06:36:00,2018-06-13T06:35:00,72,-140
http://irail.be/vehicle/IC727,http://irail.be/stations/NMBS/008894151,IC,2018-06-13T06:43:00,2018-06-13T06:43:00,231,231
http://irail.be/vehicle/IC727,http://irail.be/stations/NMBS/008894201,IC,2018-06-13T06:50:00,2018-06-13T06:48:00,141,200
http://irail.be/vehicle/IC727,NO-URI,IC,2018-06-13T06:52:00,2018-06-13T06:52:00,130,130
http://irail.be/vehicle/IC727,http://irail.be/stations/NMBS/008894425,IC,2018-06-13T06:54:00,2018-06-13T06:54:00,141,141
http://irail.be/vehicle/IC727,http://irail.be/stations/NMBS/008894433,IC,2018-06-13T06:55:00,2018-06-13T06:55:00,136,136
http://irail.be/vehicle/IC727,http://irail.be/stations/NMBS/008894508,IC,2018-06-13T07:00:00,2018-06-13T06:58:00,92,125
http://irail.be/vehicle/IC727,NO-URI,IC,2018-06-13T07:02:00,2018-06-13T07:02:00,94,94
http://irail.be/vehicle/IC727,http://irail.be/stations/NMBS/008894714,IC,2018-06-13T07:03:00,2018-06-13T07:03:00,78,78
http://irail.be/vehicle/IC727,http://irail.be/stations/NMBS/008894748,IC,2018-06-13T07:06:00,2018-06-13T07:06:00,51,51
http://irail.be/vehicle/IC727,http://irail.be/stations/NMBS/008894755,IC,2018-06-13T07:07:00,2018-06-13T07:07:00,51,51
http://irail.be/vehicle/IC727,http://irail.be/stations/NMBS/008894821,IC,2018-06-13T07:08:00,2018-06-13T07:08:00,75,75
http://irail.be/vehicle/IC727,http://irail.be/stations/NMBS/008821196,IC,2018-06-13T07:12:00,2018-06-13T07:12:00,37,37
http://irail.be/vehicle/IC727,http://irail.be/stations/NMBS/008821121,IC,2018-06-13T07:19:00,2018-06-13T07:17:00,-7,7
http://irail.be/vehicle/IC727,http://irail.be/stations/NMBS/008821006,IC,2018-06-13T07:23:00,2018-06-13T07:23:00,,60
http://irail.be/vehicle/IC727,http://irail.be/stations/NMBS/008896735,IC,2018-03-28T05:08:00,2018-03-28T05:08:00,62,
http://irail.be/vehicle/IC727,http://irail.be/stations/NMBS/008896503,IC,2018-03-28T05:16:00,2018-03-28T05:15:00,71,54
http://irail.be/vehicle/IC727,http://irail.be/stations/NMBS/008896412,IC,2018-03-28T05:26:00,2018-03-28T05:25:00,18,46
http://irail.be/vehicle/IC727,http://irail.be/stations/NMBS/008896396,IC,2018-03-28T05:30:00,2018-03-28T05:29:00,18,18
http://irail.be/vehicle/IC727,http://irail.be/stations/NMBS/008896305,IC,2018-03-28T05:35:00,2018-03-28T05:34:00,-3,18
http://irail.be/vehicle/IC727,http://irail.be/stations/NMBS/008896370,IC,2018-03-28T05:40:00,2018-03-28T05:40:00,-3,-3
http://irail.be/vehicle/IC727,http://irail.be/stations/NMBS/008896388,IC,2018-03-28T05:44:00,2018-03-28T05:44:00,-17,-17
http://irail.be/vehicle/IC727,http://irail.be/stations/NMBS/008896008,IC,2018-03-28T05:57:00,2018-03-28T05:50:00,37,-60
http://irail.be/vehicle/IC727,http://irail.be/stations/NMBS/008896115,IC,2018-03-28T06:01:00,2018-03-28T06:01:00,52,52
http://irail.be/vehicle/IC727,http://irail.be/stations/NMBS/008896149,IC,2018-03-28T06:06:00,2018-03-28T06:05:00,50,53
http://irail.be/vehicle/IC727,http://irail.be/stations/NMBS/008892106,IC,2018-03-28T06:15:00,2018-03-28T06:15:00,-61,-61
http://irail.be/vehicle/IC727,NO-URI,IC,2018-03-28T06:15:00,2018-03-28T06:15:00,7,7
http://irail.be/vehicle/IC727,http://irail.be/stations/NMBS/008892080,IC,2018-03-28T06:18:00,2018-03-28T06:18:00,20,20
http://irail.be/vehicle/IC727,http://irail.be/stations/NMBS/008892007,IC,2018-03-28T06:27:00,2018-03-28T06:24:00,68,89
http://irail.be/vehicle/IC727,NO-URI,IC,2018-03-28T06:31:00,2018-03-28T06:31:00,107,107
http://irail.be/vehicle/IC727,http://irail.be/stations/NMBS/008893179,IC,2018-03-28T06:32:00,2018-03-28T06:32:00,-88,-88
http://irail.be/vehicle/IC727,http://irail.be/stations/NMBS/008893120,IC,2018-03-28T06:36:00,2018-03-28T06:35:00,-88,-88
http://irail.be/vehicle/IC727,http://irail.be/stations/NMBS/008894151,IC,2018-03-28T06:43:00,2018-03-28T06:43:00,82,82
http://irail.be/vehicle/IC727,http://irail.be/stations/NMBS/008894201,IC,2018-03-28T06:50:00,2018-03-28T06:48:00,1,36
http://irail.be/vehicle/IC727,NO-URI,IC,2018-03-28T06:52:00,2018-03-28T06:52:00,-2,-2
http://irail.be/vehicle/IC727,http://irail.be/stations/NMBS/008894425,IC,2018-03-28T06:54:00,2018-03-28T06:54:00,3,3
http://irail.be/vehicle/IC727,http://irail.be/stations/NMBS/008894433,IC,2018-03-28T06:55:00,2018-03-28T06:55:00,-9,-9
http://irail.be/vehicle/IC727,http://irail.be/stations/NMBS/008894508,IC,2018-03-28T07:00:00,2018-03-28T06:58:00,18,-29
http://irail.be/vehicle/IC727,NO-URI,IC,2018-03-28T07:02:00,2018-03-28T07:02:00,22,22
http://irail.be/vehicle/IC727,http://irail.be/stations/NMBS/008894714,IC,2018-03-28T07:03:00,2018-03-28T07:03:00,6,6
http://irail.be/vehicle/IC727,http://irail.be/stations/NMBS/008894748,IC,2018-03-28T07:06:00,2018-03-28T07:06:00,-33,-33
http://irail.be/vehicle/IC727,http://irail.be/stations/NMBS/008894755,IC,2018-03-28T07:07:00,2018-03-28T07:07:00,-41,-41
http://irail.be/vehicle/IC727,http://irail.be/stations/NMBS/008894821,IC,2018-03-28T07:08:00,2018-03-28T07:08:00,-24,-24
http://irail.be/vehicle/IC727,NO-URI,IC,2018-03-28T07:09:00,2018-03-28T07:09:00,-24,-24
http://irail.be/vehicle/IC727,http://irail.be/stations/NMBS/008821196,IC,2018-03-28T07:12:00,2018-03-28T07:12:00,-68,-68
http://irail.be/vehicle/IC727,http://irail.be/stations/NMBS/008821121,IC,2018-03-28T07:19:00,2018-03-28T07:17:00,113,71
http://irail.be/vehicle/IC727,http://irail.be/stations/NMBS/008821006,IC,2018-03-28T07:23:00,2018-03-28T07:23:00,,141
http://irail.be/vehicle/IC727,http://irail.be/stations/NMBS/008896735,IC,2018-03-06T05:08:00,2018-03-06T05:08:00,60,
http://irail.be/vehicle/IC727,http://irail.be/stations/NMBS/008896503,IC,2018-03-06T05:16:00,2018-03-06T05:15:00,64,65
http://irail.be/vehicle/IC727,http://irail.be/stations/NMBS/008896412,IC,2018-03-06T05:26:00,2018-03-06T05:25:00,70,76
http://irail.be/vehicle/IC727,http://irail.be/stations/NMBS/008896396,IC,2018-03-06T05:30:00,2018-03-06T05:29:00,70,70
http://irail.be/vehicle/IC727,http://irail.be/stations/NMBS/008896305,IC,2018-03-06T05:35:00,2018-03-06T05:34:00,62,70
http://irail.be/vehicle/IC727,http://irail.be/stations/NMBS/008896370,IC,2018-03-06T05:40:00,2018-03-06T05:40:00,62,62
http://irail.be/vehicle/IC727,http://irail.be/stations/NMBS/008896388,IC,2018-03-06T05:44:00,2018-03-06T05:44:00,61,61
http://irail.be/vehicle/IC727,http://irail.be/stations/NMBS/008896008,IC,2018-03-06T05:57:00,2018-03-06T05:50:00,103,39
http://irail.be/vehicle/IC727,http://irail.be/stations/NMBS/008896115,IC,2018-03-06T06:01:00,2018-03-06T06:01:00,166,166
http://irail.be/vehicle/IC727,http://irail.be/stations/NMBS/008896149,IC,2018-03-06T06:06:00,2018-03-06T06:05:00,177,177
http://irail.be/vehicle/IC727,http://irail.be/stations/NMBS/008892106,IC,2018-03-06T06:15:00,2018-03-06T06:15:00,37,37
http://irail.be/vehicle/IC727,NO-URI,IC,2018-03-06T06:15:00,2018-03-06T06:15:00,55,55
http://irail.be/vehicle/IC727,http://irail.be/stations/NMBS/008892080,IC,2018-03-06T06:18:00,2018-03-06T06:18:00,52,52
http://irail.be/vehicle/IC727,http://irail.be/stations/NMBS/008892007,IC,2018-03-06T06:27:00,2018-03-06T06:24:00,78,175
http://irail.be/vehicle/IC727,NO-URI,IC,2018-03-06T06:31:00,2018-03-06T06:31:00,127,127
http://irail.be/vehicle/IC727,http://irail.be/stations/NMBS/008893179,IC,2018-03-06T06:32:00,2018-03-06T06:32:00,-59,-59
http://irail.be/vehicle/IC727,http://irail.be/stations/NMBS/008893120,IC,2018-03-06T06:36:00,2018-03-06T06:35:00,-59,-59
http://irail.be/vehicle/IC727,http://irail.be/stations/NMBS/008894151,IC,2018-03-06T06:43:00,2018-03-06T06:43:00,112,112
http://irail.be/vehicle/IC727,http://irail.be/stations/NMBS/008894201,IC,2018-03-06T06:50:00,2018-03-06T06:48:00,53,71
http://irail.be/vehicle/IC727,NO-URI,IC,2018-03-06T06:52:00,2018-03-06T06:52:00,50,50
http://irail.be/vehicle/IC727,http://irail.be/stations/NMBS/008894425,IC,2018-03-06T06:54:00,2018-03-06T06:54:00,60,60
http://irail.be/vehicle/IC727,http://irail.be/stations/NMBS/008894433,IC,2018-03-06T06:55:00,2018-03-06T06:55:00,48,48
http://irail.be/vehicle/IC727,http://irail.be/stations/NMBS/008894508,IC,2018-03-06T07:00:00,2018-03-06T06:58:00,25,50
http://irail.be/vehicle/IC727,NO-URI,IC,2018-03-06T07:02:00,2018-03-06T07:02:00,45,45
http://irail.be/vehicle/IC727,http://irail.be/stations/NMBS/008894714,IC,2018-03-06T07:03:00,2018-03-06T07:03:00,34,34
http://irail.be/vehicle/IC727,http://irail.be/stations/NMBS/008894748,IC,2018-03-06T07:06:00,2018-03-06T07:06:00,5,5
http://irail.be/vehicle/IC727,http://irail.be/stations/NMBS/008894755,IC,2018-03-06T07:07:00,2018-03-06T07:07:00,4,4
http://irail.be/vehicle/IC727,http://irail.be/stations/NMBS/008894821,IC,2018-03-06T07:08:00,2018-03-06T07:08:00,38,38
http://irail.be/vehicle/IC727,NO-URI,IC,2018-03-06T07:09:00,2018-03-06T07:09:00,38,38
http://irail.be/vehicle/IC727,http://irail.be/stations/NMBS/008821196,IC,2018-03-06T07:12:00,2018-03-06T07:12:00,32,32
http://irail.be/vehicle/IC727,http://irail.be/stations/NMBS/008821121,IC,2018-03-06T07:19:00,2018-03-06T07:17:00,-3,-5
http://irail.be/vehicle/IC727,http://irail.be/stations/NMBS/008821006,IC,2018-03-06T07:23:00,2018-03-06T07:23:00,,-7
http://irail.be/vehicle/IC727,http://irail.be/stations/NMBS/008896735,IC,2018-09-03T05:08:00,2018-09-03T05:08:00,30,
http://irail.be/vehicle/IC727,http://irail.be/stations/NMBS/008896503,IC,2018-09-03T05:16:00,2018-09-03T05:15:00,27,16
http://irail.be/vehicle/IC727,http://irail.be/stations/NMBS/008896412,IC,2018-09-03T05:26:00,2018-09-03T05:25:00,-11,1
http://irail.be/vehicle/IC727,http://irail.be/stations/NMBS/008896396,IC,2018-09-03T05:30:00,2018-09-03T05:29:00,-11,-11
http://irail.be/vehicle/IC727,http://irail.be/stations/NMBS/008896305,IC,2018-09-03T05:35:00,2018-09-03T05:34:00,-10,-11
http://irail.be/vehicle/IC727,http://irail.be/stations/NMBS/008896370,IC,2018-09-03T05:40:00,2018-09-03T05:39:00,-31,-10
http://irail.be/vehicle/IC727,http://irail.be/stations/NMBS/008896388,IC,2018-09-03T05:45:00,2018-09-03T05:44:00,-31,-31
http://irail.be/vehicle/IC727,http://irail.be/stations/NMBS/008896008,IC,2018-09-03T05:58:00,2018-09-03T05:50:00,42,-67
http://irail.be/vehicle/IC727,http://irail.be/stations/NMBS/008896115,IC,2018-09-03T06:02:00,2018-09-03T06:02:00,34,34
http://irail.be/vehicle/IC727,http://irail.be/stations/NMBS/008896149,IC,2018-09-03T06:08:00,2018-09-03T06:07:00,-11,-9
http://irail.be/vehicle/IC727,http://irail.be/stations/NMBS/008892106,IC,2018-09-03T06:15:00,2018-09-03T06:15:00,-60,-60
http://irail.be/vehicle/IC727,NO-URI,IC,2018-09-03T06:15:00,2018-09-03T06:15:00,28,28
http://irail.be/vehicle/IC727,http://irail.be/stations/NMBS/008892080,IC,2018-09-03T06:18:00,2018-09-03T06:18:00,36,36
http://irail.be/vehicle/IC727,http://irail.be/stations/NMBS/008892007,IC,2018-09-03T06:27:00,2018-09-03T06:24:00,-7,-5
http://irail.be/vehicle/IC727,NO-URI,IC,2018-09-03T06:31:00,2018-09-03T06:31:00,20,20
http://irail.be/vehicle/IC727,http://irail.be/stations/NMBS/008893179,IC,2018-09-03T06:32:00,2018-09-03T06:32:00,-135,-135
http://irail.be/vehicle/IC727,http://irail.be/stations/NMBS/008893120,IC,2018-09-03T06:36:00,2018-09-03T06:35:00,123,-135
http://irail.be/vehicle/IC727,http://irail.be/stations/NMBS/008894151,IC,2018-09-03T06:43:00,2018-09-03T06:43:00,82,82
http://irail.be/vehicle/IC727,http://irail.be/stations/NMBS/008894201,IC,2018-09-03T06:50:00,2018-09-03T06:48:00,2,31
http://irail.be/vehicle/IC727,NO-URI,IC,2018-09-03T06:52:00,2018-09-03T06:52:00,-8,-8
http://irail.be/vehicle/IC727,http://irail.be/stations/NMBS/008894425,IC,2018-09-03T06:54:00,2018-09-03T06:54:00,-7,-7
http://irail.be/vehicle/IC727,http://irail.be/stations/NMBS/008894433,IC,2018-09-03T06:55:00,2018-09-03T06:55:00,-21,-21
http://irail.be/vehicle/IC727,http://irail.be/stations/NMBS/008894508,IC,2018-09-03T07:00:00,2018-09-03T06:58:00,-4,-42
http://irail.be/vehicle/IC727,NO-URI,IC,2018-09-03T07:02:00,2018-09-03T07:02:00,2,2
http://irail.be/vehicle/IC727,http://irail.be/stations/NMBS/008894714,IC,2018-09-03T07:03:00,2018-09-03T07:03:00,-14,-14
http://irail.be/vehicle/IC727,http://irail.be/stations/NMBS/008894748,IC,2018-09-03T07:06:00,2018-09-03T07:06:00,-52,-52
http://irail.be/vehicle/IC727,http://irail.be/stations/NMBS/008894755,IC,2018-09-03T07:07:00,2018-09-03T07:07:00,-60,-60
http://irail.be/vehicle/IC727,http://irail.be/stations/NMBS/008894821,IC,2018-09-03T07:08:00,2018-09-03T07:08:00,-41,-41
http://irail.be/vehicle/IC727,http://irail.be/stations/NMBS/008821196,IC,2018-09-03T07:12:00,2018-09-03T07:12:00,-89,-89
http://irail.be/vehicle/IC727,http://irail.be/stations/NMBS/008821121,IC,2018-09-03T07:19:00,2018-09-03T07:17:00,-4,-118
http://irail.be/vehicle/IC727,http://irail.be/stations/NMBS/008821006,IC,2018-09-03T07:23:00,2018-09-03T07:23:00,,29
http://irail.be/vehicle/IC727,http://irail.be/stations/NMBS/008896735,IC,2018-03-03T05:08:00,2018-03-03T05:08:00,98,
http://irail.be/vehicle/IC727,http://irail.be/stations/NMBS/008896503,IC,2018-03-03T05:16:00,2018-03-03T05:15:00,93,80
http://irail.be/vehicle/IC727,http://irail.be/stations/NMBS/008896412,IC,2018-03-03T05:26:00,2018-03-03T05:25:00,49,66
http://irail.be/vehicle/IC727,http://irail.be/stations/NMBS/008896396,IC,2018-03-03T05:30:00,2018-03-03T05:29:00,49,49
http://irail.be/vehicle/IC727,http://irail.be/stations/NMBS/008896305,IC,2018-03-03T05:35:00,2018-03-03T05:34:00,46,49
http://irail.be/vehicle/IC727,http://irail.be/stations/NMBS/008896370,IC,2018-03-03T05:40:00,2018-03-03T05:40:00,59,46
http://irail.be/vehicle/IC727,http://irail.be/stations/NMBS/008896388,IC,2018-03-03T05:44:00,2018-03-03T05:44:00,59,59
http://irail.be/vehicle/IC727,http://irail.be/stations/NMBS/008896008,IC,2018-03-03T05:57:00,2018-03-03T05:50:00,29,-28
http://irail.be/vehicle/IC727,http://irail.be/stations/NMBS/008896115,IC,2018-03-03T06:01:00,2018-03-03T06:01:00,30,30
http://irail.be/vehicle/IC727,http://irail.be/stations/NMBS/008896149,IC,2018-03-03T06:06:00,2018-03-03T06:05:00,26,48
http://irail.be/vehicle/IC727,http://irail.be/stations/NMBS/008892106,IC,2018-03-03T06:15:00,2018-03-03T06:15:00,-122,-122
http://irail.be/vehicle/IC727,NO-URI,IC,2018-03-03T06:15:00,2018-03-03T06:15:00,-105,-105
http://irail.be/vehicle/IC727,http://irail.be/stations/NMBS/008892080,IC,2018-03-03T06:18:00,2018-03-03T06:18:00,-126,-126
http://irail.be/vehicle/IC727,http://irail.be/stations/NMBS/008892007,IC,2018-03-03T06:27:00,2018-03-03T06:24:00,11,-68
http://irail.be/vehicle/IC727,NO-URI,IC,2018-03-03T06:31:00,2018-03-03T06:31:00,33,33
http://irail.be/vehicle/IC727,http://irail.be/stations/NMBS/008893179,IC,2018-03-03T06:32:00,2018-03-03T06:32:00,-172,-172
http://irail.be/vehicle/IC727,http://irail.be/stations/NMBS/008893120,IC,2018-03-03T06:36:00,2018-03-03T06:35:00,-172,-172
http://irail.be/vehicle/IC727,http://irail.be/stations/NMBS/008894151,IC,2018-03-03T06:43:00,2018-03-03T06:43:00,14,14
http://irail.be/vehicle/IC727,http://irail.be/stations/NMBS/008894201,IC,2018-03-03T06:50:00,2018-03-03T06:48:00,21,-23
http://irail.be/vehicle/IC727,NO-URI,IC,2018-03-03T06:52:00,2018-03-03T06:52:00,17,17
http://irail.be/vehicle/IC727,http://irail.be/stations/NMBS/008894425,IC,2018-03-03T06:54:00,2018-03-03T06:54:00,29,29
http://irail.be/vehicle/IC727,http://irail.be/stations/NMBS/008894433,IC,2018-03-03T06:55:00,2018-03-03T06:55:00,17,17
http://irail.be/vehicle/IC727,http://irail.be/stations/NMBS/008894508,IC,2018-03-03T07:00:00,2018-03-03T06:58:00,17,11
http://irail.be/vehicle/IC727,NO-URI,IC,2018-03-03T07:02:00,2018-03-03T07:02:00,9,9
http://irail.be/vehicle/IC727,http://irail.be/stations/NMBS/008894714,IC,2018-03-03T07:03:00,2018-03-03T07:03:00,-7,-7
http://irail.be/vehicle/IC727,http://irail.be/stations/NMBS/008894748,IC,2018-03-03T07:06:00,2018-03-03T07:06:00,-37,-37
http://irail.be/vehicle/IC727,http://irail.be/stations/NMBS/008894755,IC,2018-03-03T07:07:00,2018-03-03T07:07:00,-43,-43
http://irail.be/vehicle/IC727,http://irail.be/stations/NMBS/008894821,IC,2018-03-03T07:08:00,2018-03-03T07:08:00,-24,-24
http://irail.be/vehicle/IC727,NO-URI,IC,2018-03-03T07:09:00,2018-03-03T07:09:00,-24,-24
http://irail.be/vehicle/IC727,http://irail.be/stations/NMBS/008821196,IC,2018-03-03T07:12:00,2018-03-03T07:12:00,-64,-64
http://irail.be/vehicle/IC727,http://irail.be/stations/NMBS/008821121,IC,2018-03-03T07:19:00,2018-03-03T07:17:00,-11,-114
http://irail.be/vehicle/IC727,http://irail.be/stations/NMBS/008821006,IC,2018-03-03T07:23:00,2018-03-03T07:23:00,,2
http://irail.be/vehicle/IC727,http://irail.be/stations/NMBS/008896735,IC,2018-10-25T05:08:00,2018-10-25T05:08:00,76,
http://irail.be/vehicle/IC727,http://irail.be/stations/NMBS/008896503,IC,2018-10-25T05:16:00,2018-10-25T05:15:00,62,62
http://irail.be/vehicle/IC727,http://irail.be/stations/NMBS/008896412,IC,2018-10-25T05:26:00,2018-10-25T05:25:00,-12,21
http://irail.be/vehicle/IC727,http://irail.be/stations/NMBS/008896396,IC,2018-10-25T05:30:00,2018-10-25T05:29:00,-12,-12
http://irail.be/vehicle/IC727,http://irail.be/stations/NMBS/008896305,IC,2018-10-25T05:35:00,2018-10-25T05:34:00,-19,-12
http://irail.be/vehicle/IC727,http://irail.be/stations/NMBS/008896370,IC,2018-10-25T05:40:00,2018-10-25T05:39:00,5,-19
http://irail.be/vehicle/IC727,http://irail.be/stations/NMBS/008896388,IC,2018-10-25T05:45:00,2018-10-25T05:44:00,5,5
http://irail.be/vehicle/IC727,http://irail.be/stations/NMBS/008896008,IC,2018-10-25T05:58:00,2018-10-25T05:50:00,169,-3
http://irail.be/vehicle/IC727,http://irail.be/stations/NMBS/008896115,IC,2018-10-25T06:02:00,2018-10-25T06:02:00,156,156
http://irail.be/vehicle/IC727,http://irail.be/stations/NMBS/008896149,IC,2018-10-25T06:08:00,2018-10-25T06:07:00,256,277
http://irail.be/vehicle/IC727,http://irail.be/stations/NMBS/008892106,IC,2018-10-25T06:15:00,2018-10-25T06:15:00,333,333
http://irail.be/vehicle/IC727,NO-URI,IC,2018-10-25T06:15:00,2018-10-25T06:15:00,401,401
http://irail.be/vehicle/IC727,http://irail.be/stations/NMBS/008892080,IC,2018-10-25T06:18:00,2018-10-25T06:18:00,379,379
http://irail.be/vehicle/IC727,http://irail.be/stations/NMBS/008892007,IC,2018-10-25T06:27:00,2018-10-25T06:24:00,210,336
http://irail.be/vehicle/IC727,NO-URI,IC,2018-10-25T06:31:00,2018-10-25T06:31:00,208,208
http://irail.be/vehicle/IC727,http://irail.be/stations/NMBS/008893179,IC,2018-10-25T06:32:00,2018-10-25T06:32:00,72,72
http://irail.be/vehicle/IC727,http://irail.be/stations/NMBS/008893120,IC,2018-10-25T06:36:00,2018-10-25T06:35:00,160,72
http://irail.be/vehicle/IC727,http://irail.be/stations/NMBS/008894151,IC,2018-10-25T06:43:00,2018-10-25T06:43:00,164,164
http://irail.be/vehicle/IC727,http://irail.be/stations/NMBS/008894201,IC,2018-10-25T06:50:00,2018-10-25T06:48:00,63,117
http://irail.be/vehicle/IC727,NO-URI,IC,2018-10-25T06:52:00,2018-10-25T06:52:00,45,45
http://irail.be/vehicle/IC727,http://irail.be/stations/NMBS/008894425,IC,2018-10-25T06:54:00,2018-10-25T06:54:00,46,46
http://irail.be/vehicle/IC727,http://irail.be/stations/NMBS/008894433,IC,2018-10-25T06:55:00,2018-10-25T06:55:00,34,34
http://irail.be/vehicle/IC727,http://irail.be/stations/NMBS/008894508,IC,2018-10-25T07:00:00,2018-10-25T06:58:00,10,16
http://irail.be/vehicle/IC727,NO-URI,IC,2018-10-25T07:02:00,2018-10-25T07:02:00,11,11
http://irail.be/vehicle/IC727,http://irail.be/stations/NMBS/008894714,IC,2018-10-25T07:03:00,2018-10-25T07:03:00,-5,-5
http://irail.be/vehicle/IC727,http://irail.be/stations/NMBS/008894748,IC,2018-10-25T07:06:00,2018-10-25T07:06:00,-37,-37
http://irail.be/vehicle/IC727,http://irail.be/stations/NMBS/008894755,IC,2018-10-25T07:07:00,2018-10-25T07:07:00,-31,-31
http://irail.be/vehicle/IC727,http://irail.be/stations/NMBS/008894821,IC,2018-10-25T07:08:00,2018-10-25T07:08:00,8,8
http://irail.be/vehicle/IC727,http://irail.be/stations/NMBS/008821196,IC,2018-10-25T07:12:00,2018-10-25T07:12:00,-11,-11
http://irail.be/vehicle/IC727,http://irail.be/stations/NMBS/008821121,IC,2018-10-25T07:19:00,2018-10-25T07:17:00,74,-36
http://irail.be/vehicle/IC727,http://irail.be/stations/NMBS/008821006,IC,2018-10-25T07:23:00,2018-10-25T07:23:00,,59
http://irail.be/vehicle/IC727,http://irail.be/stations/NMBS/008896735,IC,2018-07-02T05:08:00,2018-07-02T05:08:00,76,
http://irail.be/vehicle/IC727,http://irail.be/stations/NMBS/008896503,IC,2018-07-02T05:16:00,2018-07-02T05:15:00,80,50
http://irail.be/vehicle/IC727,http://irail.be/stations/NMBS/008896412,IC,2018-07-02T05:26:00,2018-07-02T05:25:00,8,45
http://irail.be/vehicle/IC727,http://irail.be/stations/NMBS/008896396,IC,2018-07-02T05:30:00,2018-07-02T05:29:00,8,8
http://irail.be/vehicle/IC727,http://irail.be/stations/NMBS/008896305,IC,2018-07-02T05:35:00,2018-07-02T05:34:00,8,8
http://irail.be/vehicle/IC727,http://irail.be/stations/NMBS/008896370,IC,2018-07-02T05:40:00,2018-07-02T05:39:00,-22,8
http://irail.be/vehicle/IC727,http://irail.be/stations/NMBS/008896388,IC,2018-07-02T05:45:00,2018-07-02T05:44:00,-22,-22
http://irail.be/vehicle/IC727,http://irail.be/stations/NMBS/008896008,IC,2018-07-02T05:58:00,2018-07-02T05:50:00,70,-22
http://irail.be/vehicle/IC727,http://irail.be/stations/NMBS/008896115,IC,2018-07-02T06:02:00,2018-07-02T06:02:00,97,97
http://irail.be/vehicle/IC727,http://irail.be/stations/NMBS/008896149,IC,2018-07-02T06:08:00,2018-07-02T06:07:00,43,59
http://irail.be/vehicle/IC727,http://irail.be/stations/NMBS/008892106,IC,2018-07-02T06:15:00,2018-07-02T06:15:00,-17,-17
http://irail.be/vehicle/IC727,NO-URI,IC,2018-07-02T06:15:00,2018-07-02T06:15:00,15,15
http://irail.be/vehicle/IC727,http://irail.be/stations/NMBS/008892080,IC,2018-07-02T06:18:00,2018-07-02T06:18:00,-13,-13
http://irail.be/vehicle/IC727,http://irail.be/stations/NMBS/008892007,IC,2018-07-02T06:27:00,2018-07-02T06:24:00,1,-55
http://irail.be/vehicle/IC727,NO-URI,IC,2018-07-02T06:31:00,2018-07-02T06:31:00,34,34
http://irail.be/vehicle/IC727,http://irail.be/stations/NMBS/008893179,IC,2018-07-02T06:32:00,2018-07-02T06:32:00,-175,-175
http://irail.be/vehicle/IC727,http://irail.be/stations/NMBS/008893120,IC,2018-07-02T06:36:00,2018-07-02T06:35:00,48,-175
http://irail.be/vehicle/IC727,http://irail.be/stations/NMBS/008894151,IC,2018-07-02T06:43:00,2018-07-02T06:43:00,17,17
http://irail.be/vehicle/IC727,http://irail.be/stations/NMBS/008894201,IC,2018-07-02T06:50:00,2018-07-02T06:48:00,-2,-28
http://irail.be/vehicle/IC727,NO-URI,IC,2018-07-02T06:52:00,2018-07-02T06:52:00,-14,-14
http://irail.be/vehicle/IC727,http://irail.be/stations/NMBS/008894425,IC,2018-07-02T06:54:00,2018-07-02T06:54:00,-12,-12
http://irail.be/vehicle/IC727,http://irail.be/stations/NMBS/008894433,IC,2018-07-02T06:55:00,2018-07-02T06:55:00,-22,-22
http://irail.be/vehicle/IC727,http://irail.be/stations/NMBS/008894508,IC,2018-07-02T07:00:00,2018-07-02T06:58:00,12,-39
http://irail.be/vehicle/IC727,NO-URI,IC,2018-07-02T07:02:00,2018-07-02T07:02:00,6,6
http://irail.be/vehicle/IC727,http://irail.be/stations/NMBS/008894714,IC,2018-07-02T07:03:00,2018-07-02T07:03:00,-12,-12
http://irail.be/vehicle/IC727,http://irail.be/stations/NMBS/008894748,IC,2018-07-02T07:06:00,2018-07-02T07:06:00,-48,-48
http://irail.be/vehicle/IC727,http://irail.be/stations/NMBS/008894755,IC,2018-07-02T07:07:00,2018-07-02T07:07:00,-55,-55
http://irail.be/vehicle/IC727,http://irail.be/stations/NMBS/008894821,IC,2018-07-02T07:08:00,2018-07-02T07:08:00,-34,-34
http://irail.be/vehicle/IC727,http://irail.be/stations/NMBS/008821196,IC,2018-07-02T07:12:00,2018-07-02T07:12:00,-64,-64
http://irail.be/vehicle/IC727,http://irail.be/stations/NMBS/008821121,IC,2018-07-02T07:19:00,2018-07-02T07:17:00,-1,-72
http://irail.be/vehicle/IC727,http://irail.be/stations/NMBS/008821006,IC,2018-07-02T07:23:00,2018-07-02T07:23:00,,-35
http://irail.be/vehicle/IC727,http://irail.be/stations/NMBS/008896735,IC,2018-06-29T05:08:00,2018-06-29T05:08:00,59,
http://irail.be/vehicle/IC727,http://irail.be/stations/NMBS/008896503,IC,2018-06-29T05:16:00,2018-06-29T05:15:00,36,44
http://irail.be/vehicle/IC727,http://irail.be/stations/NMBS/008896412,IC,2018-06-29T05:26:00,2018-06-29T05:25:00,116,-3
http://irail.be/vehicle/IC727,http://irail.be/stations/NMBS/008896396,IC,2018-06-29T05:30:00,2018-06-29T05:29:00,116,116
http://irail.be/vehicle/IC727,http://irail.be/stations/NMBS/008896305,IC,2018-06-29T05:35:00,2018-06-29T05:34:00,115,116
http://irail.be/vehicle/IC727,http://irail.be/stations/NMBS/008896370,IC,2018-06-29T05:40:00,2018-06-29T05:39:00,115,115
http://irail.be/vehicle/IC727,http://irail.be/stations/NMBS/008896388,IC,2018-06-29T05:45:00,2018-06-29T05:44:00,1,1
http://irail.be/vehicle/IC727,http://irail.be/stations/NMBS/008896008,IC,2018-06-29T05:58:00,2018-06-29T05:50:00,4,-33
http://irail.be/vehicle/IC727,http://irail.be/stations/NMBS/008896115,IC,2018-06-29T06:02:00,2018-06-29T06:02:00,9,9
http://irail.be/vehicle/IC727,http://irail.be/stations/NMBS/008896149,IC,2018-06-29T06:08:00,2018-06-29T06:07:00,-61,-32
http://irail.be/vehicle/IC727,http://irail.be/stations/NMBS/008892106,IC,2018-06-29T06:15:00,2018-06-29T06:15:00,-126,-126
http://irail.be/vehicle/IC727,NO-URI,IC,2018-06-29T06:15:00,2018-06-29T06:15:00,-93,-93
http://irail.be/vehicle/IC727,http://irail.be/stations/NMBS/008892080,IC,2018-06-29T06:18:00,2018-06-29T06:18:00,-122,-122
http://irail.be/vehicle/IC727,http://irail.be/stations/NMBS/008892007,IC,2018-06-29T06:27:00,2018-06-29T06:24:00,3,-109
http://irail.be/vehicle/IC727,NO-URI,IC,2018-06-29T06:31:00,2018-06-29T06:31:00,31,31
http://irail.be/vehicle/IC727,http://irail.be/stations/NMBS/008893179,IC,2018-06-29T06:32:00,2018-06-29T06:32:00,-181,-181
http://irail.be/vehicle/IC727,http://irail.be/stations/NMBS/008893120,IC,2018-06-29T06:36:00,2018-06-29T06:35:00,33,-181
http://irail.be/vehicle/IC727,http://irail.be/stations/NMBS/008894151,IC,2018-06-29T06:43:00,2018-06-29T06:43:00,36,36
http://irail.be/vehicle/IC727,http://irail.be/stations/NMBS/008894201,IC,2018-06-29T06:50:00,2018-06-29T06:48:00,-2,-8
http://irail.be/vehicle/IC727,NO-URI,IC,2018-06-29T06:52:00,2018-06-29T06:52:00,-22,-22
http://irail.be/vehicle/IC727,http://irail.be/stations/NMBS/008894425,IC,2018-06-29T06:54:00,2018-06-29T06:54:00,-22,-22
http://irail.be/vehicle/IC727,http://irail.be/stations/NMBS/008894433,IC,2018-06-29T06:55:00,2018-06-29T06:55:00,-33,-33
http://irail.be/vehicle/IC727,http://irail.be/stations/NMBS/008894508,IC,2018-06-29T07:00:00,2018-06-29T06:58:00,-3,-48
http://irail.be/vehicle/IC727,NO-URI,IC,2018-06-29T07:02:00,2018-06-29T07:02:00,11,11
http://irail.be/vehicle/IC727,http://irail.be/stations/NMBS/008894714,IC,2018-06-29T07:03:00,2018-06-29T07:03:00,-5,-5
http://irail.be/vehicle/IC727,http://irail.be/stations/NMBS/008894748,IC,2018-06-29T07:06:00,2018-06-29T07:06:00,-38,-38
http://irail.be/vehicle/IC727,http://irail.be/stations/NMBS/008894755,IC,2018-06-29T07:07:00,2018-06-29T07:07:00,-47,-47
http://irail.be/vehicle/IC727,http://irail.be/stations/NMBS/008894821,IC,2018-06-29T07:08:00,2018-06-29T07:08:00,-28,-28
http://irail.be/vehicle/IC727,http://irail.be/stations/NMBS/008821196,IC,2018-06-29T07:12:00,2018-06-29T07:12:00,-57,-57
http://irail.be/vehicle/IC727,http://irail.be/stations/NMBS/008821121,IC,2018-06-29T07:19:00,2018-06-29T07:17:00,20,69
http://irail.be/vehicle/IC727,http://irail.be/stations/NMBS/008821006,IC,2018-06-29T07:23:00,2018-06-29T07:23:00,,-4
http://irail.be/vehicle/IC727,http://irail.be/stations/NMBS/008896735,IC,2018-12-26T05:08:00,2018-12-26T05:08:00,56,
http://irail.be/vehicle/IC727,http://irail.be/stations/NMBS/008896503,IC,2018-12-26T05:16:00,2018-12-26T05:15:00,21,16
http://irail.be/vehicle/IC727,http://irail.be/stations/NMBS/008896412,IC,2018-12-26T05:26:00,2018-12-26T05:25:00,-4,-15
http://irail.be/vehicle/IC727,http://irail.be/stations/NMBS/008896396,IC,2018-12-26T05:30:00,2018-12-26T05:29:00,-4,-4
http://irail.be/vehicle/IC727,http://irail.be/stations/NMBS/008896305,IC,2018-12-26T05:35:00,2018-12-26T05:34:00,7,-4
http://irail.be/vehicle/IC727,http://irail.be/stations/NMBS/008896370,IC,2018-12-26T05:40:00,2018-12-26T05:39:00,-21,7
http://irail.be/vehicle/IC727,http://irail.be/stations/NMBS/008896388,IC,2018-12-26T05:45:00,2018-12-26T05:44:00,-21,-21
http://irail.be/vehicle/IC727,http://irail.be/stations/NMBS/008896008,IC,2018-12-26T05:58:00,2018-12-26T05:50:00,40,-43
http://irail.be/vehicle/IC727,http://irail.be/stations/NMBS/008896115,IC,2018-12-26T06:02:00,2018-12-26T06:02:00,36,36
http://irail.be/vehicle/IC727,http://irail.be/stations/NMBS/008896149,IC,2018-12-26T06:08:00,2018-12-26T06:07:00,13,-5
http://irail.be/vehicle/IC727,http://irail.be/stations/NMBS/008892106,IC,2018-12-26T06:15:00,2018-12-26T06:15:00,-17,-17
http://irail.be/vehicle/IC727,NO-URI,IC,2018-12-26T06:15:00,2018-12-26T06:15:00,18,18
http://irail.be/vehicle/IC727,http://irail.be/stations/NMBS/008892080,IC,2018-12-26T06:18:00,2018-12-26T06:18:00,0,0
http://irail.be/vehicle/IC727,http://irail.be/stations/NMBS/008892007,IC,2018-12-26T06:27:00,2018-12-26T06:24:00,12,-11
http://irail.be/vehicle/IC727,NO-URI,IC,2018-12-26T06:32:00,2018-12-26T06:32:00,-9,-9
http://irail.be/vehicle/IC727,http://irail.be/stations/NMBS/008893179,IC,2018-12-26T06:33:00,2018-12-26T06:33:00,22,22
http://irail.be/vehicle/IC727,http://irail.be/stations/NMBS/008893120,IC,2018-12-26T06:36:00,2018-12-26T06:35:00,43,-77
http://irail.be/vehicle/IC727,http://irail.be/stations/NMBS/008894151,IC,2018-12-26T06:44:00,2018-12-26T06:44:00,-30,-30
http://irail.be/vehicle/IC727,http://irail.be/stations/NMBS/008894201,IC,2018-12-26T06:50:00,2018-12-26T06:48:00,24,-37
http://irail.be/vehicle/IC727,NO-URI,IC,2018-12-26T06:52:00,2018-12-26T06:52:00,17,17
http://irail.be/vehicle/IC727,http://irail.be/stations/NMBS/008894425,IC,2018-12-26T06:54:00,2018-12-26T06:54:00,38,38
http://irail.be/vehicle/IC727,http://irail.be/stations/NMBS/008894433,IC,2018-12-26T06:55:00,2018-12-26T06:55:00,24,24
http://irail.be/vehicle/IC727,http://irail.be/stations/NMBS/008894508,IC,2018-12-26T07:00:00,2018-12-26T06:58:00,10,9
http://irail.be/vehicle/IC727,NO-URI,IC,2018-12-26T07:02:00,2018-12-26T07:02:00,10,10
http://irail.be/vehicle/IC727,http://irail.be/stations/NMBS/008894714,IC,2018-12-26T07:03:00,2018-12-26T07:03:00,-3,-3
http://irail.be/vehicle/IC727,http://irail.be/stations/NMBS/008894748,IC,2018-12-26T07:06:00,2018-12-26T07:06:00,-33,-33
http://irail.be/vehicle/IC727,http://irail.be/stations/NMBS/008894755,IC,2018-12-26T07:07:00,2018-12-26T07:07:00,-39,-39
http://irail.be/vehicle/IC727,http://irail.be/stations/NMBS/008894821,IC,2018-12-26T07:08:00,2018-12-26T07:08:00,-21,-21
http://irail.be/vehicle/IC727,http://irail.be/stations/NMBS/008821196,IC,2018-12-26T07:12:00,2018-12-26T07:12:00,-52,-52
http://irail.be/vehicle/IC727,http://irail.be/stations/NMBS/008821121,IC,2018-12-26T07:19:00,2018-12-26T07:17:00,3,-94
http://irail.be/vehicle/IC727,http://irail.be/stations/NMBS/008821006,IC,2018-12-26T07:23:00,2018-12-26T07:23:00,,15
http://irail.be/vehicle/IC727,http://irail.be/stations/NMBS/008896735,IC,2018-06-05T05:08:00,2018-06-05T05:08:00,36,
http://irail.be/vehicle/IC727,http://irail.be/stations/NMBS/008896503,IC,2018-06-05T05:16:00,2018-06-05T05:15:00,40,12
http://irail.be/vehicle/IC727,http://irail.be/stations/NMBS/008896412,IC,2018-06-05T05:26:00,2018-06-05T05:25:00,25,16
http://irail.be/vehicle/IC727,http://irail.be/stations/NMBS/008896396,IC,2018-06-05T05:30:00,2018-06-05T05:29:00,25,25
http://irail.be/vehicle/IC727,http://irail.be/stations/NMBS/008896305,IC,2018-06-05T05:35:00,2018-06-05T05:34:00,23,25
http://irail.be/vehicle/IC727,http://irail.be/stations/NMBS/008896370,IC,2018-06-05T05:40:00,2018-06-05T05:40:00,27,23
http://irail.be/vehicle/IC727,http://irail.be/stations/NMBS/008896388,IC,2018-06-05T05:44:00,2018-06-05T05:44:00,27,27
http://irail.be/vehicle/IC727,http://irail.be/stations/NMBS/008896008,IC,2018-06-05T05:57:00,2018-06-05T05:50:00,82,-14
http://irail.be/vehicle/IC727,http://irail.be/stations/NMBS/008896115,IC,2018-06-05T06:01:00,2018-06-05T06:01:00,139,139
http://irail.be/vehicle/IC727,http://irail.be/stations/NMBS/008896149,IC,2018-06-05T06:06:00,2018-06-05T06:05:00,267,274
http://irail.be/vehicle/IC727,http://irail.be/stations/NMBS/008892106,IC,2018-06-05T06:15:00,2018-06-05T06:15:00,124,124
http://irail.be/vehicle/IC727,NO-URI,IC,2018-06-05T06:15:00,2018-06-05T06:15:00,308,308
http://irail.be/vehicle/IC727,http://irail.be/stations/NMBS/008892080,IC,2018-06-05T06:18:00,2018-06-05T06:18:00,334,334
http://irail.be/vehicle/IC727,http://irail.be/stations/NMBS/008892007,IC,2018-06-05T06:27:00,2018-06-05T06:24:00,305,416
http://irail.be/vehicle/IC727,NO-URI,IC,2018-06-05T06:31:00,2018-06-05T06:31:00,322,322
http://irail.be/vehicle/IC727,http://irail.be/stations/NMBS/008893179,IC,2018-06-05T06:32:00,2018-06-05T06:32:00,115,115
http://irail.be/vehicle/IC727,http://irail.be/stations/NMBS/008893120,IC,2018-06-05T06:36:00,2018-06-05T06:35:00,308,115
http://irail.be/vehicle/IC727,http://irail.be/stations/NMBS/008894151,IC,2018-06-05T06:43:00,2018-06-05T06:43:00,404,404
http://irail.be/vehicle/IC727,http://irail.be/stations/NMBS/008894201,IC,2018-06-05T06:50:00,2018-06-05T06:48:00,318,374
http://irail.be/vehicle/IC727,NO-URI,IC,2018-06-05T06:52:00,2018-06-05T06:52:00,316,316
http://irail.be/vehicle/IC727,http://irail.be/stations/NMBS/008894425,IC,2018-06-05T06:54:00,2018-06-05T06:54:00,334,334
http://irail.be/vehicle/IC727,http://irail.be/stations/NMBS/008894433,IC,2018-06-05T06:55:00,2018-06-05T06:55:00,328,328
http://irail.be/vehicle/IC727,http://irail.be/stations/NMBS/008894508,IC,2018-06-05T07:00:00,2018-06-05T06:58:00,273,317
http://irail.be/vehicle/IC727,NO-URI,IC,2018-06-05T07:02:00,2018-06-05T07:02:00,272,272
http://irail.be/vehicle/IC727,http://irail.be/stations/NMBS/008894714,IC,2018-06-05T07:03:00,2018-06-05T07:03:00,257,257
http://irail.be/vehicle/IC727,http://irail.be/stations/NMBS/008894748,IC,2018-06-05T07:06:00,2018-06-05T07:06:00,229,229
http://irail.be/vehicle/IC727,http://irail.be/stations/NMBS/008894755,IC,2018-06-05T07:07:00,2018-06-05T07:07:00,233,233
http://irail.be/vehicle/IC727,http://irail.be/stations/NMBS/008894821,IC,2018-06-05T07:08:00,2018-06-05T07:08:00,256,256
http://irail.be/vehicle/IC727,NO-URI,IC,2018-06-05T07:09:00,2018-06-05T07:09:00,256,256
http://irail.be/vehicle/IC727,http://irail.be/stations/NMBS/008821196,IC,2018-06-05T07:12:00,2018-06-05T07:12:00,229,229
http://irail.be/vehicle/IC727,http://irail.be/stations/NMBS/008821121,IC,2018-06-05T07:19:00,2018-06-05T07:17:00,152,204
http://irail.be/vehicle/IC727,http://irail.be/stations/NMBS/008821006,IC,2018-06-05T07:23:00,2018-06-05T07:23:00,,131
http://irail.be/vehicle/IC727,http://irail.be/stations/NMBS/008896008,IC,2018-10-22T05:58:00,2018-10-22T05:58:00,4816,
http://irail.be/vehicle/IC727,http://irail.be/stations/NMBS/008896115,IC,2018-10-22T06:02:00,2018-10-22T06:02:00,4899,4899
http://irail.be/vehicle/IC727,http://irail.be/stations/NMBS/008896149,IC,2018-10-22T06:08:00,2018-10-22T06:07:00,4890,4854
http://irail.be/vehicle/IC727,http://irail.be/stations/NMBS/008892106,IC,2018-10-22T06:15:00,2018-10-22T06:15:00,4843,4843
http://irail.be/vehicle/IC727,NO-URI,IC,2018-10-22T06:15:00,2018-10-22T06:15:00,5207,5207
http://irail.be/vehicle/IC727,http://irail.be/stations/NMBS/008892080,IC,2018-10-22T06:18:00,2018-10-22T06:18:00,5500,5500
http://irail.be/vehicle/IC727,http://irail.be/stations/NMBS/008892007,IC,2018-10-22T06:27:00,2018-10-22T06:24:00,5539,5560
http://irail.be/vehicle/IC727,NO-URI,IC,2018-10-22T06:31:00,2018-10-22T06:31:00,5600,5600
http://irail.be/vehicle/IC727,http://irail.be/stations/NMBS/008893179,IC,2018-10-22T06:32:00,2018-10-22T06:32:00,5523,5523
http://irail.be/vehicle/IC727,http://irail.be/stations/NMBS/008893120,IC,2018-10-22T06:36:00,2018-10-22T06:35:00,5752,5523
http://irail.be/vehicle/IC727,http://irail.be/stations/NMBS/008894151,IC,2018-10-22T06:43:00,2018-10-22T06:43:00,5790,5790
http://irail.be/vehicle/IC727,http://irail.be/stations/NMBS/008894201,IC,2018-10-22T06:48:00,2018-10-22T06:48:00,,5811
http://irail.be/vehicle/IC727,http://irail.be/stations/NMBS/008896735,IC,2018-03-22T05:08:00,2018-03-22T05:08:00,69,
http://irail.be/vehicle/IC727,http://irail.be/stations/NMBS/008896503,IC,2018-03-22T05:16:00,2018-03-22T05:15:00,45,33
http://irail.be/vehicle/IC727,http://irail.be/stations/NMBS/008896412,IC,2018-03-22T05:26:00,2018-03-22T05:25:00,12,10
http://irail.be/vehicle/IC727,http://irail.be/stations/NMBS/008896396,IC,2018-03-22T05:30:00,2018-03-22T05:29:00,12,12
http://irail.be/vehicle/IC727,http://irail.be/stations/NMBS/008896305,IC,2018-03-22T05:35:00,2018-03-22T05:34:00,-6,12
http://irail.be/vehicle/IC727,http://irail.be/stations/NMBS/008896370,IC,2018-03-22T05:40:00,2018-03-22T05:40:00,2,-6
http://irail.be/vehicle/IC727,http://irail.be/stations/NMBS/008896388,IC,2018-03-22T05:44:00,2018-03-22T05:44:00,2,2
http://irail.be/vehicle/IC727,http://irail.be/stations/NMBS/008896008,IC,2018-03-22T05:57:00,2018-03-22T05:50:00,184,-47
http://irail.be/vehicle/IC727,http://irail.be/stations/NMBS/008896115,IC,2018-03-22T06:01:00,2018-03-22T06:01:00,159,159
http://irail.be/vehicle/IC727,http://irail.be/stations/NMBS/008896149,IC,2018-03-22T06:06:00,2018-03-22T06:05:00,152,164
http://irail.be/vehicle/IC727,http://irail.be/stations/NMBS/008892106,IC,2018-03-22T06:15:00,2018-03-22T06:15:00,12,12
http://irail.be/vehicle/IC727,NO-URI,IC,2018-03-22T06:15:00,2018-03-22T06:15:00,74,74
http://irail.be/vehicle/IC727,http://irail.be/stations/NMBS/008892080,IC,2018-03-22T06:18:00,2018-03-22T06:18:00,92,92
http://irail.be/vehicle/IC727,http://irail.be/stations/NMBS/008892007,IC,2018-03-22T06:27:00,2018-03-22T06:24:00,46,134
http://irail.be/vehicle/IC727,NO-URI,IC,2018-03-22T06:31:00,2018-03-22T06:31:00,67,67
http://irail.be/vehicle/IC727,http://irail.be/stations/NMBS/008893179,IC,2018-03-22T06:32:00,2018-03-22T06:32:00,-113,-113
http://irail.be/vehicle/IC727,http://irail.be/stations/NMBS/008893120,IC,2018-03-22T06:36:00,2018-03-22T06:35:00,-113,-113
http://irail.be/vehicle/IC727,http://irail.be/stations/NMBS/008894151,IC,2018-03-22T06:43:00,2018-03-22T06:43:00,77,77
http://irail.be/vehicle/IC727,http://irail.be/stations/NMBS/008894201,IC,2018-03-22T06:50:00,2018-03-22T06:48:00,9,41
http://irail.be/vehicle/IC727,NO-URI,IC,2018-03-22T06:52:00,2018-03-22T06:52:00,-2,-2
http://irail.be/vehicle/IC727,http://irail.be/stations/NMBS/008894425,IC,2018-03-22T06:54:00,2018-03-22T06:54:00,1,1
http://irail.be/vehicle/IC727,http://irail.be/stations/NMBS/008894433,IC,2018-03-22T06:55:00,2018-03-22T06:55:00,-9,-9
http://irail.be/vehicle/IC727,http://irail.be/stations/NMBS/008894508,IC,2018-03-22T07:00:00,2018-03-22T06:58:00,16,-11
http://irail.be/vehicle/IC727,NO-URI,IC,2018-03-22T07:02:00,2018-03-22T07:02:00,30,30
http://irail.be/vehicle/IC727,http://irail.be/stations/NMBS/008894714,IC,2018-03-22T07:03:00,2018-03-22T07:03:00,17,17
http://irail.be/vehicle/IC727,http://irail.be/stations/NMBS/008894748,IC,2018-03-22T07:06:00,2018-03-22T07:06:00,-11,-11
http://irail.be/vehicle/IC727,http://irail.be/stations/NMBS/008894755,IC,2018-03-22T07:07:00,2018-03-22T07:07:00,-10,-10
http://irail.be/vehicle/IC727,http://irail.be/stations/NMBS/008894821,IC,2018-03-22T07:08:00,2018-03-22T07:08:00,27,27
http://irail.be/vehicle/IC727,NO-URI,IC,2018-03-22T07:09:00,2018-03-22T07:09:00,27,27
http://irail.be/vehicle/IC727,http://irail.be/stations/NMBS/008821196,IC,2018-03-22T07:12:00,2018-03-22T07:12:00,-8,-8
http://irail.be/vehicle/IC727,http://irail.be/stations/NMBS/008821121,IC,2018-03-22T07:19:00,2018-03-22T07:17:00,-5,24
http://irail.be/vehicle/IC727,http://irail.be/stations/NMBS/008821006,IC,2018-03-22T07:23:00,2018-03-22T07:23:00,,-37
http://irail.be/vehicle/IC727,http://irail.be/stations/NMBS/008896149,IC,2018-02-18T06:06:00,2018-02-18T06:06:00,36,
http://irail.be/vehicle/IC727,http://irail.be/stations/NMBS/008892106,IC,2018-02-18T06:15:00,2018-02-18T06:15:00,-89,-89
http://irail.be/vehicle/IC727,NO-URI,IC,2018-02-18T06:15:00,2018-02-18T06:15:00,-72,-72
http://irail.be/vehicle/IC727,http://irail.be/stations/NMBS/008892080,IC,2018-02-18T06:18:00,2018-02-18T06:18:00,-96,-96
http://irail.be/vehicle/IC727,http://irail.be/stations/NMBS/008892007,IC,2018-02-18T06:27:00,2018-02-18T06:24:00,11,-137
http://irail.be/vehicle/IC727,NO-URI,IC,2018-02-18T06:31:00,2018-02-18T06:31:00,16,16
http://irail.be/vehicle/IC727,http://irail.be/stations/NMBS/008893179,IC,2018-02-18T06:32:00,2018-02-18T06:32:00,-199,-199
http://irail.be/vehicle/IC727,http://irail.be/stations/NMBS/008893120,IC,2018-02-18T06:36:00,2018-02-18T06:35:00,-199,-199
http://irail.be/vehicle/IC727,http://irail.be/stations/NMBS/008894151,IC,2018-02-18T06:43:00,2018-02-18T06:43:00,7,7
http://irail.be/vehicle/IC727,http://irail.be/stations/NMBS/008894201,IC,2018-02-18T06:50:00,2018-02-18T06:48:00,14,-41
http://irail.be/vehicle/IC727,NO-URI,IC,2018-02-18T06:52:00,2018-02-18T06:52:00,7,7
http://irail.be/vehicle/IC727,http://irail.be/stations/NMBS/008894425,IC,2018-02-18T06:54:00,2018-02-18T06:54:00,11,11
http://irail.be/vehicle/IC727,http://irail.be/stations/NMBS/008894433,IC,2018-02-18T06:55:00,2018-02-18T06:55:00,1,1
http://irail.be/vehicle/IC727,http://irail.be/stations/NMBS/008894508,IC,2018-02-18T07:00:00,2018-02-18T06:58:00,6,-3
http://irail.be/vehicle/IC727,NO-URI,IC,2018-02-18T07:02:00,2018-02-18T07:02:00,-1,-1
http://irail.be/vehicle/IC727,http://irail.be/stations/NMBS/008894714,IC,2018-02-18T07:03:00,2018-02-18T07:03:00,-19,-19
http://irail.be/vehicle/IC727,http://irail.be/stations/NMBS/008894748,IC,2018-02-18T07:06:00,2018-02-18T07:06:00,-54,-54
http://irail.be/vehicle/IC727,http://irail.be/stations/NMBS/008894755,IC,2018-02-18T07:07:00,2018-02-18T07:07:00,-61,-61
http://irail.be/vehicle/IC727,http://irail.be/stations/NMBS/008894821,IC,2018-02-18T07:08:00,2018-02-18T07:08:00,-45,-45
http://irail.be/vehicle/IC727,NO-URI,IC,2018-02-18T07:09:00,2018-02-18T07:09:00,-45,-45
http://irail.be/vehicle/IC727,http://irail.be/stations/NMBS/008821196,IC,2018-02-18T07:12:00,2018-02-18T07:12:00,-84,-84
http://irail.be/vehicle/IC727,http://irail.be/stations/NMBS/008821121,IC,2018-02-18T07:19:00,2018-02-18T07:17:00,-8,-149
http://irail.be/vehicle/IC727,http://irail.be/stations/NMBS/008821006,IC,2018-02-18T07:23:00,2018-02-18T07:23:00,,-30
http://irail.be/vehicle/IC727,http://irail.be/stations/NMBS/008896735,IC,2018-07-31T05:08:00,2018-07-31T05:08:00,51,
http://irail.be/vehicle/IC727,http://irail.be/stations/NMBS/008896503,IC,2018-07-31T05:16:00,2018-07-31T05:15:00,22,17
http://irail.be/vehicle/IC727,http://irail.be/stations/NMBS/008896412,IC,2018-07-31T05:26:00,2018-07-31T05:25:00,0,-19
http://irail.be/vehicle/IC727,http://irail.be/stations/NMBS/008896396,IC,2018-07-31T05:30:00,2018-07-31T05:29:00,0,0
http://irail.be/vehicle/IC727,http://irail.be/stations/NMBS/008896305,IC,2018-07-31T05:35:00,2018-07-31T05:34:00,49,0
http://irail.be/vehicle/IC727,http://irail.be/stations/NMBS/008896370,IC,2018-07-31T05:40:00,2018-07-31T05:39:00,49,49
http://irail.be/vehicle/IC727,http://irail.be/stations/NMBS/008896388,IC,2018-07-31T05:45:00,2018-07-31T05:44:00,-40,-40
http://irail.be/vehicle/IC727,http://irail.be/stations/NMBS/008896008,IC,2018-07-31T05:58:00,2018-07-31T05:50:00,107,-29
http://irail.be/vehicle/IC727,http://irail.be/stations/NMBS/008896115,IC,2018-07-31T06:02:00,2018-07-31T06:02:00,251,251
http://irail.be/vehicle/IC727,http://irail.be/stations/NMBS/008896149,IC,2018-07-31T06:08:00,2018-07-31T06:07:00,178,211
http://irail.be/vehicle/IC727,http://irail.be/stations/NMBS/008892106,IC,2018-07-31T06:15:00,2018-07-31T06:15:00,114,114
http://irail.be/vehicle/IC727,NO-URI,IC,2018-07-31T06:15:00,2018-07-31T06:15:00,148,148
http://irail.be/vehicle/IC727,http://irail.be/stations/NMBS/008892080,IC,2018-07-31T06:18:00,2018-07-31T06:18:00,122,122
http://irail.be/vehicle/IC727,http://irail.be/stations/NMBS/008892007,IC,2018-07-31T06:27:00,2018-07-31T06:24:00,39,87
http://irail.be/vehicle/IC727,NO-URI,IC,2018-07-31T06:31:00,2018-07-31T06:31:00,66,66
http://irail.be/vehicle/IC727,http://irail.be/stations/NMBS/008893179,IC,2018-07-31T06:32:00,2018-07-31T06:32:00,-140,-140
http://irail.be/vehicle/IC727,http://irail.be/stations/NMBS/008893120,IC,2018-07-31T06:36:00,2018-07-31T06:35:00,43,-140
http://irail.be/vehicle/IC727,http://irail.be/stations/NMBS/008894151,IC,2018-07-31T06:43:00,2018-07-31T06:43:00,3,3
http://irail.be/vehicle/IC727,http://irail.be/stations/NMBS/008894201,IC,2018-07-31T06:50:00,2018-07-31T06:48:00,1,-45
http://irail.be/vehicle/IC727,NO-URI,IC,2018-07-31T06:52:00,2018-07-31T06:52:00,5,5
http://irail.be/vehicle/IC727,http://irail.be/stations/NMBS/008894425,IC,2018-07-31T06:54:00,2018-07-31T06:54:00,27,27
http://irail.be/vehicle/IC727,http://irail.be/stations/NMBS/008894433,IC,2018-07-31T06:55:00,2018-07-31T06:55:00,17,17
http://irail.be/vehicle/IC727,http://irail.be/stations/NMBS/008894508,IC,2018-07-31T07:00:00,2018-07-31T06:58:00,-12,7
http://irail.be/vehicle/IC727,NO-URI,IC,2018-07-31T07:02:00,2018-07-31T07:02:00,-19,-19
http://irail.be/vehicle/IC727,http://irail.be/stations/NMBS/008894714,IC,2018-07-31T07:03:00,2018-07-31T07:03:00,-38,-38
http://irail.be/vehicle/IC727,http://irail.be/stations/NMBS/008894748,IC,2018-07-31T07:06:00,2018-07-31T07:06:00,-70,-70
http://irail.be/vehicle/IC727,http://irail.be/stations/NMBS/008894755,IC,2018-07-31T07:07:00,2018-07-31T07:07:00,-77,-77
http://irail.be/vehicle/IC727,http://irail.be/stations/NMBS/008894821,IC,2018-07-31T07:08:00,2018-07-31T07:08:00,-53,-53
http://irail.be/vehicle/IC727,http://irail.be/stations/NMBS/008821196,IC,2018-07-31T07:12:00,2018-07-31T07:12:00,-95,-95
http://irail.be/vehicle/IC727,http://irail.be/stations/NMBS/008821121,IC,2018-07-31T07:19:00,2018-07-31T07:17:00,29,15
http://irail.be/vehicle/IC727,http://irail.be/stations/NMBS/008821006,IC,2018-07-31T07:23:00,2018-07-31T07:23:00,,-9
http://irail.be/vehicle/IC727,http://irail.be/stations/NMBS/008896735,IC,2018-12-06T05:08:00,2018-12-06T05:08:00,63,
http://irail.be/vehicle/IC727,http://irail.be/stations/NMBS/008896503,IC,2018-12-06T05:16:00,2018-12-06T05:15:00,47,48
http://irail.be/vehicle/IC727,http://irail.be/stations/NMBS/008896412,IC,2018-12-06T05:26:00,2018-12-06T05:25:00,65,44
http://irail.be/vehicle/IC727,http://irail.be/stations/NMBS/008896396,IC,2018-12-06T05:30:00,2018-12-06T05:29:00,65,65
http://irail.be/vehicle/IC727,http://irail.be/stations/NMBS/008896305,IC,2018-12-06T05:35:00,2018-12-06T05:34:00,70,65
http://irail.be/vehicle/IC727,http://irail.be/stations/NMBS/008896370,IC,2018-12-06T05:40:00,2018-12-06T05:39:00,32,70
http://irail.be/vehicle/IC727,http://irail.be/stations/NMBS/008896388,IC,2018-12-06T05:45:00,2018-12-06T05:44:00,32,32
http://irail.be/vehicle/IC727,http://irail.be/stations/NMBS/008896008,IC,2018-12-06T05:58:00,2018-12-06T05:50:00,46,15
http://irail.be/vehicle/IC727,http://irail.be/stations/NMBS/008896115,IC,2018-12-06T06:02:00,2018-12-06T06:02:00,31,31
http://irail.be/vehicle/IC727,http://irail.be/stations/NMBS/008896149,IC,2018-12-06T06:08:00,2018-12-06T06:07:00,64,65
http://irail.be/vehicle/IC727,http://irail.be/stations/NMBS/008892106,IC,2018-12-06T06:15:00,2018-12-06T06:15:00,12,12
http://irail.be/vehicle/IC727,NO-URI,IC,2018-12-06T06:15:00,2018-12-06T06:15:00,102,102
http://irail.be/vehicle/IC727,http://irail.be/stations/NMBS/008892080,IC,2018-12-06T06:18:00,2018-12-06T06:18:00,110,110
http://irail.be/vehicle/IC727,http://irail.be/stations/NMBS/008892007,IC,2018-12-06T06:27:00,2018-12-06T06:24:00,13,77
http://irail.be/vehicle/IC727,NO-URI,IC,2018-12-06T06:31:00,2018-12-06T06:31:00,49,49
http://irail.be/vehicle/IC727,http://irail.be/stations/NMBS/008893179,IC,2018-12-06T06:32:00,2018-12-06T06:32:00,31,31
http://irail.be/vehicle/IC727,http://irail.be/stations/NMBS/008893120,IC,2018-12-06T06:36:00,2018-12-06T06:35:00,75,-69
http://irail.be/vehicle/IC727,http://irail.be/stations/NMBS/008894151,IC,2018-12-06T06:43:00,2018-12-06T06:43:00,38,38
http://irail.be/vehicle/IC727,http://irail.be/stations/NMBS/008894201,IC,2018-12-06T06:50:00,2018-12-06T06:48:00,21,-10
http://irail.be/vehicle/IC727,NO-URI,IC,2018-12-06T06:52:00,2018-12-06T06:52:00,1,1
http://irail.be/vehicle/IC727,http://irail.be/stations/NMBS/008894425,IC,2018-12-06T06:54:00,2018-12-06T06:54:00,4,4
http://irail.be/vehicle/IC727,http://irail.be/stations/NMBS/008894433,IC,2018-12-06T06:55:00,2018-12-06T06:55:00,-8,-8
http://irail.be/vehicle/IC727,http://irail.be/stations/NMBS/008894508,IC,2018-12-06T07:00:00,2018-12-06T06:58:00,0,-24
http://irail.be/vehicle/IC727,NO-URI,IC,2018-12-06T07:02:00,2018-12-06T07:02:00,18,18
http://irail.be/vehicle/IC727,http://irail.be/stations/NMBS/008894714,IC,2018-12-06T07:03:00,2018-12-06T07:03:00,7,7
http://irail.be/vehicle/IC727,http://irail.be/stations/NMBS/008894748,IC,2018-12-06T07:06:00,2018-12-06T07:06:00,-26,-26
http://irail.be/vehicle/IC727,http://irail.be/stations/NMBS/008894755,IC,2018-12-06T07:07:00,2018-12-06T07:07:00,-29,-29
http://irail.be/vehicle/IC727,http://irail.be/stations/NMBS/008894821,IC,2018-12-06T07:08:00,2018-12-06T07:08:00,-10,-10
http://irail.be/vehicle/IC727,http://irail.be/stations/NMBS/008821196,IC,2018-12-06T07:12:00,2018-12-06T07:12:00,-32,-32
http://irail.be/vehicle/IC727,http://irail.be/stations/NMBS/008821121,IC,2018-12-06T07:19:00,2018-12-06T07:17:00,178,199
http://irail.be/vehicle/IC727,http://irail.be/stations/NMBS/008821006,IC,2018-12-06T07:23:00,2018-12-06T07:23:00,,150
http://irail.be/vehicle/IC727,http://irail.be/stations/NMBS/008896735,IC,2018-01-25T05:08:00,2018-01-25T05:08:00,72,
http://irail.be/vehicle/IC727,http://irail.be/stations/NMBS/008896503,IC,2018-01-25T05:16:00,2018-01-25T05:15:00,74,54
http://irail.be/vehicle/IC727,http://irail.be/stations/NMBS/008896412,IC,2018-01-25T05:26:00,2018-01-25T05:25:00,15,36
http://irail.be/vehicle/IC727,http://irail.be/stations/NMBS/008896396,IC,2018-01-25T05:30:00,2018-01-25T05:29:00,15,15
http://irail.be/vehicle/IC727,http://irail.be/stations/NMBS/008896305,IC,2018-01-25T05:35:00,2018-01-25T05:34:00,-18,15
http://irail.be/vehicle/IC727,http://irail.be/stations/NMBS/008896370,IC,2018-01-25T05:40:00,2018-01-25T05:40:00,-13,-18
http://irail.be/vehicle/IC727,http://irail.be/stations/NMBS/008896388,IC,2018-01-25T05:44:00,2018-01-25T05:44:00,-13,-13
http://irail.be/vehicle/IC727,http://irail.be/stations/NMBS/008896008,IC,2018-01-25T05:57:00,2018-01-25T05:50:00,51,-52
http://irail.be/vehicle/IC727,http://irail.be/stations/NMBS/008896115,IC,2018-01-25T06:01:00,2018-01-25T06:01:00,109,109
http://irail.be/vehicle/IC727,http://irail.be/stations/NMBS/008896149,IC,2018-01-25T06:06:00,2018-01-25T06:05:00,184,186
http://irail.be/vehicle/IC727,http://irail.be/stations/NMBS/008892106,IC,2018-01-25T06:15:00,2018-01-25T06:15:00,129,129
http://irail.be/vehicle/IC727,NO-URI,IC,2018-01-25T06:15:00,2018-01-25T06:15:00,223,223
http://irail.be/vehicle/IC727,http://irail.be/stations/NMBS/008892080,IC,2018-01-25T06:18:00,2018-01-25T06:18:00,232,232
http://irail.be/vehicle/IC727,http://irail.be/stations/NMBS/008892007,IC,2018-01-25T06:27:00,2018-01-25T06:24:00,141,228
http://irail.be/vehicle/IC727,NO-URI,IC,2018-01-25T06:31:00,2018-01-25T06:31:00,153,153
http://irail.be/vehicle/IC727,http://irail.be/stations/NMBS/008893179,IC,2018-01-25T06:32:00,2018-01-25T06:32:00,-39,-39
http://irail.be/vehicle/IC727,http://irail.be/stations/NMBS/008893120,IC,2018-01-25T06:36:00,2018-01-25T06:35:00,-39,-39
http://irail.be/vehicle/IC727,http://irail.be/stations/NMBS/008894151,IC,2018-01-25T06:43:00,2018-01-25T06:43:00,80,80
http://irail.be/vehicle/IC727,http://irail.be/stations/NMBS/008894201,IC,2018-01-25T06:50:00,2018-01-25T06:48:00,17,44
http://irail.be/vehicle/IC727,NO-URI,IC,2018-01-25T06:52:00,2018-01-25T06:52:00,1,1
http://irail.be/vehicle/IC727,http://irail.be/stations/NMBS/008894425,IC,2018-01-25T06:54:00,2018-01-25T06:54:00,2,2
http://irail.be/vehicle/IC727,http://irail.be/stations/NMBS/008894433,IC,2018-01-25T06:55:00,2018-01-25T06:55:00,-4,-4
http://irail.be/vehicle/IC727,http://irail.be/stations/NMBS/008894508,IC,2018-01-25T07:00:00,2018-01-25T06:58:00,14,6
http://irail.be/vehicle/IC727,NO-URI,IC,2018-01-25T07:02:00,2018-01-25T07:02:00,10,10
http://irail.be/vehicle/IC727,http://irail.be/stations/NMBS/008894714,IC,2018-01-25T07:03:00,2018-01-25T07:03:00,-7,-7
http://irail.be/vehicle/IC727,http://irail.be/stations/NMBS/008894748,IC,2018-01-25T07:06:00,2018-01-25T07:06:00,-40,-40
http://irail.be/vehicle/IC727,http://irail.be/stations/NMBS/008894755,IC,2018-01-25T07:07:00,2018-01-25T07:07:00,2789,2789
http://irail.be/vehicle/IC727,http://irail.be/stations/NMBS/008894821,IC,2018-01-25T07:08:00,2018-01-25T07:08:00,2812,2812
http://irail.be/vehicle/IC727,NO-URI,IC,2018-01-25T07:09:00,2018-01-25T07:09:00,2812,2812
http://irail.be/vehicle/IC727,http://irail.be/stations/NMBS/008821196,IC,2018-01-25T07:12:00,2018-01-25T07:12:00,2789,2789
http://irail.be/vehicle/IC727,http://irail.be/stations/NMBS/008821121,IC,2018-01-25T07:17:00,2018-01-25T07:17:00,,2773
http://irail.be/vehicle/IC727,http://irail.be/stations/NMBS/008896735,IC,2018-06-11T05:08:00,2018-06-11T05:08:00,130,
http://irail.be/vehicle/IC727,http://irail.be/stations/NMBS/008896503,IC,2018-06-11T05:16:00,2018-06-11T05:15:00,182,139
http://irail.be/vehicle/IC727,http://irail.be/stations/NMBS/008896412,IC,2018-06-11T05:26:00,2018-06-11T05:25:00,174,192
http://irail.be/vehicle/IC727,http://irail.be/stations/NMBS/008896396,IC,2018-06-11T05:30:00,2018-06-11T05:29:00,174,174
http://irail.be/vehicle/IC727,http://irail.be/stations/NMBS/008896305,IC,2018-06-11T05:35:00,2018-06-11T05:34:00,177,174
http://irail.be/vehicle/IC727,http://irail.be/stations/NMBS/008896370,IC,2018-06-11T05:40:00,2018-06-11T05:39:00,140,177
http://irail.be/vehicle/IC727,http://irail.be/stations/NMBS/008896388,IC,2018-06-11T05:45:00,2018-06-11T05:44:00,140,140
http://irail.be/vehicle/IC727,http://irail.be/stations/NMBS/008896008,IC,2018-06-11T05:58:00,2018-06-11T05:50:00,67,113
http://irail.be/vehicle/IC727,http://irail.be/stations/NMBS/008896115,IC,2018-06-11T06:02:00,2018-06-11T06:02:00,60,60
http://irail.be/vehicle/IC727,http://irail.be/stations/NMBS/008896149,IC,2018-06-11T06:08:00,2018-06-11T06:07:00,10,25
http://irail.be/vehicle/IC727,http://irail.be/stations/NMBS/008892106,IC,2018-06-11T06:15:00,2018-06-11T06:15:00,-42,-42
http://irail.be/vehicle/IC727,NO-URI,IC,2018-06-11T06:15:00,2018-06-11T06:15:00,-6,-6
http://irail.be/vehicle/IC727,http://irail.be/stations/NMBS/008892080,IC,2018-06-11T06:18:00,2018-06-11T06:18:00,-28,-28
http://irail.be/vehicle/IC727,http://irail.be/stations/NMBS/008892007,IC,2018-06-11T06:27:00,2018-06-11T06:24:00,1,46
http://irail.be/vehicle/IC727,NO-URI,IC,2018-06-11T06:31:00,2018-06-11T06:31:00,29,29
http://irail.be/vehicle/IC727,http://irail.be/stations/NMBS/008893179,IC,2018-06-11T06:32:00,2018-06-11T06:32:00,-176,-176
http://irail.be/vehicle/IC727,http://irail.be/stations/NMBS/008893120,IC,2018-06-11T06:36:00,2018-06-11T06:35:00,45,-176
http://irail.be/vehicle/IC727,http://irail.be/stations/NMBS/008894151,IC,2018-06-11T06:43:00,2018-06-11T06:43:00,170,170
http://irail.be/vehicle/IC727,http://irail.be/stations/NMBS/008894201,IC,2018-06-11T06:50:00,2018-06-11T06:48:00,87,134
http://irail.be/vehicle/IC727,NO-URI,IC,2018-06-11T06:52:00,2018-06-11T06:52:00,71,71
http://irail.be/vehicle/IC727,http://irail.be/stations/NMBS/008894425,IC,2018-06-11T06:54:00,2018-06-11T06:54:00,75,75
http://irail.be/vehicle/IC727,http://irail.be/stations/NMBS/008894433,IC,2018-06-11T06:55:00,2018-06-11T06:55:00,67,67
http://irail.be/vehicle/IC727,http://irail.be/stations/NMBS/008894508,IC,2018-06-11T07:00:00,2018-06-11T06:58:00,134,57
http://irail.be/vehicle/IC727,NO-URI,IC,2018-06-11T07:02:00,2018-06-11T07:02:00,147,147
http://irail.be/vehicle/IC727,http://irail.be/stations/NMBS/008894714,IC,2018-06-11T07:03:00,2018-06-11T07:03:00,134,134
http://irail.be/vehicle/IC727,http://irail.be/stations/NMBS/008894748,IC,2018-06-11T07:06:00,2018-06-11T07:06:00,105,105
http://irail.be/vehicle/IC727,http://irail.be/stations/NMBS/008894755,IC,2018-06-11T07:07:00,2018-06-11T07:07:00,100,100
http://irail.be/vehicle/IC727,http://irail.be/stations/NMBS/008894821,IC,2018-06-11T07:08:00,2018-06-11T07:08:00,0,0
http://irail.be/vehicle/IC727,http://irail.be/stations/NMBS/008821196,IC,2018-06-11T07:12:00,2018-06-11T07:12:00,83,83
http://irail.be/vehicle/IC727,http://irail.be/stations/NMBS/008821121,IC,2018-06-11T07:19:00,2018-06-11T07:17:00,33,30
http://irail.be/vehicle/IC727,http://irail.be/stations/NMBS/008821006,IC,2018-06-11T07:23:00,2018-06-11T07:23:00,,40
http://irail.be/vehicle/IC727,http://irail.be/stations/NMBS/008896735,IC,2018-06-27T05:08:00,2018-06-27T05:08:00,60,
http://irail.be/vehicle/IC727,http://irail.be/stations/NMBS/008896503,IC,2018-06-27T05:16:00,2018-06-27T05:15:00,43,46
http://irail.be/vehicle/IC727,http://irail.be/stations/NMBS/008896412,IC,2018-06-27T05:26:00,2018-06-27T05:25:00,38,17
http://irail.be/vehicle/IC727,http://irail.be/stations/NMBS/008896396,IC,2018-06-27T05:30:00,2018-06-27T05:29:00,38,38
http://irail.be/vehicle/IC727,http://irail.be/stations/NMBS/008896305,IC,2018-06-27T05:35:00,2018-06-27T05:34:00,27,38
http://irail.be/vehicle/IC727,http://irail.be/stations/NMBS/008896370,IC,2018-06-27T05:40:00,2018-06-27T05:39:00,53,27
http://irail.be/vehicle/IC727,http://irail.be/stations/NMBS/008896388,IC,2018-06-27T05:45:00,2018-06-27T05:44:00,53,53
http://irail.be/vehicle/IC727,http://irail.be/stations/NMBS/008896008,IC,2018-06-27T05:58:00,2018-06-27T05:50:00,60,91
http://irail.be/vehicle/IC727,http://irail.be/stations/NMBS/008896115,IC,2018-06-27T06:02:00,2018-06-27T06:02:00,128,128
http://irail.be/vehicle/IC727,http://irail.be/stations/NMBS/008896149,IC,2018-06-27T06:08:00,2018-06-27T06:07:00,74,95
http://irail.be/vehicle/IC727,http://irail.be/stations/NMBS/008892106,IC,2018-06-27T06:15:00,2018-06-27T06:15:00,839,839
http://irail.be/vehicle/IC727,NO-URI,IC,2018-06-27T06:15:00,2018-06-27T06:15:00,1206,1206
http://irail.be/vehicle/IC727,http://irail.be/stations/NMBS/008892080,IC,2018-06-27T06:18:00,2018-06-27T06:18:00,1208,1208
http://irail.be/vehicle/IC727,http://irail.be/stations/NMBS/008892007,IC,2018-06-27T06:27:00,2018-06-27T06:24:00,1262,1297
http://irail.be/vehicle/IC727,NO-URI,IC,2018-06-27T06:31:00,2018-06-27T06:31:00,1311,1311
http://irail.be/vehicle/IC727,http://irail.be/stations/NMBS/008893179,IC,2018-06-27T06:32:00,2018-06-27T06:32:00,1106,1106
http://irail.be/vehicle/IC727,http://irail.be/stations/NMBS/008893120,IC,2018-06-27T06:36:00,2018-06-27T06:35:00,1334,1106
http://irail.be/vehicle/IC727,http://irail.be/stations/NMBS/008894151,IC,2018-06-27T06:43:00,2018-06-27T06:43:00,1393,1393
http://irail.be/vehicle/IC727,http://irail.be/stations/NMBS/008894201,IC,2018-06-27T06:50:00,2018-06-27T06:48:00,1311,1354
http://irail.be/vehicle/IC727,NO-URI,IC,2018-06-27T06:52:00,2018-06-27T06:52:00,1302,1302
http://irail.be/vehicle/IC727,http://irail.be/stations/NMBS/008894425,IC,2018-06-27T06:54:00,2018-06-27T06:54:00,1304,1304
http://irail.be/vehicle/IC727,http://irail.be/stations/NMBS/008894433,IC,2018-06-27T06:55:00,2018-06-27T06:55:00,1298,1298
http://irail.be/vehicle/IC727,http://irail.be/stations/NMBS/008894508,IC,2018-06-27T07:00:00,2018-06-27T06:58:00,1308,1315
http://irail.be/vehicle/IC727,NO-URI,IC,2018-06-27T07:02:00,2018-06-27T07:02:00,1331,1331
http://irail.be/vehicle/IC727,http://irail.be/stations/NMBS/008894714,IC,2018-06-27T07:03:00,2018-06-27T07:03:00,1329,1329
http://irail.be/vehicle/IC727,http://irail.be/stations/NMBS/008894748,IC,2018-06-27T07:06:00,2018-06-27T07:06:00,1304,1304
http://irail.be/vehicle/IC727,http://irail.be/stations/NMBS/008894755,IC,2018-06-27T07:07:00,2018-06-27T07:07:00,1303,1303
http://irail.be/vehicle/IC727,http://irail.be/stations/NMBS/008894821,IC,2018-06-27T07:08:00,2018-06-27T07:08:00,1336,1336
http://irail.be/vehicle/IC727,http://irail.be/stations/NMBS/008821196,IC,2018-06-27T07:12:00,2018-06-27T07:12:00,1359,1359
http://irail.be/vehicle/IC727,http://irail.be/stations/NMBS/008821121,IC,2018-06-27T07:19:00,2018-06-27T07:17:00,1519,1563
http://irail.be/vehicle/IC727,http://irail.be/stations/NMBS/008821006,IC,2018-06-27T07:23:00,2018-06-27T07:23:00,,1558
http://irail.be/vehicle/IC727,http://irail.be/stations/NMBS/008896735,IC,2018-12-16T05:08:00,2018-12-16T05:08:00,64,
http://irail.be/vehicle/IC727,http://irail.be/stations/NMBS/008896503,IC,2018-12-16T05:16:00,2018-12-16T05:15:00,51,53
http://irail.be/vehicle/IC727,http://irail.be/stations/NMBS/008896412,IC,2018-12-16T05:26:00,2018-12-16T05:25:00,27,34
http://irail.be/vehicle/IC727,http://irail.be/stations/NMBS/008896396,IC,2018-12-16T05:30:00,2018-12-16T05:29:00,27,27
http://irail.be/vehicle/IC727,http://irail.be/stations/NMBS/008896305,IC,2018-12-16T05:35:00,2018-12-16T05:34:00,22,27
http://irail.be/vehicle/IC727,http://irail.be/stations/NMBS/008896370,IC,2018-12-16T05:40:00,2018-12-16T05:39:00,-15,22
http://irail.be/vehicle/IC727,http://irail.be/stations/NMBS/008896388,IC,2018-12-16T05:45:00,2018-12-16T05:44:00,-15,-15
http://irail.be/vehicle/IC727,http://irail.be/stations/NMBS/008896008,IC,2018-12-16T05:56:00,2018-12-16T05:50:00,31,-13
http://irail.be/vehicle/IC727,http://irail.be/stations/NMBS/008896115,IC,2018-12-16T06:01:00,2018-12-16T06:01:00,59,59
http://irail.be/vehicle/IC727,http://irail.be/stations/NMBS/008896149,IC,2018-12-16T06:07:00,2018-12-16T06:06:00,178,112
http://irail.be/vehicle/IC727,http://irail.be/stations/NMBS/008892106,IC,2018-12-16T06:15:00,2018-12-16T06:15:00,166,166
http://irail.be/vehicle/IC727,NO-URI,IC,2018-12-16T06:16:00,2018-12-16T06:16:00,278,278
http://irail.be/vehicle/IC727,http://irail.be/stations/NMBS/008892080,IC,2018-12-16T06:19:00,2018-12-16T06:19:00,262,262
http://irail.be/vehicle/IC727,http://irail.be/stations/NMBS/008892007,IC,2018-12-16T06:27:00,2018-12-16T06:25:00,194,244
http://irail.be/vehicle/IC727,NO-URI,IC,2018-12-16T06:32:00,2018-12-16T06:32:00,161,161
http://irail.be/vehicle/IC727,http://irail.be/stations/NMBS/008893179,IC,2018-12-16T06:33:00,2018-12-16T06:33:00,195,195
http://irail.be/vehicle/IC727,http://irail.be/stations/NMBS/008893120,IC,2018-12-16T06:36:00,2018-12-16T06:35:00,197,93
http://irail.be/vehicle/IC727,http://irail.be/stations/NMBS/008894151,IC,2018-12-16T06:44:00,2018-12-16T06:44:00,108,108
http://irail.be/vehicle/IC727,http://irail.be/stations/NMBS/008894201,IC,2018-12-16T06:50:00,2018-12-16T06:48:00,66,110
http://irail.be/vehicle/IC727,NO-URI,IC,2018-12-16T06:52:00,2018-12-16T06:52:00,58,58
http://irail.be/vehicle/IC727,http://irail.be/stations/NMBS/008894425,IC,2018-12-16T06:54:00,2018-12-16T06:54:00,78,78
http://irail.be/vehicle/IC727,http://irail.be/stations/NMBS/008894433,IC,2018-12-16T06:55:00,2018-12-16T06:55:00,69,69
http://irail.be/vehicle/IC727,http://irail.be/stations/NMBS/008894508,IC,2018-12-16T07:03:00,2018-12-16T06:58:00,0,67
http://irail.be/vehicle/IC727,http://irail.be/stations/NMBS/008894672,IC,2018-12-16T07:11:00,2018-12-16T07:10:00,0,0
http://irail.be/vehicle/IC727,http://irail.be/stations/NMBS/008822772,IC,2018-12-16T07:15:00,2018-12-16T07:15:00,-56,-56
http://irail.be/vehicle/IC727,http://irail.be/stations/NMBS/008822715,IC,2018-12-16T07:19:00,2018-12-16T07:19:00,-155,-155
http://irail.be/vehicle/IC727,http://irail.be/stations/NMBS/008822848,IC,2018-12-16T07:22:00,2018-12-16T07:22:00,-141,-141
http://irail.be/vehicle/IC727,http://irail.be/stations/NMBS/008822814,IC,2018-12-16T07:25:00,2018-12-16T07:25:00,-126,-126
http://irail.be/vehicle/IC727,http://irail.be/stations/NMBS/008824240,IC,2018-12-16T07:28:00,2018-12-16T07:28:00,-105,-105
http://irail.be/vehicle/IC727,http://irail.be/stations/NMBS/008824232,IC,2018-12-16T07:30:00,2018-12-16T07:30:00,124,124
http://irail.be/vehicle/IC727,http://irail.be/stations/NMBS/008824224,IC,2018-12-16T07:31:00,2018-12-16T07:31:00,124,124
http://irail.be/vehicle/IC727,http://irail.be/stations/NMBS/008824158,IC,2018-12-16T07:36:00,2018-12-16T07:36:00,114,114
http://irail.be/vehicle/IC727,http://irail.be/stations/NMBS/008821196,IC,2018-12-16T07:42:00,2018-12-16T07:40:00,136,136
http://irail.be/vehicle/IC727,http://irail.be/stations/NMBS/008821121,IC,2018-12-16T07:50:00,2018-12-16T07:48:00,54,17
http://irail.be/vehicle/IC727,http://irail.be/stations/NMBS/008821006,IC,2018-12-16T07:54:00,2018-12-16T07:54:00,,113
http://irail.be/vehicle/IC727,http://irail.be/stations/NMBS/008896735,IC,2018-11-18T05:08:00,2018-11-18T05:08:00,44,
http://irail.be/vehicle/IC727,http://irail.be/stations/NMBS/008896503,IC,2018-11-18T05:16:00,2018-11-18T05:15:00,8,6
http://irail.be/vehicle/IC727,http://irail.be/stations/NMBS/008896412,IC,2018-11-18T05:26:00,2018-11-18T05:25:00,4,-48
http://irail.be/vehicle/IC727,http://irail.be/stations/NMBS/008896396,IC,2018-11-18T05:30:00,2018-11-18T05:29:00,4,4
http://irail.be/vehicle/IC727,http://irail.be/stations/NMBS/008896305,IC,2018-11-18T05:35:00,2018-11-18T05:34:00,17,4
http://irail.be/vehicle/IC727,http://irail.be/stations/NMBS/008896370,IC,2018-11-18T05:40:00,2018-11-18T05:39:00,-4,17
http://irail.be/vehicle/IC727,http://irail.be/stations/NMBS/008896388,IC,2018-11-18T05:45:00,2018-11-18T05:44:00,-4,-4
http://irail.be/vehicle/IC727,http://irail.be/stations/NMBS/008896008,IC,2018-11-18T05:58:00,2018-11-18T05:50:00,35,-38
http://irail.be/vehicle/IC727,http://irail.be/stations/NMBS/008896115,IC,2018-11-18T06:02:00,2018-11-18T06:02:00,40,40
http://irail.be/vehicle/IC727,http://irail.be/stations/NMBS/008896149,IC,2018-11-18T06:08:00,2018-11-18T06:07:00,-6,2
http://irail.be/vehicle/IC727,http://irail.be/stations/NMBS/008892106,IC,2018-11-18T06:15:00,2018-11-18T06:15:00,-51,-51
http://irail.be/vehicle/IC727,NO-URI,IC,2018-11-18T06:15:00,2018-11-18T06:15:00,-15,-15
http://irail.be/vehicle/IC727,http://irail.be/stations/NMBS/008892080,IC,2018-11-18T06:18:00,2018-11-18T06:18:00,-40,-40
http://irail.be/vehicle/IC727,http://irail.be/stations/NMBS/008892007,IC,2018-11-18T06:27:00,2018-11-18T06:24:00,231,189
http://irail.be/vehicle/IC727,http://irail.be/stations/NMBS/008893013,IC,2018-11-18T06:30:00,2018-11-18T06:30:00,250,250
http://irail.be/vehicle/IC727,http://irail.be/stations/NMBS/008893039,IC,2018-11-18T06:32:00,2018-11-18T06:32:00,432,432
http://irail.be/vehicle/IC727,http://irail.be/stations/NMBS/008893567,IC,2018-11-18T06:34:00,2018-11-18T06:34:00,397,397
http://irail.be/vehicle/IC727,http://irail.be/stations/NMBS/008893559,IC,2018-11-18T06:37:00,2018-11-18T06:37:00,333,333
http://irail.be/vehicle/IC727,http://irail.be/stations/NMBS/008893542,IC,2018-11-18T06:39:00,2018-11-18T06:39:00,319,319
http://irail.be/vehicle/IC727,http://irail.be/stations/NMBS/008893534,IC,2018-11-18T06:41:00,2018-11-18T06:41:00,325,325
http://irail.be/vehicle/IC727,http://irail.be/stations/NMBS/008893526,IC,2018-11-18T06:43:00,2018-11-18T06:43:00,245,245
http://irail.be/vehicle/IC727,http://irail.be/stations/NMBS/008893518,IC,2018-11-18T06:46:00,2018-11-18T06:46:00,245,245
http://irail.be/vehicle/IC727,http://irail.be/stations/NMBS/008893401,IC,2018-11-18T06:48:00,2018-11-18T06:48:00,267,267
http://irail.be/vehicle/IC727,http://irail.be/stations/NMBS/008822160,IC,2018-11-18T06:51:00,2018-11-18T06:51:00,263,263
http://irail.be/vehicle/IC727,http://irail.be/stations/NMBS/008822145,IC,2018-11-18T06:53:00,2018-11-18T06:53:00,268,268
http://irail.be/vehicle/IC727,http://irail.be/stations/NMBS/008822137,IC,2018-11-18T06:55:00,2018-11-18T06:55:00,193,193
http://irail.be/vehicle/IC727,http://irail.be/stations/NMBS/008822111,IC,2018-11-18T06:58:00,2018-11-18T06:58:00,193,193
http://irail.be/vehicle/IC727,http://irail.be/stations/NMBS/008822053,IC,2018-11-18T07:01:00,2018-11-18T07:01:00,175,175
http://irail.be/vehicle/IC727,http://irail.be/stations/NMBS/008822004,IC,2018-11-18T07:10:00,2018-11-18T07:08:00,186,149
http://irail.be/vehicle/IC727,http://irail.be/stations/NMBS/008822343,IC,2018-11-18T07:11:00,2018-11-18T07:11:00,186,186
http://irail.be/vehicle/IC727,http://irail.be/stations/NMBS/008822228,IC,2018-11-18T07:14:00,2018-11-18T07:14:00,123,123
http://irail.be/vehicle/IC727,http://irail.be/stations/NMBS/008822210,IC,2018-11-18T07:16:00,2018-11-18T07:16:00,123,123
http://irail.be/vehicle/IC727,http://irail.be/stations/NMBS/008821311,IC,2018-11-18T07:20:00,2018-11-18T07:20:00,111,111
http://irail.be/vehicle/IC727,http://irail.be/stations/NMBS/008821337,IC,2018-11-18T07:22:00,2018-11-18T07:22:00,68,68
http://irail.be/vehicle/IC727,http://irail.be/stations/NMBS/008821246,IC,2018-11-18T07:24:00,2018-11-18T07:24:00,56,56
http://irail.be/vehicle/IC727,http://irail.be/stations/NMBS/008821147,IC,2018-11-18T07:25:00,2018-11-18T07:25:00,126,126
http://irail.be/vehicle/IC727,http://irail.be/stations/NMBS/008821121,IC,2018-11-18T07:29:00,2018-11-18T07:28:00,91,91
http://irail.be/vehicle/IC727,http://irail.be/stations/NMBS/008821006,IC,2018-11-18T07:33:00,2018-11-18T07:33:00,,133
http://irail.be/vehicle/IC727,http://irail.be/stations/NMBS/008896735,IC,2018-02-21T05:08:00,2018-02-21T05:08:00,55,
http://irail.be/vehicle/IC727,http://irail.be/stations/NMBS/008896503,IC,2018-02-21T05:16:00,2018-02-21T05:15:00,50,36
http://irail.be/vehicle/IC727,http://irail.be/stations/NMBS/008896412,IC,2018-02-21T05:26:00,2018-02-21T05:25:00,-5,11
http://irail.be/vehicle/IC727,http://irail.be/stations/NMBS/008896396,IC,2018-02-21T05:30:00,2018-02-21T05:29:00,-5,-5
http://irail.be/vehicle/IC727,http://irail.be/stations/NMBS/008896305,IC,2018-02-21T05:35:00,2018-02-21T05:34:00,-20,-5
http://irail.be/vehicle/IC727,http://irail.be/stations/NMBS/008896370,IC,2018-02-21T05:40:00,2018-02-21T05:40:00,-20,-20
http://irail.be/vehicle/IC727,http://irail.be/stations/NMBS/008896388,IC,2018-02-21T05:44:00,2018-02-21T05:44:00,-26,-26
http://irail.be/vehicle/IC727,http://irail.be/stations/NMBS/008896008,IC,2018-02-21T05:57:00,2018-02-21T05:50:00,32,-55
http://irail.be/vehicle/IC727,http://irail.be/stations/NMBS/008896115,IC,2018-02-21T06:01:00,2018-02-21T06:01:00,76,76
http://irail.be/vehicle/IC727,http://irail.be/stations/NMBS/008896149,IC,2018-02-21T06:06:00,2018-02-21T06:05:00,301,237
http://irail.be/vehicle/IC727,http://irail.be/stations/NMBS/008892106,IC,2018-02-21T06:15:00,2018-02-21T06:15:00,283,283
http://irail.be/vehicle/IC727,NO-URI,IC,2018-02-21T06:15:00,2018-02-21T06:15:00,485,485
http://irail.be/vehicle/IC727,http://irail.be/stations/NMBS/008892080,IC,2018-02-21T06:18:00,2018-02-21T06:18:00,502,502
http://irail.be/vehicle/IC727,http://irail.be/stations/NMBS/008892007,IC,2018-02-21T06:27:00,2018-02-21T06:24:00,347,453
http://irail.be/vehicle/IC727,NO-URI,IC,2018-02-21T06:31:00,2018-02-21T06:31:00,357,357
http://irail.be/vehicle/IC727,http://irail.be/stations/NMBS/008893179,IC,2018-02-21T06:32:00,2018-02-21T06:32:00,146,146
http://irail.be/vehicle/IC727,http://irail.be/stations/NMBS/008893120,IC,2018-02-21T06:36:00,2018-02-21T06:35:00,146,146
http://irail.be/vehicle/IC727,http://irail.be/stations/NMBS/008894151,IC,2018-02-21T06:43:00,2018-02-21T06:43:00,236,236
http://irail.be/vehicle/IC727,http://irail.be/stations/NMBS/008894201,IC,2018-02-21T06:50:00,2018-02-21T06:48:00,293,273
http://irail.be/vehicle/IC727,NO-URI,IC,2018-02-21T06:52:00,2018-02-21T06:52:00,274,274
http://irail.be/vehicle/IC727,http://irail.be/stations/NMBS/008894425,IC,2018-02-21T06:54:00,2018-02-21T06:54:00,275,275
http://irail.be/vehicle/IC727,http://irail.be/stations/NMBS/008894433,IC,2018-02-21T06:55:00,2018-02-21T06:55:00,263,263
http://irail.be/vehicle/IC727,http://irail.be/stations/NMBS/008894508,IC,2018-02-21T07:00:00,2018-02-21T06:58:00,200,245
http://irail.be/vehicle/IC727,NO-URI,IC,2018-02-21T07:02:00,2018-02-21T07:02:00,186,186
http://irail.be/vehicle/IC727,http://irail.be/stations/NMBS/008894714,IC,2018-02-21T07:03:00,2018-02-21T07:03:00,167,167
http://irail.be/vehicle/IC727,http://irail.be/stations/NMBS/008894748,IC,2018-02-21T07:06:00,2018-02-21T07:06:00,130,130
http://irail.be/vehicle/IC727,http://irail.be/stations/NMBS/008894755,IC,2018-02-21T07:07:00,2018-02-21T07:07:00,121,121
http://irail.be/vehicle/IC727,http://irail.be/stations/NMBS/008894821,IC,2018-02-21T07:08:00,2018-02-21T07:08:00,139,139
http://irail.be/vehicle/IC727,NO-URI,IC,2018-02-21T07:09:00,2018-02-21T07:09:00,139,139
http://irail.be/vehicle/IC727,http://irail.be/stations/NMBS/008821196,IC,2018-02-21T07:12:00,2018-02-21T07:12:00,115,115
http://irail.be/vehicle/IC727,http://irail.be/stations/NMBS/008821121,IC,2018-02-21T07:19:00,2018-02-21T07:17:00,71,118
http://irail.be/vehicle/IC727,http://irail.be/stations/NMBS/008821006,IC,2018-02-21T07:23:00,2018-02-21T07:23:00,,75
http://irail.be/vehicle/IC727,http://irail.be/stations/NMBS/008896735,IC,2018-11-07T05:08:00,2018-11-07T05:08:00,59,
http://irail.be/vehicle/IC727,http://irail.be/stations/NMBS/008896503,IC,2018-11-07T05:16:00,2018-11-07T05:15:00,37,46
http://irail.be/vehicle/IC727,http://irail.be/stations/NMBS/008896412,IC,2018-11-07T05:26:00,2018-11-07T05:25:00,85,25
http://irail.be/vehicle/IC727,http://irail.be/stations/NMBS/008896396,IC,2018-11-07T05:30:00,2018-11-07T05:29:00,85,85
http://irail.be/vehicle/IC727,http://irail.be/stations/NMBS/008896305,IC,2018-11-07T05:35:00,2018-11-07T05:34:00,93,85
http://irail.be/vehicle/IC727,http://irail.be/stations/NMBS/008896370,IC,2018-11-07T05:40:00,2018-11-07T05:39:00,65,93
http://irail.be/vehicle/IC727,http://irail.be/stations/NMBS/008896388,IC,2018-11-07T05:45:00,2018-11-07T05:44:00,65,65
http://irail.be/vehicle/IC727,http://irail.be/stations/NMBS/008896008,IC,2018-11-07T05:58:00,2018-11-07T05:50:00,60,32
http://irail.be/vehicle/IC727,http://irail.be/stations/NMBS/008896115,IC,2018-11-07T06:02:00,2018-11-07T06:02:00,69,69
http://irail.be/vehicle/IC727,http://irail.be/stations/NMBS/008896149,IC,2018-11-07T06:08:00,2018-11-07T06:07:00,23,33
http://irail.be/vehicle/IC727,http://irail.be/stations/NMBS/008892106,IC,2018-11-07T06:15:00,2018-11-07T06:15:00,-22,-22
http://irail.be/vehicle/IC727,NO-URI,IC,2018-11-07T06:15:00,2018-11-07T06:15:00,156,156
http://irail.be/vehicle/IC727,http://irail.be/stations/NMBS/008892080,IC,2018-11-07T06:18:00,2018-11-07T06:18:00,190,190
http://irail.be/vehicle/IC727,http://irail.be/stations/NMBS/008892007,IC,2018-11-07T06:27:00,2018-11-07T06:24:00,83,179
http://irail.be/vehicle/IC727,NO-URI,IC,2018-11-07T06:31:00,2018-11-07T06:31:00,128,128
http://irail.be/vehicle/IC727,http://irail.be/stations/NMBS/008893179,IC,2018-11-07T06:32:00,2018-11-07T06:32:00,112,112
http://irail.be/vehicle/IC727,http://irail.be/stations/NMBS/008893120,IC,2018-11-07T06:36:00,2018-11-07T06:35:00,92,7
http://irail.be/vehicle/IC727,http://irail.be/stations/NMBS/008894151,IC,2018-11-07T06:43:00,2018-11-07T06:43:00,82,82
http://irail.be/vehicle/IC727,http://irail.be/stations/NMBS/008894201,IC,2018-11-07T06:50:00,2018-11-07T06:48:00,70,41
http://irail.be/vehicle/IC727,NO-URI,IC,2018-11-07T06:52:00,2018-11-07T06:52:00,62,62
http://irail.be/vehicle/IC727,http://irail.be/stations/NMBS/008894425,IC,2018-11-07T06:54:00,2018-11-07T06:54:00,75,75
http://irail.be/vehicle/IC727,http://irail.be/stations/NMBS/008894433,IC,2018-11-07T06:55:00,2018-11-07T06:55:00,63,63
http://irail.be/vehicle/IC727,http://irail.be/stations/NMBS/008894508,IC,2018-11-07T07:00:00,2018-11-07T06:58:00,15,50
http://irail.be/vehicle/IC727,NO-URI,IC,2018-11-07T07:02:00,2018-11-07T07:02:00,61,61
http://irail.be/vehicle/IC727,http://irail.be/stations/NMBS/008894714,IC,2018-11-07T07:03:00,2018-11-07T07:03:00,54,54
http://irail.be/vehicle/IC727,http://irail.be/stations/NMBS/008894748,IC,2018-11-07T07:06:00,2018-11-07T07:06:00,27,27
http://irail.be/vehicle/IC727,http://irail.be/stations/NMBS/008894755,IC,2018-11-07T07:07:00,2018-11-07T07:07:00,85,85
http://irail.be/vehicle/IC727,http://irail.be/stations/NMBS/008894821,IC,2018-11-07T07:08:00,2018-11-07T07:08:00,171,171
http://irail.be/vehicle/IC727,http://irail.be/stations/NMBS/008821196,IC,2018-11-07T07:12:00,2018-11-07T07:12:00,138,138
http://irail.be/vehicle/IC727,http://irail.be/stations/NMBS/008821121,IC,2018-11-07T07:19:00,2018-11-07T07:17:00,89,88
http://irail.be/vehicle/IC727,http://irail.be/stations/NMBS/008821006,IC,2018-11-07T07:23:00,2018-11-07T07:23:00,,107
http://irail.be/vehicle/IC727,http://irail.be/stations/NMBS/008896735,IC,2018-06-17T05:08:00,2018-06-17T05:08:00,60,
http://irail.be/vehicle/IC727,http://irail.be/stations/NMBS/008896503,IC,2018-06-17T05:16:00,2018-06-17T05:15:00,36,22
http://irail.be/vehicle/IC727,http://irail.be/stations/NMBS/008896412,IC,2018-06-17T05:26:00,2018-06-17T05:25:00,-3,0
http://irail.be/vehicle/IC727,http://irail.be/stations/NMBS/008896396,IC,2018-06-17T05:30:00,2018-06-17T05:29:00,-3,-3
http://irail.be/vehicle/IC727,http://irail.be/stations/NMBS/008896305,IC,2018-06-17T05:35:00,2018-06-17T05:34:00,-9,-3
http://irail.be/vehicle/IC727,http://irail.be/stations/NMBS/008896370,IC,2018-06-17T05:40:00,2018-06-17T05:39:00,-5,-9
http://irail.be/vehicle/IC727,http://irail.be/stations/NMBS/008896388,IC,2018-06-17T05:45:00,2018-06-17T05:44:00,-5,-5
http://irail.be/vehicle/IC727,http://irail.be/stations/NMBS/008896008,IC,2018-06-17T05:58:00,2018-06-17T05:50:00,28,2
http://irail.be/vehicle/IC727,http://irail.be/stations/NMBS/008896115,IC,2018-06-17T06:02:00,2018-06-17T06:02:00,-14,-14
http://irail.be/vehicle/IC727,http://irail.be/stations/NMBS/008896149,IC,2018-06-17T06:08:00,2018-06-17T06:07:00,-19,-60
http://irail.be/vehicle/IC727,http://irail.be/stations/NMBS/008892106,IC,2018-06-17T06:15:00,2018-06-17T06:15:00,-84,-84
http://irail.be/vehicle/IC727,NO-URI,IC,2018-06-17T06:15:00,2018-06-17T06:15:00,-51,-51
http://irail.be/vehicle/IC727,http://irail.be/stations/NMBS/008892080,IC,2018-06-17T06:18:00,2018-06-17T06:18:00,-79,-79
http://irail.be/vehicle/IC727,http://irail.be/stations/NMBS/008892007,IC,2018-06-17T06:27:00,2018-06-17T06:24:00,22,-109
http://irail.be/vehicle/IC727,NO-URI,IC,2018-06-17T06:31:00,2018-06-17T06:31:00,56,56
http://irail.be/vehicle/IC727,http://irail.be/stations/NMBS/008893179,IC,2018-06-17T06:32:00,2018-06-17T06:32:00,-157,-157
http://irail.be/vehicle/IC727,http://irail.be/stations/NMBS/008893120,IC,2018-06-17T06:36:00,2018-06-17T06:35:00,22,-157
http://irail.be/vehicle/IC727,http://irail.be/stations/NMBS/008894151,IC,2018-06-17T06:43:00,2018-06-17T06:43:00,82,82
http://irail.be/vehicle/IC727,http://irail.be/stations/NMBS/008894201,IC,2018-06-17T06:50:00,2018-06-17T06:48:00,2,37
http://irail.be/vehicle/IC727,NO-URI,IC,2018-06-17T06:52:00,2018-06-17T06:52:00,-10,-10
http://irail.be/vehicle/IC727,http://irail.be/stations/NMBS/008894425,IC,2018-06-17T06:54:00,2018-06-17T06:54:00,-11,-11
http://irail.be/vehicle/IC727,http://irail.be/stations/NMBS/008894433,IC,2018-06-17T06:55:00,2018-06-17T06:55:00,-22,-22
http://irail.be/vehicle/IC727,http://irail.be/stations/NMBS/008894508,IC,2018-06-17T07:00:00,2018-06-17T06:58:00,4,-36
http://irail.be/vehicle/IC727,NO-URI,IC,2018-06-17T07:02:00,2018-06-17T07:02:00,-4,-4
http://irail.be/vehicle/IC727,http://irail.be/stations/NMBS/008894714,IC,2018-06-17T07:03:00,2018-06-17T07:03:00,-22,-22
http://irail.be/vehicle/IC727,http://irail.be/stations/NMBS/008894748,IC,2018-06-17T07:06:00,2018-06-17T07:06:00,-61,-61
http://irail.be/vehicle/IC727,http://irail.be/stations/NMBS/008894755,IC,2018-06-17T07:07:00,2018-06-17T07:07:00,-67,-67
http://irail.be/vehicle/IC727,http://irail.be/stations/NMBS/008894821,IC,2018-06-17T07:08:00,2018-06-17T07:08:00,-49,-49
http://irail.be/vehicle/IC727,http://irail.be/stations/NMBS/008821196,IC,2018-06-17T07:12:00,2018-06-17T07:12:00,-87,-87
http://irail.be/vehicle/IC727,http://irail.be/stations/NMBS/008821121,IC,2018-06-17T07:19:00,2018-06-17T07:17:00,-13,-152
http://irail.be/vehicle/IC727,http://irail.be/stations/NMBS/008821006,IC,2018-06-17T07:23:00,2018-06-17T07:23:00,,-36
http://irail.be/vehicle/IC727,http://irail.be/stations/NMBS/008896735,IC,2018-05-16T05:08:00,2018-05-16T05:08:00,60,
http://irail.be/vehicle/IC727,http://irail.be/stations/NMBS/008896503,IC,2018-05-16T05:16:00,2018-05-16T05:15:00,39,25
http://irail.be/vehicle/IC727,http://irail.be/stations/NMBS/008896412,IC,2018-05-16T05:26:00,2018-05-16T05:25:00,-7,-19
http://irail.be/vehicle/IC727,http://irail.be/stations/NMBS/008896396,IC,2018-05-16T05:30:00,2018-05-16T05:29:00,-7,-7
http://irail.be/vehicle/IC727,http://irail.be/stations/NMBS/008896305,IC,2018-05-16T05:35:00,2018-05-16T05:34:00,-29,-7
http://irail.be/vehicle/IC727,http://irail.be/stations/NMBS/008896370,IC,2018-05-16T05:40:00,2018-05-16T05:40:00,-29,-29
http://irail.be/vehicle/IC727,http://irail.be/stations/NMBS/008896388,IC,2018-05-16T05:44:00,2018-05-16T05:44:00,-31,-31
http://irail.be/vehicle/IC727,http://irail.be/stations/NMBS/008896008,IC,2018-05-16T05:57:00,2018-05-16T05:50:00,82,-127
http://irail.be/vehicle/IC727,http://irail.be/stations/NMBS/008896115,IC,2018-05-16T06:01:00,2018-05-16T06:01:00,96,96
http://irail.be/vehicle/IC727,http://irail.be/stations/NMBS/008896149,IC,2018-05-16T06:06:00,2018-05-16T06:05:00,64,100
http://irail.be/vehicle/IC727,http://irail.be/stations/NMBS/008892106,IC,2018-05-16T06:15:00,2018-05-16T06:15:00,-95,-95
http://irail.be/vehicle/IC727,NO-URI,IC,2018-05-16T06:15:00,2018-05-16T06:15:00,75,75
http://irail.be/vehicle/IC727,http://irail.be/stations/NMBS/008892080,IC,2018-05-16T06:18:00,2018-05-16T06:18:00,98,98
http://irail.be/vehicle/IC727,http://irail.be/stations/NMBS/008892007,IC,2018-05-16T06:27:00,2018-05-16T06:24:00,41,109
http://irail.be/vehicle/IC727,NO-URI,IC,2018-05-16T06:31:00,2018-05-16T06:31:00,63,63
http://irail.be/vehicle/IC727,http://irail.be/stations/NMBS/008893179,IC,2018-05-16T06:32:00,2018-05-16T06:32:00,-137,-137
http://irail.be/vehicle/IC727,http://irail.be/stations/NMBS/008893120,IC,2018-05-16T06:36:00,2018-05-16T06:35:00,52,-137
http://irail.be/vehicle/IC727,http://irail.be/stations/NMBS/008894151,IC,2018-05-16T06:43:00,2018-05-16T06:43:00,121,121
http://irail.be/vehicle/IC727,http://irail.be/stations/NMBS/008894201,IC,2018-05-16T06:50:00,2018-05-16T06:48:00,12,72
http://irail.be/vehicle/IC727,NO-URI,IC,2018-05-16T06:52:00,2018-05-16T06:52:00,0,0
http://irail.be/vehicle/IC727,http://irail.be/stations/NMBS/008894425,IC,2018-05-16T06:54:00,2018-05-16T06:54:00,-1,-1
http://irail.be/vehicle/IC727,http://irail.be/stations/NMBS/008894433,IC,2018-05-16T06:55:00,2018-05-16T06:55:00,-7,-7
http://irail.be/vehicle/IC727,http://irail.be/stations/NMBS/008894508,IC,2018-05-16T07:00:00,2018-05-16T06:58:00,12,-5
http://irail.be/vehicle/IC727,NO-URI,IC,2018-05-16T07:02:00,2018-05-16T07:02:00,20,20
http://irail.be/vehicle/IC727,http://irail.be/stations/NMBS/008894714,IC,2018-05-16T07:03:00,2018-05-16T07:03:00,8,8
http://irail.be/vehicle/IC727,http://irail.be/stations/NMBS/008894748,IC,2018-05-16T07:06:00,2018-05-16T07:06:00,-20,-20
http://irail.be/vehicle/IC727,http://irail.be/stations/NMBS/008894755,IC,2018-05-16T07:07:00,2018-05-16T07:07:00,-20,-20
http://irail.be/vehicle/IC727,http://irail.be/stations/NMBS/008894821,IC,2018-05-16T07:08:00,2018-05-16T07:08:00,13,13
http://irail.be/vehicle/IC727,NO-URI,IC,2018-05-16T07:09:00,2018-05-16T07:09:00,13,13
http://irail.be/vehicle/IC727,http://irail.be/stations/NMBS/008821196,IC,2018-05-16T07:12:00,2018-05-16T07:12:00,-21,-21
http://irail.be/vehicle/IC727,http://irail.be/stations/NMBS/008821121,IC,2018-05-16T07:19:00,2018-05-16T07:17:00,20,-38
http://irail.be/vehicle/IC727,http://irail.be/stations/NMBS/008821006,IC,2018-05-16T07:23:00,2018-05-16T07:23:00,,-7
http://irail.be/vehicle/IC727,http://irail.be/stations/NMBS/008896735,IC,2018-04-06T05:08:00,2018-04-06T05:08:00,48,
http://irail.be/vehicle/IC727,http://irail.be/stations/NMBS/008896503,IC,2018-04-06T05:16:00,2018-04-06T05:15:00,62,41
http://irail.be/vehicle/IC727,http://irail.be/stations/NMBS/008896412,IC,2018-04-06T05:26:00,2018-04-06T05:25:00,87,45
http://irail.be/vehicle/IC727,http://irail.be/stations/NMBS/008896396,IC,2018-04-06T05:30:00,2018-04-06T05:29:00,87,87
http://irail.be/vehicle/IC727,http://irail.be/stations/NMBS/008896305,IC,2018-04-06T05:35:00,2018-04-06T05:34:00,80,87
http://irail.be/vehicle/IC727,http://irail.be/stations/NMBS/008896370,IC,2018-04-06T05:40:00,2018-04-06T05:40:00,84,80
http://irail.be/vehicle/IC727,http://irail.be/stations/NMBS/008896388,IC,2018-04-06T05:44:00,2018-04-06T05:44:00,84,84
http://irail.be/vehicle/IC727,http://irail.be/stations/NMBS/008896008,IC,2018-04-06T05:57:00,2018-04-06T05:50:00,33,33
http://irail.be/vehicle/IC727,http://irail.be/stations/NMBS/008896115,IC,2018-04-06T06:01:00,2018-04-06T06:01:00,85,85
http://irail.be/vehicle/IC727,http://irail.be/stations/NMBS/008896149,IC,2018-04-06T06:06:00,2018-04-06T06:05:00,63,88
http://irail.be/vehicle/IC727,http://irail.be/stations/NMBS/008892106,IC,2018-04-06T06:15:00,2018-04-06T06:15:00,-85,-85
http://irail.be/vehicle/IC727,NO-URI,IC,2018-04-06T06:15:00,2018-04-06T06:15:00,-67,-67
http://irail.be/vehicle/IC727,http://irail.be/stations/NMBS/008892080,IC,2018-04-06T06:18:00,2018-04-06T06:18:00,-88,-88
http://irail.be/vehicle/IC727,http://irail.be/stations/NMBS/008892007,IC,2018-04-06T06:27:00,2018-04-06T06:24:00,19,-66
http://irail.be/vehicle/IC727,NO-URI,IC,2018-04-06T06:31:00,2018-04-06T06:31:00,48,48
http://irail.be/vehicle/IC727,http://irail.be/stations/NMBS/008893179,IC,2018-04-06T06:32:00,2018-04-06T06:32:00,-157,-157
http://irail.be/vehicle/IC727,http://irail.be/stations/NMBS/008893120,IC,2018-04-06T06:36:00,2018-04-06T06:35:00,-157,-157
http://irail.be/vehicle/IC727,http://irail.be/stations/NMBS/008894151,IC,2018-04-06T06:43:00,2018-04-06T06:43:00,29,29
http://irail.be/vehicle/IC727,http://irail.be/stations/NMBS/008894201,IC,2018-04-06T06:50:00,2018-04-06T06:48:00,14,-13
http://irail.be/vehicle/IC727,NO-URI,IC,2018-04-06T06:52:00,2018-04-06T06:52:00,7,7
http://irail.be/vehicle/IC727,http://irail.be/stations/NMBS/008894425,IC,2018-04-06T06:54:00,2018-04-06T06:54:00,13,13
http://irail.be/vehicle/IC727,http://irail.be/stations/NMBS/008894433,IC,2018-04-06T06:55:00,2018-04-06T06:55:00,3,3
http://irail.be/vehicle/IC727,http://irail.be/stations/NMBS/008894508,IC,2018-04-06T07:00:00,2018-04-06T06:58:00,10,-13
http://irail.be/vehicle/IC727,NO-URI,IC,2018-04-06T07:02:00,2018-04-06T07:02:00,26,26
http://irail.be/vehicle/IC727,http://irail.be/stations/NMBS/008894714,IC,2018-04-06T07:03:00,2018-04-06T07:03:00,10,10
http://irail.be/vehicle/IC727,http://irail.be/stations/NMBS/008894748,IC,2018-04-06T07:06:00,2018-04-06T07:06:00,-21,-21
http://irail.be/vehicle/IC727,http://irail.be/stations/NMBS/008894755,IC,2018-04-06T07:07:00,2018-04-06T07:07:00,-29,-29
http://irail.be/vehicle/IC727,http://irail.be/stations/NMBS/008894821,IC,2018-04-06T07:08:00,2018-04-06T07:08:00,-7,-7
http://irail.be/vehicle/IC727,NO-URI,IC,2018-04-06T07:09:00,2018-04-06T07:09:00,-7,-7
http://irail.be/vehicle/IC727,http://irail.be/stations/NMBS/008821196,IC,2018-04-06T07:12:00,2018-04-06T07:12:00,-37,-37
http://irail.be/vehicle/IC727,http://irail.be/stations/NMBS/008821121,IC,2018-04-06T07:19:00,2018-04-06T07:17:00,8,-29
http://irail.be/vehicle/IC727,http://irail.be/stations/NMBS/008821006,IC,2018-04-06T07:23:00,2018-04-06T07:23:00,,23
http://irail.be/vehicle/IC727,http://irail.be/stations/NMBS/008896735,IC,2018-02-16T05:08:00,2018-02-16T05:08:00,71,
http://irail.be/vehicle/IC727,http://irail.be/stations/NMBS/008896503,IC,2018-02-16T05:16:00,2018-02-16T05:15:00,29,37
http://irail.be/vehicle/IC727,http://irail.be/stations/NMBS/008896412,IC,2018-02-16T05:26:00,2018-02-16T05:25:00,4,-10
http://irail.be/vehicle/IC727,http://irail.be/stations/NMBS/008896396,IC,2018-02-16T05:30:00,2018-02-16T05:29:00,4,4
http://irail.be/vehicle/IC727,http://irail.be/stations/NMBS/008896305,IC,2018-02-16T05:35:00,2018-02-16T05:34:00,14,4
http://irail.be/vehicle/IC727,http://irail.be/stations/NMBS/008896370,IC,2018-02-16T05:40:00,2018-02-16T05:40:00,14,14
http://irail.be/vehicle/IC727,http://irail.be/stations/NMBS/008896388,IC,2018-02-16T05:44:00,2018-02-16T05:44:00,13,13
http://irail.be/vehicle/IC727,http://irail.be/stations/NMBS/008896008,IC,2018-02-16T05:57:00,2018-02-16T05:50:00,37,-41
http://irail.be/vehicle/IC727,http://irail.be/stations/NMBS/008896115,IC,2018-02-16T06:01:00,2018-02-16T06:01:00,74,74
http://irail.be/vehicle/IC727,http://irail.be/stations/NMBS/008896149,IC,2018-02-16T06:06:00,2018-02-16T06:05:00,90,107
http://irail.be/vehicle/IC727,http://irail.be/stations/NMBS/008892106,IC,2018-02-16T06:15:00,2018-02-16T06:15:00,-52,-52
http://irail.be/vehicle/IC727,NO-URI,IC,2018-02-16T06:15:00,2018-02-16T06:15:00,-1,-1
http://irail.be/vehicle/IC727,http://irail.be/stations/NMBS/008892080,IC,2018-02-16T06:18:00,2018-02-16T06:18:00,-3,-3
http://irail.be/vehicle/IC727,http://irail.be/stations/NMBS/008892007,IC,2018-02-16T06:27:00,2018-02-16T06:24:00,61,9
http://irail.be/vehicle/IC727,NO-URI,IC,2018-02-16T06:31:00,2018-02-16T06:31:00,271,271
http://irail.be/vehicle/IC727,http://irail.be/stations/NMBS/008893179,IC,2018-02-16T06:32:00,2018-02-16T06:32:00,204,204
http://irail.be/vehicle/IC727,http://irail.be/stations/NMBS/008893120,IC,2018-02-16T06:36:00,2018-02-16T06:35:00,204,204
http://irail.be/vehicle/IC727,http://irail.be/stations/NMBS/008894151,IC,2018-02-16T06:43:00,2018-02-16T06:43:00,377,377
http://irail.be/vehicle/IC727,http://irail.be/stations/NMBS/008894201,IC,2018-02-16T06:50:00,2018-02-16T06:48:00,265,321
http://irail.be/vehicle/IC727,NO-URI,IC,2018-02-16T06:52:00,2018-02-16T06:52:00,249,249
http://irail.be/vehicle/IC727,http://irail.be/stations/NMBS/008894425,IC,2018-02-16T06:54:00,2018-02-16T06:54:00,252,252
http://irail.be/vehicle/IC727,http://irail.be/stations/NMBS/008894433,IC,2018-02-16T06:55:00,2018-02-16T06:55:00,241,241
http://irail.be/vehicle/IC727,http://irail.be/stations/NMBS/008894508,IC,2018-02-16T07:00:00,2018-02-16T06:58:00,166,218
http://irail.be/vehicle/IC727,NO-URI,IC,2018-02-16T07:02:00,2018-02-16T07:02:00,158,158
http://irail.be/vehicle/IC727,http://irail.be/stations/NMBS/008894714,IC,2018-02-16T07:03:00,2018-02-16T07:03:00,141,141
http://irail.be/vehicle/IC727,http://irail.be/stations/NMBS/008894748,IC,2018-02-16T07:06:00,2018-02-16T07:06:00,103,103
http://irail.be/vehicle/IC727,http://irail.be/stations/NMBS/008894755,IC,2018-02-16T07:07:00,2018-02-16T07:07:00,96,96
http://irail.be/vehicle/IC727,http://irail.be/stations/NMBS/008894821,IC,2018-02-16T07:08:00,2018-02-16T07:08:00,114,114
http://irail.be/vehicle/IC727,NO-URI,IC,2018-02-16T07:09:00,2018-02-16T07:09:00,114,114
http://irail.be/vehicle/IC727,http://irail.be/stations/NMBS/008821196,IC,2018-02-16T07:12:00,2018-02-16T07:12:00,65,65
http://irail.be/vehicle/IC727,http://irail.be/stations/NMBS/008821121,IC,2018-02-16T07:19:00,2018-02-16T07:17:00,59,12
http://irail.be/vehicle/IC727,http://irail.be/stations/NMBS/008821006,IC,2018-02-16T07:23:00,2018-02-16T07:23:00,,92
http://irail.be/vehicle/IC727,http://irail.be/stations/NMBS/008896735,IC,2018-01-16T05:08:00,2018-01-16T05:08:00,105,
http://irail.be/vehicle/IC727,http://irail.be/stations/NMBS/008896503,IC,2018-01-16T05:16:00,2018-01-16T05:15:00,104,85
http://irail.be/vehicle/IC727,http://irail.be/stations/NMBS/008896412,IC,2018-01-16T05:26:00,2018-01-16T05:25:00,76,72
http://irail.be/vehicle/IC727,http://irail.be/stations/NMBS/008896396,IC,2018-01-16T05:30:00,2018-01-16T05:29:00,76,76
http://irail.be/vehicle/IC727,http://irail.be/stations/NMBS/008896305,IC,2018-01-16T05:35:00,2018-01-16T05:34:00,74,76
http://irail.be/vehicle/IC727,http://irail.be/stations/NMBS/008896370,IC,2018-01-16T05:40:00,2018-01-16T05:40:00,94,74
http://irail.be/vehicle/IC727,http://irail.be/stations/NMBS/008896388,IC,2018-01-16T05:44:00,2018-01-16T05:44:00,94,94
http://irail.be/vehicle/IC727,http://irail.be/stations/NMBS/008896008,IC,2018-01-16T05:57:00,2018-01-16T05:50:00,31,37
http://irail.be/vehicle/IC727,http://irail.be/stations/NMBS/008896115,IC,2018-01-16T06:01:00,2018-01-16T06:01:00,113,113
http://irail.be/vehicle/IC727,http://irail.be/stations/NMBS/008896149,IC,2018-01-16T06:06:00,2018-01-16T06:05:00,163,155
http://irail.be/vehicle/IC727,http://irail.be/stations/NMBS/008892106,IC,2018-01-16T06:15:00,2018-01-16T06:15:00,19,19
http://irail.be/vehicle/IC727,NO-URI,IC,2018-01-16T06:15:00,2018-01-16T06:15:00,37,37
http://irail.be/vehicle/IC727,http://irail.be/stations/NMBS/008892080,IC,2018-01-16T06:18:00,2018-01-16T06:18:00,15,15
http://irail.be/vehicle/IC727,http://irail.be/stations/NMBS/008892007,IC,2018-01-16T06:27:00,2018-01-16T06:24:00,20,-9
http://irail.be/vehicle/IC727,NO-URI,IC,2018-01-16T06:31:00,2018-01-16T06:31:00,54,54
http://irail.be/vehicle/IC727,http://irail.be/stations/NMBS/008893179,IC,2018-01-16T06:32:00,2018-01-16T06:32:00,-151,-151
http://irail.be/vehicle/IC727,http://irail.be/stations/NMBS/008893120,IC,2018-01-16T06:36:00,2018-01-16T06:35:00,-151,-151
http://irail.be/vehicle/IC727,http://irail.be/stations/NMBS/008894151,IC,2018-01-16T06:43:00,2018-01-16T06:43:00,41,41
http://irail.be/vehicle/IC727,http://irail.be/stations/NMBS/008894201,IC,2018-01-16T06:50:00,2018-01-16T06:48:00,14,-6
http://irail.be/vehicle/IC727,NO-URI,IC,2018-01-16T06:52:00,2018-01-16T06:52:00,12,12
http://irail.be/vehicle/IC727,http://irail.be/stations/NMBS/008894425,IC,2018-01-16T06:54:00,2018-01-16T06:54:00,20,20
http://irail.be/vehicle/IC727,http://irail.be/stations/NMBS/008894433,IC,2018-01-16T06:55:00,2018-01-16T06:55:00,8,8
http://irail.be/vehicle/IC727,http://irail.be/stations/NMBS/008894508,IC,2018-01-16T07:00:00,2018-01-16T06:58:00,9,-6
http://irail.be/vehicle/IC727,NO-URI,IC,2018-01-16T07:02:00,2018-01-16T07:02:00,33,33
http://irail.be/vehicle/IC727,http://irail.be/stations/NMBS/008894714,IC,2018-01-16T07:03:00,2018-01-16T07:03:00,18,18
http://irail.be/vehicle/IC727,http://irail.be/stations/NMBS/008894748,IC,2018-01-16T07:06:00,2018-01-16T07:06:00,-13,-13
http://irail.be/vehicle/IC727,http://irail.be/stations/NMBS/008894755,IC,2018-01-16T07:07:00,2018-01-16T07:07:00,-20,-20
http://irail.be/vehicle/IC727,http://irail.be/stations/NMBS/008894821,IC,2018-01-16T07:08:00,2018-01-16T07:08:00,-1,-1
http://irail.be/vehicle/IC727,NO-URI,IC,2018-01-16T07:09:00,2018-01-16T07:09:00,-1,-1
http://irail.be/vehicle/IC727,http://irail.be/stations/NMBS/008821196,IC,2018-01-16T07:12:00,2018-01-16T07:12:00,-39,-39
http://irail.be/vehicle/IC727,http://irail.be/stations/NMBS/008821121,IC,2018-01-16T07:19:00,2018-01-16T07:17:00,35,-44
http://irail.be/vehicle/IC727,http://irail.be/stations/NMBS/008821006,IC,2018-01-16T07:23:00,2018-01-16T07:23:00,,12
http://irail.be/vehicle/IC727,http://irail.be/stations/NMBS/008896735,IC,2018-08-07T05:08:00,2018-08-07T05:08:00,41,
http://irail.be/vehicle/IC727,http://irail.be/stations/NMBS/008896503,IC,2018-08-07T05:16:00,2018-08-07T05:15:00,1,3
http://irail.be/vehicle/IC727,http://irail.be/stations/NMBS/008896412,IC,2018-08-07T05:26:00,2018-08-07T05:25:00,-22,-57
http://irail.be/vehicle/IC727,http://irail.be/stations/NMBS/008896396,IC,2018-08-07T05:30:00,2018-08-07T05:29:00,-22,-22
http://irail.be/vehicle/IC727,http://irail.be/stations/NMBS/008896305,IC,2018-08-07T05:35:00,2018-08-07T05:34:00,-22,-22
http://irail.be/vehicle/IC727,http://irail.be/stations/NMBS/008896370,IC,2018-08-07T05:40:00,2018-08-07T05:39:00,-25,-22
http://irail.be/vehicle/IC727,http://irail.be/stations/NMBS/008896388,IC,2018-08-07T05:45:00,2018-08-07T05:44:00,-25,-25
http://irail.be/vehicle/IC727,http://irail.be/stations/NMBS/008896008,IC,2018-08-07T05:58:00,2018-08-07T05:50:00,39,-8
http://irail.be/vehicle/IC727,http://irail.be/stations/NMBS/008896115,IC,2018-08-07T06:02:00,2018-08-07T06:02:00,64,64
http://irail.be/vehicle/IC727,http://irail.be/stations/NMBS/008896149,IC,2018-08-07T06:08:00,2018-08-07T06:07:00,32,48
http://irail.be/vehicle/IC727,http://irail.be/stations/NMBS/008892106,IC,2018-08-07T06:15:00,2018-08-07T06:15:00,-13,-13
http://irail.be/vehicle/IC727,NO-URI,IC,2018-08-07T06:15:00,2018-08-07T06:15:00,18,18
http://irail.be/vehicle/IC727,http://irail.be/stations/NMBS/008892080,IC,2018-08-07T06:18:00,2018-08-07T06:18:00,2,2
http://irail.be/vehicle/IC727,http://irail.be/stations/NMBS/008892007,IC,2018-08-07T06:27:00,2018-08-07T06:24:00,50,-2
http://irail.be/vehicle/IC727,NO-URI,IC,2018-08-07T06:31:00,2018-08-07T06:31:00,96,96
http://irail.be/vehicle/IC727,http://irail.be/stations/NMBS/008893179,IC,2018-08-07T06:32:00,2018-08-07T06:32:00,-97,-97
http://irail.be/vehicle/IC727,http://irail.be/stations/NMBS/008893120,IC,2018-08-07T06:36:00,2018-08-07T06:35:00,71,-97
http://irail.be/vehicle/IC727,http://irail.be/stations/NMBS/008894151,IC,2018-08-07T06:43:00,2018-08-07T06:43:00,34,34
http://irail.be/vehicle/IC727,http://irail.be/stations/NMBS/008894201,IC,2018-08-07T06:50:00,2018-08-07T06:48:00,17,1
http://irail.be/vehicle/IC727,NO-URI,IC,2018-08-07T06:52:00,2018-08-07T06:52:00,1,1
http://irail.be/vehicle/IC727,http://irail.be/stations/NMBS/008894425,IC,2018-08-07T06:54:00,2018-08-07T06:54:00,3,3
http://irail.be/vehicle/IC727,http://irail.be/stations/NMBS/008894433,IC,2018-08-07T06:55:00,2018-08-07T06:55:00,-7,-7
http://irail.be/vehicle/IC727,http://irail.be/stations/NMBS/008894508,IC,2018-08-07T07:00:00,2018-08-07T06:58:00,27,-7
http://irail.be/vehicle/IC727,NO-URI,IC,2018-08-07T07:02:00,2018-08-07T07:02:00,40,40
http://irail.be/vehicle/IC727,http://irail.be/stations/NMBS/008894714,IC,2018-08-07T07:03:00,2018-08-07T07:03:00,30,30
http://irail.be/vehicle/IC727,http://irail.be/stations/NMBS/008894748,IC,2018-08-07T07:06:00,2018-08-07T07:06:00,6,6
http://irail.be/vehicle/IC727,http://irail.be/stations/NMBS/008894755,IC,2018-08-07T07:07:00,2018-08-07T07:07:00,11,11
http://irail.be/vehicle/IC727,http://irail.be/stations/NMBS/008894821,IC,2018-08-07T07:08:00,2018-08-07T07:08:00,50,50
http://irail.be/vehicle/IC727,http://irail.be/stations/NMBS/008821196,IC,2018-08-07T07:12:00,2018-08-07T07:12:00,43,43
http://irail.be/vehicle/IC727,http://irail.be/stations/NMBS/008821121,IC,2018-08-07T07:19:00,2018-08-07T07:17:00,34,41
http://irail.be/vehicle/IC727,http://irail.be/stations/NMBS/008821006,IC,2018-08-07T07:23:00,2018-08-07T07:23:00,,-7
http://irail.be/vehicle/IC727,http://irail.be/stations/NMBS/008896735,IC,2018-11-12T05:08:00,2018-11-12T05:08:00,43,
http://irail.be/vehicle/IC727,http://irail.be/stations/NMBS/008896503,IC,2018-11-12T05:16:00,2018-11-12T05:15:00,33,31
http://irail.be/vehicle/IC727,http://irail.be/stations/NMBS/008896412,IC,2018-11-12T05:26:00,2018-11-12T05:25:00,100,20
http://irail.be/vehicle/IC727,http://irail.be/stations/NMBS/008896396,IC,2018-11-12T05:30:00,2018-11-12T05:29:00,100,100
http://irail.be/vehicle/IC727,http://irail.be/stations/NMBS/008896305,IC,2018-11-12T05:35:00,2018-11-12T05:34:00,112,100
http://irail.be/vehicle/IC727,http://irail.be/stations/NMBS/008896370,IC,2018-11-12T05:40:00,2018-11-12T05:39:00,175,112
http://irail.be/vehicle/IC727,http://irail.be/stations/NMBS/008896388,IC,2018-11-12T05:45:00,2018-11-12T05:44:00,175,175
http://irail.be/vehicle/IC727,http://irail.be/stations/NMBS/008896008,IC,2018-11-12T05:58:00,2018-11-12T05:50:00,28,139
http://irail.be/vehicle/IC727,http://irail.be/stations/NMBS/008896115,IC,2018-11-12T06:02:00,2018-11-12T06:02:00,58,58
http://irail.be/vehicle/IC727,http://irail.be/stations/NMBS/008896149,IC,2018-11-12T06:08:00,2018-11-12T06:07:00,182,168
http://irail.be/vehicle/IC727,http://irail.be/stations/NMBS/008892106,IC,2018-11-12T06:15:00,2018-11-12T06:15:00,235,235
http://irail.be/vehicle/IC727,NO-URI,IC,2018-11-12T06:15:00,2018-11-12T06:15:00,482,482
http://irail.be/vehicle/IC727,http://irail.be/stations/NMBS/008892080,IC,2018-11-12T06:18:00,2018-11-12T06:18:00,501,501
http://irail.be/vehicle/IC727,http://irail.be/stations/NMBS/008892007,IC,2018-11-12T06:27:00,2018-11-12T06:24:00,374,479
http://irail.be/vehicle/IC727,NO-URI,IC,2018-11-12T06:31:00,2018-11-12T06:31:00,402,402
http://irail.be/vehicle/IC727,http://irail.be/stations/NMBS/008893179,IC,2018-11-12T06:32:00,2018-11-12T06:32:00,379,379
http://irail.be/vehicle/IC727,http://irail.be/stations/NMBS/008893120,IC,2018-11-12T06:36:00,2018-11-12T06:35:00,356,272
http://irail.be/vehicle/IC727,http://irail.be/stations/NMBS/008894151,IC,2018-11-12T06:43:00,2018-11-12T06:43:00,321,321
http://irail.be/vehicle/IC727,http://irail.be/stations/NMBS/008894201,IC,2018-11-12T06:50:00,2018-11-12T06:48:00,230,272
http://irail.be/vehicle/IC727,NO-URI,IC,2018-11-12T06:52:00,2018-11-12T06:52:00,223,223
http://irail.be/vehicle/IC727,http://irail.be/stations/NMBS/008894425,IC,2018-11-12T06:54:00,2018-11-12T06:54:00,229,229
http://irail.be/vehicle/IC727,http://irail.be/stations/NMBS/008894433,IC,2018-11-12T06:55:00,2018-11-12T06:55:00,216,216
http://irail.be/vehicle/IC727,http://irail.be/stations/NMBS/008894508,IC,2018-11-12T07:00:00,2018-11-12T06:58:00,163,197
http://irail.be/vehicle/IC727,NO-URI,IC,2018-11-12T07:02:00,2018-11-12T07:02:00,173,173
http://irail.be/vehicle/IC727,http://irail.be/stations/NMBS/008894714,IC,2018-11-12T07:03:00,2018-11-12T07:03:00,159,159
http://irail.be/vehicle/IC727,http://irail.be/stations/NMBS/008894748,IC,2018-11-12T07:06:00,2018-11-12T07:06:00,137,137
http://irail.be/vehicle/IC727,http://irail.be/stations/NMBS/008894755,IC,2018-11-12T07:07:00,2018-11-12T07:07:00,204,204
http://irail.be/vehicle/IC727,http://irail.be/stations/NMBS/008894821,IC,2018-11-12T07:08:00,2018-11-12T07:08:00,281,281
http://irail.be/vehicle/IC727,http://irail.be/stations/NMBS/008821196,IC,2018-11-12T07:12:00,2018-11-12T07:12:00,254,254
http://irail.be/vehicle/IC727,http://irail.be/stations/NMBS/008821121,IC,2018-11-12T07:19:00,2018-11-12T07:17:00,168,200
http://irail.be/vehicle/IC727,http://irail.be/stations/NMBS/008821006,IC,2018-11-12T07:23:00,2018-11-12T07:23:00,,149
http://irail.be/vehicle/IC727,http://irail.be/stations/NMBS/008896735,IC,2018-04-20T05:08:00,2018-04-20T05:08:00,90,
http://irail.be/vehicle/IC727,http://irail.be/stations/NMBS/008896503,IC,2018-04-20T05:16:00,2018-04-20T05:15:00,110,97
http://irail.be/vehicle/IC727,http://irail.be/stations/NMBS/008896412,IC,2018-04-20T05:26:00,2018-04-20T05:25:00,96,94
http://irail.be/vehicle/IC727,http://irail.be/stations/NMBS/008896396,IC,2018-04-20T05:30:00,2018-04-20T05:29:00,96,96
http://irail.be/vehicle/IC727,http://irail.be/stations/NMBS/008896305,IC,2018-04-20T05:35:00,2018-04-20T05:34:00,102,96
http://irail.be/vehicle/IC727,http://irail.be/stations/NMBS/008896370,IC,2018-04-20T05:40:00,2018-04-20T05:40:00,184,102
http://irail.be/vehicle/IC727,http://irail.be/stations/NMBS/008896388,IC,2018-04-20T05:44:00,2018-04-20T05:44:00,184,184
http://irail.be/vehicle/IC727,http://irail.be/stations/NMBS/008896008,IC,2018-04-20T05:57:00,2018-04-20T05:50:00,475,136
http://irail.be/vehicle/IC727,http://irail.be/stations/NMBS/008896115,IC,2018-04-20T06:01:00,2018-04-20T06:01:00,626,626
http://irail.be/vehicle/IC727,http://irail.be/stations/NMBS/008896149,IC,2018-04-20T06:06:00,2018-04-20T06:05:00,656,682
http://irail.be/vehicle/IC727,http://irail.be/stations/NMBS/008892106,IC,2018-04-20T06:15:00,2018-04-20T06:15:00,506,506
http://irail.be/vehicle/IC727,NO-URI,IC,2018-04-20T06:15:00,2018-04-20T06:15:00,572,572
http://irail.be/vehicle/IC727,http://irail.be/stations/NMBS/008892080,IC,2018-04-20T06:18:00,2018-04-20T06:18:00,581,581
http://irail.be/vehicle/IC727,http://irail.be/stations/NMBS/008892007,IC,2018-04-20T06:27:00,2018-04-20T06:24:00,529,614
http://irail.be/vehicle/IC727,NO-URI,IC,2018-04-20T06:31:00,2018-04-20T06:31:00,551,551
http://irail.be/vehicle/IC727,http://irail.be/stations/NMBS/008893179,IC,2018-04-20T06:32:00,2018-04-20T06:32:00,342,342
http://irail.be/vehicle/IC727,http://irail.be/stations/NMBS/008893120,IC,2018-04-20T06:36:00,2018-04-20T06:35:00,487,342
http://irail.be/vehicle/IC727,http://irail.be/stations/NMBS/008894151,IC,2018-04-20T06:43:00,2018-04-20T06:43:00,451,451
http://irail.be/vehicle/IC727,http://irail.be/stations/NMBS/008894201,IC,2018-04-20T06:50:00,2018-04-20T06:48:00,341,407
http://irail.be/vehicle/IC727,NO-URI,IC,2018-04-20T06:52:00,2018-04-20T06:52:00,324,324
http://irail.be/vehicle/IC727,http://irail.be/stations/NMBS/008894425,IC,2018-04-20T06:54:00,2018-04-20T06:54:00,325,325
http://irail.be/vehicle/IC727,http://irail.be/stations/NMBS/008894433,IC,2018-04-20T06:55:00,2018-04-20T06:55:00,314,314
http://irail.be/vehicle/IC727,http://irail.be/stations/NMBS/008894508,IC,2018-04-20T07:00:00,2018-04-20T06:58:00,267,297
http://irail.be/vehicle/IC727,NO-URI,IC,2018-04-20T07:02:00,2018-04-20T07:02:00,258,258
http://irail.be/vehicle/IC727,http://irail.be/stations/NMBS/008894714,IC,2018-04-20T07:03:00,2018-04-20T07:03:00,240,240
http://irail.be/vehicle/IC727,http://irail.be/stations/NMBS/008894748,IC,2018-04-20T07:06:00,2018-04-20T07:06:00,205,205
http://irail.be/vehicle/IC727,http://irail.be/stations/NMBS/008894755,IC,2018-04-20T07:07:00,2018-04-20T07:07:00,196,196
http://irail.be/vehicle/IC727,http://irail.be/stations/NMBS/008894821,IC,2018-04-20T07:08:00,2018-04-20T07:08:00,227,227
http://irail.be/vehicle/IC727,NO-URI,IC,2018-04-20T07:09:00,2018-04-20T07:09:00,227,227
http://irail.be/vehicle/IC727,http://irail.be/stations/NMBS/008821196,IC,2018-04-20T07:12:00,2018-04-20T07:12:00,253,253
http://irail.be/vehicle/IC727,http://irail.be/stations/NMBS/008821121,IC,2018-04-20T07:19:00,2018-04-20T07:17:00,126,191
http://irail.be/vehicle/IC727,http://irail.be/stations/NMBS/008821006,IC,2018-04-20T07:23:00,2018-04-20T07:23:00,,92
http://irail.be/vehicle/IC727,http://irail.be/stations/NMBS/008896735,IC,2018-05-18T05:08:00,2018-05-18T05:08:00,56,
http://irail.be/vehicle/IC727,http://irail.be/stations/NMBS/008896503,IC,2018-05-18T05:16:00,2018-05-18T05:15:00,38,20
http://irail.be/vehicle/IC727,http://irail.be/stations/NMBS/008896412,IC,2018-05-18T05:26:00,2018-05-18T05:25:00,23,-13
http://irail.be/vehicle/IC727,http://irail.be/stations/NMBS/008896396,IC,2018-05-18T05:30:00,2018-05-18T05:29:00,23,23
http://irail.be/vehicle/IC727,http://irail.be/stations/NMBS/008896305,IC,2018-05-18T05:35:00,2018-05-18T05:34:00,38,23
http://irail.be/vehicle/IC727,http://irail.be/stations/NMBS/008896370,IC,2018-05-18T05:40:00,2018-05-18T05:40:00,76,38
http://irail.be/vehicle/IC727,http://irail.be/stations/NMBS/008896388,IC,2018-05-18T05:44:00,2018-05-18T05:44:00,76,76
http://irail.be/vehicle/IC727,http://irail.be/stations/NMBS/008896008,IC,2018-05-18T05:57:00,2018-05-18T05:50:00,56,-35
http://irail.be/vehicle/IC727,http://irail.be/stations/NMBS/008896115,IC,2018-05-18T06:01:00,2018-05-18T06:01:00,50,50
http://irail.be/vehicle/IC727,http://irail.be/stations/NMBS/008896149,IC,2018-05-18T06:06:00,2018-05-18T06:05:00,44,57
http://irail.be/vehicle/IC727,http://irail.be/stations/NMBS/008892106,IC,2018-05-18T06:15:00,2018-05-18T06:15:00,-98,-98
http://irail.be/vehicle/IC727,NO-URI,IC,2018-05-18T06:15:00,2018-05-18T06:15:00,48,48
http://irail.be/vehicle/IC727,http://irail.be/stations/NMBS/008892080,IC,2018-05-18T06:18:00,2018-05-18T06:18:00,56,56
http://irail.be/vehicle/IC727,http://irail.be/stations/NMBS/008892007,IC,2018-05-18T06:27:00,2018-05-18T06:24:00,10,61
http://irail.be/vehicle/IC727,NO-URI,IC,2018-05-18T06:31:00,2018-05-18T06:31:00,53,53
http://irail.be/vehicle/IC727,http://irail.be/stations/NMBS/008893179,IC,2018-05-18T06:32:00,2018-05-18T06:32:00,-148,-148
http://irail.be/vehicle/IC727,http://irail.be/stations/NMBS/008893120,IC,2018-05-18T06:36:00,2018-05-18T06:35:00,63,-148
http://irail.be/vehicle/IC727,http://irail.be/stations/NMBS/008894151,IC,2018-05-18T06:43:00,2018-05-18T06:43:00,162,162
http://irail.be/vehicle/IC727,http://irail.be/stations/NMBS/008894201,IC,2018-05-18T06:50:00,2018-05-18T06:48:00,61,119
http://irail.be/vehicle/IC727,NO-URI,IC,2018-05-18T06:52:00,2018-05-18T06:52:00,45,45
http://irail.be/vehicle/IC727,http://irail.be/stations/NMBS/008894425,IC,2018-05-18T06:54:00,2018-05-18T06:54:00,46,46
http://irail.be/vehicle/IC727,http://irail.be/stations/NMBS/008894433,IC,2018-05-18T06:55:00,2018-05-18T06:55:00,36,36
http://irail.be/vehicle/IC727,http://irail.be/stations/NMBS/008894508,IC,2018-05-18T07:00:00,2018-05-18T06:58:00,-15,19
http://irail.be/vehicle/IC727,NO-URI,IC,2018-05-18T07:02:00,2018-05-18T07:02:00,-3,-3
http://irail.be/vehicle/IC727,http://irail.be/stations/NMBS/008894714,IC,2018-05-18T07:03:00,2018-05-18T07:03:00,-15,-15
http://irail.be/vehicle/IC727,http://irail.be/stations/NMBS/008894748,IC,2018-05-18T07:06:00,2018-05-18T07:06:00,-43,-43
http://irail.be/vehicle/IC727,http://irail.be/stations/NMBS/008894755,IC,2018-05-18T07:07:00,2018-05-18T07:07:00,-46,-46
http://irail.be/vehicle/IC727,http://irail.be/stations/NMBS/008894821,IC,2018-05-18T07:08:00,2018-05-18T07:08:00,-20,-20
http://irail.be/vehicle/IC727,NO-URI,IC,2018-05-18T07:09:00,2018-05-18T07:09:00,-20,-20
http://irail.be/vehicle/IC727,http://irail.be/stations/NMBS/008821196,IC,2018-05-18T07:12:00,2018-05-18T07:12:00,-52,-52
http://irail.be/vehicle/IC727,http://irail.be/stations/NMBS/008821121,IC,2018-05-18T07:19:00,2018-05-18T07:17:00,-4,29
http://irail.be/vehicle/IC727,http://irail.be/stations/NMBS/008821006,IC,2018-05-18T07:23:00,2018-05-18T07:23:00,,-34
http://irail.be/vehicle/IC727,http://irail.be/stations/NMBS/008896149,IC,2018-07-15T06:08:00,2018-07-15T06:08:00,47,
http://irail.be/vehicle/IC727,http://irail.be/stations/NMBS/008892106,IC,2018-07-15T06:15:00,2018-07-15T06:15:00,44,44
http://irail.be/vehicle/IC727,NO-URI,IC,2018-07-15T06:15:00,2018-07-15T06:15:00,77,77
http://irail.be/vehicle/IC727,http://irail.be/stations/NMBS/008892080,IC,2018-07-15T06:18:00,2018-07-15T06:18:00,50,50
http://irail.be/vehicle/IC727,http://irail.be/stations/NMBS/008892007,IC,2018-07-15T06:27:00,2018-07-15T06:24:00,1,30
http://irail.be/vehicle/IC727,NO-URI,IC,2018-07-15T06:31:00,2018-07-15T06:31:00,24,24
http://irail.be/vehicle/IC727,http://irail.be/stations/NMBS/008893179,IC,2018-07-15T06:32:00,2018-07-15T06:32:00,-186,-186
http://irail.be/vehicle/IC727,http://irail.be/stations/NMBS/008893120,IC,2018-07-15T06:36:00,2018-07-15T06:35:00,17,-186
http://irail.be/vehicle/IC727,http://irail.be/stations/NMBS/008894151,IC,2018-07-15T06:43:00,2018-07-15T06:43:00,-14,-14
http://irail.be/vehicle/IC727,http://irail.be/stations/NMBS/008894201,IC,2018-07-15T06:50:00,2018-07-15T06:48:00,0,-58
http://irail.be/vehicle/IC727,NO-URI,IC,2018-07-15T06:52:00,2018-07-15T06:52:00,-6,-6
http://irail.be/vehicle/IC727,http://irail.be/stations/NMBS/008894425,IC,2018-07-15T06:54:00,2018-07-15T06:54:00,-3,-3
http://irail.be/vehicle/IC727,http://irail.be/stations/NMBS/008894433,IC,2018-07-15T06:55:00,2018-07-15T06:55:00,-14,-14
http://irail.be/vehicle/IC727,http://irail.be/stations/NMBS/008894508,IC,2018-07-15T07:00:00,2018-07-15T06:58:00,0,-24
http://irail.be/vehicle/IC727,NO-URI,IC,2018-07-15T07:02:00,2018-07-15T07:02:00,7,7
http://irail.be/vehicle/IC727,http://irail.be/stations/NMBS/008894714,IC,2018-07-15T07:03:00,2018-07-15T07:03:00,-9,-9
http://irail.be/vehicle/IC727,http://irail.be/stations/NMBS/008894748,IC,2018-07-15T07:05:00,2018-07-15T07:05:00,14,14
http://irail.be/vehicle/IC727,http://irail.be/stations/NMBS/008894755,IC,2018-07-15T07:07:00,2018-07-15T07:07:00,-44,-44
http://irail.be/vehicle/IC727,http://irail.be/stations/NMBS/008894821,IC,2018-07-15T07:09:00,2018-07-15T07:09:00,-63,-63
http://irail.be/vehicle/IC727,http://irail.be/stations/NMBS/008821196,IC,2018-07-15T07:12:00,2018-07-15T07:12:00,-32,-32
http://irail.be/vehicle/IC727,http://irail.be/stations/NMBS/008821121,IC,2018-07-15T07:19:00,2018-07-15T07:17:00,-9,-70
http://irail.be/vehicle/IC727,http://irail.be/stations/NMBS/008821006,IC,2018-07-15T07:23:00,2018-07-15T07:23:00,,-26
http://irail.be/vehicle/IC727,http://irail.be/stations/NMBS/008896735,IC,2018-05-03T05:08:00,2018-05-03T05:08:00,58,
http://irail.be/vehicle/IC727,http://irail.be/stations/NMBS/008896503,IC,2018-05-03T05:16:00,2018-05-03T05:15:00,86,59
http://irail.be/vehicle/IC727,http://irail.be/stations/NMBS/008896412,IC,2018-05-03T05:26:00,2018-05-03T05:25:00,33,62
http://irail.be/vehicle/IC727,http://irail.be/stations/NMBS/008896396,IC,2018-05-03T05:30:00,2018-05-03T05:29:00,33,33
http://irail.be/vehicle/IC727,http://irail.be/stations/NMBS/008896305,IC,2018-05-03T05:35:00,2018-05-03T05:34:00,13,33
http://irail.be/vehicle/IC727,http://irail.be/stations/NMBS/008896370,IC,2018-05-03T05:40:00,2018-05-03T05:40:00,13,13
http://irail.be/vehicle/IC727,http://irail.be/stations/NMBS/008896388,IC,2018-05-03T05:44:00,2018-05-03T05:44:00,-16,-16
http://irail.be/vehicle/IC727,http://irail.be/stations/NMBS/008896008,IC,2018-05-03T05:57:00,2018-05-03T05:50:00,95,-100
http://irail.be/vehicle/IC727,http://irail.be/stations/NMBS/008896115,IC,2018-05-03T06:01:00,2018-05-03T06:01:00,113,113
http://irail.be/vehicle/IC727,http://irail.be/stations/NMBS/008896149,IC,2018-05-03T06:06:00,2018-05-03T06:05:00,69,111
http://irail.be/vehicle/IC727,http://irail.be/stations/NMBS/008892106,IC,2018-05-03T06:15:00,2018-05-03T06:15:00,-48,-48
http://irail.be/vehicle/IC727,NO-URI,IC,2018-05-03T06:15:00,2018-05-03T06:15:00,28,28
http://irail.be/vehicle/IC727,http://irail.be/stations/NMBS/008892080,IC,2018-05-03T06:18:00,2018-05-03T06:18:00,26,26
http://irail.be/vehicle/IC727,http://irail.be/stations/NMBS/008892007,IC,2018-05-03T06:27:00,2018-05-03T06:24:00,8,20
http://irail.be/vehicle/IC727,NO-URI,IC,2018-05-03T06:31:00,2018-05-03T06:31:00,37,37
http://irail.be/vehicle/IC727,http://irail.be/stations/NMBS/008893179,IC,2018-05-03T06:32:00,2018-05-03T06:32:00,-175,-175
http://irail.be/vehicle/IC727,http://irail.be/stations/NMBS/008893120,IC,2018-05-03T06:36:00,2018-05-03T06:35:00,40,-175
http://irail.be/vehicle/IC727,http://irail.be/stations/NMBS/008894151,IC,2018-05-03T06:43:00,2018-05-03T06:43:00,51,51
http://irail.be/vehicle/IC727,http://irail.be/stations/NMBS/008894201,IC,2018-05-03T06:50:00,2018-05-03T06:48:00,13,4
http://irail.be/vehicle/IC727,NO-URI,IC,2018-05-03T06:52:00,2018-05-03T06:52:00,0,0
http://irail.be/vehicle/IC727,http://irail.be/stations/NMBS/008894425,IC,2018-05-03T06:54:00,2018-05-03T06:54:00,4,4
http://irail.be/vehicle/IC727,http://irail.be/stations/NMBS/008894433,IC,2018-05-03T06:55:00,2018-05-03T06:55:00,1,1
http://irail.be/vehicle/IC727,http://irail.be/stations/NMBS/008894508,IC,2018-05-03T07:00:00,2018-05-03T06:58:00,10,16
http://irail.be/vehicle/IC727,NO-URI,IC,2018-05-03T07:02:00,2018-05-03T07:02:00,9,9
http://irail.be/vehicle/IC727,http://irail.be/stations/NMBS/008894714,IC,2018-05-03T07:03:00,2018-05-03T07:03:00,-9,-9
http://irail.be/vehicle/IC727,http://irail.be/stations/NMBS/008894748,IC,2018-05-03T07:06:00,2018-05-03T07:06:00,-39,-39
http://irail.be/vehicle/IC727,http://irail.be/stations/NMBS/008894755,IC,2018-05-03T07:07:00,2018-05-03T07:07:00,-33,-33
http://irail.be/vehicle/IC727,http://irail.be/stations/NMBS/008894821,IC,2018-05-03T07:08:00,2018-05-03T07:08:00,8,8
http://irail.be/vehicle/IC727,NO-URI,IC,2018-05-03T07:09:00,2018-05-03T07:09:00,8,8
http://irail.be/vehicle/IC727,http://irail.be/stations/NMBS/008821196,IC,2018-05-03T07:12:00,2018-05-03T07:12:00,-5,-5
http://irail.be/vehicle/IC727,http://irail.be/stations/NMBS/008821121,IC,2018-05-03T07:19:00,2018-05-03T07:17:00,125,9
http://irail.be/vehicle/IC727,http://irail.be/stations/NMBS/008821006,IC,2018-05-03T07:23:00,2018-05-03T07:23:00,,114
http://irail.be/vehicle/IC727,http://irail.be/stations/NMBS/008896735,IC,2018-09-01T05:08:00,2018-09-01T05:08:00,46,
http://irail.be/vehicle/IC727,http://irail.be/stations/NMBS/008896503,IC,2018-09-01T05:16:00,2018-09-01T05:15:00,6,15
http://irail.be/vehicle/IC727,http://irail.be/stations/NMBS/008896412,IC,2018-09-01T05:26:00,2018-09-01T05:25:00,-13,-40
http://irail.be/vehicle/IC727,http://irail.be/stations/NMBS/008896396,IC,2018-09-01T05:30:00,2018-09-01T05:29:00,-13,-13
http://irail.be/vehicle/IC727,http://irail.be/stations/NMBS/008896305,IC,2018-09-01T05:35:00,2018-09-01T05:34:00,-14,-13
http://irail.be/vehicle/IC727,http://irail.be/stations/NMBS/008896370,IC,2018-09-01T05:40:00,2018-09-01T05:39:00,-30,-14
http://irail.be/vehicle/IC727,http://irail.be/stations/NMBS/008896388,IC,2018-09-01T05:45:00,2018-09-01T05:44:00,-30,-30
http://irail.be/vehicle/IC727,http://irail.be/stations/NMBS/008896008,IC,2018-09-01T05:58:00,2018-09-01T05:50:00,40,-26
http://irail.be/vehicle/IC727,http://irail.be/stations/NMBS/008896115,IC,2018-09-01T06:02:00,2018-09-01T06:02:00,7,7
http://irail.be/vehicle/IC727,http://irail.be/stations/NMBS/008896149,IC,2018-09-01T06:08:00,2018-09-01T06:07:00,10,-37
http://irail.be/vehicle/IC727,http://irail.be/stations/NMBS/008892106,IC,2018-09-01T06:15:00,2018-09-01T06:15:00,-47,-47
http://irail.be/vehicle/IC727,NO-URI,IC,2018-09-01T06:15:00,2018-09-01T06:15:00,-13,-13
http://irail.be/vehicle/IC727,http://irail.be/stations/NMBS/008892080,IC,2018-09-01T06:18:00,2018-09-01T06:18:00,-39,-39
http://irail.be/vehicle/IC727,http://irail.be/stations/NMBS/008892007,IC,2018-09-01T06:27:00,2018-09-01T06:24:00,0,-75
http://irail.be/vehicle/IC727,NO-URI,IC,2018-09-01T06:31:00,2018-09-01T06:31:00,5,5
http://irail.be/vehicle/IC727,http://irail.be/stations/NMBS/008893179,IC,2018-09-01T06:32:00,2018-09-01T06:32:00,-207,-207
http://irail.be/vehicle/IC727,http://irail.be/stations/NMBS/008893120,IC,2018-09-01T06:36:00,2018-09-01T06:35:00,29,-207
http://irail.be/vehicle/IC727,http://irail.be/stations/NMBS/008894151,IC,2018-09-01T06:43:00,2018-09-01T06:43:00,4,4
http://irail.be/vehicle/IC727,http://irail.be/stations/NMBS/008894201,IC,2018-09-01T06:50:00,2018-09-01T06:48:00,10,-38
http://irail.be/vehicle/IC727,NO-URI,IC,2018-09-01T06:52:00,2018-09-01T06:52:00,4,4
http://irail.be/vehicle/IC727,http://irail.be/stations/NMBS/008894425,IC,2018-09-01T06:54:00,2018-09-01T06:54:00,11,11
http://irail.be/vehicle/IC727,http://irail.be/stations/NMBS/008894433,IC,2018-09-01T06:55:00,2018-09-01T06:55:00,-1,-1
http://irail.be/vehicle/IC727,http://irail.be/stations/NMBS/008894508,IC,2018-09-01T07:03:00,2018-09-01T06:58:00,-13,-14
http://irail.be/vehicle/IC727,http://irail.be/stations/NMBS/008894672,IC,2018-09-01T07:11:00,2018-09-01T07:10:00,7,-4
http://irail.be/vehicle/IC727,http://irail.be/stations/NMBS/008822772,IC,2018-09-01T07:15:00,2018-09-01T07:15:00,7,7
http://irail.be/vehicle/IC727,http://irail.be/stations/NMBS/008822715,IC,2018-09-01T07:19:00,2018-09-01T07:19:00,-96,-96
http://irail.be/vehicle/IC727,http://irail.be/stations/NMBS/008822848,IC,2018-09-01T07:22:00,2018-09-01T07:22:00,-97,-97
http://irail.be/vehicle/IC727,http://irail.be/stations/NMBS/008822814,IC,2018-09-01T07:25:00,2018-09-01T07:25:00,-93,-93
http://irail.be/vehicle/IC727,http://irail.be/stations/NMBS/008824240,IC,2018-09-01T07:28:00,2018-09-01T07:28:00,-95,-95
http://irail.be/vehicle/IC727,http://irail.be/stations/NMBS/008824232,IC,2018-09-01T07:30:00,2018-09-01T07:30:00,-71,-71
http://irail.be/vehicle/IC727,http://irail.be/stations/NMBS/008824224,IC,2018-09-01T07:31:00,2018-09-01T07:31:00,-71,-71
http://irail.be/vehicle/IC727,http://irail.be/stations/NMBS/008824158,IC,2018-09-01T07:36:00,2018-09-01T07:36:00,-57,-57
http://irail.be/vehicle/IC727,http://irail.be/stations/NMBS/008821196,IC,2018-09-01T07:42:00,2018-09-01T07:40:00,31,31
http://irail.be/vehicle/IC727,http://irail.be/stations/NMBS/008821121,IC,2018-09-01T07:48:00,2018-09-01T07:48:00,,-53
http://irail.be/vehicle/IC727,http://irail.be/stations/NMBS/008896735,IC,2018-04-02T05:08:00,2018-04-02T05:08:00,130,
http://irail.be/vehicle/IC727,http://irail.be/stations/NMBS/008896503,IC,2018-04-02T05:16:00,2018-04-02T05:15:00,106,100
http://irail.be/vehicle/IC727,http://irail.be/stations/NMBS/008896412,IC,2018-04-02T05:26:00,2018-04-02T05:25:00,21,58
http://irail.be/vehicle/IC727,http://irail.be/stations/NMBS/008896396,IC,2018-04-02T05:30:00,2018-04-02T05:29:00,21,21
http://irail.be/vehicle/IC727,http://irail.be/stations/NMBS/008896305,IC,2018-04-02T05:35:00,2018-04-02T05:34:00,-5,21
http://irail.be/vehicle/IC727,http://irail.be/stations/NMBS/008896370,IC,2018-04-02T05:40:00,2018-04-02T05:40:00,-5,-5
http://irail.be/vehicle/IC727,http://irail.be/stations/NMBS/008896388,IC,2018-04-02T05:44:00,2018-04-02T05:44:00,-30,-30
http://irail.be/vehicle/IC727,http://irail.be/stations/NMBS/008896008,IC,2018-04-02T05:57:00,2018-04-02T05:50:00,36,-78
http://irail.be/vehicle/IC727,http://irail.be/stations/NMBS/008896115,IC,2018-04-02T06:01:00,2018-04-02T06:01:00,48,48
http://irail.be/vehicle/IC727,http://irail.be/stations/NMBS/008896149,IC,2018-04-02T06:06:00,2018-04-02T06:05:00,49,55
http://irail.be/vehicle/IC727,http://irail.be/stations/NMBS/008892106,IC,2018-04-02T06:15:00,2018-04-02T06:15:00,-68,-68
http://irail.be/vehicle/IC727,NO-URI,IC,2018-04-02T06:15:00,2018-04-02T06:15:00,-50,-50
http://irail.be/vehicle/IC727,http://irail.be/stations/NMBS/008892080,IC,2018-04-02T06:18:00,2018-04-02T06:18:00,-64,-64
http://irail.be/vehicle/IC727,http://irail.be/stations/NMBS/008892007,IC,2018-04-02T06:27:00,2018-04-02T06:24:00,-44,-18
http://irail.be/vehicle/IC727,NO-URI,IC,2018-04-02T06:31:00,2018-04-02T06:31:00,-38,-38
http://irail.be/vehicle/IC727,http://irail.be/stations/NMBS/008893179,IC,2018-04-02T06:32:00,2018-04-02T06:32:00,-244,-244
http://irail.be/vehicle/IC727,http://irail.be/stations/NMBS/008893120,IC,2018-04-02T06:36:00,2018-04-02T06:35:00,-244,-244
http://irail.be/vehicle/IC727,http://irail.be/stations/NMBS/008894151,IC,2018-04-02T06:43:00,2018-04-02T06:43:00,21,21
http://irail.be/vehicle/IC727,http://irail.be/stations/NMBS/008894201,IC,2018-04-02T06:50:00,2018-04-02T06:48:00,12,-21
http://irail.be/vehicle/IC727,NO-URI,IC,2018-04-02T06:52:00,2018-04-02T06:52:00,25,25
http://irail.be/vehicle/IC727,http://irail.be/stations/NMBS/008894425,IC,2018-04-02T06:54:00,2018-04-02T06:54:00,36,36
http://irail.be/vehicle/IC727,http://irail.be/stations/NMBS/008894433,IC,2018-04-02T06:55:00,2018-04-02T06:55:00,27,27
http://irail.be/vehicle/IC727,http://irail.be/stations/NMBS/008894508,IC,2018-04-02T07:00:00,2018-04-02T06:58:00,23,7
http://irail.be/vehicle/IC727,NO-URI,IC,2018-04-02T07:02:00,2018-04-02T07:02:00,14,14
http://irail.be/vehicle/IC727,http://irail.be/stations/NMBS/008894714,IC,2018-04-02T07:03:00,2018-04-02T07:03:00,-2,-2
http://irail.be/vehicle/IC727,http://irail.be/stations/NMBS/008894748,IC,2018-04-02T07:06:00,2018-04-02T07:06:00,-31,-31
http://irail.be/vehicle/IC727,http://irail.be/stations/NMBS/008894755,IC,2018-04-02T07:07:00,2018-04-02T07:07:00,30,30
http://irail.be/vehicle/IC727,http://irail.be/stations/NMBS/008894821,IC,2018-04-02T07:08:00,2018-04-02T07:08:00,85,85
http://irail.be/vehicle/IC727,NO-URI,IC,2018-04-02T07:09:00,2018-04-02T07:09:00,85,85
http://irail.be/vehicle/IC727,http://irail.be/stations/NMBS/008821196,IC,2018-04-02T07:12:00,2018-04-02T07:12:00,119,119
http://irail.be/vehicle/IC727,http://irail.be/stations/NMBS/008821121,IC,2018-04-02T07:19:00,2018-04-02T07:17:00,17,58
http://irail.be/vehicle/IC727,http://irail.be/stations/NMBS/008821006,IC,2018-04-02T07:23:00,2018-04-02T07:23:00,,-11
http://irail.be/vehicle/IC727,http://irail.be/stations/NMBS/008896735,IC,2018-08-25T05:08:00,2018-08-25T05:08:00,44,
http://irail.be/vehicle/IC727,http://irail.be/stations/NMBS/008896503,IC,2018-08-25T05:16:00,2018-08-25T05:15:00,13,16
http://irail.be/vehicle/IC727,http://irail.be/stations/NMBS/008896412,IC,2018-08-25T05:26:00,2018-08-25T05:25:00,-1,-6
http://irail.be/vehicle/IC727,http://irail.be/stations/NMBS/008896396,IC,2018-08-25T05:30:00,2018-08-25T05:29:00,-1,-1
http://irail.be/vehicle/IC727,http://irail.be/stations/NMBS/008896305,IC,2018-08-25T05:35:00,2018-08-25T05:34:00,3,-1
http://irail.be/vehicle/IC727,http://irail.be/stations/NMBS/008896370,IC,2018-08-25T05:40:00,2018-08-25T05:39:00,-10,3
http://irail.be/vehicle/IC727,http://irail.be/stations/NMBS/008896388,IC,2018-08-25T05:45:00,2018-08-25T05:44:00,-10,-10
http://irail.be/vehicle/IC727,http://irail.be/stations/NMBS/008896008,IC,2018-08-25T05:58:00,2018-08-25T05:50:00,36,-41
http://irail.be/vehicle/IC727,http://irail.be/stations/NMBS/008896115,IC,2018-08-25T06:02:00,2018-08-25T06:02:00,-13,-13
http://irail.be/vehicle/IC727,http://irail.be/stations/NMBS/008896149,IC,2018-08-25T06:08:00,2018-08-25T06:07:00,-13,-60
http://irail.be/vehicle/IC727,http://irail.be/stations/NMBS/008892106,IC,2018-08-25T06:15:00,2018-08-25T06:15:00,-81,-81
http://irail.be/vehicle/IC727,NO-URI,IC,2018-08-25T06:15:00,2018-08-25T06:15:00,-49,-49
http://irail.be/vehicle/IC727,http://irail.be/stations/NMBS/008892080,IC,2018-08-25T06:18:00,2018-08-25T06:18:00,-78,-78
http://irail.be/vehicle/IC727,http://irail.be/stations/NMBS/008892007,IC,2018-08-25T06:27:00,2018-08-25T06:24:00,2,-127
http://irail.be/vehicle/IC727,NO-URI,IC,2018-08-25T06:31:00,2018-08-25T06:31:00,31,31
http://irail.be/vehicle/IC727,http://irail.be/stations/NMBS/008893179,IC,2018-08-25T06:32:00,2018-08-25T06:32:00,-180,-180
http://irail.be/vehicle/IC727,http://irail.be/stations/NMBS/008893120,IC,2018-08-25T06:36:00,2018-08-25T06:35:00,24,-180
http://irail.be/vehicle/IC727,http://irail.be/stations/NMBS/008894151,IC,2018-08-25T06:43:00,2018-08-25T06:43:00,12,12
http://irail.be/vehicle/IC727,http://irail.be/stations/NMBS/008894201,IC,2018-08-25T06:50:00,2018-08-25T06:48:00,3,-33
http://irail.be/vehicle/IC727,NO-URI,IC,2018-08-25T06:52:00,2018-08-25T06:52:00,-3,-3
http://irail.be/vehicle/IC727,http://irail.be/stations/NMBS/008894425,IC,2018-08-25T06:54:00,2018-08-25T06:54:00,8,8
http://irail.be/vehicle/IC727,http://irail.be/stations/NMBS/008894433,IC,2018-08-25T06:55:00,2018-08-25T06:55:00,-3,-3
http://irail.be/vehicle/IC727,http://irail.be/stations/NMBS/008894508,IC,2018-08-25T07:00:00,2018-08-25T06:58:00,0,-18
http://irail.be/vehicle/IC727,NO-URI,IC,2018-08-25T07:02:00,2018-08-25T07:02:00,-4,-4
http://irail.be/vehicle/IC727,http://irail.be/stations/NMBS/008894714,IC,2018-08-25T07:03:00,2018-08-25T07:03:00,-20,-20
http://irail.be/vehicle/IC727,http://irail.be/stations/NMBS/008894748,IC,2018-08-25T07:06:00,2018-08-25T07:06:00,-51,-51
http://irail.be/vehicle/IC727,http://irail.be/stations/NMBS/008894755,IC,2018-08-25T07:07:00,2018-08-25T07:07:00,-58,-58
http://irail.be/vehicle/IC727,http://irail.be/stations/NMBS/008894821,IC,2018-08-25T07:08:00,2018-08-25T07:08:00,-35,-35
http://irail.be/vehicle/IC727,http://irail.be/stations/NMBS/008821196,IC,2018-08-25T07:12:00,2018-08-25T07:12:00,47,47
http://irail.be/vehicle/IC727,http://irail.be/stations/NMBS/008821121,IC,2018-08-25T07:19:00,2018-08-25T07:17:00,-16,-20
http://irail.be/vehicle/IC727,http://irail.be/stations/NMBS/008821006,IC,2018-08-25T07:23:00,2018-08-25T07:23:00,,-51
http://irail.be/vehicle/IC727,http://irail.be/stations/NMBS/008896735,IC,2018-04-18T05:08:00,2018-04-18T05:08:00,71,
http://irail.be/vehicle/IC727,http://irail.be/stations/NMBS/008896503,IC,2018-04-18T05:16:00,2018-04-18T05:15:00,99,51
http://irail.be/vehicle/IC727,http://irail.be/stations/NMBS/008896412,IC,2018-04-18T05:26:00,2018-04-18T05:25:00,29,55
http://irail.be/vehicle/IC727,http://irail.be/stations/NMBS/008896396,IC,2018-04-18T05:30:00,2018-04-18T05:29:00,29,29
http://irail.be/vehicle/IC727,http://irail.be/stations/NMBS/008896305,IC,2018-04-18T05:35:00,2018-04-18T05:34:00,12,29
http://irail.be/vehicle/IC727,http://irail.be/stations/NMBS/008896370,IC,2018-04-18T05:40:00,2018-04-18T05:40:00,27,12
http://irail.be/vehicle/IC727,http://irail.be/stations/NMBS/008896388,IC,2018-04-18T05:44:00,2018-04-18T05:44:00,27,27
http://irail.be/vehicle/IC727,http://irail.be/stations/NMBS/008896008,IC,2018-04-18T05:57:00,2018-04-18T05:50:00,37,-15
http://irail.be/vehicle/IC727,http://irail.be/stations/NMBS/008896115,IC,2018-04-18T06:01:00,2018-04-18T06:01:00,6,6
http://irail.be/vehicle/IC727,http://irail.be/stations/NMBS/008896149,IC,2018-04-18T06:06:00,2018-04-18T06:05:00,-8,7
http://irail.be/vehicle/IC727,http://irail.be/stations/NMBS/008892106,IC,2018-04-18T06:15:00,2018-04-18T06:15:00,-34,-34
http://irail.be/vehicle/IC727,NO-URI,IC,2018-04-18T06:15:00,2018-04-18T06:15:00,143,143
http://irail.be/vehicle/IC727,http://irail.be/stations/NMBS/008892080,IC,2018-04-18T06:18:00,2018-04-18T06:18:00,180,180
http://irail.be/vehicle/IC727,http://irail.be/stations/NMBS/008892007,IC,2018-04-18T06:27:00,2018-04-18T06:24:00,125,221
http://irail.be/vehicle/IC727,NO-URI,IC,2018-04-18T06:31:00,2018-04-18T06:31:00,148,148
http://irail.be/vehicle/IC727,http://irail.be/stations/NMBS/008893179,IC,2018-04-18T06:32:00,2018-04-18T06:32:00,-59,-59
http://irail.be/vehicle/IC727,http://irail.be/stations/NMBS/008893120,IC,2018-04-18T06:36:00,2018-04-18T06:35:00,90,-59
http://irail.be/vehicle/IC727,http://irail.be/stations/NMBS/008894151,IC,2018-04-18T06:43:00,2018-04-18T06:43:00,62,62
http://irail.be/vehicle/IC727,http://irail.be/stations/NMBS/008894201,IC,2018-04-18T06:50:00,2018-04-18T06:48:00,12,23
http://irail.be/vehicle/IC727,NO-URI,IC,2018-04-18T06:52:00,2018-04-18T06:52:00,-8,-8
http://irail.be/vehicle/IC727,http://irail.be/stations/NMBS/008894425,IC,2018-04-18T06:54:00,2018-04-18T06:54:00,-2,-2
http://irail.be/vehicle/IC727,http://irail.be/stations/NMBS/008894433,IC,2018-04-18T06:55:00,2018-04-18T06:55:00,-6,-6
http://irail.be/vehicle/IC727,http://irail.be/stations/NMBS/008894508,IC,2018-04-18T07:00:00,2018-04-18T06:58:00,-3,3
http://irail.be/vehicle/IC727,NO-URI,IC,2018-04-18T07:02:00,2018-04-18T07:02:00,-1,-1
http://irail.be/vehicle/IC727,http://irail.be/stations/NMBS/008894714,IC,2018-04-18T07:03:00,2018-04-18T07:03:00,-13,-13
http://irail.be/vehicle/IC727,http://irail.be/stations/NMBS/008894748,IC,2018-04-18T07:06:00,2018-04-18T07:06:00,-36,-36
http://irail.be/vehicle/IC727,http://irail.be/stations/NMBS/008894755,IC,2018-04-18T07:07:00,2018-04-18T07:07:00,-37,-37
http://irail.be/vehicle/IC727,http://irail.be/stations/NMBS/008894821,IC,2018-04-18T07:08:00,2018-04-18T07:08:00,5,5
http://irail.be/vehicle/IC727,NO-URI,IC,2018-04-18T07:09:00,2018-04-18T07:09:00,5,5
http://irail.be/vehicle/IC727,http://irail.be/stations/NMBS/008821196,IC,2018-04-18T07:12:00,2018-04-18T07:12:00,15,15
http://irail.be/vehicle/IC727,http://irail.be/stations/NMBS/008821121,IC,2018-04-18T07:19:00,2018-04-18T07:17:00,127,45
http://irail.be/vehicle/IC727,http://irail.be/stations/NMBS/008821006,IC,2018-04-18T07:23:00,2018-04-18T07:23:00,,113
http://irail.be/vehicle/IC727,http://irail.be/stations/NMBS/008896008,IC,2018-09-08T05:58:00,2018-09-08T05:58:00,457,
http://irail.be/vehicle/IC727,http://irail.be/stations/NMBS/008896115,IC,2018-09-08T06:02:00,2018-09-08T06:02:00,445,445
http://irail.be/vehicle/IC727,http://irail.be/stations/NMBS/008896149,IC,2018-09-08T06:08:00,2018-09-08T06:07:00,463,400
http://irail.be/vehicle/IC727,http://irail.be/stations/NMBS/008892106,IC,2018-09-08T06:15:00,2018-09-08T06:15:00,401,401
http://irail.be/vehicle/IC727,NO-URI,IC,2018-09-08T06:15:00,2018-09-08T06:15:00,434,434
http://irail.be/vehicle/IC727,http://irail.be/stations/NMBS/008892080,IC,2018-09-08T06:18:00,2018-09-08T06:18:00,406,406
http://irail.be/vehicle/IC727,http://irail.be/stations/NMBS/008892007,IC,2018-09-08T06:27:00,2018-09-08T06:24:00,301,374
http://irail.be/vehicle/IC727,NO-URI,IC,2018-09-08T06:31:00,2018-09-08T06:31:00,331,331
http://irail.be/vehicle/IC727,http://irail.be/stations/NMBS/008893179,IC,2018-09-08T06:32:00,2018-09-08T06:32:00,121,121
http://irail.be/vehicle/IC727,http://irail.be/stations/NMBS/008893120,IC,2018-09-08T06:36:00,2018-09-08T06:35:00,422,121
http://irail.be/vehicle/IC727,http://irail.be/stations/NMBS/008894151,IC,2018-09-08T06:43:00,2018-09-08T06:43:00,386,386
http://irail.be/vehicle/IC727,http://irail.be/stations/NMBS/008894201,IC,2018-09-08T06:50:00,2018-09-08T06:48:00,288,338
http://irail.be/vehicle/IC727,NO-URI,IC,2018-09-08T06:52:00,2018-09-08T06:52:00,276,276
http://irail.be/vehicle/IC727,http://irail.be/stations/NMBS/008894425,IC,2018-09-08T06:54:00,2018-09-08T06:54:00,280,280
http://irail.be/vehicle/IC727,http://irail.be/stations/NMBS/008894433,IC,2018-09-08T06:55:00,2018-09-08T06:55:00,267,267
http://irail.be/vehicle/IC727,http://irail.be/stations/NMBS/008894508,IC,2018-09-08T07:00:00,2018-09-08T06:58:00,204,252
http://irail.be/vehicle/IC727,NO-URI,IC,2018-09-08T07:02:00,2018-09-08T07:02:00,195,195
http://irail.be/vehicle/IC727,http://irail.be/stations/NMBS/008894714,IC,2018-09-08T07:03:00,2018-09-08T07:03:00,176,176
http://irail.be/vehicle/IC727,http://irail.be/stations/NMBS/008894748,IC,2018-09-08T07:05:00,2018-09-08T07:05:00,193,193
http://irail.be/vehicle/IC727,http://irail.be/stations/NMBS/008894755,IC,2018-09-08T07:07:00,2018-09-08T07:07:00,130,130
http://irail.be/vehicle/IC727,http://irail.be/stations/NMBS/008894821,IC,2018-09-08T07:09:00,2018-09-08T07:09:00,104,104
http://irail.be/vehicle/IC727,http://irail.be/stations/NMBS/008821196,IC,2018-09-08T07:12:00,2018-09-08T07:12:00,112,112
http://irail.be/vehicle/IC727,http://irail.be/stations/NMBS/008821121,IC,2018-09-08T07:19:00,2018-09-08T07:17:00,52,52
http://irail.be/vehicle/IC727,http://irail.be/stations/NMBS/008821006,IC,2018-09-08T07:23:00,2018-09-08T07:23:00,,20
http://irail.be/vehicle/IC727,http://irail.be/stations/NMBS/008896735,IC,2018-02-15T05:08:00,2018-02-15T05:08:00,62,
http://irail.be/vehicle/IC727,http://irail.be/stations/NMBS/008896503,IC,2018-02-15T05:16:00,2018-02-15T05:15:00,24,26
http://irail.be/vehicle/IC727,http://irail.be/stations/NMBS/008896412,IC,2018-02-15T05:26:00,2018-02-15T05:25:00,9,-37
http://irail.be/vehicle/IC727,http://irail.be/stations/NMBS/008896396,IC,2018-02-15T05:30:00,2018-02-15T05:29:00,9,9
http://irail.be/vehicle/IC727,http://irail.be/stations/NMBS/008896305,IC,2018-02-15T05:35:00,2018-02-15T05:34:00,-8,9
http://irail.be/vehicle/IC727,http://irail.be/stations/NMBS/008896370,IC,2018-02-15T05:40:00,2018-02-15T05:40:00,10,-8
http://irail.be/vehicle/IC727,http://irail.be/stations/NMBS/008896388,IC,2018-02-15T05:44:00,2018-02-15T05:44:00,10,10
http://irail.be/vehicle/IC727,http://irail.be/stations/NMBS/008896008,IC,2018-02-15T05:57:00,2018-02-15T05:50:00,56,-48
http://irail.be/vehicle/IC727,http://irail.be/stations/NMBS/008896115,IC,2018-02-15T06:01:00,2018-02-15T06:01:00,97,97
http://irail.be/vehicle/IC727,http://irail.be/stations/NMBS/008896149,IC,2018-02-15T06:06:00,2018-02-15T06:05:00,140,134
http://irail.be/vehicle/IC727,http://irail.be/stations/NMBS/008892106,IC,2018-02-15T06:15:00,2018-02-15T06:15:00,2,2
http://irail.be/vehicle/IC727,NO-URI,IC,2018-02-15T06:15:00,2018-02-15T06:15:00,133,133
http://irail.be/vehicle/IC727,http://irail.be/stations/NMBS/008892080,IC,2018-02-15T06:18:00,2018-02-15T06:18:00,151,151
http://irail.be/vehicle/IC727,http://irail.be/stations/NMBS/008892007,IC,2018-02-15T06:27:00,2018-02-15T06:24:00,43,122
http://irail.be/vehicle/IC727,NO-URI,IC,2018-02-15T06:31:00,2018-02-15T06:31:00,72,72
http://irail.be/vehicle/IC727,http://irail.be/stations/NMBS/008893179,IC,2018-02-15T06:32:00,2018-02-15T06:32:00,-120,-120
http://irail.be/vehicle/IC727,http://irail.be/stations/NMBS/008893120,IC,2018-02-15T06:36:00,2018-02-15T06:35:00,-120,-120
http://irail.be/vehicle/IC727,http://irail.be/stations/NMBS/008894151,IC,2018-02-15T06:43:00,2018-02-15T06:43:00,49,49
http://irail.be/vehicle/IC727,http://irail.be/stations/NMBS/008894201,IC,2018-02-15T06:50:00,2018-02-15T06:48:00,25,4
http://irail.be/vehicle/IC727,NO-URI,IC,2018-02-15T06:52:00,2018-02-15T06:52:00,14,14
http://irail.be/vehicle/IC727,http://irail.be/stations/NMBS/008894425,IC,2018-02-15T06:54:00,2018-02-15T06:54:00,15,15
http://irail.be/vehicle/IC727,http://irail.be/stations/NMBS/008894433,IC,2018-02-15T06:55:00,2018-02-15T06:55:00,3,3
http://irail.be/vehicle/IC727,http://irail.be/stations/NMBS/008894508,IC,2018-02-15T07:00:00,2018-02-15T06:58:00,16,-16
http://irail.be/vehicle/IC727,NO-URI,IC,2018-02-15T07:02:00,2018-02-15T07:02:00,19,19
http://irail.be/vehicle/IC727,http://irail.be/stations/NMBS/008894714,IC,2018-02-15T07:03:00,2018-02-15T07:03:00,4,4
http://irail.be/vehicle/IC727,http://irail.be/stations/NMBS/008894748,IC,2018-02-15T07:06:00,2018-02-15T07:06:00,-33,-33
http://irail.be/vehicle/IC727,http://irail.be/stations/NMBS/008894755,IC,2018-02-15T07:07:00,2018-02-15T07:07:00,-42,-42
http://irail.be/vehicle/IC727,http://irail.be/stations/NMBS/008894821,IC,2018-02-15T07:08:00,2018-02-15T07:08:00,-20,-20
http://irail.be/vehicle/IC727,NO-URI,IC,2018-02-15T07:09:00,2018-02-15T07:09:00,-20,-20
http://irail.be/vehicle/IC727,http://irail.be/stations/NMBS/008821196,IC,2018-02-15T07:12:00,2018-02-15T07:12:00,-57,-57
http://irail.be/vehicle/IC727,http://irail.be/stations/NMBS/008821121,IC,2018-02-15T07:19:00,2018-02-15T07:17:00,34,-43
http://irail.be/vehicle/IC727,http://irail.be/stations/NMBS/008821006,IC,2018-02-15T07:23:00,2018-02-15T07:23:00,,2
http://irail.be/vehicle/IC727,http://irail.be/stations/NMBS/008896735,IC,2018-12-24T05:08:00,2018-12-24T05:08:00,61,
http://irail.be/vehicle/IC727,http://irail.be/stations/NMBS/008896503,IC,2018-12-24T05:16:00,2018-12-24T05:15:00,41,30
http://irail.be/vehicle/IC727,http://irail.be/stations/NMBS/008896412,IC,2018-12-24T05:26:00,2018-12-24T05:25:00,5,5
http://irail.be/vehicle/IC727,http://irail.be/stations/NMBS/008896396,IC,2018-12-24T05:30:00,2018-12-24T05:29:00,5,5
http://irail.be/vehicle/IC727,http://irail.be/stations/NMBS/008896305,IC,2018-12-24T05:35:00,2018-12-24T05:34:00,29,5
http://irail.be/vehicle/IC727,http://irail.be/stations/NMBS/008896370,IC,2018-12-24T05:40:00,2018-12-24T05:39:00,-23,29
http://irail.be/vehicle/IC727,http://irail.be/stations/NMBS/008896388,IC,2018-12-24T05:45:00,2018-12-24T05:44:00,-23,-23
http://irail.be/vehicle/IC727,http://irail.be/stations/NMBS/008896008,IC,2018-12-24T05:58:00,2018-12-24T05:50:00,34,-10
http://irail.be/vehicle/IC727,http://irail.be/stations/NMBS/008896115,IC,2018-12-24T06:02:00,2018-12-24T06:02:00,57,57
http://irail.be/vehicle/IC727,http://irail.be/stations/NMBS/008896149,IC,2018-12-24T06:08:00,2018-12-24T06:07:00,14,15
http://irail.be/vehicle/IC727,http://irail.be/stations/NMBS/008892106,IC,2018-12-24T06:15:00,2018-12-24T06:15:00,-46,-46
http://irail.be/vehicle/IC727,NO-URI,IC,2018-12-24T06:15:00,2018-12-24T06:15:00,-12,-12
http://irail.be/vehicle/IC727,http://irail.be/stations/NMBS/008892080,IC,2018-12-24T06:18:00,2018-12-24T06:18:00,-38,-38
http://irail.be/vehicle/IC727,http://irail.be/stations/NMBS/008892007,IC,2018-12-24T06:27:00,2018-12-24T06:24:00,0,-64
http://irail.be/vehicle/IC727,NO-URI,IC,2018-12-24T06:32:00,2018-12-24T06:32:00,-32,-32
http://irail.be/vehicle/IC727,http://irail.be/stations/NMBS/008893179,IC,2018-12-24T06:33:00,2018-12-24T06:33:00,10,10
http://irail.be/vehicle/IC727,http://irail.be/stations/NMBS/008893120,IC,2018-12-24T06:36:00,2018-12-24T06:35:00,24,-86
http://irail.be/vehicle/IC727,http://irail.be/stations/NMBS/008894151,IC,2018-12-24T06:44:00,2018-12-24T06:44:00,-41,-41
http://irail.be/vehicle/IC727,http://irail.be/stations/NMBS/008894201,IC,2018-12-24T06:50:00,2018-12-24T06:48:00,6,-44
http://irail.be/vehicle/IC727,NO-URI,IC,2018-12-24T06:52:00,2018-12-24T06:52:00,-5,-5
http://irail.be/vehicle/IC727,http://irail.be/stations/NMBS/008894425,IC,2018-12-24T06:54:00,2018-12-24T06:54:00,1,1
http://irail.be/vehicle/IC727,http://irail.be/stations/NMBS/008894433,IC,2018-12-24T06:55:00,2018-12-24T06:55:00,-11,-11
http://irail.be/vehicle/IC727,http://irail.be/stations/NMBS/008894508,IC,2018-12-24T07:00:00,2018-12-24T06:58:00,-8,-17
http://irail.be/vehicle/IC727,NO-URI,IC,2018-12-24T07:02:00,2018-12-24T07:02:00,-15,-15
http://irail.be/vehicle/IC727,http://irail.be/stations/NMBS/008894714,IC,2018-12-24T07:03:00,2018-12-24T07:03:00,-32,-32
http://irail.be/vehicle/IC727,http://irail.be/stations/NMBS/008894748,IC,2018-12-24T07:06:00,2018-12-24T07:06:00,-63,-63
http://irail.be/vehicle/IC727,http://irail.be/stations/NMBS/008894755,IC,2018-12-24T07:07:00,2018-12-24T07:07:00,-67,-67
http://irail.be/vehicle/IC727,http://irail.be/stations/NMBS/008894821,IC,2018-12-24T07:08:00,2018-12-24T07:08:00,-46,-46
http://irail.be/vehicle/IC727,http://irail.be/stations/NMBS/008821196,IC,2018-12-24T07:12:00,2018-12-24T07:12:00,-69,-69
http://irail.be/vehicle/IC727,http://irail.be/stations/NMBS/008821121,IC,2018-12-24T07:19:00,2018-12-24T07:17:00,-15,-72
http://irail.be/vehicle/IC727,http://irail.be/stations/NMBS/008821006,IC,2018-12-24T07:23:00,2018-12-24T07:23:00,,-41
http://irail.be/vehicle/IC727,http://irail.be/stations/NMBS/008896735,IC,2018-09-30T05:08:00,2018-09-30T05:08:00,128,
http://irail.be/vehicle/IC727,http://irail.be/stations/NMBS/008896503,IC,2018-09-30T05:16:00,2018-09-30T05:15:00,148,117
http://irail.be/vehicle/IC727,http://irail.be/stations/NMBS/008896412,IC,2018-09-30T05:26:00,2018-09-30T05:25:00,135,142
http://irail.be/vehicle/IC727,http://irail.be/stations/NMBS/008896396,IC,2018-09-30T05:30:00,2018-09-30T05:29:00,135,135
http://irail.be/vehicle/IC727,http://irail.be/stations/NMBS/008896305,IC,2018-09-30T05:35:00,2018-09-30T05:34:00,130,135
http://irail.be/vehicle/IC727,http://irail.be/stations/NMBS/008896370,IC,2018-09-30T05:40:00,2018-09-30T05:39:00,130,130
http://irail.be/vehicle/IC727,http://irail.be/stations/NMBS/008896388,IC,2018-09-30T05:45:00,2018-09-30T05:44:00,59,59
http://irail.be/vehicle/IC727,http://irail.be/stations/NMBS/008896008,IC,2018-09-30T05:58:00,2018-09-30T05:50:00,99,19
http://irail.be/vehicle/IC727,http://irail.be/stations/NMBS/008896115,IC,2018-09-30T06:02:00,2018-09-30T06:02:00,108,108
http://irail.be/vehicle/IC727,http://irail.be/stations/NMBS/008896149,IC,2018-09-30T06:08:00,2018-09-30T06:07:00,57,67
http://irail.be/vehicle/IC727,http://irail.be/stations/NMBS/008892106,IC,2018-09-30T06:15:00,2018-09-30T06:15:00,-6,-6
http://irail.be/vehicle/IC727,NO-URI,IC,2018-09-30T06:15:00,2018-09-30T06:15:00,29,29
http://irail.be/vehicle/IC727,http://irail.be/stations/NMBS/008892080,IC,2018-09-30T06:18:00,2018-09-30T06:18:00,3,3
http://irail.be/vehicle/IC727,http://irail.be/stations/NMBS/008892007,IC,2018-09-30T06:27:00,2018-09-30T06:24:00,-2,-12
http://irail.be/vehicle/IC727,NO-URI,IC,2018-09-30T06:31:00,2018-09-30T06:31:00,47,47
http://irail.be/vehicle/IC727,http://irail.be/stations/NMBS/008893179,IC,2018-09-30T06:32:00,2018-09-30T06:32:00,-130,-130
http://irail.be/vehicle/IC727,http://irail.be/stations/NMBS/008893120,IC,2018-09-30T06:36:00,2018-09-30T06:35:00,85,-130
http://irail.be/vehicle/IC727,http://irail.be/stations/NMBS/008894151,IC,2018-09-30T06:43:00,2018-09-30T06:43:00,67,67
http://irail.be/vehicle/IC727,http://irail.be/stations/NMBS/008894201,IC,2018-09-30T06:50:00,2018-09-30T06:48:00,1180,33
http://irail.be/vehicle/IC727,NO-URI,IC,2018-09-30T06:52:00,2018-09-30T06:52:00,1174,1174
http://irail.be/vehicle/IC727,http://irail.be/stations/NMBS/008894425,IC,2018-09-30T06:54:00,2018-09-30T06:54:00,1182,1182
http://irail.be/vehicle/IC727,http://irail.be/stations/NMBS/008894433,IC,2018-09-30T06:55:00,2018-09-30T06:55:00,1169,1169
http://irail.be/vehicle/IC727,http://irail.be/stations/NMBS/008894508,IC,2018-09-30T07:00:00,2018-09-30T06:58:00,1118,1160
http://irail.be/vehicle/IC727,NO-URI,IC,2018-09-30T07:02:00,2018-09-30T07:02:00,1111,1111
http://irail.be/vehicle/IC727,http://irail.be/stations/NMBS/008894714,IC,2018-09-30T07:03:00,2018-09-30T07:03:00,1092,1092
http://irail.be/vehicle/IC727,http://irail.be/stations/NMBS/008894748,IC,2018-09-30T07:06:00,2018-09-30T07:06:00,1057,1057
http://irail.be/vehicle/IC727,http://irail.be/stations/NMBS/008894755,IC,2018-09-30T07:07:00,2018-09-30T07:07:00,1049,1049
http://irail.be/vehicle/IC727,http://irail.be/stations/NMBS/008894821,IC,2018-09-30T07:08:00,2018-09-30T07:08:00,1069,1069
http://irail.be/vehicle/IC727,http://irail.be/stations/NMBS/008821196,IC,2018-09-30T07:12:00,2018-09-30T07:12:00,1038,1038
http://irail.be/vehicle/IC727,http://irail.be/stations/NMBS/008821121,IC,2018-09-30T07:19:00,2018-09-30T07:17:00,934,989
http://irail.be/vehicle/IC727,http://irail.be/stations/NMBS/008821006,IC,2018-09-30T07:23:00,2018-09-30T07:23:00,,907
http://irail.be/vehicle/IC727,http://irail.be/stations/NMBS/008896735,IC,2018-05-19T05:08:00,2018-05-19T05:08:00,42,
http://irail.be/vehicle/IC727,http://irail.be/stations/NMBS/008896503,IC,2018-05-19T05:16:00,2018-05-19T05:15:00,4,16
http://irail.be/vehicle/IC727,http://irail.be/stations/NMBS/008896412,IC,2018-05-19T05:26:00,2018-05-19T05:25:00,-21,-17
http://irail.be/vehicle/IC727,http://irail.be/stations/NMBS/008896396,IC,2018-05-19T05:30:00,2018-05-19T05:29:00,-21,-21
http://irail.be/vehicle/IC727,http://irail.be/stations/NMBS/008896305,IC,2018-05-19T05:35:00,2018-05-19T05:34:00,-29,-21
http://irail.be/vehicle/IC727,http://irail.be/stations/NMBS/008896370,IC,2018-05-19T05:40:00,2018-05-19T05:40:00,-18,-29
http://irail.be/vehicle/IC727,http://irail.be/stations/NMBS/008896388,IC,2018-05-19T05:44:00,2018-05-19T05:44:00,-18,-18
http://irail.be/vehicle/IC727,http://irail.be/stations/NMBS/008896008,IC,2018-05-19T05:57:00,2018-05-19T05:50:00,35,-117
http://irail.be/vehicle/IC727,http://irail.be/stations/NMBS/008896115,IC,2018-05-19T06:01:00,2018-05-19T06:01:00,17,17
http://irail.be/vehicle/IC727,http://irail.be/stations/NMBS/008896149,IC,2018-05-19T06:06:00,2018-05-19T06:05:00,30,17
http://irail.be/vehicle/IC727,http://irail.be/stations/NMBS/008892106,IC,2018-05-19T06:15:00,2018-05-19T06:15:00,-117,-117
http://irail.be/vehicle/IC727,NO-URI,IC,2018-05-19T06:15:00,2018-05-19T06:15:00,-98,-98
http://irail.be/vehicle/IC727,http://irail.be/stations/NMBS/008892080,IC,2018-05-19T06:18:00,2018-05-19T06:18:00,-120,-120
http://irail.be/vehicle/IC727,http://irail.be/stations/NMBS/008892007,IC,2018-05-19T06:27:00,2018-05-19T06:24:00,12,-67
http://irail.be/vehicle/IC727,NO-URI,IC,2018-05-19T06:31:00,2018-05-19T06:31:00,61,61
http://irail.be/vehicle/IC727,http://irail.be/stations/NMBS/008893179,IC,2018-05-19T06:32:00,2018-05-19T06:32:00,-106,-106
http://irail.be/vehicle/IC727,http://irail.be/stations/NMBS/008893120,IC,2018-05-19T06:36:00,2018-05-19T06:35:00,122,-106
http://irail.be/vehicle/IC727,http://irail.be/stations/NMBS/008894151,IC,2018-05-19T06:43:00,2018-05-19T06:43:00,245,245
http://irail.be/vehicle/IC727,http://irail.be/stations/NMBS/008894201,IC,2018-05-19T06:50:00,2018-05-19T06:48:00,313,327
http://irail.be/vehicle/IC727,NO-URI,IC,2018-05-19T06:52:00,2018-05-19T06:52:00,311,311
http://irail.be/vehicle/IC727,http://irail.be/stations/NMBS/008894425,IC,2018-05-19T06:54:00,2018-05-19T06:54:00,331,331
http://irail.be/vehicle/IC727,http://irail.be/stations/NMBS/008894433,IC,2018-05-19T06:55:00,2018-05-19T06:55:00,323,323
http://irail.be/vehicle/IC727,http://irail.be/stations/NMBS/008894508,IC,2018-05-19T07:00:00,2018-05-19T06:58:00,291,318
http://irail.be/vehicle/IC727,NO-URI,IC,2018-05-19T07:02:00,2018-05-19T07:02:00,285,285
http://irail.be/vehicle/IC727,http://irail.be/stations/NMBS/008894714,IC,2018-05-19T07:03:00,2018-05-19T07:03:00,266,266
http://irail.be/vehicle/IC727,http://irail.be/stations/NMBS/008894748,IC,2018-05-19T07:06:00,2018-05-19T07:06:00,237,237
http://irail.be/vehicle/IC727,http://irail.be/stations/NMBS/008894755,IC,2018-05-19T07:07:00,2018-05-19T07:07:00,230,230
http://irail.be/vehicle/IC727,http://irail.be/stations/NMBS/008894821,IC,2018-05-19T07:08:00,2018-05-19T07:08:00,251,251
http://irail.be/vehicle/IC727,NO-URI,IC,2018-05-19T07:09:00,2018-05-19T07:09:00,251,251
http://irail.be/vehicle/IC727,http://irail.be/stations/NMBS/008821196,IC,2018-05-19T07:12:00,2018-05-19T07:12:00,216,216
http://irail.be/vehicle/IC727,http://irail.be/stations/NMBS/008821121,IC,2018-05-19T07:19:00,2018-05-19T07:17:00,98,177
http://irail.be/vehicle/IC727,http://irail.be/stations/NMBS/008821006,IC,2018-05-19T07:23:00,2018-05-19T07:23:00,,86
http://irail.be/vehicle/IC727,http://irail.be/stations/NMBS/008896735,IC,2018-12-23T05:08:00,2018-12-23T05:08:00,75,
http://irail.be/vehicle/IC727,http://irail.be/stations/NMBS/008896503,IC,2018-12-23T05:16:00,2018-12-23T05:15:00,948,39
http://irail.be/vehicle/IC727,http://irail.be/stations/NMBS/008896412,IC,2018-12-23T05:26:00,2018-12-23T05:25:00,892,916
http://irail.be/vehicle/IC727,http://irail.be/stations/NMBS/008896396,IC,2018-12-23T05:30:00,2018-12-23T05:29:00,892,892
http://irail.be/vehicle/IC727,http://irail.be/stations/NMBS/008896305,IC,2018-12-23T05:35:00,2018-12-23T05:34:00,863,892
http://irail.be/vehicle/IC727,http://irail.be/stations/NMBS/008896370,IC,2018-12-23T05:40:00,2018-12-23T05:39:00,863,863
http://irail.be/vehicle/IC727,http://irail.be/stations/NMBS/008896388,IC,2018-12-23T05:45:00,2018-12-23T05:44:00,713,713
http://irail.be/vehicle/IC727,http://irail.be/stations/NMBS/008896008,IC,2018-12-23T05:56:00,2018-12-23T05:50:00,744,671
http://irail.be/vehicle/IC727,http://irail.be/stations/NMBS/008896115,IC,2018-12-23T06:01:00,2018-12-23T06:01:00,709,709
http://irail.be/vehicle/IC727,http://irail.be/stations/NMBS/008896149,IC,2018-12-23T06:07:00,2018-12-23T06:06:00,644,664
http://irail.be/vehicle/IC727,http://irail.be/stations/NMBS/008892106,IC,2018-12-23T06:15:00,2018-12-23T06:15:00,535,535
http://irail.be/vehicle/IC727,NO-URI,IC,2018-12-23T06:16:00,2018-12-23T06:16:00,526,526
http://irail.be/vehicle/IC727,http://irail.be/stations/NMBS/008892080,IC,2018-12-23T06:19:00,2018-12-23T06:19:00,473,473
http://irail.be/vehicle/IC727,http://irail.be/stations/NMBS/008892007,IC,2018-12-23T06:27:00,2018-12-23T06:25:00,519,584
http://irail.be/vehicle/IC727,NO-URI,IC,2018-12-23T06:32:00,2018-12-23T06:32:00,487,487
http://irail.be/vehicle/IC727,http://irail.be/stations/NMBS/008893179,IC,2018-12-23T06:33:00,2018-12-23T06:33:00,524,524
http://irail.be/vehicle/IC727,http://irail.be/stations/NMBS/008893120,IC,2018-12-23T06:36:00,2018-12-23T06:35:00,497,422
http://irail.be/vehicle/IC727,http://irail.be/stations/NMBS/008894151,IC,2018-12-23T06:44:00,2018-12-23T06:44:00,420,420
http://irail.be/vehicle/IC727,http://irail.be/stations/NMBS/008894201,IC,2018-12-23T06:50:00,2018-12-23T06:48:00,375,415
http://irail.be/vehicle/IC727,NO-URI,IC,2018-12-23T06:52:00,2018-12-23T06:52:00,376,376
http://irail.be/vehicle/IC727,http://irail.be/stations/NMBS/008894425,IC,2018-12-23T06:54:00,2018-12-23T06:54:00,639,639
http://irail.be/vehicle/IC727,http://irail.be/stations/NMBS/008894433,IC,2018-12-23T06:55:00,2018-12-23T06:55:00,629,629
http://irail.be/vehicle/IC727,http://irail.be/stations/NMBS/008894508,IC,2018-12-23T07:00:00,2018-12-23T06:58:00,570,617
http://irail.be/vehicle/IC727,NO-URI,IC,2018-12-23T07:02:00,2018-12-23T07:02:00,562,562
http://irail.be/vehicle/IC727,http://irail.be/stations/NMBS/008894714,IC,2018-12-23T07:03:00,2018-12-23T07:03:00,547,547
http://irail.be/vehicle/IC727,http://irail.be/stations/NMBS/008894748,IC,2018-12-23T07:06:00,2018-12-23T07:06:00,514,514
http://irail.be/vehicle/IC727,http://irail.be/stations/NMBS/008894755,IC,2018-12-23T07:07:00,2018-12-23T07:07:00,507,507
http://irail.be/vehicle/IC727,http://irail.be/stations/NMBS/008894821,IC,2018-12-23T07:08:00,2018-12-23T07:08:00,527,527
http://irail.be/vehicle/IC727,http://irail.be/stations/NMBS/008821196,IC,2018-12-23T07:12:00,2018-12-23T07:12:00,481,481
http://irail.be/vehicle/IC727,http://irail.be/stations/NMBS/008821121,IC,2018-12-23T07:19:00,2018-12-23T07:17:00,344,428
http://irail.be/vehicle/IC727,http://irail.be/stations/NMBS/008821006,IC,2018-12-23T07:23:00,2018-12-23T07:23:00,,321
http://irail.be/vehicle/IC727,http://irail.be/stations/NMBS/008896735,IC,2018-01-14T05:08:00,2018-01-14T05:08:00,234,
http://irail.be/vehicle/IC727,http://irail.be/stations/NMBS/008896503,IC,2018-01-14T05:16:00,2018-01-14T05:15:00,193,210
http://irail.be/vehicle/IC727,http://irail.be/stations/NMBS/008896412,IC,2018-01-14T05:26:00,2018-01-14T05:25:00,112,165
http://irail.be/vehicle/IC727,http://irail.be/stations/NMBS/008896396,IC,2018-01-14T05:30:00,2018-01-14T05:29:00,112,112
http://irail.be/vehicle/IC727,http://irail.be/stations/NMBS/008896305,IC,2018-01-14T05:35:00,2018-01-14T05:34:00,64,112
http://irail.be/vehicle/IC727,http://irail.be/stations/NMBS/008896370,IC,2018-01-14T05:40:00,2018-01-14T05:40:00,117,64
http://irail.be/vehicle/IC727,http://irail.be/stations/NMBS/008896388,IC,2018-01-14T05:44:00,2018-01-14T05:44:00,117,117
http://irail.be/vehicle/IC727,http://irail.be/stations/NMBS/008896008,IC,2018-01-14T05:57:00,2018-01-14T05:50:00,36,82
http://irail.be/vehicle/IC727,http://irail.be/stations/NMBS/008896115,IC,2018-01-14T06:01:00,2018-01-14T06:01:00,101,101
http://irail.be/vehicle/IC727,http://irail.be/stations/NMBS/008896149,IC,2018-01-14T06:06:00,2018-01-14T06:05:00,202,242
http://irail.be/vehicle/IC727,http://irail.be/stations/NMBS/008892106,IC,2018-01-14T06:15:00,2018-01-14T06:15:00,73,73
http://irail.be/vehicle/IC727,NO-URI,IC,2018-01-14T06:15:00,2018-01-14T06:15:00,92,92
http://irail.be/vehicle/IC727,http://irail.be/stations/NMBS/008892080,IC,2018-01-14T06:18:00,2018-01-14T06:18:00,81,81
http://irail.be/vehicle/IC727,http://irail.be/stations/NMBS/008892007,IC,2018-01-14T06:27:00,2018-01-14T06:24:00,-7,49
http://irail.be/vehicle/IC727,NO-URI,IC,2018-01-14T06:31:00,2018-01-14T06:31:00,26,26
http://irail.be/vehicle/IC727,http://irail.be/stations/NMBS/008893179,IC,2018-01-14T06:32:00,2018-01-14T06:32:00,-178,-178
http://irail.be/vehicle/IC727,http://irail.be/stations/NMBS/008893120,IC,2018-01-14T06:36:00,2018-01-14T06:35:00,-178,-178
http://irail.be/vehicle/IC727,http://irail.be/stations/NMBS/008894151,IC,2018-01-14T06:43:00,2018-01-14T06:43:00,-5,-5
http://irail.be/vehicle/IC727,http://irail.be/stations/NMBS/008894201,IC,2018-01-14T06:50:00,2018-01-14T06:48:00,39,-36
http://irail.be/vehicle/IC727,NO-URI,IC,2018-01-14T06:52:00,2018-01-14T06:52:00,41,41
http://irail.be/vehicle/IC727,http://irail.be/stations/NMBS/008894425,IC,2018-01-14T06:54:00,2018-01-14T06:54:00,60,60
http://irail.be/vehicle/IC727,http://irail.be/stations/NMBS/008894433,IC,2018-01-14T06:55:00,2018-01-14T06:55:00,50,50
http://irail.be/vehicle/IC727,http://irail.be/stations/NMBS/008894508,IC,2018-01-14T07:00:00,2018-01-14T06:58:00,23,54
http://irail.be/vehicle/IC727,NO-URI,IC,2018-01-14T07:02:00,2018-01-14T07:02:00,17,17
http://irail.be/vehicle/IC727,http://irail.be/stations/NMBS/008894714,IC,2018-01-14T07:03:00,2018-01-14T07:03:00,2,2
http://irail.be/vehicle/IC727,http://irail.be/stations/NMBS/008894748,IC,2018-01-14T07:06:00,2018-01-14T07:06:00,-20,-20
http://irail.be/vehicle/IC727,http://irail.be/stations/NMBS/008894755,IC,2018-01-14T07:07:00,2018-01-14T07:07:00,-23,-23
http://irail.be/vehicle/IC727,http://irail.be/stations/NMBS/008894821,IC,2018-01-14T07:08:00,2018-01-14T07:08:00,12,12
http://irail.be/vehicle/IC727,NO-URI,IC,2018-01-14T07:09:00,2018-01-14T07:09:00,12,12
http://irail.be/vehicle/IC727,http://irail.be/stations/NMBS/008821196,IC,2018-01-14T07:12:00,2018-01-14T07:12:00,112,112
http://irail.be/vehicle/IC727,http://irail.be/stations/NMBS/008821121,IC,2018-01-14T07:19:00,2018-01-14T07:17:00,26,85
http://irail.be/vehicle/IC727,http://irail.be/stations/NMBS/008821006,IC,2018-01-14T07:23:00,2018-01-14T07:23:00,,2
http://irail.be/vehicle/IC727,http://irail.be/stations/NMBS/008896735,IC,2018-01-02T05:08:00,2018-01-02T05:08:00,96,
http://irail.be/vehicle/IC727,http://irail.be/stations/NMBS/008896503,IC,2018-01-02T05:16:00,2018-01-02T05:15:00,91,61
http://irail.be/vehicle/IC727,http://irail.be/stations/NMBS/008896412,IC,2018-01-02T05:26:00,2018-01-02T05:25:00,56,66
http://irail.be/vehicle/IC727,http://irail.be/stations/NMBS/008896396,IC,2018-01-02T05:30:00,2018-01-02T05:29:00,56,56
http://irail.be/vehicle/IC727,http://irail.be/stations/NMBS/008896305,IC,2018-01-02T05:35:00,2018-01-02T05:34:00,50,56
http://irail.be/vehicle/IC727,http://irail.be/stations/NMBS/008896370,IC,2018-01-02T05:40:00,2018-01-02T05:40:00,50,50
http://irail.be/vehicle/IC727,http://irail.be/stations/NMBS/008896388,IC,2018-01-02T05:44:00,2018-01-02T05:44:00,42,42
http://irail.be/vehicle/IC727,http://irail.be/stations/NMBS/008896008,IC,2018-01-02T05:57:00,2018-01-02T05:50:00,110,31
http://irail.be/vehicle/IC727,http://irail.be/stations/NMBS/008896115,IC,2018-01-02T06:01:00,2018-01-02T06:01:00,97,97
http://irail.be/vehicle/IC727,http://irail.be/stations/NMBS/008896149,IC,2018-01-02T06:06:00,2018-01-02T06:05:00,109,97
http://irail.be/vehicle/IC727,http://irail.be/stations/NMBS/008892106,IC,2018-01-02T06:15:00,2018-01-02T06:15:00,-13,-13
http://irail.be/vehicle/IC727,NO-URI,IC,2018-01-02T06:15:00,2018-01-02T06:15:00,2,2
http://irail.be/vehicle/IC727,http://irail.be/stations/NMBS/008892080,IC,2018-01-02T06:18:00,2018-01-02T06:18:00,-25,-25
http://irail.be/vehicle/IC727,http://irail.be/stations/NMBS/008892007,IC,2018-01-02T06:27:00,2018-01-02T06:24:00,8,-52
http://irail.be/vehicle/IC727,NO-URI,IC,2018-01-02T06:31:00,2018-01-02T06:31:00,31,31
http://irail.be/vehicle/IC727,http://irail.be/stations/NMBS/008893179,IC,2018-01-02T06:32:00,2018-01-02T06:32:00,-175,-175
http://irail.be/vehicle/IC727,http://irail.be/stations/NMBS/008893120,IC,2018-01-02T06:36:00,2018-01-02T06:35:00,-175,-175
http://irail.be/vehicle/IC727,http://irail.be/stations/NMBS/008894151,IC,2018-01-02T06:43:00,2018-01-02T06:43:00,17,17
http://irail.be/vehicle/IC727,http://irail.be/stations/NMBS/008894201,IC,2018-01-02T06:50:00,2018-01-02T06:48:00,59,-33
http://irail.be/vehicle/IC727,NO-URI,IC,2018-01-02T06:52:00,2018-01-02T06:52:00,45,45
http://irail.be/vehicle/IC727,http://irail.be/stations/NMBS/008894425,IC,2018-01-02T06:54:00,2018-01-02T06:54:00,49,49
http://irail.be/vehicle/IC727,http://irail.be/stations/NMBS/008894433,IC,2018-01-02T06:55:00,2018-01-02T06:55:00,37,37
http://irail.be/vehicle/IC727,http://irail.be/stations/NMBS/008894508,IC,2018-01-02T07:00:00,2018-01-02T06:58:00,14,19
http://irail.be/vehicle/IC727,NO-URI,IC,2018-01-02T07:02:00,2018-01-02T07:02:00,11,11
http://irail.be/vehicle/IC727,http://irail.be/stations/NMBS/008894714,IC,2018-01-02T07:03:00,2018-01-02T07:03:00,-4,-4
http://irail.be/vehicle/IC727,http://irail.be/stations/NMBS/008894748,IC,2018-01-02T07:06:00,2018-01-02T07:06:00,-35,-35
http://irail.be/vehicle/IC727,http://irail.be/stations/NMBS/008894755,IC,2018-01-02T07:07:00,2018-01-02T07:07:00,-43,-43
http://irail.be/vehicle/IC727,http://irail.be/stations/NMBS/008894821,IC,2018-01-02T07:08:00,2018-01-02T07:08:00,-20,-20
http://irail.be/vehicle/IC727,NO-URI,IC,2018-01-02T07:09:00,2018-01-02T07:09:00,-20,-20
http://irail.be/vehicle/IC727,http://irail.be/stations/NMBS/008821196,IC,2018-01-02T07:12:00,2018-01-02T07:12:00,-55,-55
http://irail.be/vehicle/IC727,http://irail.be/stations/NMBS/008821121,IC,2018-01-02T07:19:00,2018-01-02T07:17:00,19,-27
http://irail.be/vehicle/IC727,http://irail.be/stations/NMBS/008821006,IC,2018-01-02T07:23:00,2018-01-02T07:23:00,,-8
http://irail.be/vehicle/IC727,http://irail.be/stations/NMBS/008896735,IC,2018-07-09T05:08:00,2018-07-09T05:08:00,54,
http://irail.be/vehicle/IC727,http://irail.be/stations/NMBS/008896503,IC,2018-07-09T05:16:00,2018-07-09T05:15:00,20,26
http://irail.be/vehicle/IC727,http://irail.be/stations/NMBS/008896412,IC,2018-07-09T05:26:00,2018-07-09T05:25:00,-22,-13
http://irail.be/vehicle/IC727,http://irail.be/stations/NMBS/008896396,IC,2018-07-09T05:30:00,2018-07-09T05:29:00,-22,-22
http://irail.be/vehicle/IC727,http://irail.be/stations/NMBS/008896305,IC,2018-07-09T05:35:00,2018-07-09T05:34:00,-20,-22
http://irail.be/vehicle/IC727,http://irail.be/stations/NMBS/008896370,IC,2018-07-09T05:40:00,2018-07-09T05:39:00,-22,-20
http://irail.be/vehicle/IC727,http://irail.be/stations/NMBS/008896388,IC,2018-07-09T05:45:00,2018-07-09T05:44:00,-22,-22
http://irail.be/vehicle/IC727,http://irail.be/stations/NMBS/008896008,IC,2018-07-09T05:58:00,2018-07-09T05:50:00,101,1
http://irail.be/vehicle/IC727,http://irail.be/stations/NMBS/008896115,IC,2018-07-09T06:02:00,2018-07-09T06:02:00,171,171
http://irail.be/vehicle/IC727,http://irail.be/stations/NMBS/008896149,IC,2018-07-09T06:08:00,2018-07-09T06:07:00,116,139
http://irail.be/vehicle/IC727,http://irail.be/stations/NMBS/008892106,IC,2018-07-09T06:15:00,2018-07-09T06:15:00,55,55
http://irail.be/vehicle/IC727,NO-URI,IC,2018-07-09T06:15:00,2018-07-09T06:15:00,91,91
http://irail.be/vehicle/IC727,http://irail.be/stations/NMBS/008892080,IC,2018-07-09T06:18:00,2018-07-09T06:18:00,64,64
http://irail.be/vehicle/IC727,http://irail.be/stations/NMBS/008892007,IC,2018-07-09T06:27:00,2018-07-09T06:24:00,0,24
http://irail.be/vehicle/IC727,NO-URI,IC,2018-07-09T06:31:00,2018-07-09T06:31:00,8,8
http://irail.be/vehicle/IC727,http://irail.be/stations/NMBS/008893179,IC,2018-07-09T06:32:00,2018-07-09T06:32:00,-205,-205
http://irail.be/vehicle/IC727,http://irail.be/stations/NMBS/008893120,IC,2018-07-09T06:36:00,2018-07-09T06:35:00,18,-205
http://irail.be/vehicle/IC727,http://irail.be/stations/NMBS/008894151,IC,2018-07-09T06:43:00,2018-07-09T06:43:00,0,0
http://irail.be/vehicle/IC727,http://irail.be/stations/NMBS/008894201,IC,2018-07-09T06:50:00,2018-07-09T06:48:00,-1,-47
http://irail.be/vehicle/IC727,NO-URI,IC,2018-07-09T06:52:00,2018-07-09T06:52:00,-21,-21
http://irail.be/vehicle/IC727,http://irail.be/stations/NMBS/008894425,IC,2018-07-09T06:54:00,2018-07-09T06:54:00,-19,-19
http://irail.be/vehicle/IC727,http://irail.be/stations/NMBS/008894433,IC,2018-07-09T06:55:00,2018-07-09T06:55:00,-31,-31
http://irail.be/vehicle/IC727,http://irail.be/stations/NMBS/008894508,IC,2018-07-09T07:00:00,2018-07-09T06:58:00,-17,-55
http://irail.be/vehicle/IC727,NO-URI,IC,2018-07-09T07:02:00,2018-07-09T07:02:00,-29,-29
http://irail.be/vehicle/IC727,http://irail.be/stations/NMBS/008894714,IC,2018-07-09T07:03:00,2018-07-09T07:03:00,-47,-47
http://irail.be/vehicle/IC727,http://irail.be/stations/NMBS/008894748,IC,2018-07-09T07:06:00,2018-07-09T07:06:00,-84,-84
http://irail.be/vehicle/IC727,http://irail.be/stations/NMBS/008894755,IC,2018-07-09T07:07:00,2018-07-09T07:07:00,-91,-91
http://irail.be/vehicle/IC727,http://irail.be/stations/NMBS/008894821,IC,2018-07-09T07:08:00,2018-07-09T07:08:00,-72,-72
http://irail.be/vehicle/IC727,http://irail.be/stations/NMBS/008821196,IC,2018-07-09T07:12:00,2018-07-09T07:12:00,-108,-108
http://irail.be/vehicle/IC727,http://irail.be/stations/NMBS/008821121,IC,2018-07-09T07:19:00,2018-07-09T07:17:00,-17,-34
http://irail.be/vehicle/IC727,http://irail.be/stations/NMBS/008821006,IC,2018-07-09T07:23:00,2018-07-09T07:23:00,,-52
http://irail.be/vehicle/IC727,http://irail.be/stations/NMBS/008896735,IC,2018-08-31T05:08:00,2018-08-31T05:08:00,33,
http://irail.be/vehicle/IC727,http://irail.be/stations/NMBS/008896503,IC,2018-08-31T05:16:00,2018-08-31T05:15:00,8,2
http://irail.be/vehicle/IC727,http://irail.be/stations/NMBS/008896412,IC,2018-08-31T05:26:00,2018-08-31T05:25:00,-7,-27
http://irail.be/vehicle/IC727,http://irail.be/stations/NMBS/008896396,IC,2018-08-31T05:30:00,2018-08-31T05:29:00,-7,-7
http://irail.be/vehicle/IC727,http://irail.be/stations/NMBS/008896305,IC,2018-08-31T05:35:00,2018-08-31T05:34:00,-17,-7
http://irail.be/vehicle/IC727,http://irail.be/stations/NMBS/008896370,IC,2018-08-31T05:40:00,2018-08-31T05:39:00,2,-17
http://irail.be/vehicle/IC727,http://irail.be/stations/NMBS/008896388,IC,2018-08-31T05:45:00,2018-08-31T05:44:00,2,2
http://irail.be/vehicle/IC727,http://irail.be/stations/NMBS/008896008,IC,2018-08-31T05:58:00,2018-08-31T05:50:00,333,44
http://irail.be/vehicle/IC727,http://irail.be/stations/NMBS/008896115,IC,2018-08-31T06:02:00,2018-08-31T06:02:00,319,319
http://irail.be/vehicle/IC727,http://irail.be/stations/NMBS/008896149,IC,2018-08-31T06:08:00,2018-08-31T06:07:00,235,272
http://irail.be/vehicle/IC727,http://irail.be/stations/NMBS/008892106,IC,2018-08-31T06:15:00,2018-08-31T06:15:00,164,164
http://irail.be/vehicle/IC727,NO-URI,IC,2018-08-31T06:15:00,2018-08-31T06:15:00,195,195
http://irail.be/vehicle/IC727,http://irail.be/stations/NMBS/008892080,IC,2018-08-31T06:18:00,2018-08-31T06:18:00,163,163
http://irail.be/vehicle/IC727,http://irail.be/stations/NMBS/008892007,IC,2018-08-31T06:27:00,2018-08-31T06:24:00,12,117
http://irail.be/vehicle/IC727,NO-URI,IC,2018-08-31T06:31:00,2018-08-31T06:31:00,31,31
http://irail.be/vehicle/IC727,http://irail.be/stations/NMBS/008893179,IC,2018-08-31T06:32:00,2018-08-31T06:32:00,-134,-134
http://irail.be/vehicle/IC727,http://irail.be/stations/NMBS/008893120,IC,2018-08-31T06:36:00,2018-08-31T06:35:00,111,-134
http://irail.be/vehicle/IC727,http://irail.be/stations/NMBS/008894151,IC,2018-08-31T06:43:00,2018-08-31T06:43:00,63,63
http://irail.be/vehicle/IC727,http://irail.be/stations/NMBS/008894201,IC,2018-08-31T06:50:00,2018-08-31T06:48:00,7,13
http://irail.be/vehicle/IC727,NO-URI,IC,2018-08-31T06:52:00,2018-08-31T06:52:00,-8,-8
http://irail.be/vehicle/IC727,http://irail.be/stations/NMBS/008894425,IC,2018-08-31T06:54:00,2018-08-31T06:54:00,-18,-18
http://irail.be/vehicle/IC727,http://irail.be/stations/NMBS/008894433,IC,2018-08-31T06:55:00,2018-08-31T06:55:00,-35,-35
http://irail.be/vehicle/IC727,http://irail.be/stations/NMBS/008894508,IC,2018-08-31T07:00:00,2018-08-31T06:58:00,-38,-70
http://irail.be/vehicle/IC727,NO-URI,IC,2018-08-31T07:02:00,2018-08-31T07:02:00,-41,-41
http://irail.be/vehicle/IC727,http://irail.be/stations/NMBS/008894714,IC,2018-08-31T07:03:00,2018-08-31T07:03:00,-58,-58
http://irail.be/vehicle/IC727,http://irail.be/stations/NMBS/008894748,IC,2018-08-31T07:06:00,2018-08-31T07:06:00,-94,-94
http://irail.be/vehicle/IC727,http://irail.be/stations/NMBS/008894755,IC,2018-08-31T07:07:00,2018-08-31T07:07:00,-102,-102
http://irail.be/vehicle/IC727,http://irail.be/stations/NMBS/008894821,IC,2018-08-31T07:08:00,2018-08-31T07:08:00,-86,-86
http://irail.be/vehicle/IC727,http://irail.be/stations/NMBS/008821196,IC,2018-08-31T07:12:00,2018-08-31T07:12:00,-118,-118
http://irail.be/vehicle/IC727,http://irail.be/stations/NMBS/008821121,IC,2018-08-31T07:19:00,2018-08-31T07:17:00,-22,-72
http://irail.be/vehicle/IC727,http://irail.be/stations/NMBS/008821006,IC,2018-08-31T07:23:00,2018-08-31T07:23:00,,-59
http://irail.be/vehicle/IC727,http://irail.be/stations/NMBS/008896735,IC,2018-04-21T05:08:00,2018-04-21T05:08:00,46,
http://irail.be/vehicle/IC727,http://irail.be/stations/NMBS/008896503,IC,2018-04-21T05:16:00,2018-04-21T05:15:00,-5,12
http://irail.be/vehicle/IC727,http://irail.be/stations/NMBS/008896412,IC,2018-04-21T05:26:00,2018-04-21T05:25:00,12,-41
http://irail.be/vehicle/IC727,http://irail.be/stations/NMBS/008896396,IC,2018-04-21T05:30:00,2018-04-21T05:29:00,12,12
http://irail.be/vehicle/IC727,http://irail.be/stations/NMBS/008896305,IC,2018-04-21T05:35:00,2018-04-21T05:34:00,22,12
http://irail.be/vehicle/IC727,http://irail.be/stations/NMBS/008896370,IC,2018-04-21T05:40:00,2018-04-21T05:40:00,22,22
http://irail.be/vehicle/IC727,http://irail.be/stations/NMBS/008896388,IC,2018-04-21T05:44:00,2018-04-21T05:44:00,7,7
http://irail.be/vehicle/IC727,http://irail.be/stations/NMBS/008896008,IC,2018-04-21T05:57:00,2018-04-21T05:50:00,38,21
http://irail.be/vehicle/IC727,http://irail.be/stations/NMBS/008896115,IC,2018-04-21T06:01:00,2018-04-21T06:01:00,15,15
http://irail.be/vehicle/IC727,http://irail.be/stations/NMBS/008896149,IC,2018-04-21T06:06:00,2018-04-21T06:05:00,16,23
http://irail.be/vehicle/IC727,http://irail.be/stations/NMBS/008892106,IC,2018-04-21T06:15:00,2018-04-21T06:15:00,-140,-140
http://irail.be/vehicle/IC727,NO-URI,IC,2018-04-21T06:15:00,2018-04-21T06:15:00,-124,-124
http://irail.be/vehicle/IC727,http://irail.be/stations/NMBS/008892080,IC,2018-04-21T06:18:00,2018-04-21T06:18:00,-150,-150
http://irail.be/vehicle/IC727,http://irail.be/stations/NMBS/008892007,IC,2018-04-21T06:27:00,2018-04-21T06:24:00,9,-134
http://irail.be/vehicle/IC727,NO-URI,IC,2018-04-21T06:31:00,2018-04-21T06:31:00,57,57
http://irail.be/vehicle/IC727,http://irail.be/stations/NMBS/008893179,IC,2018-04-21T06:32:00,2018-04-21T06:32:00,-140,-140
http://irail.be/vehicle/IC727,http://irail.be/stations/NMBS/008893120,IC,2018-04-21T06:36:00,2018-04-21T06:35:00,35,-140
http://irail.be/vehicle/IC727,http://irail.be/stations/NMBS/008894151,IC,2018-04-21T06:43:00,2018-04-21T06:43:00,33,33
http://irail.be/vehicle/IC727,http://irail.be/stations/NMBS/008894201,IC,2018-04-21T06:50:00,2018-04-21T06:48:00,2,-15
http://irail.be/vehicle/IC727,NO-URI,IC,2018-04-21T06:52:00,2018-04-21T06:52:00,1,1
http://irail.be/vehicle/IC727,http://irail.be/stations/NMBS/008894425,IC,2018-04-21T06:54:00,2018-04-21T06:54:00,2,2
http://irail.be/vehicle/IC727,http://irail.be/stations/NMBS/008894433,IC,2018-04-21T06:55:00,2018-04-21T06:55:00,-8,-8
http://irail.be/vehicle/IC727,http://irail.be/stations/NMBS/008894508,IC,2018-04-21T07:00:00,2018-04-21T06:58:00,4,-10
http://irail.be/vehicle/IC727,NO-URI,IC,2018-04-21T07:02:00,2018-04-21T07:02:00,-3,-3
http://irail.be/vehicle/IC727,http://irail.be/stations/NMBS/008894714,IC,2018-04-21T07:03:00,2018-04-21T07:03:00,-21,-21
http://irail.be/vehicle/IC727,http://irail.be/stations/NMBS/008894748,IC,2018-04-21T07:06:00,2018-04-21T07:06:00,-59,-59
http://irail.be/vehicle/IC727,http://irail.be/stations/NMBS/008894755,IC,2018-04-21T07:07:00,2018-04-21T07:07:00,-63,-63
http://irail.be/vehicle/IC727,http://irail.be/stations/NMBS/008894821,IC,2018-04-21T07:08:00,2018-04-21T07:08:00,-45,-45
http://irail.be/vehicle/IC727,NO-URI,IC,2018-04-21T07:09:00,2018-04-21T07:09:00,-45,-45
http://irail.be/vehicle/IC727,http://irail.be/stations/NMBS/008821196,IC,2018-04-21T07:12:00,2018-04-21T07:12:00,-80,-80
http://irail.be/vehicle/IC727,http://irail.be/stations/NMBS/008821121,IC,2018-04-21T07:19:00,2018-04-21T07:17:00,-4,-129
http://irail.be/vehicle/IC727,http://irail.be/stations/NMBS/008821006,IC,2018-04-21T07:23:00,2018-04-21T07:23:00,,-15
http://irail.be/vehicle/IC727,http://irail.be/stations/NMBS/008896735,IC,2018-02-13T05:08:00,2018-02-13T05:08:00,66,
http://irail.be/vehicle/IC727,http://irail.be/stations/NMBS/008896503,IC,2018-02-13T05:16:00,2018-02-13T05:15:00,34,38
http://irail.be/vehicle/IC727,http://irail.be/stations/NMBS/008896412,IC,2018-02-13T05:26:00,2018-02-13T05:25:00,-14,-11
http://irail.be/vehicle/IC727,http://irail.be/stations/NMBS/008896396,IC,2018-02-13T05:30:00,2018-02-13T05:29:00,-14,-14
http://irail.be/vehicle/IC727,http://irail.be/stations/NMBS/008896305,IC,2018-02-13T05:35:00,2018-02-13T05:34:00,-27,-14
http://irail.be/vehicle/IC727,http://irail.be/stations/NMBS/008896370,IC,2018-02-13T05:40:00,2018-02-13T05:40:00,126,-27
http://irail.be/vehicle/IC727,http://irail.be/stations/NMBS/008896388,IC,2018-02-13T05:44:00,2018-02-13T05:44:00,126,126
http://irail.be/vehicle/IC727,http://irail.be/stations/NMBS/008896008,IC,2018-02-13T05:57:00,2018-02-13T05:50:00,115,163
http://irail.be/vehicle/IC727,http://irail.be/stations/NMBS/008896115,IC,2018-02-13T06:01:00,2018-02-13T06:01:00,153,153
http://irail.be/vehicle/IC727,http://irail.be/stations/NMBS/008896149,IC,2018-02-13T06:06:00,2018-02-13T06:05:00,155,180
http://irail.be/vehicle/IC727,http://irail.be/stations/NMBS/008892106,IC,2018-02-13T06:15:00,2018-02-13T06:15:00,0,0
http://irail.be/vehicle/IC727,NO-URI,IC,2018-02-13T06:15:00,2018-02-13T06:15:00,16,16
http://irail.be/vehicle/IC727,http://irail.be/stations/NMBS/008892080,IC,2018-02-13T06:18:00,2018-02-13T06:18:00,1,1
http://irail.be/vehicle/IC727,http://irail.be/stations/NMBS/008892007,IC,2018-02-13T06:27:00,2018-02-13T06:24:00,16,30
http://irail.be/vehicle/IC727,NO-URI,IC,2018-02-13T06:31:00,2018-02-13T06:31:00,25,25
http://irail.be/vehicle/IC727,http://irail.be/stations/NMBS/008893179,IC,2018-02-13T06:32:00,2018-02-13T06:32:00,-169,-169
http://irail.be/vehicle/IC727,http://irail.be/stations/NMBS/008893120,IC,2018-02-13T06:36:00,2018-02-13T06:35:00,-169,-169
http://irail.be/vehicle/IC727,http://irail.be/stations/NMBS/008894151,IC,2018-02-13T06:43:00,2018-02-13T06:43:00,-3,-3
http://irail.be/vehicle/IC727,http://irail.be/stations/NMBS/008894201,IC,2018-02-13T06:50:00,2018-02-13T06:48:00,11,-51
http://irail.be/vehicle/IC727,NO-URI,IC,2018-02-13T06:52:00,2018-02-13T06:52:00,-8,-8
http://irail.be/vehicle/IC727,http://irail.be/stations/NMBS/008894425,IC,2018-02-13T06:54:00,2018-02-13T06:54:00,-8,-8
http://irail.be/vehicle/IC727,http://irail.be/stations/NMBS/008894433,IC,2018-02-13T06:55:00,2018-02-13T06:55:00,-20,-20
http://irail.be/vehicle/IC727,http://irail.be/stations/NMBS/008894508,IC,2018-02-13T07:00:00,2018-02-13T06:58:00,2,-37
http://irail.be/vehicle/IC727,NO-URI,IC,2018-02-13T07:02:00,2018-02-13T07:02:00,-10,-10
http://irail.be/vehicle/IC727,http://irail.be/stations/NMBS/008894714,IC,2018-02-13T07:03:00,2018-02-13T07:03:00,-29,-29
http://irail.be/vehicle/IC727,http://irail.be/stations/NMBS/008894748,IC,2018-02-13T07:06:00,2018-02-13T07:06:00,-65,-65
http://irail.be/vehicle/IC727,http://irail.be/stations/NMBS/008894755,IC,2018-02-13T07:07:00,2018-02-13T07:07:00,-73,-73
http://irail.be/vehicle/IC727,http://irail.be/stations/NMBS/008894821,IC,2018-02-13T07:08:00,2018-02-13T07:08:00,-49,-49
http://irail.be/vehicle/IC727,NO-URI,IC,2018-02-13T07:09:00,2018-02-13T07:09:00,-49,-49
http://irail.be/vehicle/IC727,http://irail.be/stations/NMBS/008821196,IC,2018-02-13T07:12:00,2018-02-13T07:12:00,-58,-58
http://irail.be/vehicle/IC727,http://irail.be/stations/NMBS/008821121,IC,2018-02-13T07:19:00,2018-02-13T07:17:00,46,41
http://irail.be/vehicle/IC727,http://irail.be/stations/NMBS/008821006,IC,2018-02-13T07:23:00,2018-02-13T07:23:00,,84
http://irail.be/vehicle/IC727,http://irail.be/stations/NMBS/008896735,IC,2018-03-27T05:08:00,2018-03-27T05:08:00,56,
http://irail.be/vehicle/IC727,http://irail.be/stations/NMBS/008896503,IC,2018-03-27T05:16:00,2018-03-27T05:15:00,98,24
http://irail.be/vehicle/IC727,http://irail.be/stations/NMBS/008896412,IC,2018-03-27T05:26:00,2018-03-27T05:25:00,36,57
http://irail.be/vehicle/IC727,http://irail.be/stations/NMBS/008896396,IC,2018-03-27T05:30:00,2018-03-27T05:29:00,36,36
http://irail.be/vehicle/IC727,http://irail.be/stations/NMBS/008896305,IC,2018-03-27T05:35:00,2018-03-27T05:34:00,19,36
http://irail.be/vehicle/IC727,http://irail.be/stations/NMBS/008896370,IC,2018-03-27T05:40:00,2018-03-27T05:40:00,67,19
http://irail.be/vehicle/IC727,http://irail.be/stations/NMBS/008896388,IC,2018-03-27T05:44:00,2018-03-27T05:44:00,67,67
http://irail.be/vehicle/IC727,http://irail.be/stations/NMBS/008896008,IC,2018-03-27T05:57:00,2018-03-27T05:50:00,56,14
http://irail.be/vehicle/IC727,http://irail.be/stations/NMBS/008896115,IC,2018-03-27T06:01:00,2018-03-27T06:01:00,20,20
http://irail.be/vehicle/IC727,http://irail.be/stations/NMBS/008896149,IC,2018-03-27T06:06:00,2018-03-27T06:05:00,8,14
http://irail.be/vehicle/IC727,http://irail.be/stations/NMBS/008892106,IC,2018-03-27T06:15:00,2018-03-27T06:15:00,-63,-63
http://irail.be/vehicle/IC727,NO-URI,IC,2018-03-27T06:15:00,2018-03-27T06:15:00,3,3
http://irail.be/vehicle/IC727,http://irail.be/stations/NMBS/008892080,IC,2018-03-27T06:18:00,2018-03-27T06:18:00,-4,-4
http://irail.be/vehicle/IC727,http://irail.be/stations/NMBS/008892007,IC,2018-03-27T06:27:00,2018-03-27T06:24:00,202,126
http://irail.be/vehicle/IC727,NO-URI,IC,2018-03-27T06:31:00,2018-03-27T06:31:00,209,209
http://irail.be/vehicle/IC727,http://irail.be/stations/NMBS/008893179,IC,2018-03-27T06:32:00,2018-03-27T06:32:00,-6,-6
http://irail.be/vehicle/IC727,http://irail.be/stations/NMBS/008893120,IC,2018-03-27T06:36:00,2018-03-27T06:35:00,-6,-6
http://irail.be/vehicle/IC727,http://irail.be/stations/NMBS/008894151,IC,2018-03-27T06:43:00,2018-03-27T06:43:00,107,107
http://irail.be/vehicle/IC727,http://irail.be/stations/NMBS/008894201,IC,2018-03-27T06:50:00,2018-03-27T06:48:00,17,56
http://irail.be/vehicle/IC727,NO-URI,IC,2018-03-27T06:52:00,2018-03-27T06:52:00,14,14
http://irail.be/vehicle/IC727,http://irail.be/stations/NMBS/008894425,IC,2018-03-27T06:54:00,2018-03-27T06:54:00,19,19
http://irail.be/vehicle/IC727,http://irail.be/stations/NMBS/008894433,IC,2018-03-27T06:55:00,2018-03-27T06:55:00,7,7
http://irail.be/vehicle/IC727,http://irail.be/stations/NMBS/008894508,IC,2018-03-27T07:00:00,2018-03-27T06:58:00,11,-17
http://irail.be/vehicle/IC727,NO-URI,IC,2018-03-27T07:02:00,2018-03-27T07:02:00,13,13
http://irail.be/vehicle/IC727,http://irail.be/stations/NMBS/008894714,IC,2018-03-27T07:03:00,2018-03-27T07:03:00,-2,-2
http://irail.be/vehicle/IC727,http://irail.be/stations/NMBS/008894748,IC,2018-03-27T07:06:00,2018-03-27T07:06:00,-37,-37
http://irail.be/vehicle/IC727,http://irail.be/stations/NMBS/008894755,IC,2018-03-27T07:07:00,2018-03-27T07:07:00,-47,-47
http://irail.be/vehicle/IC727,http://irail.be/stations/NMBS/008894821,IC,2018-03-27T07:08:00,2018-03-27T07:08:00,-27,-27
http://irail.be/vehicle/IC727,NO-URI,IC,2018-03-27T07:09:00,2018-03-27T07:09:00,-27,-27
http://irail.be/vehicle/IC727,http://irail.be/stations/NMBS/008821196,IC,2018-03-27T07:12:00,2018-03-27T07:12:00,-60,-60
http://irail.be/vehicle/IC727,http://irail.be/stations/NMBS/008821121,IC,2018-03-27T07:19:00,2018-03-27T07:17:00,89,104
http://irail.be/vehicle/IC727,http://irail.be/stations/NMBS/008821006,IC,2018-03-27T07:23:00,2018-03-27T07:23:00,,52
http://irail.be/vehicle/IC727,http://irail.be/stations/NMBS/008896735,IC,2018-08-12T05:08:00,2018-08-12T05:08:00,165,
http://irail.be/vehicle/IC727,http://irail.be/stations/NMBS/008896503,IC,2018-08-12T05:16:00,2018-08-12T05:15:00,134,125
http://irail.be/vehicle/IC727,http://irail.be/stations/NMBS/008896412,IC,2018-08-12T05:26:00,2018-08-12T05:25:00,72,103
http://irail.be/vehicle/IC727,http://irail.be/stations/NMBS/008896396,IC,2018-08-12T05:30:00,2018-08-12T05:29:00,72,72
http://irail.be/vehicle/IC727,http://irail.be/stations/NMBS/008896305,IC,2018-08-12T05:35:00,2018-08-12T05:34:00,66,72
http://irail.be/vehicle/IC727,http://irail.be/stations/NMBS/008896370,IC,2018-08-12T05:40:00,2018-08-12T05:39:00,66,66
http://irail.be/vehicle/IC727,http://irail.be/stations/NMBS/008896388,IC,2018-08-12T05:45:00,2018-08-12T05:44:00,-17,-17
http://irail.be/vehicle/IC727,http://irail.be/stations/NMBS/008896008,IC,2018-08-12T05:58:00,2018-08-12T05:50:00,58,-15
http://irail.be/vehicle/IC727,http://irail.be/stations/NMBS/008896115,IC,2018-08-12T06:02:00,2018-08-12T06:02:00,36,36
http://irail.be/vehicle/IC727,http://irail.be/stations/NMBS/008896149,IC,2018-08-12T06:08:00,2018-08-12T06:07:00,-24,-7
http://irail.be/vehicle/IC727,http://irail.be/stations/NMBS/008892106,IC,2018-08-12T06:15:00,2018-08-12T06:15:00,-87,-87
http://irail.be/vehicle/IC727,NO-URI,IC,2018-08-12T06:15:00,2018-08-12T06:15:00,-53,-53
http://irail.be/vehicle/IC727,http://irail.be/stations/NMBS/008892080,IC,2018-08-12T06:18:00,2018-08-12T06:18:00,-82,-82
http://irail.be/vehicle/IC727,http://irail.be/stations/NMBS/008892007,IC,2018-08-12T06:27:00,2018-08-12T06:24:00,-3,-115
http://irail.be/vehicle/IC727,NO-URI,IC,2018-08-12T06:31:00,2018-08-12T06:31:00,2,2
http://irail.be/vehicle/IC727,http://irail.be/stations/NMBS/008893179,IC,2018-08-12T06:32:00,2018-08-12T06:32:00,-210,-210
http://irail.be/vehicle/IC727,http://irail.be/stations/NMBS/008893120,IC,2018-08-12T06:36:00,2018-08-12T06:35:00,-36,-210
http://irail.be/vehicle/IC727,http://irail.be/stations/NMBS/008894151,IC,2018-08-12T06:43:00,2018-08-12T06:43:00,-73,-73
http://irail.be/vehicle/IC727,http://irail.be/stations/NMBS/008894201,IC,2018-08-12T06:50:00,2018-08-12T06:48:00,2,-120
http://irail.be/vehicle/IC727,NO-URI,IC,2018-08-12T06:52:00,2018-08-12T06:52:00,-7,-7
http://irail.be/vehicle/IC727,http://irail.be/stations/NMBS/008894425,IC,2018-08-12T06:54:00,2018-08-12T06:54:00,-4,-4
http://irail.be/vehicle/IC727,http://irail.be/stations/NMBS/008894433,IC,2018-08-12T06:55:00,2018-08-12T06:55:00,-16,-16
http://irail.be/vehicle/IC727,http://irail.be/stations/NMBS/008894508,IC,2018-08-12T07:00:00,2018-08-12T06:58:00,4,-28
http://irail.be/vehicle/IC727,NO-URI,IC,2018-08-12T07:02:00,2018-08-12T07:02:00,1,1
http://irail.be/vehicle/IC727,http://irail.be/stations/NMBS/008894714,IC,2018-08-12T07:03:00,2018-08-12T07:03:00,-17,-17
http://irail.be/vehicle/IC727,http://irail.be/stations/NMBS/008894748,IC,2018-08-12T07:06:00,2018-08-12T07:06:00,-49,-49
http://irail.be/vehicle/IC727,http://irail.be/stations/NMBS/008894755,IC,2018-08-12T07:07:00,2018-08-12T07:07:00,-55,-55
http://irail.be/vehicle/IC727,http://irail.be/stations/NMBS/008894821,IC,2018-08-12T07:08:00,2018-08-12T07:08:00,-31,-31
http://irail.be/vehicle/IC727,http://irail.be/stations/NMBS/008821196,IC,2018-08-12T07:12:00,2018-08-12T07:12:00,23,23
http://irail.be/vehicle/IC727,http://irail.be/stations/NMBS/008821121,IC,2018-08-12T07:19:00,2018-08-12T07:17:00,-7,-31
http://irail.be/vehicle/IC727,http://irail.be/stations/NMBS/008821006,IC,2018-08-12T07:23:00,2018-08-12T07:23:00,,-29
http://irail.be/vehicle/IC727,http://irail.be/stations/NMBS/008896735,IC,2018-08-02T05:08:00,2018-08-02T05:08:00,41,
http://irail.be/vehicle/IC727,http://irail.be/stations/NMBS/008896503,IC,2018-08-02T05:16:00,2018-08-02T05:15:00,23,18
http://irail.be/vehicle/IC727,http://irail.be/stations/NMBS/008896412,IC,2018-08-02T05:26:00,2018-08-02T05:25:00,-10,-23
http://irail.be/vehicle/IC727,http://irail.be/stations/NMBS/008896396,IC,2018-08-02T05:30:00,2018-08-02T05:29:00,-10,-10
http://irail.be/vehicle/IC727,http://irail.be/stations/NMBS/008896305,IC,2018-08-02T05:35:00,2018-08-02T05:34:00,-12,-10
http://irail.be/vehicle/IC727,http://irail.be/stations/NMBS/008896370,IC,2018-08-02T05:40:00,2018-08-02T05:39:00,-9,-12
http://irail.be/vehicle/IC727,http://irail.be/stations/NMBS/008896388,IC,2018-08-02T05:45:00,2018-08-02T05:44:00,-9,-9
http://irail.be/vehicle/IC727,http://irail.be/stations/NMBS/008896008,IC,2018-08-02T05:58:00,2018-08-02T05:50:00,49,15
http://irail.be/vehicle/IC727,http://irail.be/stations/NMBS/008896115,IC,2018-08-02T06:02:00,2018-08-02T06:02:00,68,68
http://irail.be/vehicle/IC727,http://irail.be/stations/NMBS/008896149,IC,2018-08-02T06:08:00,2018-08-02T06:07:00,25,31
http://irail.be/vehicle/IC727,http://irail.be/stations/NMBS/008892106,IC,2018-08-02T06:15:00,2018-08-02T06:15:00,-26,-26
http://irail.be/vehicle/IC727,NO-URI,IC,2018-08-02T06:15:00,2018-08-02T06:15:00,8,8
http://irail.be/vehicle/IC727,http://irail.be/stations/NMBS/008892080,IC,2018-08-02T06:18:00,2018-08-02T06:18:00,-11,-11
http://irail.be/vehicle/IC727,http://irail.be/stations/NMBS/008892007,IC,2018-08-02T06:27:00,2018-08-02T06:24:00,12,-18
http://irail.be/vehicle/IC727,NO-URI,IC,2018-08-02T06:31:00,2018-08-02T06:31:00,35,35
http://irail.be/vehicle/IC727,http://irail.be/stations/NMBS/008893179,IC,2018-08-02T06:32:00,2018-08-02T06:32:00,-170,-170
http://irail.be/vehicle/IC727,http://irail.be/stations/NMBS/008893120,IC,2018-08-02T06:36:00,2018-08-02T06:35:00,72,-170
http://irail.be/vehicle/IC727,http://irail.be/stations/NMBS/008894151,IC,2018-08-02T06:43:00,2018-08-02T06:43:00,46,46
http://irail.be/vehicle/IC727,http://irail.be/stations/NMBS/008894201,IC,2018-08-02T06:50:00,2018-08-02T06:48:00,14,8
http://irail.be/vehicle/IC727,NO-URI,IC,2018-08-02T06:52:00,2018-08-02T06:52:00,-2,-2
http://irail.be/vehicle/IC727,http://irail.be/stations/NMBS/008894425,IC,2018-08-02T06:54:00,2018-08-02T06:54:00,3,3
http://irail.be/vehicle/IC727,http://irail.be/stations/NMBS/008894433,IC,2018-08-02T06:55:00,2018-08-02T06:55:00,-6,-6
http://irail.be/vehicle/IC727,http://irail.be/stations/NMBS/008894508,IC,2018-08-02T07:00:00,2018-08-02T06:58:00,9,-15
http://irail.be/vehicle/IC727,NO-URI,IC,2018-08-02T07:02:00,2018-08-02T07:02:00,12,12
http://irail.be/vehicle/IC727,http://irail.be/stations/NMBS/008894714,IC,2018-08-02T07:03:00,2018-08-02T07:03:00,-5,-5
http://irail.be/vehicle/IC727,http://irail.be/stations/NMBS/008894748,IC,2018-08-02T07:06:00,2018-08-02T07:06:00,-32,-32
http://irail.be/vehicle/IC727,http://irail.be/stations/NMBS/008894755,IC,2018-08-02T07:07:00,2018-08-02T07:07:00,-37,-37
http://irail.be/vehicle/IC727,http://irail.be/stations/NMBS/008894821,IC,2018-08-02T07:08:00,2018-08-02T07:08:00,-9,-9
http://irail.be/vehicle/IC727,http://irail.be/stations/NMBS/008821196,IC,2018-08-02T07:12:00,2018-08-02T07:12:00,-38,-38
http://irail.be/vehicle/IC727,http://irail.be/stations/NMBS/008821121,IC,2018-08-02T07:19:00,2018-08-02T07:17:00,-5,-34
http://irail.be/vehicle/IC727,http://irail.be/stations/NMBS/008821006,IC,2018-08-02T07:23:00,2018-08-02T07:23:00,,-34
http://irail.be/vehicle/IC727,http://irail.be/stations/NMBS/008896149,IC,2018-02-25T06:06:00,2018-02-25T06:06:00,18,
http://irail.be/vehicle/IC727,http://irail.be/stations/NMBS/008892106,IC,2018-02-25T06:15:00,2018-02-25T06:15:00,-118,-118
http://irail.be/vehicle/IC727,NO-URI,IC,2018-02-25T06:15:00,2018-02-25T06:15:00,-101,-101
http://irail.be/vehicle/IC727,http://irail.be/stations/NMBS/008892080,IC,2018-02-25T06:18:00,2018-02-25T06:18:00,-122,-122
http://irail.be/vehicle/IC727,http://irail.be/stations/NMBS/008892007,IC,2018-02-25T06:27:00,2018-02-25T06:24:00,11,-115
http://irail.be/vehicle/IC727,NO-URI,IC,2018-02-25T06:31:00,2018-02-25T06:31:00,9,9
http://irail.be/vehicle/IC727,http://irail.be/stations/NMBS/008893179,IC,2018-02-25T06:32:00,2018-02-25T06:32:00,-202,-202
http://irail.be/vehicle/IC727,http://irail.be/stations/NMBS/008893120,IC,2018-02-25T06:36:00,2018-02-25T06:35:00,-202,-202
http://irail.be/vehicle/IC727,http://irail.be/stations/NMBS/008894151,IC,2018-02-25T06:43:00,2018-02-25T06:43:00,-4,-4
http://irail.be/vehicle/IC727,http://irail.be/stations/NMBS/008894201,IC,2018-02-25T06:50:00,2018-02-25T06:48:00,14,-54
http://irail.be/vehicle/IC727,NO-URI,IC,2018-02-25T06:52:00,2018-02-25T06:52:00,14,14
http://irail.be/vehicle/IC727,http://irail.be/stations/NMBS/008894425,IC,2018-02-25T06:54:00,2018-02-25T06:54:00,29,29
http://irail.be/vehicle/IC727,http://irail.be/stations/NMBS/008894433,IC,2018-02-25T06:55:00,2018-02-25T06:55:00,19,19
http://irail.be/vehicle/IC727,http://irail.be/stations/NMBS/008894508,IC,2018-02-25T07:00:00,2018-02-25T06:58:00,35,39
http://irail.be/vehicle/IC727,NO-URI,IC,2018-02-25T07:02:00,2018-02-25T07:02:00,28,28
http://irail.be/vehicle/IC727,http://irail.be/stations/NMBS/008894714,IC,2018-02-25T07:03:00,2018-02-25T07:03:00,11,11
http://irail.be/vehicle/IC727,http://irail.be/stations/NMBS/008894748,IC,2018-02-25T07:06:00,2018-02-25T07:06:00,-19,-19
http://irail.be/vehicle/IC727,http://irail.be/stations/NMBS/008894755,IC,2018-02-25T07:07:00,2018-02-25T07:07:00,-23,-23
http://irail.be/vehicle/IC727,http://irail.be/stations/NMBS/008894821,IC,2018-02-25T07:08:00,2018-02-25T07:08:00,7,7
http://irail.be/vehicle/IC727,NO-URI,IC,2018-02-25T07:09:00,2018-02-25T07:09:00,7,7
http://irail.be/vehicle/IC727,http://irail.be/stations/NMBS/008821196,IC,2018-02-25T07:12:00,2018-02-25T07:12:00,-8,-8
http://irail.be/vehicle/IC727,http://irail.be/stations/NMBS/008821121,IC,2018-02-25T07:19:00,2018-02-25T07:17:00,-2,-59
http://irail.be/vehicle/IC727,http://irail.be/stations/NMBS/008821006,IC,2018-02-25T07:23:00,2018-02-25T07:23:00,,-3
http://irail.be/vehicle/IC727,http://irail.be/stations/NMBS/008896735,IC,2018-07-28T05:08:00,2018-07-28T05:08:00,52,
http://irail.be/vehicle/IC727,http://irail.be/stations/NMBS/008896503,IC,2018-07-28T05:16:00,2018-07-28T05:15:00,41,27
http://irail.be/vehicle/IC727,http://irail.be/stations/NMBS/008896412,IC,2018-07-28T05:26:00,2018-07-28T05:25:00,-4,7
http://irail.be/vehicle/IC727,http://irail.be/stations/NMBS/008896396,IC,2018-07-28T05:30:00,2018-07-28T05:29:00,-4,-4
http://irail.be/vehicle/IC727,http://irail.be/stations/NMBS/008896305,IC,2018-07-28T05:35:00,2018-07-28T05:34:00,-7,-4
http://irail.be/vehicle/IC727,http://irail.be/stations/NMBS/008896370,IC,2018-07-28T05:40:00,2018-07-28T05:39:00,-12,-7
http://irail.be/vehicle/IC727,http://irail.be/stations/NMBS/008896388,IC,2018-07-28T05:45:00,2018-07-28T05:44:00,-12,-12
http://irail.be/vehicle/IC727,http://irail.be/stations/NMBS/008896008,IC,2018-07-28T05:58:00,2018-07-28T05:50:00,28,-43
http://irail.be/vehicle/IC727,http://irail.be/stations/NMBS/008896115,IC,2018-07-28T06:02:00,2018-07-28T06:02:00,17,17
http://irail.be/vehicle/IC727,http://irail.be/stations/NMBS/008896149,IC,2018-07-28T06:08:00,2018-07-28T06:07:00,-20,-28
http://irail.be/vehicle/IC727,http://irail.be/stations/NMBS/008892106,IC,2018-07-28T06:15:00,2018-07-28T06:15:00,-70,-70
http://irail.be/vehicle/IC727,NO-URI,IC,2018-07-28T06:15:00,2018-07-28T06:15:00,-35,-35
http://irail.be/vehicle/IC727,http://irail.be/stations/NMBS/008892080,IC,2018-07-28T06:18:00,2018-07-28T06:18:00,-61,-61
http://irail.be/vehicle/IC727,http://irail.be/stations/NMBS/008892007,IC,2018-07-28T06:27:00,2018-07-28T06:24:00,43,-82
http://irail.be/vehicle/IC727,NO-URI,IC,2018-07-28T06:31:00,2018-07-28T06:31:00,82,82
http://irail.be/vehicle/IC727,http://irail.be/stations/NMBS/008893179,IC,2018-07-28T06:32:00,2018-07-28T06:32:00,-132,-132
http://irail.be/vehicle/IC727,http://irail.be/stations/NMBS/008893120,IC,2018-07-28T06:36:00,2018-07-28T06:35:00,48,-132
http://irail.be/vehicle/IC727,http://irail.be/stations/NMBS/008894151,IC,2018-07-28T06:43:00,2018-07-28T06:43:00,44,44
http://irail.be/vehicle/IC727,http://irail.be/stations/NMBS/008894201,IC,2018-07-28T06:50:00,2018-07-28T06:48:00,7,-8
http://irail.be/vehicle/IC727,NO-URI,IC,2018-07-28T06:52:00,2018-07-28T06:52:00,27,27
http://irail.be/vehicle/IC727,http://irail.be/stations/NMBS/008894425,IC,2018-07-28T06:54:00,2018-07-28T06:54:00,74,74
http://irail.be/vehicle/IC727,http://irail.be/stations/NMBS/008894433,IC,2018-07-28T06:55:00,2018-07-28T06:55:00,64,64
http://irail.be/vehicle/IC727,http://irail.be/stations/NMBS/008894508,IC,2018-07-28T07:00:00,2018-07-28T06:58:00,28,52
http://irail.be/vehicle/IC727,NO-URI,IC,2018-07-28T07:02:00,2018-07-28T07:02:00,35,35
http://irail.be/vehicle/IC727,http://irail.be/stations/NMBS/008894714,IC,2018-07-28T07:03:00,2018-07-28T07:03:00,23,23
http://irail.be/vehicle/IC727,http://irail.be/stations/NMBS/008894748,IC,2018-07-28T07:06:00,2018-07-28T07:06:00,-3,-3
http://irail.be/vehicle/IC727,http://irail.be/stations/NMBS/008894755,IC,2018-07-28T07:07:00,2018-07-28T07:07:00,-14,-14
http://irail.be/vehicle/IC727,http://irail.be/stations/NMBS/008894821,IC,2018-07-28T07:08:00,2018-07-28T07:08:00,5,5
http://irail.be/vehicle/IC727,http://irail.be/stations/NMBS/008821196,IC,2018-07-28T07:12:00,2018-07-28T07:12:00,-34,-34
http://irail.be/vehicle/IC727,http://irail.be/stations/NMBS/008821121,IC,2018-07-28T07:19:00,2018-07-28T07:17:00,-2,-81
http://irail.be/vehicle/IC727,http://irail.be/stations/NMBS/008821006,IC,2018-07-28T07:23:00,2018-07-28T07:23:00,,-18
http://irail.be/vehicle/IC727,http://irail.be/stations/NMBS/008896735,IC,2018-05-02T05:08:00,2018-05-02T05:08:00,71,
http://irail.be/vehicle/IC727,http://irail.be/stations/NMBS/008896503,IC,2018-05-02T05:16:00,2018-05-02T05:15:00,116,49
http://irail.be/vehicle/IC727,http://irail.be/stations/NMBS/008896412,IC,2018-05-02T05:26:00,2018-05-02T05:25:00,156,102
http://irail.be/vehicle/IC727,http://irail.be/stations/NMBS/008896396,IC,2018-05-02T05:30:00,2018-05-02T05:29:00,156,156
http://irail.be/vehicle/IC727,http://irail.be/stations/NMBS/008896305,IC,2018-05-02T05:35:00,2018-05-02T05:34:00,167,156
http://irail.be/vehicle/IC727,http://irail.be/stations/NMBS/008896370,IC,2018-05-02T05:40:00,2018-05-02T05:40:00,167,167
http://irail.be/vehicle/IC727,http://irail.be/stations/NMBS/008896388,IC,2018-05-02T05:44:00,2018-05-02T05:44:00,154,154
http://irail.be/vehicle/IC727,http://irail.be/stations/NMBS/008896008,IC,2018-05-02T05:57:00,2018-05-02T05:50:00,171,213
http://irail.be/vehicle/IC727,http://irail.be/stations/NMBS/008896115,IC,2018-05-02T06:01:00,2018-05-02T06:01:00,148,148
http://irail.be/vehicle/IC727,http://irail.be/stations/NMBS/008896149,IC,2018-05-02T06:06:00,2018-05-02T06:05:00,226,147
http://irail.be/vehicle/IC727,http://irail.be/stations/NMBS/008892106,IC,2018-05-02T06:15:00,2018-05-02T06:15:00,85,85
http://irail.be/vehicle/IC727,NO-URI,IC,2018-05-02T06:15:00,2018-05-02T06:15:00,200,200
http://irail.be/vehicle/IC727,http://irail.be/stations/NMBS/008892080,IC,2018-05-02T06:18:00,2018-05-02T06:18:00,206,206
http://irail.be/vehicle/IC727,http://irail.be/stations/NMBS/008892007,IC,2018-05-02T06:27:00,2018-05-02T06:24:00,159,196
http://irail.be/vehicle/IC727,NO-URI,IC,2018-05-02T06:31:00,2018-05-02T06:31:00,174,174
http://irail.be/vehicle/IC727,http://irail.be/stations/NMBS/008893179,IC,2018-05-02T06:32:00,2018-05-02T06:32:00,-38,-38
http://irail.be/vehicle/IC727,http://irail.be/stations/NMBS/008893120,IC,2018-05-02T06:36:00,2018-05-02T06:35:00,211,-38
http://irail.be/vehicle/IC727,http://irail.be/stations/NMBS/008894151,IC,2018-05-02T06:43:00,2018-05-02T06:43:00,229,229
http://irail.be/vehicle/IC727,http://irail.be/stations/NMBS/008894201,IC,2018-05-02T06:50:00,2018-05-02T06:48:00,108,183
http://irail.be/vehicle/IC727,NO-URI,IC,2018-05-02T06:52:00,2018-05-02T06:52:00,91,91
http://irail.be/vehicle/IC727,http://irail.be/stations/NMBS/008894425,IC,2018-05-02T06:54:00,2018-05-02T06:54:00,92,92
http://irail.be/vehicle/IC727,http://irail.be/stations/NMBS/008894433,IC,2018-05-02T06:55:00,2018-05-02T06:55:00,81,81
http://irail.be/vehicle/IC727,http://irail.be/stations/NMBS/008894508,IC,2018-05-02T07:00:00,2018-05-02T06:58:00,19,63
http://irail.be/vehicle/IC727,NO-URI,IC,2018-05-02T07:02:00,2018-05-02T07:02:00,14,14
http://irail.be/vehicle/IC727,http://irail.be/stations/NMBS/008894714,IC,2018-05-02T07:03:00,2018-05-02T07:03:00,-5,-5
http://irail.be/vehicle/IC727,http://irail.be/stations/NMBS/008894748,IC,2018-05-02T07:06:00,2018-05-02T07:06:00,-32,-32
http://irail.be/vehicle/IC727,http://irail.be/stations/NMBS/008894755,IC,2018-05-02T07:07:00,2018-05-02T07:07:00,-23,-23
http://irail.be/vehicle/IC727,http://irail.be/stations/NMBS/008894821,IC,2018-05-02T07:08:00,2018-05-02T07:08:00,22,22
http://irail.be/vehicle/IC727,NO-URI,IC,2018-05-02T07:09:00,2018-05-02T07:09:00,22,22
http://irail.be/vehicle/IC727,http://irail.be/stations/NMBS/008821196,IC,2018-05-02T07:12:00,2018-05-02T07:12:00,9,9
http://irail.be/vehicle/IC727,http://irail.be/stations/NMBS/008821121,IC,2018-05-02T07:19:00,2018-05-02T07:17:00,15,-9
http://irail.be/vehicle/IC727,http://irail.be/stations/NMBS/008821006,IC,2018-05-02T07:23:00,2018-05-02T07:23:00,,-23
http://irail.be/vehicle/IC727,http://irail.be/stations/NMBS/008896735,IC,2018-12-15T05:08:00,2018-12-15T05:08:00,41,
http://irail.be/vehicle/IC727,http://irail.be/stations/NMBS/008896503,IC,2018-12-15T05:16:00,2018-12-15T05:15:00,13,21
http://irail.be/vehicle/IC727,http://irail.be/stations/NMBS/008896412,IC,2018-12-15T05:26:00,2018-12-15T05:25:00,-12,-31
http://irail.be/vehicle/IC727,http://irail.be/stations/NMBS/008896396,IC,2018-12-15T05:30:00,2018-12-15T05:29:00,-12,-12
http://irail.be/vehicle/IC727,http://irail.be/stations/NMBS/008896305,IC,2018-12-15T05:35:00,2018-12-15T05:34:00,-4,-12
http://irail.be/vehicle/IC727,http://irail.be/stations/NMBS/008896370,IC,2018-12-15T05:40:00,2018-12-15T05:39:00,-20,-4
http://irail.be/vehicle/IC727,http://irail.be/stations/NMBS/008896388,IC,2018-12-15T05:45:00,2018-12-15T05:44:00,-20,-20
http://irail.be/vehicle/IC727,http://irail.be/stations/NMBS/008896008,IC,2018-12-15T05:56:00,2018-12-15T05:50:00,35,-77
http://irail.be/vehicle/IC727,http://irail.be/stations/NMBS/008896115,IC,2018-12-15T06:01:00,2018-12-15T06:01:00,94,94
http://irail.be/vehicle/IC727,http://irail.be/stations/NMBS/008896149,IC,2018-12-15T06:07:00,2018-12-15T06:06:00,115,126
http://irail.be/vehicle/IC727,http://irail.be/stations/NMBS/008892106,IC,2018-12-15T06:15:00,2018-12-15T06:15:00,63,63
http://irail.be/vehicle/IC727,NO-URI,IC,2018-12-15T06:16:00,2018-12-15T06:16:00,113,113
http://irail.be/vehicle/IC727,http://irail.be/stations/NMBS/008892080,IC,2018-12-15T06:19:00,2018-12-15T06:19:00,64,64
http://irail.be/vehicle/IC727,http://irail.be/stations/NMBS/008892007,IC,2018-12-15T06:27:00,2018-12-15T06:25:00,-7,5
http://irail.be/vehicle/IC727,NO-URI,IC,2018-12-15T06:32:00,2018-12-15T06:32:00,-70,-70
http://irail.be/vehicle/IC727,http://irail.be/stations/NMBS/008893179,IC,2018-12-15T06:33:00,2018-12-15T06:33:00,-39,-39
http://irail.be/vehicle/IC727,http://irail.be/stations/NMBS/008893120,IC,2018-12-15T06:36:00,2018-12-15T06:35:00,27,-138
http://irail.be/vehicle/IC727,http://irail.be/stations/NMBS/008894151,IC,2018-12-15T06:44:00,2018-12-15T06:44:00,-67,-67
http://irail.be/vehicle/IC727,http://irail.be/stations/NMBS/008894201,IC,2018-12-15T06:50:00,2018-12-15T06:48:00,26,-78
http://irail.be/vehicle/IC727,NO-URI,IC,2018-12-15T06:52:00,2018-12-15T06:52:00,13,13
http://irail.be/vehicle/IC727,http://irail.be/stations/NMBS/008894425,IC,2018-12-15T06:54:00,2018-12-15T06:54:00,16,16
http://irail.be/vehicle/IC727,http://irail.be/stations/NMBS/008894433,IC,2018-12-15T06:55:00,2018-12-15T06:55:00,5,5
http://irail.be/vehicle/IC727,http://irail.be/stations/NMBS/008894508,IC,2018-12-15T07:03:00,2018-12-15T06:58:00,23,-20
http://irail.be/vehicle/IC727,http://irail.be/stations/NMBS/008894672,IC,2018-12-15T07:11:00,2018-12-15T07:10:00,49,40
http://irail.be/vehicle/IC727,http://irail.be/stations/NMBS/008822772,IC,2018-12-15T07:15:00,2018-12-15T07:15:00,49,49
http://irail.be/vehicle/IC727,http://irail.be/stations/NMBS/008822715,IC,2018-12-15T07:19:00,2018-12-15T07:19:00,-56,-56
http://irail.be/vehicle/IC727,http://irail.be/stations/NMBS/008822848,IC,2018-12-15T07:22:00,2018-12-15T07:22:00,42,42
http://irail.be/vehicle/IC727,http://irail.be/stations/NMBS/008822814,IC,2018-12-15T07:25:00,2018-12-15T07:25:00,91,91
http://irail.be/vehicle/IC727,http://irail.be/stations/NMBS/008824240,IC,2018-12-15T07:28:00,2018-12-15T07:28:00,250,250
http://irail.be/vehicle/IC727,http://irail.be/stations/NMBS/008824232,IC,2018-12-15T07:30:00,2018-12-15T07:30:00,207,207
http://irail.be/vehicle/IC727,http://irail.be/stations/NMBS/008824224,IC,2018-12-15T07:31:00,2018-12-15T07:31:00,207,207
http://irail.be/vehicle/IC727,http://irail.be/stations/NMBS/008824158,IC,2018-12-15T07:36:00,2018-12-15T07:36:00,124,124
http://irail.be/vehicle/IC727,http://irail.be/stations/NMBS/008821196,IC,2018-12-15T07:42:00,2018-12-15T07:40:00,162,162
http://irail.be/vehicle/IC727,http://irail.be/stations/NMBS/008821121,IC,2018-12-15T07:50:00,2018-12-15T07:48:00,3,65
http://irail.be/vehicle/IC727,http://irail.be/stations/NMBS/008821006,IC,2018-12-15T07:54:00,2018-12-15T07:54:00,,30
http://irail.be/vehicle/IC727,http://irail.be/stations/NMBS/008896735,IC,2018-07-10T05:08:00,2018-07-10T05:08:00,62,
http://irail.be/vehicle/IC727,http://irail.be/stations/NMBS/008896503,IC,2018-07-10T05:16:00,2018-07-10T05:15:00,43,37
http://irail.be/vehicle/IC727,http://irail.be/stations/NMBS/008896412,IC,2018-07-10T05:26:00,2018-07-10T05:25:00,-3,10
http://irail.be/vehicle/IC727,http://irail.be/stations/NMBS/008896396,IC,2018-07-10T05:30:00,2018-07-10T05:29:00,-3,-3
http://irail.be/vehicle/IC727,http://irail.be/stations/NMBS/008896305,IC,2018-07-10T05:35:00,2018-07-10T05:34:00,-3,-3
http://irail.be/vehicle/IC727,http://irail.be/stations/NMBS/008896370,IC,2018-07-10T05:40:00,2018-07-10T05:39:00,-8,-3
http://irail.be/vehicle/IC727,http://irail.be/stations/NMBS/008896388,IC,2018-07-10T05:45:00,2018-07-10T05:44:00,-8,-8
http://irail.be/vehicle/IC727,http://irail.be/stations/NMBS/008896008,IC,2018-07-10T05:58:00,2018-07-10T05:50:00,48,-47
http://irail.be/vehicle/IC727,http://irail.be/stations/NMBS/008896115,IC,2018-07-10T06:02:00,2018-07-10T06:02:00,0,0
http://irail.be/vehicle/IC727,http://irail.be/stations/NMBS/008896149,IC,2018-07-10T06:08:00,2018-07-10T06:07:00,-47,-42
http://irail.be/vehicle/IC727,http://irail.be/stations/NMBS/008892106,IC,2018-07-10T06:15:00,2018-07-10T06:15:00,-62,-62
http://irail.be/vehicle/IC727,NO-URI,IC,2018-07-10T06:15:00,2018-07-10T06:15:00,-8,-8
http://irail.be/vehicle/IC727,http://irail.be/stations/NMBS/008892080,IC,2018-07-10T06:18:00,2018-07-10T06:18:00,-8,-8
http://irail.be/vehicle/IC727,http://irail.be/stations/NMBS/008892007,IC,2018-07-10T06:27:00,2018-07-10T06:24:00,14,69
http://irail.be/vehicle/IC727,NO-URI,IC,2018-07-10T06:31:00,2018-07-10T06:31:00,43,43
http://irail.be/vehicle/IC727,http://irail.be/stations/NMBS/008893179,IC,2018-07-10T06:32:00,2018-07-10T06:32:00,-149,-149
http://irail.be/vehicle/IC727,http://irail.be/stations/NMBS/008893120,IC,2018-07-10T06:36:00,2018-07-10T06:35:00,75,-149
http://irail.be/vehicle/IC727,http://irail.be/stations/NMBS/008894151,IC,2018-07-10T06:43:00,2018-07-10T06:43:00,56,56
http://irail.be/vehicle/IC727,http://irail.be/stations/NMBS/008894201,IC,2018-07-10T06:50:00,2018-07-10T06:48:00,23,17
http://irail.be/vehicle/IC727,NO-URI,IC,2018-07-10T06:52:00,2018-07-10T06:52:00,11,11
http://irail.be/vehicle/IC727,http://irail.be/stations/NMBS/008894425,IC,2018-07-10T06:54:00,2018-07-10T06:54:00,12,12
http://irail.be/vehicle/IC727,http://irail.be/stations/NMBS/008894433,IC,2018-07-10T06:55:00,2018-07-10T06:55:00,0,0
http://irail.be/vehicle/IC727,http://irail.be/stations/NMBS/008894508,IC,2018-07-10T07:00:00,2018-07-10T06:58:00,18,-14
http://irail.be/vehicle/IC727,NO-URI,IC,2018-07-10T07:02:00,2018-07-10T07:02:00,22,22
http://irail.be/vehicle/IC727,http://irail.be/stations/NMBS/008894714,IC,2018-07-10T07:03:00,2018-07-10T07:03:00,7,7
http://irail.be/vehicle/IC727,http://irail.be/stations/NMBS/008894748,IC,2018-07-10T07:06:00,2018-07-10T07:06:00,4,4
http://irail.be/vehicle/IC727,http://irail.be/stations/NMBS/008894755,IC,2018-07-10T07:07:00,2018-07-10T07:07:00,7,7
http://irail.be/vehicle/IC727,http://irail.be/stations/NMBS/008894821,IC,2018-07-10T07:08:00,2018-07-10T07:08:00,41,41
http://irail.be/vehicle/IC727,http://irail.be/stations/NMBS/008821196,IC,2018-07-10T07:12:00,2018-07-10T07:12:00,10,10
http://irail.be/vehicle/IC727,http://irail.be/stations/NMBS/008821121,IC,2018-07-10T07:19:00,2018-07-10T07:17:00,-1,-26
http://irail.be/vehicle/IC727,http://irail.be/stations/NMBS/008821006,IC,2018-07-10T07:23:00,2018-07-10T07:23:00,,-30
http://irail.be/vehicle/IC727,http://irail.be/stations/NMBS/008896735,IC,2018-01-06T05:08:00,2018-01-06T05:08:00,192,
http://irail.be/vehicle/IC727,http://irail.be/stations/NMBS/008896503,IC,2018-01-06T05:16:00,2018-01-06T05:15:00,192,191
http://irail.be/vehicle/IC727,http://irail.be/stations/NMBS/008896412,IC,2018-01-06T05:26:00,2018-01-06T05:25:00,194,170
http://irail.be/vehicle/IC727,http://irail.be/stations/NMBS/008896396,IC,2018-01-06T05:30:00,2018-01-06T05:29:00,194,194
http://irail.be/vehicle/IC727,http://irail.be/stations/NMBS/008896305,IC,2018-01-06T05:35:00,2018-01-06T05:34:00,165,194
http://irail.be/vehicle/IC727,http://irail.be/stations/NMBS/008896370,IC,2018-01-06T05:40:00,2018-01-06T05:40:00,226,165
http://irail.be/vehicle/IC727,http://irail.be/stations/NMBS/008896388,IC,2018-01-06T05:44:00,2018-01-06T05:44:00,226,226
http://irail.be/vehicle/IC727,http://irail.be/stations/NMBS/008896008,IC,2018-01-06T05:57:00,2018-01-06T05:50:00,57,123
http://irail.be/vehicle/IC727,http://irail.be/stations/NMBS/008896115,IC,2018-01-06T06:01:00,2018-01-06T06:01:00,166,166
http://irail.be/vehicle/IC727,http://irail.be/stations/NMBS/008896149,IC,2018-01-06T06:06:00,2018-01-06T06:05:00,153,184
http://irail.be/vehicle/IC727,http://irail.be/stations/NMBS/008892106,IC,2018-01-06T06:15:00,2018-01-06T06:15:00,39,39
http://irail.be/vehicle/IC727,NO-URI,IC,2018-01-06T06:15:00,2018-01-06T06:15:00,55,55
http://irail.be/vehicle/IC727,http://irail.be/stations/NMBS/008892080,IC,2018-01-06T06:18:00,2018-01-06T06:18:00,33,33
http://irail.be/vehicle/IC727,http://irail.be/stations/NMBS/008892007,IC,2018-01-06T06:27:00,2018-01-06T06:24:00,13,-6
http://irail.be/vehicle/IC727,NO-URI,IC,2018-01-06T06:31:00,2018-01-06T06:31:00,54,54
http://irail.be/vehicle/IC727,http://irail.be/stations/NMBS/008893179,IC,2018-01-06T06:32:00,2018-01-06T06:32:00,-160,-160
http://irail.be/vehicle/IC727,http://irail.be/stations/NMBS/008893120,IC,2018-01-06T06:36:00,2018-01-06T06:35:00,-160,-160
http://irail.be/vehicle/IC727,http://irail.be/stations/NMBS/008894151,IC,2018-01-06T06:43:00,2018-01-06T06:43:00,6,6
http://irail.be/vehicle/IC727,http://irail.be/stations/NMBS/008894201,IC,2018-01-06T06:50:00,2018-01-06T06:48:00,12,-46
http://irail.be/vehicle/IC727,NO-URI,IC,2018-01-06T06:52:00,2018-01-06T06:52:00,12,12
http://irail.be/vehicle/IC727,http://irail.be/stations/NMBS/008894425,IC,2018-01-06T06:54:00,2018-01-06T06:54:00,37,37
http://irail.be/vehicle/IC727,http://irail.be/stations/NMBS/008894433,IC,2018-01-06T06:55:00,2018-01-06T06:55:00,24,24
http://irail.be/vehicle/IC727,http://irail.be/stations/NMBS/008894508,IC,2018-01-06T07:00:00,2018-01-06T06:58:00,37,6
http://irail.be/vehicle/IC727,NO-URI,IC,2018-01-06T07:02:00,2018-01-06T07:02:00,45,45
http://irail.be/vehicle/IC727,http://irail.be/stations/NMBS/008894714,IC,2018-01-06T07:03:00,2018-01-06T07:03:00,33,33
http://irail.be/vehicle/IC727,http://irail.be/stations/NMBS/008894748,IC,2018-01-06T07:06:00,2018-01-06T07:06:00,10,10
http://irail.be/vehicle/IC727,http://irail.be/stations/NMBS/008894755,IC,2018-01-06T07:07:00,2018-01-06T07:07:00,0,0
http://irail.be/vehicle/IC727,http://irail.be/stations/NMBS/008894821,IC,2018-01-06T07:08:00,2018-01-06T07:08:00,17,17
http://irail.be/vehicle/IC727,NO-URI,IC,2018-01-06T07:09:00,2018-01-06T07:09:00,17,17
http://irail.be/vehicle/IC727,http://irail.be/stations/NMBS/008821196,IC,2018-01-06T07:12:00,2018-01-06T07:12:00,-23,-23
http://irail.be/vehicle/IC727,http://irail.be/stations/NMBS/008821121,IC,2018-01-06T07:19:00,2018-01-06T07:17:00,-7,-74
http://irail.be/vehicle/IC727,http://irail.be/stations/NMBS/008821006,IC,2018-01-06T07:23:00,2018-01-06T07:23:00,,-17
http://irail.be/vehicle/IC727,http://irail.be/stations/NMBS/008896735,IC,2018-04-10T05:08:00,2018-04-10T05:08:00,48,
http://irail.be/vehicle/IC727,http://irail.be/stations/NMBS/008896503,IC,2018-04-10T05:16:00,2018-04-10T05:15:00,56,63
http://irail.be/vehicle/IC727,http://irail.be/stations/NMBS/008896412,IC,2018-04-10T05:26:00,2018-04-10T05:25:00,56,59
http://irail.be/vehicle/IC727,http://irail.be/stations/NMBS/008896396,IC,2018-04-10T05:30:00,2018-04-10T05:29:00,56,56
http://irail.be/vehicle/IC727,http://irail.be/stations/NMBS/008896305,IC,2018-04-10T05:35:00,2018-04-10T05:34:00,49,56
http://irail.be/vehicle/IC727,http://irail.be/stations/NMBS/008896370,IC,2018-04-10T05:40:00,2018-04-10T05:40:00,49,49
http://irail.be/vehicle/IC727,http://irail.be/stations/NMBS/008896388,IC,2018-04-10T05:44:00,2018-04-10T05:44:00,47,47
http://irail.be/vehicle/IC727,http://irail.be/stations/NMBS/008896008,IC,2018-04-10T05:57:00,2018-04-10T05:50:00,136,-27
http://irail.be/vehicle/IC727,http://irail.be/stations/NMBS/008896115,IC,2018-04-10T06:01:00,2018-04-10T06:01:00,170,170
http://irail.be/vehicle/IC727,http://irail.be/stations/NMBS/008896149,IC,2018-04-10T06:06:00,2018-04-10T06:05:00,158,174
http://irail.be/vehicle/IC727,http://irail.be/stations/NMBS/008892106,IC,2018-04-10T06:15:00,2018-04-10T06:15:00,38,38
http://irail.be/vehicle/IC727,NO-URI,IC,2018-04-10T06:15:00,2018-04-10T06:15:00,63,63
http://irail.be/vehicle/IC727,http://irail.be/stations/NMBS/008892080,IC,2018-04-10T06:18:00,2018-04-10T06:18:00,47,47
http://irail.be/vehicle/IC727,http://irail.be/stations/NMBS/008892007,IC,2018-04-10T06:27:00,2018-04-10T06:24:00,41,64
http://irail.be/vehicle/IC727,NO-URI,IC,2018-04-10T06:31:00,2018-04-10T06:31:00,65,65
http://irail.be/vehicle/IC727,http://irail.be/stations/NMBS/008893179,IC,2018-04-10T06:32:00,2018-04-10T06:32:00,-118,-118
http://irail.be/vehicle/IC727,http://irail.be/stations/NMBS/008893120,IC,2018-04-10T06:36:00,2018-04-10T06:35:00,111,-118
http://irail.be/vehicle/IC727,http://irail.be/stations/NMBS/008894151,IC,2018-04-10T06:43:00,2018-04-10T06:43:00,97,97
http://irail.be/vehicle/IC727,http://irail.be/stations/NMBS/008894201,IC,2018-04-10T06:50:00,2018-04-10T06:48:00,18,52
http://irail.be/vehicle/IC727,NO-URI,IC,2018-04-10T06:52:00,2018-04-10T06:52:00,2,2
http://irail.be/vehicle/IC727,http://irail.be/stations/NMBS/008894425,IC,2018-04-10T06:54:00,2018-04-10T06:54:00,3,3
http://irail.be/vehicle/IC727,http://irail.be/stations/NMBS/008894433,IC,2018-04-10T06:55:00,2018-04-10T06:55:00,-7,-7
http://irail.be/vehicle/IC727,http://irail.be/stations/NMBS/008894508,IC,2018-04-10T07:00:00,2018-04-10T06:58:00,4,-22
http://irail.be/vehicle/IC727,NO-URI,IC,2018-04-10T07:02:00,2018-04-10T07:02:00,5,5
http://irail.be/vehicle/IC727,http://irail.be/stations/NMBS/008894714,IC,2018-04-10T07:03:00,2018-04-10T07:03:00,-13,-13
http://irail.be/vehicle/IC727,http://irail.be/stations/NMBS/008894748,IC,2018-04-10T07:06:00,2018-04-10T07:06:00,-48,-48
http://irail.be/vehicle/IC727,http://irail.be/stations/NMBS/008894755,IC,2018-04-10T07:07:00,2018-04-10T07:07:00,-57,-57
http://irail.be/vehicle/IC727,http://irail.be/stations/NMBS/008894821,IC,2018-04-10T07:08:00,2018-04-10T07:08:00,-39,-39
http://irail.be/vehicle/IC727,NO-URI,IC,2018-04-10T07:09:00,2018-04-10T07:09:00,-39,-39
http://irail.be/vehicle/IC727,http://irail.be/stations/NMBS/008821196,IC,2018-04-10T07:12:00,2018-04-10T07:12:00,-73,-73
http://irail.be/vehicle/IC727,http://irail.be/stations/NMBS/008821121,IC,2018-04-10T07:19:00,2018-04-10T07:17:00,99,-29
http://irail.be/vehicle/IC727,http://irail.be/stations/NMBS/008821006,IC,2018-04-10T07:23:00,2018-04-10T07:23:00,,84
http://irail.be/vehicle/IC727,http://irail.be/stations/NMBS/008896735,IC,2018-12-29T05:08:00,2018-12-29T05:08:00,305,
http://irail.be/vehicle/IC727,http://irail.be/stations/NMBS/008896503,IC,2018-12-29T05:16:00,2018-12-29T05:15:00,278,288
http://irail.be/vehicle/IC727,http://irail.be/stations/NMBS/008896412,IC,2018-12-29T05:26:00,2018-12-29T05:25:00,248,248
http://irail.be/vehicle/IC727,http://irail.be/stations/NMBS/008896396,IC,2018-12-29T05:30:00,2018-12-29T05:29:00,165,165
http://irail.be/vehicle/IC727,http://irail.be/stations/NMBS/008896305,IC,2018-12-29T05:35:00,2018-12-29T05:34:00,132,165
http://irail.be/vehicle/IC727,http://irail.be/stations/NMBS/008896370,IC,2018-12-29T05:40:00,2018-12-29T05:39:00,132,132
http://irail.be/vehicle/IC727,http://irail.be/stations/NMBS/008896388,IC,2018-12-29T05:45:00,2018-12-29T05:44:00,-16,-16
http://irail.be/vehicle/IC727,http://irail.be/stations/NMBS/008896008,IC,2018-12-29T05:56:00,2018-12-29T05:50:00,94,-70
http://irail.be/vehicle/IC727,http://irail.be/stations/NMBS/008896115,IC,2018-12-29T06:01:00,2018-12-29T06:01:00,91,91
http://irail.be/vehicle/IC727,http://irail.be/stations/NMBS/008896149,IC,2018-12-29T06:07:00,2018-12-29T06:06:00,198,56
http://irail.be/vehicle/IC727,http://irail.be/stations/NMBS/008892106,IC,2018-12-29T06:15:00,2018-12-29T06:15:00,235,235
http://irail.be/vehicle/IC727,NO-URI,IC,2018-12-29T06:16:00,2018-12-29T06:16:00,226,226
http://irail.be/vehicle/IC727,http://irail.be/stations/NMBS/008892080,IC,2018-12-29T06:19:00,2018-12-29T06:19:00,193,193
http://irail.be/vehicle/IC727,http://irail.be/stations/NMBS/008892007,IC,2018-12-29T06:27:00,2018-12-29T06:25:00,87,148
http://irail.be/vehicle/IC727,NO-URI,IC,2018-12-29T06:32:00,2018-12-29T06:32:00,37,37
http://irail.be/vehicle/IC727,http://irail.be/stations/NMBS/008893179,IC,2018-12-29T06:33:00,2018-12-29T06:33:00,71,71
http://irail.be/vehicle/IC727,http://irail.be/stations/NMBS/008893120,IC,2018-12-29T06:36:00,2018-12-29T06:35:00,34,-31
http://irail.be/vehicle/IC727,http://irail.be/stations/NMBS/008894151,IC,2018-12-29T06:44:00,2018-12-29T06:44:00,-42,-42
http://irail.be/vehicle/IC727,http://irail.be/stations/NMBS/008894201,IC,2018-12-29T06:50:00,2018-12-29T06:48:00,17,-48
http://irail.be/vehicle/IC727,NO-URI,IC,2018-12-29T06:52:00,2018-12-29T06:52:00,16,16
http://irail.be/vehicle/IC727,http://irail.be/stations/NMBS/008894425,IC,2018-12-29T06:54:00,2018-12-29T06:54:00,32,32
http://irail.be/vehicle/IC727,http://irail.be/stations/NMBS/008894433,IC,2018-12-29T06:55:00,2018-12-29T06:55:00,21,21
http://irail.be/vehicle/IC727,http://irail.be/stations/NMBS/008894508,IC,2018-12-29T07:00:00,2018-12-29T06:58:00,1,5
http://irail.be/vehicle/IC727,NO-URI,IC,2018-12-29T07:02:00,2018-12-29T07:02:00,-2,-2
http://irail.be/vehicle/IC727,http://irail.be/stations/NMBS/008894714,IC,2018-12-29T07:03:00,2018-12-29T07:03:00,-15,-15
http://irail.be/vehicle/IC727,http://irail.be/stations/NMBS/008894748,IC,2018-12-29T07:06:00,2018-12-29T07:06:00,-45,-45
http://irail.be/vehicle/IC727,http://irail.be/stations/NMBS/008894755,IC,2018-12-29T07:07:00,2018-12-29T07:07:00,-53,-53
http://irail.be/vehicle/IC727,http://irail.be/stations/NMBS/008894821,IC,2018-12-29T07:08:00,2018-12-29T07:08:00,-34,-34
http://irail.be/vehicle/IC727,http://irail.be/stations/NMBS/008821196,IC,2018-12-29T07:12:00,2018-12-29T07:12:00,-77,-77
http://irail.be/vehicle/IC727,http://irail.be/stations/NMBS/008821121,IC,2018-12-29T07:19:00,2018-12-29T07:17:00,-16,-139
http://irail.be/vehicle/IC727,http://irail.be/stations/NMBS/008821006,IC,2018-12-29T07:23:00,2018-12-29T07:23:00,,-34
http://irail.be/vehicle/IC727,http://irail.be/stations/NMBS/008896735,IC,2018-10-17T05:08:00,2018-10-17T05:08:00,124,
http://irail.be/vehicle/IC727,http://irail.be/stations/NMBS/008896503,IC,2018-10-17T05:16:00,2018-10-17T05:15:00,96,109
http://irail.be/vehicle/IC727,http://irail.be/stations/NMBS/008896412,IC,2018-10-17T05:26:00,2018-10-17T05:25:00,80,73
http://irail.be/vehicle/IC727,http://irail.be/stations/NMBS/008896396,IC,2018-10-17T05:30:00,2018-10-17T05:29:00,80,80
http://irail.be/vehicle/IC727,http://irail.be/stations/NMBS/008896305,IC,2018-10-17T05:35:00,2018-10-17T05:34:00,79,80
http://irail.be/vehicle/IC727,http://irail.be/stations/NMBS/008896370,IC,2018-10-17T05:40:00,2018-10-17T05:39:00,79,79
http://irail.be/vehicle/IC727,http://irail.be/stations/NMBS/008896388,IC,2018-10-17T05:45:00,2018-10-17T05:44:00,5,5
http://irail.be/vehicle/IC727,http://irail.be/stations/NMBS/008896008,IC,2018-10-17T05:58:00,2018-10-17T05:50:00,65,-25
http://irail.be/vehicle/IC727,http://irail.be/stations/NMBS/008896115,IC,2018-10-17T06:02:00,2018-10-17T06:02:00,37,37
http://irail.be/vehicle/IC727,http://irail.be/stations/NMBS/008896149,IC,2018-10-17T06:08:00,2018-10-17T06:07:00,-13,7
http://irail.be/vehicle/IC727,http://irail.be/stations/NMBS/008892106,IC,2018-10-17T06:15:00,2018-10-17T06:15:00,72,72
http://irail.be/vehicle/IC727,NO-URI,IC,2018-10-17T06:15:00,2018-10-17T06:15:00,288,288
http://irail.be/vehicle/IC727,http://irail.be/stations/NMBS/008892080,IC,2018-10-17T06:18:00,2018-10-17T06:18:00,295,295
http://irail.be/vehicle/IC727,http://irail.be/stations/NMBS/008892007,IC,2018-10-17T06:27:00,2018-10-17T06:24:00,109,244
http://irail.be/vehicle/IC727,NO-URI,IC,2018-10-17T06:31:00,2018-10-17T06:31:00,104,104
http://irail.be/vehicle/IC727,http://irail.be/stations/NMBS/008893179,IC,2018-10-17T06:32:00,2018-10-17T06:32:00,-28,-28
http://irail.be/vehicle/IC727,http://irail.be/stations/NMBS/008893120,IC,2018-10-17T06:36:00,2018-10-17T06:35:00,47,-28
http://irail.be/vehicle/IC727,http://irail.be/stations/NMBS/008894151,IC,2018-10-17T06:43:00,2018-10-17T06:43:00,54,54
http://irail.be/vehicle/IC727,http://irail.be/stations/NMBS/008894201,IC,2018-10-17T06:50:00,2018-10-17T06:48:00,15,9
http://irail.be/vehicle/IC727,NO-URI,IC,2018-10-17T06:52:00,2018-10-17T06:52:00,-5,-5
http://irail.be/vehicle/IC727,http://irail.be/stations/NMBS/008894425,IC,2018-10-17T06:54:00,2018-10-17T06:54:00,3,3
http://irail.be/vehicle/IC727,http://irail.be/stations/NMBS/008894433,IC,2018-10-17T06:55:00,2018-10-17T06:55:00,1,1
http://irail.be/vehicle/IC727,http://irail.be/stations/NMBS/008894508,IC,2018-10-17T07:00:00,2018-10-17T06:58:00,-5,27
http://irail.be/vehicle/IC727,NO-URI,IC,2018-10-17T07:02:00,2018-10-17T07:02:00,-10,-10
http://irail.be/vehicle/IC727,http://irail.be/stations/NMBS/008894714,IC,2018-10-17T07:03:00,2018-10-17T07:03:00,-27,-27
http://irail.be/vehicle/IC727,http://irail.be/stations/NMBS/008894748,IC,2018-10-17T07:06:00,2018-10-17T07:06:00,-56,-56
http://irail.be/vehicle/IC727,http://irail.be/stations/NMBS/008894755,IC,2018-10-17T07:07:00,2018-10-17T07:07:00,-48,-48
http://irail.be/vehicle/IC727,http://irail.be/stations/NMBS/008894821,IC,2018-10-17T07:08:00,2018-10-17T07:08:00,-6,-6
http://irail.be/vehicle/IC727,http://irail.be/stations/NMBS/008821196,IC,2018-10-17T07:12:00,2018-10-17T07:12:00,-20,-20
http://irail.be/vehicle/IC727,http://irail.be/stations/NMBS/008821121,IC,2018-10-17T07:19:00,2018-10-17T07:17:00,0,-15
http://irail.be/vehicle/IC727,http://irail.be/stations/NMBS/008821006,IC,2018-10-17T07:23:00,2018-10-17T07:23:00,,-40
http://irail.be/vehicle/IC727,http://irail.be/stations/NMBS/008896735,IC,2018-05-30T05:08:00,2018-05-30T05:08:00,51,
http://irail.be/vehicle/IC727,http://irail.be/stations/NMBS/008896503,IC,2018-05-30T05:16:00,2018-05-30T05:15:00,71,51
http://irail.be/vehicle/IC727,http://irail.be/stations/NMBS/008896412,IC,2018-05-30T05:26:00,2018-05-30T05:25:00,44,78
http://irail.be/vehicle/IC727,http://irail.be/stations/NMBS/008896396,IC,2018-05-30T05:30:00,2018-05-30T05:29:00,44,44
http://irail.be/vehicle/IC727,http://irail.be/stations/NMBS/008896305,IC,2018-05-30T05:35:00,2018-05-30T05:34:00,14,44
http://irail.be/vehicle/IC727,http://irail.be/stations/NMBS/008896370,IC,2018-05-30T05:40:00,2018-05-30T05:40:00,14,14
http://irail.be/vehicle/IC727,http://irail.be/stations/NMBS/008896388,IC,2018-05-30T05:44:00,2018-05-30T05:44:00,-6,-6
http://irail.be/vehicle/IC727,http://irail.be/stations/NMBS/008896008,IC,2018-05-30T05:57:00,2018-05-30T05:50:00,43,-49
http://irail.be/vehicle/IC727,http://irail.be/stations/NMBS/008896115,IC,2018-05-30T06:01:00,2018-05-30T06:01:00,29,29
http://irail.be/vehicle/IC727,http://irail.be/stations/NMBS/008896149,IC,2018-05-30T06:06:00,2018-05-30T06:05:00,8,31
http://irail.be/vehicle/IC727,http://irail.be/stations/NMBS/008892106,IC,2018-05-30T06:15:00,2018-05-30T06:15:00,-54,-54
http://irail.be/vehicle/IC727,NO-URI,IC,2018-05-30T06:15:00,2018-05-30T06:15:00,41,41
http://irail.be/vehicle/IC727,http://irail.be/stations/NMBS/008892080,IC,2018-05-30T06:18:00,2018-05-30T06:18:00,47,47
http://irail.be/vehicle/IC727,http://irail.be/stations/NMBS/008892007,IC,2018-05-30T06:27:00,2018-05-30T06:24:00,12,71
http://irail.be/vehicle/IC727,NO-URI,IC,2018-05-30T06:31:00,2018-05-30T06:31:00,25,25
http://irail.be/vehicle/IC727,http://irail.be/stations/NMBS/008893179,IC,2018-05-30T06:32:00,2018-05-30T06:32:00,-180,-180
http://irail.be/vehicle/IC727,http://irail.be/stations/NMBS/008893120,IC,2018-05-30T06:36:00,2018-05-30T06:35:00,82,-180
http://irail.be/vehicle/IC727,http://irail.be/stations/NMBS/008894151,IC,2018-05-30T06:43:00,2018-05-30T06:43:00,184,184
http://irail.be/vehicle/IC727,http://irail.be/stations/NMBS/008894201,IC,2018-05-30T06:50:00,2018-05-30T06:48:00,62,137
http://irail.be/vehicle/IC727,NO-URI,IC,2018-05-30T06:52:00,2018-05-30T06:52:00,48,48
http://irail.be/vehicle/IC727,http://irail.be/stations/NMBS/008894425,IC,2018-05-30T06:54:00,2018-05-30T06:54:00,52,52
http://irail.be/vehicle/IC727,http://irail.be/stations/NMBS/008894433,IC,2018-05-30T06:55:00,2018-05-30T06:55:00,41,41
http://irail.be/vehicle/IC727,http://irail.be/stations/NMBS/008894508,IC,2018-05-30T07:00:00,2018-05-30T06:58:00,7,34
http://irail.be/vehicle/IC727,NO-URI,IC,2018-05-30T07:02:00,2018-05-30T07:02:00,-2,-2
http://irail.be/vehicle/IC727,http://irail.be/stations/NMBS/008894714,IC,2018-05-30T07:03:00,2018-05-30T07:03:00,-18,-18
http://irail.be/vehicle/IC727,http://irail.be/stations/NMBS/008894748,IC,2018-05-30T07:06:00,2018-05-30T07:06:00,-50,-50
http://irail.be/vehicle/IC727,http://irail.be/stations/NMBS/008894755,IC,2018-05-30T07:07:00,2018-05-30T07:07:00,-58,-58
http://irail.be/vehicle/IC727,http://irail.be/stations/NMBS/008894821,IC,2018-05-30T07:08:00,2018-05-30T07:08:00,-40,-40
http://irail.be/vehicle/IC727,NO-URI,IC,2018-05-30T07:09:00,2018-05-30T07:09:00,-40,-40
http://irail.be/vehicle/IC727,http://irail.be/stations/NMBS/008821196,IC,2018-05-30T07:12:00,2018-05-30T07:12:00,-72,-72
http://irail.be/vehicle/IC727,http://irail.be/stations/NMBS/008821121,IC,2018-05-30T07:19:00,2018-05-30T07:17:00,-8,-77
http://irail.be/vehicle/IC727,http://irail.be/stations/NMBS/008821006,IC,2018-05-30T07:23:00,2018-05-30T07:23:00,,-34
http://irail.be/vehicle/IC727,http://irail.be/stations/NMBS/008896735,IC,2018-07-03T05:08:00,2018-07-03T05:08:00,46,
http://irail.be/vehicle/IC727,http://irail.be/stations/NMBS/008896503,IC,2018-07-03T05:16:00,2018-07-03T05:15:00,-7,-2
http://irail.be/vehicle/IC727,http://irail.be/stations/NMBS/008896412,IC,2018-07-03T05:26:00,2018-07-03T05:25:00,-31,-62
http://irail.be/vehicle/IC727,http://irail.be/stations/NMBS/008896396,IC,2018-07-03T05:30:00,2018-07-03T05:29:00,-31,-31
http://irail.be/vehicle/IC727,http://irail.be/stations/NMBS/008896305,IC,2018-07-03T05:35:00,2018-07-03T05:34:00,-34,-31
http://irail.be/vehicle/IC727,http://irail.be/stations/NMBS/008896370,IC,2018-07-03T05:40:00,2018-07-03T05:39:00,-30,-34
http://irail.be/vehicle/IC727,http://irail.be/stations/NMBS/008896388,IC,2018-07-03T05:45:00,2018-07-03T05:44:00,-30,-30
http://irail.be/vehicle/IC727,http://irail.be/stations/NMBS/008896008,IC,2018-07-03T05:58:00,2018-07-03T05:50:00,28,-28
http://irail.be/vehicle/IC727,http://irail.be/stations/NMBS/008896115,IC,2018-07-03T06:02:00,2018-07-03T06:02:00,38,38
http://irail.be/vehicle/IC727,http://irail.be/stations/NMBS/008896149,IC,2018-07-03T06:08:00,2018-07-03T06:07:00,25,26
http://irail.be/vehicle/IC727,http://irail.be/stations/NMBS/008892106,IC,2018-07-03T06:15:00,2018-07-03T06:15:00,-14,-14
http://irail.be/vehicle/IC727,NO-URI,IC,2018-07-03T06:15:00,2018-07-03T06:15:00,29,29
http://irail.be/vehicle/IC727,http://irail.be/stations/NMBS/008892080,IC,2018-07-03T06:18:00,2018-07-03T06:18:00,21,21
http://irail.be/vehicle/IC727,http://irail.be/stations/NMBS/008892007,IC,2018-07-03T06:27:00,2018-07-03T06:24:00,-2,0
http://irail.be/vehicle/IC727,NO-URI,IC,2018-07-03T06:31:00,2018-07-03T06:31:00,41,41
http://irail.be/vehicle/IC727,http://irail.be/stations/NMBS/008893179,IC,2018-07-03T06:32:00,2018-07-03T06:32:00,-157,-157
http://irail.be/vehicle/IC727,http://irail.be/stations/NMBS/008893120,IC,2018-07-03T06:36:00,2018-07-03T06:35:00,47,-157
http://irail.be/vehicle/IC727,http://irail.be/stations/NMBS/008894151,IC,2018-07-03T06:43:00,2018-07-03T06:43:00,27,27
http://irail.be/vehicle/IC727,http://irail.be/stations/NMBS/008894201,IC,2018-07-03T06:50:00,2018-07-03T06:48:00,8,-15
http://irail.be/vehicle/IC727,NO-URI,IC,2018-07-03T06:52:00,2018-07-03T06:52:00,3,3
http://irail.be/vehicle/IC727,http://irail.be/stations/NMBS/008894425,IC,2018-07-03T06:54:00,2018-07-03T06:54:00,4,4
http://irail.be/vehicle/IC727,http://irail.be/stations/NMBS/008894433,IC,2018-07-03T06:55:00,2018-07-03T06:55:00,-8,-8
http://irail.be/vehicle/IC727,http://irail.be/stations/NMBS/008894508,IC,2018-07-03T07:00:00,2018-07-03T06:58:00,-8,-22
http://irail.be/vehicle/IC727,NO-URI,IC,2018-07-03T07:02:00,2018-07-03T07:02:00,4,4
http://irail.be/vehicle/IC727,http://irail.be/stations/NMBS/008894714,IC,2018-07-03T07:03:00,2018-07-03T07:03:00,-10,-10
http://irail.be/vehicle/IC727,http://irail.be/stations/NMBS/008894748,IC,2018-07-03T07:06:00,2018-07-03T07:06:00,-18,-18
http://irail.be/vehicle/IC727,http://irail.be/stations/NMBS/008894755,IC,2018-07-03T07:07:00,2018-07-03T07:07:00,-4,-4
http://irail.be/vehicle/IC727,http://irail.be/stations/NMBS/008894821,IC,2018-07-03T07:08:00,2018-07-03T07:08:00,43,43
http://irail.be/vehicle/IC727,http://irail.be/stations/NMBS/008821196,IC,2018-07-03T07:12:00,2018-07-03T07:12:00,13,13
http://irail.be/vehicle/IC727,http://irail.be/stations/NMBS/008821121,IC,2018-07-03T07:19:00,2018-07-03T07:17:00,-11,-18
http://irail.be/vehicle/IC727,http://irail.be/stations/NMBS/008821006,IC,2018-07-03T07:23:00,2018-07-03T07:23:00,,-36
http://irail.be/vehicle/IC727,http://irail.be/stations/NMBS/008896735,IC,2018-06-12T05:08:00,2018-06-12T05:08:00,64,
http://irail.be/vehicle/IC727,http://irail.be/stations/NMBS/008896503,IC,2018-06-12T05:16:00,2018-06-12T05:15:00,149,70
http://irail.be/vehicle/IC727,http://irail.be/stations/NMBS/008896412,IC,2018-06-12T05:26:00,2018-06-12T05:25:00,255,173
http://irail.be/vehicle/IC727,http://irail.be/stations/NMBS/008896396,IC,2018-06-12T05:30:00,2018-06-12T05:29:00,255,255
http://irail.be/vehicle/IC727,http://irail.be/stations/NMBS/008896305,IC,2018-06-12T05:35:00,2018-06-12T05:34:00,262,255
http://irail.be/vehicle/IC727,http://irail.be/stations/NMBS/008896370,IC,2018-06-12T05:40:00,2018-06-12T05:39:00,234,262
http://irail.be/vehicle/IC727,http://irail.be/stations/NMBS/008896388,IC,2018-06-12T05:45:00,2018-06-12T05:44:00,234,234
http://irail.be/vehicle/IC727,http://irail.be/stations/NMBS/008896008,IC,2018-06-12T05:58:00,2018-06-12T05:50:00,130,273
http://irail.be/vehicle/IC727,http://irail.be/stations/NMBS/008896115,IC,2018-06-12T06:02:00,2018-06-12T06:02:00,128,128
http://irail.be/vehicle/IC727,http://irail.be/stations/NMBS/008896149,IC,2018-06-12T06:08:00,2018-06-12T06:07:00,78,91
http://irail.be/vehicle/IC727,http://irail.be/stations/NMBS/008892106,IC,2018-06-12T06:15:00,2018-06-12T06:15:00,37,37
http://irail.be/vehicle/IC727,NO-URI,IC,2018-06-12T06:15:00,2018-06-12T06:15:00,71,71
http://irail.be/vehicle/IC727,http://irail.be/stations/NMBS/008892080,IC,2018-06-12T06:18:00,2018-06-12T06:18:00,48,48
http://irail.be/vehicle/IC727,http://irail.be/stations/NMBS/008892007,IC,2018-06-12T06:27:00,2018-06-12T06:24:00,3,65
http://irail.be/vehicle/IC727,NO-URI,IC,2018-06-12T06:31:00,2018-06-12T06:31:00,47,47
http://irail.be/vehicle/IC727,http://irail.be/stations/NMBS/008893179,IC,2018-06-12T06:32:00,2018-06-12T06:32:00,-164,-164
http://irail.be/vehicle/IC727,http://irail.be/stations/NMBS/008893120,IC,2018-06-12T06:36:00,2018-06-12T06:35:00,28,-164
http://irail.be/vehicle/IC727,http://irail.be/stations/NMBS/008894151,IC,2018-06-12T06:43:00,2018-06-12T06:43:00,152,152
http://irail.be/vehicle/IC727,http://irail.be/stations/NMBS/008894201,IC,2018-06-12T06:50:00,2018-06-12T06:48:00,46,108
http://irail.be/vehicle/IC727,NO-URI,IC,2018-06-12T06:52:00,2018-06-12T06:52:00,42,42
http://irail.be/vehicle/IC727,http://irail.be/stations/NMBS/008894425,IC,2018-06-12T06:54:00,2018-06-12T06:54:00,60,60
http://irail.be/vehicle/IC727,http://irail.be/stations/NMBS/008894433,IC,2018-06-12T06:55:00,2018-06-12T06:55:00,50,50
http://irail.be/vehicle/IC727,http://irail.be/stations/NMBS/008894508,IC,2018-06-12T07:00:00,2018-06-12T06:58:00,8,33
http://irail.be/vehicle/IC727,NO-URI,IC,2018-06-12T07:02:00,2018-06-12T07:02:00,17,17
http://irail.be/vehicle/IC727,http://irail.be/stations/NMBS/008894714,IC,2018-06-12T07:03:00,2018-06-12T07:03:00,6,6
http://irail.be/vehicle/IC727,http://irail.be/stations/NMBS/008894748,IC,2018-06-12T07:06:00,2018-06-12T07:06:00,-16,-16
http://irail.be/vehicle/IC727,http://irail.be/stations/NMBS/008894755,IC,2018-06-12T07:07:00,2018-06-12T07:07:00,-23,-23
http://irail.be/vehicle/IC727,http://irail.be/stations/NMBS/008894821,IC,2018-06-12T07:08:00,2018-06-12T07:08:00,2,2
http://irail.be/vehicle/IC727,http://irail.be/stations/NMBS/008821196,IC,2018-06-12T07:12:00,2018-06-12T07:12:00,-38,-38
http://irail.be/vehicle/IC727,http://irail.be/stations/NMBS/008821121,IC,2018-06-12T07:19:00,2018-06-12T07:17:00,-7,-32
http://irail.be/vehicle/IC727,http://irail.be/stations/NMBS/008821006,IC,2018-06-12T07:23:00,2018-06-12T07:23:00,,-44
http://irail.be/vehicle/IC727,http://irail.be/stations/NMBS/008896735,IC,2018-04-13T05:08:00,2018-04-13T05:08:00,80,
http://irail.be/vehicle/IC727,http://irail.be/stations/NMBS/008896503,IC,2018-04-13T05:16:00,2018-04-13T05:15:00,85,98
http://irail.be/vehicle/IC727,http://irail.be/stations/NMBS/008896412,IC,2018-04-13T05:26:00,2018-04-13T05:25:00,83,79
http://irail.be/vehicle/IC727,http://irail.be/stations/NMBS/008896396,IC,2018-04-13T05:30:00,2018-04-13T05:29:00,83,83
http://irail.be/vehicle/IC727,http://irail.be/stations/NMBS/008896305,IC,2018-04-13T05:35:00,2018-04-13T05:34:00,76,83
http://irail.be/vehicle/IC727,http://irail.be/stations/NMBS/008896370,IC,2018-04-13T05:40:00,2018-04-13T05:40:00,80,76
http://irail.be/vehicle/IC727,http://irail.be/stations/NMBS/008896388,IC,2018-04-13T05:44:00,2018-04-13T05:44:00,80,80
http://irail.be/vehicle/IC727,http://irail.be/stations/NMBS/008896008,IC,2018-04-13T05:57:00,2018-04-13T05:50:00,46,-16
http://irail.be/vehicle/IC727,http://irail.be/stations/NMBS/008896115,IC,2018-04-13T06:01:00,2018-04-13T06:01:00,73,73
http://irail.be/vehicle/IC727,http://irail.be/stations/NMBS/008896149,IC,2018-04-13T06:06:00,2018-04-13T06:05:00,66,70
http://irail.be/vehicle/IC727,http://irail.be/stations/NMBS/008892106,IC,2018-04-13T06:15:00,2018-04-13T06:15:00,-86,-86
http://irail.be/vehicle/IC727,NO-URI,IC,2018-04-13T06:15:00,2018-04-13T06:15:00,-71,-71
http://irail.be/vehicle/IC727,http://irail.be/stations/NMBS/008892080,IC,2018-04-13T06:18:00,2018-04-13T06:18:00,-95,-95
http://irail.be/vehicle/IC727,http://irail.be/stations/NMBS/008892007,IC,2018-04-13T06:27:00,2018-04-13T06:24:00,24,-94
http://irail.be/vehicle/IC727,NO-URI,IC,2018-04-13T06:31:00,2018-04-13T06:31:00,51,51
http://irail.be/vehicle/IC727,http://irail.be/stations/NMBS/008893179,IC,2018-04-13T06:32:00,2018-04-13T06:32:00,-163,-163
http://irail.be/vehicle/IC727,http://irail.be/stations/NMBS/008893120,IC,2018-04-13T06:36:00,2018-04-13T06:35:00,56,-163
http://irail.be/vehicle/IC727,http://irail.be/stations/NMBS/008894151,IC,2018-04-13T06:43:00,2018-04-13T06:43:00,23,23
http://irail.be/vehicle/IC727,http://irail.be/stations/NMBS/008894201,IC,2018-04-13T06:50:00,2018-04-13T06:48:00,20,-26
http://irail.be/vehicle/IC727,NO-URI,IC,2018-04-13T06:52:00,2018-04-13T06:52:00,12,12
http://irail.be/vehicle/IC727,http://irail.be/stations/NMBS/008894425,IC,2018-04-13T06:54:00,2018-04-13T06:54:00,15,15
http://irail.be/vehicle/IC727,http://irail.be/stations/NMBS/008894433,IC,2018-04-13T06:55:00,2018-04-13T06:55:00,5,5
http://irail.be/vehicle/IC727,http://irail.be/stations/NMBS/008894508,IC,2018-04-13T07:00:00,2018-04-13T06:58:00,6,-10
http://irail.be/vehicle/IC727,NO-URI,IC,2018-04-13T07:02:00,2018-04-13T07:02:00,19,19
http://irail.be/vehicle/IC727,http://irail.be/stations/NMBS/008894714,IC,2018-04-13T07:03:00,2018-04-13T07:03:00,4,4
http://irail.be/vehicle/IC727,http://irail.be/stations/NMBS/008894748,IC,2018-04-13T07:06:00,2018-04-13T07:06:00,-31,-31
http://irail.be/vehicle/IC727,http://irail.be/stations/NMBS/008894755,IC,2018-04-13T07:07:00,2018-04-13T07:07:00,-39,-39
http://irail.be/vehicle/IC727,http://irail.be/stations/NMBS/008894821,IC,2018-04-13T07:08:00,2018-04-13T07:08:00,-20,-20
http://irail.be/vehicle/IC727,NO-URI,IC,2018-04-13T07:09:00,2018-04-13T07:09:00,-20,-20
http://irail.be/vehicle/IC727,http://irail.be/stations/NMBS/008821196,IC,2018-04-13T07:12:00,2018-04-13T07:12:00,-61,-61
http://irail.be/vehicle/IC727,http://irail.be/stations/NMBS/008821121,IC,2018-04-13T07:19:00,2018-04-13T07:17:00,140,-52
http://irail.be/vehicle/IC727,http://irail.be/stations/NMBS/008821006,IC,2018-04-13T07:23:00,2018-04-13T07:23:00,,155
http://irail.be/vehicle/IC727,http://irail.be/stations/NMBS/008896735,IC,2018-10-01T05:08:00,2018-10-01T05:08:00,49,
http://irail.be/vehicle/IC727,http://irail.be/stations/NMBS/008896503,IC,2018-10-01T05:16:00,2018-10-01T05:15:00,80,56
http://irail.be/vehicle/IC727,http://irail.be/stations/NMBS/008896412,IC,2018-10-01T05:26:00,2018-10-01T05:25:00,118,81
http://irail.be/vehicle/IC727,http://irail.be/stations/NMBS/008896396,IC,2018-10-01T05:30:00,2018-10-01T05:29:00,118,118
http://irail.be/vehicle/IC727,http://irail.be/stations/NMBS/008896305,IC,2018-10-01T05:35:00,2018-10-01T05:34:00,214,118
http://irail.be/vehicle/IC727,http://irail.be/stations/NMBS/008896370,IC,2018-10-01T05:40:00,2018-10-01T05:39:00,214,214
http://irail.be/vehicle/IC727,http://irail.be/stations/NMBS/008896388,IC,2018-10-01T05:45:00,2018-10-01T05:44:00,126,126
http://irail.be/vehicle/IC727,http://irail.be/stations/NMBS/008896008,IC,2018-10-01T05:58:00,2018-10-01T05:50:00,44,85
http://irail.be/vehicle/IC727,http://irail.be/stations/NMBS/008896115,IC,2018-10-01T06:02:00,2018-10-01T06:02:00,36,36
http://irail.be/vehicle/IC727,http://irail.be/stations/NMBS/008896149,IC,2018-10-01T06:08:00,2018-10-01T06:07:00,-5,3
http://irail.be/vehicle/IC727,http://irail.be/stations/NMBS/008892106,IC,2018-10-01T06:15:00,2018-10-01T06:15:00,-34,-34
http://irail.be/vehicle/IC727,NO-URI,IC,2018-10-01T06:15:00,2018-10-01T06:15:00,165,165
http://irail.be/vehicle/IC727,http://irail.be/stations/NMBS/008892080,IC,2018-10-01T06:18:00,2018-10-01T06:18:00,173,173
http://irail.be/vehicle/IC727,http://irail.be/stations/NMBS/008892007,IC,2018-10-01T06:27:00,2018-10-01T06:24:00,77,148
http://irail.be/vehicle/IC727,NO-URI,IC,2018-10-01T06:31:00,2018-10-01T06:31:00,102,102
http://irail.be/vehicle/IC727,http://irail.be/stations/NMBS/008893179,IC,2018-10-01T06:32:00,2018-10-01T06:32:00,-89,-89
http://irail.be/vehicle/IC727,http://irail.be/stations/NMBS/008893120,IC,2018-10-01T06:36:00,2018-10-01T06:35:00,71,-89
http://irail.be/vehicle/IC727,http://irail.be/stations/NMBS/008894151,IC,2018-10-01T06:43:00,2018-10-01T06:43:00,65,65
http://irail.be/vehicle/IC727,http://irail.be/stations/NMBS/008894201,IC,2018-10-01T06:50:00,2018-10-01T06:48:00,37,25
http://irail.be/vehicle/IC727,NO-URI,IC,2018-10-01T06:52:00,2018-10-01T06:52:00,24,24
http://irail.be/vehicle/IC727,http://irail.be/stations/NMBS/008894425,IC,2018-10-01T06:54:00,2018-10-01T06:54:00,31,31
http://irail.be/vehicle/IC727,http://irail.be/stations/NMBS/008894433,IC,2018-10-01T06:55:00,2018-10-01T06:55:00,21,21
http://irail.be/vehicle/IC727,http://irail.be/stations/NMBS/008894508,IC,2018-10-01T07:00:00,2018-10-01T06:58:00,11,9
http://irail.be/vehicle/IC727,NO-URI,IC,2018-10-01T07:02:00,2018-10-01T07:02:00,4,4
http://irail.be/vehicle/IC727,http://irail.be/stations/NMBS/008894714,IC,2018-10-01T07:03:00,2018-10-01T07:03:00,-13,-13
http://irail.be/vehicle/IC727,http://irail.be/stations/NMBS/008894748,IC,2018-10-01T07:06:00,2018-10-01T07:06:00,-41,-41
http://irail.be/vehicle/IC727,http://irail.be/stations/NMBS/008894755,IC,2018-10-01T07:07:00,2018-10-01T07:07:00,-46,-46
http://irail.be/vehicle/IC727,http://irail.be/stations/NMBS/008894821,IC,2018-10-01T07:08:00,2018-10-01T07:08:00,-24,-24
http://irail.be/vehicle/IC727,http://irail.be/stations/NMBS/008821196,IC,2018-10-01T07:12:00,2018-10-01T07:12:00,-53,-53
http://irail.be/vehicle/IC727,http://irail.be/stations/NMBS/008821121,IC,2018-10-01T07:19:00,2018-10-01T07:17:00,-9,-111
http://irail.be/vehicle/IC727,http://irail.be/stations/NMBS/008821006,IC,2018-10-01T07:23:00,2018-10-01T07:23:00,,-37
http://irail.be/vehicle/IC727,http://irail.be/stations/NMBS/008896735,IC,2018-08-29T05:08:00,2018-08-29T05:08:00,59,
http://irail.be/vehicle/IC727,http://irail.be/stations/NMBS/008896503,IC,2018-08-29T05:16:00,2018-08-29T05:15:00,61,46
http://irail.be/vehicle/IC727,http://irail.be/stations/NMBS/008896412,IC,2018-08-29T05:26:00,2018-08-29T05:25:00,78,49
http://irail.be/vehicle/IC727,http://irail.be/stations/NMBS/008896396,IC,2018-08-29T05:30:00,2018-08-29T05:29:00,78,78
http://irail.be/vehicle/IC727,http://irail.be/stations/NMBS/008896305,IC,2018-08-29T05:35:00,2018-08-29T05:34:00,88,78
http://irail.be/vehicle/IC727,http://irail.be/stations/NMBS/008896370,IC,2018-08-29T05:40:00,2018-08-29T05:39:00,52,88
http://irail.be/vehicle/IC727,http://irail.be/stations/NMBS/008896388,IC,2018-08-29T05:45:00,2018-08-29T05:44:00,52,52
http://irail.be/vehicle/IC727,http://irail.be/stations/NMBS/008896008,IC,2018-08-29T05:58:00,2018-08-29T05:50:00,155,184
http://irail.be/vehicle/IC727,http://irail.be/stations/NMBS/008896115,IC,2018-08-29T06:02:00,2018-08-29T06:02:00,135,135
http://irail.be/vehicle/IC727,http://irail.be/stations/NMBS/008896149,IC,2018-08-29T06:08:00,2018-08-29T06:07:00,94,99
http://irail.be/vehicle/IC727,http://irail.be/stations/NMBS/008892106,IC,2018-08-29T06:15:00,2018-08-29T06:15:00,39,39
http://irail.be/vehicle/IC727,NO-URI,IC,2018-08-29T06:15:00,2018-08-29T06:15:00,75,75
http://irail.be/vehicle/IC727,http://irail.be/stations/NMBS/008892080,IC,2018-08-29T06:18:00,2018-08-29T06:18:00,52,52
http://irail.be/vehicle/IC727,http://irail.be/stations/NMBS/008892007,IC,2018-08-29T06:27:00,2018-08-29T06:24:00,-2,41
http://irail.be/vehicle/IC727,NO-URI,IC,2018-08-29T06:31:00,2018-08-29T06:31:00,29,29
http://irail.be/vehicle/IC727,http://irail.be/stations/NMBS/008893179,IC,2018-08-29T06:32:00,2018-08-29T06:32:00,152,152
http://irail.be/vehicle/IC727,http://irail.be/stations/NMBS/008893120,IC,2018-08-29T06:36:00,2018-08-29T06:35:00,367,152
http://irail.be/vehicle/IC727,http://irail.be/stations/NMBS/008894151,IC,2018-08-29T06:43:00,2018-08-29T06:43:00,346,346
http://irail.be/vehicle/IC727,http://irail.be/stations/NMBS/008894201,IC,2018-08-29T06:50:00,2018-08-29T06:48:00,271,334
http://irail.be/vehicle/IC727,NO-URI,IC,2018-08-29T06:52:00,2018-08-29T06:52:00,252,252
http://irail.be/vehicle/IC727,http://irail.be/stations/NMBS/008894425,IC,2018-08-29T06:54:00,2018-08-29T06:54:00,252,252
http://irail.be/vehicle/IC727,http://irail.be/stations/NMBS/008894433,IC,2018-08-29T06:55:00,2018-08-29T06:55:00,239,239
http://irail.be/vehicle/IC727,http://irail.be/stations/NMBS/008894508,IC,2018-08-29T07:00:00,2018-08-29T06:58:00,159,217
http://irail.be/vehicle/IC727,NO-URI,IC,2018-08-29T07:02:00,2018-08-29T07:02:00,147,147
http://irail.be/vehicle/IC727,http://irail.be/stations/NMBS/008894714,IC,2018-08-29T07:03:00,2018-08-29T07:03:00,128,128
http://irail.be/vehicle/IC727,http://irail.be/stations/NMBS/008894748,IC,2018-08-29T07:06:00,2018-08-29T07:06:00,88,88
http://irail.be/vehicle/IC727,http://irail.be/stations/NMBS/008894755,IC,2018-08-29T07:07:00,2018-08-29T07:07:00,79,79
http://irail.be/vehicle/IC727,http://irail.be/stations/NMBS/008894821,IC,2018-08-29T07:08:00,2018-08-29T07:08:00,96,96
http://irail.be/vehicle/IC727,http://irail.be/stations/NMBS/008821196,IC,2018-08-29T07:12:00,2018-08-29T07:12:00,43,43
http://irail.be/vehicle/IC727,http://irail.be/stations/NMBS/008821121,IC,2018-08-29T07:19:00,2018-08-29T07:17:00,40,20
http://irail.be/vehicle/IC727,http://irail.be/stations/NMBS/008821006,IC,2018-08-29T07:23:00,2018-08-29T07:23:00,,20
http://irail.be/vehicle/IC727,http://irail.be/stations/NMBS/008896735,IC,2018-02-08T05:08:00,2018-02-08T05:08:00,278,
http://irail.be/vehicle/IC727,http://irail.be/stations/NMBS/008896503,IC,2018-02-08T05:16:00,2018-02-08T05:15:00,229,247
http://irail.be/vehicle/IC727,http://irail.be/stations/NMBS/008896412,IC,2018-02-08T05:26:00,2018-02-08T05:25:00,123,177
http://irail.be/vehicle/IC727,http://irail.be/stations/NMBS/008896396,IC,2018-02-08T05:30:00,2018-02-08T05:29:00,123,123
http://irail.be/vehicle/IC727,http://irail.be/stations/NMBS/008896305,IC,2018-02-08T05:35:00,2018-02-08T05:34:00,101,123
http://irail.be/vehicle/IC727,http://irail.be/stations/NMBS/008896370,IC,2018-02-08T05:40:00,2018-02-08T05:40:00,101,101
http://irail.be/vehicle/IC727,http://irail.be/stations/NMBS/008896388,IC,2018-02-08T05:44:00,2018-02-08T05:44:00,25,25
http://irail.be/vehicle/IC727,http://irail.be/stations/NMBS/008896008,IC,2018-02-08T05:57:00,2018-02-08T05:50:00,54,-78
http://irail.be/vehicle/IC727,http://irail.be/stations/NMBS/008896115,IC,2018-02-08T06:01:00,2018-02-08T06:01:00,107,107
http://irail.be/vehicle/IC727,http://irail.be/stations/NMBS/008896149,IC,2018-02-08T06:06:00,2018-02-08T06:05:00,120,141
http://irail.be/vehicle/IC727,http://irail.be/stations/NMBS/008892106,IC,2018-02-08T06:15:00,2018-02-08T06:15:00,-26,-26
http://irail.be/vehicle/IC727,NO-URI,IC,2018-02-08T06:15:00,2018-02-08T06:15:00,-9,-9
http://irail.be/vehicle/IC727,http://irail.be/stations/NMBS/008892080,IC,2018-02-08T06:18:00,2018-02-08T06:18:00,-25,-25
http://irail.be/vehicle/IC727,http://irail.be/stations/NMBS/008892007,IC,2018-02-08T06:27:00,2018-02-08T06:24:00,26,-12
http://irail.be/vehicle/IC727,NO-URI,IC,2018-02-08T06:31:00,2018-02-08T06:31:00,48,48
http://irail.be/vehicle/IC727,http://irail.be/stations/NMBS/008893179,IC,2018-02-08T06:32:00,2018-02-08T06:32:00,-151,-151
http://irail.be/vehicle/IC727,http://irail.be/stations/NMBS/008893120,IC,2018-02-08T06:36:00,2018-02-08T06:35:00,-151,-151
http://irail.be/vehicle/IC727,http://irail.be/stations/NMBS/008894151,IC,2018-02-08T06:43:00,2018-02-08T06:43:00,35,35
http://irail.be/vehicle/IC727,http://irail.be/stations/NMBS/008894201,IC,2018-02-08T06:50:00,2018-02-08T06:48:00,25,-7
http://irail.be/vehicle/IC727,NO-URI,IC,2018-02-08T06:52:00,2018-02-08T06:52:00,3,3
http://irail.be/vehicle/IC727,http://irail.be/stations/NMBS/008894425,IC,2018-02-08T06:54:00,2018-02-08T06:54:00,6,6
http://irail.be/vehicle/IC727,http://irail.be/stations/NMBS/008894433,IC,2018-02-08T06:55:00,2018-02-08T06:55:00,-5,-5
http://irail.be/vehicle/IC727,http://irail.be/stations/NMBS/008894508,IC,2018-02-08T07:00:00,2018-02-08T06:58:00,19,-21
http://irail.be/vehicle/IC727,NO-URI,IC,2018-02-08T07:02:00,2018-02-08T07:02:00,22,22
http://irail.be/vehicle/IC727,http://irail.be/stations/NMBS/008894714,IC,2018-02-08T07:03:00,2018-02-08T07:03:00,6,6
http://irail.be/vehicle/IC727,http://irail.be/stations/NMBS/008894748,IC,2018-02-08T07:06:00,2018-02-08T07:06:00,-26,-26
http://irail.be/vehicle/IC727,http://irail.be/stations/NMBS/008894755,IC,2018-02-08T07:07:00,2018-02-08T07:07:00,-19,-19
http://irail.be/vehicle/IC727,http://irail.be/stations/NMBS/008894821,IC,2018-02-08T07:08:00,2018-02-08T07:08:00,23,23
http://irail.be/vehicle/IC727,NO-URI,IC,2018-02-08T07:09:00,2018-02-08T07:09:00,23,23
http://irail.be/vehicle/IC727,http://irail.be/stations/NMBS/008821196,IC,2018-02-08T07:12:00,2018-02-08T07:12:00,-4,-4
http://irail.be/vehicle/IC727,http://irail.be/stations/NMBS/008821121,IC,2018-02-08T07:19:00,2018-02-08T07:17:00,134,8
http://irail.be/vehicle/IC727,http://irail.be/stations/NMBS/008821006,IC,2018-02-08T07:23:00,2018-02-08T07:23:00,,148
http://irail.be/vehicle/IC727,http://irail.be/stations/NMBS/008896735,IC,2018-08-08T05:08:00,2018-08-08T05:08:00,30,
http://irail.be/vehicle/IC727,http://irail.be/stations/NMBS/008896503,IC,2018-08-08T05:16:00,2018-08-08T05:15:00,13,6
http://irail.be/vehicle/IC727,http://irail.be/stations/NMBS/008896412,IC,2018-08-08T05:26:00,2018-08-08T05:25:00,-40,-20
http://irail.be/vehicle/IC727,http://irail.be/stations/NMBS/008896396,IC,2018-08-08T05:30:00,2018-08-08T05:29:00,-40,-40
http://irail.be/vehicle/IC727,http://irail.be/stations/NMBS/008896305,IC,2018-08-08T05:35:00,2018-08-08T05:34:00,-22,-40
http://irail.be/vehicle/IC727,http://irail.be/stations/NMBS/008896370,IC,2018-08-08T05:40:00,2018-08-08T05:39:00,-69,-22
http://irail.be/vehicle/IC727,http://irail.be/stations/NMBS/008896388,IC,2018-08-08T05:45:00,2018-08-08T05:44:00,-69,-69
http://irail.be/vehicle/IC727,http://irail.be/stations/NMBS/008896008,IC,2018-08-08T05:58:00,2018-08-08T05:50:00,77,-69
http://irail.be/vehicle/IC727,http://irail.be/stations/NMBS/008896115,IC,2018-08-08T06:02:00,2018-08-08T06:02:00,51,51
http://irail.be/vehicle/IC727,http://irail.be/stations/NMBS/008896149,IC,2018-08-08T06:08:00,2018-08-08T06:07:00,10,14
http://irail.be/vehicle/IC727,http://irail.be/stations/NMBS/008892106,IC,2018-08-08T06:15:00,2018-08-08T06:15:00,-50,-50
http://irail.be/vehicle/IC727,NO-URI,IC,2018-08-08T06:15:00,2018-08-08T06:15:00,-17,-17
http://irail.be/vehicle/IC727,http://irail.be/stations/NMBS/008892080,IC,2018-08-08T06:18:00,2018-08-08T06:18:00,-39,-39
http://irail.be/vehicle/IC727,http://irail.be/stations/NMBS/008892007,IC,2018-08-08T06:27:00,2018-08-08T06:24:00,1,-48
http://irail.be/vehicle/IC727,NO-URI,IC,2018-08-08T06:31:00,2018-08-08T06:31:00,35,35
http://irail.be/vehicle/IC727,http://irail.be/stations/NMBS/008893179,IC,2018-08-08T06:32:00,2018-08-08T06:32:00,-162,-162
http://irail.be/vehicle/IC727,http://irail.be/stations/NMBS/008893120,IC,2018-08-08T06:36:00,2018-08-08T06:35:00,59,-162
http://irail.be/vehicle/IC727,http://irail.be/stations/NMBS/008894151,IC,2018-08-08T06:43:00,2018-08-08T06:43:00,25,25
http://irail.be/vehicle/IC727,http://irail.be/stations/NMBS/008894201,IC,2018-08-08T06:50:00,2018-08-08T06:48:00,21,-14
http://irail.be/vehicle/IC727,NO-URI,IC,2018-08-08T06:52:00,2018-08-08T06:52:00,8,8
http://irail.be/vehicle/IC727,http://irail.be/stations/NMBS/008894425,IC,2018-08-08T06:54:00,2018-08-08T06:54:00,11,11
http://irail.be/vehicle/IC727,http://irail.be/stations/NMBS/008894433,IC,2018-08-08T06:55:00,2018-08-08T06:55:00,1,1
http://irail.be/vehicle/IC727,http://irail.be/stations/NMBS/008894508,IC,2018-08-08T07:00:00,2018-08-08T06:58:00,1,-12
http://irail.be/vehicle/IC727,NO-URI,IC,2018-08-08T07:02:00,2018-08-08T07:02:00,7,7
http://irail.be/vehicle/IC727,http://irail.be/stations/NMBS/008894714,IC,2018-08-08T07:03:00,2018-08-08T07:03:00,-10,-10
http://irail.be/vehicle/IC727,http://irail.be/stations/NMBS/008894748,IC,2018-08-08T07:06:00,2018-08-08T07:06:00,-43,-43
http://irail.be/vehicle/IC727,http://irail.be/stations/NMBS/008894755,IC,2018-08-08T07:07:00,2018-08-08T07:07:00,73,73
http://irail.be/vehicle/IC727,http://irail.be/stations/NMBS/008894821,IC,2018-08-08T07:08:00,2018-08-08T07:08:00,139,139
http://irail.be/vehicle/IC727,http://irail.be/stations/NMBS/008821196,IC,2018-08-08T07:12:00,2018-08-08T07:12:00,116,116
http://irail.be/vehicle/IC727,http://irail.be/stations/NMBS/008821121,IC,2018-08-08T07:19:00,2018-08-08T07:17:00,23,72
http://irail.be/vehicle/IC727,http://irail.be/stations/NMBS/008821006,IC,2018-08-08T07:23:00,2018-08-08T07:23:00,,-6
http://irail.be/vehicle/IC727,http://irail.be/stations/NMBS/008896735,IC,2018-07-05T05:08:00,2018-07-05T05:08:00,41,
http://irail.be/vehicle/IC727,http://irail.be/stations/NMBS/008896503,IC,2018-07-05T05:16:00,2018-07-05T05:15:00,13,3
http://irail.be/vehicle/IC727,http://irail.be/stations/NMBS/008896412,IC,2018-07-05T05:26:00,2018-07-05T05:25:00,-33,-34
http://irail.be/vehicle/IC727,http://irail.be/stations/NMBS/008896396,IC,2018-07-05T05:30:00,2018-07-05T05:29:00,-33,-33
http://irail.be/vehicle/IC727,http://irail.be/stations/NMBS/008896305,IC,2018-07-05T05:35:00,2018-07-05T05:34:00,-18,-33
http://irail.be/vehicle/IC727,http://irail.be/stations/NMBS/008896370,IC,2018-07-05T05:40:00,2018-07-05T05:39:00,-25,-18
http://irail.be/vehicle/IC727,http://irail.be/stations/NMBS/008896388,IC,2018-07-05T05:45:00,2018-07-05T05:44:00,-25,-25
http://irail.be/vehicle/IC727,http://irail.be/stations/NMBS/008896008,IC,2018-07-05T05:58:00,2018-07-05T05:50:00,30,-25
http://irail.be/vehicle/IC727,http://irail.be/stations/NMBS/008896115,IC,2018-07-05T06:02:00,2018-07-05T06:02:00,20,20
http://irail.be/vehicle/IC727,http://irail.be/stations/NMBS/008896149,IC,2018-07-05T06:08:00,2018-07-05T06:07:00,4,-17
http://irail.be/vehicle/IC727,http://irail.be/stations/NMBS/008892106,IC,2018-07-05T06:15:00,2018-07-05T06:15:00,-55,-55
http://irail.be/vehicle/IC727,NO-URI,IC,2018-07-05T06:15:00,2018-07-05T06:15:00,-22,-22
http://irail.be/vehicle/IC727,http://irail.be/stations/NMBS/008892080,IC,2018-07-05T06:18:00,2018-07-05T06:18:00,-46,-46
http://irail.be/vehicle/IC727,http://irail.be/stations/NMBS/008892007,IC,2018-07-05T06:27:00,2018-07-05T06:24:00,23,-72
http://irail.be/vehicle/IC727,NO-URI,IC,2018-07-05T06:31:00,2018-07-05T06:31:00,59,59
http://irail.be/vehicle/IC727,http://irail.be/stations/NMBS/008893179,IC,2018-07-05T06:32:00,2018-07-05T06:32:00,-145,-145
http://irail.be/vehicle/IC727,http://irail.be/stations/NMBS/008893120,IC,2018-07-05T06:36:00,2018-07-05T06:35:00,20,-145
http://irail.be/vehicle/IC727,http://irail.be/stations/NMBS/008894151,IC,2018-07-05T06:43:00,2018-07-05T06:43:00,-16,-16
http://irail.be/vehicle/IC727,http://irail.be/stations/NMBS/008894201,IC,2018-07-05T06:50:00,2018-07-05T06:48:00,14,-58
http://irail.be/vehicle/IC727,NO-URI,IC,2018-07-05T06:52:00,2018-07-05T06:52:00,2,2
http://irail.be/vehicle/IC727,http://irail.be/stations/NMBS/008894425,IC,2018-07-05T06:54:00,2018-07-05T06:54:00,4,4
http://irail.be/vehicle/IC727,http://irail.be/stations/NMBS/008894433,IC,2018-07-05T06:55:00,2018-07-05T06:55:00,-3,-3
http://irail.be/vehicle/IC727,http://irail.be/stations/NMBS/008894508,IC,2018-07-05T07:00:00,2018-07-05T06:58:00,-3,-11
http://irail.be/vehicle/IC727,NO-URI,IC,2018-07-05T07:02:00,2018-07-05T07:02:00,1,1
http://irail.be/vehicle/IC727,http://irail.be/stations/NMBS/008894714,IC,2018-07-05T07:03:00,2018-07-05T07:03:00,-14,-14
http://irail.be/vehicle/IC727,http://irail.be/stations/NMBS/008894748,IC,2018-07-05T07:06:00,2018-07-05T07:06:00,-46,-46
http://irail.be/vehicle/IC727,http://irail.be/stations/NMBS/008894755,IC,2018-07-05T07:07:00,2018-07-05T07:07:00,-52,-52
http://irail.be/vehicle/IC727,http://irail.be/stations/NMBS/008894821,IC,2018-07-05T07:08:00,2018-07-05T07:08:00,-30,-30
http://irail.be/vehicle/IC727,http://irail.be/stations/NMBS/008821196,IC,2018-07-05T07:12:00,2018-07-05T07:12:00,-56,-56
http://irail.be/vehicle/IC727,http://irail.be/stations/NMBS/008821121,IC,2018-07-05T07:19:00,2018-07-05T07:17:00,-1,-38
http://irail.be/vehicle/IC727,http://irail.be/stations/NMBS/008821006,IC,2018-07-05T07:23:00,2018-07-05T07:23:00,,-30
http://irail.be/vehicle/IC727,http://irail.be/stations/NMBS/008896735,IC,2018-06-26T05:08:00,2018-06-26T05:08:00,54,
http://irail.be/vehicle/IC727,http://irail.be/stations/NMBS/008896503,IC,2018-06-26T05:16:00,2018-06-26T05:15:00,93,80
http://irail.be/vehicle/IC727,http://irail.be/stations/NMBS/008896412,IC,2018-06-26T05:26:00,2018-06-26T05:25:00,61,95
http://irail.be/vehicle/IC727,http://irail.be/stations/NMBS/008896396,IC,2018-06-26T05:30:00,2018-06-26T05:29:00,61,61
http://irail.be/vehicle/IC727,http://irail.be/stations/NMBS/008896305,IC,2018-06-26T05:35:00,2018-06-26T05:34:00,64,61
http://irail.be/vehicle/IC727,http://irail.be/stations/NMBS/008896370,IC,2018-06-26T05:40:00,2018-06-26T05:39:00,56,64
http://irail.be/vehicle/IC727,http://irail.be/stations/NMBS/008896388,IC,2018-06-26T05:45:00,2018-06-26T05:44:00,56,56
http://irail.be/vehicle/IC727,http://irail.be/stations/NMBS/008896008,IC,2018-06-26T05:58:00,2018-06-26T05:50:00,37,90
http://irail.be/vehicle/IC727,http://irail.be/stations/NMBS/008896115,IC,2018-06-26T06:02:00,2018-06-26T06:02:00,11,11
http://irail.be/vehicle/IC727,http://irail.be/stations/NMBS/008896149,IC,2018-06-26T06:08:00,2018-06-26T06:07:00,203,102
http://irail.be/vehicle/IC727,http://irail.be/stations/NMBS/008892106,IC,2018-06-26T06:15:00,2018-06-26T06:15:00,162,162
http://irail.be/vehicle/IC727,NO-URI,IC,2018-06-26T06:15:00,2018-06-26T06:15:00,359,359
http://irail.be/vehicle/IC727,http://irail.be/stations/NMBS/008892080,IC,2018-06-26T06:18:00,2018-06-26T06:18:00,374,374
http://irail.be/vehicle/IC727,http://irail.be/stations/NMBS/008892007,IC,2018-06-26T06:27:00,2018-06-26T06:24:00,350,440
http://irail.be/vehicle/IC727,NO-URI,IC,2018-06-26T06:31:00,2018-06-26T06:31:00,366,366
http://irail.be/vehicle/IC727,http://irail.be/stations/NMBS/008893179,IC,2018-06-26T06:32:00,2018-06-26T06:32:00,154,154
http://irail.be/vehicle/IC727,http://irail.be/stations/NMBS/008893120,IC,2018-06-26T06:36:00,2018-06-26T06:35:00,387,154
http://irail.be/vehicle/IC727,http://irail.be/stations/NMBS/008894151,IC,2018-06-26T06:43:00,2018-06-26T06:43:00,721,721
http://irail.be/vehicle/IC727,http://irail.be/stations/NMBS/008894201,IC,2018-06-26T06:50:00,2018-06-26T06:48:00,631,714
http://irail.be/vehicle/IC727,NO-URI,IC,2018-06-26T06:52:00,2018-06-26T06:52:00,619,619
http://irail.be/vehicle/IC727,http://irail.be/stations/NMBS/008894425,IC,2018-06-26T06:54:00,2018-06-26T06:54:00,621,621
http://irail.be/vehicle/IC727,http://irail.be/stations/NMBS/008894433,IC,2018-06-26T06:55:00,2018-06-26T06:55:00,610,610
http://irail.be/vehicle/IC727,http://irail.be/stations/NMBS/008894508,IC,2018-06-26T07:00:00,2018-06-26T06:58:00,522,593
http://irail.be/vehicle/IC727,NO-URI,IC,2018-06-26T07:02:00,2018-06-26T07:02:00,532,532
http://irail.be/vehicle/IC727,http://irail.be/stations/NMBS/008894714,IC,2018-06-26T07:03:00,2018-06-26T07:03:00,516,516
http://irail.be/vehicle/IC727,http://irail.be/stations/NMBS/008894748,IC,2018-06-26T07:06:00,2018-06-26T07:06:00,480,480
http://irail.be/vehicle/IC727,http://irail.be/stations/NMBS/008894755,IC,2018-06-26T07:07:00,2018-06-26T07:07:00,470,470
http://irail.be/vehicle/IC727,http://irail.be/stations/NMBS/008894821,IC,2018-06-26T07:08:00,2018-06-26T07:08:00,487,487
http://irail.be/vehicle/IC727,http://irail.be/stations/NMBS/008821196,IC,2018-06-26T07:12:00,2018-06-26T07:12:00,444,444
http://irail.be/vehicle/IC727,http://irail.be/stations/NMBS/008821121,IC,2018-06-26T07:19:00,2018-06-26T07:17:00,317,388
http://irail.be/vehicle/IC727,http://irail.be/stations/NMBS/008821006,IC,2018-06-26T07:23:00,2018-06-26T07:23:00,,289
http://irail.be/vehicle/IC727,http://irail.be/stations/NMBS/008896735,IC,2018-04-19T05:08:00,2018-04-19T05:08:00,68,
http://irail.be/vehicle/IC727,http://irail.be/stations/NMBS/008896503,IC,2018-04-19T05:16:00,2018-04-19T05:15:00,59,49
http://irail.be/vehicle/IC727,http://irail.be/stations/NMBS/008896412,IC,2018-04-19T05:26:00,2018-04-19T05:25:00,12,35
http://irail.be/vehicle/IC727,http://irail.be/stations/NMBS/008896396,IC,2018-04-19T05:30:00,2018-04-19T05:29:00,12,12
http://irail.be/vehicle/IC727,http://irail.be/stations/NMBS/008896305,IC,2018-04-19T05:35:00,2018-04-19T05:34:00,-1,12
http://irail.be/vehicle/IC727,http://irail.be/stations/NMBS/008896370,IC,2018-04-19T05:40:00,2018-04-19T05:40:00,17,-1
http://irail.be/vehicle/IC727,http://irail.be/stations/NMBS/008896388,IC,2018-04-19T05:44:00,2018-04-19T05:44:00,17,17
http://irail.be/vehicle/IC727,http://irail.be/stations/NMBS/008896008,IC,2018-04-19T05:57:00,2018-04-19T05:50:00,47,-27
http://irail.be/vehicle/IC727,http://irail.be/stations/NMBS/008896115,IC,2018-04-19T06:01:00,2018-04-19T06:01:00,27,27
http://irail.be/vehicle/IC727,http://irail.be/stations/NMBS/008896149,IC,2018-04-19T06:06:00,2018-04-19T06:05:00,-2,23
http://irail.be/vehicle/IC727,http://irail.be/stations/NMBS/008892106,IC,2018-04-19T06:15:00,2018-04-19T06:15:00,-41,-41
http://irail.be/vehicle/IC727,NO-URI,IC,2018-04-19T06:15:00,2018-04-19T06:15:00,43,43
http://irail.be/vehicle/IC727,http://irail.be/stations/NMBS/008892080,IC,2018-04-19T06:18:00,2018-04-19T06:18:00,51,51
http://irail.be/vehicle/IC727,http://irail.be/stations/NMBS/008892007,IC,2018-04-19T06:27:00,2018-04-19T06:24:00,8,75
http://irail.be/vehicle/IC727,NO-URI,IC,2018-04-19T06:31:00,2018-04-19T06:31:00,40,40
http://irail.be/vehicle/IC727,http://irail.be/stations/NMBS/008893179,IC,2018-04-19T06:32:00,2018-04-19T06:32:00,-140,-140
http://irail.be/vehicle/IC727,http://irail.be/stations/NMBS/008893120,IC,2018-04-19T06:36:00,2018-04-19T06:35:00,38,-140
http://irail.be/vehicle/IC727,http://irail.be/stations/NMBS/008894151,IC,2018-04-19T06:43:00,2018-04-19T06:43:00,11,11
http://irail.be/vehicle/IC727,http://irail.be/stations/NMBS/008894201,IC,2018-04-19T06:50:00,2018-04-19T06:48:00,4,-31
http://irail.be/vehicle/IC727,NO-URI,IC,2018-04-19T06:52:00,2018-04-19T06:52:00,-13,-13
http://irail.be/vehicle/IC727,http://irail.be/stations/NMBS/008894425,IC,2018-04-19T06:54:00,2018-04-19T06:54:00,-12,-12
http://irail.be/vehicle/IC727,http://irail.be/stations/NMBS/008894433,IC,2018-04-19T06:55:00,2018-04-19T06:55:00,-21,-21
http://irail.be/vehicle/IC727,http://irail.be/stations/NMBS/008894508,IC,2018-04-19T07:00:00,2018-04-19T06:58:00,3,-19
http://irail.be/vehicle/IC727,NO-URI,IC,2018-04-19T07:02:00,2018-04-19T07:02:00,1,1
http://irail.be/vehicle/IC727,http://irail.be/stations/NMBS/008894714,IC,2018-04-19T07:03:00,2018-04-19T07:03:00,-15,-15
http://irail.be/vehicle/IC727,http://irail.be/stations/NMBS/008894748,IC,2018-04-19T07:06:00,2018-04-19T07:06:00,-51,-51
http://irail.be/vehicle/IC727,http://irail.be/stations/NMBS/008894755,IC,2018-04-19T07:07:00,2018-04-19T07:07:00,-59,-59
http://irail.be/vehicle/IC727,http://irail.be/stations/NMBS/008894821,IC,2018-04-19T07:08:00,2018-04-19T07:08:00,-30,-30
http://irail.be/vehicle/IC727,NO-URI,IC,2018-04-19T07:09:00,2018-04-19T07:09:00,-30,-30
http://irail.be/vehicle/IC727,http://irail.be/stations/NMBS/008821196,IC,2018-04-19T07:12:00,2018-04-19T07:12:00,-13,-13
http://irail.be/vehicle/IC727,http://irail.be/stations/NMBS/008821121,IC,2018-04-19T07:19:00,2018-04-19T07:17:00,-4,-24
http://irail.be/vehicle/IC727,http://irail.be/stations/NMBS/008821006,IC,2018-04-19T07:23:00,2018-04-19T07:23:00,,-7
http://irail.be/vehicle/IC727,http://irail.be/stations/NMBS/008896735,IC,2018-07-14T05:08:00,2018-07-14T05:08:00,178,
http://irail.be/vehicle/IC727,http://irail.be/stations/NMBS/008896503,IC,2018-07-14T05:16:00,2018-07-14T05:15:00,150,136
http://irail.be/vehicle/IC727,http://irail.be/stations/NMBS/008896412,IC,2018-07-14T05:26:00,2018-07-14T05:25:00,69,122
http://irail.be/vehicle/IC727,http://irail.be/stations/NMBS/008896396,IC,2018-07-14T05:30:00,2018-07-14T05:29:00,69,69
http://irail.be/vehicle/IC727,http://irail.be/stations/NMBS/008896305,IC,2018-07-14T05:35:00,2018-07-14T05:34:00,53,69
http://irail.be/vehicle/IC727,http://irail.be/stations/NMBS/008896370,IC,2018-07-14T05:40:00,2018-07-14T05:39:00,53,53
http://irail.be/vehicle/IC727,http://irail.be/stations/NMBS/008896388,IC,2018-07-14T05:45:00,2018-07-14T05:44:00,-36,-36
http://irail.be/vehicle/IC727,http://irail.be/stations/NMBS/008896008,IC,2018-07-14T05:58:00,2018-07-14T05:50:00,19,-77
http://irail.be/vehicle/IC727,http://irail.be/stations/NMBS/008896115,IC,2018-07-14T06:02:00,2018-07-14T06:02:00,-14,-14
http://irail.be/vehicle/IC727,http://irail.be/stations/NMBS/008896149,IC,2018-07-14T06:08:00,2018-07-14T06:07:00,-6,-59
http://irail.be/vehicle/IC727,http://irail.be/stations/NMBS/008892106,IC,2018-07-14T06:15:00,2018-07-14T06:15:00,-65,-65
http://irail.be/vehicle/IC727,NO-URI,IC,2018-07-14T06:15:00,2018-07-14T06:15:00,-31,-31
http://irail.be/vehicle/IC727,http://irail.be/stations/NMBS/008892080,IC,2018-07-14T06:18:00,2018-07-14T06:18:00,-58,-58
http://irail.be/vehicle/IC727,http://irail.be/stations/NMBS/008892007,IC,2018-07-14T06:27:00,2018-07-14T06:24:00,0,-95
http://irail.be/vehicle/IC727,NO-URI,IC,2018-07-14T06:31:00,2018-07-14T06:31:00,3,3
http://irail.be/vehicle/IC727,http://irail.be/stations/NMBS/008893179,IC,2018-07-14T06:32:00,2018-07-14T06:32:00,-206,-206
http://irail.be/vehicle/IC727,http://irail.be/stations/NMBS/008893120,IC,2018-07-14T06:36:00,2018-07-14T06:35:00,34,-206
http://irail.be/vehicle/IC727,http://irail.be/stations/NMBS/008894151,IC,2018-07-14T06:43:00,2018-07-14T06:43:00,0,0
http://irail.be/vehicle/IC727,http://irail.be/stations/NMBS/008894201,IC,2018-07-14T06:50:00,2018-07-14T06:48:00,1,-48
http://irail.be/vehicle/IC727,NO-URI,IC,2018-07-14T06:52:00,2018-07-14T06:52:00,-7,-7
http://irail.be/vehicle/IC727,http://irail.be/stations/NMBS/008894425,IC,2018-07-14T06:54:00,2018-07-14T06:54:00,0,0
http://irail.be/vehicle/IC727,http://irail.be/stations/NMBS/008894433,IC,2018-07-14T06:55:00,2018-07-14T06:55:00,-12,-12
http://irail.be/vehicle/IC727,http://irail.be/stations/NMBS/008894508,IC,2018-07-14T07:00:00,2018-07-14T06:58:00,4,-25
http://irail.be/vehicle/IC727,NO-URI,IC,2018-07-14T07:02:00,2018-07-14T07:02:00,-6,-6
http://irail.be/vehicle/IC727,http://irail.be/stations/NMBS/008894714,IC,2018-07-14T07:03:00,2018-07-14T07:03:00,-24,-24
http://irail.be/vehicle/IC727,http://irail.be/stations/NMBS/008894748,IC,2018-07-14T07:06:00,2018-07-14T07:06:00,-59,-59
http://irail.be/vehicle/IC727,http://irail.be/stations/NMBS/008894755,IC,2018-07-14T07:07:00,2018-07-14T07:07:00,-67,-67
http://irail.be/vehicle/IC727,http://irail.be/stations/NMBS/008894821,IC,2018-07-14T07:08:00,2018-07-14T07:08:00,-48,-48
http://irail.be/vehicle/IC727,http://irail.be/stations/NMBS/008821196,IC,2018-07-14T07:12:00,2018-07-14T07:12:00,-82,-82
http://irail.be/vehicle/IC727,http://irail.be/stations/NMBS/008821121,IC,2018-07-14T07:19:00,2018-07-14T07:17:00,-13,-146
http://irail.be/vehicle/IC727,http://irail.be/stations/NMBS/008821006,IC,2018-07-14T07:23:00,2018-07-14T07:23:00,,-44
http://irail.be/vehicle/IC727,http://irail.be/stations/NMBS/008896735,IC,2018-09-11T05:08:00,2018-09-11T05:08:00,84,
http://irail.be/vehicle/IC727,http://irail.be/stations/NMBS/008896503,IC,2018-09-11T05:16:00,2018-09-11T05:15:00,73,75
http://irail.be/vehicle/IC727,http://irail.be/stations/NMBS/008896412,IC,2018-09-11T05:26:00,2018-09-11T05:25:00,99,69
http://irail.be/vehicle/IC727,http://irail.be/stations/NMBS/008896396,IC,2018-09-11T05:30:00,2018-09-11T05:29:00,99,99
http://irail.be/vehicle/IC727,http://irail.be/stations/NMBS/008896305,IC,2018-09-11T05:35:00,2018-09-11T05:34:00,112,99
http://irail.be/vehicle/IC727,http://irail.be/stations/NMBS/008896370,IC,2018-09-11T05:40:00,2018-09-11T05:39:00,99,112
http://irail.be/vehicle/IC727,http://irail.be/stations/NMBS/008896388,IC,2018-09-11T05:45:00,2018-09-11T05:44:00,99,99
http://irail.be/vehicle/IC727,http://irail.be/stations/NMBS/008896008,IC,2018-09-11T05:58:00,2018-09-11T05:50:00,42,79
http://irail.be/vehicle/IC727,http://irail.be/stations/NMBS/008896115,IC,2018-09-11T06:02:00,2018-09-11T06:02:00,64,64
http://irail.be/vehicle/IC727,http://irail.be/stations/NMBS/008896149,IC,2018-09-11T06:08:00,2018-09-11T06:07:00,11,19
http://irail.be/vehicle/IC727,http://irail.be/stations/NMBS/008892106,IC,2018-09-11T06:15:00,2018-09-11T06:15:00,-39,-39
http://irail.be/vehicle/IC727,NO-URI,IC,2018-09-11T06:15:00,2018-09-11T06:15:00,32,32
http://irail.be/vehicle/IC727,http://irail.be/stations/NMBS/008892080,IC,2018-09-11T06:18:00,2018-09-11T06:18:00,29,29
http://irail.be/vehicle/IC727,http://irail.be/stations/NMBS/008892007,IC,2018-09-11T06:27:00,2018-09-11T06:24:00,2,48
http://irail.be/vehicle/IC727,NO-URI,IC,2018-09-11T06:31:00,2018-09-11T06:31:00,13,13
http://irail.be/vehicle/IC727,http://irail.be/stations/NMBS/008893179,IC,2018-09-11T06:32:00,2018-09-11T06:32:00,-191,-191
http://irail.be/vehicle/IC727,http://irail.be/stations/NMBS/008893120,IC,2018-09-11T06:36:00,2018-09-11T06:35:00,27,-191
http://irail.be/vehicle/IC727,http://irail.be/stations/NMBS/008894151,IC,2018-09-11T06:43:00,2018-09-11T06:43:00,1,1
http://irail.be/vehicle/IC727,http://irail.be/stations/NMBS/008894201,IC,2018-09-11T06:50:00,2018-09-11T06:48:00,16,-37
http://irail.be/vehicle/IC727,NO-URI,IC,2018-09-11T06:52:00,2018-09-11T06:52:00,8,8
http://irail.be/vehicle/IC727,http://irail.be/stations/NMBS/008894425,IC,2018-09-11T06:54:00,2018-09-11T06:54:00,23,23
http://irail.be/vehicle/IC727,http://irail.be/stations/NMBS/008894433,IC,2018-09-11T06:55:00,2018-09-11T06:55:00,13,13
http://irail.be/vehicle/IC727,http://irail.be/stations/NMBS/008894508,IC,2018-09-11T07:00:00,2018-09-11T06:58:00,4,-4
http://irail.be/vehicle/IC727,NO-URI,IC,2018-09-11T07:02:00,2018-09-11T07:02:00,-4,-4
http://irail.be/vehicle/IC727,http://irail.be/stations/NMBS/008894714,IC,2018-09-11T07:03:00,2018-09-11T07:03:00,-21,-21
http://irail.be/vehicle/IC727,http://irail.be/stations/NMBS/008894748,IC,2018-09-11T07:06:00,2018-09-11T07:06:00,-55,-55
http://irail.be/vehicle/IC727,http://irail.be/stations/NMBS/008894755,IC,2018-09-11T07:07:00,2018-09-11T07:07:00,-60,-60
http://irail.be/vehicle/IC727,http://irail.be/stations/NMBS/008894821,IC,2018-09-11T07:08:00,2018-09-11T07:08:00,-42,-42
http://irail.be/vehicle/IC727,http://irail.be/stations/NMBS/008821196,IC,2018-09-11T07:12:00,2018-09-11T07:12:00,-72,-72
http://irail.be/vehicle/IC727,http://irail.be/stations/NMBS/008821121,IC,2018-09-11T07:19:00,2018-09-11T07:17:00,-3,-116
http://irail.be/vehicle/IC727,http://irail.be/stations/NMBS/008821006,IC,2018-09-11T07:23:00,2018-09-11T07:23:00,,-36
http://irail.be/vehicle/IC727,http://irail.be/stations/NMBS/008896735,IC,2018-11-14T05:08:00,2018-11-14T05:08:00,49,
http://irail.be/vehicle/IC727,http://irail.be/stations/NMBS/008896503,IC,2018-11-14T05:16:00,2018-11-14T05:15:00,37,36
http://irail.be/vehicle/IC727,http://irail.be/stations/NMBS/008896412,IC,2018-11-14T05:26:00,2018-11-14T05:25:00,33,-3
http://irail.be/vehicle/IC727,http://irail.be/stations/NMBS/008896396,IC,2018-11-14T05:30:00,2018-11-14T05:29:00,33,33
http://irail.be/vehicle/IC727,http://irail.be/stations/NMBS/008896305,IC,2018-11-14T05:35:00,2018-11-14T05:34:00,17,33
http://irail.be/vehicle/IC727,http://irail.be/stations/NMBS/008896370,IC,2018-11-14T05:40:00,2018-11-14T05:39:00,77,17
http://irail.be/vehicle/IC727,http://irail.be/stations/NMBS/008896388,IC,2018-11-14T05:45:00,2018-11-14T05:44:00,77,77
http://irail.be/vehicle/IC727,http://irail.be/stations/NMBS/008896008,IC,2018-11-14T05:58:00,2018-11-14T05:50:00,721,88
http://irail.be/vehicle/IC727,http://irail.be/stations/NMBS/008896115,IC,2018-11-14T06:02:00,2018-11-14T06:02:00,738,738
http://irail.be/vehicle/IC727,http://irail.be/stations/NMBS/008896149,IC,2018-11-14T06:08:00,2018-11-14T06:07:00,689,700
http://irail.be/vehicle/IC727,http://irail.be/stations/NMBS/008892106,IC,2018-11-14T06:15:00,2018-11-14T06:15:00,633,633
http://irail.be/vehicle/IC727,NO-URI,IC,2018-11-14T06:15:00,2018-11-14T06:15:00,667,667
http://irail.be/vehicle/IC727,http://irail.be/stations/NMBS/008892080,IC,2018-11-14T06:18:00,2018-11-14T06:18:00,641,641
http://irail.be/vehicle/IC727,http://irail.be/stations/NMBS/008892007,IC,2018-11-14T06:27:00,2018-11-14T06:24:00,533,598
http://irail.be/vehicle/IC727,NO-URI,IC,2018-11-14T06:31:00,2018-11-14T06:31:00,521,521
http://irail.be/vehicle/IC727,http://irail.be/stations/NMBS/008893179,IC,2018-11-14T06:32:00,2018-11-14T06:32:00,495,495
http://irail.be/vehicle/IC727,http://irail.be/stations/NMBS/008893120,IC,2018-11-14T06:36:00,2018-11-14T06:35:00,459,384
http://irail.be/vehicle/IC727,http://irail.be/stations/NMBS/008894151,IC,2018-11-14T06:43:00,2018-11-14T06:43:00,396,396
http://irail.be/vehicle/IC727,http://irail.be/stations/NMBS/008894201,IC,2018-11-14T06:50:00,2018-11-14T06:48:00,304,344
http://irail.be/vehicle/IC727,NO-URI,IC,2018-11-14T06:52:00,2018-11-14T06:52:00,288,288
http://irail.be/vehicle/IC727,http://irail.be/stations/NMBS/008894425,IC,2018-11-14T06:54:00,2018-11-14T06:54:00,297,297
http://irail.be/vehicle/IC727,http://irail.be/stations/NMBS/008894433,IC,2018-11-14T06:55:00,2018-11-14T06:55:00,285,285
http://irail.be/vehicle/IC727,http://irail.be/stations/NMBS/008894508,IC,2018-11-14T07:00:00,2018-11-14T06:58:00,251,265
http://irail.be/vehicle/IC727,NO-URI,IC,2018-11-14T07:02:00,2018-11-14T07:02:00,233,233
http://irail.be/vehicle/IC727,http://irail.be/stations/NMBS/008894714,IC,2018-11-14T07:03:00,2018-11-14T07:03:00,214,214
http://irail.be/vehicle/IC727,http://irail.be/stations/NMBS/008894748,IC,2018-11-14T07:06:00,2018-11-14T07:06:00,176,176
http://irail.be/vehicle/IC727,http://irail.be/stations/NMBS/008894755,IC,2018-11-14T07:07:00,2018-11-14T07:07:00,226,226
http://irail.be/vehicle/IC727,http://irail.be/stations/NMBS/008894821,IC,2018-11-14T07:08:00,2018-11-14T07:08:00,288,288
http://irail.be/vehicle/IC727,http://irail.be/stations/NMBS/008821196,IC,2018-11-14T07:12:00,2018-11-14T07:12:00,242,242
http://irail.be/vehicle/IC727,http://irail.be/stations/NMBS/008821121,IC,2018-11-14T07:19:00,2018-11-14T07:17:00,259,282
http://irail.be/vehicle/IC727,http://irail.be/stations/NMBS/008821006,IC,2018-11-14T07:23:00,2018-11-14T07:23:00,,243
http://irail.be/vehicle/IC727,http://irail.be/stations/NMBS/008896735,IC,2018-01-24T05:08:00,2018-01-24T05:08:00,64,
http://irail.be/vehicle/IC727,http://irail.be/stations/NMBS/008896503,IC,2018-01-24T05:16:00,2018-01-24T05:15:00,35,40
http://irail.be/vehicle/IC727,http://irail.be/stations/NMBS/008896412,IC,2018-01-24T05:26:00,2018-01-24T05:25:00,0,1
http://irail.be/vehicle/IC727,http://irail.be/stations/NMBS/008896396,IC,2018-01-24T05:30:00,2018-01-24T05:29:00,0,0
http://irail.be/vehicle/IC727,http://irail.be/stations/NMBS/008896305,IC,2018-01-24T05:35:00,2018-01-24T05:34:00,-25,0
http://irail.be/vehicle/IC727,http://irail.be/stations/NMBS/008896370,IC,2018-01-24T05:40:00,2018-01-24T05:40:00,-16,-25
http://irail.be/vehicle/IC727,http://irail.be/stations/NMBS/008896388,IC,2018-01-24T05:44:00,2018-01-24T05:44:00,-16,-16
http://irail.be/vehicle/IC727,http://irail.be/stations/NMBS/008896008,IC,2018-01-24T05:57:00,2018-01-24T05:50:00,33,-41
http://irail.be/vehicle/IC727,http://irail.be/stations/NMBS/008896115,IC,2018-01-24T06:01:00,2018-01-24T06:01:00,87,87
http://irail.be/vehicle/IC727,http://irail.be/stations/NMBS/008896149,IC,2018-01-24T06:06:00,2018-01-24T06:05:00,95,122
http://irail.be/vehicle/IC727,http://irail.be/stations/NMBS/008892106,IC,2018-01-24T06:15:00,2018-01-24T06:15:00,-52,-52
http://irail.be/vehicle/IC727,NO-URI,IC,2018-01-24T06:15:00,2018-01-24T06:15:00,16,16
http://irail.be/vehicle/IC727,http://irail.be/stations/NMBS/008892080,IC,2018-01-24T06:18:00,2018-01-24T06:18:00,55,55
http://irail.be/vehicle/IC727,http://irail.be/stations/NMBS/008892007,IC,2018-01-24T06:27:00,2018-01-24T06:24:00,34,46
http://irail.be/vehicle/IC727,NO-URI,IC,2018-01-24T06:31:00,2018-01-24T06:31:00,60,60
http://irail.be/vehicle/IC727,http://irail.be/stations/NMBS/008893179,IC,2018-01-24T06:32:00,2018-01-24T06:32:00,-143,-143
http://irail.be/vehicle/IC727,http://irail.be/stations/NMBS/008893120,IC,2018-01-24T06:36:00,2018-01-24T06:35:00,-143,-143
http://irail.be/vehicle/IC727,http://irail.be/stations/NMBS/008894151,IC,2018-01-24T06:43:00,2018-01-24T06:43:00,50,50
http://irail.be/vehicle/IC727,http://irail.be/stations/NMBS/008894201,IC,2018-01-24T06:50:00,2018-01-24T06:48:00,3,5
http://irail.be/vehicle/IC727,NO-URI,IC,2018-01-24T06:52:00,2018-01-24T06:52:00,-11,-11
http://irail.be/vehicle/IC727,http://irail.be/stations/NMBS/008894425,IC,2018-01-24T06:54:00,2018-01-24T06:54:00,-8,-8
http://irail.be/vehicle/IC727,http://irail.be/stations/NMBS/008894433,IC,2018-01-24T06:55:00,2018-01-24T06:55:00,-18,-18
http://irail.be/vehicle/IC727,http://irail.be/stations/NMBS/008894508,IC,2018-01-24T07:00:00,2018-01-24T06:58:00,13,-33
http://irail.be/vehicle/IC727,NO-URI,IC,2018-01-24T07:02:00,2018-01-24T07:02:00,27,27
http://irail.be/vehicle/IC727,http://irail.be/stations/NMBS/008894714,IC,2018-01-24T07:03:00,2018-01-24T07:03:00,13,13
http://irail.be/vehicle/IC727,http://irail.be/stations/NMBS/008894748,IC,2018-01-24T07:06:00,2018-01-24T07:06:00,-18,-18
http://irail.be/vehicle/IC727,http://irail.be/stations/NMBS/008894755,IC,2018-01-24T07:07:00,2018-01-24T07:07:00,-25,-25
http://irail.be/vehicle/IC727,http://irail.be/stations/NMBS/008894821,IC,2018-01-24T07:08:00,2018-01-24T07:08:00,-5,-5
http://irail.be/vehicle/IC727,NO-URI,IC,2018-01-24T07:09:00,2018-01-24T07:09:00,-5,-5
http://irail.be/vehicle/IC727,http://irail.be/stations/NMBS/008821196,IC,2018-01-24T07:12:00,2018-01-24T07:12:00,-44,-44
http://irail.be/vehicle/IC727,http://irail.be/stations/NMBS/008821121,IC,2018-01-24T07:19:00,2018-01-24T07:17:00,-3,15
http://irail.be/vehicle/IC727,http://irail.be/stations/NMBS/008821006,IC,2018-01-24T07:23:00,2018-01-24T07:23:00,,-18
http://irail.be/vehicle/IC727,http://irail.be/stations/NMBS/008896735,IC,2018-06-22T05:08:00,2018-06-22T05:08:00,54,
http://irail.be/vehicle/IC727,http://irail.be/stations/NMBS/008896503,IC,2018-06-22T05:16:00,2018-06-22T05:15:00,58,26
http://irail.be/vehicle/IC727,http://irail.be/stations/NMBS/008896412,IC,2018-06-22T05:26:00,2018-06-22T05:25:00,-23,14
http://irail.be/vehicle/IC727,http://irail.be/stations/NMBS/008896396,IC,2018-06-22T05:30:00,2018-06-22T05:29:00,-23,-23
http://irail.be/vehicle/IC727,http://irail.be/stations/NMBS/008896305,IC,2018-06-22T05:35:00,2018-06-22T05:34:00,-7,-23
http://irail.be/vehicle/IC727,http://irail.be/stations/NMBS/008896370,IC,2018-06-22T05:40:00,2018-06-22T05:39:00,37,-7
http://irail.be/vehicle/IC727,http://irail.be/stations/NMBS/008896388,IC,2018-06-22T05:45:00,2018-06-22T05:44:00,37,37
http://irail.be/vehicle/IC727,http://irail.be/stations/NMBS/008896008,IC,2018-06-22T05:58:00,2018-06-22T05:50:00,35,7
http://irail.be/vehicle/IC727,http://irail.be/stations/NMBS/008896115,IC,2018-06-22T06:02:00,2018-06-22T06:02:00,52,52
http://irail.be/vehicle/IC727,http://irail.be/stations/NMBS/008896149,IC,2018-06-22T06:08:00,2018-06-22T06:07:00,7,19
http://irail.be/vehicle/IC727,http://irail.be/stations/NMBS/008892106,IC,2018-06-22T06:15:00,2018-06-22T06:15:00,-50,-50
http://irail.be/vehicle/IC727,NO-URI,IC,2018-06-22T06:15:00,2018-06-22T06:15:00,57,57
http://irail.be/vehicle/IC727,http://irail.be/stations/NMBS/008892080,IC,2018-06-22T06:18:00,2018-06-22T06:18:00,53,53
http://irail.be/vehicle/IC727,http://irail.be/stations/NMBS/008892007,IC,2018-06-22T06:27:00,2018-06-22T06:24:00,151,232
http://irail.be/vehicle/IC727,NO-URI,IC,2018-06-22T06:31:00,2018-06-22T06:31:00,254,254
http://irail.be/vehicle/IC727,http://irail.be/stations/NMBS/008893179,IC,2018-06-22T06:32:00,2018-06-22T06:32:00,154,154
http://irail.be/vehicle/IC727,http://irail.be/stations/NMBS/008893120,IC,2018-06-22T06:36:00,2018-06-22T06:35:00,368,154
http://irail.be/vehicle/IC727,http://irail.be/stations/NMBS/008894151,IC,2018-06-22T06:43:00,2018-06-22T06:43:00,470,470
http://irail.be/vehicle/IC727,http://irail.be/stations/NMBS/008894201,IC,2018-06-22T06:50:00,2018-06-22T06:48:00,394,440
http://irail.be/vehicle/IC727,NO-URI,IC,2018-06-22T06:52:00,2018-06-22T06:52:00,395,395
http://irail.be/vehicle/IC727,http://irail.be/stations/NMBS/008894425,IC,2018-06-22T06:54:00,2018-06-22T06:54:00,426,426
http://irail.be/vehicle/IC727,http://irail.be/stations/NMBS/008894433,IC,2018-06-22T06:55:00,2018-06-22T06:55:00,419,419
http://irail.be/vehicle/IC727,http://irail.be/stations/NMBS/008894508,IC,2018-06-22T07:00:00,2018-06-22T06:58:00,389,417
http://irail.be/vehicle/IC727,NO-URI,IC,2018-06-22T07:02:00,2018-06-22T07:02:00,397,397
http://irail.be/vehicle/IC727,http://irail.be/stations/NMBS/008894714,IC,2018-06-22T07:03:00,2018-06-22T07:03:00,388,388
http://irail.be/vehicle/IC727,http://irail.be/stations/NMBS/008894748,IC,2018-06-22T07:06:00,2018-06-22T07:06:00,363,363
http://irail.be/vehicle/IC727,http://irail.be/stations/NMBS/008894755,IC,2018-06-22T07:07:00,2018-06-22T07:07:00,361,361
http://irail.be/vehicle/IC727,http://irail.be/stations/NMBS/008894821,IC,2018-06-22T07:08:00,2018-06-22T07:08:00,387,387
http://irail.be/vehicle/IC727,http://irail.be/stations/NMBS/008821196,IC,2018-06-22T07:12:00,2018-06-22T07:12:00,383,383
http://irail.be/vehicle/IC727,http://irail.be/stations/NMBS/008821121,IC,2018-06-22T07:19:00,2018-06-22T07:17:00,322,368
http://irail.be/vehicle/IC727,http://irail.be/stations/NMBS/008821006,IC,2018-06-22T07:23:00,2018-06-22T07:23:00,,344
http://irail.be/vehicle/IC727,http://irail.be/stations/NMBS/008896735,IC,2018-03-07T05:08:00,2018-03-07T05:08:00,55,
http://irail.be/vehicle/IC727,http://irail.be/stations/NMBS/008896503,IC,2018-03-07T05:16:00,2018-03-07T05:15:00,0,15
http://irail.be/vehicle/IC727,http://irail.be/stations/NMBS/008896412,IC,2018-03-07T05:26:00,2018-03-07T05:25:00,-1,-34
http://irail.be/vehicle/IC727,http://irail.be/stations/NMBS/008896396,IC,2018-03-07T05:30:00,2018-03-07T05:29:00,-1,-1
http://irail.be/vehicle/IC727,http://irail.be/stations/NMBS/008896305,IC,2018-03-07T05:35:00,2018-03-07T05:34:00,-14,-1
http://irail.be/vehicle/IC727,http://irail.be/stations/NMBS/008896370,IC,2018-03-07T05:40:00,2018-03-07T05:40:00,-7,-14
http://irail.be/vehicle/IC727,http://irail.be/stations/NMBS/008896388,IC,2018-03-07T05:44:00,2018-03-07T05:44:00,-7,-7
http://irail.be/vehicle/IC727,http://irail.be/stations/NMBS/008896008,IC,2018-03-07T05:57:00,2018-03-07T05:50:00,36,-49
http://irail.be/vehicle/IC727,http://irail.be/stations/NMBS/008896115,IC,2018-03-07T06:01:00,2018-03-07T06:01:00,65,65
http://irail.be/vehicle/IC727,http://irail.be/stations/NMBS/008896149,IC,2018-03-07T06:06:00,2018-03-07T06:05:00,200,197
http://irail.be/vehicle/IC727,http://irail.be/stations/NMBS/008892106,IC,2018-03-07T06:15:00,2018-03-07T06:15:00,151,151
http://irail.be/vehicle/IC727,NO-URI,IC,2018-03-07T06:15:00,2018-03-07T06:15:00,236,236
http://irail.be/vehicle/IC727,http://irail.be/stations/NMBS/008892080,IC,2018-03-07T06:18:00,2018-03-07T06:18:00,251,251
http://irail.be/vehicle/IC727,http://irail.be/stations/NMBS/008892007,IC,2018-03-07T06:27:00,2018-03-07T06:24:00,186,285
http://irail.be/vehicle/IC727,NO-URI,IC,2018-03-07T06:31:00,2018-03-07T06:31:00,206,206
http://irail.be/vehicle/IC727,http://irail.be/stations/NMBS/008893179,IC,2018-03-07T06:32:00,2018-03-07T06:32:00,-4,-4
http://irail.be/vehicle/IC727,http://irail.be/stations/NMBS/008893120,IC,2018-03-07T06:36:00,2018-03-07T06:35:00,-4,-4
http://irail.be/vehicle/IC727,http://irail.be/stations/NMBS/008894151,IC,2018-03-07T06:43:00,2018-03-07T06:43:00,133,133
http://irail.be/vehicle/IC727,http://irail.be/stations/NMBS/008894201,IC,2018-03-07T06:50:00,2018-03-07T06:48:00,29,83
http://irail.be/vehicle/IC727,NO-URI,IC,2018-03-07T06:52:00,2018-03-07T06:52:00,22,22
http://irail.be/vehicle/IC727,http://irail.be/stations/NMBS/008894425,IC,2018-03-07T06:54:00,2018-03-07T06:54:00,25,25
http://irail.be/vehicle/IC727,http://irail.be/stations/NMBS/008894433,IC,2018-03-07T06:55:00,2018-03-07T06:55:00,13,13
http://irail.be/vehicle/IC727,http://irail.be/stations/NMBS/008894508,IC,2018-03-07T07:00:00,2018-03-07T06:58:00,3,-3
http://irail.be/vehicle/IC727,NO-URI,IC,2018-03-07T07:02:00,2018-03-07T07:02:00,24,24
http://irail.be/vehicle/IC727,http://irail.be/stations/NMBS/008894714,IC,2018-03-07T07:03:00,2018-03-07T07:03:00,9,9
http://irail.be/vehicle/IC727,http://irail.be/stations/NMBS/008894748,IC,2018-03-07T07:06:00,2018-03-07T07:06:00,-25,-25
http://irail.be/vehicle/IC727,http://irail.be/stations/NMBS/008894755,IC,2018-03-07T07:07:00,2018-03-07T07:07:00,-34,-34
http://irail.be/vehicle/IC727,http://irail.be/stations/NMBS/008894821,IC,2018-03-07T07:08:00,2018-03-07T07:08:00,-15,-15
http://irail.be/vehicle/IC727,NO-URI,IC,2018-03-07T07:09:00,2018-03-07T07:09:00,-15,-15
http://irail.be/vehicle/IC727,http://irail.be/stations/NMBS/008821196,IC,2018-03-07T07:12:00,2018-03-07T07:12:00,-46,-46
http://irail.be/vehicle/IC727,http://irail.be/stations/NMBS/008821121,IC,2018-03-07T07:19:00,2018-03-07T07:17:00,59,57
http://irail.be/vehicle/IC727,http://irail.be/stations/NMBS/008821006,IC,2018-03-07T07:23:00,2018-03-07T07:23:00,,69
http://irail.be/vehicle/IC727,http://irail.be/stations/NMBS/008896735,IC,2018-10-04T05:08:00,2018-10-04T05:08:00,80,
http://irail.be/vehicle/IC727,http://irail.be/stations/NMBS/008896503,IC,2018-10-04T05:16:00,2018-10-04T05:15:00,67,69
http://irail.be/vehicle/IC727,http://irail.be/stations/NMBS/008896412,IC,2018-10-04T05:26:00,2018-10-04T05:25:00,22,38
http://irail.be/vehicle/IC727,http://irail.be/stations/NMBS/008896396,IC,2018-10-04T05:30:00,2018-10-04T05:29:00,22,22
http://irail.be/vehicle/IC727,http://irail.be/stations/NMBS/008896305,IC,2018-10-04T05:35:00,2018-10-04T05:34:00,38,22
http://irail.be/vehicle/IC727,http://irail.be/stations/NMBS/008896370,IC,2018-10-04T05:40:00,2018-10-04T05:39:00,38,38
http://irail.be/vehicle/IC727,http://irail.be/stations/NMBS/008896388,IC,2018-10-04T05:45:00,2018-10-04T05:44:00,-58,-58
http://irail.be/vehicle/IC727,http://irail.be/stations/NMBS/008896008,IC,2018-10-04T05:58:00,2018-10-04T05:50:00,43,-88
http://irail.be/vehicle/IC727,http://irail.be/stations/NMBS/008896115,IC,2018-10-04T06:02:00,2018-10-04T06:02:00,78,78
http://irail.be/vehicle/IC727,http://irail.be/stations/NMBS/008896149,IC,2018-10-04T06:08:00,2018-10-04T06:07:00,40,45
http://irail.be/vehicle/IC727,http://irail.be/stations/NMBS/008892106,IC,2018-10-04T06:15:00,2018-10-04T06:15:00,111,111
http://irail.be/vehicle/IC727,NO-URI,IC,2018-10-04T06:15:00,2018-10-04T06:15:00,223,223
http://irail.be/vehicle/IC727,http://irail.be/stations/NMBS/008892080,IC,2018-10-04T06:18:00,2018-10-04T06:18:00,243,243
http://irail.be/vehicle/IC727,http://irail.be/stations/NMBS/008892007,IC,2018-10-04T06:27:00,2018-10-04T06:24:00,118,227
http://irail.be/vehicle/IC727,NO-URI,IC,2018-10-04T06:31:00,2018-10-04T06:31:00,130,130
http://irail.be/vehicle/IC727,http://irail.be/stations/NMBS/008893179,IC,2018-10-04T06:32:00,2018-10-04T06:32:00,11,11
http://irail.be/vehicle/IC727,http://irail.be/stations/NMBS/008893120,IC,2018-10-04T06:36:00,2018-10-04T06:35:00,115,11
http://irail.be/vehicle/IC727,http://irail.be/stations/NMBS/008894151,IC,2018-10-04T06:43:00,2018-10-04T06:43:00,75,75
http://irail.be/vehicle/IC727,http://irail.be/stations/NMBS/008894201,IC,2018-10-04T06:50:00,2018-10-04T06:48:00,28,43
http://irail.be/vehicle/IC727,NO-URI,IC,2018-10-04T06:52:00,2018-10-04T06:52:00,13,13
http://irail.be/vehicle/IC727,http://irail.be/stations/NMBS/008894425,IC,2018-10-04T06:54:00,2018-10-04T06:54:00,17,17
http://irail.be/vehicle/IC727,http://irail.be/stations/NMBS/008894433,IC,2018-10-04T06:55:00,2018-10-04T06:55:00,12,12
http://irail.be/vehicle/IC727,http://irail.be/stations/NMBS/008894508,IC,2018-10-04T07:00:00,2018-10-04T06:58:00,10,24
http://irail.be/vehicle/IC727,NO-URI,IC,2018-10-04T07:02:00,2018-10-04T07:02:00,7,7
http://irail.be/vehicle/IC727,http://irail.be/stations/NMBS/008894714,IC,2018-10-04T07:03:00,2018-10-04T07:03:00,-9,-9
http://irail.be/vehicle/IC727,http://irail.be/stations/NMBS/008894748,IC,2018-10-04T07:06:00,2018-10-04T07:06:00,-45,-45
http://irail.be/vehicle/IC727,http://irail.be/stations/NMBS/008894755,IC,2018-10-04T07:07:00,2018-10-04T07:07:00,-47,-47
http://irail.be/vehicle/IC727,http://irail.be/stations/NMBS/008894821,IC,2018-10-04T07:08:00,2018-10-04T07:08:00,-14,-14
http://irail.be/vehicle/IC727,http://irail.be/stations/NMBS/008821196,IC,2018-10-04T07:12:00,2018-10-04T07:12:00,-27,-27
http://irail.be/vehicle/IC727,http://irail.be/stations/NMBS/008821121,IC,2018-10-04T07:19:00,2018-10-04T07:17:00,-5,-3
http://irail.be/vehicle/IC727,http://irail.be/stations/NMBS/008821006,IC,2018-10-04T07:23:00,2018-10-04T07:23:00,,-44
http://irail.be/vehicle/IC727,http://irail.be/stations/NMBS/008896735,IC,2018-03-04T05:08:00,2018-03-04T05:08:00,205,
http://irail.be/vehicle/IC727,http://irail.be/stations/NMBS/008896503,IC,2018-03-04T05:16:00,2018-03-04T05:15:00,257,212
http://irail.be/vehicle/IC727,http://irail.be/stations/NMBS/008896412,IC,2018-03-04T05:26:00,2018-03-04T05:25:00,216,237
http://irail.be/vehicle/IC727,http://irail.be/stations/NMBS/008896396,IC,2018-03-04T05:30:00,2018-03-04T05:29:00,216,216
http://irail.be/vehicle/IC727,http://irail.be/stations/NMBS/008896305,IC,2018-03-04T05:35:00,2018-03-04T05:34:00,175,216
http://irail.be/vehicle/IC727,http://irail.be/stations/NMBS/008896370,IC,2018-03-04T05:40:00,2018-03-04T05:40:00,189,175
http://irail.be/vehicle/IC727,http://irail.be/stations/NMBS/008896388,IC,2018-03-04T05:44:00,2018-03-04T05:44:00,189,189
http://irail.be/vehicle/IC727,http://irail.be/stations/NMBS/008896008,IC,2018-03-04T05:57:00,2018-03-04T05:50:00,54,127
http://irail.be/vehicle/IC727,http://irail.be/stations/NMBS/008896115,IC,2018-03-04T06:01:00,2018-03-04T06:01:00,17,17
http://irail.be/vehicle/IC727,http://irail.be/stations/NMBS/008896149,IC,2018-03-04T06:06:00,2018-03-04T06:05:00,-11,15
http://irail.be/vehicle/IC727,http://irail.be/stations/NMBS/008892106,IC,2018-03-04T06:15:00,2018-03-04T06:15:00,-147,-147
http://irail.be/vehicle/IC727,NO-URI,IC,2018-03-04T06:15:00,2018-03-04T06:15:00,-130,-130
http://irail.be/vehicle/IC727,http://irail.be/stations/NMBS/008892080,IC,2018-03-04T06:18:00,2018-03-04T06:18:00,-152,-152
http://irail.be/vehicle/IC727,http://irail.be/stations/NMBS/008892007,IC,2018-03-04T06:27:00,2018-03-04T06:24:00,22,-136
http://irail.be/vehicle/IC727,NO-URI,IC,2018-03-04T06:31:00,2018-03-04T06:31:00,46,46
http://irail.be/vehicle/IC727,http://irail.be/stations/NMBS/008893179,IC,2018-03-04T06:32:00,2018-03-04T06:32:00,-164,-164
http://irail.be/vehicle/IC727,http://irail.be/stations/NMBS/008893120,IC,2018-03-04T06:36:00,2018-03-04T06:35:00,-164,-164
http://irail.be/vehicle/IC727,http://irail.be/stations/NMBS/008894151,IC,2018-03-04T06:43:00,2018-03-04T06:43:00,10,10
http://irail.be/vehicle/IC727,http://irail.be/stations/NMBS/008894201,IC,2018-03-04T06:50:00,2018-03-04T06:48:00,-3,-37
http://irail.be/vehicle/IC727,NO-URI,IC,2018-03-04T06:52:00,2018-03-04T06:52:00,-14,-14
http://irail.be/vehicle/IC727,http://irail.be/stations/NMBS/008894425,IC,2018-03-04T06:54:00,2018-03-04T06:54:00,-6,-6
http://irail.be/vehicle/IC727,http://irail.be/stations/NMBS/008894433,IC,2018-03-04T06:55:00,2018-03-04T06:55:00,-18,-18
http://irail.be/vehicle/IC727,http://irail.be/stations/NMBS/008894508,IC,2018-03-04T07:00:00,2018-03-04T06:58:00,11,-35
http://irail.be/vehicle/IC727,NO-URI,IC,2018-03-04T07:02:00,2018-03-04T07:02:00,6,6
http://irail.be/vehicle/IC727,http://irail.be/stations/NMBS/008894714,IC,2018-03-04T07:03:00,2018-03-04T07:03:00,-10,-10
http://irail.be/vehicle/IC727,http://irail.be/stations/NMBS/008894748,IC,2018-03-04T07:06:00,2018-03-04T07:06:00,-40,-40
http://irail.be/vehicle/IC727,http://irail.be/stations/NMBS/008894755,IC,2018-03-04T07:07:00,2018-03-04T07:07:00,-48,-48
http://irail.be/vehicle/IC727,http://irail.be/stations/NMBS/008894821,IC,2018-03-04T07:08:00,2018-03-04T07:08:00,-26,-26
http://irail.be/vehicle/IC727,NO-URI,IC,2018-03-04T07:09:00,2018-03-04T07:09:00,-26,-26
http://irail.be/vehicle/IC727,http://irail.be/stations/NMBS/008821196,IC,2018-03-04T07:12:00,2018-03-04T07:12:00,13,13
http://irail.be/vehicle/IC727,http://irail.be/stations/NMBS/008821121,IC,2018-03-04T07:19:00,2018-03-04T07:17:00,0,-33
http://irail.be/vehicle/IC727,http://irail.be/stations/NMBS/008821006,IC,2018-03-04T07:23:00,2018-03-04T07:23:00,,-9
http://irail.be/vehicle/IC727,http://irail.be/stations/NMBS/008896735,IC,2018-01-29T05:08:00,2018-01-29T05:08:00,70,
http://irail.be/vehicle/IC727,http://irail.be/stations/NMBS/008896503,IC,2018-01-29T05:16:00,2018-01-29T05:15:00,63,41
http://irail.be/vehicle/IC727,http://irail.be/stations/NMBS/008896412,IC,2018-01-29T05:26:00,2018-01-29T05:25:00,2,28
http://irail.be/vehicle/IC727,http://irail.be/stations/NMBS/008896396,IC,2018-01-29T05:30:00,2018-01-29T05:29:00,2,2
http://irail.be/vehicle/IC727,http://irail.be/stations/NMBS/008896305,IC,2018-01-29T05:35:00,2018-01-29T05:34:00,-33,2
http://irail.be/vehicle/IC727,http://irail.be/stations/NMBS/008896370,IC,2018-01-29T05:40:00,2018-01-29T05:40:00,-33,-33
http://irail.be/vehicle/IC727,http://irail.be/stations/NMBS/008896388,IC,2018-01-29T05:44:00,2018-01-29T05:44:00,-33,-33
http://irail.be/vehicle/IC727,http://irail.be/stations/NMBS/008896008,IC,2018-01-29T05:57:00,2018-01-29T05:50:00,38,-72
http://irail.be/vehicle/IC727,http://irail.be/stations/NMBS/008896115,IC,2018-01-29T06:01:00,2018-01-29T06:01:00,346,346
http://irail.be/vehicle/IC727,http://irail.be/stations/NMBS/008896149,IC,2018-01-29T06:06:00,2018-01-29T06:05:00,345,370
http://irail.be/vehicle/IC727,http://irail.be/stations/NMBS/008892106,IC,2018-01-29T06:15:00,2018-01-29T06:15:00,184,184
http://irail.be/vehicle/IC727,NO-URI,IC,2018-01-29T06:15:00,2018-01-29T06:15:00,199,199
http://irail.be/vehicle/IC727,http://irail.be/stations/NMBS/008892080,IC,2018-01-29T06:18:00,2018-01-29T06:18:00,172,172
http://irail.be/vehicle/IC727,http://irail.be/stations/NMBS/008892007,IC,2018-01-29T06:27:00,2018-01-29T06:24:00,21,113
http://irail.be/vehicle/IC727,NO-URI,IC,2018-01-29T06:31:00,2018-01-29T06:31:00,24,24
http://irail.be/vehicle/IC727,http://irail.be/stations/NMBS/008893179,IC,2018-01-29T06:32:00,2018-01-29T06:32:00,-183,-183
http://irail.be/vehicle/IC727,http://irail.be/stations/NMBS/008893120,IC,2018-01-29T06:36:00,2018-01-29T06:35:00,-183,-183
http://irail.be/vehicle/IC727,http://irail.be/stations/NMBS/008894151,IC,2018-01-29T06:43:00,2018-01-29T06:43:00,-5,-5
http://irail.be/vehicle/IC727,http://irail.be/stations/NMBS/008894201,IC,2018-01-29T06:50:00,2018-01-29T06:48:00,3,-51
http://irail.be/vehicle/IC727,NO-URI,IC,2018-01-29T06:52:00,2018-01-29T06:52:00,-4,-4
http://irail.be/vehicle/IC727,http://irail.be/stations/NMBS/008894425,IC,2018-01-29T06:54:00,2018-01-29T06:54:00,-1,-1
http://irail.be/vehicle/IC727,http://irail.be/stations/NMBS/008894433,IC,2018-01-29T06:55:00,2018-01-29T06:55:00,-12,-12
http://irail.be/vehicle/IC727,http://irail.be/stations/NMBS/008894508,IC,2018-01-29T07:00:00,2018-01-29T06:58:00,7,-34
http://irail.be/vehicle/IC727,NO-URI,IC,2018-01-29T07:02:00,2018-01-29T07:02:00,0,0
http://irail.be/vehicle/IC727,http://irail.be/stations/NMBS/008894714,IC,2018-01-29T07:03:00,2018-01-29T07:03:00,-16,-16
http://irail.be/vehicle/IC727,http://irail.be/stations/NMBS/008894748,IC,2018-01-29T07:06:00,2018-01-29T07:06:00,-50,-50
http://irail.be/vehicle/IC727,http://irail.be/stations/NMBS/008894755,IC,2018-01-29T07:07:00,2018-01-29T07:07:00,-50,-50
http://irail.be/vehicle/IC727,http://irail.be/stations/NMBS/008894821,IC,2018-01-29T07:08:00,2018-01-29T07:08:00,-38,-38
http://irail.be/vehicle/IC727,NO-URI,IC,2018-01-29T07:09:00,2018-01-29T07:09:00,-38,-38
http://irail.be/vehicle/IC727,http://irail.be/stations/NMBS/008821196,IC,2018-01-29T07:12:00,2018-01-29T07:12:00,-85,-85
http://irail.be/vehicle/IC727,http://irail.be/stations/NMBS/008821121,IC,2018-01-29T07:19:00,2018-01-29T07:17:00,35,-81
http://irail.be/vehicle/IC727,http://irail.be/stations/NMBS/008821006,IC,2018-01-29T07:23:00,2018-01-29T07:23:00,,29
http://irail.be/vehicle/IC727,http://irail.be/stations/NMBS/008896735,IC,2018-04-25T05:08:00,2018-04-25T05:08:00,64,
http://irail.be/vehicle/IC727,http://irail.be/stations/NMBS/008896503,IC,2018-04-25T05:16:00,2018-04-25T05:15:00,99,71
http://irail.be/vehicle/IC727,http://irail.be/stations/NMBS/008896412,IC,2018-04-25T05:26:00,2018-04-25T05:25:00,138,102
http://irail.be/vehicle/IC727,http://irail.be/stations/NMBS/008896396,IC,2018-04-25T05:30:00,2018-04-25T05:29:00,138,138
http://irail.be/vehicle/IC727,http://irail.be/stations/NMBS/008896305,IC,2018-04-25T05:35:00,2018-04-25T05:34:00,131,138
http://irail.be/vehicle/IC727,http://irail.be/stations/NMBS/008896370,IC,2018-04-25T05:40:00,2018-04-25T05:40:00,154,131
http://irail.be/vehicle/IC727,http://irail.be/stations/NMBS/008896388,IC,2018-04-25T05:44:00,2018-04-25T05:44:00,154,154
http://irail.be/vehicle/IC727,http://irail.be/stations/NMBS/008896008,IC,2018-04-25T05:57:00,2018-04-25T05:50:00,117,146
http://irail.be/vehicle/IC727,http://irail.be/stations/NMBS/008896115,IC,2018-04-25T06:01:00,2018-04-25T06:01:00,97,97
http://irail.be/vehicle/IC727,http://irail.be/stations/NMBS/008896149,IC,2018-04-25T06:06:00,2018-04-25T06:05:00,207,209
http://irail.be/vehicle/IC727,http://irail.be/stations/NMBS/008892106,IC,2018-04-25T06:15:00,2018-04-25T06:15:00,97,97
http://irail.be/vehicle/IC727,NO-URI,IC,2018-04-25T06:15:00,2018-04-25T06:15:00,160,160
http://irail.be/vehicle/IC727,http://irail.be/stations/NMBS/008892080,IC,2018-04-25T06:18:00,2018-04-25T06:18:00,188,188
http://irail.be/vehicle/IC727,http://irail.be/stations/NMBS/008892007,IC,2018-04-25T06:27:00,2018-04-25T06:24:00,139,233
http://irail.be/vehicle/IC727,NO-URI,IC,2018-04-25T06:31:00,2018-04-25T06:31:00,149,149
http://irail.be/vehicle/IC727,http://irail.be/stations/NMBS/008893179,IC,2018-04-25T06:32:00,2018-04-25T06:32:00,-62,-62
http://irail.be/vehicle/IC727,http://irail.be/stations/NMBS/008893120,IC,2018-04-25T06:36:00,2018-04-25T06:35:00,126,-62
http://irail.be/vehicle/IC727,http://irail.be/stations/NMBS/008894151,IC,2018-04-25T06:43:00,2018-04-25T06:43:00,144,144
http://irail.be/vehicle/IC727,http://irail.be/stations/NMBS/008894201,IC,2018-04-25T06:50:00,2018-04-25T06:48:00,54,99
http://irail.be/vehicle/IC727,NO-URI,IC,2018-04-25T06:52:00,2018-04-25T06:52:00,36,36
http://irail.be/vehicle/IC727,http://irail.be/stations/NMBS/008894425,IC,2018-04-25T06:54:00,2018-04-25T06:54:00,37,37
http://irail.be/vehicle/IC727,http://irail.be/stations/NMBS/008894433,IC,2018-04-25T06:55:00,2018-04-25T06:55:00,27,27
http://irail.be/vehicle/IC727,http://irail.be/stations/NMBS/008894508,IC,2018-04-25T07:00:00,2018-04-25T06:58:00,2,10
http://irail.be/vehicle/IC727,NO-URI,IC,2018-04-25T07:02:00,2018-04-25T07:02:00,20,20
http://irail.be/vehicle/IC727,http://irail.be/stations/NMBS/008894714,IC,2018-04-25T07:03:00,2018-04-25T07:03:00,5,5
http://irail.be/vehicle/IC727,http://irail.be/stations/NMBS/008894748,IC,2018-04-25T07:06:00,2018-04-25T07:06:00,-22,-22
http://irail.be/vehicle/IC727,http://irail.be/stations/NMBS/008894755,IC,2018-04-25T07:07:00,2018-04-25T07:07:00,-16,-16
http://irail.be/vehicle/IC727,http://irail.be/stations/NMBS/008894821,IC,2018-04-25T07:08:00,2018-04-25T07:08:00,25,25
http://irail.be/vehicle/IC727,NO-URI,IC,2018-04-25T07:09:00,2018-04-25T07:09:00,25,25
http://irail.be/vehicle/IC727,http://irail.be/stations/NMBS/008821196,IC,2018-04-25T07:12:00,2018-04-25T07:12:00,15,15
http://irail.be/vehicle/IC727,http://irail.be/stations/NMBS/008821121,IC,2018-04-25T07:19:00,2018-04-25T07:17:00,37,9
http://irail.be/vehicle/IC727,http://irail.be/stations/NMBS/008821006,IC,2018-04-25T07:23:00,2018-04-25T07:23:00,,5
http://irail.be/vehicle/IC727,http://irail.be/stations/NMBS/008896735,IC,2018-01-03T05:08:00,2018-01-03T05:08:00,98,
http://irail.be/vehicle/IC727,http://irail.be/stations/NMBS/008896503,IC,2018-01-03T05:16:00,2018-01-03T05:15:00,100,95
http://irail.be/vehicle/IC727,http://irail.be/stations/NMBS/008896412,IC,2018-01-03T05:26:00,2018-01-03T05:25:00,138,67
http://irail.be/vehicle/IC727,http://irail.be/stations/NMBS/008896396,IC,2018-01-03T05:30:00,2018-01-03T05:29:00,138,138
http://irail.be/vehicle/IC727,http://irail.be/stations/NMBS/008896305,IC,2018-01-03T05:35:00,2018-01-03T05:34:00,120,138
http://irail.be/vehicle/IC727,http://irail.be/stations/NMBS/008896370,IC,2018-01-03T05:40:00,2018-01-03T05:40:00,120,120
http://irail.be/vehicle/IC727,http://irail.be/stations/NMBS/008896388,IC,2018-01-03T05:44:00,2018-01-03T05:44:00,108,108
http://irail.be/vehicle/IC727,http://irail.be/stations/NMBS/008896008,IC,2018-01-03T05:57:00,2018-01-03T05:50:00,162,-1
http://irail.be/vehicle/IC727,http://irail.be/stations/NMBS/008896115,IC,2018-01-03T06:01:00,2018-01-03T06:01:00,331,331
http://irail.be/vehicle/IC727,http://irail.be/stations/NMBS/008896149,IC,2018-01-03T06:06:00,2018-01-03T06:05:00,332,332
http://irail.be/vehicle/IC727,http://irail.be/stations/NMBS/008892106,IC,2018-01-03T06:15:00,2018-01-03T06:15:00,177,177
http://irail.be/vehicle/IC727,NO-URI,IC,2018-01-03T06:15:00,2018-01-03T06:15:00,194,194
http://irail.be/vehicle/IC727,http://irail.be/stations/NMBS/008892080,IC,2018-01-03T06:18:00,2018-01-03T06:18:00,170,170
http://irail.be/vehicle/IC727,http://irail.be/stations/NMBS/008892007,IC,2018-01-03T06:27:00,2018-01-03T06:24:00,39,135
http://irail.be/vehicle/IC727,NO-URI,IC,2018-01-03T06:31:00,2018-01-03T06:31:00,67,67
http://irail.be/vehicle/IC727,http://irail.be/stations/NMBS/008893179,IC,2018-01-03T06:32:00,2018-01-03T06:32:00,-138,-138
http://irail.be/vehicle/IC727,http://irail.be/stations/NMBS/008893120,IC,2018-01-03T06:36:00,2018-01-03T06:35:00,-138,-138
http://irail.be/vehicle/IC727,http://irail.be/stations/NMBS/008894151,IC,2018-01-03T06:43:00,2018-01-03T06:43:00,55,55
http://irail.be/vehicle/IC727,http://irail.be/stations/NMBS/008894201,IC,2018-01-03T06:50:00,2018-01-03T06:48:00,17,15
http://irail.be/vehicle/IC727,NO-URI,IC,2018-01-03T06:52:00,2018-01-03T06:52:00,8,8
http://irail.be/vehicle/IC727,http://irail.be/stations/NMBS/008894425,IC,2018-01-03T06:54:00,2018-01-03T06:54:00,12,12
http://irail.be/vehicle/IC727,http://irail.be/stations/NMBS/008894433,IC,2018-01-03T06:55:00,2018-01-03T06:55:00,0,0
http://irail.be/vehicle/IC727,http://irail.be/stations/NMBS/008894508,IC,2018-01-03T07:00:00,2018-01-03T06:58:00,62,-14
http://irail.be/vehicle/IC727,NO-URI,IC,2018-01-03T07:02:00,2018-01-03T07:02:00,74,74
http://irail.be/vehicle/IC727,http://irail.be/stations/NMBS/008894714,IC,2018-01-03T07:03:00,2018-01-03T07:03:00,60,60
http://irail.be/vehicle/IC727,http://irail.be/stations/NMBS/008894748,IC,2018-01-03T07:06:00,2018-01-03T07:06:00,30,30
http://irail.be/vehicle/IC727,http://irail.be/stations/NMBS/008894755,IC,2018-01-03T07:07:00,2018-01-03T07:07:00,24,24
http://irail.be/vehicle/IC727,http://irail.be/stations/NMBS/008894821,IC,2018-01-03T07:08:00,2018-01-03T07:08:00,47,47
http://irail.be/vehicle/IC727,NO-URI,IC,2018-01-03T07:09:00,2018-01-03T07:09:00,47,47
http://irail.be/vehicle/IC727,http://irail.be/stations/NMBS/008821196,IC,2018-01-03T07:12:00,2018-01-03T07:12:00,13,13
http://irail.be/vehicle/IC727,http://irail.be/stations/NMBS/008821121,IC,2018-01-03T07:19:00,2018-01-03T07:17:00,36,16
http://irail.be/vehicle/IC727,http://irail.be/stations/NMBS/008821006,IC,2018-01-03T07:23:00,2018-01-03T07:23:00,,9
http://irail.be/vehicle/IC727,http://irail.be/stations/NMBS/008896735,IC,2018-08-03T05:08:00,2018-08-03T05:08:00,62,
http://irail.be/vehicle/IC727,http://irail.be/stations/NMBS/008896503,IC,2018-08-03T05:16:00,2018-08-03T05:15:00,53,42
http://irail.be/vehicle/IC727,http://irail.be/stations/NMBS/008896412,IC,2018-08-03T05:26:00,2018-08-03T05:25:00,28,23
http://irail.be/vehicle/IC727,http://irail.be/stations/NMBS/008896396,IC,2018-08-03T05:30:00,2018-08-03T05:29:00,28,28
http://irail.be/vehicle/IC727,http://irail.be/stations/NMBS/008896305,IC,2018-08-03T05:35:00,2018-08-03T05:34:00,41,28
http://irail.be/vehicle/IC727,http://irail.be/stations/NMBS/008896370,IC,2018-08-03T05:40:00,2018-08-03T05:39:00,-3,41
http://irail.be/vehicle/IC727,http://irail.be/stations/NMBS/008896388,IC,2018-08-03T05:45:00,2018-08-03T05:44:00,-3,-3
http://irail.be/vehicle/IC727,http://irail.be/stations/NMBS/008896008,IC,2018-08-03T05:58:00,2018-08-03T05:50:00,126,21
http://irail.be/vehicle/IC727,http://irail.be/stations/NMBS/008896115,IC,2018-08-03T06:02:00,2018-08-03T06:02:00,176,176
http://irail.be/vehicle/IC727,http://irail.be/stations/NMBS/008896149,IC,2018-08-03T06:08:00,2018-08-03T06:07:00,115,136
http://irail.be/vehicle/IC727,http://irail.be/stations/NMBS/008892106,IC,2018-08-03T06:15:00,2018-08-03T06:15:00,61,61
http://irail.be/vehicle/IC727,NO-URI,IC,2018-08-03T06:15:00,2018-08-03T06:15:00,94,94
http://irail.be/vehicle/IC727,http://irail.be/stations/NMBS/008892080,IC,2018-08-03T06:18:00,2018-08-03T06:18:00,68,68
http://irail.be/vehicle/IC727,http://irail.be/stations/NMBS/008892007,IC,2018-08-03T06:27:00,2018-08-03T06:24:00,10,38
http://irail.be/vehicle/IC727,NO-URI,IC,2018-08-03T06:31:00,2018-08-03T06:31:00,15,15
http://irail.be/vehicle/IC727,http://irail.be/stations/NMBS/008893179,IC,2018-08-03T06:32:00,2018-08-03T06:32:00,-196,-196
http://irail.be/vehicle/IC727,http://irail.be/stations/NMBS/008893120,IC,2018-08-03T06:36:00,2018-08-03T06:35:00,26,-196
http://irail.be/vehicle/IC727,http://irail.be/stations/NMBS/008894151,IC,2018-08-03T06:43:00,2018-08-03T06:43:00,-5,-5
http://irail.be/vehicle/IC727,http://irail.be/stations/NMBS/008894201,IC,2018-08-03T06:50:00,2018-08-03T06:48:00,46,-50
http://irail.be/vehicle/IC727,NO-URI,IC,2018-08-03T06:52:00,2018-08-03T06:52:00,28,28
http://irail.be/vehicle/IC727,http://irail.be/stations/NMBS/008894425,IC,2018-08-03T06:54:00,2018-08-03T06:54:00,29,29
http://irail.be/vehicle/IC727,http://irail.be/stations/NMBS/008894433,IC,2018-08-03T06:55:00,2018-08-03T06:55:00,24,24
http://irail.be/vehicle/IC727,http://irail.be/stations/NMBS/008894508,IC,2018-08-03T07:00:00,2018-08-03T06:58:00,45,12
http://irail.be/vehicle/IC727,NO-URI,IC,2018-08-03T07:02:00,2018-08-03T07:02:00,40,40
http://irail.be/vehicle/IC727,http://irail.be/stations/NMBS/008894714,IC,2018-08-03T07:03:00,2018-08-03T07:03:00,22,22
http://irail.be/vehicle/IC727,http://irail.be/stations/NMBS/008894748,IC,2018-08-03T07:06:00,2018-08-03T07:06:00,-14,-14
http://irail.be/vehicle/IC727,http://irail.be/stations/NMBS/008894755,IC,2018-08-03T07:07:00,2018-08-03T07:07:00,-20,-20
http://irail.be/vehicle/IC727,http://irail.be/stations/NMBS/008894821,IC,2018-08-03T07:08:00,2018-08-03T07:08:00,-2,-2
http://irail.be/vehicle/IC727,http://irail.be/stations/NMBS/008821196,IC,2018-08-03T07:12:00,2018-08-03T07:12:00,-38,-38
http://irail.be/vehicle/IC727,http://irail.be/stations/NMBS/008821121,IC,2018-08-03T07:19:00,2018-08-03T07:17:00,7,-105
http://irail.be/vehicle/IC727,http://irail.be/stations/NMBS/008821006,IC,2018-08-03T07:23:00,2018-08-03T07:23:00,,-19
http://irail.be/vehicle/IC727,http://irail.be/stations/NMBS/008896735,IC,2018-08-20T05:08:00,2018-08-20T05:08:00,53,
http://irail.be/vehicle/IC727,http://irail.be/stations/NMBS/008896503,IC,2018-08-20T05:16:00,2018-08-20T05:15:00,13,5
http://irail.be/vehicle/IC727,http://irail.be/stations/NMBS/008896412,IC,2018-08-20T05:26:00,2018-08-20T05:25:00,-23,-32
http://irail.be/vehicle/IC727,http://irail.be/stations/NMBS/008896396,IC,2018-08-20T05:30:00,2018-08-20T05:29:00,-23,-23
http://irail.be/vehicle/IC727,http://irail.be/stations/NMBS/008896305,IC,2018-08-20T05:35:00,2018-08-20T05:34:00,-14,-23
http://irail.be/vehicle/IC727,http://irail.be/stations/NMBS/008896370,IC,2018-08-20T05:40:00,2018-08-20T05:39:00,-18,-14
http://irail.be/vehicle/IC727,http://irail.be/stations/NMBS/008896388,IC,2018-08-20T05:45:00,2018-08-20T05:44:00,-18,-18
http://irail.be/vehicle/IC727,http://irail.be/stations/NMBS/008896008,IC,2018-08-20T05:58:00,2018-08-20T05:50:00,41,4
http://irail.be/vehicle/IC727,http://irail.be/stations/NMBS/008896115,IC,2018-08-20T06:02:00,2018-08-20T06:02:00,45,45
http://irail.be/vehicle/IC727,http://irail.be/stations/NMBS/008896149,IC,2018-08-20T06:08:00,2018-08-20T06:07:00,32,12
http://irail.be/vehicle/IC727,http://irail.be/stations/NMBS/008892106,IC,2018-08-20T06:15:00,2018-08-20T06:15:00,-8,-8
http://irail.be/vehicle/IC727,NO-URI,IC,2018-08-20T06:15:00,2018-08-20T06:15:00,32,32
http://irail.be/vehicle/IC727,http://irail.be/stations/NMBS/008892080,IC,2018-08-20T06:18:00,2018-08-20T06:18:00,35,35
http://irail.be/vehicle/IC727,http://irail.be/stations/NMBS/008892007,IC,2018-08-20T06:27:00,2018-08-20T06:24:00,186,49
http://irail.be/vehicle/IC727,NO-URI,IC,2018-08-20T06:31:00,2018-08-20T06:31:00,246,246
http://irail.be/vehicle/IC727,http://irail.be/stations/NMBS/008893179,IC,2018-08-20T06:32:00,2018-08-20T06:32:00,106,106
http://irail.be/vehicle/IC727,http://irail.be/stations/NMBS/008893120,IC,2018-08-20T06:36:00,2018-08-20T06:35:00,781,106
http://irail.be/vehicle/IC727,http://irail.be/stations/NMBS/008894151,IC,2018-08-20T06:43:00,2018-08-20T06:43:00,824,824
http://irail.be/vehicle/IC727,http://irail.be/stations/NMBS/008894201,IC,2018-08-20T06:50:00,2018-08-20T06:48:00,777,820
http://irail.be/vehicle/IC727,NO-URI,IC,2018-08-20T06:52:00,2018-08-20T06:52:00,768,768
http://irail.be/vehicle/IC727,http://irail.be/stations/NMBS/008894425,IC,2018-08-20T06:54:00,2018-08-20T06:54:00,797,797
http://irail.be/vehicle/IC727,http://irail.be/stations/NMBS/008894433,IC,2018-08-20T06:55:00,2018-08-20T06:55:00,798,798
http://irail.be/vehicle/IC727,http://irail.be/stations/NMBS/008894508,IC,2018-08-20T07:00:00,2018-08-20T06:58:00,760,805
http://irail.be/vehicle/IC727,NO-URI,IC,2018-08-20T07:02:00,2018-08-20T07:02:00,766,766
http://irail.be/vehicle/IC727,http://irail.be/stations/NMBS/008894714,IC,2018-08-20T07:03:00,2018-08-20T07:03:00,752,752
http://irail.be/vehicle/IC727,http://irail.be/stations/NMBS/008894748,IC,2018-08-20T07:06:00,2018-08-20T07:06:00,759,759
http://irail.be/vehicle/IC727,http://irail.be/stations/NMBS/008894755,IC,2018-08-20T07:07:00,2018-08-20T07:07:00,772,772
http://irail.be/vehicle/IC727,http://irail.be/stations/NMBS/008894821,IC,2018-08-20T07:08:00,2018-08-20T07:08:00,810,810
http://irail.be/vehicle/IC727,http://irail.be/stations/NMBS/008821196,IC,2018-08-20T07:12:00,2018-08-20T07:12:00,791,791
http://irail.be/vehicle/IC727,http://irail.be/stations/NMBS/008821121,IC,2018-08-20T07:19:00,2018-08-20T07:17:00,687,732
http://irail.be/vehicle/IC727,http://irail.be/stations/NMBS/008821006,IC,2018-08-20T07:23:00,2018-08-20T07:23:00,,661
http://irail.be/vehicle/IC727,http://irail.be/stations/NMBS/008896735,IC,2018-10-28T05:08:00,2018-10-28T05:08:00,57,
http://irail.be/vehicle/IC727,http://irail.be/stations/NMBS/008896503,IC,2018-10-28T05:16:00,2018-10-28T05:15:00,22,29
http://irail.be/vehicle/IC727,http://irail.be/stations/NMBS/008896412,IC,2018-10-28T05:26:00,2018-10-28T05:25:00,6,-6
http://irail.be/vehicle/IC727,http://irail.be/stations/NMBS/008896396,IC,2018-10-28T05:30:00,2018-10-28T05:29:00,6,6
http://irail.be/vehicle/IC727,http://irail.be/stations/NMBS/008896305,IC,2018-10-28T05:35:00,2018-10-28T05:34:00,-20,6
http://irail.be/vehicle/IC727,http://irail.be/stations/NMBS/008896370,IC,2018-10-28T05:40:00,2018-10-28T05:39:00,-20,-20
http://irail.be/vehicle/IC727,http://irail.be/stations/NMBS/008896388,IC,2018-10-28T05:45:00,2018-10-28T05:44:00,-82,-82
http://irail.be/vehicle/IC727,http://irail.be/stations/NMBS/008896008,IC,2018-10-28T05:58:00,2018-10-28T05:50:00,30,-123
http://irail.be/vehicle/IC727,http://irail.be/stations/NMBS/008896115,IC,2018-10-28T06:02:00,2018-10-28T06:02:00,7,7
http://irail.be/vehicle/IC727,http://irail.be/stations/NMBS/008896149,IC,2018-10-28T06:07:00,2018-10-28T06:07:00,,-29
http://irail.be/vehicle/IC727,http://irail.be/stations/NMBS/008896735,IC,2018-10-24T05:08:00,2018-10-24T05:08:00,334,
http://irail.be/vehicle/IC727,http://irail.be/stations/NMBS/008896503,IC,2018-10-24T05:16:00,2018-10-24T05:15:00,294,303
http://irail.be/vehicle/IC727,http://irail.be/stations/NMBS/008896412,IC,2018-10-24T05:26:00,2018-10-24T05:25:00,253,262
http://irail.be/vehicle/IC727,http://irail.be/stations/NMBS/008896396,IC,2018-10-24T05:30:00,2018-10-24T05:29:00,253,253
http://irail.be/vehicle/IC727,http://irail.be/stations/NMBS/008896305,IC,2018-10-24T05:35:00,2018-10-24T05:34:00,226,253
http://irail.be/vehicle/IC727,http://irail.be/stations/NMBS/008896370,IC,2018-10-24T05:40:00,2018-10-24T05:39:00,226,226
http://irail.be/vehicle/IC727,http://irail.be/stations/NMBS/008896388,IC,2018-10-24T05:45:00,2018-10-24T05:44:00,102,102
http://irail.be/vehicle/IC727,http://irail.be/stations/NMBS/008896008,IC,2018-10-24T05:58:00,2018-10-24T05:50:00,37,72
http://irail.be/vehicle/IC727,http://irail.be/stations/NMBS/008896115,IC,2018-10-24T06:02:00,2018-10-24T06:02:00,22,22
http://irail.be/vehicle/IC727,http://irail.be/stations/NMBS/008896149,IC,2018-10-24T06:08:00,2018-10-24T06:07:00,41,22
http://irail.be/vehicle/IC727,http://irail.be/stations/NMBS/008892106,IC,2018-10-24T06:15:00,2018-10-24T06:15:00,9,9
http://irail.be/vehicle/IC727,NO-URI,IC,2018-10-24T06:15:00,2018-10-24T06:15:00,104,104
http://irail.be/vehicle/IC727,http://irail.be/stations/NMBS/008892080,IC,2018-10-24T06:18:00,2018-10-24T06:18:00,101,101
http://irail.be/vehicle/IC727,http://irail.be/stations/NMBS/008892007,IC,2018-10-24T06:27:00,2018-10-24T06:24:00,9,67
http://irail.be/vehicle/IC727,NO-URI,IC,2018-10-24T06:31:00,2018-10-24T06:31:00,30,30
http://irail.be/vehicle/IC727,http://irail.be/stations/NMBS/008893179,IC,2018-10-24T06:32:00,2018-10-24T06:32:00,-102,-102
http://irail.be/vehicle/IC727,http://irail.be/stations/NMBS/008893120,IC,2018-10-24T06:36:00,2018-10-24T06:35:00,34,-102
http://irail.be/vehicle/IC727,http://irail.be/stations/NMBS/008894151,IC,2018-10-24T06:43:00,2018-10-24T06:43:00,36,36
http://irail.be/vehicle/IC727,http://irail.be/stations/NMBS/008894201,IC,2018-10-24T06:50:00,2018-10-24T06:48:00,21,-8
http://irail.be/vehicle/IC727,NO-URI,IC,2018-10-24T06:52:00,2018-10-24T06:52:00,1,1
http://irail.be/vehicle/IC727,http://irail.be/stations/NMBS/008894425,IC,2018-10-24T06:54:00,2018-10-24T06:54:00,4,4
http://irail.be/vehicle/IC727,http://irail.be/stations/NMBS/008894433,IC,2018-10-24T06:55:00,2018-10-24T06:55:00,-2,-2
http://irail.be/vehicle/IC727,http://irail.be/stations/NMBS/008894508,IC,2018-10-24T07:00:00,2018-10-24T06:58:00,-5,11
http://irail.be/vehicle/IC727,NO-URI,IC,2018-10-24T07:02:00,2018-10-24T07:02:00,0,0
http://irail.be/vehicle/IC727,http://irail.be/stations/NMBS/008894714,IC,2018-10-24T07:03:00,2018-10-24T07:03:00,-17,-17
http://irail.be/vehicle/IC727,http://irail.be/stations/NMBS/008894748,IC,2018-10-24T07:06:00,2018-10-24T07:06:00,-51,-51
http://irail.be/vehicle/IC727,http://irail.be/stations/NMBS/008894755,IC,2018-10-24T07:07:00,2018-10-24T07:07:00,-48,-48
http://irail.be/vehicle/IC727,http://irail.be/stations/NMBS/008894821,IC,2018-10-24T07:08:00,2018-10-24T07:08:00,-12,-12
http://irail.be/vehicle/IC727,http://irail.be/stations/NMBS/008821196,IC,2018-10-24T07:12:00,2018-10-24T07:12:00,-32,-32
http://irail.be/vehicle/IC727,http://irail.be/stations/NMBS/008821121,IC,2018-10-24T07:19:00,2018-10-24T07:17:00,-22,-31
http://irail.be/vehicle/IC727,http://irail.be/stations/NMBS/008821006,IC,2018-10-24T07:23:00,2018-10-24T07:23:00,,-64
http://irail.be/vehicle/IC727,http://irail.be/stations/NMBS/008896735,IC,2018-11-28T05:08:00,2018-11-28T05:08:00,60,
http://irail.be/vehicle/IC727,http://irail.be/stations/NMBS/008896503,IC,2018-11-28T05:16:00,2018-11-28T05:15:00,94,65
http://irail.be/vehicle/IC727,http://irail.be/stations/NMBS/008896412,IC,2018-11-28T05:26:00,2018-11-28T05:25:00,84,68
http://irail.be/vehicle/IC727,http://irail.be/stations/NMBS/008896396,IC,2018-11-28T05:30:00,2018-11-28T05:29:00,84,84
http://irail.be/vehicle/IC727,http://irail.be/stations/NMBS/008896305,IC,2018-11-28T05:35:00,2018-11-28T05:34:00,60,84
http://irail.be/vehicle/IC727,http://irail.be/stations/NMBS/008896370,IC,2018-11-28T05:40:00,2018-11-28T05:39:00,16,60
http://irail.be/vehicle/IC727,http://irail.be/stations/NMBS/008896388,IC,2018-11-28T05:45:00,2018-11-28T05:44:00,16,16
http://irail.be/vehicle/IC727,http://irail.be/stations/NMBS/008896008,IC,2018-11-28T05:58:00,2018-11-28T05:50:00,121,-24
http://irail.be/vehicle/IC727,http://irail.be/stations/NMBS/008896115,IC,2018-11-28T06:02:00,2018-11-28T06:02:00,95,95
http://irail.be/vehicle/IC727,http://irail.be/stations/NMBS/008896149,IC,2018-11-28T06:08:00,2018-11-28T06:07:00,64,48
http://irail.be/vehicle/IC727,http://irail.be/stations/NMBS/008892106,IC,2018-11-28T06:15:00,2018-11-28T06:15:00,-5,-5
http://irail.be/vehicle/IC727,NO-URI,IC,2018-11-28T06:15:00,2018-11-28T06:15:00,78,78
http://irail.be/vehicle/IC727,http://irail.be/stations/NMBS/008892080,IC,2018-11-28T06:18:00,2018-11-28T06:18:00,67,67
http://irail.be/vehicle/IC727,http://irail.be/stations/NMBS/008892007,IC,2018-11-28T06:27:00,2018-11-28T06:24:00,57,122
http://irail.be/vehicle/IC727,NO-URI,IC,2018-11-28T06:31:00,2018-11-28T06:31:00,70,70
http://irail.be/vehicle/IC727,http://irail.be/stations/NMBS/008893179,IC,2018-11-28T06:32:00,2018-11-28T06:32:00,49,49
http://irail.be/vehicle/IC727,http://irail.be/stations/NMBS/008893120,IC,2018-11-28T06:36:00,2018-11-28T06:35:00,106,-57
http://irail.be/vehicle/IC727,http://irail.be/stations/NMBS/008894151,IC,2018-11-28T06:43:00,2018-11-28T06:43:00,54,54
http://irail.be/vehicle/IC727,http://irail.be/stations/NMBS/008894201,IC,2018-11-28T06:50:00,2018-11-28T06:48:00,19,7
http://irail.be/vehicle/IC727,NO-URI,IC,2018-11-28T06:52:00,2018-11-28T06:52:00,0,0
http://irail.be/vehicle/IC727,http://irail.be/stations/NMBS/008894425,IC,2018-11-28T06:54:00,2018-11-28T06:54:00,-1,-1
http://irail.be/vehicle/IC727,http://irail.be/stations/NMBS/008894433,IC,2018-11-28T06:55:00,2018-11-28T06:55:00,-14,-14
http://irail.be/vehicle/IC727,http://irail.be/stations/NMBS/008894508,IC,2018-11-28T07:00:00,2018-11-28T06:58:00,8,-30
http://irail.be/vehicle/IC727,NO-URI,IC,2018-11-28T07:02:00,2018-11-28T07:02:00,5,5
http://irail.be/vehicle/IC727,http://irail.be/stations/NMBS/008894714,IC,2018-11-28T07:03:00,2018-11-28T07:03:00,-12,-12
http://irail.be/vehicle/IC727,http://irail.be/stations/NMBS/008894748,IC,2018-11-28T07:06:00,2018-11-28T07:06:00,-49,-49
http://irail.be/vehicle/IC727,http://irail.be/stations/NMBS/008894755,IC,2018-11-28T07:07:00,2018-11-28T07:07:00,-57,-57
http://irail.be/vehicle/IC727,http://irail.be/stations/NMBS/008894821,IC,2018-11-28T07:08:00,2018-11-28T07:08:00,-40,-40
http://irail.be/vehicle/IC727,http://irail.be/stations/NMBS/008821196,IC,2018-11-28T07:12:00,2018-11-28T07:12:00,-50,-50
http://irail.be/vehicle/IC727,http://irail.be/stations/NMBS/008821121,IC,2018-11-28T07:19:00,2018-11-28T07:17:00,326,2
http://irail.be/vehicle/IC727,http://irail.be/stations/NMBS/008821006,IC,2018-11-28T07:23:00,2018-11-28T07:23:00,,294
http://irail.be/vehicle/IC727,http://irail.be/stations/NMBS/008896735,IC,2018-09-07T05:08:00,2018-09-07T05:08:00,61,
http://irail.be/vehicle/IC727,http://irail.be/stations/NMBS/008896503,IC,2018-09-07T05:16:00,2018-09-07T05:15:00,49,53
http://irail.be/vehicle/IC727,http://irail.be/stations/NMBS/008896412,IC,2018-09-07T05:26:00,2018-09-07T05:25:00,2,22
http://irail.be/vehicle/IC727,http://irail.be/stations/NMBS/008896396,IC,2018-09-07T05:30:00,2018-09-07T05:29:00,2,2
http://irail.be/vehicle/IC727,http://irail.be/stations/NMBS/008896305,IC,2018-09-07T05:35:00,2018-09-07T05:34:00,-5,2
http://irail.be/vehicle/IC727,http://irail.be/stations/NMBS/008896370,IC,2018-09-07T05:40:00,2018-09-07T05:39:00,-18,-5
http://irail.be/vehicle/IC727,http://irail.be/stations/NMBS/008896388,IC,2018-09-07T05:45:00,2018-09-07T05:44:00,-18,-18
http://irail.be/vehicle/IC727,http://irail.be/stations/NMBS/008896008,IC,2018-09-07T05:58:00,2018-09-07T05:50:00,34,8
http://irail.be/vehicle/IC727,http://irail.be/stations/NMBS/008896115,IC,2018-09-07T06:02:00,2018-09-07T06:02:00,25,25
http://irail.be/vehicle/IC727,http://irail.be/stations/NMBS/008896149,IC,2018-09-07T06:08:00,2018-09-07T06:07:00,17,27
http://irail.be/vehicle/IC727,http://irail.be/stations/NMBS/008892106,IC,2018-09-07T06:15:00,2018-09-07T06:15:00,-33,-33
http://irail.be/vehicle/IC727,NO-URI,IC,2018-09-07T06:15:00,2018-09-07T06:15:00,50,50
http://irail.be/vehicle/IC727,http://irail.be/stations/NMBS/008892080,IC,2018-09-07T06:18:00,2018-09-07T06:18:00,41,41
http://irail.be/vehicle/IC727,http://irail.be/stations/NMBS/008892007,IC,2018-09-07T06:27:00,2018-09-07T06:24:00,6,-3
http://irail.be/vehicle/IC727,NO-URI,IC,2018-09-07T06:31:00,2018-09-07T06:31:00,32,32
http://irail.be/vehicle/IC727,http://irail.be/stations/NMBS/008893179,IC,2018-09-07T06:32:00,2018-09-07T06:32:00,-175,-175
http://irail.be/vehicle/IC727,http://irail.be/stations/NMBS/008893120,IC,2018-09-07T06:36:00,2018-09-07T06:35:00,43,-175
http://irail.be/vehicle/IC727,http://irail.be/stations/NMBS/008894151,IC,2018-09-07T06:43:00,2018-09-07T06:43:00,9,9
http://irail.be/vehicle/IC727,http://irail.be/stations/NMBS/008894201,IC,2018-09-07T06:50:00,2018-09-07T06:48:00,21,-42
http://irail.be/vehicle/IC727,NO-URI,IC,2018-09-07T06:52:00,2018-09-07T06:52:00,13,13
http://irail.be/vehicle/IC727,http://irail.be/stations/NMBS/008894425,IC,2018-09-07T06:54:00,2018-09-07T06:54:00,15,15
http://irail.be/vehicle/IC727,http://irail.be/stations/NMBS/008894433,IC,2018-09-07T06:55:00,2018-09-07T06:55:00,2,2
http://irail.be/vehicle/IC727,http://irail.be/stations/NMBS/008894508,IC,2018-09-07T07:00:00,2018-09-07T06:58:00,4,-16
http://irail.be/vehicle/IC727,NO-URI,IC,2018-09-07T07:02:00,2018-09-07T07:02:00,3,3
http://irail.be/vehicle/IC727,http://irail.be/stations/NMBS/008894714,IC,2018-09-07T07:03:00,2018-09-07T07:03:00,-14,-14
http://irail.be/vehicle/IC727,http://irail.be/stations/NMBS/008894748,IC,2018-09-07T07:06:00,2018-09-07T07:06:00,-53,-53
http://irail.be/vehicle/IC727,http://irail.be/stations/NMBS/008894755,IC,2018-09-07T07:07:00,2018-09-07T07:07:00,-62,-62
http://irail.be/vehicle/IC727,http://irail.be/stations/NMBS/008894821,IC,2018-09-07T07:08:00,2018-09-07T07:08:00,-47,-47
http://irail.be/vehicle/IC727,http://irail.be/stations/NMBS/008821196,IC,2018-09-07T07:12:00,2018-09-07T07:12:00,-96,-96
http://irail.be/vehicle/IC727,http://irail.be/stations/NMBS/008821121,IC,2018-09-07T07:19:00,2018-09-07T07:17:00,-6,-57
http://irail.be/vehicle/IC727,http://irail.be/stations/NMBS/008821006,IC,2018-09-07T07:23:00,2018-09-07T07:23:00,,49
http://irail.be/vehicle/IC727,http://irail.be/stations/NMBS/008896735,IC,2018-09-02T05:08:00,2018-09-02T05:08:00,69,
http://irail.be/vehicle/IC727,http://irail.be/stations/NMBS/008896503,IC,2018-09-02T05:16:00,2018-09-02T05:15:00,48,46
http://irail.be/vehicle/IC727,http://irail.be/stations/NMBS/008896412,IC,2018-09-02T05:26:00,2018-09-02T05:25:00,-4,11
http://irail.be/vehicle/IC727,http://irail.be/stations/NMBS/008896396,IC,2018-09-02T05:30:00,2018-09-02T05:29:00,-4,-4
http://irail.be/vehicle/IC727,http://irail.be/stations/NMBS/008896305,IC,2018-09-02T05:35:00,2018-09-02T05:34:00,-15,-4
http://irail.be/vehicle/IC727,http://irail.be/stations/NMBS/008896370,IC,2018-09-02T05:40:00,2018-09-02T05:39:00,-8,-15
http://irail.be/vehicle/IC727,http://irail.be/stations/NMBS/008896388,IC,2018-09-02T05:45:00,2018-09-02T05:44:00,-8,-8
http://irail.be/vehicle/IC727,http://irail.be/stations/NMBS/008896008,IC,2018-09-02T05:58:00,2018-09-02T05:50:00,26,2
http://irail.be/vehicle/IC727,http://irail.be/stations/NMBS/008896115,IC,2018-09-02T06:02:00,2018-09-02T06:02:00,26,26
http://irail.be/vehicle/IC727,http://irail.be/stations/NMBS/008896149,IC,2018-09-02T06:08:00,2018-09-02T06:07:00,51,-2
http://irail.be/vehicle/IC727,http://irail.be/stations/NMBS/008892106,IC,2018-09-02T06:15:00,2018-09-02T06:15:00,0,0
http://irail.be/vehicle/IC727,NO-URI,IC,2018-09-02T06:15:00,2018-09-02T06:15:00,34,34
http://irail.be/vehicle/IC727,http://irail.be/stations/NMBS/008892080,IC,2018-09-02T06:18:00,2018-09-02T06:18:00,12,12
http://irail.be/vehicle/IC727,http://irail.be/stations/NMBS/008892007,IC,2018-09-02T06:27:00,2018-09-02T06:24:00,-4,-25
http://irail.be/vehicle/IC727,NO-URI,IC,2018-09-02T06:31:00,2018-09-02T06:31:00,-3,-3
http://irail.be/vehicle/IC727,http://irail.be/stations/NMBS/008893179,IC,2018-09-02T06:32:00,2018-09-02T06:32:00,2,2
http://irail.be/vehicle/IC727,http://irail.be/stations/NMBS/008893120,IC,2018-09-02T06:36:00,2018-09-02T06:35:00,-17,2
http://irail.be/vehicle/IC727,http://irail.be/stations/NMBS/008894151,IC,2018-09-02T06:43:00,2018-09-02T06:43:00,36,36
http://irail.be/vehicle/IC727,http://irail.be/stations/NMBS/008894201,IC,2018-09-02T06:50:00,2018-09-02T06:48:00,29,-13
http://irail.be/vehicle/IC727,NO-URI,IC,2018-09-02T06:52:00,2018-09-02T06:52:00,21,21
http://irail.be/vehicle/IC727,http://irail.be/stations/NMBS/008894425,IC,2018-09-02T06:54:00,2018-09-02T06:54:00,31,31
http://irail.be/vehicle/IC727,http://irail.be/stations/NMBS/008894433,IC,2018-09-02T06:55:00,2018-09-02T06:55:00,17,17
http://irail.be/vehicle/IC727,http://irail.be/stations/NMBS/008894508,IC,2018-09-02T07:03:00,2018-09-02T06:58:00,12,4
http://irail.be/vehicle/IC727,http://irail.be/stations/NMBS/008894672,IC,2018-09-02T07:11:00,2018-09-02T07:10:00,33,21
http://irail.be/vehicle/IC727,http://irail.be/stations/NMBS/008822772,IC,2018-09-02T07:15:00,2018-09-02T07:15:00,33,33
http://irail.be/vehicle/IC727,http://irail.be/stations/NMBS/008822715,IC,2018-09-02T07:19:00,2018-09-02T07:19:00,-45,-45
http://irail.be/vehicle/IC727,http://irail.be/stations/NMBS/008822848,IC,2018-09-02T07:22:00,2018-09-02T07:22:00,-58,-58
http://irail.be/vehicle/IC727,http://irail.be/stations/NMBS/008822814,IC,2018-09-02T07:25:00,2018-09-02T07:25:00,-59,-59
http://irail.be/vehicle/IC727,http://irail.be/stations/NMBS/008824240,IC,2018-09-02T07:28:00,2018-09-02T07:28:00,-55,-55
http://irail.be/vehicle/IC727,http://irail.be/stations/NMBS/008824232,IC,2018-09-02T07:30:00,2018-09-02T07:30:00,-18,-18
http://irail.be/vehicle/IC727,http://irail.be/stations/NMBS/008824224,IC,2018-09-02T07:31:00,2018-09-02T07:31:00,-18,-18
http://irail.be/vehicle/IC727,http://irail.be/stations/NMBS/008824158,IC,2018-09-02T07:36:00,2018-09-02T07:36:00,-89,-89
http://irail.be/vehicle/IC727,http://irail.be/stations/NMBS/008821196,IC,2018-09-02T07:42:00,2018-09-02T07:40:00,-36,-36
http://irail.be/vehicle/IC727,http://irail.be/stations/NMBS/008821121,IC,2018-09-02T07:50:00,2018-09-02T07:48:00,108,-90
http://irail.be/vehicle/IC727,http://irail.be/stations/NMBS/008821006,IC,2018-09-02T07:54:00,2018-09-02T07:54:00,,139
http://irail.be/vehicle/IC727,http://irail.be/stations/NMBS/008896735,IC,2018-05-28T05:08:00,2018-05-28T05:08:00,46,
http://irail.be/vehicle/IC727,http://irail.be/stations/NMBS/008896503,IC,2018-05-28T05:16:00,2018-05-28T05:15:00,35,39
http://irail.be/vehicle/IC727,http://irail.be/stations/NMBS/008896412,IC,2018-05-28T05:26:00,2018-05-28T05:25:00,36,22
http://irail.be/vehicle/IC727,http://irail.be/stations/NMBS/008896396,IC,2018-05-28T05:30:00,2018-05-28T05:29:00,36,36
http://irail.be/vehicle/IC727,http://irail.be/stations/NMBS/008896305,IC,2018-05-28T05:35:00,2018-05-28T05:34:00,67,36
http://irail.be/vehicle/IC727,http://irail.be/stations/NMBS/008896370,IC,2018-05-28T05:40:00,2018-05-28T05:40:00,98,67
http://irail.be/vehicle/IC727,http://irail.be/stations/NMBS/008896388,IC,2018-05-28T05:44:00,2018-05-28T05:44:00,98,98
http://irail.be/vehicle/IC727,http://irail.be/stations/NMBS/008896008,IC,2018-05-28T05:57:00,2018-05-28T05:50:00,36,-2
http://irail.be/vehicle/IC727,http://irail.be/stations/NMBS/008896115,IC,2018-05-28T06:01:00,2018-05-28T06:01:00,20,20
http://irail.be/vehicle/IC727,http://irail.be/stations/NMBS/008896149,IC,2018-05-28T06:06:00,2018-05-28T06:05:00,90,82
http://irail.be/vehicle/IC727,http://irail.be/stations/NMBS/008892106,IC,2018-05-28T06:15:00,2018-05-28T06:15:00,-67,-67
http://irail.be/vehicle/IC727,NO-URI,IC,2018-05-28T06:15:00,2018-05-28T06:15:00,-9,-9
http://irail.be/vehicle/IC727,http://irail.be/stations/NMBS/008892080,IC,2018-05-28T06:18:00,2018-05-28T06:18:00,-1,-1
http://irail.be/vehicle/IC727,http://irail.be/stations/NMBS/008892007,IC,2018-05-28T06:27:00,2018-05-28T06:24:00,78,78
http://irail.be/vehicle/IC727,NO-URI,IC,2018-05-28T06:31:00,2018-05-28T06:31:00,109,109
http://irail.be/vehicle/IC727,http://irail.be/stations/NMBS/008893179,IC,2018-05-28T06:32:00,2018-05-28T06:32:00,-93,-93
http://irail.be/vehicle/IC727,http://irail.be/stations/NMBS/008893120,IC,2018-05-28T06:36:00,2018-05-28T06:35:00,120,-93
http://irail.be/vehicle/IC727,http://irail.be/stations/NMBS/008894151,IC,2018-05-28T06:43:00,2018-05-28T06:43:00,238,238
http://irail.be/vehicle/IC727,http://irail.be/stations/NMBS/008894201,IC,2018-05-28T06:50:00,2018-05-28T06:48:00,124,194
http://irail.be/vehicle/IC727,NO-URI,IC,2018-05-28T06:52:00,2018-05-28T06:52:00,108,108
http://irail.be/vehicle/IC727,http://irail.be/stations/NMBS/008894425,IC,2018-05-28T06:54:00,2018-05-28T06:54:00,108,108
http://irail.be/vehicle/IC727,http://irail.be/stations/NMBS/008894433,IC,2018-05-28T06:55:00,2018-05-28T06:55:00,98,98
http://irail.be/vehicle/IC727,http://irail.be/stations/NMBS/008894508,IC,2018-05-28T07:00:00,2018-05-28T06:58:00,41,83
http://irail.be/vehicle/IC727,NO-URI,IC,2018-05-28T07:02:00,2018-05-28T07:02:00,30,30
http://irail.be/vehicle/IC727,http://irail.be/stations/NMBS/008894714,IC,2018-05-28T07:03:00,2018-05-28T07:03:00,12,12
http://irail.be/vehicle/IC727,http://irail.be/stations/NMBS/008894748,IC,2018-05-28T07:06:00,2018-05-28T07:06:00,-23,-23
http://irail.be/vehicle/IC727,http://irail.be/stations/NMBS/008894755,IC,2018-05-28T07:07:00,2018-05-28T07:07:00,-32,-32
http://irail.be/vehicle/IC727,http://irail.be/stations/NMBS/008894821,IC,2018-05-28T07:08:00,2018-05-28T07:08:00,-14,-14
http://irail.be/vehicle/IC727,NO-URI,IC,2018-05-28T07:09:00,2018-05-28T07:09:00,-14,-14
http://irail.be/vehicle/IC727,http://irail.be/stations/NMBS/008821196,IC,2018-05-28T07:12:00,2018-05-28T07:12:00,-47,-47
http://irail.be/vehicle/IC727,http://irail.be/stations/NMBS/008821121,IC,2018-05-28T07:19:00,2018-05-28T07:17:00,0,-51
http://irail.be/vehicle/IC727,http://irail.be/stations/NMBS/008821006,IC,2018-05-28T07:23:00,2018-05-28T07:23:00,,-33
http://irail.be/vehicle/IC727,http://irail.be/stations/NMBS/008896735,IC,2018-02-14T05:08:00,2018-02-14T05:08:00,66,
http://irail.be/vehicle/IC727,http://irail.be/stations/NMBS/008896503,IC,2018-02-14T05:16:00,2018-02-14T05:15:00,39,49
http://irail.be/vehicle/IC727,http://irail.be/stations/NMBS/008896412,IC,2018-02-14T05:26:00,2018-02-14T05:25:00,14,14
http://irail.be/vehicle/IC727,http://irail.be/stations/NMBS/008896396,IC,2018-02-14T05:30:00,2018-02-14T05:29:00,14,14
http://irail.be/vehicle/IC727,http://irail.be/stations/NMBS/008896305,IC,2018-02-14T05:35:00,2018-02-14T05:34:00,-24,14
http://irail.be/vehicle/IC727,http://irail.be/stations/NMBS/008896370,IC,2018-02-14T05:40:00,2018-02-14T05:40:00,4,-24
http://irail.be/vehicle/IC727,http://irail.be/stations/NMBS/008896388,IC,2018-02-14T05:44:00,2018-02-14T05:44:00,4,4
http://irail.be/vehicle/IC727,http://irail.be/stations/NMBS/008896008,IC,2018-02-14T05:57:00,2018-02-14T05:50:00,84,-92
http://irail.be/vehicle/IC727,http://irail.be/stations/NMBS/008896115,IC,2018-02-14T06:01:00,2018-02-14T06:01:00,143,143
http://irail.be/vehicle/IC727,http://irail.be/stations/NMBS/008896149,IC,2018-02-14T06:06:00,2018-02-14T06:05:00,169,177
http://irail.be/vehicle/IC727,http://irail.be/stations/NMBS/008892106,IC,2018-02-14T06:15:00,2018-02-14T06:15:00,28,28
http://irail.be/vehicle/IC727,NO-URI,IC,2018-02-14T06:15:00,2018-02-14T06:15:00,89,89
http://irail.be/vehicle/IC727,http://irail.be/stations/NMBS/008892080,IC,2018-02-14T06:18:00,2018-02-14T06:18:00,94,94
http://irail.be/vehicle/IC727,http://irail.be/stations/NMBS/008892007,IC,2018-02-14T06:27:00,2018-02-14T06:24:00,95,92
http://irail.be/vehicle/IC727,NO-URI,IC,2018-02-14T06:31:00,2018-02-14T06:31:00,121,121
http://irail.be/vehicle/IC727,http://irail.be/stations/NMBS/008893179,IC,2018-02-14T06:32:00,2018-02-14T06:32:00,-86,-86
http://irail.be/vehicle/IC727,http://irail.be/stations/NMBS/008893120,IC,2018-02-14T06:36:00,2018-02-14T06:35:00,-86,-86
http://irail.be/vehicle/IC727,http://irail.be/stations/NMBS/008894151,IC,2018-02-14T06:43:00,2018-02-14T06:43:00,66,66
http://irail.be/vehicle/IC727,http://irail.be/stations/NMBS/008894201,IC,2018-02-14T06:50:00,2018-02-14T06:48:00,17,30
http://irail.be/vehicle/IC727,NO-URI,IC,2018-02-14T06:52:00,2018-02-14T06:52:00,7,7
http://irail.be/vehicle/IC727,http://irail.be/stations/NMBS/008894425,IC,2018-02-14T06:54:00,2018-02-14T06:54:00,13,13
http://irail.be/vehicle/IC727,http://irail.be/stations/NMBS/008894433,IC,2018-02-14T06:55:00,2018-02-14T06:55:00,3,3
http://irail.be/vehicle/IC727,http://irail.be/stations/NMBS/008894508,IC,2018-02-14T07:00:00,2018-02-14T06:58:00,7,-10
http://irail.be/vehicle/IC727,NO-URI,IC,2018-02-14T07:02:00,2018-02-14T07:02:00,11,11
http://irail.be/vehicle/IC727,http://irail.be/stations/NMBS/008894714,IC,2018-02-14T07:03:00,2018-02-14T07:03:00,-4,-4
http://irail.be/vehicle/IC727,http://irail.be/stations/NMBS/008894748,IC,2018-02-14T07:06:00,2018-02-14T07:06:00,-31,-31
http://irail.be/vehicle/IC727,http://irail.be/stations/NMBS/008894755,IC,2018-02-14T07:07:00,2018-02-14T07:07:00,-36,-36
http://irail.be/vehicle/IC727,http://irail.be/stations/NMBS/008894821,IC,2018-02-14T07:08:00,2018-02-14T07:08:00,-11,-11
http://irail.be/vehicle/IC727,NO-URI,IC,2018-02-14T07:09:00,2018-02-14T07:09:00,-11,-11
http://irail.be/vehicle/IC727,http://irail.be/stations/NMBS/008821196,IC,2018-02-14T07:12:00,2018-02-14T07:12:00,-42,-42
http://irail.be/vehicle/IC727,http://irail.be/stations/NMBS/008821121,IC,2018-02-14T07:19:00,2018-02-14T07:17:00,115,-35
http://irail.be/vehicle/IC727,http://irail.be/stations/NMBS/008821006,IC,2018-02-14T07:23:00,2018-02-14T07:23:00,,91
http://irail.be/vehicle/IC727,http://irail.be/stations/NMBS/008896735,IC,2018-12-20T05:08:00,2018-12-20T05:08:00,42,
http://irail.be/vehicle/IC727,http://irail.be/stations/NMBS/008896503,IC,2018-12-20T05:16:00,2018-12-20T05:15:00,-4,-5
http://irail.be/vehicle/IC727,http://irail.be/stations/NMBS/008896412,IC,2018-12-20T05:26:00,2018-12-20T05:25:00,1,-45
http://irail.be/vehicle/IC727,http://irail.be/stations/NMBS/008896396,IC,2018-12-20T05:30:00,2018-12-20T05:29:00,1,1
http://irail.be/vehicle/IC727,http://irail.be/stations/NMBS/008896305,IC,2018-12-20T05:35:00,2018-12-20T05:34:00,-11,1
http://irail.be/vehicle/IC727,http://irail.be/stations/NMBS/008896370,IC,2018-12-20T05:40:00,2018-12-20T05:39:00,-21,-11
http://irail.be/vehicle/IC727,http://irail.be/stations/NMBS/008896388,IC,2018-12-20T05:45:00,2018-12-20T05:44:00,-21,-21
http://irail.be/vehicle/IC727,http://irail.be/stations/NMBS/008896008,IC,2018-12-20T05:58:00,2018-12-20T05:50:00,39,-62
http://irail.be/vehicle/IC727,http://irail.be/stations/NMBS/008896115,IC,2018-12-20T06:02:00,2018-12-20T06:02:00,68,68
http://irail.be/vehicle/IC727,http://irail.be/stations/NMBS/008896149,IC,2018-12-20T06:08:00,2018-12-20T06:07:00,316,199
http://irail.be/vehicle/IC727,http://irail.be/stations/NMBS/008892106,IC,2018-12-20T06:15:00,2018-12-20T06:15:00,318,318
http://irail.be/vehicle/IC727,NO-URI,IC,2018-12-20T06:15:00,2018-12-20T06:15:00,409,409
http://irail.be/vehicle/IC727,http://irail.be/stations/NMBS/008892080,IC,2018-12-20T06:18:00,2018-12-20T06:18:00,394,394
http://irail.be/vehicle/IC727,http://irail.be/stations/NMBS/008892007,IC,2018-12-20T06:27:00,2018-12-20T06:24:00,342,453
http://irail.be/vehicle/IC727,NO-URI,IC,2018-12-20T06:32:00,2018-12-20T06:32:00,317,317
http://irail.be/vehicle/IC727,http://irail.be/stations/NMBS/008893179,IC,2018-12-20T06:33:00,2018-12-20T06:33:00,349,349
http://irail.be/vehicle/IC727,http://irail.be/stations/NMBS/008893120,IC,2018-12-20T06:36:00,2018-12-20T06:35:00,307,246
http://irail.be/vehicle/IC727,http://irail.be/stations/NMBS/008894151,IC,2018-12-20T06:44:00,2018-12-20T06:44:00,211,211
http://irail.be/vehicle/IC727,http://irail.be/stations/NMBS/008894201,IC,2018-12-20T06:50:00,2018-12-20T06:48:00,149,198
http://irail.be/vehicle/IC727,NO-URI,IC,2018-12-20T06:52:00,2018-12-20T06:52:00,131,131
http://irail.be/vehicle/IC727,http://irail.be/stations/NMBS/008894425,IC,2018-12-20T06:54:00,2018-12-20T06:54:00,132,132
http://irail.be/vehicle/IC727,http://irail.be/stations/NMBS/008894433,IC,2018-12-20T06:55:00,2018-12-20T06:55:00,118,118
http://irail.be/vehicle/IC727,http://irail.be/stations/NMBS/008894508,IC,2018-12-20T07:00:00,2018-12-20T06:58:00,76,99
http://irail.be/vehicle/IC727,NO-URI,IC,2018-12-20T07:02:00,2018-12-20T07:02:00,79,79
http://irail.be/vehicle/IC727,http://irail.be/stations/NMBS/008894714,IC,2018-12-20T07:03:00,2018-12-20T07:03:00,62,62
http://irail.be/vehicle/IC727,http://irail.be/stations/NMBS/008894748,IC,2018-12-20T07:06:00,2018-12-20T07:06:00,25,25
http://irail.be/vehicle/IC727,http://irail.be/stations/NMBS/008894755,IC,2018-12-20T07:07:00,2018-12-20T07:07:00,18,18
http://irail.be/vehicle/IC727,http://irail.be/stations/NMBS/008894821,IC,2018-12-20T07:08:00,2018-12-20T07:08:00,34,34
http://irail.be/vehicle/IC727,http://irail.be/stations/NMBS/008821196,IC,2018-12-20T07:12:00,2018-12-20T07:12:00,-6,-6
http://irail.be/vehicle/IC727,http://irail.be/stations/NMBS/008821121,IC,2018-12-20T07:19:00,2018-12-20T07:17:00,31,1
http://irail.be/vehicle/IC727,http://irail.be/stations/NMBS/008821006,IC,2018-12-20T07:23:00,2018-12-20T07:23:00,,44
http://irail.be/vehicle/IC727,http://irail.be/stations/NMBS/008896735,IC,2018-01-31T05:08:00,2018-01-31T05:08:00,79,
http://irail.be/vehicle/IC727,http://irail.be/stations/NMBS/008896503,IC,2018-01-31T05:16:00,2018-01-31T05:15:00,78,49
http://irail.be/vehicle/IC727,http://irail.be/stations/NMBS/008896412,IC,2018-01-31T05:26:00,2018-01-31T05:25:00,17,30
http://irail.be/vehicle/IC727,http://irail.be/stations/NMBS/008896396,IC,2018-01-31T05:30:00,2018-01-31T05:29:00,17,17
http://irail.be/vehicle/IC727,http://irail.be/stations/NMBS/008896305,IC,2018-01-31T05:35:00,2018-01-31T05:34:00,10,17
http://irail.be/vehicle/IC727,http://irail.be/stations/NMBS/008896370,IC,2018-01-31T05:40:00,2018-01-31T05:40:00,24,10
http://irail.be/vehicle/IC727,http://irail.be/stations/NMBS/008896388,IC,2018-01-31T05:44:00,2018-01-31T05:44:00,24,24
http://irail.be/vehicle/IC727,http://irail.be/stations/NMBS/008896008,IC,2018-01-31T05:57:00,2018-01-31T05:50:00,59,-20
http://irail.be/vehicle/IC727,http://irail.be/stations/NMBS/008896115,IC,2018-01-31T06:01:00,2018-01-31T06:01:00,104,104
http://irail.be/vehicle/IC727,http://irail.be/stations/NMBS/008896149,IC,2018-01-31T06:06:00,2018-01-31T06:05:00,136,147
http://irail.be/vehicle/IC727,http://irail.be/stations/NMBS/008892106,IC,2018-01-31T06:15:00,2018-01-31T06:15:00,-1,-1
http://irail.be/vehicle/IC727,NO-URI,IC,2018-01-31T06:15:00,2018-01-31T06:15:00,47,47
http://irail.be/vehicle/IC727,http://irail.be/stations/NMBS/008892080,IC,2018-01-31T06:18:00,2018-01-31T06:18:00,90,90
http://irail.be/vehicle/IC727,http://irail.be/stations/NMBS/008892007,IC,2018-01-31T06:27:00,2018-01-31T06:24:00,139,179
http://irail.be/vehicle/IC727,NO-URI,IC,2018-01-31T06:31:00,2018-01-31T06:31:00,162,162
http://irail.be/vehicle/IC727,http://irail.be/stations/NMBS/008893179,IC,2018-01-31T06:32:00,2018-01-31T06:32:00,-45,-45
http://irail.be/vehicle/IC727,http://irail.be/stations/NMBS/008893120,IC,2018-01-31T06:36:00,2018-01-31T06:35:00,-45,-45
http://irail.be/vehicle/IC727,http://irail.be/stations/NMBS/008894151,IC,2018-01-31T06:43:00,2018-01-31T06:43:00,139,139
http://irail.be/vehicle/IC727,http://irail.be/stations/NMBS/008894201,IC,2018-01-31T06:50:00,2018-01-31T06:48:00,79,93
http://irail.be/vehicle/IC727,NO-URI,IC,2018-01-31T06:52:00,2018-01-31T06:52:00,72,72
http://irail.be/vehicle/IC727,http://irail.be/stations/NMBS/008894425,IC,2018-01-31T06:54:00,2018-01-31T06:54:00,83,83
http://irail.be/vehicle/IC727,http://irail.be/stations/NMBS/008894433,IC,2018-01-31T06:55:00,2018-01-31T06:55:00,73,73
http://irail.be/vehicle/IC727,http://irail.be/stations/NMBS/008894508,IC,2018-01-31T07:00:00,2018-01-31T06:58:00,57,55
http://irail.be/vehicle/IC727,NO-URI,IC,2018-01-31T07:02:00,2018-01-31T07:02:00,69,69
http://irail.be/vehicle/IC727,http://irail.be/stations/NMBS/008894714,IC,2018-01-31T07:03:00,2018-01-31T07:03:00,58,58
http://irail.be/vehicle/IC727,http://irail.be/stations/NMBS/008894748,IC,2018-01-31T07:06:00,2018-01-31T07:06:00,33,33
http://irail.be/vehicle/IC727,http://irail.be/stations/NMBS/008894755,IC,2018-01-31T07:07:00,2018-01-31T07:07:00,25,25
http://irail.be/vehicle/IC727,http://irail.be/stations/NMBS/008894821,IC,2018-01-31T07:08:00,2018-01-31T07:08:00,48,48
http://irail.be/vehicle/IC727,NO-URI,IC,2018-01-31T07:09:00,2018-01-31T07:09:00,48,48
http://irail.be/vehicle/IC727,http://irail.be/stations/NMBS/008821196,IC,2018-01-31T07:12:00,2018-01-31T07:12:00,4,4
http://irail.be/vehicle/IC727,http://irail.be/stations/NMBS/008821121,IC,2018-01-31T07:19:00,2018-01-31T07:17:00,65,-25
http://irail.be/vehicle/IC727,http://irail.be/stations/NMBS/008821006,IC,2018-01-31T07:23:00,2018-01-31T07:23:00,,135
http://irail.be/vehicle/IC727,http://irail.be/stations/NMBS/008896735,IC,2018-10-10T05:08:00,2018-10-10T05:08:00,74,
http://irail.be/vehicle/IC727,http://irail.be/stations/NMBS/008896503,IC,2018-10-10T05:16:00,2018-10-10T05:15:00,60,63
http://irail.be/vehicle/IC727,http://irail.be/stations/NMBS/008896412,IC,2018-10-10T05:26:00,2018-10-10T05:25:00,-11,23
http://irail.be/vehicle/IC727,http://irail.be/stations/NMBS/008896396,IC,2018-10-10T05:30:00,2018-10-10T05:29:00,-11,-11
http://irail.be/vehicle/IC727,http://irail.be/stations/NMBS/008896305,IC,2018-10-10T05:35:00,2018-10-10T05:34:00,-26,-11
http://irail.be/vehicle/IC727,http://irail.be/stations/NMBS/008896370,IC,2018-10-10T05:40:00,2018-10-10T05:39:00,-56,-26
http://irail.be/vehicle/IC727,http://irail.be/stations/NMBS/008896388,IC,2018-10-10T05:45:00,2018-10-10T05:44:00,-56,-56
http://irail.be/vehicle/IC727,http://irail.be/stations/NMBS/008896008,IC,2018-10-10T05:58:00,2018-10-10T05:50:00,63,-96
http://irail.be/vehicle/IC727,http://irail.be/stations/NMBS/008896115,IC,2018-10-10T06:02:00,2018-10-10T06:02:00,104,104
http://irail.be/vehicle/IC727,http://irail.be/stations/NMBS/008896149,IC,2018-10-10T06:08:00,2018-10-10T06:07:00,106,117
http://irail.be/vehicle/IC727,http://irail.be/stations/NMBS/008892106,IC,2018-10-10T06:15:00,2018-10-10T06:15:00,48,48
http://irail.be/vehicle/IC727,NO-URI,IC,2018-10-10T06:15:00,2018-10-10T06:15:00,186,186
http://irail.be/vehicle/IC727,http://irail.be/stations/NMBS/008892080,IC,2018-10-10T06:18:00,2018-10-10T06:18:00,202,202
http://irail.be/vehicle/IC727,http://irail.be/stations/NMBS/008892007,IC,2018-10-10T06:27:00,2018-10-10T06:24:00,78,178
http://irail.be/vehicle/IC727,NO-URI,IC,2018-10-10T06:31:00,2018-10-10T06:31:00,95,95
http://irail.be/vehicle/IC727,http://irail.be/stations/NMBS/008893179,IC,2018-10-10T06:32:00,2018-10-10T06:32:00,-34,-34
http://irail.be/vehicle/IC727,http://irail.be/stations/NMBS/008893120,IC,2018-10-10T06:36:00,2018-10-10T06:35:00,93,-34
http://irail.be/vehicle/IC727,http://irail.be/stations/NMBS/008894151,IC,2018-10-10T06:43:00,2018-10-10T06:43:00,52,52
http://irail.be/vehicle/IC727,http://irail.be/stations/NMBS/008894201,IC,2018-10-10T06:50:00,2018-10-10T06:48:00,25,11
http://irail.be/vehicle/IC727,NO-URI,IC,2018-10-10T06:52:00,2018-10-10T06:52:00,14,14
http://irail.be/vehicle/IC727,http://irail.be/stations/NMBS/008894425,IC,2018-10-10T06:54:00,2018-10-10T06:54:00,18,18
http://irail.be/vehicle/IC727,http://irail.be/stations/NMBS/008894433,IC,2018-10-10T06:55:00,2018-10-10T06:55:00,5,5
http://irail.be/vehicle/IC727,http://irail.be/stations/NMBS/008894508,IC,2018-10-10T07:00:00,2018-10-10T06:58:00,12,-10
http://irail.be/vehicle/IC727,NO-URI,IC,2018-10-10T07:02:00,2018-10-10T07:02:00,21,21
http://irail.be/vehicle/IC727,http://irail.be/stations/NMBS/008894714,IC,2018-10-10T07:03:00,2018-10-10T07:03:00,6,6
http://irail.be/vehicle/IC727,http://irail.be/stations/NMBS/008894748,IC,2018-10-10T07:06:00,2018-10-10T07:06:00,-29,-29
http://irail.be/vehicle/IC727,http://irail.be/stations/NMBS/008894755,IC,2018-10-10T07:07:00,2018-10-10T07:07:00,-36,-36
http://irail.be/vehicle/IC727,http://irail.be/stations/NMBS/008894821,IC,2018-10-10T07:08:00,2018-10-10T07:08:00,-19,-19
http://irail.be/vehicle/IC727,http://irail.be/stations/NMBS/008821196,IC,2018-10-10T07:12:00,2018-10-10T07:12:00,-49,-49
http://irail.be/vehicle/IC727,http://irail.be/stations/NMBS/008821121,IC,2018-10-10T07:19:00,2018-10-10T07:17:00,167,-7
http://irail.be/vehicle/IC727,http://irail.be/stations/NMBS/008821006,IC,2018-10-10T07:23:00,2018-10-10T07:23:00,,187
http://irail.be/vehicle/IC727,http://irail.be/stations/NMBS/008896735,IC,2018-06-06T05:08:00,2018-06-06T05:08:00,61,
http://irail.be/vehicle/IC727,http://irail.be/stations/NMBS/008896503,IC,2018-06-06T05:16:00,2018-06-06T05:15:00,75,49
http://irail.be/vehicle/IC727,http://irail.be/stations/NMBS/008896412,IC,2018-06-06T05:26:00,2018-06-06T05:25:00,52,64
http://irail.be/vehicle/IC727,http://irail.be/stations/NMBS/008896396,IC,2018-06-06T05:30:00,2018-06-06T05:29:00,52,52
http://irail.be/vehicle/IC727,http://irail.be/stations/NMBS/008896305,IC,2018-06-06T05:35:00,2018-06-06T05:34:00,38,52
http://irail.be/vehicle/IC727,http://irail.be/stations/NMBS/008896370,IC,2018-06-06T05:40:00,2018-06-06T05:40:00,73,38
http://irail.be/vehicle/IC727,http://irail.be/stations/NMBS/008896388,IC,2018-06-06T05:44:00,2018-06-06T05:44:00,73,73
http://irail.be/vehicle/IC727,http://irail.be/stations/NMBS/008896008,IC,2018-06-06T05:57:00,2018-06-06T05:50:00,30,26
http://irail.be/vehicle/IC727,http://irail.be/stations/NMBS/008896115,IC,2018-06-06T06:01:00,2018-06-06T06:01:00,21,21
http://irail.be/vehicle/IC727,http://irail.be/stations/NMBS/008896149,IC,2018-06-06T06:06:00,2018-06-06T06:05:00,-2,20
http://irail.be/vehicle/IC727,http://irail.be/stations/NMBS/008892106,IC,2018-06-06T06:15:00,2018-06-06T06:15:00,-37,-37
http://irail.be/vehicle/IC727,NO-URI,IC,2018-06-06T06:15:00,2018-06-06T06:15:00,56,56
http://irail.be/vehicle/IC727,http://irail.be/stations/NMBS/008892080,IC,2018-06-06T06:18:00,2018-06-06T06:18:00,42,42
http://irail.be/vehicle/IC727,http://irail.be/stations/NMBS/008892007,IC,2018-06-06T06:27:00,2018-06-06T06:24:00,15,109
http://irail.be/vehicle/IC727,NO-URI,IC,2018-06-06T06:31:00,2018-06-06T06:31:00,25,25
http://irail.be/vehicle/IC727,http://irail.be/stations/NMBS/008893179,IC,2018-06-06T06:32:00,2018-06-06T06:32:00,-181,-181
http://irail.be/vehicle/IC727,http://irail.be/stations/NMBS/008893120,IC,2018-06-06T06:36:00,2018-06-06T06:35:00,35,-181
http://irail.be/vehicle/IC727,http://irail.be/stations/NMBS/008894151,IC,2018-06-06T06:43:00,2018-06-06T06:43:00,102,102
http://irail.be/vehicle/IC727,http://irail.be/stations/NMBS/008894201,IC,2018-06-06T06:50:00,2018-06-06T06:48:00,15,49
http://irail.be/vehicle/IC727,NO-URI,IC,2018-06-06T06:52:00,2018-06-06T06:52:00,7,7
http://irail.be/vehicle/IC727,http://irail.be/stations/NMBS/008894425,IC,2018-06-06T06:54:00,2018-06-06T06:54:00,12,12
http://irail.be/vehicle/IC727,http://irail.be/stations/NMBS/008894433,IC,2018-06-06T06:55:00,2018-06-06T06:55:00,2,2
http://irail.be/vehicle/IC727,http://irail.be/stations/NMBS/008894508,IC,2018-06-06T07:00:00,2018-06-06T06:58:00,108,-14
http://irail.be/vehicle/IC727,NO-URI,IC,2018-06-06T07:02:00,2018-06-06T07:02:00,100,100
http://irail.be/vehicle/IC727,http://irail.be/stations/NMBS/008894714,IC,2018-06-06T07:03:00,2018-06-06T07:03:00,81,81
http://irail.be/vehicle/IC727,http://irail.be/stations/NMBS/008894748,IC,2018-06-06T07:06:00,2018-06-06T07:06:00,39,39
http://irail.be/vehicle/IC727,http://irail.be/stations/NMBS/008894755,IC,2018-06-06T07:07:00,2018-06-06T07:07:00,31,31
http://irail.be/vehicle/IC727,http://irail.be/stations/NMBS/008894821,IC,2018-06-06T07:08:00,2018-06-06T07:08:00,51,51
http://irail.be/vehicle/IC727,NO-URI,IC,2018-06-06T07:09:00,2018-06-06T07:09:00,51,51
http://irail.be/vehicle/IC727,http://irail.be/stations/NMBS/008821196,IC,2018-06-06T07:12:00,2018-06-06T07:12:00,16,16
http://irail.be/vehicle/IC727,http://irail.be/stations/NMBS/008821121,IC,2018-06-06T07:19:00,2018-06-06T07:17:00,-14,9
http://irail.be/vehicle/IC727,http://irail.be/stations/NMBS/008821006,IC,2018-06-06T07:23:00,2018-06-06T07:23:00,,-54
http://irail.be/vehicle/IC727,http://irail.be/stations/NMBS/008896735,IC,2018-04-16T05:08:00,2018-04-16T05:08:00,65,
http://irail.be/vehicle/IC727,http://irail.be/stations/NMBS/008896503,IC,2018-04-16T05:16:00,2018-04-16T05:15:00,21,34
http://irail.be/vehicle/IC727,http://irail.be/stations/NMBS/008896412,IC,2018-04-16T05:26:00,2018-04-16T05:25:00,4,-4
http://irail.be/vehicle/IC727,http://irail.be/stations/NMBS/008896396,IC,2018-04-16T05:30:00,2018-04-16T05:29:00,4,4
http://irail.be/vehicle/IC727,http://irail.be/stations/NMBS/008896305,IC,2018-04-16T05:35:00,2018-04-16T05:34:00,-16,4
http://irail.be/vehicle/IC727,http://irail.be/stations/NMBS/008896370,IC,2018-04-16T05:40:00,2018-04-16T05:40:00,-10,-16
http://irail.be/vehicle/IC727,http://irail.be/stations/NMBS/008896388,IC,2018-04-16T05:44:00,2018-04-16T05:44:00,-10,-10
http://irail.be/vehicle/IC727,http://irail.be/stations/NMBS/008896008,IC,2018-04-16T05:57:00,2018-04-16T05:50:00,35,-63
http://irail.be/vehicle/IC727,http://irail.be/stations/NMBS/008896115,IC,2018-04-16T06:01:00,2018-04-16T06:01:00,25,25
http://irail.be/vehicle/IC727,http://irail.be/stations/NMBS/008896149,IC,2018-04-16T06:06:00,2018-04-16T06:05:00,29,32
http://irail.be/vehicle/IC727,http://irail.be/stations/NMBS/008892106,IC,2018-04-16T06:15:00,2018-04-16T06:15:00,12,12
http://irail.be/vehicle/IC727,NO-URI,IC,2018-04-16T06:15:00,2018-04-16T06:15:00,104,104
http://irail.be/vehicle/IC727,http://irail.be/stations/NMBS/008892080,IC,2018-04-16T06:18:00,2018-04-16T06:18:00,103,103
http://irail.be/vehicle/IC727,http://irail.be/stations/NMBS/008892007,IC,2018-04-16T06:27:00,2018-04-16T06:24:00,107,186
http://irail.be/vehicle/IC727,NO-URI,IC,2018-04-16T06:31:00,2018-04-16T06:31:00,134,134
http://irail.be/vehicle/IC727,http://irail.be/stations/NMBS/008893179,IC,2018-04-16T06:32:00,2018-04-16T06:32:00,-68,-68
http://irail.be/vehicle/IC727,http://irail.be/stations/NMBS/008893120,IC,2018-04-16T06:36:00,2018-04-16T06:35:00,109,-68
http://irail.be/vehicle/IC727,http://irail.be/stations/NMBS/008894151,IC,2018-04-16T06:43:00,2018-04-16T06:43:00,90,90
http://irail.be/vehicle/IC727,http://irail.be/stations/NMBS/008894201,IC,2018-04-16T06:50:00,2018-04-16T06:48:00,8,46
http://irail.be/vehicle/IC727,NO-URI,IC,2018-04-16T06:52:00,2018-04-16T06:52:00,-2,-2
http://irail.be/vehicle/IC727,http://irail.be/stations/NMBS/008894425,IC,2018-04-16T06:54:00,2018-04-16T06:54:00,3,3
http://irail.be/vehicle/IC727,http://irail.be/stations/NMBS/008894433,IC,2018-04-16T06:55:00,2018-04-16T06:55:00,-4,-4
http://irail.be/vehicle/IC727,http://irail.be/stations/NMBS/008894508,IC,2018-04-16T07:00:00,2018-04-16T06:58:00,1,-17
http://irail.be/vehicle/IC727,NO-URI,IC,2018-04-16T07:02:00,2018-04-16T07:02:00,0,0
http://irail.be/vehicle/IC727,http://irail.be/stations/NMBS/008894714,IC,2018-04-16T07:03:00,2018-04-16T07:03:00,-17,-17
http://irail.be/vehicle/IC727,http://irail.be/stations/NMBS/008894748,IC,2018-04-16T07:06:00,2018-04-16T07:06:00,-49,-49
http://irail.be/vehicle/IC727,http://irail.be/stations/NMBS/008894755,IC,2018-04-16T07:07:00,2018-04-16T07:07:00,-56,-56
http://irail.be/vehicle/IC727,http://irail.be/stations/NMBS/008894821,IC,2018-04-16T07:08:00,2018-04-16T07:08:00,-33,-33
http://irail.be/vehicle/IC727,NO-URI,IC,2018-04-16T07:09:00,2018-04-16T07:09:00,-33,-33
http://irail.be/vehicle/IC727,http://irail.be/stations/NMBS/008821196,IC,2018-04-16T07:12:00,2018-04-16T07:12:00,3,3
http://irail.be/vehicle/IC727,http://irail.be/stations/NMBS/008821121,IC,2018-04-16T07:19:00,2018-04-16T07:17:00,109,161
http://irail.be/vehicle/IC727,http://irail.be/stations/NMBS/008821006,IC,2018-04-16T07:23:00,2018-04-16T07:23:00,,74
http://irail.be/vehicle/IC727,http://irail.be/stations/NMBS/008896735,IC,2018-09-24T05:08:00,2018-09-24T05:08:00,99,
http://irail.be/vehicle/IC727,http://irail.be/stations/NMBS/008896503,IC,2018-09-24T05:16:00,2018-09-24T05:15:00,91,98
http://irail.be/vehicle/IC727,http://irail.be/stations/NMBS/008896412,IC,2018-09-24T05:26:00,2018-09-24T05:25:00,79,65
http://irail.be/vehicle/IC727,http://irail.be/stations/NMBS/008896396,IC,2018-09-24T05:30:00,2018-09-24T05:29:00,79,79
http://irail.be/vehicle/IC727,http://irail.be/stations/NMBS/008896305,IC,2018-09-24T05:35:00,2018-09-24T05:34:00,65,79
http://irail.be/vehicle/IC727,http://irail.be/stations/NMBS/008896370,IC,2018-09-24T05:40:00,2018-09-24T05:39:00,65,65
http://irail.be/vehicle/IC727,http://irail.be/stations/NMBS/008896388,IC,2018-09-24T05:45:00,2018-09-24T05:44:00,-18,-18
http://irail.be/vehicle/IC727,http://irail.be/stations/NMBS/008896008,IC,2018-09-24T05:58:00,2018-09-24T05:50:00,43,-69
http://irail.be/vehicle/IC727,http://irail.be/stations/NMBS/008896115,IC,2018-09-24T06:02:00,2018-09-24T06:02:00,186,186
http://irail.be/vehicle/IC727,http://irail.be/stations/NMBS/008896149,IC,2018-09-24T06:08:00,2018-09-24T06:07:00,238,242
http://irail.be/vehicle/IC727,http://irail.be/stations/NMBS/008892106,IC,2018-09-24T06:15:00,2018-09-24T06:15:00,176,176
http://irail.be/vehicle/IC727,NO-URI,IC,2018-09-24T06:15:00,2018-09-24T06:15:00,346,346
http://irail.be/vehicle/IC727,http://irail.be/stations/NMBS/008892080,IC,2018-09-24T06:18:00,2018-09-24T06:18:00,347,347
http://irail.be/vehicle/IC727,http://irail.be/stations/NMBS/008892007,IC,2018-09-24T06:27:00,2018-09-24T06:24:00,204,307
http://irail.be/vehicle/IC727,NO-URI,IC,2018-09-24T06:31:00,2018-09-24T06:31:00,211,211
http://irail.be/vehicle/IC727,http://irail.be/stations/NMBS/008893179,IC,2018-09-24T06:32:00,2018-09-24T06:32:00,3,3
http://irail.be/vehicle/IC727,http://irail.be/stations/NMBS/008893120,IC,2018-09-24T06:36:00,2018-09-24T06:35:00,148,3
http://irail.be/vehicle/IC727,http://irail.be/stations/NMBS/008894151,IC,2018-09-24T06:43:00,2018-09-24T06:43:00,113,113
http://irail.be/vehicle/IC727,http://irail.be/stations/NMBS/008894201,IC,2018-09-24T06:50:00,2018-09-24T06:48:00,21,68
http://irail.be/vehicle/IC727,NO-URI,IC,2018-09-24T06:52:00,2018-09-24T06:52:00,2,2
http://irail.be/vehicle/IC727,http://irail.be/stations/NMBS/008894425,IC,2018-09-24T06:54:00,2018-09-24T06:54:00,4,4
http://irail.be/vehicle/IC727,http://irail.be/stations/NMBS/008894433,IC,2018-09-24T06:55:00,2018-09-24T06:55:00,-7,-7
http://irail.be/vehicle/IC727,http://irail.be/stations/NMBS/008894508,IC,2018-09-24T07:00:00,2018-09-24T06:58:00,-10,-21
http://irail.be/vehicle/IC727,NO-URI,IC,2018-09-24T07:02:00,2018-09-24T07:02:00,-16,-16
http://irail.be/vehicle/IC727,http://irail.be/stations/NMBS/008894714,IC,2018-09-24T07:03:00,2018-09-24T07:03:00,-34,-34
http://irail.be/vehicle/IC727,http://irail.be/stations/NMBS/008894748,IC,2018-09-24T07:06:00,2018-09-24T07:06:00,-68,-68
http://irail.be/vehicle/IC727,http://irail.be/stations/NMBS/008894755,IC,2018-09-24T07:07:00,2018-09-24T07:07:00,-74,-74
http://irail.be/vehicle/IC727,http://irail.be/stations/NMBS/008894821,IC,2018-09-24T07:08:00,2018-09-24T07:08:00,-56,-56
http://irail.be/vehicle/IC727,http://irail.be/stations/NMBS/008821196,IC,2018-09-24T07:12:00,2018-09-24T07:12:00,-86,-86
http://irail.be/vehicle/IC727,http://irail.be/stations/NMBS/008821121,IC,2018-09-24T07:19:00,2018-09-24T07:17:00,36,-44
http://irail.be/vehicle/IC727,http://irail.be/stations/NMBS/008821006,IC,2018-09-24T07:23:00,2018-09-24T07:23:00,,34
http://irail.be/vehicle/IC727,http://irail.be/stations/NMBS/008896735,IC,2018-02-22T05:08:00,2018-02-22T05:08:00,61,
http://irail.be/vehicle/IC727,http://irail.be/stations/NMBS/008896503,IC,2018-02-22T05:16:00,2018-02-22T05:15:00,42,47
http://irail.be/vehicle/IC727,http://irail.be/stations/NMBS/008896412,IC,2018-02-22T05:26:00,2018-02-22T05:25:00,27,44
http://irail.be/vehicle/IC727,http://irail.be/stations/NMBS/008896396,IC,2018-02-22T05:30:00,2018-02-22T05:29:00,27,27
http://irail.be/vehicle/IC727,http://irail.be/stations/NMBS/008896305,IC,2018-02-22T05:35:00,2018-02-22T05:34:00,8,27
http://irail.be/vehicle/IC727,http://irail.be/stations/NMBS/008896370,IC,2018-02-22T05:40:00,2018-02-22T05:40:00,8,8
http://irail.be/vehicle/IC727,http://irail.be/stations/NMBS/008896388,IC,2018-02-22T05:44:00,2018-02-22T05:44:00,2,2
http://irail.be/vehicle/IC727,http://irail.be/stations/NMBS/008896008,IC,2018-02-22T05:57:00,2018-02-22T05:50:00,33,-43
http://irail.be/vehicle/IC727,http://irail.be/stations/NMBS/008896115,IC,2018-02-22T06:01:00,2018-02-22T06:01:00,73,73
http://irail.be/vehicle/IC727,http://irail.be/stations/NMBS/008896149,IC,2018-02-22T06:06:00,2018-02-22T06:05:00,135,154
http://irail.be/vehicle/IC727,http://irail.be/stations/NMBS/008892106,IC,2018-02-22T06:15:00,2018-02-22T06:15:00,150,150
http://irail.be/vehicle/IC727,NO-URI,IC,2018-02-22T06:15:00,2018-02-22T06:15:00,384,384
http://irail.be/vehicle/IC727,http://irail.be/stations/NMBS/008892080,IC,2018-02-22T06:18:00,2018-02-22T06:18:00,405,405
http://irail.be/vehicle/IC727,http://irail.be/stations/NMBS/008892007,IC,2018-02-22T06:27:00,2018-02-22T06:24:00,275,370
http://irail.be/vehicle/IC727,NO-URI,IC,2018-02-22T06:31:00,2018-02-22T06:31:00,482,482
http://irail.be/vehicle/IC727,http://irail.be/stations/NMBS/008893179,IC,2018-02-22T06:32:00,2018-02-22T06:32:00,465,465
http://irail.be/vehicle/IC727,http://irail.be/stations/NMBS/008893120,IC,2018-02-22T06:36:00,2018-02-22T06:35:00,465,465
http://irail.be/vehicle/IC727,http://irail.be/stations/NMBS/008894151,IC,2018-02-22T06:43:00,2018-02-22T06:43:00,628,628
http://irail.be/vehicle/IC727,http://irail.be/stations/NMBS/008894201,IC,2018-02-22T06:50:00,2018-02-22T06:48:00,525,576
http://irail.be/vehicle/IC727,NO-URI,IC,2018-02-22T06:52:00,2018-02-22T06:52:00,511,511
http://irail.be/vehicle/IC727,http://irail.be/stations/NMBS/008894425,IC,2018-02-22T06:54:00,2018-02-22T06:54:00,511,511
http://irail.be/vehicle/IC727,http://irail.be/stations/NMBS/008894433,IC,2018-02-22T06:55:00,2018-02-22T06:55:00,499,499
http://irail.be/vehicle/IC727,http://irail.be/stations/NMBS/008894508,IC,2018-02-22T07:00:00,2018-02-22T06:58:00,457,484
http://irail.be/vehicle/IC727,NO-URI,IC,2018-02-22T07:02:00,2018-02-22T07:02:00,447,447
http://irail.be/vehicle/IC727,http://irail.be/stations/NMBS/008894714,IC,2018-02-22T07:03:00,2018-02-22T07:03:00,429,429
http://irail.be/vehicle/IC727,http://irail.be/stations/NMBS/008894748,IC,2018-02-22T07:06:00,2018-02-22T07:06:00,391,391
http://irail.be/vehicle/IC727,http://irail.be/stations/NMBS/008894755,IC,2018-02-22T07:07:00,2018-02-22T07:07:00,381,381
http://irail.be/vehicle/IC727,http://irail.be/stations/NMBS/008894821,IC,2018-02-22T07:08:00,2018-02-22T07:08:00,398,398
http://irail.be/vehicle/IC727,NO-URI,IC,2018-02-22T07:09:00,2018-02-22T07:09:00,398,398
http://irail.be/vehicle/IC727,http://irail.be/stations/NMBS/008821196,IC,2018-02-22T07:12:00,2018-02-22T07:12:00,363,363
http://irail.be/vehicle/IC727,http://irail.be/stations/NMBS/008821121,IC,2018-02-22T07:19:00,2018-02-22T07:17:00,225,288
http://irail.be/vehicle/IC727,http://irail.be/stations/NMBS/008821006,IC,2018-02-22T07:23:00,2018-02-22T07:23:00,,182
http://irail.be/vehicle/IC727,http://irail.be/stations/NMBS/008896735,IC,2018-09-21T05:08:00,2018-09-21T05:08:00,54,
http://irail.be/vehicle/IC727,http://irail.be/stations/NMBS/008896503,IC,2018-09-21T05:16:00,2018-09-21T05:15:00,59,55
http://irail.be/vehicle/IC727,http://irail.be/stations/NMBS/008896412,IC,2018-09-21T05:26:00,2018-09-21T05:25:00,55,48
http://irail.be/vehicle/IC727,http://irail.be/stations/NMBS/008896396,IC,2018-09-21T05:30:00,2018-09-21T05:29:00,55,55
http://irail.be/vehicle/IC727,http://irail.be/stations/NMBS/008896305,IC,2018-09-21T05:35:00,2018-09-21T05:34:00,36,55
http://irail.be/vehicle/IC727,http://irail.be/stations/NMBS/008896370,IC,2018-09-21T05:40:00,2018-09-21T05:39:00,36,36
http://irail.be/vehicle/IC727,http://irail.be/stations/NMBS/008896388,IC,2018-09-21T05:45:00,2018-09-21T05:44:00,-29,-29
http://irail.be/vehicle/IC727,http://irail.be/stations/NMBS/008896008,IC,2018-09-21T05:58:00,2018-09-21T05:50:00,69,-67
http://irail.be/vehicle/IC727,http://irail.be/stations/NMBS/008896115,IC,2018-09-21T06:02:00,2018-09-21T06:02:00,137,137
http://irail.be/vehicle/IC727,http://irail.be/stations/NMBS/008896149,IC,2018-09-21T06:08:00,2018-09-21T06:07:00,353,242
http://irail.be/vehicle/IC727,http://irail.be/stations/NMBS/008892106,IC,2018-09-21T06:15:00,2018-09-21T06:15:00,306,306
http://irail.be/vehicle/IC727,NO-URI,IC,2018-09-21T06:15:00,2018-09-21T06:15:00,544,544
http://irail.be/vehicle/IC727,http://irail.be/stations/NMBS/008892080,IC,2018-09-21T06:18:00,2018-09-21T06:18:00,566,566
http://irail.be/vehicle/IC727,http://irail.be/stations/NMBS/008892007,IC,2018-09-21T06:27:00,2018-09-21T06:24:00,508,603
http://irail.be/vehicle/IC727,NO-URI,IC,2018-09-21T06:31:00,2018-09-21T06:31:00,656,656
http://irail.be/vehicle/IC727,http://irail.be/stations/NMBS/008893179,IC,2018-09-21T06:32:00,2018-09-21T06:32:00,505,505
http://irail.be/vehicle/IC727,http://irail.be/stations/NMBS/008893120,IC,2018-09-21T06:36:00,2018-09-21T06:35:00,786,505
http://irail.be/vehicle/IC727,http://irail.be/stations/NMBS/008894151,IC,2018-09-21T06:43:00,2018-09-21T06:43:00,786,786
http://irail.be/vehicle/IC727,http://irail.be/stations/NMBS/008894201,IC,2018-09-21T06:50:00,2018-09-21T06:48:00,719,764
http://irail.be/vehicle/IC727,NO-URI,IC,2018-09-21T06:52:00,2018-09-21T06:52:00,723,723
http://irail.be/vehicle/IC727,http://irail.be/stations/NMBS/008894425,IC,2018-09-21T06:54:00,2018-09-21T06:54:00,756,756
http://irail.be/vehicle/IC727,http://irail.be/stations/NMBS/008894433,IC,2018-09-21T06:55:00,2018-09-21T06:55:00,747,747
http://irail.be/vehicle/IC727,http://irail.be/stations/NMBS/008894508,IC,2018-09-21T07:00:00,2018-09-21T06:58:00,707,735
http://irail.be/vehicle/IC727,NO-URI,IC,2018-09-21T07:02:00,2018-09-21T07:02:00,720,720
http://irail.be/vehicle/IC727,http://irail.be/stations/NMBS/008894714,IC,2018-09-21T07:03:00,2018-09-21T07:03:00,708,708
http://irail.be/vehicle/IC727,http://irail.be/stations/NMBS/008894748,IC,2018-09-21T07:06:00,2018-09-21T07:06:00,691,691
http://irail.be/vehicle/IC727,http://irail.be/stations/NMBS/008894755,IC,2018-09-21T07:07:00,2018-09-21T07:07:00,698,698
http://irail.be/vehicle/IC727,http://irail.be/stations/NMBS/008894821,IC,2018-09-21T07:08:00,2018-09-21T07:08:00,727,727
http://irail.be/vehicle/IC727,http://irail.be/stations/NMBS/008821196,IC,2018-09-21T07:12:00,2018-09-21T07:12:00,688,688
http://irail.be/vehicle/IC727,http://irail.be/stations/NMBS/008821121,IC,2018-09-21T07:19:00,2018-09-21T07:17:00,598,651
http://irail.be/vehicle/IC727,http://irail.be/stations/NMBS/008821006,IC,2018-09-21T07:23:00,2018-09-21T07:23:00,,602
http://irail.be/vehicle/IC727,http://irail.be/stations/NMBS/008896735,IC,2018-12-09T05:08:00,2018-12-09T05:08:00,69,
http://irail.be/vehicle/IC727,http://irail.be/stations/NMBS/008896503,IC,2018-12-09T05:16:00,2018-12-09T05:15:00,27,32
http://irail.be/vehicle/IC727,http://irail.be/stations/NMBS/008896412,IC,2018-12-09T05:26:00,2018-12-09T05:25:00,-3,-6
http://irail.be/vehicle/IC727,http://irail.be/stations/NMBS/008896396,IC,2018-12-09T05:30:00,2018-12-09T05:29:00,-3,-3
http://irail.be/vehicle/IC727,http://irail.be/stations/NMBS/008896305,IC,2018-12-09T05:35:00,2018-12-09T05:34:00,-16,-3
http://irail.be/vehicle/IC727,http://irail.be/stations/NMBS/008896370,IC,2018-12-09T05:40:00,2018-12-09T05:39:00,-4,-16
http://irail.be/vehicle/IC727,http://irail.be/stations/NMBS/008896388,IC,2018-12-09T05:45:00,2018-12-09T05:44:00,-4,-4
http://irail.be/vehicle/IC727,http://irail.be/stations/NMBS/008896008,IC,2018-12-09T05:56:00,2018-12-09T05:50:00,179,-27
http://irail.be/vehicle/IC727,http://irail.be/stations/NMBS/008896115,IC,2018-12-09T06:01:00,2018-12-09T06:01:00,225,225
http://irail.be/vehicle/IC727,http://irail.be/stations/NMBS/008896149,IC,2018-12-09T06:07:00,2018-12-09T06:06:00,247,254
http://irail.be/vehicle/IC727,http://irail.be/stations/NMBS/008892106,IC,2018-12-09T06:15:00,2018-12-09T06:15:00,198,198
http://irail.be/vehicle/IC727,NO-URI,IC,2018-12-09T06:16:00,2018-12-09T06:16:00,245,245
http://irail.be/vehicle/IC727,http://irail.be/stations/NMBS/008892080,IC,2018-12-09T06:19:00,2018-12-09T06:19:00,197,197
http://irail.be/vehicle/IC727,http://irail.be/stations/NMBS/008892007,IC,2018-12-09T06:27:00,2018-12-09T06:25:00,88,174
http://irail.be/vehicle/IC727,NO-URI,IC,2018-12-09T06:32:00,2018-12-09T06:32:00,29,29
http://irail.be/vehicle/IC727,http://irail.be/stations/NMBS/008893179,IC,2018-12-09T06:33:00,2018-12-09T06:33:00,64,64
http://irail.be/vehicle/IC727,http://irail.be/stations/NMBS/008893120,IC,2018-12-09T06:36:00,2018-12-09T06:35:00,48,-35
http://irail.be/vehicle/IC727,http://irail.be/stations/NMBS/008894151,IC,2018-12-09T06:44:00,2018-12-09T06:44:00,29,29
http://irail.be/vehicle/IC727,http://irail.be/stations/NMBS/008894201,IC,2018-12-09T06:50:00,2018-12-09T06:48:00,27,38
http://irail.be/vehicle/IC727,NO-URI,IC,2018-12-09T06:52:00,2018-12-09T06:52:00,20,20
http://irail.be/vehicle/IC727,http://irail.be/stations/NMBS/008894425,IC,2018-12-09T06:54:00,2018-12-09T06:54:00,33,33
http://irail.be/vehicle/IC727,http://irail.be/stations/NMBS/008894433,IC,2018-12-09T06:55:00,2018-12-09T06:55:00,32,32
http://irail.be/vehicle/IC727,http://irail.be/stations/NMBS/008894508,IC,2018-12-09T07:00:00,2018-12-09T06:58:00,12,24
http://irail.be/vehicle/IC727,NO-URI,IC,2018-12-09T07:02:00,2018-12-09T07:02:00,9,9
http://irail.be/vehicle/IC727,http://irail.be/stations/NMBS/008894714,IC,2018-12-09T07:03:00,2018-12-09T07:03:00,-3,-3
http://irail.be/vehicle/IC727,http://irail.be/stations/NMBS/008894748,IC,2018-12-09T07:06:00,2018-12-09T07:06:00,-33,-33
http://irail.be/vehicle/IC727,http://irail.be/stations/NMBS/008894755,IC,2018-12-09T07:07:00,2018-12-09T07:07:00,-36,-36
http://irail.be/vehicle/IC727,http://irail.be/stations/NMBS/008894821,IC,2018-12-09T07:08:00,2018-12-09T07:08:00,-8,-8
http://irail.be/vehicle/IC727,http://irail.be/stations/NMBS/008821196,IC,2018-12-09T07:12:00,2018-12-09T07:12:00,42,42
http://irail.be/vehicle/IC727,http://irail.be/stations/NMBS/008821121,IC,2018-12-09T07:19:00,2018-12-09T07:17:00,43,8
http://irail.be/vehicle/IC727,http://irail.be/stations/NMBS/008821006,IC,2018-12-09T07:23:00,2018-12-09T07:23:00,,26
http://irail.be/vehicle/IC727,http://irail.be/stations/NMBS/008896735,IC,2018-10-14T05:08:00,2018-10-14T05:08:00,48,
http://irail.be/vehicle/IC727,http://irail.be/stations/NMBS/008896503,IC,2018-10-14T05:16:00,2018-10-14T05:15:00,-4,14
http://irail.be/vehicle/IC727,http://irail.be/stations/NMBS/008896412,IC,2018-10-14T05:26:00,2018-10-14T05:25:00,-6,-34
http://irail.be/vehicle/IC727,http://irail.be/stations/NMBS/008896396,IC,2018-10-14T05:30:00,2018-10-14T05:29:00,-6,-6
http://irail.be/vehicle/IC727,http://irail.be/stations/NMBS/008896305,IC,2018-10-14T05:35:00,2018-10-14T05:34:00,-17,-6
http://irail.be/vehicle/IC727,http://irail.be/stations/NMBS/008896370,IC,2018-10-14T05:40:00,2018-10-14T05:39:00,-77,-17
http://irail.be/vehicle/IC727,http://irail.be/stations/NMBS/008896388,IC,2018-10-14T05:45:00,2018-10-14T05:44:00,-77,-77
http://irail.be/vehicle/IC727,http://irail.be/stations/NMBS/008896008,IC,2018-10-14T05:58:00,2018-10-14T05:50:00,51,-133
http://irail.be/vehicle/IC727,http://irail.be/stations/NMBS/008896115,IC,2018-10-14T06:02:00,2018-10-14T06:02:00,22,22
http://irail.be/vehicle/IC727,http://irail.be/stations/NMBS/008896149,IC,2018-10-14T06:08:00,2018-10-14T06:07:00,-3,-22
http://irail.be/vehicle/IC727,http://irail.be/stations/NMBS/008892106,IC,2018-10-14T06:15:00,2018-10-14T06:15:00,-68,-68
http://irail.be/vehicle/IC727,NO-URI,IC,2018-10-14T06:15:00,2018-10-14T06:15:00,-37,-37
http://irail.be/vehicle/IC727,http://irail.be/stations/NMBS/008892080,IC,2018-10-14T06:18:00,2018-10-14T06:18:00,-68,-68
http://irail.be/vehicle/IC727,http://irail.be/stations/NMBS/008892007,IC,2018-10-14T06:27:00,2018-10-14T06:24:00,6,-110
http://irail.be/vehicle/IC727,NO-URI,IC,2018-10-14T06:31:00,2018-10-14T06:31:00,32,32
http://irail.be/vehicle/IC727,http://irail.be/stations/NMBS/008893179,IC,2018-10-14T06:32:00,2018-10-14T06:32:00,-95,-95
http://irail.be/vehicle/IC727,http://irail.be/stations/NMBS/008893120,IC,2018-10-14T06:36:00,2018-10-14T06:35:00,45,-95
http://irail.be/vehicle/IC727,http://irail.be/stations/NMBS/008894151,IC,2018-10-14T06:43:00,2018-10-14T06:43:00,74,74
http://irail.be/vehicle/IC727,http://irail.be/stations/NMBS/008894201,IC,2018-10-14T06:50:00,2018-10-14T06:48:00,62,36
http://irail.be/vehicle/IC727,NO-URI,IC,2018-10-14T06:52:00,2018-10-14T06:52:00,57,57
http://irail.be/vehicle/IC727,http://irail.be/stations/NMBS/008894425,IC,2018-10-14T06:54:00,2018-10-14T06:54:00,66,66
http://irail.be/vehicle/IC727,http://irail.be/stations/NMBS/008894433,IC,2018-10-14T06:55:00,2018-10-14T06:55:00,57,57
http://irail.be/vehicle/IC727,http://irail.be/stations/NMBS/008894508,IC,2018-10-14T07:03:00,2018-10-14T06:58:00,46,46
http://irail.be/vehicle/IC727,http://irail.be/stations/NMBS/008894672,IC,2018-10-14T07:11:00,2018-10-14T07:10:00,75,79
http://irail.be/vehicle/IC727,http://irail.be/stations/NMBS/008822772,IC,2018-10-14T07:15:00,2018-10-14T07:15:00,75,75
http://irail.be/vehicle/IC727,http://irail.be/stations/NMBS/008822715,IC,2018-10-14T07:19:00,2018-10-14T07:19:00,-34,-34
http://irail.be/vehicle/IC727,http://irail.be/stations/NMBS/008822848,IC,2018-10-14T07:22:00,2018-10-14T07:22:00,-37,-37
http://irail.be/vehicle/IC727,http://irail.be/stations/NMBS/008822814,IC,2018-10-14T07:25:00,2018-10-14T07:25:00,-48,-48
http://irail.be/vehicle/IC727,http://irail.be/stations/NMBS/008824240,IC,2018-10-14T07:28:00,2018-10-14T07:28:00,-33,-33
http://irail.be/vehicle/IC727,http://irail.be/stations/NMBS/008824232,IC,2018-10-14T07:30:00,2018-10-14T07:30:00,-2,-2
http://irail.be/vehicle/IC727,http://irail.be/stations/NMBS/008824224,IC,2018-10-14T07:31:00,2018-10-14T07:31:00,-2,-2
http://irail.be/vehicle/IC727,http://irail.be/stations/NMBS/008824158,IC,2018-10-14T07:36:00,2018-10-14T07:36:00,-12,-12
http://irail.be/vehicle/IC727,http://irail.be/stations/NMBS/008821196,IC,2018-10-14T07:42:00,2018-10-14T07:40:00,41,41
http://irail.be/vehicle/IC727,http://irail.be/stations/NMBS/008821121,IC,2018-10-14T07:50:00,2018-10-14T07:48:00,101,-49
http://irail.be/vehicle/IC727,http://irail.be/stations/NMBS/008821006,IC,2018-10-14T07:54:00,2018-10-14T07:54:00,,125
http://irail.be/vehicle/IC727,http://irail.be/stations/NMBS/008896735,IC,2018-12-10T05:08:00,2018-12-10T05:08:00,42,
http://irail.be/vehicle/IC727,http://irail.be/stations/NMBS/008896503,IC,2018-12-10T05:16:00,2018-12-10T05:15:00,66,37
http://irail.be/vehicle/IC727,http://irail.be/stations/NMBS/008896412,IC,2018-12-10T05:26:00,2018-12-10T05:25:00,215,69
http://irail.be/vehicle/IC727,http://irail.be/stations/NMBS/008896396,IC,2018-12-10T05:30:00,2018-12-10T05:29:00,215,215
http://irail.be/vehicle/IC727,http://irail.be/stations/NMBS/008896305,IC,2018-12-10T05:35:00,2018-12-10T05:34:00,223,215
http://irail.be/vehicle/IC727,http://irail.be/stations/NMBS/008896370,IC,2018-12-10T05:40:00,2018-12-10T05:39:00,221,223
http://irail.be/vehicle/IC727,http://irail.be/stations/NMBS/008896388,IC,2018-12-10T05:45:00,2018-12-10T05:44:00,221,221
http://irail.be/vehicle/IC727,http://irail.be/stations/NMBS/008896008,IC,2018-12-10T05:58:00,2018-12-10T05:50:00,69,175
http://irail.be/vehicle/IC727,http://irail.be/stations/NMBS/008896115,IC,2018-12-10T06:02:00,2018-12-10T06:02:00,88,88
http://irail.be/vehicle/IC727,http://irail.be/stations/NMBS/008896149,IC,2018-12-10T06:08:00,2018-12-10T06:07:00,33,55
http://irail.be/vehicle/IC727,http://irail.be/stations/NMBS/008892106,IC,2018-12-10T06:15:00,2018-12-10T06:15:00,-21,-21
http://irail.be/vehicle/IC727,NO-URI,IC,2018-12-10T06:15:00,2018-12-10T06:15:00,132,132
http://irail.be/vehicle/IC727,http://irail.be/stations/NMBS/008892080,IC,2018-12-10T06:18:00,2018-12-10T06:18:00,143,143
http://irail.be/vehicle/IC727,http://irail.be/stations/NMBS/008892007,IC,2018-12-10T06:27:00,2018-12-10T06:24:00,17,113
http://irail.be/vehicle/IC727,NO-URI,IC,2018-12-10T06:32:00,2018-12-10T06:32:00,-5,-5
http://irail.be/vehicle/IC727,http://irail.be/stations/NMBS/008893179,IC,2018-12-10T06:33:00,2018-12-10T06:33:00,32,32
http://irail.be/vehicle/IC727,http://irail.be/stations/NMBS/008893120,IC,2018-12-10T06:36:00,2018-12-10T06:35:00,66,-63
http://irail.be/vehicle/IC727,http://irail.be/stations/NMBS/008894151,IC,2018-12-10T06:44:00,2018-12-10T06:44:00,-21,-21
http://irail.be/vehicle/IC727,http://irail.be/stations/NMBS/008894201,IC,2018-12-10T06:50:00,2018-12-10T06:48:00,12,-28
http://irail.be/vehicle/IC727,NO-URI,IC,2018-12-10T06:52:00,2018-12-10T06:52:00,8,8
http://irail.be/vehicle/IC727,http://irail.be/stations/NMBS/008894425,IC,2018-12-10T06:54:00,2018-12-10T06:54:00,20,20
http://irail.be/vehicle/IC727,http://irail.be/stations/NMBS/008894433,IC,2018-12-10T06:55:00,2018-12-10T06:55:00,8,8
http://irail.be/vehicle/IC727,http://irail.be/stations/NMBS/008894508,IC,2018-12-10T07:00:00,2018-12-10T06:58:00,0,-4
http://irail.be/vehicle/IC727,NO-URI,IC,2018-12-10T07:02:00,2018-12-10T07:02:00,14,14
http://irail.be/vehicle/IC727,http://irail.be/stations/NMBS/008894714,IC,2018-12-10T07:03:00,2018-12-10T07:03:00,-1,-1
http://irail.be/vehicle/IC727,http://irail.be/stations/NMBS/008894748,IC,2018-12-10T07:06:00,2018-12-10T07:06:00,-32,-32
http://irail.be/vehicle/IC727,http://irail.be/stations/NMBS/008894755,IC,2018-12-10T07:07:00,2018-12-10T07:07:00,-38,-38
http://irail.be/vehicle/IC727,http://irail.be/stations/NMBS/008894821,IC,2018-12-10T07:08:00,2018-12-10T07:08:00,-12,-12
http://irail.be/vehicle/IC727,http://irail.be/stations/NMBS/008821196,IC,2018-12-10T07:12:00,2018-12-10T07:12:00,-38,-38
http://irail.be/vehicle/IC727,http://irail.be/stations/NMBS/008821121,IC,2018-12-10T07:19:00,2018-12-10T07:17:00,24,55
http://irail.be/vehicle/IC727,http://irail.be/stations/NMBS/008821006,IC,2018-12-10T07:23:00,2018-12-10T07:23:00,,-3
http://irail.be/vehicle/IC727,http://irail.be/stations/NMBS/008896735,IC,2018-09-23T05:08:00,2018-09-23T05:08:00,66,
http://irail.be/vehicle/IC727,http://irail.be/stations/NMBS/008896503,IC,2018-09-23T05:16:00,2018-09-23T05:15:00,59,32
http://irail.be/vehicle/IC727,http://irail.be/stations/NMBS/008896412,IC,2018-09-23T05:26:00,2018-09-23T05:25:00,33,36
http://irail.be/vehicle/IC727,http://irail.be/stations/NMBS/008896396,IC,2018-09-23T05:30:00,2018-09-23T05:29:00,33,33
http://irail.be/vehicle/IC727,http://irail.be/stations/NMBS/008896305,IC,2018-09-23T05:35:00,2018-09-23T05:34:00,405,33
http://irail.be/vehicle/IC727,http://irail.be/stations/NMBS/008896370,IC,2018-09-23T05:40:00,2018-09-23T05:39:00,366,405
http://irail.be/vehicle/IC727,http://irail.be/stations/NMBS/008896388,IC,2018-09-23T05:45:00,2018-09-23T05:44:00,366,366
http://irail.be/vehicle/IC727,http://irail.be/stations/NMBS/008896008,IC,2018-09-23T05:58:00,2018-09-23T05:50:00,150,327
http://irail.be/vehicle/IC727,http://irail.be/stations/NMBS/008896115,IC,2018-09-23T06:02:00,2018-09-23T06:02:00,141,141
http://irail.be/vehicle/IC727,http://irail.be/stations/NMBS/008896149,IC,2018-09-23T06:08:00,2018-09-23T06:07:00,88,98
http://irail.be/vehicle/IC727,http://irail.be/stations/NMBS/008892106,IC,2018-09-23T06:15:00,2018-09-23T06:15:00,25,25
http://irail.be/vehicle/IC727,NO-URI,IC,2018-09-23T06:15:00,2018-09-23T06:15:00,58,58
http://irail.be/vehicle/IC727,http://irail.be/stations/NMBS/008892080,IC,2018-09-23T06:18:00,2018-09-23T06:18:00,31,31
http://irail.be/vehicle/IC727,http://irail.be/stations/NMBS/008892007,IC,2018-09-23T06:27:00,2018-09-23T06:24:00,3,0
http://irail.be/vehicle/IC727,NO-URI,IC,2018-09-23T06:31:00,2018-09-23T06:31:00,8,8
http://irail.be/vehicle/IC727,http://irail.be/stations/NMBS/008893179,IC,2018-09-23T06:32:00,2018-09-23T06:32:00,-197,-197
http://irail.be/vehicle/IC727,http://irail.be/stations/NMBS/008893120,IC,2018-09-23T06:36:00,2018-09-23T06:35:00,34,-197
http://irail.be/vehicle/IC727,http://irail.be/stations/NMBS/008894151,IC,2018-09-23T06:43:00,2018-09-23T06:43:00,35,35
http://irail.be/vehicle/IC727,http://irail.be/stations/NMBS/008894201,IC,2018-09-23T06:50:00,2018-09-23T06:48:00,102,-11
http://irail.be/vehicle/IC727,NO-URI,IC,2018-09-23T06:52:00,2018-09-23T06:52:00,96,96
http://irail.be/vehicle/IC727,http://irail.be/stations/NMBS/008894425,IC,2018-09-23T06:54:00,2018-09-23T06:54:00,106,106
http://irail.be/vehicle/IC727,http://irail.be/stations/NMBS/008894433,IC,2018-09-23T06:55:00,2018-09-23T06:55:00,94,94
http://irail.be/vehicle/IC727,http://irail.be/stations/NMBS/008894508,IC,2018-09-23T07:00:00,2018-09-23T06:58:00,41,81
http://irail.be/vehicle/IC727,NO-URI,IC,2018-09-23T07:02:00,2018-09-23T07:02:00,33,33
http://irail.be/vehicle/IC727,http://irail.be/stations/NMBS/008894714,IC,2018-09-23T07:03:00,2018-09-23T07:03:00,15,15
http://irail.be/vehicle/IC727,http://irail.be/stations/NMBS/008894748,IC,2018-09-23T07:06:00,2018-09-23T07:06:00,-19,-19
http://irail.be/vehicle/IC727,http://irail.be/stations/NMBS/008894755,IC,2018-09-23T07:07:00,2018-09-23T07:07:00,-26,-26
http://irail.be/vehicle/IC727,http://irail.be/stations/NMBS/008894821,IC,2018-09-23T07:08:00,2018-09-23T07:08:00,-1,-1
http://irail.be/vehicle/IC727,http://irail.be/stations/NMBS/008821196,IC,2018-09-23T07:12:00,2018-09-23T07:12:00,76,76
http://irail.be/vehicle/IC727,http://irail.be/stations/NMBS/008821121,IC,2018-09-23T07:19:00,2018-09-23T07:17:00,14,19
http://irail.be/vehicle/IC727,http://irail.be/stations/NMBS/008821006,IC,2018-09-23T07:23:00,2018-09-23T07:23:00,,-14
http://irail.be/vehicle/IC727,http://irail.be/stations/NMBS/008896735,IC,2018-12-21T05:08:00,2018-12-21T05:08:00,91,
http://irail.be/vehicle/IC727,http://irail.be/stations/NMBS/008896503,IC,2018-12-21T05:16:00,2018-12-21T05:15:00,134,109
http://irail.be/vehicle/IC727,http://irail.be/stations/NMBS/008896412,IC,2018-12-21T05:26:00,2018-12-21T05:25:00,133,132
http://irail.be/vehicle/IC727,http://irail.be/stations/NMBS/008896396,IC,2018-12-21T05:30:00,2018-12-21T05:29:00,133,133
http://irail.be/vehicle/IC727,http://irail.be/stations/NMBS/008896305,IC,2018-12-21T05:35:00,2018-12-21T05:34:00,147,133
http://irail.be/vehicle/IC727,http://irail.be/stations/NMBS/008896370,IC,2018-12-21T05:40:00,2018-12-21T05:39:00,138,147
http://irail.be/vehicle/IC727,http://irail.be/stations/NMBS/008896388,IC,2018-12-21T05:45:00,2018-12-21T05:44:00,138,138
http://irail.be/vehicle/IC727,http://irail.be/stations/NMBS/008896008,IC,2018-12-21T05:58:00,2018-12-21T05:50:00,70,142
http://irail.be/vehicle/IC727,http://irail.be/stations/NMBS/008896115,IC,2018-12-21T06:02:00,2018-12-21T06:02:00,63,63
http://irail.be/vehicle/IC727,http://irail.be/stations/NMBS/008896149,IC,2018-12-21T06:08:00,2018-12-21T06:07:00,31,30
http://irail.be/vehicle/IC727,http://irail.be/stations/NMBS/008892106,IC,2018-12-21T06:15:00,2018-12-21T06:15:00,-26,-26
http://irail.be/vehicle/IC727,NO-URI,IC,2018-12-21T06:15:00,2018-12-21T06:15:00,7,7
http://irail.be/vehicle/IC727,http://irail.be/stations/NMBS/008892080,IC,2018-12-21T06:18:00,2018-12-21T06:18:00,-14,-14
http://irail.be/vehicle/IC727,http://irail.be/stations/NMBS/008892007,IC,2018-12-21T06:27:00,2018-12-21T06:24:00,21,-32
http://irail.be/vehicle/IC727,NO-URI,IC,2018-12-21T06:32:00,2018-12-21T06:32:00,-12,-12
http://irail.be/vehicle/IC727,http://irail.be/stations/NMBS/008893179,IC,2018-12-21T06:33:00,2018-12-21T06:33:00,22,22
http://irail.be/vehicle/IC727,http://irail.be/stations/NMBS/008893120,IC,2018-12-21T06:36:00,2018-12-21T06:35:00,30,-72
http://irail.be/vehicle/IC727,http://irail.be/stations/NMBS/008894151,IC,2018-12-21T06:44:00,2018-12-21T06:44:00,-48,-48
http://irail.be/vehicle/IC727,http://irail.be/stations/NMBS/008894201,IC,2018-12-21T06:50:00,2018-12-21T06:48:00,18,-41
http://irail.be/vehicle/IC727,NO-URI,IC,2018-12-21T06:52:00,2018-12-21T06:52:00,4,4
http://irail.be/vehicle/IC727,http://irail.be/stations/NMBS/008894425,IC,2018-12-21T06:54:00,2018-12-21T06:54:00,10,10
http://irail.be/vehicle/IC727,http://irail.be/stations/NMBS/008894433,IC,2018-12-21T06:55:00,2018-12-21T06:55:00,6,6
http://irail.be/vehicle/IC727,http://irail.be/stations/NMBS/008894508,IC,2018-12-21T07:00:00,2018-12-21T06:58:00,2,21
http://irail.be/vehicle/IC727,NO-URI,IC,2018-12-21T07:02:00,2018-12-21T07:02:00,4,4
http://irail.be/vehicle/IC727,http://irail.be/stations/NMBS/008894714,IC,2018-12-21T07:03:00,2018-12-21T07:03:00,-12,-12
http://irail.be/vehicle/IC727,http://irail.be/stations/NMBS/008894748,IC,2018-12-21T07:06:00,2018-12-21T07:06:00,-43,-43
http://irail.be/vehicle/IC727,http://irail.be/stations/NMBS/008894755,IC,2018-12-21T07:07:00,2018-12-21T07:07:00,-36,-36
http://irail.be/vehicle/IC727,http://irail.be/stations/NMBS/008894821,IC,2018-12-21T07:08:00,2018-12-21T07:08:00,5,5
http://irail.be/vehicle/IC727,http://irail.be/stations/NMBS/008821196,IC,2018-12-21T07:12:00,2018-12-21T07:12:00,-11,-11
http://irail.be/vehicle/IC727,http://irail.be/stations/NMBS/008821121,IC,2018-12-21T07:19:00,2018-12-21T07:17:00,13,-9
http://irail.be/vehicle/IC727,http://irail.be/stations/NMBS/008821006,IC,2018-12-21T07:23:00,2018-12-21T07:23:00,,-25
http://irail.be/vehicle/IC727,http://irail.be/stations/NMBS/008896735,IC,2018-04-15T05:08:00,2018-04-15T05:08:00,71,
http://irail.be/vehicle/IC727,http://irail.be/stations/NMBS/008896503,IC,2018-04-15T05:16:00,2018-04-15T05:15:00,14,35
http://irail.be/vehicle/IC727,http://irail.be/stations/NMBS/008896412,IC,2018-04-15T05:26:00,2018-04-15T05:25:00,-7,-19
http://irail.be/vehicle/IC727,http://irail.be/stations/NMBS/008896396,IC,2018-04-15T05:30:00,2018-04-15T05:29:00,-7,-7
http://irail.be/vehicle/IC727,http://irail.be/stations/NMBS/008896305,IC,2018-04-15T05:35:00,2018-04-15T05:34:00,-9,-7
http://irail.be/vehicle/IC727,http://irail.be/stations/NMBS/008896370,IC,2018-04-15T05:40:00,2018-04-15T05:40:00,-9,-9
http://irail.be/vehicle/IC727,http://irail.be/stations/NMBS/008896388,IC,2018-04-15T05:44:00,2018-04-15T05:44:00,-36,-36
http://irail.be/vehicle/IC727,http://irail.be/stations/NMBS/008896008,IC,2018-04-15T05:57:00,2018-04-15T05:50:00,40,-143
http://irail.be/vehicle/IC727,http://irail.be/stations/NMBS/008896115,IC,2018-04-15T06:01:00,2018-04-15T06:01:00,24,24
http://irail.be/vehicle/IC727,http://irail.be/stations/NMBS/008896149,IC,2018-04-15T06:06:00,2018-04-15T06:05:00,33,30
http://irail.be/vehicle/IC727,http://irail.be/stations/NMBS/008892106,IC,2018-04-15T06:15:00,2018-04-15T06:15:00,-18,-18
http://irail.be/vehicle/IC727,NO-URI,IC,2018-04-15T06:15:00,2018-04-15T06:15:00,75,75
http://irail.be/vehicle/IC727,http://irail.be/stations/NMBS/008892080,IC,2018-04-15T06:18:00,2018-04-15T06:18:00,72,72
http://irail.be/vehicle/IC727,http://irail.be/stations/NMBS/008892007,IC,2018-04-15T06:27:00,2018-04-15T06:24:00,20,87
http://irail.be/vehicle/IC727,NO-URI,IC,2018-04-15T06:31:00,2018-04-15T06:31:00,103,103
http://irail.be/vehicle/IC727,http://irail.be/stations/NMBS/008893179,IC,2018-04-15T06:32:00,2018-04-15T06:32:00,-97,-97
http://irail.be/vehicle/IC727,http://irail.be/stations/NMBS/008893120,IC,2018-04-15T06:36:00,2018-04-15T06:35:00,61,-97
http://irail.be/vehicle/IC727,http://irail.be/stations/NMBS/008894151,IC,2018-04-15T06:43:00,2018-04-15T06:43:00,24,24
http://irail.be/vehicle/IC727,http://irail.be/stations/NMBS/008894201,IC,2018-04-15T06:50:00,2018-04-15T06:48:00,13,-15
http://irail.be/vehicle/IC727,NO-URI,IC,2018-04-15T06:52:00,2018-04-15T06:52:00,6,6
http://irail.be/vehicle/IC727,http://irail.be/stations/NMBS/008894425,IC,2018-04-15T06:54:00,2018-04-15T06:54:00,13,13
http://irail.be/vehicle/IC727,http://irail.be/stations/NMBS/008894433,IC,2018-04-15T06:55:00,2018-04-15T06:55:00,1,1
http://irail.be/vehicle/IC727,http://irail.be/stations/NMBS/008894508,IC,2018-04-15T07:03:00,2018-04-15T06:58:00,-2,27
http://irail.be/vehicle/IC727,http://irail.be/stations/NMBS/008894672,IC,2018-04-15T07:11:00,2018-04-15T07:10:00,32,-20
http://irail.be/vehicle/IC727,http://irail.be/stations/NMBS/008822772,IC,2018-04-15T07:15:00,2018-04-15T07:15:00,32,32
http://irail.be/vehicle/IC727,http://irail.be/stations/NMBS/008822715,IC,2018-04-15T07:19:00,2018-04-15T07:19:00,-79,-79
http://irail.be/vehicle/IC727,http://irail.be/stations/NMBS/008822848,IC,2018-04-15T07:22:00,2018-04-15T07:22:00,-100,-100
http://irail.be/vehicle/IC727,http://irail.be/stations/NMBS/008822814,IC,2018-04-15T07:25:00,2018-04-15T07:25:00,-107,-107
http://irail.be/vehicle/IC727,http://irail.be/stations/NMBS/008824240,IC,2018-04-15T07:28:00,2018-04-15T07:28:00,-107,-107
http://irail.be/vehicle/IC727,http://irail.be/stations/NMBS/008824232,IC,2018-04-15T07:30:00,2018-04-15T07:30:00,4,4
http://irail.be/vehicle/IC727,http://irail.be/stations/NMBS/008824224,IC,2018-04-15T07:31:00,2018-04-15T07:31:00,4,4
http://irail.be/vehicle/IC727,http://irail.be/stations/NMBS/008824158,IC,2018-04-15T07:36:00,2018-04-15T07:36:00,4,4
http://irail.be/vehicle/IC727,http://irail.be/stations/NMBS/008821196,IC,2018-04-15T07:42:00,2018-04-15T07:40:00,96,96
http://irail.be/vehicle/IC727,http://irail.be/stations/NMBS/008821121,IC,2018-04-15T07:50:00,2018-04-15T07:48:00,57,-78
http://irail.be/vehicle/IC727,http://irail.be/stations/NMBS/008821006,IC,2018-04-15T07:54:00,2018-04-15T07:54:00,,84
http://irail.be/vehicle/IC727,http://irail.be/stations/NMBS/008896735,IC,2018-11-19T05:08:00,2018-11-19T05:08:00,36,
http://irail.be/vehicle/IC727,http://irail.be/stations/NMBS/008896503,IC,2018-11-19T05:16:00,2018-11-19T05:15:00,57,39
http://irail.be/vehicle/IC727,http://irail.be/stations/NMBS/008896412,IC,2018-11-19T05:26:00,2018-11-19T05:25:00,102,29
http://irail.be/vehicle/IC727,http://irail.be/stations/NMBS/008896396,IC,2018-11-19T05:30:00,2018-11-19T05:29:00,102,102
http://irail.be/vehicle/IC727,http://irail.be/stations/NMBS/008896305,IC,2018-11-19T05:35:00,2018-11-19T05:34:00,126,102
http://irail.be/vehicle/IC727,http://irail.be/stations/NMBS/008896370,IC,2018-11-19T05:40:00,2018-11-19T05:39:00,127,126
http://irail.be/vehicle/IC727,http://irail.be/stations/NMBS/008896388,IC,2018-11-19T05:45:00,2018-11-19T05:44:00,127,127
http://irail.be/vehicle/IC727,http://irail.be/stations/NMBS/008896008,IC,2018-11-19T05:58:00,2018-11-19T05:50:00,23,82
http://irail.be/vehicle/IC727,http://irail.be/stations/NMBS/008896115,IC,2018-11-19T06:02:00,2018-11-19T06:02:00,65,65
http://irail.be/vehicle/IC727,http://irail.be/stations/NMBS/008896149,IC,2018-11-19T06:08:00,2018-11-19T06:07:00,23,27
http://irail.be/vehicle/IC727,http://irail.be/stations/NMBS/008892106,IC,2018-11-19T06:15:00,2018-11-19T06:15:00,-28,-28
http://irail.be/vehicle/IC727,NO-URI,IC,2018-11-19T06:15:00,2018-11-19T06:15:00,64,64
http://irail.be/vehicle/IC727,http://irail.be/stations/NMBS/008892080,IC,2018-11-19T06:18:00,2018-11-19T06:18:00,57,57
http://irail.be/vehicle/IC727,http://irail.be/stations/NMBS/008892007,IC,2018-11-19T06:27:00,2018-11-19T06:24:00,61,32
http://irail.be/vehicle/IC727,NO-URI,IC,2018-11-19T06:31:00,2018-11-19T06:31:00,92,92
http://irail.be/vehicle/IC727,http://irail.be/stations/NMBS/008893179,IC,2018-11-19T06:32:00,2018-11-19T06:32:00,69,69
http://irail.be/vehicle/IC727,http://irail.be/stations/NMBS/008893120,IC,2018-11-19T06:36:00,2018-11-19T06:35:00,92,-38
http://irail.be/vehicle/IC727,http://irail.be/stations/NMBS/008894151,IC,2018-11-19T06:43:00,2018-11-19T06:43:00,52,52
http://irail.be/vehicle/IC727,http://irail.be/stations/NMBS/008894201,IC,2018-11-19T06:50:00,2018-11-19T06:48:00,13,7
http://irail.be/vehicle/IC727,NO-URI,IC,2018-11-19T06:52:00,2018-11-19T06:52:00,8,8
http://irail.be/vehicle/IC727,http://irail.be/stations/NMBS/008894425,IC,2018-11-19T06:54:00,2018-11-19T06:54:00,16,16
http://irail.be/vehicle/IC727,http://irail.be/stations/NMBS/008894433,IC,2018-11-19T06:55:00,2018-11-19T06:55:00,4,4
http://irail.be/vehicle/IC727,http://irail.be/stations/NMBS/008894508,IC,2018-11-19T07:00:00,2018-11-19T06:58:00,-12,-6
http://irail.be/vehicle/IC727,NO-URI,IC,2018-11-19T07:02:00,2018-11-19T07:02:00,-15,-15
http://irail.be/vehicle/IC727,http://irail.be/stations/NMBS/008894714,IC,2018-11-19T07:03:00,2018-11-19T07:03:00,-32,-32
http://irail.be/vehicle/IC727,http://irail.be/stations/NMBS/008894748,IC,2018-11-19T07:06:00,2018-11-19T07:06:00,-65,-65
http://irail.be/vehicle/IC727,http://irail.be/stations/NMBS/008894755,IC,2018-11-19T07:07:00,2018-11-19T07:07:00,-70,-70
http://irail.be/vehicle/IC727,http://irail.be/stations/NMBS/008894821,IC,2018-11-19T07:08:00,2018-11-19T07:08:00,-52,-52
http://irail.be/vehicle/IC727,http://irail.be/stations/NMBS/008821196,IC,2018-11-19T07:12:00,2018-11-19T07:12:00,-86,-86
http://irail.be/vehicle/IC727,http://irail.be/stations/NMBS/008821121,IC,2018-11-19T07:19:00,2018-11-19T07:17:00,191,-47
http://irail.be/vehicle/IC727,http://irail.be/stations/NMBS/008821006,IC,2018-11-19T07:23:00,2018-11-19T07:23:00,,217
http://irail.be/vehicle/IC727,http://irail.be/stations/NMBS/008896149,IC,2018-01-28T06:06:00,2018-01-28T06:06:00,268,
http://irail.be/vehicle/IC727,http://irail.be/stations/NMBS/008892106,IC,2018-01-28T06:15:00,2018-01-28T06:15:00,165,165
http://irail.be/vehicle/IC727,NO-URI,IC,2018-01-28T06:15:00,2018-01-28T06:15:00,183,183
http://irail.be/vehicle/IC727,http://irail.be/stations/NMBS/008892080,IC,2018-01-28T06:18:00,2018-01-28T06:18:00,165,165
http://irail.be/vehicle/IC727,http://irail.be/stations/NMBS/008892007,IC,2018-01-28T06:27:00,2018-01-28T06:24:00,29,131
http://irail.be/vehicle/IC727,NO-URI,IC,2018-01-28T06:31:00,2018-01-28T06:31:00,48,48
http://irail.be/vehicle/IC727,http://irail.be/stations/NMBS/008893179,IC,2018-01-28T06:32:00,2018-01-28T06:32:00,-155,-155
http://irail.be/vehicle/IC727,http://irail.be/stations/NMBS/008893120,IC,2018-01-28T06:36:00,2018-01-28T06:35:00,-155,-155
http://irail.be/vehicle/IC727,http://irail.be/stations/NMBS/008894151,IC,2018-01-28T06:43:00,2018-01-28T06:43:00,21,21
http://irail.be/vehicle/IC727,http://irail.be/stations/NMBS/008894201,IC,2018-01-28T06:50:00,2018-01-28T06:48:00,35,-21
http://irail.be/vehicle/IC727,NO-URI,IC,2018-01-28T06:52:00,2018-01-28T06:52:00,33,33
http://irail.be/vehicle/IC727,http://irail.be/stations/NMBS/008894425,IC,2018-01-28T06:54:00,2018-01-28T06:54:00,46,46
http://irail.be/vehicle/IC727,http://irail.be/stations/NMBS/008894433,IC,2018-01-28T06:55:00,2018-01-28T06:55:00,35,35
http://irail.be/vehicle/IC727,http://irail.be/stations/NMBS/008894508,IC,2018-01-28T07:00:00,2018-01-28T06:58:00,32,26
http://irail.be/vehicle/IC727,NO-URI,IC,2018-01-28T07:02:00,2018-01-28T07:02:00,24,24
http://irail.be/vehicle/IC727,http://irail.be/stations/NMBS/008894714,IC,2018-01-28T07:03:00,2018-01-28T07:03:00,7,7
http://irail.be/vehicle/IC727,http://irail.be/stations/NMBS/008894748,IC,2018-01-28T07:06:00,2018-01-28T07:06:00,-20,-20
http://irail.be/vehicle/IC727,http://irail.be/stations/NMBS/008894755,IC,2018-01-28T07:07:00,2018-01-28T07:07:00,-26,-26
http://irail.be/vehicle/IC727,http://irail.be/stations/NMBS/008894821,IC,2018-01-28T07:08:00,2018-01-28T07:08:00,-5,-5
http://irail.be/vehicle/IC727,NO-URI,IC,2018-01-28T07:09:00,2018-01-28T07:09:00,-5,-5
http://irail.be/vehicle/IC727,http://irail.be/stations/NMBS/008821196,IC,2018-01-28T07:12:00,2018-01-28T07:12:00,-21,-21
http://irail.be/vehicle/IC727,http://irail.be/stations/NMBS/008821121,IC,2018-01-28T07:19:00,2018-01-28T07:17:00,-29,-65
http://irail.be/vehicle/IC727,http://irail.be/stations/NMBS/008821006,IC,2018-01-28T07:23:00,2018-01-28T07:23:00,,-63
http://irail.be/vehicle/IC727,http://irail.be/stations/NMBS/008894508,IC,2018-05-05T07:06:00,2018-05-05T07:06:00,23,
http://irail.be/vehicle/IC727,NO-URI,IC,2018-05-05T07:08:00,2018-05-05T07:08:00,48,48
http://irail.be/vehicle/IC727,http://irail.be/stations/NMBS/008894714,IC,2018-05-05T07:09:00,2018-05-05T07:09:00,36,36
http://irail.be/vehicle/IC727,http://irail.be/stations/NMBS/008894748,IC,2018-05-05T07:11:00,2018-05-05T07:11:00,60,60
http://irail.be/vehicle/IC727,http://irail.be/stations/NMBS/008894755,IC,2018-05-05T07:13:00,2018-05-05T07:13:00,-3,-3
http://irail.be/vehicle/IC727,http://irail.be/stations/NMBS/008894821,IC,2018-05-05T07:15:00,2018-05-05T07:15:00,-18,-18
http://irail.be/vehicle/IC727,NO-URI,IC,2018-05-05T07:15:00,2018-05-05T07:15:00,-18,-18
http://irail.be/vehicle/IC727,http://irail.be/stations/NMBS/008821196,IC,2018-05-05T07:18:00,2018-05-05T07:18:00,-21,-21
http://irail.be/vehicle/IC727,http://irail.be/stations/NMBS/008821121,IC,2018-05-05T07:25:00,2018-05-05T07:23:00,2,-87
http://irail.be/vehicle/IC727,http://irail.be/stations/NMBS/008821006,IC,2018-05-05T07:29:00,2018-05-05T07:29:00,,-27
http://irail.be/vehicle/IC727,http://irail.be/stations/NMBS/008896735,IC,2018-05-24T05:08:00,2018-05-24T05:08:00,81,
http://irail.be/vehicle/IC727,http://irail.be/stations/NMBS/008896503,IC,2018-05-24T05:16:00,2018-05-24T05:15:00,72,46
http://irail.be/vehicle/IC727,http://irail.be/stations/NMBS/008896412,IC,2018-05-24T05:26:00,2018-05-24T05:25:00,137,37
http://irail.be/vehicle/IC727,http://irail.be/stations/NMBS/008896396,IC,2018-05-24T05:30:00,2018-05-24T05:29:00,137,137
http://irail.be/vehicle/IC727,http://irail.be/stations/NMBS/008896305,IC,2018-05-24T05:35:00,2018-05-24T05:34:00,103,137
http://irail.be/vehicle/IC727,http://irail.be/stations/NMBS/008896370,IC,2018-05-24T05:40:00,2018-05-24T05:40:00,103,103
http://irail.be/vehicle/IC727,http://irail.be/stations/NMBS/008896388,IC,2018-05-24T05:44:00,2018-05-24T05:44:00,73,73
http://irail.be/vehicle/IC727,http://irail.be/stations/NMBS/008896008,IC,2018-05-24T05:57:00,2018-05-24T05:50:00,34,11
http://irail.be/vehicle/IC727,http://irail.be/stations/NMBS/008896115,IC,2018-05-24T06:01:00,2018-05-24T06:01:00,-1,-1
http://irail.be/vehicle/IC727,http://irail.be/stations/NMBS/008896149,IC,2018-05-24T06:06:00,2018-05-24T06:05:00,-23,3
http://irail.be/vehicle/IC727,http://irail.be/stations/NMBS/008892106,IC,2018-05-24T06:15:00,2018-05-24T06:15:00,-37,-37
http://irail.be/vehicle/IC727,NO-URI,IC,2018-05-24T06:15:00,2018-05-24T06:15:00,62,62
http://irail.be/vehicle/IC727,http://irail.be/stations/NMBS/008892080,IC,2018-05-24T06:18:00,2018-05-24T06:18:00,71,71
http://irail.be/vehicle/IC727,http://irail.be/stations/NMBS/008892007,IC,2018-05-24T06:27:00,2018-05-24T06:24:00,51,140
http://irail.be/vehicle/IC727,NO-URI,IC,2018-05-24T06:31:00,2018-05-24T06:31:00,77,77
http://irail.be/vehicle/IC727,http://irail.be/stations/NMBS/008893179,IC,2018-05-24T06:32:00,2018-05-24T06:32:00,-130,-130
http://irail.be/vehicle/IC727,http://irail.be/stations/NMBS/008893120,IC,2018-05-24T06:36:00,2018-05-24T06:35:00,93,-130
http://irail.be/vehicle/IC727,http://irail.be/stations/NMBS/008894151,IC,2018-05-24T06:43:00,2018-05-24T06:43:00,158,158
http://irail.be/vehicle/IC727,http://irail.be/stations/NMBS/008894201,IC,2018-05-24T06:50:00,2018-05-24T06:48:00,87,118
http://irail.be/vehicle/IC727,NO-URI,IC,2018-05-24T06:52:00,2018-05-24T06:52:00,99,99
http://irail.be/vehicle/IC727,http://irail.be/stations/NMBS/008894425,IC,2018-05-24T06:54:00,2018-05-24T06:54:00,103,103
http://irail.be/vehicle/IC727,http://irail.be/stations/NMBS/008894433,IC,2018-05-24T06:55:00,2018-05-24T06:55:00,95,95
http://irail.be/vehicle/IC727,http://irail.be/stations/NMBS/008894508,IC,2018-05-24T07:00:00,2018-05-24T06:58:00,54,76
http://irail.be/vehicle/IC727,NO-URI,IC,2018-05-24T07:02:00,2018-05-24T07:02:00,43,43
http://irail.be/vehicle/IC727,http://irail.be/stations/NMBS/008894714,IC,2018-05-24T07:03:00,2018-05-24T07:03:00,24,24
http://irail.be/vehicle/IC727,http://irail.be/stations/NMBS/008894748,IC,2018-05-24T07:06:00,2018-05-24T07:06:00,-16,-16
http://irail.be/vehicle/IC727,http://irail.be/stations/NMBS/008894755,IC,2018-05-24T07:07:00,2018-05-24T07:07:00,-25,-25
http://irail.be/vehicle/IC727,http://irail.be/stations/NMBS/008894821,IC,2018-05-24T07:08:00,2018-05-24T07:08:00,-6,-6
http://irail.be/vehicle/IC727,NO-URI,IC,2018-05-24T07:09:00,2018-05-24T07:09:00,-6,-6
http://irail.be/vehicle/IC727,http://irail.be/stations/NMBS/008821196,IC,2018-05-24T07:12:00,2018-05-24T07:12:00,-52,-52
http://irail.be/vehicle/IC727,http://irail.be/stations/NMBS/008821121,IC,2018-05-24T07:19:00,2018-05-24T07:17:00,32,-45
http://irail.be/vehicle/IC727,http://irail.be/stations/NMBS/008821006,IC,2018-05-24T07:23:00,2018-05-24T07:23:00,,-3
http://irail.be/vehicle/IC727,http://irail.be/stations/NMBS/008896735,IC,2018-08-19T05:08:00,2018-08-19T05:08:00,92,
http://irail.be/vehicle/IC727,http://irail.be/stations/NMBS/008896503,IC,2018-08-19T05:16:00,2018-08-19T05:15:00,59,48
http://irail.be/vehicle/IC727,http://irail.be/stations/NMBS/008896412,IC,2018-08-19T05:26:00,2018-08-19T05:25:00,-32,10
http://irail.be/vehicle/IC727,http://irail.be/stations/NMBS/008896396,IC,2018-08-19T05:30:00,2018-08-19T05:29:00,-32,-32
http://irail.be/vehicle/IC727,http://irail.be/stations/NMBS/008896305,IC,2018-08-19T05:35:00,2018-08-19T05:34:00,-14,-32
http://irail.be/vehicle/IC727,http://irail.be/stations/NMBS/008896370,IC,2018-08-19T05:40:00,2018-08-19T05:39:00,-19,-14
http://irail.be/vehicle/IC727,http://irail.be/stations/NMBS/008896388,IC,2018-08-19T05:45:00,2018-08-19T05:44:00,-19,-19
http://irail.be/vehicle/IC727,http://irail.be/stations/NMBS/008896008,IC,2018-08-19T05:58:00,2018-08-19T05:50:00,-3,-4
http://irail.be/vehicle/IC727,http://irail.be/stations/NMBS/008896115,IC,2018-08-19T06:02:00,2018-08-19T06:02:00,-17,-17
http://irail.be/vehicle/IC727,http://irail.be/stations/NMBS/008896149,IC,2018-08-19T06:08:00,2018-08-19T06:07:00,7,-64
http://irail.be/vehicle/IC727,http://irail.be/stations/NMBS/008892106,IC,2018-08-19T06:15:00,2018-08-19T06:15:00,-59,-59
http://irail.be/vehicle/IC727,NO-URI,IC,2018-08-19T06:15:00,2018-08-19T06:15:00,-26,-26
http://irail.be/vehicle/IC727,http://irail.be/stations/NMBS/008892080,IC,2018-08-19T06:18:00,2018-08-19T06:18:00,-53,-53
http://irail.be/vehicle/IC727,http://irail.be/stations/NMBS/008892007,IC,2018-08-19T06:27:00,2018-08-19T06:24:00,10,-88
http://irail.be/vehicle/IC727,NO-URI,IC,2018-08-19T06:31:00,2018-08-19T06:31:00,44,44
http://irail.be/vehicle/IC727,http://irail.be/stations/NMBS/008893179,IC,2018-08-19T06:32:00,2018-08-19T06:32:00,-160,-160
http://irail.be/vehicle/IC727,http://irail.be/stations/NMBS/008893120,IC,2018-08-19T06:36:00,2018-08-19T06:35:00,29,-160
http://irail.be/vehicle/IC727,http://irail.be/stations/NMBS/008894151,IC,2018-08-19T06:43:00,2018-08-19T06:43:00,-9,-9
http://irail.be/vehicle/IC727,http://irail.be/stations/NMBS/008894201,IC,2018-08-19T06:50:00,2018-08-19T06:48:00,4,-59
http://irail.be/vehicle/IC727,NO-URI,IC,2018-08-19T06:52:00,2018-08-19T06:52:00,-5,-5
http://irail.be/vehicle/IC727,http://irail.be/stations/NMBS/008894425,IC,2018-08-19T06:54:00,2018-08-19T06:54:00,-2,-2
http://irail.be/vehicle/IC727,http://irail.be/stations/NMBS/008894433,IC,2018-08-19T06:55:00,2018-08-19T06:55:00,-14,-14
http://irail.be/vehicle/IC727,http://irail.be/stations/NMBS/008894508,IC,2018-08-19T07:00:00,2018-08-19T06:58:00,5,-30
http://irail.be/vehicle/IC727,NO-URI,IC,2018-08-19T07:02:00,2018-08-19T07:02:00,9,9
http://irail.be/vehicle/IC727,http://irail.be/stations/NMBS/008894714,IC,2018-08-19T07:03:00,2018-08-19T07:03:00,-9,-9
http://irail.be/vehicle/IC727,http://irail.be/stations/NMBS/008894748,IC,2018-08-19T07:06:00,2018-08-19T07:06:00,-46,-46
http://irail.be/vehicle/IC727,http://irail.be/stations/NMBS/008894755,IC,2018-08-19T07:07:00,2018-08-19T07:07:00,-53,-53
http://irail.be/vehicle/IC727,http://irail.be/stations/NMBS/008894821,IC,2018-08-19T07:08:00,2018-08-19T07:08:00,-35,-35
http://irail.be/vehicle/IC727,http://irail.be/stations/NMBS/008821196,IC,2018-08-19T07:12:00,2018-08-19T07:12:00,33,33
http://irail.be/vehicle/IC727,http://irail.be/stations/NMBS/008821121,IC,2018-08-19T07:19:00,2018-08-19T07:17:00,-6,-13
http://irail.be/vehicle/IC727,http://irail.be/stations/NMBS/008821006,IC,2018-08-19T07:23:00,2018-08-19T07:23:00,,-25
http://irail.be/vehicle/IC727,http://irail.be/stations/NMBS/008896735,IC,2018-03-17T05:08:00,2018-03-17T05:08:00,68,
http://irail.be/vehicle/IC727,http://irail.be/stations/NMBS/008896503,IC,2018-03-17T05:16:00,2018-03-17T05:15:00,36,51
http://irail.be/vehicle/IC727,http://irail.be/stations/NMBS/008896412,IC,2018-03-17T05:26:00,2018-03-17T05:25:00,-6,13
http://irail.be/vehicle/IC727,http://irail.be/stations/NMBS/008896396,IC,2018-03-17T05:30:00,2018-03-17T05:29:00,-6,-6
http://irail.be/vehicle/IC727,http://irail.be/stations/NMBS/008896305,IC,2018-03-17T05:35:00,2018-03-17T05:34:00,-24,-6
http://irail.be/vehicle/IC727,http://irail.be/stations/NMBS/008896370,IC,2018-03-17T05:40:00,2018-03-17T05:40:00,43,-24
http://irail.be/vehicle/IC727,http://irail.be/stations/NMBS/008896388,IC,2018-03-17T05:44:00,2018-03-17T05:44:00,43,43
http://irail.be/vehicle/IC727,http://irail.be/stations/NMBS/008896008,IC,2018-03-17T05:57:00,2018-03-17T05:50:00,30,-43
http://irail.be/vehicle/IC727,http://irail.be/stations/NMBS/008896115,IC,2018-03-17T06:01:00,2018-03-17T06:01:00,12,12
http://irail.be/vehicle/IC727,http://irail.be/stations/NMBS/008896149,IC,2018-03-17T06:06:00,2018-03-17T06:05:00,17,22
http://irail.be/vehicle/IC727,http://irail.be/stations/NMBS/008892106,IC,2018-03-17T06:15:00,2018-03-17T06:15:00,-130,-130
http://irail.be/vehicle/IC727,NO-URI,IC,2018-03-17T06:15:00,2018-03-17T06:15:00,-18,-18
http://irail.be/vehicle/IC727,http://irail.be/stations/NMBS/008892080,IC,2018-03-17T06:18:00,2018-03-17T06:18:00,187,187
http://irail.be/vehicle/IC727,http://irail.be/stations/NMBS/008892007,IC,2018-03-17T06:27:00,2018-03-17T06:24:00,287,353
http://irail.be/vehicle/IC727,NO-URI,IC,2018-03-17T06:31:00,2018-03-17T06:31:00,343,343
http://irail.be/vehicle/IC727,http://irail.be/stations/NMBS/008893179,IC,2018-03-17T06:32:00,2018-03-17T06:32:00,154,154
http://irail.be/vehicle/IC727,http://irail.be/stations/NMBS/008893120,IC,2018-03-17T06:36:00,2018-03-17T06:35:00,154,154
http://irail.be/vehicle/IC727,http://irail.be/stations/NMBS/008894151,IC,2018-03-17T06:43:00,2018-03-17T06:43:00,333,333
http://irail.be/vehicle/IC727,http://irail.be/stations/NMBS/008894201,IC,2018-03-17T06:50:00,2018-03-17T06:48:00,247,304
http://irail.be/vehicle/IC727,NO-URI,IC,2018-03-17T06:52:00,2018-03-17T06:52:00,246,246
http://irail.be/vehicle/IC727,http://irail.be/stations/NMBS/008894425,IC,2018-03-17T06:54:00,2018-03-17T06:54:00,269,269
http://irail.be/vehicle/IC727,http://irail.be/stations/NMBS/008894433,IC,2018-03-17T06:55:00,2018-03-17T06:55:00,259,259
http://irail.be/vehicle/IC727,http://irail.be/stations/NMBS/008894508,IC,2018-03-17T07:00:00,2018-03-17T06:58:00,230,266
http://irail.be/vehicle/IC727,NO-URI,IC,2018-03-17T07:02:00,2018-03-17T07:02:00,230,230
http://irail.be/vehicle/IC727,http://irail.be/stations/NMBS/008894714,IC,2018-03-17T07:03:00,2018-03-17T07:03:00,216,216
http://irail.be/vehicle/IC727,http://irail.be/stations/NMBS/008894748,IC,2018-03-17T07:06:00,2018-03-17T07:06:00,196,196
http://irail.be/vehicle/IC727,http://irail.be/stations/NMBS/008894755,IC,2018-03-17T07:07:00,2018-03-17T07:07:00,194,194
http://irail.be/vehicle/IC727,http://irail.be/stations/NMBS/008894821,IC,2018-03-17T07:08:00,2018-03-17T07:08:00,226,226
http://irail.be/vehicle/IC727,NO-URI,IC,2018-03-17T07:09:00,2018-03-17T07:09:00,226,226
http://irail.be/vehicle/IC727,http://irail.be/stations/NMBS/008821196,IC,2018-03-17T07:12:00,2018-03-17T07:12:00,217,217
http://irail.be/vehicle/IC727,http://irail.be/stations/NMBS/008821121,IC,2018-03-17T07:19:00,2018-03-17T07:17:00,144,205
http://irail.be/vehicle/IC727,http://irail.be/stations/NMBS/008821006,IC,2018-03-17T07:23:00,2018-03-17T07:23:00,,169
http://irail.be/vehicle/IC727,http://irail.be/stations/NMBS/008896735,IC,2018-11-17T05:08:00,2018-11-17T05:08:00,54,
http://irail.be/vehicle/IC727,http://irail.be/stations/NMBS/008896503,IC,2018-11-17T05:16:00,2018-11-17T05:15:00,39,36
http://irail.be/vehicle/IC727,http://irail.be/stations/NMBS/008896412,IC,2018-11-17T05:26:00,2018-11-17T05:25:00,-7,7
http://irail.be/vehicle/IC727,http://irail.be/stations/NMBS/008896396,IC,2018-11-17T05:30:00,2018-11-17T05:29:00,-7,-7
http://irail.be/vehicle/IC727,http://irail.be/stations/NMBS/008896305,IC,2018-11-17T05:35:00,2018-11-17T05:34:00,59,-7
http://irail.be/vehicle/IC727,http://irail.be/stations/NMBS/008896370,IC,2018-11-17T05:40:00,2018-11-17T05:39:00,0,59
http://irail.be/vehicle/IC727,http://irail.be/stations/NMBS/008896388,IC,2018-11-17T05:45:00,2018-11-17T05:44:00,0,0
http://irail.be/vehicle/IC727,http://irail.be/stations/NMBS/008896008,IC,2018-11-17T05:58:00,2018-11-17T05:50:00,14,-44
http://irail.be/vehicle/IC727,http://irail.be/stations/NMBS/008896115,IC,2018-11-17T06:02:00,2018-11-17T06:02:00,-15,-15
http://irail.be/vehicle/IC727,http://irail.be/stations/NMBS/008896149,IC,2018-11-17T06:08:00,2018-11-17T06:07:00,-17,-56
http://irail.be/vehicle/IC727,http://irail.be/stations/NMBS/008892106,IC,2018-11-17T06:15:00,2018-11-17T06:15:00,-69,-69
http://irail.be/vehicle/IC727,NO-URI,IC,2018-11-17T06:15:00,2018-11-17T06:15:00,-35,-35
http://irail.be/vehicle/IC727,http://irail.be/stations/NMBS/008892080,IC,2018-11-17T06:18:00,2018-11-17T06:18:00,-57,-57
http://irail.be/vehicle/IC727,http://irail.be/stations/NMBS/008892007,IC,2018-11-17T06:27:00,2018-11-17T06:24:00,121,-74
http://irail.be/vehicle/IC727,http://irail.be/stations/NMBS/008893013,IC,2018-11-17T06:30:00,2018-11-17T06:30:00,162,162
http://irail.be/vehicle/IC727,http://irail.be/stations/NMBS/008893039,IC,2018-11-17T06:32:00,2018-11-17T06:32:00,338,338
http://irail.be/vehicle/IC727,http://irail.be/stations/NMBS/008893567,IC,2018-11-17T06:34:00,2018-11-17T06:34:00,315,315
http://irail.be/vehicle/IC727,http://irail.be/stations/NMBS/008893559,IC,2018-11-17T06:37:00,2018-11-17T06:37:00,248,248
http://irail.be/vehicle/IC727,http://irail.be/stations/NMBS/008893542,IC,2018-11-17T06:39:00,2018-11-17T06:39:00,237,237
http://irail.be/vehicle/IC727,http://irail.be/stations/NMBS/008893534,IC,2018-11-17T06:41:00,2018-11-17T06:41:00,249,249
http://irail.be/vehicle/IC727,http://irail.be/stations/NMBS/008893526,IC,2018-11-17T06:43:00,2018-11-17T06:43:00,169,169
http://irail.be/vehicle/IC727,http://irail.be/stations/NMBS/008893518,IC,2018-11-17T06:46:00,2018-11-17T06:46:00,169,169
http://irail.be/vehicle/IC727,http://irail.be/stations/NMBS/008893401,IC,2018-11-17T06:48:00,2018-11-17T06:48:00,199,199
http://irail.be/vehicle/IC727,http://irail.be/stations/NMBS/008822160,IC,2018-11-17T06:51:00,2018-11-17T06:51:00,188,188
http://irail.be/vehicle/IC727,http://irail.be/stations/NMBS/008822145,IC,2018-11-17T06:53:00,2018-11-17T06:53:00,170,170
http://irail.be/vehicle/IC727,http://irail.be/stations/NMBS/008822137,IC,2018-11-17T06:55:00,2018-11-17T06:55:00,86,86
http://irail.be/vehicle/IC727,http://irail.be/stations/NMBS/008822111,IC,2018-11-17T06:58:00,2018-11-17T06:58:00,86,86
http://irail.be/vehicle/IC727,http://irail.be/stations/NMBS/008822053,IC,2018-11-17T07:01:00,2018-11-17T07:01:00,67,67
http://irail.be/vehicle/IC727,http://irail.be/stations/NMBS/008822004,IC,2018-11-17T07:10:00,2018-11-17T07:08:00,57,35
http://irail.be/vehicle/IC727,http://irail.be/stations/NMBS/008822343,IC,2018-11-17T07:11:00,2018-11-17T07:11:00,57,57
http://irail.be/vehicle/IC727,http://irail.be/stations/NMBS/008822228,IC,2018-11-17T07:15:00,2018-11-17T07:15:00,-14,-14
http://irail.be/vehicle/IC727,http://irail.be/stations/NMBS/008822210,IC,2018-11-17T07:17:00,2018-11-17T07:17:00,-14,-14
http://irail.be/vehicle/IC727,http://irail.be/stations/NMBS/008821311,IC,2018-11-17T07:20:00,2018-11-17T07:20:00,-24,-24
http://irail.be/vehicle/IC727,http://irail.be/stations/NMBS/008821337,IC,2018-11-17T07:22:00,2018-11-17T07:22:00,-67,-67
http://irail.be/vehicle/IC727,http://irail.be/stations/NMBS/008821246,IC,2018-11-17T07:24:00,2018-11-17T07:24:00,-74,-74
http://irail.be/vehicle/IC727,http://irail.be/stations/NMBS/008821121,IC,2018-11-17T07:29:00,2018-11-17T07:28:00,193,193
http://irail.be/vehicle/IC727,http://irail.be/stations/NMBS/008821006,IC,2018-11-17T07:33:00,2018-11-17T07:33:00,,229
http://irail.be/vehicle/IC727,http://irail.be/stations/NMBS/008896735,IC,2018-02-02T05:08:00,2018-02-02T05:08:00,64,
http://irail.be/vehicle/IC727,http://irail.be/stations/NMBS/008896503,IC,2018-02-02T05:16:00,2018-02-02T05:15:00,72,47
http://irail.be/vehicle/IC727,http://irail.be/stations/NMBS/008896412,IC,2018-02-02T05:26:00,2018-02-02T05:25:00,82,48
http://irail.be/vehicle/IC727,http://irail.be/stations/NMBS/008896396,IC,2018-02-02T05:30:00,2018-02-02T05:29:00,82,82
http://irail.be/vehicle/IC727,http://irail.be/stations/NMBS/008896305,IC,2018-02-02T05:35:00,2018-02-02T05:34:00,51,82
http://irail.be/vehicle/IC727,http://irail.be/stations/NMBS/008896370,IC,2018-02-02T05:40:00,2018-02-02T05:40:00,55,51
http://irail.be/vehicle/IC727,http://irail.be/stations/NMBS/008896388,IC,2018-02-02T05:44:00,2018-02-02T05:44:00,55,55
http://irail.be/vehicle/IC727,http://irail.be/stations/NMBS/008896008,IC,2018-02-02T05:57:00,2018-02-02T05:50:00,25,31
http://irail.be/vehicle/IC727,http://irail.be/stations/NMBS/008896115,IC,2018-02-02T06:01:00,2018-02-02T06:01:00,57,57
http://irail.be/vehicle/IC727,http://irail.be/stations/NMBS/008896149,IC,2018-02-02T06:06:00,2018-02-02T06:05:00,96,90
http://irail.be/vehicle/IC727,http://irail.be/stations/NMBS/008892106,IC,2018-02-02T06:15:00,2018-02-02T06:15:00,63,63
http://irail.be/vehicle/IC727,NO-URI,IC,2018-02-02T06:15:00,2018-02-02T06:15:00,154,154
http://irail.be/vehicle/IC727,http://irail.be/stations/NMBS/008892080,IC,2018-02-02T06:18:00,2018-02-02T06:18:00,161,161
http://irail.be/vehicle/IC727,http://irail.be/stations/NMBS/008892007,IC,2018-02-02T06:27:00,2018-02-02T06:24:00,28,119
http://irail.be/vehicle/IC727,NO-URI,IC,2018-02-02T06:31:00,2018-02-02T06:31:00,33,33
http://irail.be/vehicle/IC727,http://irail.be/stations/NMBS/008893179,IC,2018-02-02T06:32:00,2018-02-02T06:32:00,-166,-166
http://irail.be/vehicle/IC727,http://irail.be/stations/NMBS/008893120,IC,2018-02-02T06:36:00,2018-02-02T06:35:00,-166,-166
http://irail.be/vehicle/IC727,http://irail.be/stations/NMBS/008894151,IC,2018-02-02T06:43:00,2018-02-02T06:43:00,49,49
http://irail.be/vehicle/IC727,http://irail.be/stations/NMBS/008894201,IC,2018-02-02T06:50:00,2018-02-02T06:48:00,98,5
http://irail.be/vehicle/IC727,NO-URI,IC,2018-02-02T06:52:00,2018-02-02T06:52:00,85,85
http://irail.be/vehicle/IC727,http://irail.be/stations/NMBS/008894425,IC,2018-02-02T06:54:00,2018-02-02T06:54:00,90,90
http://irail.be/vehicle/IC727,http://irail.be/stations/NMBS/008894433,IC,2018-02-02T06:55:00,2018-02-02T06:55:00,80,80
http://irail.be/vehicle/IC727,http://irail.be/stations/NMBS/008894508,IC,2018-02-02T07:00:00,2018-02-02T06:58:00,46,64
http://irail.be/vehicle/IC727,NO-URI,IC,2018-02-02T07:02:00,2018-02-02T07:02:00,44,44
http://irail.be/vehicle/IC727,http://irail.be/stations/NMBS/008894714,IC,2018-02-02T07:03:00,2018-02-02T07:03:00,29,29
http://irail.be/vehicle/IC727,http://irail.be/stations/NMBS/008894748,IC,2018-02-02T07:06:00,2018-02-02T07:06:00,-2,-2
http://irail.be/vehicle/IC727,http://irail.be/stations/NMBS/008894755,IC,2018-02-02T07:07:00,2018-02-02T07:07:00,-1,-1
http://irail.be/vehicle/IC727,http://irail.be/stations/NMBS/008894821,IC,2018-02-02T07:08:00,2018-02-02T07:08:00,33,33
http://irail.be/vehicle/IC727,NO-URI,IC,2018-02-02T07:09:00,2018-02-02T07:09:00,33,33
http://irail.be/vehicle/IC727,http://irail.be/stations/NMBS/008821196,IC,2018-02-02T07:12:00,2018-02-02T07:12:00,1,1
http://irail.be/vehicle/IC727,http://irail.be/stations/NMBS/008821121,IC,2018-02-02T07:19:00,2018-02-02T07:17:00,49,7
http://irail.be/vehicle/IC727,http://irail.be/stations/NMBS/008821006,IC,2018-02-02T07:23:00,2018-02-02T07:23:00,,24
http://irail.be/vehicle/IC727,http://irail.be/stations/NMBS/008896735,IC,2018-09-27T05:08:00,2018-09-27T05:08:00,67,
http://irail.be/vehicle/IC727,http://irail.be/stations/NMBS/008896503,IC,2018-09-27T05:16:00,2018-09-27T05:15:00,18,20
http://irail.be/vehicle/IC727,http://irail.be/stations/NMBS/008896412,IC,2018-09-27T05:26:00,2018-09-27T05:25:00,-20,-12
http://irail.be/vehicle/IC727,http://irail.be/stations/NMBS/008896396,IC,2018-09-27T05:30:00,2018-09-27T05:29:00,-20,-20
http://irail.be/vehicle/IC727,http://irail.be/stations/NMBS/008896305,IC,2018-09-27T05:35:00,2018-09-27T05:34:00,2,-20
http://irail.be/vehicle/IC727,http://irail.be/stations/NMBS/008896370,IC,2018-09-27T05:40:00,2018-09-27T05:39:00,-36,2
http://irail.be/vehicle/IC727,http://irail.be/stations/NMBS/008896388,IC,2018-09-27T05:45:00,2018-09-27T05:44:00,-36,-36
http://irail.be/vehicle/IC727,http://irail.be/stations/NMBS/008896008,IC,2018-09-27T05:58:00,2018-09-27T05:50:00,39,-81
http://irail.be/vehicle/IC727,http://irail.be/stations/NMBS/008896115,IC,2018-09-27T06:02:00,2018-09-27T06:02:00,45,45
http://irail.be/vehicle/IC727,http://irail.be/stations/NMBS/008896149,IC,2018-09-27T06:08:00,2018-09-27T06:07:00,7,4
http://irail.be/vehicle/IC727,http://irail.be/stations/NMBS/008892106,IC,2018-09-27T06:15:00,2018-09-27T06:15:00,-27,-27
http://irail.be/vehicle/IC727,NO-URI,IC,2018-09-27T06:15:00,2018-09-27T06:15:00,14,14
http://irail.be/vehicle/IC727,http://irail.be/stations/NMBS/008892080,IC,2018-09-27T06:18:00,2018-09-27T06:18:00,-1,-1
http://irail.be/vehicle/IC727,http://irail.be/stations/NMBS/008892007,IC,2018-09-27T06:27:00,2018-09-27T06:24:00,12,-29
http://irail.be/vehicle/IC727,NO-URI,IC,2018-09-27T06:31:00,2018-09-27T06:31:00,48,48
http://irail.be/vehicle/IC727,http://irail.be/stations/NMBS/008893179,IC,2018-09-27T06:32:00,2018-09-27T06:32:00,-149,-149
http://irail.be/vehicle/IC727,http://irail.be/stations/NMBS/008893120,IC,2018-09-27T06:36:00,2018-09-27T06:35:00,70,-149
http://irail.be/vehicle/IC727,http://irail.be/stations/NMBS/008894151,IC,2018-09-27T06:43:00,2018-09-27T06:43:00,29,29
http://irail.be/vehicle/IC727,http://irail.be/stations/NMBS/008894201,IC,2018-09-27T06:50:00,2018-09-27T06:48:00,23,-17
http://irail.be/vehicle/IC727,NO-URI,IC,2018-09-27T06:52:00,2018-09-27T06:52:00,11,11
http://irail.be/vehicle/IC727,http://irail.be/stations/NMBS/008894425,IC,2018-09-27T06:54:00,2018-09-27T06:54:00,22,22
http://irail.be/vehicle/IC727,http://irail.be/stations/NMBS/008894433,IC,2018-09-27T06:55:00,2018-09-27T06:55:00,11,11
http://irail.be/vehicle/IC727,http://irail.be/stations/NMBS/008894508,IC,2018-09-27T07:00:00,2018-09-27T06:58:00,7,-9
http://irail.be/vehicle/IC727,NO-URI,IC,2018-09-27T07:02:00,2018-09-27T07:02:00,1,1
http://irail.be/vehicle/IC727,http://irail.be/stations/NMBS/008894714,IC,2018-09-27T07:03:00,2018-09-27T07:03:00,-16,-16
http://irail.be/vehicle/IC727,http://irail.be/stations/NMBS/008894748,IC,2018-09-27T07:06:00,2018-09-27T07:06:00,-50,-50
http://irail.be/vehicle/IC727,http://irail.be/stations/NMBS/008894755,IC,2018-09-27T07:07:00,2018-09-27T07:07:00,-58,-58
http://irail.be/vehicle/IC727,http://irail.be/stations/NMBS/008894821,IC,2018-09-27T07:08:00,2018-09-27T07:08:00,-39,-39
http://irail.be/vehicle/IC727,http://irail.be/stations/NMBS/008821196,IC,2018-09-27T07:12:00,2018-09-27T07:12:00,-74,-74
http://irail.be/vehicle/IC727,http://irail.be/stations/NMBS/008821121,IC,2018-09-27T07:19:00,2018-09-27T07:17:00,104,-34
http://irail.be/vehicle/IC727,http://irail.be/stations/NMBS/008821006,IC,2018-09-27T07:23:00,2018-09-27T07:23:00,,112
http://irail.be/vehicle/IC727,http://irail.be/stations/NMBS/008896735,IC,2018-11-09T05:08:00,2018-11-09T05:08:00,46,
http://irail.be/vehicle/IC727,http://irail.be/stations/NMBS/008896503,IC,2018-11-09T05:16:00,2018-11-09T05:15:00,40,44
http://irail.be/vehicle/IC727,http://irail.be/stations/NMBS/008896412,IC,2018-11-09T05:26:00,2018-11-09T05:25:00,21,19
http://irail.be/vehicle/IC727,http://irail.be/stations/NMBS/008896396,IC,2018-11-09T05:30:00,2018-11-09T05:29:00,21,21
http://irail.be/vehicle/IC727,http://irail.be/stations/NMBS/008896305,IC,2018-11-09T05:35:00,2018-11-09T05:34:00,1,21
http://irail.be/vehicle/IC727,http://irail.be/stations/NMBS/008896370,IC,2018-11-09T05:40:00,2018-11-09T05:39:00,-12,1
http://irail.be/vehicle/IC727,http://irail.be/stations/NMBS/008896388,IC,2018-11-09T05:45:00,2018-11-09T05:44:00,-12,-12
http://irail.be/vehicle/IC727,http://irail.be/stations/NMBS/008896008,IC,2018-11-09T05:58:00,2018-11-09T05:50:00,38,-33
http://irail.be/vehicle/IC727,http://irail.be/stations/NMBS/008896115,IC,2018-11-09T06:02:00,2018-11-09T06:02:00,24,24
http://irail.be/vehicle/IC727,http://irail.be/stations/NMBS/008896149,IC,2018-11-09T06:08:00,2018-11-09T06:07:00,-5,-7
http://irail.be/vehicle/IC727,http://irail.be/stations/NMBS/008892106,IC,2018-11-09T06:15:00,2018-11-09T06:15:00,-43,-43
http://irail.be/vehicle/IC727,NO-URI,IC,2018-11-09T06:15:00,2018-11-09T06:15:00,-5,-5
http://irail.be/vehicle/IC727,http://irail.be/stations/NMBS/008892080,IC,2018-11-09T06:18:00,2018-11-09T06:18:00,-22,-22
http://irail.be/vehicle/IC727,http://irail.be/stations/NMBS/008892007,IC,2018-11-09T06:27:00,2018-11-09T06:24:00,6,85
http://irail.be/vehicle/IC727,NO-URI,IC,2018-11-09T06:31:00,2018-11-09T06:31:00,37,37
http://irail.be/vehicle/IC727,http://irail.be/stations/NMBS/008893179,IC,2018-11-09T06:32:00,2018-11-09T06:32:00,19,19
http://irail.be/vehicle/IC727,http://irail.be/stations/NMBS/008893120,IC,2018-11-09T06:36:00,2018-11-09T06:35:00,58,-84
http://irail.be/vehicle/IC727,http://irail.be/stations/NMBS/008894151,IC,2018-11-09T06:43:00,2018-11-09T06:43:00,24,24
http://irail.be/vehicle/IC727,http://irail.be/stations/NMBS/008894201,IC,2018-11-09T06:50:00,2018-11-09T06:48:00,6,-13
http://irail.be/vehicle/IC727,NO-URI,IC,2018-11-09T06:52:00,2018-11-09T06:52:00,-11,-11
http://irail.be/vehicle/IC727,http://irail.be/stations/NMBS/008894425,IC,2018-11-09T06:54:00,2018-11-09T06:54:00,-1,-1
http://irail.be/vehicle/IC727,http://irail.be/stations/NMBS/008894433,IC,2018-11-09T06:55:00,2018-11-09T06:55:00,-11,-11
http://irail.be/vehicle/IC727,http://irail.be/stations/NMBS/008894508,IC,2018-11-09T07:00:00,2018-11-09T06:58:00,-4,-21
http://irail.be/vehicle/IC727,NO-URI,IC,2018-11-09T07:02:00,2018-11-09T07:02:00,5,5
http://irail.be/vehicle/IC727,http://irail.be/stations/NMBS/008894714,IC,2018-11-09T07:03:00,2018-11-09T07:03:00,-12,-12
http://irail.be/vehicle/IC727,http://irail.be/stations/NMBS/008894748,IC,2018-11-09T07:06:00,2018-11-09T07:06:00,-37,-37
http://irail.be/vehicle/IC727,http://irail.be/stations/NMBS/008894755,IC,2018-11-09T07:07:00,2018-11-09T07:07:00,142,142
http://irail.be/vehicle/IC727,http://irail.be/stations/NMBS/008894821,IC,2018-11-09T07:08:00,2018-11-09T07:08:00,210,210
http://irail.be/vehicle/IC727,http://irail.be/stations/NMBS/008821196,IC,2018-11-09T07:12:00,2018-11-09T07:12:00,259,259
http://irail.be/vehicle/IC727,http://irail.be/stations/NMBS/008821121,IC,2018-11-09T07:19:00,2018-11-09T07:17:00,289,351
http://irail.be/vehicle/IC727,http://irail.be/stations/NMBS/008821006,IC,2018-11-09T07:23:00,2018-11-09T07:23:00,,258
http://irail.be/vehicle/IC727,http://irail.be/stations/NMBS/008896735,IC,2018-09-22T05:08:00,2018-09-22T05:08:00,45,
http://irail.be/vehicle/IC727,http://irail.be/stations/NMBS/008896503,IC,2018-09-22T05:16:00,2018-09-22T05:15:00,34,33
http://irail.be/vehicle/IC727,http://irail.be/stations/NMBS/008896412,IC,2018-09-22T05:26:00,2018-09-22T05:25:00,-4,23
http://irail.be/vehicle/IC727,http://irail.be/stations/NMBS/008896396,IC,2018-09-22T05:30:00,2018-09-22T05:29:00,-4,-4
http://irail.be/vehicle/IC727,http://irail.be/stations/NMBS/008896305,IC,2018-09-22T05:35:00,2018-09-22T05:34:00,-16,-4
http://irail.be/vehicle/IC727,http://irail.be/stations/NMBS/008896370,IC,2018-09-22T05:40:00,2018-09-22T05:39:00,-27,-16
http://irail.be/vehicle/IC727,http://irail.be/stations/NMBS/008896388,IC,2018-09-22T05:45:00,2018-09-22T05:44:00,-27,-27
http://irail.be/vehicle/IC727,http://irail.be/stations/NMBS/008896008,IC,2018-09-22T05:58:00,2018-09-22T05:50:00,18,-71
http://irail.be/vehicle/IC727,http://irail.be/stations/NMBS/008896115,IC,2018-09-22T06:02:00,2018-09-22T06:02:00,14,14
http://irail.be/vehicle/IC727,http://irail.be/stations/NMBS/008896149,IC,2018-09-22T06:08:00,2018-09-22T06:07:00,-17,-15
http://irail.be/vehicle/IC727,http://irail.be/stations/NMBS/008892106,IC,2018-09-22T06:15:00,2018-09-22T06:15:00,-65,-65
http://irail.be/vehicle/IC727,NO-URI,IC,2018-09-22T06:15:00,2018-09-22T06:15:00,-28,-28
http://irail.be/vehicle/IC727,http://irail.be/stations/NMBS/008892080,IC,2018-09-22T06:18:00,2018-09-22T06:18:00,-49,-49
http://irail.be/vehicle/IC727,http://irail.be/stations/NMBS/008892007,IC,2018-09-22T06:27:00,2018-09-22T06:24:00,3,-85
http://irail.be/vehicle/IC727,NO-URI,IC,2018-09-22T06:31:00,2018-09-22T06:31:00,10,10
http://irail.be/vehicle/IC727,http://irail.be/stations/NMBS/008893179,IC,2018-09-22T06:32:00,2018-09-22T06:32:00,-203,-203
http://irail.be/vehicle/IC727,http://irail.be/stations/NMBS/008893120,IC,2018-09-22T06:36:00,2018-09-22T06:35:00,-1,-203
http://irail.be/vehicle/IC727,http://irail.be/stations/NMBS/008894151,IC,2018-09-22T06:43:00,2018-09-22T06:43:00,-30,-30
http://irail.be/vehicle/IC727,http://irail.be/stations/NMBS/008894201,IC,2018-09-22T06:50:00,2018-09-22T06:48:00,3,-75
http://irail.be/vehicle/IC727,NO-URI,IC,2018-09-22T06:52:00,2018-09-22T06:52:00,-5,-5
http://irail.be/vehicle/IC727,http://irail.be/stations/NMBS/008894425,IC,2018-09-22T06:54:00,2018-09-22T06:54:00,4,4
http://irail.be/vehicle/IC727,http://irail.be/stations/NMBS/008894433,IC,2018-09-22T06:55:00,2018-09-22T06:55:00,-8,-8
http://irail.be/vehicle/IC727,http://irail.be/stations/NMBS/008894508,IC,2018-09-22T07:00:00,2018-09-22T06:58:00,-15,-23
http://irail.be/vehicle/IC727,NO-URI,IC,2018-09-22T07:02:00,2018-09-22T07:02:00,-10,-10
http://irail.be/vehicle/IC727,http://irail.be/stations/NMBS/008894714,IC,2018-09-22T07:03:00,2018-09-22T07:03:00,-25,-25
http://irail.be/vehicle/IC727,http://irail.be/stations/NMBS/008894748,IC,2018-09-22T07:06:00,2018-09-22T07:06:00,-56,-56
http://irail.be/vehicle/IC727,http://irail.be/stations/NMBS/008894755,IC,2018-09-22T07:07:00,2018-09-22T07:07:00,-64,-64
http://irail.be/vehicle/IC727,http://irail.be/stations/NMBS/008894821,IC,2018-09-22T07:08:00,2018-09-22T07:08:00,-43,-43
http://irail.be/vehicle/IC727,http://irail.be/stations/NMBS/008821196,IC,2018-09-22T07:12:00,2018-09-22T07:12:00,-70,-70
http://irail.be/vehicle/IC727,http://irail.be/stations/NMBS/008821121,IC,2018-09-22T07:19:00,2018-09-22T07:17:00,-6,-129
http://irail.be/vehicle/IC727,http://irail.be/stations/NMBS/008821006,IC,2018-09-22T07:23:00,2018-09-22T07:23:00,,-42
http://irail.be/vehicle/IC727,http://irail.be/stations/NMBS/008896735,IC,2018-03-21T05:08:00,2018-03-21T05:08:00,67,
http://irail.be/vehicle/IC727,http://irail.be/stations/NMBS/008896503,IC,2018-03-21T05:16:00,2018-03-21T05:15:00,86,56
http://irail.be/vehicle/IC727,http://irail.be/stations/NMBS/008896412,IC,2018-03-21T05:26:00,2018-03-21T05:25:00,104,97
http://irail.be/vehicle/IC727,http://irail.be/stations/NMBS/008896396,IC,2018-03-21T05:30:00,2018-03-21T05:29:00,104,104
http://irail.be/vehicle/IC727,http://irail.be/stations/NMBS/008896305,IC,2018-03-21T05:35:00,2018-03-21T05:34:00,108,104
http://irail.be/vehicle/IC727,http://irail.be/stations/NMBS/008896370,IC,2018-03-21T05:40:00,2018-03-21T05:40:00,142,108
http://irail.be/vehicle/IC727,http://irail.be/stations/NMBS/008896388,IC,2018-03-21T05:44:00,2018-03-21T05:44:00,142,142
http://irail.be/vehicle/IC727,http://irail.be/stations/NMBS/008896008,IC,2018-03-21T05:57:00,2018-03-21T05:50:00,100,108
http://irail.be/vehicle/IC727,http://irail.be/stations/NMBS/008896115,IC,2018-03-21T06:01:00,2018-03-21T06:01:00,79,79
http://irail.be/vehicle/IC727,http://irail.be/stations/NMBS/008896149,IC,2018-03-21T06:06:00,2018-03-21T06:05:00,40,78
http://irail.be/vehicle/IC727,http://irail.be/stations/NMBS/008892106,IC,2018-03-21T06:15:00,2018-03-21T06:15:00,-7,-7
http://irail.be/vehicle/IC727,NO-URI,IC,2018-03-21T06:15:00,2018-03-21T06:15:00,70,70
http://irail.be/vehicle/IC727,http://irail.be/stations/NMBS/008892080,IC,2018-03-21T06:18:00,2018-03-21T06:18:00,81,81
http://irail.be/vehicle/IC727,http://irail.be/stations/NMBS/008892007,IC,2018-03-21T06:27:00,2018-03-21T06:24:00,74,182
http://irail.be/vehicle/IC727,NO-URI,IC,2018-03-21T06:31:00,2018-03-21T06:31:00,94,94
http://irail.be/vehicle/IC727,http://irail.be/stations/NMBS/008893179,IC,2018-03-21T06:32:00,2018-03-21T06:32:00,-111,-111
http://irail.be/vehicle/IC727,http://irail.be/stations/NMBS/008893120,IC,2018-03-21T06:36:00,2018-03-21T06:35:00,-111,-111
http://irail.be/vehicle/IC727,http://irail.be/stations/NMBS/008894151,IC,2018-03-21T06:43:00,2018-03-21T06:43:00,35,35
http://irail.be/vehicle/IC727,http://irail.be/stations/NMBS/008894201,IC,2018-03-21T06:50:00,2018-03-21T06:48:00,5,-9
http://irail.be/vehicle/IC727,NO-URI,IC,2018-03-21T06:52:00,2018-03-21T06:52:00,-8,-8
http://irail.be/vehicle/IC727,http://irail.be/stations/NMBS/008894425,IC,2018-03-21T06:54:00,2018-03-21T06:54:00,-6,-6
http://irail.be/vehicle/IC727,http://irail.be/stations/NMBS/008894433,IC,2018-03-21T06:55:00,2018-03-21T06:55:00,-16,-16
http://irail.be/vehicle/IC727,http://irail.be/stations/NMBS/008894508,IC,2018-03-21T07:00:00,2018-03-21T06:58:00,17,-25
http://irail.be/vehicle/IC727,NO-URI,IC,2018-03-21T07:02:00,2018-03-21T07:02:00,15,15
http://irail.be/vehicle/IC727,http://irail.be/stations/NMBS/008894714,IC,2018-03-21T07:03:00,2018-03-21T07:03:00,-2,-2
http://irail.be/vehicle/IC727,http://irail.be/stations/NMBS/008894748,IC,2018-03-21T07:06:00,2018-03-21T07:06:00,-37,-37
http://irail.be/vehicle/IC727,http://irail.be/stations/NMBS/008894755,IC,2018-03-21T07:07:00,2018-03-21T07:07:00,-35,-35
http://irail.be/vehicle/IC727,http://irail.be/stations/NMBS/008894821,IC,2018-03-21T07:08:00,2018-03-21T07:08:00,4,4
http://irail.be/vehicle/IC727,NO-URI,IC,2018-03-21T07:09:00,2018-03-21T07:09:00,4,4
http://irail.be/vehicle/IC727,http://irail.be/stations/NMBS/008821196,IC,2018-03-21T07:12:00,2018-03-21T07:12:00,-33,-33
http://irail.be/vehicle/IC727,http://irail.be/stations/NMBS/008821121,IC,2018-03-21T07:19:00,2018-03-21T07:17:00,87,40
http://irail.be/vehicle/IC727,http://irail.be/stations/NMBS/008821006,IC,2018-03-21T07:23:00,2018-03-21T07:23:00,,109
http://irail.be/vehicle/IC727,http://irail.be/stations/NMBS/008896735,IC,2018-10-02T05:08:00,2018-10-02T05:08:00,56,
http://irail.be/vehicle/IC727,http://irail.be/stations/NMBS/008896503,IC,2018-10-02T05:16:00,2018-10-02T05:15:00,59,41
http://irail.be/vehicle/IC727,http://irail.be/stations/NMBS/008896412,IC,2018-10-02T05:26:00,2018-10-02T05:25:00,25,27
http://irail.be/vehicle/IC727,http://irail.be/stations/NMBS/008896396,IC,2018-10-02T05:30:00,2018-10-02T05:29:00,25,25
http://irail.be/vehicle/IC727,http://irail.be/stations/NMBS/008896305,IC,2018-10-02T05:35:00,2018-10-02T05:34:00,11,25
http://irail.be/vehicle/IC727,http://irail.be/stations/NMBS/008896370,IC,2018-10-02T05:40:00,2018-10-02T05:39:00,-28,11
http://irail.be/vehicle/IC727,http://irail.be/stations/NMBS/008896388,IC,2018-10-02T05:45:00,2018-10-02T05:44:00,-28,-28
http://irail.be/vehicle/IC727,http://irail.be/stations/NMBS/008896008,IC,2018-10-02T05:58:00,2018-10-02T05:50:00,47,-64
http://irail.be/vehicle/IC727,http://irail.be/stations/NMBS/008896115,IC,2018-10-02T06:02:00,2018-10-02T06:02:00,84,84
http://irail.be/vehicle/IC727,http://irail.be/stations/NMBS/008896149,IC,2018-10-02T06:08:00,2018-10-02T06:07:00,33,46
http://irail.be/vehicle/IC727,http://irail.be/stations/NMBS/008892106,IC,2018-10-02T06:15:00,2018-10-02T06:15:00,-18,-18
http://irail.be/vehicle/IC727,NO-URI,IC,2018-10-02T06:15:00,2018-10-02T06:15:00,69,69
http://irail.be/vehicle/IC727,http://irail.be/stations/NMBS/008892080,IC,2018-10-02T06:18:00,2018-10-02T06:18:00,72,72
http://irail.be/vehicle/IC727,http://irail.be/stations/NMBS/008892007,IC,2018-10-02T06:27:00,2018-10-02T06:24:00,9,35
http://irail.be/vehicle/IC727,NO-URI,IC,2018-10-02T06:31:00,2018-10-02T06:31:00,41,41
http://irail.be/vehicle/IC727,http://irail.be/stations/NMBS/008893179,IC,2018-10-02T06:32:00,2018-10-02T06:32:00,-148,-148
http://irail.be/vehicle/IC727,http://irail.be/stations/NMBS/008893120,IC,2018-10-02T06:36:00,2018-10-02T06:35:00,39,-148
http://irail.be/vehicle/IC727,http://irail.be/stations/NMBS/008894151,IC,2018-10-02T06:43:00,2018-10-02T06:43:00,6,6
http://irail.be/vehicle/IC727,http://irail.be/stations/NMBS/008894201,IC,2018-10-02T06:50:00,2018-10-02T06:48:00,4,-37
http://irail.be/vehicle/IC727,NO-URI,IC,2018-10-02T06:52:00,2018-10-02T06:52:00,3,3
http://irail.be/vehicle/IC727,http://irail.be/stations/NMBS/008894425,IC,2018-10-02T06:54:00,2018-10-02T06:54:00,9,9
http://irail.be/vehicle/IC727,http://irail.be/stations/NMBS/008894433,IC,2018-10-02T06:55:00,2018-10-02T06:55:00,-2,-2
http://irail.be/vehicle/IC727,http://irail.be/stations/NMBS/008894508,IC,2018-10-02T07:00:00,2018-10-02T06:58:00,-9,-21
http://irail.be/vehicle/IC727,NO-URI,IC,2018-10-02T07:02:00,2018-10-02T07:02:00,-1,-1
http://irail.be/vehicle/IC727,http://irail.be/stations/NMBS/008894714,IC,2018-10-02T07:03:00,2018-10-02T07:03:00,-16,-16
http://irail.be/vehicle/IC727,http://irail.be/stations/NMBS/008894748,IC,2018-10-02T07:06:00,2018-10-02T07:06:00,-49,-49
http://irail.be/vehicle/IC727,http://irail.be/stations/NMBS/008894755,IC,2018-10-02T07:07:00,2018-10-02T07:07:00,-58,-58
http://irail.be/vehicle/IC727,http://irail.be/stations/NMBS/008894821,IC,2018-10-02T07:08:00,2018-10-02T07:08:00,-39,-39
http://irail.be/vehicle/IC727,http://irail.be/stations/NMBS/008821196,IC,2018-10-02T07:12:00,2018-10-02T07:12:00,-68,-68
http://irail.be/vehicle/IC727,http://irail.be/stations/NMBS/008821121,IC,2018-10-02T07:19:00,2018-10-02T07:17:00,-22,-34
http://irail.be/vehicle/IC727,http://irail.be/stations/NMBS/008821006,IC,2018-10-02T07:23:00,2018-10-02T07:23:00,,-47
http://irail.be/vehicle/IC727,http://irail.be/stations/NMBS/008896735,IC,2018-04-30T05:08:00,2018-04-30T05:08:00,108,
http://irail.be/vehicle/IC727,http://irail.be/stations/NMBS/008896503,IC,2018-04-30T05:16:00,2018-04-30T05:15:00,131,114
http://irail.be/vehicle/IC727,http://irail.be/stations/NMBS/008896412,IC,2018-04-30T05:26:00,2018-04-30T05:25:00,94,135
http://irail.be/vehicle/IC727,http://irail.be/stations/NMBS/008896396,IC,2018-04-30T05:30:00,2018-04-30T05:29:00,94,94
http://irail.be/vehicle/IC727,http://irail.be/stations/NMBS/008896305,IC,2018-04-30T05:35:00,2018-04-30T05:34:00,80,94
http://irail.be/vehicle/IC727,http://irail.be/stations/NMBS/008896370,IC,2018-04-30T05:40:00,2018-04-30T05:40:00,80,80
http://irail.be/vehicle/IC727,http://irail.be/stations/NMBS/008896388,IC,2018-04-30T05:44:00,2018-04-30T05:44:00,49,49
http://irail.be/vehicle/IC727,http://irail.be/stations/NMBS/008896008,IC,2018-04-30T05:57:00,2018-04-30T05:50:00,70,236
http://irail.be/vehicle/IC727,http://irail.be/stations/NMBS/008896115,IC,2018-04-30T06:01:00,2018-04-30T06:01:00,76,76
http://irail.be/vehicle/IC727,http://irail.be/stations/NMBS/008896149,IC,2018-04-30T06:06:00,2018-04-30T06:05:00,91,85
http://irail.be/vehicle/IC727,http://irail.be/stations/NMBS/008892106,IC,2018-04-30T06:15:00,2018-04-30T06:15:00,-46,-46
http://irail.be/vehicle/IC727,NO-URI,IC,2018-04-30T06:15:00,2018-04-30T06:15:00,-29,-29
http://irail.be/vehicle/IC727,http://irail.be/stations/NMBS/008892080,IC,2018-04-30T06:18:00,2018-04-30T06:18:00,-51,-51
http://irail.be/vehicle/IC727,http://irail.be/stations/NMBS/008892007,IC,2018-04-30T06:27:00,2018-04-30T06:24:00,62,90
http://irail.be/vehicle/IC727,NO-URI,IC,2018-04-30T06:31:00,2018-04-30T06:31:00,131,131
http://irail.be/vehicle/IC727,http://irail.be/stations/NMBS/008893179,IC,2018-04-30T06:32:00,2018-04-30T06:32:00,-60,-60
http://irail.be/vehicle/IC727,http://irail.be/stations/NMBS/008893120,IC,2018-04-30T06:36:00,2018-04-30T06:35:00,172,-60
http://irail.be/vehicle/IC727,http://irail.be/stations/NMBS/008894151,IC,2018-04-30T06:43:00,2018-04-30T06:43:00,209,209
http://irail.be/vehicle/IC727,http://irail.be/stations/NMBS/008894201,IC,2018-04-30T06:50:00,2018-04-30T06:48:00,326,313
http://irail.be/vehicle/IC727,NO-URI,IC,2018-04-30T06:52:00,2018-04-30T06:52:00,316,316
http://irail.be/vehicle/IC727,http://irail.be/stations/NMBS/008894425,IC,2018-04-30T06:54:00,2018-04-30T06:54:00,325,325
http://irail.be/vehicle/IC727,http://irail.be/stations/NMBS/008894433,IC,2018-04-30T06:55:00,2018-04-30T06:55:00,317,317
http://irail.be/vehicle/IC727,http://irail.be/stations/NMBS/008894508,IC,2018-04-30T07:00:00,2018-04-30T06:58:00,278,312
http://irail.be/vehicle/IC727,NO-URI,IC,2018-04-30T07:02:00,2018-04-30T07:02:00,301,301
http://irail.be/vehicle/IC727,http://irail.be/stations/NMBS/008894714,IC,2018-04-30T07:03:00,2018-04-30T07:03:00,289,289
http://irail.be/vehicle/IC727,http://irail.be/stations/NMBS/008894748,IC,2018-04-30T07:06:00,2018-04-30T07:06:00,264,264
http://irail.be/vehicle/IC727,http://irail.be/stations/NMBS/008894755,IC,2018-04-30T07:07:00,2018-04-30T07:07:00,359,359
http://irail.be/vehicle/IC727,http://irail.be/stations/NMBS/008894821,IC,2018-04-30T07:08:00,2018-04-30T07:08:00,439,439
http://irail.be/vehicle/IC727,NO-URI,IC,2018-04-30T07:09:00,2018-04-30T07:09:00,439,439
http://irail.be/vehicle/IC727,http://irail.be/stations/NMBS/008821196,IC,2018-04-30T07:12:00,2018-04-30T07:12:00,413,413
http://irail.be/vehicle/IC727,http://irail.be/stations/NMBS/008821121,IC,2018-04-30T07:19:00,2018-04-30T07:17:00,350,389
http://irail.be/vehicle/IC727,http://irail.be/stations/NMBS/008821006,IC,2018-04-30T07:23:00,2018-04-30T07:23:00,,337
http://irail.be/vehicle/IC727,http://irail.be/stations/NMBS/008896735,IC,2018-01-01T05:08:00,2018-01-01T05:08:00,88,
http://irail.be/vehicle/IC727,http://irail.be/stations/NMBS/008896503,IC,2018-01-01T05:16:00,2018-01-01T05:15:00,128,29
http://irail.be/vehicle/IC727,http://irail.be/stations/NMBS/008896412,IC,2018-01-01T05:26:00,2018-01-01T05:25:00,24,72
http://irail.be/vehicle/IC727,http://irail.be/stations/NMBS/008896396,IC,2018-01-01T05:30:00,2018-01-01T05:29:00,24,24
http://irail.be/vehicle/IC727,http://irail.be/stations/NMBS/008896305,IC,2018-01-01T05:35:00,2018-01-01T05:34:00,-26,24
http://irail.be/vehicle/IC727,http://irail.be/stations/NMBS/008896370,IC,2018-01-01T05:40:00,2018-01-01T05:40:00,-26,-26
http://irail.be/vehicle/IC727,http://irail.be/stations/NMBS/008896388,IC,2018-01-01T05:44:00,2018-01-01T05:44:00,-83,-83
http://irail.be/vehicle/IC727,http://irail.be/stations/NMBS/008896008,IC,2018-01-01T05:57:00,2018-01-01T05:50:00,50,-161
http://irail.be/vehicle/IC727,http://irail.be/stations/NMBS/008896115,IC,2018-01-01T06:01:00,2018-01-01T06:01:00,17,17
http://irail.be/vehicle/IC727,http://irail.be/stations/NMBS/008896149,IC,2018-01-01T06:06:00,2018-01-01T06:05:00,7,15
http://irail.be/vehicle/IC727,http://irail.be/stations/NMBS/008892106,IC,2018-01-01T06:15:00,2018-01-01T06:15:00,-143,-143
http://irail.be/vehicle/IC727,NO-URI,IC,2018-01-01T06:15:00,2018-01-01T06:15:00,-126,-126
http://irail.be/vehicle/IC727,http://irail.be/stations/NMBS/008892080,IC,2018-01-01T06:18:00,2018-01-01T06:18:00,-145,-145
http://irail.be/vehicle/IC727,http://irail.be/stations/NMBS/008892007,IC,2018-01-01T06:27:00,2018-01-01T06:24:00,17,-175
http://irail.be/vehicle/IC727,NO-URI,IC,2018-01-01T06:31:00,2018-01-01T06:31:00,28,28
http://irail.be/vehicle/IC727,http://irail.be/stations/NMBS/008893179,IC,2018-01-01T06:32:00,2018-01-01T06:32:00,-160,-160
http://irail.be/vehicle/IC727,http://irail.be/stations/NMBS/008893120,IC,2018-01-01T06:36:00,2018-01-01T06:35:00,-160,-160
http://irail.be/vehicle/IC727,http://irail.be/stations/NMBS/008894151,IC,2018-01-01T06:43:00,2018-01-01T06:43:00,-9,-9
http://irail.be/vehicle/IC727,http://irail.be/stations/NMBS/008894201,IC,2018-01-01T06:48:00,2018-01-01T06:48:00,,10582
http://irail.be/vehicle/IC727,http://irail.be/stations/NMBS/008896735,IC,2018-08-23T05:08:00,2018-08-23T05:08:00,60,
http://irail.be/vehicle/IC727,http://irail.be/stations/NMBS/008896503,IC,2018-08-23T05:16:00,2018-08-23T05:15:00,24,24
http://irail.be/vehicle/IC727,http://irail.be/stations/NMBS/008896412,IC,2018-08-23T05:26:00,2018-08-23T05:25:00,9,-25
http://irail.be/vehicle/IC727,http://irail.be/stations/NMBS/008896396,IC,2018-08-23T05:30:00,2018-08-23T05:29:00,9,9
http://irail.be/vehicle/IC727,http://irail.be/stations/NMBS/008896305,IC,2018-08-23T05:35:00,2018-08-23T05:34:00,42,9
http://irail.be/vehicle/IC727,http://irail.be/stations/NMBS/008896370,IC,2018-08-23T05:40:00,2018-08-23T05:39:00,-3,42
http://irail.be/vehicle/IC727,http://irail.be/stations/NMBS/008896388,IC,2018-08-23T05:45:00,2018-08-23T05:44:00,-3,-3
http://irail.be/vehicle/IC727,http://irail.be/stations/NMBS/008896008,IC,2018-08-23T05:58:00,2018-08-23T05:50:00,162,15
http://irail.be/vehicle/IC727,http://irail.be/stations/NMBS/008896115,IC,2018-08-23T06:02:00,2018-08-23T06:02:00,203,203
http://irail.be/vehicle/IC727,http://irail.be/stations/NMBS/008896149,IC,2018-08-23T06:08:00,2018-08-23T06:07:00,141,158
http://irail.be/vehicle/IC727,http://irail.be/stations/NMBS/008892106,IC,2018-08-23T06:15:00,2018-08-23T06:15:00,72,72
http://irail.be/vehicle/IC727,NO-URI,IC,2018-08-23T06:15:00,2018-08-23T06:15:00,103,103
http://irail.be/vehicle/IC727,http://irail.be/stations/NMBS/008892080,IC,2018-08-23T06:18:00,2018-08-23T06:18:00,72,72
http://irail.be/vehicle/IC727,http://irail.be/stations/NMBS/008892007,IC,2018-08-23T06:27:00,2018-08-23T06:24:00,10,18
http://irail.be/vehicle/IC727,NO-URI,IC,2018-08-23T06:31:00,2018-08-23T06:31:00,23,23
http://irail.be/vehicle/IC727,http://irail.be/stations/NMBS/008893179,IC,2018-08-23T06:32:00,2018-08-23T06:32:00,-169,-169
http://irail.be/vehicle/IC727,http://irail.be/stations/NMBS/008893120,IC,2018-08-23T06:36:00,2018-08-23T06:35:00,33,-169
http://irail.be/vehicle/IC727,http://irail.be/stations/NMBS/008894151,IC,2018-08-23T06:43:00,2018-08-23T06:43:00,-6,-6
http://irail.be/vehicle/IC727,http://irail.be/stations/NMBS/008894201,IC,2018-08-23T06:50:00,2018-08-23T06:48:00,4,-20
http://irail.be/vehicle/IC727,NO-URI,IC,2018-08-23T06:52:00,2018-08-23T06:52:00,-17,-17
http://irail.be/vehicle/IC727,http://irail.be/stations/NMBS/008894425,IC,2018-08-23T06:54:00,2018-08-23T06:54:00,-11,-11
http://irail.be/vehicle/IC727,http://irail.be/stations/NMBS/008894433,IC,2018-08-23T06:55:00,2018-08-23T06:55:00,-13,-13
http://irail.be/vehicle/IC727,http://irail.be/stations/NMBS/008894508,IC,2018-08-23T07:00:00,2018-08-23T06:58:00,19,9
http://irail.be/vehicle/IC727,NO-URI,IC,2018-08-23T07:02:00,2018-08-23T07:02:00,17,17
http://irail.be/vehicle/IC727,http://irail.be/stations/NMBS/008894714,IC,2018-08-23T07:03:00,2018-08-23T07:03:00,1,1
http://irail.be/vehicle/IC727,http://irail.be/stations/NMBS/008894748,IC,2018-08-23T07:06:00,2018-08-23T07:06:00,-30,-30
http://irail.be/vehicle/IC727,http://irail.be/stations/NMBS/008894755,IC,2018-08-23T07:07:00,2018-08-23T07:07:00,-26,-26
http://irail.be/vehicle/IC727,http://irail.be/stations/NMBS/008894821,IC,2018-08-23T07:08:00,2018-08-23T07:08:00,14,14
http://irail.be/vehicle/IC727,http://irail.be/stations/NMBS/008821196,IC,2018-08-23T07:12:00,2018-08-23T07:12:00,-6,-6
http://irail.be/vehicle/IC727,http://irail.be/stations/NMBS/008821121,IC,2018-08-23T07:19:00,2018-08-23T07:17:00,52,-32
http://irail.be/vehicle/IC727,http://irail.be/stations/NMBS/008821006,IC,2018-08-23T07:23:00,2018-08-23T07:23:00,,12
http://irail.be/vehicle/IC727,http://irail.be/stations/NMBS/008896735,IC,2018-08-16T05:08:00,2018-08-16T05:08:00,41,
http://irail.be/vehicle/IC727,http://irail.be/stations/NMBS/008896503,IC,2018-08-16T05:16:00,2018-08-16T05:15:00,17,15
http://irail.be/vehicle/IC727,http://irail.be/stations/NMBS/008896412,IC,2018-08-16T05:26:00,2018-08-16T05:25:00,-21,-20
http://irail.be/vehicle/IC727,http://irail.be/stations/NMBS/008896396,IC,2018-08-16T05:30:00,2018-08-16T05:29:00,-21,-21
http://irail.be/vehicle/IC727,http://irail.be/stations/NMBS/008896305,IC,2018-08-16T05:35:00,2018-08-16T05:34:00,-26,-21
http://irail.be/vehicle/IC727,http://irail.be/stations/NMBS/008896370,IC,2018-08-16T05:40:00,2018-08-16T05:39:00,-26,-26
http://irail.be/vehicle/IC727,http://irail.be/stations/NMBS/008896388,IC,2018-08-16T05:45:00,2018-08-16T05:44:00,-91,-91
http://irail.be/vehicle/IC727,http://irail.be/stations/NMBS/008896008,IC,2018-08-16T05:58:00,2018-08-16T05:50:00,35,-114
http://irail.be/vehicle/IC727,http://irail.be/stations/NMBS/008896115,IC,2018-08-16T06:02:00,2018-08-16T06:02:00,5,5
http://irail.be/vehicle/IC727,http://irail.be/stations/NMBS/008896149,IC,2018-08-16T06:08:00,2018-08-16T06:07:00,-43,-29
http://irail.be/vehicle/IC727,http://irail.be/stations/NMBS/008892106,IC,2018-08-16T06:15:00,2018-08-16T06:15:00,-95,-95
http://irail.be/vehicle/IC727,NO-URI,IC,2018-08-16T06:15:00,2018-08-16T06:15:00,-63,-63
http://irail.be/vehicle/IC727,http://irail.be/stations/NMBS/008892080,IC,2018-08-16T06:18:00,2018-08-16T06:18:00,-75,-75
http://irail.be/vehicle/IC727,http://irail.be/stations/NMBS/008892007,IC,2018-08-16T06:27:00,2018-08-16T06:24:00,-1,-75
http://irail.be/vehicle/IC727,NO-URI,IC,2018-08-16T06:31:00,2018-08-16T06:31:00,52,52
http://irail.be/vehicle/IC727,http://irail.be/stations/NMBS/008893179,IC,2018-08-16T06:32:00,2018-08-16T06:32:00,-123,-123
http://irail.be/vehicle/IC727,http://irail.be/stations/NMBS/008893120,IC,2018-08-16T06:36:00,2018-08-16T06:35:00,71,-123
http://irail.be/vehicle/IC727,http://irail.be/stations/NMBS/008894151,IC,2018-08-16T06:43:00,2018-08-16T06:43:00,50,50
http://irail.be/vehicle/IC727,http://irail.be/stations/NMBS/008894201,IC,2018-08-16T06:50:00,2018-08-16T06:48:00,10,10
http://irail.be/vehicle/IC727,NO-URI,IC,2018-08-16T06:52:00,2018-08-16T06:52:00,-4,-4
http://irail.be/vehicle/IC727,http://irail.be/stations/NMBS/008894425,IC,2018-08-16T06:54:00,2018-08-16T06:54:00,0,0
http://irail.be/vehicle/IC727,http://irail.be/stations/NMBS/008894433,IC,2018-08-16T06:55:00,2018-08-16T06:55:00,-13,-13
http://irail.be/vehicle/IC727,http://irail.be/stations/NMBS/008894508,IC,2018-08-16T07:00:00,2018-08-16T06:58:00,8,-31
http://irail.be/vehicle/IC727,NO-URI,IC,2018-08-16T07:02:00,2018-08-16T07:02:00,8,8
http://irail.be/vehicle/IC727,http://irail.be/stations/NMBS/008894714,IC,2018-08-16T07:03:00,2018-08-16T07:03:00,-10,-10
http://irail.be/vehicle/IC727,http://irail.be/stations/NMBS/008894748,IC,2018-08-16T07:06:00,2018-08-16T07:06:00,-37,-37
http://irail.be/vehicle/IC727,http://irail.be/stations/NMBS/008894755,IC,2018-08-16T07:07:00,2018-08-16T07:07:00,-28,-28
http://irail.be/vehicle/IC727,http://irail.be/stations/NMBS/008894821,IC,2018-08-16T07:08:00,2018-08-16T07:08:00,18,18
http://irail.be/vehicle/IC727,http://irail.be/stations/NMBS/008821196,IC,2018-08-16T07:12:00,2018-08-16T07:12:00,2,2
http://irail.be/vehicle/IC727,http://irail.be/stations/NMBS/008821121,IC,2018-08-16T07:19:00,2018-08-16T07:17:00,-13,-5
http://irail.be/vehicle/IC727,http://irail.be/stations/NMBS/008821006,IC,2018-08-16T07:23:00,2018-08-16T07:23:00,,-47
http://irail.be/vehicle/IC727,http://irail.be/stations/NMBS/008896735,IC,2018-10-12T05:08:00,2018-10-12T05:08:00,80,
http://irail.be/vehicle/IC727,http://irail.be/stations/NMBS/008896503,IC,2018-10-12T05:16:00,2018-10-12T05:15:00,96,72
http://irail.be/vehicle/IC727,http://irail.be/stations/NMBS/008896412,IC,2018-10-12T05:26:00,2018-10-12T05:25:00,121,87
http://irail.be/vehicle/IC727,http://irail.be/stations/NMBS/008896396,IC,2018-10-12T05:30:00,2018-10-12T05:29:00,121,121
http://irail.be/vehicle/IC727,http://irail.be/stations/NMBS/008896305,IC,2018-10-12T05:35:00,2018-10-12T05:34:00,119,121
http://irail.be/vehicle/IC727,http://irail.be/stations/NMBS/008896370,IC,2018-10-12T05:40:00,2018-10-12T05:39:00,113,119
http://irail.be/vehicle/IC727,http://irail.be/stations/NMBS/008896388,IC,2018-10-12T05:45:00,2018-10-12T05:44:00,113,113
http://irail.be/vehicle/IC727,http://irail.be/stations/NMBS/008896008,IC,2018-10-12T05:58:00,2018-10-12T05:50:00,84,83
http://irail.be/vehicle/IC727,http://irail.be/stations/NMBS/008896115,IC,2018-10-12T06:02:00,2018-10-12T06:02:00,104,104
http://irail.be/vehicle/IC727,http://irail.be/stations/NMBS/008896149,IC,2018-10-12T06:08:00,2018-10-12T06:07:00,94,69
http://irail.be/vehicle/IC727,http://irail.be/stations/NMBS/008892106,IC,2018-10-12T06:15:00,2018-10-12T06:15:00,53,53
http://irail.be/vehicle/IC727,NO-URI,IC,2018-10-12T06:15:00,2018-10-12T06:15:00,87,87
http://irail.be/vehicle/IC727,http://irail.be/stations/NMBS/008892080,IC,2018-10-12T06:18:00,2018-10-12T06:18:00,62,62
http://irail.be/vehicle/IC727,http://irail.be/stations/NMBS/008892007,IC,2018-10-12T06:27:00,2018-10-12T06:24:00,25,54
http://irail.be/vehicle/IC727,NO-URI,IC,2018-10-12T06:31:00,2018-10-12T06:31:00,81,81
http://irail.be/vehicle/IC727,http://irail.be/stations/NMBS/008893179,IC,2018-10-12T06:32:00,2018-10-12T06:32:00,-29,-29
http://irail.be/vehicle/IC727,http://irail.be/stations/NMBS/008893120,IC,2018-10-12T06:36:00,2018-10-12T06:35:00,133,-29
http://irail.be/vehicle/IC727,http://irail.be/stations/NMBS/008894151,IC,2018-10-12T06:43:00,2018-10-12T06:43:00,108,108
http://irail.be/vehicle/IC727,http://irail.be/stations/NMBS/008894201,IC,2018-10-12T06:50:00,2018-10-12T06:48:00,57,65
http://irail.be/vehicle/IC727,NO-URI,IC,2018-10-12T06:52:00,2018-10-12T06:52:00,61,61
http://irail.be/vehicle/IC727,http://irail.be/stations/NMBS/008894425,IC,2018-10-12T06:54:00,2018-10-12T06:54:00,96,96
http://irail.be/vehicle/IC727,http://irail.be/stations/NMBS/008894433,IC,2018-10-12T06:55:00,2018-10-12T06:55:00,88,88
http://irail.be/vehicle/IC727,http://irail.be/stations/NMBS/008894508,IC,2018-10-12T07:00:00,2018-10-12T06:58:00,46,75
http://irail.be/vehicle/IC727,NO-URI,IC,2018-10-12T07:02:00,2018-10-12T07:02:00,63,63
http://irail.be/vehicle/IC727,http://irail.be/stations/NMBS/008894714,IC,2018-10-12T07:03:00,2018-10-12T07:03:00,52,52
http://irail.be/vehicle/IC727,http://irail.be/stations/NMBS/008894748,IC,2018-10-12T07:06:00,2018-10-12T07:06:00,32,32
http://irail.be/vehicle/IC727,http://irail.be/stations/NMBS/008894755,IC,2018-10-12T07:07:00,2018-10-12T07:07:00,28,28
http://irail.be/vehicle/IC727,http://irail.be/stations/NMBS/008894821,IC,2018-10-12T07:08:00,2018-10-12T07:08:00,55,55
http://irail.be/vehicle/IC727,http://irail.be/stations/NMBS/008821196,IC,2018-10-12T07:12:00,2018-10-12T07:12:00,34,34
http://irail.be/vehicle/IC727,http://irail.be/stations/NMBS/008821121,IC,2018-10-12T07:19:00,2018-10-12T07:17:00,12,56
http://irail.be/vehicle/IC727,http://irail.be/stations/NMBS/008821006,IC,2018-10-12T07:23:00,2018-10-12T07:23:00,,23
http://irail.be/vehicle/IC727,http://irail.be/stations/NMBS/008896735,IC,2018-01-30T05:08:00,2018-01-30T05:08:00,69,
http://irail.be/vehicle/IC727,http://irail.be/stations/NMBS/008896503,IC,2018-01-30T05:16:00,2018-01-30T05:15:00,44,37
http://irail.be/vehicle/IC727,http://irail.be/stations/NMBS/008896412,IC,2018-01-30T05:26:00,2018-01-30T05:25:00,0,2
http://irail.be/vehicle/IC727,http://irail.be/stations/NMBS/008896396,IC,2018-01-30T05:30:00,2018-01-30T05:29:00,0,0
http://irail.be/vehicle/IC727,http://irail.be/stations/NMBS/008896305,IC,2018-01-30T05:35:00,2018-01-30T05:34:00,-9,0
http://irail.be/vehicle/IC727,http://irail.be/stations/NMBS/008896370,IC,2018-01-30T05:40:00,2018-01-30T05:40:00,3,-9
http://irail.be/vehicle/IC727,http://irail.be/stations/NMBS/008896388,IC,2018-01-30T05:44:00,2018-01-30T05:44:00,3,3
http://irail.be/vehicle/IC727,http://irail.be/stations/NMBS/008896008,IC,2018-01-30T05:57:00,2018-01-30T05:50:00,69,-48
http://irail.be/vehicle/IC727,http://irail.be/stations/NMBS/008896115,IC,2018-01-30T06:01:00,2018-01-30T06:01:00,121,121
http://irail.be/vehicle/IC727,http://irail.be/stations/NMBS/008896149,IC,2018-01-30T06:06:00,2018-01-30T06:05:00,117,150
http://irail.be/vehicle/IC727,http://irail.be/stations/NMBS/008892106,IC,2018-01-30T06:15:00,2018-01-30T06:15:00,-35,-35
http://irail.be/vehicle/IC727,NO-URI,IC,2018-01-30T06:15:00,2018-01-30T06:15:00,21,21
http://irail.be/vehicle/IC727,http://irail.be/stations/NMBS/008892080,IC,2018-01-30T06:18:00,2018-01-30T06:18:00,30,30
http://irail.be/vehicle/IC727,http://irail.be/stations/NMBS/008892007,IC,2018-01-30T06:27:00,2018-01-30T06:24:00,18,-8
http://irail.be/vehicle/IC727,NO-URI,IC,2018-01-30T06:31:00,2018-01-30T06:31:00,52,52
http://irail.be/vehicle/IC727,http://irail.be/stations/NMBS/008893179,IC,2018-01-30T06:32:00,2018-01-30T06:32:00,-101,-101
http://irail.be/vehicle/IC727,http://irail.be/stations/NMBS/008893120,IC,2018-01-30T06:36:00,2018-01-30T06:35:00,-101,-101
http://irail.be/vehicle/IC727,http://irail.be/stations/NMBS/008894151,IC,2018-01-30T06:43:00,2018-01-30T06:43:00,168,168
http://irail.be/vehicle/IC727,http://irail.be/stations/NMBS/008894201,IC,2018-01-30T06:50:00,2018-01-30T06:48:00,68,117
http://irail.be/vehicle/IC727,NO-URI,IC,2018-01-30T06:52:00,2018-01-30T06:52:00,54,54
http://irail.be/vehicle/IC727,http://irail.be/stations/NMBS/008894425,IC,2018-01-30T06:54:00,2018-01-30T06:54:00,56,56
http://irail.be/vehicle/IC727,http://irail.be/stations/NMBS/008894433,IC,2018-01-30T06:55:00,2018-01-30T06:55:00,44,44
http://irail.be/vehicle/IC727,http://irail.be/stations/NMBS/008894508,IC,2018-01-30T07:00:00,2018-01-30T06:58:00,-5,25
http://irail.be/vehicle/IC727,NO-URI,IC,2018-01-30T07:02:00,2018-01-30T07:02:00,-4,-4
http://irail.be/vehicle/IC727,http://irail.be/stations/NMBS/008894714,IC,2018-01-30T07:03:00,2018-01-30T07:03:00,-19,-19
http://irail.be/vehicle/IC727,http://irail.be/stations/NMBS/008894748,IC,2018-01-30T07:06:00,2018-01-30T07:06:00,-55,-55
http://irail.be/vehicle/IC727,http://irail.be/stations/NMBS/008894755,IC,2018-01-30T07:07:00,2018-01-30T07:07:00,-63,-63
http://irail.be/vehicle/IC727,http://irail.be/stations/NMBS/008894821,IC,2018-01-30T07:08:00,2018-01-30T07:08:00,-46,-46
http://irail.be/vehicle/IC727,NO-URI,IC,2018-01-30T07:09:00,2018-01-30T07:09:00,-46,-46
http://irail.be/vehicle/IC727,http://irail.be/stations/NMBS/008821196,IC,2018-01-30T07:12:00,2018-01-30T07:12:00,-90,-90
http://irail.be/vehicle/IC727,http://irail.be/stations/NMBS/008821121,IC,2018-01-30T07:19:00,2018-01-30T07:17:00,46,-106
http://irail.be/vehicle/IC727,http://irail.be/stations/NMBS/008821006,IC,2018-01-30T07:23:00,2018-01-30T07:23:00,,57
http://irail.be/vehicle/IC727,http://irail.be/stations/NMBS/008896735,IC,2018-08-30T05:08:00,2018-08-30T05:08:00,63,
http://irail.be/vehicle/IC727,http://irail.be/stations/NMBS/008896503,IC,2018-08-30T05:16:00,2018-08-30T05:15:00,30,31
http://irail.be/vehicle/IC727,http://irail.be/stations/NMBS/008896412,IC,2018-08-30T05:26:00,2018-08-30T05:25:00,-33,-12
http://irail.be/vehicle/IC727,http://irail.be/stations/NMBS/008896396,IC,2018-08-30T05:30:00,2018-08-30T05:29:00,-33,-33
http://irail.be/vehicle/IC727,http://irail.be/stations/NMBS/008896305,IC,2018-08-30T05:35:00,2018-08-30T05:34:00,-35,-33
http://irail.be/vehicle/IC727,http://irail.be/stations/NMBS/008896370,IC,2018-08-30T05:40:00,2018-08-30T05:39:00,-13,-35
http://irail.be/vehicle/IC727,http://irail.be/stations/NMBS/008896388,IC,2018-08-30T05:45:00,2018-08-30T05:44:00,-13,-13
http://irail.be/vehicle/IC727,http://irail.be/stations/NMBS/008896008,IC,2018-08-30T05:58:00,2018-08-30T05:50:00,30,13
http://irail.be/vehicle/IC727,http://irail.be/stations/NMBS/008896115,IC,2018-08-30T06:02:00,2018-08-30T06:02:00,23,23
http://irail.be/vehicle/IC727,http://irail.be/stations/NMBS/008896149,IC,2018-08-30T06:08:00,2018-08-30T06:07:00,-2,-12
http://irail.be/vehicle/IC727,http://irail.be/stations/NMBS/008892106,IC,2018-08-30T06:15:00,2018-08-30T06:15:00,-47,-47
http://irail.be/vehicle/IC727,NO-URI,IC,2018-08-30T06:15:00,2018-08-30T06:15:00,-9,-9
http://irail.be/vehicle/IC727,http://irail.be/stations/NMBS/008892080,IC,2018-08-30T06:18:00,2018-08-30T06:18:00,-29,-29
http://irail.be/vehicle/IC727,http://irail.be/stations/NMBS/008892007,IC,2018-08-30T06:27:00,2018-08-30T06:24:00,4,-55
http://irail.be/vehicle/IC727,NO-URI,IC,2018-08-30T06:31:00,2018-08-30T06:31:00,24,24
http://irail.be/vehicle/IC727,http://irail.be/stations/NMBS/008893179,IC,2018-08-30T06:32:00,2018-08-30T06:32:00,-174,-174
http://irail.be/vehicle/IC727,http://irail.be/stations/NMBS/008893120,IC,2018-08-30T06:36:00,2018-08-30T06:35:00,94,-174
http://irail.be/vehicle/IC727,http://irail.be/stations/NMBS/008894151,IC,2018-08-30T06:43:00,2018-08-30T06:43:00,72,72
http://irail.be/vehicle/IC727,http://irail.be/stations/NMBS/008894201,IC,2018-08-30T06:50:00,2018-08-30T06:48:00,-2,33
http://irail.be/vehicle/IC727,NO-URI,IC,2018-08-30T06:52:00,2018-08-30T06:52:00,-21,-21
http://irail.be/vehicle/IC727,http://irail.be/stations/NMBS/008894425,IC,2018-08-30T06:54:00,2018-08-30T06:54:00,-18,-18
http://irail.be/vehicle/IC727,http://irail.be/stations/NMBS/008894433,IC,2018-08-30T06:55:00,2018-08-30T06:55:00,-27,-27
http://irail.be/vehicle/IC727,http://irail.be/stations/NMBS/008894508,IC,2018-08-30T07:00:00,2018-08-30T06:58:00,-13,-37
http://irail.be/vehicle/IC727,NO-URI,IC,2018-08-30T07:02:00,2018-08-30T07:02:00,-17,-17
http://irail.be/vehicle/IC727,http://irail.be/stations/NMBS/008894714,IC,2018-08-30T07:03:00,2018-08-30T07:03:00,-36,-36
http://irail.be/vehicle/IC727,http://irail.be/stations/NMBS/008894748,IC,2018-08-30T07:06:00,2018-08-30T07:06:00,-73,-73
http://irail.be/vehicle/IC727,http://irail.be/stations/NMBS/008894755,IC,2018-08-30T07:07:00,2018-08-30T07:07:00,-75,-75
http://irail.be/vehicle/IC727,http://irail.be/stations/NMBS/008894821,IC,2018-08-30T07:08:00,2018-08-30T07:08:00,-58,-58
http://irail.be/vehicle/IC727,http://irail.be/stations/NMBS/008821196,IC,2018-08-30T07:12:00,2018-08-30T07:12:00,-98,-98
http://irail.be/vehicle/IC727,http://irail.be/stations/NMBS/008821121,IC,2018-08-30T07:19:00,2018-08-30T07:17:00,18,-74
http://irail.be/vehicle/IC727,http://irail.be/stations/NMBS/008821006,IC,2018-08-30T07:23:00,2018-08-30T07:23:00,,11
http://irail.be/vehicle/IC727,http://irail.be/stations/NMBS/008896735,IC,2018-08-27T05:08:00,2018-08-27T05:08:00,85,
http://irail.be/vehicle/IC727,http://irail.be/stations/NMBS/008896503,IC,2018-08-27T05:16:00,2018-08-27T05:15:00,85,77
http://irail.be/vehicle/IC727,http://irail.be/stations/NMBS/008896412,IC,2018-08-27T05:26:00,2018-08-27T05:25:00,41,50
http://irail.be/vehicle/IC727,http://irail.be/stations/NMBS/008896396,IC,2018-08-27T05:30:00,2018-08-27T05:29:00,41,41
http://irail.be/vehicle/IC727,http://irail.be/stations/NMBS/008896305,IC,2018-08-27T05:35:00,2018-08-27T05:34:00,46,41
http://irail.be/vehicle/IC727,http://irail.be/stations/NMBS/008896370,IC,2018-08-27T05:40:00,2018-08-27T05:39:00,11,46
http://irail.be/vehicle/IC727,http://irail.be/stations/NMBS/008896388,IC,2018-08-27T05:45:00,2018-08-27T05:44:00,11,11
http://irail.be/vehicle/IC727,http://irail.be/stations/NMBS/008896008,IC,2018-08-27T05:58:00,2018-08-27T05:50:00,204,11
http://irail.be/vehicle/IC727,http://irail.be/stations/NMBS/008896115,IC,2018-08-27T06:02:00,2018-08-27T06:02:00,207,207
http://irail.be/vehicle/IC727,http://irail.be/stations/NMBS/008896149,IC,2018-08-27T06:08:00,2018-08-27T06:07:00,164,167
http://irail.be/vehicle/IC727,http://irail.be/stations/NMBS/008892106,IC,2018-08-27T06:15:00,2018-08-27T06:15:00,97,97
http://irail.be/vehicle/IC727,NO-URI,IC,2018-08-27T06:15:00,2018-08-27T06:15:00,129,129
http://irail.be/vehicle/IC727,http://irail.be/stations/NMBS/008892080,IC,2018-08-27T06:18:00,2018-08-27T06:18:00,98,98
http://irail.be/vehicle/IC727,http://irail.be/stations/NMBS/008892007,IC,2018-08-27T06:27:00,2018-08-27T06:24:00,1,42
http://irail.be/vehicle/IC727,NO-URI,IC,2018-08-27T06:31:00,2018-08-27T06:31:00,34,34
http://irail.be/vehicle/IC727,http://irail.be/stations/NMBS/008893179,IC,2018-08-27T06:32:00,2018-08-27T06:32:00,-166,-166
http://irail.be/vehicle/IC727,http://irail.be/stations/NMBS/008893120,IC,2018-08-27T06:36:00,2018-08-27T06:35:00,62,-166
http://irail.be/vehicle/IC727,http://irail.be/stations/NMBS/008894151,IC,2018-08-27T06:43:00,2018-08-27T06:43:00,17,17
http://irail.be/vehicle/IC727,http://irail.be/stations/NMBS/008894201,IC,2018-08-27T06:50:00,2018-08-27T06:48:00,7,-31
http://irail.be/vehicle/IC727,NO-URI,IC,2018-08-27T06:52:00,2018-08-27T06:52:00,-12,-12
http://irail.be/vehicle/IC727,http://irail.be/stations/NMBS/008894425,IC,2018-08-27T06:54:00,2018-08-27T06:54:00,-10,-10
http://irail.be/vehicle/IC727,http://irail.be/stations/NMBS/008894433,IC,2018-08-27T06:55:00,2018-08-27T06:55:00,-14,-14
http://irail.be/vehicle/IC727,http://irail.be/stations/NMBS/008894508,IC,2018-08-27T07:00:00,2018-08-27T06:58:00,10,-4
http://irail.be/vehicle/IC727,NO-URI,IC,2018-08-27T07:02:00,2018-08-27T07:02:00,21,21
http://irail.be/vehicle/IC727,http://irail.be/stations/NMBS/008894714,IC,2018-08-27T07:03:00,2018-08-27T07:03:00,5,5
http://irail.be/vehicle/IC727,http://irail.be/stations/NMBS/008894748,IC,2018-08-27T07:06:00,2018-08-27T07:06:00,-27,-27
http://irail.be/vehicle/IC727,http://irail.be/stations/NMBS/008894755,IC,2018-08-27T07:07:00,2018-08-27T07:07:00,-24,-24
http://irail.be/vehicle/IC727,http://irail.be/stations/NMBS/008894821,IC,2018-08-27T07:08:00,2018-08-27T07:08:00,14,14
http://irail.be/vehicle/IC727,http://irail.be/stations/NMBS/008821196,IC,2018-08-27T07:12:00,2018-08-27T07:12:00,-8,-8
http://irail.be/vehicle/IC727,http://irail.be/stations/NMBS/008821121,IC,2018-08-27T07:19:00,2018-08-27T07:17:00,43,-13
http://irail.be/vehicle/IC727,http://irail.be/stations/NMBS/008821006,IC,2018-08-27T07:23:00,2018-08-27T07:23:00,,39
http://irail.be/vehicle/IC727,http://irail.be/stations/NMBS/008896735,IC,2018-06-10T05:08:00,2018-06-10T05:08:00,100,
http://irail.be/vehicle/IC727,http://irail.be/stations/NMBS/008896503,IC,2018-06-10T05:16:00,2018-06-10T05:15:00,88,90
http://irail.be/vehicle/IC727,http://irail.be/stations/NMBS/008896412,IC,2018-06-10T05:26:00,2018-06-10T05:25:00,65,55
http://irail.be/vehicle/IC727,http://irail.be/stations/NMBS/008896396,IC,2018-06-10T05:30:00,2018-06-10T05:29:00,65,65
http://irail.be/vehicle/IC727,http://irail.be/stations/NMBS/008896305,IC,2018-06-10T05:35:00,2018-06-10T05:34:00,63,65
http://irail.be/vehicle/IC727,http://irail.be/stations/NMBS/008896370,IC,2018-06-10T05:40:00,2018-06-10T05:39:00,96,63
http://irail.be/vehicle/IC727,http://irail.be/stations/NMBS/008896388,IC,2018-06-10T05:45:00,2018-06-10T05:44:00,96,96
http://irail.be/vehicle/IC727,http://irail.be/stations/NMBS/008896008,IC,2018-06-10T05:58:00,2018-06-10T05:50:00,880,1002
http://irail.be/vehicle/IC727,http://irail.be/stations/NMBS/008896115,IC,2018-06-10T06:02:00,2018-06-10T06:02:00,912,912
http://irail.be/vehicle/IC727,http://irail.be/stations/NMBS/008896149,IC,2018-06-10T06:08:00,2018-06-10T06:07:00,828,862
http://irail.be/vehicle/IC727,http://irail.be/stations/NMBS/008892106,IC,2018-06-10T06:15:00,2018-06-10T06:15:00,763,763
http://irail.be/vehicle/IC727,NO-URI,IC,2018-06-10T06:15:00,2018-06-10T06:15:00,795,795
http://irail.be/vehicle/IC727,http://irail.be/stations/NMBS/008892080,IC,2018-06-10T06:18:00,2018-06-10T06:18:00,764,764
http://irail.be/vehicle/IC727,http://irail.be/stations/NMBS/008892007,IC,2018-06-10T06:27:00,2018-06-10T06:24:00,670,783
http://irail.be/vehicle/IC727,NO-URI,IC,2018-06-10T06:31:00,2018-06-10T06:31:00,705,705
http://irail.be/vehicle/IC727,http://irail.be/stations/NMBS/008893179,IC,2018-06-10T06:32:00,2018-06-10T06:32:00,500,500
http://irail.be/vehicle/IC727,http://irail.be/stations/NMBS/008893120,IC,2018-06-10T06:36:00,2018-06-10T06:35:00,687,500
http://irail.be/vehicle/IC727,http://irail.be/stations/NMBS/008894151,IC,2018-06-10T06:43:00,2018-06-10T06:43:00,789,789
http://irail.be/vehicle/IC727,http://irail.be/stations/NMBS/008894201,IC,2018-06-10T06:50:00,2018-06-10T06:48:00,677,742
http://irail.be/vehicle/IC727,NO-URI,IC,2018-06-10T06:52:00,2018-06-10T06:52:00,671,671
http://irail.be/vehicle/IC727,http://irail.be/stations/NMBS/008894425,IC,2018-06-10T06:54:00,2018-06-10T06:54:00,671,671
http://irail.be/vehicle/IC727,http://irail.be/stations/NMBS/008894433,IC,2018-06-10T06:55:00,2018-06-10T06:55:00,659,659
http://irail.be/vehicle/IC727,http://irail.be/stations/NMBS/008894508,IC,2018-06-10T07:00:00,2018-06-10T06:58:00,578,642
http://irail.be/vehicle/IC727,NO-URI,IC,2018-06-10T07:02:00,2018-06-10T07:02:00,565,565
http://irail.be/vehicle/IC727,http://irail.be/stations/NMBS/008894714,IC,2018-06-10T07:03:00,2018-06-10T07:03:00,546,546
http://irail.be/vehicle/IC727,http://irail.be/stations/NMBS/008894748,IC,2018-06-10T07:06:00,2018-06-10T07:06:00,508,508
http://irail.be/vehicle/IC727,http://irail.be/stations/NMBS/008894755,IC,2018-06-10T07:07:00,2018-06-10T07:07:00,498,498
http://irail.be/vehicle/IC727,http://irail.be/stations/NMBS/008894821,IC,2018-06-10T07:08:00,2018-06-10T07:08:00,517,517
http://irail.be/vehicle/IC727,http://irail.be/stations/NMBS/008821196,IC,2018-06-10T07:12:00,2018-06-10T07:12:00,482,472
http://irail.be/vehicle/IC727,http://irail.be/stations/NMBS/008821121,IC,2018-06-10T07:19:00,2018-06-10T07:17:00,280,400
http://irail.be/vehicle/IC727,http://irail.be/stations/NMBS/008821006,IC,2018-06-10T07:23:00,2018-06-10T07:23:00,,248
http://irail.be/vehicle/IC727,http://irail.be/stations/NMBS/008896735,IC,2018-01-18T05:08:00,2018-01-18T05:08:00,78,
http://irail.be/vehicle/IC727,http://irail.be/stations/NMBS/008896503,IC,2018-01-18T05:16:00,2018-01-18T05:15:00,41,51
http://irail.be/vehicle/IC727,http://irail.be/stations/NMBS/008896412,IC,2018-01-18T05:26:00,2018-01-18T05:25:00,-8,4
http://irail.be/vehicle/IC727,http://irail.be/stations/NMBS/008896396,IC,2018-01-18T05:30:00,2018-01-18T05:29:00,-8,-8
http://irail.be/vehicle/IC727,http://irail.be/stations/NMBS/008896305,IC,2018-01-18T05:35:00,2018-01-18T05:34:00,-30,-8
http://irail.be/vehicle/IC727,http://irail.be/stations/NMBS/008896370,IC,2018-01-18T05:40:00,2018-01-18T05:40:00,-19,-30
http://irail.be/vehicle/IC727,http://irail.be/stations/NMBS/008896388,IC,2018-01-18T05:44:00,2018-01-18T05:44:00,-19,-19
http://irail.be/vehicle/IC727,http://irail.be/stations/NMBS/008896008,IC,2018-01-18T05:57:00,2018-01-18T05:50:00,39,-76
http://irail.be/vehicle/IC727,http://irail.be/stations/NMBS/008896115,IC,2018-01-18T06:01:00,2018-01-18T06:01:00,84,84
http://irail.be/vehicle/IC727,http://irail.be/stations/NMBS/008896149,IC,2018-01-18T06:06:00,2018-01-18T06:05:00,110,113
http://irail.be/vehicle/IC727,http://irail.be/stations/NMBS/008892106,IC,2018-01-18T06:15:00,2018-01-18T06:15:00,-23,-23
http://irail.be/vehicle/IC727,NO-URI,IC,2018-01-18T06:15:00,2018-01-18T06:15:00,45,45
http://irail.be/vehicle/IC727,http://irail.be/stations/NMBS/008892080,IC,2018-01-18T06:18:00,2018-01-18T06:18:00,47,47
http://irail.be/vehicle/IC727,http://irail.be/stations/NMBS/008892007,IC,2018-01-18T06:27:00,2018-01-18T06:24:00,29,61
http://irail.be/vehicle/IC727,NO-URI,IC,2018-01-18T06:31:00,2018-01-18T06:31:00,63,63
http://irail.be/vehicle/IC727,http://irail.be/stations/NMBS/008893179,IC,2018-01-18T06:32:00,2018-01-18T06:32:00,-131,-131
http://irail.be/vehicle/IC727,http://irail.be/stations/NMBS/008893120,IC,2018-01-18T06:36:00,2018-01-18T06:35:00,-131,-131
http://irail.be/vehicle/IC727,http://irail.be/stations/NMBS/008894151,IC,2018-01-18T06:43:00,2018-01-18T06:43:00,65,65
http://irail.be/vehicle/IC727,http://irail.be/stations/NMBS/008894201,IC,2018-01-18T06:50:00,2018-01-18T06:48:00,3,25
http://irail.be/vehicle/IC727,NO-URI,IC,2018-01-18T06:52:00,2018-01-18T06:52:00,-14,-14
http://irail.be/vehicle/IC727,http://irail.be/stations/NMBS/008894425,IC,2018-01-18T06:54:00,2018-01-18T06:54:00,-12,-12
http://irail.be/vehicle/IC727,http://irail.be/stations/NMBS/008894433,IC,2018-01-18T06:55:00,2018-01-18T06:55:00,-23,-23
http://irail.be/vehicle/IC727,http://irail.be/stations/NMBS/008894508,IC,2018-01-18T07:00:00,2018-01-18T06:58:00,-11,-31
http://irail.be/vehicle/IC727,NO-URI,IC,2018-01-18T07:02:00,2018-01-18T07:02:00,-10,-10
http://irail.be/vehicle/IC727,http://irail.be/stations/NMBS/008894714,IC,2018-01-18T07:03:00,2018-01-18T07:03:00,-26,-26
http://irail.be/vehicle/IC727,http://irail.be/stations/NMBS/008894748,IC,2018-01-18T07:06:00,2018-01-18T07:06:00,-63,-63
http://irail.be/vehicle/IC727,http://irail.be/stations/NMBS/008894755,IC,2018-01-18T07:07:00,2018-01-18T07:07:00,-67,-67
http://irail.be/vehicle/IC727,http://irail.be/stations/NMBS/008894821,IC,2018-01-18T07:08:00,2018-01-18T07:08:00,-47,-47
http://irail.be/vehicle/IC727,NO-URI,IC,2018-01-18T07:09:00,2018-01-18T07:09:00,-47,-47
http://irail.be/vehicle/IC727,http://irail.be/stations/NMBS/008821196,IC,2018-01-18T07:12:00,2018-01-18T07:12:00,-85,-85
http://irail.be/vehicle/IC727,http://irail.be/stations/NMBS/008821121,IC,2018-01-18T07:19:00,2018-01-18T07:17:00,233,91
http://irail.be/vehicle/IC727,http://irail.be/stations/NMBS/008821006,IC,2018-01-18T07:23:00,2018-01-18T07:23:00,,249
http://irail.be/vehicle/IC727,http://irail.be/stations/NMBS/008896735,IC,2018-11-13T05:08:00,2018-11-13T05:08:00,57,
http://irail.be/vehicle/IC727,http://irail.be/stations/NMBS/008896503,IC,2018-11-13T05:16:00,2018-11-13T05:15:00,56,57
http://irail.be/vehicle/IC727,http://irail.be/stations/NMBS/008896412,IC,2018-11-13T05:26:00,2018-11-13T05:25:00,104,33
http://irail.be/vehicle/IC727,http://irail.be/stations/NMBS/008896396,IC,2018-11-13T05:30:00,2018-11-13T05:29:00,104,104
http://irail.be/vehicle/IC727,http://irail.be/stations/NMBS/008896305,IC,2018-11-13T05:35:00,2018-11-13T05:34:00,110,104
http://irail.be/vehicle/IC727,http://irail.be/stations/NMBS/008896370,IC,2018-11-13T05:40:00,2018-11-13T05:39:00,69,110
http://irail.be/vehicle/IC727,http://irail.be/stations/NMBS/008896388,IC,2018-11-13T05:45:00,2018-11-13T05:44:00,69,69
http://irail.be/vehicle/IC727,http://irail.be/stations/NMBS/008896008,IC,2018-11-13T05:58:00,2018-11-13T05:50:00,64,62
http://irail.be/vehicle/IC727,http://irail.be/stations/NMBS/008896115,IC,2018-11-13T06:02:00,2018-11-13T06:02:00,59,59
http://irail.be/vehicle/IC727,http://irail.be/stations/NMBS/008896149,IC,2018-11-13T06:08:00,2018-11-13T06:07:00,48,22
http://irail.be/vehicle/IC727,http://irail.be/stations/NMBS/008892106,IC,2018-11-13T06:15:00,2018-11-13T06:15:00,-3,-3
http://irail.be/vehicle/IC727,NO-URI,IC,2018-11-13T06:15:00,2018-11-13T06:15:00,32,32
http://irail.be/vehicle/IC727,http://irail.be/stations/NMBS/008892080,IC,2018-11-13T06:18:00,2018-11-13T06:18:00,4,4
http://irail.be/vehicle/IC727,http://irail.be/stations/NMBS/008892007,IC,2018-11-13T06:27:00,2018-11-13T06:24:00,3,20
http://irail.be/vehicle/IC727,NO-URI,IC,2018-11-13T06:31:00,2018-11-13T06:31:00,8,8
http://irail.be/vehicle/IC727,http://irail.be/stations/NMBS/008893179,IC,2018-11-13T06:32:00,2018-11-13T06:32:00,-8,-8
http://irail.be/vehicle/IC727,http://irail.be/stations/NMBS/008893120,IC,2018-11-13T06:36:00,2018-11-13T06:35:00,104,-60
http://irail.be/vehicle/IC727,http://irail.be/stations/NMBS/008894151,IC,2018-11-13T06:43:00,2018-11-13T06:43:00,95,95
http://irail.be/vehicle/IC727,http://irail.be/stations/NMBS/008894201,IC,2018-11-13T06:50:00,2018-11-13T06:48:00,49,63
http://irail.be/vehicle/IC727,NO-URI,IC,2018-11-13T06:52:00,2018-11-13T06:52:00,43,43
http://irail.be/vehicle/IC727,http://irail.be/stations/NMBS/008894425,IC,2018-11-13T06:54:00,2018-11-13T06:54:00,59,59
http://irail.be/vehicle/IC727,http://irail.be/stations/NMBS/008894433,IC,2018-11-13T06:55:00,2018-11-13T06:55:00,47,47
http://irail.be/vehicle/IC727,http://irail.be/stations/NMBS/008894508,IC,2018-11-13T07:00:00,2018-11-13T06:58:00,56,47
http://irail.be/vehicle/IC727,NO-URI,IC,2018-11-13T07:02:00,2018-11-13T07:02:00,52,52
http://irail.be/vehicle/IC727,http://irail.be/stations/NMBS/008894714,IC,2018-11-13T07:03:00,2018-11-13T07:03:00,38,38
http://irail.be/vehicle/IC727,http://irail.be/stations/NMBS/008894748,IC,2018-11-13T07:06:00,2018-11-13T07:06:00,15,15
http://irail.be/vehicle/IC727,http://irail.be/stations/NMBS/008894755,IC,2018-11-13T07:07:00,2018-11-13T07:07:00,85,85
http://irail.be/vehicle/IC727,http://irail.be/stations/NMBS/008894821,IC,2018-11-13T07:08:00,2018-11-13T07:08:00,166,166
http://irail.be/vehicle/IC727,http://irail.be/stations/NMBS/008821196,IC,2018-11-13T07:12:00,2018-11-13T07:12:00,156,156
http://irail.be/vehicle/IC727,http://irail.be/stations/NMBS/008821121,IC,2018-11-13T07:19:00,2018-11-13T07:17:00,133,169
http://irail.be/vehicle/IC727,http://irail.be/stations/NMBS/008821006,IC,2018-11-13T07:23:00,2018-11-13T07:23:00,,106
http://irail.be/vehicle/IC727,http://irail.be/stations/NMBS/008896735,IC,2018-12-19T05:08:00,2018-12-19T05:08:00,59,
http://irail.be/vehicle/IC727,http://irail.be/stations/NMBS/008896503,IC,2018-12-19T05:16:00,2018-12-19T05:15:00,34,30
http://irail.be/vehicle/IC727,http://irail.be/stations/NMBS/008896412,IC,2018-12-19T05:26:00,2018-12-19T05:25:00,43,11
http://irail.be/vehicle/IC727,http://irail.be/stations/NMBS/008896396,IC,2018-12-19T05:30:00,2018-12-19T05:29:00,43,43
http://irail.be/vehicle/IC727,http://irail.be/stations/NMBS/008896305,IC,2018-12-19T05:35:00,2018-12-19T05:34:00,49,43
http://irail.be/vehicle/IC727,http://irail.be/stations/NMBS/008896370,IC,2018-12-19T05:40:00,2018-12-19T05:39:00,18,49
http://irail.be/vehicle/IC727,http://irail.be/stations/NMBS/008896388,IC,2018-12-19T05:45:00,2018-12-19T05:44:00,18,18
http://irail.be/vehicle/IC727,http://irail.be/stations/NMBS/008896008,IC,2018-12-19T05:58:00,2018-12-19T05:50:00,68,-16
http://irail.be/vehicle/IC727,http://irail.be/stations/NMBS/008896115,IC,2018-12-19T06:02:00,2018-12-19T06:02:00,77,77
http://irail.be/vehicle/IC727,http://irail.be/stations/NMBS/008896149,IC,2018-12-19T06:08:00,2018-12-19T06:07:00,75,35
http://irail.be/vehicle/IC727,http://irail.be/stations/NMBS/008892106,IC,2018-12-19T06:15:00,2018-12-19T06:15:00,28,28
http://irail.be/vehicle/IC727,NO-URI,IC,2018-12-19T06:15:00,2018-12-19T06:15:00,60,60
http://irail.be/vehicle/IC727,http://irail.be/stations/NMBS/008892080,IC,2018-12-19T06:18:00,2018-12-19T06:18:00,34,34
http://irail.be/vehicle/IC727,http://irail.be/stations/NMBS/008892007,IC,2018-12-19T06:27:00,2018-12-19T06:24:00,17,4
http://irail.be/vehicle/IC727,NO-URI,IC,2018-12-19T06:32:00,2018-12-19T06:32:00,12,12
http://irail.be/vehicle/IC727,http://irail.be/stations/NMBS/008893179,IC,2018-12-19T06:33:00,2018-12-19T06:33:00,44,44
http://irail.be/vehicle/IC727,http://irail.be/stations/NMBS/008893120,IC,2018-12-19T06:36:00,2018-12-19T06:35:00,58,-55
http://irail.be/vehicle/IC727,http://irail.be/stations/NMBS/008894151,IC,2018-12-19T06:44:00,2018-12-19T06:44:00,-37,-37
http://irail.be/vehicle/IC727,http://irail.be/stations/NMBS/008894201,IC,2018-12-19T06:50:00,2018-12-19T06:48:00,62,-40
http://irail.be/vehicle/IC727,NO-URI,IC,2018-12-19T06:52:00,2018-12-19T06:52:00,47,47
http://irail.be/vehicle/IC727,http://irail.be/stations/NMBS/008894425,IC,2018-12-19T06:54:00,2018-12-19T06:54:00,50,50
http://irail.be/vehicle/IC727,http://irail.be/stations/NMBS/008894433,IC,2018-12-19T06:55:00,2018-12-19T06:55:00,37,37
http://irail.be/vehicle/IC727,http://irail.be/stations/NMBS/008894508,IC,2018-12-19T07:00:00,2018-12-19T06:58:00,39,22
http://irail.be/vehicle/IC727,NO-URI,IC,2018-12-19T07:02:00,2018-12-19T07:02:00,44,44
http://irail.be/vehicle/IC727,http://irail.be/stations/NMBS/008894714,IC,2018-12-19T07:03:00,2018-12-19T07:03:00,28,28
http://irail.be/vehicle/IC727,http://irail.be/stations/NMBS/008894748,IC,2018-12-19T07:06:00,2018-12-19T07:06:00,-5,-5
http://irail.be/vehicle/IC727,http://irail.be/stations/NMBS/008894755,IC,2018-12-19T07:07:00,2018-12-19T07:07:00,-12,-12
http://irail.be/vehicle/IC727,http://irail.be/stations/NMBS/008894821,IC,2018-12-19T07:08:00,2018-12-19T07:08:00,8,8
http://irail.be/vehicle/IC727,http://irail.be/stations/NMBS/008821196,IC,2018-12-19T07:12:00,2018-12-19T07:12:00,-15,-15
http://irail.be/vehicle/IC727,http://irail.be/stations/NMBS/008821121,IC,2018-12-19T07:19:00,2018-12-19T07:17:00,120,107
http://irail.be/vehicle/IC727,http://irail.be/stations/NMBS/008821006,IC,2018-12-19T07:23:00,2018-12-19T07:23:00,,87
http://irail.be/vehicle/IC727,http://irail.be/stations/NMBS/008896008,IC,2018-10-20T05:58:00,2018-10-20T05:58:00,32,
http://irail.be/vehicle/IC727,http://irail.be/stations/NMBS/008896115,IC,2018-10-20T06:02:00,2018-10-20T06:02:00,10,10
http://irail.be/vehicle/IC727,http://irail.be/stations/NMBS/008896149,IC,2018-10-20T06:08:00,2018-10-20T06:07:00,-2,-29
http://irail.be/vehicle/IC727,http://irail.be/stations/NMBS/008892106,IC,2018-10-20T06:15:00,2018-10-20T06:15:00,-63,-63
http://irail.be/vehicle/IC727,NO-URI,IC,2018-10-20T06:15:00,2018-10-20T06:15:00,-29,-29
http://irail.be/vehicle/IC727,http://irail.be/stations/NMBS/008892080,IC,2018-10-20T06:18:00,2018-10-20T06:18:00,-53,-53
http://irail.be/vehicle/IC727,http://irail.be/stations/NMBS/008892007,IC,2018-10-20T06:27:00,2018-10-20T06:24:00,25,-60
http://irail.be/vehicle/IC727,NO-URI,IC,2018-10-20T06:31:00,2018-10-20T06:31:00,53,53
http://irail.be/vehicle/IC727,http://irail.be/stations/NMBS/008893179,IC,2018-10-20T06:32:00,2018-10-20T06:32:00,-59,-59
http://irail.be/vehicle/IC727,http://irail.be/stations/NMBS/008893120,IC,2018-10-20T06:36:00,2018-10-20T06:35:00,102,-59
http://irail.be/vehicle/IC727,http://irail.be/stations/NMBS/008894151,IC,2018-10-20T06:43:00,2018-10-20T06:43:00,112,112
http://irail.be/vehicle/IC727,http://irail.be/stations/NMBS/008894201,IC,2018-10-20T06:50:00,2018-10-20T06:48:00,27,69
http://irail.be/vehicle/IC727,NO-URI,IC,2018-10-20T06:52:00,2018-10-20T06:52:00,15,15
http://irail.be/vehicle/IC727,http://irail.be/stations/NMBS/008894425,IC,2018-10-20T06:54:00,2018-10-20T06:54:00,16,16
http://irail.be/vehicle/IC727,http://irail.be/stations/NMBS/008894433,IC,2018-10-20T06:55:00,2018-10-20T06:55:00,5,5
http://irail.be/vehicle/IC727,http://irail.be/stations/NMBS/008894508,IC,2018-10-20T07:00:00,2018-10-20T06:58:00,11,-4
http://irail.be/vehicle/IC727,NO-URI,IC,2018-10-20T07:02:00,2018-10-20T07:02:00,2,2
http://irail.be/vehicle/IC727,http://irail.be/stations/NMBS/008894714,IC,2018-10-20T07:03:00,2018-10-20T07:03:00,-17,-17
http://irail.be/vehicle/IC727,http://irail.be/stations/NMBS/008894748,IC,2018-10-20T07:05:00,2018-10-20T07:05:00,6,6
http://irail.be/vehicle/IC727,http://irail.be/stations/NMBS/008894755,IC,2018-10-20T07:07:00,2018-10-20T07:07:00,-55,-55
http://irail.be/vehicle/IC727,http://irail.be/stations/NMBS/008894821,IC,2018-10-20T07:09:00,2018-10-20T07:09:00,-77,-77
http://irail.be/vehicle/IC727,http://irail.be/stations/NMBS/008821196,IC,2018-10-20T07:12:00,2018-10-20T07:12:00,-62,-62
http://irail.be/vehicle/IC727,http://irail.be/stations/NMBS/008821121,IC,2018-10-20T07:19:00,2018-10-20T07:17:00,-15,-105
http://irail.be/vehicle/IC727,http://irail.be/stations/NMBS/008821006,IC,2018-10-20T07:23:00,2018-10-20T07:23:00,,-35
http://irail.be/vehicle/IC727,http://irail.be/stations/NMBS/008896735,IC,2018-12-18T05:08:00,2018-12-18T05:08:00,51,
http://irail.be/vehicle/IC727,http://irail.be/stations/NMBS/008896503,IC,2018-12-18T05:16:00,2018-12-18T05:15:00,40,36
http://irail.be/vehicle/IC727,http://irail.be/stations/NMBS/008896412,IC,2018-12-18T05:26:00,2018-12-18T05:25:00,53,36
http://irail.be/vehicle/IC727,http://irail.be/stations/NMBS/008896396,IC,2018-12-18T05:30:00,2018-12-18T05:29:00,53,53
http://irail.be/vehicle/IC727,http://irail.be/stations/NMBS/008896305,IC,2018-12-18T05:35:00,2018-12-18T05:34:00,49,53
http://irail.be/vehicle/IC727,http://irail.be/stations/NMBS/008896370,IC,2018-12-18T05:40:00,2018-12-18T05:39:00,1,49
http://irail.be/vehicle/IC727,http://irail.be/stations/NMBS/008896388,IC,2018-12-18T05:45:00,2018-12-18T05:44:00,1,1
http://irail.be/vehicle/IC727,http://irail.be/stations/NMBS/008896008,IC,2018-12-18T05:58:00,2018-12-18T05:50:00,22,-22
http://irail.be/vehicle/IC727,http://irail.be/stations/NMBS/008896115,IC,2018-12-18T06:02:00,2018-12-18T06:02:00,40,40
http://irail.be/vehicle/IC727,http://irail.be/stations/NMBS/008896149,IC,2018-12-18T06:08:00,2018-12-18T06:07:00,-1,4
http://irail.be/vehicle/IC727,http://irail.be/stations/NMBS/008892106,IC,2018-12-18T06:15:00,2018-12-18T06:15:00,-32,-32
http://irail.be/vehicle/IC727,NO-URI,IC,2018-12-18T06:15:00,2018-12-18T06:15:00,45,45
http://irail.be/vehicle/IC727,http://irail.be/stations/NMBS/008892080,IC,2018-12-18T06:18:00,2018-12-18T06:18:00,66,66
http://irail.be/vehicle/IC727,http://irail.be/stations/NMBS/008892007,IC,2018-12-18T06:27:00,2018-12-18T06:24:00,40,49
http://irail.be/vehicle/IC727,NO-URI,IC,2018-12-18T06:32:00,2018-12-18T06:32:00,64,64
http://irail.be/vehicle/IC727,http://irail.be/stations/NMBS/008893179,IC,2018-12-18T06:33:00,2018-12-18T06:33:00,104,104
http://irail.be/vehicle/IC727,http://irail.be/stations/NMBS/008893120,IC,2018-12-18T06:36:00,2018-12-18T06:35:00,90,7
http://irail.be/vehicle/IC727,http://irail.be/stations/NMBS/008894151,IC,2018-12-18T06:44:00,2018-12-18T06:44:00,25,25
http://irail.be/vehicle/IC727,http://irail.be/stations/NMBS/008894201,IC,2018-12-18T06:50:00,2018-12-18T06:48:00,23,28
http://irail.be/vehicle/IC727,NO-URI,IC,2018-12-18T06:52:00,2018-12-18T06:52:00,9,9
http://irail.be/vehicle/IC727,http://irail.be/stations/NMBS/008894425,IC,2018-12-18T06:54:00,2018-12-18T06:54:00,17,17
http://irail.be/vehicle/IC727,http://irail.be/stations/NMBS/008894433,IC,2018-12-18T06:55:00,2018-12-18T06:55:00,8,8
http://irail.be/vehicle/IC727,http://irail.be/stations/NMBS/008894508,IC,2018-12-18T07:00:00,2018-12-18T06:58:00,12,14
http://irail.be/vehicle/IC727,NO-URI,IC,2018-12-18T07:02:00,2018-12-18T07:02:00,17,17
http://irail.be/vehicle/IC727,http://irail.be/stations/NMBS/008894714,IC,2018-12-18T07:03:00,2018-12-18T07:03:00,1,1
http://irail.be/vehicle/IC727,http://irail.be/stations/NMBS/008894748,IC,2018-12-18T07:06:00,2018-12-18T07:06:00,-29,-29
http://irail.be/vehicle/IC727,http://irail.be/stations/NMBS/008894755,IC,2018-12-18T07:07:00,2018-12-18T07:07:00,-32,-32
http://irail.be/vehicle/IC727,http://irail.be/stations/NMBS/008894821,IC,2018-12-18T07:08:00,2018-12-18T07:08:00,-3,-3
http://irail.be/vehicle/IC727,http://irail.be/stations/NMBS/008821196,IC,2018-12-18T07:12:00,2018-12-18T07:12:00,-16,-16
http://irail.be/vehicle/IC727,http://irail.be/stations/NMBS/008821121,IC,2018-12-18T07:19:00,2018-12-18T07:17:00,-7,11
http://irail.be/vehicle/IC727,http://irail.be/stations/NMBS/008821006,IC,2018-12-18T07:23:00,2018-12-18T07:23:00,,0
http://irail.be/vehicle/IC727,http://irail.be/stations/NMBS/008896735,IC,2018-12-04T05:08:00,2018-12-04T05:08:00,34,
http://irail.be/vehicle/IC727,http://irail.be/stations/NMBS/008896503,IC,2018-12-04T05:16:00,2018-12-04T05:15:00,17,16
http://irail.be/vehicle/IC727,http://irail.be/stations/NMBS/008896412,IC,2018-12-04T05:26:00,2018-12-04T05:25:00,34,-12
http://irail.be/vehicle/IC727,http://irail.be/stations/NMBS/008896396,IC,2018-12-04T05:30:00,2018-12-04T05:29:00,34,34
http://irail.be/vehicle/IC727,http://irail.be/stations/NMBS/008896305,IC,2018-12-04T05:35:00,2018-12-04T05:34:00,47,34
http://irail.be/vehicle/IC727,http://irail.be/stations/NMBS/008896370,IC,2018-12-04T05:40:00,2018-12-04T05:39:00,-6,47
http://irail.be/vehicle/IC727,http://irail.be/stations/NMBS/008896388,IC,2018-12-04T05:45:00,2018-12-04T05:44:00,-6,-6
http://irail.be/vehicle/IC727,http://irail.be/stations/NMBS/008896008,IC,2018-12-04T05:50:00,2018-12-04T05:50:00,,-46
http://irail.be/vehicle/IC727,http://irail.be/stations/NMBS/008896735,IC,2018-04-01T05:08:00,2018-04-01T05:08:00,88,
http://irail.be/vehicle/IC727,http://irail.be/stations/NMBS/008896503,IC,2018-04-01T05:16:00,2018-04-01T05:15:00,42,41
http://irail.be/vehicle/IC727,http://irail.be/stations/NMBS/008896412,IC,2018-04-01T05:26:00,2018-04-01T05:25:00,-27,23
http://irail.be/vehicle/IC727,http://irail.be/stations/NMBS/008896396,IC,2018-04-01T05:30:00,2018-04-01T05:29:00,-27,-27
http://irail.be/vehicle/IC727,http://irail.be/stations/NMBS/008896305,IC,2018-04-01T05:35:00,2018-04-01T05:34:00,-63,-27
http://irail.be/vehicle/IC727,http://irail.be/stations/NMBS/008896370,IC,2018-04-01T05:40:00,2018-04-01T05:40:00,-63,-63
http://irail.be/vehicle/IC727,http://irail.be/stations/NMBS/008896388,IC,2018-04-01T05:44:00,2018-04-01T05:44:00,-68,-68
http://irail.be/vehicle/IC727,http://irail.be/stations/NMBS/008896008,IC,2018-04-01T05:57:00,2018-04-01T05:50:00,57,-115
http://irail.be/vehicle/IC727,http://irail.be/stations/NMBS/008896115,IC,2018-04-01T06:01:00,2018-04-01T06:01:00,36,36
http://irail.be/vehicle/IC727,http://irail.be/stations/NMBS/008896149,IC,2018-04-01T06:06:00,2018-04-01T06:05:00,31,41
http://irail.be/vehicle/IC727,http://irail.be/stations/NMBS/008892106,IC,2018-04-01T06:15:00,2018-04-01T06:15:00,-115,-115
http://irail.be/vehicle/IC727,NO-URI,IC,2018-04-01T06:15:00,2018-04-01T06:15:00,-97,-97
http://irail.be/vehicle/IC727,http://irail.be/stations/NMBS/008892080,IC,2018-04-01T06:18:00,2018-04-01T06:18:00,-114,-114
http://irail.be/vehicle/IC727,http://irail.be/stations/NMBS/008892007,IC,2018-04-01T06:27:00,2018-04-01T06:24:00,9,-115
http://irail.be/vehicle/IC727,NO-URI,IC,2018-04-01T06:31:00,2018-04-01T06:31:00,31,31
http://irail.be/vehicle/IC727,http://irail.be/stations/NMBS/008893179,IC,2018-04-01T06:32:00,2018-04-01T06:32:00,-163,-163
http://irail.be/vehicle/IC727,http://irail.be/stations/NMBS/008893120,IC,2018-04-01T06:36:00,2018-04-01T06:35:00,-163,-163
http://irail.be/vehicle/IC727,http://irail.be/stations/NMBS/008894151,IC,2018-04-01T06:43:00,2018-04-01T06:43:00,-2,-2
http://irail.be/vehicle/IC727,http://irail.be/stations/NMBS/008894201,IC,2018-04-01T06:50:00,2018-04-01T06:48:00,3,-37
http://irail.be/vehicle/IC727,NO-URI,IC,2018-04-01T06:52:00,2018-04-01T06:52:00,-3,-3
http://irail.be/vehicle/IC727,http://irail.be/stations/NMBS/008894425,IC,2018-04-01T06:54:00,2018-04-01T06:54:00,0,0
http://irail.be/vehicle/IC727,http://irail.be/stations/NMBS/008894433,IC,2018-04-01T06:55:00,2018-04-01T06:55:00,-11,-11
http://irail.be/vehicle/IC727,http://irail.be/stations/NMBS/008894508,IC,2018-04-01T07:00:00,2018-04-01T06:58:00,27,-25
http://irail.be/vehicle/IC727,NO-URI,IC,2018-04-01T07:02:00,2018-04-01T07:02:00,19,19
http://irail.be/vehicle/IC727,http://irail.be/stations/NMBS/008894714,IC,2018-04-01T07:03:00,2018-04-01T07:03:00,0,0
http://irail.be/vehicle/IC727,http://irail.be/stations/NMBS/008894748,IC,2018-04-01T07:06:00,2018-04-01T07:06:00,-32,-32
http://irail.be/vehicle/IC727,http://irail.be/stations/NMBS/008894755,IC,2018-04-01T07:07:00,2018-04-01T07:07:00,-36,-36
http://irail.be/vehicle/IC727,http://irail.be/stations/NMBS/008894821,IC,2018-04-01T07:08:00,2018-04-01T07:08:00,-12,-12
http://irail.be/vehicle/IC727,NO-URI,IC,2018-04-01T07:09:00,2018-04-01T07:09:00,-12,-12
http://irail.be/vehicle/IC727,http://irail.be/stations/NMBS/008821196,IC,2018-04-01T07:12:00,2018-04-01T07:12:00,-38,-38
http://irail.be/vehicle/IC727,http://irail.be/stations/NMBS/008821121,IC,2018-04-01T07:19:00,2018-04-01T07:17:00,-3,-87
http://irail.be/vehicle/IC727,http://irail.be/stations/NMBS/008821006,IC,2018-04-01T07:23:00,2018-04-01T07:23:00,,-26
http://irail.be/vehicle/IC727,http://irail.be/stations/NMBS/008896735,IC,2018-07-17T05:08:00,2018-07-17T05:08:00,70,
http://irail.be/vehicle/IC727,http://irail.be/stations/NMBS/008896503,IC,2018-07-17T05:16:00,2018-07-17T05:15:00,55,55
http://irail.be/vehicle/IC727,http://irail.be/stations/NMBS/008896412,IC,2018-07-17T05:26:00,2018-07-17T05:25:00,-25,14
http://irail.be/vehicle/IC727,http://irail.be/stations/NMBS/008896396,IC,2018-07-17T05:30:00,2018-07-17T05:29:00,-25,-25
http://irail.be/vehicle/IC727,http://irail.be/stations/NMBS/008896305,IC,2018-07-17T05:35:00,2018-07-17T05:34:00,-18,-25
http://irail.be/vehicle/IC727,http://irail.be/stations/NMBS/008896370,IC,2018-07-17T05:40:00,2018-07-17T05:39:00,-17,-18
http://irail.be/vehicle/IC727,http://irail.be/stations/NMBS/008896388,IC,2018-07-17T05:45:00,2018-07-17T05:44:00,-17,-17
http://irail.be/vehicle/IC727,http://irail.be/stations/NMBS/008896008,IC,2018-07-17T05:58:00,2018-07-17T05:50:00,45,-10
http://irail.be/vehicle/IC727,http://irail.be/stations/NMBS/008896115,IC,2018-07-17T06:02:00,2018-07-17T06:02:00,35,35
http://irail.be/vehicle/IC727,http://irail.be/stations/NMBS/008896149,IC,2018-07-17T06:08:00,2018-07-17T06:07:00,8,-7
http://irail.be/vehicle/IC727,http://irail.be/stations/NMBS/008892106,IC,2018-07-17T06:15:00,2018-07-17T06:15:00,-37,-37
http://irail.be/vehicle/IC727,NO-URI,IC,2018-07-17T06:15:00,2018-07-17T06:15:00,4,4
http://irail.be/vehicle/IC727,http://irail.be/stations/NMBS/008892080,IC,2018-07-17T06:18:00,2018-07-17T06:18:00,-7,-7
http://irail.be/vehicle/IC727,http://irail.be/stations/NMBS/008892007,IC,2018-07-17T06:27:00,2018-07-17T06:24:00,12,-50
http://irail.be/vehicle/IC727,NO-URI,IC,2018-07-17T06:31:00,2018-07-17T06:31:00,45,45
http://irail.be/vehicle/IC727,http://irail.be/stations/NMBS/008893179,IC,2018-07-17T06:32:00,2018-07-17T06:32:00,-165,-165
http://irail.be/vehicle/IC727,http://irail.be/stations/NMBS/008893120,IC,2018-07-17T06:36:00,2018-07-17T06:35:00,55,-165
http://irail.be/vehicle/IC727,http://irail.be/stations/NMBS/008894151,IC,2018-07-17T06:43:00,2018-07-17T06:43:00,40,40
http://irail.be/vehicle/IC727,http://irail.be/stations/NMBS/008894201,IC,2018-07-17T06:50:00,2018-07-17T06:48:00,12,-8
http://irail.be/vehicle/IC727,NO-URI,IC,2018-07-17T06:52:00,2018-07-17T06:52:00,2,2
http://irail.be/vehicle/IC727,http://irail.be/stations/NMBS/008894425,IC,2018-07-17T06:54:00,2018-07-17T06:54:00,3,3
http://irail.be/vehicle/IC727,http://irail.be/stations/NMBS/008894433,IC,2018-07-17T06:55:00,2018-07-17T06:55:00,-8,-8
http://irail.be/vehicle/IC727,http://irail.be/stations/NMBS/008894508,IC,2018-07-17T07:00:00,2018-07-17T06:58:00,6,-26
http://irail.be/vehicle/IC727,NO-URI,IC,2018-07-17T07:02:00,2018-07-17T07:02:00,6,6
http://irail.be/vehicle/IC727,http://irail.be/stations/NMBS/008894714,IC,2018-07-17T07:03:00,2018-07-17T07:03:00,-10,-10
http://irail.be/vehicle/IC727,http://irail.be/stations/NMBS/008894748,IC,2018-07-17T07:06:00,2018-07-17T07:06:00,-44,-44
http://irail.be/vehicle/IC727,http://irail.be/stations/NMBS/008894755,IC,2018-07-17T07:07:00,2018-07-17T07:07:00,-54,-54
http://irail.be/vehicle/IC727,http://irail.be/stations/NMBS/008894821,IC,2018-07-17T07:08:00,2018-07-17T07:08:00,-36,-36
http://irail.be/vehicle/IC727,http://irail.be/stations/NMBS/008821196,IC,2018-07-17T07:12:00,2018-07-17T07:12:00,-76,-76
http://irail.be/vehicle/IC727,http://irail.be/stations/NMBS/008821121,IC,2018-07-17T07:19:00,2018-07-17T07:17:00,5,-52
http://irail.be/vehicle/IC727,http://irail.be/stations/NMBS/008821006,IC,2018-07-17T07:23:00,2018-07-17T07:23:00,,37
http://irail.be/vehicle/IC727,http://irail.be/stations/NMBS/008896735,IC,2018-09-05T05:08:00,2018-09-05T05:08:00,66,
http://irail.be/vehicle/IC727,http://irail.be/stations/NMBS/008896503,IC,2018-09-05T05:16:00,2018-09-05T05:15:00,33,19
http://irail.be/vehicle/IC727,http://irail.be/stations/NMBS/008896412,IC,2018-09-05T05:26:00,2018-09-05T05:25:00,-22,-24
http://irail.be/vehicle/IC727,http://irail.be/stations/NMBS/008896396,IC,2018-09-05T05:30:00,2018-09-05T05:29:00,-22,-22
http://irail.be/vehicle/IC727,http://irail.be/stations/NMBS/008896305,IC,2018-09-05T05:35:00,2018-09-05T05:34:00,-15,-22
http://irail.be/vehicle/IC727,http://irail.be/stations/NMBS/008896370,IC,2018-09-05T05:40:00,2018-09-05T05:39:00,-17,-15
http://irail.be/vehicle/IC727,http://irail.be/stations/NMBS/008896388,IC,2018-09-05T05:45:00,2018-09-05T05:44:00,-17,-17
http://irail.be/vehicle/IC727,http://irail.be/stations/NMBS/008896008,IC,2018-09-05T05:58:00,2018-09-05T05:50:00,83,-9
http://irail.be/vehicle/IC727,http://irail.be/stations/NMBS/008896115,IC,2018-09-05T06:02:00,2018-09-05T06:02:00,108,108
http://irail.be/vehicle/IC727,http://irail.be/stations/NMBS/008896149,IC,2018-09-05T06:08:00,2018-09-05T06:07:00,95,66
http://irail.be/vehicle/IC727,http://irail.be/stations/NMBS/008892106,IC,2018-09-05T06:15:00,2018-09-05T06:15:00,42,42
http://irail.be/vehicle/IC727,NO-URI,IC,2018-09-05T06:15:00,2018-09-05T06:15:00,77,77
http://irail.be/vehicle/IC727,http://irail.be/stations/NMBS/008892080,IC,2018-09-05T06:18:00,2018-09-05T06:18:00,55,55
http://irail.be/vehicle/IC727,http://irail.be/stations/NMBS/008892007,IC,2018-09-05T06:27:00,2018-09-05T06:24:00,74,138
http://irail.be/vehicle/IC727,NO-URI,IC,2018-09-05T06:31:00,2018-09-05T06:31:00,142,142
http://irail.be/vehicle/IC727,http://irail.be/stations/NMBS/008893179,IC,2018-09-05T06:32:00,2018-09-05T06:32:00,-34,-34
http://irail.be/vehicle/IC727,http://irail.be/stations/NMBS/008893120,IC,2018-09-05T06:36:00,2018-09-05T06:35:00,198,-34
http://irail.be/vehicle/IC727,http://irail.be/stations/NMBS/008894151,IC,2018-09-05T06:43:00,2018-09-05T06:43:00,217,217
http://irail.be/vehicle/IC727,http://irail.be/stations/NMBS/008894201,IC,2018-09-05T06:50:00,2018-09-05T06:48:00,183,202
http://irail.be/vehicle/IC727,NO-URI,IC,2018-09-05T06:52:00,2018-09-05T06:52:00,171,171
http://irail.be/vehicle/IC727,http://irail.be/stations/NMBS/008894425,IC,2018-09-05T06:54:00,2018-09-05T06:54:00,172,172
http://irail.be/vehicle/IC727,http://irail.be/stations/NMBS/008894433,IC,2018-09-05T06:55:00,2018-09-05T06:55:00,161,161
http://irail.be/vehicle/IC727,http://irail.be/stations/NMBS/008894508,IC,2018-09-05T07:00:00,2018-09-05T06:58:00,120,152
http://irail.be/vehicle/IC727,NO-URI,IC,2018-09-05T07:02:00,2018-09-05T07:02:00,113,113
http://irail.be/vehicle/IC727,http://irail.be/stations/NMBS/008894714,IC,2018-09-05T07:03:00,2018-09-05T07:03:00,96,96
http://irail.be/vehicle/IC727,http://irail.be/stations/NMBS/008894748,IC,2018-09-05T07:06:00,2018-09-05T07:06:00,60,60
http://irail.be/vehicle/IC727,http://irail.be/stations/NMBS/008894755,IC,2018-09-05T07:07:00,2018-09-05T07:07:00,57,57
http://irail.be/vehicle/IC727,http://irail.be/stations/NMBS/008894821,IC,2018-09-05T07:08:00,2018-09-05T07:08:00,82,82
http://irail.be/vehicle/IC727,http://irail.be/stations/NMBS/008821196,IC,2018-09-05T07:12:00,2018-09-05T07:12:00,81,81
http://irail.be/vehicle/IC727,http://irail.be/stations/NMBS/008821121,IC,2018-09-05T07:19:00,2018-09-05T07:17:00,62,57
http://irail.be/vehicle/IC727,http://irail.be/stations/NMBS/008821006,IC,2018-09-05T07:23:00,2018-09-05T07:23:00,,64
http://irail.be/vehicle/IC727,http://irail.be/stations/NMBS/008896735,IC,2018-07-24T05:08:00,2018-07-24T05:08:00,53,
http://irail.be/vehicle/IC727,http://irail.be/stations/NMBS/008896503,IC,2018-07-24T05:16:00,2018-07-24T05:15:00,50,41
http://irail.be/vehicle/IC727,http://irail.be/stations/NMBS/008896412,IC,2018-07-24T05:26:00,2018-07-24T05:25:00,33,26
http://irail.be/vehicle/IC727,http://irail.be/stations/NMBS/008896396,IC,2018-07-24T05:30:00,2018-07-24T05:29:00,33,33
http://irail.be/vehicle/IC727,http://irail.be/stations/NMBS/008896305,IC,2018-07-24T05:35:00,2018-07-24T05:34:00,34,33
http://irail.be/vehicle/IC727,http://irail.be/stations/NMBS/008896370,IC,2018-07-24T05:40:00,2018-07-24T05:39:00,34,34
http://irail.be/vehicle/IC727,http://irail.be/stations/NMBS/008896388,IC,2018-07-24T05:45:00,2018-07-24T05:44:00,-33,-33
http://irail.be/vehicle/IC727,http://irail.be/stations/NMBS/008896008,IC,2018-07-24T05:58:00,2018-07-24T05:50:00,122,-46
http://irail.be/vehicle/IC727,http://irail.be/stations/NMBS/008896115,IC,2018-07-24T06:02:00,2018-07-24T06:02:00,465,465
http://irail.be/vehicle/IC727,http://irail.be/stations/NMBS/008896149,IC,2018-07-24T06:08:00,2018-07-24T06:07:00,401,425
http://irail.be/vehicle/IC727,http://irail.be/stations/NMBS/008892106,IC,2018-07-24T06:15:00,2018-07-24T06:15:00,337,337
http://irail.be/vehicle/IC727,NO-URI,IC,2018-07-24T06:15:00,2018-07-24T06:15:00,369,369
http://irail.be/vehicle/IC727,http://irail.be/stations/NMBS/008892080,IC,2018-07-24T06:18:00,2018-07-24T06:18:00,340,340
http://irail.be/vehicle/IC727,http://irail.be/stations/NMBS/008892007,IC,2018-07-24T06:27:00,2018-07-24T06:24:00,183,301
http://irail.be/vehicle/IC727,NO-URI,IC,2018-07-24T06:31:00,2018-07-24T06:31:00,193,193
http://irail.be/vehicle/IC727,http://irail.be/stations/NMBS/008893179,IC,2018-07-24T06:32:00,2018-07-24T06:32:00,-18,-18
http://irail.be/vehicle/IC727,http://irail.be/stations/NMBS/008893120,IC,2018-07-24T06:36:00,2018-07-24T06:35:00,159,-18
http://irail.be/vehicle/IC727,http://irail.be/stations/NMBS/008894151,IC,2018-07-24T06:43:00,2018-07-24T06:43:00,116,116
http://irail.be/vehicle/IC727,http://irail.be/stations/NMBS/008894201,IC,2018-07-24T06:50:00,2018-07-24T06:48:00,39,71
http://irail.be/vehicle/IC727,NO-URI,IC,2018-07-24T06:52:00,2018-07-24T06:52:00,34,34
http://irail.be/vehicle/IC727,http://irail.be/stations/NMBS/008894425,IC,2018-07-24T06:54:00,2018-07-24T06:54:00,38,38
http://irail.be/vehicle/IC727,http://irail.be/stations/NMBS/008894433,IC,2018-07-24T06:55:00,2018-07-24T06:55:00,26,26
http://irail.be/vehicle/IC727,http://irail.be/stations/NMBS/008894508,IC,2018-07-24T07:00:00,2018-07-24T06:58:00,88,16
http://irail.be/vehicle/IC727,NO-URI,IC,2018-07-24T07:02:00,2018-07-24T07:02:00,109,109
http://irail.be/vehicle/IC727,http://irail.be/stations/NMBS/008894714,IC,2018-07-24T07:03:00,2018-07-24T07:03:00,92,92
http://irail.be/vehicle/IC727,http://irail.be/stations/NMBS/008894748,IC,2018-07-24T07:06:00,2018-07-24T07:06:00,60,60
http://irail.be/vehicle/IC727,http://irail.be/stations/NMBS/008894755,IC,2018-07-24T07:07:00,2018-07-24T07:07:00,55,55
http://irail.be/vehicle/IC727,http://irail.be/stations/NMBS/008894821,IC,2018-07-24T07:08:00,2018-07-24T07:08:00,78,78
http://irail.be/vehicle/IC727,http://irail.be/stations/NMBS/008821196,IC,2018-07-24T07:12:00,2018-07-24T07:12:00,46,46
http://irail.be/vehicle/IC727,http://irail.be/stations/NMBS/008821121,IC,2018-07-24T07:19:00,2018-07-24T07:17:00,-1,3
http://irail.be/vehicle/IC727,http://irail.be/stations/NMBS/008821006,IC,2018-07-24T07:23:00,2018-07-24T07:23:00,,-31
http://irail.be/vehicle/IC727,http://irail.be/stations/NMBS/008896735,IC,2018-09-18T05:08:00,2018-09-18T05:08:00,33,
http://irail.be/vehicle/IC727,http://irail.be/stations/NMBS/008896503,IC,2018-09-18T05:16:00,2018-09-18T05:15:00,7,5
http://irail.be/vehicle/IC727,http://irail.be/stations/NMBS/008896412,IC,2018-09-18T05:26:00,2018-09-18T05:25:00,-1,-23
http://irail.be/vehicle/IC727,http://irail.be/stations/NMBS/008896396,IC,2018-09-18T05:30:00,2018-09-18T05:29:00,-1,-1
http://irail.be/vehicle/IC727,http://irail.be/stations/NMBS/008896305,IC,2018-09-18T05:35:00,2018-09-18T05:34:00,-10,-1
http://irail.be/vehicle/IC727,http://irail.be/stations/NMBS/008896370,IC,2018-09-18T05:40:00,2018-09-18T05:39:00,5,-10
http://irail.be/vehicle/IC727,http://irail.be/stations/NMBS/008896388,IC,2018-09-18T05:45:00,2018-09-18T05:44:00,5,5
http://irail.be/vehicle/IC727,http://irail.be/stations/NMBS/008896008,IC,2018-09-18T05:58:00,2018-09-18T05:50:00,39,-34
http://irail.be/vehicle/IC727,http://irail.be/stations/NMBS/008896115,IC,2018-09-18T06:02:00,2018-09-18T06:02:00,25,25
http://irail.be/vehicle/IC727,http://irail.be/stations/NMBS/008896149,IC,2018-09-18T06:08:00,2018-09-18T06:07:00,8,-22
http://irail.be/vehicle/IC727,http://irail.be/stations/NMBS/008892106,IC,2018-09-18T06:15:00,2018-09-18T06:15:00,-50,-50
http://irail.be/vehicle/IC727,NO-URI,IC,2018-09-18T06:15:00,2018-09-18T06:15:00,-18,-18
http://irail.be/vehicle/IC727,http://irail.be/stations/NMBS/008892080,IC,2018-09-18T06:18:00,2018-09-18T06:18:00,-47,-47
http://irail.be/vehicle/IC727,http://irail.be/stations/NMBS/008892007,IC,2018-09-18T06:27:00,2018-09-18T06:24:00,44,-46
http://irail.be/vehicle/IC727,NO-URI,IC,2018-09-18T06:31:00,2018-09-18T06:31:00,60,60
http://irail.be/vehicle/IC727,http://irail.be/stations/NMBS/008893179,IC,2018-09-18T06:32:00,2018-09-18T06:32:00,-148,-148
http://irail.be/vehicle/IC727,http://irail.be/stations/NMBS/008893120,IC,2018-09-18T06:36:00,2018-09-18T06:35:00,40,-148
http://irail.be/vehicle/IC727,http://irail.be/stations/NMBS/008894151,IC,2018-09-18T06:43:00,2018-09-18T06:43:00,-4,-4
http://irail.be/vehicle/IC727,http://irail.be/stations/NMBS/008894201,IC,2018-09-18T06:50:00,2018-09-18T06:48:00,11,-50
http://irail.be/vehicle/IC727,NO-URI,IC,2018-09-18T06:52:00,2018-09-18T06:52:00,14,14
http://irail.be/vehicle/IC727,http://irail.be/stations/NMBS/008894425,IC,2018-09-18T06:54:00,2018-09-18T06:54:00,20,20
http://irail.be/vehicle/IC727,http://irail.be/stations/NMBS/008894433,IC,2018-09-18T06:55:00,2018-09-18T06:55:00,9,9
http://irail.be/vehicle/IC727,http://irail.be/stations/NMBS/008894508,IC,2018-09-18T07:00:00,2018-09-18T06:58:00,-6,-11
http://irail.be/vehicle/IC727,NO-URI,IC,2018-09-18T07:02:00,2018-09-18T07:02:00,-6,-6
http://irail.be/vehicle/IC727,http://irail.be/stations/NMBS/008894714,IC,2018-09-18T07:03:00,2018-09-18T07:03:00,-25,-25
http://irail.be/vehicle/IC727,http://irail.be/stations/NMBS/008894748,IC,2018-09-18T07:06:00,2018-09-18T07:06:00,-62,-62
http://irail.be/vehicle/IC727,http://irail.be/stations/NMBS/008894755,IC,2018-09-18T07:07:00,2018-09-18T07:07:00,-70,-70
http://irail.be/vehicle/IC727,http://irail.be/stations/NMBS/008894821,IC,2018-09-18T07:08:00,2018-09-18T07:08:00,-53,-53
http://irail.be/vehicle/IC727,http://irail.be/stations/NMBS/008821196,IC,2018-09-18T07:12:00,2018-09-18T07:12:00,-87,-87
http://irail.be/vehicle/IC727,http://irail.be/stations/NMBS/008821121,IC,2018-09-18T07:19:00,2018-09-18T07:17:00,-6,-80
http://irail.be/vehicle/IC727,http://irail.be/stations/NMBS/008821006,IC,2018-09-18T07:23:00,2018-09-18T07:23:00,,-12
