http://irail.be/vehicle/L5767,http://irail.be/stations/NMBS/008863008,L,2018-08-09T17:26:00,2018-08-09T17:26:00,-13,
http://irail.be/vehicle/L5767,NO-URI,L,2018-08-09T17:27:00,2018-08-09T17:27:00,-13,-13
http://irail.be/vehicle/L5767,http://irail.be/stations/NMBS/008863354,L,2018-08-09T17:29:00,2018-08-09T17:29:00,48,-13
http://irail.be/vehicle/L5767,http://irail.be/stations/NMBS/008863362,L,2018-08-09T17:32:00,2018-08-09T17:32:00,48,48
http://irail.be/vehicle/L5767,http://irail.be/stations/NMBS/008864964,L,2018-08-09T17:36:00,2018-08-09T17:36:00,48,48
http://irail.be/vehicle/L5767,http://irail.be/stations/NMBS/008864956,L,2018-08-09T17:39:00,2018-08-09T17:39:00,48,48
http://irail.be/vehicle/L5767,NO-URI,L,2018-08-09T17:41:00,2018-08-09T17:41:00,48,48
http://irail.be/vehicle/L5767,http://irail.be/stations/NMBS/008864949,L,2018-08-09T17:43:00,2018-08-09T17:43:00,35,35
http://irail.be/vehicle/L5767,http://irail.be/stations/NMBS/008864931,L,2018-08-09T17:47:00,2018-08-09T17:46:00,-34,-34
http://irail.be/vehicle/L5767,http://irail.be/stations/NMBS/008864923,L,2018-08-09T17:49:00,2018-08-09T17:49:00,-34,-34
http://irail.be/vehicle/L5767,http://irail.be/stations/NMBS/008864915,L,2018-08-09T17:51:00,2018-08-09T17:51:00,-34,-34
http://irail.be/vehicle/L5767,http://irail.be/stations/NMBS/008864501,L,2018-08-09T17:56:00,2018-08-09T17:56:00,,-29
http://irail.be/vehicle/L5767,http://irail.be/stations/NMBS/008863008,L,2018-09-13T17:26:00,2018-09-13T17:26:00,571,
http://irail.be/vehicle/L5767,NO-URI,L,2018-09-13T17:27:00,2018-09-13T17:27:00,571,571
http://irail.be/vehicle/L5767,http://irail.be/stations/NMBS/008863354,L,2018-09-13T17:29:00,2018-09-13T17:29:00,632,571
http://irail.be/vehicle/L5767,http://irail.be/stations/NMBS/008863362,L,2018-09-13T17:32:00,2018-09-13T17:32:00,632,632
http://irail.be/vehicle/L5767,http://irail.be/stations/NMBS/008864964,L,2018-09-13T17:36:00,2018-09-13T17:36:00,632,632
http://irail.be/vehicle/L5767,http://irail.be/stations/NMBS/008864956,L,2018-09-13T17:39:00,2018-09-13T17:39:00,632,632
http://irail.be/vehicle/L5767,NO-URI,L,2018-09-13T17:41:00,2018-09-13T17:41:00,632,632
http://irail.be/vehicle/L5767,http://irail.be/stations/NMBS/008864949,L,2018-09-13T17:43:00,2018-09-13T17:43:00,619,619
http://irail.be/vehicle/L5767,http://irail.be/stations/NMBS/008864931,L,2018-09-13T17:47:00,2018-09-13T17:46:00,552,552
http://irail.be/vehicle/L5767,http://irail.be/stations/NMBS/008864923,L,2018-09-13T17:49:00,2018-09-13T17:49:00,552,552
http://irail.be/vehicle/L5767,http://irail.be/stations/NMBS/008864915,L,2018-09-13T17:51:00,2018-09-13T17:51:00,552,552
http://irail.be/vehicle/L5767,http://irail.be/stations/NMBS/008864501,L,2018-09-13T17:56:00,2018-09-13T17:56:00,,564
http://irail.be/vehicle/L5767,http://irail.be/stations/NMBS/008863008,L,2018-09-14T17:26:00,2018-09-14T17:26:00,43,
http://irail.be/vehicle/L5767,NO-URI,L,2018-09-14T17:27:00,2018-09-14T17:27:00,43,43
http://irail.be/vehicle/L5767,http://irail.be/stations/NMBS/008863354,L,2018-09-14T17:29:00,2018-09-14T17:29:00,57,57
http://irail.be/vehicle/L5767,http://irail.be/stations/NMBS/008863362,L,2018-09-14T17:32:00,2018-09-14T17:32:00,38,38
http://irail.be/vehicle/L5767,http://irail.be/stations/NMBS/008864964,L,2018-09-14T17:36:00,2018-09-14T17:36:00,38,38
http://irail.be/vehicle/L5767,http://irail.be/stations/NMBS/008864956,L,2018-09-14T17:39:00,2018-09-14T17:39:00,38,38
http://irail.be/vehicle/L5767,NO-URI,L,2018-09-14T17:41:00,2018-09-14T17:41:00,38,38
http://irail.be/vehicle/L5767,http://irail.be/stations/NMBS/008864949,L,2018-09-14T17:43:00,2018-09-14T17:43:00,24,24
http://irail.be/vehicle/L5767,http://irail.be/stations/NMBS/008864931,L,2018-09-14T17:47:00,2018-09-14T17:46:00,-26,-26
http://irail.be/vehicle/L5767,http://irail.be/stations/NMBS/008864923,L,2018-09-14T17:49:00,2018-09-14T17:49:00,-26,-26
http://irail.be/vehicle/L5767,http://irail.be/stations/NMBS/008864915,L,2018-09-14T17:51:00,2018-09-14T17:51:00,-26,-26
http://irail.be/vehicle/L5767,http://irail.be/stations/NMBS/008864501,L,2018-09-14T17:56:00,2018-09-14T17:56:00,,-32
http://irail.be/vehicle/L5767,http://irail.be/stations/NMBS/008863008,L,2018-09-04T17:26:00,2018-09-04T17:26:00,249,
http://irail.be/vehicle/L5767,NO-URI,L,2018-09-04T17:27:00,2018-09-04T17:27:00,249,249
http://irail.be/vehicle/L5767,http://irail.be/stations/NMBS/008863354,L,2018-09-04T17:29:00,2018-09-04T17:29:00,260,260
http://irail.be/vehicle/L5767,http://irail.be/stations/NMBS/008863362,L,2018-09-04T17:32:00,2018-09-04T17:32:00,242,242
http://irail.be/vehicle/L5767,http://irail.be/stations/NMBS/008864964,L,2018-09-04T17:36:00,2018-09-04T17:36:00,242,242
http://irail.be/vehicle/L5767,http://irail.be/stations/NMBS/008864956,L,2018-09-04T17:39:00,2018-09-04T17:39:00,242,242
http://irail.be/vehicle/L5767,NO-URI,L,2018-09-04T17:41:00,2018-09-04T17:41:00,242,242
http://irail.be/vehicle/L5767,http://irail.be/stations/NMBS/008864949,L,2018-09-04T17:43:00,2018-09-04T17:43:00,230,230
http://irail.be/vehicle/L5767,http://irail.be/stations/NMBS/008864931,L,2018-09-04T17:47:00,2018-09-04T17:46:00,138,138
http://irail.be/vehicle/L5767,http://irail.be/stations/NMBS/008864923,L,2018-09-04T17:49:00,2018-09-04T17:49:00,138,138
http://irail.be/vehicle/L5767,http://irail.be/stations/NMBS/008864915,L,2018-09-04T17:51:00,2018-09-04T17:51:00,138,138
http://irail.be/vehicle/L5767,http://irail.be/stations/NMBS/008864501,L,2018-09-04T17:56:00,2018-09-04T17:56:00,,147
http://irail.be/vehicle/L5767,http://irail.be/stations/NMBS/008863008,L,2018-01-08T17:26:00,2018-01-08T17:26:00,99,
http://irail.be/vehicle/L5767,NO-URI,L,2018-01-08T17:27:00,2018-01-08T17:27:00,99,99
http://irail.be/vehicle/L5767,http://irail.be/stations/NMBS/008863354,L,2018-01-08T17:29:00,2018-01-08T17:29:00,102,99
http://irail.be/vehicle/L5767,http://irail.be/stations/NMBS/008863362,L,2018-01-08T17:32:00,2018-01-08T17:32:00,102,102
http://irail.be/vehicle/L5767,http://irail.be/stations/NMBS/008864964,L,2018-01-08T17:36:00,2018-01-08T17:36:00,102,102
http://irail.be/vehicle/L5767,http://irail.be/stations/NMBS/008864956,L,2018-01-08T17:39:00,2018-01-08T17:39:00,102,102
http://irail.be/vehicle/L5767,NO-URI,L,2018-01-08T17:41:00,2018-01-08T17:41:00,102,102
http://irail.be/vehicle/L5767,http://irail.be/stations/NMBS/008864949,L,2018-01-08T17:43:00,2018-01-08T17:43:00,90,90
http://irail.be/vehicle/L5767,http://irail.be/stations/NMBS/008864931,L,2018-01-08T17:47:00,2018-01-08T17:46:00,-12,-12
http://irail.be/vehicle/L5767,http://irail.be/stations/NMBS/008864923,L,2018-01-08T17:49:00,2018-01-08T17:49:00,-12,-12
http://irail.be/vehicle/L5767,http://irail.be/stations/NMBS/008864915,L,2018-01-08T17:51:00,2018-01-08T17:51:00,-12,-12
http://irail.be/vehicle/L5767,http://irail.be/stations/NMBS/008864501,L,2018-01-08T17:56:00,2018-01-08T17:56:00,,8
http://irail.be/vehicle/L5767,http://irail.be/stations/NMBS/008863008,L,2018-05-07T17:26:00,2018-05-07T17:26:00,597,
http://irail.be/vehicle/L5767,NO-URI,L,2018-05-07T17:27:00,2018-05-07T17:27:00,597,597
http://irail.be/vehicle/L5767,http://irail.be/stations/NMBS/008863354,L,2018-05-07T17:29:00,2018-05-07T17:29:00,607,607
http://irail.be/vehicle/L5767,http://irail.be/stations/NMBS/008863362,L,2018-05-07T17:32:00,2018-05-07T17:32:00,527,527
http://irail.be/vehicle/L5767,http://irail.be/stations/NMBS/008864964,L,2018-05-07T17:36:00,2018-05-07T17:36:00,527,527
http://irail.be/vehicle/L5767,http://irail.be/stations/NMBS/008864956,L,2018-05-07T17:39:00,2018-05-07T17:39:00,527,527
http://irail.be/vehicle/L5767,NO-URI,L,2018-05-07T17:41:00,2018-05-07T17:41:00,527,527
http://irail.be/vehicle/L5767,http://irail.be/stations/NMBS/008864949,L,2018-05-07T17:43:00,2018-05-07T17:43:00,513,513
http://irail.be/vehicle/L5767,http://irail.be/stations/NMBS/008864931,L,2018-05-07T17:47:00,2018-05-07T17:46:00,398,398
http://irail.be/vehicle/L5767,http://irail.be/stations/NMBS/008864923,L,2018-05-07T17:49:00,2018-05-07T17:49:00,398,398
http://irail.be/vehicle/L5767,http://irail.be/stations/NMBS/008864915,L,2018-05-07T17:51:00,2018-05-07T17:51:00,398,398
http://irail.be/vehicle/L5767,http://irail.be/stations/NMBS/008864501,L,2018-05-07T17:56:00,2018-05-07T17:56:00,,400
http://irail.be/vehicle/L5767,http://irail.be/stations/NMBS/008863008,L,2018-09-25T17:26:00,2018-09-25T17:26:00,79,
http://irail.be/vehicle/L5767,NO-URI,L,2018-09-25T17:27:00,2018-09-25T17:27:00,79,79
http://irail.be/vehicle/L5767,http://irail.be/stations/NMBS/008863354,L,2018-09-25T17:29:00,2018-09-25T17:29:00,89,89
http://irail.be/vehicle/L5767,http://irail.be/stations/NMBS/008863362,L,2018-09-25T17:32:00,2018-09-25T17:32:00,77,77
http://irail.be/vehicle/L5767,http://irail.be/stations/NMBS/008864964,L,2018-09-25T17:36:00,2018-09-25T17:36:00,77,77
http://irail.be/vehicle/L5767,http://irail.be/stations/NMBS/008864956,L,2018-09-25T17:39:00,2018-09-25T17:39:00,77,77
http://irail.be/vehicle/L5767,NO-URI,L,2018-09-25T17:41:00,2018-09-25T17:41:00,77,77
http://irail.be/vehicle/L5767,http://irail.be/stations/NMBS/008864949,L,2018-09-25T17:43:00,2018-09-25T17:43:00,63,63
http://irail.be/vehicle/L5767,http://irail.be/stations/NMBS/008864931,L,2018-09-25T17:47:00,2018-09-25T17:46:00,25,25
http://irail.be/vehicle/L5767,http://irail.be/stations/NMBS/008864923,L,2018-09-25T17:49:00,2018-09-25T17:49:00,25,25
http://irail.be/vehicle/L5767,http://irail.be/stations/NMBS/008864915,L,2018-09-25T17:51:00,2018-09-25T17:51:00,25,25
http://irail.be/vehicle/L5767,http://irail.be/stations/NMBS/008864501,L,2018-09-25T17:56:00,2018-09-25T17:56:00,,31
http://irail.be/vehicle/L5767,http://irail.be/stations/NMBS/008863008,L,2018-03-05T17:26:00,2018-03-05T17:26:00,41,
http://irail.be/vehicle/L5767,NO-URI,L,2018-03-05T17:27:00,2018-03-05T17:27:00,41,41
http://irail.be/vehicle/L5767,http://irail.be/stations/NMBS/008863354,L,2018-03-05T17:29:00,2018-03-05T17:29:00,123,55
http://irail.be/vehicle/L5767,http://irail.be/stations/NMBS/008863362,L,2018-03-05T17:32:00,2018-03-05T17:32:00,123,123
http://irail.be/vehicle/L5767,http://irail.be/stations/NMBS/008864964,L,2018-03-05T17:36:00,2018-03-05T17:36:00,123,123
http://irail.be/vehicle/L5767,http://irail.be/stations/NMBS/008864956,L,2018-03-05T17:39:00,2018-03-05T17:39:00,123,123
http://irail.be/vehicle/L5767,NO-URI,L,2018-03-05T17:41:00,2018-03-05T17:41:00,123,123
http://irail.be/vehicle/L5767,http://irail.be/stations/NMBS/008864949,L,2018-03-05T17:43:00,2018-03-05T17:43:00,115,115
http://irail.be/vehicle/L5767,http://irail.be/stations/NMBS/008864931,L,2018-03-05T17:47:00,2018-03-05T17:46:00,100,100
http://irail.be/vehicle/L5767,http://irail.be/stations/NMBS/008864923,L,2018-03-05T17:49:00,2018-03-05T17:49:00,100,100
http://irail.be/vehicle/L5767,http://irail.be/stations/NMBS/008864915,L,2018-03-05T17:51:00,2018-03-05T17:51:00,100,100
http://irail.be/vehicle/L5767,http://irail.be/stations/NMBS/008864501,L,2018-03-05T17:56:00,2018-03-05T17:56:00,,135
http://irail.be/vehicle/L5767,http://irail.be/stations/NMBS/008863008,L,2018-06-01T17:26:00,2018-06-01T17:26:00,329,
http://irail.be/vehicle/L5767,NO-URI,L,2018-06-01T17:27:00,2018-06-01T17:27:00,329,329
http://irail.be/vehicle/L5767,http://irail.be/stations/NMBS/008863354,L,2018-06-01T17:29:00,2018-06-01T17:29:00,355,340
http://irail.be/vehicle/L5767,http://irail.be/stations/NMBS/008863362,L,2018-06-01T17:32:00,2018-06-01T17:32:00,355,355
http://irail.be/vehicle/L5767,http://irail.be/stations/NMBS/008864964,L,2018-06-01T17:36:00,2018-06-01T17:36:00,355,355
http://irail.be/vehicle/L5767,http://irail.be/stations/NMBS/008864956,L,2018-06-01T17:39:00,2018-06-01T17:39:00,355,355
http://irail.be/vehicle/L5767,NO-URI,L,2018-06-01T17:41:00,2018-06-01T17:41:00,355,355
http://irail.be/vehicle/L5767,http://irail.be/stations/NMBS/008864949,L,2018-06-01T17:43:00,2018-06-01T17:43:00,349,349
http://irail.be/vehicle/L5767,http://irail.be/stations/NMBS/008864931,L,2018-06-01T17:47:00,2018-06-01T17:46:00,307,307
http://irail.be/vehicle/L5767,http://irail.be/stations/NMBS/008864923,L,2018-06-01T17:49:00,2018-06-01T17:49:00,307,307
http://irail.be/vehicle/L5767,http://irail.be/stations/NMBS/008864915,L,2018-06-01T17:51:00,2018-06-01T17:51:00,307,307
http://irail.be/vehicle/L5767,http://irail.be/stations/NMBS/008864501,L,2018-06-01T17:56:00,2018-06-01T17:56:00,,322
http://irail.be/vehicle/L5767,http://irail.be/stations/NMBS/008863008,L,2018-10-05T17:26:00,2018-10-05T17:26:00,401,
http://irail.be/vehicle/L5767,NO-URI,L,2018-10-05T17:27:00,2018-10-05T17:27:00,401,401
http://irail.be/vehicle/L5767,http://irail.be/stations/NMBS/008863354,L,2018-10-05T17:29:00,2018-10-05T17:29:00,401,401
http://irail.be/vehicle/L5767,http://irail.be/stations/NMBS/008863362,L,2018-10-05T17:32:00,2018-10-05T17:32:00,392,392
http://irail.be/vehicle/L5767,http://irail.be/stations/NMBS/008864964,L,2018-10-05T17:36:00,2018-10-05T17:36:00,392,392
http://irail.be/vehicle/L5767,http://irail.be/stations/NMBS/008864956,L,2018-10-05T17:39:00,2018-10-05T17:39:00,392,392
http://irail.be/vehicle/L5767,NO-URI,L,2018-10-05T17:41:00,2018-10-05T17:41:00,392,392
http://irail.be/vehicle/L5767,http://irail.be/stations/NMBS/008864949,L,2018-10-05T17:43:00,2018-10-05T17:43:00,379,379
http://irail.be/vehicle/L5767,http://irail.be/stations/NMBS/008864931,L,2018-10-05T17:47:00,2018-10-05T17:46:00,279,279
http://irail.be/vehicle/L5767,http://irail.be/stations/NMBS/008864923,L,2018-10-05T17:49:00,2018-10-05T17:49:00,279,279
http://irail.be/vehicle/L5767,http://irail.be/stations/NMBS/008864915,L,2018-10-05T17:51:00,2018-10-05T17:51:00,279,279
http://irail.be/vehicle/L5767,http://irail.be/stations/NMBS/008864501,L,2018-10-05T17:56:00,2018-10-05T17:56:00,,278
http://irail.be/vehicle/L5767,http://irail.be/stations/NMBS/008863008,L,2018-08-28T17:26:00,2018-08-28T17:26:00,143,
http://irail.be/vehicle/L5767,NO-URI,L,2018-08-28T17:27:00,2018-08-28T17:27:00,143,143
http://irail.be/vehicle/L5767,http://irail.be/stations/NMBS/008863354,L,2018-08-28T17:29:00,2018-08-28T17:29:00,176,143
http://irail.be/vehicle/L5767,http://irail.be/stations/NMBS/008863362,L,2018-08-28T17:32:00,2018-08-28T17:32:00,176,176
http://irail.be/vehicle/L5767,http://irail.be/stations/NMBS/008864964,L,2018-08-28T17:36:00,2018-08-28T17:36:00,176,176
http://irail.be/vehicle/L5767,http://irail.be/stations/NMBS/008864956,L,2018-08-28T17:39:00,2018-08-28T17:39:00,176,176
http://irail.be/vehicle/L5767,NO-URI,L,2018-08-28T17:41:00,2018-08-28T17:41:00,176,176
http://irail.be/vehicle/L5767,http://irail.be/stations/NMBS/008864949,L,2018-08-28T17:43:00,2018-08-28T17:43:00,170,170
http://irail.be/vehicle/L5767,http://irail.be/stations/NMBS/008864931,L,2018-08-28T17:47:00,2018-08-28T17:46:00,112,112
http://irail.be/vehicle/L5767,http://irail.be/stations/NMBS/008864923,L,2018-08-28T17:49:00,2018-08-28T17:49:00,112,112
http://irail.be/vehicle/L5767,http://irail.be/stations/NMBS/008864915,L,2018-08-28T17:51:00,2018-08-28T17:51:00,112,112
http://irail.be/vehicle/L5767,http://irail.be/stations/NMBS/008864501,L,2018-08-28T17:56:00,2018-08-28T17:56:00,,136
http://irail.be/vehicle/L5767,http://irail.be/stations/NMBS/008863008,L,2018-04-12T17:26:00,2018-04-12T17:26:00,57,
http://irail.be/vehicle/L5767,NO-URI,L,2018-04-12T17:27:00,2018-04-12T17:27:00,57,57
http://irail.be/vehicle/L5767,http://irail.be/stations/NMBS/008863354,L,2018-04-12T17:29:00,2018-04-12T17:29:00,99,72
http://irail.be/vehicle/L5767,http://irail.be/stations/NMBS/008863362,L,2018-04-12T17:32:00,2018-04-12T17:32:00,99,99
http://irail.be/vehicle/L5767,http://irail.be/stations/NMBS/008864964,L,2018-04-12T17:36:00,2018-04-12T17:36:00,99,99
http://irail.be/vehicle/L5767,http://irail.be/stations/NMBS/008864956,L,2018-04-12T17:39:00,2018-04-12T17:39:00,99,99
http://irail.be/vehicle/L5767,NO-URI,L,2018-04-12T17:41:00,2018-04-12T17:41:00,99,99
http://irail.be/vehicle/L5767,http://irail.be/stations/NMBS/008864949,L,2018-04-12T17:43:00,2018-04-12T17:43:00,93,93
http://irail.be/vehicle/L5767,http://irail.be/stations/NMBS/008864931,L,2018-04-12T17:47:00,2018-04-12T17:46:00,45,45
http://irail.be/vehicle/L5767,http://irail.be/stations/NMBS/008864923,L,2018-04-12T17:49:00,2018-04-12T17:49:00,45,45
http://irail.be/vehicle/L5767,http://irail.be/stations/NMBS/008864915,L,2018-04-12T17:51:00,2018-04-12T17:51:00,45,45
http://irail.be/vehicle/L5767,http://irail.be/stations/NMBS/008864501,L,2018-04-12T17:56:00,2018-04-12T17:56:00,,58
http://irail.be/vehicle/L5767,http://irail.be/stations/NMBS/008863008,L,2018-11-16T17:26:00,2018-11-16T17:26:00,26,
http://irail.be/vehicle/L5767,NO-URI,L,2018-11-16T17:27:00,2018-11-16T17:27:00,26,26
http://irail.be/vehicle/L5767,http://irail.be/stations/NMBS/008863354,L,2018-11-16T17:29:00,2018-11-16T17:29:00,125,55
http://irail.be/vehicle/L5767,http://irail.be/stations/NMBS/008863362,L,2018-11-16T17:32:00,2018-11-16T17:32:00,125,125
http://irail.be/vehicle/L5767,http://irail.be/stations/NMBS/008864964,L,2018-11-16T17:36:00,2018-11-16T17:36:00,125,125
http://irail.be/vehicle/L5767,http://irail.be/stations/NMBS/008864956,L,2018-11-16T17:39:00,2018-11-16T17:39:00,125,125
http://irail.be/vehicle/L5767,NO-URI,L,2018-11-16T17:41:00,2018-11-16T17:41:00,125,125
http://irail.be/vehicle/L5767,http://irail.be/stations/NMBS/008864949,L,2018-11-16T17:43:00,2018-11-16T17:43:00,141,116
http://irail.be/vehicle/L5767,http://irail.be/stations/NMBS/008864931,L,2018-11-16T17:47:00,2018-11-16T17:46:00,141,141
http://irail.be/vehicle/L5767,http://irail.be/stations/NMBS/008864923,L,2018-11-16T17:49:00,2018-11-16T17:49:00,141,141
http://irail.be/vehicle/L5767,http://irail.be/stations/NMBS/008864915,L,2018-11-16T17:51:00,2018-11-16T17:51:00,141,141
http://irail.be/vehicle/L5767,http://irail.be/stations/NMBS/008864501,L,2018-11-16T17:56:00,2018-11-16T17:56:00,,167
http://irail.be/vehicle/L5767,http://irail.be/stations/NMBS/008863008,L,2018-07-06T17:26:00,2018-07-06T17:26:00,433,
http://irail.be/vehicle/L5767,NO-URI,L,2018-07-06T17:27:00,2018-07-06T17:27:00,433,433
http://irail.be/vehicle/L5767,http://irail.be/stations/NMBS/008863354,L,2018-07-06T17:29:00,2018-07-06T17:29:00,451,451
http://irail.be/vehicle/L5767,http://irail.be/stations/NMBS/008863362,L,2018-07-06T17:32:00,2018-07-06T17:32:00,440,440
http://irail.be/vehicle/L5767,http://irail.be/stations/NMBS/008864964,L,2018-07-06T17:36:00,2018-07-06T17:36:00,440,440
http://irail.be/vehicle/L5767,http://irail.be/stations/NMBS/008864956,L,2018-07-06T17:39:00,2018-07-06T17:39:00,440,440
http://irail.be/vehicle/L5767,NO-URI,L,2018-07-06T17:41:00,2018-07-06T17:41:00,440,440
http://irail.be/vehicle/L5767,http://irail.be/stations/NMBS/008864949,L,2018-07-06T17:43:00,2018-07-06T17:43:00,426,426
http://irail.be/vehicle/L5767,http://irail.be/stations/NMBS/008864931,L,2018-07-06T17:47:00,2018-07-06T17:46:00,353,353
http://irail.be/vehicle/L5767,http://irail.be/stations/NMBS/008864923,L,2018-07-06T17:49:00,2018-07-06T17:49:00,353,353
http://irail.be/vehicle/L5767,http://irail.be/stations/NMBS/008864915,L,2018-07-06T17:51:00,2018-07-06T17:51:00,353,353
http://irail.be/vehicle/L5767,http://irail.be/stations/NMBS/008864501,L,2018-07-06T17:56:00,2018-07-06T17:56:00,,382
http://irail.be/vehicle/L5767,http://irail.be/stations/NMBS/008863008,L,2018-05-14T17:26:00,2018-05-14T17:26:00,144,
http://irail.be/vehicle/L5767,NO-URI,L,2018-05-14T17:27:00,2018-05-14T17:27:00,144,144
http://irail.be/vehicle/L5767,http://irail.be/stations/NMBS/008863354,L,2018-05-14T17:29:00,2018-05-14T17:29:00,156,156
http://irail.be/vehicle/L5767,http://irail.be/stations/NMBS/008863362,L,2018-05-14T17:32:00,2018-05-14T17:32:00,124,124
http://irail.be/vehicle/L5767,http://irail.be/stations/NMBS/008864964,L,2018-05-14T17:36:00,2018-05-14T17:36:00,124,124
http://irail.be/vehicle/L5767,http://irail.be/stations/NMBS/008864956,L,2018-05-14T17:39:00,2018-05-14T17:39:00,124,124
http://irail.be/vehicle/L5767,NO-URI,L,2018-05-14T17:41:00,2018-05-14T17:41:00,124,124
http://irail.be/vehicle/L5767,http://irail.be/stations/NMBS/008864949,L,2018-05-14T17:43:00,2018-05-14T17:43:00,113,113
http://irail.be/vehicle/L5767,http://irail.be/stations/NMBS/008864931,L,2018-05-14T17:47:00,2018-05-14T17:46:00,9,9
http://irail.be/vehicle/L5767,http://irail.be/stations/NMBS/008864923,L,2018-05-14T17:49:00,2018-05-14T17:49:00,9,9
http://irail.be/vehicle/L5767,http://irail.be/stations/NMBS/008864915,L,2018-05-14T17:51:00,2018-05-14T17:51:00,9,9
http://irail.be/vehicle/L5767,http://irail.be/stations/NMBS/008864501,L,2018-05-14T17:56:00,2018-05-14T17:56:00,,33
http://irail.be/vehicle/L5767,http://irail.be/stations/NMBS/008863008,L,2018-02-20T17:26:00,2018-02-20T17:26:00,578,
http://irail.be/vehicle/L5767,NO-URI,L,2018-02-20T17:27:00,2018-02-20T17:27:00,578,578
http://irail.be/vehicle/L5767,http://irail.be/stations/NMBS/008863354,L,2018-02-20T17:29:00,2018-02-20T17:29:00,613,601
http://irail.be/vehicle/L5767,http://irail.be/stations/NMBS/008863362,L,2018-02-20T17:32:00,2018-02-20T17:32:00,613,613
http://irail.be/vehicle/L5767,http://irail.be/stations/NMBS/008864964,L,2018-02-20T17:36:00,2018-02-20T17:36:00,613,613
http://irail.be/vehicle/L5767,http://irail.be/stations/NMBS/008864956,L,2018-02-20T17:39:00,2018-02-20T17:39:00,613,613
http://irail.be/vehicle/L5767,NO-URI,L,2018-02-20T17:41:00,2018-02-20T17:41:00,613,613
http://irail.be/vehicle/L5767,http://irail.be/stations/NMBS/008864949,L,2018-02-20T17:43:00,2018-02-20T17:43:00,615,615
http://irail.be/vehicle/L5767,http://irail.be/stations/NMBS/008864931,L,2018-02-20T17:47:00,2018-02-20T17:46:00,531,531
http://irail.be/vehicle/L5767,http://irail.be/stations/NMBS/008864923,L,2018-02-20T17:49:00,2018-02-20T17:49:00,531,531
http://irail.be/vehicle/L5767,http://irail.be/stations/NMBS/008864915,L,2018-02-20T17:51:00,2018-02-20T17:51:00,531,531
http://irail.be/vehicle/L5767,http://irail.be/stations/NMBS/008864501,L,2018-02-20T17:56:00,2018-02-20T17:56:00,,546
http://irail.be/vehicle/L5767,http://irail.be/stations/NMBS/008863008,L,2018-10-11T17:26:00,2018-10-11T17:26:00,22,
http://irail.be/vehicle/L5767,NO-URI,L,2018-10-11T17:27:00,2018-10-11T17:27:00,22,22
http://irail.be/vehicle/L5767,http://irail.be/stations/NMBS/008863354,L,2018-10-11T17:29:00,2018-10-11T17:29:00,35,35
http://irail.be/vehicle/L5767,http://irail.be/stations/NMBS/008863362,L,2018-10-11T17:32:00,2018-10-11T17:32:00,35,35
http://irail.be/vehicle/L5767,http://irail.be/stations/NMBS/008864964,L,2018-10-11T17:36:00,2018-10-11T17:36:00,35,35
http://irail.be/vehicle/L5767,http://irail.be/stations/NMBS/008864956,L,2018-10-11T17:39:00,2018-10-11T17:39:00,35,35
http://irail.be/vehicle/L5767,NO-URI,L,2018-10-11T17:41:00,2018-10-11T17:41:00,35,35
http://irail.be/vehicle/L5767,http://irail.be/stations/NMBS/008864949,L,2018-10-11T17:43:00,2018-10-11T17:43:00,22,22
http://irail.be/vehicle/L5767,http://irail.be/stations/NMBS/008864931,L,2018-10-11T17:47:00,2018-10-11T17:46:00,-21,-21
http://irail.be/vehicle/L5767,http://irail.be/stations/NMBS/008864923,L,2018-10-11T17:49:00,2018-10-11T17:49:00,-21,-21
http://irail.be/vehicle/L5767,http://irail.be/stations/NMBS/008864915,L,2018-10-11T17:51:00,2018-10-11T17:51:00,-21,-21
http://irail.be/vehicle/L5767,http://irail.be/stations/NMBS/008864501,L,2018-10-11T17:56:00,2018-10-11T17:56:00,,-15
http://irail.be/vehicle/L5767,http://irail.be/stations/NMBS/008863008,L,2018-03-23T17:26:00,2018-03-23T17:26:00,104,
http://irail.be/vehicle/L5767,NO-URI,L,2018-03-23T17:27:00,2018-03-23T17:27:00,104,104
http://irail.be/vehicle/L5767,http://irail.be/stations/NMBS/008863354,L,2018-03-23T17:29:00,2018-03-23T17:29:00,117,117
http://irail.be/vehicle/L5767,http://irail.be/stations/NMBS/008863362,L,2018-03-23T17:32:00,2018-03-23T17:32:00,110,110
http://irail.be/vehicle/L5767,http://irail.be/stations/NMBS/008864964,L,2018-03-23T17:36:00,2018-03-23T17:36:00,110,110
http://irail.be/vehicle/L5767,http://irail.be/stations/NMBS/008864956,L,2018-03-23T17:39:00,2018-03-23T17:39:00,110,110
http://irail.be/vehicle/L5767,NO-URI,L,2018-03-23T17:41:00,2018-03-23T17:41:00,110,110
http://irail.be/vehicle/L5767,http://irail.be/stations/NMBS/008864949,L,2018-03-23T17:43:00,2018-03-23T17:43:00,98,98
http://irail.be/vehicle/L5767,http://irail.be/stations/NMBS/008864931,L,2018-03-23T17:47:00,2018-03-23T17:46:00,13,13
http://irail.be/vehicle/L5767,http://irail.be/stations/NMBS/008864923,L,2018-03-23T17:49:00,2018-03-23T17:49:00,13,13
http://irail.be/vehicle/L5767,http://irail.be/stations/NMBS/008864915,L,2018-03-23T17:51:00,2018-03-23T17:51:00,13,13
http://irail.be/vehicle/L5767,http://irail.be/stations/NMBS/008864501,L,2018-03-23T17:56:00,2018-03-23T17:56:00,,31
http://irail.be/vehicle/L5767,http://irail.be/stations/NMBS/008863008,L,2018-04-26T17:26:00,2018-04-26T17:26:00,386,
http://irail.be/vehicle/L5767,NO-URI,L,2018-04-26T17:27:00,2018-04-26T17:27:00,386,386
http://irail.be/vehicle/L5767,http://irail.be/stations/NMBS/008863354,L,2018-04-26T17:29:00,2018-04-26T17:29:00,398,398
http://irail.be/vehicle/L5767,http://irail.be/stations/NMBS/008863362,L,2018-04-26T17:32:00,2018-04-26T17:32:00,338,338
http://irail.be/vehicle/L5767,http://irail.be/stations/NMBS/008864964,L,2018-04-26T17:36:00,2018-04-26T17:36:00,338,338
http://irail.be/vehicle/L5767,http://irail.be/stations/NMBS/008864956,L,2018-04-26T17:39:00,2018-04-26T17:39:00,338,338
http://irail.be/vehicle/L5767,NO-URI,L,2018-04-26T17:41:00,2018-04-26T17:41:00,338,338
http://irail.be/vehicle/L5767,http://irail.be/stations/NMBS/008864949,L,2018-04-26T17:43:00,2018-04-26T17:43:00,325,325
http://irail.be/vehicle/L5767,http://irail.be/stations/NMBS/008864931,L,2018-04-26T17:47:00,2018-04-26T17:46:00,224,224
http://irail.be/vehicle/L5767,http://irail.be/stations/NMBS/008864923,L,2018-04-26T17:49:00,2018-04-26T17:49:00,224,224
http://irail.be/vehicle/L5767,http://irail.be/stations/NMBS/008864915,L,2018-04-26T17:51:00,2018-04-26T17:51:00,224,224
http://irail.be/vehicle/L5767,http://irail.be/stations/NMBS/008864501,L,2018-04-26T17:56:00,2018-04-26T17:56:00,,233
http://irail.be/vehicle/L5767,http://irail.be/stations/NMBS/008863008,L,2018-02-27T17:26:00,2018-02-27T17:26:00,603,
http://irail.be/vehicle/L5767,NO-URI,L,2018-02-27T17:27:00,2018-02-27T17:27:00,603,603
http://irail.be/vehicle/L5767,http://irail.be/stations/NMBS/008863354,L,2018-02-27T17:29:00,2018-02-27T17:29:00,617,617
http://irail.be/vehicle/L5767,http://irail.be/stations/NMBS/008863362,L,2018-02-27T17:32:00,2018-02-27T17:32:00,534,534
http://irail.be/vehicle/L5767,http://irail.be/stations/NMBS/008864964,L,2018-02-27T17:36:00,2018-02-27T17:36:00,534,534
http://irail.be/vehicle/L5767,http://irail.be/stations/NMBS/008864956,L,2018-02-27T17:39:00,2018-02-27T17:39:00,534,534
http://irail.be/vehicle/L5767,NO-URI,L,2018-02-27T17:41:00,2018-02-27T17:41:00,534,534
http://irail.be/vehicle/L5767,http://irail.be/stations/NMBS/008864949,L,2018-02-27T17:43:00,2018-02-27T17:43:00,521,521
http://irail.be/vehicle/L5767,http://irail.be/stations/NMBS/008864931,L,2018-02-27T17:47:00,2018-02-27T17:46:00,374,374
http://irail.be/vehicle/L5767,http://irail.be/stations/NMBS/008864923,L,2018-02-27T17:49:00,2018-02-27T17:49:00,374,374
http://irail.be/vehicle/L5767,http://irail.be/stations/NMBS/008864915,L,2018-02-27T17:51:00,2018-02-27T17:51:00,374,374
http://irail.be/vehicle/L5767,http://irail.be/stations/NMBS/008864501,L,2018-02-27T17:56:00,2018-02-27T17:56:00,,371
http://irail.be/vehicle/L5767,http://irail.be/stations/NMBS/008863008,L,2018-04-23T17:26:00,2018-04-23T17:26:00,95,
http://irail.be/vehicle/L5767,NO-URI,L,2018-04-23T17:27:00,2018-04-23T17:27:00,95,95
http://irail.be/vehicle/L5767,http://irail.be/stations/NMBS/008863354,L,2018-04-23T17:29:00,2018-04-23T17:29:00,107,107
http://irail.be/vehicle/L5767,http://irail.be/stations/NMBS/008863362,L,2018-04-23T17:32:00,2018-04-23T17:32:00,64,64
http://irail.be/vehicle/L5767,http://irail.be/stations/NMBS/008864964,L,2018-04-23T17:36:00,2018-04-23T17:36:00,64,64
http://irail.be/vehicle/L5767,http://irail.be/stations/NMBS/008864956,L,2018-04-23T17:39:00,2018-04-23T17:39:00,64,64
http://irail.be/vehicle/L5767,NO-URI,L,2018-04-23T17:41:00,2018-04-23T17:41:00,64,64
http://irail.be/vehicle/L5767,http://irail.be/stations/NMBS/008864949,L,2018-04-23T17:43:00,2018-04-23T17:43:00,50,50
http://irail.be/vehicle/L5767,http://irail.be/stations/NMBS/008864931,L,2018-04-23T17:47:00,2018-04-23T17:46:00,-31,-31
http://irail.be/vehicle/L5767,http://irail.be/stations/NMBS/008864923,L,2018-04-23T17:49:00,2018-04-23T17:49:00,-31,-31
http://irail.be/vehicle/L5767,http://irail.be/stations/NMBS/008864915,L,2018-04-23T17:51:00,2018-04-23T17:51:00,-31,-31
http://irail.be/vehicle/L5767,http://irail.be/stations/NMBS/008864501,L,2018-04-23T17:56:00,2018-04-23T17:56:00,,-35
http://irail.be/vehicle/L5767,http://irail.be/stations/NMBS/008863008,L,2018-02-09T17:26:00,2018-02-09T17:26:00,84,
http://irail.be/vehicle/L5767,NO-URI,L,2018-02-09T17:27:00,2018-02-09T17:27:00,84,84
http://irail.be/vehicle/L5767,http://irail.be/stations/NMBS/008863354,L,2018-02-09T17:29:00,2018-02-09T17:29:00,190,100
http://irail.be/vehicle/L5767,http://irail.be/stations/NMBS/008863362,L,2018-02-09T17:32:00,2018-02-09T17:32:00,190,190
http://irail.be/vehicle/L5767,http://irail.be/stations/NMBS/008864964,L,2018-02-09T17:36:00,2018-02-09T17:36:00,190,190
http://irail.be/vehicle/L5767,http://irail.be/stations/NMBS/008864956,L,2018-02-09T17:39:00,2018-02-09T17:39:00,190,190
http://irail.be/vehicle/L5767,NO-URI,L,2018-02-09T17:41:00,2018-02-09T17:41:00,190,190
http://irail.be/vehicle/L5767,http://irail.be/stations/NMBS/008864949,L,2018-02-09T17:43:00,2018-02-09T17:43:00,475,475
http://irail.be/vehicle/L5767,http://irail.be/stations/NMBS/008864931,L,2018-02-09T17:47:00,2018-02-09T17:46:00,436,436
http://irail.be/vehicle/L5767,http://irail.be/stations/NMBS/008864923,L,2018-02-09T17:49:00,2018-02-09T17:49:00,436,436
http://irail.be/vehicle/L5767,http://irail.be/stations/NMBS/008864915,L,2018-02-09T17:51:00,2018-02-09T17:51:00,436,436
http://irail.be/vehicle/L5767,http://irail.be/stations/NMBS/008864501,L,2018-02-09T17:56:00,2018-02-09T17:56:00,,466
http://irail.be/vehicle/L5767,http://irail.be/stations/NMBS/008863008,L,2018-07-12T17:26:00,2018-07-12T17:26:00,23,
http://irail.be/vehicle/L5767,NO-URI,L,2018-07-12T17:27:00,2018-07-12T17:27:00,23,23
http://irail.be/vehicle/L5767,http://irail.be/stations/NMBS/008863354,L,2018-07-12T17:29:00,2018-07-12T17:29:00,89,23
http://irail.be/vehicle/L5767,http://irail.be/stations/NMBS/008863362,L,2018-07-12T17:32:00,2018-07-12T17:32:00,89,89
http://irail.be/vehicle/L5767,http://irail.be/stations/NMBS/008864964,L,2018-07-12T17:36:00,2018-07-12T17:36:00,89,89
http://irail.be/vehicle/L5767,http://irail.be/stations/NMBS/008864956,L,2018-07-12T17:39:00,2018-07-12T17:39:00,89,89
http://irail.be/vehicle/L5767,NO-URI,L,2018-07-12T17:41:00,2018-07-12T17:41:00,89,89
http://irail.be/vehicle/L5767,http://irail.be/stations/NMBS/008864949,L,2018-07-12T17:43:00,2018-07-12T17:43:00,76,76
http://irail.be/vehicle/L5767,http://irail.be/stations/NMBS/008864931,L,2018-07-12T17:47:00,2018-07-12T17:46:00,-28,-28
http://irail.be/vehicle/L5767,http://irail.be/stations/NMBS/008864923,L,2018-07-12T17:49:00,2018-07-12T17:49:00,-28,-28
http://irail.be/vehicle/L5767,http://irail.be/stations/NMBS/008864915,L,2018-07-12T17:51:00,2018-07-12T17:51:00,-28,-28
http://irail.be/vehicle/L5767,http://irail.be/stations/NMBS/008864501,L,2018-07-12T17:56:00,2018-07-12T17:56:00,,-24
http://irail.be/vehicle/L5767,http://irail.be/stations/NMBS/008863008,L,2018-06-25T17:26:00,2018-06-25T17:26:00,304,
http://irail.be/vehicle/L5767,NO-URI,L,2018-06-25T17:27:00,2018-06-25T17:27:00,304,304
http://irail.be/vehicle/L5767,http://irail.be/stations/NMBS/008863354,L,2018-06-25T17:29:00,2018-06-25T17:29:00,320,320
http://irail.be/vehicle/L5767,http://irail.be/stations/NMBS/008863362,L,2018-06-25T17:32:00,2018-06-25T17:32:00,280,280
http://irail.be/vehicle/L5767,http://irail.be/stations/NMBS/008864964,L,2018-06-25T17:36:00,2018-06-25T17:36:00,280,280
http://irail.be/vehicle/L5767,http://irail.be/stations/NMBS/008864956,L,2018-06-25T17:39:00,2018-06-25T17:39:00,280,280
http://irail.be/vehicle/L5767,NO-URI,L,2018-06-25T17:41:00,2018-06-25T17:41:00,280,280
http://irail.be/vehicle/L5767,http://irail.be/stations/NMBS/008864949,L,2018-06-25T17:43:00,2018-06-25T17:43:00,266,266
http://irail.be/vehicle/L5767,http://irail.be/stations/NMBS/008864931,L,2018-06-25T17:47:00,2018-06-25T17:46:00,169,169
http://irail.be/vehicle/L5767,http://irail.be/stations/NMBS/008864923,L,2018-06-25T17:49:00,2018-06-25T17:49:00,169,169
http://irail.be/vehicle/L5767,http://irail.be/stations/NMBS/008864915,L,2018-06-25T17:51:00,2018-06-25T17:51:00,169,169
http://irail.be/vehicle/L5767,http://irail.be/stations/NMBS/008864501,L,2018-06-25T17:56:00,2018-06-25T17:56:00,,168
http://irail.be/vehicle/L5767,http://irail.be/stations/NMBS/008863008,L,2018-07-11T17:26:00,2018-07-11T17:26:00,20,
http://irail.be/vehicle/L5767,NO-URI,L,2018-07-11T17:27:00,2018-07-11T17:27:00,20,20
http://irail.be/vehicle/L5767,http://irail.be/stations/NMBS/008863354,L,2018-07-11T17:29:00,2018-07-11T17:29:00,34,34
http://irail.be/vehicle/L5767,http://irail.be/stations/NMBS/008863362,L,2018-07-11T17:32:00,2018-07-11T17:32:00,5,5
http://irail.be/vehicle/L5767,http://irail.be/stations/NMBS/008864964,L,2018-07-11T17:36:00,2018-07-11T17:36:00,5,5
http://irail.be/vehicle/L5767,http://irail.be/stations/NMBS/008864956,L,2018-07-11T17:39:00,2018-07-11T17:39:00,5,5
http://irail.be/vehicle/L5767,NO-URI,L,2018-07-11T17:41:00,2018-07-11T17:41:00,5,5
http://irail.be/vehicle/L5767,http://irail.be/stations/NMBS/008864949,L,2018-07-11T17:43:00,2018-07-11T17:43:00,-8,-8
http://irail.be/vehicle/L5767,http://irail.be/stations/NMBS/008864931,L,2018-07-11T17:47:00,2018-07-11T17:46:00,-13,-13
http://irail.be/vehicle/L5767,http://irail.be/stations/NMBS/008864923,L,2018-07-11T17:49:00,2018-07-11T17:49:00,-13,-13
http://irail.be/vehicle/L5767,http://irail.be/stations/NMBS/008864915,L,2018-07-11T17:51:00,2018-07-11T17:51:00,-13,-13
http://irail.be/vehicle/L5767,http://irail.be/stations/NMBS/008864501,L,2018-07-11T17:56:00,2018-07-11T17:56:00,,-11
http://irail.be/vehicle/L5767,http://irail.be/stations/NMBS/008863008,L,2018-07-16T17:26:00,2018-07-16T17:26:00,55,
http://irail.be/vehicle/L5767,NO-URI,L,2018-07-16T17:27:00,2018-07-16T17:27:00,55,55
http://irail.be/vehicle/L5767,http://irail.be/stations/NMBS/008863354,L,2018-07-16T17:29:00,2018-07-16T17:29:00,70,70
http://irail.be/vehicle/L5767,http://irail.be/stations/NMBS/008863362,L,2018-07-16T17:32:00,2018-07-16T17:32:00,54,54
http://irail.be/vehicle/L5767,http://irail.be/stations/NMBS/008864964,L,2018-07-16T17:36:00,2018-07-16T17:36:00,54,54
http://irail.be/vehicle/L5767,http://irail.be/stations/NMBS/008864956,L,2018-07-16T17:39:00,2018-07-16T17:39:00,54,54
http://irail.be/vehicle/L5767,NO-URI,L,2018-07-16T17:41:00,2018-07-16T17:41:00,54,54
http://irail.be/vehicle/L5767,http://irail.be/stations/NMBS/008864949,L,2018-07-16T17:43:00,2018-07-16T17:43:00,42,42
http://irail.be/vehicle/L5767,http://irail.be/stations/NMBS/008864931,L,2018-07-16T17:47:00,2018-07-16T17:46:00,-33,-33
http://irail.be/vehicle/L5767,http://irail.be/stations/NMBS/008864923,L,2018-07-16T17:49:00,2018-07-16T17:49:00,-33,-33
http://irail.be/vehicle/L5767,http://irail.be/stations/NMBS/008864915,L,2018-07-16T17:51:00,2018-07-16T17:51:00,-33,-33
http://irail.be/vehicle/L5767,http://irail.be/stations/NMBS/008864501,L,2018-07-16T17:56:00,2018-07-16T17:56:00,,-17
http://irail.be/vehicle/L5767,http://irail.be/stations/NMBS/008863008,L,2018-03-19T17:26:00,2018-03-19T17:26:00,285,
http://irail.be/vehicle/L5767,NO-URI,L,2018-03-19T17:27:00,2018-03-19T17:27:00,285,285
http://irail.be/vehicle/L5767,http://irail.be/stations/NMBS/008863354,L,2018-03-19T17:29:00,2018-03-19T17:29:00,304,304
http://irail.be/vehicle/L5767,http://irail.be/stations/NMBS/008863362,L,2018-03-19T17:32:00,2018-03-19T17:32:00,251,251
http://irail.be/vehicle/L5767,http://irail.be/stations/NMBS/008864964,L,2018-03-19T17:36:00,2018-03-19T17:36:00,251,251
http://irail.be/vehicle/L5767,http://irail.be/stations/NMBS/008864956,L,2018-03-19T17:39:00,2018-03-19T17:39:00,251,251
http://irail.be/vehicle/L5767,NO-URI,L,2018-03-19T17:41:00,2018-03-19T17:41:00,251,251
http://irail.be/vehicle/L5767,http://irail.be/stations/NMBS/008864949,L,2018-03-19T17:43:00,2018-03-19T17:43:00,241,241
http://irail.be/vehicle/L5767,http://irail.be/stations/NMBS/008864931,L,2018-03-19T17:47:00,2018-03-19T17:46:00,157,157
http://irail.be/vehicle/L5767,http://irail.be/stations/NMBS/008864923,L,2018-03-19T17:49:00,2018-03-19T17:49:00,157,157
http://irail.be/vehicle/L5767,http://irail.be/stations/NMBS/008864915,L,2018-03-19T17:51:00,2018-03-19T17:51:00,157,157
http://irail.be/vehicle/L5767,http://irail.be/stations/NMBS/008864501,L,2018-03-19T17:56:00,2018-03-19T17:56:00,,165
http://irail.be/vehicle/L5767,http://irail.be/stations/NMBS/008863008,L,2018-10-31T17:26:00,2018-10-31T17:26:00,16,
http://irail.be/vehicle/L5767,NO-URI,L,2018-10-31T17:27:00,2018-10-31T17:27:00,16,16
http://irail.be/vehicle/L5767,http://irail.be/stations/NMBS/008863354,L,2018-10-31T17:29:00,2018-10-31T17:29:00,34,34
http://irail.be/vehicle/L5767,http://irail.be/stations/NMBS/008863362,L,2018-10-31T17:32:00,2018-10-31T17:32:00,-5,-5
http://irail.be/vehicle/L5767,http://irail.be/stations/NMBS/008864964,L,2018-10-31T17:36:00,2018-10-31T17:36:00,-5,-5
http://irail.be/vehicle/L5767,http://irail.be/stations/NMBS/008864956,L,2018-10-31T17:39:00,2018-10-31T17:39:00,-5,-5
http://irail.be/vehicle/L5767,NO-URI,L,2018-10-31T17:41:00,2018-10-31T17:41:00,-5,-5
http://irail.be/vehicle/L5767,http://irail.be/stations/NMBS/008864949,L,2018-10-31T17:43:00,2018-10-31T17:43:00,-18,-18
http://irail.be/vehicle/L5767,http://irail.be/stations/NMBS/008864931,L,2018-10-31T17:47:00,2018-10-31T17:46:00,-43,-43
http://irail.be/vehicle/L5767,http://irail.be/stations/NMBS/008864923,L,2018-10-31T17:49:00,2018-10-31T17:49:00,-43,-43
http://irail.be/vehicle/L5767,http://irail.be/stations/NMBS/008864915,L,2018-10-31T17:51:00,2018-10-31T17:51:00,-43,-43
http://irail.be/vehicle/L5767,http://irail.be/stations/NMBS/008864501,L,2018-10-31T17:56:00,2018-10-31T17:56:00,,-13
http://irail.be/vehicle/L5767,http://irail.be/stations/NMBS/008863008,L,2018-03-26T17:26:00,2018-03-26T17:26:00,56,
http://irail.be/vehicle/L5767,NO-URI,L,2018-03-26T17:27:00,2018-03-26T17:27:00,56,56
http://irail.be/vehicle/L5767,http://irail.be/stations/NMBS/008863354,L,2018-03-26T17:29:00,2018-03-26T17:29:00,68,68
http://irail.be/vehicle/L5767,http://irail.be/stations/NMBS/008863362,L,2018-03-26T17:32:00,2018-03-26T17:32:00,30,30
http://irail.be/vehicle/L5767,http://irail.be/stations/NMBS/008864964,L,2018-03-26T17:36:00,2018-03-26T17:36:00,30,30
http://irail.be/vehicle/L5767,http://irail.be/stations/NMBS/008864956,L,2018-03-26T17:39:00,2018-03-26T17:39:00,30,30
http://irail.be/vehicle/L5767,NO-URI,L,2018-03-26T17:41:00,2018-03-26T17:41:00,30,30
http://irail.be/vehicle/L5767,http://irail.be/stations/NMBS/008864949,L,2018-03-26T17:43:00,2018-03-26T17:43:00,16,16
http://irail.be/vehicle/L5767,http://irail.be/stations/NMBS/008864931,L,2018-03-26T17:47:00,2018-03-26T17:46:00,-47,-47
http://irail.be/vehicle/L5767,http://irail.be/stations/NMBS/008864923,L,2018-03-26T17:49:00,2018-03-26T17:49:00,-47,-47
http://irail.be/vehicle/L5767,http://irail.be/stations/NMBS/008864915,L,2018-03-26T17:51:00,2018-03-26T17:51:00,-47,-47
http://irail.be/vehicle/L5767,http://irail.be/stations/NMBS/008864501,L,2018-03-26T17:56:00,2018-03-26T17:56:00,,-36
http://irail.be/vehicle/L5767,http://irail.be/stations/NMBS/008863008,L,2018-03-08T17:26:00,2018-03-08T17:26:00,61,
http://irail.be/vehicle/L5767,NO-URI,L,2018-03-08T17:27:00,2018-03-08T17:27:00,61,61
http://irail.be/vehicle/L5767,http://irail.be/stations/NMBS/008863354,L,2018-03-08T17:29:00,2018-03-08T17:29:00,77,77
http://irail.be/vehicle/L5767,http://irail.be/stations/NMBS/008863362,L,2018-03-08T17:32:00,2018-03-08T17:32:00,40,40
http://irail.be/vehicle/L5767,http://irail.be/stations/NMBS/008864964,L,2018-03-08T17:36:00,2018-03-08T17:36:00,40,40
http://irail.be/vehicle/L5767,http://irail.be/stations/NMBS/008864956,L,2018-03-08T17:39:00,2018-03-08T17:39:00,40,40
http://irail.be/vehicle/L5767,NO-URI,L,2018-03-08T17:41:00,2018-03-08T17:41:00,40,40
http://irail.be/vehicle/L5767,http://irail.be/stations/NMBS/008864949,L,2018-03-08T17:43:00,2018-03-08T17:43:00,29,29
http://irail.be/vehicle/L5767,http://irail.be/stations/NMBS/008864931,L,2018-03-08T17:47:00,2018-03-08T17:46:00,-52,-52
http://irail.be/vehicle/L5767,http://irail.be/stations/NMBS/008864923,L,2018-03-08T17:49:00,2018-03-08T17:49:00,-52,-52
http://irail.be/vehicle/L5767,http://irail.be/stations/NMBS/008864915,L,2018-03-08T17:51:00,2018-03-08T17:51:00,-52,-52
http://irail.be/vehicle/L5767,http://irail.be/stations/NMBS/008864501,L,2018-03-08T17:56:00,2018-03-08T17:56:00,,-47
http://irail.be/vehicle/L5767,http://irail.be/stations/NMBS/008863008,L,2018-12-14T17:26:00,2018-12-14T17:26:00,81,
http://irail.be/vehicle/L5767,NO-URI,L,2018-12-14T17:27:00,2018-12-14T17:27:00,81,81
http://irail.be/vehicle/L5767,http://irail.be/stations/NMBS/008863354,L,2018-12-14T17:29:00,2018-12-14T17:29:00,173,92
http://irail.be/vehicle/L5767,http://irail.be/stations/NMBS/008863362,L,2018-12-14T17:32:00,2018-12-14T17:32:00,173,173
http://irail.be/vehicle/L5767,http://irail.be/stations/NMBS/008864964,L,2018-12-14T17:36:00,2018-12-14T17:36:00,173,173
http://irail.be/vehicle/L5767,http://irail.be/stations/NMBS/008864956,L,2018-12-14T17:39:00,2018-12-14T17:39:00,173,173
http://irail.be/vehicle/L5767,NO-URI,L,2018-12-14T17:41:00,2018-12-14T17:41:00,173,173
http://irail.be/vehicle/L5767,http://irail.be/stations/NMBS/008864949,L,2018-12-14T17:43:00,2018-12-14T17:43:00,489,489
http://irail.be/vehicle/L5767,http://irail.be/stations/NMBS/008864931,L,2018-12-14T17:47:00,2018-12-14T17:46:00,452,452
http://irail.be/vehicle/L5767,http://irail.be/stations/NMBS/008864923,L,2018-12-14T17:49:00,2018-12-14T17:49:00,452,452
http://irail.be/vehicle/L5767,http://irail.be/stations/NMBS/008864915,L,2018-12-14T17:51:00,2018-12-14T17:51:00,452,452
http://irail.be/vehicle/L5767,http://irail.be/stations/NMBS/008864501,L,2018-12-14T17:56:00,2018-12-14T17:56:00,,459
http://irail.be/vehicle/L5767,http://irail.be/stations/NMBS/008863008,L,2018-05-31T17:26:00,2018-05-31T17:26:00,89,
http://irail.be/vehicle/L5767,NO-URI,L,2018-05-31T17:27:00,2018-05-31T17:27:00,89,89
http://irail.be/vehicle/L5767,http://irail.be/stations/NMBS/008863354,L,2018-05-31T17:29:00,2018-05-31T17:29:00,98,98
http://irail.be/vehicle/L5767,http://irail.be/stations/NMBS/008863362,L,2018-05-31T17:32:00,2018-05-31T17:32:00,49,49
http://irail.be/vehicle/L5767,http://irail.be/stations/NMBS/008864964,L,2018-05-31T17:36:00,2018-05-31T17:36:00,49,49
http://irail.be/vehicle/L5767,http://irail.be/stations/NMBS/008864956,L,2018-05-31T17:39:00,2018-05-31T17:39:00,49,49
http://irail.be/vehicle/L5767,NO-URI,L,2018-05-31T17:41:00,2018-05-31T17:41:00,49,49
http://irail.be/vehicle/L5767,http://irail.be/stations/NMBS/008864949,L,2018-05-31T17:43:00,2018-05-31T17:43:00,547,547
http://irail.be/vehicle/L5767,http://irail.be/stations/NMBS/008864931,L,2018-05-31T17:47:00,2018-05-31T17:46:00,446,446
http://irail.be/vehicle/L5767,http://irail.be/stations/NMBS/008864923,L,2018-05-31T17:49:00,2018-05-31T17:49:00,446,446
http://irail.be/vehicle/L5767,http://irail.be/stations/NMBS/008864915,L,2018-05-31T17:51:00,2018-05-31T17:51:00,446,446
http://irail.be/vehicle/L5767,http://irail.be/stations/NMBS/008864501,L,2018-05-31T17:56:00,2018-05-31T17:56:00,,451
http://irail.be/vehicle/L5767,http://irail.be/stations/NMBS/008863008,L,2018-06-18T17:26:00,2018-06-18T17:26:00,284,
http://irail.be/vehicle/L5767,NO-URI,L,2018-06-18T17:27:00,2018-06-18T17:27:00,284,284
http://irail.be/vehicle/L5767,http://irail.be/stations/NMBS/008863354,L,2018-06-18T17:29:00,2018-06-18T17:29:00,303,303
http://irail.be/vehicle/L5767,http://irail.be/stations/NMBS/008863362,L,2018-06-18T17:32:00,2018-06-18T17:32:00,258,258
http://irail.be/vehicle/L5767,http://irail.be/stations/NMBS/008864964,L,2018-06-18T17:36:00,2018-06-18T17:36:00,258,258
http://irail.be/vehicle/L5767,http://irail.be/stations/NMBS/008864956,L,2018-06-18T17:39:00,2018-06-18T17:39:00,258,258
http://irail.be/vehicle/L5767,NO-URI,L,2018-06-18T17:41:00,2018-06-18T17:41:00,258,258
http://irail.be/vehicle/L5767,http://irail.be/stations/NMBS/008864949,L,2018-06-18T17:43:00,2018-06-18T17:43:00,248,248
http://irail.be/vehicle/L5767,http://irail.be/stations/NMBS/008864931,L,2018-06-18T17:47:00,2018-06-18T17:46:00,162,162
http://irail.be/vehicle/L5767,http://irail.be/stations/NMBS/008864923,L,2018-06-18T17:49:00,2018-06-18T17:49:00,162,162
http://irail.be/vehicle/L5767,http://irail.be/stations/NMBS/008864915,L,2018-06-18T17:51:00,2018-06-18T17:51:00,162,162
http://irail.be/vehicle/L5767,http://irail.be/stations/NMBS/008864501,L,2018-06-18T17:56:00,2018-06-18T17:56:00,,176
http://irail.be/vehicle/L5767,http://irail.be/stations/NMBS/008863008,L,2018-01-19T17:26:00,2018-01-19T17:26:00,115,
http://irail.be/vehicle/L5767,NO-URI,L,2018-01-19T17:27:00,2018-01-19T17:27:00,115,115
http://irail.be/vehicle/L5767,http://irail.be/stations/NMBS/008863354,L,2018-01-19T17:29:00,2018-01-19T17:29:00,126,126
http://irail.be/vehicle/L5767,http://irail.be/stations/NMBS/008863362,L,2018-01-19T17:32:00,2018-01-19T17:32:00,71,71
http://irail.be/vehicle/L5767,http://irail.be/stations/NMBS/008864964,L,2018-01-19T17:36:00,2018-01-19T17:36:00,71,71
http://irail.be/vehicle/L5767,http://irail.be/stations/NMBS/008864956,L,2018-01-19T17:39:00,2018-01-19T17:39:00,71,71
http://irail.be/vehicle/L5767,NO-URI,L,2018-01-19T17:41:00,2018-01-19T17:41:00,71,71
http://irail.be/vehicle/L5767,http://irail.be/stations/NMBS/008864949,L,2018-01-19T17:43:00,2018-01-19T17:43:00,60,60
http://irail.be/vehicle/L5767,http://irail.be/stations/NMBS/008864931,L,2018-01-19T17:47:00,2018-01-19T17:46:00,-20,-20
http://irail.be/vehicle/L5767,http://irail.be/stations/NMBS/008864923,L,2018-01-19T17:49:00,2018-01-19T17:49:00,-20,-20
http://irail.be/vehicle/L5767,http://irail.be/stations/NMBS/008864915,L,2018-01-19T17:51:00,2018-01-19T17:51:00,-20,-20
http://irail.be/vehicle/L5767,http://irail.be/stations/NMBS/008864501,L,2018-01-19T17:56:00,2018-01-19T17:56:00,,-17
http://irail.be/vehicle/L5767,http://irail.be/stations/NMBS/008863008,L,2018-01-04T17:26:00,2018-01-04T17:26:00,-21,
http://irail.be/vehicle/L5767,NO-URI,L,2018-01-04T17:27:00,2018-01-04T17:27:00,-6,-6
http://irail.be/vehicle/L5767,http://irail.be/stations/NMBS/008863354,L,2018-01-04T17:29:00,2018-01-04T17:29:00,4,-6
http://irail.be/vehicle/L5767,http://irail.be/stations/NMBS/008863362,L,2018-01-04T17:32:00,2018-01-04T17:32:00,4,4
http://irail.be/vehicle/L5767,http://irail.be/stations/NMBS/008864964,L,2018-01-04T17:36:00,2018-01-04T17:36:00,4,4
http://irail.be/vehicle/L5767,http://irail.be/stations/NMBS/008864956,L,2018-01-04T17:39:00,2018-01-04T17:39:00,4,4
http://irail.be/vehicle/L5767,NO-URI,L,2018-01-04T17:41:00,2018-01-04T17:41:00,4,4
http://irail.be/vehicle/L5767,http://irail.be/stations/NMBS/008864949,L,2018-01-04T17:43:00,2018-01-04T17:43:00,0,0
http://irail.be/vehicle/L5767,http://irail.be/stations/NMBS/008864931,L,2018-01-04T17:47:00,2018-01-04T17:46:00,-35,-35
http://irail.be/vehicle/L5767,http://irail.be/stations/NMBS/008864923,L,2018-01-04T17:49:00,2018-01-04T17:49:00,-35,-35
http://irail.be/vehicle/L5767,http://irail.be/stations/NMBS/008864915,L,2018-01-04T17:51:00,2018-01-04T17:51:00,-35,-35
http://irail.be/vehicle/L5767,http://irail.be/stations/NMBS/008864501,L,2018-01-04T17:56:00,2018-01-04T17:56:00,,-23
http://irail.be/vehicle/L5767,http://irail.be/stations/NMBS/008863008,L,2018-10-08T17:26:00,2018-10-08T17:26:00,103,
http://irail.be/vehicle/L5767,NO-URI,L,2018-10-08T17:27:00,2018-10-08T17:27:00,103,103
http://irail.be/vehicle/L5767,http://irail.be/stations/NMBS/008863354,L,2018-10-08T17:29:00,2018-10-08T17:29:00,120,118
http://irail.be/vehicle/L5767,http://irail.be/stations/NMBS/008863362,L,2018-10-08T17:32:00,2018-10-08T17:32:00,120,120
http://irail.be/vehicle/L5767,http://irail.be/stations/NMBS/008864964,L,2018-10-08T17:36:00,2018-10-08T17:36:00,120,120
http://irail.be/vehicle/L5767,http://irail.be/stations/NMBS/008864956,L,2018-10-08T17:39:00,2018-10-08T17:39:00,120,120
http://irail.be/vehicle/L5767,NO-URI,L,2018-10-08T17:41:00,2018-10-08T17:41:00,120,120
http://irail.be/vehicle/L5767,http://irail.be/stations/NMBS/008864949,L,2018-10-08T17:43:00,2018-10-08T17:43:00,118,118
http://irail.be/vehicle/L5767,http://irail.be/stations/NMBS/008864931,L,2018-10-08T17:47:00,2018-10-08T17:46:00,58,58
http://irail.be/vehicle/L5767,http://irail.be/stations/NMBS/008864923,L,2018-10-08T17:49:00,2018-10-08T17:49:00,58,58
http://irail.be/vehicle/L5767,http://irail.be/stations/NMBS/008864915,L,2018-10-08T17:51:00,2018-10-08T17:51:00,58,58
http://irail.be/vehicle/L5767,http://irail.be/stations/NMBS/008864501,L,2018-10-08T17:56:00,2018-10-08T17:56:00,,73
http://irail.be/vehicle/L5767,http://irail.be/stations/NMBS/008863008,L,2018-10-30T17:26:00,2018-10-30T17:26:00,383,
http://irail.be/vehicle/L5767,NO-URI,L,2018-10-30T17:27:00,2018-10-30T17:27:00,0,0
http://irail.be/vehicle/L5767,http://irail.be/stations/NMBS/008863354,L,2018-10-30T17:29:00,2018-10-30T17:29:00,411,399
http://irail.be/vehicle/L5767,http://irail.be/stations/NMBS/008863362,L,2018-10-30T17:32:00,2018-10-30T17:32:00,411,411
http://irail.be/vehicle/L5767,http://irail.be/stations/NMBS/008864964,L,2018-10-30T17:36:00,2018-10-30T17:36:00,411,411
http://irail.be/vehicle/L5767,http://irail.be/stations/NMBS/008864956,L,2018-10-30T17:39:00,2018-10-30T17:39:00,411,411
http://irail.be/vehicle/L5767,NO-URI,L,2018-10-30T17:41:00,2018-10-30T17:41:00,411,411
http://irail.be/vehicle/L5767,http://irail.be/stations/NMBS/008864949,L,2018-10-30T17:43:00,2018-10-30T17:43:00,401,401
http://irail.be/vehicle/L5767,http://irail.be/stations/NMBS/008864931,L,2018-10-30T17:47:00,2018-10-30T17:46:00,372,372
http://irail.be/vehicle/L5767,http://irail.be/stations/NMBS/008864923,L,2018-10-30T17:49:00,2018-10-30T17:49:00,372,372
http://irail.be/vehicle/L5767,http://irail.be/stations/NMBS/008864915,L,2018-10-30T17:51:00,2018-10-30T17:51:00,372,372
http://irail.be/vehicle/L5767,http://irail.be/stations/NMBS/008864501,L,2018-10-30T17:56:00,2018-10-30T17:56:00,,388
http://irail.be/vehicle/L5767,http://irail.be/stations/NMBS/008863008,L,2018-05-09T17:26:00,2018-05-09T17:26:00,44,
http://irail.be/vehicle/L5767,NO-URI,L,2018-05-09T17:27:00,2018-05-09T17:27:00,44,44
http://irail.be/vehicle/L5767,http://irail.be/stations/NMBS/008863354,L,2018-05-09T17:29:00,2018-05-09T17:29:00,52,52
http://irail.be/vehicle/L5767,http://irail.be/stations/NMBS/008863362,L,2018-05-09T17:32:00,2018-05-09T17:32:00,26,26
http://irail.be/vehicle/L5767,http://irail.be/stations/NMBS/008864964,L,2018-05-09T17:36:00,2018-05-09T17:36:00,26,26
http://irail.be/vehicle/L5767,http://irail.be/stations/NMBS/008864956,L,2018-05-09T17:39:00,2018-05-09T17:39:00,26,26
http://irail.be/vehicle/L5767,NO-URI,L,2018-05-09T17:41:00,2018-05-09T17:41:00,26,26
http://irail.be/vehicle/L5767,http://irail.be/stations/NMBS/008864949,L,2018-05-09T17:43:00,2018-05-09T17:43:00,12,12
http://irail.be/vehicle/L5767,http://irail.be/stations/NMBS/008864931,L,2018-05-09T17:47:00,2018-05-09T17:46:00,-29,-29
http://irail.be/vehicle/L5767,http://irail.be/stations/NMBS/008864923,L,2018-05-09T17:49:00,2018-05-09T17:49:00,-29,-29
http://irail.be/vehicle/L5767,http://irail.be/stations/NMBS/008864915,L,2018-05-09T17:51:00,2018-05-09T17:51:00,-29,-29
http://irail.be/vehicle/L5767,http://irail.be/stations/NMBS/008864501,L,2018-05-09T17:56:00,2018-05-09T17:56:00,,-34
http://irail.be/vehicle/L5767,http://irail.be/stations/NMBS/008863008,L,2018-11-02T17:26:00,2018-11-02T17:26:00,49,
http://irail.be/vehicle/L5767,NO-URI,L,2018-11-02T17:27:00,2018-11-02T17:27:00,49,49
http://irail.be/vehicle/L5767,http://irail.be/stations/NMBS/008863354,L,2018-11-02T17:29:00,2018-11-02T17:29:00,66,66
http://irail.be/vehicle/L5767,http://irail.be/stations/NMBS/008863362,L,2018-11-02T17:32:00,2018-11-02T17:32:00,26,26
http://irail.be/vehicle/L5767,http://irail.be/stations/NMBS/008864964,L,2018-11-02T17:36:00,2018-11-02T17:36:00,26,26
http://irail.be/vehicle/L5767,http://irail.be/stations/NMBS/008864956,L,2018-11-02T17:39:00,2018-11-02T17:39:00,26,26
http://irail.be/vehicle/L5767,NO-URI,L,2018-11-02T17:41:00,2018-11-02T17:41:00,26,26
http://irail.be/vehicle/L5767,http://irail.be/stations/NMBS/008864949,L,2018-11-02T17:43:00,2018-11-02T17:43:00,12,12
http://irail.be/vehicle/L5767,http://irail.be/stations/NMBS/008864931,L,2018-11-02T17:47:00,2018-11-02T17:46:00,-31,-31
http://irail.be/vehicle/L5767,http://irail.be/stations/NMBS/008864923,L,2018-11-02T17:49:00,2018-11-02T17:49:00,-31,-31
http://irail.be/vehicle/L5767,http://irail.be/stations/NMBS/008864915,L,2018-11-02T17:51:00,2018-11-02T17:51:00,-31,-31
http://irail.be/vehicle/L5767,http://irail.be/stations/NMBS/008864501,L,2018-11-02T17:56:00,2018-11-02T17:56:00,,-30
http://irail.be/vehicle/L5767,http://irail.be/stations/NMBS/008863008,L,2018-06-21T17:26:00,2018-06-21T17:26:00,39,
http://irail.be/vehicle/L5767,NO-URI,L,2018-06-21T17:27:00,2018-06-21T17:27:00,39,39
http://irail.be/vehicle/L5767,http://irail.be/stations/NMBS/008863354,L,2018-06-21T17:29:00,2018-06-21T17:29:00,50,50
http://irail.be/vehicle/L5767,http://irail.be/stations/NMBS/008863362,L,2018-06-21T17:32:00,2018-06-21T17:32:00,41,41
http://irail.be/vehicle/L5767,http://irail.be/stations/NMBS/008864964,L,2018-06-21T17:36:00,2018-06-21T17:36:00,41,41
http://irail.be/vehicle/L5767,http://irail.be/stations/NMBS/008864956,L,2018-06-21T17:39:00,2018-06-21T17:39:00,41,41
http://irail.be/vehicle/L5767,NO-URI,L,2018-06-21T17:41:00,2018-06-21T17:41:00,41,41
http://irail.be/vehicle/L5767,http://irail.be/stations/NMBS/008864949,L,2018-06-21T17:43:00,2018-06-21T17:43:00,31,31
http://irail.be/vehicle/L5767,http://irail.be/stations/NMBS/008864931,L,2018-06-21T17:47:00,2018-06-21T17:46:00,-18,-18
http://irail.be/vehicle/L5767,http://irail.be/stations/NMBS/008864923,L,2018-06-21T17:49:00,2018-06-21T17:49:00,-18,-18
http://irail.be/vehicle/L5767,http://irail.be/stations/NMBS/008864915,L,2018-06-21T17:51:00,2018-06-21T17:51:00,-18,-18
http://irail.be/vehicle/L5767,http://irail.be/stations/NMBS/008864501,L,2018-06-21T17:56:00,2018-06-21T17:56:00,,-5
http://irail.be/vehicle/L5767,http://irail.be/stations/NMBS/008863008,L,2018-06-14T17:26:00,2018-06-14T17:26:00,587,
http://irail.be/vehicle/L5767,NO-URI,L,2018-06-14T17:27:00,2018-06-14T17:27:00,587,587
http://irail.be/vehicle/L5767,http://irail.be/stations/NMBS/008863354,L,2018-06-14T17:29:00,2018-06-14T17:29:00,598,598
http://irail.be/vehicle/L5767,http://irail.be/stations/NMBS/008863362,L,2018-06-14T17:32:00,2018-06-14T17:32:00,520,520
http://irail.be/vehicle/L5767,http://irail.be/stations/NMBS/008864964,L,2018-06-14T17:36:00,2018-06-14T17:36:00,520,520
http://irail.be/vehicle/L5767,http://irail.be/stations/NMBS/008864956,L,2018-06-14T17:39:00,2018-06-14T17:39:00,520,520
http://irail.be/vehicle/L5767,NO-URI,L,2018-06-14T17:41:00,2018-06-14T17:41:00,520,520
http://irail.be/vehicle/L5767,http://irail.be/stations/NMBS/008864949,L,2018-06-14T17:43:00,2018-06-14T17:43:00,507,507
http://irail.be/vehicle/L5767,http://irail.be/stations/NMBS/008864931,L,2018-06-14T17:47:00,2018-06-14T17:46:00,382,382
http://irail.be/vehicle/L5767,http://irail.be/stations/NMBS/008864923,L,2018-06-14T17:49:00,2018-06-14T17:49:00,382,382
http://irail.be/vehicle/L5767,http://irail.be/stations/NMBS/008864915,L,2018-06-14T17:51:00,2018-06-14T17:51:00,382,382
http://irail.be/vehicle/L5767,http://irail.be/stations/NMBS/008864501,L,2018-06-14T17:56:00,2018-06-14T17:56:00,,365
http://irail.be/vehicle/L5767,http://irail.be/stations/NMBS/008863008,L,2018-07-26T17:26:00,2018-07-26T17:26:00,-4,
http://irail.be/vehicle/L5767,NO-URI,L,2018-07-26T17:27:00,2018-07-26T17:27:00,-4,-4
http://irail.be/vehicle/L5767,http://irail.be/stations/NMBS/008863354,L,2018-07-26T17:29:00,2018-07-26T17:29:00,-4,-4
http://irail.be/vehicle/L5767,http://irail.be/stations/NMBS/008863362,L,2018-07-26T17:32:00,2018-07-26T17:32:00,-12,-12
http://irail.be/vehicle/L5767,http://irail.be/stations/NMBS/008864964,L,2018-07-26T17:36:00,2018-07-26T17:36:00,-12,-12
http://irail.be/vehicle/L5767,http://irail.be/stations/NMBS/008864956,L,2018-07-26T17:39:00,2018-07-26T17:39:00,-12,-12
http://irail.be/vehicle/L5767,NO-URI,L,2018-07-26T17:41:00,2018-07-26T17:41:00,-12,-12
http://irail.be/vehicle/L5767,http://irail.be/stations/NMBS/008864949,L,2018-07-26T17:43:00,2018-07-26T17:43:00,-18,-18
http://irail.be/vehicle/L5767,http://irail.be/stations/NMBS/008864931,L,2018-07-26T17:47:00,2018-07-26T17:46:00,-52,-52
http://irail.be/vehicle/L5767,http://irail.be/stations/NMBS/008864923,L,2018-07-26T17:49:00,2018-07-26T17:49:00,-52,-52
http://irail.be/vehicle/L5767,http://irail.be/stations/NMBS/008864915,L,2018-07-26T17:51:00,2018-07-26T17:51:00,-52,-52
http://irail.be/vehicle/L5767,http://irail.be/stations/NMBS/008864501,L,2018-07-26T17:56:00,2018-07-26T17:56:00,,-33
http://irail.be/vehicle/L5767,http://irail.be/stations/NMBS/008863008,L,2018-03-02T17:26:00,2018-03-02T17:26:00,871,
http://irail.be/vehicle/L5767,NO-URI,L,2018-03-02T17:27:00,2018-03-02T17:27:00,871,871
http://irail.be/vehicle/L5767,http://irail.be/stations/NMBS/008863354,L,2018-03-02T17:29:00,2018-03-02T17:29:00,881,881
http://irail.be/vehicle/L5767,http://irail.be/stations/NMBS/008863362,L,2018-03-02T17:32:00,2018-03-02T17:32:00,832,832
http://irail.be/vehicle/L5767,http://irail.be/stations/NMBS/008864964,L,2018-03-02T17:36:00,2018-03-02T17:36:00,832,832
http://irail.be/vehicle/L5767,http://irail.be/stations/NMBS/008864956,L,2018-03-02T17:39:00,2018-03-02T17:39:00,832,832
http://irail.be/vehicle/L5767,NO-URI,L,2018-03-02T17:41:00,2018-03-02T17:41:00,832,832
http://irail.be/vehicle/L5767,http://irail.be/stations/NMBS/008864949,L,2018-03-02T17:43:00,2018-03-02T17:43:00,820,820
http://irail.be/vehicle/L5767,http://irail.be/stations/NMBS/008864931,L,2018-03-02T17:47:00,2018-03-02T17:46:00,723,723
http://irail.be/vehicle/L5767,http://irail.be/stations/NMBS/008864923,L,2018-03-02T17:49:00,2018-03-02T17:49:00,723,723
http://irail.be/vehicle/L5767,http://irail.be/stations/NMBS/008864915,L,2018-03-02T17:51:00,2018-03-02T17:51:00,723,723
http://irail.be/vehicle/L5767,http://irail.be/stations/NMBS/008864501,L,2018-03-02T17:56:00,2018-03-02T17:56:00,,745
http://irail.be/vehicle/L5767,http://irail.be/stations/NMBS/008863008,L,2018-02-06T17:26:00,2018-02-06T17:26:00,41,
http://irail.be/vehicle/L5767,NO-URI,L,2018-02-06T17:27:00,2018-02-06T17:27:00,41,41
http://irail.be/vehicle/L5767,http://irail.be/stations/NMBS/008863354,L,2018-02-06T17:29:00,2018-02-06T17:29:00,117,41
http://irail.be/vehicle/L5767,http://irail.be/stations/NMBS/008863362,L,2018-02-06T17:32:00,2018-02-06T17:32:00,117,117
http://irail.be/vehicle/L5767,http://irail.be/stations/NMBS/008864964,L,2018-02-06T17:36:00,2018-02-06T17:36:00,117,117
http://irail.be/vehicle/L5767,http://irail.be/stations/NMBS/008864956,L,2018-02-06T17:39:00,2018-02-06T17:39:00,117,117
http://irail.be/vehicle/L5767,NO-URI,L,2018-02-06T17:41:00,2018-02-06T17:41:00,117,117
http://irail.be/vehicle/L5767,http://irail.be/stations/NMBS/008864949,L,2018-02-06T17:43:00,2018-02-06T17:43:00,110,110
http://irail.be/vehicle/L5767,http://irail.be/stations/NMBS/008864931,L,2018-02-06T17:47:00,2018-02-06T17:46:00,76,76
http://irail.be/vehicle/L5767,http://irail.be/stations/NMBS/008864923,L,2018-02-06T17:49:00,2018-02-06T17:49:00,76,76
http://irail.be/vehicle/L5767,http://irail.be/stations/NMBS/008864915,L,2018-02-06T17:51:00,2018-02-06T17:51:00,76,76
http://irail.be/vehicle/L5767,http://irail.be/stations/NMBS/008864501,L,2018-02-06T17:56:00,2018-02-06T17:56:00,,85
http://irail.be/vehicle/L5767,http://irail.be/stations/NMBS/008863008,L,2018-03-30T17:26:00,2018-03-30T17:26:00,186,
http://irail.be/vehicle/L5767,NO-URI,L,2018-03-30T17:27:00,2018-03-30T17:27:00,186,186
http://irail.be/vehicle/L5767,http://irail.be/stations/NMBS/008863354,L,2018-03-30T17:29:00,2018-03-30T17:29:00,216,199
http://irail.be/vehicle/L5767,http://irail.be/stations/NMBS/008863362,L,2018-03-30T17:32:00,2018-03-30T17:32:00,216,216
http://irail.be/vehicle/L5767,http://irail.be/stations/NMBS/008864964,L,2018-03-30T17:36:00,2018-03-30T17:36:00,216,216
http://irail.be/vehicle/L5767,http://irail.be/stations/NMBS/008864956,L,2018-03-30T17:39:00,2018-03-30T17:39:00,216,216
http://irail.be/vehicle/L5767,NO-URI,L,2018-03-30T17:41:00,2018-03-30T17:41:00,216,216
http://irail.be/vehicle/L5767,http://irail.be/stations/NMBS/008864949,L,2018-03-30T17:43:00,2018-03-30T17:43:00,206,206
http://irail.be/vehicle/L5767,http://irail.be/stations/NMBS/008864931,L,2018-03-30T17:47:00,2018-03-30T17:46:00,176,176
http://irail.be/vehicle/L5767,http://irail.be/stations/NMBS/008864923,L,2018-03-30T17:49:00,2018-03-30T17:49:00,176,176
http://irail.be/vehicle/L5767,http://irail.be/stations/NMBS/008864915,L,2018-03-30T17:51:00,2018-03-30T17:51:00,176,176
http://irail.be/vehicle/L5767,http://irail.be/stations/NMBS/008864501,L,2018-03-30T17:56:00,2018-03-30T17:56:00,,189
http://irail.be/vehicle/L5767,http://irail.be/stations/NMBS/008863008,L,2018-09-06T17:26:00,2018-09-06T17:26:00,9,
http://irail.be/vehicle/L5767,NO-URI,L,2018-09-06T17:27:00,2018-09-06T17:27:00,9,9
http://irail.be/vehicle/L5767,http://irail.be/stations/NMBS/008863354,L,2018-09-06T17:29:00,2018-09-06T17:29:00,9,9
http://irail.be/vehicle/L5767,http://irail.be/stations/NMBS/008863362,L,2018-09-06T17:32:00,2018-09-06T17:32:00,-25,-25
http://irail.be/vehicle/L5767,http://irail.be/stations/NMBS/008864964,L,2018-09-06T17:36:00,2018-09-06T17:36:00,-25,-25
http://irail.be/vehicle/L5767,http://irail.be/stations/NMBS/008864956,L,2018-09-06T17:39:00,2018-09-06T17:39:00,-25,-25
http://irail.be/vehicle/L5767,NO-URI,L,2018-09-06T17:41:00,2018-09-06T17:41:00,-25,-25
http://irail.be/vehicle/L5767,http://irail.be/stations/NMBS/008864949,L,2018-09-06T17:43:00,2018-09-06T17:43:00,-37,-37
http://irail.be/vehicle/L5767,http://irail.be/stations/NMBS/008864931,L,2018-09-06T17:47:00,2018-09-06T17:46:00,-103,-103
http://irail.be/vehicle/L5767,http://irail.be/stations/NMBS/008864923,L,2018-09-06T17:49:00,2018-09-06T17:49:00,-103,-103
http://irail.be/vehicle/L5767,http://irail.be/stations/NMBS/008864915,L,2018-09-06T17:51:00,2018-09-06T17:51:00,-103,-103
http://irail.be/vehicle/L5767,http://irail.be/stations/NMBS/008864501,L,2018-09-06T17:56:00,2018-09-06T17:56:00,,-89
http://irail.be/vehicle/L5767,http://irail.be/stations/NMBS/008863008,L,2018-03-20T17:26:00,2018-03-20T17:26:00,331,
http://irail.be/vehicle/L5767,NO-URI,L,2018-03-20T17:27:00,2018-03-20T17:27:00,331,331
http://irail.be/vehicle/L5767,http://irail.be/stations/NMBS/008863354,L,2018-03-20T17:29:00,2018-03-20T17:29:00,342,342
http://irail.be/vehicle/L5767,http://irail.be/stations/NMBS/008863362,L,2018-03-20T17:32:00,2018-03-20T17:32:00,308,308
http://irail.be/vehicle/L5767,http://irail.be/stations/NMBS/008864964,L,2018-03-20T17:36:00,2018-03-20T17:36:00,308,308
http://irail.be/vehicle/L5767,http://irail.be/stations/NMBS/008864956,L,2018-03-20T17:39:00,2018-03-20T17:39:00,308,308
http://irail.be/vehicle/L5767,NO-URI,L,2018-03-20T17:41:00,2018-03-20T17:41:00,308,308
http://irail.be/vehicle/L5767,http://irail.be/stations/NMBS/008864949,L,2018-03-20T17:43:00,2018-03-20T17:43:00,294,294
http://irail.be/vehicle/L5767,http://irail.be/stations/NMBS/008864931,L,2018-03-20T17:47:00,2018-03-20T17:46:00,176,176
http://irail.be/vehicle/L5767,http://irail.be/stations/NMBS/008864923,L,2018-03-20T17:49:00,2018-03-20T17:49:00,176,176
http://irail.be/vehicle/L5767,http://irail.be/stations/NMBS/008864915,L,2018-03-20T17:51:00,2018-03-20T17:51:00,176,176
http://irail.be/vehicle/L5767,http://irail.be/stations/NMBS/008864501,L,2018-03-20T17:56:00,2018-03-20T17:56:00,,167
http://irail.be/vehicle/L5767,http://irail.be/stations/NMBS/008863008,L,2018-07-23T17:26:00,2018-07-23T17:26:00,121,
http://irail.be/vehicle/L5767,NO-URI,L,2018-07-23T17:27:00,2018-07-23T17:27:00,121,121
http://irail.be/vehicle/L5767,http://irail.be/stations/NMBS/008863354,L,2018-07-23T17:29:00,2018-07-23T17:29:00,121,121
http://irail.be/vehicle/L5767,http://irail.be/stations/NMBS/008863362,L,2018-07-23T17:32:00,2018-07-23T17:32:00,61,61
http://irail.be/vehicle/L5767,http://irail.be/stations/NMBS/008864964,L,2018-07-23T17:36:00,2018-07-23T17:36:00,61,61
http://irail.be/vehicle/L5767,http://irail.be/stations/NMBS/008864956,L,2018-07-23T17:39:00,2018-07-23T17:39:00,61,61
http://irail.be/vehicle/L5767,NO-URI,L,2018-07-23T17:41:00,2018-07-23T17:41:00,61,61
http://irail.be/vehicle/L5767,http://irail.be/stations/NMBS/008864949,L,2018-07-23T17:43:00,2018-07-23T17:43:00,54,54
http://irail.be/vehicle/L5767,http://irail.be/stations/NMBS/008864931,L,2018-07-23T17:47:00,2018-07-23T17:46:00,20,20
http://irail.be/vehicle/L5767,http://irail.be/stations/NMBS/008864923,L,2018-07-23T17:49:00,2018-07-23T17:49:00,20,20
http://irail.be/vehicle/L5767,http://irail.be/stations/NMBS/008864915,L,2018-07-23T17:51:00,2018-07-23T17:51:00,20,20
http://irail.be/vehicle/L5767,http://irail.be/stations/NMBS/008864501,L,2018-07-23T17:56:00,2018-07-23T17:56:00,,141
http://irail.be/vehicle/L5767,http://irail.be/stations/NMBS/008863008,L,2018-01-17T17:26:00,2018-01-17T17:26:00,71,
http://irail.be/vehicle/L5767,NO-URI,L,2018-01-17T17:27:00,2018-01-17T17:27:00,71,71
http://irail.be/vehicle/L5767,http://irail.be/stations/NMBS/008863354,L,2018-01-17T17:29:00,2018-01-17T17:29:00,151,71
http://irail.be/vehicle/L5767,http://irail.be/stations/NMBS/008863362,L,2018-01-17T17:32:00,2018-01-17T17:32:00,151,151
http://irail.be/vehicle/L5767,http://irail.be/stations/NMBS/008864964,L,2018-01-17T17:36:00,2018-01-17T17:36:00,151,151
http://irail.be/vehicle/L5767,http://irail.be/stations/NMBS/008864956,L,2018-01-17T17:39:00,2018-01-17T17:39:00,151,151
http://irail.be/vehicle/L5767,NO-URI,L,2018-01-17T17:41:00,2018-01-17T17:41:00,151,151
http://irail.be/vehicle/L5767,http://irail.be/stations/NMBS/008864949,L,2018-01-17T17:43:00,2018-01-17T17:43:00,142,142
http://irail.be/vehicle/L5767,http://irail.be/stations/NMBS/008864931,L,2018-01-17T17:47:00,2018-01-17T17:46:00,73,73
http://irail.be/vehicle/L5767,http://irail.be/stations/NMBS/008864923,L,2018-01-17T17:49:00,2018-01-17T17:49:00,73,73
http://irail.be/vehicle/L5767,http://irail.be/stations/NMBS/008864915,L,2018-01-17T17:51:00,2018-01-17T17:51:00,73,73
http://irail.be/vehicle/L5767,http://irail.be/stations/NMBS/008864501,L,2018-01-17T17:56:00,2018-01-17T17:56:00,,89
http://irail.be/vehicle/L5767,http://irail.be/stations/NMBS/008863008,L,2018-09-26T17:26:00,2018-09-26T17:26:00,284,
http://irail.be/vehicle/L5767,NO-URI,L,2018-09-26T17:27:00,2018-09-26T17:27:00,284,284
http://irail.be/vehicle/L5767,http://irail.be/stations/NMBS/008863354,L,2018-09-26T17:29:00,2018-09-26T17:29:00,295,295
http://irail.be/vehicle/L5767,http://irail.be/stations/NMBS/008863362,L,2018-09-26T17:32:00,2018-09-26T17:32:00,246,246
http://irail.be/vehicle/L5767,http://irail.be/stations/NMBS/008864964,L,2018-09-26T17:36:00,2018-09-26T17:36:00,246,246
http://irail.be/vehicle/L5767,http://irail.be/stations/NMBS/008864956,L,2018-09-26T17:39:00,2018-09-26T17:39:00,246,246
http://irail.be/vehicle/L5767,NO-URI,L,2018-09-26T17:41:00,2018-09-26T17:41:00,246,246
http://irail.be/vehicle/L5767,http://irail.be/stations/NMBS/008864949,L,2018-09-26T17:43:00,2018-09-26T17:43:00,235,235
http://irail.be/vehicle/L5767,http://irail.be/stations/NMBS/008864931,L,2018-09-26T17:47:00,2018-09-26T17:46:00,130,130
http://irail.be/vehicle/L5767,http://irail.be/stations/NMBS/008864923,L,2018-09-26T17:49:00,2018-09-26T17:49:00,130,130
http://irail.be/vehicle/L5767,http://irail.be/stations/NMBS/008864915,L,2018-09-26T17:51:00,2018-09-26T17:51:00,130,130
http://irail.be/vehicle/L5767,http://irail.be/stations/NMBS/008864501,L,2018-09-26T17:56:00,2018-09-26T17:56:00,,121
http://irail.be/vehicle/L5767,http://irail.be/stations/NMBS/008863008,L,2018-04-11T17:26:00,2018-04-11T17:26:00,79,
http://irail.be/vehicle/L5767,NO-URI,L,2018-04-11T17:27:00,2018-04-11T17:27:00,79,79
http://irail.be/vehicle/L5767,http://irail.be/stations/NMBS/008863354,L,2018-04-11T17:29:00,2018-04-11T17:29:00,91,91
http://irail.be/vehicle/L5767,http://irail.be/stations/NMBS/008863362,L,2018-04-11T17:32:00,2018-04-11T17:32:00,82,82
http://irail.be/vehicle/L5767,http://irail.be/stations/NMBS/008864964,L,2018-04-11T17:36:00,2018-04-11T17:36:00,82,82
http://irail.be/vehicle/L5767,http://irail.be/stations/NMBS/008864956,L,2018-04-11T17:39:00,2018-04-11T17:39:00,82,82
http://irail.be/vehicle/L5767,NO-URI,L,2018-04-11T17:41:00,2018-04-11T17:41:00,82,82
http://irail.be/vehicle/L5767,http://irail.be/stations/NMBS/008864949,L,2018-04-11T17:43:00,2018-04-11T17:43:00,71,71
http://irail.be/vehicle/L5767,http://irail.be/stations/NMBS/008864931,L,2018-04-11T17:47:00,2018-04-11T17:46:00,18,18
http://irail.be/vehicle/L5767,http://irail.be/stations/NMBS/008864923,L,2018-04-11T17:49:00,2018-04-11T17:49:00,18,18
http://irail.be/vehicle/L5767,http://irail.be/stations/NMBS/008864915,L,2018-04-11T17:51:00,2018-04-11T17:51:00,18,18
http://irail.be/vehicle/L5767,http://irail.be/stations/NMBS/008864501,L,2018-04-11T17:56:00,2018-04-11T17:56:00,,38
http://irail.be/vehicle/L5767,http://irail.be/stations/NMBS/008863008,L,2018-09-28T17:26:00,2018-09-28T17:26:00,675,
http://irail.be/vehicle/L5767,NO-URI,L,2018-09-28T17:27:00,2018-09-28T17:27:00,675,675
http://irail.be/vehicle/L5767,http://irail.be/stations/NMBS/008863354,L,2018-09-28T17:29:00,2018-09-28T17:29:00,695,695
http://irail.be/vehicle/L5767,http://irail.be/stations/NMBS/008863362,L,2018-09-28T17:32:00,2018-09-28T17:32:00,667,667
http://irail.be/vehicle/L5767,http://irail.be/stations/NMBS/008864964,L,2018-09-28T17:36:00,2018-09-28T17:36:00,667,667
http://irail.be/vehicle/L5767,http://irail.be/stations/NMBS/008864956,L,2018-09-28T17:39:00,2018-09-28T17:39:00,667,667
http://irail.be/vehicle/L5767,NO-URI,L,2018-09-28T17:41:00,2018-09-28T17:41:00,667,667
http://irail.be/vehicle/L5767,http://irail.be/stations/NMBS/008864949,L,2018-09-28T17:43:00,2018-09-28T17:43:00,655,655
http://irail.be/vehicle/L5767,http://irail.be/stations/NMBS/008864931,L,2018-09-28T17:47:00,2018-09-28T17:46:00,598,598
http://irail.be/vehicle/L5767,http://irail.be/stations/NMBS/008864923,L,2018-09-28T17:49:00,2018-09-28T17:49:00,598,598
http://irail.be/vehicle/L5767,http://irail.be/stations/NMBS/008864915,L,2018-09-28T17:51:00,2018-09-28T17:51:00,598,598
http://irail.be/vehicle/L5767,http://irail.be/stations/NMBS/008864501,L,2018-09-28T17:56:00,2018-09-28T17:56:00,,607
http://irail.be/vehicle/L5767,http://irail.be/stations/NMBS/008863008,L,2018-05-08T17:26:00,2018-05-08T17:26:00,395,
http://irail.be/vehicle/L5767,NO-URI,L,2018-05-08T17:27:00,2018-05-08T17:27:00,395,395
http://irail.be/vehicle/L5767,http://irail.be/stations/NMBS/008863354,L,2018-05-08T17:29:00,2018-05-08T17:29:00,403,403
http://irail.be/vehicle/L5767,http://irail.be/stations/NMBS/008863362,L,2018-05-08T17:32:00,2018-05-08T17:32:00,308,308
http://irail.be/vehicle/L5767,http://irail.be/stations/NMBS/008864964,L,2018-05-08T17:36:00,2018-05-08T17:36:00,308,308
http://irail.be/vehicle/L5767,http://irail.be/stations/NMBS/008864956,L,2018-05-08T17:39:00,2018-05-08T17:39:00,308,308
http://irail.be/vehicle/L5767,NO-URI,L,2018-05-08T17:41:00,2018-05-08T17:41:00,308,308
http://irail.be/vehicle/L5767,http://irail.be/stations/NMBS/008864949,L,2018-05-08T17:43:00,2018-05-08T17:43:00,294,294
http://irail.be/vehicle/L5767,http://irail.be/stations/NMBS/008864931,L,2018-05-08T17:47:00,2018-05-08T17:46:00,164,164
http://irail.be/vehicle/L5767,http://irail.be/stations/NMBS/008864923,L,2018-05-08T17:49:00,2018-05-08T17:49:00,164,164
http://irail.be/vehicle/L5767,http://irail.be/stations/NMBS/008864915,L,2018-05-08T17:51:00,2018-05-08T17:51:00,164,164
http://irail.be/vehicle/L5767,http://irail.be/stations/NMBS/008864501,L,2018-05-08T17:56:00,2018-05-08T17:56:00,,163
http://irail.be/vehicle/L5767,http://irail.be/stations/NMBS/008863008,L,2018-03-09T17:26:00,2018-03-09T17:26:00,669,
http://irail.be/vehicle/L5767,NO-URI,L,2018-03-09T17:27:00,2018-03-09T17:27:00,669,669
http://irail.be/vehicle/L5767,http://irail.be/stations/NMBS/008863354,L,2018-03-09T17:29:00,2018-03-09T17:29:00,774,692
http://irail.be/vehicle/L5767,http://irail.be/stations/NMBS/008863362,L,2018-03-09T17:32:00,2018-03-09T17:32:00,774,774
http://irail.be/vehicle/L5767,http://irail.be/stations/NMBS/008864964,L,2018-03-09T17:36:00,2018-03-09T17:36:00,774,774
http://irail.be/vehicle/L5767,http://irail.be/stations/NMBS/008864956,L,2018-03-09T17:39:00,2018-03-09T17:39:00,774,774
http://irail.be/vehicle/L5767,NO-URI,L,2018-03-09T17:41:00,2018-03-09T17:41:00,774,774
http://irail.be/vehicle/L5767,http://irail.be/stations/NMBS/008864949,L,2018-03-09T17:43:00,2018-03-09T17:43:00,762,762
http://irail.be/vehicle/L5767,http://irail.be/stations/NMBS/008864931,L,2018-03-09T17:47:00,2018-03-09T17:46:00,730,730
http://irail.be/vehicle/L5767,http://irail.be/stations/NMBS/008864923,L,2018-03-09T17:49:00,2018-03-09T17:49:00,730,730
http://irail.be/vehicle/L5767,http://irail.be/stations/NMBS/008864915,L,2018-03-09T17:51:00,2018-03-09T17:51:00,730,730
http://irail.be/vehicle/L5767,http://irail.be/stations/NMBS/008864501,L,2018-03-09T17:56:00,2018-03-09T17:56:00,,721
http://irail.be/vehicle/L5767,http://irail.be/stations/NMBS/008863008,L,2018-02-23T17:26:00,2018-02-23T17:26:00,523,
http://irail.be/vehicle/L5767,NO-URI,L,2018-02-23T17:27:00,2018-02-23T17:27:00,523,523
http://irail.be/vehicle/L5767,http://irail.be/stations/NMBS/008863354,L,2018-02-23T17:29:00,2018-02-23T17:29:00,534,534
http://irail.be/vehicle/L5767,http://irail.be/stations/NMBS/008863362,L,2018-02-23T17:32:00,2018-02-23T17:32:00,507,507
http://irail.be/vehicle/L5767,http://irail.be/stations/NMBS/008864964,L,2018-02-23T17:36:00,2018-02-23T17:36:00,507,507
http://irail.be/vehicle/L5767,http://irail.be/stations/NMBS/008864956,L,2018-02-23T17:39:00,2018-02-23T17:39:00,507,507
http://irail.be/vehicle/L5767,NO-URI,L,2018-02-23T17:41:00,2018-02-23T17:41:00,507,507
http://irail.be/vehicle/L5767,http://irail.be/stations/NMBS/008864949,L,2018-02-23T17:43:00,2018-02-23T17:43:00,494,494
http://irail.be/vehicle/L5767,http://irail.be/stations/NMBS/008864931,L,2018-02-23T17:47:00,2018-02-23T17:46:00,384,384
http://irail.be/vehicle/L5767,http://irail.be/stations/NMBS/008864923,L,2018-02-23T17:49:00,2018-02-23T17:49:00,384,384
http://irail.be/vehicle/L5767,http://irail.be/stations/NMBS/008864915,L,2018-02-23T17:51:00,2018-02-23T17:51:00,384,384
http://irail.be/vehicle/L5767,http://irail.be/stations/NMBS/008864501,L,2018-02-23T17:56:00,2018-02-23T17:56:00,,394
http://irail.be/vehicle/L5767,http://irail.be/stations/NMBS/008863008,L,2018-10-16T17:26:00,2018-10-16T17:26:00,60,
http://irail.be/vehicle/L5767,NO-URI,L,2018-10-16T17:27:00,2018-10-16T17:27:00,60,60
http://irail.be/vehicle/L5767,http://irail.be/stations/NMBS/008863354,L,2018-10-16T17:29:00,2018-10-16T17:29:00,130,60
http://irail.be/vehicle/L5767,http://irail.be/stations/NMBS/008863362,L,2018-10-16T17:32:00,2018-10-16T17:32:00,130,130
http://irail.be/vehicle/L5767,http://irail.be/stations/NMBS/008864964,L,2018-10-16T17:36:00,2018-10-16T17:36:00,130,130
http://irail.be/vehicle/L5767,http://irail.be/stations/NMBS/008864956,L,2018-10-16T17:39:00,2018-10-16T17:39:00,130,130
http://irail.be/vehicle/L5767,NO-URI,L,2018-10-16T17:41:00,2018-10-16T17:41:00,130,130
http://irail.be/vehicle/L5767,http://irail.be/stations/NMBS/008864949,L,2018-10-16T17:43:00,2018-10-16T17:43:00,116,116
http://irail.be/vehicle/L5767,http://irail.be/stations/NMBS/008864931,L,2018-10-16T17:47:00,2018-10-16T17:46:00,7,7
http://irail.be/vehicle/L5767,http://irail.be/stations/NMBS/008864923,L,2018-10-16T17:49:00,2018-10-16T17:49:00,7,7
http://irail.be/vehicle/L5767,http://irail.be/stations/NMBS/008864915,L,2018-10-16T17:51:00,2018-10-16T17:51:00,7,7
http://irail.be/vehicle/L5767,http://irail.be/stations/NMBS/008864501,L,2018-10-16T17:56:00,2018-10-16T17:56:00,,7
http://irail.be/vehicle/L5767,http://irail.be/stations/NMBS/008863008,L,2018-08-21T17:26:00,2018-08-21T17:26:00,63,
http://irail.be/vehicle/L5767,NO-URI,L,2018-08-21T17:27:00,2018-08-21T17:27:00,63,63
http://irail.be/vehicle/L5767,http://irail.be/stations/NMBS/008863354,L,2018-08-21T17:29:00,2018-08-21T17:29:00,78,63
http://irail.be/vehicle/L5767,http://irail.be/stations/NMBS/008863362,L,2018-08-21T17:32:00,2018-08-21T17:32:00,78,78
http://irail.be/vehicle/L5767,http://irail.be/stations/NMBS/008864964,L,2018-08-21T17:36:00,2018-08-21T17:36:00,78,78
http://irail.be/vehicle/L5767,http://irail.be/stations/NMBS/008864956,L,2018-08-21T17:39:00,2018-08-21T17:39:00,78,78
http://irail.be/vehicle/L5767,NO-URI,L,2018-08-21T17:41:00,2018-08-21T17:41:00,78,78
http://irail.be/vehicle/L5767,http://irail.be/stations/NMBS/008864949,L,2018-08-21T17:43:00,2018-08-21T17:43:00,67,67
http://irail.be/vehicle/L5767,http://irail.be/stations/NMBS/008864931,L,2018-08-21T17:47:00,2018-08-21T17:46:00,-29,-29
http://irail.be/vehicle/L5767,http://irail.be/stations/NMBS/008864923,L,2018-08-21T17:49:00,2018-08-21T17:49:00,-29,-29
http://irail.be/vehicle/L5767,http://irail.be/stations/NMBS/008864915,L,2018-08-21T17:51:00,2018-08-21T17:51:00,-29,-29
http://irail.be/vehicle/L5767,http://irail.be/stations/NMBS/008864501,L,2018-08-21T17:56:00,2018-08-21T17:56:00,,-33
http://irail.be/vehicle/L5767,http://irail.be/stations/NMBS/008863008,L,2018-09-19T17:26:00,2018-09-19T17:26:00,27,
http://irail.be/vehicle/L5767,NO-URI,L,2018-09-19T17:27:00,2018-09-19T17:27:00,27,27
http://irail.be/vehicle/L5767,http://irail.be/stations/NMBS/008863354,L,2018-09-19T17:29:00,2018-09-19T17:29:00,40,40
http://irail.be/vehicle/L5767,http://irail.be/stations/NMBS/008863362,L,2018-09-19T17:32:00,2018-09-19T17:32:00,-1,-1
http://irail.be/vehicle/L5767,http://irail.be/stations/NMBS/008864964,L,2018-09-19T17:36:00,2018-09-19T17:36:00,-1,-1
http://irail.be/vehicle/L5767,http://irail.be/stations/NMBS/008864956,L,2018-09-19T17:39:00,2018-09-19T17:39:00,-1,-1
http://irail.be/vehicle/L5767,NO-URI,L,2018-09-19T17:41:00,2018-09-19T17:41:00,-1,-1
http://irail.be/vehicle/L5767,http://irail.be/stations/NMBS/008864949,L,2018-09-19T17:43:00,2018-09-19T17:43:00,-5,-10
http://irail.be/vehicle/L5767,http://irail.be/stations/NMBS/008864931,L,2018-09-19T17:47:00,2018-09-19T17:46:00,-5,-5
http://irail.be/vehicle/L5767,http://irail.be/stations/NMBS/008864923,L,2018-09-19T17:49:00,2018-09-19T17:49:00,-5,-5
http://irail.be/vehicle/L5767,http://irail.be/stations/NMBS/008864915,L,2018-09-19T17:51:00,2018-09-19T17:51:00,-5,-5
http://irail.be/vehicle/L5767,http://irail.be/stations/NMBS/008864501,L,2018-09-19T17:56:00,2018-09-19T17:56:00,,9
http://irail.be/vehicle/L5767,http://irail.be/stations/NMBS/008863008,L,2018-01-10T17:26:00,2018-01-10T17:26:00,75,
http://irail.be/vehicle/L5767,NO-URI,L,2018-01-10T17:27:00,2018-01-10T17:27:00,75,75
http://irail.be/vehicle/L5767,http://irail.be/stations/NMBS/008863354,L,2018-01-10T17:29:00,2018-01-10T17:29:00,75,75
http://irail.be/vehicle/L5767,http://irail.be/stations/NMBS/008863362,L,2018-01-10T17:32:00,2018-01-10T17:32:00,57,57
http://irail.be/vehicle/L5767,http://irail.be/stations/NMBS/008864964,L,2018-01-10T17:36:00,2018-01-10T17:36:00,57,57
http://irail.be/vehicle/L5767,http://irail.be/stations/NMBS/008864956,L,2018-01-10T17:39:00,2018-01-10T17:39:00,57,57
http://irail.be/vehicle/L5767,NO-URI,L,2018-01-10T17:41:00,2018-01-10T17:41:00,57,57
http://irail.be/vehicle/L5767,http://irail.be/stations/NMBS/008864949,L,2018-01-10T17:43:00,2018-01-10T17:43:00,43,43
http://irail.be/vehicle/L5767,http://irail.be/stations/NMBS/008864931,L,2018-01-10T17:47:00,2018-01-10T17:46:00,-47,-47
http://irail.be/vehicle/L5767,http://irail.be/stations/NMBS/008864923,L,2018-01-10T17:49:00,2018-01-10T17:49:00,-47,-47
http://irail.be/vehicle/L5767,http://irail.be/stations/NMBS/008864915,L,2018-01-10T17:51:00,2018-01-10T17:51:00,-47,-47
http://irail.be/vehicle/L5767,http://irail.be/stations/NMBS/008864501,L,2018-01-10T17:56:00,2018-01-10T17:56:00,,-42
http://irail.be/vehicle/L5767,http://irail.be/stations/NMBS/008863008,L,2018-01-15T17:26:00,2018-01-15T17:26:00,801,
http://irail.be/vehicle/L5767,NO-URI,L,2018-01-15T17:27:00,2018-01-15T17:27:00,801,801
http://irail.be/vehicle/L5767,http://irail.be/stations/NMBS/008863354,L,2018-01-15T17:29:00,2018-01-15T17:29:00,808,801
http://irail.be/vehicle/L5767,http://irail.be/stations/NMBS/008863362,L,2018-01-15T17:32:00,2018-01-15T17:32:00,808,808
http://irail.be/vehicle/L5767,http://irail.be/stations/NMBS/008864964,L,2018-01-15T17:36:00,2018-01-15T17:36:00,808,808
http://irail.be/vehicle/L5767,http://irail.be/stations/NMBS/008864956,L,2018-01-15T17:39:00,2018-01-15T17:39:00,808,808
http://irail.be/vehicle/L5767,NO-URI,L,2018-01-15T17:41:00,2018-01-15T17:41:00,808,808
http://irail.be/vehicle/L5767,http://irail.be/stations/NMBS/008864949,L,2018-01-15T17:43:00,2018-01-15T17:43:00,796,796
http://irail.be/vehicle/L5767,http://irail.be/stations/NMBS/008864931,L,2018-01-15T17:47:00,2018-01-15T17:46:00,711,711
http://irail.be/vehicle/L5767,http://irail.be/stations/NMBS/008864923,L,2018-01-15T17:49:00,2018-01-15T17:49:00,711,711
http://irail.be/vehicle/L5767,http://irail.be/stations/NMBS/008864915,L,2018-01-15T17:51:00,2018-01-15T17:51:00,711,711
http://irail.be/vehicle/L5767,http://irail.be/stations/NMBS/008864501,L,2018-01-15T17:56:00,2018-01-15T17:56:00,,713
http://irail.be/vehicle/L5767,http://irail.be/stations/NMBS/008863008,L,2018-06-08T17:26:00,2018-06-08T17:26:00,70,
http://irail.be/vehicle/L5767,NO-URI,L,2018-06-08T17:27:00,2018-06-08T17:27:00,70,70
http://irail.be/vehicle/L5767,http://irail.be/stations/NMBS/008863354,L,2018-06-08T17:29:00,2018-06-08T17:29:00,85,85
http://irail.be/vehicle/L5767,http://irail.be/stations/NMBS/008863362,L,2018-06-08T17:32:00,2018-06-08T17:32:00,36,36
http://irail.be/vehicle/L5767,http://irail.be/stations/NMBS/008864964,L,2018-06-08T17:36:00,2018-06-08T17:36:00,36,36
http://irail.be/vehicle/L5767,http://irail.be/stations/NMBS/008864956,L,2018-06-08T17:39:00,2018-06-08T17:39:00,36,36
http://irail.be/vehicle/L5767,NO-URI,L,2018-06-08T17:41:00,2018-06-08T17:41:00,36,36
http://irail.be/vehicle/L5767,http://irail.be/stations/NMBS/008864949,L,2018-06-08T17:43:00,2018-06-08T17:43:00,22,22
http://irail.be/vehicle/L5767,http://irail.be/stations/NMBS/008864931,L,2018-06-08T17:47:00,2018-06-08T17:46:00,-58,-58
http://irail.be/vehicle/L5767,http://irail.be/stations/NMBS/008864923,L,2018-06-08T17:49:00,2018-06-08T17:49:00,-58,-58
http://irail.be/vehicle/L5767,http://irail.be/stations/NMBS/008864915,L,2018-06-08T17:51:00,2018-06-08T17:51:00,-58,-58
http://irail.be/vehicle/L5767,http://irail.be/stations/NMBS/008864501,L,2018-06-08T17:56:00,2018-06-08T17:56:00,,-66
http://irail.be/vehicle/L5767,http://irail.be/stations/NMBS/008863008,L,2018-05-15T17:26:00,2018-05-15T17:26:00,34,
http://irail.be/vehicle/L5767,NO-URI,L,2018-05-15T17:27:00,2018-05-15T17:27:00,34,34
http://irail.be/vehicle/L5767,http://irail.be/stations/NMBS/008863354,L,2018-05-15T17:29:00,2018-05-15T17:29:00,47,47
http://irail.be/vehicle/L5767,http://irail.be/stations/NMBS/008863362,L,2018-05-15T17:32:00,2018-05-15T17:32:00,-2,-2
http://irail.be/vehicle/L5767,http://irail.be/stations/NMBS/008864964,L,2018-05-15T17:36:00,2018-05-15T17:36:00,-2,-2
http://irail.be/vehicle/L5767,http://irail.be/stations/NMBS/008864956,L,2018-05-15T17:39:00,2018-05-15T17:39:00,-2,-2
http://irail.be/vehicle/L5767,NO-URI,L,2018-05-15T17:41:00,2018-05-15T17:41:00,-2,-2
http://irail.be/vehicle/L5767,http://irail.be/stations/NMBS/008864949,L,2018-05-15T17:43:00,2018-05-15T17:43:00,-3,-3
http://irail.be/vehicle/L5767,http://irail.be/stations/NMBS/008864931,L,2018-05-15T17:47:00,2018-05-15T17:46:00,-36,-36
http://irail.be/vehicle/L5767,http://irail.be/stations/NMBS/008864923,L,2018-05-15T17:49:00,2018-05-15T17:49:00,-36,-36
http://irail.be/vehicle/L5767,http://irail.be/stations/NMBS/008864915,L,2018-05-15T17:51:00,2018-05-15T17:51:00,-36,-36
http://irail.be/vehicle/L5767,http://irail.be/stations/NMBS/008864501,L,2018-05-15T17:56:00,2018-05-15T17:56:00,,-33
http://irail.be/vehicle/L5767,http://irail.be/stations/NMBS/008863008,L,2018-02-28T17:26:00,2018-02-28T17:26:00,139,
http://irail.be/vehicle/L5767,NO-URI,L,2018-02-28T17:27:00,2018-02-28T17:27:00,139,139
http://irail.be/vehicle/L5767,http://irail.be/stations/NMBS/008863354,L,2018-02-28T17:29:00,2018-02-28T17:29:00,152,152
http://irail.be/vehicle/L5767,http://irail.be/stations/NMBS/008863362,L,2018-02-28T17:32:00,2018-02-28T17:32:00,150,150
http://irail.be/vehicle/L5767,http://irail.be/stations/NMBS/008864964,L,2018-02-28T17:36:00,2018-02-28T17:36:00,150,150
http://irail.be/vehicle/L5767,http://irail.be/stations/NMBS/008864956,L,2018-02-28T17:39:00,2018-02-28T17:39:00,150,150
http://irail.be/vehicle/L5767,NO-URI,L,2018-02-28T17:41:00,2018-02-28T17:41:00,150,150
http://irail.be/vehicle/L5767,http://irail.be/stations/NMBS/008864949,L,2018-02-28T17:43:00,2018-02-28T17:43:00,137,137
http://irail.be/vehicle/L5767,http://irail.be/stations/NMBS/008864931,L,2018-02-28T17:47:00,2018-02-28T17:46:00,27,27
http://irail.be/vehicle/L5767,http://irail.be/stations/NMBS/008864923,L,2018-02-28T17:49:00,2018-02-28T17:49:00,27,27
http://irail.be/vehicle/L5767,http://irail.be/stations/NMBS/008864915,L,2018-02-28T17:51:00,2018-02-28T17:51:00,27,27
http://irail.be/vehicle/L5767,http://irail.be/stations/NMBS/008864501,L,2018-02-28T17:56:00,2018-02-28T17:56:00,,33
http://irail.be/vehicle/L5767,http://irail.be/stations/NMBS/008863008,L,2018-08-17T17:26:00,2018-08-17T17:26:00,20,
http://irail.be/vehicle/L5767,NO-URI,L,2018-08-17T17:27:00,2018-08-17T17:27:00,20,20
http://irail.be/vehicle/L5767,http://irail.be/stations/NMBS/008863354,L,2018-08-17T17:29:00,2018-08-17T17:29:00,56,20
http://irail.be/vehicle/L5767,http://irail.be/stations/NMBS/008863362,L,2018-08-17T17:32:00,2018-08-17T17:32:00,56,56
http://irail.be/vehicle/L5767,http://irail.be/stations/NMBS/008864964,L,2018-08-17T17:36:00,2018-08-17T17:36:00,56,56
http://irail.be/vehicle/L5767,http://irail.be/stations/NMBS/008864956,L,2018-08-17T17:39:00,2018-08-17T17:39:00,56,56
http://irail.be/vehicle/L5767,NO-URI,L,2018-08-17T17:41:00,2018-08-17T17:41:00,56,56
http://irail.be/vehicle/L5767,http://irail.be/stations/NMBS/008864949,L,2018-08-17T17:43:00,2018-08-17T17:43:00,45,45
http://irail.be/vehicle/L5767,http://irail.be/stations/NMBS/008864931,L,2018-08-17T17:47:00,2018-08-17T17:46:00,-20,-20
http://irail.be/vehicle/L5767,http://irail.be/stations/NMBS/008864923,L,2018-08-17T17:49:00,2018-08-17T17:49:00,-20,-20
http://irail.be/vehicle/L5767,http://irail.be/stations/NMBS/008864915,L,2018-08-17T17:51:00,2018-08-17T17:51:00,-20,-20
http://irail.be/vehicle/L5767,http://irail.be/stations/NMBS/008864501,L,2018-08-17T17:56:00,2018-08-17T17:56:00,,-8
http://irail.be/vehicle/L5767,http://irail.be/stations/NMBS/008863008,L,2018-03-16T17:26:00,2018-03-16T17:26:00,24,
http://irail.be/vehicle/L5767,NO-URI,L,2018-03-16T17:27:00,2018-03-16T17:27:00,24,24
http://irail.be/vehicle/L5767,http://irail.be/stations/NMBS/008863354,L,2018-03-16T17:29:00,2018-03-16T17:29:00,35,35
http://irail.be/vehicle/L5767,http://irail.be/stations/NMBS/008863362,L,2018-03-16T17:32:00,2018-03-16T17:32:00,-7,-7
http://irail.be/vehicle/L5767,http://irail.be/stations/NMBS/008864964,L,2018-03-16T17:36:00,2018-03-16T17:36:00,-7,-7
http://irail.be/vehicle/L5767,http://irail.be/stations/NMBS/008864956,L,2018-03-16T17:39:00,2018-03-16T17:39:00,-7,-7
http://irail.be/vehicle/L5767,NO-URI,L,2018-03-16T17:41:00,2018-03-16T17:41:00,-7,-7
http://irail.be/vehicle/L5767,http://irail.be/stations/NMBS/008864949,L,2018-03-16T17:43:00,2018-03-16T17:43:00,-19,-19
http://irail.be/vehicle/L5767,http://irail.be/stations/NMBS/008864931,L,2018-03-16T17:47:00,2018-03-16T17:46:00,-26,-26
http://irail.be/vehicle/L5767,http://irail.be/stations/NMBS/008864923,L,2018-03-16T17:49:00,2018-03-16T17:49:00,-26,-26
http://irail.be/vehicle/L5767,http://irail.be/stations/NMBS/008864915,L,2018-03-16T17:51:00,2018-03-16T17:51:00,-26,-26
http://irail.be/vehicle/L5767,http://irail.be/stations/NMBS/008864501,L,2018-03-16T17:56:00,2018-03-16T17:56:00,,-12
http://irail.be/vehicle/L5767,http://irail.be/stations/NMBS/008863008,L,2018-08-06T17:26:00,2018-08-06T17:26:00,51,
http://irail.be/vehicle/L5767,NO-URI,L,2018-08-06T17:27:00,2018-08-06T17:27:00,51,51
http://irail.be/vehicle/L5767,http://irail.be/stations/NMBS/008863354,L,2018-08-06T17:29:00,2018-08-06T17:29:00,67,67
http://irail.be/vehicle/L5767,http://irail.be/stations/NMBS/008863362,L,2018-08-06T17:32:00,2018-08-06T17:32:00,5,5
http://irail.be/vehicle/L5767,http://irail.be/stations/NMBS/008864964,L,2018-08-06T17:36:00,2018-08-06T17:36:00,5,5
http://irail.be/vehicle/L5767,http://irail.be/stations/NMBS/008864956,L,2018-08-06T17:39:00,2018-08-06T17:39:00,5,5
http://irail.be/vehicle/L5767,NO-URI,L,2018-08-06T17:41:00,2018-08-06T17:41:00,5,5
http://irail.be/vehicle/L5767,http://irail.be/stations/NMBS/008864949,L,2018-08-06T17:43:00,2018-08-06T17:43:00,-9,-9
http://irail.be/vehicle/L5767,http://irail.be/stations/NMBS/008864931,L,2018-08-06T17:47:00,2018-08-06T17:46:00,-60,-60
http://irail.be/vehicle/L5767,http://irail.be/stations/NMBS/008864923,L,2018-08-06T17:49:00,2018-08-06T17:49:00,-60,-60
http://irail.be/vehicle/L5767,http://irail.be/stations/NMBS/008864915,L,2018-08-06T17:51:00,2018-08-06T17:51:00,-60,-60
http://irail.be/vehicle/L5767,http://irail.be/stations/NMBS/008864501,L,2018-08-06T17:56:00,2018-08-06T17:56:00,,-56
http://irail.be/vehicle/L5767,http://irail.be/stations/NMBS/008863008,L,2018-12-13T17:26:00,2018-12-13T17:26:00,49,
http://irail.be/vehicle/L5767,NO-URI,L,2018-12-13T17:27:00,2018-12-13T17:27:00,49,49
http://irail.be/vehicle/L5767,http://irail.be/stations/NMBS/008863354,L,2018-12-13T17:29:00,2018-12-13T17:29:00,97,75
http://irail.be/vehicle/L5767,http://irail.be/stations/NMBS/008863362,L,2018-12-13T17:32:00,2018-12-13T17:32:00,97,97
http://irail.be/vehicle/L5767,http://irail.be/stations/NMBS/008864964,L,2018-12-13T17:36:00,2018-12-13T17:36:00,97,97
http://irail.be/vehicle/L5767,http://irail.be/stations/NMBS/008864956,L,2018-12-13T17:39:00,2018-12-13T17:39:00,97,97
http://irail.be/vehicle/L5767,NO-URI,L,2018-12-13T17:41:00,2018-12-13T17:41:00,97,97
http://irail.be/vehicle/L5767,http://irail.be/stations/NMBS/008864949,L,2018-12-13T17:43:00,2018-12-13T17:43:00,87,87
http://irail.be/vehicle/L5767,http://irail.be/stations/NMBS/008864931,L,2018-12-13T17:47:00,2018-12-13T17:46:00,47,47
http://irail.be/vehicle/L5767,http://irail.be/stations/NMBS/008864923,L,2018-12-13T17:49:00,2018-12-13T17:49:00,47,47
http://irail.be/vehicle/L5767,http://irail.be/stations/NMBS/008864915,L,2018-12-13T17:51:00,2018-12-13T17:51:00,47,47
http://irail.be/vehicle/L5767,http://irail.be/stations/NMBS/008864501,L,2018-12-13T17:56:00,2018-12-13T17:56:00,,72
http://irail.be/vehicle/L5767,http://irail.be/stations/NMBS/008863008,L,2018-10-09T17:26:00,2018-10-09T17:26:00,23,
http://irail.be/vehicle/L5767,NO-URI,L,2018-10-09T17:27:00,2018-10-09T17:27:00,23,23
http://irail.be/vehicle/L5767,http://irail.be/stations/NMBS/008863354,L,2018-10-09T17:29:00,2018-10-09T17:29:00,67,37
http://irail.be/vehicle/L5767,http://irail.be/stations/NMBS/008863362,L,2018-10-09T17:32:00,2018-10-09T17:32:00,67,67
http://irail.be/vehicle/L5767,http://irail.be/stations/NMBS/008864964,L,2018-10-09T17:36:00,2018-10-09T17:36:00,67,67
http://irail.be/vehicle/L5767,http://irail.be/stations/NMBS/008864956,L,2018-10-09T17:39:00,2018-10-09T17:39:00,67,67
http://irail.be/vehicle/L5767,NO-URI,L,2018-10-09T17:41:00,2018-10-09T17:41:00,67,67
http://irail.be/vehicle/L5767,http://irail.be/stations/NMBS/008864949,L,2018-10-09T17:43:00,2018-10-09T17:43:00,56,56
http://irail.be/vehicle/L5767,http://irail.be/stations/NMBS/008864931,L,2018-10-09T17:47:00,2018-10-09T17:46:00,13,13
http://irail.be/vehicle/L5767,http://irail.be/stations/NMBS/008864923,L,2018-10-09T17:49:00,2018-10-09T17:49:00,13,13
http://irail.be/vehicle/L5767,http://irail.be/stations/NMBS/008864915,L,2018-10-09T17:51:00,2018-10-09T17:51:00,13,13
http://irail.be/vehicle/L5767,http://irail.be/stations/NMBS/008864501,L,2018-10-09T17:56:00,2018-10-09T17:56:00,,7
http://irail.be/vehicle/L5767,http://irail.be/stations/NMBS/008863008,L,2018-03-13T17:26:00,2018-03-13T17:26:00,391,
http://irail.be/vehicle/L5767,NO-URI,L,2018-03-13T17:27:00,2018-03-13T17:27:00,391,391
http://irail.be/vehicle/L5767,http://irail.be/stations/NMBS/008863354,L,2018-03-13T17:29:00,2018-03-13T17:29:00,406,406
http://irail.be/vehicle/L5767,http://irail.be/stations/NMBS/008863362,L,2018-03-13T17:32:00,2018-03-13T17:32:00,373,373
http://irail.be/vehicle/L5767,http://irail.be/stations/NMBS/008864964,L,2018-03-13T17:36:00,2018-03-13T17:36:00,373,373
http://irail.be/vehicle/L5767,http://irail.be/stations/NMBS/008864956,L,2018-03-13T17:39:00,2018-03-13T17:39:00,373,373
http://irail.be/vehicle/L5767,NO-URI,L,2018-03-13T17:41:00,2018-03-13T17:41:00,373,373
http://irail.be/vehicle/L5767,http://irail.be/stations/NMBS/008864949,L,2018-03-13T17:43:00,2018-03-13T17:43:00,361,361
http://irail.be/vehicle/L5767,http://irail.be/stations/NMBS/008864931,L,2018-03-13T17:47:00,2018-03-13T17:46:00,281,281
http://irail.be/vehicle/L5767,http://irail.be/stations/NMBS/008864923,L,2018-03-13T17:49:00,2018-03-13T17:49:00,281,281
http://irail.be/vehicle/L5767,http://irail.be/stations/NMBS/008864915,L,2018-03-13T17:51:00,2018-03-13T17:51:00,281,281
http://irail.be/vehicle/L5767,http://irail.be/stations/NMBS/008864501,L,2018-03-13T17:56:00,2018-03-13T17:56:00,,298
http://irail.be/vehicle/L5767,http://irail.be/stations/NMBS/008863008,L,2018-12-03T17:26:00,2018-12-03T17:26:00,94,
http://irail.be/vehicle/L5767,NO-URI,L,2018-12-03T17:27:00,2018-12-03T17:27:00,94,94
http://irail.be/vehicle/L5767,http://irail.be/stations/NMBS/008863354,L,2018-12-03T17:29:00,2018-12-03T17:29:00,136,103
http://irail.be/vehicle/L5767,http://irail.be/stations/NMBS/008863362,L,2018-12-03T17:32:00,2018-12-03T17:32:00,136,136
http://irail.be/vehicle/L5767,http://irail.be/stations/NMBS/008864964,L,2018-12-03T17:36:00,2018-12-03T17:36:00,136,136
http://irail.be/vehicle/L5767,http://irail.be/stations/NMBS/008864956,L,2018-12-03T17:39:00,2018-12-03T17:39:00,136,136
http://irail.be/vehicle/L5767,NO-URI,L,2018-12-03T17:41:00,2018-12-03T17:41:00,136,136
http://irail.be/vehicle/L5767,http://irail.be/stations/NMBS/008864949,L,2018-12-03T17:43:00,2018-12-03T17:43:00,126,126
http://irail.be/vehicle/L5767,http://irail.be/stations/NMBS/008864931,L,2018-12-03T17:47:00,2018-12-03T17:46:00,101,101
http://irail.be/vehicle/L5767,http://irail.be/stations/NMBS/008864923,L,2018-12-03T17:49:00,2018-12-03T17:49:00,101,101
http://irail.be/vehicle/L5767,http://irail.be/stations/NMBS/008864915,L,2018-12-03T17:51:00,2018-12-03T17:51:00,101,101
http://irail.be/vehicle/L5767,http://irail.be/stations/NMBS/008864501,L,2018-12-03T17:56:00,2018-12-03T17:56:00,,117
http://irail.be/vehicle/L5767,http://irail.be/stations/NMBS/008863008,L,2018-07-13T17:26:00,2018-07-13T17:26:00,15,
http://irail.be/vehicle/L5767,NO-URI,L,2018-07-13T17:27:00,2018-07-13T17:27:00,15,15
http://irail.be/vehicle/L5767,http://irail.be/stations/NMBS/008863354,L,2018-07-13T17:29:00,2018-07-13T17:29:00,83,15
http://irail.be/vehicle/L5767,http://irail.be/stations/NMBS/008863362,L,2018-07-13T17:32:00,2018-07-13T17:32:00,83,83
http://irail.be/vehicle/L5767,http://irail.be/stations/NMBS/008864964,L,2018-07-13T17:36:00,2018-07-13T17:36:00,83,83
http://irail.be/vehicle/L5767,http://irail.be/stations/NMBS/008864956,L,2018-07-13T17:39:00,2018-07-13T17:39:00,83,83
http://irail.be/vehicle/L5767,NO-URI,L,2018-07-13T17:41:00,2018-07-13T17:41:00,83,83
http://irail.be/vehicle/L5767,http://irail.be/stations/NMBS/008864949,L,2018-07-13T17:43:00,2018-07-13T17:43:00,73,73
http://irail.be/vehicle/L5767,http://irail.be/stations/NMBS/008864931,L,2018-07-13T17:47:00,2018-07-13T17:46:00,-8,-8
http://irail.be/vehicle/L5767,http://irail.be/stations/NMBS/008864923,L,2018-07-13T17:49:00,2018-07-13T17:49:00,-8,-8
http://irail.be/vehicle/L5767,http://irail.be/stations/NMBS/008864915,L,2018-07-13T17:51:00,2018-07-13T17:51:00,-8,-8
http://irail.be/vehicle/L5767,http://irail.be/stations/NMBS/008864501,L,2018-07-13T17:56:00,2018-07-13T17:56:00,,5
http://irail.be/vehicle/L5767,http://irail.be/stations/NMBS/008863008,L,2018-01-05T17:26:00,2018-01-05T17:26:00,365,
http://irail.be/vehicle/L5767,NO-URI,L,2018-01-05T17:27:00,2018-01-05T17:27:00,380,380
http://irail.be/vehicle/L5767,http://irail.be/stations/NMBS/008863354,L,2018-01-05T17:29:00,2018-01-05T17:29:00,380,380
http://irail.be/vehicle/L5767,http://irail.be/stations/NMBS/008863362,L,2018-01-05T17:32:00,2018-01-05T17:32:00,364,364
http://irail.be/vehicle/L5767,http://irail.be/stations/NMBS/008864964,L,2018-01-05T17:36:00,2018-01-05T17:36:00,364,364
http://irail.be/vehicle/L5767,http://irail.be/stations/NMBS/008864956,L,2018-01-05T17:39:00,2018-01-05T17:39:00,364,364
http://irail.be/vehicle/L5767,NO-URI,L,2018-01-05T17:41:00,2018-01-05T17:41:00,364,364
http://irail.be/vehicle/L5767,http://irail.be/stations/NMBS/008864949,L,2018-01-05T17:43:00,2018-01-05T17:43:00,350,350
http://irail.be/vehicle/L5767,http://irail.be/stations/NMBS/008864931,L,2018-01-05T17:47:00,2018-01-05T17:46:00,264,264
http://irail.be/vehicle/L5767,http://irail.be/stations/NMBS/008864923,L,2018-01-05T17:49:00,2018-01-05T17:49:00,264,264
http://irail.be/vehicle/L5767,http://irail.be/stations/NMBS/008864915,L,2018-01-05T17:51:00,2018-01-05T17:51:00,264,264
http://irail.be/vehicle/L5767,http://irail.be/stations/NMBS/008864501,L,2018-01-05T17:56:00,2018-01-05T17:56:00,,279
http://irail.be/vehicle/L5767,http://irail.be/stations/NMBS/008863008,L,2018-10-23T17:26:00,2018-10-23T17:26:00,251,
http://irail.be/vehicle/L5767,NO-URI,L,2018-10-23T17:27:00,2018-10-23T17:27:00,251,251
http://irail.be/vehicle/L5767,http://irail.be/stations/NMBS/008863354,L,2018-10-23T17:29:00,2018-10-23T17:29:00,263,263
http://irail.be/vehicle/L5767,http://irail.be/stations/NMBS/008863362,L,2018-10-23T17:32:00,2018-10-23T17:32:00,218,218
http://irail.be/vehicle/L5767,http://irail.be/stations/NMBS/008864964,L,2018-10-23T17:36:00,2018-10-23T17:36:00,218,218
http://irail.be/vehicle/L5767,http://irail.be/stations/NMBS/008864956,L,2018-10-23T17:39:00,2018-10-23T17:39:00,218,218
http://irail.be/vehicle/L5767,NO-URI,L,2018-10-23T17:41:00,2018-10-23T17:41:00,218,218
http://irail.be/vehicle/L5767,http://irail.be/stations/NMBS/008864949,L,2018-10-23T17:43:00,2018-10-23T17:43:00,204,204
http://irail.be/vehicle/L5767,http://irail.be/stations/NMBS/008864931,L,2018-10-23T17:47:00,2018-10-23T17:46:00,94,94
http://irail.be/vehicle/L5767,http://irail.be/stations/NMBS/008864923,L,2018-10-23T17:49:00,2018-10-23T17:49:00,94,94
http://irail.be/vehicle/L5767,http://irail.be/stations/NMBS/008864915,L,2018-10-23T17:51:00,2018-10-23T17:51:00,94,94
http://irail.be/vehicle/L5767,http://irail.be/stations/NMBS/008864501,L,2018-10-23T17:56:00,2018-10-23T17:56:00,,100
http://irail.be/vehicle/L5767,http://irail.be/stations/NMBS/008863008,L,2018-06-20T17:26:00,2018-06-20T17:26:00,212,
http://irail.be/vehicle/L5767,NO-URI,L,2018-06-20T17:27:00,2018-06-20T17:27:00,212,212
http://irail.be/vehicle/L5767,http://irail.be/stations/NMBS/008863354,L,2018-06-20T17:29:00,2018-06-20T17:29:00,243,243
http://irail.be/vehicle/L5767,http://irail.be/stations/NMBS/008863362,L,2018-06-20T17:32:00,2018-06-20T17:32:00,235,235
http://irail.be/vehicle/L5767,http://irail.be/stations/NMBS/008864964,L,2018-06-20T17:36:00,2018-06-20T17:36:00,235,235
http://irail.be/vehicle/L5767,http://irail.be/stations/NMBS/008864956,L,2018-06-20T17:39:00,2018-06-20T17:39:00,235,235
http://irail.be/vehicle/L5767,NO-URI,L,2018-06-20T17:41:00,2018-06-20T17:41:00,235,235
http://irail.be/vehicle/L5767,http://irail.be/stations/NMBS/008864949,L,2018-06-20T17:43:00,2018-06-20T17:43:00,472,223
http://irail.be/vehicle/L5767,http://irail.be/stations/NMBS/008864931,L,2018-06-20T17:47:00,2018-06-20T17:46:00,472,472
http://irail.be/vehicle/L5767,http://irail.be/stations/NMBS/008864923,L,2018-06-20T17:49:00,2018-06-20T17:49:00,472,472
http://irail.be/vehicle/L5767,http://irail.be/stations/NMBS/008864915,L,2018-06-20T17:51:00,2018-06-20T17:51:00,472,472
http://irail.be/vehicle/L5767,http://irail.be/stations/NMBS/008864501,L,2018-06-20T17:56:00,2018-06-20T17:56:00,,660
http://irail.be/vehicle/L5767,http://irail.be/stations/NMBS/008863008,L,2018-04-05T17:26:00,2018-04-05T17:26:00,61,
http://irail.be/vehicle/L5767,NO-URI,L,2018-04-05T17:27:00,2018-04-05T17:27:00,61,61
http://irail.be/vehicle/L5767,http://irail.be/stations/NMBS/008863354,L,2018-04-05T17:29:00,2018-04-05T17:29:00,75,70
http://irail.be/vehicle/L5767,http://irail.be/stations/NMBS/008863362,L,2018-04-05T17:32:00,2018-04-05T17:32:00,75,75
http://irail.be/vehicle/L5767,http://irail.be/stations/NMBS/008864964,L,2018-04-05T17:36:00,2018-04-05T17:36:00,75,75
http://irail.be/vehicle/L5767,http://irail.be/stations/NMBS/008864956,L,2018-04-05T17:39:00,2018-04-05T17:39:00,75,75
http://irail.be/vehicle/L5767,NO-URI,L,2018-04-05T17:41:00,2018-04-05T17:41:00,75,75
http://irail.be/vehicle/L5767,http://irail.be/stations/NMBS/008864949,L,2018-04-05T17:43:00,2018-04-05T17:43:00,63,63
http://irail.be/vehicle/L5767,http://irail.be/stations/NMBS/008864931,L,2018-04-05T17:47:00,2018-04-05T17:46:00,-1,-1
http://irail.be/vehicle/L5767,http://irail.be/stations/NMBS/008864923,L,2018-04-05T17:49:00,2018-04-05T17:49:00,-1,-1
http://irail.be/vehicle/L5767,http://irail.be/stations/NMBS/008864915,L,2018-04-05T17:51:00,2018-04-05T17:51:00,-1,-1
http://irail.be/vehicle/L5767,http://irail.be/stations/NMBS/008864501,L,2018-04-05T17:56:00,2018-04-05T17:56:00,,17
http://irail.be/vehicle/L5767,http://irail.be/stations/NMBS/008863008,L,2018-04-03T17:26:00,2018-04-03T17:26:00,236,
http://irail.be/vehicle/L5767,NO-URI,L,2018-04-03T17:27:00,2018-04-03T17:27:00,236,236
http://irail.be/vehicle/L5767,http://irail.be/stations/NMBS/008863354,L,2018-04-03T17:29:00,2018-04-03T17:29:00,280,259
http://irail.be/vehicle/L5767,http://irail.be/stations/NMBS/008863362,L,2018-04-03T17:32:00,2018-04-03T17:32:00,280,280
http://irail.be/vehicle/L5767,http://irail.be/stations/NMBS/008864964,L,2018-04-03T17:36:00,2018-04-03T17:36:00,280,280
http://irail.be/vehicle/L5767,http://irail.be/stations/NMBS/008864956,L,2018-04-03T17:39:00,2018-04-03T17:39:00,280,280
http://irail.be/vehicle/L5767,NO-URI,L,2018-04-03T17:41:00,2018-04-03T17:41:00,280,280
http://irail.be/vehicle/L5767,http://irail.be/stations/NMBS/008864949,L,2018-04-03T17:43:00,2018-04-03T17:43:00,269,269
http://irail.be/vehicle/L5767,http://irail.be/stations/NMBS/008864931,L,2018-04-03T17:47:00,2018-04-03T17:46:00,191,191
http://irail.be/vehicle/L5767,http://irail.be/stations/NMBS/008864923,L,2018-04-03T17:49:00,2018-04-03T17:49:00,191,191
http://irail.be/vehicle/L5767,http://irail.be/stations/NMBS/008864915,L,2018-04-03T17:51:00,2018-04-03T17:51:00,191,191
http://irail.be/vehicle/L5767,http://irail.be/stations/NMBS/008864501,L,2018-04-03T17:56:00,2018-04-03T17:56:00,,201
http://irail.be/vehicle/L5767,http://irail.be/stations/NMBS/008863008,L,2018-11-05T17:26:00,2018-11-05T17:26:00,19,
http://irail.be/vehicle/L5767,NO-URI,L,2018-11-05T17:27:00,2018-11-05T17:27:00,19,19
http://irail.be/vehicle/L5767,http://irail.be/stations/NMBS/008863354,L,2018-11-05T17:29:00,2018-11-05T17:29:00,144,34
http://irail.be/vehicle/L5767,http://irail.be/stations/NMBS/008863362,L,2018-11-05T17:32:00,2018-11-05T17:32:00,144,144
http://irail.be/vehicle/L5767,http://irail.be/stations/NMBS/008864964,L,2018-11-05T17:36:00,2018-11-05T17:36:00,144,144
http://irail.be/vehicle/L5767,http://irail.be/stations/NMBS/008864956,L,2018-11-05T17:39:00,2018-11-05T17:39:00,144,144
http://irail.be/vehicle/L5767,NO-URI,L,2018-11-05T17:41:00,2018-11-05T17:41:00,144,144
http://irail.be/vehicle/L5767,http://irail.be/stations/NMBS/008864949,L,2018-11-05T17:43:00,2018-11-05T17:43:00,199,143
http://irail.be/vehicle/L5767,http://irail.be/stations/NMBS/008864931,L,2018-11-05T17:47:00,2018-11-05T17:46:00,199,199
http://irail.be/vehicle/L5767,http://irail.be/stations/NMBS/008864923,L,2018-11-05T17:49:00,2018-11-05T17:49:00,199,199
http://irail.be/vehicle/L5767,http://irail.be/stations/NMBS/008864915,L,2018-11-05T17:51:00,2018-11-05T17:51:00,199,199
http://irail.be/vehicle/L5767,http://irail.be/stations/NMBS/008864501,L,2018-11-05T17:56:00,2018-11-05T17:56:00,,257
http://irail.be/vehicle/L5767,http://irail.be/stations/NMBS/008863008,L,2018-03-14T17:26:00,2018-03-14T17:26:00,548,
http://irail.be/vehicle/L5767,NO-URI,L,2018-03-14T17:27:00,2018-03-14T17:27:00,0,0
http://irail.be/vehicle/L5767,http://irail.be/stations/NMBS/008863354,L,2018-03-14T17:29:00,2018-03-14T17:29:00,459,564
http://irail.be/vehicle/L5767,http://irail.be/stations/NMBS/008863362,L,2018-03-14T17:32:00,2018-03-14T17:32:00,459,459
http://irail.be/vehicle/L5767,http://irail.be/stations/NMBS/008864964,L,2018-03-14T17:36:00,2018-03-14T17:36:00,459,459
http://irail.be/vehicle/L5767,http://irail.be/stations/NMBS/008864956,L,2018-03-14T17:39:00,2018-03-14T17:39:00,459,459
http://irail.be/vehicle/L5767,NO-URI,L,2018-03-14T17:41:00,2018-03-14T17:41:00,459,459
http://irail.be/vehicle/L5767,http://irail.be/stations/NMBS/008864949,L,2018-03-14T17:43:00,2018-03-14T17:43:00,444,444
http://irail.be/vehicle/L5767,http://irail.be/stations/NMBS/008864931,L,2018-03-14T17:47:00,2018-03-14T17:46:00,287,287
http://irail.be/vehicle/L5767,http://irail.be/stations/NMBS/008864923,L,2018-03-14T17:49:00,2018-03-14T17:49:00,287,287
http://irail.be/vehicle/L5767,http://irail.be/stations/NMBS/008864915,L,2018-03-14T17:51:00,2018-03-14T17:51:00,287,287
http://irail.be/vehicle/L5767,http://irail.be/stations/NMBS/008864501,L,2018-03-14T17:56:00,2018-03-14T17:56:00,,278
http://irail.be/vehicle/L5767,http://irail.be/stations/NMBS/008863008,L,2018-11-23T17:26:00,2018-11-23T17:26:00,210,
http://irail.be/vehicle/L5767,NO-URI,L,2018-11-23T17:27:00,2018-11-23T17:27:00,210,210
http://irail.be/vehicle/L5767,http://irail.be/stations/NMBS/008863354,L,2018-11-23T17:29:00,2018-11-23T17:29:00,222,222
http://irail.be/vehicle/L5767,http://irail.be/stations/NMBS/008863362,L,2018-11-23T17:32:00,2018-11-23T17:32:00,202,202
http://irail.be/vehicle/L5767,http://irail.be/stations/NMBS/008864964,L,2018-11-23T17:36:00,2018-11-23T17:36:00,202,202
http://irail.be/vehicle/L5767,http://irail.be/stations/NMBS/008864956,L,2018-11-23T17:39:00,2018-11-23T17:39:00,202,202
http://irail.be/vehicle/L5767,NO-URI,L,2018-11-23T17:41:00,2018-11-23T17:41:00,202,202
http://irail.be/vehicle/L5767,http://irail.be/stations/NMBS/008864949,L,2018-11-23T17:43:00,2018-11-23T17:43:00,189,189
http://irail.be/vehicle/L5767,http://irail.be/stations/NMBS/008864931,L,2018-11-23T17:47:00,2018-11-23T17:46:00,112,112
http://irail.be/vehicle/L5767,http://irail.be/stations/NMBS/008864923,L,2018-11-23T17:49:00,2018-11-23T17:49:00,112,112
http://irail.be/vehicle/L5767,http://irail.be/stations/NMBS/008864915,L,2018-11-23T17:51:00,2018-11-23T17:51:00,112,112
http://irail.be/vehicle/L5767,http://irail.be/stations/NMBS/008864501,L,2018-11-23T17:56:00,2018-11-23T17:56:00,,107
http://irail.be/vehicle/L5767,http://irail.be/stations/NMBS/008863008,L,2018-07-04T17:26:00,2018-07-04T17:26:00,13,
http://irail.be/vehicle/L5767,NO-URI,L,2018-07-04T17:27:00,2018-07-04T17:27:00,13,13
http://irail.be/vehicle/L5767,http://irail.be/stations/NMBS/008863354,L,2018-07-04T17:29:00,2018-07-04T17:29:00,46,13
http://irail.be/vehicle/L5767,http://irail.be/stations/NMBS/008863362,L,2018-07-04T17:32:00,2018-07-04T17:32:00,46,46
http://irail.be/vehicle/L5767,http://irail.be/stations/NMBS/008864964,L,2018-07-04T17:36:00,2018-07-04T17:36:00,46,46
http://irail.be/vehicle/L5767,http://irail.be/stations/NMBS/008864956,L,2018-07-04T17:39:00,2018-07-04T17:39:00,46,46
http://irail.be/vehicle/L5767,NO-URI,L,2018-07-04T17:41:00,2018-07-04T17:41:00,46,46
http://irail.be/vehicle/L5767,http://irail.be/stations/NMBS/008864949,L,2018-07-04T17:43:00,2018-07-04T17:43:00,37,37
http://irail.be/vehicle/L5767,http://irail.be/stations/NMBS/008864931,L,2018-07-04T17:47:00,2018-07-04T17:46:00,-29,-29
http://irail.be/vehicle/L5767,http://irail.be/stations/NMBS/008864923,L,2018-07-04T17:49:00,2018-07-04T17:49:00,-29,-29
http://irail.be/vehicle/L5767,http://irail.be/stations/NMBS/008864915,L,2018-07-04T17:51:00,2018-07-04T17:51:00,-29,-29
http://irail.be/vehicle/L5767,http://irail.be/stations/NMBS/008864501,L,2018-07-04T17:56:00,2018-07-04T17:56:00,,-1
http://irail.be/vehicle/L5767,http://irail.be/stations/NMBS/008863008,L,2018-01-22T17:26:00,2018-01-22T17:26:00,6,
http://irail.be/vehicle/L5767,NO-URI,L,2018-01-22T17:27:00,2018-01-22T17:27:00,6,6
http://irail.be/vehicle/L5767,http://irail.be/stations/NMBS/008863354,L,2018-01-22T17:29:00,2018-01-22T17:29:00,6,6
http://irail.be/vehicle/L5767,http://irail.be/stations/NMBS/008863362,L,2018-01-22T17:32:00,2018-01-22T17:32:00,-2,-2
http://irail.be/vehicle/L5767,http://irail.be/stations/NMBS/008864964,L,2018-01-22T17:36:00,2018-01-22T17:36:00,-2,-2
http://irail.be/vehicle/L5767,http://irail.be/stations/NMBS/008864956,L,2018-01-22T17:39:00,2018-01-22T17:39:00,-2,-2
http://irail.be/vehicle/L5767,NO-URI,L,2018-01-22T17:41:00,2018-01-22T17:41:00,-2,-2
http://irail.be/vehicle/L5767,http://irail.be/stations/NMBS/008864949,L,2018-01-22T17:43:00,2018-01-22T17:43:00,-13,-13
http://irail.be/vehicle/L5767,http://irail.be/stations/NMBS/008864931,L,2018-01-22T17:47:00,2018-01-22T17:46:00,-20,-20
http://irail.be/vehicle/L5767,http://irail.be/stations/NMBS/008864923,L,2018-01-22T17:49:00,2018-01-22T17:49:00,-20,-20
http://irail.be/vehicle/L5767,http://irail.be/stations/NMBS/008864915,L,2018-01-22T17:51:00,2018-01-22T17:51:00,-20,-20
http://irail.be/vehicle/L5767,http://irail.be/stations/NMBS/008864501,L,2018-01-22T17:56:00,2018-01-22T17:56:00,,-11
http://irail.be/vehicle/L5767,http://irail.be/stations/NMBS/008863008,L,2018-03-12T17:26:00,2018-03-12T17:26:00,140,
http://irail.be/vehicle/L5767,NO-URI,L,2018-03-12T17:27:00,2018-03-12T17:27:00,140,140
http://irail.be/vehicle/L5767,http://irail.be/stations/NMBS/008863354,L,2018-03-12T17:29:00,2018-03-12T17:29:00,150,150
http://irail.be/vehicle/L5767,http://irail.be/stations/NMBS/008863362,L,2018-03-12T17:32:00,2018-03-12T17:32:00,148,148
http://irail.be/vehicle/L5767,http://irail.be/stations/NMBS/008864964,L,2018-03-12T17:36:00,2018-03-12T17:36:00,148,148
http://irail.be/vehicle/L5767,http://irail.be/stations/NMBS/008864956,L,2018-03-12T17:39:00,2018-03-12T17:39:00,148,148
http://irail.be/vehicle/L5767,NO-URI,L,2018-03-12T17:41:00,2018-03-12T17:41:00,148,148
http://irail.be/vehicle/L5767,http://irail.be/stations/NMBS/008864949,L,2018-03-12T17:43:00,2018-03-12T17:43:00,134,134
http://irail.be/vehicle/L5767,http://irail.be/stations/NMBS/008864931,L,2018-03-12T17:47:00,2018-03-12T17:46:00,30,30
http://irail.be/vehicle/L5767,http://irail.be/stations/NMBS/008864923,L,2018-03-12T17:49:00,2018-03-12T17:49:00,30,30
http://irail.be/vehicle/L5767,http://irail.be/stations/NMBS/008864915,L,2018-03-12T17:51:00,2018-03-12T17:51:00,30,30
http://irail.be/vehicle/L5767,http://irail.be/stations/NMBS/008864501,L,2018-03-12T17:56:00,2018-03-12T17:56:00,,26
http://irail.be/vehicle/L5767,http://irail.be/stations/NMBS/008863008,L,2018-12-27T17:26:00,2018-12-27T17:26:00,5,
http://irail.be/vehicle/L5767,NO-URI,L,2018-12-27T17:27:00,2018-12-27T17:27:00,5,5
http://irail.be/vehicle/L5767,http://irail.be/stations/NMBS/008863354,L,2018-12-27T17:29:00,2018-12-27T17:29:00,107,5
http://irail.be/vehicle/L5767,http://irail.be/stations/NMBS/008863362,L,2018-12-27T17:32:00,2018-12-27T17:32:00,107,107
http://irail.be/vehicle/L5767,http://irail.be/stations/NMBS/008864964,L,2018-12-27T17:36:00,2018-12-27T17:36:00,107,107
http://irail.be/vehicle/L5767,http://irail.be/stations/NMBS/008864956,L,2018-12-27T17:39:00,2018-12-27T17:39:00,107,107
http://irail.be/vehicle/L5767,NO-URI,L,2018-12-27T17:41:00,2018-12-27T17:41:00,107,107
http://irail.be/vehicle/L5767,http://irail.be/stations/NMBS/008864949,L,2018-12-27T17:43:00,2018-12-27T17:43:00,107,107
http://irail.be/vehicle/L5767,http://irail.be/stations/NMBS/008864931,L,2018-12-27T17:47:00,2018-12-27T17:46:00,34,34
http://irail.be/vehicle/L5767,http://irail.be/stations/NMBS/008864923,L,2018-12-27T17:49:00,2018-12-27T17:49:00,34,34
http://irail.be/vehicle/L5767,http://irail.be/stations/NMBS/008864915,L,2018-12-27T17:51:00,2018-12-27T17:51:00,34,34
http://irail.be/vehicle/L5767,http://irail.be/stations/NMBS/008864501,L,2018-12-27T17:56:00,2018-12-27T17:56:00,,29
http://irail.be/vehicle/L5767,http://irail.be/stations/NMBS/008863008,L,2018-10-26T17:26:00,2018-10-26T17:26:00,817,
http://irail.be/vehicle/L5767,NO-URI,L,2018-10-26T17:27:00,2018-10-26T17:27:00,817,817
http://irail.be/vehicle/L5767,http://irail.be/stations/NMBS/008863354,L,2018-10-26T17:29:00,2018-10-26T17:29:00,880,817
http://irail.be/vehicle/L5767,http://irail.be/stations/NMBS/008863362,L,2018-10-26T17:32:00,2018-10-26T17:32:00,880,880
http://irail.be/vehicle/L5767,http://irail.be/stations/NMBS/008864964,L,2018-10-26T17:36:00,2018-10-26T17:36:00,880,880
http://irail.be/vehicle/L5767,http://irail.be/stations/NMBS/008864956,L,2018-10-26T17:39:00,2018-10-26T17:39:00,880,880
http://irail.be/vehicle/L5767,NO-URI,L,2018-10-26T17:41:00,2018-10-26T17:41:00,880,880
http://irail.be/vehicle/L5767,http://irail.be/stations/NMBS/008864949,L,2018-10-26T17:43:00,2018-10-26T17:43:00,1128,1128
http://irail.be/vehicle/L5767,http://irail.be/stations/NMBS/008864931,L,2018-10-26T17:47:00,2018-10-26T17:46:00,1082,1082
http://irail.be/vehicle/L5767,http://irail.be/stations/NMBS/008864923,L,2018-10-26T17:49:00,2018-10-26T17:49:00,1082,1082
http://irail.be/vehicle/L5767,http://irail.be/stations/NMBS/008864915,L,2018-10-26T17:51:00,2018-10-26T17:51:00,1082,1082
http://irail.be/vehicle/L5767,http://irail.be/stations/NMBS/008864501,L,2018-10-26T17:56:00,2018-10-26T17:56:00,,1096
http://irail.be/vehicle/L5767,http://irail.be/stations/NMBS/008863008,L,2018-05-04T17:26:00,2018-05-04T17:26:00,435,
http://irail.be/vehicle/L5767,NO-URI,L,2018-05-04T17:27:00,2018-05-04T17:27:00,435,435
http://irail.be/vehicle/L5767,http://irail.be/stations/NMBS/008863354,L,2018-05-04T17:29:00,2018-05-04T17:29:00,446,446
http://irail.be/vehicle/L5767,http://irail.be/stations/NMBS/008863362,L,2018-05-04T17:32:00,2018-05-04T17:32:00,357,357
http://irail.be/vehicle/L5767,http://irail.be/stations/NMBS/008864964,L,2018-05-04T17:36:00,2018-05-04T17:36:00,357,357
http://irail.be/vehicle/L5767,http://irail.be/stations/NMBS/008864956,L,2018-05-04T17:39:00,2018-05-04T17:39:00,357,357
http://irail.be/vehicle/L5767,NO-URI,L,2018-05-04T17:41:00,2018-05-04T17:41:00,357,357
http://irail.be/vehicle/L5767,http://irail.be/stations/NMBS/008864949,L,2018-05-04T17:43:00,2018-05-04T17:43:00,343,343
http://irail.be/vehicle/L5767,http://irail.be/stations/NMBS/008864931,L,2018-05-04T17:47:00,2018-05-04T17:46:00,286,286
http://irail.be/vehicle/L5767,http://irail.be/stations/NMBS/008864923,L,2018-05-04T17:49:00,2018-05-04T17:49:00,286,286
http://irail.be/vehicle/L5767,http://irail.be/stations/NMBS/008864915,L,2018-05-04T17:51:00,2018-05-04T17:51:00,286,286
http://irail.be/vehicle/L5767,http://irail.be/stations/NMBS/008864501,L,2018-05-04T17:56:00,2018-05-04T17:56:00,,288
http://irail.be/vehicle/L5767,http://irail.be/stations/NMBS/008863008,L,2018-01-26T17:26:00,2018-01-26T17:26:00,760,
http://irail.be/vehicle/L5767,NO-URI,L,2018-01-26T17:27:00,2018-01-26T17:27:00,760,760
http://irail.be/vehicle/L5767,http://irail.be/stations/NMBS/008863354,L,2018-01-26T17:29:00,2018-01-26T17:29:00,772,772
http://irail.be/vehicle/L5767,http://irail.be/stations/NMBS/008863362,L,2018-01-26T17:32:00,2018-01-26T17:32:00,767,767
http://irail.be/vehicle/L5767,http://irail.be/stations/NMBS/008864964,L,2018-01-26T17:36:00,2018-01-26T17:36:00,767,767
http://irail.be/vehicle/L5767,http://irail.be/stations/NMBS/008864956,L,2018-01-26T17:39:00,2018-01-26T17:39:00,767,767
http://irail.be/vehicle/L5767,NO-URI,L,2018-01-26T17:41:00,2018-01-26T17:41:00,767,767
http://irail.be/vehicle/L5767,http://irail.be/stations/NMBS/008864949,L,2018-01-26T17:43:00,2018-01-26T17:43:00,758,758
http://irail.be/vehicle/L5767,http://irail.be/stations/NMBS/008864931,L,2018-01-26T17:47:00,2018-01-26T17:46:00,688,688
http://irail.be/vehicle/L5767,http://irail.be/stations/NMBS/008864923,L,2018-01-26T17:49:00,2018-01-26T17:49:00,688,688
http://irail.be/vehicle/L5767,http://irail.be/stations/NMBS/008864915,L,2018-01-26T17:51:00,2018-01-26T17:51:00,688,688
http://irail.be/vehicle/L5767,http://irail.be/stations/NMBS/008864501,L,2018-01-26T17:56:00,2018-01-26T17:56:00,,705
http://irail.be/vehicle/L5767,http://irail.be/stations/NMBS/008863008,L,2018-05-29T17:26:00,2018-05-29T17:26:00,41,
http://irail.be/vehicle/L5767,NO-URI,L,2018-05-29T17:27:00,2018-05-29T17:27:00,41,41
http://irail.be/vehicle/L5767,http://irail.be/stations/NMBS/008863354,L,2018-05-29T17:29:00,2018-05-29T17:29:00,63,53
http://irail.be/vehicle/L5767,http://irail.be/stations/NMBS/008863362,L,2018-05-29T17:32:00,2018-05-29T17:32:00,63,63
http://irail.be/vehicle/L5767,http://irail.be/stations/NMBS/008864964,L,2018-05-29T17:36:00,2018-05-29T17:36:00,63,63
http://irail.be/vehicle/L5767,http://irail.be/stations/NMBS/008864956,L,2018-05-29T17:39:00,2018-05-29T17:39:00,63,63
http://irail.be/vehicle/L5767,NO-URI,L,2018-05-29T17:41:00,2018-05-29T17:41:00,63,63
http://irail.be/vehicle/L5767,http://irail.be/stations/NMBS/008864949,L,2018-05-29T17:43:00,2018-05-29T17:43:00,68,68
http://irail.be/vehicle/L5767,http://irail.be/stations/NMBS/008864931,L,2018-05-29T17:47:00,2018-05-29T17:46:00,-7,-7
http://irail.be/vehicle/L5767,http://irail.be/stations/NMBS/008864923,L,2018-05-29T17:49:00,2018-05-29T17:49:00,-7,-7
http://irail.be/vehicle/L5767,http://irail.be/stations/NMBS/008864915,L,2018-05-29T17:51:00,2018-05-29T17:51:00,-7,-7
http://irail.be/vehicle/L5767,http://irail.be/stations/NMBS/008864501,L,2018-05-29T17:56:00,2018-05-29T17:56:00,,-7
http://irail.be/vehicle/L5767,http://irail.be/stations/NMBS/008863008,L,2018-01-23T17:26:00,2018-01-23T17:26:00,30,
http://irail.be/vehicle/L5767,NO-URI,L,2018-01-23T17:27:00,2018-01-23T17:27:00,30,30
http://irail.be/vehicle/L5767,http://irail.be/stations/NMBS/008863354,L,2018-01-23T17:29:00,2018-01-23T17:29:00,57,30
http://irail.be/vehicle/L5767,http://irail.be/stations/NMBS/008863362,L,2018-01-23T17:32:00,2018-01-23T17:32:00,57,57
http://irail.be/vehicle/L5767,http://irail.be/stations/NMBS/008864964,L,2018-01-23T17:36:00,2018-01-23T17:36:00,57,57
http://irail.be/vehicle/L5767,http://irail.be/stations/NMBS/008864956,L,2018-01-23T17:39:00,2018-01-23T17:39:00,57,57
http://irail.be/vehicle/L5767,NO-URI,L,2018-01-23T17:41:00,2018-01-23T17:41:00,57,57
http://irail.be/vehicle/L5767,http://irail.be/stations/NMBS/008864949,L,2018-01-23T17:43:00,2018-01-23T17:43:00,43,43
http://irail.be/vehicle/L5767,http://irail.be/stations/NMBS/008864931,L,2018-01-23T17:47:00,2018-01-23T17:46:00,-28,-28
http://irail.be/vehicle/L5767,http://irail.be/stations/NMBS/008864923,L,2018-01-23T17:49:00,2018-01-23T17:49:00,-28,-28
http://irail.be/vehicle/L5767,http://irail.be/stations/NMBS/008864915,L,2018-01-23T17:51:00,2018-01-23T17:51:00,-28,-28
http://irail.be/vehicle/L5767,http://irail.be/stations/NMBS/008864501,L,2018-01-23T17:56:00,2018-01-23T17:56:00,,-24
http://irail.be/vehicle/L5767,http://irail.be/stations/NMBS/008863008,L,2018-02-07T17:26:00,2018-02-07T17:26:00,12,
http://irail.be/vehicle/L5767,NO-URI,L,2018-02-07T17:27:00,2018-02-07T17:27:00,12,12
http://irail.be/vehicle/L5767,http://irail.be/stations/NMBS/008863354,L,2018-02-07T17:29:00,2018-02-07T17:29:00,37,12
http://irail.be/vehicle/L5767,http://irail.be/stations/NMBS/008863362,L,2018-02-07T17:32:00,2018-02-07T17:32:00,37,37
http://irail.be/vehicle/L5767,http://irail.be/stations/NMBS/008864964,L,2018-02-07T17:36:00,2018-02-07T17:36:00,37,37
http://irail.be/vehicle/L5767,http://irail.be/stations/NMBS/008864956,L,2018-02-07T17:39:00,2018-02-07T17:39:00,37,37
http://irail.be/vehicle/L5767,NO-URI,L,2018-02-07T17:41:00,2018-02-07T17:41:00,37,37
http://irail.be/vehicle/L5767,http://irail.be/stations/NMBS/008864949,L,2018-02-07T17:43:00,2018-02-07T17:43:00,25,25
http://irail.be/vehicle/L5767,http://irail.be/stations/NMBS/008864931,L,2018-02-07T17:47:00,2018-02-07T17:46:00,-31,-31
http://irail.be/vehicle/L5767,http://irail.be/stations/NMBS/008864923,L,2018-02-07T17:49:00,2018-02-07T17:49:00,-31,-31
http://irail.be/vehicle/L5767,http://irail.be/stations/NMBS/008864915,L,2018-02-07T17:51:00,2018-02-07T17:51:00,-31,-31
http://irail.be/vehicle/L5767,http://irail.be/stations/NMBS/008864501,L,2018-02-07T17:56:00,2018-02-07T17:56:00,,-27
http://irail.be/vehicle/L5767,http://irail.be/stations/NMBS/008863008,L,2018-11-06T17:26:00,2018-11-06T17:26:00,15,
http://irail.be/vehicle/L5767,NO-URI,L,2018-11-06T17:27:00,2018-11-06T17:27:00,15,15
http://irail.be/vehicle/L5767,http://irail.be/stations/NMBS/008863354,L,2018-11-06T17:29:00,2018-11-06T17:29:00,28,27
http://irail.be/vehicle/L5767,http://irail.be/stations/NMBS/008863362,L,2018-11-06T17:32:00,2018-11-06T17:32:00,28,28
http://irail.be/vehicle/L5767,http://irail.be/stations/NMBS/008864964,L,2018-11-06T17:36:00,2018-11-06T17:36:00,28,28
http://irail.be/vehicle/L5767,http://irail.be/stations/NMBS/008864956,L,2018-11-06T17:39:00,2018-11-06T17:39:00,28,28
http://irail.be/vehicle/L5767,NO-URI,L,2018-11-06T17:41:00,2018-11-06T17:41:00,28,28
http://irail.be/vehicle/L5767,http://irail.be/stations/NMBS/008864949,L,2018-11-06T17:43:00,2018-11-06T17:43:00,15,15
http://irail.be/vehicle/L5767,http://irail.be/stations/NMBS/008864931,L,2018-11-06T17:47:00,2018-11-06T17:46:00,-42,-42
http://irail.be/vehicle/L5767,http://irail.be/stations/NMBS/008864923,L,2018-11-06T17:49:00,2018-11-06T17:49:00,-42,-42
http://irail.be/vehicle/L5767,http://irail.be/stations/NMBS/008864915,L,2018-11-06T17:51:00,2018-11-06T17:51:00,-42,-42
http://irail.be/vehicle/L5767,http://irail.be/stations/NMBS/008864501,L,2018-11-06T17:56:00,2018-11-06T17:56:00,,-37
http://irail.be/vehicle/L5767,http://irail.be/stations/NMBS/008863008,L,2018-11-26T17:26:00,2018-11-26T17:26:00,156,
http://irail.be/vehicle/L5767,NO-URI,L,2018-11-26T17:27:00,2018-11-26T17:27:00,156,156
http://irail.be/vehicle/L5767,http://irail.be/stations/NMBS/008863354,L,2018-11-26T17:29:00,2018-11-26T17:29:00,168,168
http://irail.be/vehicle/L5767,http://irail.be/stations/NMBS/008863362,L,2018-11-26T17:32:00,2018-11-26T17:32:00,124,124
http://irail.be/vehicle/L5767,http://irail.be/stations/NMBS/008864964,L,2018-11-26T17:36:00,2018-11-26T17:36:00,124,124
http://irail.be/vehicle/L5767,http://irail.be/stations/NMBS/008864956,L,2018-11-26T17:39:00,2018-11-26T17:39:00,124,124
http://irail.be/vehicle/L5767,NO-URI,L,2018-11-26T17:41:00,2018-11-26T17:41:00,124,124
http://irail.be/vehicle/L5767,http://irail.be/stations/NMBS/008864949,L,2018-11-26T17:43:00,2018-11-26T17:43:00,110,110
http://irail.be/vehicle/L5767,http://irail.be/stations/NMBS/008864931,L,2018-11-26T17:47:00,2018-11-26T17:46:00,35,35
http://irail.be/vehicle/L5767,http://irail.be/stations/NMBS/008864923,L,2018-11-26T17:49:00,2018-11-26T17:49:00,35,35
http://irail.be/vehicle/L5767,http://irail.be/stations/NMBS/008864915,L,2018-11-26T17:51:00,2018-11-26T17:51:00,35,35
http://irail.be/vehicle/L5767,http://irail.be/stations/NMBS/008864501,L,2018-11-26T17:56:00,2018-11-26T17:56:00,,39
http://irail.be/vehicle/L5767,http://irail.be/stations/NMBS/008863008,L,2018-05-17T17:26:00,2018-05-17T17:26:00,38,
http://irail.be/vehicle/L5767,NO-URI,L,2018-05-17T17:27:00,2018-05-17T17:27:00,38,38
http://irail.be/vehicle/L5767,http://irail.be/stations/NMBS/008863354,L,2018-05-17T17:29:00,2018-05-17T17:29:00,48,48
http://irail.be/vehicle/L5767,http://irail.be/stations/NMBS/008863362,L,2018-05-17T17:32:00,2018-05-17T17:32:00,-19,-19
http://irail.be/vehicle/L5767,http://irail.be/stations/NMBS/008864964,L,2018-05-17T17:36:00,2018-05-17T17:36:00,-19,-19
http://irail.be/vehicle/L5767,http://irail.be/stations/NMBS/008864956,L,2018-05-17T17:39:00,2018-05-17T17:39:00,-19,-19
http://irail.be/vehicle/L5767,NO-URI,L,2018-05-17T17:41:00,2018-05-17T17:41:00,-19,-19
http://irail.be/vehicle/L5767,http://irail.be/stations/NMBS/008864949,L,2018-05-17T17:43:00,2018-05-17T17:43:00,-28,-30
http://irail.be/vehicle/L5767,http://irail.be/stations/NMBS/008864931,L,2018-05-17T17:47:00,2018-05-17T17:46:00,-28,-28
http://irail.be/vehicle/L5767,http://irail.be/stations/NMBS/008864923,L,2018-05-17T17:49:00,2018-05-17T17:49:00,-28,-28
http://irail.be/vehicle/L5767,http://irail.be/stations/NMBS/008864915,L,2018-05-17T17:51:00,2018-05-17T17:51:00,-28,-28
http://irail.be/vehicle/L5767,http://irail.be/stations/NMBS/008864501,L,2018-05-17T17:56:00,2018-05-17T17:56:00,,-24
http://irail.be/vehicle/L5767,http://irail.be/stations/NMBS/008863008,L,2018-12-07T17:26:00,2018-12-07T17:26:00,21,
http://irail.be/vehicle/L5767,NO-URI,L,2018-12-07T17:27:00,2018-12-07T17:27:00,21,21
http://irail.be/vehicle/L5767,http://irail.be/stations/NMBS/008863354,L,2018-12-07T17:29:00,2018-12-07T17:29:00,36,36
http://irail.be/vehicle/L5767,http://irail.be/stations/NMBS/008863362,L,2018-12-07T17:32:00,2018-12-07T17:32:00,27,27
http://irail.be/vehicle/L5767,http://irail.be/stations/NMBS/008864964,L,2018-12-07T17:36:00,2018-12-07T17:36:00,27,27
http://irail.be/vehicle/L5767,http://irail.be/stations/NMBS/008864956,L,2018-12-07T17:39:00,2018-12-07T17:39:00,27,27
http://irail.be/vehicle/L5767,NO-URI,L,2018-12-07T17:41:00,2018-12-07T17:41:00,27,27
http://irail.be/vehicle/L5767,http://irail.be/stations/NMBS/008864949,L,2018-12-07T17:43:00,2018-12-07T17:43:00,13,13
http://irail.be/vehicle/L5767,http://irail.be/stations/NMBS/008864931,L,2018-12-07T17:47:00,2018-12-07T17:46:00,-9,-9
http://irail.be/vehicle/L5767,http://irail.be/stations/NMBS/008864923,L,2018-12-07T17:49:00,2018-12-07T17:49:00,-9,-9
http://irail.be/vehicle/L5767,http://irail.be/stations/NMBS/008864915,L,2018-12-07T17:51:00,2018-12-07T17:51:00,-9,-9
http://irail.be/vehicle/L5767,http://irail.be/stations/NMBS/008864501,L,2018-12-07T17:56:00,2018-12-07T17:56:00,,-19
http://irail.be/vehicle/L5767,http://irail.be/stations/NMBS/008863008,L,2018-10-15T17:26:00,2018-10-15T17:26:00,26,
http://irail.be/vehicle/L5767,NO-URI,L,2018-10-15T17:27:00,2018-10-15T17:27:00,26,26
http://irail.be/vehicle/L5767,http://irail.be/stations/NMBS/008863354,L,2018-10-15T17:29:00,2018-10-15T17:29:00,57,38
http://irail.be/vehicle/L5767,http://irail.be/stations/NMBS/008863362,L,2018-10-15T17:32:00,2018-10-15T17:32:00,57,57
http://irail.be/vehicle/L5767,http://irail.be/stations/NMBS/008864964,L,2018-10-15T17:36:00,2018-10-15T17:36:00,57,57
http://irail.be/vehicle/L5767,http://irail.be/stations/NMBS/008864956,L,2018-10-15T17:39:00,2018-10-15T17:39:00,57,57
http://irail.be/vehicle/L5767,NO-URI,L,2018-10-15T17:41:00,2018-10-15T17:41:00,57,57
http://irail.be/vehicle/L5767,http://irail.be/stations/NMBS/008864949,L,2018-10-15T17:43:00,2018-10-15T17:43:00,44,44
http://irail.be/vehicle/L5767,http://irail.be/stations/NMBS/008864931,L,2018-10-15T17:47:00,2018-10-15T17:46:00,-5,-5
http://irail.be/vehicle/L5767,http://irail.be/stations/NMBS/008864923,L,2018-10-15T17:49:00,2018-10-15T17:49:00,-5,-5
http://irail.be/vehicle/L5767,http://irail.be/stations/NMBS/008864915,L,2018-10-15T17:51:00,2018-10-15T17:51:00,-5,-5
http://irail.be/vehicle/L5767,http://irail.be/stations/NMBS/008864501,L,2018-10-15T17:56:00,2018-10-15T17:56:00,,2
http://irail.be/vehicle/L5767,http://irail.be/stations/NMBS/008863008,L,2018-04-24T17:26:00,2018-04-24T17:26:00,102,
http://irail.be/vehicle/L5767,NO-URI,L,2018-04-24T17:27:00,2018-04-24T17:27:00,102,102
http://irail.be/vehicle/L5767,http://irail.be/stations/NMBS/008863354,L,2018-04-24T17:29:00,2018-04-24T17:29:00,120,114
http://irail.be/vehicle/L5767,http://irail.be/stations/NMBS/008863362,L,2018-04-24T17:32:00,2018-04-24T17:32:00,120,120
http://irail.be/vehicle/L5767,http://irail.be/stations/NMBS/008864964,L,2018-04-24T17:36:00,2018-04-24T17:36:00,120,120
http://irail.be/vehicle/L5767,http://irail.be/stations/NMBS/008864956,L,2018-04-24T17:39:00,2018-04-24T17:39:00,120,120
http://irail.be/vehicle/L5767,NO-URI,L,2018-04-24T17:41:00,2018-04-24T17:41:00,120,120
http://irail.be/vehicle/L5767,http://irail.be/stations/NMBS/008864949,L,2018-04-24T17:43:00,2018-04-24T17:43:00,109,109
http://irail.be/vehicle/L5767,http://irail.be/stations/NMBS/008864931,L,2018-04-24T17:47:00,2018-04-24T17:46:00,45,45
http://irail.be/vehicle/L5767,http://irail.be/stations/NMBS/008864923,L,2018-04-24T17:49:00,2018-04-24T17:49:00,45,45
http://irail.be/vehicle/L5767,http://irail.be/stations/NMBS/008864915,L,2018-04-24T17:51:00,2018-04-24T17:51:00,45,45
http://irail.be/vehicle/L5767,http://irail.be/stations/NMBS/008864501,L,2018-04-24T17:56:00,2018-04-24T17:56:00,,68
http://irail.be/vehicle/L5767,http://irail.be/stations/NMBS/008863008,L,2018-05-22T17:26:00,2018-05-22T17:26:00,57,
http://irail.be/vehicle/L5767,NO-URI,L,2018-05-22T17:27:00,2018-05-22T17:27:00,57,57
http://irail.be/vehicle/L5767,http://irail.be/stations/NMBS/008863354,L,2018-05-22T17:29:00,2018-05-22T17:29:00,99,74
http://irail.be/vehicle/L5767,http://irail.be/stations/NMBS/008863362,L,2018-05-22T17:32:00,2018-05-22T17:32:00,99,99
http://irail.be/vehicle/L5767,http://irail.be/stations/NMBS/008864964,L,2018-05-22T17:36:00,2018-05-22T17:36:00,99,99
http://irail.be/vehicle/L5767,http://irail.be/stations/NMBS/008864956,L,2018-05-22T17:39:00,2018-05-22T17:39:00,99,99
http://irail.be/vehicle/L5767,NO-URI,L,2018-05-22T17:41:00,2018-05-22T17:41:00,99,99
http://irail.be/vehicle/L5767,http://irail.be/stations/NMBS/008864949,L,2018-05-22T17:43:00,2018-05-22T17:43:00,104,104
http://irail.be/vehicle/L5767,http://irail.be/stations/NMBS/008864931,L,2018-05-22T17:47:00,2018-05-22T17:46:00,51,51
http://irail.be/vehicle/L5767,http://irail.be/stations/NMBS/008864923,L,2018-05-22T17:49:00,2018-05-22T17:49:00,51,51
http://irail.be/vehicle/L5767,http://irail.be/stations/NMBS/008864915,L,2018-05-22T17:51:00,2018-05-22T17:51:00,51,51
http://irail.be/vehicle/L5767,http://irail.be/stations/NMBS/008864501,L,2018-05-22T17:56:00,2018-05-22T17:56:00,,54
http://irail.be/vehicle/L5767,http://irail.be/stations/NMBS/008863008,L,2018-08-01T17:26:00,2018-08-01T17:26:00,56,
http://irail.be/vehicle/L5767,NO-URI,L,2018-08-01T17:27:00,2018-08-01T17:27:00,56,56
http://irail.be/vehicle/L5767,http://irail.be/stations/NMBS/008863354,L,2018-08-01T17:29:00,2018-08-01T17:29:00,72,56
http://irail.be/vehicle/L5767,http://irail.be/stations/NMBS/008863362,L,2018-08-01T17:32:00,2018-08-01T17:32:00,72,72
http://irail.be/vehicle/L5767,http://irail.be/stations/NMBS/008864964,L,2018-08-01T17:36:00,2018-08-01T17:36:00,72,72
http://irail.be/vehicle/L5767,http://irail.be/stations/NMBS/008864956,L,2018-08-01T17:39:00,2018-08-01T17:39:00,72,72
http://irail.be/vehicle/L5767,NO-URI,L,2018-08-01T17:41:00,2018-08-01T17:41:00,72,72
http://irail.be/vehicle/L5767,http://irail.be/stations/NMBS/008864949,L,2018-08-01T17:43:00,2018-08-01T17:43:00,59,59
http://irail.be/vehicle/L5767,http://irail.be/stations/NMBS/008864931,L,2018-08-01T17:47:00,2018-08-01T17:46:00,-25,-25
http://irail.be/vehicle/L5767,http://irail.be/stations/NMBS/008864923,L,2018-08-01T17:49:00,2018-08-01T17:49:00,-25,-25
http://irail.be/vehicle/L5767,http://irail.be/stations/NMBS/008864915,L,2018-08-01T17:51:00,2018-08-01T17:51:00,-25,-25
http://irail.be/vehicle/L5767,http://irail.be/stations/NMBS/008864501,L,2018-08-01T17:56:00,2018-08-01T17:56:00,,-20
http://irail.be/vehicle/L5767,http://irail.be/stations/NMBS/008863008,L,2018-06-07T17:26:00,2018-06-07T17:26:00,763,
http://irail.be/vehicle/L5767,NO-URI,L,2018-06-07T17:27:00,2018-06-07T17:27:00,763,763
http://irail.be/vehicle/L5767,http://irail.be/stations/NMBS/008863354,L,2018-06-07T17:29:00,2018-06-07T17:29:00,774,774
http://irail.be/vehicle/L5767,http://irail.be/stations/NMBS/008863362,L,2018-06-07T17:32:00,2018-06-07T17:32:00,735,735
http://irail.be/vehicle/L5767,http://irail.be/stations/NMBS/008864964,L,2018-06-07T17:36:00,2018-06-07T17:36:00,735,735
http://irail.be/vehicle/L5767,http://irail.be/stations/NMBS/008864956,L,2018-06-07T17:39:00,2018-06-07T17:39:00,735,735
http://irail.be/vehicle/L5767,NO-URI,L,2018-06-07T17:41:00,2018-06-07T17:41:00,735,735
http://irail.be/vehicle/L5767,http://irail.be/stations/NMBS/008864949,L,2018-06-07T17:43:00,2018-06-07T17:43:00,725,725
http://irail.be/vehicle/L5767,http://irail.be/stations/NMBS/008864931,L,2018-06-07T17:47:00,2018-06-07T17:46:00,659,659
http://irail.be/vehicle/L5767,http://irail.be/stations/NMBS/008864923,L,2018-06-07T17:49:00,2018-06-07T17:49:00,659,659
http://irail.be/vehicle/L5767,http://irail.be/stations/NMBS/008864915,L,2018-06-07T17:51:00,2018-06-07T17:51:00,659,659
http://irail.be/vehicle/L5767,http://irail.be/stations/NMBS/008864501,L,2018-06-07T17:56:00,2018-06-07T17:56:00,,658
http://irail.be/vehicle/L5767,http://irail.be/stations/NMBS/008863008,L,2018-12-12T17:26:00,2018-12-12T17:26:00,23,
http://irail.be/vehicle/L5767,NO-URI,L,2018-12-12T17:27:00,2018-12-12T17:27:00,23,23
http://irail.be/vehicle/L5767,http://irail.be/stations/NMBS/008863354,L,2018-12-12T17:29:00,2018-12-12T17:29:00,39,33
http://irail.be/vehicle/L5767,http://irail.be/stations/NMBS/008863362,L,2018-12-12T17:32:00,2018-12-12T17:32:00,39,39
http://irail.be/vehicle/L5767,http://irail.be/stations/NMBS/008864964,L,2018-12-12T17:36:00,2018-12-12T17:36:00,39,39
http://irail.be/vehicle/L5767,http://irail.be/stations/NMBS/008864956,L,2018-12-12T17:39:00,2018-12-12T17:39:00,39,39
http://irail.be/vehicle/L5767,NO-URI,L,2018-12-12T17:41:00,2018-12-12T17:41:00,39,39
http://irail.be/vehicle/L5767,http://irail.be/stations/NMBS/008864949,L,2018-12-12T17:43:00,2018-12-12T17:43:00,28,28
http://irail.be/vehicle/L5767,http://irail.be/stations/NMBS/008864931,L,2018-12-12T17:47:00,2018-12-12T17:46:00,7,7
http://irail.be/vehicle/L5767,http://irail.be/stations/NMBS/008864923,L,2018-12-12T17:49:00,2018-12-12T17:49:00,7,7
http://irail.be/vehicle/L5767,http://irail.be/stations/NMBS/008864915,L,2018-12-12T17:51:00,2018-12-12T17:51:00,7,7
http://irail.be/vehicle/L5767,http://irail.be/stations/NMBS/008864501,L,2018-12-12T17:56:00,2018-12-12T17:56:00,,5
http://irail.be/vehicle/L5767,http://irail.be/stations/NMBS/008863008,L,2018-11-30T17:26:00,2018-11-30T17:26:00,45,
http://irail.be/vehicle/L5767,NO-URI,L,2018-11-30T17:27:00,2018-11-30T17:27:00,45,45
http://irail.be/vehicle/L5767,http://irail.be/stations/NMBS/008863354,L,2018-11-30T17:29:00,2018-11-30T17:29:00,179,57
http://irail.be/vehicle/L5767,http://irail.be/stations/NMBS/008863362,L,2018-11-30T17:32:00,2018-11-30T17:32:00,179,179
http://irail.be/vehicle/L5767,http://irail.be/stations/NMBS/008864964,L,2018-11-30T17:36:00,2018-11-30T17:36:00,179,179
http://irail.be/vehicle/L5767,http://irail.be/stations/NMBS/008864956,L,2018-11-30T17:39:00,2018-11-30T17:39:00,179,179
http://irail.be/vehicle/L5767,NO-URI,L,2018-11-30T17:41:00,2018-11-30T17:41:00,179,179
http://irail.be/vehicle/L5767,http://irail.be/stations/NMBS/008864949,L,2018-11-30T17:43:00,2018-11-30T17:43:00,526,526
http://irail.be/vehicle/L5767,http://irail.be/stations/NMBS/008864931,L,2018-11-30T17:47:00,2018-11-30T17:46:00,509,509
http://irail.be/vehicle/L5767,http://irail.be/stations/NMBS/008864923,L,2018-11-30T17:49:00,2018-11-30T17:49:00,509,509
http://irail.be/vehicle/L5767,http://irail.be/stations/NMBS/008864915,L,2018-11-30T17:51:00,2018-11-30T17:51:00,509,509
http://irail.be/vehicle/L5767,http://irail.be/stations/NMBS/008864501,L,2018-11-30T17:56:00,2018-11-30T17:56:00,,515
http://irail.be/vehicle/L5767,http://irail.be/stations/NMBS/008863008,L,2018-12-11T17:26:00,2018-12-11T17:26:00,107,
http://irail.be/vehicle/L5767,NO-URI,L,2018-12-11T17:27:00,2018-12-11T17:27:00,107,107
http://irail.be/vehicle/L5767,http://irail.be/stations/NMBS/008863354,L,2018-12-11T17:29:00,2018-12-11T17:29:00,118,118
http://irail.be/vehicle/L5767,http://irail.be/stations/NMBS/008863362,L,2018-12-11T17:32:00,2018-12-11T17:32:00,113,113
http://irail.be/vehicle/L5767,http://irail.be/stations/NMBS/008864964,L,2018-12-11T17:36:00,2018-12-11T17:36:00,113,113
http://irail.be/vehicle/L5767,http://irail.be/stations/NMBS/008864956,L,2018-12-11T17:39:00,2018-12-11T17:39:00,113,113
http://irail.be/vehicle/L5767,NO-URI,L,2018-12-11T17:41:00,2018-12-11T17:41:00,113,113
http://irail.be/vehicle/L5767,http://irail.be/stations/NMBS/008864949,L,2018-12-11T17:43:00,2018-12-11T17:43:00,101,101
http://irail.be/vehicle/L5767,http://irail.be/stations/NMBS/008864931,L,2018-12-11T17:47:00,2018-12-11T17:46:00,32,32
http://irail.be/vehicle/L5767,http://irail.be/stations/NMBS/008864923,L,2018-12-11T17:49:00,2018-12-11T17:49:00,32,32
http://irail.be/vehicle/L5767,http://irail.be/stations/NMBS/008864915,L,2018-12-11T17:51:00,2018-12-11T17:51:00,32,32
http://irail.be/vehicle/L5767,http://irail.be/stations/NMBS/008864501,L,2018-12-11T17:56:00,2018-12-11T17:56:00,,40
http://irail.be/vehicle/L5767,http://irail.be/stations/NMBS/008863008,L,2018-07-18T17:26:00,2018-07-18T17:26:00,-7,
http://irail.be/vehicle/L5767,NO-URI,L,2018-07-18T17:27:00,2018-07-18T17:27:00,-7,-7
http://irail.be/vehicle/L5767,http://irail.be/stations/NMBS/008863354,L,2018-07-18T17:29:00,2018-07-18T17:29:00,38,-7
http://irail.be/vehicle/L5767,http://irail.be/stations/NMBS/008863362,L,2018-07-18T17:32:00,2018-07-18T17:32:00,38,38
http://irail.be/vehicle/L5767,http://irail.be/stations/NMBS/008864964,L,2018-07-18T17:36:00,2018-07-18T17:36:00,38,38
http://irail.be/vehicle/L5767,http://irail.be/stations/NMBS/008864956,L,2018-07-18T17:39:00,2018-07-18T17:39:00,38,38
http://irail.be/vehicle/L5767,NO-URI,L,2018-07-18T17:41:00,2018-07-18T17:41:00,38,38
http://irail.be/vehicle/L5767,http://irail.be/stations/NMBS/008864949,L,2018-07-18T17:43:00,2018-07-18T17:43:00,27,27
http://irail.be/vehicle/L5767,http://irail.be/stations/NMBS/008864931,L,2018-07-18T17:47:00,2018-07-18T17:46:00,6,6
http://irail.be/vehicle/L5767,http://irail.be/stations/NMBS/008864923,L,2018-07-18T17:49:00,2018-07-18T17:49:00,6,6
http://irail.be/vehicle/L5767,http://irail.be/stations/NMBS/008864915,L,2018-07-18T17:51:00,2018-07-18T17:51:00,6,6
http://irail.be/vehicle/L5767,http://irail.be/stations/NMBS/008864501,L,2018-07-18T17:56:00,2018-07-18T17:56:00,,17
http://irail.be/vehicle/L5767,http://irail.be/stations/NMBS/008863008,L,2018-02-05T17:26:00,2018-02-05T17:26:00,35,
http://irail.be/vehicle/L5767,NO-URI,L,2018-02-05T17:27:00,2018-02-05T17:27:00,35,35
http://irail.be/vehicle/L5767,http://irail.be/stations/NMBS/008863354,L,2018-02-05T17:29:00,2018-02-05T17:29:00,61,35
http://irail.be/vehicle/L5767,http://irail.be/stations/NMBS/008863362,L,2018-02-05T17:32:00,2018-02-05T17:32:00,61,61
http://irail.be/vehicle/L5767,http://irail.be/stations/NMBS/008864964,L,2018-02-05T17:36:00,2018-02-05T17:36:00,61,61
http://irail.be/vehicle/L5767,http://irail.be/stations/NMBS/008864956,L,2018-02-05T17:39:00,2018-02-05T17:39:00,61,61
http://irail.be/vehicle/L5767,NO-URI,L,2018-02-05T17:41:00,2018-02-05T17:41:00,61,61
http://irail.be/vehicle/L5767,http://irail.be/stations/NMBS/008864949,L,2018-02-05T17:43:00,2018-02-05T17:43:00,48,48
http://irail.be/vehicle/L5767,http://irail.be/stations/NMBS/008864931,L,2018-02-05T17:47:00,2018-02-05T17:46:00,-30,-30
http://irail.be/vehicle/L5767,http://irail.be/stations/NMBS/008864923,L,2018-02-05T17:49:00,2018-02-05T17:49:00,-30,-30
http://irail.be/vehicle/L5767,http://irail.be/stations/NMBS/008864915,L,2018-02-05T17:51:00,2018-02-05T17:51:00,-30,-30
http://irail.be/vehicle/L5767,http://irail.be/stations/NMBS/008864501,L,2018-02-05T17:56:00,2018-02-05T17:56:00,,-36
http://irail.be/vehicle/L5767,http://irail.be/stations/NMBS/008863008,L,2018-05-11T17:26:00,2018-05-11T17:26:00,29,
http://irail.be/vehicle/L5767,NO-URI,L,2018-05-11T17:27:00,2018-05-11T17:27:00,29,29
http://irail.be/vehicle/L5767,http://irail.be/stations/NMBS/008863354,L,2018-05-11T17:29:00,2018-05-11T17:29:00,31,29
http://irail.be/vehicle/L5767,http://irail.be/stations/NMBS/008863362,L,2018-05-11T17:32:00,2018-05-11T17:32:00,31,31
http://irail.be/vehicle/L5767,http://irail.be/stations/NMBS/008864964,L,2018-05-11T17:36:00,2018-05-11T17:36:00,31,31
http://irail.be/vehicle/L5767,http://irail.be/stations/NMBS/008864956,L,2018-05-11T17:39:00,2018-05-11T17:39:00,31,31
http://irail.be/vehicle/L5767,NO-URI,L,2018-05-11T17:41:00,2018-05-11T17:41:00,31,31
http://irail.be/vehicle/L5767,http://irail.be/stations/NMBS/008864949,L,2018-05-11T17:43:00,2018-05-11T17:43:00,20,20
http://irail.be/vehicle/L5767,http://irail.be/stations/NMBS/008864931,L,2018-05-11T17:47:00,2018-05-11T17:46:00,-14,-14
http://irail.be/vehicle/L5767,http://irail.be/stations/NMBS/008864923,L,2018-05-11T17:49:00,2018-05-11T17:49:00,-14,-14
http://irail.be/vehicle/L5767,http://irail.be/stations/NMBS/008864915,L,2018-05-11T17:51:00,2018-05-11T17:51:00,-14,-14
http://irail.be/vehicle/L5767,http://irail.be/stations/NMBS/008864501,L,2018-05-11T17:56:00,2018-05-11T17:56:00,,-7
http://irail.be/vehicle/L5767,http://irail.be/stations/NMBS/008863008,L,2018-07-27T17:26:00,2018-07-27T17:26:00,289,
http://irail.be/vehicle/L5767,NO-URI,L,2018-07-27T17:27:00,2018-07-27T17:27:00,289,289
http://irail.be/vehicle/L5767,http://irail.be/stations/NMBS/008863354,L,2018-07-27T17:29:00,2018-07-27T17:29:00,324,289
http://irail.be/vehicle/L5767,http://irail.be/stations/NMBS/008863362,L,2018-07-27T17:32:00,2018-07-27T17:32:00,324,324
http://irail.be/vehicle/L5767,http://irail.be/stations/NMBS/008864964,L,2018-07-27T17:36:00,2018-07-27T17:36:00,324,324
http://irail.be/vehicle/L5767,http://irail.be/stations/NMBS/008864956,L,2018-07-27T17:39:00,2018-07-27T17:39:00,324,324
http://irail.be/vehicle/L5767,NO-URI,L,2018-07-27T17:41:00,2018-07-27T17:41:00,324,324
http://irail.be/vehicle/L5767,http://irail.be/stations/NMBS/008864949,L,2018-07-27T17:43:00,2018-07-27T17:43:00,314,314
http://irail.be/vehicle/L5767,http://irail.be/stations/NMBS/008864931,L,2018-07-27T17:47:00,2018-07-27T17:46:00,239,239
http://irail.be/vehicle/L5767,http://irail.be/stations/NMBS/008864923,L,2018-07-27T17:49:00,2018-07-27T17:49:00,239,239
http://irail.be/vehicle/L5767,http://irail.be/stations/NMBS/008864915,L,2018-07-27T17:51:00,2018-07-27T17:51:00,239,239
http://irail.be/vehicle/L5767,http://irail.be/stations/NMBS/008864501,L,2018-07-27T17:56:00,2018-07-27T17:56:00,,265
http://irail.be/vehicle/L5767,http://irail.be/stations/NMBS/008863008,L,2018-04-27T17:26:00,2018-04-27T17:26:00,520,
http://irail.be/vehicle/L5767,NO-URI,L,2018-04-27T17:27:00,2018-04-27T17:27:00,520,520
http://irail.be/vehicle/L5767,http://irail.be/stations/NMBS/008863354,L,2018-04-27T17:29:00,2018-04-27T17:29:00,530,530
http://irail.be/vehicle/L5767,http://irail.be/stations/NMBS/008863362,L,2018-04-27T17:32:00,2018-04-27T17:32:00,431,431
http://irail.be/vehicle/L5767,http://irail.be/stations/NMBS/008864964,L,2018-04-27T17:36:00,2018-04-27T17:36:00,431,431
http://irail.be/vehicle/L5767,http://irail.be/stations/NMBS/008864956,L,2018-04-27T17:39:00,2018-04-27T17:39:00,431,431
http://irail.be/vehicle/L5767,NO-URI,L,2018-04-27T17:41:00,2018-04-27T17:41:00,431,431
http://irail.be/vehicle/L5767,http://irail.be/stations/NMBS/008864949,L,2018-04-27T17:43:00,2018-04-27T17:43:00,417,417
http://irail.be/vehicle/L5767,http://irail.be/stations/NMBS/008864931,L,2018-04-27T17:47:00,2018-04-27T17:46:00,283,283
http://irail.be/vehicle/L5767,http://irail.be/stations/NMBS/008864923,L,2018-04-27T17:49:00,2018-04-27T17:49:00,283,283
http://irail.be/vehicle/L5767,http://irail.be/stations/NMBS/008864915,L,2018-04-27T17:51:00,2018-04-27T17:51:00,283,283
http://irail.be/vehicle/L5767,http://irail.be/stations/NMBS/008864501,L,2018-04-27T17:56:00,2018-04-27T17:56:00,,293
http://irail.be/vehicle/L5767,http://irail.be/stations/NMBS/008863008,L,2018-09-17T17:26:00,2018-09-17T17:26:00,315,
http://irail.be/vehicle/L5767,NO-URI,L,2018-09-17T17:27:00,2018-09-17T17:27:00,315,315
http://irail.be/vehicle/L5767,http://irail.be/stations/NMBS/008863354,L,2018-09-17T17:29:00,2018-09-17T17:29:00,350,329
http://irail.be/vehicle/L5767,http://irail.be/stations/NMBS/008863362,L,2018-09-17T17:32:00,2018-09-17T17:32:00,350,350
http://irail.be/vehicle/L5767,http://irail.be/stations/NMBS/008864964,L,2018-09-17T17:36:00,2018-09-17T17:36:00,350,350
http://irail.be/vehicle/L5767,http://irail.be/stations/NMBS/008864956,L,2018-09-17T17:39:00,2018-09-17T17:39:00,350,350
http://irail.be/vehicle/L5767,NO-URI,L,2018-09-17T17:41:00,2018-09-17T17:41:00,350,350
http://irail.be/vehicle/L5767,http://irail.be/stations/NMBS/008864949,L,2018-09-17T17:43:00,2018-09-17T17:43:00,341,341
http://irail.be/vehicle/L5767,http://irail.be/stations/NMBS/008864931,L,2018-09-17T17:47:00,2018-09-17T17:46:00,287,287
http://irail.be/vehicle/L5767,http://irail.be/stations/NMBS/008864923,L,2018-09-17T17:49:00,2018-09-17T17:49:00,287,287
http://irail.be/vehicle/L5767,http://irail.be/stations/NMBS/008864915,L,2018-09-17T17:51:00,2018-09-17T17:51:00,287,287
http://irail.be/vehicle/L5767,http://irail.be/stations/NMBS/008864501,L,2018-09-17T17:56:00,2018-09-17T17:56:00,,287
http://irail.be/vehicle/L5767,http://irail.be/stations/NMBS/008863008,L,2018-11-08T17:26:00,2018-11-08T17:26:00,19,
http://irail.be/vehicle/L5767,NO-URI,L,2018-11-08T17:27:00,2018-11-08T17:27:00,19,19
http://irail.be/vehicle/L5767,http://irail.be/stations/NMBS/008863354,L,2018-11-08T17:29:00,2018-11-08T17:29:00,38,38
http://irail.be/vehicle/L5767,http://irail.be/stations/NMBS/008863362,L,2018-11-08T17:32:00,2018-11-08T17:32:00,21,21
http://irail.be/vehicle/L5767,http://irail.be/stations/NMBS/008864964,L,2018-11-08T17:36:00,2018-11-08T17:36:00,21,21
http://irail.be/vehicle/L5767,http://irail.be/stations/NMBS/008864956,L,2018-11-08T17:39:00,2018-11-08T17:39:00,21,21
http://irail.be/vehicle/L5767,NO-URI,L,2018-11-08T17:41:00,2018-11-08T17:41:00,21,21
http://irail.be/vehicle/L5767,http://irail.be/stations/NMBS/008864949,L,2018-11-08T17:43:00,2018-11-08T17:43:00,7,7
http://irail.be/vehicle/L5767,http://irail.be/stations/NMBS/008864931,L,2018-11-08T17:47:00,2018-11-08T17:46:00,-29,-29
http://irail.be/vehicle/L5767,http://irail.be/stations/NMBS/008864923,L,2018-11-08T17:49:00,2018-11-08T17:49:00,-29,-29
http://irail.be/vehicle/L5767,http://irail.be/stations/NMBS/008864915,L,2018-11-08T17:51:00,2018-11-08T17:51:00,-29,-29
http://irail.be/vehicle/L5767,http://irail.be/stations/NMBS/008864501,L,2018-11-08T17:56:00,2018-11-08T17:56:00,,-26
http://irail.be/vehicle/L5767,http://irail.be/stations/NMBS/008863008,L,2018-12-05T17:26:00,2018-12-05T17:26:00,403,
http://irail.be/vehicle/L5767,NO-URI,L,2018-12-05T17:27:00,2018-12-05T17:27:00,403,403
http://irail.be/vehicle/L5767,http://irail.be/stations/NMBS/008863354,L,2018-12-05T17:29:00,2018-12-05T17:29:00,379,379
http://irail.be/vehicle/L5767,http://irail.be/stations/NMBS/008863362,L,2018-12-05T17:32:00,2018-12-05T17:32:00,366,366
http://irail.be/vehicle/L5767,http://irail.be/stations/NMBS/008864964,L,2018-12-05T17:36:00,2018-12-05T17:36:00,366,366
http://irail.be/vehicle/L5767,http://irail.be/stations/NMBS/008864956,L,2018-12-05T17:39:00,2018-12-05T17:39:00,366,366
http://irail.be/vehicle/L5767,NO-URI,L,2018-12-05T17:41:00,2018-12-05T17:41:00,366,366
http://irail.be/vehicle/L5767,http://irail.be/stations/NMBS/008864949,L,2018-12-05T17:43:00,2018-12-05T17:43:00,377,377
http://irail.be/vehicle/L5767,http://irail.be/stations/NMBS/008864931,L,2018-12-05T17:47:00,2018-12-05T17:46:00,318,318
http://irail.be/vehicle/L5767,http://irail.be/stations/NMBS/008864923,L,2018-12-05T17:49:00,2018-12-05T17:49:00,318,318
http://irail.be/vehicle/L5767,http://irail.be/stations/NMBS/008864915,L,2018-12-05T17:51:00,2018-12-05T17:51:00,318,318
http://irail.be/vehicle/L5767,http://irail.be/stations/NMBS/008864501,L,2018-12-05T17:56:00,2018-12-05T17:56:00,,321
http://irail.be/vehicle/L5767,http://irail.be/stations/NMBS/008863008,L,2018-03-29T17:26:00,2018-03-29T17:26:00,514,
http://irail.be/vehicle/L5767,NO-URI,L,2018-03-29T17:27:00,2018-03-29T17:27:00,514,514
http://irail.be/vehicle/L5767,http://irail.be/stations/NMBS/008863354,L,2018-03-29T17:29:00,2018-03-29T17:29:00,524,524
http://irail.be/vehicle/L5767,http://irail.be/stations/NMBS/008863362,L,2018-03-29T17:32:00,2018-03-29T17:32:00,439,439
http://irail.be/vehicle/L5767,http://irail.be/stations/NMBS/008864964,L,2018-03-29T17:36:00,2018-03-29T17:36:00,439,439
http://irail.be/vehicle/L5767,http://irail.be/stations/NMBS/008864956,L,2018-03-29T17:39:00,2018-03-29T17:39:00,439,439
http://irail.be/vehicle/L5767,NO-URI,L,2018-03-29T17:41:00,2018-03-29T17:41:00,439,439
http://irail.be/vehicle/L5767,http://irail.be/stations/NMBS/008864949,L,2018-03-29T17:43:00,2018-03-29T17:43:00,425,425
http://irail.be/vehicle/L5767,http://irail.be/stations/NMBS/008864931,L,2018-03-29T17:47:00,2018-03-29T17:46:00,335,335
http://irail.be/vehicle/L5767,http://irail.be/stations/NMBS/008864923,L,2018-03-29T17:49:00,2018-03-29T17:49:00,335,335
http://irail.be/vehicle/L5767,http://irail.be/stations/NMBS/008864915,L,2018-03-29T17:51:00,2018-03-29T17:51:00,335,335
http://irail.be/vehicle/L5767,http://irail.be/stations/NMBS/008864501,L,2018-03-29T17:56:00,2018-03-29T17:56:00,,338
http://irail.be/vehicle/L5767,http://irail.be/stations/NMBS/008863008,L,2018-09-20T17:26:00,2018-09-20T17:26:00,156,
http://irail.be/vehicle/L5767,NO-URI,L,2018-09-20T17:27:00,2018-09-20T17:27:00,156,156
http://irail.be/vehicle/L5767,http://irail.be/stations/NMBS/008863354,L,2018-09-20T17:29:00,2018-09-20T17:29:00,272,171
http://irail.be/vehicle/L5767,http://irail.be/stations/NMBS/008863362,L,2018-09-20T17:32:00,2018-09-20T17:32:00,272,272
http://irail.be/vehicle/L5767,http://irail.be/stations/NMBS/008864964,L,2018-09-20T17:36:00,2018-09-20T17:36:00,272,272
http://irail.be/vehicle/L5767,http://irail.be/stations/NMBS/008864956,L,2018-09-20T17:39:00,2018-09-20T17:39:00,272,272
http://irail.be/vehicle/L5767,NO-URI,L,2018-09-20T17:41:00,2018-09-20T17:41:00,272,272
http://irail.be/vehicle/L5767,http://irail.be/stations/NMBS/008864949,L,2018-09-20T17:43:00,2018-09-20T17:43:00,564,564
http://irail.be/vehicle/L5767,http://irail.be/stations/NMBS/008864931,L,2018-09-20T17:47:00,2018-09-20T17:46:00,493,493
http://irail.be/vehicle/L5767,http://irail.be/stations/NMBS/008864923,L,2018-09-20T17:49:00,2018-09-20T17:49:00,493,493
http://irail.be/vehicle/L5767,http://irail.be/stations/NMBS/008864915,L,2018-09-20T17:51:00,2018-09-20T17:51:00,493,493
http://irail.be/vehicle/L5767,http://irail.be/stations/NMBS/008864501,L,2018-09-20T17:56:00,2018-09-20T17:56:00,,490
http://irail.be/vehicle/L5767,http://irail.be/stations/NMBS/008863008,L,2018-12-28T17:26:00,2018-12-28T17:26:00,-6,
http://irail.be/vehicle/L5767,NO-URI,L,2018-12-28T17:27:00,2018-12-28T17:27:00,-6,-6
http://irail.be/vehicle/L5767,http://irail.be/stations/NMBS/008863354,L,2018-12-28T17:29:00,2018-12-28T17:29:00,21,-6
http://irail.be/vehicle/L5767,http://irail.be/stations/NMBS/008863362,L,2018-12-28T17:32:00,2018-12-28T17:32:00,21,21
http://irail.be/vehicle/L5767,http://irail.be/stations/NMBS/008864964,L,2018-12-28T17:36:00,2018-12-28T17:36:00,21,21
http://irail.be/vehicle/L5767,http://irail.be/stations/NMBS/008864956,L,2018-12-28T17:39:00,2018-12-28T17:39:00,21,21
http://irail.be/vehicle/L5767,NO-URI,L,2018-12-28T17:41:00,2018-12-28T17:41:00,21,21
http://irail.be/vehicle/L5767,http://irail.be/stations/NMBS/008864949,L,2018-12-28T17:43:00,2018-12-28T17:43:00,10,10
http://irail.be/vehicle/L5767,http://irail.be/stations/NMBS/008864931,L,2018-12-28T17:47:00,2018-12-28T17:46:00,-3,-3
http://irail.be/vehicle/L5767,http://irail.be/stations/NMBS/008864923,L,2018-12-28T17:49:00,2018-12-28T17:49:00,-3,-3
http://irail.be/vehicle/L5767,http://irail.be/stations/NMBS/008864915,L,2018-12-28T17:51:00,2018-12-28T17:51:00,-3,-3
http://irail.be/vehicle/L5767,http://irail.be/stations/NMBS/008864501,L,2018-12-28T17:56:00,2018-12-28T17:56:00,,0
http://irail.be/vehicle/L5767,http://irail.be/stations/NMBS/008863008,L,2018-08-24T17:26:00,2018-08-24T17:26:00,8,
http://irail.be/vehicle/L5767,NO-URI,L,2018-08-24T17:27:00,2018-08-24T17:27:00,8,8
http://irail.be/vehicle/L5767,http://irail.be/stations/NMBS/008863354,L,2018-08-24T17:29:00,2018-08-24T17:29:00,40,8
http://irail.be/vehicle/L5767,http://irail.be/stations/NMBS/008863362,L,2018-08-24T17:32:00,2018-08-24T17:32:00,40,40
http://irail.be/vehicle/L5767,http://irail.be/stations/NMBS/008864964,L,2018-08-24T17:36:00,2018-08-24T17:36:00,40,40
http://irail.be/vehicle/L5767,http://irail.be/stations/NMBS/008864956,L,2018-08-24T17:39:00,2018-08-24T17:39:00,40,40
http://irail.be/vehicle/L5767,NO-URI,L,2018-08-24T17:41:00,2018-08-24T17:41:00,40,40
http://irail.be/vehicle/L5767,http://irail.be/stations/NMBS/008864949,L,2018-08-24T17:43:00,2018-08-24T17:43:00,35,35
http://irail.be/vehicle/L5767,http://irail.be/stations/NMBS/008864931,L,2018-08-24T17:47:00,2018-08-24T17:46:00,-23,-23
http://irail.be/vehicle/L5767,http://irail.be/stations/NMBS/008864923,L,2018-08-24T17:49:00,2018-08-24T17:49:00,-23,-23
http://irail.be/vehicle/L5767,http://irail.be/stations/NMBS/008864915,L,2018-08-24T17:51:00,2018-08-24T17:51:00,-23,-23
http://irail.be/vehicle/L5767,http://irail.be/stations/NMBS/008864501,L,2018-08-24T17:56:00,2018-08-24T17:56:00,,-4
http://irail.be/vehicle/L5767,http://irail.be/stations/NMBS/008863008,L,2018-08-22T17:26:00,2018-08-22T17:26:00,20,
http://irail.be/vehicle/L5767,NO-URI,L,2018-08-22T17:27:00,2018-08-22T17:27:00,20,20
http://irail.be/vehicle/L5767,http://irail.be/stations/NMBS/008863354,L,2018-08-22T17:29:00,2018-08-22T17:29:00,49,20
http://irail.be/vehicle/L5767,http://irail.be/stations/NMBS/008863362,L,2018-08-22T17:32:00,2018-08-22T17:32:00,49,49
http://irail.be/vehicle/L5767,http://irail.be/stations/NMBS/008864964,L,2018-08-22T17:36:00,2018-08-22T17:36:00,49,49
http://irail.be/vehicle/L5767,http://irail.be/stations/NMBS/008864956,L,2018-08-22T17:39:00,2018-08-22T17:39:00,49,49
http://irail.be/vehicle/L5767,NO-URI,L,2018-08-22T17:41:00,2018-08-22T17:41:00,49,49
http://irail.be/vehicle/L5767,http://irail.be/stations/NMBS/008864949,L,2018-08-22T17:43:00,2018-08-22T17:43:00,37,37
http://irail.be/vehicle/L5767,http://irail.be/stations/NMBS/008864931,L,2018-08-22T17:47:00,2018-08-22T17:46:00,-44,-44
http://irail.be/vehicle/L5767,http://irail.be/stations/NMBS/008864923,L,2018-08-22T17:49:00,2018-08-22T17:49:00,-44,-44
http://irail.be/vehicle/L5767,http://irail.be/stations/NMBS/008864915,L,2018-08-22T17:51:00,2018-08-22T17:51:00,-44,-44
http://irail.be/vehicle/L5767,http://irail.be/stations/NMBS/008864501,L,2018-08-22T17:56:00,2018-08-22T17:56:00,,-44
http://irail.be/vehicle/L5767,http://irail.be/stations/NMBS/008863008,L,2018-11-15T17:26:00,2018-11-15T17:26:00,41,
http://irail.be/vehicle/L5767,NO-URI,L,2018-11-15T17:27:00,2018-11-15T17:27:00,41,41
http://irail.be/vehicle/L5767,http://irail.be/stations/NMBS/008863354,L,2018-11-15T17:29:00,2018-11-15T17:29:00,90,65
http://irail.be/vehicle/L5767,http://irail.be/stations/NMBS/008863362,L,2018-11-15T17:32:00,2018-11-15T17:32:00,90,90
http://irail.be/vehicle/L5767,http://irail.be/stations/NMBS/008864964,L,2018-11-15T17:36:00,2018-11-15T17:36:00,90,90
http://irail.be/vehicle/L5767,http://irail.be/stations/NMBS/008864956,L,2018-11-15T17:39:00,2018-11-15T17:39:00,90,90
http://irail.be/vehicle/L5767,NO-URI,L,2018-11-15T17:41:00,2018-11-15T17:41:00,90,90
http://irail.be/vehicle/L5767,http://irail.be/stations/NMBS/008864949,L,2018-11-15T17:43:00,2018-11-15T17:43:00,78,78
http://irail.be/vehicle/L5767,http://irail.be/stations/NMBS/008864931,L,2018-11-15T17:47:00,2018-11-15T17:46:00,47,47
http://irail.be/vehicle/L5767,http://irail.be/stations/NMBS/008864923,L,2018-11-15T17:49:00,2018-11-15T17:49:00,47,47
http://irail.be/vehicle/L5767,http://irail.be/stations/NMBS/008864915,L,2018-11-15T17:51:00,2018-11-15T17:51:00,47,47
http://irail.be/vehicle/L5767,http://irail.be/stations/NMBS/008864501,L,2018-11-15T17:56:00,2018-11-15T17:56:00,,66
http://irail.be/vehicle/L5767,http://irail.be/stations/NMBS/008863008,L,2018-11-20T17:26:00,2018-11-20T17:26:00,406,
http://irail.be/vehicle/L5767,NO-URI,L,2018-11-20T17:27:00,2018-11-20T17:27:00,406,406
http://irail.be/vehicle/L5767,http://irail.be/stations/NMBS/008863354,L,2018-11-20T17:29:00,2018-11-20T17:29:00,491,422
http://irail.be/vehicle/L5767,http://irail.be/stations/NMBS/008863362,L,2018-11-20T17:32:00,2018-11-20T17:32:00,491,491
http://irail.be/vehicle/L5767,http://irail.be/stations/NMBS/008864964,L,2018-11-20T17:36:00,2018-11-20T17:36:00,491,491
http://irail.be/vehicle/L5767,http://irail.be/stations/NMBS/008864956,L,2018-11-20T17:39:00,2018-11-20T17:39:00,491,491
http://irail.be/vehicle/L5767,NO-URI,L,2018-11-20T17:41:00,2018-11-20T17:41:00,491,491
http://irail.be/vehicle/L5767,http://irail.be/stations/NMBS/008864949,L,2018-11-20T17:43:00,2018-11-20T17:43:00,509,480
http://irail.be/vehicle/L5767,http://irail.be/stations/NMBS/008864931,L,2018-11-20T17:47:00,2018-11-20T17:46:00,509,509
http://irail.be/vehicle/L5767,http://irail.be/stations/NMBS/008864923,L,2018-11-20T17:49:00,2018-11-20T17:49:00,509,509
http://irail.be/vehicle/L5767,http://irail.be/stations/NMBS/008864915,L,2018-11-20T17:51:00,2018-11-20T17:51:00,509,509
http://irail.be/vehicle/L5767,http://irail.be/stations/NMBS/008864501,L,2018-11-20T17:56:00,2018-11-20T17:56:00,,542
http://irail.be/vehicle/L5767,http://irail.be/stations/NMBS/008863008,L,2018-07-25T17:26:00,2018-07-25T17:26:00,112,
http://irail.be/vehicle/L5767,NO-URI,L,2018-07-25T17:27:00,2018-07-25T17:27:00,112,112
http://irail.be/vehicle/L5767,http://irail.be/stations/NMBS/008863354,L,2018-07-25T17:29:00,2018-07-25T17:29:00,112,112
http://irail.be/vehicle/L5767,http://irail.be/stations/NMBS/008863362,L,2018-07-25T17:32:00,2018-07-25T17:32:00,74,74
http://irail.be/vehicle/L5767,http://irail.be/stations/NMBS/008864964,L,2018-07-25T17:36:00,2018-07-25T17:36:00,74,74
http://irail.be/vehicle/L5767,http://irail.be/stations/NMBS/008864956,L,2018-07-25T17:39:00,2018-07-25T17:39:00,74,74
http://irail.be/vehicle/L5767,NO-URI,L,2018-07-25T17:41:00,2018-07-25T17:41:00,74,74
http://irail.be/vehicle/L5767,http://irail.be/stations/NMBS/008864949,L,2018-07-25T17:43:00,2018-07-25T17:43:00,61,61
http://irail.be/vehicle/L5767,http://irail.be/stations/NMBS/008864931,L,2018-07-25T17:47:00,2018-07-25T17:46:00,-35,-35
http://irail.be/vehicle/L5767,http://irail.be/stations/NMBS/008864923,L,2018-07-25T17:49:00,2018-07-25T17:49:00,-35,-35
http://irail.be/vehicle/L5767,http://irail.be/stations/NMBS/008864915,L,2018-07-25T17:51:00,2018-07-25T17:51:00,-35,-35
http://irail.be/vehicle/L5767,http://irail.be/stations/NMBS/008864501,L,2018-07-25T17:56:00,2018-07-25T17:56:00,,-29
http://irail.be/vehicle/L5767,http://irail.be/stations/NMBS/008863008,L,2018-08-10T17:26:00,2018-08-10T17:26:00,35,
http://irail.be/vehicle/L5767,NO-URI,L,2018-08-10T17:27:00,2018-08-10T17:27:00,35,35
http://irail.be/vehicle/L5767,http://irail.be/stations/NMBS/008863354,L,2018-08-10T17:29:00,2018-08-10T17:29:00,50,50
http://irail.be/vehicle/L5767,http://irail.be/stations/NMBS/008863362,L,2018-08-10T17:32:00,2018-08-10T17:32:00,18,18
http://irail.be/vehicle/L5767,http://irail.be/stations/NMBS/008864964,L,2018-08-10T17:36:00,2018-08-10T17:36:00,18,18
http://irail.be/vehicle/L5767,http://irail.be/stations/NMBS/008864956,L,2018-08-10T17:39:00,2018-08-10T17:39:00,18,18
http://irail.be/vehicle/L5767,NO-URI,L,2018-08-10T17:41:00,2018-08-10T17:41:00,18,18
http://irail.be/vehicle/L5767,http://irail.be/stations/NMBS/008864949,L,2018-08-10T17:43:00,2018-08-10T17:43:00,6,6
http://irail.be/vehicle/L5767,http://irail.be/stations/NMBS/008864931,L,2018-08-10T17:47:00,2018-08-10T17:46:00,-39,-39
http://irail.be/vehicle/L5767,http://irail.be/stations/NMBS/008864923,L,2018-08-10T17:49:00,2018-08-10T17:49:00,-39,-39
http://irail.be/vehicle/L5767,http://irail.be/stations/NMBS/008864915,L,2018-08-10T17:51:00,2018-08-10T17:51:00,-39,-39
http://irail.be/vehicle/L5767,http://irail.be/stations/NMBS/008864501,L,2018-08-10T17:56:00,2018-08-10T17:56:00,,-17
http://irail.be/vehicle/L5767,http://irail.be/stations/NMBS/008863008,L,2018-11-27T17:26:00,2018-11-27T17:26:00,460,
http://irail.be/vehicle/L5767,NO-URI,L,2018-11-27T17:27:00,2018-11-27T17:27:00,460,460
http://irail.be/vehicle/L5767,http://irail.be/stations/NMBS/008863354,L,2018-11-27T17:29:00,2018-11-27T17:29:00,481,479
http://irail.be/vehicle/L5767,http://irail.be/stations/NMBS/008863362,L,2018-11-27T17:32:00,2018-11-27T17:32:00,481,481
http://irail.be/vehicle/L5767,http://irail.be/stations/NMBS/008864964,L,2018-11-27T17:36:00,2018-11-27T17:36:00,481,481
http://irail.be/vehicle/L5767,http://irail.be/stations/NMBS/008864956,L,2018-11-27T17:39:00,2018-11-27T17:39:00,481,481
http://irail.be/vehicle/L5767,NO-URI,L,2018-11-27T17:41:00,2018-11-27T17:41:00,481,481
http://irail.be/vehicle/L5767,http://irail.be/stations/NMBS/008864949,L,2018-11-27T17:43:00,2018-11-27T17:43:00,492,492
http://irail.be/vehicle/L5767,http://irail.be/stations/NMBS/008864931,L,2018-11-27T17:47:00,2018-11-27T17:46:00,468,468
http://irail.be/vehicle/L5767,http://irail.be/stations/NMBS/008864923,L,2018-11-27T17:49:00,2018-11-27T17:49:00,468,468
http://irail.be/vehicle/L5767,http://irail.be/stations/NMBS/008864915,L,2018-11-27T17:51:00,2018-11-27T17:51:00,468,468
http://irail.be/vehicle/L5767,http://irail.be/stations/NMBS/008864501,L,2018-11-27T17:56:00,2018-11-27T17:56:00,,466
http://irail.be/vehicle/L5767,http://irail.be/stations/NMBS/008863008,L,2018-06-04T17:26:00,2018-06-04T17:26:00,323,
http://irail.be/vehicle/L5767,NO-URI,L,2018-06-04T17:27:00,2018-06-04T17:27:00,323,323
http://irail.be/vehicle/L5767,http://irail.be/stations/NMBS/008863354,L,2018-06-04T17:29:00,2018-06-04T17:29:00,332,332
http://irail.be/vehicle/L5767,http://irail.be/stations/NMBS/008863362,L,2018-06-04T17:32:00,2018-06-04T17:32:00,308,308
http://irail.be/vehicle/L5767,http://irail.be/stations/NMBS/008864964,L,2018-06-04T17:36:00,2018-06-04T17:36:00,308,308
http://irail.be/vehicle/L5767,http://irail.be/stations/NMBS/008864956,L,2018-06-04T17:39:00,2018-06-04T17:39:00,308,308
http://irail.be/vehicle/L5767,NO-URI,L,2018-06-04T17:41:00,2018-06-04T17:41:00,308,308
http://irail.be/vehicle/L5767,http://irail.be/stations/NMBS/008864949,L,2018-06-04T17:43:00,2018-06-04T17:43:00,294,294
http://irail.be/vehicle/L5767,http://irail.be/stations/NMBS/008864931,L,2018-06-04T17:47:00,2018-06-04T17:46:00,197,197
http://irail.be/vehicle/L5767,http://irail.be/stations/NMBS/008864923,L,2018-06-04T17:49:00,2018-06-04T17:49:00,197,197
http://irail.be/vehicle/L5767,http://irail.be/stations/NMBS/008864915,L,2018-06-04T17:51:00,2018-06-04T17:51:00,197,197
http://irail.be/vehicle/L5767,http://irail.be/stations/NMBS/008864501,L,2018-06-04T17:56:00,2018-06-04T17:56:00,,205
http://irail.be/vehicle/L5767,http://irail.be/stations/NMBS/008863008,L,2018-10-29T17:26:00,2018-10-29T17:26:00,12,
http://irail.be/vehicle/L5767,NO-URI,L,2018-10-29T17:27:00,2018-10-29T17:27:00,12,12
http://irail.be/vehicle/L5767,http://irail.be/stations/NMBS/008863354,L,2018-10-29T17:29:00,2018-10-29T17:29:00,22,22
http://irail.be/vehicle/L5767,http://irail.be/stations/NMBS/008863362,L,2018-10-29T17:32:00,2018-10-29T17:32:00,-15,-15
http://irail.be/vehicle/L5767,http://irail.be/stations/NMBS/008864964,L,2018-10-29T17:36:00,2018-10-29T17:36:00,-15,-15
http://irail.be/vehicle/L5767,http://irail.be/stations/NMBS/008864956,L,2018-10-29T17:39:00,2018-10-29T17:39:00,-15,-15
http://irail.be/vehicle/L5767,NO-URI,L,2018-10-29T17:41:00,2018-10-29T17:41:00,-15,-15
http://irail.be/vehicle/L5767,http://irail.be/stations/NMBS/008864949,L,2018-10-29T17:43:00,2018-10-29T17:43:00,-29,-29
http://irail.be/vehicle/L5767,http://irail.be/stations/NMBS/008864931,L,2018-10-29T17:47:00,2018-10-29T17:46:00,-40,-40
http://irail.be/vehicle/L5767,http://irail.be/stations/NMBS/008864923,L,2018-10-29T17:49:00,2018-10-29T17:49:00,-40,-40
http://irail.be/vehicle/L5767,http://irail.be/stations/NMBS/008864915,L,2018-10-29T17:51:00,2018-10-29T17:51:00,-40,-40
http://irail.be/vehicle/L5767,http://irail.be/stations/NMBS/008864501,L,2018-10-29T17:56:00,2018-10-29T17:56:00,,-36
http://irail.be/vehicle/L5767,http://irail.be/stations/NMBS/008863008,L,2018-09-10T17:26:00,2018-09-10T17:26:00,81,
http://irail.be/vehicle/L5767,NO-URI,L,2018-09-10T17:27:00,2018-09-10T17:27:00,81,81
http://irail.be/vehicle/L5767,http://irail.be/stations/NMBS/008863354,L,2018-09-10T17:29:00,2018-09-10T17:29:00,96,94
http://irail.be/vehicle/L5767,http://irail.be/stations/NMBS/008863362,L,2018-09-10T17:32:00,2018-09-10T17:32:00,96,96
http://irail.be/vehicle/L5767,http://irail.be/stations/NMBS/008864964,L,2018-09-10T17:36:00,2018-09-10T17:36:00,96,96
http://irail.be/vehicle/L5767,http://irail.be/stations/NMBS/008864956,L,2018-09-10T17:39:00,2018-09-10T17:39:00,96,96
http://irail.be/vehicle/L5767,NO-URI,L,2018-09-10T17:41:00,2018-09-10T17:41:00,96,96
http://irail.be/vehicle/L5767,http://irail.be/stations/NMBS/008864949,L,2018-09-10T17:43:00,2018-09-10T17:43:00,81,81
http://irail.be/vehicle/L5767,http://irail.be/stations/NMBS/008864931,L,2018-09-10T17:47:00,2018-09-10T17:46:00,-9,-9
http://irail.be/vehicle/L5767,http://irail.be/stations/NMBS/008864923,L,2018-09-10T17:49:00,2018-09-10T17:49:00,-9,-9
http://irail.be/vehicle/L5767,http://irail.be/stations/NMBS/008864915,L,2018-09-10T17:51:00,2018-09-10T17:51:00,-9,-9
http://irail.be/vehicle/L5767,http://irail.be/stations/NMBS/008864501,L,2018-09-10T17:56:00,2018-09-10T17:56:00,,-17
http://irail.be/vehicle/L5767,http://irail.be/stations/NMBS/008863008,L,2018-11-29T17:26:00,2018-11-29T17:26:00,290,
http://irail.be/vehicle/L5767,NO-URI,L,2018-11-29T17:27:00,2018-11-29T17:27:00,290,290
http://irail.be/vehicle/L5767,http://irail.be/stations/NMBS/008863354,L,2018-11-29T17:29:00,2018-11-29T17:29:00,300,300
http://irail.be/vehicle/L5767,http://irail.be/stations/NMBS/008863362,L,2018-11-29T17:32:00,2018-11-29T17:32:00,274,274
http://irail.be/vehicle/L5767,http://irail.be/stations/NMBS/008864964,L,2018-11-29T17:36:00,2018-11-29T17:36:00,274,274
http://irail.be/vehicle/L5767,http://irail.be/stations/NMBS/008864956,L,2018-11-29T17:39:00,2018-11-29T17:39:00,274,274
http://irail.be/vehicle/L5767,NO-URI,L,2018-11-29T17:41:00,2018-11-29T17:41:00,274,274
http://irail.be/vehicle/L5767,http://irail.be/stations/NMBS/008864949,L,2018-11-29T17:43:00,2018-11-29T17:43:00,260,260
http://irail.be/vehicle/L5767,http://irail.be/stations/NMBS/008864931,L,2018-11-29T17:47:00,2018-11-29T17:46:00,180,180
http://irail.be/vehicle/L5767,http://irail.be/stations/NMBS/008864923,L,2018-11-29T17:49:00,2018-11-29T17:49:00,180,180
http://irail.be/vehicle/L5767,http://irail.be/stations/NMBS/008864915,L,2018-11-29T17:51:00,2018-11-29T17:51:00,180,180
http://irail.be/vehicle/L5767,http://irail.be/stations/NMBS/008864501,L,2018-11-29T17:56:00,2018-11-29T17:56:00,,190
http://irail.be/vehicle/L5767,http://irail.be/stations/NMBS/008863008,L,2018-03-01T17:26:00,2018-03-01T17:26:00,75,
http://irail.be/vehicle/L5767,NO-URI,L,2018-03-01T17:27:00,2018-03-01T17:27:00,75,75
http://irail.be/vehicle/L5767,http://irail.be/stations/NMBS/008863354,L,2018-03-01T17:29:00,2018-03-01T17:29:00,87,75
http://irail.be/vehicle/L5767,http://irail.be/stations/NMBS/008863362,L,2018-03-01T17:32:00,2018-03-01T17:32:00,87,87
http://irail.be/vehicle/L5767,http://irail.be/stations/NMBS/008864964,L,2018-03-01T17:36:00,2018-03-01T17:36:00,87,87
http://irail.be/vehicle/L5767,http://irail.be/stations/NMBS/008864956,L,2018-03-01T17:39:00,2018-03-01T17:39:00,87,87
http://irail.be/vehicle/L5767,NO-URI,L,2018-03-01T17:41:00,2018-03-01T17:41:00,87,87
http://irail.be/vehicle/L5767,http://irail.be/stations/NMBS/008864949,L,2018-03-01T17:43:00,2018-03-01T17:43:00,77,77
http://irail.be/vehicle/L5767,http://irail.be/stations/NMBS/008864931,L,2018-03-01T17:47:00,2018-03-01T17:46:00,0,0
http://irail.be/vehicle/L5767,http://irail.be/stations/NMBS/008864923,L,2018-03-01T17:49:00,2018-03-01T17:49:00,0,0
http://irail.be/vehicle/L5767,http://irail.be/stations/NMBS/008864915,L,2018-03-01T17:51:00,2018-03-01T17:51:00,0,0
http://irail.be/vehicle/L5767,http://irail.be/stations/NMBS/008864501,L,2018-03-01T17:56:00,2018-03-01T17:56:00,,18
http://irail.be/vehicle/L5767,http://irail.be/stations/NMBS/008863008,L,2018-01-09T17:26:00,2018-01-09T17:26:00,54,
http://irail.be/vehicle/L5767,NO-URI,L,2018-01-09T17:27:00,2018-01-09T17:27:00,54,54
http://irail.be/vehicle/L5767,http://irail.be/stations/NMBS/008863354,L,2018-01-09T17:29:00,2018-01-09T17:29:00,62,54
http://irail.be/vehicle/L5767,http://irail.be/stations/NMBS/008863362,L,2018-01-09T17:32:00,2018-01-09T17:32:00,62,62
http://irail.be/vehicle/L5767,http://irail.be/stations/NMBS/008864964,L,2018-01-09T17:36:00,2018-01-09T17:36:00,62,62
http://irail.be/vehicle/L5767,http://irail.be/stations/NMBS/008864956,L,2018-01-09T17:39:00,2018-01-09T17:39:00,62,62
http://irail.be/vehicle/L5767,NO-URI,L,2018-01-09T17:41:00,2018-01-09T17:41:00,62,62
http://irail.be/vehicle/L5767,http://irail.be/stations/NMBS/008864949,L,2018-01-09T17:43:00,2018-01-09T17:43:00,49,49
http://irail.be/vehicle/L5767,http://irail.be/stations/NMBS/008864931,L,2018-01-09T17:47:00,2018-01-09T17:46:00,-47,-47
http://irail.be/vehicle/L5767,http://irail.be/stations/NMBS/008864923,L,2018-01-09T17:49:00,2018-01-09T17:49:00,-47,-47
http://irail.be/vehicle/L5767,http://irail.be/stations/NMBS/008864915,L,2018-01-09T17:51:00,2018-01-09T17:51:00,-47,-47
http://irail.be/vehicle/L5767,http://irail.be/stations/NMBS/008864501,L,2018-01-09T17:56:00,2018-01-09T17:56:00,,21
http://irail.be/vehicle/L5767,http://irail.be/stations/NMBS/008863008,L,2018-02-19T17:26:00,2018-02-19T17:26:00,633,
http://irail.be/vehicle/L5767,NO-URI,L,2018-02-19T17:27:00,2018-02-19T17:27:00,633,633
http://irail.be/vehicle/L5767,http://irail.be/stations/NMBS/008863354,L,2018-02-19T17:29:00,2018-02-19T17:29:00,649,649
http://irail.be/vehicle/L5767,http://irail.be/stations/NMBS/008863362,L,2018-02-19T17:32:00,2018-02-19T17:32:00,591,591
http://irail.be/vehicle/L5767,http://irail.be/stations/NMBS/008864964,L,2018-02-19T17:36:00,2018-02-19T17:36:00,591,591
http://irail.be/vehicle/L5767,http://irail.be/stations/NMBS/008864956,L,2018-02-19T17:39:00,2018-02-19T17:39:00,591,591
http://irail.be/vehicle/L5767,NO-URI,L,2018-02-19T17:41:00,2018-02-19T17:41:00,591,591
http://irail.be/vehicle/L5767,http://irail.be/stations/NMBS/008864949,L,2018-02-19T17:43:00,2018-02-19T17:43:00,579,579
http://irail.be/vehicle/L5767,http://irail.be/stations/NMBS/008864931,L,2018-02-19T17:47:00,2018-02-19T17:46:00,461,461
http://irail.be/vehicle/L5767,http://irail.be/stations/NMBS/008864923,L,2018-02-19T17:49:00,2018-02-19T17:49:00,461,461
http://irail.be/vehicle/L5767,http://irail.be/stations/NMBS/008864915,L,2018-02-19T17:51:00,2018-02-19T17:51:00,461,461
http://irail.be/vehicle/L5767,http://irail.be/stations/NMBS/008864501,L,2018-02-19T17:56:00,2018-02-19T17:56:00,,460
http://irail.be/vehicle/L5767,http://irail.be/stations/NMBS/008863008,L,2018-11-22T17:26:00,2018-11-22T17:26:00,114,
http://irail.be/vehicle/L5767,NO-URI,L,2018-11-22T17:27:00,2018-11-22T17:27:00,114,114
http://irail.be/vehicle/L5767,http://irail.be/stations/NMBS/008863354,L,2018-11-22T17:29:00,2018-11-22T17:29:00,123,123
http://irail.be/vehicle/L5767,http://irail.be/stations/NMBS/008863362,L,2018-11-22T17:32:00,2018-11-22T17:32:00,59,59
http://irail.be/vehicle/L5767,http://irail.be/stations/NMBS/008864964,L,2018-11-22T17:36:00,2018-11-22T17:36:00,59,59
http://irail.be/vehicle/L5767,http://irail.be/stations/NMBS/008864956,L,2018-11-22T17:39:00,2018-11-22T17:39:00,59,59
http://irail.be/vehicle/L5767,NO-URI,L,2018-11-22T17:41:00,2018-11-22T17:41:00,59,59
http://irail.be/vehicle/L5767,http://irail.be/stations/NMBS/008864949,L,2018-11-22T17:43:00,2018-11-22T17:43:00,44,44
http://irail.be/vehicle/L5767,http://irail.be/stations/NMBS/008864931,L,2018-11-22T17:47:00,2018-11-22T17:46:00,-31,-31
http://irail.be/vehicle/L5767,http://irail.be/stations/NMBS/008864923,L,2018-11-22T17:49:00,2018-11-22T17:49:00,-31,-31
http://irail.be/vehicle/L5767,http://irail.be/stations/NMBS/008864915,L,2018-11-22T17:51:00,2018-11-22T17:51:00,-31,-31
http://irail.be/vehicle/L5767,http://irail.be/stations/NMBS/008864501,L,2018-11-22T17:56:00,2018-11-22T17:56:00,,-43
http://irail.be/vehicle/L5767,http://irail.be/stations/NMBS/008863008,L,2018-11-21T17:26:00,2018-11-21T17:26:00,604,
http://irail.be/vehicle/L5767,NO-URI,L,2018-11-21T17:27:00,2018-11-21T17:27:00,604,604
http://irail.be/vehicle/L5767,http://irail.be/stations/NMBS/008863354,L,2018-11-21T17:29:00,2018-11-21T17:29:00,637,629
http://irail.be/vehicle/L5767,http://irail.be/stations/NMBS/008863362,L,2018-11-21T17:32:00,2018-11-21T17:32:00,637,637
http://irail.be/vehicle/L5767,http://irail.be/stations/NMBS/008864964,L,2018-11-21T17:36:00,2018-11-21T17:36:00,637,637
http://irail.be/vehicle/L5767,http://irail.be/stations/NMBS/008864956,L,2018-11-21T17:39:00,2018-11-21T17:39:00,637,637
http://irail.be/vehicle/L5767,NO-URI,L,2018-11-21T17:41:00,2018-11-21T17:41:00,637,637
http://irail.be/vehicle/L5767,http://irail.be/stations/NMBS/008864949,L,2018-11-21T17:43:00,2018-11-21T17:43:00,634,634
http://irail.be/vehicle/L5767,http://irail.be/stations/NMBS/008864931,L,2018-11-21T17:47:00,2018-11-21T17:46:00,571,571
http://irail.be/vehicle/L5767,http://irail.be/stations/NMBS/008864923,L,2018-11-21T17:49:00,2018-11-21T17:49:00,571,571
http://irail.be/vehicle/L5767,http://irail.be/stations/NMBS/008864915,L,2018-11-21T17:51:00,2018-11-21T17:51:00,571,571
http://irail.be/vehicle/L5767,http://irail.be/stations/NMBS/008864501,L,2018-11-21T17:56:00,2018-11-21T17:56:00,,565
http://irail.be/vehicle/L5767,http://irail.be/stations/NMBS/008863008,L,2018-10-03T17:26:00,2018-10-03T17:26:00,350,
http://irail.be/vehicle/L5767,NO-URI,L,2018-10-03T17:27:00,2018-10-03T17:27:00,350,350
http://irail.be/vehicle/L5767,http://irail.be/stations/NMBS/008863354,L,2018-10-03T17:29:00,2018-10-03T17:29:00,361,361
http://irail.be/vehicle/L5767,http://irail.be/stations/NMBS/008863362,L,2018-10-03T17:32:00,2018-10-03T17:32:00,353,353
http://irail.be/vehicle/L5767,http://irail.be/stations/NMBS/008864964,L,2018-10-03T17:36:00,2018-10-03T17:36:00,353,353
http://irail.be/vehicle/L5767,http://irail.be/stations/NMBS/008864956,L,2018-10-03T17:39:00,2018-10-03T17:39:00,353,353
http://irail.be/vehicle/L5767,NO-URI,L,2018-10-03T17:41:00,2018-10-03T17:41:00,353,353
http://irail.be/vehicle/L5767,http://irail.be/stations/NMBS/008864949,L,2018-10-03T17:43:00,2018-10-03T17:43:00,340,340
http://irail.be/vehicle/L5767,http://irail.be/stations/NMBS/008864931,L,2018-10-03T17:47:00,2018-10-03T17:46:00,280,280
http://irail.be/vehicle/L5767,http://irail.be/stations/NMBS/008864923,L,2018-10-03T17:49:00,2018-10-03T17:49:00,280,280
http://irail.be/vehicle/L5767,http://irail.be/stations/NMBS/008864915,L,2018-10-03T17:51:00,2018-10-03T17:51:00,280,280
http://irail.be/vehicle/L5767,http://irail.be/stations/NMBS/008864501,L,2018-10-03T17:56:00,2018-10-03T17:56:00,,268
http://irail.be/vehicle/L5767,http://irail.be/stations/NMBS/008863008,L,2018-02-26T17:26:00,2018-02-26T17:26:00,322,
http://irail.be/vehicle/L5767,NO-URI,L,2018-02-26T17:27:00,2018-02-26T17:27:00,322,322
http://irail.be/vehicle/L5767,http://irail.be/stations/NMBS/008863354,L,2018-02-26T17:29:00,2018-02-26T17:29:00,339,339
http://irail.be/vehicle/L5767,http://irail.be/stations/NMBS/008863362,L,2018-02-26T17:32:00,2018-02-26T17:32:00,300,300
http://irail.be/vehicle/L5767,http://irail.be/stations/NMBS/008864964,L,2018-02-26T17:36:00,2018-02-26T17:36:00,300,300
http://irail.be/vehicle/L5767,http://irail.be/stations/NMBS/008864956,L,2018-02-26T17:39:00,2018-02-26T17:39:00,300,300
http://irail.be/vehicle/L5767,NO-URI,L,2018-02-26T17:41:00,2018-02-26T17:41:00,300,300
http://irail.be/vehicle/L5767,http://irail.be/stations/NMBS/008864949,L,2018-02-26T17:43:00,2018-02-26T17:43:00,285,285
http://irail.be/vehicle/L5767,http://irail.be/stations/NMBS/008864931,L,2018-02-26T17:47:00,2018-02-26T17:46:00,185,185
http://irail.be/vehicle/L5767,http://irail.be/stations/NMBS/008864923,L,2018-02-26T17:49:00,2018-02-26T17:49:00,185,185
http://irail.be/vehicle/L5767,http://irail.be/stations/NMBS/008864915,L,2018-02-26T17:51:00,2018-02-26T17:51:00,185,185
http://irail.be/vehicle/L5767,http://irail.be/stations/NMBS/008864501,L,2018-02-26T17:56:00,2018-02-26T17:56:00,,194
http://irail.be/vehicle/L5767,http://irail.be/stations/NMBS/008863008,L,2018-09-12T17:26:00,2018-09-12T17:26:00,302,
http://irail.be/vehicle/L5767,NO-URI,L,2018-09-12T17:27:00,2018-09-12T17:27:00,302,302
http://irail.be/vehicle/L5767,http://irail.be/stations/NMBS/008863354,L,2018-09-12T17:29:00,2018-09-12T17:29:00,315,315
http://irail.be/vehicle/L5767,http://irail.be/stations/NMBS/008863362,L,2018-09-12T17:32:00,2018-09-12T17:32:00,281,281
http://irail.be/vehicle/L5767,http://irail.be/stations/NMBS/008864964,L,2018-09-12T17:36:00,2018-09-12T17:36:00,281,281
http://irail.be/vehicle/L5767,http://irail.be/stations/NMBS/008864956,L,2018-09-12T17:39:00,2018-09-12T17:39:00,281,281
http://irail.be/vehicle/L5767,NO-URI,L,2018-09-12T17:41:00,2018-09-12T17:41:00,281,281
http://irail.be/vehicle/L5767,http://irail.be/stations/NMBS/008864949,L,2018-09-12T17:43:00,2018-09-12T17:43:00,270,270
http://irail.be/vehicle/L5767,http://irail.be/stations/NMBS/008864931,L,2018-09-12T17:47:00,2018-09-12T17:46:00,180,180
http://irail.be/vehicle/L5767,http://irail.be/stations/NMBS/008864923,L,2018-09-12T17:49:00,2018-09-12T17:49:00,180,180
http://irail.be/vehicle/L5767,http://irail.be/stations/NMBS/008864915,L,2018-09-12T17:51:00,2018-09-12T17:51:00,180,180
http://irail.be/vehicle/L5767,http://irail.be/stations/NMBS/008864501,L,2018-09-12T17:56:00,2018-09-12T17:56:00,,186
http://irail.be/vehicle/L5767,http://irail.be/stations/NMBS/008863008,L,2018-04-09T17:26:00,2018-04-09T17:26:00,21,
http://irail.be/vehicle/L5767,NO-URI,L,2018-04-09T17:27:00,2018-04-09T17:27:00,21,21
http://irail.be/vehicle/L5767,http://irail.be/stations/NMBS/008863354,L,2018-04-09T17:29:00,2018-04-09T17:29:00,41,30
http://irail.be/vehicle/L5767,http://irail.be/stations/NMBS/008863362,L,2018-04-09T17:32:00,2018-04-09T17:32:00,41,41
http://irail.be/vehicle/L5767,http://irail.be/stations/NMBS/008864964,L,2018-04-09T17:36:00,2018-04-09T17:36:00,41,41
http://irail.be/vehicle/L5767,http://irail.be/stations/NMBS/008864956,L,2018-04-09T17:39:00,2018-04-09T17:39:00,41,41
http://irail.be/vehicle/L5767,NO-URI,L,2018-04-09T17:41:00,2018-04-09T17:41:00,41,41
http://irail.be/vehicle/L5767,http://irail.be/stations/NMBS/008864949,L,2018-04-09T17:43:00,2018-04-09T17:43:00,46,46
http://irail.be/vehicle/L5767,http://irail.be/stations/NMBS/008864931,L,2018-04-09T17:47:00,2018-04-09T17:46:00,4,4
http://irail.be/vehicle/L5767,http://irail.be/stations/NMBS/008864923,L,2018-04-09T17:49:00,2018-04-09T17:49:00,4,4
http://irail.be/vehicle/L5767,http://irail.be/stations/NMBS/008864915,L,2018-04-09T17:51:00,2018-04-09T17:51:00,4,4
http://irail.be/vehicle/L5767,http://irail.be/stations/NMBS/008864501,L,2018-04-09T17:56:00,2018-04-09T17:56:00,,47
http://irail.be/vehicle/L5767,http://irail.be/stations/NMBS/008863008,L,2018-03-15T17:26:00,2018-03-15T17:26:00,900,
http://irail.be/vehicle/L5767,NO-URI,L,2018-03-15T17:27:00,2018-03-15T17:27:00,900,900
http://irail.be/vehicle/L5767,http://irail.be/stations/NMBS/008863354,L,2018-03-15T17:29:00,2018-03-15T17:29:00,909,909
http://irail.be/vehicle/L5767,http://irail.be/stations/NMBS/008863362,L,2018-03-15T17:32:00,2018-03-15T17:32:00,820,820
http://irail.be/vehicle/L5767,http://irail.be/stations/NMBS/008864964,L,2018-03-15T17:36:00,2018-03-15T17:36:00,820,820
http://irail.be/vehicle/L5767,http://irail.be/stations/NMBS/008864956,L,2018-03-15T17:39:00,2018-03-15T17:39:00,820,820
http://irail.be/vehicle/L5767,NO-URI,L,2018-03-15T17:41:00,2018-03-15T17:41:00,820,820
http://irail.be/vehicle/L5767,http://irail.be/stations/NMBS/008864949,L,2018-03-15T17:43:00,2018-03-15T17:43:00,806,806
http://irail.be/vehicle/L5767,http://irail.be/stations/NMBS/008864931,L,2018-03-15T17:47:00,2018-03-15T17:46:00,681,681
http://irail.be/vehicle/L5767,http://irail.be/stations/NMBS/008864923,L,2018-03-15T17:49:00,2018-03-15T17:49:00,681,681
http://irail.be/vehicle/L5767,http://irail.be/stations/NMBS/008864915,L,2018-03-15T17:51:00,2018-03-15T17:51:00,681,681
http://irail.be/vehicle/L5767,http://irail.be/stations/NMBS/008864501,L,2018-03-15T17:56:00,2018-03-15T17:56:00,,674
http://irail.be/vehicle/L5767,http://irail.be/stations/NMBS/008863008,L,2018-06-19T17:26:00,2018-06-19T17:26:00,76,
http://irail.be/vehicle/L5767,NO-URI,L,2018-06-19T17:27:00,2018-06-19T17:27:00,76,76
http://irail.be/vehicle/L5767,http://irail.be/stations/NMBS/008863354,L,2018-06-19T17:29:00,2018-06-19T17:29:00,130,91
http://irail.be/vehicle/L5767,http://irail.be/stations/NMBS/008863362,L,2018-06-19T17:32:00,2018-06-19T17:32:00,130,130
http://irail.be/vehicle/L5767,http://irail.be/stations/NMBS/008864964,L,2018-06-19T17:36:00,2018-06-19T17:36:00,130,130
http://irail.be/vehicle/L5767,http://irail.be/stations/NMBS/008864956,L,2018-06-19T17:39:00,2018-06-19T17:39:00,130,130
http://irail.be/vehicle/L5767,NO-URI,L,2018-06-19T17:41:00,2018-06-19T17:41:00,130,130
http://irail.be/vehicle/L5767,http://irail.be/stations/NMBS/008864949,L,2018-06-19T17:43:00,2018-06-19T17:43:00,118,118
http://irail.be/vehicle/L5767,http://irail.be/stations/NMBS/008864931,L,2018-06-19T17:47:00,2018-06-19T17:46:00,86,86
http://irail.be/vehicle/L5767,http://irail.be/stations/NMBS/008864923,L,2018-06-19T17:49:00,2018-06-19T17:49:00,86,86
http://irail.be/vehicle/L5767,http://irail.be/stations/NMBS/008864915,L,2018-06-19T17:51:00,2018-06-19T17:51:00,86,86
http://irail.be/vehicle/L5767,http://irail.be/stations/NMBS/008864501,L,2018-06-19T17:56:00,2018-06-19T17:56:00,,91
http://irail.be/vehicle/L5767,http://irail.be/stations/NMBS/008863008,L,2018-10-18T17:26:00,2018-10-18T17:26:00,303,
http://irail.be/vehicle/L5767,NO-URI,L,2018-10-18T17:27:00,2018-10-18T17:27:00,303,303
http://irail.be/vehicle/L5767,http://irail.be/stations/NMBS/008863354,L,2018-10-18T17:29:00,2018-10-18T17:29:00,316,316
http://irail.be/vehicle/L5767,http://irail.be/stations/NMBS/008863362,L,2018-10-18T17:32:00,2018-10-18T17:32:00,276,276
http://irail.be/vehicle/L5767,http://irail.be/stations/NMBS/008864964,L,2018-10-18T17:36:00,2018-10-18T17:36:00,276,276
http://irail.be/vehicle/L5767,http://irail.be/stations/NMBS/008864956,L,2018-10-18T17:39:00,2018-10-18T17:39:00,276,276
http://irail.be/vehicle/L5767,NO-URI,L,2018-10-18T17:41:00,2018-10-18T17:41:00,276,276
http://irail.be/vehicle/L5767,http://irail.be/stations/NMBS/008864949,L,2018-10-18T17:43:00,2018-10-18T17:43:00,262,262
http://irail.be/vehicle/L5767,http://irail.be/stations/NMBS/008864931,L,2018-10-18T17:47:00,2018-10-18T17:46:00,166,166
http://irail.be/vehicle/L5767,http://irail.be/stations/NMBS/008864923,L,2018-10-18T17:49:00,2018-10-18T17:49:00,166,166
http://irail.be/vehicle/L5767,http://irail.be/stations/NMBS/008864915,L,2018-10-18T17:51:00,2018-10-18T17:51:00,166,166
http://irail.be/vehicle/L5767,http://irail.be/stations/NMBS/008864501,L,2018-10-18T17:56:00,2018-10-18T17:56:00,,172
http://irail.be/vehicle/L5767,http://irail.be/stations/NMBS/008863008,L,2018-06-15T17:26:00,2018-06-15T17:26:00,407,
http://irail.be/vehicle/L5767,NO-URI,L,2018-06-15T17:27:00,2018-06-15T17:27:00,407,407
http://irail.be/vehicle/L5767,http://irail.be/stations/NMBS/008863354,L,2018-06-15T17:29:00,2018-06-15T17:29:00,419,419
http://irail.be/vehicle/L5767,http://irail.be/stations/NMBS/008863362,L,2018-06-15T17:32:00,2018-06-15T17:32:00,363,363
http://irail.be/vehicle/L5767,http://irail.be/stations/NMBS/008864964,L,2018-06-15T17:36:00,2018-06-15T17:36:00,363,363
http://irail.be/vehicle/L5767,http://irail.be/stations/NMBS/008864956,L,2018-06-15T17:39:00,2018-06-15T17:39:00,363,363
http://irail.be/vehicle/L5767,NO-URI,L,2018-06-15T17:41:00,2018-06-15T17:41:00,363,363
http://irail.be/vehicle/L5767,http://irail.be/stations/NMBS/008864949,L,2018-06-15T17:43:00,2018-06-15T17:43:00,351,351
http://irail.be/vehicle/L5767,http://irail.be/stations/NMBS/008864931,L,2018-06-15T17:47:00,2018-06-15T17:46:00,284,284
http://irail.be/vehicle/L5767,http://irail.be/stations/NMBS/008864923,L,2018-06-15T17:49:00,2018-06-15T17:49:00,284,284
http://irail.be/vehicle/L5767,http://irail.be/stations/NMBS/008864915,L,2018-06-15T17:51:00,2018-06-15T17:51:00,284,284
http://irail.be/vehicle/L5767,http://irail.be/stations/NMBS/008864501,L,2018-06-15T17:56:00,2018-06-15T17:56:00,,277
http://irail.be/vehicle/L5767,http://irail.be/stations/NMBS/008863008,L,2018-02-01T17:26:00,2018-02-01T17:26:00,73,
http://irail.be/vehicle/L5767,NO-URI,L,2018-02-01T17:27:00,2018-02-01T17:27:00,73,73
http://irail.be/vehicle/L5767,http://irail.be/stations/NMBS/008863354,L,2018-02-01T17:29:00,2018-02-01T17:29:00,90,84
http://irail.be/vehicle/L5767,http://irail.be/stations/NMBS/008863362,L,2018-02-01T17:32:00,2018-02-01T17:32:00,90,90
http://irail.be/vehicle/L5767,http://irail.be/stations/NMBS/008864964,L,2018-02-01T17:36:00,2018-02-01T17:36:00,90,90
http://irail.be/vehicle/L5767,http://irail.be/stations/NMBS/008864956,L,2018-02-01T17:39:00,2018-02-01T17:39:00,90,90
http://irail.be/vehicle/L5767,NO-URI,L,2018-02-01T17:41:00,2018-02-01T17:41:00,90,90
http://irail.be/vehicle/L5767,http://irail.be/stations/NMBS/008864949,L,2018-02-01T17:43:00,2018-02-01T17:43:00,75,75
http://irail.be/vehicle/L5767,http://irail.be/stations/NMBS/008864931,L,2018-02-01T17:47:00,2018-02-01T17:46:00,-18,-18
http://irail.be/vehicle/L5767,http://irail.be/stations/NMBS/008864923,L,2018-02-01T17:49:00,2018-02-01T17:49:00,-18,-18
http://irail.be/vehicle/L5767,http://irail.be/stations/NMBS/008864915,L,2018-02-01T17:51:00,2018-02-01T17:51:00,-18,-18
http://irail.be/vehicle/L5767,http://irail.be/stations/NMBS/008864501,L,2018-02-01T17:56:00,2018-02-01T17:56:00,,-19
http://irail.be/vehicle/L5767,http://irail.be/stations/NMBS/008863008,L,2018-07-19T17:26:00,2018-07-19T17:26:00,548,
http://irail.be/vehicle/L5767,NO-URI,L,2018-07-19T17:27:00,2018-07-19T17:27:00,548,548
http://irail.be/vehicle/L5767,http://irail.be/stations/NMBS/008863354,L,2018-07-19T17:29:00,2018-07-19T17:29:00,548,548
http://irail.be/vehicle/L5767,http://irail.be/stations/NMBS/008863362,L,2018-07-19T17:32:00,2018-07-19T17:32:00,512,512
http://irail.be/vehicle/L5767,http://irail.be/stations/NMBS/008864964,L,2018-07-19T17:36:00,2018-07-19T17:36:00,512,512
http://irail.be/vehicle/L5767,http://irail.be/stations/NMBS/008864956,L,2018-07-19T17:39:00,2018-07-19T17:39:00,512,512
http://irail.be/vehicle/L5767,NO-URI,L,2018-07-19T17:41:00,2018-07-19T17:41:00,512,512
http://irail.be/vehicle/L5767,http://irail.be/stations/NMBS/008864949,L,2018-07-19T17:43:00,2018-07-19T17:43:00,499,499
http://irail.be/vehicle/L5767,http://irail.be/stations/NMBS/008864931,L,2018-07-19T17:47:00,2018-07-19T17:46:00,407,407
http://irail.be/vehicle/L5767,http://irail.be/stations/NMBS/008864923,L,2018-07-19T17:49:00,2018-07-19T17:49:00,407,407
http://irail.be/vehicle/L5767,http://irail.be/stations/NMBS/008864915,L,2018-07-19T17:51:00,2018-07-19T17:51:00,407,407
http://irail.be/vehicle/L5767,http://irail.be/stations/NMBS/008864501,L,2018-07-19T17:56:00,2018-07-19T17:56:00,,437
http://irail.be/vehicle/L5767,http://irail.be/stations/NMBS/008863008,L,2018-02-12T17:26:00,2018-02-12T17:26:00,482,
http://irail.be/vehicle/L5767,NO-URI,L,2018-02-12T17:27:00,2018-02-12T17:27:00,0,0
http://irail.be/vehicle/L5767,http://irail.be/stations/NMBS/008863354,L,2018-02-12T17:29:00,2018-02-12T17:29:00,392,498
http://irail.be/vehicle/L5767,http://irail.be/stations/NMBS/008863362,L,2018-02-12T17:32:00,2018-02-12T17:32:00,392,392
http://irail.be/vehicle/L5767,http://irail.be/stations/NMBS/008864964,L,2018-02-12T17:36:00,2018-02-12T17:36:00,392,392
http://irail.be/vehicle/L5767,http://irail.be/stations/NMBS/008864956,L,2018-02-12T17:39:00,2018-02-12T17:39:00,392,392
http://irail.be/vehicle/L5767,NO-URI,L,2018-02-12T17:41:00,2018-02-12T17:41:00,392,392
http://irail.be/vehicle/L5767,http://irail.be/stations/NMBS/008864949,L,2018-02-12T17:43:00,2018-02-12T17:43:00,379,379
http://irail.be/vehicle/L5767,http://irail.be/stations/NMBS/008864931,L,2018-02-12T17:47:00,2018-02-12T17:46:00,253,253
http://irail.be/vehicle/L5767,http://irail.be/stations/NMBS/008864923,L,2018-02-12T17:49:00,2018-02-12T17:49:00,253,253
http://irail.be/vehicle/L5767,http://irail.be/stations/NMBS/008864915,L,2018-02-12T17:51:00,2018-02-12T17:51:00,253,253
http://irail.be/vehicle/L5767,http://irail.be/stations/NMBS/008864501,L,2018-02-12T17:56:00,2018-02-12T17:56:00,,249
http://irail.be/vehicle/L5767,http://irail.be/stations/NMBS/008863008,L,2018-01-11T17:26:00,2018-01-11T17:26:00,28,
http://irail.be/vehicle/L5767,NO-URI,L,2018-01-11T17:27:00,2018-01-11T17:27:00,28,28
http://irail.be/vehicle/L5767,http://irail.be/stations/NMBS/008863354,L,2018-01-11T17:29:00,2018-01-11T17:29:00,48,28
http://irail.be/vehicle/L5767,http://irail.be/stations/NMBS/008863362,L,2018-01-11T17:32:00,2018-01-11T17:32:00,48,48
http://irail.be/vehicle/L5767,http://irail.be/stations/NMBS/008864964,L,2018-01-11T17:36:00,2018-01-11T17:36:00,48,48
http://irail.be/vehicle/L5767,http://irail.be/stations/NMBS/008864956,L,2018-01-11T17:39:00,2018-01-11T17:39:00,48,48
http://irail.be/vehicle/L5767,NO-URI,L,2018-01-11T17:41:00,2018-01-11T17:41:00,48,48
http://irail.be/vehicle/L5767,http://irail.be/stations/NMBS/008864949,L,2018-01-11T17:43:00,2018-01-11T17:43:00,34,34
http://irail.be/vehicle/L5767,http://irail.be/stations/NMBS/008864931,L,2018-01-11T17:47:00,2018-01-11T17:46:00,-73,-73
http://irail.be/vehicle/L5767,http://irail.be/stations/NMBS/008864923,L,2018-01-11T17:49:00,2018-01-11T17:49:00,-73,-73
http://irail.be/vehicle/L5767,http://irail.be/stations/NMBS/008864915,L,2018-01-11T17:51:00,2018-01-11T17:51:00,-73,-73
http://irail.be/vehicle/L5767,http://irail.be/stations/NMBS/008864501,L,2018-01-11T17:56:00,2018-01-11T17:56:00,,-16
http://irail.be/vehicle/L5767,http://irail.be/stations/NMBS/008863008,L,2018-07-30T17:26:00,2018-07-30T17:26:00,15,
http://irail.be/vehicle/L5767,NO-URI,L,2018-07-30T17:27:00,2018-07-30T17:27:00,15,15
http://irail.be/vehicle/L5767,http://irail.be/stations/NMBS/008863354,L,2018-07-30T17:29:00,2018-07-30T17:29:00,30,15
http://irail.be/vehicle/L5767,http://irail.be/stations/NMBS/008863362,L,2018-07-30T17:32:00,2018-07-30T17:32:00,30,30
http://irail.be/vehicle/L5767,http://irail.be/stations/NMBS/008864964,L,2018-07-30T17:36:00,2018-07-30T17:36:00,30,30
http://irail.be/vehicle/L5767,http://irail.be/stations/NMBS/008864956,L,2018-07-30T17:39:00,2018-07-30T17:39:00,30,30
http://irail.be/vehicle/L5767,NO-URI,L,2018-07-30T17:41:00,2018-07-30T17:41:00,30,30
http://irail.be/vehicle/L5767,http://irail.be/stations/NMBS/008864949,L,2018-07-30T17:43:00,2018-07-30T17:43:00,16,16
http://irail.be/vehicle/L5767,http://irail.be/stations/NMBS/008864931,L,2018-07-30T17:47:00,2018-07-30T17:46:00,-7,-7
http://irail.be/vehicle/L5767,http://irail.be/stations/NMBS/008864923,L,2018-07-30T17:49:00,2018-07-30T17:49:00,-7,-7
http://irail.be/vehicle/L5767,http://irail.be/stations/NMBS/008864915,L,2018-07-30T17:51:00,2018-07-30T17:51:00,-7,-7
http://irail.be/vehicle/L5767,http://irail.be/stations/NMBS/008864501,L,2018-07-30T17:56:00,2018-07-30T17:56:00,,-8
http://irail.be/vehicle/L5767,http://irail.be/stations/NMBS/008863008,L,2018-10-19T17:26:00,2018-10-19T17:26:00,56,
http://irail.be/vehicle/L5767,NO-URI,L,2018-10-19T17:27:00,2018-10-19T17:27:00,56,56
http://irail.be/vehicle/L5767,http://irail.be/stations/NMBS/008863354,L,2018-10-19T17:29:00,2018-10-19T17:29:00,70,70
http://irail.be/vehicle/L5767,http://irail.be/stations/NMBS/008863362,L,2018-10-19T17:32:00,2018-10-19T17:32:00,69,69
http://irail.be/vehicle/L5767,http://irail.be/stations/NMBS/008864964,L,2018-10-19T17:36:00,2018-10-19T17:36:00,69,69
http://irail.be/vehicle/L5767,http://irail.be/stations/NMBS/008864956,L,2018-10-19T17:39:00,2018-10-19T17:39:00,69,69
http://irail.be/vehicle/L5767,NO-URI,L,2018-10-19T17:41:00,2018-10-19T17:41:00,69,69
http://irail.be/vehicle/L5767,http://irail.be/stations/NMBS/008864949,L,2018-10-19T17:43:00,2018-10-19T17:43:00,63,63
http://irail.be/vehicle/L5767,http://irail.be/stations/NMBS/008864931,L,2018-10-19T17:47:00,2018-10-19T17:46:00,-16,-16
http://irail.be/vehicle/L5767,http://irail.be/stations/NMBS/008864923,L,2018-10-19T17:49:00,2018-10-19T17:49:00,-16,-16
http://irail.be/vehicle/L5767,http://irail.be/stations/NMBS/008864915,L,2018-10-19T17:51:00,2018-10-19T17:51:00,-16,-16
http://irail.be/vehicle/L5767,http://irail.be/stations/NMBS/008864501,L,2018-10-19T17:56:00,2018-10-19T17:56:00,,-13
http://irail.be/vehicle/L5767,http://irail.be/stations/NMBS/008863008,L,2018-05-25T17:26:00,2018-05-25T17:26:00,53,
http://irail.be/vehicle/L5767,NO-URI,L,2018-05-25T17:27:00,2018-05-25T17:27:00,53,53
http://irail.be/vehicle/L5767,http://irail.be/stations/NMBS/008863354,L,2018-05-25T17:29:00,2018-05-25T17:29:00,71,71
http://irail.be/vehicle/L5767,http://irail.be/stations/NMBS/008863362,L,2018-05-25T17:32:00,2018-05-25T17:32:00,58,58
http://irail.be/vehicle/L5767,http://irail.be/stations/NMBS/008864964,L,2018-05-25T17:36:00,2018-05-25T17:36:00,58,58
http://irail.be/vehicle/L5767,http://irail.be/stations/NMBS/008864956,L,2018-05-25T17:39:00,2018-05-25T17:39:00,58,58
http://irail.be/vehicle/L5767,NO-URI,L,2018-05-25T17:41:00,2018-05-25T17:41:00,58,58
http://irail.be/vehicle/L5767,http://irail.be/stations/NMBS/008864949,L,2018-05-25T17:43:00,2018-05-25T17:43:00,50,50
http://irail.be/vehicle/L5767,http://irail.be/stations/NMBS/008864931,L,2018-05-25T17:47:00,2018-05-25T17:46:00,-24,-24
http://irail.be/vehicle/L5767,http://irail.be/stations/NMBS/008864923,L,2018-05-25T17:49:00,2018-05-25T17:49:00,-24,-24
http://irail.be/vehicle/L5767,http://irail.be/stations/NMBS/008864915,L,2018-05-25T17:51:00,2018-05-25T17:51:00,-24,-24
http://irail.be/vehicle/L5767,http://irail.be/stations/NMBS/008864501,L,2018-05-25T17:56:00,2018-05-25T17:56:00,,15
http://irail.be/vehicle/L5767,http://irail.be/stations/NMBS/008863008,L,2018-08-14T17:26:00,2018-08-14T17:26:00,21,
http://irail.be/vehicle/L5767,NO-URI,L,2018-08-14T17:27:00,2018-08-14T17:27:00,21,21
http://irail.be/vehicle/L5767,http://irail.be/stations/NMBS/008863354,L,2018-08-14T17:29:00,2018-08-14T17:29:00,119,21
http://irail.be/vehicle/L5767,http://irail.be/stations/NMBS/008863362,L,2018-08-14T17:32:00,2018-08-14T17:32:00,119,119
http://irail.be/vehicle/L5767,http://irail.be/stations/NMBS/008864964,L,2018-08-14T17:36:00,2018-08-14T17:36:00,119,119
http://irail.be/vehicle/L5767,http://irail.be/stations/NMBS/008864956,L,2018-08-14T17:39:00,2018-08-14T17:39:00,119,119
http://irail.be/vehicle/L5767,NO-URI,L,2018-08-14T17:41:00,2018-08-14T17:41:00,119,119
http://irail.be/vehicle/L5767,http://irail.be/stations/NMBS/008864949,L,2018-08-14T17:43:00,2018-08-14T17:43:00,133,120
http://irail.be/vehicle/L5767,http://irail.be/stations/NMBS/008864931,L,2018-08-14T17:47:00,2018-08-14T17:46:00,133,133
http://irail.be/vehicle/L5767,http://irail.be/stations/NMBS/008864923,L,2018-08-14T17:49:00,2018-08-14T17:49:00,133,133
http://irail.be/vehicle/L5767,http://irail.be/stations/NMBS/008864915,L,2018-08-14T17:51:00,2018-08-14T17:51:00,133,133
http://irail.be/vehicle/L5767,http://irail.be/stations/NMBS/008864501,L,2018-08-14T17:56:00,2018-08-14T17:56:00,,148
http://irail.be/vehicle/L5767,http://irail.be/stations/NMBS/008863008,L,2018-05-23T17:26:00,2018-05-23T17:26:00,62,
http://irail.be/vehicle/L5767,NO-URI,L,2018-05-23T17:27:00,2018-05-23T17:27:00,62,62
http://irail.be/vehicle/L5767,http://irail.be/stations/NMBS/008863354,L,2018-05-23T17:29:00,2018-05-23T17:29:00,72,72
http://irail.be/vehicle/L5767,http://irail.be/stations/NMBS/008863362,L,2018-05-23T17:32:00,2018-05-23T17:32:00,24,24
http://irail.be/vehicle/L5767,http://irail.be/stations/NMBS/008864964,L,2018-05-23T17:36:00,2018-05-23T17:36:00,24,24
http://irail.be/vehicle/L5767,http://irail.be/stations/NMBS/008864956,L,2018-05-23T17:39:00,2018-05-23T17:39:00,24,24
http://irail.be/vehicle/L5767,NO-URI,L,2018-05-23T17:41:00,2018-05-23T17:41:00,24,24
http://irail.be/vehicle/L5767,http://irail.be/stations/NMBS/008864949,L,2018-05-23T17:43:00,2018-05-23T17:43:00,20,20
http://irail.be/vehicle/L5767,http://irail.be/stations/NMBS/008864931,L,2018-05-23T17:47:00,2018-05-23T17:46:00,-36,-36
http://irail.be/vehicle/L5767,http://irail.be/stations/NMBS/008864923,L,2018-05-23T17:49:00,2018-05-23T17:49:00,-36,-36
http://irail.be/vehicle/L5767,http://irail.be/stations/NMBS/008864915,L,2018-05-23T17:51:00,2018-05-23T17:51:00,-36,-36
http://irail.be/vehicle/L5767,http://irail.be/stations/NMBS/008864501,L,2018-05-23T17:56:00,2018-05-23T17:56:00,,-38
http://irail.be/vehicle/L5767,http://irail.be/stations/NMBS/008863008,L,2018-01-12T17:26:00,2018-01-12T17:26:00,29,
http://irail.be/vehicle/L5767,NO-URI,L,2018-01-12T17:27:00,2018-01-12T17:27:00,29,29
http://irail.be/vehicle/L5767,http://irail.be/stations/NMBS/008863354,L,2018-01-12T17:29:00,2018-01-12T17:29:00,30,29
http://irail.be/vehicle/L5767,http://irail.be/stations/NMBS/008863362,L,2018-01-12T17:32:00,2018-01-12T17:32:00,30,30
http://irail.be/vehicle/L5767,http://irail.be/stations/NMBS/008864964,L,2018-01-12T17:36:00,2018-01-12T17:36:00,30,30
http://irail.be/vehicle/L5767,http://irail.be/stations/NMBS/008864956,L,2018-01-12T17:39:00,2018-01-12T17:39:00,30,30
http://irail.be/vehicle/L5767,NO-URI,L,2018-01-12T17:41:00,2018-01-12T17:41:00,30,30
http://irail.be/vehicle/L5767,http://irail.be/stations/NMBS/008864949,L,2018-01-12T17:43:00,2018-01-12T17:43:00,16,16
http://irail.be/vehicle/L5767,http://irail.be/stations/NMBS/008864931,L,2018-01-12T17:47:00,2018-01-12T17:46:00,-51,-51
http://irail.be/vehicle/L5767,http://irail.be/stations/NMBS/008864923,L,2018-01-12T17:49:00,2018-01-12T17:49:00,-51,-51
http://irail.be/vehicle/L5767,http://irail.be/stations/NMBS/008864915,L,2018-01-12T17:51:00,2018-01-12T17:51:00,-51,-51
http://irail.be/vehicle/L5767,http://irail.be/stations/NMBS/008864501,L,2018-01-12T17:56:00,2018-01-12T17:56:00,,-37
http://irail.be/vehicle/L5767,http://irail.be/stations/NMBS/008863008,L,2018-04-17T17:26:00,2018-04-17T17:26:00,403,
http://irail.be/vehicle/L5767,NO-URI,L,2018-04-17T17:27:00,2018-04-17T17:27:00,403,403
http://irail.be/vehicle/L5767,http://irail.be/stations/NMBS/008863354,L,2018-04-17T17:29:00,2018-04-17T17:29:00,415,415
http://irail.be/vehicle/L5767,http://irail.be/stations/NMBS/008863362,L,2018-04-17T17:32:00,2018-04-17T17:32:00,351,351
http://irail.be/vehicle/L5767,http://irail.be/stations/NMBS/008864964,L,2018-04-17T17:36:00,2018-04-17T17:36:00,351,351
http://irail.be/vehicle/L5767,http://irail.be/stations/NMBS/008864956,L,2018-04-17T17:39:00,2018-04-17T17:39:00,351,351
http://irail.be/vehicle/L5767,NO-URI,L,2018-04-17T17:41:00,2018-04-17T17:41:00,351,351
http://irail.be/vehicle/L5767,http://irail.be/stations/NMBS/008864949,L,2018-04-17T17:43:00,2018-04-17T17:43:00,336,336
http://irail.be/vehicle/L5767,http://irail.be/stations/NMBS/008864931,L,2018-04-17T17:47:00,2018-04-17T17:46:00,258,258
http://irail.be/vehicle/L5767,http://irail.be/stations/NMBS/008864923,L,2018-04-17T17:49:00,2018-04-17T17:49:00,258,258
http://irail.be/vehicle/L5767,http://irail.be/stations/NMBS/008864915,L,2018-04-17T17:51:00,2018-04-17T17:51:00,258,258
http://irail.be/vehicle/L5767,http://irail.be/stations/NMBS/008864501,L,2018-04-17T17:56:00,2018-04-17T17:56:00,,263
http://irail.be/vehicle/L5767,http://irail.be/stations/NMBS/008863008,L,2018-08-13T17:26:00,2018-08-13T17:26:00,79,
http://irail.be/vehicle/L5767,NO-URI,L,2018-08-13T17:27:00,2018-08-13T17:27:00,79,79
http://irail.be/vehicle/L5767,http://irail.be/stations/NMBS/008863354,L,2018-08-13T17:29:00,2018-08-13T17:29:00,125,79
http://irail.be/vehicle/L5767,http://irail.be/stations/NMBS/008863362,L,2018-08-13T17:32:00,2018-08-13T17:32:00,125,125
http://irail.be/vehicle/L5767,http://irail.be/stations/NMBS/008864964,L,2018-08-13T17:36:00,2018-08-13T17:36:00,125,125
http://irail.be/vehicle/L5767,http://irail.be/stations/NMBS/008864956,L,2018-08-13T17:39:00,2018-08-13T17:39:00,125,125
http://irail.be/vehicle/L5767,NO-URI,L,2018-08-13T17:41:00,2018-08-13T17:41:00,125,125
http://irail.be/vehicle/L5767,http://irail.be/stations/NMBS/008864949,L,2018-08-13T17:43:00,2018-08-13T17:43:00,114,114
http://irail.be/vehicle/L5767,http://irail.be/stations/NMBS/008864931,L,2018-08-13T17:47:00,2018-08-13T17:46:00,111,111
http://irail.be/vehicle/L5767,http://irail.be/stations/NMBS/008864923,L,2018-08-13T17:49:00,2018-08-13T17:49:00,111,111
http://irail.be/vehicle/L5767,http://irail.be/stations/NMBS/008864915,L,2018-08-13T17:51:00,2018-08-13T17:51:00,111,111
http://irail.be/vehicle/L5767,http://irail.be/stations/NMBS/008864501,L,2018-08-13T17:56:00,2018-08-13T17:56:00,,124
http://irail.be/vehicle/L5767,http://irail.be/stations/NMBS/008863008,L,2018-06-28T17:26:00,2018-06-28T17:26:00,66,
http://irail.be/vehicle/L5767,NO-URI,L,2018-06-28T17:27:00,2018-06-28T17:27:00,66,66
http://irail.be/vehicle/L5767,http://irail.be/stations/NMBS/008863354,L,2018-06-28T17:29:00,2018-06-28T17:29:00,77,77
http://irail.be/vehicle/L5767,http://irail.be/stations/NMBS/008863362,L,2018-06-28T17:32:00,2018-06-28T17:32:00,45,45
http://irail.be/vehicle/L5767,http://irail.be/stations/NMBS/008864964,L,2018-06-28T17:36:00,2018-06-28T17:36:00,45,45
http://irail.be/vehicle/L5767,http://irail.be/stations/NMBS/008864956,L,2018-06-28T17:39:00,2018-06-28T17:39:00,45,45
http://irail.be/vehicle/L5767,NO-URI,L,2018-06-28T17:41:00,2018-06-28T17:41:00,45,45
http://irail.be/vehicle/L5767,http://irail.be/stations/NMBS/008864949,L,2018-06-28T17:43:00,2018-06-28T17:43:00,31,31
http://irail.be/vehicle/L5767,http://irail.be/stations/NMBS/008864931,L,2018-06-28T17:47:00,2018-06-28T17:46:00,9,9
http://irail.be/vehicle/L5767,http://irail.be/stations/NMBS/008864923,L,2018-06-28T17:49:00,2018-06-28T17:49:00,9,9
http://irail.be/vehicle/L5767,http://irail.be/stations/NMBS/008864915,L,2018-06-28T17:51:00,2018-06-28T17:51:00,9,9
http://irail.be/vehicle/L5767,http://irail.be/stations/NMBS/008864501,L,2018-06-28T17:56:00,2018-06-28T17:56:00,,17
http://irail.be/vehicle/L5767,http://irail.be/stations/NMBS/008863008,L,2018-07-20T17:26:00,2018-07-20T17:26:00,12,
http://irail.be/vehicle/L5767,NO-URI,L,2018-07-20T17:27:00,2018-07-20T17:27:00,12,12
http://irail.be/vehicle/L5767,http://irail.be/stations/NMBS/008863354,L,2018-07-20T17:29:00,2018-07-20T17:29:00,22,22
http://irail.be/vehicle/L5767,http://irail.be/stations/NMBS/008863362,L,2018-07-20T17:32:00,2018-07-20T17:32:00,20,20
http://irail.be/vehicle/L5767,http://irail.be/stations/NMBS/008864964,L,2018-07-20T17:36:00,2018-07-20T17:36:00,20,20
http://irail.be/vehicle/L5767,http://irail.be/stations/NMBS/008864956,L,2018-07-20T17:39:00,2018-07-20T17:39:00,20,20
http://irail.be/vehicle/L5767,NO-URI,L,2018-07-20T17:41:00,2018-07-20T17:41:00,20,20
http://irail.be/vehicle/L5767,http://irail.be/stations/NMBS/008864949,L,2018-07-20T17:43:00,2018-07-20T17:43:00,39,39
http://irail.be/vehicle/L5767,http://irail.be/stations/NMBS/008864931,L,2018-07-20T17:47:00,2018-07-20T17:46:00,9,9
http://irail.be/vehicle/L5767,http://irail.be/stations/NMBS/008864923,L,2018-07-20T17:49:00,2018-07-20T17:49:00,9,9
http://irail.be/vehicle/L5767,http://irail.be/stations/NMBS/008864915,L,2018-07-20T17:51:00,2018-07-20T17:51:00,9,9
http://irail.be/vehicle/L5767,http://irail.be/stations/NMBS/008864501,L,2018-07-20T17:56:00,2018-07-20T17:56:00,,22
http://irail.be/vehicle/L5767,http://irail.be/stations/NMBS/008863008,L,2018-04-04T17:26:00,2018-04-04T17:26:00,55,
http://irail.be/vehicle/L5767,NO-URI,L,2018-04-04T17:27:00,2018-04-04T17:27:00,55,55
http://irail.be/vehicle/L5767,http://irail.be/stations/NMBS/008863354,L,2018-04-04T17:29:00,2018-04-04T17:29:00,73,73
http://irail.be/vehicle/L5767,http://irail.be/stations/NMBS/008863362,L,2018-04-04T17:32:00,2018-04-04T17:32:00,42,42
http://irail.be/vehicle/L5767,http://irail.be/stations/NMBS/008864964,L,2018-04-04T17:36:00,2018-04-04T17:36:00,42,42
http://irail.be/vehicle/L5767,http://irail.be/stations/NMBS/008864956,L,2018-04-04T17:39:00,2018-04-04T17:39:00,42,42
http://irail.be/vehicle/L5767,NO-URI,L,2018-04-04T17:41:00,2018-04-04T17:41:00,42,42
http://irail.be/vehicle/L5767,http://irail.be/stations/NMBS/008864949,L,2018-04-04T17:43:00,2018-04-04T17:43:00,35,35
http://irail.be/vehicle/L5767,http://irail.be/stations/NMBS/008864931,L,2018-04-04T17:47:00,2018-04-04T17:46:00,-8,-8
http://irail.be/vehicle/L5767,http://irail.be/stations/NMBS/008864923,L,2018-04-04T17:49:00,2018-04-04T17:49:00,-8,-8
http://irail.be/vehicle/L5767,http://irail.be/stations/NMBS/008864915,L,2018-04-04T17:51:00,2018-04-04T17:51:00,-8,-8
http://irail.be/vehicle/L5767,http://irail.be/stations/NMBS/008864501,L,2018-04-04T17:56:00,2018-04-04T17:56:00,,39
http://irail.be/vehicle/L5767,http://irail.be/stations/NMBS/008863008,L,2018-12-17T17:26:00,2018-12-17T17:26:00,50,
http://irail.be/vehicle/L5767,NO-URI,L,2018-12-17T17:27:00,2018-12-17T17:27:00,50,50
http://irail.be/vehicle/L5767,http://irail.be/stations/NMBS/008863354,L,2018-12-17T17:29:00,2018-12-17T17:29:00,70,61
http://irail.be/vehicle/L5767,http://irail.be/stations/NMBS/008863362,L,2018-12-17T17:32:00,2018-12-17T17:32:00,70,70
http://irail.be/vehicle/L5767,http://irail.be/stations/NMBS/008864964,L,2018-12-17T17:36:00,2018-12-17T17:36:00,70,70
http://irail.be/vehicle/L5767,http://irail.be/stations/NMBS/008864956,L,2018-12-17T17:39:00,2018-12-17T17:39:00,70,70
http://irail.be/vehicle/L5767,NO-URI,L,2018-12-17T17:41:00,2018-12-17T17:41:00,70,70
http://irail.be/vehicle/L5767,http://irail.be/stations/NMBS/008864949,L,2018-12-17T17:43:00,2018-12-17T17:43:00,57,57
http://irail.be/vehicle/L5767,http://irail.be/stations/NMBS/008864931,L,2018-12-17T17:47:00,2018-12-17T17:46:00,42,42
http://irail.be/vehicle/L5767,http://irail.be/stations/NMBS/008864923,L,2018-12-17T17:49:00,2018-12-17T17:49:00,42,42
http://irail.be/vehicle/L5767,http://irail.be/stations/NMBS/008864915,L,2018-12-17T17:51:00,2018-12-17T17:51:00,42,42
http://irail.be/vehicle/L5767,http://irail.be/stations/NMBS/008864501,L,2018-12-17T17:56:00,2018-12-17T17:56:00,,17
http://irail.be/vehicle/L5767,http://irail.be/stations/NMBS/008863008,L,2018-06-13T17:26:00,2018-06-13T17:26:00,41,
http://irail.be/vehicle/L5767,NO-URI,L,2018-06-13T17:27:00,2018-06-13T17:27:00,41,41
http://irail.be/vehicle/L5767,http://irail.be/stations/NMBS/008863354,L,2018-06-13T17:29:00,2018-06-13T17:29:00,52,52
http://irail.be/vehicle/L5767,http://irail.be/stations/NMBS/008863362,L,2018-06-13T17:32:00,2018-06-13T17:32:00,24,24
http://irail.be/vehicle/L5767,http://irail.be/stations/NMBS/008864964,L,2018-06-13T17:36:00,2018-06-13T17:36:00,24,24
http://irail.be/vehicle/L5767,http://irail.be/stations/NMBS/008864956,L,2018-06-13T17:39:00,2018-06-13T17:39:00,24,24
http://irail.be/vehicle/L5767,NO-URI,L,2018-06-13T17:41:00,2018-06-13T17:41:00,24,24
http://irail.be/vehicle/L5767,http://irail.be/stations/NMBS/008864949,L,2018-06-13T17:43:00,2018-06-13T17:43:00,12,12
http://irail.be/vehicle/L5767,http://irail.be/stations/NMBS/008864931,L,2018-06-13T17:47:00,2018-06-13T17:46:00,-4,-4
http://irail.be/vehicle/L5767,http://irail.be/stations/NMBS/008864923,L,2018-06-13T17:49:00,2018-06-13T17:49:00,-4,-4
http://irail.be/vehicle/L5767,http://irail.be/stations/NMBS/008864915,L,2018-06-13T17:51:00,2018-06-13T17:51:00,-4,-4
http://irail.be/vehicle/L5767,http://irail.be/stations/NMBS/008864501,L,2018-06-13T17:56:00,2018-06-13T17:56:00,,6
http://irail.be/vehicle/L5767,http://irail.be/stations/NMBS/008863008,L,2018-03-28T17:26:00,2018-03-28T17:26:00,62,
http://irail.be/vehicle/L5767,NO-URI,L,2018-03-28T17:27:00,2018-03-28T17:27:00,62,62
http://irail.be/vehicle/L5767,http://irail.be/stations/NMBS/008863354,L,2018-03-28T17:29:00,2018-03-28T17:29:00,101,78
http://irail.be/vehicle/L5767,http://irail.be/stations/NMBS/008863362,L,2018-03-28T17:32:00,2018-03-28T17:32:00,101,101
http://irail.be/vehicle/L5767,http://irail.be/stations/NMBS/008864964,L,2018-03-28T17:36:00,2018-03-28T17:36:00,101,101
http://irail.be/vehicle/L5767,http://irail.be/stations/NMBS/008864956,L,2018-03-28T17:39:00,2018-03-28T17:39:00,101,101
http://irail.be/vehicle/L5767,NO-URI,L,2018-03-28T17:41:00,2018-03-28T17:41:00,101,101
http://irail.be/vehicle/L5767,http://irail.be/stations/NMBS/008864949,L,2018-03-28T17:43:00,2018-03-28T17:43:00,93,93
http://irail.be/vehicle/L5767,http://irail.be/stations/NMBS/008864931,L,2018-03-28T17:47:00,2018-03-28T17:46:00,42,42
http://irail.be/vehicle/L5767,http://irail.be/stations/NMBS/008864923,L,2018-03-28T17:49:00,2018-03-28T17:49:00,42,42
http://irail.be/vehicle/L5767,http://irail.be/stations/NMBS/008864915,L,2018-03-28T17:51:00,2018-03-28T17:51:00,42,42
http://irail.be/vehicle/L5767,http://irail.be/stations/NMBS/008864501,L,2018-03-28T17:56:00,2018-03-28T17:56:00,,57
http://irail.be/vehicle/L5767,http://irail.be/stations/NMBS/008863008,L,2018-03-06T17:26:00,2018-03-06T17:26:00,1108,
http://irail.be/vehicle/L5767,NO-URI,L,2018-03-06T17:27:00,2018-03-06T17:27:00,1108,1108
http://irail.be/vehicle/L5767,http://irail.be/stations/NMBS/008863354,L,2018-03-06T17:29:00,2018-03-06T17:29:00,1121,1121
http://irail.be/vehicle/L5767,http://irail.be/stations/NMBS/008863362,L,2018-03-06T17:32:00,2018-03-06T17:32:00,1078,1078
http://irail.be/vehicle/L5767,http://irail.be/stations/NMBS/008864964,L,2018-03-06T17:36:00,2018-03-06T17:36:00,1078,1078
http://irail.be/vehicle/L5767,http://irail.be/stations/NMBS/008864956,L,2018-03-06T17:39:00,2018-03-06T17:39:00,1078,1078
http://irail.be/vehicle/L5767,NO-URI,L,2018-03-06T17:41:00,2018-03-06T17:41:00,1078,1078
http://irail.be/vehicle/L5767,http://irail.be/stations/NMBS/008864949,L,2018-03-06T17:43:00,2018-03-06T17:43:00,1069,1069
http://irail.be/vehicle/L5767,http://irail.be/stations/NMBS/008864931,L,2018-03-06T17:47:00,2018-03-06T17:46:00,1000,1000
http://irail.be/vehicle/L5767,http://irail.be/stations/NMBS/008864923,L,2018-03-06T17:49:00,2018-03-06T17:49:00,1000,1000
http://irail.be/vehicle/L5767,http://irail.be/stations/NMBS/008864915,L,2018-03-06T17:51:00,2018-03-06T17:51:00,1000,1000
http://irail.be/vehicle/L5767,http://irail.be/stations/NMBS/008864501,L,2018-03-06T17:56:00,2018-03-06T17:56:00,,1008
http://irail.be/vehicle/L5767,http://irail.be/stations/NMBS/008863008,L,2018-09-03T17:26:00,2018-09-03T17:26:00,118,
http://irail.be/vehicle/L5767,NO-URI,L,2018-09-03T17:27:00,2018-09-03T17:27:00,118,118
http://irail.be/vehicle/L5767,http://irail.be/stations/NMBS/008863354,L,2018-09-03T17:29:00,2018-09-03T17:29:00,130,130
http://irail.be/vehicle/L5767,http://irail.be/stations/NMBS/008863362,L,2018-09-03T17:32:00,2018-09-03T17:32:00,50,50
http://irail.be/vehicle/L5767,http://irail.be/stations/NMBS/008864964,L,2018-09-03T17:36:00,2018-09-03T17:36:00,50,50
http://irail.be/vehicle/L5767,http://irail.be/stations/NMBS/008864956,L,2018-09-03T17:39:00,2018-09-03T17:39:00,50,50
http://irail.be/vehicle/L5767,NO-URI,L,2018-09-03T17:41:00,2018-09-03T17:41:00,50,50
http://irail.be/vehicle/L5767,http://irail.be/stations/NMBS/008864949,L,2018-09-03T17:43:00,2018-09-03T17:43:00,36,36
http://irail.be/vehicle/L5767,http://irail.be/stations/NMBS/008864931,L,2018-09-03T17:47:00,2018-09-03T17:46:00,-36,-36
http://irail.be/vehicle/L5767,http://irail.be/stations/NMBS/008864923,L,2018-09-03T17:49:00,2018-09-03T17:49:00,-36,-36
http://irail.be/vehicle/L5767,http://irail.be/stations/NMBS/008864915,L,2018-09-03T17:51:00,2018-09-03T17:51:00,-36,-36
http://irail.be/vehicle/L5767,http://irail.be/stations/NMBS/008864501,L,2018-09-03T17:56:00,2018-09-03T17:56:00,,-28
http://irail.be/vehicle/L5767,http://irail.be/stations/NMBS/008863008,L,2018-10-25T17:26:00,2018-10-25T17:26:00,109,
http://irail.be/vehicle/L5767,NO-URI,L,2018-10-25T17:27:00,2018-10-25T17:27:00,109,109
http://irail.be/vehicle/L5767,http://irail.be/stations/NMBS/008863354,L,2018-10-25T17:29:00,2018-10-25T17:29:00,126,123
http://irail.be/vehicle/L5767,http://irail.be/stations/NMBS/008863362,L,2018-10-25T17:32:00,2018-10-25T17:32:00,126,126
http://irail.be/vehicle/L5767,http://irail.be/stations/NMBS/008864964,L,2018-10-25T17:36:00,2018-10-25T17:36:00,126,126
http://irail.be/vehicle/L5767,http://irail.be/stations/NMBS/008864956,L,2018-10-25T17:39:00,2018-10-25T17:39:00,126,126
http://irail.be/vehicle/L5767,NO-URI,L,2018-10-25T17:41:00,2018-10-25T17:41:00,126,126
http://irail.be/vehicle/L5767,http://irail.be/stations/NMBS/008864949,L,2018-10-25T17:43:00,2018-10-25T17:43:00,115,114
http://irail.be/vehicle/L5767,http://irail.be/stations/NMBS/008864931,L,2018-10-25T17:47:00,2018-10-25T17:46:00,115,115
http://irail.be/vehicle/L5767,http://irail.be/stations/NMBS/008864923,L,2018-10-25T17:49:00,2018-10-25T17:49:00,115,115
http://irail.be/vehicle/L5767,http://irail.be/stations/NMBS/008864915,L,2018-10-25T17:51:00,2018-10-25T17:51:00,115,115
http://irail.be/vehicle/L5767,http://irail.be/stations/NMBS/008864501,L,2018-10-25T17:56:00,2018-10-25T17:56:00,,118
http://irail.be/vehicle/L5767,http://irail.be/stations/NMBS/008863008,L,2018-07-02T17:26:00,2018-07-02T17:26:00,475,
http://irail.be/vehicle/L5767,NO-URI,L,2018-07-02T17:27:00,2018-07-02T17:27:00,475,475
http://irail.be/vehicle/L5767,http://irail.be/stations/NMBS/008863354,L,2018-07-02T17:29:00,2018-07-02T17:29:00,475,475
http://irail.be/vehicle/L5767,http://irail.be/stations/NMBS/008863362,L,2018-07-02T17:32:00,2018-07-02T17:32:00,473,473
http://irail.be/vehicle/L5767,http://irail.be/stations/NMBS/008864964,L,2018-07-02T17:36:00,2018-07-02T17:36:00,473,473
http://irail.be/vehicle/L5767,http://irail.be/stations/NMBS/008864956,L,2018-07-02T17:39:00,2018-07-02T17:39:00,473,473
http://irail.be/vehicle/L5767,NO-URI,L,2018-07-02T17:41:00,2018-07-02T17:41:00,473,473
http://irail.be/vehicle/L5767,http://irail.be/stations/NMBS/008864949,L,2018-07-02T17:43:00,2018-07-02T17:43:00,461,461
http://irail.be/vehicle/L5767,http://irail.be/stations/NMBS/008864931,L,2018-07-02T17:47:00,2018-07-02T17:46:00,384,384
http://irail.be/vehicle/L5767,http://irail.be/stations/NMBS/008864923,L,2018-07-02T17:49:00,2018-07-02T17:49:00,384,384
http://irail.be/vehicle/L5767,http://irail.be/stations/NMBS/008864915,L,2018-07-02T17:51:00,2018-07-02T17:51:00,384,384
http://irail.be/vehicle/L5767,http://irail.be/stations/NMBS/008864501,L,2018-07-02T17:56:00,2018-07-02T17:56:00,,405
http://irail.be/vehicle/L5767,http://irail.be/stations/NMBS/008863008,L,2018-12-26T17:26:00,2018-12-26T17:26:00,5,
http://irail.be/vehicle/L5767,NO-URI,L,2018-12-26T17:27:00,2018-12-26T17:27:00,5,5
http://irail.be/vehicle/L5767,http://irail.be/stations/NMBS/008863354,L,2018-12-26T17:29:00,2018-12-26T17:29:00,34,5
http://irail.be/vehicle/L5767,http://irail.be/stations/NMBS/008863362,L,2018-12-26T17:32:00,2018-12-26T17:32:00,34,34
http://irail.be/vehicle/L5767,http://irail.be/stations/NMBS/008864964,L,2018-12-26T17:36:00,2018-12-26T17:36:00,34,34
http://irail.be/vehicle/L5767,http://irail.be/stations/NMBS/008864956,L,2018-12-26T17:39:00,2018-12-26T17:39:00,34,34
http://irail.be/vehicle/L5767,NO-URI,L,2018-12-26T17:41:00,2018-12-26T17:41:00,34,34
http://irail.be/vehicle/L5767,http://irail.be/stations/NMBS/008864949,L,2018-12-26T17:43:00,2018-12-26T17:43:00,21,21
http://irail.be/vehicle/L5767,http://irail.be/stations/NMBS/008864931,L,2018-12-26T17:47:00,2018-12-26T17:46:00,-7,-7
http://irail.be/vehicle/L5767,http://irail.be/stations/NMBS/008864923,L,2018-12-26T17:49:00,2018-12-26T17:49:00,-7,-7
http://irail.be/vehicle/L5767,http://irail.be/stations/NMBS/008864915,L,2018-12-26T17:51:00,2018-12-26T17:51:00,-7,-7
http://irail.be/vehicle/L5767,http://irail.be/stations/NMBS/008864501,L,2018-12-26T17:56:00,2018-12-26T17:56:00,,-4
http://irail.be/vehicle/L5767,http://irail.be/stations/NMBS/008863008,L,2018-06-05T17:26:00,2018-06-05T17:26:00,902,
http://irail.be/vehicle/L5767,NO-URI,L,2018-06-05T17:27:00,2018-06-05T17:27:00,902,902
http://irail.be/vehicle/L5767,http://irail.be/stations/NMBS/008863354,L,2018-06-05T17:29:00,2018-06-05T17:29:00,914,914
http://irail.be/vehicle/L5767,http://irail.be/stations/NMBS/008863362,L,2018-06-05T17:32:00,2018-06-05T17:32:00,884,884
http://irail.be/vehicle/L5767,http://irail.be/stations/NMBS/008864964,L,2018-06-05T17:36:00,2018-06-05T17:36:00,884,884
http://irail.be/vehicle/L5767,http://irail.be/stations/NMBS/008864956,L,2018-06-05T17:39:00,2018-06-05T17:39:00,884,884
http://irail.be/vehicle/L5767,NO-URI,L,2018-06-05T17:41:00,2018-06-05T17:41:00,884,884
http://irail.be/vehicle/L5767,http://irail.be/stations/NMBS/008864949,L,2018-06-05T17:43:00,2018-06-05T17:43:00,873,873
http://irail.be/vehicle/L5767,http://irail.be/stations/NMBS/008864931,L,2018-06-05T17:47:00,2018-06-05T17:46:00,774,774
http://irail.be/vehicle/L5767,http://irail.be/stations/NMBS/008864923,L,2018-06-05T17:49:00,2018-06-05T17:49:00,774,774
http://irail.be/vehicle/L5767,http://irail.be/stations/NMBS/008864915,L,2018-06-05T17:51:00,2018-06-05T17:51:00,774,774
http://irail.be/vehicle/L5767,http://irail.be/stations/NMBS/008864501,L,2018-06-05T17:56:00,2018-06-05T17:56:00,,779
http://irail.be/vehicle/L5767,http://irail.be/stations/NMBS/008863008,L,2018-10-22T17:26:00,2018-10-22T17:26:00,18,
http://irail.be/vehicle/L5767,NO-URI,L,2018-10-22T17:27:00,2018-10-22T17:27:00,18,18
http://irail.be/vehicle/L5767,http://irail.be/stations/NMBS/008863354,L,2018-10-22T17:29:00,2018-10-22T17:29:00,32,32
http://irail.be/vehicle/L5767,http://irail.be/stations/NMBS/008863362,L,2018-10-22T17:32:00,2018-10-22T17:32:00,23,23
http://irail.be/vehicle/L5767,http://irail.be/stations/NMBS/008864964,L,2018-10-22T17:36:00,2018-10-22T17:36:00,23,23
http://irail.be/vehicle/L5767,http://irail.be/stations/NMBS/008864956,L,2018-10-22T17:39:00,2018-10-22T17:39:00,23,23
http://irail.be/vehicle/L5767,NO-URI,L,2018-10-22T17:41:00,2018-10-22T17:41:00,23,23
http://irail.be/vehicle/L5767,http://irail.be/stations/NMBS/008864949,L,2018-10-22T17:43:00,2018-10-22T17:43:00,10,10
http://irail.be/vehicle/L5767,http://irail.be/stations/NMBS/008864931,L,2018-10-22T17:47:00,2018-10-22T17:46:00,-54,-54
http://irail.be/vehicle/L5767,http://irail.be/stations/NMBS/008864923,L,2018-10-22T17:49:00,2018-10-22T17:49:00,-54,-54
http://irail.be/vehicle/L5767,http://irail.be/stations/NMBS/008864915,L,2018-10-22T17:51:00,2018-10-22T17:51:00,-54,-54
http://irail.be/vehicle/L5767,http://irail.be/stations/NMBS/008864501,L,2018-10-22T17:56:00,2018-10-22T17:56:00,,-48
http://irail.be/vehicle/L5767,http://irail.be/stations/NMBS/008863008,L,2018-03-22T17:26:00,2018-03-22T17:26:00,261,
http://irail.be/vehicle/L5767,NO-URI,L,2018-03-22T17:27:00,2018-03-22T17:27:00,261,261
http://irail.be/vehicle/L5767,http://irail.be/stations/NMBS/008863354,L,2018-03-22T17:29:00,2018-03-22T17:29:00,271,271
http://irail.be/vehicle/L5767,http://irail.be/stations/NMBS/008863362,L,2018-03-22T17:32:00,2018-03-22T17:32:00,233,233
http://irail.be/vehicle/L5767,http://irail.be/stations/NMBS/008864964,L,2018-03-22T17:36:00,2018-03-22T17:36:00,233,233
http://irail.be/vehicle/L5767,http://irail.be/stations/NMBS/008864956,L,2018-03-22T17:39:00,2018-03-22T17:39:00,233,233
http://irail.be/vehicle/L5767,NO-URI,L,2018-03-22T17:41:00,2018-03-22T17:41:00,233,233
http://irail.be/vehicle/L5767,http://irail.be/stations/NMBS/008864949,L,2018-03-22T17:43:00,2018-03-22T17:43:00,219,219
http://irail.be/vehicle/L5767,http://irail.be/stations/NMBS/008864931,L,2018-03-22T17:47:00,2018-03-22T17:46:00,128,128
http://irail.be/vehicle/L5767,http://irail.be/stations/NMBS/008864923,L,2018-03-22T17:49:00,2018-03-22T17:49:00,128,128
http://irail.be/vehicle/L5767,http://irail.be/stations/NMBS/008864915,L,2018-03-22T17:51:00,2018-03-22T17:51:00,128,128
http://irail.be/vehicle/L5767,http://irail.be/stations/NMBS/008864501,L,2018-03-22T17:56:00,2018-03-22T17:56:00,,133
http://irail.be/vehicle/L5767,http://irail.be/stations/NMBS/008863008,L,2018-07-31T17:26:00,2018-07-31T17:26:00,358,
http://irail.be/vehicle/L5767,NO-URI,L,2018-07-31T17:27:00,2018-07-31T17:27:00,358,358
http://irail.be/vehicle/L5767,http://irail.be/stations/NMBS/008863354,L,2018-07-31T17:29:00,2018-07-31T17:29:00,358,358
http://irail.be/vehicle/L5767,http://irail.be/stations/NMBS/008863362,L,2018-07-31T17:32:00,2018-07-31T17:32:00,337,337
http://irail.be/vehicle/L5767,http://irail.be/stations/NMBS/008864964,L,2018-07-31T17:36:00,2018-07-31T17:36:00,337,337
http://irail.be/vehicle/L5767,http://irail.be/stations/NMBS/008864956,L,2018-07-31T17:39:00,2018-07-31T17:39:00,337,337
http://irail.be/vehicle/L5767,NO-URI,L,2018-07-31T17:41:00,2018-07-31T17:41:00,337,337
http://irail.be/vehicle/L5767,http://irail.be/stations/NMBS/008864949,L,2018-07-31T17:43:00,2018-07-31T17:43:00,323,323
http://irail.be/vehicle/L5767,http://irail.be/stations/NMBS/008864931,L,2018-07-31T17:47:00,2018-07-31T17:46:00,195,195
http://irail.be/vehicle/L5767,http://irail.be/stations/NMBS/008864923,L,2018-07-31T17:49:00,2018-07-31T17:49:00,195,195
http://irail.be/vehicle/L5767,http://irail.be/stations/NMBS/008864915,L,2018-07-31T17:51:00,2018-07-31T17:51:00,195,195
http://irail.be/vehicle/L5767,http://irail.be/stations/NMBS/008864501,L,2018-07-31T17:56:00,2018-07-31T17:56:00,,197
http://irail.be/vehicle/L5767,http://irail.be/stations/NMBS/008863008,L,2018-12-06T17:26:00,2018-12-06T17:26:00,271,
http://irail.be/vehicle/L5767,NO-URI,L,2018-12-06T17:27:00,2018-12-06T17:27:00,271,271
http://irail.be/vehicle/L5767,http://irail.be/stations/NMBS/008863354,L,2018-12-06T17:29:00,2018-12-06T17:29:00,283,283
http://irail.be/vehicle/L5767,http://irail.be/stations/NMBS/008863362,L,2018-12-06T17:32:00,2018-12-06T17:32:00,271,271
http://irail.be/vehicle/L5767,http://irail.be/stations/NMBS/008864964,L,2018-12-06T17:36:00,2018-12-06T17:36:00,271,271
http://irail.be/vehicle/L5767,http://irail.be/stations/NMBS/008864956,L,2018-12-06T17:39:00,2018-12-06T17:39:00,271,271
http://irail.be/vehicle/L5767,NO-URI,L,2018-12-06T17:41:00,2018-12-06T17:41:00,271,271
http://irail.be/vehicle/L5767,http://irail.be/stations/NMBS/008864949,L,2018-12-06T17:43:00,2018-12-06T17:43:00,257,257
http://irail.be/vehicle/L5767,http://irail.be/stations/NMBS/008864931,L,2018-12-06T17:47:00,2018-12-06T17:46:00,179,179
http://irail.be/vehicle/L5767,http://irail.be/stations/NMBS/008864923,L,2018-12-06T17:49:00,2018-12-06T17:49:00,179,179
http://irail.be/vehicle/L5767,http://irail.be/stations/NMBS/008864915,L,2018-12-06T17:51:00,2018-12-06T17:51:00,179,179
http://irail.be/vehicle/L5767,http://irail.be/stations/NMBS/008864501,L,2018-12-06T17:56:00,2018-12-06T17:56:00,,176
http://irail.be/vehicle/L5767,http://irail.be/stations/NMBS/008863008,L,2018-01-25T17:26:00,2018-01-25T17:26:00,141,
http://irail.be/vehicle/L5767,NO-URI,L,2018-01-25T17:27:00,2018-01-25T17:27:00,141,141
http://irail.be/vehicle/L5767,http://irail.be/stations/NMBS/008863354,L,2018-01-25T17:29:00,2018-01-25T17:29:00,141,141
http://irail.be/vehicle/L5767,http://irail.be/stations/NMBS/008863362,L,2018-01-25T17:32:00,2018-01-25T17:32:00,141,141
http://irail.be/vehicle/L5767,http://irail.be/stations/NMBS/008864964,L,2018-01-25T17:36:00,2018-01-25T17:36:00,141,141
http://irail.be/vehicle/L5767,http://irail.be/stations/NMBS/008864956,L,2018-01-25T17:39:00,2018-01-25T17:39:00,141,141
http://irail.be/vehicle/L5767,NO-URI,L,2018-01-25T17:41:00,2018-01-25T17:41:00,141,141
http://irail.be/vehicle/L5767,http://irail.be/stations/NMBS/008864949,L,2018-01-25T17:43:00,2018-01-25T17:43:00,131,131
http://irail.be/vehicle/L5767,http://irail.be/stations/NMBS/008864931,L,2018-01-25T17:47:00,2018-01-25T17:46:00,58,58
http://irail.be/vehicle/L5767,http://irail.be/stations/NMBS/008864923,L,2018-01-25T17:49:00,2018-01-25T17:49:00,58,58
http://irail.be/vehicle/L5767,http://irail.be/stations/NMBS/008864915,L,2018-01-25T17:51:00,2018-01-25T17:51:00,58,58
http://irail.be/vehicle/L5767,http://irail.be/stations/NMBS/008864501,L,2018-01-25T17:56:00,2018-01-25T17:56:00,,68
http://irail.be/vehicle/L5767,http://irail.be/stations/NMBS/008863008,L,2018-06-11T17:26:00,2018-06-11T17:26:00,806,
http://irail.be/vehicle/L5767,NO-URI,L,2018-06-11T17:27:00,2018-06-11T17:27:00,806,806
http://irail.be/vehicle/L5767,http://irail.be/stations/NMBS/008863354,L,2018-06-11T17:29:00,2018-06-11T17:29:00,820,820
http://irail.be/vehicle/L5767,http://irail.be/stations/NMBS/008863362,L,2018-06-11T17:32:00,2018-06-11T17:32:00,758,758
http://irail.be/vehicle/L5767,http://irail.be/stations/NMBS/008864964,L,2018-06-11T17:36:00,2018-06-11T17:36:00,758,758
http://irail.be/vehicle/L5767,http://irail.be/stations/NMBS/008864956,L,2018-06-11T17:39:00,2018-06-11T17:39:00,758,758
http://irail.be/vehicle/L5767,NO-URI,L,2018-06-11T17:41:00,2018-06-11T17:41:00,758,758
http://irail.be/vehicle/L5767,http://irail.be/stations/NMBS/008864949,L,2018-06-11T17:43:00,2018-06-11T17:43:00,746,746
http://irail.be/vehicle/L5767,http://irail.be/stations/NMBS/008864931,L,2018-06-11T17:47:00,2018-06-11T17:46:00,631,631
http://irail.be/vehicle/L5767,http://irail.be/stations/NMBS/008864923,L,2018-06-11T17:49:00,2018-06-11T17:49:00,631,631
http://irail.be/vehicle/L5767,http://irail.be/stations/NMBS/008864915,L,2018-06-11T17:51:00,2018-06-11T17:51:00,631,631
http://irail.be/vehicle/L5767,http://irail.be/stations/NMBS/008864501,L,2018-06-11T17:56:00,2018-06-11T17:56:00,,629
http://irail.be/vehicle/L5767,http://irail.be/stations/NMBS/008863008,L,2018-06-27T17:26:00,2018-06-27T17:26:00,135,
http://irail.be/vehicle/L5767,NO-URI,L,2018-06-27T17:27:00,2018-06-27T17:27:00,135,135
http://irail.be/vehicle/L5767,http://irail.be/stations/NMBS/008863354,L,2018-06-27T17:29:00,2018-06-27T17:29:00,208,149
http://irail.be/vehicle/L5767,http://irail.be/stations/NMBS/008863362,L,2018-06-27T17:32:00,2018-06-27T17:32:00,208,208
http://irail.be/vehicle/L5767,http://irail.be/stations/NMBS/008864964,L,2018-06-27T17:36:00,2018-06-27T17:36:00,208,208
http://irail.be/vehicle/L5767,http://irail.be/stations/NMBS/008864956,L,2018-06-27T17:39:00,2018-06-27T17:39:00,208,208
http://irail.be/vehicle/L5767,NO-URI,L,2018-06-27T17:41:00,2018-06-27T17:41:00,208,208
http://irail.be/vehicle/L5767,http://irail.be/stations/NMBS/008864949,L,2018-06-27T17:43:00,2018-06-27T17:43:00,274,216
http://irail.be/vehicle/L5767,http://irail.be/stations/NMBS/008864931,L,2018-06-27T17:47:00,2018-06-27T17:46:00,274,274
http://irail.be/vehicle/L5767,http://irail.be/stations/NMBS/008864923,L,2018-06-27T17:49:00,2018-06-27T17:49:00,274,274
http://irail.be/vehicle/L5767,http://irail.be/stations/NMBS/008864915,L,2018-06-27T17:51:00,2018-06-27T17:51:00,274,274
http://irail.be/vehicle/L5767,http://irail.be/stations/NMBS/008864501,L,2018-06-27T17:56:00,2018-06-27T17:56:00,,369
http://irail.be/vehicle/L5767,http://irail.be/stations/NMBS/008863008,L,2018-02-21T17:26:00,2018-02-21T17:26:00,490,
http://irail.be/vehicle/L5767,NO-URI,L,2018-02-21T17:27:00,2018-02-21T17:27:00,490,490
http://irail.be/vehicle/L5767,http://irail.be/stations/NMBS/008863354,L,2018-02-21T17:29:00,2018-02-21T17:29:00,491,490
http://irail.be/vehicle/L5767,http://irail.be/stations/NMBS/008863362,L,2018-02-21T17:32:00,2018-02-21T17:32:00,491,491
http://irail.be/vehicle/L5767,http://irail.be/stations/NMBS/008864964,L,2018-02-21T17:36:00,2018-02-21T17:36:00,491,491
http://irail.be/vehicle/L5767,http://irail.be/stations/NMBS/008864956,L,2018-02-21T17:39:00,2018-02-21T17:39:00,491,491
http://irail.be/vehicle/L5767,NO-URI,L,2018-02-21T17:41:00,2018-02-21T17:41:00,491,491
http://irail.be/vehicle/L5767,http://irail.be/stations/NMBS/008864949,L,2018-02-21T17:43:00,2018-02-21T17:43:00,487,487
http://irail.be/vehicle/L5767,http://irail.be/stations/NMBS/008864931,L,2018-02-21T17:47:00,2018-02-21T17:46:00,449,449
http://irail.be/vehicle/L5767,http://irail.be/stations/NMBS/008864923,L,2018-02-21T17:49:00,2018-02-21T17:49:00,449,449
http://irail.be/vehicle/L5767,http://irail.be/stations/NMBS/008864915,L,2018-02-21T17:51:00,2018-02-21T17:51:00,449,449
http://irail.be/vehicle/L5767,http://irail.be/stations/NMBS/008864501,L,2018-02-21T17:56:00,2018-02-21T17:56:00,,467
http://irail.be/vehicle/L5767,http://irail.be/stations/NMBS/008863008,L,2018-11-07T17:26:00,2018-11-07T17:26:00,72,
http://irail.be/vehicle/L5767,NO-URI,L,2018-11-07T17:27:00,2018-11-07T17:27:00,72,72
http://irail.be/vehicle/L5767,http://irail.be/stations/NMBS/008863354,L,2018-11-07T17:29:00,2018-11-07T17:29:00,149,84
http://irail.be/vehicle/L5767,http://irail.be/stations/NMBS/008863362,L,2018-11-07T17:32:00,2018-11-07T17:32:00,149,149
http://irail.be/vehicle/L5767,http://irail.be/stations/NMBS/008864964,L,2018-11-07T17:36:00,2018-11-07T17:36:00,149,149
http://irail.be/vehicle/L5767,http://irail.be/stations/NMBS/008864956,L,2018-11-07T17:39:00,2018-11-07T17:39:00,149,149
http://irail.be/vehicle/L5767,NO-URI,L,2018-11-07T17:41:00,2018-11-07T17:41:00,149,149
http://irail.be/vehicle/L5767,http://irail.be/stations/NMBS/008864949,L,2018-11-07T17:43:00,2018-11-07T17:43:00,140,140
http://irail.be/vehicle/L5767,http://irail.be/stations/NMBS/008864931,L,2018-11-07T17:47:00,2018-11-07T17:46:00,106,106
http://irail.be/vehicle/L5767,http://irail.be/stations/NMBS/008864923,L,2018-11-07T17:49:00,2018-11-07T17:49:00,106,106
http://irail.be/vehicle/L5767,http://irail.be/stations/NMBS/008864915,L,2018-11-07T17:51:00,2018-11-07T17:51:00,106,106
http://irail.be/vehicle/L5767,http://irail.be/stations/NMBS/008864501,L,2018-11-07T17:56:00,2018-11-07T17:56:00,,106
http://irail.be/vehicle/L5767,http://irail.be/stations/NMBS/008863008,L,2018-05-16T17:26:00,2018-05-16T17:26:00,92,
http://irail.be/vehicle/L5767,NO-URI,L,2018-05-16T17:27:00,2018-05-16T17:27:00,92,92
http://irail.be/vehicle/L5767,http://irail.be/stations/NMBS/008863354,L,2018-05-16T17:29:00,2018-05-16T17:29:00,137,108
http://irail.be/vehicle/L5767,http://irail.be/stations/NMBS/008863362,L,2018-05-16T17:32:00,2018-05-16T17:32:00,137,137
http://irail.be/vehicle/L5767,http://irail.be/stations/NMBS/008864964,L,2018-05-16T17:36:00,2018-05-16T17:36:00,137,137
http://irail.be/vehicle/L5767,http://irail.be/stations/NMBS/008864956,L,2018-05-16T17:39:00,2018-05-16T17:39:00,137,137
http://irail.be/vehicle/L5767,NO-URI,L,2018-05-16T17:41:00,2018-05-16T17:41:00,137,137
http://irail.be/vehicle/L5767,http://irail.be/stations/NMBS/008864949,L,2018-05-16T17:43:00,2018-05-16T17:43:00,157,128
http://irail.be/vehicle/L5767,http://irail.be/stations/NMBS/008864931,L,2018-05-16T17:47:00,2018-05-16T17:46:00,157,157
http://irail.be/vehicle/L5767,http://irail.be/stations/NMBS/008864923,L,2018-05-16T17:49:00,2018-05-16T17:49:00,157,157
http://irail.be/vehicle/L5767,http://irail.be/stations/NMBS/008864915,L,2018-05-16T17:51:00,2018-05-16T17:51:00,157,157
http://irail.be/vehicle/L5767,http://irail.be/stations/NMBS/008864501,L,2018-05-16T17:56:00,2018-05-16T17:56:00,,176
http://irail.be/vehicle/L5767,http://irail.be/stations/NMBS/008863008,L,2018-04-06T17:26:00,2018-04-06T17:26:00,324,
http://irail.be/vehicle/L5767,NO-URI,L,2018-04-06T17:27:00,2018-04-06T17:27:00,324,324
http://irail.be/vehicle/L5767,http://irail.be/stations/NMBS/008863354,L,2018-04-06T17:29:00,2018-04-06T17:29:00,394,339
http://irail.be/vehicle/L5767,http://irail.be/stations/NMBS/008863362,L,2018-04-06T17:32:00,2018-04-06T17:32:00,394,394
http://irail.be/vehicle/L5767,http://irail.be/stations/NMBS/008864964,L,2018-04-06T17:36:00,2018-04-06T17:36:00,394,394
http://irail.be/vehicle/L5767,http://irail.be/stations/NMBS/008864956,L,2018-04-06T17:39:00,2018-04-06T17:39:00,394,394
http://irail.be/vehicle/L5767,NO-URI,L,2018-04-06T17:41:00,2018-04-06T17:41:00,394,394
http://irail.be/vehicle/L5767,http://irail.be/stations/NMBS/008864949,L,2018-04-06T17:43:00,2018-04-06T17:43:00,730,730
http://irail.be/vehicle/L5767,http://irail.be/stations/NMBS/008864931,L,2018-04-06T17:47:00,2018-04-06T17:46:00,688,688
http://irail.be/vehicle/L5767,http://irail.be/stations/NMBS/008864923,L,2018-04-06T17:49:00,2018-04-06T17:49:00,688,688
http://irail.be/vehicle/L5767,http://irail.be/stations/NMBS/008864915,L,2018-04-06T17:51:00,2018-04-06T17:51:00,688,688
http://irail.be/vehicle/L5767,http://irail.be/stations/NMBS/008864501,L,2018-04-06T17:56:00,2018-04-06T17:56:00,,697
http://irail.be/vehicle/L5767,http://irail.be/stations/NMBS/008863008,L,2018-02-16T17:26:00,2018-02-16T17:26:00,30,
http://irail.be/vehicle/L5767,NO-URI,L,2018-02-16T17:27:00,2018-02-16T17:27:00,30,30
http://irail.be/vehicle/L5767,http://irail.be/stations/NMBS/008863354,L,2018-02-16T17:29:00,2018-02-16T17:29:00,80,30
http://irail.be/vehicle/L5767,http://irail.be/stations/NMBS/008863362,L,2018-02-16T17:32:00,2018-02-16T17:32:00,80,80
http://irail.be/vehicle/L5767,http://irail.be/stations/NMBS/008864964,L,2018-02-16T17:36:00,2018-02-16T17:36:00,80,80
http://irail.be/vehicle/L5767,http://irail.be/stations/NMBS/008864956,L,2018-02-16T17:39:00,2018-02-16T17:39:00,80,80
http://irail.be/vehicle/L5767,NO-URI,L,2018-02-16T17:41:00,2018-02-16T17:41:00,80,80
http://irail.be/vehicle/L5767,http://irail.be/stations/NMBS/008864949,L,2018-02-16T17:43:00,2018-02-16T17:43:00,70,70
http://irail.be/vehicle/L5767,http://irail.be/stations/NMBS/008864931,L,2018-02-16T17:47:00,2018-02-16T17:46:00,-13,-13
http://irail.be/vehicle/L5767,http://irail.be/stations/NMBS/008864923,L,2018-02-16T17:49:00,2018-02-16T17:49:00,-13,-13
http://irail.be/vehicle/L5767,http://irail.be/stations/NMBS/008864915,L,2018-02-16T17:51:00,2018-02-16T17:51:00,-13,-13
http://irail.be/vehicle/L5767,http://irail.be/stations/NMBS/008864501,L,2018-02-16T17:56:00,2018-02-16T17:56:00,,2
http://irail.be/vehicle/L5767,http://irail.be/stations/NMBS/008863008,L,2018-01-16T17:26:00,2018-01-16T17:26:00,31,
http://irail.be/vehicle/L5767,NO-URI,L,2018-01-16T17:27:00,2018-01-16T17:27:00,31,31
http://irail.be/vehicle/L5767,http://irail.be/stations/NMBS/008863354,L,2018-01-16T17:29:00,2018-01-16T17:29:00,45,31
http://irail.be/vehicle/L5767,http://irail.be/stations/NMBS/008863362,L,2018-01-16T17:32:00,2018-01-16T17:32:00,45,45
http://irail.be/vehicle/L5767,http://irail.be/stations/NMBS/008864964,L,2018-01-16T17:36:00,2018-01-16T17:36:00,45,45
http://irail.be/vehicle/L5767,http://irail.be/stations/NMBS/008864956,L,2018-01-16T17:39:00,2018-01-16T17:39:00,45,45
http://irail.be/vehicle/L5767,NO-URI,L,2018-01-16T17:41:00,2018-01-16T17:41:00,45,45
http://irail.be/vehicle/L5767,http://irail.be/stations/NMBS/008864949,L,2018-01-16T17:43:00,2018-01-16T17:43:00,33,33
http://irail.be/vehicle/L5767,http://irail.be/stations/NMBS/008864931,L,2018-01-16T17:47:00,2018-01-16T17:46:00,-33,-33
http://irail.be/vehicle/L5767,http://irail.be/stations/NMBS/008864923,L,2018-01-16T17:49:00,2018-01-16T17:49:00,-33,-33
http://irail.be/vehicle/L5767,http://irail.be/stations/NMBS/008864915,L,2018-01-16T17:51:00,2018-01-16T17:51:00,-33,-33
http://irail.be/vehicle/L5767,http://irail.be/stations/NMBS/008864501,L,2018-01-16T17:56:00,2018-01-16T17:56:00,,-21
http://irail.be/vehicle/L5767,http://irail.be/stations/NMBS/008863008,L,2018-08-07T17:26:00,2018-08-07T17:26:00,-3,
http://irail.be/vehicle/L5767,NO-URI,L,2018-08-07T17:27:00,2018-08-07T17:27:00,-3,-3
http://irail.be/vehicle/L5767,http://irail.be/stations/NMBS/008863354,L,2018-08-07T17:29:00,2018-08-07T17:29:00,104,-3
http://irail.be/vehicle/L5767,http://irail.be/stations/NMBS/008863362,L,2018-08-07T17:32:00,2018-08-07T17:32:00,104,104
http://irail.be/vehicle/L5767,http://irail.be/stations/NMBS/008864964,L,2018-08-07T17:36:00,2018-08-07T17:36:00,104,104
http://irail.be/vehicle/L5767,http://irail.be/stations/NMBS/008864956,L,2018-08-07T17:39:00,2018-08-07T17:39:00,104,104
http://irail.be/vehicle/L5767,NO-URI,L,2018-08-07T17:41:00,2018-08-07T17:41:00,104,104
http://irail.be/vehicle/L5767,http://irail.be/stations/NMBS/008864949,L,2018-08-07T17:43:00,2018-08-07T17:43:00,92,92
http://irail.be/vehicle/L5767,http://irail.be/stations/NMBS/008864931,L,2018-08-07T17:47:00,2018-08-07T17:46:00,5,5
http://irail.be/vehicle/L5767,http://irail.be/stations/NMBS/008864923,L,2018-08-07T17:49:00,2018-08-07T17:49:00,5,5
http://irail.be/vehicle/L5767,http://irail.be/stations/NMBS/008864915,L,2018-08-07T17:51:00,2018-08-07T17:51:00,5,5
http://irail.be/vehicle/L5767,http://irail.be/stations/NMBS/008864501,L,2018-08-07T17:56:00,2018-08-07T17:56:00,,9
http://irail.be/vehicle/L5767,http://irail.be/stations/NMBS/008863008,L,2018-11-12T17:26:00,2018-11-12T17:26:00,47,
http://irail.be/vehicle/L5767,NO-URI,L,2018-11-12T17:27:00,2018-11-12T17:27:00,47,47
http://irail.be/vehicle/L5767,http://irail.be/stations/NMBS/008863354,L,2018-11-12T17:29:00,2018-11-12T17:29:00,139,70
http://irail.be/vehicle/L5767,http://irail.be/stations/NMBS/008863362,L,2018-11-12T17:32:00,2018-11-12T17:32:00,139,139
http://irail.be/vehicle/L5767,http://irail.be/stations/NMBS/008864964,L,2018-11-12T17:36:00,2018-11-12T17:36:00,139,139
http://irail.be/vehicle/L5767,http://irail.be/stations/NMBS/008864956,L,2018-11-12T17:39:00,2018-11-12T17:39:00,139,139
http://irail.be/vehicle/L5767,NO-URI,L,2018-11-12T17:41:00,2018-11-12T17:41:00,139,139
http://irail.be/vehicle/L5767,http://irail.be/stations/NMBS/008864949,L,2018-11-12T17:43:00,2018-11-12T17:43:00,130,130
http://irail.be/vehicle/L5767,http://irail.be/stations/NMBS/008864931,L,2018-11-12T17:47:00,2018-11-12T17:46:00,105,105
http://irail.be/vehicle/L5767,http://irail.be/stations/NMBS/008864923,L,2018-11-12T17:49:00,2018-11-12T17:49:00,105,105
http://irail.be/vehicle/L5767,http://irail.be/stations/NMBS/008864915,L,2018-11-12T17:51:00,2018-11-12T17:51:00,105,105
http://irail.be/vehicle/L5767,http://irail.be/stations/NMBS/008864501,L,2018-11-12T17:56:00,2018-11-12T17:56:00,,166
http://irail.be/vehicle/L5767,http://irail.be/stations/NMBS/008863008,L,2018-04-20T17:26:00,2018-04-20T17:26:00,763,
http://irail.be/vehicle/L5767,NO-URI,L,2018-04-20T17:27:00,2018-04-20T17:27:00,763,763
http://irail.be/vehicle/L5767,http://irail.be/stations/NMBS/008863354,L,2018-04-20T17:29:00,2018-04-20T17:29:00,799,763
http://irail.be/vehicle/L5767,http://irail.be/stations/NMBS/008863362,L,2018-04-20T17:32:00,2018-04-20T17:32:00,799,799
http://irail.be/vehicle/L5767,http://irail.be/stations/NMBS/008864964,L,2018-04-20T17:36:00,2018-04-20T17:36:00,799,799
http://irail.be/vehicle/L5767,http://irail.be/stations/NMBS/008864956,L,2018-04-20T17:39:00,2018-04-20T17:39:00,799,799
http://irail.be/vehicle/L5767,NO-URI,L,2018-04-20T17:41:00,2018-04-20T17:41:00,799,799
http://irail.be/vehicle/L5767,http://irail.be/stations/NMBS/008864949,L,2018-04-20T17:43:00,2018-04-20T17:43:00,785,785
http://irail.be/vehicle/L5767,http://irail.be/stations/NMBS/008864931,L,2018-04-20T17:47:00,2018-04-20T17:46:00,678,678
http://irail.be/vehicle/L5767,http://irail.be/stations/NMBS/008864923,L,2018-04-20T17:49:00,2018-04-20T17:49:00,678,678
http://irail.be/vehicle/L5767,http://irail.be/stations/NMBS/008864915,L,2018-04-20T17:51:00,2018-04-20T17:51:00,678,678
http://irail.be/vehicle/L5767,http://irail.be/stations/NMBS/008864501,L,2018-04-20T17:56:00,2018-04-20T17:56:00,,675
http://irail.be/vehicle/L5767,http://irail.be/stations/NMBS/008863008,L,2018-05-18T17:26:00,2018-05-18T17:26:00,30,
http://irail.be/vehicle/L5767,NO-URI,L,2018-05-18T17:27:00,2018-05-18T17:27:00,30,30
http://irail.be/vehicle/L5767,http://irail.be/stations/NMBS/008863354,L,2018-05-18T17:29:00,2018-05-18T17:29:00,44,44
http://irail.be/vehicle/L5767,http://irail.be/stations/NMBS/008863362,L,2018-05-18T17:32:00,2018-05-18T17:32:00,37,37
http://irail.be/vehicle/L5767,http://irail.be/stations/NMBS/008864964,L,2018-05-18T17:36:00,2018-05-18T17:36:00,37,37
http://irail.be/vehicle/L5767,http://irail.be/stations/NMBS/008864956,L,2018-05-18T17:39:00,2018-05-18T17:39:00,37,37
http://irail.be/vehicle/L5767,NO-URI,L,2018-05-18T17:41:00,2018-05-18T17:41:00,37,37
http://irail.be/vehicle/L5767,http://irail.be/stations/NMBS/008864949,L,2018-05-18T17:43:00,2018-05-18T17:43:00,27,27
http://irail.be/vehicle/L5767,http://irail.be/stations/NMBS/008864931,L,2018-05-18T17:47:00,2018-05-18T17:46:00,-51,-51
http://irail.be/vehicle/L5767,http://irail.be/stations/NMBS/008864923,L,2018-05-18T17:49:00,2018-05-18T17:49:00,-51,-51
http://irail.be/vehicle/L5767,http://irail.be/stations/NMBS/008864915,L,2018-05-18T17:51:00,2018-05-18T17:51:00,-51,-51
http://irail.be/vehicle/L5767,http://irail.be/stations/NMBS/008864501,L,2018-05-18T17:56:00,2018-05-18T17:56:00,,-34
http://irail.be/vehicle/L5767,http://irail.be/stations/NMBS/008863008,L,2018-05-03T17:26:00,2018-05-03T17:26:00,23,
http://irail.be/vehicle/L5767,NO-URI,L,2018-05-03T17:27:00,2018-05-03T17:27:00,23,23
http://irail.be/vehicle/L5767,http://irail.be/stations/NMBS/008863354,L,2018-05-03T17:29:00,2018-05-03T17:29:00,35,35
http://irail.be/vehicle/L5767,http://irail.be/stations/NMBS/008863362,L,2018-05-03T17:32:00,2018-05-03T17:32:00,-11,-11
http://irail.be/vehicle/L5767,http://irail.be/stations/NMBS/008864964,L,2018-05-03T17:36:00,2018-05-03T17:36:00,-11,-11
http://irail.be/vehicle/L5767,http://irail.be/stations/NMBS/008864956,L,2018-05-03T17:39:00,2018-05-03T17:39:00,-11,-11
http://irail.be/vehicle/L5767,NO-URI,L,2018-05-03T17:41:00,2018-05-03T17:41:00,-11,-11
http://irail.be/vehicle/L5767,http://irail.be/stations/NMBS/008864949,L,2018-05-03T17:43:00,2018-05-03T17:43:00,-4,-25
http://irail.be/vehicle/L5767,http://irail.be/stations/NMBS/008864931,L,2018-05-03T17:47:00,2018-05-03T17:46:00,-4,-4
http://irail.be/vehicle/L5767,http://irail.be/stations/NMBS/008864923,L,2018-05-03T17:49:00,2018-05-03T17:49:00,-4,-4
http://irail.be/vehicle/L5767,http://irail.be/stations/NMBS/008864915,L,2018-05-03T17:51:00,2018-05-03T17:51:00,-4,-4
http://irail.be/vehicle/L5767,http://irail.be/stations/NMBS/008864501,L,2018-05-03T17:56:00,2018-05-03T17:56:00,,26
http://irail.be/vehicle/L5767,http://irail.be/stations/NMBS/008863008,L,2018-04-18T17:26:00,2018-04-18T17:26:00,249,
http://irail.be/vehicle/L5767,NO-URI,L,2018-04-18T17:27:00,2018-04-18T17:27:00,249,249
http://irail.be/vehicle/L5767,http://irail.be/stations/NMBS/008863354,L,2018-04-18T17:29:00,2018-04-18T17:29:00,266,266
http://irail.be/vehicle/L5767,http://irail.be/stations/NMBS/008863362,L,2018-04-18T17:32:00,2018-04-18T17:32:00,215,215
http://irail.be/vehicle/L5767,http://irail.be/stations/NMBS/008864964,L,2018-04-18T17:36:00,2018-04-18T17:36:00,215,215
http://irail.be/vehicle/L5767,http://irail.be/stations/NMBS/008864956,L,2018-04-18T17:39:00,2018-04-18T17:39:00,215,215
http://irail.be/vehicle/L5767,NO-URI,L,2018-04-18T17:41:00,2018-04-18T17:41:00,215,215
http://irail.be/vehicle/L5767,http://irail.be/stations/NMBS/008864949,L,2018-04-18T17:43:00,2018-04-18T17:43:00,203,203
http://irail.be/vehicle/L5767,http://irail.be/stations/NMBS/008864931,L,2018-04-18T17:47:00,2018-04-18T17:46:00,92,92
http://irail.be/vehicle/L5767,http://irail.be/stations/NMBS/008864923,L,2018-04-18T17:49:00,2018-04-18T17:49:00,92,92
http://irail.be/vehicle/L5767,http://irail.be/stations/NMBS/008864915,L,2018-04-18T17:51:00,2018-04-18T17:51:00,92,92
http://irail.be/vehicle/L5767,http://irail.be/stations/NMBS/008864501,L,2018-04-18T17:56:00,2018-04-18T17:56:00,,151
http://irail.be/vehicle/L5767,http://irail.be/stations/NMBS/008863008,L,2018-02-15T17:26:00,2018-02-15T17:26:00,184,
http://irail.be/vehicle/L5767,NO-URI,L,2018-02-15T17:27:00,2018-02-15T17:27:00,184,184
http://irail.be/vehicle/L5767,http://irail.be/stations/NMBS/008863354,L,2018-02-15T17:29:00,2018-02-15T17:29:00,194,194
http://irail.be/vehicle/L5767,http://irail.be/stations/NMBS/008863362,L,2018-02-15T17:32:00,2018-02-15T17:32:00,104,104
http://irail.be/vehicle/L5767,http://irail.be/stations/NMBS/008864964,L,2018-02-15T17:36:00,2018-02-15T17:36:00,104,104
http://irail.be/vehicle/L5767,http://irail.be/stations/NMBS/008864956,L,2018-02-15T17:39:00,2018-02-15T17:39:00,104,104
http://irail.be/vehicle/L5767,NO-URI,L,2018-02-15T17:41:00,2018-02-15T17:41:00,104,104
http://irail.be/vehicle/L5767,http://irail.be/stations/NMBS/008864949,L,2018-02-15T17:43:00,2018-02-15T17:43:00,92,92
http://irail.be/vehicle/L5767,http://irail.be/stations/NMBS/008864931,L,2018-02-15T17:47:00,2018-02-15T17:46:00,-14,-14
http://irail.be/vehicle/L5767,http://irail.be/stations/NMBS/008864923,L,2018-02-15T17:49:00,2018-02-15T17:49:00,-14,-14
http://irail.be/vehicle/L5767,http://irail.be/stations/NMBS/008864915,L,2018-02-15T17:51:00,2018-02-15T17:51:00,-14,-14
http://irail.be/vehicle/L5767,http://irail.be/stations/NMBS/008864501,L,2018-02-15T17:56:00,2018-02-15T17:56:00,,-3
http://irail.be/vehicle/L5767,http://irail.be/stations/NMBS/008863008,L,2018-12-24T17:26:00,2018-12-24T17:26:00,-4,
http://irail.be/vehicle/L5767,NO-URI,L,2018-12-24T17:27:00,2018-12-24T17:27:00,-4,-4
http://irail.be/vehicle/L5767,http://irail.be/stations/NMBS/008863354,L,2018-12-24T17:29:00,2018-12-24T17:29:00,31,-4
http://irail.be/vehicle/L5767,http://irail.be/stations/NMBS/008863362,L,2018-12-24T17:32:00,2018-12-24T17:32:00,31,31
http://irail.be/vehicle/L5767,http://irail.be/stations/NMBS/008864964,L,2018-12-24T17:36:00,2018-12-24T17:36:00,31,31
http://irail.be/vehicle/L5767,http://irail.be/stations/NMBS/008864956,L,2018-12-24T17:39:00,2018-12-24T17:39:00,31,31
http://irail.be/vehicle/L5767,NO-URI,L,2018-12-24T17:41:00,2018-12-24T17:41:00,31,31
http://irail.be/vehicle/L5767,http://irail.be/stations/NMBS/008864949,L,2018-12-24T17:43:00,2018-12-24T17:43:00,27,27
http://irail.be/vehicle/L5767,http://irail.be/stations/NMBS/008864931,L,2018-12-24T17:47:00,2018-12-24T17:46:00,14,14
http://irail.be/vehicle/L5767,http://irail.be/stations/NMBS/008864923,L,2018-12-24T17:49:00,2018-12-24T17:49:00,14,14
http://irail.be/vehicle/L5767,http://irail.be/stations/NMBS/008864915,L,2018-12-24T17:51:00,2018-12-24T17:51:00,14,14
http://irail.be/vehicle/L5767,http://irail.be/stations/NMBS/008864501,L,2018-12-24T17:56:00,2018-12-24T17:56:00,,51
http://irail.be/vehicle/L5767,http://irail.be/stations/NMBS/008863008,L,2018-01-02T17:26:00,2018-01-02T17:26:00,406,
http://irail.be/vehicle/L5767,NO-URI,L,2018-01-02T17:27:00,2018-01-02T17:27:00,421,421
http://irail.be/vehicle/L5767,http://irail.be/stations/NMBS/008863354,L,2018-01-02T17:29:00,2018-01-02T17:29:00,421,421
http://irail.be/vehicle/L5767,http://irail.be/stations/NMBS/008863362,L,2018-01-02T17:32:00,2018-01-02T17:32:00,406,406
http://irail.be/vehicle/L5767,http://irail.be/stations/NMBS/008864964,L,2018-01-02T17:36:00,2018-01-02T17:36:00,406,406
http://irail.be/vehicle/L5767,http://irail.be/stations/NMBS/008864956,L,2018-01-02T17:39:00,2018-01-02T17:39:00,406,406
http://irail.be/vehicle/L5767,NO-URI,L,2018-01-02T17:41:00,2018-01-02T17:41:00,406,406
http://irail.be/vehicle/L5767,http://irail.be/stations/NMBS/008864949,L,2018-01-02T17:43:00,2018-01-02T17:43:00,392,392
http://irail.be/vehicle/L5767,http://irail.be/stations/NMBS/008864931,L,2018-01-02T17:47:00,2018-01-02T17:46:00,271,271
http://irail.be/vehicle/L5767,http://irail.be/stations/NMBS/008864923,L,2018-01-02T17:49:00,2018-01-02T17:49:00,271,271
http://irail.be/vehicle/L5767,http://irail.be/stations/NMBS/008864915,L,2018-01-02T17:51:00,2018-01-02T17:51:00,271,271
http://irail.be/vehicle/L5767,http://irail.be/stations/NMBS/008864501,L,2018-01-02T17:56:00,2018-01-02T17:56:00,,269
http://irail.be/vehicle/L5767,http://irail.be/stations/NMBS/008863008,L,2018-07-09T17:26:00,2018-07-09T17:26:00,343,
http://irail.be/vehicle/L5767,NO-URI,L,2018-07-09T17:27:00,2018-07-09T17:27:00,343,343
http://irail.be/vehicle/L5767,http://irail.be/stations/NMBS/008863354,L,2018-07-09T17:29:00,2018-07-09T17:29:00,361,343
http://irail.be/vehicle/L5767,http://irail.be/stations/NMBS/008863362,L,2018-07-09T17:32:00,2018-07-09T17:32:00,361,361
http://irail.be/vehicle/L5767,http://irail.be/stations/NMBS/008864964,L,2018-07-09T17:36:00,2018-07-09T17:36:00,361,361
http://irail.be/vehicle/L5767,http://irail.be/stations/NMBS/008864956,L,2018-07-09T17:39:00,2018-07-09T17:39:00,361,361
http://irail.be/vehicle/L5767,NO-URI,L,2018-07-09T17:41:00,2018-07-09T17:41:00,361,361
http://irail.be/vehicle/L5767,http://irail.be/stations/NMBS/008864949,L,2018-07-09T17:43:00,2018-07-09T17:43:00,348,348
http://irail.be/vehicle/L5767,http://irail.be/stations/NMBS/008864931,L,2018-07-09T17:47:00,2018-07-09T17:46:00,256,256
http://irail.be/vehicle/L5767,http://irail.be/stations/NMBS/008864923,L,2018-07-09T17:49:00,2018-07-09T17:49:00,256,256
http://irail.be/vehicle/L5767,http://irail.be/stations/NMBS/008864915,L,2018-07-09T17:51:00,2018-07-09T17:51:00,256,256
http://irail.be/vehicle/L5767,http://irail.be/stations/NMBS/008864501,L,2018-07-09T17:56:00,2018-07-09T17:56:00,,267
http://irail.be/vehicle/L5767,http://irail.be/stations/NMBS/008863008,L,2018-08-31T17:26:00,2018-08-31T17:26:00,32,
http://irail.be/vehicle/L5767,NO-URI,L,2018-08-31T17:27:00,2018-08-31T17:27:00,32,32
http://irail.be/vehicle/L5767,http://irail.be/stations/NMBS/008863354,L,2018-08-31T17:29:00,2018-08-31T17:29:00,101,50
http://irail.be/vehicle/L5767,http://irail.be/stations/NMBS/008863362,L,2018-08-31T17:32:00,2018-08-31T17:32:00,101,101
http://irail.be/vehicle/L5767,http://irail.be/stations/NMBS/008864964,L,2018-08-31T17:36:00,2018-08-31T17:36:00,101,101
http://irail.be/vehicle/L5767,http://irail.be/stations/NMBS/008864956,L,2018-08-31T17:39:00,2018-08-31T17:39:00,101,101
http://irail.be/vehicle/L5767,NO-URI,L,2018-08-31T17:41:00,2018-08-31T17:41:00,101,101
http://irail.be/vehicle/L5767,http://irail.be/stations/NMBS/008864949,L,2018-08-31T17:43:00,2018-08-31T17:43:00,90,90
http://irail.be/vehicle/L5767,http://irail.be/stations/NMBS/008864931,L,2018-08-31T17:47:00,2018-08-31T17:46:00,75,75
http://irail.be/vehicle/L5767,http://irail.be/stations/NMBS/008864923,L,2018-08-31T17:49:00,2018-08-31T17:49:00,75,75
http://irail.be/vehicle/L5767,http://irail.be/stations/NMBS/008864915,L,2018-08-31T17:51:00,2018-08-31T17:51:00,75,75
http://irail.be/vehicle/L5767,http://irail.be/stations/NMBS/008864501,L,2018-08-31T17:56:00,2018-08-31T17:56:00,,77
http://irail.be/vehicle/L5767,http://irail.be/stations/NMBS/008863008,L,2018-02-13T17:26:00,2018-02-13T17:26:00,400,
http://irail.be/vehicle/L5767,NO-URI,L,2018-02-13T17:27:00,2018-02-13T17:27:00,400,400
http://irail.be/vehicle/L5767,http://irail.be/stations/NMBS/008863354,L,2018-02-13T17:29:00,2018-02-13T17:29:00,408,408
http://irail.be/vehicle/L5767,http://irail.be/stations/NMBS/008863362,L,2018-02-13T17:32:00,2018-02-13T17:32:00,335,335
http://irail.be/vehicle/L5767,http://irail.be/stations/NMBS/008864964,L,2018-02-13T17:36:00,2018-02-13T17:36:00,335,335
http://irail.be/vehicle/L5767,http://irail.be/stations/NMBS/008864956,L,2018-02-13T17:39:00,2018-02-13T17:39:00,335,335
http://irail.be/vehicle/L5767,NO-URI,L,2018-02-13T17:41:00,2018-02-13T17:41:00,335,335
http://irail.be/vehicle/L5767,http://irail.be/stations/NMBS/008864949,L,2018-02-13T17:43:00,2018-02-13T17:43:00,324,324
http://irail.be/vehicle/L5767,http://irail.be/stations/NMBS/008864931,L,2018-02-13T17:47:00,2018-02-13T17:46:00,211,211
http://irail.be/vehicle/L5767,http://irail.be/stations/NMBS/008864923,L,2018-02-13T17:49:00,2018-02-13T17:49:00,211,211
http://irail.be/vehicle/L5767,http://irail.be/stations/NMBS/008864915,L,2018-02-13T17:51:00,2018-02-13T17:51:00,211,211
http://irail.be/vehicle/L5767,http://irail.be/stations/NMBS/008864501,L,2018-02-13T17:56:00,2018-02-13T17:56:00,,209
http://irail.be/vehicle/L5767,http://irail.be/stations/NMBS/008863008,L,2018-03-27T17:26:00,2018-03-27T17:26:00,1431,
http://irail.be/vehicle/L5767,NO-URI,L,2018-03-27T17:27:00,2018-03-27T17:27:00,1431,1431
http://irail.be/vehicle/L5767,http://irail.be/stations/NMBS/008863354,L,2018-03-27T17:29:00,2018-03-27T17:29:00,1454,1440
http://irail.be/vehicle/L5767,http://irail.be/stations/NMBS/008863362,L,2018-03-27T17:32:00,2018-03-27T17:32:00,1454,1454
http://irail.be/vehicle/L5767,http://irail.be/stations/NMBS/008864964,L,2018-03-27T17:36:00,2018-03-27T17:36:00,1454,1454
http://irail.be/vehicle/L5767,http://irail.be/stations/NMBS/008864956,L,2018-03-27T17:39:00,2018-03-27T17:39:00,1454,1454
http://irail.be/vehicle/L5767,NO-URI,L,2018-03-27T17:41:00,2018-03-27T17:41:00,1454,1454
http://irail.be/vehicle/L5767,http://irail.be/stations/NMBS/008864949,L,2018-03-27T17:43:00,2018-03-27T17:43:00,1788,1788
http://irail.be/vehicle/L5767,http://irail.be/stations/NMBS/008864931,L,2018-03-27T17:47:00,2018-03-27T17:46:00,1729,1729
http://irail.be/vehicle/L5767,http://irail.be/stations/NMBS/008864923,L,2018-03-27T17:49:00,2018-03-27T17:49:00,1729,1729
http://irail.be/vehicle/L5767,http://irail.be/stations/NMBS/008864915,L,2018-03-27T17:51:00,2018-03-27T17:51:00,1729,1729
http://irail.be/vehicle/L5767,http://irail.be/stations/NMBS/008864501,L,2018-03-27T17:56:00,2018-03-27T17:56:00,,1717
http://irail.be/vehicle/L5767,http://irail.be/stations/NMBS/008863008,L,2018-08-02T17:26:00,2018-08-02T17:26:00,227,
http://irail.be/vehicle/L5767,NO-URI,L,2018-08-02T17:27:00,2018-08-02T17:27:00,227,227
http://irail.be/vehicle/L5767,http://irail.be/stations/NMBS/008863354,L,2018-08-02T17:29:00,2018-08-02T17:29:00,243,243
http://irail.be/vehicle/L5767,http://irail.be/stations/NMBS/008863362,L,2018-08-02T17:32:00,2018-08-02T17:32:00,179,179
http://irail.be/vehicle/L5767,http://irail.be/stations/NMBS/008864964,L,2018-08-02T17:36:00,2018-08-02T17:36:00,179,179
http://irail.be/vehicle/L5767,http://irail.be/stations/NMBS/008864956,L,2018-08-02T17:39:00,2018-08-02T17:39:00,179,179
http://irail.be/vehicle/L5767,NO-URI,L,2018-08-02T17:41:00,2018-08-02T17:41:00,179,179
http://irail.be/vehicle/L5767,http://irail.be/stations/NMBS/008864949,L,2018-08-02T17:43:00,2018-08-02T17:43:00,163,163
http://irail.be/vehicle/L5767,http://irail.be/stations/NMBS/008864931,L,2018-08-02T17:47:00,2018-08-02T17:46:00,60,60
http://irail.be/vehicle/L5767,http://irail.be/stations/NMBS/008864923,L,2018-08-02T17:49:00,2018-08-02T17:49:00,60,60
http://irail.be/vehicle/L5767,http://irail.be/stations/NMBS/008864915,L,2018-08-02T17:51:00,2018-08-02T17:51:00,60,60
http://irail.be/vehicle/L5767,http://irail.be/stations/NMBS/008864501,L,2018-08-02T17:56:00,2018-08-02T17:56:00,,55
http://irail.be/vehicle/L5767,http://irail.be/stations/NMBS/008863008,L,2018-05-02T17:26:00,2018-05-02T17:26:00,643,
http://irail.be/vehicle/L5767,NO-URI,L,2018-05-02T17:27:00,2018-05-02T17:27:00,643,643
http://irail.be/vehicle/L5767,http://irail.be/stations/NMBS/008863354,L,2018-05-02T17:29:00,2018-05-02T17:29:00,653,653
http://irail.be/vehicle/L5767,http://irail.be/stations/NMBS/008863362,L,2018-05-02T17:32:00,2018-05-02T17:32:00,565,565
http://irail.be/vehicle/L5767,http://irail.be/stations/NMBS/008864964,L,2018-05-02T17:36:00,2018-05-02T17:36:00,565,565
http://irail.be/vehicle/L5767,http://irail.be/stations/NMBS/008864956,L,2018-05-02T17:39:00,2018-05-02T17:39:00,565,565
http://irail.be/vehicle/L5767,NO-URI,L,2018-05-02T17:41:00,2018-05-02T17:41:00,565,565
http://irail.be/vehicle/L5767,http://irail.be/stations/NMBS/008864949,L,2018-05-02T17:43:00,2018-05-02T17:43:00,875,875
http://irail.be/vehicle/L5767,http://irail.be/stations/NMBS/008864931,L,2018-05-02T17:47:00,2018-05-02T17:46:00,757,757
http://irail.be/vehicle/L5767,http://irail.be/stations/NMBS/008864923,L,2018-05-02T17:49:00,2018-05-02T17:49:00,757,757
http://irail.be/vehicle/L5767,http://irail.be/stations/NMBS/008864915,L,2018-05-02T17:51:00,2018-05-02T17:51:00,757,757
http://irail.be/vehicle/L5767,http://irail.be/stations/NMBS/008864501,L,2018-05-02T17:56:00,2018-05-02T17:56:00,,757
http://irail.be/vehicle/L5767,http://irail.be/stations/NMBS/008863008,L,2018-07-10T17:26:00,2018-07-10T17:26:00,29,
http://irail.be/vehicle/L5767,NO-URI,L,2018-07-10T17:27:00,2018-07-10T17:27:00,29,29
http://irail.be/vehicle/L5767,http://irail.be/stations/NMBS/008863354,L,2018-07-10T17:29:00,2018-07-10T17:29:00,39,29
http://irail.be/vehicle/L5767,http://irail.be/stations/NMBS/008863362,L,2018-07-10T17:32:00,2018-07-10T17:32:00,39,39
http://irail.be/vehicle/L5767,http://irail.be/stations/NMBS/008864964,L,2018-07-10T17:36:00,2018-07-10T17:36:00,39,39
http://irail.be/vehicle/L5767,http://irail.be/stations/NMBS/008864956,L,2018-07-10T17:39:00,2018-07-10T17:39:00,39,39
http://irail.be/vehicle/L5767,NO-URI,L,2018-07-10T17:41:00,2018-07-10T17:41:00,39,39
http://irail.be/vehicle/L5767,http://irail.be/stations/NMBS/008864949,L,2018-07-10T17:43:00,2018-07-10T17:43:00,28,26
http://irail.be/vehicle/L5767,http://irail.be/stations/NMBS/008864931,L,2018-07-10T17:47:00,2018-07-10T17:46:00,28,28
http://irail.be/vehicle/L5767,http://irail.be/stations/NMBS/008864923,L,2018-07-10T17:49:00,2018-07-10T17:49:00,28,28
http://irail.be/vehicle/L5767,http://irail.be/stations/NMBS/008864915,L,2018-07-10T17:51:00,2018-07-10T17:51:00,28,28
http://irail.be/vehicle/L5767,http://irail.be/stations/NMBS/008864501,L,2018-07-10T17:56:00,2018-07-10T17:56:00,,41
http://irail.be/vehicle/L5767,http://irail.be/stations/NMBS/008863008,L,2018-04-10T17:26:00,2018-04-10T17:26:00,361,
http://irail.be/vehicle/L5767,NO-URI,L,2018-04-10T17:27:00,2018-04-10T17:27:00,361,361
http://irail.be/vehicle/L5767,http://irail.be/stations/NMBS/008863354,L,2018-04-10T17:29:00,2018-04-10T17:29:00,432,373
http://irail.be/vehicle/L5767,http://irail.be/stations/NMBS/008863362,L,2018-04-10T17:32:00,2018-04-10T17:32:00,432,432
http://irail.be/vehicle/L5767,http://irail.be/stations/NMBS/008864964,L,2018-04-10T17:36:00,2018-04-10T17:36:00,432,432
http://irail.be/vehicle/L5767,http://irail.be/stations/NMBS/008864956,L,2018-04-10T17:39:00,2018-04-10T17:39:00,432,432
http://irail.be/vehicle/L5767,NO-URI,L,2018-04-10T17:41:00,2018-04-10T17:41:00,432,432
http://irail.be/vehicle/L5767,http://irail.be/stations/NMBS/008864949,L,2018-04-10T17:43:00,2018-04-10T17:43:00,431,431
http://irail.be/vehicle/L5767,http://irail.be/stations/NMBS/008864931,L,2018-04-10T17:47:00,2018-04-10T17:46:00,414,414
http://irail.be/vehicle/L5767,http://irail.be/stations/NMBS/008864923,L,2018-04-10T17:49:00,2018-04-10T17:49:00,414,414
http://irail.be/vehicle/L5767,http://irail.be/stations/NMBS/008864915,L,2018-04-10T17:51:00,2018-04-10T17:51:00,414,414
http://irail.be/vehicle/L5767,http://irail.be/stations/NMBS/008864501,L,2018-04-10T17:56:00,2018-04-10T17:56:00,,437
http://irail.be/vehicle/L5767,http://irail.be/stations/NMBS/008863008,L,2018-10-17T17:26:00,2018-10-17T17:26:00,110,
http://irail.be/vehicle/L5767,NO-URI,L,2018-10-17T17:27:00,2018-10-17T17:27:00,110,110
http://irail.be/vehicle/L5767,http://irail.be/stations/NMBS/008863354,L,2018-10-17T17:29:00,2018-10-17T17:29:00,136,127
http://irail.be/vehicle/L5767,http://irail.be/stations/NMBS/008863362,L,2018-10-17T17:32:00,2018-10-17T17:32:00,136,136
http://irail.be/vehicle/L5767,http://irail.be/stations/NMBS/008864964,L,2018-10-17T17:36:00,2018-10-17T17:36:00,136,136
http://irail.be/vehicle/L5767,http://irail.be/stations/NMBS/008864956,L,2018-10-17T17:39:00,2018-10-17T17:39:00,136,136
http://irail.be/vehicle/L5767,NO-URI,L,2018-10-17T17:41:00,2018-10-17T17:41:00,136,136
http://irail.be/vehicle/L5767,http://irail.be/stations/NMBS/008864949,L,2018-10-17T17:43:00,2018-10-17T17:43:00,123,123
http://irail.be/vehicle/L5767,http://irail.be/stations/NMBS/008864931,L,2018-10-17T17:47:00,2018-10-17T17:46:00,28,28
http://irail.be/vehicle/L5767,http://irail.be/stations/NMBS/008864923,L,2018-10-17T17:49:00,2018-10-17T17:49:00,28,28
http://irail.be/vehicle/L5767,http://irail.be/stations/NMBS/008864915,L,2018-10-17T17:51:00,2018-10-17T17:51:00,28,28
http://irail.be/vehicle/L5767,http://irail.be/stations/NMBS/008864501,L,2018-10-17T17:56:00,2018-10-17T17:56:00,,32
http://irail.be/vehicle/L5767,http://irail.be/stations/NMBS/008863008,L,2018-05-30T17:26:00,2018-05-30T17:26:00,85,
http://irail.be/vehicle/L5767,NO-URI,L,2018-05-30T17:27:00,2018-05-30T17:27:00,85,85
http://irail.be/vehicle/L5767,http://irail.be/stations/NMBS/008863354,L,2018-05-30T17:29:00,2018-05-30T17:29:00,96,96
http://irail.be/vehicle/L5767,http://irail.be/stations/NMBS/008863362,L,2018-05-30T17:32:00,2018-05-30T17:32:00,79,79
http://irail.be/vehicle/L5767,http://irail.be/stations/NMBS/008864964,L,2018-05-30T17:36:00,2018-05-30T17:36:00,79,79
http://irail.be/vehicle/L5767,http://irail.be/stations/NMBS/008864956,L,2018-05-30T17:39:00,2018-05-30T17:39:00,79,79
http://irail.be/vehicle/L5767,NO-URI,L,2018-05-30T17:41:00,2018-05-30T17:41:00,79,79
http://irail.be/vehicle/L5767,http://irail.be/stations/NMBS/008864949,L,2018-05-30T17:43:00,2018-05-30T17:43:00,70,70
http://irail.be/vehicle/L5767,http://irail.be/stations/NMBS/008864931,L,2018-05-30T17:47:00,2018-05-30T17:46:00,-3,-3
http://irail.be/vehicle/L5767,http://irail.be/stations/NMBS/008864923,L,2018-05-30T17:49:00,2018-05-30T17:49:00,-3,-3
http://irail.be/vehicle/L5767,http://irail.be/stations/NMBS/008864915,L,2018-05-30T17:51:00,2018-05-30T17:51:00,-3,-3
http://irail.be/vehicle/L5767,http://irail.be/stations/NMBS/008864501,L,2018-05-30T17:56:00,2018-05-30T17:56:00,,15
http://irail.be/vehicle/L5767,http://irail.be/stations/NMBS/008863008,L,2018-07-03T17:26:00,2018-07-03T17:26:00,136,
http://irail.be/vehicle/L5767,NO-URI,L,2018-07-03T17:27:00,2018-07-03T17:27:00,136,136
http://irail.be/vehicle/L5767,http://irail.be/stations/NMBS/008863354,L,2018-07-03T17:29:00,2018-07-03T17:29:00,187,136
http://irail.be/vehicle/L5767,http://irail.be/stations/NMBS/008863362,L,2018-07-03T17:32:00,2018-07-03T17:32:00,187,187
http://irail.be/vehicle/L5767,http://irail.be/stations/NMBS/008864964,L,2018-07-03T17:36:00,2018-07-03T17:36:00,187,187
http://irail.be/vehicle/L5767,http://irail.be/stations/NMBS/008864956,L,2018-07-03T17:39:00,2018-07-03T17:39:00,187,187
http://irail.be/vehicle/L5767,NO-URI,L,2018-07-03T17:41:00,2018-07-03T17:41:00,187,187
http://irail.be/vehicle/L5767,http://irail.be/stations/NMBS/008864949,L,2018-07-03T17:43:00,2018-07-03T17:43:00,174,174
http://irail.be/vehicle/L5767,http://irail.be/stations/NMBS/008864931,L,2018-07-03T17:47:00,2018-07-03T17:46:00,127,127
http://irail.be/vehicle/L5767,http://irail.be/stations/NMBS/008864923,L,2018-07-03T17:49:00,2018-07-03T17:49:00,127,127
http://irail.be/vehicle/L5767,http://irail.be/stations/NMBS/008864915,L,2018-07-03T17:51:00,2018-07-03T17:51:00,127,127
http://irail.be/vehicle/L5767,http://irail.be/stations/NMBS/008864501,L,2018-07-03T17:56:00,2018-07-03T17:56:00,,153
http://irail.be/vehicle/L5767,http://irail.be/stations/NMBS/008863008,L,2018-06-12T17:26:00,2018-06-12T17:26:00,354,
http://irail.be/vehicle/L5767,NO-URI,L,2018-06-12T17:27:00,2018-06-12T17:27:00,354,354
http://irail.be/vehicle/L5767,http://irail.be/stations/NMBS/008863354,L,2018-06-12T17:29:00,2018-06-12T17:29:00,367,367
http://irail.be/vehicle/L5767,http://irail.be/stations/NMBS/008863362,L,2018-06-12T17:32:00,2018-06-12T17:32:00,343,343
http://irail.be/vehicle/L5767,http://irail.be/stations/NMBS/008864964,L,2018-06-12T17:36:00,2018-06-12T17:36:00,343,343
http://irail.be/vehicle/L5767,http://irail.be/stations/NMBS/008864956,L,2018-06-12T17:39:00,2018-06-12T17:39:00,343,343
http://irail.be/vehicle/L5767,NO-URI,L,2018-06-12T17:41:00,2018-06-12T17:41:00,343,343
http://irail.be/vehicle/L5767,http://irail.be/stations/NMBS/008864949,L,2018-06-12T17:43:00,2018-06-12T17:43:00,335,335
http://irail.be/vehicle/L5767,http://irail.be/stations/NMBS/008864931,L,2018-06-12T17:47:00,2018-06-12T17:46:00,248,248
http://irail.be/vehicle/L5767,http://irail.be/stations/NMBS/008864923,L,2018-06-12T17:49:00,2018-06-12T17:49:00,248,248
http://irail.be/vehicle/L5767,http://irail.be/stations/NMBS/008864915,L,2018-06-12T17:51:00,2018-06-12T17:51:00,248,248
http://irail.be/vehicle/L5767,http://irail.be/stations/NMBS/008864501,L,2018-06-12T17:56:00,2018-06-12T17:56:00,,257
http://irail.be/vehicle/L5767,http://irail.be/stations/NMBS/008863008,L,2018-04-13T17:26:00,2018-04-13T17:26:00,45,
http://irail.be/vehicle/L5767,NO-URI,L,2018-04-13T17:27:00,2018-04-13T17:27:00,45,45
http://irail.be/vehicle/L5767,http://irail.be/stations/NMBS/008863354,L,2018-04-13T17:29:00,2018-04-13T17:29:00,142,65
http://irail.be/vehicle/L5767,http://irail.be/stations/NMBS/008863362,L,2018-04-13T17:32:00,2018-04-13T17:32:00,142,142
http://irail.be/vehicle/L5767,http://irail.be/stations/NMBS/008864964,L,2018-04-13T17:36:00,2018-04-13T17:36:00,142,142
http://irail.be/vehicle/L5767,http://irail.be/stations/NMBS/008864956,L,2018-04-13T17:39:00,2018-04-13T17:39:00,142,142
http://irail.be/vehicle/L5767,NO-URI,L,2018-04-13T17:41:00,2018-04-13T17:41:00,142,142
http://irail.be/vehicle/L5767,http://irail.be/stations/NMBS/008864949,L,2018-04-13T17:43:00,2018-04-13T17:43:00,143,143
http://irail.be/vehicle/L5767,http://irail.be/stations/NMBS/008864931,L,2018-04-13T17:47:00,2018-04-13T17:46:00,139,139
http://irail.be/vehicle/L5767,http://irail.be/stations/NMBS/008864923,L,2018-04-13T17:49:00,2018-04-13T17:49:00,139,139
http://irail.be/vehicle/L5767,http://irail.be/stations/NMBS/008864915,L,2018-04-13T17:51:00,2018-04-13T17:51:00,139,139
http://irail.be/vehicle/L5767,http://irail.be/stations/NMBS/008864501,L,2018-04-13T17:56:00,2018-04-13T17:56:00,,213
http://irail.be/vehicle/L5767,http://irail.be/stations/NMBS/008863008,L,2018-10-01T17:26:00,2018-10-01T17:26:00,109,
http://irail.be/vehicle/L5767,NO-URI,L,2018-10-01T17:27:00,2018-10-01T17:27:00,109,109
http://irail.be/vehicle/L5767,http://irail.be/stations/NMBS/008863354,L,2018-10-01T17:29:00,2018-10-01T17:29:00,137,124
http://irail.be/vehicle/L5767,http://irail.be/stations/NMBS/008863362,L,2018-10-01T17:32:00,2018-10-01T17:32:00,137,137
http://irail.be/vehicle/L5767,http://irail.be/stations/NMBS/008864964,L,2018-10-01T17:36:00,2018-10-01T17:36:00,137,137
http://irail.be/vehicle/L5767,http://irail.be/stations/NMBS/008864956,L,2018-10-01T17:39:00,2018-10-01T17:39:00,137,137
http://irail.be/vehicle/L5767,NO-URI,L,2018-10-01T17:41:00,2018-10-01T17:41:00,137,137
http://irail.be/vehicle/L5767,http://irail.be/stations/NMBS/008864949,L,2018-10-01T17:43:00,2018-10-01T17:43:00,126,126
http://irail.be/vehicle/L5767,http://irail.be/stations/NMBS/008864931,L,2018-10-01T17:47:00,2018-10-01T17:46:00,72,72
http://irail.be/vehicle/L5767,http://irail.be/stations/NMBS/008864923,L,2018-10-01T17:49:00,2018-10-01T17:49:00,72,72
http://irail.be/vehicle/L5767,http://irail.be/stations/NMBS/008864915,L,2018-10-01T17:51:00,2018-10-01T17:51:00,72,72
http://irail.be/vehicle/L5767,http://irail.be/stations/NMBS/008864501,L,2018-10-01T17:56:00,2018-10-01T17:56:00,,86
http://irail.be/vehicle/L5767,http://irail.be/stations/NMBS/008863008,L,2018-08-29T17:26:00,2018-08-29T17:26:00,158,
http://irail.be/vehicle/L5767,NO-URI,L,2018-08-29T17:27:00,2018-08-29T17:27:00,158,158
http://irail.be/vehicle/L5767,http://irail.be/stations/NMBS/008863354,L,2018-08-29T17:29:00,2018-08-29T17:29:00,222,173
http://irail.be/vehicle/L5767,http://irail.be/stations/NMBS/008863362,L,2018-08-29T17:32:00,2018-08-29T17:32:00,222,222
http://irail.be/vehicle/L5767,http://irail.be/stations/NMBS/008864964,L,2018-08-29T17:36:00,2018-08-29T17:36:00,222,222
http://irail.be/vehicle/L5767,http://irail.be/stations/NMBS/008864956,L,2018-08-29T17:39:00,2018-08-29T17:39:00,222,222
http://irail.be/vehicle/L5767,NO-URI,L,2018-08-29T17:41:00,2018-08-29T17:41:00,222,222
http://irail.be/vehicle/L5767,http://irail.be/stations/NMBS/008864949,L,2018-08-29T17:43:00,2018-08-29T17:43:00,212,212
http://irail.be/vehicle/L5767,http://irail.be/stations/NMBS/008864931,L,2018-08-29T17:47:00,2018-08-29T17:46:00,201,201
http://irail.be/vehicle/L5767,http://irail.be/stations/NMBS/008864923,L,2018-08-29T17:49:00,2018-08-29T17:49:00,201,201
http://irail.be/vehicle/L5767,http://irail.be/stations/NMBS/008864915,L,2018-08-29T17:51:00,2018-08-29T17:51:00,201,201
http://irail.be/vehicle/L5767,http://irail.be/stations/NMBS/008864501,L,2018-08-29T17:56:00,2018-08-29T17:56:00,,220
http://irail.be/vehicle/L5767,http://irail.be/stations/NMBS/008863008,L,2018-02-08T17:26:00,2018-02-08T17:26:00,97,
http://irail.be/vehicle/L5767,NO-URI,L,2018-02-08T17:27:00,2018-02-08T17:27:00,97,97
http://irail.be/vehicle/L5767,http://irail.be/stations/NMBS/008863354,L,2018-02-08T17:29:00,2018-02-08T17:29:00,108,108
http://irail.be/vehicle/L5767,http://irail.be/stations/NMBS/008863362,L,2018-02-08T17:32:00,2018-02-08T17:32:00,95,95
http://irail.be/vehicle/L5767,http://irail.be/stations/NMBS/008864964,L,2018-02-08T17:36:00,2018-02-08T17:36:00,95,95
http://irail.be/vehicle/L5767,http://irail.be/stations/NMBS/008864956,L,2018-02-08T17:39:00,2018-02-08T17:39:00,95,95
http://irail.be/vehicle/L5767,NO-URI,L,2018-02-08T17:41:00,2018-02-08T17:41:00,95,95
http://irail.be/vehicle/L5767,http://irail.be/stations/NMBS/008864949,L,2018-02-08T17:43:00,2018-02-08T17:43:00,82,82
http://irail.be/vehicle/L5767,http://irail.be/stations/NMBS/008864931,L,2018-02-08T17:47:00,2018-02-08T17:46:00,-10,-10
http://irail.be/vehicle/L5767,http://irail.be/stations/NMBS/008864923,L,2018-02-08T17:49:00,2018-02-08T17:49:00,-10,-10
http://irail.be/vehicle/L5767,http://irail.be/stations/NMBS/008864915,L,2018-02-08T17:51:00,2018-02-08T17:51:00,-10,-10
http://irail.be/vehicle/L5767,http://irail.be/stations/NMBS/008864501,L,2018-02-08T17:56:00,2018-02-08T17:56:00,,2
http://irail.be/vehicle/L5767,http://irail.be/stations/NMBS/008863008,L,2018-08-08T17:26:00,2018-08-08T17:26:00,438,
http://irail.be/vehicle/L5767,NO-URI,L,2018-08-08T17:27:00,2018-08-08T17:27:00,438,438
http://irail.be/vehicle/L5767,http://irail.be/stations/NMBS/008863354,L,2018-08-08T17:29:00,2018-08-08T17:29:00,438,438
http://irail.be/vehicle/L5767,http://irail.be/stations/NMBS/008863362,L,2018-08-08T17:32:00,2018-08-08T17:32:00,385,385
http://irail.be/vehicle/L5767,http://irail.be/stations/NMBS/008864964,L,2018-08-08T17:36:00,2018-08-08T17:36:00,385,385
http://irail.be/vehicle/L5767,http://irail.be/stations/NMBS/008864956,L,2018-08-08T17:39:00,2018-08-08T17:39:00,385,385
http://irail.be/vehicle/L5767,NO-URI,L,2018-08-08T17:41:00,2018-08-08T17:41:00,385,385
http://irail.be/vehicle/L5767,http://irail.be/stations/NMBS/008864949,L,2018-08-08T17:43:00,2018-08-08T17:43:00,371,371
http://irail.be/vehicle/L5767,http://irail.be/stations/NMBS/008864931,L,2018-08-08T17:47:00,2018-08-08T17:46:00,243,243
http://irail.be/vehicle/L5767,http://irail.be/stations/NMBS/008864923,L,2018-08-08T17:49:00,2018-08-08T17:49:00,243,243
http://irail.be/vehicle/L5767,http://irail.be/stations/NMBS/008864915,L,2018-08-08T17:51:00,2018-08-08T17:51:00,243,243
http://irail.be/vehicle/L5767,http://irail.be/stations/NMBS/008864501,L,2018-08-08T17:56:00,2018-08-08T17:56:00,,241
http://irail.be/vehicle/L5767,http://irail.be/stations/NMBS/008863008,L,2018-07-05T17:26:00,2018-07-05T17:26:00,-2,
http://irail.be/vehicle/L5767,NO-URI,L,2018-07-05T17:27:00,2018-07-05T17:27:00,-2,-2
http://irail.be/vehicle/L5767,http://irail.be/stations/NMBS/008863354,L,2018-07-05T17:29:00,2018-07-05T17:29:00,6,-2
http://irail.be/vehicle/L5767,http://irail.be/stations/NMBS/008863362,L,2018-07-05T17:32:00,2018-07-05T17:32:00,6,6
http://irail.be/vehicle/L5767,http://irail.be/stations/NMBS/008864964,L,2018-07-05T17:36:00,2018-07-05T17:36:00,6,6
http://irail.be/vehicle/L5767,http://irail.be/stations/NMBS/008864956,L,2018-07-05T17:39:00,2018-07-05T17:39:00,6,6
http://irail.be/vehicle/L5767,NO-URI,L,2018-07-05T17:41:00,2018-07-05T17:41:00,6,6
http://irail.be/vehicle/L5767,http://irail.be/stations/NMBS/008864949,L,2018-07-05T17:43:00,2018-07-05T17:43:00,-6,-6
http://irail.be/vehicle/L5767,http://irail.be/stations/NMBS/008864931,L,2018-07-05T17:47:00,2018-07-05T17:46:00,-47,-47
http://irail.be/vehicle/L5767,http://irail.be/stations/NMBS/008864923,L,2018-07-05T17:49:00,2018-07-05T17:49:00,-47,-47
http://irail.be/vehicle/L5767,http://irail.be/stations/NMBS/008864915,L,2018-07-05T17:51:00,2018-07-05T17:51:00,-47,-47
http://irail.be/vehicle/L5767,http://irail.be/stations/NMBS/008864501,L,2018-07-05T17:56:00,2018-07-05T17:56:00,,-41
http://irail.be/vehicle/L5767,http://irail.be/stations/NMBS/008863008,L,2018-06-26T17:26:00,2018-06-26T17:26:00,83,
http://irail.be/vehicle/L5767,NO-URI,L,2018-06-26T17:27:00,2018-06-26T17:27:00,83,83
http://irail.be/vehicle/L5767,http://irail.be/stations/NMBS/008863354,L,2018-06-26T17:29:00,2018-06-26T17:29:00,97,97
http://irail.be/vehicle/L5767,http://irail.be/stations/NMBS/008863362,L,2018-06-26T17:32:00,2018-06-26T17:32:00,95,95
http://irail.be/vehicle/L5767,http://irail.be/stations/NMBS/008864964,L,2018-06-26T17:36:00,2018-06-26T17:36:00,95,95
http://irail.be/vehicle/L5767,http://irail.be/stations/NMBS/008864956,L,2018-06-26T17:39:00,2018-06-26T17:39:00,95,95
http://irail.be/vehicle/L5767,NO-URI,L,2018-06-26T17:41:00,2018-06-26T17:41:00,95,95
http://irail.be/vehicle/L5767,http://irail.be/stations/NMBS/008864949,L,2018-06-26T17:43:00,2018-06-26T17:43:00,518,518
http://irail.be/vehicle/L5767,http://irail.be/stations/NMBS/008864931,L,2018-06-26T17:47:00,2018-06-26T17:46:00,479,479
http://irail.be/vehicle/L5767,http://irail.be/stations/NMBS/008864923,L,2018-06-26T17:49:00,2018-06-26T17:49:00,479,479
http://irail.be/vehicle/L5767,http://irail.be/stations/NMBS/008864915,L,2018-06-26T17:51:00,2018-06-26T17:51:00,479,479
http://irail.be/vehicle/L5767,http://irail.be/stations/NMBS/008864501,L,2018-06-26T17:56:00,2018-06-26T17:56:00,,480
http://irail.be/vehicle/L5767,http://irail.be/stations/NMBS/008863008,L,2018-04-19T17:26:00,2018-04-19T17:26:00,43,
http://irail.be/vehicle/L5767,NO-URI,L,2018-04-19T17:27:00,2018-04-19T17:27:00,43,43
http://irail.be/vehicle/L5767,http://irail.be/stations/NMBS/008863354,L,2018-04-19T17:29:00,2018-04-19T17:29:00,66,54
http://irail.be/vehicle/L5767,http://irail.be/stations/NMBS/008863362,L,2018-04-19T17:32:00,2018-04-19T17:32:00,66,66
http://irail.be/vehicle/L5767,http://irail.be/stations/NMBS/008864964,L,2018-04-19T17:36:00,2018-04-19T17:36:00,66,66
http://irail.be/vehicle/L5767,http://irail.be/stations/NMBS/008864956,L,2018-04-19T17:39:00,2018-04-19T17:39:00,66,66
http://irail.be/vehicle/L5767,NO-URI,L,2018-04-19T17:41:00,2018-04-19T17:41:00,66,66
http://irail.be/vehicle/L5767,http://irail.be/stations/NMBS/008864949,L,2018-04-19T17:43:00,2018-04-19T17:43:00,355,355
http://irail.be/vehicle/L5767,http://irail.be/stations/NMBS/008864931,L,2018-04-19T17:47:00,2018-04-19T17:46:00,285,285
http://irail.be/vehicle/L5767,http://irail.be/stations/NMBS/008864923,L,2018-04-19T17:49:00,2018-04-19T17:49:00,285,285
http://irail.be/vehicle/L5767,http://irail.be/stations/NMBS/008864915,L,2018-04-19T17:51:00,2018-04-19T17:51:00,285,285
http://irail.be/vehicle/L5767,http://irail.be/stations/NMBS/008864501,L,2018-04-19T17:56:00,2018-04-19T17:56:00,,299
http://irail.be/vehicle/L5767,http://irail.be/stations/NMBS/008863008,L,2018-09-11T17:26:00,2018-09-11T17:26:00,42,
http://irail.be/vehicle/L5767,NO-URI,L,2018-09-11T17:27:00,2018-09-11T17:27:00,42,42
http://irail.be/vehicle/L5767,http://irail.be/stations/NMBS/008863354,L,2018-09-11T17:29:00,2018-09-11T17:29:00,58,58
http://irail.be/vehicle/L5767,http://irail.be/stations/NMBS/008863362,L,2018-09-11T17:32:00,2018-09-11T17:32:00,53,53
http://irail.be/vehicle/L5767,http://irail.be/stations/NMBS/008864964,L,2018-09-11T17:36:00,2018-09-11T17:36:00,53,53
http://irail.be/vehicle/L5767,http://irail.be/stations/NMBS/008864956,L,2018-09-11T17:39:00,2018-09-11T17:39:00,53,53
http://irail.be/vehicle/L5767,NO-URI,L,2018-09-11T17:41:00,2018-09-11T17:41:00,53,53
http://irail.be/vehicle/L5767,http://irail.be/stations/NMBS/008864949,L,2018-09-11T17:43:00,2018-09-11T17:43:00,42,42
http://irail.be/vehicle/L5767,http://irail.be/stations/NMBS/008864931,L,2018-09-11T17:47:00,2018-09-11T17:46:00,18,18
http://irail.be/vehicle/L5767,http://irail.be/stations/NMBS/008864923,L,2018-09-11T17:49:00,2018-09-11T17:49:00,18,18
http://irail.be/vehicle/L5767,http://irail.be/stations/NMBS/008864915,L,2018-09-11T17:51:00,2018-09-11T17:51:00,18,18
http://irail.be/vehicle/L5767,http://irail.be/stations/NMBS/008864501,L,2018-09-11T17:56:00,2018-09-11T17:56:00,,38
http://irail.be/vehicle/L5767,http://irail.be/stations/NMBS/008863008,L,2018-11-14T17:26:00,2018-11-14T17:26:00,74,
http://irail.be/vehicle/L5767,NO-URI,L,2018-11-14T17:27:00,2018-11-14T17:27:00,74,74
http://irail.be/vehicle/L5767,http://irail.be/stations/NMBS/008863354,L,2018-11-14T17:29:00,2018-11-14T17:29:00,87,87
http://irail.be/vehicle/L5767,http://irail.be/stations/NMBS/008863362,L,2018-11-14T17:32:00,2018-11-14T17:32:00,72,72
http://irail.be/vehicle/L5767,http://irail.be/stations/NMBS/008864964,L,2018-11-14T17:36:00,2018-11-14T17:36:00,72,72
http://irail.be/vehicle/L5767,http://irail.be/stations/NMBS/008864956,L,2018-11-14T17:39:00,2018-11-14T17:39:00,72,72
http://irail.be/vehicle/L5767,NO-URI,L,2018-11-14T17:41:00,2018-11-14T17:41:00,72,72
http://irail.be/vehicle/L5767,http://irail.be/stations/NMBS/008864949,L,2018-11-14T17:43:00,2018-11-14T17:43:00,433,433
http://irail.be/vehicle/L5767,http://irail.be/stations/NMBS/008864931,L,2018-11-14T17:47:00,2018-11-14T17:46:00,355,355
http://irail.be/vehicle/L5767,http://irail.be/stations/NMBS/008864923,L,2018-11-14T17:49:00,2018-11-14T17:49:00,355,355
http://irail.be/vehicle/L5767,http://irail.be/stations/NMBS/008864915,L,2018-11-14T17:51:00,2018-11-14T17:51:00,355,355
http://irail.be/vehicle/L5767,http://irail.be/stations/NMBS/008864501,L,2018-11-14T17:56:00,2018-11-14T17:56:00,,373
http://irail.be/vehicle/L5767,http://irail.be/stations/NMBS/008863008,L,2018-01-24T17:26:00,2018-01-24T17:26:00,427,
http://irail.be/vehicle/L5767,NO-URI,L,2018-01-24T17:27:00,2018-01-24T17:27:00,427,427
http://irail.be/vehicle/L5767,http://irail.be/stations/NMBS/008863354,L,2018-01-24T17:29:00,2018-01-24T17:29:00,433,433
http://irail.be/vehicle/L5767,http://irail.be/stations/NMBS/008863362,L,2018-01-24T17:32:00,2018-01-24T17:32:00,345,345
http://irail.be/vehicle/L5767,http://irail.be/stations/NMBS/008864964,L,2018-01-24T17:36:00,2018-01-24T17:36:00,345,345
http://irail.be/vehicle/L5767,http://irail.be/stations/NMBS/008864956,L,2018-01-24T17:39:00,2018-01-24T17:39:00,345,345
http://irail.be/vehicle/L5767,NO-URI,L,2018-01-24T17:41:00,2018-01-24T17:41:00,345,345
http://irail.be/vehicle/L5767,http://irail.be/stations/NMBS/008864949,L,2018-01-24T17:43:00,2018-01-24T17:43:00,331,331
http://irail.be/vehicle/L5767,http://irail.be/stations/NMBS/008864931,L,2018-01-24T17:47:00,2018-01-24T17:46:00,222,222
http://irail.be/vehicle/L5767,http://irail.be/stations/NMBS/008864923,L,2018-01-24T17:49:00,2018-01-24T17:49:00,222,222
http://irail.be/vehicle/L5767,http://irail.be/stations/NMBS/008864915,L,2018-01-24T17:51:00,2018-01-24T17:51:00,222,222
http://irail.be/vehicle/L5767,http://irail.be/stations/NMBS/008864501,L,2018-01-24T17:56:00,2018-01-24T17:56:00,,227
http://irail.be/vehicle/L5767,http://irail.be/stations/NMBS/008863008,L,2018-06-22T17:26:00,2018-06-22T17:26:00,72,
http://irail.be/vehicle/L5767,NO-URI,L,2018-06-22T17:27:00,2018-06-22T17:27:00,72,72
http://irail.be/vehicle/L5767,http://irail.be/stations/NMBS/008863354,L,2018-06-22T17:29:00,2018-06-22T17:29:00,85,85
http://irail.be/vehicle/L5767,http://irail.be/stations/NMBS/008863362,L,2018-06-22T17:32:00,2018-06-22T17:32:00,44,44
http://irail.be/vehicle/L5767,http://irail.be/stations/NMBS/008864964,L,2018-06-22T17:36:00,2018-06-22T17:36:00,44,44
http://irail.be/vehicle/L5767,http://irail.be/stations/NMBS/008864956,L,2018-06-22T17:39:00,2018-06-22T17:39:00,44,44
http://irail.be/vehicle/L5767,NO-URI,L,2018-06-22T17:41:00,2018-06-22T17:41:00,44,44
http://irail.be/vehicle/L5767,http://irail.be/stations/NMBS/008864949,L,2018-06-22T17:43:00,2018-06-22T17:43:00,30,30
http://irail.be/vehicle/L5767,http://irail.be/stations/NMBS/008864931,L,2018-06-22T17:47:00,2018-06-22T17:46:00,-41,-41
http://irail.be/vehicle/L5767,http://irail.be/stations/NMBS/008864923,L,2018-06-22T17:49:00,2018-06-22T17:49:00,-41,-41
http://irail.be/vehicle/L5767,http://irail.be/stations/NMBS/008864915,L,2018-06-22T17:51:00,2018-06-22T17:51:00,-41,-41
http://irail.be/vehicle/L5767,http://irail.be/stations/NMBS/008864501,L,2018-06-22T17:56:00,2018-06-22T17:56:00,,-30
http://irail.be/vehicle/L5767,http://irail.be/stations/NMBS/008863008,L,2018-03-07T17:26:00,2018-03-07T17:26:00,54,
http://irail.be/vehicle/L5767,NO-URI,L,2018-03-07T17:27:00,2018-03-07T17:27:00,54,54
http://irail.be/vehicle/L5767,http://irail.be/stations/NMBS/008863354,L,2018-03-07T17:29:00,2018-03-07T17:29:00,73,73
http://irail.be/vehicle/L5767,http://irail.be/stations/NMBS/008863362,L,2018-03-07T17:32:00,2018-03-07T17:32:00,68,68
http://irail.be/vehicle/L5767,http://irail.be/stations/NMBS/008864964,L,2018-03-07T17:36:00,2018-03-07T17:36:00,68,68
http://irail.be/vehicle/L5767,http://irail.be/stations/NMBS/008864956,L,2018-03-07T17:39:00,2018-03-07T17:39:00,68,68
http://irail.be/vehicle/L5767,NO-URI,L,2018-03-07T17:41:00,2018-03-07T17:41:00,68,68
http://irail.be/vehicle/L5767,http://irail.be/stations/NMBS/008864949,L,2018-03-07T17:43:00,2018-03-07T17:43:00,55,55
http://irail.be/vehicle/L5767,http://irail.be/stations/NMBS/008864931,L,2018-03-07T17:47:00,2018-03-07T17:46:00,-26,-26
http://irail.be/vehicle/L5767,http://irail.be/stations/NMBS/008864923,L,2018-03-07T17:49:00,2018-03-07T17:49:00,-26,-26
http://irail.be/vehicle/L5767,http://irail.be/stations/NMBS/008864915,L,2018-03-07T17:51:00,2018-03-07T17:51:00,-26,-26
http://irail.be/vehicle/L5767,http://irail.be/stations/NMBS/008864501,L,2018-03-07T17:56:00,2018-03-07T17:56:00,,-10
http://irail.be/vehicle/L5767,http://irail.be/stations/NMBS/008863008,L,2018-10-04T17:26:00,2018-10-04T17:26:00,215,
http://irail.be/vehicle/L5767,NO-URI,L,2018-10-04T17:27:00,2018-10-04T17:27:00,215,215
http://irail.be/vehicle/L5767,http://irail.be/stations/NMBS/008863354,L,2018-10-04T17:29:00,2018-10-04T17:29:00,311,227
http://irail.be/vehicle/L5767,http://irail.be/stations/NMBS/008863362,L,2018-10-04T17:32:00,2018-10-04T17:32:00,311,311
http://irail.be/vehicle/L5767,http://irail.be/stations/NMBS/008864964,L,2018-10-04T17:36:00,2018-10-04T17:36:00,311,311
http://irail.be/vehicle/L5767,http://irail.be/stations/NMBS/008864956,L,2018-10-04T17:39:00,2018-10-04T17:39:00,311,311
http://irail.be/vehicle/L5767,NO-URI,L,2018-10-04T17:41:00,2018-10-04T17:41:00,311,311
http://irail.be/vehicle/L5767,http://irail.be/stations/NMBS/008864949,L,2018-10-04T17:43:00,2018-10-04T17:43:00,310,310
http://irail.be/vehicle/L5767,http://irail.be/stations/NMBS/008864931,L,2018-10-04T17:47:00,2018-10-04T17:46:00,263,263
http://irail.be/vehicle/L5767,http://irail.be/stations/NMBS/008864923,L,2018-10-04T17:49:00,2018-10-04T17:49:00,263,263
http://irail.be/vehicle/L5767,http://irail.be/stations/NMBS/008864915,L,2018-10-04T17:51:00,2018-10-04T17:51:00,263,263
http://irail.be/vehicle/L5767,http://irail.be/stations/NMBS/008864501,L,2018-10-04T17:56:00,2018-10-04T17:56:00,,284
http://irail.be/vehicle/L5767,http://irail.be/stations/NMBS/008863008,L,2018-01-29T17:26:00,2018-01-29T17:26:00,190,
http://irail.be/vehicle/L5767,NO-URI,L,2018-01-29T17:27:00,2018-01-29T17:27:00,190,190
http://irail.be/vehicle/L5767,http://irail.be/stations/NMBS/008863354,L,2018-01-29T17:29:00,2018-01-29T17:29:00,203,203
http://irail.be/vehicle/L5767,http://irail.be/stations/NMBS/008863362,L,2018-01-29T17:32:00,2018-01-29T17:32:00,131,131
http://irail.be/vehicle/L5767,http://irail.be/stations/NMBS/008864964,L,2018-01-29T17:36:00,2018-01-29T17:36:00,131,131
http://irail.be/vehicle/L5767,http://irail.be/stations/NMBS/008864956,L,2018-01-29T17:39:00,2018-01-29T17:39:00,131,131
http://irail.be/vehicle/L5767,NO-URI,L,2018-01-29T17:41:00,2018-01-29T17:41:00,131,131
http://irail.be/vehicle/L5767,http://irail.be/stations/NMBS/008864949,L,2018-01-29T17:43:00,2018-01-29T17:43:00,116,116
http://irail.be/vehicle/L5767,http://irail.be/stations/NMBS/008864931,L,2018-01-29T17:47:00,2018-01-29T17:46:00,33,33
http://irail.be/vehicle/L5767,http://irail.be/stations/NMBS/008864923,L,2018-01-29T17:49:00,2018-01-29T17:49:00,33,33
http://irail.be/vehicle/L5767,http://irail.be/stations/NMBS/008864915,L,2018-01-29T17:51:00,2018-01-29T17:51:00,33,33
http://irail.be/vehicle/L5767,http://irail.be/stations/NMBS/008864501,L,2018-01-29T17:56:00,2018-01-29T17:56:00,,28
http://irail.be/vehicle/L5767,http://irail.be/stations/NMBS/008863008,L,2018-04-25T17:26:00,2018-04-25T17:26:00,56,
http://irail.be/vehicle/L5767,NO-URI,L,2018-04-25T17:27:00,2018-04-25T17:27:00,56,56
http://irail.be/vehicle/L5767,http://irail.be/stations/NMBS/008863354,L,2018-04-25T17:29:00,2018-04-25T17:29:00,105,72
http://irail.be/vehicle/L5767,http://irail.be/stations/NMBS/008863362,L,2018-04-25T17:32:00,2018-04-25T17:32:00,105,105
http://irail.be/vehicle/L5767,http://irail.be/stations/NMBS/008864964,L,2018-04-25T17:36:00,2018-04-25T17:36:00,105,105
http://irail.be/vehicle/L5767,http://irail.be/stations/NMBS/008864956,L,2018-04-25T17:39:00,2018-04-25T17:39:00,105,105
http://irail.be/vehicle/L5767,NO-URI,L,2018-04-25T17:41:00,2018-04-25T17:41:00,105,105
http://irail.be/vehicle/L5767,http://irail.be/stations/NMBS/008864949,L,2018-04-25T17:43:00,2018-04-25T17:43:00,90,90
http://irail.be/vehicle/L5767,http://irail.be/stations/NMBS/008864931,L,2018-04-25T17:47:00,2018-04-25T17:46:00,-14,-14
http://irail.be/vehicle/L5767,http://irail.be/stations/NMBS/008864923,L,2018-04-25T17:49:00,2018-04-25T17:49:00,-14,-14
http://irail.be/vehicle/L5767,http://irail.be/stations/NMBS/008864915,L,2018-04-25T17:51:00,2018-04-25T17:51:00,-14,-14
http://irail.be/vehicle/L5767,http://irail.be/stations/NMBS/008864501,L,2018-04-25T17:56:00,2018-04-25T17:56:00,,9
http://irail.be/vehicle/L5767,http://irail.be/stations/NMBS/008863008,L,2018-01-03T17:26:00,2018-01-03T17:26:00,72,
http://irail.be/vehicle/L5767,NO-URI,L,2018-01-03T17:27:00,2018-01-03T17:27:00,87,87
http://irail.be/vehicle/L5767,http://irail.be/stations/NMBS/008863354,L,2018-01-03T17:29:00,2018-01-03T17:29:00,87,87
http://irail.be/vehicle/L5767,http://irail.be/stations/NMBS/008863362,L,2018-01-03T17:32:00,2018-01-03T17:32:00,79,79
http://irail.be/vehicle/L5767,http://irail.be/stations/NMBS/008864964,L,2018-01-03T17:36:00,2018-01-03T17:36:00,79,79
http://irail.be/vehicle/L5767,http://irail.be/stations/NMBS/008864956,L,2018-01-03T17:39:00,2018-01-03T17:39:00,79,79
http://irail.be/vehicle/L5767,NO-URI,L,2018-01-03T17:41:00,2018-01-03T17:41:00,79,79
http://irail.be/vehicle/L5767,http://irail.be/stations/NMBS/008864949,L,2018-01-03T17:43:00,2018-01-03T17:43:00,71,71
http://irail.be/vehicle/L5767,http://irail.be/stations/NMBS/008864931,L,2018-01-03T17:47:00,2018-01-03T17:46:00,-36,-36
http://irail.be/vehicle/L5767,http://irail.be/stations/NMBS/008864923,L,2018-01-03T17:49:00,2018-01-03T17:49:00,-36,-36
http://irail.be/vehicle/L5767,http://irail.be/stations/NMBS/008864915,L,2018-01-03T17:51:00,2018-01-03T17:51:00,-36,-36
http://irail.be/vehicle/L5767,http://irail.be/stations/NMBS/008864501,L,2018-01-03T17:56:00,2018-01-03T17:56:00,,-42
http://irail.be/vehicle/L5767,http://irail.be/stations/NMBS/008863008,L,2018-08-03T17:26:00,2018-08-03T17:26:00,263,
http://irail.be/vehicle/L5767,NO-URI,L,2018-08-03T17:27:00,2018-08-03T17:27:00,263,263
http://irail.be/vehicle/L5767,http://irail.be/stations/NMBS/008863354,L,2018-08-03T17:29:00,2018-08-03T17:29:00,278,278
http://irail.be/vehicle/L5767,http://irail.be/stations/NMBS/008863362,L,2018-08-03T17:32:00,2018-08-03T17:32:00,243,243
http://irail.be/vehicle/L5767,http://irail.be/stations/NMBS/008864964,L,2018-08-03T17:36:00,2018-08-03T17:36:00,243,243
http://irail.be/vehicle/L5767,http://irail.be/stations/NMBS/008864956,L,2018-08-03T17:39:00,2018-08-03T17:39:00,243,243
http://irail.be/vehicle/L5767,NO-URI,L,2018-08-03T17:41:00,2018-08-03T17:41:00,243,243
http://irail.be/vehicle/L5767,http://irail.be/stations/NMBS/008864949,L,2018-08-03T17:43:00,2018-08-03T17:43:00,230,230
http://irail.be/vehicle/L5767,http://irail.be/stations/NMBS/008864931,L,2018-08-03T17:47:00,2018-08-03T17:46:00,157,157
http://irail.be/vehicle/L5767,http://irail.be/stations/NMBS/008864923,L,2018-08-03T17:49:00,2018-08-03T17:49:00,157,157
http://irail.be/vehicle/L5767,http://irail.be/stations/NMBS/008864915,L,2018-08-03T17:51:00,2018-08-03T17:51:00,157,157
http://irail.be/vehicle/L5767,http://irail.be/stations/NMBS/008864501,L,2018-08-03T17:56:00,2018-08-03T17:56:00,,175
http://irail.be/vehicle/L5767,http://irail.be/stations/NMBS/008863008,L,2018-08-20T17:26:00,2018-08-20T17:26:00,5,
http://irail.be/vehicle/L5767,NO-URI,L,2018-08-20T17:27:00,2018-08-20T17:27:00,5,5
http://irail.be/vehicle/L5767,http://irail.be/stations/NMBS/008863354,L,2018-08-20T17:29:00,2018-08-20T17:29:00,5,5
http://irail.be/vehicle/L5767,http://irail.be/stations/NMBS/008863362,L,2018-08-20T17:32:00,2018-08-20T17:32:00,5,5
http://irail.be/vehicle/L5767,http://irail.be/stations/NMBS/008864964,L,2018-08-20T17:36:00,2018-08-20T17:36:00,5,5
http://irail.be/vehicle/L5767,http://irail.be/stations/NMBS/008864956,L,2018-08-20T17:39:00,2018-08-20T17:39:00,5,5
http://irail.be/vehicle/L5767,NO-URI,L,2018-08-20T17:41:00,2018-08-20T17:41:00,5,5
http://irail.be/vehicle/L5767,http://irail.be/stations/NMBS/008864949,L,2018-08-20T17:43:00,2018-08-20T17:43:00,-9,-9
http://irail.be/vehicle/L5767,http://irail.be/stations/NMBS/008864931,L,2018-08-20T17:47:00,2018-08-20T17:46:00,-43,-43
http://irail.be/vehicle/L5767,http://irail.be/stations/NMBS/008864923,L,2018-08-20T17:49:00,2018-08-20T17:49:00,-43,-43
http://irail.be/vehicle/L5767,http://irail.be/stations/NMBS/008864915,L,2018-08-20T17:51:00,2018-08-20T17:51:00,-43,-43
http://irail.be/vehicle/L5767,http://irail.be/stations/NMBS/008864501,L,2018-08-20T17:56:00,2018-08-20T17:56:00,,-33
http://irail.be/vehicle/L5767,http://irail.be/stations/NMBS/008863008,L,2018-10-24T17:26:00,2018-10-24T17:26:00,51,
http://irail.be/vehicle/L5767,NO-URI,L,2018-10-24T17:27:00,2018-10-24T17:27:00,51,51
http://irail.be/vehicle/L5767,http://irail.be/stations/NMBS/008863354,L,2018-10-24T17:29:00,2018-10-24T17:29:00,69,69
http://irail.be/vehicle/L5767,http://irail.be/stations/NMBS/008863362,L,2018-10-24T17:32:00,2018-10-24T17:32:00,59,59
http://irail.be/vehicle/L5767,http://irail.be/stations/NMBS/008864964,L,2018-10-24T17:36:00,2018-10-24T17:36:00,59,59
http://irail.be/vehicle/L5767,http://irail.be/stations/NMBS/008864956,L,2018-10-24T17:39:00,2018-10-24T17:39:00,59,59
http://irail.be/vehicle/L5767,NO-URI,L,2018-10-24T17:41:00,2018-10-24T17:41:00,59,59
http://irail.be/vehicle/L5767,http://irail.be/stations/NMBS/008864949,L,2018-10-24T17:43:00,2018-10-24T17:43:00,47,47
http://irail.be/vehicle/L5767,http://irail.be/stations/NMBS/008864931,L,2018-10-24T17:47:00,2018-10-24T17:46:00,-14,-14
http://irail.be/vehicle/L5767,http://irail.be/stations/NMBS/008864923,L,2018-10-24T17:49:00,2018-10-24T17:49:00,-14,-14
http://irail.be/vehicle/L5767,http://irail.be/stations/NMBS/008864915,L,2018-10-24T17:51:00,2018-10-24T17:51:00,-14,-14
http://irail.be/vehicle/L5767,http://irail.be/stations/NMBS/008864501,L,2018-10-24T17:56:00,2018-10-24T17:56:00,,-9
http://irail.be/vehicle/L5767,http://irail.be/stations/NMBS/008863008,L,2018-11-28T17:26:00,2018-11-28T17:26:00,253,
http://irail.be/vehicle/L5767,NO-URI,L,2018-11-28T17:27:00,2018-11-28T17:27:00,253,253
http://irail.be/vehicle/L5767,http://irail.be/stations/NMBS/008863354,L,2018-11-28T17:29:00,2018-11-28T17:29:00,272,272
http://irail.be/vehicle/L5767,http://irail.be/stations/NMBS/008863362,L,2018-11-28T17:32:00,2018-11-28T17:32:00,248,248
http://irail.be/vehicle/L5767,http://irail.be/stations/NMBS/008864964,L,2018-11-28T17:36:00,2018-11-28T17:36:00,248,248
http://irail.be/vehicle/L5767,http://irail.be/stations/NMBS/008864956,L,2018-11-28T17:39:00,2018-11-28T17:39:00,248,248
http://irail.be/vehicle/L5767,NO-URI,L,2018-11-28T17:41:00,2018-11-28T17:41:00,248,248
http://irail.be/vehicle/L5767,http://irail.be/stations/NMBS/008864949,L,2018-11-28T17:43:00,2018-11-28T17:43:00,235,235
http://irail.be/vehicle/L5767,http://irail.be/stations/NMBS/008864931,L,2018-11-28T17:47:00,2018-11-28T17:46:00,170,170
http://irail.be/vehicle/L5767,http://irail.be/stations/NMBS/008864923,L,2018-11-28T17:49:00,2018-11-28T17:49:00,170,170
http://irail.be/vehicle/L5767,http://irail.be/stations/NMBS/008864915,L,2018-11-28T17:51:00,2018-11-28T17:51:00,170,170
http://irail.be/vehicle/L5767,http://irail.be/stations/NMBS/008864501,L,2018-11-28T17:56:00,2018-11-28T17:56:00,,170
http://irail.be/vehicle/L5767,http://irail.be/stations/NMBS/008863008,L,2018-09-07T17:26:00,2018-09-07T17:26:00,29,
http://irail.be/vehicle/L5767,NO-URI,L,2018-09-07T17:27:00,2018-09-07T17:27:00,29,29
http://irail.be/vehicle/L5767,http://irail.be/stations/NMBS/008863354,L,2018-09-07T17:29:00,2018-09-07T17:29:00,75,41
http://irail.be/vehicle/L5767,http://irail.be/stations/NMBS/008863362,L,2018-09-07T17:32:00,2018-09-07T17:32:00,75,75
http://irail.be/vehicle/L5767,http://irail.be/stations/NMBS/008864964,L,2018-09-07T17:36:00,2018-09-07T17:36:00,75,75
http://irail.be/vehicle/L5767,http://irail.be/stations/NMBS/008864956,L,2018-09-07T17:39:00,2018-09-07T17:39:00,75,75
http://irail.be/vehicle/L5767,NO-URI,L,2018-09-07T17:41:00,2018-09-07T17:41:00,75,75
http://irail.be/vehicle/L5767,http://irail.be/stations/NMBS/008864949,L,2018-09-07T17:43:00,2018-09-07T17:43:00,68,68
http://irail.be/vehicle/L5767,http://irail.be/stations/NMBS/008864931,L,2018-09-07T17:47:00,2018-09-07T17:46:00,28,28
http://irail.be/vehicle/L5767,http://irail.be/stations/NMBS/008864923,L,2018-09-07T17:49:00,2018-09-07T17:49:00,28,28
http://irail.be/vehicle/L5767,http://irail.be/stations/NMBS/008864915,L,2018-09-07T17:51:00,2018-09-07T17:51:00,28,28
http://irail.be/vehicle/L5767,http://irail.be/stations/NMBS/008864501,L,2018-09-07T17:56:00,2018-09-07T17:56:00,,64
http://irail.be/vehicle/L5767,http://irail.be/stations/NMBS/008863008,L,2018-05-28T17:26:00,2018-05-28T17:26:00,288,
http://irail.be/vehicle/L5767,NO-URI,L,2018-05-28T17:27:00,2018-05-28T17:27:00,288,288
http://irail.be/vehicle/L5767,http://irail.be/stations/NMBS/008863354,L,2018-05-28T17:29:00,2018-05-28T17:29:00,301,301
http://irail.be/vehicle/L5767,http://irail.be/stations/NMBS/008863362,L,2018-05-28T17:32:00,2018-05-28T17:32:00,236,236
http://irail.be/vehicle/L5767,http://irail.be/stations/NMBS/008864964,L,2018-05-28T17:36:00,2018-05-28T17:36:00,236,236
http://irail.be/vehicle/L5767,http://irail.be/stations/NMBS/008864956,L,2018-05-28T17:39:00,2018-05-28T17:39:00,236,236
http://irail.be/vehicle/L5767,NO-URI,L,2018-05-28T17:41:00,2018-05-28T17:41:00,236,236
http://irail.be/vehicle/L5767,http://irail.be/stations/NMBS/008864949,L,2018-05-28T17:43:00,2018-05-28T17:43:00,221,221
http://irail.be/vehicle/L5767,http://irail.be/stations/NMBS/008864931,L,2018-05-28T17:47:00,2018-05-28T17:46:00,103,103
http://irail.be/vehicle/L5767,http://irail.be/stations/NMBS/008864923,L,2018-05-28T17:49:00,2018-05-28T17:49:00,103,103
http://irail.be/vehicle/L5767,http://irail.be/stations/NMBS/008864915,L,2018-05-28T17:51:00,2018-05-28T17:51:00,103,103
http://irail.be/vehicle/L5767,http://irail.be/stations/NMBS/008864501,L,2018-05-28T17:56:00,2018-05-28T17:56:00,,114
http://irail.be/vehicle/L5767,http://irail.be/stations/NMBS/008863008,L,2018-02-14T17:26:00,2018-02-14T17:26:00,58,
http://irail.be/vehicle/L5767,NO-URI,L,2018-02-14T17:27:00,2018-02-14T17:27:00,58,58
http://irail.be/vehicle/L5767,http://irail.be/stations/NMBS/008863354,L,2018-02-14T17:29:00,2018-02-14T17:29:00,84,70
http://irail.be/vehicle/L5767,http://irail.be/stations/NMBS/008863362,L,2018-02-14T17:32:00,2018-02-14T17:32:00,84,84
http://irail.be/vehicle/L5767,http://irail.be/stations/NMBS/008864964,L,2018-02-14T17:36:00,2018-02-14T17:36:00,84,84
http://irail.be/vehicle/L5767,http://irail.be/stations/NMBS/008864956,L,2018-02-14T17:39:00,2018-02-14T17:39:00,84,84
http://irail.be/vehicle/L5767,NO-URI,L,2018-02-14T17:41:00,2018-02-14T17:41:00,84,84
http://irail.be/vehicle/L5767,http://irail.be/stations/NMBS/008864949,L,2018-02-14T17:43:00,2018-02-14T17:43:00,79,79
http://irail.be/vehicle/L5767,http://irail.be/stations/NMBS/008864931,L,2018-02-14T17:47:00,2018-02-14T17:46:00,50,50
http://irail.be/vehicle/L5767,http://irail.be/stations/NMBS/008864923,L,2018-02-14T17:49:00,2018-02-14T17:49:00,50,50
http://irail.be/vehicle/L5767,http://irail.be/stations/NMBS/008864915,L,2018-02-14T17:51:00,2018-02-14T17:51:00,50,50
http://irail.be/vehicle/L5767,http://irail.be/stations/NMBS/008864501,L,2018-02-14T17:56:00,2018-02-14T17:56:00,,68
http://irail.be/vehicle/L5767,http://irail.be/stations/NMBS/008863008,L,2018-12-20T17:26:00,2018-12-20T17:26:00,3,
http://irail.be/vehicle/L5767,NO-URI,L,2018-12-20T17:27:00,2018-12-20T17:27:00,3,3
http://irail.be/vehicle/L5767,http://irail.be/stations/NMBS/008863354,L,2018-12-20T17:29:00,2018-12-20T17:29:00,15,3
http://irail.be/vehicle/L5767,http://irail.be/stations/NMBS/008863362,L,2018-12-20T17:32:00,2018-12-20T17:32:00,15,15
http://irail.be/vehicle/L5767,http://irail.be/stations/NMBS/008864964,L,2018-12-20T17:36:00,2018-12-20T17:36:00,15,15
http://irail.be/vehicle/L5767,http://irail.be/stations/NMBS/008864956,L,2018-12-20T17:39:00,2018-12-20T17:39:00,15,15
http://irail.be/vehicle/L5767,NO-URI,L,2018-12-20T17:41:00,2018-12-20T17:41:00,15,15
http://irail.be/vehicle/L5767,http://irail.be/stations/NMBS/008864949,L,2018-12-20T17:43:00,2018-12-20T17:43:00,6,6
http://irail.be/vehicle/L5767,http://irail.be/stations/NMBS/008864931,L,2018-12-20T17:47:00,2018-12-20T17:46:00,-24,-24
http://irail.be/vehicle/L5767,http://irail.be/stations/NMBS/008864923,L,2018-12-20T17:49:00,2018-12-20T17:49:00,-24,-24
http://irail.be/vehicle/L5767,http://irail.be/stations/NMBS/008864915,L,2018-12-20T17:51:00,2018-12-20T17:51:00,-24,-24
http://irail.be/vehicle/L5767,http://irail.be/stations/NMBS/008864501,L,2018-12-20T17:56:00,2018-12-20T17:56:00,,-21
http://irail.be/vehicle/L5767,http://irail.be/stations/NMBS/008863008,L,2018-01-31T17:26:00,2018-01-31T17:26:00,52,
http://irail.be/vehicle/L5767,NO-URI,L,2018-01-31T17:27:00,2018-01-31T17:27:00,52,52
http://irail.be/vehicle/L5767,http://irail.be/stations/NMBS/008863354,L,2018-01-31T17:29:00,2018-01-31T17:29:00,66,66
http://irail.be/vehicle/L5767,http://irail.be/stations/NMBS/008863362,L,2018-01-31T17:32:00,2018-01-31T17:32:00,52,52
http://irail.be/vehicle/L5767,http://irail.be/stations/NMBS/008864964,L,2018-01-31T17:36:00,2018-01-31T17:36:00,52,52
http://irail.be/vehicle/L5767,http://irail.be/stations/NMBS/008864956,L,2018-01-31T17:39:00,2018-01-31T17:39:00,52,52
http://irail.be/vehicle/L5767,NO-URI,L,2018-01-31T17:41:00,2018-01-31T17:41:00,52,52
http://irail.be/vehicle/L5767,http://irail.be/stations/NMBS/008864949,L,2018-01-31T17:43:00,2018-01-31T17:43:00,70,42
http://irail.be/vehicle/L5767,http://irail.be/stations/NMBS/008864931,L,2018-01-31T17:47:00,2018-01-31T17:46:00,70,70
http://irail.be/vehicle/L5767,http://irail.be/stations/NMBS/008864923,L,2018-01-31T17:49:00,2018-01-31T17:49:00,70,70
http://irail.be/vehicle/L5767,http://irail.be/stations/NMBS/008864915,L,2018-01-31T17:51:00,2018-01-31T17:51:00,70,70
http://irail.be/vehicle/L5767,http://irail.be/stations/NMBS/008864501,L,2018-01-31T17:56:00,2018-01-31T17:56:00,,89
http://irail.be/vehicle/L5767,http://irail.be/stations/NMBS/008863008,L,2018-10-10T17:26:00,2018-10-10T17:26:00,1168,
http://irail.be/vehicle/L5767,NO-URI,L,2018-10-10T17:27:00,2018-10-10T17:27:00,1168,1168
http://irail.be/vehicle/L5767,http://irail.be/stations/NMBS/008863354,L,2018-10-10T17:29:00,2018-10-10T17:29:00,1242,1168
http://irail.be/vehicle/L5767,http://irail.be/stations/NMBS/008863362,L,2018-10-10T17:32:00,2018-10-10T17:32:00,1242,1242
http://irail.be/vehicle/L5767,http://irail.be/stations/NMBS/008864964,L,2018-10-10T17:36:00,2018-10-10T17:36:00,1242,1242
http://irail.be/vehicle/L5767,http://irail.be/stations/NMBS/008864956,L,2018-10-10T17:39:00,2018-10-10T17:39:00,1242,1242
http://irail.be/vehicle/L5767,NO-URI,L,2018-10-10T17:41:00,2018-10-10T17:41:00,1242,1242
http://irail.be/vehicle/L5767,http://irail.be/stations/NMBS/008864949,L,2018-10-10T17:43:00,2018-10-10T17:43:00,1318,1318
http://irail.be/vehicle/L5767,http://irail.be/stations/NMBS/008864931,L,2018-10-10T17:47:00,2018-10-10T17:46:00,1233,1233
http://irail.be/vehicle/L5767,http://irail.be/stations/NMBS/008864923,L,2018-10-10T17:49:00,2018-10-10T17:49:00,1233,1233
http://irail.be/vehicle/L5767,http://irail.be/stations/NMBS/008864915,L,2018-10-10T17:51:00,2018-10-10T17:51:00,1233,1233
http://irail.be/vehicle/L5767,http://irail.be/stations/NMBS/008864501,L,2018-10-10T17:56:00,2018-10-10T17:56:00,,1237
http://irail.be/vehicle/L5767,http://irail.be/stations/NMBS/008863008,L,2018-04-16T17:26:00,2018-04-16T17:26:00,46,
http://irail.be/vehicle/L5767,NO-URI,L,2018-04-16T17:27:00,2018-04-16T17:27:00,46,46
http://irail.be/vehicle/L5767,http://irail.be/stations/NMBS/008863354,L,2018-04-16T17:29:00,2018-04-16T17:29:00,46,46
http://irail.be/vehicle/L5767,http://irail.be/stations/NMBS/008863362,L,2018-04-16T17:32:00,2018-04-16T17:32:00,36,36
http://irail.be/vehicle/L5767,http://irail.be/stations/NMBS/008864964,L,2018-04-16T17:36:00,2018-04-16T17:36:00,36,36
http://irail.be/vehicle/L5767,http://irail.be/stations/NMBS/008864956,L,2018-04-16T17:39:00,2018-04-16T17:39:00,36,36
http://irail.be/vehicle/L5767,NO-URI,L,2018-04-16T17:41:00,2018-04-16T17:41:00,36,36
http://irail.be/vehicle/L5767,http://irail.be/stations/NMBS/008864949,L,2018-04-16T17:43:00,2018-04-16T17:43:00,32,32
http://irail.be/vehicle/L5767,http://irail.be/stations/NMBS/008864931,L,2018-04-16T17:47:00,2018-04-16T17:46:00,-8,-8
http://irail.be/vehicle/L5767,http://irail.be/stations/NMBS/008864923,L,2018-04-16T17:49:00,2018-04-16T17:49:00,-8,-8
http://irail.be/vehicle/L5767,http://irail.be/stations/NMBS/008864915,L,2018-04-16T17:51:00,2018-04-16T17:51:00,-8,-8
http://irail.be/vehicle/L5767,http://irail.be/stations/NMBS/008864501,L,2018-04-16T17:56:00,2018-04-16T17:56:00,,2
http://irail.be/vehicle/L5767,http://irail.be/stations/NMBS/008863008,L,2018-09-24T17:26:00,2018-09-24T17:26:00,19,
http://irail.be/vehicle/L5767,NO-URI,L,2018-09-24T17:27:00,2018-09-24T17:27:00,19,19
http://irail.be/vehicle/L5767,http://irail.be/stations/NMBS/008863354,L,2018-09-24T17:29:00,2018-09-24T17:29:00,35,35
http://irail.be/vehicle/L5767,http://irail.be/stations/NMBS/008863362,L,2018-09-24T17:32:00,2018-09-24T17:32:00,-9,-9
http://irail.be/vehicle/L5767,http://irail.be/stations/NMBS/008864964,L,2018-09-24T17:36:00,2018-09-24T17:36:00,-9,-9
http://irail.be/vehicle/L5767,http://irail.be/stations/NMBS/008864956,L,2018-09-24T17:39:00,2018-09-24T17:39:00,-9,-9
http://irail.be/vehicle/L5767,NO-URI,L,2018-09-24T17:41:00,2018-09-24T17:41:00,-9,-9
http://irail.be/vehicle/L5767,http://irail.be/stations/NMBS/008864949,L,2018-09-24T17:43:00,2018-09-24T17:43:00,-13,-13
http://irail.be/vehicle/L5767,http://irail.be/stations/NMBS/008864931,L,2018-09-24T17:47:00,2018-09-24T17:46:00,-22,-22
http://irail.be/vehicle/L5767,http://irail.be/stations/NMBS/008864923,L,2018-09-24T17:49:00,2018-09-24T17:49:00,-22,-22
http://irail.be/vehicle/L5767,http://irail.be/stations/NMBS/008864915,L,2018-09-24T17:51:00,2018-09-24T17:51:00,-22,-22
http://irail.be/vehicle/L5767,http://irail.be/stations/NMBS/008864501,L,2018-09-24T17:56:00,2018-09-24T17:56:00,,-21
http://irail.be/vehicle/L5767,http://irail.be/stations/NMBS/008863008,L,2018-02-22T17:26:00,2018-02-22T17:26:00,83,
http://irail.be/vehicle/L5767,NO-URI,L,2018-02-22T17:27:00,2018-02-22T17:27:00,83,83
http://irail.be/vehicle/L5767,http://irail.be/stations/NMBS/008863354,L,2018-02-22T17:29:00,2018-02-22T17:29:00,148,108
http://irail.be/vehicle/L5767,http://irail.be/stations/NMBS/008863362,L,2018-02-22T17:32:00,2018-02-22T17:32:00,148,148
http://irail.be/vehicle/L5767,http://irail.be/stations/NMBS/008864964,L,2018-02-22T17:36:00,2018-02-22T17:36:00,148,148
http://irail.be/vehicle/L5767,http://irail.be/stations/NMBS/008864956,L,2018-02-22T17:39:00,2018-02-22T17:39:00,148,148
http://irail.be/vehicle/L5767,NO-URI,L,2018-02-22T17:41:00,2018-02-22T17:41:00,148,148
http://irail.be/vehicle/L5767,http://irail.be/stations/NMBS/008864949,L,2018-02-22T17:43:00,2018-02-22T17:43:00,143,143
http://irail.be/vehicle/L5767,http://irail.be/stations/NMBS/008864931,L,2018-02-22T17:47:00,2018-02-22T17:46:00,52,52
http://irail.be/vehicle/L5767,http://irail.be/stations/NMBS/008864923,L,2018-02-22T17:49:00,2018-02-22T17:49:00,52,52
http://irail.be/vehicle/L5767,http://irail.be/stations/NMBS/008864915,L,2018-02-22T17:51:00,2018-02-22T17:51:00,52,52
http://irail.be/vehicle/L5767,http://irail.be/stations/NMBS/008864501,L,2018-02-22T17:56:00,2018-02-22T17:56:00,,60
http://irail.be/vehicle/L5767,http://irail.be/stations/NMBS/008863008,L,2018-09-21T17:26:00,2018-09-21T17:26:00,10,
http://irail.be/vehicle/L5767,NO-URI,L,2018-09-21T17:27:00,2018-09-21T17:27:00,10,10
http://irail.be/vehicle/L5767,http://irail.be/stations/NMBS/008863354,L,2018-09-21T17:29:00,2018-09-21T17:29:00,13,10
http://irail.be/vehicle/L5767,http://irail.be/stations/NMBS/008863362,L,2018-09-21T17:32:00,2018-09-21T17:32:00,13,13
http://irail.be/vehicle/L5767,http://irail.be/stations/NMBS/008864964,L,2018-09-21T17:36:00,2018-09-21T17:36:00,13,13
http://irail.be/vehicle/L5767,http://irail.be/stations/NMBS/008864956,L,2018-09-21T17:39:00,2018-09-21T17:39:00,13,13
http://irail.be/vehicle/L5767,NO-URI,L,2018-09-21T17:41:00,2018-09-21T17:41:00,13,13
http://irail.be/vehicle/L5767,http://irail.be/stations/NMBS/008864949,L,2018-09-21T17:43:00,2018-09-21T17:43:00,0,0
http://irail.be/vehicle/L5767,http://irail.be/stations/NMBS/008864931,L,2018-09-21T17:47:00,2018-09-21T17:46:00,-43,-43
http://irail.be/vehicle/L5767,http://irail.be/stations/NMBS/008864923,L,2018-09-21T17:49:00,2018-09-21T17:49:00,-43,-43
http://irail.be/vehicle/L5767,http://irail.be/stations/NMBS/008864915,L,2018-09-21T17:51:00,2018-09-21T17:51:00,-43,-43
http://irail.be/vehicle/L5767,http://irail.be/stations/NMBS/008864501,L,2018-09-21T17:56:00,2018-09-21T17:56:00,,-51
http://irail.be/vehicle/L5767,http://irail.be/stations/NMBS/008863008,L,2018-12-21T17:26:00,2018-12-21T17:26:00,136,
http://irail.be/vehicle/L5767,NO-URI,L,2018-12-21T17:27:00,2018-12-21T17:27:00,136,136
http://irail.be/vehicle/L5767,http://irail.be/stations/NMBS/008863354,L,2018-12-21T17:29:00,2018-12-21T17:29:00,167,148
http://irail.be/vehicle/L5767,http://irail.be/stations/NMBS/008863362,L,2018-12-21T17:32:00,2018-12-21T17:32:00,167,167
http://irail.be/vehicle/L5767,http://irail.be/stations/NMBS/008864964,L,2018-12-21T17:36:00,2018-12-21T17:36:00,167,167
http://irail.be/vehicle/L5767,http://irail.be/stations/NMBS/008864956,L,2018-12-21T17:39:00,2018-12-21T17:39:00,167,167
http://irail.be/vehicle/L5767,NO-URI,L,2018-12-21T17:41:00,2018-12-21T17:41:00,167,167
http://irail.be/vehicle/L5767,http://irail.be/stations/NMBS/008864949,L,2018-12-21T17:43:00,2018-12-21T17:43:00,156,156
http://irail.be/vehicle/L5767,http://irail.be/stations/NMBS/008864931,L,2018-12-21T17:47:00,2018-12-21T17:46:00,80,80
http://irail.be/vehicle/L5767,http://irail.be/stations/NMBS/008864923,L,2018-12-21T17:49:00,2018-12-21T17:49:00,80,80
http://irail.be/vehicle/L5767,http://irail.be/stations/NMBS/008864915,L,2018-12-21T17:51:00,2018-12-21T17:51:00,80,80
http://irail.be/vehicle/L5767,http://irail.be/stations/NMBS/008864501,L,2018-12-21T17:56:00,2018-12-21T17:56:00,,73
http://irail.be/vehicle/L5767,http://irail.be/stations/NMBS/008863008,L,2018-11-19T17:26:00,2018-11-19T17:26:00,51,
http://irail.be/vehicle/L5767,NO-URI,L,2018-11-19T17:27:00,2018-11-19T17:27:00,51,51
http://irail.be/vehicle/L5767,http://irail.be/stations/NMBS/008863354,L,2018-11-19T17:29:00,2018-11-19T17:29:00,108,68
http://irail.be/vehicle/L5767,http://irail.be/stations/NMBS/008863362,L,2018-11-19T17:32:00,2018-11-19T17:32:00,108,108
http://irail.be/vehicle/L5767,http://irail.be/stations/NMBS/008864964,L,2018-11-19T17:36:00,2018-11-19T17:36:00,108,108
http://irail.be/vehicle/L5767,http://irail.be/stations/NMBS/008864956,L,2018-11-19T17:39:00,2018-11-19T17:39:00,108,108
http://irail.be/vehicle/L5767,NO-URI,L,2018-11-19T17:41:00,2018-11-19T17:41:00,108,108
http://irail.be/vehicle/L5767,http://irail.be/stations/NMBS/008864949,L,2018-11-19T17:43:00,2018-11-19T17:43:00,103,103
http://irail.be/vehicle/L5767,http://irail.be/stations/NMBS/008864931,L,2018-11-19T17:47:00,2018-11-19T17:46:00,68,68
http://irail.be/vehicle/L5767,http://irail.be/stations/NMBS/008864923,L,2018-11-19T17:49:00,2018-11-19T17:49:00,68,68
http://irail.be/vehicle/L5767,http://irail.be/stations/NMBS/008864915,L,2018-11-19T17:51:00,2018-11-19T17:51:00,68,68
http://irail.be/vehicle/L5767,http://irail.be/stations/NMBS/008864501,L,2018-11-19T17:56:00,2018-11-19T17:56:00,,82
http://irail.be/vehicle/L5767,http://irail.be/stations/NMBS/008863008,L,2018-05-24T17:26:00,2018-05-24T17:26:00,194,
http://irail.be/vehicle/L5767,NO-URI,L,2018-05-24T17:27:00,2018-05-24T17:27:00,194,194
http://irail.be/vehicle/L5767,http://irail.be/stations/NMBS/008863354,L,2018-05-24T17:29:00,2018-05-24T17:29:00,207,207
http://irail.be/vehicle/L5767,http://irail.be/stations/NMBS/008863362,L,2018-05-24T17:32:00,2018-05-24T17:32:00,156,156
http://irail.be/vehicle/L5767,http://irail.be/stations/NMBS/008864964,L,2018-05-24T17:36:00,2018-05-24T17:36:00,156,156
http://irail.be/vehicle/L5767,http://irail.be/stations/NMBS/008864956,L,2018-05-24T17:39:00,2018-05-24T17:39:00,156,156
http://irail.be/vehicle/L5767,NO-URI,L,2018-05-24T17:41:00,2018-05-24T17:41:00,156,156
http://irail.be/vehicle/L5767,http://irail.be/stations/NMBS/008864949,L,2018-05-24T17:43:00,2018-05-24T17:43:00,144,144
http://irail.be/vehicle/L5767,http://irail.be/stations/NMBS/008864931,L,2018-05-24T17:47:00,2018-05-24T17:46:00,70,70
http://irail.be/vehicle/L5767,http://irail.be/stations/NMBS/008864923,L,2018-05-24T17:49:00,2018-05-24T17:49:00,70,70
http://irail.be/vehicle/L5767,http://irail.be/stations/NMBS/008864915,L,2018-05-24T17:51:00,2018-05-24T17:51:00,70,70
http://irail.be/vehicle/L5767,http://irail.be/stations/NMBS/008864501,L,2018-05-24T17:56:00,2018-05-24T17:56:00,,69
http://irail.be/vehicle/L5767,http://irail.be/stations/NMBS/008863008,L,2018-02-02T17:26:00,2018-02-02T17:26:00,53,
http://irail.be/vehicle/L5767,NO-URI,L,2018-02-02T17:27:00,2018-02-02T17:27:00,53,53
http://irail.be/vehicle/L5767,http://irail.be/stations/NMBS/008863354,L,2018-02-02T17:29:00,2018-02-02T17:29:00,71,71
http://irail.be/vehicle/L5767,http://irail.be/stations/NMBS/008863362,L,2018-02-02T17:32:00,2018-02-02T17:32:00,62,62
http://irail.be/vehicle/L5767,http://irail.be/stations/NMBS/008864964,L,2018-02-02T17:36:00,2018-02-02T17:36:00,62,62
http://irail.be/vehicle/L5767,http://irail.be/stations/NMBS/008864956,L,2018-02-02T17:39:00,2018-02-02T17:39:00,62,62
http://irail.be/vehicle/L5767,NO-URI,L,2018-02-02T17:41:00,2018-02-02T17:41:00,62,62
http://irail.be/vehicle/L5767,http://irail.be/stations/NMBS/008864949,L,2018-02-02T17:43:00,2018-02-02T17:43:00,52,52
http://irail.be/vehicle/L5767,http://irail.be/stations/NMBS/008864931,L,2018-02-02T17:47:00,2018-02-02T17:46:00,-49,-49
http://irail.be/vehicle/L5767,http://irail.be/stations/NMBS/008864923,L,2018-02-02T17:49:00,2018-02-02T17:49:00,-49,-49
http://irail.be/vehicle/L5767,http://irail.be/stations/NMBS/008864915,L,2018-02-02T17:51:00,2018-02-02T17:51:00,-49,-49
http://irail.be/vehicle/L5767,http://irail.be/stations/NMBS/008864501,L,2018-02-02T17:56:00,2018-02-02T17:56:00,,-36
http://irail.be/vehicle/L5767,http://irail.be/stations/NMBS/008863008,L,2018-09-27T17:26:00,2018-09-27T17:26:00,217,
http://irail.be/vehicle/L5767,NO-URI,L,2018-09-27T17:27:00,2018-09-27T17:27:00,217,217
http://irail.be/vehicle/L5767,http://irail.be/stations/NMBS/008863354,L,2018-09-27T17:29:00,2018-09-27T17:29:00,227,227
http://irail.be/vehicle/L5767,http://irail.be/stations/NMBS/008863362,L,2018-09-27T17:32:00,2018-09-27T17:32:00,141,141
http://irail.be/vehicle/L5767,http://irail.be/stations/NMBS/008864964,L,2018-09-27T17:36:00,2018-09-27T17:36:00,141,141
http://irail.be/vehicle/L5767,http://irail.be/stations/NMBS/008864956,L,2018-09-27T17:39:00,2018-09-27T17:39:00,141,141
http://irail.be/vehicle/L5767,NO-URI,L,2018-09-27T17:41:00,2018-09-27T17:41:00,141,141
http://irail.be/vehicle/L5767,http://irail.be/stations/NMBS/008864949,L,2018-09-27T17:43:00,2018-09-27T17:43:00,126,126
http://irail.be/vehicle/L5767,http://irail.be/stations/NMBS/008864931,L,2018-09-27T17:47:00,2018-09-27T17:46:00,19,19
http://irail.be/vehicle/L5767,http://irail.be/stations/NMBS/008864923,L,2018-09-27T17:49:00,2018-09-27T17:49:00,19,19
http://irail.be/vehicle/L5767,http://irail.be/stations/NMBS/008864915,L,2018-09-27T17:51:00,2018-09-27T17:51:00,19,19
http://irail.be/vehicle/L5767,http://irail.be/stations/NMBS/008864501,L,2018-09-27T17:56:00,2018-09-27T17:56:00,,13
http://irail.be/vehicle/L5767,http://irail.be/stations/NMBS/008863008,L,2018-11-09T17:26:00,2018-11-09T17:26:00,532,
http://irail.be/vehicle/L5767,NO-URI,L,2018-11-09T17:27:00,2018-11-09T17:27:00,532,532
http://irail.be/vehicle/L5767,http://irail.be/stations/NMBS/008863354,L,2018-11-09T17:29:00,2018-11-09T17:29:00,541,541
http://irail.be/vehicle/L5767,http://irail.be/stations/NMBS/008863362,L,2018-11-09T17:32:00,2018-11-09T17:32:00,485,485
http://irail.be/vehicle/L5767,http://irail.be/stations/NMBS/008864964,L,2018-11-09T17:36:00,2018-11-09T17:36:00,485,485
http://irail.be/vehicle/L5767,http://irail.be/stations/NMBS/008864956,L,2018-11-09T17:39:00,2018-11-09T17:39:00,485,485
http://irail.be/vehicle/L5767,NO-URI,L,2018-11-09T17:41:00,2018-11-09T17:41:00,485,485
http://irail.be/vehicle/L5767,http://irail.be/stations/NMBS/008864949,L,2018-11-09T17:43:00,2018-11-09T17:43:00,480,480
http://irail.be/vehicle/L5767,http://irail.be/stations/NMBS/008864931,L,2018-11-09T17:47:00,2018-11-09T17:46:00,398,398
http://irail.be/vehicle/L5767,http://irail.be/stations/NMBS/008864923,L,2018-11-09T17:49:00,2018-11-09T17:49:00,398,398
http://irail.be/vehicle/L5767,http://irail.be/stations/NMBS/008864915,L,2018-11-09T17:51:00,2018-11-09T17:51:00,398,398
http://irail.be/vehicle/L5767,http://irail.be/stations/NMBS/008864501,L,2018-11-09T17:56:00,2018-11-09T17:56:00,,393
http://irail.be/vehicle/L5767,http://irail.be/stations/NMBS/008863008,L,2018-03-21T17:26:00,2018-03-21T17:26:00,92,
http://irail.be/vehicle/L5767,NO-URI,L,2018-03-21T17:27:00,2018-03-21T17:27:00,92,92
http://irail.be/vehicle/L5767,http://irail.be/stations/NMBS/008863354,L,2018-03-21T17:29:00,2018-03-21T17:29:00,216,108
http://irail.be/vehicle/L5767,http://irail.be/stations/NMBS/008863362,L,2018-03-21T17:32:00,2018-03-21T17:32:00,216,216
http://irail.be/vehicle/L5767,http://irail.be/stations/NMBS/008864964,L,2018-03-21T17:36:00,2018-03-21T17:36:00,216,216
http://irail.be/vehicle/L5767,http://irail.be/stations/NMBS/008864956,L,2018-03-21T17:39:00,2018-03-21T17:39:00,216,216
http://irail.be/vehicle/L5767,NO-URI,L,2018-03-21T17:41:00,2018-03-21T17:41:00,216,216
http://irail.be/vehicle/L5767,http://irail.be/stations/NMBS/008864949,L,2018-03-21T17:43:00,2018-03-21T17:43:00,212,212
http://irail.be/vehicle/L5767,http://irail.be/stations/NMBS/008864931,L,2018-03-21T17:47:00,2018-03-21T17:46:00,174,174
http://irail.be/vehicle/L5767,http://irail.be/stations/NMBS/008864923,L,2018-03-21T17:49:00,2018-03-21T17:49:00,174,174
http://irail.be/vehicle/L5767,http://irail.be/stations/NMBS/008864915,L,2018-03-21T17:51:00,2018-03-21T17:51:00,174,174
http://irail.be/vehicle/L5767,http://irail.be/stations/NMBS/008864501,L,2018-03-21T17:56:00,2018-03-21T17:56:00,,222
http://irail.be/vehicle/L5767,http://irail.be/stations/NMBS/008863008,L,2018-10-02T17:26:00,2018-10-02T17:26:00,629,
http://irail.be/vehicle/L5767,NO-URI,L,2018-10-02T17:27:00,2018-10-02T17:27:00,629,629
http://irail.be/vehicle/L5767,http://irail.be/stations/NMBS/008863354,L,2018-10-02T17:29:00,2018-10-02T17:29:00,648,648
http://irail.be/vehicle/L5767,http://irail.be/stations/NMBS/008863362,L,2018-10-02T17:32:00,2018-10-02T17:32:00,551,551
http://irail.be/vehicle/L5767,http://irail.be/stations/NMBS/008864964,L,2018-10-02T17:36:00,2018-10-02T17:36:00,551,551
http://irail.be/vehicle/L5767,http://irail.be/stations/NMBS/008864956,L,2018-10-02T17:39:00,2018-10-02T17:39:00,551,551
http://irail.be/vehicle/L5767,NO-URI,L,2018-10-02T17:41:00,2018-10-02T17:41:00,551,551
http://irail.be/vehicle/L5767,http://irail.be/stations/NMBS/008864949,L,2018-10-02T17:43:00,2018-10-02T17:43:00,537,537
http://irail.be/vehicle/L5767,http://irail.be/stations/NMBS/008864931,L,2018-10-02T17:47:00,2018-10-02T17:46:00,419,419
http://irail.be/vehicle/L5767,http://irail.be/stations/NMBS/008864923,L,2018-10-02T17:49:00,2018-10-02T17:49:00,419,419
http://irail.be/vehicle/L5767,http://irail.be/stations/NMBS/008864915,L,2018-10-02T17:51:00,2018-10-02T17:51:00,419,419
http://irail.be/vehicle/L5767,http://irail.be/stations/NMBS/008864501,L,2018-10-02T17:56:00,2018-10-02T17:56:00,,420
http://irail.be/vehicle/L5767,http://irail.be/stations/NMBS/008863008,L,2018-04-30T17:26:00,2018-04-30T17:26:00,51,
http://irail.be/vehicle/L5767,NO-URI,L,2018-04-30T17:27:00,2018-04-30T17:27:00,51,51
http://irail.be/vehicle/L5767,http://irail.be/stations/NMBS/008863354,L,2018-04-30T17:29:00,2018-04-30T17:29:00,79,79
http://irail.be/vehicle/L5767,http://irail.be/stations/NMBS/008863362,L,2018-04-30T17:32:00,2018-04-30T17:32:00,54,54
http://irail.be/vehicle/L5767,http://irail.be/stations/NMBS/008864964,L,2018-04-30T17:36:00,2018-04-30T17:36:00,54,54
http://irail.be/vehicle/L5767,http://irail.be/stations/NMBS/008864956,L,2018-04-30T17:39:00,2018-04-30T17:39:00,54,54
http://irail.be/vehicle/L5767,NO-URI,L,2018-04-30T17:41:00,2018-04-30T17:41:00,54,54
http://irail.be/vehicle/L5767,http://irail.be/stations/NMBS/008864949,L,2018-04-30T17:43:00,2018-04-30T17:43:00,41,41
http://irail.be/vehicle/L5767,http://irail.be/stations/NMBS/008864931,L,2018-04-30T17:47:00,2018-04-30T17:46:00,-25,-25
http://irail.be/vehicle/L5767,http://irail.be/stations/NMBS/008864923,L,2018-04-30T17:49:00,2018-04-30T17:49:00,-25,-25
http://irail.be/vehicle/L5767,http://irail.be/stations/NMBS/008864915,L,2018-04-30T17:51:00,2018-04-30T17:51:00,-25,-25
http://irail.be/vehicle/L5767,http://irail.be/stations/NMBS/008864501,L,2018-04-30T17:56:00,2018-04-30T17:56:00,,-13
http://irail.be/vehicle/L5767,http://irail.be/stations/NMBS/008863008,L,2018-08-23T17:26:00,2018-08-23T17:26:00,175,
http://irail.be/vehicle/L5767,NO-URI,L,2018-08-23T17:27:00,2018-08-23T17:27:00,175,175
http://irail.be/vehicle/L5767,http://irail.be/stations/NMBS/008863354,L,2018-08-23T17:29:00,2018-08-23T17:29:00,175,175
http://irail.be/vehicle/L5767,http://irail.be/stations/NMBS/008863362,L,2018-08-23T17:32:00,2018-08-23T17:32:00,153,153
http://irail.be/vehicle/L5767,http://irail.be/stations/NMBS/008864964,L,2018-08-23T17:36:00,2018-08-23T17:36:00,153,153
http://irail.be/vehicle/L5767,http://irail.be/stations/NMBS/008864956,L,2018-08-23T17:39:00,2018-08-23T17:39:00,153,153
http://irail.be/vehicle/L5767,NO-URI,L,2018-08-23T17:41:00,2018-08-23T17:41:00,153,153
http://irail.be/vehicle/L5767,http://irail.be/stations/NMBS/008864949,L,2018-08-23T17:43:00,2018-08-23T17:43:00,147,147
http://irail.be/vehicle/L5767,http://irail.be/stations/NMBS/008864931,L,2018-08-23T17:47:00,2018-08-23T17:46:00,48,48
http://irail.be/vehicle/L5767,http://irail.be/stations/NMBS/008864923,L,2018-08-23T17:49:00,2018-08-23T17:49:00,48,48
http://irail.be/vehicle/L5767,http://irail.be/stations/NMBS/008864915,L,2018-08-23T17:51:00,2018-08-23T17:51:00,48,48
http://irail.be/vehicle/L5767,http://irail.be/stations/NMBS/008864501,L,2018-08-23T17:56:00,2018-08-23T17:56:00,,78
http://irail.be/vehicle/L5767,http://irail.be/stations/NMBS/008863008,L,2018-08-16T17:26:00,2018-08-16T17:26:00,55,
http://irail.be/vehicle/L5767,NO-URI,L,2018-08-16T17:27:00,2018-08-16T17:27:00,55,55
http://irail.be/vehicle/L5767,http://irail.be/stations/NMBS/008863354,L,2018-08-16T17:29:00,2018-08-16T17:29:00,147,55
http://irail.be/vehicle/L5767,http://irail.be/stations/NMBS/008863362,L,2018-08-16T17:32:00,2018-08-16T17:32:00,147,147
http://irail.be/vehicle/L5767,http://irail.be/stations/NMBS/008864964,L,2018-08-16T17:36:00,2018-08-16T17:36:00,147,147
http://irail.be/vehicle/L5767,http://irail.be/stations/NMBS/008864956,L,2018-08-16T17:39:00,2018-08-16T17:39:00,147,147
http://irail.be/vehicle/L5767,NO-URI,L,2018-08-16T17:41:00,2018-08-16T17:41:00,147,147
http://irail.be/vehicle/L5767,http://irail.be/stations/NMBS/008864949,L,2018-08-16T17:43:00,2018-08-16T17:43:00,135,135
http://irail.be/vehicle/L5767,http://irail.be/stations/NMBS/008864931,L,2018-08-16T17:47:00,2018-08-16T17:46:00,94,94
http://irail.be/vehicle/L5767,http://irail.be/stations/NMBS/008864923,L,2018-08-16T17:49:00,2018-08-16T17:49:00,94,94
http://irail.be/vehicle/L5767,http://irail.be/stations/NMBS/008864915,L,2018-08-16T17:51:00,2018-08-16T17:51:00,94,94
http://irail.be/vehicle/L5767,http://irail.be/stations/NMBS/008864501,L,2018-08-16T17:56:00,2018-08-16T17:56:00,,114
http://irail.be/vehicle/L5767,http://irail.be/stations/NMBS/008863008,L,2018-10-12T17:26:00,2018-10-12T17:26:00,18,
http://irail.be/vehicle/L5767,NO-URI,L,2018-10-12T17:27:00,2018-10-12T17:27:00,18,18
http://irail.be/vehicle/L5767,http://irail.be/stations/NMBS/008863354,L,2018-10-12T17:29:00,2018-10-12T17:29:00,81,30
http://irail.be/vehicle/L5767,http://irail.be/stations/NMBS/008863362,L,2018-10-12T17:32:00,2018-10-12T17:32:00,81,81
http://irail.be/vehicle/L5767,http://irail.be/stations/NMBS/008864964,L,2018-10-12T17:36:00,2018-10-12T17:36:00,81,81
http://irail.be/vehicle/L5767,http://irail.be/stations/NMBS/008864956,L,2018-10-12T17:39:00,2018-10-12T17:39:00,81,81
http://irail.be/vehicle/L5767,NO-URI,L,2018-10-12T17:41:00,2018-10-12T17:41:00,318,81
http://irail.be/vehicle/L5767,http://irail.be/stations/NMBS/008864949,L,2018-10-12T17:43:00,2018-10-12T17:43:00,318,318
http://irail.be/vehicle/L5767,http://irail.be/stations/NMBS/008864931,L,2018-10-12T17:47:00,2018-10-12T17:46:00,279,279
http://irail.be/vehicle/L5767,http://irail.be/stations/NMBS/008864923,L,2018-10-12T17:49:00,2018-10-12T17:49:00,279,279
http://irail.be/vehicle/L5767,http://irail.be/stations/NMBS/008864915,L,2018-10-12T17:51:00,2018-10-12T17:51:00,279,279
http://irail.be/vehicle/L5767,http://irail.be/stations/NMBS/008864501,L,2018-10-12T17:56:00,2018-10-12T17:56:00,,271
http://irail.be/vehicle/L5767,http://irail.be/stations/NMBS/008863008,L,2018-01-30T17:26:00,2018-01-30T17:26:00,39,
http://irail.be/vehicle/L5767,NO-URI,L,2018-01-30T17:27:00,2018-01-30T17:27:00,39,39
http://irail.be/vehicle/L5767,http://irail.be/stations/NMBS/008863354,L,2018-01-30T17:29:00,2018-01-30T17:29:00,57,57
http://irail.be/vehicle/L5767,http://irail.be/stations/NMBS/008863362,L,2018-01-30T17:32:00,2018-01-30T17:32:00,36,36
http://irail.be/vehicle/L5767,http://irail.be/stations/NMBS/008864964,L,2018-01-30T17:36:00,2018-01-30T17:36:00,36,36
http://irail.be/vehicle/L5767,http://irail.be/stations/NMBS/008864956,L,2018-01-30T17:39:00,2018-01-30T17:39:00,36,36
http://irail.be/vehicle/L5767,NO-URI,L,2018-01-30T17:41:00,2018-01-30T17:41:00,36,36
http://irail.be/vehicle/L5767,http://irail.be/stations/NMBS/008864949,L,2018-01-30T17:43:00,2018-01-30T17:43:00,24,24
http://irail.be/vehicle/L5767,http://irail.be/stations/NMBS/008864931,L,2018-01-30T17:47:00,2018-01-30T17:46:00,-18,-18
http://irail.be/vehicle/L5767,http://irail.be/stations/NMBS/008864923,L,2018-01-30T17:49:00,2018-01-30T17:49:00,-18,-18
http://irail.be/vehicle/L5767,http://irail.be/stations/NMBS/008864915,L,2018-01-30T17:51:00,2018-01-30T17:51:00,-18,-18
http://irail.be/vehicle/L5767,http://irail.be/stations/NMBS/008864501,L,2018-01-30T17:56:00,2018-01-30T17:56:00,,-13
http://irail.be/vehicle/L5767,http://irail.be/stations/NMBS/008863008,L,2018-08-30T17:26:00,2018-08-30T17:26:00,57,
http://irail.be/vehicle/L5767,NO-URI,L,2018-08-30T17:27:00,2018-08-30T17:27:00,57,57
http://irail.be/vehicle/L5767,http://irail.be/stations/NMBS/008863354,L,2018-08-30T17:29:00,2018-08-30T17:29:00,194,57
http://irail.be/vehicle/L5767,http://irail.be/stations/NMBS/008863362,L,2018-08-30T17:32:00,2018-08-30T17:32:00,194,194
http://irail.be/vehicle/L5767,http://irail.be/stations/NMBS/008864964,L,2018-08-30T17:36:00,2018-08-30T17:36:00,194,194
http://irail.be/vehicle/L5767,http://irail.be/stations/NMBS/008864956,L,2018-08-30T17:39:00,2018-08-30T17:39:00,194,194
http://irail.be/vehicle/L5767,NO-URI,L,2018-08-30T17:41:00,2018-08-30T17:41:00,194,194
http://irail.be/vehicle/L5767,http://irail.be/stations/NMBS/008864949,L,2018-08-30T17:43:00,2018-08-30T17:43:00,193,193
http://irail.be/vehicle/L5767,http://irail.be/stations/NMBS/008864931,L,2018-08-30T17:47:00,2018-08-30T17:46:00,128,128
http://irail.be/vehicle/L5767,http://irail.be/stations/NMBS/008864923,L,2018-08-30T17:49:00,2018-08-30T17:49:00,128,128
http://irail.be/vehicle/L5767,http://irail.be/stations/NMBS/008864915,L,2018-08-30T17:51:00,2018-08-30T17:51:00,128,128
http://irail.be/vehicle/L5767,http://irail.be/stations/NMBS/008864501,L,2018-08-30T17:56:00,2018-08-30T17:56:00,,122
http://irail.be/vehicle/L5767,http://irail.be/stations/NMBS/008863008,L,2018-08-27T17:26:00,2018-08-27T17:26:00,122,
http://irail.be/vehicle/L5767,NO-URI,L,2018-08-27T17:27:00,2018-08-27T17:27:00,122,122
http://irail.be/vehicle/L5767,http://irail.be/stations/NMBS/008863354,L,2018-08-27T17:29:00,2018-08-27T17:29:00,122,122
http://irail.be/vehicle/L5767,http://irail.be/stations/NMBS/008863362,L,2018-08-27T17:32:00,2018-08-27T17:32:00,67,67
http://irail.be/vehicle/L5767,http://irail.be/stations/NMBS/008864964,L,2018-08-27T17:36:00,2018-08-27T17:36:00,67,67
http://irail.be/vehicle/L5767,http://irail.be/stations/NMBS/008864956,L,2018-08-27T17:39:00,2018-08-27T17:39:00,67,67
http://irail.be/vehicle/L5767,NO-URI,L,2018-08-27T17:41:00,2018-08-27T17:41:00,67,67
http://irail.be/vehicle/L5767,http://irail.be/stations/NMBS/008864949,L,2018-08-27T17:43:00,2018-08-27T17:43:00,52,52
http://irail.be/vehicle/L5767,http://irail.be/stations/NMBS/008864931,L,2018-08-27T17:47:00,2018-08-27T17:46:00,-56,-56
http://irail.be/vehicle/L5767,http://irail.be/stations/NMBS/008864923,L,2018-08-27T17:49:00,2018-08-27T17:49:00,-56,-56
http://irail.be/vehicle/L5767,http://irail.be/stations/NMBS/008864915,L,2018-08-27T17:51:00,2018-08-27T17:51:00,-56,-56
http://irail.be/vehicle/L5767,http://irail.be/stations/NMBS/008864501,L,2018-08-27T17:56:00,2018-08-27T17:56:00,,-49
http://irail.be/vehicle/L5767,http://irail.be/stations/NMBS/008863008,L,2018-01-18T17:26:00,2018-01-18T17:26:00,29,
http://irail.be/vehicle/L5767,NO-URI,L,2018-01-18T17:27:00,2018-01-18T17:27:00,29,29
http://irail.be/vehicle/L5767,http://irail.be/stations/NMBS/008863354,L,2018-01-18T17:29:00,2018-01-18T17:29:00,39,39
http://irail.be/vehicle/L5767,http://irail.be/stations/NMBS/008863362,L,2018-01-18T17:32:00,2018-01-18T17:32:00,38,38
http://irail.be/vehicle/L5767,http://irail.be/stations/NMBS/008864964,L,2018-01-18T17:36:00,2018-01-18T17:36:00,38,38
http://irail.be/vehicle/L5767,http://irail.be/stations/NMBS/008864956,L,2018-01-18T17:39:00,2018-01-18T17:39:00,38,38
http://irail.be/vehicle/L5767,NO-URI,L,2018-01-18T17:41:00,2018-01-18T17:41:00,38,38
http://irail.be/vehicle/L5767,http://irail.be/stations/NMBS/008864949,L,2018-01-18T17:43:00,2018-01-18T17:43:00,27,27
http://irail.be/vehicle/L5767,http://irail.be/stations/NMBS/008864931,L,2018-01-18T17:47:00,2018-01-18T17:46:00,-3,-3
http://irail.be/vehicle/L5767,http://irail.be/stations/NMBS/008864923,L,2018-01-18T17:49:00,2018-01-18T17:49:00,-3,-3
http://irail.be/vehicle/L5767,http://irail.be/stations/NMBS/008864915,L,2018-01-18T17:51:00,2018-01-18T17:51:00,-3,-3
http://irail.be/vehicle/L5767,http://irail.be/stations/NMBS/008864501,L,2018-01-18T17:56:00,2018-01-18T17:56:00,,7
http://irail.be/vehicle/L5767,http://irail.be/stations/NMBS/008863008,L,2018-11-13T17:26:00,2018-11-13T17:26:00,150,
http://irail.be/vehicle/L5767,NO-URI,L,2018-11-13T17:27:00,2018-11-13T17:27:00,150,150
http://irail.be/vehicle/L5767,http://irail.be/stations/NMBS/008863354,L,2018-11-13T17:29:00,2018-11-13T17:29:00,171,164
http://irail.be/vehicle/L5767,http://irail.be/stations/NMBS/008863362,L,2018-11-13T17:32:00,2018-11-13T17:32:00,171,171
http://irail.be/vehicle/L5767,http://irail.be/stations/NMBS/008864964,L,2018-11-13T17:36:00,2018-11-13T17:36:00,171,171
http://irail.be/vehicle/L5767,http://irail.be/stations/NMBS/008864956,L,2018-11-13T17:39:00,2018-11-13T17:39:00,171,171
http://irail.be/vehicle/L5767,NO-URI,L,2018-11-13T17:41:00,2018-11-13T17:41:00,171,171
http://irail.be/vehicle/L5767,http://irail.be/stations/NMBS/008864949,L,2018-11-13T17:43:00,2018-11-13T17:43:00,158,158
http://irail.be/vehicle/L5767,http://irail.be/stations/NMBS/008864931,L,2018-11-13T17:47:00,2018-11-13T17:46:00,77,77
http://irail.be/vehicle/L5767,http://irail.be/stations/NMBS/008864923,L,2018-11-13T17:49:00,2018-11-13T17:49:00,77,77
http://irail.be/vehicle/L5767,http://irail.be/stations/NMBS/008864915,L,2018-11-13T17:51:00,2018-11-13T17:51:00,77,77
http://irail.be/vehicle/L5767,http://irail.be/stations/NMBS/008864501,L,2018-11-13T17:56:00,2018-11-13T17:56:00,,71
http://irail.be/vehicle/L5767,http://irail.be/stations/NMBS/008863008,L,2018-12-19T17:26:00,2018-12-19T17:26:00,42,
http://irail.be/vehicle/L5767,NO-URI,L,2018-12-19T17:27:00,2018-12-19T17:27:00,42,42
http://irail.be/vehicle/L5767,http://irail.be/stations/NMBS/008863354,L,2018-12-19T17:29:00,2018-12-19T17:29:00,75,56
http://irail.be/vehicle/L5767,http://irail.be/stations/NMBS/008863362,L,2018-12-19T17:32:00,2018-12-19T17:32:00,75,75
http://irail.be/vehicle/L5767,http://irail.be/stations/NMBS/008864964,L,2018-12-19T17:36:00,2018-12-19T17:36:00,75,75
http://irail.be/vehicle/L5767,http://irail.be/stations/NMBS/008864956,L,2018-12-19T17:39:00,2018-12-19T17:39:00,75,75
http://irail.be/vehicle/L5767,NO-URI,L,2018-12-19T17:41:00,2018-12-19T17:41:00,75,75
http://irail.be/vehicle/L5767,http://irail.be/stations/NMBS/008864949,L,2018-12-19T17:43:00,2018-12-19T17:43:00,61,61
http://irail.be/vehicle/L5767,http://irail.be/stations/NMBS/008864931,L,2018-12-19T17:47:00,2018-12-19T17:46:00,-3,-3
http://irail.be/vehicle/L5767,http://irail.be/stations/NMBS/008864923,L,2018-12-19T17:49:00,2018-12-19T17:49:00,-3,-3
http://irail.be/vehicle/L5767,http://irail.be/stations/NMBS/008864915,L,2018-12-19T17:51:00,2018-12-19T17:51:00,-3,-3
http://irail.be/vehicle/L5767,http://irail.be/stations/NMBS/008864501,L,2018-12-19T17:56:00,2018-12-19T17:56:00,,36
http://irail.be/vehicle/L5767,http://irail.be/stations/NMBS/008863008,L,2018-12-18T17:26:00,2018-12-18T17:26:00,50,
http://irail.be/vehicle/L5767,NO-URI,L,2018-12-18T17:27:00,2018-12-18T17:27:00,50,50
http://irail.be/vehicle/L5767,http://irail.be/stations/NMBS/008863354,L,2018-12-18T17:29:00,2018-12-18T17:29:00,140,63
http://irail.be/vehicle/L5767,http://irail.be/stations/NMBS/008863362,L,2018-12-18T17:32:00,2018-12-18T17:32:00,140,140
http://irail.be/vehicle/L5767,http://irail.be/stations/NMBS/008864964,L,2018-12-18T17:36:00,2018-12-18T17:36:00,140,140
http://irail.be/vehicle/L5767,http://irail.be/stations/NMBS/008864956,L,2018-12-18T17:39:00,2018-12-18T17:39:00,140,140
http://irail.be/vehicle/L5767,NO-URI,L,2018-12-18T17:41:00,2018-12-18T17:41:00,140,140
http://irail.be/vehicle/L5767,http://irail.be/stations/NMBS/008864949,L,2018-12-18T17:43:00,2018-12-18T17:43:00,133,133
http://irail.be/vehicle/L5767,http://irail.be/stations/NMBS/008864931,L,2018-12-18T17:47:00,2018-12-18T17:46:00,76,76
http://irail.be/vehicle/L5767,http://irail.be/stations/NMBS/008864923,L,2018-12-18T17:49:00,2018-12-18T17:49:00,76,76
http://irail.be/vehicle/L5767,http://irail.be/stations/NMBS/008864915,L,2018-12-18T17:51:00,2018-12-18T17:51:00,76,76
http://irail.be/vehicle/L5767,http://irail.be/stations/NMBS/008864501,L,2018-12-18T17:56:00,2018-12-18T17:56:00,,74
http://irail.be/vehicle/L5767,http://irail.be/stations/NMBS/008863008,L,2018-12-04T17:26:00,2018-12-04T17:26:00,22,
http://irail.be/vehicle/L5767,NO-URI,L,2018-12-04T17:27:00,2018-12-04T17:27:00,22,22
http://irail.be/vehicle/L5767,http://irail.be/stations/NMBS/008863354,L,2018-12-04T17:29:00,2018-12-04T17:29:00,56,32
http://irail.be/vehicle/L5767,http://irail.be/stations/NMBS/008863362,L,2018-12-04T17:32:00,2018-12-04T17:32:00,56,56
http://irail.be/vehicle/L5767,http://irail.be/stations/NMBS/008864964,L,2018-12-04T17:36:00,2018-12-04T17:36:00,56,56
http://irail.be/vehicle/L5767,http://irail.be/stations/NMBS/008864956,L,2018-12-04T17:39:00,2018-12-04T17:39:00,56,56
http://irail.be/vehicle/L5767,NO-URI,L,2018-12-04T17:41:00,2018-12-04T17:41:00,56,56
http://irail.be/vehicle/L5767,http://irail.be/stations/NMBS/008864949,L,2018-12-04T17:43:00,2018-12-04T17:43:00,54,52
http://irail.be/vehicle/L5767,http://irail.be/stations/NMBS/008864931,L,2018-12-04T17:47:00,2018-12-04T17:46:00,54,54
http://irail.be/vehicle/L5767,http://irail.be/stations/NMBS/008864923,L,2018-12-04T17:49:00,2018-12-04T17:49:00,54,54
http://irail.be/vehicle/L5767,http://irail.be/stations/NMBS/008864915,L,2018-12-04T17:51:00,2018-12-04T17:51:00,54,54
http://irail.be/vehicle/L5767,http://irail.be/stations/NMBS/008864501,L,2018-12-04T17:56:00,2018-12-04T17:56:00,,162
http://irail.be/vehicle/L5767,http://irail.be/stations/NMBS/008863008,L,2018-07-17T17:26:00,2018-07-17T17:26:00,469,
http://irail.be/vehicle/L5767,NO-URI,L,2018-07-17T17:27:00,2018-07-17T17:27:00,469,469
http://irail.be/vehicle/L5767,http://irail.be/stations/NMBS/008863354,L,2018-07-17T17:29:00,2018-07-17T17:29:00,469,469
http://irail.be/vehicle/L5767,http://irail.be/stations/NMBS/008863362,L,2018-07-17T17:32:00,2018-07-17T17:32:00,447,447
http://irail.be/vehicle/L5767,http://irail.be/stations/NMBS/008864964,L,2018-07-17T17:36:00,2018-07-17T17:36:00,447,447
http://irail.be/vehicle/L5767,http://irail.be/stations/NMBS/008864956,L,2018-07-17T17:39:00,2018-07-17T17:39:00,447,447
http://irail.be/vehicle/L5767,NO-URI,L,2018-07-17T17:41:00,2018-07-17T17:41:00,447,447
http://irail.be/vehicle/L5767,http://irail.be/stations/NMBS/008864949,L,2018-07-17T17:43:00,2018-07-17T17:43:00,432,432
http://irail.be/vehicle/L5767,http://irail.be/stations/NMBS/008864931,L,2018-07-17T17:47:00,2018-07-17T17:46:00,329,329
http://irail.be/vehicle/L5767,http://irail.be/stations/NMBS/008864923,L,2018-07-17T17:49:00,2018-07-17T17:49:00,329,329
http://irail.be/vehicle/L5767,http://irail.be/stations/NMBS/008864915,L,2018-07-17T17:51:00,2018-07-17T17:51:00,329,329
http://irail.be/vehicle/L5767,http://irail.be/stations/NMBS/008864501,L,2018-07-17T17:56:00,2018-07-17T17:56:00,,332
http://irail.be/vehicle/L5767,http://irail.be/stations/NMBS/008863008,L,2018-09-05T17:26:00,2018-09-05T17:26:00,150,
http://irail.be/vehicle/L5767,NO-URI,L,2018-09-05T17:27:00,2018-09-05T17:27:00,150,150
http://irail.be/vehicle/L5767,http://irail.be/stations/NMBS/008863354,L,2018-09-05T17:29:00,2018-09-05T17:29:00,162,162
http://irail.be/vehicle/L5767,http://irail.be/stations/NMBS/008863362,L,2018-09-05T17:32:00,2018-09-05T17:32:00,150,150
http://irail.be/vehicle/L5767,http://irail.be/stations/NMBS/008864964,L,2018-09-05T17:36:00,2018-09-05T17:36:00,150,150
http://irail.be/vehicle/L5767,http://irail.be/stations/NMBS/008864956,L,2018-09-05T17:39:00,2018-09-05T17:39:00,150,150
http://irail.be/vehicle/L5767,NO-URI,L,2018-09-05T17:41:00,2018-09-05T17:41:00,150,150
http://irail.be/vehicle/L5767,http://irail.be/stations/NMBS/008864949,L,2018-09-05T17:43:00,2018-09-05T17:43:00,140,140
http://irail.be/vehicle/L5767,http://irail.be/stations/NMBS/008864931,L,2018-09-05T17:47:00,2018-09-05T17:46:00,84,84
http://irail.be/vehicle/L5767,http://irail.be/stations/NMBS/008864923,L,2018-09-05T17:49:00,2018-09-05T17:49:00,84,84
http://irail.be/vehicle/L5767,http://irail.be/stations/NMBS/008864915,L,2018-09-05T17:51:00,2018-09-05T17:51:00,84,84
http://irail.be/vehicle/L5767,http://irail.be/stations/NMBS/008864501,L,2018-09-05T17:56:00,2018-09-05T17:56:00,,92
http://irail.be/vehicle/L5767,http://irail.be/stations/NMBS/008863008,L,2018-07-24T17:26:00,2018-07-24T17:26:00,392,
http://irail.be/vehicle/L5767,NO-URI,L,2018-07-24T17:27:00,2018-07-24T17:27:00,392,392
http://irail.be/vehicle/L5767,http://irail.be/stations/NMBS/008863354,L,2018-07-24T17:29:00,2018-07-24T17:29:00,542,392
http://irail.be/vehicle/L5767,http://irail.be/stations/NMBS/008863362,L,2018-07-24T17:32:00,2018-07-24T17:32:00,542,542
http://irail.be/vehicle/L5767,http://irail.be/stations/NMBS/008864964,L,2018-07-24T17:36:00,2018-07-24T17:36:00,542,542
http://irail.be/vehicle/L5767,http://irail.be/stations/NMBS/008864956,L,2018-07-24T17:39:00,2018-07-24T17:39:00,542,542
http://irail.be/vehicle/L5767,NO-URI,L,2018-07-24T17:41:00,2018-07-24T17:41:00,542,542
http://irail.be/vehicle/L5767,http://irail.be/stations/NMBS/008864949,L,2018-07-24T17:43:00,2018-07-24T17:43:00,530,530
http://irail.be/vehicle/L5767,http://irail.be/stations/NMBS/008864931,L,2018-07-24T17:47:00,2018-07-24T17:46:00,437,437
http://irail.be/vehicle/L5767,http://irail.be/stations/NMBS/008864923,L,2018-07-24T17:49:00,2018-07-24T17:49:00,437,437
http://irail.be/vehicle/L5767,http://irail.be/stations/NMBS/008864915,L,2018-07-24T17:51:00,2018-07-24T17:51:00,437,437
http://irail.be/vehicle/L5767,http://irail.be/stations/NMBS/008864501,L,2018-07-24T17:56:00,2018-07-24T17:56:00,,436
http://irail.be/vehicle/L5767,http://irail.be/stations/NMBS/008863008,L,2018-09-18T17:26:00,2018-09-18T17:26:00,263,
http://irail.be/vehicle/L5767,NO-URI,L,2018-09-18T17:27:00,2018-09-18T17:27:00,263,263
http://irail.be/vehicle/L5767,http://irail.be/stations/NMBS/008863354,L,2018-09-18T17:29:00,2018-09-18T17:29:00,277,277
http://irail.be/vehicle/L5767,http://irail.be/stations/NMBS/008863362,L,2018-09-18T17:32:00,2018-09-18T17:32:00,269,269
http://irail.be/vehicle/L5767,http://irail.be/stations/NMBS/008864964,L,2018-09-18T17:36:00,2018-09-18T17:36:00,269,269
http://irail.be/vehicle/L5767,http://irail.be/stations/NMBS/008864956,L,2018-09-18T17:39:00,2018-09-18T17:39:00,269,269
http://irail.be/vehicle/L5767,NO-URI,L,2018-09-18T17:41:00,2018-09-18T17:41:00,269,269
http://irail.be/vehicle/L5767,http://irail.be/stations/NMBS/008864949,L,2018-09-18T17:43:00,2018-09-18T17:43:00,254,254
http://irail.be/vehicle/L5767,http://irail.be/stations/NMBS/008864931,L,2018-09-18T17:47:00,2018-09-18T17:46:00,203,203
http://irail.be/vehicle/L5767,http://irail.be/stations/NMBS/008864923,L,2018-09-18T17:49:00,2018-09-18T17:49:00,203,203
http://irail.be/vehicle/L5767,http://irail.be/stations/NMBS/008864915,L,2018-09-18T17:51:00,2018-09-18T17:51:00,203,203
http://irail.be/vehicle/L5767,http://irail.be/stations/NMBS/008864501,L,2018-09-18T17:56:00,2018-09-18T17:56:00,,197
