http://irail.be/vehicle/IC812,http://irail.be/stations/NMBS/008891009,IC,2016-12-08T12:38:00,2016-12-08T12:38:00,17,
http://irail.be/vehicle/IC812,NO-URI,IC,2016-12-08T12:45:00,2016-12-08T12:45:00,-20,-20
http://irail.be/vehicle/IC812,http://irail.be/stations/NMBS/008891264,IC,2016-12-08T12:46:00,2016-12-08T12:46:00,-46,-46
http://irail.be/vehicle/IC812,http://irail.be/stations/NMBS/008891314,IC,2016-12-08T12:53:00,2016-12-08T12:52:00,-7,-46
http://irail.be/vehicle/IC812,http://irail.be/stations/NMBS/008892205,IC,2016-12-08T12:58:00,2016-12-08T12:57:00,127,-49
http://irail.be/vehicle/IC812,http://irail.be/stations/NMBS/008896800,IC,2016-12-08T13:05:00,2016-12-08T13:04:00,101,99
http://irail.be/vehicle/IC812,http://irail.be/stations/NMBS/008896909,IC,2016-12-08T13:11:00,2016-12-08T13:10:00,82,101
http://irail.be/vehicle/IC812,NO-URI,IC,2016-12-08T13:12:00,2016-12-08T13:12:00,82,82
http://irail.be/vehicle/IC812,http://irail.be/stations/NMBS/008896925,IC,2016-12-08T13:16:00,2016-12-08T13:16:00,-44,-44
http://irail.be/vehicle/IC812,http://irail.be/stations/NMBS/008896008,IC,2016-12-08T13:25:00,2016-12-08T13:25:00,,-61
http://irail.be/vehicle/IC812,http://irail.be/stations/NMBS/008891009,IC,2016-07-06T12:38:00,2016-07-06T12:38:00,12,
http://irail.be/vehicle/IC812,NO-URI,IC,2016-07-06T12:45:00,2016-07-06T12:45:00,77,77
http://irail.be/vehicle/IC812,http://irail.be/stations/NMBS/008891264,IC,2016-07-06T12:46:00,2016-07-06T12:46:00,71,77
http://irail.be/vehicle/IC812,http://irail.be/stations/NMBS/008891314,IC,2016-07-06T12:53:00,2016-07-06T12:52:00,159,91
http://irail.be/vehicle/IC812,http://irail.be/stations/NMBS/008892205,IC,2016-07-06T12:58:00,2016-07-06T12:57:00,126,148
http://irail.be/vehicle/IC812,http://irail.be/stations/NMBS/008896800,IC,2016-07-06T13:05:00,2016-07-06T13:04:00,138,150
http://irail.be/vehicle/IC812,http://irail.be/stations/NMBS/008896909,IC,2016-07-06T13:11:00,2016-07-06T13:10:00,138,138
http://irail.be/vehicle/IC812,NO-URI,IC,2016-07-06T13:12:00,2016-07-06T13:12:00,117,117
http://irail.be/vehicle/IC812,http://irail.be/stations/NMBS/008896925,IC,2016-07-06T13:16:00,2016-07-06T13:16:00,57,57
http://irail.be/vehicle/IC812,http://irail.be/stations/NMBS/008896008,IC,2016-07-06T13:25:00,2016-07-06T13:25:00,,19
http://irail.be/vehicle/IC812,http://irail.be/stations/NMBS/008891009,IC,2016-03-04T12:38:00,2016-03-04T12:38:00,47,0
http://irail.be/vehicle/IC812,NO-URI,IC,2016-03-04T12:45:00,2016-03-04T12:45:00,41,31
http://irail.be/vehicle/IC812,http://irail.be/stations/NMBS/008891264,IC,2016-03-04T12:46:00,2016-03-04T12:46:00,35,41
http://irail.be/vehicle/IC812,http://irail.be/stations/NMBS/008891314,IC,2016-03-04T12:53:00,2016-03-04T12:52:00,13,16
http://irail.be/vehicle/IC812,http://irail.be/stations/NMBS/008892205,IC,2016-03-04T12:58:00,2016-03-04T12:57:00,75,15
http://irail.be/vehicle/IC812,http://irail.be/stations/NMBS/008896800,IC,2016-03-04T13:05:00,2016-03-04T13:04:00,118,108
http://irail.be/vehicle/IC812,http://irail.be/stations/NMBS/008896909,IC,2016-03-04T13:11:00,2016-03-04T13:10:00,118,118
http://irail.be/vehicle/IC812,NO-URI,IC,2016-03-04T13:12:00,2016-03-04T13:12:00,92,78
http://irail.be/vehicle/IC812,http://irail.be/stations/NMBS/008896925,IC,2016-03-04T13:16:00,2016-03-04T13:16:00,32,32
http://irail.be/vehicle/IC812,http://irail.be/stations/NMBS/008896008,IC,2016-03-04T13:25:00,2016-03-04T13:25:00,0,15
http://irail.be/vehicle/IC812,http://irail.be/stations/NMBS/008891009,IC,2016-12-15T12:38:00,2016-12-15T12:38:00,51,
http://irail.be/vehicle/IC812,NO-URI,IC,2016-12-15T12:45:00,2016-12-15T12:45:00,61,61
http://irail.be/vehicle/IC812,http://irail.be/stations/NMBS/008891264,IC,2016-12-15T12:46:00,2016-12-15T12:46:00,121,57
http://irail.be/vehicle/IC812,http://irail.be/stations/NMBS/008891314,IC,2016-12-15T12:53:00,2016-12-15T12:52:00,146,121
http://irail.be/vehicle/IC812,http://irail.be/stations/NMBS/008892205,IC,2016-12-15T12:58:00,2016-12-15T12:57:00,204,154
http://irail.be/vehicle/IC812,http://irail.be/stations/NMBS/008896800,IC,2016-12-15T13:05:00,2016-12-15T13:04:00,238,201
http://irail.be/vehicle/IC812,http://irail.be/stations/NMBS/008896909,IC,2016-12-15T13:11:00,2016-12-15T13:10:00,271,238
http://irail.be/vehicle/IC812,NO-URI,IC,2016-12-15T13:12:00,2016-12-15T13:12:00,271,271
http://irail.be/vehicle/IC812,http://irail.be/stations/NMBS/008896925,IC,2016-12-15T13:16:00,2016-12-15T13:16:00,184,184
http://irail.be/vehicle/IC812,http://irail.be/stations/NMBS/008896008,IC,2016-12-15T13:25:00,2016-12-15T13:25:00,,161
http://irail.be/vehicle/IC812,http://irail.be/stations/NMBS/008891009,IC,2016-03-01T12:38:00,2016-03-01T12:38:00,28,0
http://irail.be/vehicle/IC812,NO-URI,IC,2016-03-01T12:45:00,2016-03-01T12:45:00,24,15
http://irail.be/vehicle/IC812,http://irail.be/stations/NMBS/008891264,IC,2016-03-01T12:46:00,2016-03-01T12:46:00,18,24
http://irail.be/vehicle/IC812,http://irail.be/stations/NMBS/008891314,IC,2016-03-01T12:53:00,2016-03-01T12:52:00,11,13
http://irail.be/vehicle/IC812,http://irail.be/stations/NMBS/008892205,IC,2016-03-01T12:58:00,2016-03-01T12:57:00,32,19
http://irail.be/vehicle/IC812,http://irail.be/stations/NMBS/008896800,IC,2016-03-01T13:05:00,2016-03-01T13:04:00,42,59
http://irail.be/vehicle/IC812,http://irail.be/stations/NMBS/008896909,IC,2016-03-01T13:11:00,2016-03-01T13:10:00,42,42
http://irail.be/vehicle/IC812,NO-URI,IC,2016-03-01T13:12:00,2016-03-01T13:12:00,40,1
http://irail.be/vehicle/IC812,http://irail.be/stations/NMBS/008896925,IC,2016-03-01T13:16:00,2016-03-01T13:16:00,0,-20
http://irail.be/vehicle/IC812,http://irail.be/stations/NMBS/008896008,IC,2016-03-01T13:25:00,2016-03-01T13:25:00,0,14
http://irail.be/vehicle/IC812,http://irail.be/stations/NMBS/008891009,IC,2016-11-30T12:38:00,2016-11-30T12:38:00,203,
http://irail.be/vehicle/IC812,NO-URI,IC,2016-11-30T12:45:00,2016-11-30T12:45:00,175,175
http://irail.be/vehicle/IC812,http://irail.be/stations/NMBS/008891264,IC,2016-11-30T12:46:00,2016-11-30T12:46:00,182,171
http://irail.be/vehicle/IC812,http://irail.be/stations/NMBS/008891314,IC,2016-11-30T12:53:00,2016-11-30T12:52:00,191,182
http://irail.be/vehicle/IC812,http://irail.be/stations/NMBS/008892205,IC,2016-11-30T12:58:00,2016-11-30T12:57:00,251,217
http://irail.be/vehicle/IC812,http://irail.be/stations/NMBS/008896800,IC,2016-11-30T13:05:00,2016-11-30T13:04:00,297,244
http://irail.be/vehicle/IC812,http://irail.be/stations/NMBS/008896909,IC,2016-11-30T13:11:00,2016-11-30T13:10:00,307,297
http://irail.be/vehicle/IC812,NO-URI,IC,2016-11-30T13:12:00,2016-11-30T13:12:00,307,307
http://irail.be/vehicle/IC812,http://irail.be/stations/NMBS/008896925,IC,2016-11-30T13:16:00,2016-11-30T13:16:00,231,231
http://irail.be/vehicle/IC812,http://irail.be/stations/NMBS/008896008,IC,2016-11-30T13:25:00,2016-11-30T13:25:00,,239
http://irail.be/vehicle/IC812,http://irail.be/stations/NMBS/008891009,IC,2016-09-22T12:38:00,2016-09-22T12:38:00,-4,
http://irail.be/vehicle/IC812,NO-URI,IC,2016-09-22T12:45:00,2016-09-22T12:45:00,-18,-18
http://irail.be/vehicle/IC812,http://irail.be/stations/NMBS/008891264,IC,2016-09-22T12:46:00,2016-09-22T12:46:00,-24,-18
http://irail.be/vehicle/IC812,http://irail.be/stations/NMBS/008891314,IC,2016-09-22T12:53:00,2016-09-22T12:52:00,-2,-19
http://irail.be/vehicle/IC812,http://irail.be/stations/NMBS/008892205,IC,2016-09-22T12:58:00,2016-09-22T12:57:00,12,15
http://irail.be/vehicle/IC812,http://irail.be/stations/NMBS/008896800,IC,2016-09-22T13:05:00,2016-09-22T13:04:00,21,16
http://irail.be/vehicle/IC812,http://irail.be/stations/NMBS/008896909,IC,2016-09-22T13:11:00,2016-09-22T13:10:00,21,21
http://irail.be/vehicle/IC812,NO-URI,IC,2016-09-22T13:12:00,2016-09-22T13:12:00,23,23
http://irail.be/vehicle/IC812,http://irail.be/stations/NMBS/008896925,IC,2016-09-22T13:16:00,2016-09-22T13:16:00,0,-37
http://irail.be/vehicle/IC812,http://irail.be/stations/NMBS/008896008,IC,2016-09-22T13:25:00,2016-09-22T13:25:00,,-35
http://irail.be/vehicle/IC812,http://irail.be/stations/NMBS/008891009,IC,2016-08-29T12:38:00,2016-08-29T12:38:00,26,
http://irail.be/vehicle/IC812,NO-URI,IC,2016-08-29T12:45:00,2016-08-29T12:45:00,0,0
http://irail.be/vehicle/IC812,http://irail.be/stations/NMBS/008891264,IC,2016-08-29T12:46:00,2016-08-29T12:46:00,-6,0
http://irail.be/vehicle/IC812,http://irail.be/stations/NMBS/008891314,IC,2016-08-29T12:53:00,2016-08-29T12:52:00,8,-18
http://irail.be/vehicle/IC812,http://irail.be/stations/NMBS/008892205,IC,2016-08-29T12:58:00,2016-08-29T12:57:00,48,28
http://irail.be/vehicle/IC812,http://irail.be/stations/NMBS/008896800,IC,2016-08-29T13:05:00,2016-08-29T13:04:00,60,45
http://irail.be/vehicle/IC812,http://irail.be/stations/NMBS/008896909,IC,2016-08-29T13:11:00,2016-08-29T13:10:00,60,60
http://irail.be/vehicle/IC812,NO-URI,IC,2016-08-29T13:12:00,2016-08-29T13:12:00,40,40
http://irail.be/vehicle/IC812,http://irail.be/stations/NMBS/008896925,IC,2016-08-29T13:16:00,2016-08-29T13:16:00,0,-20
http://irail.be/vehicle/IC812,http://irail.be/stations/NMBS/008896008,IC,2016-08-29T13:25:00,2016-08-29T13:25:00,,15
http://irail.be/vehicle/IC812,http://irail.be/stations/NMBS/008891009,IC,2016-03-25T12:38:00,2016-03-25T12:38:00,38,0
http://irail.be/vehicle/IC812,NO-URI,IC,2016-03-25T12:45:00,2016-03-25T12:45:00,21,10
http://irail.be/vehicle/IC812,http://irail.be/stations/NMBS/008891264,IC,2016-03-25T12:46:00,2016-03-25T12:46:00,15,21
http://irail.be/vehicle/IC812,http://irail.be/stations/NMBS/008891314,IC,2016-03-25T12:53:00,2016-03-25T12:52:00,2,9
http://irail.be/vehicle/IC812,http://irail.be/stations/NMBS/008892205,IC,2016-03-25T12:58:00,2016-03-25T12:57:00,24,28
http://irail.be/vehicle/IC812,http://irail.be/stations/NMBS/008896800,IC,2016-03-25T13:05:00,2016-03-25T13:04:00,31,29
http://irail.be/vehicle/IC812,http://irail.be/stations/NMBS/008896909,IC,2016-03-25T13:11:00,2016-03-25T13:10:00,31,31
http://irail.be/vehicle/IC812,NO-URI,IC,2016-03-25T13:12:00,2016-03-25T13:12:00,47,4
http://irail.be/vehicle/IC812,http://irail.be/stations/NMBS/008896925,IC,2016-03-25T13:16:00,2016-03-25T13:16:00,0,-13
http://irail.be/vehicle/IC812,http://irail.be/stations/NMBS/008896008,IC,2016-03-25T13:25:00,2016-03-25T13:25:00,0,13
http://irail.be/vehicle/IC812,http://irail.be/stations/NMBS/008891009,IC,2016-07-29T12:38:00,2016-07-29T12:38:00,18,
http://irail.be/vehicle/IC812,NO-URI,IC,2016-07-29T12:45:00,2016-07-29T12:45:00,-3,-3
http://irail.be/vehicle/IC812,http://irail.be/stations/NMBS/008891264,IC,2016-07-29T12:46:00,2016-07-29T12:46:00,-9,-3
http://irail.be/vehicle/IC812,http://irail.be/stations/NMBS/008891314,IC,2016-07-29T12:53:00,2016-07-29T12:52:00,32,20
http://irail.be/vehicle/IC812,http://irail.be/stations/NMBS/008892205,IC,2016-07-29T12:58:00,2016-07-29T12:57:00,56,70
http://irail.be/vehicle/IC812,http://irail.be/stations/NMBS/008896800,IC,2016-07-29T13:05:00,2016-07-29T13:04:00,67,68
http://irail.be/vehicle/IC812,http://irail.be/stations/NMBS/008896909,IC,2016-07-29T13:11:00,2016-07-29T13:10:00,67,67
http://irail.be/vehicle/IC812,NO-URI,IC,2016-07-29T13:12:00,2016-07-29T13:12:00,65,65
http://irail.be/vehicle/IC812,http://irail.be/stations/NMBS/008896925,IC,2016-07-29T13:16:00,2016-07-29T13:16:00,5,5
http://irail.be/vehicle/IC812,http://irail.be/stations/NMBS/008896008,IC,2016-07-29T13:25:00,2016-07-29T13:25:00,,-17
http://irail.be/vehicle/IC812,http://irail.be/stations/NMBS/008891009,IC,2016-03-02T12:38:00,2016-03-02T12:38:00,7,0
http://irail.be/vehicle/IC812,NO-URI,IC,2016-03-02T12:45:00,2016-03-02T12:45:00,94,89
http://irail.be/vehicle/IC812,http://irail.be/stations/NMBS/008891264,IC,2016-03-02T12:46:00,2016-03-02T12:46:00,88,94
http://irail.be/vehicle/IC812,http://irail.be/stations/NMBS/008891314,IC,2016-03-02T12:53:00,2016-03-02T12:52:00,84,90
http://irail.be/vehicle/IC812,http://irail.be/stations/NMBS/008892205,IC,2016-03-02T12:58:00,2016-03-02T12:57:00,84,97
http://irail.be/vehicle/IC812,http://irail.be/stations/NMBS/008896800,IC,2016-03-02T13:05:00,2016-03-02T13:04:00,80,85
http://irail.be/vehicle/IC812,http://irail.be/stations/NMBS/008896909,IC,2016-03-02T13:11:00,2016-03-02T13:10:00,80,80
http://irail.be/vehicle/IC812,NO-URI,IC,2016-03-02T13:12:00,2016-03-02T13:12:00,88,63
http://irail.be/vehicle/IC812,http://irail.be/stations/NMBS/008896925,IC,2016-03-02T13:16:00,2016-03-02T13:16:00,28,28
http://irail.be/vehicle/IC812,http://irail.be/stations/NMBS/008896008,IC,2016-03-02T13:25:00,2016-03-02T13:25:00,0,922
http://irail.be/vehicle/IC812,http://irail.be/stations/NMBS/008891009,IC,2016-10-27T12:38:00,2016-10-27T12:38:00,13,
http://irail.be/vehicle/IC812,NO-URI,IC,2016-10-27T12:45:00,2016-10-27T12:45:00,-9,-9
http://irail.be/vehicle/IC812,http://irail.be/stations/NMBS/008891264,IC,2016-10-27T12:46:00,2016-10-27T12:46:00,-15,-9
http://irail.be/vehicle/IC812,http://irail.be/stations/NMBS/008891314,IC,2016-10-27T12:53:00,2016-10-27T12:52:00,-10,-8
http://irail.be/vehicle/IC812,http://irail.be/stations/NMBS/008892205,IC,2016-10-27T12:58:00,2016-10-27T12:57:00,6,9
http://irail.be/vehicle/IC812,http://irail.be/stations/NMBS/008896800,IC,2016-10-27T13:05:00,2016-10-27T13:04:00,50,61
http://irail.be/vehicle/IC812,http://irail.be/stations/NMBS/008896909,IC,2016-10-27T13:11:00,2016-10-27T13:10:00,50,50
http://irail.be/vehicle/IC812,NO-URI,IC,2016-10-27T13:12:00,2016-10-27T13:12:00,60,60
http://irail.be/vehicle/IC812,http://irail.be/stations/NMBS/008896925,IC,2016-10-27T13:16:00,2016-10-27T13:16:00,0,0
http://irail.be/vehicle/IC812,http://irail.be/stations/NMBS/008896008,IC,2016-10-27T13:25:00,2016-10-27T13:25:00,,26
http://irail.be/vehicle/IC812,http://irail.be/stations/NMBS/008891009,IC,2016-04-21T12:38:00,2016-04-21T12:38:00,37,0
http://irail.be/vehicle/IC812,NO-URI,IC,2016-04-21T12:45:00,2016-04-21T12:45:00,32,25
http://irail.be/vehicle/IC812,http://irail.be/stations/NMBS/008891264,IC,2016-04-21T12:46:00,2016-04-21T12:46:00,26,32
http://irail.be/vehicle/IC812,http://irail.be/stations/NMBS/008891314,IC,2016-04-21T12:53:00,2016-04-21T12:52:00,27,7
http://irail.be/vehicle/IC812,http://irail.be/stations/NMBS/008892205,IC,2016-04-21T12:58:00,2016-04-21T12:57:00,70,60
http://irail.be/vehicle/IC812,http://irail.be/stations/NMBS/008896800,IC,2016-04-21T13:05:00,2016-04-21T13:04:00,90,95
http://irail.be/vehicle/IC812,http://irail.be/stations/NMBS/008896909,IC,2016-04-21T13:11:00,2016-04-21T13:10:00,90,90
http://irail.be/vehicle/IC812,NO-URI,IC,2016-04-21T13:12:00,2016-04-21T13:12:00,67,54
http://irail.be/vehicle/IC812,http://irail.be/stations/NMBS/008896925,IC,2016-04-21T13:16:00,2016-04-21T13:16:00,7,7
http://irail.be/vehicle/IC812,http://irail.be/stations/NMBS/008896008,IC,2016-04-21T13:25:00,2016-04-21T13:25:00,0,-50
http://irail.be/vehicle/IC812,http://irail.be/stations/NMBS/008891009,IC,2016-10-28T12:38:00,2016-10-28T12:38:00,9,
http://irail.be/vehicle/IC812,NO-URI,IC,2016-10-28T12:45:00,2016-10-28T12:45:00,-12,-12
http://irail.be/vehicle/IC812,http://irail.be/stations/NMBS/008891264,IC,2016-10-28T12:46:00,2016-10-28T12:46:00,-18,-12
http://irail.be/vehicle/IC812,http://irail.be/stations/NMBS/008891314,IC,2016-10-28T12:53:00,2016-10-28T12:52:00,-2,-32
http://irail.be/vehicle/IC812,http://irail.be/stations/NMBS/008892205,IC,2016-10-28T12:58:00,2016-10-28T12:57:00,26,35
http://irail.be/vehicle/IC812,http://irail.be/stations/NMBS/008896800,IC,2016-10-28T13:05:00,2016-10-28T13:04:00,59,67
http://irail.be/vehicle/IC812,http://irail.be/stations/NMBS/008896909,IC,2016-10-28T13:11:00,2016-10-28T13:10:00,59,59
http://irail.be/vehicle/IC812,NO-URI,IC,2016-10-28T13:12:00,2016-10-28T13:12:00,35,35
http://irail.be/vehicle/IC812,http://irail.be/stations/NMBS/008896925,IC,2016-10-28T13:16:00,2016-10-28T13:16:00,0,-25
http://irail.be/vehicle/IC812,http://irail.be/stations/NMBS/008896008,IC,2016-10-28T13:25:00,2016-10-28T13:25:00,,30
http://irail.be/vehicle/IC812,http://irail.be/stations/NMBS/008891009,IC,2016-08-23T12:38:00,2016-08-23T12:38:00,24,
http://irail.be/vehicle/IC812,NO-URI,IC,2016-08-23T12:45:00,2016-08-23T12:45:00,1,1
http://irail.be/vehicle/IC812,http://irail.be/stations/NMBS/008891264,IC,2016-08-23T12:46:00,2016-08-23T12:46:00,-5,1
http://irail.be/vehicle/IC812,http://irail.be/stations/NMBS/008891314,IC,2016-08-23T12:53:00,2016-08-23T12:52:00,-20,-12
http://irail.be/vehicle/IC812,http://irail.be/stations/NMBS/008892205,IC,2016-08-23T12:58:00,2016-08-23T12:57:00,3,3
http://irail.be/vehicle/IC812,http://irail.be/stations/NMBS/008896800,IC,2016-08-23T13:05:00,2016-08-23T13:04:00,10,16
http://irail.be/vehicle/IC812,http://irail.be/stations/NMBS/008896909,IC,2016-08-23T13:11:00,2016-08-23T13:10:00,10,10
http://irail.be/vehicle/IC812,NO-URI,IC,2016-08-23T13:12:00,2016-08-23T13:12:00,20,20
http://irail.be/vehicle/IC812,http://irail.be/stations/NMBS/008896925,IC,2016-08-23T13:16:00,2016-08-23T13:16:00,0,-40
http://irail.be/vehicle/IC812,http://irail.be/stations/NMBS/008896008,IC,2016-08-23T13:25:00,2016-08-23T13:25:00,,-14
http://irail.be/vehicle/IC812,http://irail.be/stations/NMBS/008891009,IC,2016-11-10T12:38:00,2016-11-10T12:38:00,40,
http://irail.be/vehicle/IC812,NO-URI,IC,2016-11-10T12:45:00,2016-11-10T12:45:00,41,41
http://irail.be/vehicle/IC812,http://irail.be/stations/NMBS/008891264,IC,2016-11-10T12:46:00,2016-11-10T12:46:00,35,41
http://irail.be/vehicle/IC812,http://irail.be/stations/NMBS/008891314,IC,2016-11-10T12:53:00,2016-11-10T12:52:00,6,20
http://irail.be/vehicle/IC812,http://irail.be/stations/NMBS/008892205,IC,2016-11-10T12:58:00,2016-11-10T12:57:00,77,25
http://irail.be/vehicle/IC812,http://irail.be/stations/NMBS/008896800,IC,2016-11-10T13:05:00,2016-11-10T13:04:00,54,62
http://irail.be/vehicle/IC812,http://irail.be/stations/NMBS/008896909,IC,2016-11-10T13:11:00,2016-11-10T13:10:00,54,54
http://irail.be/vehicle/IC812,NO-URI,IC,2016-11-10T13:12:00,2016-11-10T13:12:00,13,13
http://irail.be/vehicle/IC812,http://irail.be/stations/NMBS/008896925,IC,2016-11-10T13:16:00,2016-11-10T13:16:00,0,-47
http://irail.be/vehicle/IC812,http://irail.be/stations/NMBS/008896008,IC,2016-11-10T13:25:00,2016-11-10T13:25:00,,-32
http://irail.be/vehicle/IC812,http://irail.be/stations/NMBS/008891009,IC,2016-10-05T12:38:00,2016-10-05T12:38:00,15,
http://irail.be/vehicle/IC812,NO-URI,IC,2016-10-05T12:45:00,2016-10-05T12:45:00,38,38
http://irail.be/vehicle/IC812,http://irail.be/stations/NMBS/008891264,IC,2016-10-05T12:46:00,2016-10-05T12:46:00,32,38
http://irail.be/vehicle/IC812,http://irail.be/stations/NMBS/008891314,IC,2016-10-05T12:53:00,2016-10-05T12:52:00,52,58
http://irail.be/vehicle/IC812,http://irail.be/stations/NMBS/008892205,IC,2016-10-05T12:58:00,2016-10-05T12:57:00,102,99
http://irail.be/vehicle/IC812,http://irail.be/stations/NMBS/008896800,IC,2016-10-05T13:05:00,2016-10-05T13:04:00,145,132
http://irail.be/vehicle/IC812,http://irail.be/stations/NMBS/008896909,IC,2016-10-05T13:11:00,2016-10-05T13:10:00,145,145
http://irail.be/vehicle/IC812,NO-URI,IC,2016-10-05T13:12:00,2016-10-05T13:12:00,140,140
http://irail.be/vehicle/IC812,http://irail.be/stations/NMBS/008896925,IC,2016-10-05T13:16:00,2016-10-05T13:16:00,80,80
http://irail.be/vehicle/IC812,http://irail.be/stations/NMBS/008896008,IC,2016-10-05T13:25:00,2016-10-05T13:25:00,,46
http://irail.be/vehicle/IC812,http://irail.be/stations/NMBS/008891009,IC,2016-04-22T12:38:00,2016-04-22T12:38:00,100,0
http://irail.be/vehicle/IC812,NO-URI,IC,2016-04-22T12:45:00,2016-04-22T12:45:00,100,94
http://irail.be/vehicle/IC812,http://irail.be/stations/NMBS/008891264,IC,2016-04-22T12:46:00,2016-04-22T12:46:00,94,100
http://irail.be/vehicle/IC812,http://irail.be/stations/NMBS/008891314,IC,2016-04-22T12:53:00,2016-04-22T12:52:00,64,93
http://irail.be/vehicle/IC812,http://irail.be/stations/NMBS/008892205,IC,2016-04-22T12:58:00,2016-04-22T12:57:00,79,84
http://irail.be/vehicle/IC812,http://irail.be/stations/NMBS/008896800,IC,2016-04-22T13:05:00,2016-04-22T13:04:00,62,83
http://irail.be/vehicle/IC812,http://irail.be/stations/NMBS/008896909,IC,2016-04-22T13:11:00,2016-04-22T13:10:00,62,62
http://irail.be/vehicle/IC812,NO-URI,IC,2016-04-22T13:12:00,2016-04-22T13:12:00,30,13
http://irail.be/vehicle/IC812,http://irail.be/stations/NMBS/008896925,IC,2016-04-22T13:16:00,2016-04-22T13:16:00,0,-30
http://irail.be/vehicle/IC812,http://irail.be/stations/NMBS/008896008,IC,2016-04-22T13:25:00,2016-04-22T13:25:00,0,-53
http://irail.be/vehicle/IC812,http://irail.be/stations/NMBS/008891009,IC,2016-10-07T12:38:00,2016-10-07T12:38:00,-6,
http://irail.be/vehicle/IC812,NO-URI,IC,2016-10-07T12:45:00,2016-10-07T12:45:00,-20,-20
http://irail.be/vehicle/IC812,http://irail.be/stations/NMBS/008891264,IC,2016-10-07T12:46:00,2016-10-07T12:46:00,-26,-20
http://irail.be/vehicle/IC812,http://irail.be/stations/NMBS/008891314,IC,2016-10-07T12:53:00,2016-10-07T12:52:00,-24,-28
http://irail.be/vehicle/IC812,http://irail.be/stations/NMBS/008892205,IC,2016-10-07T12:58:00,2016-10-07T12:57:00,-8,2
http://irail.be/vehicle/IC812,http://irail.be/stations/NMBS/008896800,IC,2016-10-07T13:05:00,2016-10-07T13:04:00,-15,-20
http://irail.be/vehicle/IC812,http://irail.be/stations/NMBS/008896909,IC,2016-10-07T13:11:00,2016-10-07T13:10:00,0,-15
http://irail.be/vehicle/IC812,NO-URI,IC,2016-10-07T13:12:00,2016-10-07T13:12:00,-15,-15
http://irail.be/vehicle/IC812,http://irail.be/stations/NMBS/008896925,IC,2016-10-07T13:16:00,2016-10-07T13:16:00,0,-15
http://irail.be/vehicle/IC812,http://irail.be/stations/NMBS/008896008,IC,2016-10-07T13:25:00,2016-10-07T13:25:00,,86
http://irail.be/vehicle/IC812,http://irail.be/stations/NMBS/008891009,IC,2016-08-11T12:38:00,2016-08-11T12:38:00,16,
http://irail.be/vehicle/IC812,NO-URI,IC,2016-08-11T12:45:00,2016-08-11T12:45:00,24,24
http://irail.be/vehicle/IC812,http://irail.be/stations/NMBS/008891264,IC,2016-08-11T12:46:00,2016-08-11T12:46:00,18,24
http://irail.be/vehicle/IC812,http://irail.be/stations/NMBS/008891314,IC,2016-08-11T12:53:00,2016-08-11T12:52:00,1,1
http://irail.be/vehicle/IC812,http://irail.be/stations/NMBS/008892205,IC,2016-08-11T12:58:00,2016-08-11T12:57:00,9,12
http://irail.be/vehicle/IC812,http://irail.be/stations/NMBS/008896800,IC,2016-08-11T13:05:00,2016-08-11T13:04:00,26,23
http://irail.be/vehicle/IC812,http://irail.be/stations/NMBS/008896909,IC,2016-08-11T13:11:00,2016-08-11T13:10:00,26,26
http://irail.be/vehicle/IC812,NO-URI,IC,2016-08-11T13:12:00,2016-08-11T13:12:00,41,41
http://irail.be/vehicle/IC812,http://irail.be/stations/NMBS/008896925,IC,2016-08-11T13:16:00,2016-08-11T13:16:00,0,-19
http://irail.be/vehicle/IC812,http://irail.be/stations/NMBS/008896008,IC,2016-08-11T13:25:00,2016-08-11T13:25:00,,-23
http://irail.be/vehicle/IC812,http://irail.be/stations/NMBS/008891009,IC,2016-01-29T12:38:00,2016-01-29T12:38:00,2,0
http://irail.be/vehicle/IC812,NO-URI,IC,2016-01-29T12:45:00,2016-01-29T12:45:00,-26,-34
http://irail.be/vehicle/IC812,http://irail.be/stations/NMBS/008891264,IC,2016-01-29T12:46:00,2016-01-29T12:46:00,-32,-26
http://irail.be/vehicle/IC812,http://irail.be/stations/NMBS/008891314,IC,2016-01-29T12:53:00,2016-01-29T12:52:00,0,-46
http://irail.be/vehicle/IC812,http://irail.be/stations/NMBS/008892205,IC,2016-01-29T12:58:00,2016-01-29T12:57:00,-2,16
http://irail.be/vehicle/IC812,http://irail.be/stations/NMBS/008896800,IC,2016-01-29T13:05:00,2016-01-29T13:04:00,-8,-2
http://irail.be/vehicle/IC812,http://irail.be/stations/NMBS/008896909,IC,2016-01-29T13:11:00,2016-01-29T13:10:00,0,-8
http://irail.be/vehicle/IC812,NO-URI,IC,2016-01-29T13:12:00,2016-01-29T13:12:00,-5,-39
http://irail.be/vehicle/IC812,http://irail.be/stations/NMBS/008896925,IC,2016-01-29T13:16:00,2016-01-29T13:16:00,0,-5
http://irail.be/vehicle/IC812,http://irail.be/stations/NMBS/008896008,IC,2016-01-29T13:25:00,2016-01-29T13:25:00,0,-40
http://irail.be/vehicle/IC812,http://irail.be/stations/NMBS/008891009,IC,2016-03-08T12:38:00,2016-03-08T12:38:00,65,0
http://irail.be/vehicle/IC812,NO-URI,IC,2016-03-08T12:45:00,2016-03-08T12:45:00,39,35
http://irail.be/vehicle/IC812,http://irail.be/stations/NMBS/008891264,IC,2016-03-08T12:46:00,2016-03-08T12:46:00,33,39
http://irail.be/vehicle/IC812,http://irail.be/stations/NMBS/008891314,IC,2016-03-08T12:53:00,2016-03-08T12:52:00,7,26
http://irail.be/vehicle/IC812,http://irail.be/stations/NMBS/008892205,IC,2016-03-08T12:58:00,2016-03-08T12:57:00,48,67
http://irail.be/vehicle/IC812,http://irail.be/stations/NMBS/008896800,IC,2016-03-08T13:05:00,2016-03-08T13:04:00,65,82
http://irail.be/vehicle/IC812,http://irail.be/stations/NMBS/008896909,IC,2016-03-08T13:11:00,2016-03-08T13:10:00,65,65
http://irail.be/vehicle/IC812,NO-URI,IC,2016-03-08T13:12:00,2016-03-08T13:12:00,42,22
http://irail.be/vehicle/IC812,http://irail.be/stations/NMBS/008896925,IC,2016-03-08T13:16:00,2016-03-08T13:16:00,0,-18
http://irail.be/vehicle/IC812,http://irail.be/stations/NMBS/008896008,IC,2016-03-08T13:25:00,2016-03-08T13:25:00,0,-8
http://irail.be/vehicle/IC812,http://irail.be/stations/NMBS/008891009,IC,2016-02-25T12:38:00,2016-02-25T12:38:00,17,0
http://irail.be/vehicle/IC812,NO-URI,IC,2016-02-25T12:45:00,2016-02-25T12:45:00,-6,-10
http://irail.be/vehicle/IC812,http://irail.be/stations/NMBS/008891264,IC,2016-02-25T12:46:00,2016-02-25T12:46:00,-12,-6
http://irail.be/vehicle/IC812,http://irail.be/stations/NMBS/008891314,IC,2016-02-25T12:53:00,2016-02-25T12:52:00,-16,-18
http://irail.be/vehicle/IC812,http://irail.be/stations/NMBS/008892205,IC,2016-02-25T12:58:00,2016-02-25T12:57:00,-2,-8
http://irail.be/vehicle/IC812,http://irail.be/stations/NMBS/008896800,IC,2016-02-25T13:05:00,2016-02-25T13:04:00,0,0
http://irail.be/vehicle/IC812,http://irail.be/stations/NMBS/008896909,IC,2016-02-25T13:11:00,2016-02-25T13:10:00,0,0
http://irail.be/vehicle/IC812,NO-URI,IC,2016-02-25T13:12:00,2016-02-25T13:12:00,10,-25
http://irail.be/vehicle/IC812,http://irail.be/stations/NMBS/008896925,IC,2016-02-25T13:16:00,2016-02-25T13:16:00,0,-50
http://irail.be/vehicle/IC812,http://irail.be/stations/NMBS/008896008,IC,2016-02-25T13:25:00,2016-02-25T13:25:00,0,-11
http://irail.be/vehicle/IC812,http://irail.be/stations/NMBS/008891009,IC,2016-03-24T12:38:00,2016-03-24T12:38:00,453,0
http://irail.be/vehicle/IC812,NO-URI,IC,2016-03-24T12:45:00,2016-03-24T12:45:00,411,405
http://irail.be/vehicle/IC812,http://irail.be/stations/NMBS/008891264,IC,2016-03-24T12:46:00,2016-03-24T12:46:00,405,411
http://irail.be/vehicle/IC812,http://irail.be/stations/NMBS/008891314,IC,2016-03-24T12:53:00,2016-03-24T12:52:00,358,371
http://irail.be/vehicle/IC812,http://irail.be/stations/NMBS/008892205,IC,2016-03-24T12:58:00,2016-03-24T12:57:00,316,339
http://irail.be/vehicle/IC812,http://irail.be/stations/NMBS/008896800,IC,2016-03-24T13:05:00,2016-03-24T13:04:00,285,293
http://irail.be/vehicle/IC812,http://irail.be/stations/NMBS/008896909,IC,2016-03-24T13:11:00,2016-03-24T13:10:00,285,285
http://irail.be/vehicle/IC812,NO-URI,IC,2016-03-24T13:12:00,2016-03-24T13:12:00,230,215
http://irail.be/vehicle/IC812,http://irail.be/stations/NMBS/008896925,IC,2016-03-24T13:16:00,2016-03-24T13:16:00,170,170
http://irail.be/vehicle/IC812,http://irail.be/stations/NMBS/008896008,IC,2016-03-24T13:25:00,2016-03-24T13:25:00,0,101
http://irail.be/vehicle/IC812,http://irail.be/stations/NMBS/008891009,IC,2016-12-20T12:38:00,2016-12-20T12:38:00,13,
http://irail.be/vehicle/IC812,NO-URI,IC,2016-12-20T12:45:00,2016-12-20T12:45:00,-13,-13
http://irail.be/vehicle/IC812,http://irail.be/stations/NMBS/008891264,IC,2016-12-20T12:46:00,2016-12-20T12:46:00,-16,-20
http://irail.be/vehicle/IC812,http://irail.be/stations/NMBS/008891314,IC,2016-12-20T12:53:00,2016-12-20T12:52:00,-9,-16
http://irail.be/vehicle/IC812,http://irail.be/stations/NMBS/008892205,IC,2016-12-20T12:58:00,2016-12-20T12:57:00,32,8
http://irail.be/vehicle/IC812,http://irail.be/stations/NMBS/008896800,IC,2016-12-20T13:05:00,2016-12-20T13:04:00,42,34
http://irail.be/vehicle/IC812,http://irail.be/stations/NMBS/008896909,IC,2016-12-20T13:11:00,2016-12-20T13:10:00,49,42
http://irail.be/vehicle/IC812,NO-URI,IC,2016-12-20T13:12:00,2016-12-20T13:12:00,49,49
http://irail.be/vehicle/IC812,http://irail.be/stations/NMBS/008896925,IC,2016-12-20T13:16:00,2016-12-20T13:16:00,-3,-3
http://irail.be/vehicle/IC812,http://irail.be/stations/NMBS/008896008,IC,2016-12-20T13:25:00,2016-12-20T13:25:00,,-21
http://irail.be/vehicle/IC812,http://irail.be/stations/NMBS/008891009,IC,2016-07-13T12:38:00,2016-07-13T12:38:00,8,
http://irail.be/vehicle/IC812,NO-URI,IC,2016-07-13T12:45:00,2016-07-13T12:45:00,4,4
http://irail.be/vehicle/IC812,http://irail.be/stations/NMBS/008891264,IC,2016-07-13T12:46:00,2016-07-13T12:46:00,-2,4
http://irail.be/vehicle/IC812,http://irail.be/stations/NMBS/008891314,IC,2016-07-13T12:53:00,2016-07-13T12:52:00,-6,-9
http://irail.be/vehicle/IC812,http://irail.be/stations/NMBS/008892205,IC,2016-07-13T12:58:00,2016-07-13T12:57:00,-5,21
http://irail.be/vehicle/IC812,http://irail.be/stations/NMBS/008896800,IC,2016-07-13T13:05:00,2016-07-13T13:04:00,-15,-5
http://irail.be/vehicle/IC812,http://irail.be/stations/NMBS/008896909,IC,2016-07-13T13:11:00,2016-07-13T13:10:00,0,-15
http://irail.be/vehicle/IC812,NO-URI,IC,2016-07-13T13:12:00,2016-07-13T13:12:00,13,13
http://irail.be/vehicle/IC812,http://irail.be/stations/NMBS/008896925,IC,2016-07-13T13:16:00,2016-07-13T13:16:00,0,-47
http://irail.be/vehicle/IC812,http://irail.be/stations/NMBS/008896008,IC,2016-07-13T13:25:00,2016-07-13T13:25:00,,-20
http://irail.be/vehicle/IC812,http://irail.be/stations/NMBS/008891009,IC,2016-10-06T12:38:00,2016-10-06T12:38:00,13,
http://irail.be/vehicle/IC812,NO-URI,IC,2016-10-06T12:45:00,2016-10-06T12:45:00,-11,-11
http://irail.be/vehicle/IC812,http://irail.be/stations/NMBS/008891264,IC,2016-10-06T12:46:00,2016-10-06T12:46:00,-17,-11
http://irail.be/vehicle/IC812,http://irail.be/stations/NMBS/008891314,IC,2016-10-06T12:53:00,2016-10-06T12:52:00,-7,-27
http://irail.be/vehicle/IC812,http://irail.be/stations/NMBS/008892205,IC,2016-10-06T12:58:00,2016-10-06T12:57:00,4,3
http://irail.be/vehicle/IC812,http://irail.be/stations/NMBS/008896800,IC,2016-10-06T13:05:00,2016-10-06T13:04:00,4,2
http://irail.be/vehicle/IC812,http://irail.be/stations/NMBS/008896909,IC,2016-10-06T13:11:00,2016-10-06T13:10:00,4,4
http://irail.be/vehicle/IC812,NO-URI,IC,2016-10-06T13:12:00,2016-10-06T13:12:00,9,9
http://irail.be/vehicle/IC812,http://irail.be/stations/NMBS/008896925,IC,2016-10-06T13:16:00,2016-10-06T13:16:00,0,-51
http://irail.be/vehicle/IC812,http://irail.be/stations/NMBS/008896008,IC,2016-10-06T13:25:00,2016-10-06T13:25:00,,3
http://irail.be/vehicle/IC812,http://irail.be/stations/NMBS/008891009,IC,2016-10-12T12:38:00,2016-10-12T12:38:00,19,
http://irail.be/vehicle/IC812,NO-URI,IC,2016-10-12T12:45:00,2016-10-12T12:45:00,21,21
http://irail.be/vehicle/IC812,http://irail.be/stations/NMBS/008891264,IC,2016-10-12T12:46:00,2016-10-12T12:46:00,15,21
http://irail.be/vehicle/IC812,http://irail.be/stations/NMBS/008891314,IC,2016-10-12T12:53:00,2016-10-12T12:52:00,18,24
http://irail.be/vehicle/IC812,http://irail.be/stations/NMBS/008892205,IC,2016-10-12T12:58:00,2016-10-12T12:57:00,22,29
http://irail.be/vehicle/IC812,http://irail.be/stations/NMBS/008896800,IC,2016-10-12T13:05:00,2016-10-12T13:04:00,63,66
http://irail.be/vehicle/IC812,http://irail.be/stations/NMBS/008896909,IC,2016-10-12T13:11:00,2016-10-12T13:10:00,63,63
http://irail.be/vehicle/IC812,NO-URI,IC,2016-10-12T13:12:00,2016-10-12T13:12:00,49,49
http://irail.be/vehicle/IC812,http://irail.be/stations/NMBS/008896925,IC,2016-10-12T13:16:00,2016-10-12T13:16:00,0,-11
http://irail.be/vehicle/IC812,http://irail.be/stations/NMBS/008896008,IC,2016-10-12T13:25:00,2016-10-12T13:25:00,,0
http://irail.be/vehicle/IC812,http://irail.be/stations/NMBS/008891009,IC,2016-10-10T12:38:00,2016-10-10T12:38:00,28,
http://irail.be/vehicle/IC812,NO-URI,IC,2016-10-10T12:45:00,2016-10-10T12:45:00,28,28
http://irail.be/vehicle/IC812,http://irail.be/stations/NMBS/008891264,IC,2016-10-10T12:46:00,2016-10-10T12:46:00,22,28
http://irail.be/vehicle/IC812,http://irail.be/stations/NMBS/008891314,IC,2016-10-10T12:53:00,2016-10-10T12:52:00,-2,18
http://irail.be/vehicle/IC812,http://irail.be/stations/NMBS/008892205,IC,2016-10-10T12:58:00,2016-10-10T12:57:00,12,0
http://irail.be/vehicle/IC812,http://irail.be/stations/NMBS/008896800,IC,2016-10-10T13:05:00,2016-10-10T13:04:00,58,21
http://irail.be/vehicle/IC812,http://irail.be/stations/NMBS/008896909,IC,2016-10-10T13:11:00,2016-10-10T13:10:00,58,58
http://irail.be/vehicle/IC812,NO-URI,IC,2016-10-10T13:12:00,2016-10-10T13:12:00,44,44
http://irail.be/vehicle/IC812,http://irail.be/stations/NMBS/008896925,IC,2016-10-10T13:16:00,2016-10-10T13:16:00,0,-16
http://irail.be/vehicle/IC812,http://irail.be/stations/NMBS/008896008,IC,2016-10-10T13:25:00,2016-10-10T13:25:00,,29
http://irail.be/vehicle/IC812,http://irail.be/stations/NMBS/008891009,IC,2016-11-23T12:38:00,2016-11-23T12:38:00,37,
http://irail.be/vehicle/IC812,NO-URI,IC,2016-11-23T12:45:00,2016-11-23T12:45:00,14,14
http://irail.be/vehicle/IC812,http://irail.be/stations/NMBS/008891264,IC,2016-11-23T12:46:00,2016-11-23T12:46:00,21,10
http://irail.be/vehicle/IC812,http://irail.be/stations/NMBS/008891314,IC,2016-11-23T12:53:00,2016-11-23T12:52:00,13,21
http://irail.be/vehicle/IC812,http://irail.be/stations/NMBS/008892205,IC,2016-11-23T12:58:00,2016-11-23T12:57:00,13,8
http://irail.be/vehicle/IC812,http://irail.be/stations/NMBS/008896800,IC,2016-11-23T13:05:00,2016-11-23T13:04:00,100,47
http://irail.be/vehicle/IC812,http://irail.be/stations/NMBS/008896909,IC,2016-11-23T13:11:00,2016-11-23T13:10:00,118,100
http://irail.be/vehicle/IC812,NO-URI,IC,2016-11-23T13:12:00,2016-11-23T13:12:00,118,118
http://irail.be/vehicle/IC812,http://irail.be/stations/NMBS/008896925,IC,2016-11-23T13:16:00,2016-11-23T13:16:00,35,35
http://irail.be/vehicle/IC812,http://irail.be/stations/NMBS/008896008,IC,2016-11-23T13:25:00,2016-11-23T13:25:00,,7
http://irail.be/vehicle/IC812,http://irail.be/stations/NMBS/008891009,IC,2016-07-11T12:38:00,2016-07-11T12:38:00,42,
http://irail.be/vehicle/IC812,NO-URI,IC,2016-07-11T12:45:00,2016-07-11T12:45:00,42,42
http://irail.be/vehicle/IC812,http://irail.be/stations/NMBS/008891264,IC,2016-07-11T12:46:00,2016-07-11T12:46:00,36,42
http://irail.be/vehicle/IC812,http://irail.be/stations/NMBS/008891314,IC,2016-07-11T12:53:00,2016-07-11T12:52:00,42,34
http://irail.be/vehicle/IC812,http://irail.be/stations/NMBS/008892205,IC,2016-07-11T12:58:00,2016-07-11T12:57:00,63,69
http://irail.be/vehicle/IC812,http://irail.be/stations/NMBS/008896800,IC,2016-07-11T13:05:00,2016-07-11T13:04:00,76,79
http://irail.be/vehicle/IC812,http://irail.be/stations/NMBS/008896909,IC,2016-07-11T13:11:00,2016-07-11T13:10:00,76,76
http://irail.be/vehicle/IC812,NO-URI,IC,2016-07-11T13:12:00,2016-07-11T13:12:00,78,78
http://irail.be/vehicle/IC812,http://irail.be/stations/NMBS/008896925,IC,2016-07-11T13:16:00,2016-07-11T13:16:00,18,18
http://irail.be/vehicle/IC812,http://irail.be/stations/NMBS/008896008,IC,2016-07-11T13:25:00,2016-07-11T13:25:00,,59
http://irail.be/vehicle/IC812,http://irail.be/stations/NMBS/008891009,IC,2016-02-11T12:38:00,2016-02-11T12:38:00,2,0
http://irail.be/vehicle/IC812,NO-URI,IC,2016-02-11T12:45:00,2016-02-11T12:45:00,-22,-27
http://irail.be/vehicle/IC812,http://irail.be/stations/NMBS/008891264,IC,2016-02-11T12:46:00,2016-02-11T12:46:00,-28,-22
http://irail.be/vehicle/IC812,http://irail.be/stations/NMBS/008891314,IC,2016-02-11T12:53:00,2016-02-11T12:52:00,-9,-44
http://irail.be/vehicle/IC812,http://irail.be/stations/NMBS/008892205,IC,2016-02-11T12:58:00,2016-02-11T12:57:00,18,4
http://irail.be/vehicle/IC812,http://irail.be/stations/NMBS/008896800,IC,2016-02-11T13:05:00,2016-02-11T13:04:00,5,12
http://irail.be/vehicle/IC812,http://irail.be/stations/NMBS/008896909,IC,2016-02-11T13:11:00,2016-02-11T13:10:00,5,5
http://irail.be/vehicle/IC812,NO-URI,IC,2016-02-11T13:12:00,2016-02-11T13:12:00,27,-10
http://irail.be/vehicle/IC812,http://irail.be/stations/NMBS/008896925,IC,2016-02-11T13:16:00,2016-02-11T13:16:00,0,-33
http://irail.be/vehicle/IC812,http://irail.be/stations/NMBS/008896008,IC,2016-02-11T13:25:00,2016-02-11T13:25:00,0,-3
http://irail.be/vehicle/IC812,http://irail.be/stations/NMBS/008891009,IC,2016-02-12T12:38:00,2016-02-12T12:38:00,207,0
http://irail.be/vehicle/IC812,NO-URI,IC,2016-02-12T12:45:00,2016-02-12T12:45:00,190,180
http://irail.be/vehicle/IC812,http://irail.be/stations/NMBS/008891264,IC,2016-02-12T12:46:00,2016-02-12T12:46:00,184,190
http://irail.be/vehicle/IC812,http://irail.be/stations/NMBS/008891314,IC,2016-02-12T12:53:00,2016-02-12T12:52:00,110,155
http://irail.be/vehicle/IC812,http://irail.be/stations/NMBS/008892205,IC,2016-02-12T12:58:00,2016-02-12T12:57:00,69,90
http://irail.be/vehicle/IC812,http://irail.be/stations/NMBS/008896800,IC,2016-02-12T13:05:00,2016-02-12T13:04:00,52,66
http://irail.be/vehicle/IC812,http://irail.be/stations/NMBS/008896909,IC,2016-02-12T13:11:00,2016-02-12T13:10:00,52,52
http://irail.be/vehicle/IC812,NO-URI,IC,2016-02-12T13:12:00,2016-02-12T13:12:00,35,17
http://irail.be/vehicle/IC812,http://irail.be/stations/NMBS/008896925,IC,2016-02-12T13:16:00,2016-02-12T13:16:00,0,-25
http://irail.be/vehicle/IC812,http://irail.be/stations/NMBS/008896008,IC,2016-02-12T13:25:00,2016-02-12T13:25:00,0,-53
http://irail.be/vehicle/IC812,http://irail.be/stations/NMBS/008891009,IC,2016-02-19T12:38:00,2016-02-19T12:38:00,215,0
http://irail.be/vehicle/IC812,NO-URI,IC,2016-02-19T12:45:00,2016-02-19T12:45:00,173,171
http://irail.be/vehicle/IC812,http://irail.be/stations/NMBS/008891264,IC,2016-02-19T12:46:00,2016-02-19T12:46:00,167,173
http://irail.be/vehicle/IC812,http://irail.be/stations/NMBS/008891314,IC,2016-02-19T12:53:00,2016-02-19T12:52:00,104,132
http://irail.be/vehicle/IC812,http://irail.be/stations/NMBS/008892205,IC,2016-02-19T12:58:00,2016-02-19T12:57:00,72,95
http://irail.be/vehicle/IC812,http://irail.be/stations/NMBS/008896800,IC,2016-02-19T13:05:00,2016-02-19T13:04:00,48,56
http://irail.be/vehicle/IC812,http://irail.be/stations/NMBS/008896909,IC,2016-02-19T13:11:00,2016-02-19T13:10:00,48,48
http://irail.be/vehicle/IC812,NO-URI,IC,2016-02-19T13:12:00,2016-02-19T13:12:00,35,-5
http://irail.be/vehicle/IC812,http://irail.be/stations/NMBS/008896925,IC,2016-02-19T13:16:00,2016-02-19T13:16:00,0,-25
http://irail.be/vehicle/IC812,http://irail.be/stations/NMBS/008896008,IC,2016-02-19T13:25:00,2016-02-19T13:25:00,0,-14
http://irail.be/vehicle/IC812,http://irail.be/stations/NMBS/008891009,IC,2016-06-30T12:38:00,2016-06-30T12:38:00,-1,
http://irail.be/vehicle/IC812,NO-URI,IC,2016-06-30T12:45:00,2016-06-30T12:45:00,12,12
http://irail.be/vehicle/IC812,http://irail.be/stations/NMBS/008891264,IC,2016-06-30T12:46:00,2016-06-30T12:46:00,6,12
http://irail.be/vehicle/IC812,http://irail.be/stations/NMBS/008891314,IC,2016-06-30T12:53:00,2016-06-30T12:52:00,50,38
http://irail.be/vehicle/IC812,http://irail.be/stations/NMBS/008892205,IC,2016-06-30T12:58:00,2016-06-30T12:57:00,60,68
http://irail.be/vehicle/IC812,http://irail.be/stations/NMBS/008896800,IC,2016-06-30T13:05:00,2016-06-30T13:04:00,57,76
http://irail.be/vehicle/IC812,http://irail.be/stations/NMBS/008896909,IC,2016-06-30T13:11:00,2016-06-30T13:10:00,57,57
http://irail.be/vehicle/IC812,NO-URI,IC,2016-06-30T13:12:00,2016-06-30T13:12:00,61,61
http://irail.be/vehicle/IC812,http://irail.be/stations/NMBS/008896925,IC,2016-06-30T13:16:00,2016-06-30T13:16:00,1,1
http://irail.be/vehicle/IC812,http://irail.be/stations/NMBS/008896008,IC,2016-06-30T13:25:00,2016-06-30T13:25:00,,-29
http://irail.be/vehicle/IC812,http://irail.be/stations/NMBS/008891009,IC,2016-01-06T12:38:00,2016-01-06T12:38:00,33,0
http://irail.be/vehicle/IC812,NO-URI,IC,2016-01-06T12:45:00,2016-01-06T12:45:00,14,11
http://irail.be/vehicle/IC812,http://irail.be/stations/NMBS/008891264,IC,2016-01-06T12:46:00,2016-01-06T12:46:00,8,14
http://irail.be/vehicle/IC812,http://irail.be/stations/NMBS/008891314,IC,2016-01-06T12:53:00,2016-01-06T12:52:00,3,-14
http://irail.be/vehicle/IC812,http://irail.be/stations/NMBS/008892205,IC,2016-01-06T12:58:00,2016-01-06T12:57:00,3,6
http://irail.be/vehicle/IC812,http://irail.be/stations/NMBS/008896800,IC,2016-01-06T13:05:00,2016-01-06T13:04:00,2,-9
http://irail.be/vehicle/IC812,http://irail.be/stations/NMBS/008896909,IC,2016-01-06T13:11:00,2016-01-06T13:10:00,2,2
http://irail.be/vehicle/IC812,NO-URI,IC,2016-01-06T13:12:00,2016-01-06T13:12:00,-2,-32
http://irail.be/vehicle/IC812,http://irail.be/stations/NMBS/008896925,IC,2016-01-06T13:16:00,2016-01-06T13:16:00,0,-2
http://irail.be/vehicle/IC812,http://irail.be/stations/NMBS/008896008,IC,2016-01-06T13:25:00,2016-01-06T13:25:00,0,18
http://irail.be/vehicle/IC812,http://irail.be/stations/NMBS/008891009,IC,2016-09-20T12:38:00,2016-09-20T12:38:00,20,
http://irail.be/vehicle/IC812,NO-URI,IC,2016-09-20T12:45:00,2016-09-20T12:45:00,1,1
http://irail.be/vehicle/IC812,http://irail.be/stations/NMBS/008891264,IC,2016-09-20T12:46:00,2016-09-20T12:46:00,-5,1
http://irail.be/vehicle/IC812,http://irail.be/stations/NMBS/008891314,IC,2016-09-20T12:53:00,2016-09-20T12:52:00,8,-8
http://irail.be/vehicle/IC812,http://irail.be/stations/NMBS/008892205,IC,2016-09-20T12:58:00,2016-09-20T12:57:00,145,47
http://irail.be/vehicle/IC812,http://irail.be/stations/NMBS/008896800,IC,2016-09-20T13:05:00,2016-09-20T13:04:00,135,149
http://irail.be/vehicle/IC812,http://irail.be/stations/NMBS/008896909,IC,2016-09-20T13:11:00,2016-09-20T13:10:00,135,135
http://irail.be/vehicle/IC812,NO-URI,IC,2016-09-20T13:12:00,2016-09-20T13:12:00,127,127
http://irail.be/vehicle/IC812,http://irail.be/stations/NMBS/008896925,IC,2016-09-20T13:16:00,2016-09-20T13:16:00,67,67
http://irail.be/vehicle/IC812,http://irail.be/stations/NMBS/008896008,IC,2016-09-20T13:25:00,2016-09-20T13:25:00,,31
http://irail.be/vehicle/IC812,http://irail.be/stations/NMBS/008891009,IC,2016-12-19T12:38:00,2016-12-19T12:38:00,16,
http://irail.be/vehicle/IC812,NO-URI,IC,2016-12-19T12:45:00,2016-12-19T12:45:00,-18,-18
http://irail.be/vehicle/IC812,http://irail.be/stations/NMBS/008891264,IC,2016-12-19T12:46:00,2016-12-19T12:46:00,-11,-23
http://irail.be/vehicle/IC812,http://irail.be/stations/NMBS/008891314,IC,2016-12-19T12:53:00,2016-12-19T12:52:00,5,-11
http://irail.be/vehicle/IC812,http://irail.be/stations/NMBS/008892205,IC,2016-12-19T12:58:00,2016-12-19T12:57:00,14,2
http://irail.be/vehicle/IC812,http://irail.be/stations/NMBS/008896800,IC,2016-12-19T13:05:00,2016-12-19T13:04:00,37,10
http://irail.be/vehicle/IC812,http://irail.be/stations/NMBS/008896909,IC,2016-12-19T13:11:00,2016-12-19T13:10:00,55,37
http://irail.be/vehicle/IC812,NO-URI,IC,2016-12-19T13:12:00,2016-12-19T13:12:00,55,55
http://irail.be/vehicle/IC812,http://irail.be/stations/NMBS/008896925,IC,2016-12-19T13:16:00,2016-12-19T13:16:00,13,13
http://irail.be/vehicle/IC812,http://irail.be/stations/NMBS/008896008,IC,2016-12-19T13:25:00,2016-12-19T13:25:00,,5
http://irail.be/vehicle/IC812,http://irail.be/stations/NMBS/008891009,IC,2016-10-18T12:38:00,2016-10-18T12:38:00,63,
http://irail.be/vehicle/IC812,NO-URI,IC,2016-10-18T12:45:00,2016-10-18T12:45:00,39,39
http://irail.be/vehicle/IC812,http://irail.be/stations/NMBS/008891264,IC,2016-10-18T12:46:00,2016-10-18T12:46:00,33,39
http://irail.be/vehicle/IC812,http://irail.be/stations/NMBS/008891314,IC,2016-10-18T12:53:00,2016-10-18T12:52:00,28,30
http://irail.be/vehicle/IC812,http://irail.be/stations/NMBS/008892205,IC,2016-10-18T12:58:00,2016-10-18T12:57:00,177,59
http://irail.be/vehicle/IC812,http://irail.be/stations/NMBS/008896800,IC,2016-10-18T13:05:00,2016-10-18T13:04:00,219,224
http://irail.be/vehicle/IC812,http://irail.be/stations/NMBS/008896909,IC,2016-10-18T13:11:00,2016-10-18T13:10:00,219,219
http://irail.be/vehicle/IC812,NO-URI,IC,2016-10-18T13:12:00,2016-10-18T13:12:00,204,204
http://irail.be/vehicle/IC812,http://irail.be/stations/NMBS/008896925,IC,2016-10-18T13:16:00,2016-10-18T13:16:00,144,144
http://irail.be/vehicle/IC812,http://irail.be/stations/NMBS/008896008,IC,2016-10-18T13:25:00,2016-10-18T13:25:00,,105
http://irail.be/vehicle/IC812,http://irail.be/stations/NMBS/008891009,IC,2016-02-04T12:38:00,2016-02-04T12:38:00,35,0
http://irail.be/vehicle/IC812,NO-URI,IC,2016-02-04T12:45:00,2016-02-04T12:45:00,41,40
http://irail.be/vehicle/IC812,http://irail.be/stations/NMBS/008891264,IC,2016-02-04T12:46:00,2016-02-04T12:46:00,35,41
http://irail.be/vehicle/IC812,http://irail.be/stations/NMBS/008891314,IC,2016-02-04T12:53:00,2016-02-04T12:52:00,15,24
http://irail.be/vehicle/IC812,http://irail.be/stations/NMBS/008892205,IC,2016-02-04T12:58:00,2016-02-04T12:57:00,44,36
http://irail.be/vehicle/IC812,http://irail.be/stations/NMBS/008896800,IC,2016-02-04T13:05:00,2016-02-04T13:04:00,26,36
http://irail.be/vehicle/IC812,http://irail.be/stations/NMBS/008896909,IC,2016-02-04T13:11:00,2016-02-04T13:10:00,26,26
http://irail.be/vehicle/IC812,NO-URI,IC,2016-02-04T13:12:00,2016-02-04T13:12:00,22,-7
http://irail.be/vehicle/IC812,http://irail.be/stations/NMBS/008896925,IC,2016-02-04T13:16:00,2016-02-04T13:16:00,0,-38
http://irail.be/vehicle/IC812,http://irail.be/stations/NMBS/008896008,IC,2016-02-04T13:25:00,2016-02-04T13:25:00,0,3
http://irail.be/vehicle/IC812,http://irail.be/stations/NMBS/008891009,IC,2016-08-03T12:38:00,2016-08-03T12:38:00,15,
http://irail.be/vehicle/IC812,NO-URI,IC,2016-08-03T12:45:00,2016-08-03T12:45:00,-9,-9
http://irail.be/vehicle/IC812,http://irail.be/stations/NMBS/008891264,IC,2016-08-03T12:46:00,2016-08-03T12:46:00,-15,-9
http://irail.be/vehicle/IC812,http://irail.be/stations/NMBS/008891314,IC,2016-08-03T12:53:00,2016-08-03T12:52:00,-3,4
http://irail.be/vehicle/IC812,http://irail.be/stations/NMBS/008892205,IC,2016-08-03T12:58:00,2016-08-03T12:57:00,1,21
http://irail.be/vehicle/IC812,http://irail.be/stations/NMBS/008896800,IC,2016-08-03T13:05:00,2016-08-03T13:04:00,21,15
http://irail.be/vehicle/IC812,http://irail.be/stations/NMBS/008896909,IC,2016-08-03T13:11:00,2016-08-03T13:10:00,21,21
http://irail.be/vehicle/IC812,NO-URI,IC,2016-08-03T13:12:00,2016-08-03T13:12:00,24,24
http://irail.be/vehicle/IC812,http://irail.be/stations/NMBS/008896925,IC,2016-08-03T13:16:00,2016-08-03T13:16:00,0,-36
http://irail.be/vehicle/IC812,http://irail.be/stations/NMBS/008896008,IC,2016-08-03T13:25:00,2016-08-03T13:25:00,,9
http://irail.be/vehicle/IC812,http://irail.be/stations/NMBS/008891009,IC,2016-11-28T12:38:00,2016-11-28T12:38:00,47,
http://irail.be/vehicle/IC812,NO-URI,IC,2016-11-28T12:45:00,2016-11-28T12:45:00,17,17
http://irail.be/vehicle/IC812,http://irail.be/stations/NMBS/008891264,IC,2016-11-28T12:46:00,2016-11-28T12:46:00,6,6
http://irail.be/vehicle/IC812,http://irail.be/stations/NMBS/008891314,IC,2016-11-28T12:53:00,2016-11-28T12:52:00,4,6
http://irail.be/vehicle/IC812,http://irail.be/stations/NMBS/008892205,IC,2016-11-28T12:58:00,2016-11-28T12:57:00,3,3
http://irail.be/vehicle/IC812,http://irail.be/stations/NMBS/008896800,IC,2016-11-28T13:05:00,2016-11-28T13:04:00,11,-17
http://irail.be/vehicle/IC812,http://irail.be/stations/NMBS/008896909,IC,2016-11-28T13:11:00,2016-11-28T13:10:00,14,11
http://irail.be/vehicle/IC812,NO-URI,IC,2016-11-28T13:12:00,2016-11-28T13:12:00,14,14
http://irail.be/vehicle/IC812,http://irail.be/stations/NMBS/008896925,IC,2016-11-28T13:16:00,2016-11-28T13:16:00,47,-19
http://irail.be/vehicle/IC812,http://irail.be/stations/NMBS/008896008,IC,2016-11-28T13:25:00,2016-11-28T13:25:00,,24
http://irail.be/vehicle/IC812,http://irail.be/stations/NMBS/008891009,IC,2016-12-02T12:38:00,2016-12-02T12:38:00,1151,
http://irail.be/vehicle/IC812,NO-URI,IC,2016-12-02T12:45:00,2016-12-02T12:45:00,1090,1090
http://irail.be/vehicle/IC812,http://irail.be/stations/NMBS/008891264,IC,2016-12-02T12:46:00,2016-12-02T12:46:00,1109,1109
http://irail.be/vehicle/IC812,http://irail.be/stations/NMBS/008891314,IC,2016-12-02T12:53:00,2016-12-02T12:52:00,1073,1109
http://irail.be/vehicle/IC812,http://irail.be/stations/NMBS/008892205,IC,2016-12-02T12:58:00,2016-12-02T12:57:00,1074,1073
http://irail.be/vehicle/IC812,http://irail.be/stations/NMBS/008896800,IC,2016-12-02T13:05:00,2016-12-02T13:04:00,1046,1048
http://irail.be/vehicle/IC812,http://irail.be/stations/NMBS/008896909,IC,2016-12-02T13:11:00,2016-12-02T13:10:00,1011,1046
http://irail.be/vehicle/IC812,NO-URI,IC,2016-12-02T13:12:00,2016-12-02T13:12:00,1011,1011
http://irail.be/vehicle/IC812,http://irail.be/stations/NMBS/008896925,IC,2016-12-02T13:16:00,2016-12-02T13:16:00,898,898
http://irail.be/vehicle/IC812,http://irail.be/stations/NMBS/008896008,IC,2016-12-02T13:25:00,2016-12-02T13:25:00,,877
http://irail.be/vehicle/IC812,http://irail.be/stations/NMBS/008891009,IC,2016-03-11T12:38:00,2016-03-11T12:38:00,20,0
http://irail.be/vehicle/IC812,NO-URI,IC,2016-03-11T12:45:00,2016-03-11T12:45:00,-7,-11
http://irail.be/vehicle/IC812,http://irail.be/stations/NMBS/008891264,IC,2016-03-11T12:46:00,2016-03-11T12:46:00,-13,-7
http://irail.be/vehicle/IC812,http://irail.be/stations/NMBS/008891314,IC,2016-03-11T12:53:00,2016-03-11T12:52:00,-18,-23
http://irail.be/vehicle/IC812,http://irail.be/stations/NMBS/008892205,IC,2016-03-11T12:58:00,2016-03-11T12:57:00,0,-12
http://irail.be/vehicle/IC812,http://irail.be/stations/NMBS/008896800,IC,2016-03-11T13:05:00,2016-03-11T13:04:00,32,34
http://irail.be/vehicle/IC812,http://irail.be/stations/NMBS/008896909,IC,2016-03-11T13:11:00,2016-03-11T13:10:00,32,32
http://irail.be/vehicle/IC812,NO-URI,IC,2016-03-11T13:12:00,2016-03-11T13:12:00,15,-5
http://irail.be/vehicle/IC812,http://irail.be/stations/NMBS/008896925,IC,2016-03-11T13:16:00,2016-03-11T13:16:00,0,-45
http://irail.be/vehicle/IC812,http://irail.be/stations/NMBS/008896008,IC,2016-03-11T13:25:00,2016-03-11T13:25:00,0,-20
http://irail.be/vehicle/IC812,http://irail.be/stations/NMBS/008891009,IC,2016-04-13T12:38:00,2016-04-13T12:38:00,324,0
http://irail.be/vehicle/IC812,NO-URI,IC,2016-04-13T12:45:00,2016-04-13T12:45:00,290,286
http://irail.be/vehicle/IC812,http://irail.be/stations/NMBS/008891264,IC,2016-04-13T12:46:00,2016-04-13T12:46:00,284,290
http://irail.be/vehicle/IC812,http://irail.be/stations/NMBS/008891314,IC,2016-04-13T12:53:00,2016-04-13T12:52:00,246,268
http://irail.be/vehicle/IC812,http://irail.be/stations/NMBS/008892205,IC,2016-04-13T12:58:00,2016-04-13T12:57:00,243,256
http://irail.be/vehicle/IC812,http://irail.be/stations/NMBS/008896800,IC,2016-04-13T13:05:00,2016-04-13T13:04:00,250,239
http://irail.be/vehicle/IC812,http://irail.be/stations/NMBS/008896909,IC,2016-04-13T13:11:00,2016-04-13T13:10:00,250,250
http://irail.be/vehicle/IC812,NO-URI,IC,2016-04-13T13:12:00,2016-04-13T13:12:00,222,206
http://irail.be/vehicle/IC812,http://irail.be/stations/NMBS/008896925,IC,2016-04-13T13:16:00,2016-04-13T13:16:00,162,162
http://irail.be/vehicle/IC812,http://irail.be/stations/NMBS/008896008,IC,2016-04-13T13:25:00,2016-04-13T13:25:00,0,155
http://irail.be/vehicle/IC812,http://irail.be/stations/NMBS/008891009,IC,2016-11-16T12:38:00,2016-11-16T12:38:00,21,
http://irail.be/vehicle/IC812,NO-URI,IC,2016-11-16T12:45:00,2016-11-16T12:45:00,32,32
http://irail.be/vehicle/IC812,http://irail.be/stations/NMBS/008891264,IC,2016-11-16T12:46:00,2016-11-16T12:46:00,50,27
http://irail.be/vehicle/IC812,http://irail.be/stations/NMBS/008891314,IC,2016-11-16T12:53:00,2016-11-16T12:52:00,63,50
http://irail.be/vehicle/IC812,http://irail.be/stations/NMBS/008892205,IC,2016-11-16T12:58:00,2016-11-16T12:57:00,113,104
http://irail.be/vehicle/IC812,http://irail.be/stations/NMBS/008896800,IC,2016-11-16T13:05:19,2016-11-16T13:04:19,205,178
http://irail.be/vehicle/IC812,http://irail.be/stations/NMBS/008896909,IC,2016-11-16T13:11:00,2016-11-16T13:10:00,213,205
http://irail.be/vehicle/IC812,NO-URI,IC,2016-11-16T13:12:00,2016-11-16T13:12:00,213,213
http://irail.be/vehicle/IC812,http://irail.be/stations/NMBS/008896925,IC,2016-11-16T13:16:00,2016-11-16T13:16:00,117,117
http://irail.be/vehicle/IC812,http://irail.be/stations/NMBS/008896008,IC,2016-11-16T13:25:04,2016-11-16T13:25:04,,93
http://irail.be/vehicle/IC812,http://irail.be/stations/NMBS/008891009,IC,2016-01-07T12:38:00,2016-01-07T12:38:00,24,0
http://irail.be/vehicle/IC812,NO-URI,IC,2016-01-07T12:45:00,2016-01-07T12:45:00,21,10
http://irail.be/vehicle/IC812,http://irail.be/stations/NMBS/008891264,IC,2016-01-07T12:46:00,2016-01-07T12:46:00,15,21
http://irail.be/vehicle/IC812,http://irail.be/stations/NMBS/008891314,IC,2016-01-07T12:53:00,2016-01-07T12:52:00,-10,3
http://irail.be/vehicle/IC812,http://irail.be/stations/NMBS/008892205,IC,2016-01-07T12:58:00,2016-01-07T12:57:00,25,6
http://irail.be/vehicle/IC812,http://irail.be/stations/NMBS/008896800,IC,2016-01-07T13:05:00,2016-01-07T13:04:00,22,30
http://irail.be/vehicle/IC812,http://irail.be/stations/NMBS/008896909,IC,2016-01-07T13:11:00,2016-01-07T13:10:00,22,22
http://irail.be/vehicle/IC812,NO-URI,IC,2016-01-07T13:12:00,2016-01-07T13:12:00,-3,-24
http://irail.be/vehicle/IC812,http://irail.be/stations/NMBS/008896925,IC,2016-01-07T13:16:00,2016-01-07T13:16:00,0,-3
http://irail.be/vehicle/IC812,http://irail.be/stations/NMBS/008896008,IC,2016-01-07T13:25:00,2016-01-07T13:25:00,0,-4
http://irail.be/vehicle/IC812,http://irail.be/stations/NMBS/008891009,IC,2016-09-21T12:38:00,2016-09-21T12:38:00,7,
http://irail.be/vehicle/IC812,NO-URI,IC,2016-09-21T12:45:00,2016-09-21T12:45:00,-18,-18
http://irail.be/vehicle/IC812,http://irail.be/stations/NMBS/008891264,IC,2016-09-21T12:46:00,2016-09-21T12:46:00,-24,-18
http://irail.be/vehicle/IC812,http://irail.be/stations/NMBS/008891314,IC,2016-09-21T12:53:00,2016-09-21T12:52:00,-13,-51
http://irail.be/vehicle/IC812,http://irail.be/stations/NMBS/008892205,IC,2016-09-21T12:58:00,2016-09-21T12:57:00,32,39
http://irail.be/vehicle/IC812,http://irail.be/stations/NMBS/008896800,IC,2016-09-21T13:05:00,2016-09-21T13:04:00,12,24
http://irail.be/vehicle/IC812,http://irail.be/stations/NMBS/008896909,IC,2016-09-21T13:11:00,2016-09-21T13:10:00,12,12
http://irail.be/vehicle/IC812,NO-URI,IC,2016-09-21T13:12:00,2016-09-21T13:12:00,-16,-16
http://irail.be/vehicle/IC812,http://irail.be/stations/NMBS/008896925,IC,2016-09-21T13:16:00,2016-09-21T13:16:00,0,-16
http://irail.be/vehicle/IC812,http://irail.be/stations/NMBS/008896008,IC,2016-09-21T13:25:00,2016-09-21T13:25:00,,-37
http://irail.be/vehicle/IC812,http://irail.be/stations/NMBS/008891009,IC,2016-03-18T12:38:00,2016-03-18T12:38:00,9,0
http://irail.be/vehicle/IC812,NO-URI,IC,2016-03-18T12:45:00,2016-03-18T12:45:00,-1,-6
http://irail.be/vehicle/IC812,http://irail.be/stations/NMBS/008891264,IC,2016-03-18T12:46:00,2016-03-18T12:46:00,-7,-1
http://irail.be/vehicle/IC812,http://irail.be/stations/NMBS/008891314,IC,2016-03-18T12:53:00,2016-03-18T12:52:00,15,25
http://irail.be/vehicle/IC812,http://irail.be/stations/NMBS/008892205,IC,2016-03-18T12:58:00,2016-03-18T12:57:00,10,2
http://irail.be/vehicle/IC812,http://irail.be/stations/NMBS/008896800,IC,2016-03-18T13:05:00,2016-03-18T13:04:00,27,13
http://irail.be/vehicle/IC812,http://irail.be/stations/NMBS/008896909,IC,2016-03-18T13:11:00,2016-03-18T13:10:00,27,27
http://irail.be/vehicle/IC812,NO-URI,IC,2016-03-18T13:12:00,2016-03-18T13:12:00,35,9
http://irail.be/vehicle/IC812,http://irail.be/stations/NMBS/008896925,IC,2016-03-18T13:16:00,2016-03-18T13:16:00,0,-25
http://irail.be/vehicle/IC812,http://irail.be/stations/NMBS/008896008,IC,2016-03-18T13:25:00,2016-03-18T13:25:00,0,-12
http://irail.be/vehicle/IC812,http://irail.be/stations/NMBS/008891009,IC,2016-06-22T12:38:00,2016-06-22T12:38:00,385,
http://irail.be/vehicle/IC812,NO-URI,IC,2016-06-22T12:45:00,2016-06-22T12:45:00,351,351
http://irail.be/vehicle/IC812,http://irail.be/stations/NMBS/008891264,IC,2016-06-22T12:46:00,2016-06-22T12:46:00,345,351
http://irail.be/vehicle/IC812,http://irail.be/stations/NMBS/008891314,IC,2016-06-22T12:53:00,2016-06-22T12:52:00,284,312
http://irail.be/vehicle/IC812,http://irail.be/stations/NMBS/008892205,IC,2016-06-22T12:58:00,2016-06-22T12:57:00,253,281
http://irail.be/vehicle/IC812,http://irail.be/stations/NMBS/008896800,IC,2016-06-22T13:05:00,2016-06-22T13:04:00,229,237
http://irail.be/vehicle/IC812,http://irail.be/stations/NMBS/008896909,IC,2016-06-22T13:11:00,2016-06-22T13:10:00,229,229
http://irail.be/vehicle/IC812,NO-URI,IC,2016-06-22T13:12:00,2016-06-22T13:12:00,190,190
http://irail.be/vehicle/IC812,http://irail.be/stations/NMBS/008896925,IC,2016-06-22T13:16:00,2016-06-22T13:16:00,130,130
http://irail.be/vehicle/IC812,http://irail.be/stations/NMBS/008896008,IC,2016-06-22T13:25:00,2016-06-22T13:25:00,,59
http://irail.be/vehicle/IC812,http://irail.be/stations/NMBS/008812153,IC,2016-06-22T13:25:00,2016-06-22T13:25:00,27,-10
http://irail.be/vehicle/IC812,http://irail.be/stations/NMBS/008812161,IC,2016-06-22T13:25:00,2016-06-22T13:25:00,16,-28
http://irail.be/vehicle/IC812,http://irail.be/stations/NMBS/008893443,IC,2016-06-22T13:25:00,2016-06-22T13:25:00,-8,-44
http://irail.be/vehicle/IC812,http://irail.be/stations/NMBS/008893401,IC,2016-06-22T13:25:00,2016-06-22T13:25:00,0,9
http://irail.be/vehicle/IC812,http://irail.be/stations/NMBS/008891009,IC,2016-10-19T12:38:00,2016-10-19T12:38:00,8,
http://irail.be/vehicle/IC812,NO-URI,IC,2016-10-19T12:45:00,2016-10-19T12:45:00,83,83
http://irail.be/vehicle/IC812,http://irail.be/stations/NMBS/008891264,IC,2016-10-19T12:46:00,2016-10-19T12:46:00,77,83
http://irail.be/vehicle/IC812,http://irail.be/stations/NMBS/008891314,IC,2016-10-19T12:53:00,2016-10-19T12:52:00,85,78
http://irail.be/vehicle/IC812,http://irail.be/stations/NMBS/008892205,IC,2016-10-19T12:58:00,2016-10-19T12:57:00,111,109
http://irail.be/vehicle/IC812,http://irail.be/stations/NMBS/008896800,IC,2016-10-19T13:05:00,2016-10-19T13:04:00,160,177
http://irail.be/vehicle/IC812,http://irail.be/stations/NMBS/008896909,IC,2016-10-19T13:11:00,2016-10-19T13:10:00,160,160
http://irail.be/vehicle/IC812,NO-URI,IC,2016-10-19T13:12:00,2016-10-19T13:12:00,154,154
http://irail.be/vehicle/IC812,http://irail.be/stations/NMBS/008896925,IC,2016-10-19T13:16:00,2016-10-19T13:16:00,94,94
http://irail.be/vehicle/IC812,http://irail.be/stations/NMBS/008896008,IC,2016-10-19T13:25:00,2016-10-19T13:25:00,,129
http://irail.be/vehicle/IC812,http://irail.be/stations/NMBS/008891009,IC,2016-03-16T12:38:00,2016-03-16T12:38:00,18,0
http://irail.be/vehicle/IC812,NO-URI,IC,2016-03-16T12:45:00,2016-03-16T12:45:00,9,1
http://irail.be/vehicle/IC812,http://irail.be/stations/NMBS/008891264,IC,2016-03-16T12:46:00,2016-03-16T12:46:00,3,9
http://irail.be/vehicle/IC812,http://irail.be/stations/NMBS/008891314,IC,2016-03-16T12:53:00,2016-03-16T12:52:00,-20,1
http://irail.be/vehicle/IC812,http://irail.be/stations/NMBS/008892205,IC,2016-03-16T12:58:00,2016-03-16T12:57:00,21,-7
http://irail.be/vehicle/IC812,http://irail.be/stations/NMBS/008896800,IC,2016-03-16T13:05:00,2016-03-16T13:04:00,24,41
http://irail.be/vehicle/IC812,http://irail.be/stations/NMBS/008896909,IC,2016-03-16T13:11:00,2016-03-16T13:10:00,24,24
http://irail.be/vehicle/IC812,NO-URI,IC,2016-03-16T13:12:00,2016-03-16T13:12:00,-3,-23
http://irail.be/vehicle/IC812,http://irail.be/stations/NMBS/008896925,IC,2016-03-16T13:16:00,2016-03-16T13:16:00,0,-3
http://irail.be/vehicle/IC812,http://irail.be/stations/NMBS/008896008,IC,2016-03-16T13:25:00,2016-03-16T13:25:00,0,-12
http://irail.be/vehicle/IC812,http://irail.be/stations/NMBS/008891009,IC,2016-02-01T12:38:00,2016-02-01T12:38:00,217,0
http://irail.be/vehicle/IC812,NO-URI,IC,2016-02-01T12:45:00,2016-02-01T12:45:00,180,177
http://irail.be/vehicle/IC812,http://irail.be/stations/NMBS/008891264,IC,2016-02-01T12:46:00,2016-02-01T12:46:00,174,180
http://irail.be/vehicle/IC812,http://irail.be/stations/NMBS/008891314,IC,2016-02-01T12:53:00,2016-02-01T12:52:00,118,158
http://irail.be/vehicle/IC812,http://irail.be/stations/NMBS/008892205,IC,2016-02-01T12:58:00,2016-02-01T12:57:00,98,113
http://irail.be/vehicle/IC812,http://irail.be/stations/NMBS/008896800,IC,2016-02-01T13:05:00,2016-02-01T13:04:00,70,84
http://irail.be/vehicle/IC812,http://irail.be/stations/NMBS/008896909,IC,2016-02-01T13:11:00,2016-02-01T13:10:00,70,70
http://irail.be/vehicle/IC812,NO-URI,IC,2016-02-01T13:12:00,2016-02-01T13:12:00,14,-10
http://irail.be/vehicle/IC812,http://irail.be/stations/NMBS/008896925,IC,2016-02-01T13:16:00,2016-02-01T13:16:00,0,-46
http://irail.be/vehicle/IC812,http://irail.be/stations/NMBS/008896008,IC,2016-02-01T13:25:00,2016-02-01T13:25:00,0,-83
http://irail.be/vehicle/IC812,http://irail.be/stations/NMBS/008891009,IC,2016-11-25T12:38:00,2016-11-25T12:38:00,41,
http://irail.be/vehicle/IC812,NO-URI,IC,2016-11-25T12:45:00,2016-11-25T12:45:00,36,36
http://irail.be/vehicle/IC812,http://irail.be/stations/NMBS/008891264,IC,2016-11-25T12:46:00,2016-11-25T12:46:00,42,28
http://irail.be/vehicle/IC812,http://irail.be/stations/NMBS/008891314,IC,2016-11-25T12:53:00,2016-11-25T12:52:00,36,42
http://irail.be/vehicle/IC812,http://irail.be/stations/NMBS/008892205,IC,2016-11-25T12:58:00,2016-11-25T12:57:00,68,42
http://irail.be/vehicle/IC812,http://irail.be/stations/NMBS/008896800,IC,2016-11-25T13:05:00,2016-11-25T13:04:00,113,110
http://irail.be/vehicle/IC812,http://irail.be/stations/NMBS/008896909,IC,2016-11-25T13:11:00,2016-11-25T13:10:00,106,113
http://irail.be/vehicle/IC812,NO-URI,IC,2016-11-25T13:12:00,2016-11-25T13:12:00,106,106
http://irail.be/vehicle/IC812,http://irail.be/stations/NMBS/008896925,IC,2016-11-25T13:16:00,2016-11-25T13:16:00,10,10
http://irail.be/vehicle/IC812,http://irail.be/stations/NMBS/008896008,IC,2016-11-25T13:25:00,2016-11-25T13:25:00,,-19
http://irail.be/vehicle/IC812,http://irail.be/stations/NMBS/008891009,IC,2016-03-17T12:38:00,2016-03-17T12:38:00,6,0
http://irail.be/vehicle/IC812,NO-URI,IC,2016-03-17T12:45:00,2016-03-17T12:45:00,-19,-22
http://irail.be/vehicle/IC812,http://irail.be/stations/NMBS/008891264,IC,2016-03-17T12:46:00,2016-03-17T12:46:00,-25,-19
http://irail.be/vehicle/IC812,http://irail.be/stations/NMBS/008891314,IC,2016-03-17T12:53:00,2016-03-17T12:52:00,-13,-18
http://irail.be/vehicle/IC812,http://irail.be/stations/NMBS/008892205,IC,2016-03-17T12:58:00,2016-03-17T12:57:00,10,-4
http://irail.be/vehicle/IC812,http://irail.be/stations/NMBS/008896800,IC,2016-03-17T13:05:00,2016-03-17T13:04:00,13,4
http://irail.be/vehicle/IC812,http://irail.be/stations/NMBS/008896909,IC,2016-03-17T13:11:00,2016-03-17T13:10:00,13,13
http://irail.be/vehicle/IC812,NO-URI,IC,2016-03-17T13:12:00,2016-03-17T13:12:00,27,4
http://irail.be/vehicle/IC812,http://irail.be/stations/NMBS/008896925,IC,2016-03-17T13:16:00,2016-03-17T13:16:00,0,-33
http://irail.be/vehicle/IC812,http://irail.be/stations/NMBS/008896008,IC,2016-03-17T13:25:00,2016-03-17T13:25:00,0,9
http://irail.be/vehicle/IC812,http://irail.be/stations/NMBS/008891009,IC,2016-04-05T12:38:00,2016-04-05T12:38:00,242,0
http://irail.be/vehicle/IC812,NO-URI,IC,2016-04-05T12:45:00,2016-04-05T12:45:00,222,216
http://irail.be/vehicle/IC812,http://irail.be/stations/NMBS/008891264,IC,2016-04-05T12:46:00,2016-04-05T12:46:00,216,222
http://irail.be/vehicle/IC812,http://irail.be/stations/NMBS/008891314,IC,2016-04-05T12:53:00,2016-04-05T12:52:00,160,187
http://irail.be/vehicle/IC812,http://irail.be/stations/NMBS/008892205,IC,2016-04-05T12:58:00,2016-04-05T12:57:00,204,224
http://irail.be/vehicle/IC812,http://irail.be/stations/NMBS/008896800,IC,2016-04-05T13:05:00,2016-04-05T13:04:00,183,201
http://irail.be/vehicle/IC812,http://irail.be/stations/NMBS/008896909,IC,2016-04-05T13:11:00,2016-04-05T13:10:00,183,183
http://irail.be/vehicle/IC812,NO-URI,IC,2016-04-05T13:12:00,2016-04-05T13:12:00,137,124
http://irail.be/vehicle/IC812,http://irail.be/stations/NMBS/008896925,IC,2016-04-05T13:16:00,2016-04-05T13:16:00,77,77
http://irail.be/vehicle/IC812,http://irail.be/stations/NMBS/008896008,IC,2016-04-05T13:25:00,2016-04-05T13:25:00,0,36
http://irail.be/vehicle/IC812,http://irail.be/stations/NMBS/008891009,IC,2016-11-03T12:38:00,2016-11-03T12:38:00,12,
http://irail.be/vehicle/IC812,NO-URI,IC,2016-11-03T12:45:00,2016-11-03T12:45:00,29,29
http://irail.be/vehicle/IC812,http://irail.be/stations/NMBS/008891264,IC,2016-11-03T12:46:00,2016-11-03T12:46:00,23,29
http://irail.be/vehicle/IC812,http://irail.be/stations/NMBS/008891314,IC,2016-11-03T12:53:00,2016-11-03T12:52:00,3,7
http://irail.be/vehicle/IC812,http://irail.be/stations/NMBS/008892205,IC,2016-11-03T12:58:00,2016-11-03T12:57:00,3,14
http://irail.be/vehicle/IC812,http://irail.be/stations/NMBS/008896800,IC,2016-11-03T13:05:00,2016-11-03T13:04:00,11,1
http://irail.be/vehicle/IC812,http://irail.be/stations/NMBS/008896909,IC,2016-11-03T13:11:00,2016-11-03T13:10:00,11,11
http://irail.be/vehicle/IC812,NO-URI,IC,2016-11-03T13:12:00,2016-11-03T13:12:00,23,23
http://irail.be/vehicle/IC812,http://irail.be/stations/NMBS/008896925,IC,2016-11-03T13:16:00,2016-11-03T13:16:00,0,-37
http://irail.be/vehicle/IC812,http://irail.be/stations/NMBS/008896008,IC,2016-11-03T13:25:00,2016-11-03T13:25:00,,-3
http://irail.be/vehicle/IC812,http://irail.be/stations/NMBS/008891009,IC,2016-09-02T12:38:00,2016-09-02T12:38:00,99,
http://irail.be/vehicle/IC812,NO-URI,IC,2016-09-02T12:45:00,2016-09-02T12:45:00,64,64
http://irail.be/vehicle/IC812,http://irail.be/stations/NMBS/008891264,IC,2016-09-02T12:46:00,2016-09-02T12:46:00,58,64
http://irail.be/vehicle/IC812,http://irail.be/stations/NMBS/008891314,IC,2016-09-02T12:53:00,2016-09-02T12:52:00,33,54
http://irail.be/vehicle/IC812,http://irail.be/stations/NMBS/008892205,IC,2016-09-02T12:58:00,2016-09-02T12:57:00,36,48
http://irail.be/vehicle/IC812,http://irail.be/stations/NMBS/008896800,IC,2016-09-02T13:05:00,2016-09-02T13:04:00,30,40
http://irail.be/vehicle/IC812,http://irail.be/stations/NMBS/008896909,IC,2016-09-02T13:11:00,2016-09-02T13:10:00,30,30
http://irail.be/vehicle/IC812,NO-URI,IC,2016-09-02T13:12:00,2016-09-02T13:12:00,5,5
http://irail.be/vehicle/IC812,http://irail.be/stations/NMBS/008896925,IC,2016-09-02T13:16:00,2016-09-02T13:16:00,0,-55
http://irail.be/vehicle/IC812,http://irail.be/stations/NMBS/008896008,IC,2016-09-02T13:25:00,2016-09-02T13:25:00,,8
http://irail.be/vehicle/IC812,http://irail.be/stations/NMBS/008891009,IC,2016-05-20T12:38:00,2016-05-20T12:38:00,-2,0
http://irail.be/vehicle/IC812,NO-URI,IC,2016-05-20T12:45:00,2016-05-20T12:45:00,-15,-21
http://irail.be/vehicle/IC812,http://irail.be/stations/NMBS/008891264,IC,2016-05-20T12:46:00,2016-05-20T12:46:00,-21,-15
http://irail.be/vehicle/IC812,http://irail.be/stations/NMBS/008891314,IC,2016-05-20T12:53:00,2016-05-20T12:52:00,-4,-27
http://irail.be/vehicle/IC812,http://irail.be/stations/NMBS/008892205,IC,2016-05-20T12:58:00,2016-05-20T12:57:00,9,28
http://irail.be/vehicle/IC812,http://irail.be/stations/NMBS/008896800,IC,2016-05-20T13:05:00,2016-05-20T13:04:00,-1,6
http://irail.be/vehicle/IC812,http://irail.be/stations/NMBS/008896909,IC,2016-05-20T13:11:00,2016-05-20T13:10:00,0,-1
http://irail.be/vehicle/IC812,NO-URI,IC,2016-05-20T13:12:00,2016-05-20T13:12:00,12,-19
http://irail.be/vehicle/IC812,http://irail.be/stations/NMBS/008896925,IC,2016-05-20T13:16:00,2016-05-20T13:16:00,0,-48
http://irail.be/vehicle/IC812,http://irail.be/stations/NMBS/008896008,IC,2016-05-20T13:25:00,2016-05-20T13:25:00,0,-10
http://irail.be/vehicle/IC812,http://irail.be/stations/NMBS/008891009,IC,2016-07-28T12:38:00,2016-07-28T12:38:00,-2,
http://irail.be/vehicle/IC812,NO-URI,IC,2016-07-28T12:45:00,2016-07-28T12:45:00,-16,-16
http://irail.be/vehicle/IC812,http://irail.be/stations/NMBS/008891264,IC,2016-07-28T12:46:00,2016-07-28T12:46:00,-22,-16
http://irail.be/vehicle/IC812,http://irail.be/stations/NMBS/008891314,IC,2016-07-28T12:53:00,2016-07-28T12:52:00,-4,-36
http://irail.be/vehicle/IC812,http://irail.be/stations/NMBS/008892205,IC,2016-07-28T12:58:00,2016-07-28T12:57:00,55,82
http://irail.be/vehicle/IC812,http://irail.be/stations/NMBS/008896800,IC,2016-07-28T13:05:00,2016-07-28T13:04:00,55,65
http://irail.be/vehicle/IC812,http://irail.be/stations/NMBS/008896909,IC,2016-07-28T13:11:00,2016-07-28T13:10:00,55,55
http://irail.be/vehicle/IC812,NO-URI,IC,2016-07-28T13:12:00,2016-07-28T13:12:00,29,29
http://irail.be/vehicle/IC812,http://irail.be/stations/NMBS/008896925,IC,2016-07-28T13:16:00,2016-07-28T13:16:00,0,-31
http://irail.be/vehicle/IC812,http://irail.be/stations/NMBS/008896008,IC,2016-07-28T13:25:00,2016-07-28T13:25:00,,52
http://irail.be/vehicle/IC812,http://irail.be/stations/NMBS/008891009,IC,2016-10-20T12:38:00,2016-10-20T12:38:00,20,
http://irail.be/vehicle/IC812,NO-URI,IC,2016-10-20T12:45:00,2016-10-20T12:45:00,34,34
http://irail.be/vehicle/IC812,http://irail.be/stations/NMBS/008891264,IC,2016-10-20T12:46:00,2016-10-20T12:46:00,28,34
http://irail.be/vehicle/IC812,http://irail.be/stations/NMBS/008891314,IC,2016-10-20T12:53:00,2016-10-20T12:52:00,-8,14
http://irail.be/vehicle/IC812,http://irail.be/stations/NMBS/008892205,IC,2016-10-20T12:58:00,2016-10-20T12:57:00,-8,-17
http://irail.be/vehicle/IC812,http://irail.be/stations/NMBS/008896800,IC,2016-10-20T13:05:00,2016-10-20T13:04:00,18,27
http://irail.be/vehicle/IC812,http://irail.be/stations/NMBS/008896909,IC,2016-10-20T13:11:00,2016-10-20T13:10:00,18,18
http://irail.be/vehicle/IC812,NO-URI,IC,2016-10-20T13:12:00,2016-10-20T13:12:00,7,7
http://irail.be/vehicle/IC812,http://irail.be/stations/NMBS/008896925,IC,2016-10-20T13:16:00,2016-10-20T13:16:00,0,-53
http://irail.be/vehicle/IC812,http://irail.be/stations/NMBS/008896008,IC,2016-10-20T13:25:00,2016-10-20T13:25:00,,-7
http://irail.be/vehicle/IC812,http://irail.be/stations/NMBS/008891009,IC,2016-12-23T12:38:00,2016-12-23T12:38:00,9,
http://irail.be/vehicle/IC812,NO-URI,IC,2016-12-23T12:45:00,2016-12-23T12:45:00,-2,-2
http://irail.be/vehicle/IC812,http://irail.be/stations/NMBS/008891264,IC,2016-12-23T12:46:00,2016-12-23T12:46:00,4,-3
http://irail.be/vehicle/IC812,http://irail.be/stations/NMBS/008891314,IC,2016-12-23T12:53:00,2016-12-23T12:52:00,2,4
http://irail.be/vehicle/IC812,http://irail.be/stations/NMBS/008892205,IC,2016-12-23T12:58:00,2016-12-23T12:57:00,46,14
http://irail.be/vehicle/IC812,http://irail.be/stations/NMBS/008896800,IC,2016-12-23T13:05:00,2016-12-23T13:04:00,39,42
http://irail.be/vehicle/IC812,http://irail.be/stations/NMBS/008896909,IC,2016-12-23T13:11:00,2016-12-23T13:10:00,47,39
http://irail.be/vehicle/IC812,NO-URI,IC,2016-12-23T13:12:00,2016-12-23T13:12:00,47,47
http://irail.be/vehicle/IC812,http://irail.be/stations/NMBS/008896925,IC,2016-12-23T13:16:00,2016-12-23T13:16:00,4,4
http://irail.be/vehicle/IC812,http://irail.be/stations/NMBS/008896008,IC,2016-12-23T13:25:00,2016-12-23T13:25:00,,-20
http://irail.be/vehicle/IC812,http://irail.be/stations/NMBS/008891009,IC,2016-06-10T12:38:00,2016-06-10T12:38:00,15,0
http://irail.be/vehicle/IC812,NO-URI,IC,2016-06-10T12:45:00,2016-06-10T12:45:00,0,-4
http://irail.be/vehicle/IC812,http://irail.be/stations/NMBS/008891264,IC,2016-06-10T12:46:00,2016-06-10T12:46:00,-6,0
http://irail.be/vehicle/IC812,http://irail.be/stations/NMBS/008891314,IC,2016-06-10T12:53:00,2016-06-10T12:52:00,4,-16
http://irail.be/vehicle/IC812,http://irail.be/stations/NMBS/008892205,IC,2016-06-10T12:58:00,2016-06-10T12:57:00,77,50
http://irail.be/vehicle/IC812,http://irail.be/stations/NMBS/008896800,IC,2016-06-10T13:05:00,2016-06-10T13:04:00,80,97
http://irail.be/vehicle/IC812,http://irail.be/stations/NMBS/008896909,IC,2016-06-10T13:11:00,2016-06-10T13:10:00,80,80
http://irail.be/vehicle/IC812,NO-URI,IC,2016-06-10T13:12:00,2016-06-10T13:12:00,125,75
http://irail.be/vehicle/IC812,http://irail.be/stations/NMBS/008896925,IC,2016-06-10T13:16:00,2016-06-10T13:16:00,65,65
http://irail.be/vehicle/IC812,http://irail.be/stations/NMBS/008896008,IC,2016-06-10T13:25:00,2016-06-10T13:25:00,0,91
http://irail.be/vehicle/IC812,http://irail.be/stations/NMBS/008891009,IC,2016-10-25T12:38:00,2016-10-25T12:38:00,2,
http://irail.be/vehicle/IC812,NO-URI,IC,2016-10-25T12:45:00,2016-10-25T12:45:00,-23,-23
http://irail.be/vehicle/IC812,http://irail.be/stations/NMBS/008891264,IC,2016-10-25T12:46:00,2016-10-25T12:46:00,-29,-23
http://irail.be/vehicle/IC812,http://irail.be/stations/NMBS/008891314,IC,2016-10-25T12:53:00,2016-10-25T12:52:00,-16,-48
http://irail.be/vehicle/IC812,http://irail.be/stations/NMBS/008892205,IC,2016-10-25T12:58:00,2016-10-25T12:57:00,13,2
http://irail.be/vehicle/IC812,http://irail.be/stations/NMBS/008896800,IC,2016-10-25T13:05:00,2016-10-25T13:04:00,43,49
http://irail.be/vehicle/IC812,http://irail.be/stations/NMBS/008896909,IC,2016-10-25T13:11:00,2016-10-25T13:10:00,43,43
http://irail.be/vehicle/IC812,NO-URI,IC,2016-10-25T13:12:00,2016-10-25T13:12:00,43,43
http://irail.be/vehicle/IC812,http://irail.be/stations/NMBS/008896925,IC,2016-10-25T13:16:00,2016-10-25T13:16:00,0,-17
http://irail.be/vehicle/IC812,http://irail.be/stations/NMBS/008896008,IC,2016-10-25T13:25:00,2016-10-25T13:25:00,,4
http://irail.be/vehicle/IC812,http://irail.be/stations/NMBS/008891009,IC,2016-03-23T12:38:00,2016-03-23T12:38:00,15,0
http://irail.be/vehicle/IC812,NO-URI,IC,2016-03-23T12:45:00,2016-03-23T12:45:00,4,-1
http://irail.be/vehicle/IC812,http://irail.be/stations/NMBS/008891264,IC,2016-03-23T12:46:00,2016-03-23T12:46:00,-2,4
http://irail.be/vehicle/IC812,http://irail.be/stations/NMBS/008891314,IC,2016-03-23T12:53:00,2016-03-23T12:52:00,-2,-13
http://irail.be/vehicle/IC812,http://irail.be/stations/NMBS/008892205,IC,2016-03-23T12:58:00,2016-03-23T12:57:00,76,78
http://irail.be/vehicle/IC812,http://irail.be/stations/NMBS/008896800,IC,2016-03-23T13:05:00,2016-03-23T13:04:00,53,62
http://irail.be/vehicle/IC812,http://irail.be/stations/NMBS/008896909,IC,2016-03-23T13:11:00,2016-03-23T13:10:00,53,53
http://irail.be/vehicle/IC812,NO-URI,IC,2016-03-23T13:12:00,2016-03-23T13:12:00,73,35
http://irail.be/vehicle/IC812,http://irail.be/stations/NMBS/008896925,IC,2016-03-23T13:16:00,2016-03-23T13:16:00,13,13
http://irail.be/vehicle/IC812,http://irail.be/stations/NMBS/008896008,IC,2016-03-23T13:25:00,2016-03-23T13:25:00,0,15
http://irail.be/vehicle/IC812,http://irail.be/stations/NMBS/008891009,IC,2016-12-12T12:38:00,2016-12-12T12:38:00,20,
http://irail.be/vehicle/IC812,NO-URI,IC,2016-12-12T12:45:00,2016-12-12T12:45:00,0,0
http://irail.be/vehicle/IC812,http://irail.be/stations/NMBS/008891264,IC,2016-12-12T12:46:00,2016-12-12T12:46:00,25,-5
http://irail.be/vehicle/IC812,http://irail.be/stations/NMBS/008891314,IC,2016-12-12T12:53:00,2016-12-12T12:52:00,25,25
http://irail.be/vehicle/IC812,http://irail.be/stations/NMBS/008892205,IC,2016-12-12T12:58:00,2016-12-12T12:57:00,37,31
http://irail.be/vehicle/IC812,http://irail.be/stations/NMBS/008896800,IC,2016-12-12T13:05:00,2016-12-12T13:04:00,61,32
http://irail.be/vehicle/IC812,http://irail.be/stations/NMBS/008896909,IC,2016-12-12T13:11:00,2016-12-12T13:10:00,66,61
http://irail.be/vehicle/IC812,NO-URI,IC,2016-12-12T13:12:00,2016-12-12T13:12:00,66,66
http://irail.be/vehicle/IC812,http://irail.be/stations/NMBS/008896925,IC,2016-12-12T13:16:00,2016-12-12T13:16:00,39,39
http://irail.be/vehicle/IC812,http://irail.be/stations/NMBS/008896008,IC,2016-12-12T13:25:00,2016-12-12T13:25:00,,11
http://irail.be/vehicle/IC812,http://irail.be/stations/NMBS/008891009,IC,2016-09-15T12:38:00,2016-09-15T12:38:00,63,
http://irail.be/vehicle/IC812,NO-URI,IC,2016-09-15T12:45:00,2016-09-15T12:45:00,270,78
http://irail.be/vehicle/IC812,http://irail.be/stations/NMBS/008891264,IC,2016-09-15T12:46:00,2016-09-15T12:46:00,270,270
http://irail.be/vehicle/IC812,http://irail.be/stations/NMBS/008891314,IC,2016-09-15T12:53:00,2016-09-15T12:52:00,304,330
http://irail.be/vehicle/IC812,http://irail.be/stations/NMBS/008892205,IC,2016-09-15T12:58:00,2016-09-15T12:57:00,286,305
http://irail.be/vehicle/IC812,http://irail.be/stations/NMBS/008896800,IC,2016-09-15T13:05:00,2016-09-15T13:04:00,272,281
http://irail.be/vehicle/IC812,http://irail.be/stations/NMBS/008896909,IC,2016-09-15T13:11:00,2016-09-15T13:10:00,272,272
http://irail.be/vehicle/IC812,NO-URI,IC,2016-09-15T13:12:00,2016-09-15T13:12:00,252,252
http://irail.be/vehicle/IC812,http://irail.be/stations/NMBS/008896925,IC,2016-09-15T13:16:00,2016-09-15T13:16:00,192,192
http://irail.be/vehicle/IC812,http://irail.be/stations/NMBS/008896008,IC,2016-09-15T13:25:00,2016-09-15T13:25:00,,184
http://irail.be/vehicle/IC812,http://irail.be/stations/NMBS/008891009,IC,2016-05-13T12:38:00,2016-05-13T12:38:00,7,0
http://irail.be/vehicle/IC812,NO-URI,IC,2016-05-13T12:45:00,2016-05-13T12:45:00,-13,-16
http://irail.be/vehicle/IC812,http://irail.be/stations/NMBS/008891264,IC,2016-05-13T12:46:00,2016-05-13T12:46:00,-19,-13
http://irail.be/vehicle/IC812,http://irail.be/stations/NMBS/008891314,IC,2016-05-13T12:53:00,2016-05-13T12:52:00,-3,-37
http://irail.be/vehicle/IC812,http://irail.be/stations/NMBS/008892205,IC,2016-05-13T12:58:00,2016-05-13T12:57:00,26,27
http://irail.be/vehicle/IC812,http://irail.be/stations/NMBS/008896800,IC,2016-05-13T13:05:00,2016-05-13T13:04:00,22,39
http://irail.be/vehicle/IC812,http://irail.be/stations/NMBS/008896909,IC,2016-05-13T13:11:00,2016-05-13T13:10:00,22,22
http://irail.be/vehicle/IC812,NO-URI,IC,2016-05-13T13:12:00,2016-05-13T13:12:00,19,-6
http://irail.be/vehicle/IC812,http://irail.be/stations/NMBS/008896925,IC,2016-05-13T13:16:00,2016-05-13T13:16:00,0,-41
http://irail.be/vehicle/IC812,http://irail.be/stations/NMBS/008896008,IC,2016-05-13T13:25:00,2016-05-13T13:25:00,0,28
http://irail.be/vehicle/IC812,http://irail.be/stations/NMBS/008891009,IC,2016-05-09T12:38:00,2016-05-09T12:38:00,27,0
http://irail.be/vehicle/IC812,NO-URI,IC,2016-05-09T12:45:00,2016-05-09T12:45:00,2,-3
http://irail.be/vehicle/IC812,http://irail.be/stations/NMBS/008891264,IC,2016-05-09T12:46:00,2016-05-09T12:46:00,-4,2
http://irail.be/vehicle/IC812,http://irail.be/stations/NMBS/008891314,IC,2016-05-09T12:53:00,2016-05-09T12:52:00,28,0
http://irail.be/vehicle/IC812,http://irail.be/stations/NMBS/008892205,IC,2016-05-09T12:58:00,2016-05-09T12:57:00,26,34
http://irail.be/vehicle/IC812,http://irail.be/stations/NMBS/008896800,IC,2016-05-09T13:05:00,2016-05-09T13:04:00,1,19
http://irail.be/vehicle/IC812,http://irail.be/stations/NMBS/008896909,IC,2016-05-09T13:11:00,2016-05-09T13:10:00,1,1
http://irail.be/vehicle/IC812,NO-URI,IC,2016-05-09T13:12:00,2016-05-09T13:12:00,-24,-45
http://irail.be/vehicle/IC812,http://irail.be/stations/NMBS/008896925,IC,2016-05-09T13:16:00,2016-05-09T13:16:00,0,-24
http://irail.be/vehicle/IC812,http://irail.be/stations/NMBS/008896008,IC,2016-05-09T13:25:00,2016-05-09T13:25:00,0,-31
http://irail.be/vehicle/IC812,http://irail.be/stations/NMBS/008891009,IC,2016-04-27T12:38:00,2016-04-27T12:38:00,0,0
http://irail.be/vehicle/IC812,NO-URI,IC,2016-04-27T12:45:00,2016-04-27T12:45:00,0,0
http://irail.be/vehicle/IC812,http://irail.be/stations/NMBS/008891264,IC,2016-04-27T12:46:00,2016-04-27T12:46:00,0,0
http://irail.be/vehicle/IC812,http://irail.be/stations/NMBS/008891314,IC,2016-04-27T12:53:00,2016-04-27T12:52:00,0,0
http://irail.be/vehicle/IC812,http://irail.be/stations/NMBS/008892205,IC,2016-04-27T12:58:00,2016-04-27T12:57:00,0,0
http://irail.be/vehicle/IC812,http://irail.be/stations/NMBS/008896800,IC,2016-04-27T13:05:00,2016-04-27T13:04:00,0,0
http://irail.be/vehicle/IC812,http://irail.be/stations/NMBS/008896909,IC,2016-04-27T13:11:00,2016-04-27T13:10:00,0,0
http://irail.be/vehicle/IC812,NO-URI,IC,2016-04-27T13:12:00,2016-04-27T13:12:00,0,0
http://irail.be/vehicle/IC812,http://irail.be/stations/NMBS/008896925,IC,2016-04-27T13:16:00,2016-04-27T13:16:00,0,0
http://irail.be/vehicle/IC812,http://irail.be/stations/NMBS/008896008,IC,2016-04-27T13:25:00,2016-04-27T13:25:00,0,41
http://irail.be/vehicle/IC812,http://irail.be/stations/NMBS/008891009,IC,2016-09-14T12:38:00,2016-09-14T12:38:00,66,
http://irail.be/vehicle/IC812,NO-URI,IC,2016-09-14T12:45:00,2016-09-14T12:45:00,277,277
http://irail.be/vehicle/IC812,http://irail.be/stations/NMBS/008891264,IC,2016-09-14T12:46:00,2016-09-14T12:46:00,301,277
http://irail.be/vehicle/IC812,http://irail.be/stations/NMBS/008891314,IC,2016-09-14T12:53:00,2016-09-14T12:52:00,260,279
http://irail.be/vehicle/IC812,http://irail.be/stations/NMBS/008892205,IC,2016-09-14T12:58:00,2016-09-14T12:57:00,224,242
http://irail.be/vehicle/IC812,http://irail.be/stations/NMBS/008896800,IC,2016-09-14T13:05:00,2016-09-14T13:04:00,209,210
http://irail.be/vehicle/IC812,http://irail.be/stations/NMBS/008896909,IC,2016-09-14T13:11:00,2016-09-14T13:10:00,209,209
http://irail.be/vehicle/IC812,NO-URI,IC,2016-09-14T13:12:00,2016-09-14T13:12:00,177,177
http://irail.be/vehicle/IC812,http://irail.be/stations/NMBS/008896925,IC,2016-09-14T13:16:00,2016-09-14T13:16:00,117,117
http://irail.be/vehicle/IC812,http://irail.be/stations/NMBS/008896008,IC,2016-09-14T13:25:00,2016-09-14T13:25:00,,94
http://irail.be/vehicle/IC812,http://irail.be/stations/NMBS/008891009,IC,2016-04-26T12:38:00,2016-04-26T12:38:00,10,0
http://irail.be/vehicle/IC812,NO-URI,IC,2016-04-26T12:45:00,2016-04-26T12:45:00,-6,-13
http://irail.be/vehicle/IC812,http://irail.be/stations/NMBS/008891264,IC,2016-04-26T12:46:00,2016-04-26T12:46:00,-12,-6
http://irail.be/vehicle/IC812,http://irail.be/stations/NMBS/008891314,IC,2016-04-26T12:53:00,2016-04-26T12:52:00,-8,-26
http://irail.be/vehicle/IC812,http://irail.be/stations/NMBS/008892205,IC,2016-04-26T12:58:00,2016-04-26T12:57:00,8,2
http://irail.be/vehicle/IC812,http://irail.be/stations/NMBS/008896800,IC,2016-04-26T13:05:00,2016-04-26T13:04:00,17,6
http://irail.be/vehicle/IC812,http://irail.be/stations/NMBS/008896909,IC,2016-04-26T13:11:00,2016-04-26T13:10:00,17,17
http://irail.be/vehicle/IC812,NO-URI,IC,2016-04-26T13:12:00,2016-04-26T13:12:00,25,-5
http://irail.be/vehicle/IC812,http://irail.be/stations/NMBS/008896925,IC,2016-04-26T13:16:00,2016-04-26T13:16:00,0,-35
http://irail.be/vehicle/IC812,http://irail.be/stations/NMBS/008896008,IC,2016-04-26T13:25:00,2016-04-26T13:25:00,0,-9
http://irail.be/vehicle/IC812,http://irail.be/stations/NMBS/008891009,IC,2016-11-18T12:38:00,2016-11-18T12:38:00,19,
http://irail.be/vehicle/IC812,NO-URI,IC,2016-11-18T12:45:00,2016-11-18T12:45:00,24,24
http://irail.be/vehicle/IC812,http://irail.be/stations/NMBS/008891264,IC,2016-11-18T12:46:00,2016-11-18T12:46:00,11,11
http://irail.be/vehicle/IC812,http://irail.be/stations/NMBS/008891314,IC,2016-11-18T12:53:00,2016-11-18T12:52:00,-13,11
http://irail.be/vehicle/IC812,http://irail.be/stations/NMBS/008892205,IC,2016-11-18T12:58:00,2016-11-18T12:57:00,-4,-18
http://irail.be/vehicle/IC812,http://irail.be/stations/NMBS/008896800,IC,2016-11-18T13:05:00,2016-11-18T13:04:00,73,45
http://irail.be/vehicle/IC812,http://irail.be/stations/NMBS/008896909,IC,2016-11-18T13:11:00,2016-11-18T13:10:00,103,73
http://irail.be/vehicle/IC812,NO-URI,IC,2016-11-18T13:12:00,2016-11-18T13:12:00,103,103
http://irail.be/vehicle/IC812,http://irail.be/stations/NMBS/008896925,IC,2016-11-18T13:16:00,2016-11-18T13:16:00,-12,-12
http://irail.be/vehicle/IC812,http://irail.be/stations/NMBS/008896008,IC,2016-11-18T13:25:00,2016-11-18T13:25:00,,-18
http://irail.be/vehicle/IC812,http://irail.be/stations/NMBS/008891009,IC,2016-09-08T12:38:00,2016-09-08T12:38:00,8,
http://irail.be/vehicle/IC812,NO-URI,IC,2016-09-08T12:45:00,2016-09-08T12:45:00,-9,-9
http://irail.be/vehicle/IC812,http://irail.be/stations/NMBS/008891264,IC,2016-09-08T12:46:00,2016-09-08T12:46:00,-15,-9
http://irail.be/vehicle/IC812,http://irail.be/stations/NMBS/008891314,IC,2016-09-08T12:53:00,2016-09-08T12:52:00,5,-14
http://irail.be/vehicle/IC812,http://irail.be/stations/NMBS/008892205,IC,2016-09-08T12:58:00,2016-09-08T12:57:00,22,26
http://irail.be/vehicle/IC812,http://irail.be/stations/NMBS/008896800,IC,2016-09-08T13:05:00,2016-09-08T13:04:00,20,16
http://irail.be/vehicle/IC812,http://irail.be/stations/NMBS/008896909,IC,2016-09-08T13:11:00,2016-09-08T13:10:00,20,20
http://irail.be/vehicle/IC812,NO-URI,IC,2016-09-08T13:12:00,2016-09-08T13:12:00,24,24
http://irail.be/vehicle/IC812,http://irail.be/stations/NMBS/008896925,IC,2016-09-08T13:16:00,2016-09-08T13:16:00,0,-36
http://irail.be/vehicle/IC812,http://irail.be/stations/NMBS/008896008,IC,2016-09-08T13:25:00,2016-09-08T13:25:00,,-27
http://irail.be/vehicle/IC812,http://irail.be/stations/NMBS/008891009,IC,2016-08-18T12:38:00,2016-08-18T12:38:00,6,
http://irail.be/vehicle/IC812,NO-URI,IC,2016-08-18T12:45:00,2016-08-18T12:45:00,-5,-5
http://irail.be/vehicle/IC812,http://irail.be/stations/NMBS/008891264,IC,2016-08-18T12:46:00,2016-08-18T12:46:00,-11,-5
http://irail.be/vehicle/IC812,http://irail.be/stations/NMBS/008891314,IC,2016-08-18T12:53:00,2016-08-18T12:52:00,-3,-21
http://irail.be/vehicle/IC812,http://irail.be/stations/NMBS/008892205,IC,2016-08-18T12:58:00,2016-08-18T12:57:00,12,12
http://irail.be/vehicle/IC812,http://irail.be/stations/NMBS/008896800,IC,2016-08-18T13:05:00,2016-08-18T13:04:00,25,14
http://irail.be/vehicle/IC812,http://irail.be/stations/NMBS/008896909,IC,2016-08-18T13:11:00,2016-08-18T13:10:00,25,25
http://irail.be/vehicle/IC812,NO-URI,IC,2016-08-18T13:12:00,2016-08-18T13:12:00,8,8
http://irail.be/vehicle/IC812,http://irail.be/stations/NMBS/008896925,IC,2016-08-18T13:16:00,2016-08-18T13:16:00,0,-52
http://irail.be/vehicle/IC812,http://irail.be/stations/NMBS/008896008,IC,2016-08-18T13:25:00,2016-08-18T13:25:00,,-43
http://irail.be/vehicle/IC812,http://irail.be/stations/NMBS/008891009,IC,2016-05-25T12:38:00,2016-05-25T12:38:00,10,0
http://irail.be/vehicle/IC812,NO-URI,IC,2016-05-25T12:45:00,2016-05-25T12:45:00,38,33
http://irail.be/vehicle/IC812,http://irail.be/stations/NMBS/008891264,IC,2016-05-25T12:46:00,2016-05-25T12:46:00,32,38
http://irail.be/vehicle/IC812,http://irail.be/stations/NMBS/008891314,IC,2016-05-25T12:53:00,2016-05-25T12:52:00,43,44
http://irail.be/vehicle/IC812,http://irail.be/stations/NMBS/008892205,IC,2016-05-25T12:58:00,2016-05-25T12:57:00,45,64
http://irail.be/vehicle/IC812,http://irail.be/stations/NMBS/008896800,IC,2016-05-25T13:05:00,2016-05-25T13:04:00,45,53
http://irail.be/vehicle/IC812,http://irail.be/stations/NMBS/008896909,IC,2016-05-25T13:11:00,2016-05-25T13:10:00,45,45
http://irail.be/vehicle/IC812,NO-URI,IC,2016-05-25T13:12:00,2016-05-25T13:12:00,42,18
http://irail.be/vehicle/IC812,http://irail.be/stations/NMBS/008896925,IC,2016-05-25T13:16:00,2016-05-25T13:16:00,0,-18
http://irail.be/vehicle/IC812,http://irail.be/stations/NMBS/008896008,IC,2016-05-25T13:25:00,2016-05-25T13:25:00,0,-22
http://irail.be/vehicle/IC812,http://irail.be/stations/NMBS/008891009,IC,2016-10-21T12:38:00,2016-10-21T12:38:00,-1,
http://irail.be/vehicle/IC812,NO-URI,IC,2016-10-21T12:45:00,2016-10-21T12:45:00,-18,-18
http://irail.be/vehicle/IC812,http://irail.be/stations/NMBS/008891264,IC,2016-10-21T12:46:00,2016-10-21T12:46:00,-24,-18
http://irail.be/vehicle/IC812,http://irail.be/stations/NMBS/008891314,IC,2016-10-21T12:53:00,2016-10-21T12:52:00,-13,-33
http://irail.be/vehicle/IC812,http://irail.be/stations/NMBS/008892205,IC,2016-10-21T12:58:00,2016-10-21T12:57:00,463,466
http://irail.be/vehicle/IC812,http://irail.be/stations/NMBS/008896800,IC,2016-10-21T13:05:00,2016-10-21T13:04:00,523,535
http://irail.be/vehicle/IC812,http://irail.be/stations/NMBS/008896909,IC,2016-10-21T13:11:00,2016-10-21T13:10:00,523,523
http://irail.be/vehicle/IC812,NO-URI,IC,2016-10-21T13:12:00,2016-10-21T13:12:00,523,523
http://irail.be/vehicle/IC812,http://irail.be/stations/NMBS/008896925,IC,2016-10-21T13:16:00,2016-10-21T13:16:00,463,463
http://irail.be/vehicle/IC812,http://irail.be/stations/NMBS/008896008,IC,2016-10-21T13:25:00,2016-10-21T13:25:00,,446
http://irail.be/vehicle/IC812,http://irail.be/stations/NMBS/008891009,IC,2016-06-14T12:38:00,2016-06-14T12:38:00,2,0
http://irail.be/vehicle/IC812,NO-URI,IC,2016-06-14T12:45:00,2016-06-14T12:45:00,-12,-18
http://irail.be/vehicle/IC812,http://irail.be/stations/NMBS/008891264,IC,2016-06-14T12:46:00,2016-06-14T12:46:00,-18,-12
http://irail.be/vehicle/IC812,http://irail.be/stations/NMBS/008891314,IC,2016-06-14T12:53:00,2016-06-14T12:52:00,-35,-16
http://irail.be/vehicle/IC812,http://irail.be/stations/NMBS/008892205,IC,2016-06-14T12:58:00,2016-06-14T12:57:00,-5,-20
http://irail.be/vehicle/IC812,http://irail.be/stations/NMBS/008896800,IC,2016-06-14T13:05:00,2016-06-14T13:04:00,4,1
http://irail.be/vehicle/IC812,http://irail.be/stations/NMBS/008896909,IC,2016-06-14T13:11:00,2016-06-14T13:10:00,4,4
http://irail.be/vehicle/IC812,NO-URI,IC,2016-06-14T13:12:00,2016-06-14T13:12:00,11,-18
http://irail.be/vehicle/IC812,http://irail.be/stations/NMBS/008896925,IC,2016-06-14T13:16:00,2016-06-14T13:16:00,0,-49
http://irail.be/vehicle/IC812,http://irail.be/stations/NMBS/008896008,IC,2016-06-14T13:25:00,2016-06-14T13:25:00,0,8
http://irail.be/vehicle/IC812,http://irail.be/stations/NMBS/008891009,IC,2016-11-02T12:38:00,2016-11-02T12:38:00,3,
http://irail.be/vehicle/IC812,NO-URI,IC,2016-11-02T12:45:00,2016-11-02T12:45:00,22,22
http://irail.be/vehicle/IC812,http://irail.be/stations/NMBS/008891264,IC,2016-11-02T12:46:00,2016-11-02T12:46:00,16,22
http://irail.be/vehicle/IC812,http://irail.be/stations/NMBS/008891314,IC,2016-11-02T12:53:00,2016-11-02T12:52:00,-11,6
http://irail.be/vehicle/IC812,http://irail.be/stations/NMBS/008892205,IC,2016-11-02T12:58:00,2016-11-02T12:57:00,-1,-4
http://irail.be/vehicle/IC812,http://irail.be/stations/NMBS/008896800,IC,2016-11-02T13:05:00,2016-11-02T13:04:00,1,-2
http://irail.be/vehicle/IC812,http://irail.be/stations/NMBS/008896909,IC,2016-11-02T13:11:00,2016-11-02T13:10:00,1,1
http://irail.be/vehicle/IC812,NO-URI,IC,2016-11-02T13:12:00,2016-11-02T13:12:00,-3,-3
http://irail.be/vehicle/IC812,http://irail.be/stations/NMBS/008896925,IC,2016-11-02T13:16:00,2016-11-02T13:16:00,0,-3
http://irail.be/vehicle/IC812,http://irail.be/stations/NMBS/008896008,IC,2016-11-02T13:25:00,2016-11-02T13:25:00,,-12
http://irail.be/vehicle/IC812,http://irail.be/stations/NMBS/008891009,IC,2016-11-15T12:38:00,2016-11-15T12:38:00,12,
http://irail.be/vehicle/IC812,NO-URI,IC,2016-11-15T12:45:00,2016-11-15T12:45:00,-24,-24
http://irail.be/vehicle/IC812,http://irail.be/stations/NMBS/008891264,IC,2016-11-15T12:46:00,2016-11-15T12:46:00,-41,-41
http://irail.be/vehicle/IC812,http://irail.be/stations/NMBS/008891314,IC,2016-11-15T12:53:00,2016-11-15T12:52:00,-13,-41
http://irail.be/vehicle/IC812,http://irail.be/stations/NMBS/008892205,IC,2016-11-15T12:58:00,2016-11-15T12:57:00,115,-9
http://irail.be/vehicle/IC812,http://irail.be/stations/NMBS/008896800,IC,2016-11-15T13:05:00,2016-11-15T13:04:00,157,148
http://irail.be/vehicle/IC812,http://irail.be/stations/NMBS/008896909,IC,2016-11-15T13:11:00,2016-11-15T13:10:00,170,157
http://irail.be/vehicle/IC812,NO-URI,IC,2016-11-15T13:12:00,2016-11-15T13:12:00,170,170
http://irail.be/vehicle/IC812,http://irail.be/stations/NMBS/008896925,IC,2016-11-15T13:16:00,2016-11-15T13:16:00,54,54
http://irail.be/vehicle/IC812,http://irail.be/stations/NMBS/008896008,IC,2016-11-15T13:25:00,2016-11-15T13:25:00,,37
http://irail.be/vehicle/IC812,http://irail.be/stations/NMBS/008891009,IC,2016-12-28T12:38:00,2016-12-28T12:38:00,17,
http://irail.be/vehicle/IC812,NO-URI,IC,2016-12-28T12:45:00,2016-12-28T12:45:00,39,39
http://irail.be/vehicle/IC812,http://irail.be/stations/NMBS/008891264,IC,2016-12-28T12:46:00,2016-12-28T12:46:00,34,34
http://irail.be/vehicle/IC812,http://irail.be/stations/NMBS/008891314,IC,2016-12-28T12:53:00,2016-12-28T12:52:00,15,34
http://irail.be/vehicle/IC812,http://irail.be/stations/NMBS/008892205,IC,2016-12-28T12:58:00,2016-12-28T12:57:00,23,27
http://irail.be/vehicle/IC812,http://irail.be/stations/NMBS/008896800,IC,2016-12-28T13:05:00,2016-12-28T13:04:00,23,30
http://irail.be/vehicle/IC812,http://irail.be/stations/NMBS/008896909,IC,2016-12-28T13:11:00,2016-12-28T13:10:00,34,23
http://irail.be/vehicle/IC812,NO-URI,IC,2016-12-28T13:12:00,2016-12-28T13:12:00,34,34
http://irail.be/vehicle/IC812,http://irail.be/stations/NMBS/008896925,IC,2016-12-28T13:16:00,2016-12-28T13:16:00,10,-6
http://irail.be/vehicle/IC812,http://irail.be/stations/NMBS/008896008,IC,2016-12-28T13:25:00,2016-12-28T13:25:00,,0
http://irail.be/vehicle/IC812,http://irail.be/stations/NMBS/008891009,IC,2016-01-15T12:38:00,2016-01-15T12:38:00,45,0
http://irail.be/vehicle/IC812,NO-URI,IC,2016-01-15T12:45:00,2016-01-15T12:45:00,67,59
http://irail.be/vehicle/IC812,http://irail.be/stations/NMBS/008891264,IC,2016-01-15T12:46:00,2016-01-15T12:46:00,61,67
http://irail.be/vehicle/IC812,http://irail.be/stations/NMBS/008891314,IC,2016-01-15T12:53:00,2016-01-15T12:52:00,60,79
http://irail.be/vehicle/IC812,http://irail.be/stations/NMBS/008892205,IC,2016-01-15T12:58:00,2016-01-15T12:57:00,64,63
http://irail.be/vehicle/IC812,http://irail.be/stations/NMBS/008896800,IC,2016-01-15T13:05:00,2016-01-15T13:04:00,97,85
http://irail.be/vehicle/IC812,http://irail.be/stations/NMBS/008896909,IC,2016-01-15T13:11:00,2016-01-15T13:10:00,97,97
http://irail.be/vehicle/IC812,NO-URI,IC,2016-01-15T13:12:00,2016-01-15T13:12:00,52,32
http://irail.be/vehicle/IC812,http://irail.be/stations/NMBS/008896925,IC,2016-01-15T13:16:00,2016-01-15T13:16:00,0,-8
http://irail.be/vehicle/IC812,http://irail.be/stations/NMBS/008896008,IC,2016-01-15T13:25:00,2016-01-15T13:25:00,0,-69
http://irail.be/vehicle/IC812,http://irail.be/stations/NMBS/008891009,IC,2016-11-07T12:38:00,2016-11-07T12:38:00,32,
http://irail.be/vehicle/IC812,NO-URI,IC,2016-11-07T12:45:00,2016-11-07T12:45:00,48,48
http://irail.be/vehicle/IC812,http://irail.be/stations/NMBS/008891264,IC,2016-11-07T12:46:00,2016-11-07T12:46:00,42,48
http://irail.be/vehicle/IC812,http://irail.be/stations/NMBS/008891314,IC,2016-11-07T12:53:00,2016-11-07T12:52:00,22,44
http://irail.be/vehicle/IC812,http://irail.be/stations/NMBS/008892205,IC,2016-11-07T12:58:00,2016-11-07T12:57:00,47,50
http://irail.be/vehicle/IC812,http://irail.be/stations/NMBS/008896800,IC,2016-11-07T13:05:00,2016-11-07T13:04:00,78,77
http://irail.be/vehicle/IC812,http://irail.be/stations/NMBS/008896909,IC,2016-11-07T13:11:00,2016-11-07T13:10:00,78,78
http://irail.be/vehicle/IC812,NO-URI,IC,2016-11-07T13:12:00,2016-11-07T13:12:00,73,73
http://irail.be/vehicle/IC812,http://irail.be/stations/NMBS/008896925,IC,2016-11-07T13:16:00,2016-11-07T13:16:00,13,13
http://irail.be/vehicle/IC812,http://irail.be/stations/NMBS/008896008,IC,2016-11-07T13:25:00,2016-11-07T13:25:00,,54
http://irail.be/vehicle/IC812,http://irail.be/stations/NMBS/008891009,IC,2016-04-12T12:38:00,2016-04-12T12:38:00,22,0
http://irail.be/vehicle/IC812,NO-URI,IC,2016-04-12T12:45:00,2016-04-12T12:45:00,1,-4
http://irail.be/vehicle/IC812,http://irail.be/stations/NMBS/008891264,IC,2016-04-12T12:46:00,2016-04-12T12:46:00,-5,1
http://irail.be/vehicle/IC812,http://irail.be/stations/NMBS/008891314,IC,2016-04-12T12:53:00,2016-04-12T12:52:00,-4,8
http://irail.be/vehicle/IC812,http://irail.be/stations/NMBS/008892205,IC,2016-04-12T12:58:00,2016-04-12T12:57:00,3,4
http://irail.be/vehicle/IC812,http://irail.be/stations/NMBS/008896800,IC,2016-04-12T13:05:00,2016-04-12T13:04:00,7,8
http://irail.be/vehicle/IC812,http://irail.be/stations/NMBS/008896909,IC,2016-04-12T13:11:00,2016-04-12T13:10:00,7,7
http://irail.be/vehicle/IC812,NO-URI,IC,2016-04-12T13:12:00,2016-04-12T13:12:00,27,4
http://irail.be/vehicle/IC812,http://irail.be/stations/NMBS/008896925,IC,2016-04-12T13:16:00,2016-04-12T13:16:00,0,-33
http://irail.be/vehicle/IC812,http://irail.be/stations/NMBS/008896008,IC,2016-04-12T13:25:00,2016-04-12T13:25:00,0,-74
http://irail.be/vehicle/IC812,http://irail.be/stations/NMBS/008891009,IC,2016-06-13T12:38:00,2016-06-13T12:38:00,57,0
http://irail.be/vehicle/IC812,NO-URI,IC,2016-06-13T12:45:00,2016-06-13T12:45:00,35,31
http://irail.be/vehicle/IC812,http://irail.be/stations/NMBS/008891264,IC,2016-06-13T12:46:00,2016-06-13T12:46:00,29,35
http://irail.be/vehicle/IC812,http://irail.be/stations/NMBS/008891314,IC,2016-06-13T12:53:00,2016-06-13T12:52:00,30,32
http://irail.be/vehicle/IC812,http://irail.be/stations/NMBS/008892205,IC,2016-06-13T12:58:00,2016-06-13T12:57:00,64,58
http://irail.be/vehicle/IC812,http://irail.be/stations/NMBS/008896800,IC,2016-06-13T13:05:00,2016-06-13T13:04:00,41,51
http://irail.be/vehicle/IC812,http://irail.be/stations/NMBS/008896909,IC,2016-06-13T13:11:00,2016-06-13T13:10:00,41,41
http://irail.be/vehicle/IC812,NO-URI,IC,2016-06-13T13:12:00,2016-06-13T13:12:00,27,-3
http://irail.be/vehicle/IC812,http://irail.be/stations/NMBS/008896925,IC,2016-06-13T13:16:00,2016-06-13T13:16:00,0,-33
http://irail.be/vehicle/IC812,http://irail.be/stations/NMBS/008896008,IC,2016-06-13T13:25:00,2016-06-13T13:25:00,0,-28
http://irail.be/vehicle/IC812,http://irail.be/stations/NMBS/008891009,IC,2016-12-29T12:38:00,2016-12-29T12:38:00,26,
http://irail.be/vehicle/IC812,NO-URI,IC,2016-12-29T12:45:00,2016-12-29T12:45:00,4,4
http://irail.be/vehicle/IC812,http://irail.be/stations/NMBS/008891264,IC,2016-12-29T12:46:00,2016-12-29T12:46:00,24,-2
http://irail.be/vehicle/IC812,http://irail.be/stations/NMBS/008891314,IC,2016-12-29T12:53:00,2016-12-29T12:52:00,18,24
http://irail.be/vehicle/IC812,http://irail.be/stations/NMBS/008892205,IC,2016-12-29T12:58:00,2016-12-29T12:57:00,20,29
http://irail.be/vehicle/IC812,http://irail.be/stations/NMBS/008896800,IC,2016-12-29T13:05:00,2016-12-29T13:04:00,34,16
http://irail.be/vehicle/IC812,http://irail.be/stations/NMBS/008896909,IC,2016-12-29T13:11:00,2016-12-29T13:10:00,59,34
http://irail.be/vehicle/IC812,NO-URI,IC,2016-12-29T13:12:00,2016-12-29T13:12:00,59,59
http://irail.be/vehicle/IC812,http://irail.be/stations/NMBS/008896925,IC,2016-12-29T13:16:00,2016-12-29T13:16:00,9,9
http://irail.be/vehicle/IC812,http://irail.be/stations/NMBS/008896008,IC,2016-12-29T13:25:00,2016-12-29T13:25:00,,14
http://irail.be/vehicle/IC812,http://irail.be/stations/NMBS/008891009,IC,2016-12-09T12:38:00,2016-12-09T12:38:00,8,
http://irail.be/vehicle/IC812,NO-URI,IC,2016-12-09T12:45:00,2016-12-09T12:45:00,-19,-19
http://irail.be/vehicle/IC812,http://irail.be/stations/NMBS/008891264,IC,2016-12-09T12:46:00,2016-12-09T12:46:00,-25,-26
http://irail.be/vehicle/IC812,http://irail.be/stations/NMBS/008891314,IC,2016-12-09T12:53:00,2016-12-09T12:52:00,11,-25
http://irail.be/vehicle/IC812,http://irail.be/stations/NMBS/008892205,IC,2016-12-09T12:58:00,2016-12-09T12:57:00,57,0
http://irail.be/vehicle/IC812,http://irail.be/stations/NMBS/008896800,IC,2016-12-09T13:05:00,2016-12-09T13:04:00,63,36
http://irail.be/vehicle/IC812,http://irail.be/stations/NMBS/008896909,IC,2016-12-09T13:11:00,2016-12-09T13:10:00,61,63
http://irail.be/vehicle/IC812,NO-URI,IC,2016-12-09T13:12:00,2016-12-09T13:12:00,61,61
http://irail.be/vehicle/IC812,http://irail.be/stations/NMBS/008896925,IC,2016-12-09T13:16:00,2016-12-09T13:16:00,0,0
http://irail.be/vehicle/IC812,http://irail.be/stations/NMBS/008896008,IC,2016-12-09T13:25:00,2016-12-09T13:25:00,,-45
http://irail.be/vehicle/IC812,http://irail.be/stations/NMBS/008891009,IC,2016-03-10T12:38:00,2016-03-10T12:38:00,7,0
http://irail.be/vehicle/IC812,NO-URI,IC,2016-03-10T12:45:00,2016-03-10T12:45:00,-4,-7
http://irail.be/vehicle/IC812,http://irail.be/stations/NMBS/008891264,IC,2016-03-10T12:46:00,2016-03-10T12:46:00,-10,-4
http://irail.be/vehicle/IC812,http://irail.be/stations/NMBS/008891314,IC,2016-03-10T12:53:00,2016-03-10T12:52:00,0,-35
http://irail.be/vehicle/IC812,http://irail.be/stations/NMBS/008892205,IC,2016-03-10T12:58:00,2016-03-10T12:57:00,9,9
http://irail.be/vehicle/IC812,http://irail.be/stations/NMBS/008896800,IC,2016-03-10T13:05:00,2016-03-10T13:04:00,53,57
http://irail.be/vehicle/IC812,http://irail.be/stations/NMBS/008896909,IC,2016-03-10T13:11:00,2016-03-10T13:10:00,53,53
http://irail.be/vehicle/IC812,NO-URI,IC,2016-03-10T13:12:00,2016-03-10T13:12:00,32,-1
http://irail.be/vehicle/IC812,http://irail.be/stations/NMBS/008896925,IC,2016-03-10T13:16:00,2016-03-10T13:16:00,0,-28
http://irail.be/vehicle/IC812,http://irail.be/stations/NMBS/008896008,IC,2016-03-10T13:25:00,2016-03-10T13:25:00,0,-26
http://irail.be/vehicle/IC812,http://irail.be/stations/NMBS/008891009,IC,2016-05-27T12:38:00,2016-05-27T12:38:00,37,0
http://irail.be/vehicle/IC812,NO-URI,IC,2016-05-27T12:45:00,2016-05-27T12:45:00,7,1
http://irail.be/vehicle/IC812,http://irail.be/stations/NMBS/008891264,IC,2016-05-27T12:46:00,2016-05-27T12:46:00,1,7
http://irail.be/vehicle/IC812,http://irail.be/stations/NMBS/008891314,IC,2016-05-27T12:53:00,2016-05-27T12:52:00,-6,5
http://irail.be/vehicle/IC812,http://irail.be/stations/NMBS/008892205,IC,2016-05-27T12:58:00,2016-05-27T12:57:00,24,7
http://irail.be/vehicle/IC812,http://irail.be/stations/NMBS/008896800,IC,2016-05-27T13:05:00,2016-05-27T13:04:00,26,23
http://irail.be/vehicle/IC812,http://irail.be/stations/NMBS/008896909,IC,2016-05-27T13:11:00,2016-05-27T13:10:00,26,26
http://irail.be/vehicle/IC812,NO-URI,IC,2016-05-27T13:12:00,2016-05-27T13:12:00,27,-2
http://irail.be/vehicle/IC812,http://irail.be/stations/NMBS/008896925,IC,2016-05-27T13:16:00,2016-05-27T13:16:00,0,-33
http://irail.be/vehicle/IC812,http://irail.be/stations/NMBS/008896008,IC,2016-05-27T13:25:00,2016-05-27T13:25:00,0,12
http://irail.be/vehicle/IC812,http://irail.be/stations/NMBS/008891009,IC,2016-04-20T12:38:00,2016-04-20T12:38:00,30,0
http://irail.be/vehicle/IC812,NO-URI,IC,2016-04-20T12:45:00,2016-04-20T12:45:00,43,37
http://irail.be/vehicle/IC812,http://irail.be/stations/NMBS/008891264,IC,2016-04-20T12:46:00,2016-04-20T12:46:00,37,43
http://irail.be/vehicle/IC812,http://irail.be/stations/NMBS/008891314,IC,2016-04-20T12:53:00,2016-04-20T12:52:00,38,55
http://irail.be/vehicle/IC812,http://irail.be/stations/NMBS/008892205,IC,2016-04-20T12:58:00,2016-04-20T12:57:00,35,46
http://irail.be/vehicle/IC812,http://irail.be/stations/NMBS/008896800,IC,2016-04-20T13:05:00,2016-04-20T13:04:00,16,36
http://irail.be/vehicle/IC812,http://irail.be/stations/NMBS/008896909,IC,2016-04-20T13:11:00,2016-04-20T13:10:00,16,16
http://irail.be/vehicle/IC812,NO-URI,IC,2016-04-20T13:12:00,2016-04-20T13:12:00,5,-15
http://irail.be/vehicle/IC812,http://irail.be/stations/NMBS/008896925,IC,2016-04-20T13:16:00,2016-04-20T13:16:00,0,-55
http://irail.be/vehicle/IC812,http://irail.be/stations/NMBS/008896008,IC,2016-04-20T13:25:00,2016-04-20T13:25:00,0,32
http://irail.be/vehicle/IC812,http://irail.be/stations/NMBS/008891009,IC,2016-09-29T12:38:00,2016-09-29T12:38:00,15,
http://irail.be/vehicle/IC812,NO-URI,IC,2016-09-29T12:45:00,2016-09-29T12:45:00,24,24
http://irail.be/vehicle/IC812,http://irail.be/stations/NMBS/008891264,IC,2016-09-29T12:46:00,2016-09-29T12:46:00,18,24
http://irail.be/vehicle/IC812,http://irail.be/stations/NMBS/008891314,IC,2016-09-29T12:53:00,2016-09-29T12:52:00,3,10
http://irail.be/vehicle/IC812,http://irail.be/stations/NMBS/008892205,IC,2016-09-29T12:58:00,2016-09-29T12:57:00,9,29
http://irail.be/vehicle/IC812,http://irail.be/stations/NMBS/008896800,IC,2016-09-29T13:05:00,2016-09-29T13:04:00,1,19
http://irail.be/vehicle/IC812,http://irail.be/stations/NMBS/008896909,IC,2016-09-29T13:11:00,2016-09-29T13:10:00,1,1
http://irail.be/vehicle/IC812,NO-URI,IC,2016-09-29T13:12:00,2016-09-29T13:12:00,13,13
http://irail.be/vehicle/IC812,http://irail.be/stations/NMBS/008896925,IC,2016-09-29T13:16:00,2016-09-29T13:16:00,0,-47
http://irail.be/vehicle/IC812,http://irail.be/stations/NMBS/008896008,IC,2016-09-29T13:25:00,2016-09-29T13:25:00,,-20
http://irail.be/vehicle/IC812,http://irail.be/stations/NMBS/008891009,IC,2016-12-14T12:38:00,2016-12-14T12:38:00,30,
http://irail.be/vehicle/IC812,NO-URI,IC,2016-12-14T12:45:00,2016-12-14T12:45:00,9,9
http://irail.be/vehicle/IC812,http://irail.be/stations/NMBS/008891264,IC,2016-12-14T12:46:00,2016-12-14T12:46:00,22,4
http://irail.be/vehicle/IC812,http://irail.be/stations/NMBS/008891314,IC,2016-12-14T12:53:00,2016-12-14T12:52:00,20,22
http://irail.be/vehicle/IC812,http://irail.be/stations/NMBS/008892205,IC,2016-12-14T12:58:00,2016-12-14T12:57:00,41,25
http://irail.be/vehicle/IC812,http://irail.be/stations/NMBS/008896800,IC,2016-12-14T13:05:00,2016-12-14T13:04:00,28,31
http://irail.be/vehicle/IC812,http://irail.be/stations/NMBS/008896909,IC,2016-12-14T13:11:00,2016-12-14T13:10:00,36,28
http://irail.be/vehicle/IC812,NO-URI,IC,2016-12-14T13:12:00,2016-12-14T13:12:00,36,36
http://irail.be/vehicle/IC812,http://irail.be/stations/NMBS/008896925,IC,2016-12-14T13:16:00,2016-12-14T13:16:00,27,10
http://irail.be/vehicle/IC812,http://irail.be/stations/NMBS/008896008,IC,2016-12-14T13:25:00,2016-12-14T13:25:00,,24
http://irail.be/vehicle/IC812,http://irail.be/stations/NMBS/008891009,IC,2016-05-23T12:38:00,2016-05-23T12:38:00,10,0
http://irail.be/vehicle/IC812,NO-URI,IC,2016-05-23T12:45:00,2016-05-23T12:45:00,-9,-17
http://irail.be/vehicle/IC812,http://irail.be/stations/NMBS/008891264,IC,2016-05-23T12:46:00,2016-05-23T12:46:00,-15,-9
http://irail.be/vehicle/IC812,http://irail.be/stations/NMBS/008891314,IC,2016-05-23T12:53:00,2016-05-23T12:52:00,-14,-1
http://irail.be/vehicle/IC812,http://irail.be/stations/NMBS/008892205,IC,2016-05-23T12:58:00,2016-05-23T12:57:00,10,4
http://irail.be/vehicle/IC812,http://irail.be/stations/NMBS/008896800,IC,2016-05-23T13:05:00,2016-05-23T13:04:00,1,5
http://irail.be/vehicle/IC812,http://irail.be/stations/NMBS/008896909,IC,2016-05-23T13:11:00,2016-05-23T13:10:00,1,1
http://irail.be/vehicle/IC812,NO-URI,IC,2016-05-23T13:12:00,2016-05-23T13:12:00,13,-32
http://irail.be/vehicle/IC812,http://irail.be/stations/NMBS/008896925,IC,2016-05-23T13:16:00,2016-05-23T13:16:00,0,-47
http://irail.be/vehicle/IC812,http://irail.be/stations/NMBS/008896008,IC,2016-05-23T13:25:00,2016-05-23T13:25:00,0,-3
http://irail.be/vehicle/IC812,http://irail.be/stations/NMBS/008891009,IC,2016-11-29T12:38:00,2016-11-29T12:38:00,9,
http://irail.be/vehicle/IC812,NO-URI,IC,2016-11-29T12:45:00,2016-11-29T12:45:00,-24,-24
http://irail.be/vehicle/IC812,http://irail.be/stations/NMBS/008891264,IC,2016-11-29T12:46:00,2016-11-29T12:46:00,-47,-47
http://irail.be/vehicle/IC812,http://irail.be/stations/NMBS/008891314,IC,2016-11-29T12:53:00,2016-11-29T12:52:00,-11,-47
http://irail.be/vehicle/IC812,http://irail.be/stations/NMBS/008892205,IC,2016-11-29T12:58:00,2016-11-29T12:57:00,272,61
http://irail.be/vehicle/IC812,http://irail.be/stations/NMBS/008896800,IC,2016-11-29T13:05:00,2016-11-29T13:04:00,267,271
http://irail.be/vehicle/IC812,http://irail.be/stations/NMBS/008896909,IC,2016-11-29T13:11:00,2016-11-29T13:10:00,252,267
http://irail.be/vehicle/IC812,NO-URI,IC,2016-11-29T13:12:00,2016-11-29T13:12:00,252,252
http://irail.be/vehicle/IC812,http://irail.be/stations/NMBS/008896925,IC,2016-11-29T13:16:00,2016-11-29T13:16:00,226,212
http://irail.be/vehicle/IC812,http://irail.be/stations/NMBS/008896008,IC,2016-11-29T13:25:00,2016-11-29T13:25:00,,242
http://irail.be/vehicle/IC812,http://irail.be/stations/NMBS/008891009,IC,2016-08-16T12:38:00,2016-08-16T12:38:00,3,
http://irail.be/vehicle/IC812,NO-URI,IC,2016-08-16T12:45:00,2016-08-16T12:45:00,-26,-26
http://irail.be/vehicle/IC812,http://irail.be/stations/NMBS/008891264,IC,2016-08-16T12:46:00,2016-08-16T12:46:00,-32,-26
http://irail.be/vehicle/IC812,http://irail.be/stations/NMBS/008891314,IC,2016-08-16T12:53:00,2016-08-16T12:52:00,-18,-57
http://irail.be/vehicle/IC812,http://irail.be/stations/NMBS/008892205,IC,2016-08-16T12:58:00,2016-08-16T12:57:00,3,-1
http://irail.be/vehicle/IC812,http://irail.be/stations/NMBS/008896800,IC,2016-08-16T13:05:00,2016-08-16T13:04:00,-4,1
http://irail.be/vehicle/IC812,http://irail.be/stations/NMBS/008896909,IC,2016-08-16T13:11:00,2016-08-16T13:10:00,0,-4
http://irail.be/vehicle/IC812,NO-URI,IC,2016-08-16T13:12:00,2016-08-16T13:12:00,7,7
http://irail.be/vehicle/IC812,http://irail.be/stations/NMBS/008896925,IC,2016-08-16T13:16:00,2016-08-16T13:16:00,0,-53
http://irail.be/vehicle/IC812,http://irail.be/stations/NMBS/008896008,IC,2016-08-16T13:25:00,2016-08-16T13:25:00,,-53
http://irail.be/vehicle/IC812,http://irail.be/stations/NMBS/008891009,IC,2016-03-09T12:38:00,2016-03-09T12:38:00,4,0
http://irail.be/vehicle/IC812,NO-URI,IC,2016-03-09T12:45:00,2016-03-09T12:45:00,10,5
http://irail.be/vehicle/IC812,http://irail.be/stations/NMBS/008891264,IC,2016-03-09T12:46:00,2016-03-09T12:46:00,4,10
http://irail.be/vehicle/IC812,http://irail.be/stations/NMBS/008891314,IC,2016-03-09T12:53:00,2016-03-09T12:52:00,0,8
http://irail.be/vehicle/IC812,http://irail.be/stations/NMBS/008892205,IC,2016-03-09T12:58:00,2016-03-09T12:57:00,10,12
http://irail.be/vehicle/IC812,http://irail.be/stations/NMBS/008896800,IC,2016-03-09T13:05:00,2016-03-09T13:04:00,57,65
http://irail.be/vehicle/IC812,http://irail.be/stations/NMBS/008896909,IC,2016-03-09T13:11:00,2016-03-09T13:10:00,57,57
http://irail.be/vehicle/IC812,NO-URI,IC,2016-03-09T13:12:00,2016-03-09T13:12:00,54,32
http://irail.be/vehicle/IC812,http://irail.be/stations/NMBS/008896925,IC,2016-03-09T13:16:00,2016-03-09T13:16:00,0,-6
http://irail.be/vehicle/IC812,http://irail.be/stations/NMBS/008896008,IC,2016-03-09T13:25:00,2016-03-09T13:25:00,0,32
http://irail.be/vehicle/IC812,http://irail.be/stations/NMBS/008891009,IC,2016-06-08T12:38:00,2016-06-08T12:38:00,-3,0
http://irail.be/vehicle/IC812,NO-URI,IC,2016-06-08T12:45:00,2016-06-08T12:45:00,-16,-22
http://irail.be/vehicle/IC812,http://irail.be/stations/NMBS/008891264,IC,2016-06-08T12:46:00,2016-06-08T12:46:00,-22,-16
http://irail.be/vehicle/IC812,http://irail.be/stations/NMBS/008891314,IC,2016-06-08T12:53:00,2016-06-08T12:52:00,-16,-23
http://irail.be/vehicle/IC812,http://irail.be/stations/NMBS/008892205,IC,2016-06-08T12:58:00,2016-06-08T12:57:00,26,33
http://irail.be/vehicle/IC812,http://irail.be/stations/NMBS/008896800,IC,2016-06-08T13:05:00,2016-06-08T13:04:00,99,24
http://irail.be/vehicle/IC812,http://irail.be/stations/NMBS/008896909,IC,2016-06-08T13:11:00,2016-06-08T13:10:00,99,99
http://irail.be/vehicle/IC812,NO-URI,IC,2016-06-08T13:12:00,2016-06-08T13:12:00,74,57
http://irail.be/vehicle/IC812,http://irail.be/stations/NMBS/008896925,IC,2016-06-08T13:16:00,2016-06-08T13:16:00,14,14
http://irail.be/vehicle/IC812,http://irail.be/stations/NMBS/008896008,IC,2016-06-08T13:25:00,2016-06-08T13:25:00,0,38
http://irail.be/vehicle/IC812,http://irail.be/stations/NMBS/008891009,IC,2016-07-05T12:38:00,2016-07-05T12:38:00,31,
http://irail.be/vehicle/IC812,NO-URI,IC,2016-07-05T12:45:00,2016-07-05T12:45:00,29,29
http://irail.be/vehicle/IC812,http://irail.be/stations/NMBS/008891264,IC,2016-07-05T12:46:00,2016-07-05T12:46:00,23,29
http://irail.be/vehicle/IC812,http://irail.be/stations/NMBS/008891314,IC,2016-07-05T12:53:00,2016-07-05T12:52:00,24,20
http://irail.be/vehicle/IC812,http://irail.be/stations/NMBS/008892205,IC,2016-07-05T12:58:00,2016-07-05T12:57:00,26,36
http://irail.be/vehicle/IC812,http://irail.be/stations/NMBS/008896800,IC,2016-07-05T13:05:00,2016-07-05T13:04:00,14,26
http://irail.be/vehicle/IC812,http://irail.be/stations/NMBS/008896909,IC,2016-07-05T13:11:00,2016-07-05T13:10:00,14,14
http://irail.be/vehicle/IC812,NO-URI,IC,2016-07-05T13:12:00,2016-07-05T13:12:00,6,6
http://irail.be/vehicle/IC812,http://irail.be/stations/NMBS/008896925,IC,2016-07-05T13:16:00,2016-07-05T13:16:00,0,-54
http://irail.be/vehicle/IC812,http://irail.be/stations/NMBS/008896008,IC,2016-07-05T13:25:00,2016-07-05T13:25:00,,-5
http://irail.be/vehicle/IC812,http://irail.be/stations/NMBS/008891009,IC,2016-04-29T12:38:00,2016-04-29T12:38:00,-1,0
http://irail.be/vehicle/IC812,NO-URI,IC,2016-04-29T12:45:00,2016-04-29T12:45:00,-22,-25
http://irail.be/vehicle/IC812,http://irail.be/stations/NMBS/008891264,IC,2016-04-29T12:46:00,2016-04-29T12:46:00,-28,-22
http://irail.be/vehicle/IC812,http://irail.be/stations/NMBS/008891314,IC,2016-04-29T12:53:00,2016-04-29T12:52:00,4,-21
http://irail.be/vehicle/IC812,http://irail.be/stations/NMBS/008892205,IC,2016-04-29T12:58:00,2016-04-29T12:57:00,131,27
http://irail.be/vehicle/IC812,http://irail.be/stations/NMBS/008896800,IC,2016-04-29T13:05:00,2016-04-29T13:04:00,170,191
http://irail.be/vehicle/IC812,http://irail.be/stations/NMBS/008896909,IC,2016-04-29T13:11:00,2016-04-29T13:10:00,170,170
http://irail.be/vehicle/IC812,NO-URI,IC,2016-04-29T13:12:00,2016-04-29T13:12:00,147,126
http://irail.be/vehicle/IC812,http://irail.be/stations/NMBS/008896925,IC,2016-04-29T13:16:00,2016-04-29T13:16:00,87,87
http://irail.be/vehicle/IC812,http://irail.be/stations/NMBS/008896008,IC,2016-04-29T13:25:00,2016-04-29T13:25:00,0,42
http://irail.be/vehicle/IC812,http://irail.be/stations/NMBS/008891009,IC,2016-05-12T12:38:00,2016-05-12T12:38:00,1,0
http://irail.be/vehicle/IC812,NO-URI,IC,2016-05-12T12:45:00,2016-05-12T12:45:00,-33,-37
http://irail.be/vehicle/IC812,http://irail.be/stations/NMBS/008891264,IC,2016-05-12T12:46:00,2016-05-12T12:46:00,-39,-33
http://irail.be/vehicle/IC812,http://irail.be/stations/NMBS/008891314,IC,2016-05-12T12:53:00,2016-05-12T12:52:00,-20,-66
http://irail.be/vehicle/IC812,http://irail.be/stations/NMBS/008892205,IC,2016-05-12T12:58:00,2016-05-12T12:57:00,-4,-9
http://irail.be/vehicle/IC812,http://irail.be/stations/NMBS/008896800,IC,2016-05-12T13:05:00,2016-05-12T13:04:00,-6,-5
http://irail.be/vehicle/IC812,http://irail.be/stations/NMBS/008896909,IC,2016-05-12T13:11:00,2016-05-12T13:10:00,0,-6
http://irail.be/vehicle/IC812,NO-URI,IC,2016-05-12T13:12:00,2016-05-12T13:12:00,-27,-47
http://irail.be/vehicle/IC812,http://irail.be/stations/NMBS/008896925,IC,2016-05-12T13:16:00,2016-05-12T13:16:00,0,-27
http://irail.be/vehicle/IC812,http://irail.be/stations/NMBS/008896008,IC,2016-05-12T13:25:00,2016-05-12T13:25:00,0,-46
http://irail.be/vehicle/IC812,http://irail.be/stations/NMBS/008891009,IC,2016-08-31T12:38:00,2016-08-31T12:38:00,12,
http://irail.be/vehicle/IC812,NO-URI,IC,2016-08-31T12:45:00,2016-08-31T12:45:00,-7,-7
http://irail.be/vehicle/IC812,http://irail.be/stations/NMBS/008891264,IC,2016-08-31T12:46:00,2016-08-31T12:46:00,-13,-7
http://irail.be/vehicle/IC812,http://irail.be/stations/NMBS/008891314,IC,2016-08-31T12:53:00,2016-08-31T12:52:00,-8,-35
http://irail.be/vehicle/IC812,http://irail.be/stations/NMBS/008892205,IC,2016-08-31T12:58:00,2016-08-31T12:57:00,8,-2
http://irail.be/vehicle/IC812,http://irail.be/stations/NMBS/008896800,IC,2016-08-31T13:05:00,2016-08-31T13:04:00,33,30
http://irail.be/vehicle/IC812,http://irail.be/stations/NMBS/008896909,IC,2016-08-31T13:11:00,2016-08-31T13:10:00,33,33
http://irail.be/vehicle/IC812,NO-URI,IC,2016-08-31T13:12:00,2016-08-31T13:12:00,35,35
http://irail.be/vehicle/IC812,http://irail.be/stations/NMBS/008896925,IC,2016-08-31T13:16:00,2016-08-31T13:16:00,0,-25
http://irail.be/vehicle/IC812,http://irail.be/stations/NMBS/008896008,IC,2016-08-31T13:25:00,2016-08-31T13:25:00,,1
http://irail.be/vehicle/IC812,http://irail.be/stations/NMBS/008891009,IC,2016-04-06T12:38:00,2016-04-06T12:38:00,4,0
http://irail.be/vehicle/IC812,NO-URI,IC,2016-04-06T12:45:00,2016-04-06T12:45:00,-10,-18
http://irail.be/vehicle/IC812,http://irail.be/stations/NMBS/008891264,IC,2016-04-06T12:46:00,2016-04-06T12:46:00,-16,-10
http://irail.be/vehicle/IC812,http://irail.be/stations/NMBS/008891314,IC,2016-04-06T12:53:00,2016-04-06T12:52:00,3,-32
http://irail.be/vehicle/IC812,http://irail.be/stations/NMBS/008892205,IC,2016-04-06T12:58:00,2016-04-06T12:57:00,52,58
http://irail.be/vehicle/IC812,http://irail.be/stations/NMBS/008896800,IC,2016-04-06T13:05:00,2016-04-06T13:04:00,43,54
http://irail.be/vehicle/IC812,http://irail.be/stations/NMBS/008896909,IC,2016-04-06T13:11:00,2016-04-06T13:10:00,43,43
http://irail.be/vehicle/IC812,NO-URI,IC,2016-04-06T13:12:00,2016-04-06T13:12:00,28,6
http://irail.be/vehicle/IC812,http://irail.be/stations/NMBS/008896925,IC,2016-04-06T13:16:00,2016-04-06T13:16:00,0,-32
http://irail.be/vehicle/IC812,http://irail.be/stations/NMBS/008896008,IC,2016-04-06T13:25:00,2016-04-06T13:25:00,0,36
http://irail.be/vehicle/IC812,http://irail.be/stations/NMBS/008891009,IC,2016-06-06T12:38:00,2016-06-06T12:38:00,328,0
http://irail.be/vehicle/IC812,NO-URI,IC,2016-06-06T12:45:00,2016-06-06T12:45:00,307,307
http://irail.be/vehicle/IC812,http://irail.be/stations/NMBS/008891264,IC,2016-06-06T12:46:00,2016-06-06T12:46:00,301,301
http://irail.be/vehicle/IC812,http://irail.be/stations/NMBS/008891314,IC,2016-06-06T12:53:00,2016-06-06T12:52:00,310,299
http://irail.be/vehicle/IC812,http://irail.be/stations/NMBS/008892205,IC,2016-06-06T12:58:00,2016-06-06T12:57:00,366,376
http://irail.be/vehicle/IC812,http://irail.be/stations/NMBS/008896800,IC,2016-06-06T13:05:00,2016-06-06T13:04:00,361,370
http://irail.be/vehicle/IC812,http://irail.be/stations/NMBS/008896909,IC,2016-06-06T13:11:00,2016-06-06T13:10:00,361,361
http://irail.be/vehicle/IC812,NO-URI,IC,2016-06-06T13:12:00,2016-06-06T13:12:00,729,427
http://irail.be/vehicle/IC812,http://irail.be/stations/NMBS/008896925,IC,2016-06-06T13:16:00,2016-06-06T13:16:00,669,669
http://irail.be/vehicle/IC812,http://irail.be/stations/NMBS/008896008,IC,2016-06-06T13:25:00,2016-06-06T13:25:00,0,1287
http://irail.be/vehicle/IC812,http://irail.be/stations/NMBS/008891009,IC,2016-12-27T12:38:00,2016-12-27T12:38:00,22,
http://irail.be/vehicle/IC812,NO-URI,IC,2016-12-27T12:45:00,2016-12-27T12:45:00,45,45
http://irail.be/vehicle/IC812,http://irail.be/stations/NMBS/008891264,IC,2016-12-27T12:46:00,2016-12-27T12:46:00,36,36
http://irail.be/vehicle/IC812,http://irail.be/stations/NMBS/008891314,IC,2016-12-27T12:53:00,2016-12-27T12:52:00,25,36
http://irail.be/vehicle/IC812,http://irail.be/stations/NMBS/008892205,IC,2016-12-27T12:58:00,2016-12-27T12:57:00,52,55
http://irail.be/vehicle/IC812,http://irail.be/stations/NMBS/008896800,IC,2016-12-27T13:05:00,2016-12-27T13:04:00,69,55
http://irail.be/vehicle/IC812,http://irail.be/stations/NMBS/008896909,IC,2016-12-27T13:11:00,2016-12-27T13:10:00,76,69
http://irail.be/vehicle/IC812,NO-URI,IC,2016-12-27T13:12:00,2016-12-27T13:12:00,76,76
http://irail.be/vehicle/IC812,http://irail.be/stations/NMBS/008896925,IC,2016-12-27T13:16:00,2016-12-27T13:16:00,9,9
http://irail.be/vehicle/IC812,http://irail.be/stations/NMBS/008896008,IC,2016-12-27T13:25:00,2016-12-27T13:25:00,,10
http://irail.be/vehicle/IC812,http://irail.be/stations/NMBS/008891009,IC,2016-10-04T12:38:00,2016-10-04T12:38:00,11,
http://irail.be/vehicle/IC812,NO-URI,IC,2016-10-04T12:45:00,2016-10-04T12:45:00,-11,-11
http://irail.be/vehicle/IC812,http://irail.be/stations/NMBS/008891264,IC,2016-10-04T12:46:00,2016-10-04T12:46:00,-17,-11
http://irail.be/vehicle/IC812,http://irail.be/stations/NMBS/008891314,IC,2016-10-04T12:53:00,2016-10-04T12:52:00,5,-15
http://irail.be/vehicle/IC812,http://irail.be/stations/NMBS/008892205,IC,2016-10-04T12:58:00,2016-10-04T12:57:00,68,22
http://irail.be/vehicle/IC812,http://irail.be/stations/NMBS/008896800,IC,2016-10-04T13:05:00,2016-10-04T13:04:00,80,70
http://irail.be/vehicle/IC812,http://irail.be/stations/NMBS/008896909,IC,2016-10-04T13:11:00,2016-10-04T13:10:00,80,80
http://irail.be/vehicle/IC812,NO-URI,IC,2016-10-04T13:12:00,2016-10-04T13:12:00,78,78
http://irail.be/vehicle/IC812,http://irail.be/stations/NMBS/008896925,IC,2016-10-04T13:16:00,2016-10-04T13:16:00,18,18
http://irail.be/vehicle/IC812,http://irail.be/stations/NMBS/008896008,IC,2016-10-04T13:25:00,2016-10-04T13:25:00,,-1
http://irail.be/vehicle/IC812,http://irail.be/stations/NMBS/008891009,IC,2016-04-04T12:38:00,2016-04-04T12:38:00,6,0
http://irail.be/vehicle/IC812,NO-URI,IC,2016-04-04T12:45:00,2016-04-04T12:45:00,-14,-19
http://irail.be/vehicle/IC812,http://irail.be/stations/NMBS/008891264,IC,2016-04-04T12:46:00,2016-04-04T12:46:00,-20,-14
http://irail.be/vehicle/IC812,http://irail.be/stations/NMBS/008891314,IC,2016-04-04T12:53:00,2016-04-04T12:52:00,-41,-20
http://irail.be/vehicle/IC812,http://irail.be/stations/NMBS/008892205,IC,2016-04-04T12:58:00,2016-04-04T12:57:00,2,-5
http://irail.be/vehicle/IC812,http://irail.be/stations/NMBS/008896800,IC,2016-04-04T13:05:00,2016-04-04T13:04:00,-2,1
http://irail.be/vehicle/IC812,http://irail.be/stations/NMBS/008896909,IC,2016-04-04T13:11:00,2016-04-04T13:10:00,0,-2
http://irail.be/vehicle/IC812,NO-URI,IC,2016-04-04T13:12:00,2016-04-04T13:12:00,-9,-36
http://irail.be/vehicle/IC812,http://irail.be/stations/NMBS/008896925,IC,2016-04-04T13:16:00,2016-04-04T13:16:00,0,-9
http://irail.be/vehicle/IC812,http://irail.be/stations/NMBS/008896008,IC,2016-04-04T13:25:00,2016-04-04T13:25:00,0,-31
http://irail.be/vehicle/IC812,http://irail.be/stations/NMBS/008891009,IC,2016-01-25T12:38:00,2016-01-25T12:38:00,2,0
http://irail.be/vehicle/IC812,NO-URI,IC,2016-01-25T12:45:00,2016-01-25T12:45:00,-20,-26
http://irail.be/vehicle/IC812,http://irail.be/stations/NMBS/008891264,IC,2016-01-25T12:46:00,2016-01-25T12:46:00,-26,-20
http://irail.be/vehicle/IC812,http://irail.be/stations/NMBS/008891314,IC,2016-01-25T12:53:00,2016-01-25T12:52:00,-16,-31
http://irail.be/vehicle/IC812,http://irail.be/stations/NMBS/008892205,IC,2016-01-25T12:58:00,2016-01-25T12:57:00,-9,-9
http://irail.be/vehicle/IC812,http://irail.be/stations/NMBS/008896800,IC,2016-01-25T13:05:00,2016-01-25T13:04:00,-6,-6
http://irail.be/vehicle/IC812,http://irail.be/stations/NMBS/008896909,IC,2016-01-25T13:11:00,2016-01-25T13:10:00,0,-6
http://irail.be/vehicle/IC812,NO-URI,IC,2016-01-25T13:12:00,2016-01-25T13:12:00,10,-20
http://irail.be/vehicle/IC812,http://irail.be/stations/NMBS/008896925,IC,2016-01-25T13:16:00,2016-01-25T13:16:00,0,-50
http://irail.be/vehicle/IC812,http://irail.be/stations/NMBS/008896008,IC,2016-01-25T13:25:00,2016-01-25T13:25:00,0,-47
http://irail.be/vehicle/IC812,http://irail.be/stations/NMBS/008891009,IC,2016-07-08T12:38:00,2016-07-08T12:38:00,5,
http://irail.be/vehicle/IC812,NO-URI,IC,2016-07-08T12:45:00,2016-07-08T12:45:00,9,9
http://irail.be/vehicle/IC812,http://irail.be/stations/NMBS/008891264,IC,2016-07-08T12:46:00,2016-07-08T12:46:00,3,9
http://irail.be/vehicle/IC812,http://irail.be/stations/NMBS/008891314,IC,2016-07-08T12:53:00,2016-07-08T12:52:00,15,20
http://irail.be/vehicle/IC812,http://irail.be/stations/NMBS/008892205,IC,2016-07-08T12:58:00,2016-07-08T12:57:00,72,68
http://irail.be/vehicle/IC812,http://irail.be/stations/NMBS/008896800,IC,2016-07-08T13:05:00,2016-07-08T13:04:00,80,98
http://irail.be/vehicle/IC812,http://irail.be/stations/NMBS/008896909,IC,2016-07-08T13:11:00,2016-07-08T13:10:00,80,80
http://irail.be/vehicle/IC812,NO-URI,IC,2016-07-08T13:12:00,2016-07-08T13:12:00,83,83
http://irail.be/vehicle/IC812,http://irail.be/stations/NMBS/008896925,IC,2016-07-08T13:16:00,2016-07-08T13:16:00,23,23
http://irail.be/vehicle/IC812,http://irail.be/stations/NMBS/008896008,IC,2016-07-08T13:25:00,2016-07-08T13:25:00,,79
http://irail.be/vehicle/IC812,http://irail.be/stations/NMBS/008891009,IC,2016-02-08T12:38:00,2016-02-08T12:38:00,94,0
http://irail.be/vehicle/IC812,NO-URI,IC,2016-02-08T12:45:00,2016-02-08T12:45:00,117,110
http://irail.be/vehicle/IC812,http://irail.be/stations/NMBS/008891264,IC,2016-02-08T12:46:00,2016-02-08T12:46:00,111,117
http://irail.be/vehicle/IC812,http://irail.be/stations/NMBS/008891314,IC,2016-02-08T12:53:00,2016-02-08T12:52:00,89,110
http://irail.be/vehicle/IC812,http://irail.be/stations/NMBS/008892205,IC,2016-02-08T12:58:00,2016-02-08T12:57:00,71,91
http://irail.be/vehicle/IC812,http://irail.be/stations/NMBS/008896800,IC,2016-02-08T13:05:00,2016-02-08T13:04:00,65,67
http://irail.be/vehicle/IC812,http://irail.be/stations/NMBS/008896909,IC,2016-02-08T13:11:00,2016-02-08T13:10:00,65,65
http://irail.be/vehicle/IC812,NO-URI,IC,2016-02-08T13:12:00,2016-02-08T13:12:00,34,17
http://irail.be/vehicle/IC812,http://irail.be/stations/NMBS/008896925,IC,2016-02-08T13:16:00,2016-02-08T13:16:00,0,-26
http://irail.be/vehicle/IC812,http://irail.be/stations/NMBS/008896008,IC,2016-02-08T13:25:00,2016-02-08T13:25:00,0,24
http://irail.be/vehicle/IC812,http://irail.be/stations/NMBS/008891009,IC,2016-10-17T12:38:00,2016-10-17T12:38:00,42,
http://irail.be/vehicle/IC812,NO-URI,IC,2016-10-17T12:45:00,2016-10-17T12:45:00,17,17
http://irail.be/vehicle/IC812,http://irail.be/stations/NMBS/008891264,IC,2016-10-17T12:46:00,2016-10-17T12:46:00,11,17
http://irail.be/vehicle/IC812,http://irail.be/stations/NMBS/008891314,IC,2016-10-17T12:53:00,2016-10-17T12:52:00,15,4
http://irail.be/vehicle/IC812,http://irail.be/stations/NMBS/008892205,IC,2016-10-17T12:58:00,2016-10-17T12:57:00,32,28
http://irail.be/vehicle/IC812,http://irail.be/stations/NMBS/008896800,IC,2016-10-17T13:05:00,2016-10-17T13:04:00,87,81
http://irail.be/vehicle/IC812,http://irail.be/stations/NMBS/008896909,IC,2016-10-17T13:11:00,2016-10-17T13:10:00,87,87
http://irail.be/vehicle/IC812,NO-URI,IC,2016-10-17T13:12:00,2016-10-17T13:12:00,95,95
http://irail.be/vehicle/IC812,http://irail.be/stations/NMBS/008896925,IC,2016-10-17T13:16:00,2016-10-17T13:16:00,35,35
http://irail.be/vehicle/IC812,http://irail.be/stations/NMBS/008896008,IC,2016-10-17T13:25:00,2016-10-17T13:25:00,,3
http://irail.be/vehicle/IC812,http://irail.be/stations/NMBS/008891009,IC,2016-08-30T12:38:00,2016-08-30T12:38:00,-4,
http://irail.be/vehicle/IC812,NO-URI,IC,2016-08-30T12:45:00,2016-08-30T12:45:00,-19,-19
http://irail.be/vehicle/IC812,http://irail.be/stations/NMBS/008891264,IC,2016-08-30T12:46:00,2016-08-30T12:46:00,-25,-19
http://irail.be/vehicle/IC812,http://irail.be/stations/NMBS/008891314,IC,2016-08-30T12:53:00,2016-08-30T12:52:00,-59,-37
http://irail.be/vehicle/IC812,http://irail.be/stations/NMBS/008892205,IC,2016-08-30T12:58:00,2016-08-30T12:57:00,0,-45
http://irail.be/vehicle/IC812,http://irail.be/stations/NMBS/008896800,IC,2016-08-30T13:05:00,2016-08-30T13:04:00,-1,0
http://irail.be/vehicle/IC812,http://irail.be/stations/NMBS/008896909,IC,2016-08-30T13:11:00,2016-08-30T13:10:00,0,-1
http://irail.be/vehicle/IC812,NO-URI,IC,2016-08-30T13:12:00,2016-08-30T13:12:00,-22,-22
http://irail.be/vehicle/IC812,http://irail.be/stations/NMBS/008896925,IC,2016-08-30T13:16:00,2016-08-30T13:16:00,0,-22
http://irail.be/vehicle/IC812,http://irail.be/stations/NMBS/008896008,IC,2016-08-30T13:25:00,2016-08-30T13:25:00,,-5
http://irail.be/vehicle/IC812,http://irail.be/stations/NMBS/008891009,IC,2016-01-20T12:38:00,2016-01-20T12:38:00,605,0
http://irail.be/vehicle/IC812,NO-URI,IC,2016-01-20T12:45:00,2016-01-20T12:45:00,584,579
http://irail.be/vehicle/IC812,http://irail.be/stations/NMBS/008891264,IC,2016-01-20T12:46:00,2016-01-20T12:46:00,578,579
http://irail.be/vehicle/IC812,http://irail.be/stations/NMBS/008891314,IC,2016-01-20T12:53:00,2016-01-20T12:52:00,543,554
http://irail.be/vehicle/IC812,http://irail.be/stations/NMBS/008892205,IC,2016-01-20T12:58:00,2016-01-20T12:57:00,517,539
http://irail.be/vehicle/IC812,http://irail.be/stations/NMBS/008896800,IC,2016-01-20T13:05:00,2016-01-20T13:04:00,505,516
http://irail.be/vehicle/IC812,http://irail.be/stations/NMBS/008896909,IC,2016-01-20T13:11:00,2016-01-20T13:10:00,0,0
http://irail.be/vehicle/IC812,NO-URI,IC,2016-01-20T13:12:00,2016-01-20T13:12:00,468,450
http://irail.be/vehicle/IC812,http://irail.be/stations/NMBS/008896925,IC,2016-01-20T13:16:00,2016-01-20T13:16:00,0,408
http://irail.be/vehicle/IC812,http://irail.be/stations/NMBS/008896008,IC,2016-01-20T13:25:00,2016-01-20T13:25:00,0,384
http://irail.be/vehicle/IC812,http://irail.be/stations/NMBS/008891009,IC,2016-08-04T12:38:00,2016-08-04T12:38:00,-1,
http://irail.be/vehicle/IC812,NO-URI,IC,2016-08-04T12:45:00,2016-08-04T12:45:00,27,27
http://irail.be/vehicle/IC812,http://irail.be/stations/NMBS/008891264,IC,2016-08-04T12:46:00,2016-08-04T12:46:00,21,27
http://irail.be/vehicle/IC812,http://irail.be/stations/NMBS/008891314,IC,2016-08-04T12:53:00,2016-08-04T12:52:00,0,11
http://irail.be/vehicle/IC812,http://irail.be/stations/NMBS/008892205,IC,2016-08-04T12:58:00,2016-08-04T12:57:00,33,46
http://irail.be/vehicle/IC812,http://irail.be/stations/NMBS/008896800,IC,2016-08-04T13:05:00,2016-08-04T13:04:00,53,71
http://irail.be/vehicle/IC812,http://irail.be/stations/NMBS/008896909,IC,2016-08-04T13:11:00,2016-08-04T13:10:00,53,53
http://irail.be/vehicle/IC812,NO-URI,IC,2016-08-04T13:12:00,2016-08-04T13:12:00,95,95
http://irail.be/vehicle/IC812,http://irail.be/stations/NMBS/008896925,IC,2016-08-04T13:16:00,2016-08-04T13:16:00,35,35
http://irail.be/vehicle/IC812,http://irail.be/stations/NMBS/008896008,IC,2016-08-04T13:25:00,2016-08-04T13:25:00,,84
http://irail.be/vehicle/IC812,http://irail.be/stations/NMBS/008891009,IC,2016-06-07T12:38:00,2016-06-07T12:38:00,9,0
http://irail.be/vehicle/IC812,NO-URI,IC,2016-06-07T12:45:00,2016-06-07T12:45:00,-14,-25
http://irail.be/vehicle/IC812,http://irail.be/stations/NMBS/008891264,IC,2016-06-07T12:46:00,2016-06-07T12:46:00,-20,-14
http://irail.be/vehicle/IC812,http://irail.be/stations/NMBS/008891314,IC,2016-06-07T12:53:00,2016-06-07T12:52:00,1,-49
http://irail.be/vehicle/IC812,http://irail.be/stations/NMBS/008892205,IC,2016-06-07T12:58:00,2016-06-07T12:57:00,144,11
http://irail.be/vehicle/IC812,http://irail.be/stations/NMBS/008896800,IC,2016-06-07T13:05:00,2016-06-07T13:04:00,123,131
http://irail.be/vehicle/IC812,http://irail.be/stations/NMBS/008896909,IC,2016-06-07T13:11:00,2016-06-07T13:10:00,123,123
http://irail.be/vehicle/IC812,NO-URI,IC,2016-06-07T13:12:00,2016-06-07T13:12:00,78,65
http://irail.be/vehicle/IC812,http://irail.be/stations/NMBS/008896925,IC,2016-06-07T13:16:00,2016-06-07T13:16:00,18,18
http://irail.be/vehicle/IC812,http://irail.be/stations/NMBS/008896008,IC,2016-06-07T13:25:00,2016-06-07T13:25:00,0,0
http://irail.be/vehicle/IC812,http://irail.be/stations/NMBS/008891009,IC,2016-01-11T12:38:00,2016-01-11T12:38:00,94,0
http://irail.be/vehicle/IC812,NO-URI,IC,2016-01-11T12:45:00,2016-01-11T12:45:00,74,69
http://irail.be/vehicle/IC812,http://irail.be/stations/NMBS/008891264,IC,2016-01-11T12:46:00,2016-01-11T12:46:00,68,74
http://irail.be/vehicle/IC812,http://irail.be/stations/NMBS/008891314,IC,2016-01-11T12:53:00,2016-01-11T12:52:00,50,45
http://irail.be/vehicle/IC812,http://irail.be/stations/NMBS/008892205,IC,2016-01-11T12:58:00,2016-01-11T12:57:00,66,67
http://irail.be/vehicle/IC812,http://irail.be/stations/NMBS/008896800,IC,2016-01-11T13:05:00,2016-01-11T13:04:00,59,63
http://irail.be/vehicle/IC812,http://irail.be/stations/NMBS/008896909,IC,2016-01-11T13:11:00,2016-01-11T13:10:00,59,59
http://irail.be/vehicle/IC812,NO-URI,IC,2016-01-11T13:12:00,2016-01-11T13:12:00,59,26
http://irail.be/vehicle/IC812,http://irail.be/stations/NMBS/008896925,IC,2016-01-11T13:16:00,2016-01-11T13:16:00,0,-1
http://irail.be/vehicle/IC812,http://irail.be/stations/NMBS/008896008,IC,2016-01-11T13:25:00,2016-01-11T13:25:00,0,-26
http://irail.be/vehicle/IC812,http://irail.be/stations/NMBS/008891009,IC,2016-07-01T12:38:00,2016-07-01T12:38:00,-3,
http://irail.be/vehicle/IC812,NO-URI,IC,2016-07-01T12:45:00,2016-07-01T12:45:00,-11,-11
http://irail.be/vehicle/IC812,http://irail.be/stations/NMBS/008891264,IC,2016-07-01T12:46:00,2016-07-01T12:46:00,-17,-11
http://irail.be/vehicle/IC812,http://irail.be/stations/NMBS/008891314,IC,2016-07-01T12:53:00,2016-07-01T12:52:00,5,-31
http://irail.be/vehicle/IC812,http://irail.be/stations/NMBS/008892205,IC,2016-07-01T12:58:00,2016-07-01T12:57:00,36,28
http://irail.be/vehicle/IC812,http://irail.be/stations/NMBS/008896800,IC,2016-07-01T13:05:00,2016-07-01T13:04:00,16,38
http://irail.be/vehicle/IC812,http://irail.be/stations/NMBS/008896909,IC,2016-07-01T13:11:00,2016-07-01T13:10:00,16,16
http://irail.be/vehicle/IC812,NO-URI,IC,2016-07-01T13:12:00,2016-07-01T13:12:00,0,0
http://irail.be/vehicle/IC812,http://irail.be/stations/NMBS/008896925,IC,2016-07-01T13:16:00,2016-07-01T13:16:00,0,0
http://irail.be/vehicle/IC812,http://irail.be/stations/NMBS/008896008,IC,2016-07-01T13:25:00,2016-07-01T13:25:00,,-33
http://irail.be/vehicle/IC812,http://irail.be/stations/NMBS/008891009,IC,2016-08-26T12:38:00,2016-08-26T12:38:00,1,
http://irail.be/vehicle/IC812,NO-URI,IC,2016-08-26T12:45:00,2016-08-26T12:45:00,-17,-17
http://irail.be/vehicle/IC812,http://irail.be/stations/NMBS/008891264,IC,2016-08-26T12:46:00,2016-08-26T12:46:00,-23,-17
http://irail.be/vehicle/IC812,http://irail.be/stations/NMBS/008891314,IC,2016-08-26T12:53:00,2016-08-26T12:52:00,-8,-3
http://irail.be/vehicle/IC812,http://irail.be/stations/NMBS/008892205,IC,2016-08-26T12:58:00,2016-08-26T12:57:00,0,11
http://irail.be/vehicle/IC812,http://irail.be/stations/NMBS/008896800,IC,2016-08-26T13:05:00,2016-08-26T13:04:00,0,10
http://irail.be/vehicle/IC812,http://irail.be/stations/NMBS/008896909,IC,2016-08-26T13:11:00,2016-08-26T13:10:00,0,0
http://irail.be/vehicle/IC812,NO-URI,IC,2016-08-26T13:12:00,2016-08-26T13:12:00,10,10
http://irail.be/vehicle/IC812,http://irail.be/stations/NMBS/008896925,IC,2016-08-26T13:16:00,2016-08-26T13:16:00,0,-50
http://irail.be/vehicle/IC812,http://irail.be/stations/NMBS/008896008,IC,2016-08-26T13:25:00,2016-08-26T13:25:00,,12
http://irail.be/vehicle/IC812,http://irail.be/stations/NMBS/008891009,IC,2016-08-10T12:38:00,2016-08-10T12:38:00,0,
http://irail.be/vehicle/IC812,NO-URI,IC,2016-08-10T12:45:00,2016-08-10T12:45:00,2,2
http://irail.be/vehicle/IC812,http://irail.be/stations/NMBS/008891264,IC,2016-08-10T12:46:00,2016-08-10T12:46:00,-4,2
http://irail.be/vehicle/IC812,http://irail.be/stations/NMBS/008891314,IC,2016-08-10T12:53:00,2016-08-10T12:52:00,-15,-21
http://irail.be/vehicle/IC812,http://irail.be/stations/NMBS/008892205,IC,2016-08-10T12:58:00,2016-08-10T12:57:00,-1,6
http://irail.be/vehicle/IC812,http://irail.be/stations/NMBS/008896800,IC,2016-08-10T13:05:00,2016-08-10T13:04:00,4,16
http://irail.be/vehicle/IC812,http://irail.be/stations/NMBS/008896909,IC,2016-08-10T13:11:00,2016-08-10T13:10:00,4,4
http://irail.be/vehicle/IC812,NO-URI,IC,2016-08-10T13:12:00,2016-08-10T13:12:00,4,4
http://irail.be/vehicle/IC812,http://irail.be/stations/NMBS/008896925,IC,2016-08-10T13:16:00,2016-08-10T13:16:00,0,-56
http://irail.be/vehicle/IC812,http://irail.be/stations/NMBS/008896008,IC,2016-08-10T13:25:00,2016-08-10T13:25:00,,-6
http://irail.be/vehicle/IC812,http://irail.be/stations/NMBS/008891009,IC,2016-01-19T12:38:00,2016-01-19T12:38:00,5,0
http://irail.be/vehicle/IC812,NO-URI,IC,2016-01-19T12:45:00,2016-01-19T12:45:00,-19,-25
http://irail.be/vehicle/IC812,http://irail.be/stations/NMBS/008891264,IC,2016-01-19T12:46:00,2016-01-19T12:46:00,-25,-19
http://irail.be/vehicle/IC812,http://irail.be/stations/NMBS/008891314,IC,2016-01-19T12:53:00,2016-01-19T12:52:00,20,-37
http://irail.be/vehicle/IC812,http://irail.be/stations/NMBS/008892205,IC,2016-01-19T12:58:00,2016-01-19T12:57:00,28,24
http://irail.be/vehicle/IC812,http://irail.be/stations/NMBS/008896800,IC,2016-01-19T13:05:00,2016-01-19T13:04:00,11,25
http://irail.be/vehicle/IC812,http://irail.be/stations/NMBS/008896909,IC,2016-01-19T13:11:00,2016-01-19T13:10:00,11,11
http://irail.be/vehicle/IC812,NO-URI,IC,2016-01-19T13:12:00,2016-01-19T13:12:00,10,-12
http://irail.be/vehicle/IC812,http://irail.be/stations/NMBS/008896925,IC,2016-01-19T13:16:00,2016-01-19T13:16:00,0,-50
http://irail.be/vehicle/IC812,http://irail.be/stations/NMBS/008896008,IC,2016-01-19T13:25:00,2016-01-19T13:25:00,0,-27
http://irail.be/vehicle/IC812,http://irail.be/stations/NMBS/008891009,IC,2016-10-14T12:38:00,2016-10-14T12:38:00,36,
http://irail.be/vehicle/IC812,NO-URI,IC,2016-10-14T12:45:00,2016-10-14T12:45:00,45,45
http://irail.be/vehicle/IC812,http://irail.be/stations/NMBS/008891264,IC,2016-10-14T12:46:00,2016-10-14T12:46:00,39,45
http://irail.be/vehicle/IC812,http://irail.be/stations/NMBS/008891314,IC,2016-10-14T12:53:00,2016-10-14T12:52:00,14,18
http://irail.be/vehicle/IC812,http://irail.be/stations/NMBS/008892205,IC,2016-10-14T12:58:00,2016-10-14T12:57:00,26,45
http://irail.be/vehicle/IC812,http://irail.be/stations/NMBS/008896800,IC,2016-10-14T13:05:00,2016-10-14T13:04:00,79,96
http://irail.be/vehicle/IC812,http://irail.be/stations/NMBS/008896909,IC,2016-10-14T13:11:00,2016-10-14T13:10:00,79,79
http://irail.be/vehicle/IC812,NO-URI,IC,2016-10-14T13:12:00,2016-10-14T13:12:00,98,98
http://irail.be/vehicle/IC812,http://irail.be/stations/NMBS/008896925,IC,2016-10-14T13:16:00,2016-10-14T13:16:00,38,38
http://irail.be/vehicle/IC812,http://irail.be/stations/NMBS/008896008,IC,2016-10-14T13:25:00,2016-10-14T13:25:00,,17
http://irail.be/vehicle/IC812,http://irail.be/stations/NMBS/008891009,IC,2016-05-06T12:38:00,2016-05-06T12:38:00,22,0
http://irail.be/vehicle/IC812,NO-URI,IC,2016-05-06T12:45:00,2016-05-06T12:45:00,-1,-7
http://irail.be/vehicle/IC812,http://irail.be/stations/NMBS/008891264,IC,2016-05-06T12:46:00,2016-05-06T12:46:00,-7,-1
http://irail.be/vehicle/IC812,http://irail.be/stations/NMBS/008891314,IC,2016-05-06T12:53:00,2016-05-06T12:52:00,1,8
http://irail.be/vehicle/IC812,http://irail.be/stations/NMBS/008892205,IC,2016-05-06T12:58:00,2016-05-06T12:57:00,11,19
http://irail.be/vehicle/IC812,http://irail.be/stations/NMBS/008896800,IC,2016-05-06T13:05:00,2016-05-06T13:04:00,15,14
http://irail.be/vehicle/IC812,http://irail.be/stations/NMBS/008896909,IC,2016-05-06T13:11:00,2016-05-06T13:10:00,15,15
http://irail.be/vehicle/IC812,NO-URI,IC,2016-05-06T13:12:00,2016-05-06T13:12:00,26,-15
http://irail.be/vehicle/IC812,http://irail.be/stations/NMBS/008896925,IC,2016-05-06T13:16:00,2016-05-06T13:16:00,0,-34
http://irail.be/vehicle/IC812,http://irail.be/stations/NMBS/008896008,IC,2016-05-06T13:25:00,2016-05-06T13:25:00,0,-4
http://irail.be/vehicle/IC812,http://irail.be/stations/NMBS/008891009,IC,2016-12-30T12:38:00,2016-12-30T12:38:00,46,
http://irail.be/vehicle/IC812,NO-URI,IC,2016-12-30T12:45:00,2016-12-30T12:45:00,38,38
http://irail.be/vehicle/IC812,http://irail.be/stations/NMBS/008891264,IC,2016-12-30T12:46:00,2016-12-30T12:46:00,44,37
http://irail.be/vehicle/IC812,http://irail.be/stations/NMBS/008891314,IC,2016-12-30T12:53:00,2016-12-30T12:52:00,48,44
http://irail.be/vehicle/IC812,http://irail.be/stations/NMBS/008892205,IC,2016-12-30T12:58:00,2016-12-30T12:57:00,81,71
http://irail.be/vehicle/IC812,http://irail.be/stations/NMBS/008896800,IC,2016-12-30T13:05:00,2016-12-30T13:04:00,128,91
http://irail.be/vehicle/IC812,http://irail.be/stations/NMBS/008896909,IC,2016-12-30T13:11:00,2016-12-30T13:10:00,145,128
http://irail.be/vehicle/IC812,NO-URI,IC,2016-12-30T13:12:00,2016-12-30T13:12:00,145,145
http://irail.be/vehicle/IC812,http://irail.be/stations/NMBS/008896925,IC,2016-12-30T13:16:00,2016-12-30T13:16:00,93,93
http://irail.be/vehicle/IC812,http://irail.be/stations/NMBS/008896008,IC,2016-12-30T13:25:00,2016-12-30T13:25:00,,88
http://irail.be/vehicle/IC812,http://irail.be/stations/NMBS/008891009,IC,2016-01-13T12:38:00,2016-01-13T12:38:00,46,0
http://irail.be/vehicle/IC812,NO-URI,IC,2016-01-13T12:45:00,2016-01-13T12:45:00,59,50
http://irail.be/vehicle/IC812,http://irail.be/stations/NMBS/008891264,IC,2016-01-13T12:46:00,2016-01-13T12:46:00,53,59
http://irail.be/vehicle/IC812,http://irail.be/stations/NMBS/008891314,IC,2016-01-13T12:53:00,2016-01-13T12:52:00,62,43
http://irail.be/vehicle/IC812,http://irail.be/stations/NMBS/008892205,IC,2016-01-13T12:58:00,2016-01-13T12:57:00,133,92
http://irail.be/vehicle/IC812,http://irail.be/stations/NMBS/008896800,IC,2016-01-13T13:05:00,2016-01-13T13:04:00,181,167
http://irail.be/vehicle/IC812,http://irail.be/stations/NMBS/008896909,IC,2016-01-13T13:11:00,2016-01-13T13:10:00,181,181
http://irail.be/vehicle/IC812,NO-URI,IC,2016-01-13T13:12:00,2016-01-13T13:12:00,162,145
http://irail.be/vehicle/IC812,http://irail.be/stations/NMBS/008896925,IC,2016-01-13T13:16:00,2016-01-13T13:16:00,102,102
http://irail.be/vehicle/IC812,http://irail.be/stations/NMBS/008896008,IC,2016-01-13T13:25:00,2016-01-13T13:25:00,0,88
http://irail.be/vehicle/IC812,http://irail.be/stations/NMBS/008891009,IC,2016-08-01T12:38:00,2016-08-01T12:38:00,16,
http://irail.be/vehicle/IC812,NO-URI,IC,2016-08-01T12:45:00,2016-08-01T12:45:00,30,30
http://irail.be/vehicle/IC812,http://irail.be/stations/NMBS/008891264,IC,2016-08-01T12:46:00,2016-08-01T12:46:00,24,30
http://irail.be/vehicle/IC812,http://irail.be/stations/NMBS/008891314,IC,2016-08-01T12:53:00,2016-08-01T12:52:00,70,36
http://irail.be/vehicle/IC812,http://irail.be/stations/NMBS/008892205,IC,2016-08-01T12:58:00,2016-08-01T12:57:00,78,91
http://irail.be/vehicle/IC812,http://irail.be/stations/NMBS/008896800,IC,2016-08-01T13:05:00,2016-08-01T13:04:00,80,99
http://irail.be/vehicle/IC812,http://irail.be/stations/NMBS/008896909,IC,2016-08-01T13:11:00,2016-08-01T13:10:00,80,80
http://irail.be/vehicle/IC812,NO-URI,IC,2016-08-01T13:12:00,2016-08-01T13:12:00,58,58
http://irail.be/vehicle/IC812,http://irail.be/stations/NMBS/008896925,IC,2016-08-01T13:16:00,2016-08-01T13:16:00,0,-2
http://irail.be/vehicle/IC812,http://irail.be/stations/NMBS/008896008,IC,2016-08-01T13:25:00,2016-08-01T13:25:00,,87
http://irail.be/vehicle/IC812,http://irail.be/stations/NMBS/008891009,IC,2016-01-26T12:38:00,2016-01-26T12:38:00,7,0
http://irail.be/vehicle/IC812,NO-URI,IC,2016-01-26T12:45:00,2016-01-26T12:45:00,-28,-32
http://irail.be/vehicle/IC812,http://irail.be/stations/NMBS/008891264,IC,2016-01-26T12:46:00,2016-01-26T12:46:00,-34,-28
http://irail.be/vehicle/IC812,http://irail.be/stations/NMBS/008891314,IC,2016-01-26T12:53:00,2016-01-26T12:52:00,-27,-51
http://irail.be/vehicle/IC812,http://irail.be/stations/NMBS/008892205,IC,2016-01-26T12:58:00,2016-01-26T12:57:00,62,-11
http://irail.be/vehicle/IC812,http://irail.be/stations/NMBS/008896800,IC,2016-01-26T13:05:00,2016-01-26T13:04:00,52,57
http://irail.be/vehicle/IC812,http://irail.be/stations/NMBS/008896909,IC,2016-01-26T13:11:00,2016-01-26T13:10:00,52,52
http://irail.be/vehicle/IC812,NO-URI,IC,2016-01-26T13:12:00,2016-01-26T13:12:00,67,49
http://irail.be/vehicle/IC812,http://irail.be/stations/NMBS/008896925,IC,2016-01-26T13:16:00,2016-01-26T13:16:00,7,7
http://irail.be/vehicle/IC812,http://irail.be/stations/NMBS/008896008,IC,2016-01-26T13:25:00,2016-01-26T13:25:00,0,-31
http://irail.be/vehicle/IC812,http://irail.be/stations/NMBS/008891009,IC,2016-11-09T12:38:00,2016-11-09T12:38:00,-3,
http://irail.be/vehicle/IC812,NO-URI,IC,2016-11-09T12:45:00,2016-11-09T12:45:00,-9,-9
http://irail.be/vehicle/IC812,http://irail.be/stations/NMBS/008891264,IC,2016-11-09T12:46:00,2016-11-09T12:46:00,-15,-9
http://irail.be/vehicle/IC812,http://irail.be/stations/NMBS/008891314,IC,2016-11-09T12:53:00,2016-11-09T12:52:00,1,-20
http://irail.be/vehicle/IC812,http://irail.be/stations/NMBS/008892205,IC,2016-11-09T12:58:00,2016-11-09T12:57:00,17,23
http://irail.be/vehicle/IC812,http://irail.be/stations/NMBS/008896800,IC,2016-11-09T13:05:00,2016-11-09T13:04:00,42,32
http://irail.be/vehicle/IC812,http://irail.be/stations/NMBS/008896909,IC,2016-11-09T13:11:00,2016-11-09T13:10:00,42,42
http://irail.be/vehicle/IC812,NO-URI,IC,2016-11-09T13:12:00,2016-11-09T13:12:00,52,52
http://irail.be/vehicle/IC812,http://irail.be/stations/NMBS/008896925,IC,2016-11-09T13:16:00,2016-11-09T13:16:00,0,-8
http://irail.be/vehicle/IC812,http://irail.be/stations/NMBS/008896008,IC,2016-11-09T13:25:00,2016-11-09T13:25:00,,16
http://irail.be/vehicle/IC812,http://irail.be/stations/NMBS/008891009,IC,2016-11-14T12:38:00,2016-11-14T12:38:00,27,
http://irail.be/vehicle/IC812,NO-URI,IC,2016-11-14T12:45:00,2016-11-14T12:45:00,-4,-4
http://irail.be/vehicle/IC812,http://irail.be/stations/NMBS/008891264,IC,2016-11-14T12:46:00,2016-11-14T12:46:00,-11,-11
http://irail.be/vehicle/IC812,http://irail.be/stations/NMBS/008891314,IC,2016-11-14T12:53:00,2016-11-14T12:52:00,6,-11
http://irail.be/vehicle/IC812,http://irail.be/stations/NMBS/008892205,IC,2016-11-14T12:58:00,2016-11-14T12:57:00,32,18
http://irail.be/vehicle/IC812,http://irail.be/stations/NMBS/008896800,IC,2016-11-14T13:05:00,2016-11-14T13:04:00,67,67
http://irail.be/vehicle/IC812,http://irail.be/stations/NMBS/008896909,IC,2016-11-14T13:11:00,2016-11-14T13:10:00,76,67
http://irail.be/vehicle/IC812,NO-URI,IC,2016-11-14T13:12:00,2016-11-14T13:12:00,76,76
http://irail.be/vehicle/IC812,http://irail.be/stations/NMBS/008896925,IC,2016-11-14T13:16:00,2016-11-14T13:16:00,3,3
http://irail.be/vehicle/IC812,http://irail.be/stations/NMBS/008896008,IC,2016-11-14T13:25:00,2016-11-14T13:25:00,,-14
http://irail.be/vehicle/IC812,http://irail.be/stations/NMBS/008891009,IC,2016-09-23T12:38:00,2016-09-23T12:38:00,15,
http://irail.be/vehicle/IC812,NO-URI,IC,2016-09-23T12:45:00,2016-09-23T12:45:00,6,6
http://irail.be/vehicle/IC812,http://irail.be/stations/NMBS/008891264,IC,2016-09-23T12:46:00,2016-09-23T12:46:00,0,6
http://irail.be/vehicle/IC812,http://irail.be/stations/NMBS/008891314,IC,2016-09-23T12:53:00,2016-09-23T12:52:00,21,20
http://irail.be/vehicle/IC812,http://irail.be/stations/NMBS/008892205,IC,2016-09-23T12:58:00,2016-09-23T12:57:00,252,61
http://irail.be/vehicle/IC812,http://irail.be/stations/NMBS/008896800,IC,2016-09-23T13:05:00,2016-09-23T13:04:00,280,286
http://irail.be/vehicle/IC812,http://irail.be/stations/NMBS/008896909,IC,2016-09-23T13:11:00,2016-09-23T13:10:00,280,280
http://irail.be/vehicle/IC812,NO-URI,IC,2016-09-23T13:12:00,2016-09-23T13:12:00,296,296
http://irail.be/vehicle/IC812,http://irail.be/stations/NMBS/008896925,IC,2016-09-23T13:16:00,2016-09-23T13:16:00,236,236
http://irail.be/vehicle/IC812,http://irail.be/stations/NMBS/008896008,IC,2016-09-23T13:25:00,2016-09-23T13:25:00,,259
http://irail.be/vehicle/IC812,http://irail.be/stations/NMBS/008891009,IC,2016-08-09T12:38:00,2016-08-09T12:38:00,15,
http://irail.be/vehicle/IC812,NO-URI,IC,2016-08-09T12:45:00,2016-08-09T12:45:00,6,6
http://irail.be/vehicle/IC812,http://irail.be/stations/NMBS/008891264,IC,2016-08-09T12:46:00,2016-08-09T12:46:00,0,6
http://irail.be/vehicle/IC812,http://irail.be/stations/NMBS/008891314,IC,2016-08-09T12:53:00,2016-08-09T12:52:00,133,150
http://irail.be/vehicle/IC812,http://irail.be/stations/NMBS/008892205,IC,2016-08-09T12:58:00,2016-08-09T12:57:00,106,129
http://irail.be/vehicle/IC812,http://irail.be/stations/NMBS/008896800,IC,2016-08-09T13:05:00,2016-08-09T13:04:00,71,95
http://irail.be/vehicle/IC812,http://irail.be/stations/NMBS/008896909,IC,2016-08-09T13:11:00,2016-08-09T13:10:00,71,71
http://irail.be/vehicle/IC812,NO-URI,IC,2016-08-09T13:12:00,2016-08-09T13:12:00,31,31
http://irail.be/vehicle/IC812,http://irail.be/stations/NMBS/008896925,IC,2016-08-09T13:16:00,2016-08-09T13:16:00,0,-29
http://irail.be/vehicle/IC812,http://irail.be/stations/NMBS/008896008,IC,2016-08-09T13:25:00,2016-08-09T13:25:00,,13
http://irail.be/vehicle/IC812,http://irail.be/stations/NMBS/008891009,IC,2016-10-26T12:38:00,2016-10-26T12:38:00,10,
http://irail.be/vehicle/IC812,NO-URI,IC,2016-10-26T12:45:00,2016-10-26T12:45:00,-16,-16
http://irail.be/vehicle/IC812,http://irail.be/stations/NMBS/008891264,IC,2016-10-26T12:46:00,2016-10-26T12:46:00,-22,-16
http://irail.be/vehicle/IC812,http://irail.be/stations/NMBS/008891314,IC,2016-10-26T12:53:00,2016-10-26T12:52:00,-1,-21
http://irail.be/vehicle/IC812,http://irail.be/stations/NMBS/008892205,IC,2016-10-26T12:58:00,2016-10-26T12:57:00,14,28
http://irail.be/vehicle/IC812,http://irail.be/stations/NMBS/008896800,IC,2016-10-26T13:05:00,2016-10-26T13:04:00,70,64
http://irail.be/vehicle/IC812,http://irail.be/stations/NMBS/008896909,IC,2016-10-26T13:11:00,2016-10-26T13:10:00,70,70
http://irail.be/vehicle/IC812,NO-URI,IC,2016-10-26T13:12:00,2016-10-26T13:12:00,73,73
http://irail.be/vehicle/IC812,http://irail.be/stations/NMBS/008896925,IC,2016-10-26T13:16:00,2016-10-26T13:16:00,13,13
http://irail.be/vehicle/IC812,http://irail.be/stations/NMBS/008896008,IC,2016-10-26T13:25:00,2016-10-26T13:25:00,,-4
http://irail.be/vehicle/IC812,http://irail.be/stations/NMBS/008891009,IC,2016-06-02T12:38:00,2016-06-02T12:38:00,9,0
http://irail.be/vehicle/IC812,NO-URI,IC,2016-06-02T12:45:00,2016-06-02T12:45:00,5,2
http://irail.be/vehicle/IC812,http://irail.be/stations/NMBS/008891264,IC,2016-06-02T12:46:00,2016-06-02T12:46:00,-1,5
http://irail.be/vehicle/IC812,http://irail.be/stations/NMBS/008891314,IC,2016-06-02T12:53:00,2016-06-02T12:52:00,-12,-7
http://irail.be/vehicle/IC812,http://irail.be/stations/NMBS/008892205,IC,2016-06-02T12:58:00,2016-06-02T12:57:00,1,8
http://irail.be/vehicle/IC812,http://irail.be/stations/NMBS/008896800,IC,2016-06-02T13:05:00,2016-06-02T13:04:00,25,26
http://irail.be/vehicle/IC812,http://irail.be/stations/NMBS/008896909,IC,2016-06-02T13:11:00,2016-06-02T13:10:00,25,25
http://irail.be/vehicle/IC812,NO-URI,IC,2016-06-02T13:12:00,2016-06-02T13:12:00,9,-22
http://irail.be/vehicle/IC812,http://irail.be/stations/NMBS/008896925,IC,2016-06-02T13:16:00,2016-06-02T13:16:00,0,-51
http://irail.be/vehicle/IC812,http://irail.be/stations/NMBS/008896008,IC,2016-06-02T13:25:00,2016-06-02T13:25:00,0,-27
http://irail.be/vehicle/IC812,http://irail.be/stations/NMBS/008891009,IC,2016-03-21T12:38:00,2016-03-21T12:38:00,35,0
http://irail.be/vehicle/IC812,NO-URI,IC,2016-03-21T12:45:00,2016-03-21T12:45:00,57,48
http://irail.be/vehicle/IC812,http://irail.be/stations/NMBS/008891264,IC,2016-03-21T12:46:00,2016-03-21T12:46:00,51,57
http://irail.be/vehicle/IC812,http://irail.be/stations/NMBS/008891314,IC,2016-03-21T12:53:00,2016-03-21T12:52:00,56,64
http://irail.be/vehicle/IC812,http://irail.be/stations/NMBS/008892205,IC,2016-03-21T12:58:00,2016-03-21T12:57:00,141,124
http://irail.be/vehicle/IC812,http://irail.be/stations/NMBS/008896800,IC,2016-03-21T13:05:00,2016-03-21T13:04:00,775,608
http://irail.be/vehicle/IC812,http://irail.be/stations/NMBS/008896909,IC,2016-03-21T13:11:00,2016-03-21T13:10:00,775,775
http://irail.be/vehicle/IC812,NO-URI,IC,2016-03-21T13:12:00,2016-03-21T13:12:00,784,769
http://irail.be/vehicle/IC812,http://irail.be/stations/NMBS/008896925,IC,2016-03-21T13:16:00,2016-03-21T13:16:00,724,724
http://irail.be/vehicle/IC812,http://irail.be/stations/NMBS/008896008,IC,2016-03-21T13:25:00,2016-03-21T13:25:00,0,674
http://irail.be/vehicle/IC812,http://irail.be/stations/NMBS/008891009,IC,2016-05-02T12:38:00,2016-05-02T12:38:00,22,0
http://irail.be/vehicle/IC812,NO-URI,IC,2016-05-02T12:45:00,2016-05-02T12:45:00,11,2
http://irail.be/vehicle/IC812,http://irail.be/stations/NMBS/008891264,IC,2016-05-02T12:46:00,2016-05-02T12:46:00,5,11
http://irail.be/vehicle/IC812,http://irail.be/stations/NMBS/008891314,IC,2016-05-02T12:53:00,2016-05-02T12:52:00,59,16
http://irail.be/vehicle/IC812,http://irail.be/stations/NMBS/008892205,IC,2016-05-02T12:58:00,2016-05-02T12:57:00,66,70
http://irail.be/vehicle/IC812,http://irail.be/stations/NMBS/008896800,IC,2016-05-02T13:05:00,2016-05-02T13:04:00,64,78
http://irail.be/vehicle/IC812,http://irail.be/stations/NMBS/008896909,IC,2016-05-02T13:11:00,2016-05-02T13:10:00,64,64
http://irail.be/vehicle/IC812,NO-URI,IC,2016-05-02T13:12:00,2016-05-02T13:12:00,49,18
http://irail.be/vehicle/IC812,http://irail.be/stations/NMBS/008896925,IC,2016-05-02T13:16:00,2016-05-02T13:16:00,0,-11
http://irail.be/vehicle/IC812,http://irail.be/stations/NMBS/008896008,IC,2016-05-02T13:25:00,2016-05-02T13:25:00,0,11
http://irail.be/vehicle/IC812,http://irail.be/stations/NMBS/008891009,IC,2016-08-22T12:38:00,2016-08-22T12:38:00,11,
http://irail.be/vehicle/IC812,NO-URI,IC,2016-08-22T12:45:00,2016-08-22T12:45:00,-6,-6
http://irail.be/vehicle/IC812,http://irail.be/stations/NMBS/008891264,IC,2016-08-22T12:46:00,2016-08-22T12:46:00,-12,-6
http://irail.be/vehicle/IC812,http://irail.be/stations/NMBS/008891314,IC,2016-08-22T12:53:00,2016-08-22T12:52:00,-49,-39
http://irail.be/vehicle/IC812,http://irail.be/stations/NMBS/008892205,IC,2016-08-22T12:58:00,2016-08-22T12:57:00,-6,-26
http://irail.be/vehicle/IC812,http://irail.be/stations/NMBS/008896800,IC,2016-08-22T13:05:00,2016-08-22T13:04:00,-8,2
http://irail.be/vehicle/IC812,http://irail.be/stations/NMBS/008896909,IC,2016-08-22T13:11:00,2016-08-22T13:10:00,0,-8
http://irail.be/vehicle/IC812,NO-URI,IC,2016-08-22T13:12:00,2016-08-22T13:12:00,1,1
http://irail.be/vehicle/IC812,http://irail.be/stations/NMBS/008896925,IC,2016-08-22T13:16:00,2016-08-22T13:16:00,0,-59
http://irail.be/vehicle/IC812,http://irail.be/stations/NMBS/008896008,IC,2016-08-22T13:25:00,2016-08-22T13:25:00,,-44
http://irail.be/vehicle/IC812,http://irail.be/stations/NMBS/008891009,IC,2016-06-24T12:38:00,2016-06-24T12:38:00,10,
http://irail.be/vehicle/IC812,NO-URI,IC,2016-06-24T12:45:00,2016-06-24T12:45:00,-3,-3
http://irail.be/vehicle/IC812,http://irail.be/stations/NMBS/008891264,IC,2016-06-24T12:46:00,2016-06-24T12:46:00,-9,-3
http://irail.be/vehicle/IC812,http://irail.be/stations/NMBS/008891314,IC,2016-06-24T12:53:00,2016-06-24T12:52:00,4,-26
http://irail.be/vehicle/IC812,http://irail.be/stations/NMBS/008892205,IC,2016-06-24T12:58:00,2016-06-24T12:57:00,24,10
http://irail.be/vehicle/IC812,http://irail.be/stations/NMBS/008896800,IC,2016-06-24T13:05:00,2016-06-24T13:04:00,13,17
http://irail.be/vehicle/IC812,http://irail.be/stations/NMBS/008896909,IC,2016-06-24T13:11:00,2016-06-24T13:10:00,13,13
http://irail.be/vehicle/IC812,NO-URI,IC,2016-06-24T13:12:00,2016-06-24T13:12:00,11,11
http://irail.be/vehicle/IC812,http://irail.be/stations/NMBS/008896925,IC,2016-06-24T13:16:00,2016-06-24T13:16:00,0,-49
http://irail.be/vehicle/IC812,http://irail.be/stations/NMBS/008896008,IC,2016-06-24T13:25:00,2016-06-24T13:25:00,,-23
http://irail.be/vehicle/IC812,http://irail.be/stations/NMBS/008891009,IC,2016-07-20T12:38:00,2016-07-20T12:38:00,103,
http://irail.be/vehicle/IC812,NO-URI,IC,2016-07-20T12:45:00,2016-07-20T12:45:00,81,81
http://irail.be/vehicle/IC812,http://irail.be/stations/NMBS/008891264,IC,2016-07-20T12:46:00,2016-07-20T12:46:00,75,81
http://irail.be/vehicle/IC812,http://irail.be/stations/NMBS/008891314,IC,2016-07-20T12:53:00,2016-07-20T12:52:00,14,44
http://irail.be/vehicle/IC812,http://irail.be/stations/NMBS/008892205,IC,2016-07-20T12:58:00,2016-07-20T12:57:00,3,41
http://irail.be/vehicle/IC812,http://irail.be/stations/NMBS/008896800,IC,2016-07-20T13:05:00,2016-07-20T13:04:00,33,31
http://irail.be/vehicle/IC812,http://irail.be/stations/NMBS/008896909,IC,2016-07-20T13:11:00,2016-07-20T13:10:00,33,33
http://irail.be/vehicle/IC812,NO-URI,IC,2016-07-20T13:12:00,2016-07-20T13:12:00,20,20
http://irail.be/vehicle/IC812,http://irail.be/stations/NMBS/008896925,IC,2016-07-20T13:16:00,2016-07-20T13:16:00,0,-40
http://irail.be/vehicle/IC812,http://irail.be/stations/NMBS/008896008,IC,2016-07-20T13:25:00,2016-07-20T13:25:00,,-22
http://irail.be/vehicle/IC812,http://irail.be/stations/NMBS/008891009,IC,2016-11-22T12:38:00,2016-11-22T12:38:00,24,
http://irail.be/vehicle/IC812,NO-URI,IC,2016-11-22T12:45:00,2016-11-22T12:45:00,12,12
http://irail.be/vehicle/IC812,http://irail.be/stations/NMBS/008891264,IC,2016-11-22T12:46:00,2016-11-22T12:46:00,6,5
http://irail.be/vehicle/IC812,http://irail.be/stations/NMBS/008891314,IC,2016-11-22T12:53:00,2016-11-22T12:52:00,-8,6
http://irail.be/vehicle/IC812,http://irail.be/stations/NMBS/008892205,IC,2016-11-22T12:58:00,2016-11-22T12:57:00,108,-8
http://irail.be/vehicle/IC812,http://irail.be/stations/NMBS/008896800,IC,2016-11-22T13:05:00,2016-11-22T13:04:00,169,155
http://irail.be/vehicle/IC812,http://irail.be/stations/NMBS/008896909,IC,2016-11-22T13:11:00,2016-11-22T13:10:00,169,169
http://irail.be/vehicle/IC812,NO-URI,IC,2016-11-22T13:12:00,2016-11-22T13:12:00,169,169
http://irail.be/vehicle/IC812,http://irail.be/stations/NMBS/008896925,IC,2016-11-22T13:16:00,2016-11-22T13:16:00,38,38
http://irail.be/vehicle/IC812,http://irail.be/stations/NMBS/008896008,IC,2016-11-22T13:25:00,2016-11-22T13:25:00,,26
http://irail.be/vehicle/IC812,http://irail.be/stations/NMBS/008891009,IC,2016-07-04T12:38:00,2016-07-04T12:38:00,8,
http://irail.be/vehicle/IC812,NO-URI,IC,2016-07-04T12:45:00,2016-07-04T12:45:00,4,4
http://irail.be/vehicle/IC812,http://irail.be/stations/NMBS/008891264,IC,2016-07-04T12:46:00,2016-07-04T12:46:00,-2,4
http://irail.be/vehicle/IC812,http://irail.be/stations/NMBS/008891314,IC,2016-07-04T12:53:00,2016-07-04T12:52:00,18,20
http://irail.be/vehicle/IC812,http://irail.be/stations/NMBS/008892205,IC,2016-07-04T12:58:00,2016-07-04T12:57:00,41,41
http://irail.be/vehicle/IC812,http://irail.be/stations/NMBS/008896800,IC,2016-07-04T13:05:00,2016-07-04T13:04:00,65,48
http://irail.be/vehicle/IC812,http://irail.be/stations/NMBS/008896909,IC,2016-07-04T13:11:00,2016-07-04T13:10:00,65,65
http://irail.be/vehicle/IC812,NO-URI,IC,2016-07-04T13:12:00,2016-07-04T13:12:00,77,77
http://irail.be/vehicle/IC812,http://irail.be/stations/NMBS/008896925,IC,2016-07-04T13:16:00,2016-07-04T13:16:00,17,17
http://irail.be/vehicle/IC812,http://irail.be/stations/NMBS/008896008,IC,2016-07-04T13:25:00,2016-07-04T13:25:00,,14
http://irail.be/vehicle/IC812,http://irail.be/stations/NMBS/008891009,IC,2016-04-11T12:38:00,2016-04-11T12:38:00,171,0
http://irail.be/vehicle/IC812,NO-URI,IC,2016-04-11T12:45:00,2016-04-11T12:45:00,159,150
http://irail.be/vehicle/IC812,http://irail.be/stations/NMBS/008891264,IC,2016-04-11T12:46:00,2016-04-11T12:46:00,153,159
http://irail.be/vehicle/IC812,http://irail.be/stations/NMBS/008891314,IC,2016-04-11T12:53:00,2016-04-11T12:52:00,171,140
http://irail.be/vehicle/IC812,http://irail.be/stations/NMBS/008892205,IC,2016-04-11T12:58:00,2016-04-11T12:57:00,167,162
http://irail.be/vehicle/IC812,http://irail.be/stations/NMBS/008896800,IC,2016-04-11T13:05:00,2016-04-11T13:04:00,160,161
http://irail.be/vehicle/IC812,http://irail.be/stations/NMBS/008896909,IC,2016-04-11T13:11:00,2016-04-11T13:10:00,160,160
http://irail.be/vehicle/IC812,NO-URI,IC,2016-04-11T13:12:00,2016-04-11T13:12:00,129,111
http://irail.be/vehicle/IC812,http://irail.be/stations/NMBS/008896925,IC,2016-04-11T13:16:00,2016-04-11T13:16:00,69,69
http://irail.be/vehicle/IC812,http://irail.be/stations/NMBS/008896008,IC,2016-04-11T13:25:00,2016-04-11T13:25:00,0,86
http://irail.be/vehicle/IC812,http://irail.be/stations/NMBS/008891009,IC,2016-06-01T12:38:00,2016-06-01T12:38:00,46,0
http://irail.be/vehicle/IC812,NO-URI,IC,2016-06-01T12:45:00,2016-06-01T12:45:00,19,15
http://irail.be/vehicle/IC812,http://irail.be/stations/NMBS/008891264,IC,2016-06-01T12:46:00,2016-06-01T12:46:00,13,19
http://irail.be/vehicle/IC812,http://irail.be/stations/NMBS/008891314,IC,2016-06-01T12:53:00,2016-06-01T12:52:00,11,9
http://irail.be/vehicle/IC812,http://irail.be/stations/NMBS/008892205,IC,2016-06-01T12:58:00,2016-06-01T12:57:00,102,26
http://irail.be/vehicle/IC812,http://irail.be/stations/NMBS/008896800,IC,2016-06-01T13:05:00,2016-06-01T13:04:00,1006,135
http://irail.be/vehicle/IC812,http://irail.be/stations/NMBS/008896909,IC,2016-06-01T13:11:00,2016-06-01T13:10:00,1006,1006
http://irail.be/vehicle/IC812,NO-URI,IC,2016-06-01T13:12:00,2016-06-01T13:12:00,1048,1025
http://irail.be/vehicle/IC812,http://irail.be/stations/NMBS/008896925,IC,2016-06-01T13:16:00,2016-06-01T13:16:00,988,988
http://irail.be/vehicle/IC812,http://irail.be/stations/NMBS/008896008,IC,2016-06-01T13:25:00,2016-06-01T13:25:00,0,984
http://irail.be/vehicle/IC812,http://irail.be/stations/NMBS/008891009,IC,2016-09-01T12:38:00,2016-09-01T12:38:00,23,
http://irail.be/vehicle/IC812,NO-URI,IC,2016-09-01T12:45:00,2016-09-01T12:45:00,-2,-2
http://irail.be/vehicle/IC812,http://irail.be/stations/NMBS/008891264,IC,2016-09-01T12:46:00,2016-09-01T12:46:00,-8,-2
http://irail.be/vehicle/IC812,http://irail.be/stations/NMBS/008891314,IC,2016-09-01T12:53:00,2016-09-01T12:52:00,29,-5
http://irail.be/vehicle/IC812,http://irail.be/stations/NMBS/008892205,IC,2016-09-01T12:58:00,2016-09-01T12:57:00,76,76
http://irail.be/vehicle/IC812,http://irail.be/stations/NMBS/008896800,IC,2016-09-01T13:05:00,2016-09-01T13:04:00,110,89
http://irail.be/vehicle/IC812,http://irail.be/stations/NMBS/008896909,IC,2016-09-01T13:11:00,2016-09-01T13:10:00,110,110
http://irail.be/vehicle/IC812,NO-URI,IC,2016-09-01T13:12:00,2016-09-01T13:12:00,123,123
http://irail.be/vehicle/IC812,http://irail.be/stations/NMBS/008896925,IC,2016-09-01T13:16:00,2016-09-01T13:16:00,63,63
http://irail.be/vehicle/IC812,http://irail.be/stations/NMBS/008896008,IC,2016-09-01T13:25:00,2016-09-01T13:25:00,,54
http://irail.be/vehicle/IC812,http://irail.be/stations/NMBS/008891009,IC,2016-10-24T12:38:00,2016-10-24T12:38:00,19,
http://irail.be/vehicle/IC812,NO-URI,IC,2016-10-24T12:45:00,2016-10-24T12:45:00,-3,-3
http://irail.be/vehicle/IC812,http://irail.be/stations/NMBS/008891264,IC,2016-10-24T12:46:00,2016-10-24T12:46:00,-9,-3
http://irail.be/vehicle/IC812,http://irail.be/stations/NMBS/008891314,IC,2016-10-24T12:53:00,2016-10-24T12:52:00,1,-17
http://irail.be/vehicle/IC812,http://irail.be/stations/NMBS/008892205,IC,2016-10-24T12:58:00,2016-10-24T12:57:00,46,16
http://irail.be/vehicle/IC812,http://irail.be/stations/NMBS/008896800,IC,2016-10-24T13:05:00,2016-10-24T13:04:00,73,82
http://irail.be/vehicle/IC812,http://irail.be/stations/NMBS/008896909,IC,2016-10-24T13:11:00,2016-10-24T13:10:00,73,73
http://irail.be/vehicle/IC812,NO-URI,IC,2016-10-24T13:12:00,2016-10-24T13:12:00,70,70
http://irail.be/vehicle/IC812,http://irail.be/stations/NMBS/008896925,IC,2016-10-24T13:16:00,2016-10-24T13:16:00,10,10
http://irail.be/vehicle/IC812,http://irail.be/stations/NMBS/008896008,IC,2016-10-24T13:25:00,2016-10-24T13:25:00,,15
http://irail.be/vehicle/IC812,http://irail.be/stations/NMBS/008891009,IC,2016-09-07T12:38:00,2016-09-07T12:38:00,5,
http://irail.be/vehicle/IC812,NO-URI,IC,2016-09-07T12:45:00,2016-09-07T12:45:00,-9,-9
http://irail.be/vehicle/IC812,http://irail.be/stations/NMBS/008891264,IC,2016-09-07T12:46:00,2016-09-07T12:46:00,-15,-9
http://irail.be/vehicle/IC812,http://irail.be/stations/NMBS/008891314,IC,2016-09-07T12:53:00,2016-09-07T12:52:00,-15,-36
http://irail.be/vehicle/IC812,http://irail.be/stations/NMBS/008892205,IC,2016-09-07T12:58:00,2016-09-07T12:57:00,-1,10
http://irail.be/vehicle/IC812,http://irail.be/stations/NMBS/008896800,IC,2016-09-07T13:05:00,2016-09-07T13:04:00,-12,-3
http://irail.be/vehicle/IC812,http://irail.be/stations/NMBS/008896909,IC,2016-09-07T13:11:00,2016-09-07T13:10:00,0,-12
http://irail.be/vehicle/IC812,NO-URI,IC,2016-09-07T13:12:00,2016-09-07T13:12:00,-12,-12
http://irail.be/vehicle/IC812,http://irail.be/stations/NMBS/008896925,IC,2016-09-07T13:16:00,2016-09-07T13:16:00,0,-12
http://irail.be/vehicle/IC812,http://irail.be/stations/NMBS/008896008,IC,2016-09-07T13:25:00,2016-09-07T13:25:00,,-37
http://irail.be/vehicle/IC812,http://irail.be/stations/NMBS/008891009,IC,2016-12-16T12:38:00,2016-12-16T12:38:00,19,
http://irail.be/vehicle/IC812,NO-URI,IC,2016-12-16T12:45:00,2016-12-16T12:45:00,-13,-13
http://irail.be/vehicle/IC812,http://irail.be/stations/NMBS/008891264,IC,2016-12-16T12:46:00,2016-12-16T12:46:00,-18,-22
http://irail.be/vehicle/IC812,http://irail.be/stations/NMBS/008891314,IC,2016-12-16T12:53:00,2016-12-16T12:52:00,13,-18
http://irail.be/vehicle/IC812,http://irail.be/stations/NMBS/008892205,IC,2016-12-16T12:58:00,2016-12-16T12:57:00,82,26
http://irail.be/vehicle/IC812,http://irail.be/stations/NMBS/008896800,IC,2016-12-16T13:05:00,2016-12-16T13:04:00,61,61
http://irail.be/vehicle/IC812,http://irail.be/stations/NMBS/008896909,IC,2016-12-16T13:11:00,2016-12-16T13:10:00,65,61
http://irail.be/vehicle/IC812,NO-URI,IC,2016-12-16T13:12:00,2016-12-16T13:12:00,65,65
http://irail.be/vehicle/IC812,http://irail.be/stations/NMBS/008896925,IC,2016-12-16T13:16:00,2016-12-16T13:16:00,2,2
http://irail.be/vehicle/IC812,http://irail.be/stations/NMBS/008896008,IC,2016-12-16T13:25:00,2016-12-16T13:25:00,,-43
http://irail.be/vehicle/IC812,http://irail.be/stations/NMBS/008891009,IC,2016-08-02T12:38:00,2016-08-02T12:38:00,44,
http://irail.be/vehicle/IC812,NO-URI,IC,2016-08-02T12:45:00,2016-08-02T12:45:00,52,52
http://irail.be/vehicle/IC812,http://irail.be/stations/NMBS/008891264,IC,2016-08-02T12:46:00,2016-08-02T12:46:00,46,52
http://irail.be/vehicle/IC812,http://irail.be/stations/NMBS/008891314,IC,2016-08-02T12:53:00,2016-08-02T12:52:00,85,73
http://irail.be/vehicle/IC812,http://irail.be/stations/NMBS/008892205,IC,2016-08-02T12:58:00,2016-08-02T12:57:00,119,121
http://irail.be/vehicle/IC812,http://irail.be/stations/NMBS/008896800,IC,2016-08-02T13:05:00,2016-08-02T13:04:00,143,142
http://irail.be/vehicle/IC812,http://irail.be/stations/NMBS/008896909,IC,2016-08-02T13:11:00,2016-08-02T13:10:00,143,143
http://irail.be/vehicle/IC812,NO-URI,IC,2016-08-02T13:12:00,2016-08-02T13:12:00,167,167
http://irail.be/vehicle/IC812,http://irail.be/stations/NMBS/008896925,IC,2016-08-02T13:16:00,2016-08-02T13:16:00,107,107
http://irail.be/vehicle/IC812,http://irail.be/stations/NMBS/008896008,IC,2016-08-02T13:25:00,2016-08-02T13:25:00,,162
http://irail.be/vehicle/IC812,http://irail.be/stations/NMBS/008891009,IC,2016-08-25T12:38:00,2016-08-25T12:38:00,-10,
http://irail.be/vehicle/IC812,NO-URI,IC,2016-08-25T12:45:00,2016-08-25T12:45:00,-47,-47
http://irail.be/vehicle/IC812,http://irail.be/stations/NMBS/008891264,IC,2016-08-25T12:46:00,2016-08-25T12:46:00,-53,-47
http://irail.be/vehicle/IC812,http://irail.be/stations/NMBS/008891314,IC,2016-08-25T12:53:00,2016-08-25T12:52:00,6,-51
http://irail.be/vehicle/IC812,http://irail.be/stations/NMBS/008892205,IC,2016-08-25T12:58:00,2016-08-25T12:57:00,19,13
http://irail.be/vehicle/IC812,http://irail.be/stations/NMBS/008896800,IC,2016-08-25T13:05:00,2016-08-25T13:04:00,15,13
http://irail.be/vehicle/IC812,http://irail.be/stations/NMBS/008896909,IC,2016-08-25T13:11:00,2016-08-25T13:10:00,15,15
http://irail.be/vehicle/IC812,NO-URI,IC,2016-08-25T13:12:00,2016-08-25T13:12:00,-9,-9
http://irail.be/vehicle/IC812,http://irail.be/stations/NMBS/008896925,IC,2016-08-25T13:16:00,2016-08-25T13:16:00,0,-9
http://irail.be/vehicle/IC812,http://irail.be/stations/NMBS/008896008,IC,2016-08-25T13:25:00,2016-08-25T13:25:00,,-135
http://irail.be/vehicle/IC812,http://irail.be/stations/NMBS/008891009,IC,2016-08-17T12:38:00,2016-08-17T12:38:00,0,
http://irail.be/vehicle/IC812,NO-URI,IC,2016-08-17T12:45:00,2016-08-17T12:45:00,-14,-14
http://irail.be/vehicle/IC812,http://irail.be/stations/NMBS/008891264,IC,2016-08-17T12:46:00,2016-08-17T12:46:00,-20,-14
http://irail.be/vehicle/IC812,http://irail.be/stations/NMBS/008891314,IC,2016-08-17T12:53:00,2016-08-17T12:52:00,-6,-26
http://irail.be/vehicle/IC812,http://irail.be/stations/NMBS/008892205,IC,2016-08-17T12:58:00,2016-08-17T12:57:00,30,34
http://irail.be/vehicle/IC812,http://irail.be/stations/NMBS/008896800,IC,2016-08-17T13:05:00,2016-08-17T13:04:00,31,47
http://irail.be/vehicle/IC812,http://irail.be/stations/NMBS/008896909,IC,2016-08-17T13:11:00,2016-08-17T13:10:00,31,31
http://irail.be/vehicle/IC812,NO-URI,IC,2016-08-17T13:12:00,2016-08-17T13:12:00,30,30
http://irail.be/vehicle/IC812,http://irail.be/stations/NMBS/008896925,IC,2016-08-17T13:16:00,2016-08-17T13:16:00,0,-30
http://irail.be/vehicle/IC812,http://irail.be/stations/NMBS/008896008,IC,2016-08-17T13:25:00,2016-08-17T13:25:00,,40
http://irail.be/vehicle/IC812,http://irail.be/stations/NMBS/008891009,IC,2016-05-03T12:38:00,2016-05-03T12:38:00,11,0
http://irail.be/vehicle/IC812,NO-URI,IC,2016-05-03T12:45:00,2016-05-03T12:45:00,-11,-15
http://irail.be/vehicle/IC812,http://irail.be/stations/NMBS/008891264,IC,2016-05-03T12:46:00,2016-05-03T12:46:00,-17,-11
http://irail.be/vehicle/IC812,http://irail.be/stations/NMBS/008891314,IC,2016-05-03T12:53:00,2016-05-03T12:52:00,5,-26
http://irail.be/vehicle/IC812,http://irail.be/stations/NMBS/008892205,IC,2016-05-03T12:58:00,2016-05-03T12:57:00,34,28
http://irail.be/vehicle/IC812,http://irail.be/stations/NMBS/008896800,IC,2016-05-03T13:05:00,2016-05-03T13:04:00,25,41
http://irail.be/vehicle/IC812,http://irail.be/stations/NMBS/008896909,IC,2016-05-03T13:11:00,2016-05-03T13:10:00,25,25
http://irail.be/vehicle/IC812,NO-URI,IC,2016-05-03T13:12:00,2016-05-03T13:12:00,28,1
http://irail.be/vehicle/IC812,http://irail.be/stations/NMBS/008896925,IC,2016-05-03T13:16:00,2016-05-03T13:16:00,0,-32
http://irail.be/vehicle/IC812,http://irail.be/stations/NMBS/008896008,IC,2016-05-03T13:25:00,2016-05-03T13:25:00,0,32
http://irail.be/vehicle/IC812,http://irail.be/stations/NMBS/008891009,IC,2016-01-08T12:38:00,2016-01-08T12:38:00,10,0
http://irail.be/vehicle/IC812,NO-URI,IC,2016-01-08T12:45:00,2016-01-08T12:45:00,-22,-22
http://irail.be/vehicle/IC812,http://irail.be/stations/NMBS/008891264,IC,2016-01-08T12:46:00,2016-01-08T12:46:00,0,-28
http://irail.be/vehicle/IC812,http://irail.be/stations/NMBS/008891314,IC,2016-01-08T12:53:00,2016-01-08T12:52:00,-3,-47
http://irail.be/vehicle/IC812,http://irail.be/stations/NMBS/008892205,IC,2016-01-08T12:58:00,2016-01-08T12:57:00,20,0
http://irail.be/vehicle/IC812,http://irail.be/stations/NMBS/008896800,IC,2016-01-08T13:05:00,2016-01-08T13:04:00,9,8
http://irail.be/vehicle/IC812,http://irail.be/stations/NMBS/008896909,IC,2016-01-08T13:11:00,2016-01-08T13:10:00,9,9
http://irail.be/vehicle/IC812,NO-URI,IC,2016-01-08T13:12:00,2016-01-08T13:12:00,448,12
http://irail.be/vehicle/IC812,http://irail.be/stations/NMBS/008896925,IC,2016-01-08T13:16:00,2016-01-08T13:16:00,388,388
http://irail.be/vehicle/IC812,http://irail.be/stations/NMBS/008896008,IC,2016-01-08T13:25:00,2016-01-08T13:25:00,0,338
http://irail.be/vehicle/IC812,http://irail.be/stations/NMBS/008891009,IC,2016-02-15T12:38:00,2016-02-15T12:38:00,34,0
http://irail.be/vehicle/IC812,NO-URI,IC,2016-02-15T12:45:00,2016-02-15T12:45:00,25,20
http://irail.be/vehicle/IC812,http://irail.be/stations/NMBS/008891264,IC,2016-02-15T12:46:00,2016-02-15T12:46:00,19,25
http://irail.be/vehicle/IC812,http://irail.be/stations/NMBS/008891314,IC,2016-02-15T12:53:00,2016-02-15T12:52:00,0,-4
http://irail.be/vehicle/IC812,http://irail.be/stations/NMBS/008892205,IC,2016-02-15T12:58:00,2016-02-15T12:57:00,18,9
http://irail.be/vehicle/IC812,http://irail.be/stations/NMBS/008896800,IC,2016-02-15T13:05:00,2016-02-15T13:04:00,15,5
http://irail.be/vehicle/IC812,http://irail.be/stations/NMBS/008896909,IC,2016-02-15T13:11:00,2016-02-15T13:10:00,15,15
http://irail.be/vehicle/IC812,NO-URI,IC,2016-02-15T13:12:00,2016-02-15T13:12:00,28,-4
http://irail.be/vehicle/IC812,http://irail.be/stations/NMBS/008896925,IC,2016-02-15T13:16:00,2016-02-15T13:16:00,0,-32
http://irail.be/vehicle/IC812,http://irail.be/stations/NMBS/008896008,IC,2016-02-15T13:25:00,2016-02-15T13:25:00,0,26
http://irail.be/vehicle/IC812,http://irail.be/stations/NMBS/008891009,IC,2016-05-26T12:38:00,2016-05-26T12:38:00,1235,0
http://irail.be/vehicle/IC812,NO-URI,IC,2016-05-26T12:45:00,2016-05-26T12:45:00,1215,1212
http://irail.be/vehicle/IC812,http://irail.be/stations/NMBS/008891264,IC,2016-05-26T12:46:00,2016-05-26T12:46:00,1209,1215
http://irail.be/vehicle/IC812,http://irail.be/stations/NMBS/008891314,IC,2016-05-26T12:53:00,2016-05-26T12:52:00,1117,1163
http://irail.be/vehicle/IC812,http://irail.be/stations/NMBS/008892205,IC,2016-05-26T12:58:00,2016-05-26T12:57:00,1151,1173
http://irail.be/vehicle/IC812,http://irail.be/stations/NMBS/008896800,IC,2016-05-26T13:05:00,2016-05-26T13:04:00,1113,1129
http://irail.be/vehicle/IC812,http://irail.be/stations/NMBS/008896909,IC,2016-05-26T13:11:00,2016-05-26T13:10:00,1113,1113
http://irail.be/vehicle/IC812,NO-URI,IC,2016-05-26T13:12:00,2016-05-26T13:12:00,1135,1109
http://irail.be/vehicle/IC812,http://irail.be/stations/NMBS/008896925,IC,2016-05-26T13:16:00,2016-05-26T13:16:00,1075,1075
http://irail.be/vehicle/IC812,http://irail.be/stations/NMBS/008896008,IC,2016-05-26T13:25:00,2016-05-26T13:25:00,0,1033
http://irail.be/vehicle/IC812,http://irail.be/stations/NMBS/008891009,IC,2016-11-24T12:38:00,2016-11-24T12:38:00,25,
http://irail.be/vehicle/IC812,NO-URI,IC,2016-11-24T12:45:00,2016-11-24T12:45:00,7,7
http://irail.be/vehicle/IC812,http://irail.be/stations/NMBS/008891264,IC,2016-11-24T12:46:00,2016-11-24T12:46:00,11,1
http://irail.be/vehicle/IC812,http://irail.be/stations/NMBS/008891314,IC,2016-11-24T12:53:00,2016-11-24T12:52:00,14,11
http://irail.be/vehicle/IC812,http://irail.be/stations/NMBS/008892205,IC,2016-11-24T12:58:00,2016-11-24T12:57:00,57,45
http://irail.be/vehicle/IC812,http://irail.be/stations/NMBS/008896800,IC,2016-11-24T13:05:00,2016-11-24T13:04:00,117,81
http://irail.be/vehicle/IC812,http://irail.be/stations/NMBS/008896909,IC,2016-11-24T13:11:00,2016-11-24T13:10:00,102,117
http://irail.be/vehicle/IC812,NO-URI,IC,2016-11-24T13:12:00,2016-11-24T13:12:00,102,102
http://irail.be/vehicle/IC812,http://irail.be/stations/NMBS/008896925,IC,2016-11-24T13:16:00,2016-11-24T13:16:00,-18,-18
http://irail.be/vehicle/IC812,http://irail.be/stations/NMBS/008896008,IC,2016-11-24T13:25:00,2016-11-24T13:25:00,,-50
http://irail.be/vehicle/IC812,http://irail.be/stations/NMBS/008891009,IC,2016-07-18T12:38:00,2016-07-18T12:38:00,-3,
http://irail.be/vehicle/IC812,NO-URI,IC,2016-07-18T12:45:00,2016-07-18T12:45:00,-21,-21
http://irail.be/vehicle/IC812,http://irail.be/stations/NMBS/008891264,IC,2016-07-18T12:46:00,2016-07-18T12:46:00,-27,-21
http://irail.be/vehicle/IC812,http://irail.be/stations/NMBS/008891314,IC,2016-07-18T12:53:00,2016-07-18T12:52:00,-26,-10
http://irail.be/vehicle/IC812,http://irail.be/stations/NMBS/008892205,IC,2016-07-18T12:58:00,2016-07-18T12:57:00,-4,-12
http://irail.be/vehicle/IC812,http://irail.be/stations/NMBS/008896800,IC,2016-07-18T13:05:00,2016-07-18T13:04:00,-1,-9
http://irail.be/vehicle/IC812,http://irail.be/stations/NMBS/008896909,IC,2016-07-18T13:11:00,2016-07-18T13:10:00,0,-1
http://irail.be/vehicle/IC812,NO-URI,IC,2016-07-18T13:12:00,2016-07-18T13:12:00,11,11
http://irail.be/vehicle/IC812,http://irail.be/stations/NMBS/008896925,IC,2016-07-18T13:16:00,2016-07-18T13:16:00,0,-49
http://irail.be/vehicle/IC812,http://irail.be/stations/NMBS/008896008,IC,2016-07-18T13:25:00,2016-07-18T13:25:00,,-74
http://irail.be/vehicle/IC812,http://irail.be/stations/NMBS/008891009,IC,2016-03-31T12:38:00,2016-03-31T12:38:00,92,0
http://irail.be/vehicle/IC812,NO-URI,IC,2016-03-31T12:45:00,2016-03-31T12:45:00,58,55
http://irail.be/vehicle/IC812,http://irail.be/stations/NMBS/008891264,IC,2016-03-31T12:46:00,2016-03-31T12:46:00,52,58
http://irail.be/vehicle/IC812,http://irail.be/stations/NMBS/008891314,IC,2016-03-31T12:53:00,2016-03-31T12:52:00,14,26
http://irail.be/vehicle/IC812,http://irail.be/stations/NMBS/008892205,IC,2016-03-31T12:58:00,2016-03-31T12:57:00,26,34
http://irail.be/vehicle/IC812,http://irail.be/stations/NMBS/008896800,IC,2016-03-31T13:05:00,2016-03-31T13:04:00,19,26
http://irail.be/vehicle/IC812,http://irail.be/stations/NMBS/008896909,IC,2016-03-31T13:11:00,2016-03-31T13:10:00,19,19
http://irail.be/vehicle/IC812,NO-URI,IC,2016-03-31T13:12:00,2016-03-31T13:12:00,7,-28
http://irail.be/vehicle/IC812,http://irail.be/stations/NMBS/008896925,IC,2016-03-31T13:16:00,2016-03-31T13:16:00,0,-53
http://irail.be/vehicle/IC812,http://irail.be/stations/NMBS/008896008,IC,2016-03-31T13:25:00,2016-03-31T13:25:00,0,-60
http://irail.be/vehicle/IC812,http://irail.be/stations/NMBS/008891009,IC,2016-05-19T12:38:00,2016-05-19T12:38:00,28,0
http://irail.be/vehicle/IC812,NO-URI,IC,2016-05-19T12:45:00,2016-05-19T12:45:00,8,0
http://irail.be/vehicle/IC812,http://irail.be/stations/NMBS/008891264,IC,2016-05-19T12:46:00,2016-05-19T12:46:00,2,8
http://irail.be/vehicle/IC812,http://irail.be/stations/NMBS/008891314,IC,2016-05-19T12:53:00,2016-05-19T12:52:00,25,-21
http://irail.be/vehicle/IC812,http://irail.be/stations/NMBS/008892205,IC,2016-05-19T12:58:00,2016-05-19T12:57:00,21,26
http://irail.be/vehicle/IC812,http://irail.be/stations/NMBS/008896800,IC,2016-05-19T13:05:00,2016-05-19T13:04:00,31,17
http://irail.be/vehicle/IC812,http://irail.be/stations/NMBS/008896909,IC,2016-05-19T13:11:00,2016-05-19T13:10:00,31,31
http://irail.be/vehicle/IC812,NO-URI,IC,2016-05-19T13:12:00,2016-05-19T13:12:00,56,46
http://irail.be/vehicle/IC812,http://irail.be/stations/NMBS/008896925,IC,2016-05-19T13:16:00,2016-05-19T13:16:00,0,-4
http://irail.be/vehicle/IC812,http://irail.be/stations/NMBS/008896008,IC,2016-05-19T13:25:00,2016-05-19T13:25:00,0,-31
http://irail.be/vehicle/IC812,http://irail.be/stations/NMBS/008891009,IC,2016-06-20T12:38:00,2016-06-20T12:38:00,73,
http://irail.be/vehicle/IC812,NO-URI,IC,2016-06-20T12:45:00,2016-06-20T12:45:00,76,76
http://irail.be/vehicle/IC812,http://irail.be/stations/NMBS/008891264,IC,2016-06-20T12:46:00,2016-06-20T12:46:00,70,76
http://irail.be/vehicle/IC812,http://irail.be/stations/NMBS/008891314,IC,2016-06-20T12:53:00,2016-06-20T12:52:00,124,103
http://irail.be/vehicle/IC812,http://irail.be/stations/NMBS/008892205,IC,2016-06-20T12:58:00,2016-06-20T12:57:00,243,232
http://irail.be/vehicle/IC812,http://irail.be/stations/NMBS/008896800,IC,2016-06-20T13:05:00,2016-06-20T13:04:00,376,296
http://irail.be/vehicle/IC812,http://irail.be/stations/NMBS/008896909,IC,2016-06-20T13:11:00,2016-06-20T13:10:00,376,376
http://irail.be/vehicle/IC812,NO-URI,IC,2016-06-20T13:12:00,2016-06-20T13:12:00,392,392
http://irail.be/vehicle/IC812,http://irail.be/stations/NMBS/008896925,IC,2016-06-20T13:16:00,2016-06-20T13:16:00,332,332
http://irail.be/vehicle/IC812,http://irail.be/stations/NMBS/008896008,IC,2016-06-20T13:25:00,2016-06-20T13:25:00,,310
http://irail.be/vehicle/IC812,http://irail.be/stations/NMBS/008891009,IC,2016-05-04T12:38:00,2016-05-04T12:38:00,14,0
http://irail.be/vehicle/IC812,NO-URI,IC,2016-05-04T12:45:00,2016-05-04T12:45:00,19,7
http://irail.be/vehicle/IC812,http://irail.be/stations/NMBS/008891264,IC,2016-05-04T12:46:00,2016-05-04T12:46:00,13,19
http://irail.be/vehicle/IC812,http://irail.be/stations/NMBS/008891314,IC,2016-05-04T12:53:00,2016-05-04T12:52:00,28,21
http://irail.be/vehicle/IC812,http://irail.be/stations/NMBS/008892205,IC,2016-05-04T12:58:00,2016-05-04T12:57:00,37,35
http://irail.be/vehicle/IC812,http://irail.be/stations/NMBS/008896800,IC,2016-05-04T13:05:00,2016-05-04T13:04:00,41,39
http://irail.be/vehicle/IC812,http://irail.be/stations/NMBS/008896909,IC,2016-05-04T13:11:00,2016-05-04T13:10:00,41,41
http://irail.be/vehicle/IC812,NO-URI,IC,2016-05-04T13:12:00,2016-05-04T13:12:00,77,38
http://irail.be/vehicle/IC812,http://irail.be/stations/NMBS/008896925,IC,2016-05-04T13:16:00,2016-05-04T13:16:00,17,17
http://irail.be/vehicle/IC812,http://irail.be/stations/NMBS/008896008,IC,2016-05-04T13:25:00,2016-05-04T13:25:00,0,89
http://irail.be/vehicle/IC812,http://irail.be/stations/NMBS/008891009,IC,2016-02-16T12:38:00,2016-02-16T12:38:00,44,0
http://irail.be/vehicle/IC812,NO-URI,IC,2016-02-16T12:45:00,2016-02-16T12:45:00,45,42
http://irail.be/vehicle/IC812,http://irail.be/stations/NMBS/008891264,IC,2016-02-16T12:46:00,2016-02-16T12:46:00,39,45
http://irail.be/vehicle/IC812,http://irail.be/stations/NMBS/008891314,IC,2016-02-16T12:53:00,2016-02-16T12:52:00,1,16
http://irail.be/vehicle/IC812,http://irail.be/stations/NMBS/008892205,IC,2016-02-16T12:58:00,2016-02-16T12:57:00,49,-4
http://irail.be/vehicle/IC812,http://irail.be/stations/NMBS/008896800,IC,2016-02-16T13:05:00,2016-02-16T13:04:00,28,51
http://irail.be/vehicle/IC812,http://irail.be/stations/NMBS/008896909,IC,2016-02-16T13:11:00,2016-02-16T13:10:00,28,28
http://irail.be/vehicle/IC812,NO-URI,IC,2016-02-16T13:12:00,2016-02-16T13:12:00,56,19
http://irail.be/vehicle/IC812,http://irail.be/stations/NMBS/008896925,IC,2016-02-16T13:16:00,2016-02-16T13:16:00,0,-4
http://irail.be/vehicle/IC812,http://irail.be/stations/NMBS/008896008,IC,2016-02-16T13:25:00,2016-02-16T13:25:00,0,12
http://irail.be/vehicle/IC812,http://irail.be/stations/NMBS/008891009,IC,2016-02-24T12:38:00,2016-02-24T12:38:00,31,0
http://irail.be/vehicle/IC812,NO-URI,IC,2016-02-24T12:45:00,2016-02-24T12:45:00,49,45
http://irail.be/vehicle/IC812,http://irail.be/stations/NMBS/008891264,IC,2016-02-24T12:46:00,2016-02-24T12:46:00,43,49
http://irail.be/vehicle/IC812,http://irail.be/stations/NMBS/008891314,IC,2016-02-24T12:53:00,2016-02-24T12:52:00,53,46
http://irail.be/vehicle/IC812,http://irail.be/stations/NMBS/008892205,IC,2016-02-24T12:58:00,2016-02-24T12:57:00,80,82
http://irail.be/vehicle/IC812,http://irail.be/stations/NMBS/008896800,IC,2016-02-24T13:05:00,2016-02-24T13:04:00,114,97
http://irail.be/vehicle/IC812,http://irail.be/stations/NMBS/008896909,IC,2016-02-24T13:11:00,2016-02-24T13:10:00,114,114
http://irail.be/vehicle/IC812,NO-URI,IC,2016-02-24T13:12:00,2016-02-24T13:12:00,136,91
http://irail.be/vehicle/IC812,http://irail.be/stations/NMBS/008896925,IC,2016-02-24T13:16:00,2016-02-24T13:16:00,76,76
http://irail.be/vehicle/IC812,http://irail.be/stations/NMBS/008896008,IC,2016-02-24T13:25:00,2016-02-24T13:25:00,0,189
http://irail.be/vehicle/IC812,http://irail.be/stations/NMBS/008891009,IC,2016-04-25T12:38:00,2016-04-25T12:38:00,12,0
http://irail.be/vehicle/IC812,NO-URI,IC,2016-04-25T12:45:00,2016-04-25T12:45:00,-2,-7
http://irail.be/vehicle/IC812,http://irail.be/stations/NMBS/008891264,IC,2016-04-25T12:46:00,2016-04-25T12:46:00,-8,-2
http://irail.be/vehicle/IC812,http://irail.be/stations/NMBS/008891314,IC,2016-04-25T12:53:00,2016-04-25T12:52:00,4,-18
http://irail.be/vehicle/IC812,http://irail.be/stations/NMBS/008892205,IC,2016-04-25T12:58:00,2016-04-25T12:57:00,33,31
http://irail.be/vehicle/IC812,http://irail.be/stations/NMBS/008896800,IC,2016-04-25T13:05:00,2016-04-25T13:04:00,31,40
http://irail.be/vehicle/IC812,http://irail.be/stations/NMBS/008896909,IC,2016-04-25T13:11:00,2016-04-25T13:10:00,31,31
http://irail.be/vehicle/IC812,NO-URI,IC,2016-04-25T13:12:00,2016-04-25T13:12:00,17,-17
http://irail.be/vehicle/IC812,http://irail.be/stations/NMBS/008896925,IC,2016-04-25T13:16:00,2016-04-25T13:16:00,0,-43
http://irail.be/vehicle/IC812,http://irail.be/stations/NMBS/008896008,IC,2016-04-25T13:25:00,2016-04-25T13:25:00,0,-35
http://irail.be/vehicle/IC812,http://irail.be/stations/NMBS/008891009,IC,2016-04-19T12:38:00,2016-04-19T12:38:00,21,0
http://irail.be/vehicle/IC812,NO-URI,IC,2016-04-19T12:45:00,2016-04-19T12:45:00,42,37
http://irail.be/vehicle/IC812,http://irail.be/stations/NMBS/008891264,IC,2016-04-19T12:46:00,2016-04-19T12:46:00,36,42
http://irail.be/vehicle/IC812,http://irail.be/stations/NMBS/008891314,IC,2016-04-19T12:53:00,2016-04-19T12:52:00,16,38
http://irail.be/vehicle/IC812,http://irail.be/stations/NMBS/008892205,IC,2016-04-19T12:58:00,2016-04-19T12:57:00,32,32
http://irail.be/vehicle/IC812,http://irail.be/stations/NMBS/008896800,IC,2016-04-19T13:05:00,2016-04-19T13:04:00,44,42
http://irail.be/vehicle/IC812,http://irail.be/stations/NMBS/008896909,IC,2016-04-19T13:11:00,2016-04-19T13:10:00,44,44
http://irail.be/vehicle/IC812,NO-URI,IC,2016-04-19T13:12:00,2016-04-19T13:12:00,40,18
http://irail.be/vehicle/IC812,http://irail.be/stations/NMBS/008896925,IC,2016-04-19T13:16:00,2016-04-19T13:16:00,0,-20
http://irail.be/vehicle/IC812,http://irail.be/stations/NMBS/008896008,IC,2016-04-19T13:25:00,2016-04-19T13:25:00,0,-4
http://irail.be/vehicle/IC812,http://irail.be/stations/NMBS/008891009,IC,2016-02-02T12:38:00,2016-02-02T12:38:00,165,0
http://irail.be/vehicle/IC812,NO-URI,IC,2016-02-02T12:45:00,2016-02-02T12:45:00,137,132
http://irail.be/vehicle/IC812,http://irail.be/stations/NMBS/008891264,IC,2016-02-02T12:46:00,2016-02-02T12:46:00,131,137
http://irail.be/vehicle/IC812,http://irail.be/stations/NMBS/008891314,IC,2016-02-02T12:53:00,2016-02-02T12:52:00,94,108
http://irail.be/vehicle/IC812,http://irail.be/stations/NMBS/008892205,IC,2016-02-02T12:58:00,2016-02-02T12:57:00,64,86
http://irail.be/vehicle/IC812,http://irail.be/stations/NMBS/008896800,IC,2016-02-02T13:05:00,2016-02-02T13:04:00,60,56
http://irail.be/vehicle/IC812,http://irail.be/stations/NMBS/008896909,IC,2016-02-02T13:11:00,2016-02-02T13:10:00,60,60
http://irail.be/vehicle/IC812,NO-URI,IC,2016-02-02T13:12:00,2016-02-02T13:12:00,42,14
http://irail.be/vehicle/IC812,http://irail.be/stations/NMBS/008896925,IC,2016-02-02T13:16:00,2016-02-02T13:16:00,0,-18
http://irail.be/vehicle/IC812,http://irail.be/stations/NMBS/008896008,IC,2016-02-02T13:25:00,2016-02-02T13:25:00,0,-25
http://irail.be/vehicle/IC812,http://irail.be/stations/NMBS/008891009,IC,2016-02-03T12:38:00,2016-02-03T12:38:00,83,0
http://irail.be/vehicle/IC812,NO-URI,IC,2016-02-03T12:45:00,2016-02-03T12:45:00,90,81
http://irail.be/vehicle/IC812,http://irail.be/stations/NMBS/008891264,IC,2016-02-03T12:46:00,2016-02-03T12:46:00,84,90
http://irail.be/vehicle/IC812,http://irail.be/stations/NMBS/008891314,IC,2016-02-03T12:53:00,2016-02-03T12:52:00,69,86
http://irail.be/vehicle/IC812,http://irail.be/stations/NMBS/008892205,IC,2016-02-03T12:58:00,2016-02-03T12:57:00,63,72
http://irail.be/vehicle/IC812,http://irail.be/stations/NMBS/008896800,IC,2016-02-03T13:05:00,2016-02-03T13:04:00,74,65
http://irail.be/vehicle/IC812,http://irail.be/stations/NMBS/008896909,IC,2016-02-03T13:11:00,2016-02-03T13:10:00,74,74
http://irail.be/vehicle/IC812,NO-URI,IC,2016-02-03T13:12:00,2016-02-03T13:12:00,86,63
http://irail.be/vehicle/IC812,http://irail.be/stations/NMBS/008896925,IC,2016-02-03T13:16:00,2016-02-03T13:16:00,26,26
http://irail.be/vehicle/IC812,http://irail.be/stations/NMBS/008896008,IC,2016-02-03T13:25:00,2016-02-03T13:25:00,0,19
http://irail.be/vehicle/IC812,http://irail.be/stations/NMBS/008891009,IC,2016-07-19T12:38:00,2016-07-19T12:38:00,8,
http://irail.be/vehicle/IC812,NO-URI,IC,2016-07-19T12:45:00,2016-07-19T12:45:00,2,2
http://irail.be/vehicle/IC812,http://irail.be/stations/NMBS/008891264,IC,2016-07-19T12:46:00,2016-07-19T12:46:00,-4,2
http://irail.be/vehicle/IC812,http://irail.be/stations/NMBS/008891314,IC,2016-07-19T12:53:00,2016-07-19T12:52:00,-23,1
http://irail.be/vehicle/IC812,http://irail.be/stations/NMBS/008892205,IC,2016-07-19T12:58:00,2016-07-19T12:57:00,-9,5
http://irail.be/vehicle/IC812,http://irail.be/stations/NMBS/008896800,IC,2016-07-19T13:05:00,2016-07-19T13:04:00,2,7
http://irail.be/vehicle/IC812,http://irail.be/stations/NMBS/008896909,IC,2016-07-19T13:11:00,2016-07-19T13:10:00,2,2
http://irail.be/vehicle/IC812,NO-URI,IC,2016-07-19T13:12:00,2016-07-19T13:12:00,11,11
http://irail.be/vehicle/IC812,http://irail.be/stations/NMBS/008896925,IC,2016-07-19T13:16:00,2016-07-19T13:16:00,0,-49
http://irail.be/vehicle/IC812,http://irail.be/stations/NMBS/008896008,IC,2016-07-19T13:25:00,2016-07-19T13:25:00,,-30
http://irail.be/vehicle/IC812,http://irail.be/stations/NMBS/008891009,IC,2016-11-04T12:38:00,2016-11-04T12:38:00,-12,
http://irail.be/vehicle/IC812,NO-URI,IC,2016-11-04T12:45:00,2016-11-04T12:45:00,-1,-1
http://irail.be/vehicle/IC812,http://irail.be/stations/NMBS/008891264,IC,2016-11-04T12:46:00,2016-11-04T12:46:00,-7,-1
http://irail.be/vehicle/IC812,http://irail.be/stations/NMBS/008891314,IC,2016-11-04T12:53:00,2016-11-04T12:52:00,-50,-25
http://irail.be/vehicle/IC812,http://irail.be/stations/NMBS/008892205,IC,2016-11-04T12:58:00,2016-11-04T12:57:00,-4,-44
http://irail.be/vehicle/IC812,http://irail.be/stations/NMBS/008896800,IC,2016-11-04T13:05:00,2016-11-04T13:04:00,-3,-9
http://irail.be/vehicle/IC812,http://irail.be/stations/NMBS/008896909,IC,2016-11-04T13:11:00,2016-11-04T13:10:00,0,-3
http://irail.be/vehicle/IC812,NO-URI,IC,2016-11-04T13:12:00,2016-11-04T13:12:00,1,1
http://irail.be/vehicle/IC812,http://irail.be/stations/NMBS/008896925,IC,2016-11-04T13:16:00,2016-11-04T13:16:00,0,-59
http://irail.be/vehicle/IC812,http://irail.be/stations/NMBS/008896008,IC,2016-11-04T13:25:00,2016-11-04T13:25:00,,-32
http://irail.be/vehicle/IC812,http://irail.be/stations/NMBS/008891009,IC,2016-10-11T12:38:00,2016-10-11T12:38:00,30,
http://irail.be/vehicle/IC812,NO-URI,IC,2016-10-11T12:45:00,2016-10-11T12:45:00,38,38
http://irail.be/vehicle/IC812,http://irail.be/stations/NMBS/008891264,IC,2016-10-11T12:46:00,2016-10-11T12:46:00,32,38
http://irail.be/vehicle/IC812,http://irail.be/stations/NMBS/008891314,IC,2016-10-11T12:53:00,2016-10-11T12:52:00,38,54
http://irail.be/vehicle/IC812,http://irail.be/stations/NMBS/008892205,IC,2016-10-11T12:58:00,2016-10-11T12:57:00,144,33
http://irail.be/vehicle/IC812,http://irail.be/stations/NMBS/008896800,IC,2016-10-11T13:05:00,2016-10-11T13:04:00,199,195
http://irail.be/vehicle/IC812,http://irail.be/stations/NMBS/008896909,IC,2016-10-11T13:11:00,2016-10-11T13:10:00,199,199
http://irail.be/vehicle/IC812,NO-URI,IC,2016-10-11T13:12:00,2016-10-11T13:12:00,194,194
http://irail.be/vehicle/IC812,http://irail.be/stations/NMBS/008896925,IC,2016-10-11T13:16:00,2016-10-11T13:16:00,134,134
http://irail.be/vehicle/IC812,http://irail.be/stations/NMBS/008896008,IC,2016-10-11T13:25:00,2016-10-11T13:25:00,,62
http://irail.be/vehicle/IC812,http://irail.be/stations/NMBS/008891009,IC,2016-09-27T12:38:00,2016-09-27T12:38:00,16,
http://irail.be/vehicle/IC812,NO-URI,IC,2016-09-27T12:45:00,2016-09-27T12:45:00,12,12
http://irail.be/vehicle/IC812,http://irail.be/stations/NMBS/008891264,IC,2016-09-27T12:46:00,2016-09-27T12:46:00,6,12
http://irail.be/vehicle/IC812,http://irail.be/stations/NMBS/008891314,IC,2016-09-27T12:53:00,2016-09-27T12:52:00,-8,2
http://irail.be/vehicle/IC812,http://irail.be/stations/NMBS/008892205,IC,2016-09-27T12:58:00,2016-09-27T12:57:00,5,8
http://irail.be/vehicle/IC812,http://irail.be/stations/NMBS/008896800,IC,2016-09-27T13:05:00,2016-09-27T13:04:00,7,12
http://irail.be/vehicle/IC812,http://irail.be/stations/NMBS/008896909,IC,2016-09-27T13:11:00,2016-09-27T13:10:00,7,7
http://irail.be/vehicle/IC812,NO-URI,IC,2016-09-27T13:12:00,2016-09-27T13:12:00,11,11
http://irail.be/vehicle/IC812,http://irail.be/stations/NMBS/008896925,IC,2016-09-27T13:16:00,2016-09-27T13:16:00,0,-49
http://irail.be/vehicle/IC812,http://irail.be/stations/NMBS/008896008,IC,2016-09-27T13:25:00,2016-09-27T13:25:00,,11
http://irail.be/vehicle/IC812,http://irail.be/stations/NMBS/008891009,IC,2016-01-05T12:38:00,2016-01-05T12:38:00,18,0
http://irail.be/vehicle/IC812,NO-URI,IC,2016-01-05T12:45:00,2016-01-05T12:45:00,9,6
http://irail.be/vehicle/IC812,http://irail.be/stations/NMBS/008891264,IC,2016-01-05T12:46:00,2016-01-05T12:46:00,3,9
http://irail.be/vehicle/IC812,http://irail.be/stations/NMBS/008891314,IC,2016-01-05T12:53:00,2016-01-05T12:52:00,-8,-19
http://irail.be/vehicle/IC812,http://irail.be/stations/NMBS/008892205,IC,2016-01-05T12:58:00,2016-01-05T12:57:00,-1,2
http://irail.be/vehicle/IC812,http://irail.be/stations/NMBS/008896800,IC,2016-01-05T13:05:00,2016-01-05T13:04:00,-8,-7
http://irail.be/vehicle/IC812,http://irail.be/stations/NMBS/008896909,IC,2016-01-05T13:11:00,2016-01-05T13:10:00,0,-8
http://irail.be/vehicle/IC812,NO-URI,IC,2016-01-05T13:12:00,2016-01-05T13:12:00,5,-30
http://irail.be/vehicle/IC812,http://irail.be/stations/NMBS/008896925,IC,2016-01-05T13:16:00,2016-01-05T13:16:00,0,-55
http://irail.be/vehicle/IC812,http://irail.be/stations/NMBS/008896008,IC,2016-01-05T13:25:00,2016-01-05T13:25:00,0,27
http://irail.be/vehicle/IC812,http://irail.be/stations/NMBS/008891009,IC,2016-02-05T12:38:00,2016-02-05T12:38:00,14,0
http://irail.be/vehicle/IC812,NO-URI,IC,2016-02-05T12:45:00,2016-02-05T12:45:00,0,-5
http://irail.be/vehicle/IC812,http://irail.be/stations/NMBS/008891264,IC,2016-02-05T12:46:00,2016-02-05T12:46:00,-6,0
http://irail.be/vehicle/IC812,http://irail.be/stations/NMBS/008891314,IC,2016-02-05T12:53:00,2016-02-05T12:52:00,-24,-17
http://irail.be/vehicle/IC812,http://irail.be/stations/NMBS/008892205,IC,2016-02-05T12:58:00,2016-02-05T12:57:00,-9,-9
http://irail.be/vehicle/IC812,http://irail.be/stations/NMBS/008896800,IC,2016-02-05T13:05:00,2016-02-05T13:04:00,-5,-12
http://irail.be/vehicle/IC812,http://irail.be/stations/NMBS/008896909,IC,2016-02-05T13:11:00,2016-02-05T13:10:00,0,-5
http://irail.be/vehicle/IC812,NO-URI,IC,2016-02-05T13:12:00,2016-02-05T13:12:00,-2,-29
http://irail.be/vehicle/IC812,http://irail.be/stations/NMBS/008896925,IC,2016-02-05T13:16:00,2016-02-05T13:16:00,0,-2
http://irail.be/vehicle/IC812,http://irail.be/stations/NMBS/008896008,IC,2016-02-05T13:25:00,2016-02-05T13:25:00,0,-3
http://irail.be/vehicle/IC812,http://irail.be/stations/NMBS/008891009,IC,2016-03-15T12:38:00,2016-03-15T12:38:00,0,0
http://irail.be/vehicle/IC812,NO-URI,IC,2016-03-15T12:45:00,2016-03-15T12:45:00,-7,-14
http://irail.be/vehicle/IC812,http://irail.be/stations/NMBS/008891264,IC,2016-03-15T12:46:00,2016-03-15T12:46:00,-13,-7
http://irail.be/vehicle/IC812,http://irail.be/stations/NMBS/008891314,IC,2016-03-15T12:53:00,2016-03-15T12:52:00,-37,-18
http://irail.be/vehicle/IC812,http://irail.be/stations/NMBS/008892205,IC,2016-03-15T12:58:00,2016-03-15T12:57:00,0,-12
http://irail.be/vehicle/IC812,http://irail.be/stations/NMBS/008896800,IC,2016-03-15T13:05:00,2016-03-15T13:04:00,38,35
http://irail.be/vehicle/IC812,http://irail.be/stations/NMBS/008896909,IC,2016-03-15T13:11:00,2016-03-15T13:10:00,38,38
http://irail.be/vehicle/IC812,NO-URI,IC,2016-03-15T13:12:00,2016-03-15T13:12:00,37,6
http://irail.be/vehicle/IC812,http://irail.be/stations/NMBS/008896925,IC,2016-03-15T13:16:00,2016-03-15T13:16:00,0,-23
http://irail.be/vehicle/IC812,http://irail.be/stations/NMBS/008896008,IC,2016-03-15T13:25:00,2016-03-15T13:25:00,0,-8
http://irail.be/vehicle/IC812,http://irail.be/stations/NMBS/008891009,IC,2016-06-21T12:38:00,2016-06-21T12:38:00,225,
http://irail.be/vehicle/IC812,NO-URI,IC,2016-06-21T12:45:00,2016-06-21T12:45:00,219,219
http://irail.be/vehicle/IC812,http://irail.be/stations/NMBS/008891264,IC,2016-06-21T12:46:00,2016-06-21T12:46:00,213,219
http://irail.be/vehicle/IC812,http://irail.be/stations/NMBS/008891314,IC,2016-06-21T12:53:00,2016-06-21T12:52:00,157,191
http://irail.be/vehicle/IC812,http://irail.be/stations/NMBS/008892205,IC,2016-06-21T12:58:00,2016-06-21T12:57:00,136,146
http://irail.be/vehicle/IC812,http://irail.be/stations/NMBS/008896800,IC,2016-06-21T13:05:00,2016-06-21T13:04:00,142,126
http://irail.be/vehicle/IC812,http://irail.be/stations/NMBS/008896909,IC,2016-06-21T13:11:00,2016-06-21T13:10:00,142,142
http://irail.be/vehicle/IC812,NO-URI,IC,2016-06-21T13:12:00,2016-06-21T13:12:00,91,91
http://irail.be/vehicle/IC812,http://irail.be/stations/NMBS/008896925,IC,2016-06-21T13:16:00,2016-06-21T13:16:00,31,31
http://irail.be/vehicle/IC812,http://irail.be/stations/NMBS/008896008,IC,2016-06-21T13:25:00,2016-06-21T13:25:00,,-43
http://irail.be/vehicle/IC812,http://irail.be/stations/NMBS/008891009,IC,2016-06-15T12:38:00,2016-06-15T12:38:00,2,0
http://irail.be/vehicle/IC812,NO-URI,IC,2016-06-15T12:45:00,2016-06-15T12:45:00,-21,-28
http://irail.be/vehicle/IC812,http://irail.be/stations/NMBS/008891264,IC,2016-06-15T12:46:00,2016-06-15T12:46:00,-27,-21
http://irail.be/vehicle/IC812,http://irail.be/stations/NMBS/008891314,IC,2016-06-15T12:53:00,2016-06-15T12:52:00,-17,-43
http://irail.be/vehicle/IC812,http://irail.be/stations/NMBS/008892205,IC,2016-06-15T12:58:00,2016-06-15T12:57:00,11,4
http://irail.be/vehicle/IC812,http://irail.be/stations/NMBS/008896800,IC,2016-06-15T13:05:00,2016-06-15T13:04:00,6,14
http://irail.be/vehicle/IC812,http://irail.be/stations/NMBS/008896909,IC,2016-06-15T13:11:00,2016-06-15T13:10:00,6,6
http://irail.be/vehicle/IC812,NO-URI,IC,2016-06-15T13:12:00,2016-06-15T13:12:00,4,-25
http://irail.be/vehicle/IC812,http://irail.be/stations/NMBS/008896925,IC,2016-06-15T13:16:00,2016-06-15T13:16:00,0,-56
http://irail.be/vehicle/IC812,http://irail.be/stations/NMBS/008896008,IC,2016-06-15T13:25:00,2016-06-15T13:25:00,0,-19
http://irail.be/vehicle/IC812,http://irail.be/stations/NMBS/008891009,IC,2016-03-29T12:38:00,2016-03-29T12:38:00,19,0
http://irail.be/vehicle/IC812,NO-URI,IC,2016-03-29T12:45:00,2016-03-29T12:45:00,8,4
http://irail.be/vehicle/IC812,http://irail.be/stations/NMBS/008891264,IC,2016-03-29T12:46:00,2016-03-29T12:46:00,2,8
http://irail.be/vehicle/IC812,http://irail.be/stations/NMBS/008891314,IC,2016-03-29T12:53:00,2016-03-29T12:52:00,-22,-9
http://irail.be/vehicle/IC812,http://irail.be/stations/NMBS/008892205,IC,2016-03-29T12:58:00,2016-03-29T12:57:00,-2,3
http://irail.be/vehicle/IC812,http://irail.be/stations/NMBS/008896800,IC,2016-03-29T13:05:00,2016-03-29T13:04:00,-5,-1
http://irail.be/vehicle/IC812,http://irail.be/stations/NMBS/008896909,IC,2016-03-29T13:11:00,2016-03-29T13:10:00,0,-5
http://irail.be/vehicle/IC812,NO-URI,IC,2016-03-29T13:12:00,2016-03-29T13:12:00,3,-26
http://irail.be/vehicle/IC812,http://irail.be/stations/NMBS/008896925,IC,2016-03-29T13:16:00,2016-03-29T13:16:00,0,-57
http://irail.be/vehicle/IC812,http://irail.be/stations/NMBS/008896008,IC,2016-03-29T13:25:00,2016-03-29T13:25:00,0,-70
http://irail.be/vehicle/IC812,http://irail.be/stations/NMBS/008891009,IC,2016-11-21T12:38:00,2016-11-21T12:38:00,46,
http://irail.be/vehicle/IC812,NO-URI,IC,2016-11-21T12:45:00,2016-11-21T12:45:00,21,21
http://irail.be/vehicle/IC812,http://irail.be/stations/NMBS/008891264,IC,2016-11-21T12:46:00,2016-11-21T12:46:00,27,19
http://irail.be/vehicle/IC812,http://irail.be/stations/NMBS/008891314,IC,2016-11-21T12:53:00,2016-11-21T12:52:00,17,27
http://irail.be/vehicle/IC812,http://irail.be/stations/NMBS/008892205,IC,2016-11-21T12:58:00,2016-11-21T12:57:00,85,60
http://irail.be/vehicle/IC812,http://irail.be/stations/NMBS/008896800,IC,2016-11-21T13:05:18,2016-11-21T13:04:18,149,121
http://irail.be/vehicle/IC812,http://irail.be/stations/NMBS/008896909,IC,2016-11-21T13:11:00,2016-11-21T13:10:00,158,149
http://irail.be/vehicle/IC812,NO-URI,IC,2016-11-21T13:12:00,2016-11-21T13:12:00,158,158
http://irail.be/vehicle/IC812,http://irail.be/stations/NMBS/008896925,IC,2016-11-21T13:16:00,2016-11-21T13:16:00,68,68
http://irail.be/vehicle/IC812,http://irail.be/stations/NMBS/008896008,IC,2016-11-21T13:25:01,2016-11-21T13:25:01,,88
http://irail.be/vehicle/IC812,http://irail.be/stations/NMBS/008891009,IC,2016-01-28T12:38:00,2016-01-28T12:38:00,12,0
http://irail.be/vehicle/IC812,NO-URI,IC,2016-01-28T12:45:00,2016-01-28T12:45:00,0,-3
http://irail.be/vehicle/IC812,http://irail.be/stations/NMBS/008891264,IC,2016-01-28T12:46:00,2016-01-28T12:46:00,-6,0
http://irail.be/vehicle/IC812,http://irail.be/stations/NMBS/008891314,IC,2016-01-28T12:53:00,2016-01-28T12:52:00,-9,-30
http://irail.be/vehicle/IC812,http://irail.be/stations/NMBS/008892205,IC,2016-01-28T12:58:00,2016-01-28T12:57:00,151,-11
http://irail.be/vehicle/IC812,http://irail.be/stations/NMBS/008896800,IC,2016-01-28T13:05:00,2016-01-28T13:04:00,145,127
http://irail.be/vehicle/IC812,http://irail.be/stations/NMBS/008896909,IC,2016-01-28T13:11:00,2016-01-28T13:10:00,145,145
http://irail.be/vehicle/IC812,NO-URI,IC,2016-01-28T13:12:00,2016-01-28T13:12:00,90,63
http://irail.be/vehicle/IC812,http://irail.be/stations/NMBS/008896925,IC,2016-01-28T13:16:00,2016-01-28T13:16:00,30,30
http://irail.be/vehicle/IC812,http://irail.be/stations/NMBS/008896008,IC,2016-01-28T13:25:00,2016-01-28T13:25:00,0,-31
http://irail.be/vehicle/IC812,http://irail.be/stations/NMBS/008891009,IC,2016-03-07T12:38:00,2016-03-07T12:38:00,75,0
http://irail.be/vehicle/IC812,NO-URI,IC,2016-03-07T12:45:00,2016-03-07T12:45:00,114,104
http://irail.be/vehicle/IC812,http://irail.be/stations/NMBS/008891264,IC,2016-03-07T12:46:00,2016-03-07T12:46:00,120,114
http://irail.be/vehicle/IC812,http://irail.be/stations/NMBS/008891314,IC,2016-03-07T12:53:00,2016-03-07T12:52:00,54,95
http://irail.be/vehicle/IC812,http://irail.be/stations/NMBS/008892205,IC,2016-03-07T12:58:00,2016-03-07T12:57:00,69,66
http://irail.be/vehicle/IC812,http://irail.be/stations/NMBS/008896800,IC,2016-03-07T13:05:00,2016-03-07T13:04:00,61,82
http://irail.be/vehicle/IC812,http://irail.be/stations/NMBS/008896909,IC,2016-03-07T13:11:00,2016-03-07T13:10:00,61,61
http://irail.be/vehicle/IC812,NO-URI,IC,2016-03-07T13:12:00,2016-03-07T13:12:00,12,2
http://irail.be/vehicle/IC812,http://irail.be/stations/NMBS/008896925,IC,2016-03-07T13:16:00,2016-03-07T13:16:00,0,-48
http://irail.be/vehicle/IC812,http://irail.be/stations/NMBS/008896008,IC,2016-03-07T13:25:00,2016-03-07T13:25:00,0,-36
http://irail.be/vehicle/IC812,http://irail.be/stations/NMBS/008891009,IC,2016-09-12T12:38:00,2016-09-12T12:38:00,94,
http://irail.be/vehicle/IC812,NO-URI,IC,2016-09-12T12:45:00,2016-09-12T12:45:00,112,112
http://irail.be/vehicle/IC812,http://irail.be/stations/NMBS/008891264,IC,2016-09-12T12:46:00,2016-09-12T12:46:00,106,112
http://irail.be/vehicle/IC812,http://irail.be/stations/NMBS/008891314,IC,2016-09-12T12:53:00,2016-09-12T12:52:00,84,88
http://irail.be/vehicle/IC812,http://irail.be/stations/NMBS/008892205,IC,2016-09-12T12:58:00,2016-09-12T12:57:00,87,86
http://irail.be/vehicle/IC812,http://irail.be/stations/NMBS/008896800,IC,2016-09-12T13:05:00,2016-09-12T13:04:00,65,81
http://irail.be/vehicle/IC812,http://irail.be/stations/NMBS/008896909,IC,2016-09-12T13:11:00,2016-09-12T13:10:00,65,65
http://irail.be/vehicle/IC812,NO-URI,IC,2016-09-12T13:12:00,2016-09-12T13:12:00,47,47
http://irail.be/vehicle/IC812,http://irail.be/stations/NMBS/008896925,IC,2016-09-12T13:16:00,2016-09-12T13:16:00,0,-13
http://irail.be/vehicle/IC812,http://irail.be/stations/NMBS/008896008,IC,2016-09-12T13:25:00,2016-09-12T13:25:00,,9
http://irail.be/vehicle/IC812,http://irail.be/stations/NMBS/008891009,IC,2016-06-29T12:38:00,2016-06-29T12:38:00,84,
http://irail.be/vehicle/IC812,NO-URI,IC,2016-06-29T12:45:00,2016-06-29T12:45:00,85,85
http://irail.be/vehicle/IC812,http://irail.be/stations/NMBS/008891264,IC,2016-06-29T12:46:00,2016-06-29T12:46:00,79,85
http://irail.be/vehicle/IC812,http://irail.be/stations/NMBS/008891314,IC,2016-06-29T12:53:00,2016-06-29T12:52:00,67,75
http://irail.be/vehicle/IC812,http://irail.be/stations/NMBS/008892205,IC,2016-06-29T12:58:00,2016-06-29T12:57:00,53,66
http://irail.be/vehicle/IC812,http://irail.be/stations/NMBS/008896800,IC,2016-06-29T13:05:00,2016-06-29T13:04:00,56,60
http://irail.be/vehicle/IC812,http://irail.be/stations/NMBS/008896909,IC,2016-06-29T13:11:00,2016-06-29T13:10:00,56,56
http://irail.be/vehicle/IC812,NO-URI,IC,2016-06-29T13:12:00,2016-06-29T13:12:00,52,52
http://irail.be/vehicle/IC812,http://irail.be/stations/NMBS/008896925,IC,2016-06-29T13:16:00,2016-06-29T13:16:00,0,-8
http://irail.be/vehicle/IC812,http://irail.be/stations/NMBS/008896008,IC,2016-06-29T13:25:00,2016-06-29T13:25:00,,3
http://irail.be/vehicle/IC812,http://irail.be/stations/NMBS/008891009,IC,2016-01-21T12:38:00,2016-01-21T12:38:00,44,0
http://irail.be/vehicle/IC812,NO-URI,IC,2016-01-21T12:45:00,2016-01-21T12:45:00,23,18
http://irail.be/vehicle/IC812,http://irail.be/stations/NMBS/008891264,IC,2016-01-21T12:46:00,2016-01-21T12:46:00,17,23
http://irail.be/vehicle/IC812,http://irail.be/stations/NMBS/008891314,IC,2016-01-21T12:53:00,2016-01-21T12:52:00,7,3
http://irail.be/vehicle/IC812,http://irail.be/stations/NMBS/008892205,IC,2016-01-21T12:58:00,2016-01-21T12:57:00,12,17
http://irail.be/vehicle/IC812,http://irail.be/stations/NMBS/008896800,IC,2016-01-21T13:05:00,2016-01-21T13:04:00,17,12
http://irail.be/vehicle/IC812,http://irail.be/stations/NMBS/008896909,IC,2016-01-21T13:11:00,2016-01-21T13:10:00,17,17
http://irail.be/vehicle/IC812,NO-URI,IC,2016-01-21T13:12:00,2016-01-21T13:12:00,5,-15
http://irail.be/vehicle/IC812,http://irail.be/stations/NMBS/008896925,IC,2016-01-21T13:16:00,2016-01-21T13:16:00,0,-55
http://irail.be/vehicle/IC812,http://irail.be/stations/NMBS/008896008,IC,2016-01-21T13:25:00,2016-01-21T13:25:00,0,-55
http://irail.be/vehicle/IC812,http://irail.be/stations/NMBS/008891009,IC,2016-12-21T12:38:00,2016-12-21T12:38:00,44,
http://irail.be/vehicle/IC812,NO-URI,IC,2016-12-21T12:45:00,2016-12-21T12:45:00,24,24
http://irail.be/vehicle/IC812,http://irail.be/stations/NMBS/008891264,IC,2016-12-21T12:46:00,2016-12-21T12:46:00,37,20
http://irail.be/vehicle/IC812,http://irail.be/stations/NMBS/008891314,IC,2016-12-21T12:53:00,2016-12-21T12:52:00,31,37
http://irail.be/vehicle/IC812,http://irail.be/stations/NMBS/008892205,IC,2016-12-21T12:58:00,2016-12-21T12:57:00,68,48
http://irail.be/vehicle/IC812,http://irail.be/stations/NMBS/008896800,IC,2016-12-21T13:05:00,2016-12-21T13:04:00,80,70
http://irail.be/vehicle/IC812,http://irail.be/stations/NMBS/008896909,IC,2016-12-21T13:11:00,2016-12-21T13:10:00,107,80
http://irail.be/vehicle/IC812,NO-URI,IC,2016-12-21T13:12:00,2016-12-21T13:12:00,107,107
http://irail.be/vehicle/IC812,http://irail.be/stations/NMBS/008896925,IC,2016-12-21T13:16:00,2016-12-21T13:16:00,54,54
http://irail.be/vehicle/IC812,http://irail.be/stations/NMBS/008896008,IC,2016-12-21T13:25:00,2016-12-21T13:25:00,,24
http://irail.be/vehicle/IC812,http://irail.be/stations/NMBS/008891009,IC,2016-01-22T12:38:00,2016-01-22T12:38:00,21,0
http://irail.be/vehicle/IC812,NO-URI,IC,2016-01-22T12:45:00,2016-01-22T12:45:00,11,-3
http://irail.be/vehicle/IC812,http://irail.be/stations/NMBS/008891264,IC,2016-01-22T12:46:00,2016-01-22T12:46:00,5,11
http://irail.be/vehicle/IC812,http://irail.be/stations/NMBS/008891314,IC,2016-01-22T12:53:00,2016-01-22T12:52:00,274,269
http://irail.be/vehicle/IC812,http://irail.be/stations/NMBS/008892205,IC,2016-01-22T12:58:00,2016-01-22T12:57:00,266,258
http://irail.be/vehicle/IC812,http://irail.be/stations/NMBS/008896800,IC,2016-01-22T13:05:00,2016-01-22T13:04:00,245,254
http://irail.be/vehicle/IC812,http://irail.be/stations/NMBS/008896909,IC,2016-01-22T13:11:00,2016-01-22T13:10:00,245,245
http://irail.be/vehicle/IC812,NO-URI,IC,2016-01-22T13:12:00,2016-01-22T13:12:00,210,192
http://irail.be/vehicle/IC812,http://irail.be/stations/NMBS/008896925,IC,2016-01-22T13:16:00,2016-01-22T13:16:00,150,150
http://irail.be/vehicle/IC812,http://irail.be/stations/NMBS/008896008,IC,2016-01-22T13:25:00,2016-01-22T13:25:00,0,96
http://irail.be/vehicle/IC812,http://irail.be/stations/NMBS/008891009,IC,2016-12-13T12:38:00,2016-12-13T12:38:00,43,
http://irail.be/vehicle/IC812,NO-URI,IC,2016-12-13T12:45:00,2016-12-13T12:45:00,33,33
http://irail.be/vehicle/IC812,http://irail.be/stations/NMBS/008891264,IC,2016-12-13T12:46:00,2016-12-13T12:46:00,45,26
http://irail.be/vehicle/IC812,http://irail.be/stations/NMBS/008891314,IC,2016-12-13T12:53:00,2016-12-13T12:52:00,55,45
http://irail.be/vehicle/IC812,http://irail.be/stations/NMBS/008892205,IC,2016-12-13T12:58:00,2016-12-13T12:57:00,107,75
http://irail.be/vehicle/IC812,http://irail.be/stations/NMBS/008896800,IC,2016-12-13T13:05:00,2016-12-13T13:04:00,143,103
http://irail.be/vehicle/IC812,http://irail.be/stations/NMBS/008896909,IC,2016-12-13T13:11:00,2016-12-13T13:10:00,164,143
http://irail.be/vehicle/IC812,NO-URI,IC,2016-12-13T13:12:00,2016-12-13T13:12:00,164,164
http://irail.be/vehicle/IC812,http://irail.be/stations/NMBS/008896925,IC,2016-12-13T13:16:00,2016-12-13T13:16:00,63,63
http://irail.be/vehicle/IC812,http://irail.be/stations/NMBS/008896008,IC,2016-12-13T13:25:00,2016-12-13T13:25:00,,35
http://irail.be/vehicle/IC812,http://irail.be/stations/NMBS/008891009,IC,2016-02-22T12:38:00,2016-02-22T12:38:00,27,0
http://irail.be/vehicle/IC812,NO-URI,IC,2016-02-22T12:45:00,2016-02-22T12:45:00,16,11
http://irail.be/vehicle/IC812,http://irail.be/stations/NMBS/008891264,IC,2016-02-22T12:46:00,2016-02-22T12:46:00,10,16
http://irail.be/vehicle/IC812,http://irail.be/stations/NMBS/008891314,IC,2016-02-22T12:53:00,2016-02-22T12:52:00,3,1
http://irail.be/vehicle/IC812,http://irail.be/stations/NMBS/008892205,IC,2016-02-22T12:58:00,2016-02-22T12:57:00,57,29
http://irail.be/vehicle/IC812,http://irail.be/stations/NMBS/008896800,IC,2016-02-22T13:05:00,2016-02-22T13:04:00,47,53
http://irail.be/vehicle/IC812,http://irail.be/stations/NMBS/008896909,IC,2016-02-22T13:11:00,2016-02-22T13:10:00,47,47
http://irail.be/vehicle/IC812,NO-URI,IC,2016-02-22T13:12:00,2016-02-22T13:12:00,47,11
http://irail.be/vehicle/IC812,http://irail.be/stations/NMBS/008896925,IC,2016-02-22T13:16:00,2016-02-22T13:16:00,0,-13
http://irail.be/vehicle/IC812,http://irail.be/stations/NMBS/008896008,IC,2016-02-22T13:25:00,2016-02-22T13:25:00,0,8
http://irail.be/vehicle/IC812,http://irail.be/stations/NMBS/008891009,IC,2016-09-13T12:38:00,2016-09-13T12:38:00,14,
http://irail.be/vehicle/IC812,NO-URI,IC,2016-09-13T12:45:00,2016-09-13T12:45:00,16,16
http://irail.be/vehicle/IC812,http://irail.be/stations/NMBS/008891264,IC,2016-09-13T12:46:00,2016-09-13T12:46:00,10,16
http://irail.be/vehicle/IC812,http://irail.be/stations/NMBS/008891314,IC,2016-09-13T12:53:00,2016-09-13T12:52:00,-8,11
http://irail.be/vehicle/IC812,http://irail.be/stations/NMBS/008892205,IC,2016-09-13T12:58:00,2016-09-13T12:57:00,47,16
http://irail.be/vehicle/IC812,http://irail.be/stations/NMBS/008896800,IC,2016-09-13T13:05:00,2016-09-13T13:04:00,56,62
http://irail.be/vehicle/IC812,http://irail.be/stations/NMBS/008896909,IC,2016-09-13T13:11:00,2016-09-13T13:10:00,56,56
http://irail.be/vehicle/IC812,NO-URI,IC,2016-09-13T13:12:00,2016-09-13T13:12:00,34,34
http://irail.be/vehicle/IC812,http://irail.be/stations/NMBS/008896925,IC,2016-09-13T13:16:00,2016-09-13T13:16:00,0,-26
http://irail.be/vehicle/IC812,http://irail.be/stations/NMBS/008896008,IC,2016-09-13T13:25:00,2016-09-13T13:25:00,,36
http://irail.be/vehicle/IC812,http://irail.be/stations/NMBS/008891009,IC,2016-12-26T12:38:00,2016-12-26T12:38:00,65,
http://irail.be/vehicle/IC812,NO-URI,IC,2016-12-26T12:45:00,2016-12-26T12:45:00,53,53
http://irail.be/vehicle/IC812,http://irail.be/stations/NMBS/008891264,IC,2016-12-26T12:46:00,2016-12-26T12:46:00,26,26
http://irail.be/vehicle/IC812,http://irail.be/stations/NMBS/008891314,IC,2016-12-26T12:53:00,2016-12-26T12:52:00,6,26
http://irail.be/vehicle/IC812,http://irail.be/stations/NMBS/008892205,IC,2016-12-26T12:58:00,2016-12-26T12:57:00,25,13
http://irail.be/vehicle/IC812,http://irail.be/stations/NMBS/008896800,IC,2016-12-26T13:05:00,2016-12-26T13:04:00,9,12
http://irail.be/vehicle/IC812,http://irail.be/stations/NMBS/008896909,IC,2016-12-26T13:11:00,2016-12-26T13:10:00,20,9
http://irail.be/vehicle/IC812,NO-URI,IC,2016-12-26T13:12:00,2016-12-26T13:12:00,20,20
http://irail.be/vehicle/IC812,http://irail.be/stations/NMBS/008896925,IC,2016-12-26T13:16:00,2016-12-26T13:16:00,-18,-18
http://irail.be/vehicle/IC812,http://irail.be/stations/NMBS/008896008,IC,2016-12-26T13:25:00,2016-12-26T13:25:00,,-21
http://irail.be/vehicle/IC812,http://irail.be/stations/NMBS/008891009,IC,2016-05-30T12:38:00,2016-05-30T12:38:00,28,0
http://irail.be/vehicle/IC812,NO-URI,IC,2016-05-30T12:45:00,2016-05-30T12:45:00,5,5
http://irail.be/vehicle/IC812,http://irail.be/stations/NMBS/008891264,IC,2016-05-30T12:46:00,2016-05-30T12:46:00,8,5
http://irail.be/vehicle/IC812,http://irail.be/stations/NMBS/008891314,IC,2016-05-30T12:53:00,2016-05-30T12:52:00,11,-3
http://irail.be/vehicle/IC812,http://irail.be/stations/NMBS/008892205,IC,2016-05-30T12:58:00,2016-05-30T12:57:00,27,34
http://irail.be/vehicle/IC812,http://irail.be/stations/NMBS/008896800,IC,2016-05-30T13:05:00,2016-05-30T13:04:00,26,37
http://irail.be/vehicle/IC812,http://irail.be/stations/NMBS/008896909,IC,2016-05-30T13:11:00,2016-05-30T13:10:00,0,0
http://irail.be/vehicle/IC812,NO-URI,IC,2016-05-30T13:12:00,2016-05-30T13:12:00,-10,-10
http://irail.be/vehicle/IC812,http://irail.be/stations/NMBS/008896925,IC,2016-05-30T13:16:00,2016-05-30T13:16:00,0,-50
http://irail.be/vehicle/IC812,http://irail.be/stations/NMBS/008896008,IC,2016-05-30T13:25:00,2016-05-30T13:25:00,0,41
http://irail.be/vehicle/IC812,http://irail.be/stations/NMBS/008891009,IC,2016-01-18T12:38:00,2016-01-18T12:38:00,7,0
http://irail.be/vehicle/IC812,NO-URI,IC,2016-01-18T12:45:00,2016-01-18T12:45:00,5,-7
http://irail.be/vehicle/IC812,http://irail.be/stations/NMBS/008891264,IC,2016-01-18T12:46:00,2016-01-18T12:46:00,-1,5
http://irail.be/vehicle/IC812,http://irail.be/stations/NMBS/008891314,IC,2016-01-18T12:53:00,2016-01-18T12:52:00,-5,-11
http://irail.be/vehicle/IC812,http://irail.be/stations/NMBS/008892205,IC,2016-01-18T12:58:00,2016-01-18T12:57:00,12,17
http://irail.be/vehicle/IC812,http://irail.be/stations/NMBS/008896800,IC,2016-01-18T13:05:00,2016-01-18T13:04:00,3,19
http://irail.be/vehicle/IC812,http://irail.be/stations/NMBS/008896909,IC,2016-01-18T13:11:00,2016-01-18T13:10:00,3,3
http://irail.be/vehicle/IC812,NO-URI,IC,2016-01-18T13:12:00,2016-01-18T13:12:00,19,-18
http://irail.be/vehicle/IC812,http://irail.be/stations/NMBS/008896925,IC,2016-01-18T13:16:00,2016-01-18T13:16:00,0,-41
http://irail.be/vehicle/IC812,http://irail.be/stations/NMBS/008896008,IC,2016-01-18T13:25:00,2016-01-18T13:25:00,0,2
http://irail.be/vehicle/IC812,http://irail.be/stations/NMBS/008891009,IC,2016-02-17T12:38:00,2016-02-17T12:38:00,45,0
http://irail.be/vehicle/IC812,NO-URI,IC,2016-02-17T12:45:00,2016-02-17T12:45:00,73,66
http://irail.be/vehicle/IC812,http://irail.be/stations/NMBS/008891264,IC,2016-02-17T12:46:00,2016-02-17T12:46:00,67,73
http://irail.be/vehicle/IC812,http://irail.be/stations/NMBS/008891314,IC,2016-02-17T12:53:00,2016-02-17T12:52:00,107,81
http://irail.be/vehicle/IC812,http://irail.be/stations/NMBS/008892205,IC,2016-02-17T12:58:00,2016-02-17T12:57:00,153,150
http://irail.be/vehicle/IC812,http://irail.be/stations/NMBS/008896800,IC,2016-02-17T13:05:00,2016-02-17T13:04:00,179,184
http://irail.be/vehicle/IC812,http://irail.be/stations/NMBS/008896909,IC,2016-02-17T13:11:00,2016-02-17T13:10:00,179,179
http://irail.be/vehicle/IC812,NO-URI,IC,2016-02-17T13:12:00,2016-02-17T13:12:00,200,172
http://irail.be/vehicle/IC812,http://irail.be/stations/NMBS/008896925,IC,2016-02-17T13:16:00,2016-02-17T13:16:00,140,140
http://irail.be/vehicle/IC812,http://irail.be/stations/NMBS/008896008,IC,2016-02-17T13:25:00,2016-02-17T13:25:00,0,131
http://irail.be/vehicle/IC812,http://irail.be/stations/NMBS/008891009,IC,2016-06-28T12:38:00,2016-06-28T12:38:00,25,
http://irail.be/vehicle/IC812,NO-URI,IC,2016-06-28T12:45:00,2016-06-28T12:45:00,4,4
http://irail.be/vehicle/IC812,http://irail.be/stations/NMBS/008891264,IC,2016-06-28T12:46:00,2016-06-28T12:46:00,-2,4
http://irail.be/vehicle/IC812,http://irail.be/stations/NMBS/008891314,IC,2016-06-28T12:53:00,2016-06-28T12:52:00,-8,-11
http://irail.be/vehicle/IC812,http://irail.be/stations/NMBS/008892205,IC,2016-06-28T12:58:00,2016-06-28T12:57:00,10,14
http://irail.be/vehicle/IC812,http://irail.be/stations/NMBS/008896800,IC,2016-06-28T13:05:00,2016-06-28T13:04:00,0,8
http://irail.be/vehicle/IC812,http://irail.be/stations/NMBS/008896909,IC,2016-06-28T13:11:00,2016-06-28T13:10:00,0,0
http://irail.be/vehicle/IC812,NO-URI,IC,2016-06-28T13:12:00,2016-06-28T13:12:00,-3,-3
http://irail.be/vehicle/IC812,http://irail.be/stations/NMBS/008896925,IC,2016-06-28T13:16:00,2016-06-28T13:16:00,0,-3
http://irail.be/vehicle/IC812,http://irail.be/stations/NMBS/008896008,IC,2016-06-28T13:25:00,2016-06-28T13:25:00,,-43
http://irail.be/vehicle/IC812,http://irail.be/stations/NMBS/008891009,IC,2016-07-14T12:38:00,2016-07-14T12:38:00,7,
http://irail.be/vehicle/IC812,NO-URI,IC,2016-07-14T12:45:00,2016-07-14T12:45:00,9,9
http://irail.be/vehicle/IC812,http://irail.be/stations/NMBS/008891264,IC,2016-07-14T12:46:00,2016-07-14T12:46:00,3,9
http://irail.be/vehicle/IC812,http://irail.be/stations/NMBS/008891314,IC,2016-07-14T12:53:00,2016-07-14T12:52:00,20,2
http://irail.be/vehicle/IC812,http://irail.be/stations/NMBS/008892205,IC,2016-07-14T12:58:00,2016-07-14T12:57:00,54,76
http://irail.be/vehicle/IC812,http://irail.be/stations/NMBS/008896800,IC,2016-07-14T13:05:00,2016-07-14T13:04:00,51,76
http://irail.be/vehicle/IC812,http://irail.be/stations/NMBS/008896909,IC,2016-07-14T13:11:00,2016-07-14T13:10:00,51,51
http://irail.be/vehicle/IC812,NO-URI,IC,2016-07-14T13:12:00,2016-07-14T13:12:00,73,73
http://irail.be/vehicle/IC812,http://irail.be/stations/NMBS/008896925,IC,2016-07-14T13:16:00,2016-07-14T13:16:00,13,13
http://irail.be/vehicle/IC812,http://irail.be/stations/NMBS/008896008,IC,2016-07-14T13:25:00,2016-07-14T13:25:00,,31
http://irail.be/vehicle/IC812,http://irail.be/stations/NMBS/008891009,IC,2016-07-25T12:38:00,2016-07-25T12:38:00,28,
http://irail.be/vehicle/IC812,NO-URI,IC,2016-07-25T12:45:00,2016-07-25T12:45:00,12,12
http://irail.be/vehicle/IC812,http://irail.be/stations/NMBS/008891264,IC,2016-07-25T12:46:00,2016-07-25T12:46:00,6,12
http://irail.be/vehicle/IC812,http://irail.be/stations/NMBS/008891314,IC,2016-07-25T12:53:00,2016-07-25T12:52:00,15,-10
http://irail.be/vehicle/IC812,http://irail.be/stations/NMBS/008892205,IC,2016-07-25T12:58:00,2016-07-25T12:57:00,42,6
http://irail.be/vehicle/IC812,http://irail.be/stations/NMBS/008896800,IC,2016-07-25T13:05:00,2016-07-25T13:04:00,334,360
http://irail.be/vehicle/IC812,http://irail.be/stations/NMBS/008896909,IC,2016-07-25T13:11:00,2016-07-25T13:10:00,334,334
http://irail.be/vehicle/IC812,NO-URI,IC,2016-07-25T13:12:00,2016-07-25T13:12:00,286,286
http://irail.be/vehicle/IC812,http://irail.be/stations/NMBS/008896925,IC,2016-07-25T13:16:00,2016-07-25T13:16:00,226,226
http://irail.be/vehicle/IC812,http://irail.be/stations/NMBS/008896008,IC,2016-07-25T13:25:00,2016-07-25T13:25:00,,161
http://irail.be/vehicle/IC812,http://irail.be/stations/NMBS/008891009,IC,2016-04-28T12:38:00,2016-04-28T12:38:00,19,0
http://irail.be/vehicle/IC812,NO-URI,IC,2016-04-28T12:45:00,2016-04-28T12:45:00,-2,-6
http://irail.be/vehicle/IC812,http://irail.be/stations/NMBS/008891264,IC,2016-04-28T12:46:00,2016-04-28T12:46:00,-8,-2
http://irail.be/vehicle/IC812,http://irail.be/stations/NMBS/008891314,IC,2016-04-28T12:53:00,2016-04-28T12:52:00,5,-17
http://irail.be/vehicle/IC812,http://irail.be/stations/NMBS/008892205,IC,2016-04-28T12:58:00,2016-04-28T12:57:00,6,-10
http://irail.be/vehicle/IC812,http://irail.be/stations/NMBS/008896800,IC,2016-04-28T13:05:00,2016-04-28T13:04:00,1,1
http://irail.be/vehicle/IC812,http://irail.be/stations/NMBS/008896909,IC,2016-04-28T13:11:00,2016-04-28T13:10:00,1,1
http://irail.be/vehicle/IC812,NO-URI,IC,2016-04-28T13:12:00,2016-04-28T13:12:00,16,-5
http://irail.be/vehicle/IC812,http://irail.be/stations/NMBS/008896925,IC,2016-04-28T13:16:00,2016-04-28T13:16:00,0,-44
http://irail.be/vehicle/IC812,http://irail.be/stations/NMBS/008896008,IC,2016-04-28T13:25:00,2016-04-28T13:25:00,0,-10
http://irail.be/vehicle/IC812,http://irail.be/stations/NMBS/008891009,IC,2016-09-30T12:38:00,2016-09-30T12:38:00,0,
http://irail.be/vehicle/IC812,NO-URI,IC,2016-09-30T12:45:00,2016-09-30T12:45:00,2,2
http://irail.be/vehicle/IC812,http://irail.be/stations/NMBS/008891264,IC,2016-09-30T12:46:00,2016-09-30T12:46:00,-4,2
http://irail.be/vehicle/IC812,http://irail.be/stations/NMBS/008891314,IC,2016-09-30T12:53:00,2016-09-30T12:52:00,7,-11
http://irail.be/vehicle/IC812,http://irail.be/stations/NMBS/008892205,IC,2016-09-30T12:58:00,2016-09-30T12:57:00,54,63
http://irail.be/vehicle/IC812,http://irail.be/stations/NMBS/008896800,IC,2016-09-30T13:05:00,2016-09-30T13:04:00,44,61
http://irail.be/vehicle/IC812,http://irail.be/stations/NMBS/008896909,IC,2016-09-30T13:11:00,2016-09-30T13:10:00,44,44
http://irail.be/vehicle/IC812,NO-URI,IC,2016-09-30T13:12:00,2016-09-30T13:12:00,49,49
http://irail.be/vehicle/IC812,http://irail.be/stations/NMBS/008896925,IC,2016-09-30T13:16:00,2016-09-30T13:16:00,0,-11
http://irail.be/vehicle/IC812,http://irail.be/stations/NMBS/008896008,IC,2016-09-30T13:25:00,2016-09-30T13:25:00,,1
http://irail.be/vehicle/IC812,http://irail.be/stations/NMBS/008891009,IC,2016-06-17T12:38:00,2016-06-17T12:38:00,531,
http://irail.be/vehicle/IC812,NO-URI,IC,2016-06-17T12:45:00,2016-06-17T12:45:00,509,509
http://irail.be/vehicle/IC812,http://irail.be/stations/NMBS/008891264,IC,2016-06-17T12:46:00,2016-06-17T12:46:00,503,509
http://irail.be/vehicle/IC812,http://irail.be/stations/NMBS/008891314,IC,2016-06-17T12:53:00,2016-06-17T12:52:00,507,488
http://irail.be/vehicle/IC812,http://irail.be/stations/NMBS/008892205,IC,2016-06-17T12:58:00,2016-06-17T12:57:00,509,481
http://irail.be/vehicle/IC812,http://irail.be/stations/NMBS/008896800,IC,2016-06-17T13:05:00,2016-06-17T13:04:00,503,499
http://irail.be/vehicle/IC812,http://irail.be/stations/NMBS/008896909,IC,2016-06-17T13:11:00,2016-06-17T13:10:00,503,503
http://irail.be/vehicle/IC812,NO-URI,IC,2016-06-17T13:12:00,2016-06-17T13:12:00,480,480
http://irail.be/vehicle/IC812,http://irail.be/stations/NMBS/008896925,IC,2016-06-17T13:16:00,2016-06-17T13:16:00,420,420
http://irail.be/vehicle/IC812,http://irail.be/stations/NMBS/008896008,IC,2016-06-17T13:25:00,2016-06-17T13:25:00,,364
http://irail.be/vehicle/IC812,http://irail.be/stations/NMBS/008891009,IC,2016-08-12T12:38:00,2016-08-12T12:38:00,46,
http://irail.be/vehicle/IC812,NO-URI,IC,2016-08-12T12:45:00,2016-08-12T12:45:00,27,27
http://irail.be/vehicle/IC812,http://irail.be/stations/NMBS/008891264,IC,2016-08-12T12:46:00,2016-08-12T12:46:00,21,27
http://irail.be/vehicle/IC812,http://irail.be/stations/NMBS/008891314,IC,2016-08-12T12:53:00,2016-08-12T12:52:00,17,21
http://irail.be/vehicle/IC812,http://irail.be/stations/NMBS/008892205,IC,2016-08-12T12:58:00,2016-08-12T12:57:00,346,81
http://irail.be/vehicle/IC812,http://irail.be/stations/NMBS/008896800,IC,2016-08-12T13:05:00,2016-08-12T13:04:00,333,353
http://irail.be/vehicle/IC812,http://irail.be/stations/NMBS/008896909,IC,2016-08-12T13:11:00,2016-08-12T13:10:00,333,333
http://irail.be/vehicle/IC812,NO-URI,IC,2016-08-12T13:12:00,2016-08-12T13:12:00,318,318
http://irail.be/vehicle/IC812,http://irail.be/stations/NMBS/008896925,IC,2016-08-12T13:16:00,2016-08-12T13:16:00,258,258
http://irail.be/vehicle/IC812,http://irail.be/stations/NMBS/008896008,IC,2016-08-12T13:25:00,2016-08-12T13:25:00,,277
http://irail.be/vehicle/IC812,http://irail.be/stations/NMBS/008891009,IC,2016-04-07T12:38:00,2016-04-07T12:38:00,8,0
http://irail.be/vehicle/IC812,NO-URI,IC,2016-04-07T12:45:00,2016-04-07T12:45:00,12,5
http://irail.be/vehicle/IC812,http://irail.be/stations/NMBS/008891264,IC,2016-04-07T12:46:00,2016-04-07T12:46:00,6,12
http://irail.be/vehicle/IC812,http://irail.be/stations/NMBS/008891314,IC,2016-04-07T12:53:00,2016-04-07T12:52:00,13,7
http://irail.be/vehicle/IC812,http://irail.be/stations/NMBS/008892205,IC,2016-04-07T12:58:00,2016-04-07T12:57:00,13,32
http://irail.be/vehicle/IC812,http://irail.be/stations/NMBS/008896800,IC,2016-04-07T13:05:00,2016-04-07T13:04:00,-3,15
http://irail.be/vehicle/IC812,http://irail.be/stations/NMBS/008896909,IC,2016-04-07T13:11:00,2016-04-07T13:10:00,0,-3
http://irail.be/vehicle/IC812,NO-URI,IC,2016-04-07T13:12:00,2016-04-07T13:12:00,13,-19
http://irail.be/vehicle/IC812,http://irail.be/stations/NMBS/008896925,IC,2016-04-07T13:16:00,2016-04-07T13:16:00,0,-47
http://irail.be/vehicle/IC812,http://irail.be/stations/NMBS/008896008,IC,2016-04-07T13:25:00,2016-04-07T13:25:00,0,13
http://irail.be/vehicle/IC812,http://irail.be/stations/NMBS/008891009,IC,2016-06-27T12:38:00,2016-06-27T12:38:00,3,
http://irail.be/vehicle/IC812,NO-URI,IC,2016-06-27T12:45:00,2016-06-27T12:45:00,-6,-6
http://irail.be/vehicle/IC812,http://irail.be/stations/NMBS/008891264,IC,2016-06-27T12:46:00,2016-06-27T12:46:00,-12,-6
http://irail.be/vehicle/IC812,http://irail.be/stations/NMBS/008891314,IC,2016-06-27T12:53:00,2016-06-27T12:52:00,-13,-11
http://irail.be/vehicle/IC812,http://irail.be/stations/NMBS/008892205,IC,2016-06-27T12:58:00,2016-06-27T12:57:00,22,20
http://irail.be/vehicle/IC812,http://irail.be/stations/NMBS/008896800,IC,2016-06-27T13:05:00,2016-06-27T13:04:00,19,32
http://irail.be/vehicle/IC812,http://irail.be/stations/NMBS/008896909,IC,2016-06-27T13:11:00,2016-06-27T13:10:00,19,19
http://irail.be/vehicle/IC812,NO-URI,IC,2016-06-27T13:12:00,2016-06-27T13:12:00,8,8
http://irail.be/vehicle/IC812,http://irail.be/stations/NMBS/008896925,IC,2016-06-27T13:16:00,2016-06-27T13:16:00,0,-52
http://irail.be/vehicle/IC812,http://irail.be/stations/NMBS/008896008,IC,2016-06-27T13:25:00,2016-06-27T13:25:00,,19
http://irail.be/vehicle/IC812,http://irail.be/stations/NMBS/008891009,IC,2016-09-05T12:38:00,2016-09-05T12:38:00,10,
http://irail.be/vehicle/IC812,NO-URI,IC,2016-09-05T12:45:00,2016-09-05T12:45:00,-10,-10
http://irail.be/vehicle/IC812,http://irail.be/stations/NMBS/008891264,IC,2016-09-05T12:46:00,2016-09-05T12:46:00,-16,-10
http://irail.be/vehicle/IC812,http://irail.be/stations/NMBS/008891314,IC,2016-09-05T12:53:00,2016-09-05T12:52:00,0,-26
http://irail.be/vehicle/IC812,http://irail.be/stations/NMBS/008892205,IC,2016-09-05T12:58:00,2016-09-05T12:57:00,26,12
http://irail.be/vehicle/IC812,http://irail.be/stations/NMBS/008896800,IC,2016-09-05T13:05:00,2016-09-05T13:04:00,18,22
http://irail.be/vehicle/IC812,http://irail.be/stations/NMBS/008896909,IC,2016-09-05T13:11:00,2016-09-05T13:10:00,18,18
http://irail.be/vehicle/IC812,NO-URI,IC,2016-09-05T13:12:00,2016-09-05T13:12:00,19,19
http://irail.be/vehicle/IC812,http://irail.be/stations/NMBS/008896925,IC,2016-09-05T13:16:00,2016-09-05T13:16:00,0,-41
http://irail.be/vehicle/IC812,http://irail.be/stations/NMBS/008896008,IC,2016-09-05T13:25:00,2016-09-05T13:25:00,,-57
http://irail.be/vehicle/IC812,http://irail.be/stations/NMBS/008891009,IC,2016-04-01T12:38:00,2016-04-01T12:38:00,65,0
http://irail.be/vehicle/IC812,NO-URI,IC,2016-04-01T12:45:00,2016-04-01T12:45:00,51,46
http://irail.be/vehicle/IC812,http://irail.be/stations/NMBS/008891264,IC,2016-04-01T12:46:00,2016-04-01T12:46:00,45,51
http://irail.be/vehicle/IC812,http://irail.be/stations/NMBS/008891314,IC,2016-04-01T12:53:00,2016-04-01T12:52:00,38,31
http://irail.be/vehicle/IC812,http://irail.be/stations/NMBS/008892205,IC,2016-04-01T12:58:00,2016-04-01T12:57:00,38,55
http://irail.be/vehicle/IC812,http://irail.be/stations/NMBS/008896800,IC,2016-04-01T13:05:00,2016-04-01T13:04:00,23,36
http://irail.be/vehicle/IC812,http://irail.be/stations/NMBS/008896909,IC,2016-04-01T13:11:00,2016-04-01T13:10:00,23,23
http://irail.be/vehicle/IC812,NO-URI,IC,2016-04-01T13:12:00,2016-04-01T13:12:00,28,-15
http://irail.be/vehicle/IC812,http://irail.be/stations/NMBS/008896925,IC,2016-04-01T13:16:00,2016-04-01T13:16:00,0,-32
http://irail.be/vehicle/IC812,http://irail.be/stations/NMBS/008896008,IC,2016-04-01T13:25:00,2016-04-01T13:25:00,0,0
http://irail.be/vehicle/IC812,http://irail.be/stations/NMBS/008891009,IC,2016-04-15T12:38:00,2016-04-15T12:38:00,287,0
http://irail.be/vehicle/IC812,NO-URI,IC,2016-04-15T12:45:00,2016-04-15T12:45:00,266,261
http://irail.be/vehicle/IC812,http://irail.be/stations/NMBS/008891264,IC,2016-04-15T12:46:00,2016-04-15T12:46:00,260,266
http://irail.be/vehicle/IC812,http://irail.be/stations/NMBS/008891314,IC,2016-04-15T12:53:00,2016-04-15T12:52:00,203,237
http://irail.be/vehicle/IC812,http://irail.be/stations/NMBS/008892205,IC,2016-04-15T12:58:00,2016-04-15T12:57:00,168,187
http://irail.be/vehicle/IC812,http://irail.be/stations/NMBS/008896800,IC,2016-04-15T13:05:00,2016-04-15T13:04:00,137,157
http://irail.be/vehicle/IC812,http://irail.be/stations/NMBS/008896909,IC,2016-04-15T13:11:00,2016-04-15T13:10:00,137,137
http://irail.be/vehicle/IC812,NO-URI,IC,2016-04-15T13:12:00,2016-04-15T13:12:00,103,80
http://irail.be/vehicle/IC812,http://irail.be/stations/NMBS/008896925,IC,2016-04-15T13:16:00,2016-04-15T13:16:00,43,43
http://irail.be/vehicle/IC812,http://irail.be/stations/NMBS/008896008,IC,2016-04-15T13:25:00,2016-04-15T13:25:00,0,4
http://irail.be/vehicle/IC812,http://irail.be/stations/NMBS/008891009,IC,2016-06-03T12:38:00,2016-06-03T12:38:00,-8,0
http://irail.be/vehicle/IC812,NO-URI,IC,2016-06-03T12:45:00,2016-06-03T12:45:00,-32,-33
http://irail.be/vehicle/IC812,http://irail.be/stations/NMBS/008891264,IC,2016-06-03T12:46:00,2016-06-03T12:46:00,-38,-32
http://irail.be/vehicle/IC812,http://irail.be/stations/NMBS/008891314,IC,2016-06-03T12:53:00,2016-06-03T12:52:00,-81,-68
http://irail.be/vehicle/IC812,http://irail.be/stations/NMBS/008892205,IC,2016-06-03T12:58:00,2016-06-03T12:57:00,-7,-76
http://irail.be/vehicle/IC812,http://irail.be/stations/NMBS/008896800,IC,2016-06-03T13:05:00,2016-06-03T13:04:00,-11,-15
http://irail.be/vehicle/IC812,http://irail.be/stations/NMBS/008896909,IC,2016-06-03T13:11:00,2016-06-03T13:10:00,0,-11
http://irail.be/vehicle/IC812,NO-URI,IC,2016-06-03T13:12:00,2016-06-03T13:12:00,19,10
http://irail.be/vehicle/IC812,http://irail.be/stations/NMBS/008896925,IC,2016-06-03T13:16:00,2016-06-03T13:16:00,0,-41
http://irail.be/vehicle/IC812,http://irail.be/stations/NMBS/008896008,IC,2016-06-03T13:25:00,2016-06-03T13:25:00,0,-47
http://irail.be/vehicle/IC812,http://irail.be/stations/NMBS/008891009,IC,2016-08-05T12:38:00,2016-08-05T12:38:00,43,
http://irail.be/vehicle/IC812,NO-URI,IC,2016-08-05T12:45:00,2016-08-05T12:45:00,52,52
http://irail.be/vehicle/IC812,http://irail.be/stations/NMBS/008891264,IC,2016-08-05T12:46:00,2016-08-05T12:46:00,46,52
http://irail.be/vehicle/IC812,http://irail.be/stations/NMBS/008891314,IC,2016-08-05T12:53:00,2016-08-05T12:52:00,-8,29
http://irail.be/vehicle/IC812,http://irail.be/stations/NMBS/008892205,IC,2016-08-05T12:58:00,2016-08-05T12:57:00,-5,9
http://irail.be/vehicle/IC812,http://irail.be/stations/NMBS/008896800,IC,2016-08-05T13:05:00,2016-08-05T13:04:00,-9,13
http://irail.be/vehicle/IC812,http://irail.be/stations/NMBS/008896909,IC,2016-08-05T13:11:00,2016-08-05T13:10:00,0,-9
http://irail.be/vehicle/IC812,NO-URI,IC,2016-08-05T13:12:00,2016-08-05T13:12:00,6,6
http://irail.be/vehicle/IC812,http://irail.be/stations/NMBS/008896925,IC,2016-08-05T13:16:00,2016-08-05T13:16:00,0,-54
http://irail.be/vehicle/IC812,http://irail.be/stations/NMBS/008896008,IC,2016-08-05T13:25:00,2016-08-05T13:25:00,,-8
http://irail.be/vehicle/IC812,http://irail.be/stations/NMBS/008891009,IC,2016-12-01T12:38:00,2016-12-01T12:38:00,30,
http://irail.be/vehicle/IC812,NO-URI,IC,2016-12-01T12:45:00,2016-12-01T12:45:00,41,41
http://irail.be/vehicle/IC812,http://irail.be/stations/NMBS/008891264,IC,2016-12-01T12:46:00,2016-12-01T12:46:00,37,37
http://irail.be/vehicle/IC812,http://irail.be/stations/NMBS/008891314,IC,2016-12-01T12:53:00,2016-12-01T12:52:00,18,37
http://irail.be/vehicle/IC812,http://irail.be/stations/NMBS/008892205,IC,2016-12-01T12:58:00,2016-12-01T12:57:00,3,14
http://irail.be/vehicle/IC812,http://irail.be/stations/NMBS/008896800,IC,2016-12-01T13:05:00,2016-12-01T13:04:00,-1,-6
http://irail.be/vehicle/IC812,http://irail.be/stations/NMBS/008896909,IC,2016-12-01T13:11:00,2016-12-01T13:10:00,27,-1
http://irail.be/vehicle/IC812,NO-URI,IC,2016-12-01T13:12:00,2016-12-01T13:12:00,27,27
http://irail.be/vehicle/IC812,http://irail.be/stations/NMBS/008896925,IC,2016-12-01T13:16:00,2016-12-01T13:16:00,-6,-6
http://irail.be/vehicle/IC812,http://irail.be/stations/NMBS/008896008,IC,2016-12-01T13:25:00,2016-12-01T13:25:00,,3
http://irail.be/vehicle/IC812,http://irail.be/stations/NMBS/008891009,IC,2016-12-06T12:38:00,2016-12-06T12:38:00,14,
http://irail.be/vehicle/IC812,NO-URI,IC,2016-12-06T12:45:00,2016-12-06T12:45:00,-24,-24
http://irail.be/vehicle/IC812,http://irail.be/stations/NMBS/008891264,IC,2016-12-06T12:46:00,2016-12-06T12:46:00,-26,-28
http://irail.be/vehicle/IC812,http://irail.be/stations/NMBS/008891314,IC,2016-12-06T12:53:00,2016-12-06T12:52:00,-61,-26
http://irail.be/vehicle/IC812,http://irail.be/stations/NMBS/008892205,IC,2016-12-06T12:58:00,2016-12-06T12:57:00,5,-77
http://irail.be/vehicle/IC812,http://irail.be/stations/NMBS/008896800,IC,2016-12-06T13:05:00,2016-12-06T13:04:00,7,-7
http://irail.be/vehicle/IC812,http://irail.be/stations/NMBS/008896909,IC,2016-12-06T13:11:00,2016-12-06T13:10:00,24,7
http://irail.be/vehicle/IC812,NO-URI,IC,2016-12-06T13:12:00,2016-12-06T13:12:00,24,24
http://irail.be/vehicle/IC812,http://irail.be/stations/NMBS/008896925,IC,2016-12-06T13:16:00,2016-12-06T13:16:00,2,-7
http://irail.be/vehicle/IC812,http://irail.be/stations/NMBS/008896008,IC,2016-12-06T13:25:00,2016-12-06T13:25:00,,-41
http://irail.be/vehicle/IC812,http://irail.be/stations/NMBS/008891009,IC,2016-09-28T12:38:00,2016-09-28T12:38:00,86,
http://irail.be/vehicle/IC812,NO-URI,IC,2016-09-28T12:45:00,2016-09-28T12:45:00,64,64
http://irail.be/vehicle/IC812,http://irail.be/stations/NMBS/008891264,IC,2016-09-28T12:46:00,2016-09-28T12:46:00,58,64
http://irail.be/vehicle/IC812,http://irail.be/stations/NMBS/008891314,IC,2016-09-28T12:53:00,2016-09-28T12:52:00,63,55
http://irail.be/vehicle/IC812,http://irail.be/stations/NMBS/008892205,IC,2016-09-28T12:58:00,2016-09-28T12:57:00,165,91
http://irail.be/vehicle/IC812,http://irail.be/stations/NMBS/008896800,IC,2016-09-28T13:05:00,2016-09-28T13:04:00,202,213
http://irail.be/vehicle/IC812,http://irail.be/stations/NMBS/008896909,IC,2016-09-28T13:11:00,2016-09-28T13:10:00,202,202
http://irail.be/vehicle/IC812,NO-URI,IC,2016-09-28T13:12:00,2016-09-28T13:12:00,191,191
http://irail.be/vehicle/IC812,http://irail.be/stations/NMBS/008896925,IC,2016-09-28T13:16:00,2016-09-28T13:16:00,131,131
http://irail.be/vehicle/IC812,http://irail.be/stations/NMBS/008896008,IC,2016-09-28T13:25:00,2016-09-28T13:25:00,,104
http://irail.be/vehicle/IC812,http://irail.be/stations/NMBS/008891009,IC,2016-04-14T12:38:00,2016-04-14T12:38:00,285,0
http://irail.be/vehicle/IC812,NO-URI,IC,2016-04-14T12:45:00,2016-04-14T12:45:00,243,238
http://irail.be/vehicle/IC812,http://irail.be/stations/NMBS/008891264,IC,2016-04-14T12:46:00,2016-04-14T12:46:00,237,243
http://irail.be/vehicle/IC812,http://irail.be/stations/NMBS/008891314,IC,2016-04-14T12:53:00,2016-04-14T12:52:00,150,194
http://irail.be/vehicle/IC812,http://irail.be/stations/NMBS/008892205,IC,2016-04-14T12:58:00,2016-04-14T12:57:00,122,141
http://irail.be/vehicle/IC812,http://irail.be/stations/NMBS/008896800,IC,2016-04-14T13:05:00,2016-04-14T13:04:00,84,105
http://irail.be/vehicle/IC812,http://irail.be/stations/NMBS/008896909,IC,2016-04-14T13:11:00,2016-04-14T13:10:00,84,84
http://irail.be/vehicle/IC812,NO-URI,IC,2016-04-14T13:12:00,2016-04-14T13:12:00,54,31
http://irail.be/vehicle/IC812,http://irail.be/stations/NMBS/008896925,IC,2016-04-14T13:16:00,2016-04-14T13:16:00,0,-6
http://irail.be/vehicle/IC812,http://irail.be/stations/NMBS/008896008,IC,2016-04-14T13:25:00,2016-04-14T13:25:00,0,-32
http://irail.be/vehicle/IC812,http://irail.be/stations/NMBS/008891009,IC,2016-09-06T12:38:00,2016-09-06T12:38:00,207,
http://irail.be/vehicle/IC812,NO-URI,IC,2016-09-06T12:45:00,2016-09-06T12:45:00,282,282
http://irail.be/vehicle/IC812,http://irail.be/stations/NMBS/008891264,IC,2016-09-06T12:46:00,2016-09-06T12:46:00,276,282
http://irail.be/vehicle/IC812,http://irail.be/stations/NMBS/008891314,IC,2016-09-06T12:53:00,2016-09-06T12:52:00,215,254
http://irail.be/vehicle/IC812,http://irail.be/stations/NMBS/008892205,IC,2016-09-06T12:58:00,2016-09-06T12:57:00,185,206
http://irail.be/vehicle/IC812,http://irail.be/stations/NMBS/008896800,IC,2016-09-06T13:05:00,2016-09-06T13:04:00,370,390
http://irail.be/vehicle/IC812,http://irail.be/stations/NMBS/008896909,IC,2016-09-06T13:11:00,2016-09-06T13:10:00,370,370
http://irail.be/vehicle/IC812,NO-URI,IC,2016-09-06T13:12:00,2016-09-06T13:12:00,316,316
http://irail.be/vehicle/IC812,http://irail.be/stations/NMBS/008896925,IC,2016-09-06T13:16:00,2016-09-06T13:16:00,256,256
http://irail.be/vehicle/IC812,http://irail.be/stations/NMBS/008896008,IC,2016-09-06T13:25:00,2016-09-06T13:25:00,,166
http://irail.be/vehicle/IC812,http://irail.be/stations/NMBS/008891009,IC,2016-03-14T12:38:00,2016-03-14T12:38:00,33,0
http://irail.be/vehicle/IC812,NO-URI,IC,2016-03-14T12:45:00,2016-03-14T12:45:00,32,27
http://irail.be/vehicle/IC812,http://irail.be/stations/NMBS/008891264,IC,2016-03-14T12:46:00,2016-03-14T12:46:00,26,32
http://irail.be/vehicle/IC812,http://irail.be/stations/NMBS/008891314,IC,2016-03-14T12:53:00,2016-03-14T12:52:00,7,8
http://irail.be/vehicle/IC812,http://irail.be/stations/NMBS/008892205,IC,2016-03-14T12:58:00,2016-03-14T12:57:00,15,22
http://irail.be/vehicle/IC812,http://irail.be/stations/NMBS/008896800,IC,2016-03-14T13:05:00,2016-03-14T13:04:00,22,44
http://irail.be/vehicle/IC812,http://irail.be/stations/NMBS/008896909,IC,2016-03-14T13:11:00,2016-03-14T13:10:00,22,22
http://irail.be/vehicle/IC812,NO-URI,IC,2016-03-14T13:12:00,2016-03-14T13:12:00,45,-10
http://irail.be/vehicle/IC812,http://irail.be/stations/NMBS/008896925,IC,2016-03-14T13:16:00,2016-03-14T13:16:00,0,-15
http://irail.be/vehicle/IC812,http://irail.be/stations/NMBS/008896008,IC,2016-03-14T13:25:00,2016-03-14T13:25:00,0,4
http://irail.be/vehicle/IC812,http://irail.be/stations/NMBS/008891009,IC,2016-10-31T12:38:00,2016-10-31T12:38:00,10,
http://irail.be/vehicle/IC812,NO-URI,IC,2016-10-31T12:45:00,2016-10-31T12:45:00,63,63
http://irail.be/vehicle/IC812,http://irail.be/stations/NMBS/008891264,IC,2016-10-31T12:46:00,2016-10-31T12:46:00,57,63
http://irail.be/vehicle/IC812,http://irail.be/stations/NMBS/008891314,IC,2016-10-31T12:53:00,2016-10-31T12:52:00,13,43
http://irail.be/vehicle/IC812,http://irail.be/stations/NMBS/008892205,IC,2016-10-31T12:58:00,2016-10-31T12:57:00,33,26
http://irail.be/vehicle/IC812,http://irail.be/stations/NMBS/008896800,IC,2016-10-31T13:05:00,2016-10-31T13:04:00,42,56
http://irail.be/vehicle/IC812,http://irail.be/stations/NMBS/008896909,IC,2016-10-31T13:11:00,2016-10-31T13:10:00,42,42
http://irail.be/vehicle/IC812,NO-URI,IC,2016-10-31T13:12:00,2016-10-31T13:12:00,33,33
http://irail.be/vehicle/IC812,http://irail.be/stations/NMBS/008896925,IC,2016-10-31T13:16:00,2016-10-31T13:16:00,0,-27
http://irail.be/vehicle/IC812,http://irail.be/stations/NMBS/008896008,IC,2016-10-31T13:25:00,2016-10-31T13:25:00,,12
http://irail.be/vehicle/IC812,http://irail.be/stations/NMBS/008891009,IC,2016-10-13T12:38:00,2016-10-13T12:38:00,65,
http://irail.be/vehicle/IC812,NO-URI,IC,2016-10-13T12:45:00,2016-10-13T12:45:00,94,94
http://irail.be/vehicle/IC812,http://irail.be/stations/NMBS/008891264,IC,2016-10-13T12:46:00,2016-10-13T12:46:00,88,94
http://irail.be/vehicle/IC812,http://irail.be/stations/NMBS/008891314,IC,2016-10-13T12:53:00,2016-10-13T12:52:00,292,299
http://irail.be/vehicle/IC812,http://irail.be/stations/NMBS/008892205,IC,2016-10-13T12:58:00,2016-10-13T12:57:00,262,282
http://irail.be/vehicle/IC812,http://irail.be/stations/NMBS/008896800,IC,2016-10-13T13:05:00,2016-10-13T13:04:00,306,305
http://irail.be/vehicle/IC812,http://irail.be/stations/NMBS/008896909,IC,2016-10-13T13:11:00,2016-10-13T13:10:00,306,306
http://irail.be/vehicle/IC812,NO-URI,IC,2016-10-13T13:12:00,2016-10-13T13:12:00,291,291
http://irail.be/vehicle/IC812,http://irail.be/stations/NMBS/008896925,IC,2016-10-13T13:16:00,2016-10-13T13:16:00,231,231
http://irail.be/vehicle/IC812,http://irail.be/stations/NMBS/008896008,IC,2016-10-13T13:25:00,2016-10-13T13:25:00,,207
http://irail.be/vehicle/IC812,http://irail.be/stations/NMBS/008891009,IC,2016-07-15T12:38:00,2016-07-15T12:38:00,12,
http://irail.be/vehicle/IC812,NO-URI,IC,2016-07-15T12:45:00,2016-07-15T12:45:00,-8,-8
http://irail.be/vehicle/IC812,http://irail.be/stations/NMBS/008891264,IC,2016-07-15T12:46:00,2016-07-15T12:46:00,-14,-8
http://irail.be/vehicle/IC812,http://irail.be/stations/NMBS/008891314,IC,2016-07-15T12:53:00,2016-07-15T12:52:00,-1,-5
http://irail.be/vehicle/IC812,http://irail.be/stations/NMBS/008892205,IC,2016-07-15T12:58:00,2016-07-15T12:57:00,38,45
http://irail.be/vehicle/IC812,http://irail.be/stations/NMBS/008896800,IC,2016-07-15T13:05:00,2016-07-15T13:04:00,-1,36
http://irail.be/vehicle/IC812,http://irail.be/stations/NMBS/008896909,IC,2016-07-15T13:11:00,2016-07-15T13:10:00,0,-1
http://irail.be/vehicle/IC812,NO-URI,IC,2016-07-15T13:12:00,2016-07-15T13:12:00,14,14
http://irail.be/vehicle/IC812,http://irail.be/stations/NMBS/008896925,IC,2016-07-15T13:16:00,2016-07-15T13:16:00,0,-46
http://irail.be/vehicle/IC812,http://irail.be/stations/NMBS/008896008,IC,2016-07-15T13:25:00,2016-07-15T13:25:00,,103
http://irail.be/vehicle/IC812,NO-URI,IC,2016-12-07T12:45:00,2016-12-07T12:45:00,1904,
http://irail.be/vehicle/IC812,http://irail.be/stations/NMBS/008891264,IC,2016-12-07T12:46:00,2016-12-07T12:46:00,2130,1904
http://irail.be/vehicle/IC812,http://irail.be/stations/NMBS/008891314,IC,2016-12-07T12:53:00,2016-12-07T12:52:00,2148,2130
http://irail.be/vehicle/IC812,http://irail.be/stations/NMBS/008892205,IC,2016-12-07T12:58:00,2016-12-07T12:57:00,2202,2159
http://irail.be/vehicle/IC812,http://irail.be/stations/NMBS/008896800,IC,2016-12-07T13:05:00,2016-12-07T13:04:00,2272,2216
http://irail.be/vehicle/IC812,http://irail.be/stations/NMBS/008896909,IC,2016-12-07T13:11:00,2016-12-07T13:10:00,2282,2272
http://irail.be/vehicle/IC812,NO-URI,IC,2016-12-07T13:12:00,2016-12-07T13:12:00,2282,2282
http://irail.be/vehicle/IC812,http://irail.be/stations/NMBS/008896925,IC,2016-12-07T13:16:00,2016-12-07T13:16:00,2238,2238
http://irail.be/vehicle/IC812,http://irail.be/stations/NMBS/008896008,IC,2016-12-07T13:25:00,2016-12-07T13:25:00,,2206
http://irail.be/vehicle/IC812,http://irail.be/stations/NMBS/008891009,IC,2016-09-26T12:38:00,2016-09-26T12:38:00,60,
http://irail.be/vehicle/IC812,NO-URI,IC,2016-09-26T12:45:00,2016-09-26T12:45:00,33,33
http://irail.be/vehicle/IC812,http://irail.be/stations/NMBS/008891264,IC,2016-09-26T12:46:00,2016-09-26T12:46:00,27,33
http://irail.be/vehicle/IC812,http://irail.be/stations/NMBS/008891314,IC,2016-09-26T12:53:00,2016-09-26T12:52:00,3,9
http://irail.be/vehicle/IC812,http://irail.be/stations/NMBS/008892205,IC,2016-09-26T12:58:00,2016-09-26T12:57:00,0,6
http://irail.be/vehicle/IC812,http://irail.be/stations/NMBS/008896800,IC,2016-09-26T13:05:00,2016-09-26T13:04:00,1,-6
http://irail.be/vehicle/IC812,http://irail.be/stations/NMBS/008896909,IC,2016-09-26T13:11:00,2016-09-26T13:10:00,1,1
http://irail.be/vehicle/IC812,NO-URI,IC,2016-09-26T13:12:00,2016-09-26T13:12:00,9,9
http://irail.be/vehicle/IC812,http://irail.be/stations/NMBS/008896925,IC,2016-09-26T13:16:00,2016-09-26T13:16:00,0,-51
http://irail.be/vehicle/IC812,http://irail.be/stations/NMBS/008896008,IC,2016-09-26T13:25:00,2016-09-26T13:25:00,,-58
http://irail.be/vehicle/IC812,http://irail.be/stations/NMBS/008891009,IC,2016-06-23T12:38:00,2016-06-23T12:38:00,9,
http://irail.be/vehicle/IC812,NO-URI,IC,2016-06-23T12:45:00,2016-06-23T12:45:00,-13,-13
http://irail.be/vehicle/IC812,http://irail.be/stations/NMBS/008891264,IC,2016-06-23T12:46:00,2016-06-23T12:46:00,-19,-13
http://irail.be/vehicle/IC812,http://irail.be/stations/NMBS/008891314,IC,2016-06-23T12:53:00,2016-06-23T12:52:00,2,-8
http://irail.be/vehicle/IC812,http://irail.be/stations/NMBS/008892205,IC,2016-06-23T12:58:00,2016-06-23T12:57:00,50,27
http://irail.be/vehicle/IC812,http://irail.be/stations/NMBS/008896800,IC,2016-06-23T13:05:00,2016-06-23T13:04:00,69,61
http://irail.be/vehicle/IC812,http://irail.be/stations/NMBS/008896909,IC,2016-06-23T13:11:00,2016-06-23T13:10:00,69,69
http://irail.be/vehicle/IC812,NO-URI,IC,2016-06-23T13:12:00,2016-06-23T13:12:00,55,55
http://irail.be/vehicle/IC812,http://irail.be/stations/NMBS/008896925,IC,2016-06-23T13:16:00,2016-06-23T13:16:00,0,-5
http://irail.be/vehicle/IC812,http://irail.be/stations/NMBS/008896008,IC,2016-06-23T13:25:00,2016-06-23T13:25:00,,0
http://irail.be/vehicle/IC812,http://irail.be/stations/NMBS/008891009,IC,2016-10-03T12:38:00,2016-10-03T12:38:00,6,
http://irail.be/vehicle/IC812,NO-URI,IC,2016-10-03T12:45:00,2016-10-03T12:45:00,-1,-1
http://irail.be/vehicle/IC812,http://irail.be/stations/NMBS/008891264,IC,2016-10-03T12:46:00,2016-10-03T12:46:00,-7,-1
http://irail.be/vehicle/IC812,http://irail.be/stations/NMBS/008891314,IC,2016-10-03T12:53:00,2016-10-03T12:52:00,-7,-1
http://irail.be/vehicle/IC812,http://irail.be/stations/NMBS/008892205,IC,2016-10-03T12:58:00,2016-10-03T12:57:00,1,1
http://irail.be/vehicle/IC812,http://irail.be/stations/NMBS/008896800,IC,2016-10-03T13:05:00,2016-10-03T13:04:00,1,10
http://irail.be/vehicle/IC812,http://irail.be/stations/NMBS/008896909,IC,2016-10-03T13:11:00,2016-10-03T13:10:00,1,1
http://irail.be/vehicle/IC812,NO-URI,IC,2016-10-03T13:12:00,2016-10-03T13:12:00,23,23
http://irail.be/vehicle/IC812,http://irail.be/stations/NMBS/008896925,IC,2016-10-03T13:16:00,2016-10-03T13:16:00,0,-37
http://irail.be/vehicle/IC812,http://irail.be/stations/NMBS/008896008,IC,2016-10-03T13:25:00,2016-10-03T13:25:00,,-26
http://irail.be/vehicle/IC812,http://irail.be/stations/NMBS/008891009,IC,2016-07-27T12:38:00,2016-07-27T12:38:00,2,
http://irail.be/vehicle/IC812,NO-URI,IC,2016-07-27T12:45:00,2016-07-27T12:45:00,6,6
http://irail.be/vehicle/IC812,http://irail.be/stations/NMBS/008891264,IC,2016-07-27T12:46:00,2016-07-27T12:46:00,0,6
http://irail.be/vehicle/IC812,http://irail.be/stations/NMBS/008891314,IC,2016-07-27T12:53:00,2016-07-27T12:52:00,0,-9
http://irail.be/vehicle/IC812,http://irail.be/stations/NMBS/008892205,IC,2016-07-27T12:58:00,2016-07-27T12:57:00,18,33
http://irail.be/vehicle/IC812,http://irail.be/stations/NMBS/008896800,IC,2016-07-27T13:05:00,2016-07-27T13:04:00,10,24
http://irail.be/vehicle/IC812,http://irail.be/stations/NMBS/008896909,IC,2016-07-27T13:11:00,2016-07-27T13:10:00,10,10
http://irail.be/vehicle/IC812,NO-URI,IC,2016-07-27T13:12:00,2016-07-27T13:12:00,11,11
http://irail.be/vehicle/IC812,http://irail.be/stations/NMBS/008896925,IC,2016-07-27T13:16:00,2016-07-27T13:16:00,0,-49
http://irail.be/vehicle/IC812,http://irail.be/stations/NMBS/008896008,IC,2016-07-27T13:25:00,2016-07-27T13:25:00,,20
http://irail.be/vehicle/IC812,http://irail.be/stations/NMBS/008891009,IC,2016-02-23T12:38:00,2016-02-23T12:38:00,11,0
http://irail.be/vehicle/IC812,NO-URI,IC,2016-02-23T12:45:00,2016-02-23T12:45:00,2,-3
http://irail.be/vehicle/IC812,http://irail.be/stations/NMBS/008891264,IC,2016-02-23T12:46:00,2016-02-23T12:46:00,-4,2
http://irail.be/vehicle/IC812,http://irail.be/stations/NMBS/008891314,IC,2016-02-23T12:53:00,2016-02-23T12:52:00,-5,-13
http://irail.be/vehicle/IC812,http://irail.be/stations/NMBS/008892205,IC,2016-02-23T12:58:00,2016-02-23T12:57:00,6,-16
http://irail.be/vehicle/IC812,http://irail.be/stations/NMBS/008896800,IC,2016-02-23T13:05:00,2016-02-23T13:04:00,16,10
http://irail.be/vehicle/IC812,http://irail.be/stations/NMBS/008896909,IC,2016-02-23T13:11:00,2016-02-23T13:10:00,16,16
http://irail.be/vehicle/IC812,NO-URI,IC,2016-02-23T13:12:00,2016-02-23T13:12:00,49,4
http://irail.be/vehicle/IC812,http://irail.be/stations/NMBS/008896925,IC,2016-02-23T13:16:00,2016-02-23T13:16:00,0,-11
http://irail.be/vehicle/IC812,http://irail.be/stations/NMBS/008896008,IC,2016-02-23T13:25:00,2016-02-23T13:25:00,0,20
http://irail.be/vehicle/IC812,http://irail.be/stations/NMBS/008891009,IC,2016-08-08T12:38:00,2016-08-08T12:38:00,32,
http://irail.be/vehicle/IC812,NO-URI,IC,2016-08-08T12:45:00,2016-08-08T12:45:00,2,2
http://irail.be/vehicle/IC812,http://irail.be/stations/NMBS/008891264,IC,2016-08-08T12:46:00,2016-08-08T12:46:00,-4,2
http://irail.be/vehicle/IC812,http://irail.be/stations/NMBS/008891314,IC,2016-08-08T12:53:00,2016-08-08T12:52:00,-38,-10
http://irail.be/vehicle/IC812,http://irail.be/stations/NMBS/008892205,IC,2016-08-08T12:58:00,2016-08-08T12:57:00,-4,-18
http://irail.be/vehicle/IC812,http://irail.be/stations/NMBS/008896800,IC,2016-08-08T13:05:00,2016-08-08T13:04:00,0,-11
http://irail.be/vehicle/IC812,http://irail.be/stations/NMBS/008896909,IC,2016-08-08T13:11:00,2016-08-08T13:10:00,0,0
http://irail.be/vehicle/IC812,NO-URI,IC,2016-08-08T13:12:00,2016-08-08T13:12:00,5,5
http://irail.be/vehicle/IC812,http://irail.be/stations/NMBS/008896925,IC,2016-08-08T13:16:00,2016-08-08T13:16:00,0,-55
http://irail.be/vehicle/IC812,http://irail.be/stations/NMBS/008896008,IC,2016-08-08T13:25:00,2016-08-08T13:25:00,,-114
http://irail.be/vehicle/IC812,http://irail.be/stations/NMBS/008891009,IC,2016-01-12T12:38:00,2016-01-12T12:38:00,33,0
http://irail.be/vehicle/IC812,NO-URI,IC,2016-01-12T12:45:00,2016-01-12T12:45:00,56,46
http://irail.be/vehicle/IC812,http://irail.be/stations/NMBS/008891264,IC,2016-01-12T12:46:00,2016-01-12T12:46:00,50,56
http://irail.be/vehicle/IC812,http://irail.be/stations/NMBS/008891314,IC,2016-01-12T12:53:00,2016-01-12T12:52:00,55,65
http://irail.be/vehicle/IC812,http://irail.be/stations/NMBS/008892205,IC,2016-01-12T12:58:00,2016-01-12T12:57:00,95,77
http://irail.be/vehicle/IC812,http://irail.be/stations/NMBS/008896800,IC,2016-01-12T13:05:00,2016-01-12T13:04:00,90,109
http://irail.be/vehicle/IC812,http://irail.be/stations/NMBS/008896909,IC,2016-01-12T13:11:00,2016-01-12T13:10:00,90,90
http://irail.be/vehicle/IC812,NO-URI,IC,2016-01-12T13:12:00,2016-01-12T13:12:00,67,57
http://irail.be/vehicle/IC812,http://irail.be/stations/NMBS/008896925,IC,2016-01-12T13:16:00,2016-01-12T13:16:00,7,7
http://irail.be/vehicle/IC812,http://irail.be/stations/NMBS/008896008,IC,2016-01-12T13:25:00,2016-01-12T13:25:00,0,-42
http://irail.be/vehicle/IC812,http://irail.be/stations/NMBS/008891009,IC,2016-05-10T12:38:00,2016-05-10T12:38:00,0,0
http://irail.be/vehicle/IC812,NO-URI,IC,2016-05-10T12:45:00,2016-05-10T12:45:00,-27,-36
http://irail.be/vehicle/IC812,http://irail.be/stations/NMBS/008891264,IC,2016-05-10T12:46:00,2016-05-10T12:46:00,-33,-27
http://irail.be/vehicle/IC812,http://irail.be/stations/NMBS/008891314,IC,2016-05-10T12:53:00,2016-05-10T12:52:00,-14,-49
http://irail.be/vehicle/IC812,http://irail.be/stations/NMBS/008892205,IC,2016-05-10T12:58:00,2016-05-10T12:57:00,-4,3
http://irail.be/vehicle/IC812,http://irail.be/stations/NMBS/008896800,IC,2016-05-10T13:05:00,2016-05-10T13:04:00,-5,-12
http://irail.be/vehicle/IC812,http://irail.be/stations/NMBS/008896909,IC,2016-05-10T13:11:00,2016-05-10T13:10:00,0,-5
http://irail.be/vehicle/IC812,NO-URI,IC,2016-05-10T13:12:00,2016-05-10T13:12:00,-4,-17
http://irail.be/vehicle/IC812,http://irail.be/stations/NMBS/008896925,IC,2016-05-10T13:16:00,2016-05-10T13:16:00,0,-4
http://irail.be/vehicle/IC812,http://irail.be/stations/NMBS/008896008,IC,2016-05-10T13:25:00,2016-05-10T13:25:00,0,-23
http://irail.be/vehicle/IC812,http://irail.be/stations/NMBS/008891009,IC,2016-02-18T12:38:00,2016-02-18T12:38:00,1,0
http://irail.be/vehicle/IC812,NO-URI,IC,2016-02-18T12:45:00,2016-02-18T12:45:00,-1,-11
http://irail.be/vehicle/IC812,http://irail.be/stations/NMBS/008891264,IC,2016-02-18T12:46:00,2016-02-18T12:46:00,-7,-1
http://irail.be/vehicle/IC812,http://irail.be/stations/NMBS/008891314,IC,2016-02-18T12:53:00,2016-02-18T12:52:00,3,-11
http://irail.be/vehicle/IC812,http://irail.be/stations/NMBS/008892205,IC,2016-02-18T12:58:00,2016-02-18T12:57:00,51,62
http://irail.be/vehicle/IC812,http://irail.be/stations/NMBS/008896800,IC,2016-02-18T13:05:00,2016-02-18T13:04:00,53,68
http://irail.be/vehicle/IC812,http://irail.be/stations/NMBS/008896909,IC,2016-02-18T13:11:00,2016-02-18T13:10:00,53,53
http://irail.be/vehicle/IC812,NO-URI,IC,2016-02-18T13:12:00,2016-02-18T13:12:00,50,14
http://irail.be/vehicle/IC812,http://irail.be/stations/NMBS/008896925,IC,2016-02-18T13:16:00,2016-02-18T13:16:00,0,-10
http://irail.be/vehicle/IC812,http://irail.be/stations/NMBS/008896008,IC,2016-02-18T13:25:00,2016-02-18T13:25:00,0,59
http://irail.be/vehicle/IC812,http://irail.be/stations/NMBS/008891009,IC,2016-01-27T12:38:00,2016-01-27T12:38:00,4,0
http://irail.be/vehicle/IC812,NO-URI,IC,2016-01-27T12:45:00,2016-01-27T12:45:00,0,-3
http://irail.be/vehicle/IC812,http://irail.be/stations/NMBS/008891264,IC,2016-01-27T12:46:00,2016-01-27T12:46:00,-6,0
http://irail.be/vehicle/IC812,http://irail.be/stations/NMBS/008891314,IC,2016-01-27T12:53:00,2016-01-27T12:52:00,9,-3
http://irail.be/vehicle/IC812,http://irail.be/stations/NMBS/008892205,IC,2016-01-27T12:58:00,2016-01-27T12:57:00,29,40
http://irail.be/vehicle/IC812,http://irail.be/stations/NMBS/008896800,IC,2016-01-27T13:05:00,2016-01-27T13:04:00,39,38
http://irail.be/vehicle/IC812,http://irail.be/stations/NMBS/008896909,IC,2016-01-27T13:11:00,2016-01-27T13:10:00,39,39
http://irail.be/vehicle/IC812,NO-URI,IC,2016-01-27T13:12:00,2016-01-27T13:12:00,62,43
http://irail.be/vehicle/IC812,http://irail.be/stations/NMBS/008896925,IC,2016-01-27T13:16:00,2016-01-27T13:16:00,2,2
http://irail.be/vehicle/IC812,http://irail.be/stations/NMBS/008896008,IC,2016-01-27T13:25:00,2016-01-27T13:25:00,0,6
http://irail.be/vehicle/IC812,http://irail.be/stations/NMBS/008891009,IC,2016-05-24T12:38:00,2016-05-24T12:38:00,3,0
http://irail.be/vehicle/IC812,NO-URI,IC,2016-05-24T12:45:00,2016-05-24T12:45:00,-28,-35
http://irail.be/vehicle/IC812,http://irail.be/stations/NMBS/008891264,IC,2016-05-24T12:46:00,2016-05-24T12:46:00,-34,-28
http://irail.be/vehicle/IC812,http://irail.be/stations/NMBS/008891314,IC,2016-05-24T12:53:00,2016-05-24T12:52:00,-19,-48
http://irail.be/vehicle/IC812,http://irail.be/stations/NMBS/008892205,IC,2016-05-24T12:58:00,2016-05-24T12:57:00,-8,-17
http://irail.be/vehicle/IC812,http://irail.be/stations/NMBS/008896800,IC,2016-05-24T13:05:00,2016-05-24T13:04:00,19,-9
http://irail.be/vehicle/IC812,http://irail.be/stations/NMBS/008896909,IC,2016-05-24T13:11:00,2016-05-24T13:10:00,19,19
http://irail.be/vehicle/IC812,NO-URI,IC,2016-05-24T13:12:00,2016-05-24T13:12:00,38,16
http://irail.be/vehicle/IC812,http://irail.be/stations/NMBS/008896925,IC,2016-05-24T13:16:00,2016-05-24T13:16:00,0,-22
http://irail.be/vehicle/IC812,http://irail.be/stations/NMBS/008896008,IC,2016-05-24T13:25:00,2016-05-24T13:25:00,0,-22
http://irail.be/vehicle/IC812,http://irail.be/stations/NMBS/008891009,IC,2016-09-09T12:38:00,2016-09-09T12:38:00,-8,
http://irail.be/vehicle/IC812,NO-URI,IC,2016-09-09T12:45:00,2016-09-09T12:45:00,-52,-52
http://irail.be/vehicle/IC812,http://irail.be/stations/NMBS/008891264,IC,2016-09-09T12:46:00,2016-09-09T12:46:00,-58,-52
http://irail.be/vehicle/IC812,http://irail.be/stations/NMBS/008891314,IC,2016-09-09T12:53:00,2016-09-09T12:52:00,-12,-90
http://irail.be/vehicle/IC812,http://irail.be/stations/NMBS/008892205,IC,2016-09-09T12:58:00,2016-09-09T12:57:00,7,-15
http://irail.be/vehicle/IC812,http://irail.be/stations/NMBS/008896800,IC,2016-09-09T13:05:00,2016-09-09T13:04:00,0,-5
http://irail.be/vehicle/IC812,http://irail.be/stations/NMBS/008896909,IC,2016-09-09T13:11:00,2016-09-09T13:10:00,0,0
http://irail.be/vehicle/IC812,NO-URI,IC,2016-09-09T13:12:00,2016-09-09T13:12:00,7,7
http://irail.be/vehicle/IC812,http://irail.be/stations/NMBS/008896925,IC,2016-09-09T13:16:00,2016-09-09T13:16:00,0,-53
http://irail.be/vehicle/IC812,http://irail.be/stations/NMBS/008896008,IC,2016-09-09T13:25:00,2016-09-09T13:25:00,,-62
http://irail.be/vehicle/IC812,http://irail.be/stations/NMBS/008891009,IC,2016-08-19T12:38:00,2016-08-19T12:38:00,-1,
http://irail.be/vehicle/IC812,NO-URI,IC,2016-08-19T12:45:00,2016-08-19T12:45:00,-22,-22
http://irail.be/vehicle/IC812,http://irail.be/stations/NMBS/008891264,IC,2016-08-19T12:46:00,2016-08-19T12:46:00,-28,-22
http://irail.be/vehicle/IC812,http://irail.be/stations/NMBS/008891314,IC,2016-08-19T12:53:00,2016-08-19T12:52:00,-22,-40
http://irail.be/vehicle/IC812,http://irail.be/stations/NMBS/008892205,IC,2016-08-19T12:58:00,2016-08-19T12:57:00,-8,-6
http://irail.be/vehicle/IC812,http://irail.be/stations/NMBS/008896800,IC,2016-08-19T13:05:00,2016-08-19T13:04:00,-9,-15
http://irail.be/vehicle/IC812,http://irail.be/stations/NMBS/008896909,IC,2016-08-19T13:11:00,2016-08-19T13:10:00,0,-9
http://irail.be/vehicle/IC812,NO-URI,IC,2016-08-19T13:12:00,2016-08-19T13:12:00,-14,-14
http://irail.be/vehicle/IC812,http://irail.be/stations/NMBS/008896925,IC,2016-08-19T13:16:00,2016-08-19T13:16:00,0,-14
http://irail.be/vehicle/IC812,http://irail.be/stations/NMBS/008896008,IC,2016-08-19T13:25:00,2016-08-19T13:25:00,,-32
http://irail.be/vehicle/IC812,http://irail.be/stations/NMBS/008891009,IC,2016-01-14T12:38:00,2016-01-14T12:38:00,50,0
http://irail.be/vehicle/IC812,NO-URI,IC,2016-01-14T12:45:00,2016-01-14T12:45:00,30,21
http://irail.be/vehicle/IC812,http://irail.be/stations/NMBS/008891264,IC,2016-01-14T12:46:00,2016-01-14T12:46:00,24,30
http://irail.be/vehicle/IC812,http://irail.be/stations/NMBS/008891314,IC,2016-01-14T12:53:00,2016-01-14T12:52:00,6,14
http://irail.be/vehicle/IC812,http://irail.be/stations/NMBS/008892205,IC,2016-01-14T12:58:00,2016-01-14T12:57:00,37,33
http://irail.be/vehicle/IC812,http://irail.be/stations/NMBS/008896800,IC,2016-01-14T13:05:00,2016-01-14T13:04:00,49,45
http://irail.be/vehicle/IC812,http://irail.be/stations/NMBS/008896909,IC,2016-01-14T13:11:00,2016-01-14T13:10:00,49,49
http://irail.be/vehicle/IC812,NO-URI,IC,2016-01-14T13:12:00,2016-01-14T13:12:00,47,10
http://irail.be/vehicle/IC812,http://irail.be/stations/NMBS/008896925,IC,2016-01-14T13:16:00,2016-01-14T13:16:00,0,-13
http://irail.be/vehicle/IC812,http://irail.be/stations/NMBS/008896008,IC,2016-01-14T13:25:00,2016-01-14T13:25:00,0,-21
http://irail.be/vehicle/IC812,http://irail.be/stations/NMBS/008891009,IC,2016-04-08T12:38:00,2016-04-08T12:38:00,24,0
http://irail.be/vehicle/IC812,NO-URI,IC,2016-04-08T12:45:00,2016-04-08T12:45:00,24,19
http://irail.be/vehicle/IC812,http://irail.be/stations/NMBS/008891264,IC,2016-04-08T12:46:00,2016-04-08T12:46:00,18,24
http://irail.be/vehicle/IC812,http://irail.be/stations/NMBS/008891314,IC,2016-04-08T12:53:00,2016-04-08T12:52:00,-8,0
http://irail.be/vehicle/IC812,http://irail.be/stations/NMBS/008892205,IC,2016-04-08T12:58:00,2016-04-08T12:57:00,26,-10
http://irail.be/vehicle/IC812,http://irail.be/stations/NMBS/008896800,IC,2016-04-08T13:05:00,2016-04-08T13:04:00,40,35
http://irail.be/vehicle/IC812,http://irail.be/stations/NMBS/008896909,IC,2016-04-08T13:11:00,2016-04-08T13:10:00,40,40
http://irail.be/vehicle/IC812,NO-URI,IC,2016-04-08T13:12:00,2016-04-08T13:12:00,20,-2
http://irail.be/vehicle/IC812,http://irail.be/stations/NMBS/008896925,IC,2016-04-08T13:16:00,2016-04-08T13:16:00,0,-40
http://irail.be/vehicle/IC812,http://irail.be/stations/NMBS/008896008,IC,2016-04-08T13:25:00,2016-04-08T13:25:00,0,-40
http://irail.be/vehicle/IC812,http://irail.be/stations/NMBS/008891009,IC,2016-12-05T12:38:00,2016-12-05T12:38:00,44,
http://irail.be/vehicle/IC812,NO-URI,IC,2016-12-05T12:45:00,2016-12-05T12:45:00,72,72
http://irail.be/vehicle/IC812,http://irail.be/stations/NMBS/008891264,IC,2016-12-05T12:46:00,2016-12-05T12:46:00,68,68
http://irail.be/vehicle/IC812,http://irail.be/stations/NMBS/008891314,IC,2016-12-05T12:53:00,2016-12-05T12:52:00,86,68
http://irail.be/vehicle/IC812,http://irail.be/stations/NMBS/008892205,IC,2016-12-05T12:58:00,2016-12-05T12:57:00,141,93
http://irail.be/vehicle/IC812,http://irail.be/stations/NMBS/008896800,IC,2016-12-05T13:05:00,2016-12-05T13:04:00,164,160
http://irail.be/vehicle/IC812,http://irail.be/stations/NMBS/008896909,IC,2016-12-05T13:11:00,2016-12-05T13:10:00,195,164
http://irail.be/vehicle/IC812,NO-URI,IC,2016-12-05T13:12:00,2016-12-05T13:12:00,195,195
http://irail.be/vehicle/IC812,http://irail.be/stations/NMBS/008896925,IC,2016-12-05T13:16:00,2016-12-05T13:16:00,92,92
http://irail.be/vehicle/IC812,http://irail.be/stations/NMBS/008896008,IC,2016-12-05T13:25:00,2016-12-05T13:25:00,,88
http://irail.be/vehicle/IC812,http://irail.be/stations/NMBS/008891009,IC,2016-08-24T12:38:00,2016-08-24T12:38:00,6,
http://irail.be/vehicle/IC812,NO-URI,IC,2016-08-24T12:45:00,2016-08-24T12:45:00,-12,-12
http://irail.be/vehicle/IC812,http://irail.be/stations/NMBS/008891264,IC,2016-08-24T12:46:00,2016-08-24T12:46:00,-18,-12
http://irail.be/vehicle/IC812,http://irail.be/stations/NMBS/008891314,IC,2016-08-24T12:53:00,2016-08-24T12:52:00,-18,-20
http://irail.be/vehicle/IC812,http://irail.be/stations/NMBS/008892205,IC,2016-08-24T12:58:00,2016-08-24T12:57:00,22,36
http://irail.be/vehicle/IC812,http://irail.be/stations/NMBS/008896800,IC,2016-08-24T13:05:00,2016-08-24T13:04:00,69,54
http://irail.be/vehicle/IC812,http://irail.be/stations/NMBS/008896909,IC,2016-08-24T13:11:00,2016-08-24T13:10:00,69,69
http://irail.be/vehicle/IC812,NO-URI,IC,2016-08-24T13:12:00,2016-08-24T13:12:00,107,107
http://irail.be/vehicle/IC812,http://irail.be/stations/NMBS/008896925,IC,2016-08-24T13:16:00,2016-08-24T13:16:00,47,47
http://irail.be/vehicle/IC812,http://irail.be/stations/NMBS/008896008,IC,2016-08-24T13:25:00,2016-08-24T13:25:00,,92
http://irail.be/vehicle/IC812,http://irail.be/stations/NMBS/008891009,IC,2016-09-19T12:38:00,2016-09-19T12:38:00,128,
http://irail.be/vehicle/IC812,NO-URI,IC,2016-09-19T12:45:00,2016-09-19T12:45:00,196,196
http://irail.be/vehicle/IC812,http://irail.be/stations/NMBS/008891264,IC,2016-09-19T12:46:00,2016-09-19T12:46:00,190,196
http://irail.be/vehicle/IC812,http://irail.be/stations/NMBS/008891314,IC,2016-09-19T12:53:00,2016-09-19T12:52:00,126,157
http://irail.be/vehicle/IC812,http://irail.be/stations/NMBS/008892205,IC,2016-09-19T12:58:00,2016-09-19T12:57:00,93,117
http://irail.be/vehicle/IC812,http://irail.be/stations/NMBS/008896800,IC,2016-09-19T13:05:00,2016-09-19T13:04:00,88,95
http://irail.be/vehicle/IC812,http://irail.be/stations/NMBS/008896909,IC,2016-09-19T13:11:00,2016-09-19T13:10:00,88,88
http://irail.be/vehicle/IC812,NO-URI,IC,2016-09-19T13:12:00,2016-09-19T13:12:00,62,62
http://irail.be/vehicle/IC812,http://irail.be/stations/NMBS/008896925,IC,2016-09-19T13:16:00,2016-09-19T13:16:00,2,2
http://irail.be/vehicle/IC812,http://irail.be/stations/NMBS/008896008,IC,2016-09-19T13:25:00,2016-09-19T13:25:00,,1
http://irail.be/vehicle/IC812,http://irail.be/stations/NMBS/008891009,IC,2016-06-09T12:38:00,2016-06-09T12:38:00,16,0
http://irail.be/vehicle/IC812,NO-URI,IC,2016-06-09T12:45:00,2016-06-09T12:45:00,-1,-8
http://irail.be/vehicle/IC812,http://irail.be/stations/NMBS/008891264,IC,2016-06-09T12:46:00,2016-06-09T12:46:00,-7,-1
http://irail.be/vehicle/IC812,http://irail.be/stations/NMBS/008891314,IC,2016-06-09T12:53:00,2016-06-09T12:52:00,5,-29
http://irail.be/vehicle/IC812,http://irail.be/stations/NMBS/008892205,IC,2016-06-09T12:58:00,2016-06-09T12:57:00,28,9
http://irail.be/vehicle/IC812,http://irail.be/stations/NMBS/008896800,IC,2016-06-09T13:05:00,2016-06-09T13:04:00,52,57
http://irail.be/vehicle/IC812,http://irail.be/stations/NMBS/008896909,IC,2016-06-09T13:11:00,2016-06-09T13:10:00,52,52
http://irail.be/vehicle/IC812,NO-URI,IC,2016-06-09T13:12:00,2016-06-09T13:12:00,50,21
http://irail.be/vehicle/IC812,http://irail.be/stations/NMBS/008896925,IC,2016-06-09T13:16:00,2016-06-09T13:16:00,0,-10
http://irail.be/vehicle/IC812,http://irail.be/stations/NMBS/008896008,IC,2016-06-09T13:25:00,2016-06-09T13:25:00,0,35
http://irail.be/vehicle/IC812,http://irail.be/stations/NMBS/008891009,IC,2016-04-18T12:38:00,2016-04-18T12:38:00,11,0
http://irail.be/vehicle/IC812,NO-URI,IC,2016-04-18T12:45:00,2016-04-18T12:45:00,-2,-9
http://irail.be/vehicle/IC812,http://irail.be/stations/NMBS/008891264,IC,2016-04-18T12:46:00,2016-04-18T12:46:00,-8,-2
http://irail.be/vehicle/IC812,http://irail.be/stations/NMBS/008891314,IC,2016-04-18T12:53:00,2016-04-18T12:52:00,-3,-16
http://irail.be/vehicle/IC812,http://irail.be/stations/NMBS/008892205,IC,2016-04-18T12:58:00,2016-04-18T12:57:00,44,31
http://irail.be/vehicle/IC812,http://irail.be/stations/NMBS/008896800,IC,2016-04-18T13:05:00,2016-04-18T13:04:00,56,65
http://irail.be/vehicle/IC812,http://irail.be/stations/NMBS/008896909,IC,2016-04-18T13:11:00,2016-04-18T13:10:00,56,56
http://irail.be/vehicle/IC812,NO-URI,IC,2016-04-18T13:12:00,2016-04-18T13:12:00,36,17
http://irail.be/vehicle/IC812,http://irail.be/stations/NMBS/008896925,IC,2016-04-18T13:16:00,2016-04-18T13:16:00,0,-24
http://irail.be/vehicle/IC812,http://irail.be/stations/NMBS/008896008,IC,2016-04-18T13:25:00,2016-04-18T13:25:00,0,-19
http://irail.be/vehicle/IC812,http://irail.be/stations/NMBS/008891009,IC,2016-06-16T12:38:00,2016-06-16T12:38:00,13,
http://irail.be/vehicle/IC812,NO-URI,IC,2016-06-16T12:45:00,2016-06-16T12:45:00,-15,-15
http://irail.be/vehicle/IC812,http://irail.be/stations/NMBS/008891264,IC,2016-06-16T12:46:00,2016-06-16T12:46:00,-21,-15
http://irail.be/vehicle/IC812,http://irail.be/stations/NMBS/008891314,IC,2016-06-16T12:53:00,2016-06-16T12:52:00,-5,-29
http://irail.be/vehicle/IC812,http://irail.be/stations/NMBS/008892205,IC,2016-06-16T12:58:00,2016-06-16T12:57:00,10,12
http://irail.be/vehicle/IC812,http://irail.be/stations/NMBS/008896800,IC,2016-06-16T13:05:00,2016-06-16T13:04:00,26,16
http://irail.be/vehicle/IC812,http://irail.be/stations/NMBS/008896909,IC,2016-06-16T13:11:00,2016-06-16T13:10:00,26,26
http://irail.be/vehicle/IC812,NO-URI,IC,2016-06-16T13:12:00,2016-06-16T13:12:00,11,11
http://irail.be/vehicle/IC812,http://irail.be/stations/NMBS/008896925,IC,2016-06-16T13:16:00,2016-06-16T13:16:00,0,-49
http://irail.be/vehicle/IC812,http://irail.be/stations/NMBS/008896008,IC,2016-06-16T13:25:00,2016-06-16T13:25:00,,-8
http://irail.be/vehicle/IC812,http://irail.be/stations/NMBS/008891009,IC,2016-12-22T12:38:00,2016-12-22T12:38:00,14,
http://irail.be/vehicle/IC812,NO-URI,IC,2016-12-22T12:45:00,2016-12-22T12:45:00,19,19
http://irail.be/vehicle/IC812,http://irail.be/stations/NMBS/008891264,IC,2016-12-22T12:46:00,2016-12-22T12:46:00,13,11
http://irail.be/vehicle/IC812,http://irail.be/stations/NMBS/008891314,IC,2016-12-22T12:53:00,2016-12-22T12:52:00,2,13
http://irail.be/vehicle/IC812,http://irail.be/stations/NMBS/008892205,IC,2016-12-22T12:58:00,2016-12-22T12:57:00,20,14
http://irail.be/vehicle/IC812,http://irail.be/stations/NMBS/008896800,IC,2016-12-22T13:05:00,2016-12-22T13:04:00,31,22
http://irail.be/vehicle/IC812,http://irail.be/stations/NMBS/008896909,IC,2016-12-22T13:11:00,2016-12-22T13:10:00,45,31
http://irail.be/vehicle/IC812,NO-URI,IC,2016-12-22T13:12:00,2016-12-22T13:12:00,45,45
http://irail.be/vehicle/IC812,http://irail.be/stations/NMBS/008896925,IC,2016-12-22T13:16:00,2016-12-22T13:16:00,-20,-20
http://irail.be/vehicle/IC812,http://irail.be/stations/NMBS/008896008,IC,2016-12-22T13:25:00,2016-12-22T13:25:00,,-73
http://irail.be/vehicle/IC812,http://irail.be/stations/NMBS/008891009,IC,2016-11-08T12:38:00,2016-11-08T12:38:00,8,
http://irail.be/vehicle/IC812,NO-URI,IC,2016-11-08T12:45:00,2016-11-08T12:45:00,61,61
http://irail.be/vehicle/IC812,http://irail.be/stations/NMBS/008891264,IC,2016-11-08T12:46:00,2016-11-08T12:46:00,55,61
http://irail.be/vehicle/IC812,http://irail.be/stations/NMBS/008891314,IC,2016-11-08T12:53:00,2016-11-08T12:52:00,39,62
http://irail.be/vehicle/IC812,http://irail.be/stations/NMBS/008892205,IC,2016-11-08T12:58:00,2016-11-08T12:57:00,164,47
http://irail.be/vehicle/IC812,http://irail.be/stations/NMBS/008896800,IC,2016-11-08T13:05:00,2016-11-08T13:04:00,143,162
http://irail.be/vehicle/IC812,http://irail.be/stations/NMBS/008896909,IC,2016-11-08T13:11:00,2016-11-08T13:10:00,143,143
http://irail.be/vehicle/IC812,NO-URI,IC,2016-11-08T13:12:00,2016-11-08T13:12:00,104,104
http://irail.be/vehicle/IC812,http://irail.be/stations/NMBS/008896925,IC,2016-11-08T13:16:00,2016-11-08T13:16:00,44,44
http://irail.be/vehicle/IC812,http://irail.be/stations/NMBS/008896008,IC,2016-11-08T13:25:00,2016-11-08T13:25:00,,2
http://irail.be/vehicle/IC812,http://irail.be/stations/NMBS/008891009,IC,2016-11-17T12:38:00,2016-11-17T12:38:00,410,
http://irail.be/vehicle/IC812,NO-URI,IC,2016-11-17T12:45:00,2016-11-17T12:45:00,380,380
http://irail.be/vehicle/IC812,http://irail.be/stations/NMBS/008891264,IC,2016-11-17T12:46:00,2016-11-17T12:46:00,366,366
http://irail.be/vehicle/IC812,http://irail.be/stations/NMBS/008891314,IC,2016-11-17T12:53:00,2016-11-17T12:52:00,349,366
http://irail.be/vehicle/IC812,http://irail.be/stations/NMBS/008892205,IC,2016-11-17T12:58:00,2016-11-17T12:57:00,303,339
http://irail.be/vehicle/IC812,http://irail.be/stations/NMBS/008896800,IC,2016-11-17T13:05:18,2016-11-17T13:04:18,359,347
http://irail.be/vehicle/IC812,http://irail.be/stations/NMBS/008896909,IC,2016-11-17T13:11:00,2016-11-17T13:10:00,354,359
http://irail.be/vehicle/IC812,NO-URI,IC,2016-11-17T13:12:00,2016-11-17T13:12:00,354,354
http://irail.be/vehicle/IC812,http://irail.be/stations/NMBS/008896925,IC,2016-11-17T13:16:00,2016-11-17T13:16:00,216,216
http://irail.be/vehicle/IC812,http://irail.be/stations/NMBS/008896008,IC,2016-11-17T13:25:01,2016-11-17T13:25:01,,197
http://irail.be/vehicle/IC812,http://irail.be/stations/NMBS/008891009,IC,2016-05-17T12:38:00,2016-05-17T12:38:00,12,0
http://irail.be/vehicle/IC812,NO-URI,IC,2016-05-17T12:45:00,2016-05-17T12:45:00,55,-21
http://irail.be/vehicle/IC812,http://irail.be/stations/NMBS/008891264,IC,2016-05-17T12:46:00,2016-05-17T12:46:00,61,55
http://irail.be/vehicle/IC812,http://irail.be/stations/NMBS/008891314,IC,2016-05-17T12:53:00,2016-05-17T12:52:00,30,54
http://irail.be/vehicle/IC812,http://irail.be/stations/NMBS/008892205,IC,2016-05-17T12:58:00,2016-05-17T12:57:00,55,54
http://irail.be/vehicle/IC812,http://irail.be/stations/NMBS/008896800,IC,2016-05-17T13:05:00,2016-05-17T13:04:00,40,44
http://irail.be/vehicle/IC812,http://irail.be/stations/NMBS/008896909,IC,2016-05-17T13:11:00,2016-05-17T13:10:00,40,40
http://irail.be/vehicle/IC812,NO-URI,IC,2016-05-17T13:12:00,2016-05-17T13:12:00,10,-20
http://irail.be/vehicle/IC812,http://irail.be/stations/NMBS/008896925,IC,2016-05-17T13:16:00,2016-05-17T13:16:00,0,-50
http://irail.be/vehicle/IC812,http://irail.be/stations/NMBS/008896008,IC,2016-05-17T13:25:00,2016-05-17T13:25:00,0,-19
http://irail.be/vehicle/IC812,http://irail.be/stations/NMBS/008891009,IC,2016-02-09T12:38:00,2016-02-09T12:38:00,266,0
http://irail.be/vehicle/IC812,NO-URI,IC,2016-02-09T12:45:00,2016-02-09T12:45:00,280,275
http://irail.be/vehicle/IC812,http://irail.be/stations/NMBS/008891264,IC,2016-02-09T12:46:00,2016-02-09T12:46:00,274,280
http://irail.be/vehicle/IC812,http://irail.be/stations/NMBS/008891314,IC,2016-02-09T12:53:00,2016-02-09T12:52:00,194,237
http://irail.be/vehicle/IC812,http://irail.be/stations/NMBS/008892205,IC,2016-02-09T12:58:00,2016-02-09T12:57:00,136,177
http://irail.be/vehicle/IC812,http://irail.be/stations/NMBS/008896800,IC,2016-02-09T13:05:00,2016-02-09T13:04:00,112,131
http://irail.be/vehicle/IC812,http://irail.be/stations/NMBS/008896909,IC,2016-02-09T13:11:00,2016-02-09T13:10:00,112,112
http://irail.be/vehicle/IC812,NO-URI,IC,2016-02-09T13:12:00,2016-02-09T13:12:00,72,56
http://irail.be/vehicle/IC812,http://irail.be/stations/NMBS/008896925,IC,2016-02-09T13:16:00,2016-02-09T13:16:00,12,12
http://irail.be/vehicle/IC812,http://irail.be/stations/NMBS/008896008,IC,2016-02-09T13:25:00,2016-02-09T13:25:00,0,-35
http://irail.be/vehicle/IC812,http://irail.be/stations/NMBS/008891009,IC,2016-05-18T12:38:00,2016-05-18T12:38:00,8,0
http://irail.be/vehicle/IC812,NO-URI,IC,2016-05-18T12:45:00,2016-05-18T12:45:00,-5,-8
http://irail.be/vehicle/IC812,http://irail.be/stations/NMBS/008891264,IC,2016-05-18T12:46:00,2016-05-18T12:46:00,-11,-5
http://irail.be/vehicle/IC812,http://irail.be/stations/NMBS/008891314,IC,2016-05-18T12:53:00,2016-05-18T12:52:00,-1,-1
http://irail.be/vehicle/IC812,http://irail.be/stations/NMBS/008892205,IC,2016-05-18T12:58:00,2016-05-18T12:57:00,107,9
http://irail.be/vehicle/IC812,http://irail.be/stations/NMBS/008896800,IC,2016-05-18T13:05:00,2016-05-18T13:04:00,64,90
http://irail.be/vehicle/IC812,http://irail.be/stations/NMBS/008896909,IC,2016-05-18T13:11:00,2016-05-18T13:10:00,64,64
http://irail.be/vehicle/IC812,NO-URI,IC,2016-05-18T13:12:00,2016-05-18T13:12:00,51,3
http://irail.be/vehicle/IC812,http://irail.be/stations/NMBS/008896925,IC,2016-05-18T13:16:00,2016-05-18T13:16:00,0,-9
http://irail.be/vehicle/IC812,http://irail.be/stations/NMBS/008896008,IC,2016-05-18T13:25:00,2016-05-18T13:25:00,0,-33
http://irail.be/vehicle/IC812,http://irail.be/stations/NMBS/008891009,IC,2016-02-26T12:38:00,2016-02-26T12:38:00,817,0
http://irail.be/vehicle/IC812,NO-URI,IC,2016-02-26T12:45:00,2016-02-26T12:45:00,830,821
http://irail.be/vehicle/IC812,http://irail.be/stations/NMBS/008891264,IC,2016-02-26T12:46:00,2016-02-26T12:46:00,824,830
http://irail.be/vehicle/IC812,http://irail.be/stations/NMBS/008891314,IC,2016-02-26T12:53:00,2016-02-26T12:52:00,771,794
http://irail.be/vehicle/IC812,http://irail.be/stations/NMBS/008892205,IC,2016-02-26T12:58:00,2016-02-26T12:57:00,763,773
http://irail.be/vehicle/IC812,http://irail.be/stations/NMBS/008896800,IC,2016-02-26T13:05:00,2016-02-26T13:04:00,765,752
http://irail.be/vehicle/IC812,http://irail.be/stations/NMBS/008896909,IC,2016-02-26T13:11:00,2016-02-26T13:10:00,765,765
http://irail.be/vehicle/IC812,NO-URI,IC,2016-02-26T13:12:00,2016-02-26T13:12:00,748,715
http://irail.be/vehicle/IC812,http://irail.be/stations/NMBS/008896925,IC,2016-02-26T13:16:00,2016-02-26T13:16:00,688,688
http://irail.be/vehicle/IC812,http://irail.be/stations/NMBS/008896008,IC,2016-02-26T13:25:00,2016-02-26T13:25:00,0,656
http://irail.be/vehicle/IC812,http://irail.be/stations/NMBS/008891009,IC,2016-02-29T12:38:00,2016-02-29T12:38:00,5,0
http://irail.be/vehicle/IC812,NO-URI,IC,2016-02-29T12:45:00,2016-02-29T12:45:00,-17,-21
http://irail.be/vehicle/IC812,http://irail.be/stations/NMBS/008891264,IC,2016-02-29T12:46:00,2016-02-29T12:46:00,-23,-17
http://irail.be/vehicle/IC812,http://irail.be/stations/NMBS/008891314,IC,2016-02-29T12:53:00,2016-02-29T12:52:00,8,-5
http://irail.be/vehicle/IC812,http://irail.be/stations/NMBS/008892205,IC,2016-02-29T12:58:00,2016-02-29T12:57:00,29,19
http://irail.be/vehicle/IC812,http://irail.be/stations/NMBS/008896800,IC,2016-02-29T13:05:00,2016-02-29T13:04:00,16,22
http://irail.be/vehicle/IC812,http://irail.be/stations/NMBS/008896909,IC,2016-02-29T13:11:00,2016-02-29T13:10:00,16,16
http://irail.be/vehicle/IC812,NO-URI,IC,2016-02-29T13:12:00,2016-02-29T13:12:00,11,-26
http://irail.be/vehicle/IC812,http://irail.be/stations/NMBS/008896925,IC,2016-02-29T13:16:00,2016-02-29T13:16:00,0,-49
http://irail.be/vehicle/IC812,http://irail.be/stations/NMBS/008896008,IC,2016-02-29T13:25:00,2016-02-29T13:25:00,0,-54
http://irail.be/vehicle/IC812,http://irail.be/stations/NMBS/008891009,IC,2016-07-22T12:38:00,2016-07-22T12:38:00,4,
http://irail.be/vehicle/IC812,NO-URI,IC,2016-07-22T12:45:00,2016-07-22T12:45:00,-5,-5
http://irail.be/vehicle/IC812,http://irail.be/stations/NMBS/008891264,IC,2016-07-22T12:46:00,2016-07-22T12:46:00,-11,-5
http://irail.be/vehicle/IC812,http://irail.be/stations/NMBS/008891314,IC,2016-07-22T12:53:00,2016-07-22T12:52:00,-1,-23
http://irail.be/vehicle/IC812,http://irail.be/stations/NMBS/008892205,IC,2016-07-22T12:58:00,2016-07-22T12:57:00,-12,13
http://irail.be/vehicle/IC812,http://irail.be/stations/NMBS/008896800,IC,2016-07-22T13:05:00,2016-07-22T13:04:00,13,-13
http://irail.be/vehicle/IC812,http://irail.be/stations/NMBS/008896909,IC,2016-07-22T13:11:00,2016-07-22T13:10:00,13,13
http://irail.be/vehicle/IC812,NO-URI,IC,2016-07-22T13:12:00,2016-07-22T13:12:00,108,108
http://irail.be/vehicle/IC812,http://irail.be/stations/NMBS/008896925,IC,2016-07-22T13:16:00,2016-07-22T13:16:00,48,48
http://irail.be/vehicle/IC812,http://irail.be/stations/NMBS/008896008,IC,2016-07-22T13:25:00,2016-07-22T13:25:00,,30
http://irail.be/vehicle/IC812,http://irail.be/stations/NMBS/008891009,IC,2016-09-16T12:38:00,2016-09-16T12:38:00,27,
http://irail.be/vehicle/IC812,NO-URI,IC,2016-09-16T12:45:00,2016-09-16T12:45:00,42,42
http://irail.be/vehicle/IC812,http://irail.be/stations/NMBS/008891264,IC,2016-09-16T12:46:00,2016-09-16T12:46:00,36,42
http://irail.be/vehicle/IC812,http://irail.be/stations/NMBS/008891314,IC,2016-09-16T12:53:00,2016-09-16T12:52:00,0,29
http://irail.be/vehicle/IC812,http://irail.be/stations/NMBS/008892205,IC,2016-09-16T12:58:00,2016-09-16T12:57:00,28,40
http://irail.be/vehicle/IC812,http://irail.be/stations/NMBS/008896800,IC,2016-09-16T13:05:00,2016-09-16T13:04:00,28,41
http://irail.be/vehicle/IC812,http://irail.be/stations/NMBS/008896909,IC,2016-09-16T13:11:00,2016-09-16T13:10:00,28,28
http://irail.be/vehicle/IC812,NO-URI,IC,2016-09-16T13:12:00,2016-09-16T13:12:00,48,48
http://irail.be/vehicle/IC812,http://irail.be/stations/NMBS/008896925,IC,2016-09-16T13:16:00,2016-09-16T13:16:00,0,-12
http://irail.be/vehicle/IC812,http://irail.be/stations/NMBS/008896008,IC,2016-09-16T13:25:00,2016-09-16T13:25:00,,28
http://irail.be/vehicle/IC812,http://irail.be/stations/NMBS/008891009,IC,2016-07-07T12:38:00,2016-07-07T12:38:00,13,
http://irail.be/vehicle/IC812,NO-URI,IC,2016-07-07T12:45:00,2016-07-07T12:45:00,47,47
http://irail.be/vehicle/IC812,http://irail.be/stations/NMBS/008891264,IC,2016-07-07T12:46:00,2016-07-07T12:46:00,41,47
http://irail.be/vehicle/IC812,http://irail.be/stations/NMBS/008891314,IC,2016-07-07T12:53:00,2016-07-07T12:52:00,-5,33
http://irail.be/vehicle/IC812,http://irail.be/stations/NMBS/008892205,IC,2016-07-07T12:58:00,2016-07-07T12:57:00,1,1
http://irail.be/vehicle/IC812,http://irail.be/stations/NMBS/008896800,IC,2016-07-07T13:05:00,2016-07-07T13:04:00,15,27
http://irail.be/vehicle/IC812,http://irail.be/stations/NMBS/008896909,IC,2016-07-07T13:11:00,2016-07-07T13:10:00,15,15
http://irail.be/vehicle/IC812,NO-URI,IC,2016-07-07T13:12:00,2016-07-07T13:12:00,17,17
http://irail.be/vehicle/IC812,http://irail.be/stations/NMBS/008896925,IC,2016-07-07T13:16:00,2016-07-07T13:16:00,0,-43
http://irail.be/vehicle/IC812,http://irail.be/stations/NMBS/008896008,IC,2016-07-07T13:25:00,2016-07-07T13:25:00,,-77
http://irail.be/vehicle/IC812,http://irail.be/stations/NMBS/008891009,IC,2016-03-30T12:38:00,2016-03-30T12:38:00,3,0
http://irail.be/vehicle/IC812,NO-URI,IC,2016-03-30T12:45:00,2016-03-30T12:45:00,-17,-21
http://irail.be/vehicle/IC812,http://irail.be/stations/NMBS/008891264,IC,2016-03-30T12:46:00,2016-03-30T12:46:00,-23,-17
http://irail.be/vehicle/IC812,http://irail.be/stations/NMBS/008891314,IC,2016-03-30T12:53:00,2016-03-30T12:52:00,-3,-27
http://irail.be/vehicle/IC812,http://irail.be/stations/NMBS/008892205,IC,2016-03-30T12:58:00,2016-03-30T12:57:00,19,23
http://irail.be/vehicle/IC812,http://irail.be/stations/NMBS/008896800,IC,2016-03-30T13:05:00,2016-03-30T13:04:00,-1,6
http://irail.be/vehicle/IC812,http://irail.be/stations/NMBS/008896909,IC,2016-03-30T13:11:00,2016-03-30T13:10:00,0,-1
http://irail.be/vehicle/IC812,NO-URI,IC,2016-03-30T13:12:00,2016-03-30T13:12:00,9,-22
http://irail.be/vehicle/IC812,http://irail.be/stations/NMBS/008896925,IC,2016-03-30T13:16:00,2016-03-30T13:16:00,0,-51
http://irail.be/vehicle/IC812,http://irail.be/stations/NMBS/008896008,IC,2016-03-30T13:25:00,2016-03-30T13:25:00,0,-14
http://irail.be/vehicle/IC812,http://irail.be/stations/NMBS/008891009,IC,2016-05-11T12:38:00,2016-05-11T12:38:00,52,0
http://irail.be/vehicle/IC812,NO-URI,IC,2016-05-11T12:45:00,2016-05-11T12:45:00,64,57
http://irail.be/vehicle/IC812,http://irail.be/stations/NMBS/008891264,IC,2016-05-11T12:46:00,2016-05-11T12:46:00,58,64
http://irail.be/vehicle/IC812,http://irail.be/stations/NMBS/008891314,IC,2016-05-11T12:53:00,2016-05-11T12:52:00,66,70
http://irail.be/vehicle/IC812,http://irail.be/stations/NMBS/008892205,IC,2016-05-11T12:58:00,2016-05-11T12:57:00,77,89
http://irail.be/vehicle/IC812,http://irail.be/stations/NMBS/008896800,IC,2016-05-11T13:05:00,2016-05-11T13:04:00,107,94
http://irail.be/vehicle/IC812,http://irail.be/stations/NMBS/008896909,IC,2016-05-11T13:11:00,2016-05-11T13:10:00,107,107
http://irail.be/vehicle/IC812,NO-URI,IC,2016-05-11T13:12:00,2016-05-11T13:12:00,109,82
http://irail.be/vehicle/IC812,http://irail.be/stations/NMBS/008896925,IC,2016-05-11T13:16:00,2016-05-11T13:16:00,49,49
http://irail.be/vehicle/IC812,http://irail.be/stations/NMBS/008896008,IC,2016-05-11T13:25:00,2016-05-11T13:25:00,0,50
http://irail.be/vehicle/IC812,http://irail.be/stations/NMBS/008891009,IC,2016-07-12T12:38:00,2016-07-12T12:38:00,92,
http://irail.be/vehicle/IC812,NO-URI,IC,2016-07-12T12:45:00,2016-07-12T12:45:00,96,96
http://irail.be/vehicle/IC812,http://irail.be/stations/NMBS/008891264,IC,2016-07-12T12:46:00,2016-07-12T12:46:00,90,96
http://irail.be/vehicle/IC812,http://irail.be/stations/NMBS/008891314,IC,2016-07-12T12:53:00,2016-07-12T12:52:00,63,78
http://irail.be/vehicle/IC812,http://irail.be/stations/NMBS/008892205,IC,2016-07-12T12:58:00,2016-07-12T12:57:00,56,73
http://irail.be/vehicle/IC812,http://irail.be/stations/NMBS/008896800,IC,2016-07-12T13:05:00,2016-07-12T13:04:00,47,69
http://irail.be/vehicle/IC812,http://irail.be/stations/NMBS/008896909,IC,2016-07-12T13:11:00,2016-07-12T13:10:00,47,47
http://irail.be/vehicle/IC812,NO-URI,IC,2016-07-12T13:12:00,2016-07-12T13:12:00,27,27
http://irail.be/vehicle/IC812,http://irail.be/stations/NMBS/008896925,IC,2016-07-12T13:16:00,2016-07-12T13:16:00,0,-33
http://irail.be/vehicle/IC812,http://irail.be/stations/NMBS/008896008,IC,2016-07-12T13:25:00,2016-07-12T13:25:00,,-19
http://irail.be/vehicle/IC812,http://irail.be/stations/NMBS/008891009,IC,2016-07-26T12:38:00,2016-07-26T12:38:00,6,
http://irail.be/vehicle/IC812,NO-URI,IC,2016-07-26T12:45:00,2016-07-26T12:45:00,-17,-17
http://irail.be/vehicle/IC812,http://irail.be/stations/NMBS/008891264,IC,2016-07-26T12:46:00,2016-07-26T12:46:00,-23,-17
http://irail.be/vehicle/IC812,http://irail.be/stations/NMBS/008891314,IC,2016-07-26T12:53:00,2016-07-26T12:52:00,2,-57
http://irail.be/vehicle/IC812,http://irail.be/stations/NMBS/008892205,IC,2016-07-26T12:58:00,2016-07-26T12:57:00,-6,-4
http://irail.be/vehicle/IC812,http://irail.be/stations/NMBS/008896800,IC,2016-07-26T13:05:00,2016-07-26T13:04:00,0,-12
http://irail.be/vehicle/IC812,http://irail.be/stations/NMBS/008896909,IC,2016-07-26T13:11:00,2016-07-26T13:10:00,0,0
http://irail.be/vehicle/IC812,NO-URI,IC,2016-07-26T13:12:00,2016-07-26T13:12:00,-5,-5
http://irail.be/vehicle/IC812,http://irail.be/stations/NMBS/008896925,IC,2016-07-26T13:16:00,2016-07-26T13:16:00,0,-5
http://irail.be/vehicle/IC812,http://irail.be/stations/NMBS/008896008,IC,2016-07-26T13:25:00,2016-07-26T13:25:00,,-26
http://irail.be/vehicle/IC812,http://irail.be/stations/NMBS/008891009,IC,2016-03-03T12:38:00,2016-03-03T12:38:00,11,0
http://irail.be/vehicle/IC812,NO-URI,IC,2016-03-03T12:45:00,2016-03-03T12:45:00,1,-5
http://irail.be/vehicle/IC812,http://irail.be/stations/NMBS/008891264,IC,2016-03-03T12:46:00,2016-03-03T12:46:00,-5,1
http://irail.be/vehicle/IC812,http://irail.be/stations/NMBS/008891314,IC,2016-03-03T12:53:00,2016-03-03T12:52:00,-23,-7
http://irail.be/vehicle/IC812,http://irail.be/stations/NMBS/008892205,IC,2016-03-03T12:58:00,2016-03-03T12:57:00,-6,-1
http://irail.be/vehicle/IC812,http://irail.be/stations/NMBS/008896800,IC,2016-03-03T13:05:00,2016-03-03T13:04:00,23,26
http://irail.be/vehicle/IC812,http://irail.be/stations/NMBS/008896909,IC,2016-03-03T13:11:00,2016-03-03T13:10:00,23,23
http://irail.be/vehicle/IC812,NO-URI,IC,2016-03-03T13:12:00,2016-03-03T13:12:00,18,-12
http://irail.be/vehicle/IC812,http://irail.be/stations/NMBS/008896925,IC,2016-03-03T13:16:00,2016-03-03T13:16:00,0,-42
http://irail.be/vehicle/IC812,http://irail.be/stations/NMBS/008896008,IC,2016-03-03T13:25:00,2016-03-03T13:25:00,0,-30
http://irail.be/vehicle/IC812,http://irail.be/stations/NMBS/008891009,IC,2016-02-10T12:38:00,2016-02-10T12:38:00,5,0
http://irail.be/vehicle/IC812,NO-URI,IC,2016-02-10T12:45:00,2016-02-10T12:45:00,24,15
http://irail.be/vehicle/IC812,http://irail.be/stations/NMBS/008891264,IC,2016-02-10T12:46:00,2016-02-10T12:46:00,18,24
http://irail.be/vehicle/IC812,http://irail.be/stations/NMBS/008891314,IC,2016-02-10T12:53:00,2016-02-10T12:52:00,42,54
http://irail.be/vehicle/IC812,http://irail.be/stations/NMBS/008892205,IC,2016-02-10T12:58:00,2016-02-10T12:57:00,39,51
http://irail.be/vehicle/IC812,http://irail.be/stations/NMBS/008896800,IC,2016-02-10T13:05:00,2016-02-10T13:04:00,34,53
http://irail.be/vehicle/IC812,http://irail.be/stations/NMBS/008896909,IC,2016-02-10T13:11:00,2016-02-10T13:10:00,34,34
http://irail.be/vehicle/IC812,NO-URI,IC,2016-02-10T13:12:00,2016-02-10T13:12:00,43,-3
http://irail.be/vehicle/IC812,http://irail.be/stations/NMBS/008896925,IC,2016-02-10T13:16:00,2016-02-10T13:16:00,0,-17
http://irail.be/vehicle/IC812,http://irail.be/stations/NMBS/008896008,IC,2016-02-10T13:25:00,2016-02-10T13:25:00,0,51
http://irail.be/vehicle/IC812,http://irail.be/stations/NMBS/008891009,IC,2016-01-04T12:38:00,2016-01-04T12:38:00,110,0
http://irail.be/vehicle/IC812,NO-URI,IC,2016-01-04T12:45:00,2016-01-04T12:45:00,116,109
http://irail.be/vehicle/IC812,http://irail.be/stations/NMBS/008891264,IC,2016-01-04T12:46:00,2016-01-04T12:46:00,110,116
http://irail.be/vehicle/IC812,http://irail.be/stations/NMBS/008891314,IC,2016-01-04T12:53:00,2016-01-04T12:52:00,112,115
http://irail.be/vehicle/IC812,http://irail.be/stations/NMBS/008892205,IC,2016-01-04T12:58:00,2016-01-04T12:57:00,95,102
http://irail.be/vehicle/IC812,http://irail.be/stations/NMBS/008896800,IC,2016-01-04T13:05:00,2016-01-04T13:04:00,100,88
http://irail.be/vehicle/IC812,http://irail.be/stations/NMBS/008896909,IC,2016-01-04T13:11:00,2016-01-04T13:10:00,100,100
http://irail.be/vehicle/IC812,NO-URI,IC,2016-01-04T13:12:00,2016-01-04T13:12:00,101,76
http://irail.be/vehicle/IC812,http://irail.be/stations/NMBS/008896925,IC,2016-01-04T13:16:00,2016-01-04T13:16:00,41,41
http://irail.be/vehicle/IC812,http://irail.be/stations/NMBS/008896008,IC,2016-01-04T13:25:00,2016-01-04T13:25:00,0,26
http://irail.be/vehicle/IC812,http://irail.be/stations/NMBS/008891009,IC,2016-03-22T12:38:00,2016-03-22T12:38:00,6,0
http://irail.be/vehicle/IC812,NO-URI,IC,2016-03-22T12:45:00,2016-03-22T12:45:00,-4,-13
http://irail.be/vehicle/IC812,http://irail.be/stations/NMBS/008891264,IC,2016-03-22T12:46:00,2016-03-22T12:46:00,-10,-4
http://irail.be/vehicle/IC812,http://irail.be/stations/NMBS/008891314,IC,2016-03-22T12:53:00,2016-03-22T12:52:00,-20,-20
http://irail.be/vehicle/IC812,http://irail.be/stations/NMBS/008892205,IC,2016-03-22T12:58:00,2016-03-22T12:57:00,0,0
http://irail.be/vehicle/IC812,http://irail.be/stations/NMBS/008896800,IC,2016-03-22T13:05:00,2016-03-22T13:04:00,10,12
http://irail.be/vehicle/IC812,http://irail.be/stations/NMBS/008896909,IC,2016-03-22T13:11:00,2016-03-22T13:10:00,10,10
http://irail.be/vehicle/IC812,NO-URI,IC,2016-03-22T13:12:00,2016-03-22T13:12:00,12,-11
http://irail.be/vehicle/IC812,http://irail.be/stations/NMBS/008896925,IC,2016-03-22T13:16:00,2016-03-22T13:16:00,0,-48
http://irail.be/vehicle/IC812,http://irail.be/stations/NMBS/008896008,IC,2016-03-22T13:25:00,2016-03-22T13:25:00,0,1
