http://irail.be/vehicle/P8770,http://irail.be/stations/NMBS/008883006,P,2016-12-08T16:52:00,2016-12-08T16:52:00,323,
http://irail.be/vehicle/P8770,http://irail.be/stations/NMBS/008883212,P,2016-12-08T16:58:00,2016-12-08T16:58:00,429,377
http://irail.be/vehicle/P8770,http://irail.be/stations/NMBS/008883220,P,2016-12-08T17:01:00,2016-12-08T17:01:00,419,419
http://irail.be/vehicle/P8770,http://irail.be/stations/NMBS/008883238,P,2016-12-08T17:06:00,2016-12-08T17:06:00,320,320
http://irail.be/vehicle/P8770,http://irail.be/stations/NMBS/008882701,P,2016-12-08T17:11:00,2016-12-08T17:11:00,,302
http://irail.be/vehicle/P8770,http://irail.be/stations/NMBS/008883006,P,2016-03-04T16:52:00,2016-03-04T16:52:00,44,0
http://irail.be/vehicle/P8770,http://irail.be/stations/NMBS/008883212,P,2016-03-04T16:58:00,2016-03-04T16:58:00,134,21
http://irail.be/vehicle/P8770,http://irail.be/stations/NMBS/008883220,P,2016-03-04T17:01:00,2016-03-04T17:01:00,134,134
http://irail.be/vehicle/P8770,http://irail.be/stations/NMBS/008883238,P,2016-03-04T17:06:00,2016-03-04T17:06:00,112,112
http://irail.be/vehicle/P8770,http://irail.be/stations/NMBS/008882701,P,2016-03-04T17:11:00,2016-03-04T17:11:00,0,22
http://irail.be/vehicle/P8770,http://irail.be/stations/NMBS/008883006,P,2016-12-15T16:52:00,2016-12-15T16:52:00,140,
http://irail.be/vehicle/P8770,http://irail.be/stations/NMBS/008883212,P,2016-12-15T16:58:00,2016-12-15T16:58:00,233,205
http://irail.be/vehicle/P8770,http://irail.be/stations/NMBS/008883220,P,2016-12-15T17:01:00,2016-12-15T17:01:00,204,204
http://irail.be/vehicle/P8770,http://irail.be/stations/NMBS/008883238,P,2016-12-15T17:06:00,2016-12-15T17:06:00,61,61
http://irail.be/vehicle/P8770,http://irail.be/stations/NMBS/008882701,P,2016-12-15T17:11:00,2016-12-15T17:11:00,,45
http://irail.be/vehicle/P8770,http://irail.be/stations/NMBS/008883006,P,2016-03-01T16:52:00,2016-03-01T16:52:00,358,0
http://irail.be/vehicle/P8770,http://irail.be/stations/NMBS/008883212,P,2016-03-01T16:58:00,2016-03-01T16:58:00,384,328
http://irail.be/vehicle/P8770,http://irail.be/stations/NMBS/008883220,P,2016-03-01T17:01:00,2016-03-01T17:01:00,384,384
http://irail.be/vehicle/P8770,http://irail.be/stations/NMBS/008883238,P,2016-03-01T17:06:00,2016-03-01T17:06:00,362,362
http://irail.be/vehicle/P8770,http://irail.be/stations/NMBS/008882701,P,2016-03-01T17:11:00,2016-03-01T17:11:00,0,239
http://irail.be/vehicle/P8770,http://irail.be/stations/NMBS/008883006,P,2016-11-30T16:52:00,2016-11-30T16:52:00,-32,
http://irail.be/vehicle/P8770,http://irail.be/stations/NMBS/008883212,P,2016-11-30T16:58:00,2016-11-30T16:58:00,52,24
http://irail.be/vehicle/P8770,http://irail.be/stations/NMBS/008883220,P,2016-11-30T17:01:00,2016-11-30T17:01:00,23,23
http://irail.be/vehicle/P8770,http://irail.be/stations/NMBS/008883238,P,2016-11-30T17:06:00,2016-11-30T17:06:00,-85,-85
http://irail.be/vehicle/P8770,http://irail.be/stations/NMBS/008882701,P,2016-11-30T17:11:00,2016-11-30T17:11:00,,-111
http://irail.be/vehicle/P8770,http://irail.be/stations/NMBS/008883006,P,2016-09-22T16:52:00,2016-09-22T16:52:00,24,
http://irail.be/vehicle/P8770,http://irail.be/stations/NMBS/008883212,P,2016-09-22T16:58:00,2016-09-22T16:58:00,347,343
http://irail.be/vehicle/P8770,http://irail.be/stations/NMBS/008883220,P,2016-09-22T17:01:00,2016-09-22T17:01:00,347,347
http://irail.be/vehicle/P8770,http://irail.be/stations/NMBS/008883238,P,2016-09-22T17:06:00,2016-09-22T17:06:00,404,404
http://irail.be/vehicle/P8770,http://irail.be/stations/NMBS/008882701,P,2016-09-22T17:11:00,2016-09-22T17:11:00,,289
http://irail.be/vehicle/P8770,http://irail.be/stations/NMBS/008883006,P,2016-08-29T16:52:00,2016-08-29T16:52:00,27,
http://irail.be/vehicle/P8770,http://irail.be/stations/NMBS/008883212,P,2016-08-29T16:58:00,2016-08-29T16:58:00,449,377
http://irail.be/vehicle/P8770,http://irail.be/stations/NMBS/008883220,P,2016-08-29T17:01:00,2016-08-29T17:01:00,449,449
http://irail.be/vehicle/P8770,http://irail.be/stations/NMBS/008883238,P,2016-08-29T17:06:00,2016-08-29T17:06:00,480,480
http://irail.be/vehicle/P8770,http://irail.be/stations/NMBS/008882701,P,2016-08-29T17:11:00,2016-08-29T17:11:00,,384
http://irail.be/vehicle/P8770,http://irail.be/stations/NMBS/008883006,P,2016-03-25T16:52:00,2016-03-25T16:52:00,51,0
http://irail.be/vehicle/P8770,http://irail.be/stations/NMBS/008883212,P,2016-03-25T16:58:00,2016-03-25T16:58:00,119,31
http://irail.be/vehicle/P8770,http://irail.be/stations/NMBS/008883220,P,2016-03-25T17:01:00,2016-03-25T17:01:00,119,119
http://irail.be/vehicle/P8770,http://irail.be/stations/NMBS/008883238,P,2016-03-25T17:06:00,2016-03-25T17:06:00,164,164
http://irail.be/vehicle/P8770,http://irail.be/stations/NMBS/008882701,P,2016-03-25T17:11:00,2016-03-25T17:11:00,0,51
http://irail.be/vehicle/P8770,http://irail.be/stations/NMBS/008883006,P,2016-03-02T16:52:00,2016-03-02T16:52:00,144,0
http://irail.be/vehicle/P8770,http://irail.be/stations/NMBS/008883212,P,2016-03-02T16:58:00,2016-03-02T16:58:00,198,123
http://irail.be/vehicle/P8770,http://irail.be/stations/NMBS/008883220,P,2016-03-02T17:01:00,2016-03-02T17:01:00,198,198
http://irail.be/vehicle/P8770,http://irail.be/stations/NMBS/008883238,P,2016-03-02T17:06:00,2016-03-02T17:06:00,152,152
http://irail.be/vehicle/P8770,http://irail.be/stations/NMBS/008882701,P,2016-03-02T17:11:00,2016-03-02T17:11:00,0,28
http://irail.be/vehicle/P8770,http://irail.be/stations/NMBS/008883212,P,2016-10-27T16:58:00,2016-10-27T16:58:00,1451,
http://irail.be/vehicle/P8770,http://irail.be/stations/NMBS/008883220,P,2016-10-27T17:01:00,2016-10-27T17:01:00,1451,1451
http://irail.be/vehicle/P8770,http://irail.be/stations/NMBS/008883238,P,2016-10-27T17:06:00,2016-10-27T17:06:00,1503,1503
http://irail.be/vehicle/P8770,http://irail.be/stations/NMBS/008882701,P,2016-10-27T17:11:00,2016-10-27T17:11:00,,1401
http://irail.be/vehicle/P8770,http://irail.be/stations/NMBS/008883006,P,2016-04-21T16:52:00,2016-04-21T16:52:00,118,0
http://irail.be/vehicle/P8770,http://irail.be/stations/NMBS/008883212,P,2016-04-21T16:58:00,2016-04-21T16:58:00,166,105
http://irail.be/vehicle/P8770,http://irail.be/stations/NMBS/008883220,P,2016-04-21T17:01:00,2016-04-21T17:01:00,166,166
http://irail.be/vehicle/P8770,http://irail.be/stations/NMBS/008883238,P,2016-04-21T17:06:00,2016-04-21T17:06:00,139,139
http://irail.be/vehicle/P8770,http://irail.be/stations/NMBS/008882701,P,2016-04-21T17:11:00,2016-04-21T17:11:00,0,25
http://irail.be/vehicle/P8770,http://irail.be/stations/NMBS/008883006,P,2016-10-28T16:52:00,2016-10-28T16:52:00,49,
http://irail.be/vehicle/P8770,http://irail.be/stations/NMBS/008883212,P,2016-10-28T16:58:00,2016-10-28T16:58:00,735,38
http://irail.be/vehicle/P8770,http://irail.be/stations/NMBS/008883220,P,2016-10-28T17:01:00,2016-10-28T17:01:00,735,735
http://irail.be/vehicle/P8770,http://irail.be/stations/NMBS/008883238,P,2016-10-28T17:06:00,2016-10-28T17:06:00,822,822
http://irail.be/vehicle/P8770,http://irail.be/stations/NMBS/008882701,P,2016-10-28T17:11:00,2016-10-28T17:11:00,,1185
http://irail.be/vehicle/P8770,http://irail.be/stations/NMBS/008883006,P,2016-11-10T16:52:00,2016-11-10T16:52:00,58,
http://irail.be/vehicle/P8770,http://irail.be/stations/NMBS/008883212,P,2016-11-10T16:58:00,2016-11-10T16:58:00,153,64
http://irail.be/vehicle/P8770,http://irail.be/stations/NMBS/008883220,P,2016-11-10T17:01:00,2016-11-10T17:01:00,153,153
http://irail.be/vehicle/P8770,http://irail.be/stations/NMBS/008883238,P,2016-11-10T17:06:00,2016-11-10T17:06:00,178,178
http://irail.be/vehicle/P8770,http://irail.be/stations/NMBS/008882701,P,2016-11-10T17:11:00,2016-11-10T17:11:00,,131
http://irail.be/vehicle/P8770,http://irail.be/stations/NMBS/008883006,P,2016-10-05T16:52:00,2016-10-05T16:52:00,334,
http://irail.be/vehicle/P8770,http://irail.be/stations/NMBS/008883212,P,2016-10-05T16:58:00,2016-10-05T16:58:00,438,338
http://irail.be/vehicle/P8770,http://irail.be/stations/NMBS/008883220,P,2016-10-05T17:01:00,2016-10-05T17:01:00,438,438
http://irail.be/vehicle/P8770,http://irail.be/stations/NMBS/008883238,P,2016-10-05T17:06:00,2016-10-05T17:06:00,440,440
http://irail.be/vehicle/P8770,http://irail.be/stations/NMBS/008882701,P,2016-10-05T17:11:00,2016-10-05T17:11:00,,309
http://irail.be/vehicle/P8770,http://irail.be/stations/NMBS/008883006,P,2016-04-22T16:52:00,2016-04-22T16:52:00,27,0
http://irail.be/vehicle/P8770,http://irail.be/stations/NMBS/008883212,P,2016-04-22T16:58:00,2016-04-22T16:58:00,86,-3
http://irail.be/vehicle/P8770,http://irail.be/stations/NMBS/008883220,P,2016-04-22T17:01:00,2016-04-22T17:01:00,86,86
http://irail.be/vehicle/P8770,http://irail.be/stations/NMBS/008883238,P,2016-04-22T17:06:00,2016-04-22T17:06:00,45,45
http://irail.be/vehicle/P8770,http://irail.be/stations/NMBS/008882701,P,2016-04-22T17:11:00,2016-04-22T17:11:00,0,-65
http://irail.be/vehicle/P8770,http://irail.be/stations/NMBS/008883006,P,2016-10-07T16:52:00,2016-10-07T16:52:00,41,
http://irail.be/vehicle/P8770,http://irail.be/stations/NMBS/008883212,P,2016-10-07T16:58:00,2016-10-07T16:58:00,376,144
http://irail.be/vehicle/P8770,http://irail.be/stations/NMBS/008883220,P,2016-10-07T17:01:00,2016-10-07T17:01:00,376,376
http://irail.be/vehicle/P8770,http://irail.be/stations/NMBS/008883238,P,2016-10-07T17:06:00,2016-10-07T17:06:00,457,457
http://irail.be/vehicle/P8770,http://irail.be/stations/NMBS/008882701,P,2016-10-07T17:11:00,2016-10-07T17:11:00,,342
http://irail.be/vehicle/P8770,http://irail.be/stations/NMBS/008883006,P,2016-01-29T16:52:00,2016-01-29T16:52:00,18,0
http://irail.be/vehicle/P8770,http://irail.be/stations/NMBS/008883212,P,2016-01-29T16:58:00,2016-01-29T16:58:00,86,2
http://irail.be/vehicle/P8770,http://irail.be/stations/NMBS/008883220,P,2016-01-29T17:01:00,2016-01-29T17:01:00,86,86
http://irail.be/vehicle/P8770,http://irail.be/stations/NMBS/008883238,P,2016-01-29T17:06:00,2016-01-29T17:06:00,40,40
http://irail.be/vehicle/P8770,http://irail.be/stations/NMBS/008882701,P,2016-01-29T17:11:00,2016-01-29T17:11:00,0,-118
http://irail.be/vehicle/P8770,http://irail.be/stations/NMBS/008883006,P,2016-03-08T16:52:00,2016-03-08T16:52:00,32,0
http://irail.be/vehicle/P8770,http://irail.be/stations/NMBS/008883212,P,2016-03-08T16:58:00,2016-03-08T16:58:00,151,24
http://irail.be/vehicle/P8770,http://irail.be/stations/NMBS/008883220,P,2016-03-08T17:01:00,2016-03-08T17:01:00,151,151
http://irail.be/vehicle/P8770,http://irail.be/stations/NMBS/008883238,P,2016-03-08T17:06:00,2016-03-08T17:06:00,124,124
http://irail.be/vehicle/P8770,http://irail.be/stations/NMBS/008882701,P,2016-03-08T17:11:00,2016-03-08T17:11:00,0,34
http://irail.be/vehicle/P8770,http://irail.be/stations/NMBS/008883006,P,2016-02-25T16:52:00,2016-02-25T16:52:00,171,0
http://irail.be/vehicle/P8770,http://irail.be/stations/NMBS/008883212,P,2016-02-25T16:58:00,2016-02-25T16:58:00,220,150
http://irail.be/vehicle/P8770,http://irail.be/stations/NMBS/008883220,P,2016-02-25T17:01:00,2016-02-25T17:01:00,220,220
http://irail.be/vehicle/P8770,http://irail.be/stations/NMBS/008883238,P,2016-02-25T17:06:00,2016-02-25T17:06:00,193,193
http://irail.be/vehicle/P8770,http://irail.be/stations/NMBS/008882701,P,2016-02-25T17:11:00,2016-02-25T17:11:00,0,101
http://irail.be/vehicle/P8770,http://irail.be/stations/NMBS/008883006,P,2016-03-24T16:52:00,2016-03-24T16:52:00,41,0
http://irail.be/vehicle/P8770,http://irail.be/stations/NMBS/008883212,P,2016-03-24T16:58:00,2016-03-24T16:58:00,127,62
http://irail.be/vehicle/P8770,http://irail.be/stations/NMBS/008883220,P,2016-03-24T17:01:00,2016-03-24T17:01:00,127,127
http://irail.be/vehicle/P8770,http://irail.be/stations/NMBS/008883238,P,2016-03-24T17:06:00,2016-03-24T17:06:00,91,91
http://irail.be/vehicle/P8770,http://irail.be/stations/NMBS/008882701,P,2016-03-24T17:11:00,2016-03-24T17:11:00,0,-2
http://irail.be/vehicle/P8770,http://irail.be/stations/NMBS/008883006,P,2016-12-20T16:52:00,2016-12-20T16:52:00,153,
http://irail.be/vehicle/P8770,http://irail.be/stations/NMBS/008883212,P,2016-12-20T16:58:00,2016-12-20T16:58:00,241,213
http://irail.be/vehicle/P8770,http://irail.be/stations/NMBS/008883220,P,2016-12-20T17:01:00,2016-12-20T17:01:00,222,222
http://irail.be/vehicle/P8770,http://irail.be/stations/NMBS/008883238,P,2016-12-20T17:06:00,2016-12-20T17:06:00,72,72
http://irail.be/vehicle/P8770,http://irail.be/stations/NMBS/008882701,P,2016-12-20T17:11:00,2016-12-20T17:11:00,,69
http://irail.be/vehicle/P8770,http://irail.be/stations/NMBS/008883006,P,2016-10-06T16:52:00,2016-10-06T16:52:00,44,
http://irail.be/vehicle/P8770,http://irail.be/stations/NMBS/008883212,P,2016-10-06T16:58:00,2016-10-06T16:58:00,489,181
http://irail.be/vehicle/P8770,http://irail.be/stations/NMBS/008883220,P,2016-10-06T17:01:00,2016-10-06T17:01:00,489,489
http://irail.be/vehicle/P8770,http://irail.be/stations/NMBS/008883238,P,2016-10-06T17:06:00,2016-10-06T17:06:00,546,546
http://irail.be/vehicle/P8770,http://irail.be/stations/NMBS/008882701,P,2016-10-06T17:11:00,2016-10-06T17:11:00,,427
http://irail.be/vehicle/P8770,http://irail.be/stations/NMBS/008883006,P,2016-10-12T16:52:00,2016-10-12T16:52:00,42,
http://irail.be/vehicle/P8770,http://irail.be/stations/NMBS/008883212,P,2016-10-12T16:58:00,2016-10-12T16:58:00,261,234
http://irail.be/vehicle/P8770,http://irail.be/stations/NMBS/008883220,P,2016-10-12T17:01:00,2016-10-12T17:01:00,261,261
http://irail.be/vehicle/P8770,http://irail.be/stations/NMBS/008883238,P,2016-10-12T17:06:00,2016-10-12T17:06:00,303,303
http://irail.be/vehicle/P8770,http://irail.be/stations/NMBS/008882701,P,2016-10-12T17:11:00,2016-10-12T17:11:00,,180
http://irail.be/vehicle/P8770,http://irail.be/stations/NMBS/008883006,P,2016-10-10T16:52:00,2016-10-10T16:52:00,242,
http://irail.be/vehicle/P8770,http://irail.be/stations/NMBS/008883212,P,2016-10-10T16:58:00,2016-10-10T16:58:00,620,612
http://irail.be/vehicle/P8770,http://irail.be/stations/NMBS/008883220,P,2016-10-10T17:01:00,2016-10-10T17:01:00,620,620
http://irail.be/vehicle/P8770,http://irail.be/stations/NMBS/008883238,P,2016-10-10T17:06:00,2016-10-10T17:06:00,706,706
http://irail.be/vehicle/P8770,http://irail.be/stations/NMBS/008882701,P,2016-10-10T17:11:00,2016-10-10T17:11:00,,609
http://irail.be/vehicle/P8770,http://irail.be/stations/NMBS/008883006,P,2016-11-23T16:52:00,2016-11-23T16:52:00,-28,
http://irail.be/vehicle/P8770,http://irail.be/stations/NMBS/008883212,P,2016-11-23T16:58:00,2016-11-23T16:58:00,58,30
http://irail.be/vehicle/P8770,http://irail.be/stations/NMBS/008883220,P,2016-11-23T17:01:00,2016-11-23T17:01:00,20,20
http://irail.be/vehicle/P8770,http://irail.be/stations/NMBS/008883238,P,2016-11-23T17:06:00,2016-11-23T17:06:00,-134,-134
http://irail.be/vehicle/P8770,http://irail.be/stations/NMBS/008882701,P,2016-11-23T17:11:00,2016-11-23T17:11:00,,-134
http://irail.be/vehicle/P8770,http://irail.be/stations/NMBS/008883006,P,2016-02-11T16:52:00,2016-02-11T16:52:00,19,0
http://irail.be/vehicle/P8770,http://irail.be/stations/NMBS/008883212,P,2016-02-11T16:58:00,2016-02-11T16:58:00,79,-5
http://irail.be/vehicle/P8770,http://irail.be/stations/NMBS/008883220,P,2016-02-11T17:01:00,2016-02-11T17:01:00,79,79
http://irail.be/vehicle/P8770,http://irail.be/stations/NMBS/008883238,P,2016-02-11T17:06:00,2016-02-11T17:06:00,43,43
http://irail.be/vehicle/P8770,http://irail.be/stations/NMBS/008882701,P,2016-02-11T17:11:00,2016-02-11T17:11:00,0,-84
http://irail.be/vehicle/P8770,http://irail.be/stations/NMBS/008883006,P,2016-02-12T16:52:00,2016-02-12T16:52:00,2042,0
http://irail.be/vehicle/P8770,http://irail.be/stations/NMBS/008883212,P,2016-02-12T16:58:00,2016-02-12T16:58:00,2900,2526
http://irail.be/vehicle/P8770,http://irail.be/stations/NMBS/008883220,P,2016-02-12T17:01:00,2016-02-12T17:01:00,2900,2900
http://irail.be/vehicle/P8770,http://irail.be/stations/NMBS/008883238,P,2016-02-12T17:06:00,2016-02-12T17:06:00,3834,3834
http://irail.be/vehicle/P8770,http://irail.be/stations/NMBS/008882701,P,2016-02-12T17:11:00,2016-02-12T17:11:00,0,3828
http://irail.be/vehicle/P8770,http://irail.be/stations/NMBS/008883006,P,2016-02-19T16:52:00,2016-02-19T16:52:00,32,0
http://irail.be/vehicle/P8770,http://irail.be/stations/NMBS/008883212,P,2016-02-19T16:58:00,2016-02-19T16:58:00,83,9
http://irail.be/vehicle/P8770,http://irail.be/stations/NMBS/008883220,P,2016-02-19T17:01:00,2016-02-19T17:01:00,83,83
http://irail.be/vehicle/P8770,http://irail.be/stations/NMBS/008883238,P,2016-02-19T17:06:00,2016-02-19T17:06:00,42,42
http://irail.be/vehicle/P8770,http://irail.be/stations/NMBS/008882701,P,2016-02-19T17:11:00,2016-02-19T17:11:00,0,-78
http://irail.be/vehicle/P8770,http://irail.be/stations/NMBS/008883006,P,2016-09-20T16:52:00,2016-09-20T16:52:00,44,
http://irail.be/vehicle/P8770,http://irail.be/stations/NMBS/008883212,P,2016-09-20T16:58:00,2016-09-20T16:58:00,396,374
http://irail.be/vehicle/P8770,http://irail.be/stations/NMBS/008883220,P,2016-09-20T17:01:00,2016-09-20T17:01:00,396,396
http://irail.be/vehicle/P8770,http://irail.be/stations/NMBS/008883238,P,2016-09-20T17:06:00,2016-09-20T17:06:00,468,468
http://irail.be/vehicle/P8770,http://irail.be/stations/NMBS/008882701,P,2016-09-20T17:11:00,2016-09-20T17:11:00,,354
http://irail.be/vehicle/P8770,http://irail.be/stations/NMBS/008883006,P,2016-12-19T16:52:00,2016-12-19T16:52:00,179,
http://irail.be/vehicle/P8770,http://irail.be/stations/NMBS/008883212,P,2016-12-19T16:58:00,2016-12-19T16:58:00,280,219
http://irail.be/vehicle/P8770,http://irail.be/stations/NMBS/008883220,P,2016-12-19T17:01:00,2016-12-19T17:01:00,275,275
http://irail.be/vehicle/P8770,http://irail.be/stations/NMBS/008883238,P,2016-12-19T17:06:00,2016-12-19T17:06:00,125,125
http://irail.be/vehicle/P8770,http://irail.be/stations/NMBS/008882701,P,2016-12-19T17:11:00,2016-12-19T17:11:00,,97
http://irail.be/vehicle/P8770,http://irail.be/stations/NMBS/008883006,P,2016-10-18T16:52:00,2016-10-18T16:52:00,29,
http://irail.be/vehicle/P8770,http://irail.be/stations/NMBS/008883212,P,2016-10-18T16:58:00,2016-10-18T16:58:00,390,123
http://irail.be/vehicle/P8770,http://irail.be/stations/NMBS/008883220,P,2016-10-18T17:01:00,2016-10-18T17:01:00,390,390
http://irail.be/vehicle/P8770,http://irail.be/stations/NMBS/008883238,P,2016-10-18T17:06:00,2016-10-18T17:06:00,430,430
http://irail.be/vehicle/P8770,http://irail.be/stations/NMBS/008882701,P,2016-10-18T17:11:00,2016-10-18T17:11:00,,293
http://irail.be/vehicle/P8770,http://irail.be/stations/NMBS/008883006,P,2016-02-04T16:52:00,2016-02-04T16:52:00,140,0
http://irail.be/vehicle/P8770,http://irail.be/stations/NMBS/008883212,P,2016-02-04T16:58:00,2016-02-04T16:58:00,201,112
http://irail.be/vehicle/P8770,http://irail.be/stations/NMBS/008883220,P,2016-02-04T17:01:00,2016-02-04T17:01:00,201,201
http://irail.be/vehicle/P8770,http://irail.be/stations/NMBS/008883238,P,2016-02-04T17:06:00,2016-02-04T17:06:00,164,164
http://irail.be/vehicle/P8770,http://irail.be/stations/NMBS/008882701,P,2016-02-04T17:11:00,2016-02-04T17:11:00,0,-2
http://irail.be/vehicle/P8770,http://irail.be/stations/NMBS/008883006,P,2016-11-28T16:52:00,2016-11-28T16:52:00,91,
http://irail.be/vehicle/P8770,http://irail.be/stations/NMBS/008883212,P,2016-11-28T16:58:00,2016-11-28T16:58:00,184,151
http://irail.be/vehicle/P8770,http://irail.be/stations/NMBS/008883220,P,2016-11-28T17:01:00,2016-11-28T17:01:00,179,179
http://irail.be/vehicle/P8770,http://irail.be/stations/NMBS/008883238,P,2016-11-28T17:06:00,2016-11-28T17:06:00,37,37
http://irail.be/vehicle/P8770,http://irail.be/stations/NMBS/008882701,P,2016-11-28T17:11:00,2016-11-28T17:11:00,,32
http://irail.be/vehicle/P8770,http://irail.be/stations/NMBS/008883006,P,2016-12-02T16:52:00,2016-12-02T16:52:00,504,
http://irail.be/vehicle/P8770,http://irail.be/stations/NMBS/008883212,P,2016-12-02T16:58:00,2016-12-02T16:58:00,595,557
http://irail.be/vehicle/P8770,http://irail.be/stations/NMBS/008883220,P,2016-12-02T17:01:00,2016-12-02T17:01:00,570,570
http://irail.be/vehicle/P8770,http://irail.be/stations/NMBS/008883238,P,2016-12-02T17:06:00,2016-12-02T17:06:00,441,441
http://irail.be/vehicle/P8770,http://irail.be/stations/NMBS/008882701,P,2016-12-02T17:11:00,2016-12-02T17:11:00,,430
http://irail.be/vehicle/P8770,http://irail.be/stations/NMBS/008883006,P,2016-03-11T16:52:00,2016-03-11T16:52:00,58,0
http://irail.be/vehicle/P8770,http://irail.be/stations/NMBS/008883212,P,2016-03-11T16:58:00,2016-03-11T16:58:00,113,38
http://irail.be/vehicle/P8770,http://irail.be/stations/NMBS/008883220,P,2016-03-11T17:01:00,2016-03-11T17:01:00,113,113
http://irail.be/vehicle/P8770,http://irail.be/stations/NMBS/008883238,P,2016-03-11T17:06:00,2016-03-11T17:06:00,114,114
http://irail.be/vehicle/P8770,http://irail.be/stations/NMBS/008882701,P,2016-03-11T17:11:00,2016-03-11T17:11:00,0,-11
http://irail.be/vehicle/P8770,http://irail.be/stations/NMBS/008883006,P,2016-04-13T16:52:00,2016-04-13T16:52:00,66,0
http://irail.be/vehicle/P8770,http://irail.be/stations/NMBS/008883212,P,2016-04-13T16:58:00,2016-04-13T16:58:00,95,44
http://irail.be/vehicle/P8770,http://irail.be/stations/NMBS/008883220,P,2016-04-13T17:01:00,2016-04-13T17:01:00,95,95
http://irail.be/vehicle/P8770,http://irail.be/stations/NMBS/008883238,P,2016-04-13T17:06:00,2016-04-13T17:06:00,45,45
http://irail.be/vehicle/P8770,http://irail.be/stations/NMBS/008882701,P,2016-04-13T17:11:00,2016-04-13T17:11:00,0,-69
http://irail.be/vehicle/P8770,http://irail.be/stations/NMBS/008883006,P,2016-11-16T16:52:00,2016-11-16T16:52:00,622,
http://irail.be/vehicle/P8770,http://irail.be/stations/NMBS/008883212,P,2016-11-16T16:58:00,2016-11-16T16:58:00,771,705
http://irail.be/vehicle/P8770,http://irail.be/stations/NMBS/008883220,P,2016-11-16T17:01:00,2016-11-16T17:01:00,775,771
http://irail.be/vehicle/P8770,http://irail.be/stations/NMBS/008883238,P,2016-11-16T17:06:00,2016-11-16T17:06:00,678,678
http://irail.be/vehicle/P8770,http://irail.be/stations/NMBS/008882701,P,2016-11-16T17:11:00,2016-11-16T17:11:00,,685
http://irail.be/vehicle/P8770,http://irail.be/stations/NMBS/008883006,P,2016-09-21T16:52:00,2016-09-21T16:52:00,31,
http://irail.be/vehicle/P8770,http://irail.be/stations/NMBS/008883212,P,2016-09-21T16:58:00,2016-09-21T16:58:00,634,443
http://irail.be/vehicle/P8770,http://irail.be/stations/NMBS/008883220,P,2016-09-21T17:01:00,2016-09-21T17:01:00,634,634
http://irail.be/vehicle/P8770,http://irail.be/stations/NMBS/008883238,P,2016-09-21T17:06:00,2016-09-21T17:06:00,693,693
http://irail.be/vehicle/P8770,http://irail.be/stations/NMBS/008882701,P,2016-09-21T17:11:00,2016-09-21T17:11:00,,602
http://irail.be/vehicle/P8770,http://irail.be/stations/NMBS/008883006,P,2016-03-18T16:52:00,2016-03-18T16:52:00,39,0
http://irail.be/vehicle/P8770,http://irail.be/stations/NMBS/008883212,P,2016-03-18T16:58:00,2016-03-18T16:58:00,127,52
http://irail.be/vehicle/P8770,http://irail.be/stations/NMBS/008883220,P,2016-03-18T17:01:00,2016-03-18T17:01:00,127,127
http://irail.be/vehicle/P8770,http://irail.be/stations/NMBS/008883238,P,2016-03-18T17:06:00,2016-03-18T17:06:00,91,91
http://irail.be/vehicle/P8770,http://irail.be/stations/NMBS/008882701,P,2016-03-18T17:11:00,2016-03-18T17:11:00,0,-7
http://irail.be/vehicle/P8770,http://irail.be/stations/NMBS/008883006,P,2016-06-22T16:52:00,2016-06-22T16:52:00,63,
http://irail.be/vehicle/P8770,http://irail.be/stations/NMBS/008883212,P,2016-06-22T16:58:00,2016-06-22T16:58:00,349,54
http://irail.be/vehicle/P8770,http://irail.be/stations/NMBS/008883220,P,2016-06-22T17:01:00,2016-06-22T17:01:00,349,349
http://irail.be/vehicle/P8770,http://irail.be/stations/NMBS/008883238,P,2016-06-22T17:06:00,2016-06-22T17:06:00,375,375
http://irail.be/vehicle/P8770,http://irail.be/stations/NMBS/008882701,P,2016-06-22T17:11:00,2016-06-22T17:11:00,,272
http://irail.be/vehicle/P8770,http://irail.be/stations/NMBS/008883006,P,2016-10-19T16:52:00,2016-10-19T16:52:00,327,
http://irail.be/vehicle/P8770,http://irail.be/stations/NMBS/008883212,P,2016-10-19T16:58:00,2016-10-19T16:58:00,1020,979
http://irail.be/vehicle/P8770,http://irail.be/stations/NMBS/008883220,P,2016-10-19T17:01:00,2016-10-19T17:01:00,1020,1020
http://irail.be/vehicle/P8770,http://irail.be/stations/NMBS/008883238,P,2016-10-19T17:06:00,2016-10-19T17:06:00,1082,1082
http://irail.be/vehicle/P8770,http://irail.be/stations/NMBS/008882701,P,2016-10-19T17:11:00,2016-10-19T17:11:00,,964
http://irail.be/vehicle/P8770,http://irail.be/stations/NMBS/008883006,P,2016-02-01T16:52:00,2016-02-01T16:52:00,54,0
http://irail.be/vehicle/P8770,http://irail.be/stations/NMBS/008883212,P,2016-02-01T16:58:00,2016-02-01T16:58:00,138,54
http://irail.be/vehicle/P8770,http://irail.be/stations/NMBS/008883220,P,2016-02-01T17:01:00,2016-02-01T17:01:00,138,138
http://irail.be/vehicle/P8770,http://irail.be/stations/NMBS/008883238,P,2016-02-01T17:06:00,2016-02-01T17:06:00,116,116
http://irail.be/vehicle/P8770,http://irail.be/stations/NMBS/008882701,P,2016-02-01T17:11:00,2016-02-01T17:11:00,0,13
http://irail.be/vehicle/P8770,http://irail.be/stations/NMBS/008883006,P,2016-11-25T16:52:00,2016-11-25T16:52:00,-27,
http://irail.be/vehicle/P8770,http://irail.be/stations/NMBS/008883212,P,2016-11-25T16:58:00,2016-11-25T16:58:00,111,35
http://irail.be/vehicle/P8770,http://irail.be/stations/NMBS/008883220,P,2016-11-25T17:01:00,2016-11-25T17:01:00,110,110
http://irail.be/vehicle/P8770,http://irail.be/stations/NMBS/008883238,P,2016-11-25T17:06:00,2016-11-25T17:06:00,-37,-37
http://irail.be/vehicle/P8770,http://irail.be/stations/NMBS/008882701,P,2016-11-25T17:11:00,2016-11-25T17:11:00,,-45
http://irail.be/vehicle/P8770,http://irail.be/stations/NMBS/008883006,P,2016-03-17T16:52:00,2016-03-17T16:52:00,36,0
http://irail.be/vehicle/P8770,http://irail.be/stations/NMBS/008883212,P,2016-03-17T16:58:00,2016-03-17T16:58:00,193,123
http://irail.be/vehicle/P8770,http://irail.be/stations/NMBS/008883220,P,2016-03-17T17:01:00,2016-03-17T17:01:00,193,193
http://irail.be/vehicle/P8770,http://irail.be/stations/NMBS/008883238,P,2016-03-17T17:06:00,2016-03-17T17:06:00,161,161
http://irail.be/vehicle/P8770,http://irail.be/stations/NMBS/008882701,P,2016-03-17T17:11:00,2016-03-17T17:11:00,0,45
http://irail.be/vehicle/P8770,http://irail.be/stations/NMBS/008883006,P,2016-11-03T16:52:00,2016-11-03T16:52:00,36,
http://irail.be/vehicle/P8770,http://irail.be/stations/NMBS/008883212,P,2016-11-03T16:58:00,2016-11-03T16:58:00,64,8
http://irail.be/vehicle/P8770,http://irail.be/stations/NMBS/008883220,P,2016-11-03T17:01:00,2016-11-03T17:01:00,64,64
http://irail.be/vehicle/P8770,http://irail.be/stations/NMBS/008883238,P,2016-11-03T17:06:00,2016-11-03T17:06:00,41,41
http://irail.be/vehicle/P8770,http://irail.be/stations/NMBS/008882701,P,2016-11-03T17:11:00,2016-11-03T17:11:00,,-90
http://irail.be/vehicle/P8770,http://irail.be/stations/NMBS/008883006,P,2016-09-02T16:52:00,2016-09-02T16:52:00,8,
http://irail.be/vehicle/P8770,http://irail.be/stations/NMBS/008883212,P,2016-09-02T16:58:00,2016-09-02T16:58:00,214,201
http://irail.be/vehicle/P8770,http://irail.be/stations/NMBS/008883220,P,2016-09-02T17:01:00,2016-09-02T17:01:00,214,214
http://irail.be/vehicle/P8770,http://irail.be/stations/NMBS/008883238,P,2016-09-02T17:06:00,2016-09-02T17:06:00,267,267
http://irail.be/vehicle/P8770,http://irail.be/stations/NMBS/008882701,P,2016-09-02T17:11:00,2016-09-02T17:11:00,,163
http://irail.be/vehicle/P8770,http://irail.be/stations/NMBS/008883006,P,2016-05-20T16:52:00,2016-05-20T16:52:00,20,0
http://irail.be/vehicle/P8770,http://irail.be/stations/NMBS/008883212,P,2016-05-20T16:58:00,2016-05-20T16:58:00,239,-7
http://irail.be/vehicle/P8770,http://irail.be/stations/NMBS/008883220,P,2016-05-20T17:01:00,2016-05-20T17:01:00,239,239
http://irail.be/vehicle/P8770,http://irail.be/stations/NMBS/008883238,P,2016-05-20T17:06:00,2016-05-20T17:06:00,256,256
http://irail.be/vehicle/P8770,http://irail.be/stations/NMBS/008882701,P,2016-05-20T17:11:00,2016-05-20T17:11:00,0,114
http://irail.be/vehicle/P8770,http://irail.be/stations/NMBS/008883006,P,2016-10-20T16:52:00,2016-10-20T16:52:00,52,
http://irail.be/vehicle/P8770,http://irail.be/stations/NMBS/008883212,P,2016-10-20T16:58:00,2016-10-20T16:58:00,456,443
http://irail.be/vehicle/P8770,http://irail.be/stations/NMBS/008883220,P,2016-10-20T17:01:00,2016-10-20T17:01:00,456,456
http://irail.be/vehicle/P8770,http://irail.be/stations/NMBS/008883238,P,2016-10-20T17:06:00,2016-10-20T17:06:00,508,508
http://irail.be/vehicle/P8770,http://irail.be/stations/NMBS/008882701,P,2016-10-20T17:11:00,2016-10-20T17:11:00,,376
http://irail.be/vehicle/P8770,http://irail.be/stations/NMBS/008883006,P,2016-12-23T16:52:00,2016-12-23T16:52:00,23,
http://irail.be/vehicle/P8770,http://irail.be/stations/NMBS/008883212,P,2016-12-23T16:58:00,2016-12-23T16:58:00,118,99
http://irail.be/vehicle/P8770,http://irail.be/stations/NMBS/008883220,P,2016-12-23T17:01:00,2016-12-23T17:01:00,75,75
http://irail.be/vehicle/P8770,http://irail.be/stations/NMBS/008883238,P,2016-12-23T17:06:00,2016-12-23T17:06:00,-76,-76
http://irail.be/vehicle/P8770,http://irail.be/stations/NMBS/008882701,P,2016-12-23T17:11:00,2016-12-23T17:11:00,,-97
http://irail.be/vehicle/P8770,http://irail.be/stations/NMBS/008883006,P,2016-06-10T16:52:00,2016-06-10T16:52:00,27,0
http://irail.be/vehicle/P8770,http://irail.be/stations/NMBS/008883212,P,2016-06-10T16:58:00,2016-06-10T16:58:00,356,8
http://irail.be/vehicle/P8770,http://irail.be/stations/NMBS/008883220,P,2016-06-10T17:01:00,2016-06-10T17:01:00,356,356
http://irail.be/vehicle/P8770,http://irail.be/stations/NMBS/008883238,P,2016-06-10T17:06:00,2016-06-10T17:06:00,387,387
http://irail.be/vehicle/P8770,http://irail.be/stations/NMBS/008882701,P,2016-06-10T17:11:00,2016-06-10T17:11:00,0,302
http://irail.be/vehicle/P8770,http://irail.be/stations/NMBS/008883006,P,2016-10-25T16:52:00,2016-10-25T16:52:00,521,
http://irail.be/vehicle/P8770,http://irail.be/stations/NMBS/008883212,P,2016-10-25T16:58:00,2016-10-25T16:58:00,659,649
http://irail.be/vehicle/P8770,http://irail.be/stations/NMBS/008883220,P,2016-10-25T17:01:00,2016-10-25T17:01:00,659,659
http://irail.be/vehicle/P8770,http://irail.be/stations/NMBS/008883238,P,2016-10-25T17:06:00,2016-10-25T17:06:00,705,705
http://irail.be/vehicle/P8770,http://irail.be/stations/NMBS/008882701,P,2016-10-25T17:11:00,2016-10-25T17:11:00,,572
http://irail.be/vehicle/P8770,http://irail.be/stations/NMBS/008883006,P,2016-03-23T16:52:00,2016-03-23T16:52:00,26,0
http://irail.be/vehicle/P8770,http://irail.be/stations/NMBS/008883212,P,2016-03-23T16:58:00,2016-03-23T16:58:00,171,6
http://irail.be/vehicle/P8770,http://irail.be/stations/NMBS/008883220,P,2016-03-23T17:01:00,2016-03-23T17:01:00,171,171
http://irail.be/vehicle/P8770,http://irail.be/stations/NMBS/008883238,P,2016-03-23T17:06:00,2016-03-23T17:06:00,111,111
http://irail.be/vehicle/P8770,http://irail.be/stations/NMBS/008882701,P,2016-03-23T17:11:00,2016-03-23T17:11:00,0,-47
http://irail.be/vehicle/P8770,http://irail.be/stations/NMBS/008883006,P,2016-12-12T16:52:00,2016-12-12T16:52:00,138,
http://irail.be/vehicle/P8770,http://irail.be/stations/NMBS/008883212,P,2016-12-12T16:58:00,2016-12-12T16:58:00,257,220
http://irail.be/vehicle/P8770,http://irail.be/stations/NMBS/008883220,P,2016-12-12T17:01:00,2016-12-12T17:01:00,247,247
http://irail.be/vehicle/P8770,http://irail.be/stations/NMBS/008883238,P,2016-12-12T17:06:00,2016-12-12T17:06:00,125,125
http://irail.be/vehicle/P8770,http://irail.be/stations/NMBS/008882701,P,2016-12-12T17:11:00,2016-12-12T17:11:00,,113
http://irail.be/vehicle/P8770,http://irail.be/stations/NMBS/008883006,P,2016-09-15T16:52:00,2016-09-15T16:52:00,368,
http://irail.be/vehicle/P8770,http://irail.be/stations/NMBS/008883212,P,2016-09-15T16:58:00,2016-09-15T16:58:00,728,490
http://irail.be/vehicle/P8770,http://irail.be/stations/NMBS/008883220,P,2016-09-15T17:01:00,2016-09-15T17:01:00,728,728
http://irail.be/vehicle/P8770,http://irail.be/stations/NMBS/008883238,P,2016-09-15T17:06:00,2016-09-15T17:06:00,781,781
http://irail.be/vehicle/P8770,http://irail.be/stations/NMBS/008882701,P,2016-09-15T17:11:00,2016-09-15T17:11:00,,659
http://irail.be/vehicle/P8770,http://irail.be/stations/NMBS/008883006,P,2016-05-13T16:52:00,2016-05-13T16:52:00,30,0
http://irail.be/vehicle/P8770,http://irail.be/stations/NMBS/008883212,P,2016-05-13T16:58:00,2016-05-13T16:58:00,323,0
http://irail.be/vehicle/P8770,http://irail.be/stations/NMBS/008883220,P,2016-05-13T17:01:00,2016-05-13T17:01:00,323,323
http://irail.be/vehicle/P8770,http://irail.be/stations/NMBS/008883238,P,2016-05-13T17:06:00,2016-05-13T17:06:00,331,331
http://irail.be/vehicle/P8770,http://irail.be/stations/NMBS/008882701,P,2016-05-13T17:11:00,2016-05-13T17:11:00,0,209
http://irail.be/vehicle/P8770,http://irail.be/stations/NMBS/008883006,P,2016-05-09T16:52:00,2016-05-09T16:52:00,192,0
http://irail.be/vehicle/P8770,http://irail.be/stations/NMBS/008883212,P,2016-05-09T16:58:00,2016-05-09T16:58:00,253,164
http://irail.be/vehicle/P8770,http://irail.be/stations/NMBS/008883220,P,2016-05-09T17:01:00,2016-05-09T17:01:00,253,253
http://irail.be/vehicle/P8770,http://irail.be/stations/NMBS/008883238,P,2016-05-09T17:06:00,2016-05-09T17:06:00,266,266
http://irail.be/vehicle/P8770,http://irail.be/stations/NMBS/008882701,P,2016-05-09T17:11:00,2016-05-09T17:11:00,0,142
http://irail.be/vehicle/P8770,http://irail.be/stations/NMBS/008883006,P,2016-04-27T16:52:00,2016-04-27T16:52:00,338,0
http://irail.be/vehicle/P8770,http://irail.be/stations/NMBS/008883212,P,2016-04-27T16:58:00,2016-04-27T16:58:00,364,299
http://irail.be/vehicle/P8770,http://irail.be/stations/NMBS/008883220,P,2016-04-27T17:01:00,2016-04-27T17:01:00,364,364
http://irail.be/vehicle/P8770,http://irail.be/stations/NMBS/008883238,P,2016-04-27T17:06:00,2016-04-27T17:06:00,323,323
http://irail.be/vehicle/P8770,http://irail.be/stations/NMBS/008882701,P,2016-04-27T17:11:00,2016-04-27T17:11:00,0,187
http://irail.be/vehicle/P8770,http://irail.be/stations/NMBS/008883006,P,2016-09-14T16:52:00,2016-09-14T16:52:00,31,
http://irail.be/vehicle/P8770,http://irail.be/stations/NMBS/008883212,P,2016-09-14T16:58:00,2016-09-14T16:58:00,168,159
http://irail.be/vehicle/P8770,http://irail.be/stations/NMBS/008883220,P,2016-09-14T17:01:00,2016-09-14T17:01:00,168,168
http://irail.be/vehicle/P8770,http://irail.be/stations/NMBS/008883238,P,2016-09-14T17:06:00,2016-09-14T17:06:00,250,250
http://irail.be/vehicle/P8770,http://irail.be/stations/NMBS/008882701,P,2016-09-14T17:11:00,2016-09-14T17:11:00,,122
http://irail.be/vehicle/P8770,http://irail.be/stations/NMBS/008883006,P,2016-04-26T16:52:00,2016-04-26T16:52:00,21,0
http://irail.be/vehicle/P8770,http://irail.be/stations/NMBS/008883212,P,2016-04-26T16:58:00,2016-04-26T16:58:00,56,1
http://irail.be/vehicle/P8770,http://irail.be/stations/NMBS/008883220,P,2016-04-26T17:01:00,2016-04-26T17:01:00,56,56
http://irail.be/vehicle/P8770,http://irail.be/stations/NMBS/008883238,P,2016-04-26T17:06:00,2016-04-26T17:06:00,10,10
http://irail.be/vehicle/P8770,http://irail.be/stations/NMBS/008882701,P,2016-04-26T17:11:00,2016-04-26T17:11:00,0,-112
http://irail.be/vehicle/P8770,http://irail.be/stations/NMBS/008883006,P,2016-11-18T16:59:33,2016-11-18T16:59:33,612,
http://irail.be/vehicle/P8770,http://irail.be/stations/NMBS/008883212,P,2016-11-18T17:04:08,2016-11-18T17:04:08,766,715
http://irail.be/vehicle/P8770,http://irail.be/stations/NMBS/008883220,P,2016-11-18T17:06:25,2016-11-18T17:06:25,823,766
http://irail.be/vehicle/P8770,http://irail.be/stations/NMBS/008883238,P,2016-11-18T17:09:27,2016-11-18T17:09:27,755,755
http://irail.be/vehicle/P8770,http://irail.be/stations/NMBS/008882701,P,2016-11-18T17:12:09,2016-11-18T17:12:09,,750
http://irail.be/vehicle/P8770,http://irail.be/stations/NMBS/008883006,P,2016-09-08T16:52:00,2016-09-08T16:52:00,36,
http://irail.be/vehicle/P8770,http://irail.be/stations/NMBS/008883212,P,2016-09-08T16:58:00,2016-09-08T16:58:00,480,333
http://irail.be/vehicle/P8770,http://irail.be/stations/NMBS/008883220,P,2016-09-08T17:01:00,2016-09-08T17:01:00,480,480
http://irail.be/vehicle/P8770,http://irail.be/stations/NMBS/008883238,P,2016-09-08T17:06:00,2016-09-08T17:06:00,483,483
http://irail.be/vehicle/P8770,http://irail.be/stations/NMBS/008882701,P,2016-09-08T17:11:00,2016-09-08T17:11:00,,345
http://irail.be/vehicle/P8770,http://irail.be/stations/NMBS/008883006,P,2016-10-21T16:52:00,2016-10-21T16:52:00,325,
http://irail.be/vehicle/P8770,http://irail.be/stations/NMBS/008883212,P,2016-10-21T16:58:00,2016-10-21T16:58:00,564,551
http://irail.be/vehicle/P8770,http://irail.be/stations/NMBS/008883220,P,2016-10-21T17:01:00,2016-10-21T17:01:00,564,564
http://irail.be/vehicle/P8770,http://irail.be/stations/NMBS/008883238,P,2016-10-21T17:06:00,2016-10-21T17:06:00,611,611
http://irail.be/vehicle/P8770,http://irail.be/stations/NMBS/008882701,P,2016-10-21T17:11:00,2016-10-21T17:11:00,,484
http://irail.be/vehicle/P8770,http://irail.be/stations/NMBS/008883006,P,2016-06-14T16:52:00,2016-06-14T16:52:00,164,0
http://irail.be/vehicle/P8770,http://irail.be/stations/NMBS/008883212,P,2016-06-14T16:58:00,2016-06-14T16:58:00,322,214
http://irail.be/vehicle/P8770,http://irail.be/stations/NMBS/008883220,P,2016-06-14T17:01:00,2016-06-14T17:01:00,322,322
http://irail.be/vehicle/P8770,http://irail.be/stations/NMBS/008883238,P,2016-06-14T17:06:00,2016-06-14T17:06:00,334,334
http://irail.be/vehicle/P8770,http://irail.be/stations/NMBS/008882701,P,2016-06-14T17:11:00,2016-06-14T17:11:00,0,190
http://irail.be/vehicle/P8770,http://irail.be/stations/NMBS/008883006,P,2016-11-02T16:52:00,2016-11-02T16:52:00,106,
http://irail.be/vehicle/P8770,http://irail.be/stations/NMBS/008883212,P,2016-11-02T16:58:00,2016-11-02T16:58:00,159,80
http://irail.be/vehicle/P8770,http://irail.be/stations/NMBS/008883220,P,2016-11-02T17:01:00,2016-11-02T17:01:00,159,159
http://irail.be/vehicle/P8770,http://irail.be/stations/NMBS/008883238,P,2016-11-02T17:06:00,2016-11-02T17:06:00,118,118
http://irail.be/vehicle/P8770,http://irail.be/stations/NMBS/008882701,P,2016-11-02T17:11:00,2016-11-02T17:11:00,,6
http://irail.be/vehicle/P8770,http://irail.be/stations/NMBS/008883006,P,2016-11-15T16:52:00,2016-11-15T16:52:00,-4,
http://irail.be/vehicle/P8770,http://irail.be/stations/NMBS/008883212,P,2016-11-15T16:58:00,2016-11-15T16:58:00,136,70
http://irail.be/vehicle/P8770,http://irail.be/stations/NMBS/008883220,P,2016-11-15T17:01:00,2016-11-15T17:01:00,135,135
http://irail.be/vehicle/P8770,http://irail.be/stations/NMBS/008883238,P,2016-11-15T17:06:00,2016-11-15T17:06:00,20,20
http://irail.be/vehicle/P8770,http://irail.be/stations/NMBS/008882701,P,2016-11-15T17:11:00,2016-11-15T17:11:00,,2
http://irail.be/vehicle/P8770,http://irail.be/stations/NMBS/008883006,P,2016-01-15T16:52:00,2016-01-15T16:52:00,27,0
http://irail.be/vehicle/P8770,http://irail.be/stations/NMBS/008883212,P,2016-01-15T16:58:00,2016-01-15T16:58:00,84,0
http://irail.be/vehicle/P8770,http://irail.be/stations/NMBS/008883220,P,2016-01-15T17:01:00,2016-01-15T17:01:00,0,0
http://irail.be/vehicle/P8770,http://irail.be/stations/NMBS/008883238,P,2016-01-15T17:06:00,2016-01-15T17:06:00,0,24
http://irail.be/vehicle/P8770,http://irail.be/stations/NMBS/008882701,P,2016-01-15T17:11:00,2016-01-15T17:11:00,0,-62
http://irail.be/vehicle/P8770,http://irail.be/stations/NMBS/008883006,P,2016-11-07T16:52:00,2016-11-07T16:52:00,51,
http://irail.be/vehicle/P8770,http://irail.be/stations/NMBS/008883212,P,2016-11-07T16:58:00,2016-11-07T16:58:00,157,54
http://irail.be/vehicle/P8770,http://irail.be/stations/NMBS/008883220,P,2016-11-07T17:01:00,2016-11-07T17:01:00,157,157
http://irail.be/vehicle/P8770,http://irail.be/stations/NMBS/008883238,P,2016-11-07T17:06:00,2016-11-07T17:06:00,220,220
http://irail.be/vehicle/P8770,http://irail.be/stations/NMBS/008882701,P,2016-11-07T17:11:00,2016-11-07T17:11:00,,231
http://irail.be/vehicle/P8770,http://irail.be/stations/NMBS/008883006,P,2016-04-12T16:52:00,2016-04-12T16:52:00,27,0
http://irail.be/vehicle/P8770,http://irail.be/stations/NMBS/008883212,P,2016-04-12T16:58:00,2016-04-12T16:58:00,74,8
http://irail.be/vehicle/P8770,http://irail.be/stations/NMBS/008883220,P,2016-04-12T17:01:00,2016-04-12T17:01:00,74,74
http://irail.be/vehicle/P8770,http://irail.be/stations/NMBS/008883238,P,2016-04-12T17:06:00,2016-04-12T17:06:00,33,33
http://irail.be/vehicle/P8770,http://irail.be/stations/NMBS/008882701,P,2016-04-12T17:11:00,2016-04-12T17:11:00,0,-87
http://irail.be/vehicle/P8770,http://irail.be/stations/NMBS/008883006,P,2016-06-13T16:52:00,2016-06-13T16:52:00,157,0
http://irail.be/vehicle/P8770,http://irail.be/stations/NMBS/008883212,P,2016-06-13T16:58:00,2016-06-13T16:58:00,463,226
http://irail.be/vehicle/P8770,http://irail.be/stations/NMBS/008883220,P,2016-06-13T17:01:00,2016-06-13T17:01:00,463,463
http://irail.be/vehicle/P8770,http://irail.be/stations/NMBS/008883238,P,2016-06-13T17:06:00,2016-06-13T17:06:00,490,490
http://irail.be/vehicle/P8770,http://irail.be/stations/NMBS/008882701,P,2016-06-13T17:11:00,2016-06-13T17:11:00,0,377
http://irail.be/vehicle/P8770,http://irail.be/stations/NMBS/008883006,P,2016-12-09T16:52:00,2016-12-09T16:52:00,28,
http://irail.be/vehicle/P8770,http://irail.be/stations/NMBS/008883212,P,2016-12-09T16:58:00,2016-12-09T16:58:00,136,84
http://irail.be/vehicle/P8770,http://irail.be/stations/NMBS/008883220,P,2016-12-09T17:01:00,2016-12-09T17:01:00,121,121
http://irail.be/vehicle/P8770,http://irail.be/stations/NMBS/008883238,P,2016-12-09T17:06:00,2016-12-09T17:06:00,-11,-11
http://irail.be/vehicle/P8770,http://irail.be/stations/NMBS/008882701,P,2016-12-09T17:11:00,2016-12-09T17:11:00,,42
http://irail.be/vehicle/P8770,http://irail.be/stations/NMBS/008883006,P,2016-03-10T16:52:00,2016-03-10T16:52:00,333,0
http://irail.be/vehicle/P8770,http://irail.be/stations/NMBS/008883212,P,2016-03-10T16:58:00,2016-03-10T16:58:00,810,693
http://irail.be/vehicle/P8770,http://irail.be/stations/NMBS/008883220,P,2016-03-10T17:01:00,2016-03-10T17:01:00,810,810
http://irail.be/vehicle/P8770,http://irail.be/stations/NMBS/008883238,P,2016-03-10T17:06:00,2016-03-10T17:06:00,769,769
http://irail.be/vehicle/P8770,http://irail.be/stations/NMBS/008882701,P,2016-03-10T17:11:00,2016-03-10T17:11:00,0,774
http://irail.be/vehicle/P8770,http://irail.be/stations/NMBS/008883006,P,2016-04-20T16:52:00,2016-04-20T16:52:00,20,0
http://irail.be/vehicle/P8770,http://irail.be/stations/NMBS/008883212,P,2016-04-20T16:58:00,2016-04-20T16:58:00,68,3
http://irail.be/vehicle/P8770,http://irail.be/stations/NMBS/008883220,P,2016-04-20T17:01:00,2016-04-20T17:01:00,68,68
http://irail.be/vehicle/P8770,http://irail.be/stations/NMBS/008883238,P,2016-04-20T17:06:00,2016-04-20T17:06:00,36,36
http://irail.be/vehicle/P8770,http://irail.be/stations/NMBS/008882701,P,2016-04-20T17:11:00,2016-04-20T17:11:00,0,-55
http://irail.be/vehicle/P8770,http://irail.be/stations/NMBS/008883006,P,2016-09-29T16:52:00,2016-09-29T16:52:00,29,
http://irail.be/vehicle/P8770,http://irail.be/stations/NMBS/008883212,P,2016-09-29T16:58:00,2016-09-29T16:58:00,416,269
http://irail.be/vehicle/P8770,http://irail.be/stations/NMBS/008883220,P,2016-09-29T17:01:00,2016-09-29T17:01:00,416,416
http://irail.be/vehicle/P8770,http://irail.be/stations/NMBS/008883238,P,2016-09-29T17:06:00,2016-09-29T17:06:00,433,433
http://irail.be/vehicle/P8770,http://irail.be/stations/NMBS/008882701,P,2016-09-29T17:11:00,2016-09-29T17:11:00,,307
http://irail.be/vehicle/P8770,http://irail.be/stations/NMBS/008883006,P,2016-12-14T16:52:00,2016-12-14T16:52:00,82,
http://irail.be/vehicle/P8770,http://irail.be/stations/NMBS/008883212,P,2016-12-14T16:58:00,2016-12-14T16:58:00,133,124
http://irail.be/vehicle/P8770,http://irail.be/stations/NMBS/008883220,P,2016-12-14T17:01:00,2016-12-14T17:01:00,104,104
http://irail.be/vehicle/P8770,http://irail.be/stations/NMBS/008883238,P,2016-12-14T17:06:00,2016-12-14T17:06:00,-45,-45
http://irail.be/vehicle/P8770,http://irail.be/stations/NMBS/008882701,P,2016-12-14T17:11:00,2016-12-14T17:11:00,,-70
http://irail.be/vehicle/P8770,http://irail.be/stations/NMBS/008883006,P,2016-05-23T16:52:00,2016-05-23T16:52:00,44,0
http://irail.be/vehicle/P8770,http://irail.be/stations/NMBS/008883212,P,2016-05-23T16:58:00,2016-05-23T16:58:00,379,23
http://irail.be/vehicle/P8770,http://irail.be/stations/NMBS/008883220,P,2016-05-23T17:01:00,2016-05-23T17:01:00,379,379
http://irail.be/vehicle/P8770,http://irail.be/stations/NMBS/008883238,P,2016-05-23T17:06:00,2016-05-23T17:06:00,400,400
http://irail.be/vehicle/P8770,http://irail.be/stations/NMBS/008882701,P,2016-05-23T17:11:00,2016-05-23T17:11:00,0,325
http://irail.be/vehicle/P8770,http://irail.be/stations/NMBS/008883006,P,2016-11-29T16:52:00,2016-11-29T16:52:00,165,
http://irail.be/vehicle/P8770,http://irail.be/stations/NMBS/008883212,P,2016-11-29T16:58:00,2016-11-29T16:58:00,291,225
http://irail.be/vehicle/P8770,http://irail.be/stations/NMBS/008883220,P,2016-11-29T17:01:00,2016-11-29T17:01:00,271,271
http://irail.be/vehicle/P8770,http://irail.be/stations/NMBS/008883238,P,2016-11-29T17:06:00,2016-11-29T17:06:00,135,135
http://irail.be/vehicle/P8770,http://irail.be/stations/NMBS/008882701,P,2016-11-29T17:11:00,2016-11-29T17:11:00,,114
http://irail.be/vehicle/P8770,http://irail.be/stations/NMBS/008883006,P,2016-03-09T16:52:00,2016-03-09T16:52:00,49,0
http://irail.be/vehicle/P8770,http://irail.be/stations/NMBS/008883212,P,2016-03-09T16:58:00,2016-03-09T16:58:00,98,23
http://irail.be/vehicle/P8770,http://irail.be/stations/NMBS/008883220,P,2016-03-09T17:01:00,2016-03-09T17:01:00,98,98
http://irail.be/vehicle/P8770,http://irail.be/stations/NMBS/008883238,P,2016-03-09T17:06:00,2016-03-09T17:06:00,57,57
http://irail.be/vehicle/P8770,http://irail.be/stations/NMBS/008882701,P,2016-03-09T17:11:00,2016-03-09T17:11:00,0,-94
http://irail.be/vehicle/P8770,http://irail.be/stations/NMBS/008883006,P,2016-06-08T16:52:00,2016-06-08T16:52:00,93,0
http://irail.be/vehicle/P8770,http://irail.be/stations/NMBS/008883212,P,2016-06-08T16:58:00,2016-06-08T16:58:00,391,82
http://irail.be/vehicle/P8770,http://irail.be/stations/NMBS/008883220,P,2016-06-08T17:01:00,2016-06-08T17:01:00,391,391
http://irail.be/vehicle/P8770,http://irail.be/stations/NMBS/008883238,P,2016-06-08T17:06:00,2016-06-08T17:06:00,675,675
http://irail.be/vehicle/P8770,http://irail.be/stations/NMBS/008882701,P,2016-06-08T17:11:00,2016-06-08T17:11:00,0,577
http://irail.be/vehicle/P8770,http://irail.be/stations/NMBS/008883006,P,2016-04-29T16:52:00,2016-04-29T16:52:00,213,0
http://irail.be/vehicle/P8770,http://irail.be/stations/NMBS/008883212,P,2016-04-29T16:58:00,2016-04-29T16:58:00,234,173
http://irail.be/vehicle/P8770,http://irail.be/stations/NMBS/008883220,P,2016-04-29T17:01:00,2016-04-29T17:01:00,234,234
http://irail.be/vehicle/P8770,http://irail.be/stations/NMBS/008883238,P,2016-04-29T17:06:00,2016-04-29T17:06:00,207,207
http://irail.be/vehicle/P8770,http://irail.be/stations/NMBS/008882701,P,2016-04-29T17:11:00,2016-04-29T17:11:00,0,50
http://irail.be/vehicle/P8770,http://irail.be/stations/NMBS/008883006,P,2016-05-12T16:52:00,2016-05-12T16:52:00,371,0
http://irail.be/vehicle/P8770,http://irail.be/stations/NMBS/008883212,P,2016-05-12T16:58:00,2016-05-12T16:58:00,414,334
http://irail.be/vehicle/P8770,http://irail.be/stations/NMBS/008883220,P,2016-05-12T17:01:00,2016-05-12T17:01:00,414,414
http://irail.be/vehicle/P8770,http://irail.be/stations/NMBS/008883238,P,2016-05-12T17:06:00,2016-05-12T17:06:00,426,426
http://irail.be/vehicle/P8770,http://irail.be/stations/NMBS/008882701,P,2016-05-12T17:11:00,2016-05-12T17:11:00,0,304
http://irail.be/vehicle/P8770,http://irail.be/stations/NMBS/008883006,P,2016-08-31T16:52:00,2016-08-31T16:52:00,136,
http://irail.be/vehicle/P8770,http://irail.be/stations/NMBS/008883212,P,2016-08-31T16:58:00,2016-08-31T16:58:00,399,389
http://irail.be/vehicle/P8770,http://irail.be/stations/NMBS/008883220,P,2016-08-31T17:01:00,2016-08-31T17:01:00,399,399
http://irail.be/vehicle/P8770,http://irail.be/stations/NMBS/008883238,P,2016-08-31T17:06:00,2016-08-31T17:06:00,450,450
http://irail.be/vehicle/P8770,http://irail.be/stations/NMBS/008882701,P,2016-08-31T17:11:00,2016-08-31T17:11:00,,341
http://irail.be/vehicle/P8770,http://irail.be/stations/NMBS/008883006,P,2016-06-06T16:52:00,2016-06-06T16:52:00,375,0
http://irail.be/vehicle/P8770,http://irail.be/stations/NMBS/008883212,P,2016-06-06T16:58:00,2016-06-06T16:58:00,516,365
http://irail.be/vehicle/P8770,http://irail.be/stations/NMBS/008883220,P,2016-06-06T17:01:00,2016-06-06T17:01:00,516,516
http://irail.be/vehicle/P8770,http://irail.be/stations/NMBS/008883238,P,2016-06-06T17:06:00,2016-06-06T17:06:00,564,564
http://irail.be/vehicle/P8770,http://irail.be/stations/NMBS/008882701,P,2016-06-06T17:11:00,2016-06-06T17:11:00,0,542
http://irail.be/vehicle/P8770,http://irail.be/stations/NMBS/008883006,P,2016-10-04T16:52:00,2016-10-04T16:52:00,49,
http://irail.be/vehicle/P8770,http://irail.be/stations/NMBS/008883212,P,2016-10-04T16:58:00,2016-10-04T16:58:00,162,58
http://irail.be/vehicle/P8770,http://irail.be/stations/NMBS/008883220,P,2016-10-04T17:01:00,2016-10-04T17:01:00,162,162
http://irail.be/vehicle/P8770,http://irail.be/stations/NMBS/008883238,P,2016-10-04T17:06:00,2016-10-04T17:06:00,164,164
http://irail.be/vehicle/P8770,http://irail.be/stations/NMBS/008882701,P,2016-10-04T17:11:00,2016-10-04T17:11:00,,35
http://irail.be/vehicle/P8770,http://irail.be/stations/NMBS/008883006,P,2016-01-25T16:52:00,2016-01-25T16:52:00,220,0
http://irail.be/vehicle/P8770,http://irail.be/stations/NMBS/008883212,P,2016-01-25T16:58:00,2016-01-25T16:58:00,350,261
http://irail.be/vehicle/P8770,http://irail.be/stations/NMBS/008883220,P,2016-01-25T17:01:00,2016-01-25T17:01:00,350,350
http://irail.be/vehicle/P8770,http://irail.be/stations/NMBS/008883238,P,2016-01-25T17:06:00,2016-01-25T17:06:00,323,323
http://irail.be/vehicle/P8770,http://irail.be/stations/NMBS/008882701,P,2016-01-25T17:11:00,2016-01-25T17:11:00,0,371
http://irail.be/vehicle/P8770,http://irail.be/stations/NMBS/008883006,P,2016-02-08T16:52:00,2016-02-08T16:52:00,442,0
http://irail.be/vehicle/P8770,http://irail.be/stations/NMBS/008883212,P,2016-02-08T16:58:00,2016-02-08T16:58:00,482,412
http://irail.be/vehicle/P8770,http://irail.be/stations/NMBS/008883220,P,2016-02-08T17:01:00,2016-02-08T17:01:00,482,482
http://irail.be/vehicle/P8770,http://irail.be/stations/NMBS/008883238,P,2016-02-08T17:06:00,2016-02-08T17:06:00,465,465
http://irail.be/vehicle/P8770,http://irail.be/stations/NMBS/008882701,P,2016-02-08T17:11:00,2016-02-08T17:11:00,0,329
http://irail.be/vehicle/P8770,http://irail.be/stations/NMBS/008883006,P,2016-10-17T16:52:00,2016-10-17T16:52:00,86,
http://irail.be/vehicle/P8770,http://irail.be/stations/NMBS/008883212,P,2016-10-17T16:58:00,2016-10-17T16:58:00,311,197
http://irail.be/vehicle/P8770,http://irail.be/stations/NMBS/008883220,P,2016-10-17T17:01:00,2016-10-17T17:01:00,311,311
http://irail.be/vehicle/P8770,http://irail.be/stations/NMBS/008883238,P,2016-10-17T17:06:00,2016-10-17T17:06:00,356,356
http://irail.be/vehicle/P8770,http://irail.be/stations/NMBS/008882701,P,2016-10-17T17:11:00,2016-10-17T17:11:00,,257
http://irail.be/vehicle/P8770,http://irail.be/stations/NMBS/008883006,P,2016-08-30T16:52:00,2016-08-30T16:52:00,44,
http://irail.be/vehicle/P8770,http://irail.be/stations/NMBS/008883212,P,2016-08-30T16:58:00,2016-08-30T16:58:00,471,205
http://irail.be/vehicle/P8770,http://irail.be/stations/NMBS/008883220,P,2016-08-30T17:01:00,2016-08-30T17:01:00,471,471
http://irail.be/vehicle/P8770,http://irail.be/stations/NMBS/008883238,P,2016-08-30T17:06:00,2016-08-30T17:06:00,586,586
http://irail.be/vehicle/P8770,http://irail.be/stations/NMBS/008882701,P,2016-08-30T17:11:00,2016-08-30T17:11:00,,475
http://irail.be/vehicle/P8770,http://irail.be/stations/NMBS/008883006,P,2016-01-20T16:52:00,2016-01-20T16:52:00,31,0
http://irail.be/vehicle/P8770,http://irail.be/stations/NMBS/008883212,P,2016-01-20T16:58:00,2016-01-20T16:58:00,78,13
http://irail.be/vehicle/P8770,http://irail.be/stations/NMBS/008883220,P,2016-01-20T17:01:00,2016-01-20T17:01:00,0,0
http://irail.be/vehicle/P8770,http://irail.be/stations/NMBS/008883238,P,2016-01-20T17:06:00,2016-01-20T17:06:00,0,18
http://irail.be/vehicle/P8770,http://irail.be/stations/NMBS/008882701,P,2016-01-20T17:11:00,2016-01-20T17:11:00,0,-101
http://irail.be/vehicle/P8770,http://irail.be/stations/NMBS/008883006,P,2016-06-07T16:52:00,2016-06-07T16:52:00,319,0
http://irail.be/vehicle/P8770,http://irail.be/stations/NMBS/008883212,P,2016-06-07T16:58:00,2016-06-07T16:58:00,508,290
http://irail.be/vehicle/P8770,http://irail.be/stations/NMBS/008883220,P,2016-06-07T17:01:00,2016-06-07T17:01:00,508,508
http://irail.be/vehicle/P8770,http://irail.be/stations/NMBS/008883238,P,2016-06-07T17:06:00,2016-06-07T17:06:00,558,558
http://irail.be/vehicle/P8770,http://irail.be/stations/NMBS/008882701,P,2016-06-07T17:11:00,2016-06-07T17:11:00,0,445
http://irail.be/vehicle/P8770,http://irail.be/stations/NMBS/008883006,P,2016-01-11T16:52:00,2016-01-11T16:52:00,114,0
http://irail.be/vehicle/P8770,http://irail.be/stations/NMBS/008883212,P,2016-01-11T16:58:00,2016-01-11T16:58:00,146,81
http://irail.be/vehicle/P8770,http://irail.be/stations/NMBS/008883220,P,2016-01-11T17:01:00,2016-01-11T17:01:00,146,146
http://irail.be/vehicle/P8770,http://irail.be/stations/NMBS/008883238,P,2016-01-11T17:06:00,2016-01-11T17:06:00,115,115
http://irail.be/vehicle/P8770,http://irail.be/stations/NMBS/008882701,P,2016-01-11T17:11:00,2016-01-11T17:11:00,0,-52
http://irail.be/vehicle/P8770,http://irail.be/stations/NMBS/008883006,P,2016-01-19T16:52:00,2016-01-19T16:52:00,192,0
http://irail.be/vehicle/P8770,http://irail.be/stations/NMBS/008883212,P,2016-01-19T16:58:00,2016-01-19T16:58:00,208,153
http://irail.be/vehicle/P8770,http://irail.be/stations/NMBS/008883220,P,2016-01-19T17:01:00,2016-01-19T17:01:00,208,208
http://irail.be/vehicle/P8770,http://irail.be/stations/NMBS/008883238,P,2016-01-19T17:06:00,2016-01-19T17:06:00,163,163
http://irail.be/vehicle/P8770,http://irail.be/stations/NMBS/008882701,P,2016-01-19T17:11:00,2016-01-19T17:11:00,0,-22
http://irail.be/vehicle/P8770,http://irail.be/stations/NMBS/008883006,P,2016-10-14T16:52:00,2016-10-14T16:52:00,33,
http://irail.be/vehicle/P8770,http://irail.be/stations/NMBS/008883212,P,2016-10-14T16:58:00,2016-10-14T16:58:00,385,271
http://irail.be/vehicle/P8770,http://irail.be/stations/NMBS/008883220,P,2016-10-14T17:01:00,2016-10-14T17:01:00,385,385
http://irail.be/vehicle/P8770,http://irail.be/stations/NMBS/008883238,P,2016-10-14T17:06:00,2016-10-14T17:06:00,396,396
http://irail.be/vehicle/P8770,http://irail.be/stations/NMBS/008882701,P,2016-10-14T17:11:00,2016-10-14T17:11:00,,271
http://irail.be/vehicle/P8770,http://irail.be/stations/NMBS/008883006,P,2016-01-13T16:52:00,2016-01-13T16:52:00,33,0
http://irail.be/vehicle/P8770,http://irail.be/stations/NMBS/008883212,P,2016-01-13T16:58:00,2016-01-13T16:58:00,111,22
http://irail.be/vehicle/P8770,http://irail.be/stations/NMBS/008883220,P,2016-01-13T17:01:00,2016-01-13T17:01:00,111,111
http://irail.be/vehicle/P8770,http://irail.be/stations/NMBS/008883238,P,2016-01-13T17:06:00,2016-01-13T17:06:00,98,98
http://irail.be/vehicle/P8770,http://irail.be/stations/NMBS/008882701,P,2016-01-13T17:11:00,2016-01-13T17:11:00,0,-12
http://irail.be/vehicle/P8770,http://irail.be/stations/NMBS/008883006,P,2016-01-26T16:52:00,2016-01-26T16:52:00,25,0
http://irail.be/vehicle/P8770,http://irail.be/stations/NMBS/008883212,P,2016-01-26T16:58:00,2016-01-26T16:58:00,87,-7
http://irail.be/vehicle/P8770,http://irail.be/stations/NMBS/008883220,P,2016-01-26T17:01:00,2016-01-26T17:01:00,87,87
http://irail.be/vehicle/P8770,http://irail.be/stations/NMBS/008883238,P,2016-01-26T17:06:00,2016-01-26T17:06:00,55,55
http://irail.be/vehicle/P8770,http://irail.be/stations/NMBS/008882701,P,2016-01-26T17:11:00,2016-01-26T17:11:00,0,-55
http://irail.be/vehicle/P8770,http://irail.be/stations/NMBS/008883006,P,2016-11-09T16:52:00,2016-11-09T16:52:00,262,
http://irail.be/vehicle/P8770,http://irail.be/stations/NMBS/008883212,P,2016-11-09T16:58:00,2016-11-09T16:58:00,305,231
http://irail.be/vehicle/P8770,http://irail.be/stations/NMBS/008883220,P,2016-11-09T17:01:00,2016-11-09T17:01:00,305,305
http://irail.be/vehicle/P8770,http://irail.be/stations/NMBS/008883238,P,2016-11-09T17:06:00,2016-11-09T17:06:00,264,264
http://irail.be/vehicle/P8770,http://irail.be/stations/NMBS/008882701,P,2016-11-09T17:11:00,2016-11-09T17:11:00,,148
http://irail.be/vehicle/P8770,http://irail.be/stations/NMBS/008883006,P,2016-11-14T16:52:00,2016-11-14T16:52:00,636,
http://irail.be/vehicle/P8770,http://irail.be/stations/NMBS/008883212,P,2016-11-14T16:58:00,2016-11-14T16:58:00,1115,973
http://irail.be/vehicle/P8770,http://irail.be/stations/NMBS/008883220,P,2016-11-14T17:01:00,2016-11-14T17:01:00,1095,1095
http://irail.be/vehicle/P8770,http://irail.be/stations/NMBS/008883238,P,2016-11-14T17:06:00,2016-11-14T17:06:00,965,965
http://irail.be/vehicle/P8770,http://irail.be/stations/NMBS/008882701,P,2016-11-14T17:11:00,2016-11-14T17:11:00,,953
http://irail.be/vehicle/P8770,http://irail.be/stations/NMBS/008883006,P,2016-09-23T16:52:00,2016-09-23T16:52:00,70,
http://irail.be/vehicle/P8770,http://irail.be/stations/NMBS/008883212,P,2016-09-23T16:58:00,2016-09-23T16:58:00,368,153
http://irail.be/vehicle/P8770,http://irail.be/stations/NMBS/008883220,P,2016-09-23T17:01:00,2016-09-23T17:01:00,368,368
http://irail.be/vehicle/P8770,http://irail.be/stations/NMBS/008883238,P,2016-09-23T17:06:00,2016-09-23T17:06:00,513,513
http://irail.be/vehicle/P8770,http://irail.be/stations/NMBS/008882701,P,2016-09-23T17:11:00,2016-09-23T17:11:00,,399
http://irail.be/vehicle/P8770,http://irail.be/stations/NMBS/008883006,P,2016-10-26T16:52:00,2016-10-26T16:52:00,203,
http://irail.be/vehicle/P8770,http://irail.be/stations/NMBS/008883212,P,2016-10-26T16:58:00,2016-10-26T16:58:00,341,251
http://irail.be/vehicle/P8770,http://irail.be/stations/NMBS/008883220,P,2016-10-26T17:01:00,2016-10-26T17:01:00,341,341
http://irail.be/vehicle/P8770,http://irail.be/stations/NMBS/008883238,P,2016-10-26T17:06:00,2016-10-26T17:06:00,334,334
http://irail.be/vehicle/P8770,http://irail.be/stations/NMBS/008882701,P,2016-10-26T17:11:00,2016-10-26T17:11:00,,171
http://irail.be/vehicle/P8770,http://irail.be/stations/NMBS/008883006,P,2016-03-21T16:52:00,2016-03-21T16:52:00,45,0
http://irail.be/vehicle/P8770,http://irail.be/stations/NMBS/008883212,P,2016-03-21T16:58:00,2016-03-21T16:58:00,80,15
http://irail.be/vehicle/P8770,http://irail.be/stations/NMBS/008883220,P,2016-03-21T17:01:00,2016-03-21T17:01:00,80,80
http://irail.be/vehicle/P8770,http://irail.be/stations/NMBS/008883238,P,2016-03-21T17:06:00,2016-03-21T17:06:00,54,54
http://irail.be/vehicle/P8770,http://irail.be/stations/NMBS/008882701,P,2016-03-21T17:11:00,2016-03-21T17:11:00,0,-65
http://irail.be/vehicle/P8770,http://irail.be/stations/NMBS/008883006,P,2016-05-02T16:52:00,2016-05-02T16:52:00,85,0
http://irail.be/vehicle/P8770,http://irail.be/stations/NMBS/008883212,P,2016-05-02T16:58:00,2016-05-02T16:58:00,773,674
http://irail.be/vehicle/P8770,http://irail.be/stations/NMBS/008883220,P,2016-05-02T17:01:00,2016-05-02T17:01:00,773,773
http://irail.be/vehicle/P8770,http://irail.be/stations/NMBS/008883238,P,2016-05-02T17:06:00,2016-05-02T17:06:00,784,784
http://irail.be/vehicle/P8770,http://irail.be/stations/NMBS/008882701,P,2016-05-02T17:11:00,2016-05-02T17:11:00,0,634
http://irail.be/vehicle/P8770,http://irail.be/stations/NMBS/008883006,P,2016-11-22T16:52:00,2016-11-22T16:52:00,117,
http://irail.be/vehicle/P8770,http://irail.be/stations/NMBS/008883212,P,2016-11-22T16:58:00,2016-11-22T16:58:00,248,187
http://irail.be/vehicle/P8770,http://irail.be/stations/NMBS/008883220,P,2016-11-22T17:01:00,2016-11-22T17:01:00,234,234
http://irail.be/vehicle/P8770,http://irail.be/stations/NMBS/008883238,P,2016-11-22T17:06:00,2016-11-22T17:06:00,105,105
http://irail.be/vehicle/P8770,http://irail.be/stations/NMBS/008882701,P,2016-11-22T17:11:00,2016-11-22T17:11:00,,83
http://irail.be/vehicle/P8770,http://irail.be/stations/NMBS/008883006,P,2016-04-11T16:52:00,2016-04-11T16:52:00,66,0
http://irail.be/vehicle/P8770,http://irail.be/stations/NMBS/008883212,P,2016-04-11T16:58:00,2016-04-11T16:58:00,109,30
http://irail.be/vehicle/P8770,http://irail.be/stations/NMBS/008883220,P,2016-04-11T17:01:00,2016-04-11T17:01:00,109,109
http://irail.be/vehicle/P8770,http://irail.be/stations/NMBS/008883238,P,2016-04-11T17:06:00,2016-04-11T17:06:00,73,73
http://irail.be/vehicle/P8770,http://irail.be/stations/NMBS/008882701,P,2016-04-11T17:11:00,2016-04-11T17:11:00,0,-58
http://irail.be/vehicle/P8770,http://irail.be/stations/NMBS/008883006,P,2016-09-01T16:52:00,2016-09-01T16:52:00,91,
http://irail.be/vehicle/P8770,http://irail.be/stations/NMBS/008883212,P,2016-09-01T16:58:00,2016-09-01T16:58:00,249,245
http://irail.be/vehicle/P8770,http://irail.be/stations/NMBS/008883220,P,2016-09-01T17:01:00,2016-09-01T17:01:00,249,249
http://irail.be/vehicle/P8770,http://irail.be/stations/NMBS/008883238,P,2016-09-01T17:06:00,2016-09-01T17:06:00,288,288
http://irail.be/vehicle/P8770,http://irail.be/stations/NMBS/008882701,P,2016-09-01T17:11:00,2016-09-01T17:11:00,,133
http://irail.be/vehicle/P8770,http://irail.be/stations/NMBS/008883006,P,2016-10-24T16:52:00,2016-10-24T16:52:00,53,
http://irail.be/vehicle/P8770,http://irail.be/stations/NMBS/008883212,P,2016-10-24T16:58:00,2016-10-24T16:58:00,278,237
http://irail.be/vehicle/P8770,http://irail.be/stations/NMBS/008883220,P,2016-10-24T17:01:00,2016-10-24T17:01:00,278,278
http://irail.be/vehicle/P8770,http://irail.be/stations/NMBS/008883238,P,2016-10-24T17:06:00,2016-10-24T17:06:00,369,369
http://irail.be/vehicle/P8770,http://irail.be/stations/NMBS/008882701,P,2016-10-24T17:11:00,2016-10-24T17:11:00,,245
http://irail.be/vehicle/P8770,http://irail.be/stations/NMBS/008883006,P,2016-09-07T16:52:00,2016-09-07T16:52:00,14,
http://irail.be/vehicle/P8770,http://irail.be/stations/NMBS/008883212,P,2016-09-07T16:58:00,2016-09-07T16:58:00,336,261
http://irail.be/vehicle/P8770,http://irail.be/stations/NMBS/008883220,P,2016-09-07T17:01:00,2016-09-07T17:01:00,336,336
http://irail.be/vehicle/P8770,http://irail.be/stations/NMBS/008883238,P,2016-09-07T17:06:00,2016-09-07T17:06:00,431,431
http://irail.be/vehicle/P8770,http://irail.be/stations/NMBS/008882701,P,2016-09-07T17:11:00,2016-09-07T17:11:00,,358
http://irail.be/vehicle/P8770,http://irail.be/stations/NMBS/008883006,P,2016-12-16T16:52:00,2016-12-16T16:52:00,372,
http://irail.be/vehicle/P8770,http://irail.be/stations/NMBS/008883212,P,2016-12-16T16:58:00,2016-12-16T16:58:00,507,479
http://irail.be/vehicle/P8770,http://irail.be/stations/NMBS/008883220,P,2016-12-16T17:01:00,2016-12-16T17:01:00,497,497
http://irail.be/vehicle/P8770,http://irail.be/stations/NMBS/008883238,P,2016-12-16T17:06:00,2016-12-16T17:06:00,365,365
http://irail.be/vehicle/P8770,http://irail.be/stations/NMBS/008882701,P,2016-12-16T17:11:00,2016-12-16T17:11:00,,358
http://irail.be/vehicle/P8770,http://irail.be/stations/NMBS/008883006,P,2016-05-03T16:52:00,2016-05-03T16:52:00,36,0
http://irail.be/vehicle/P8770,http://irail.be/stations/NMBS/008883212,P,2016-05-03T16:58:00,2016-05-03T16:58:00,314,15
http://irail.be/vehicle/P8770,http://irail.be/stations/NMBS/008883220,P,2016-05-03T17:01:00,2016-05-03T17:01:00,314,314
http://irail.be/vehicle/P8770,http://irail.be/stations/NMBS/008883238,P,2016-05-03T17:06:00,2016-05-03T17:06:00,306,306
http://irail.be/vehicle/P8770,http://irail.be/stations/NMBS/008882701,P,2016-05-03T17:11:00,2016-05-03T17:11:00,0,175
http://irail.be/vehicle/P8770,http://irail.be/stations/NMBS/008883006,P,2016-01-08T16:52:00,2016-01-08T16:52:00,85,0
http://irail.be/vehicle/P8770,http://irail.be/stations/NMBS/008883212,P,2016-01-08T16:58:00,2016-01-08T16:58:00,153,64
http://irail.be/vehicle/P8770,http://irail.be/stations/NMBS/008883220,P,2016-01-08T17:01:00,2016-01-08T17:01:00,153,153
http://irail.be/vehicle/P8770,http://irail.be/stations/NMBS/008883238,P,2016-01-08T17:06:00,2016-01-08T17:06:00,122,122
http://irail.be/vehicle/P8770,http://irail.be/stations/NMBS/008882701,P,2016-01-08T17:11:00,2016-01-08T17:11:00,0,34
http://irail.be/vehicle/P8770,http://irail.be/stations/NMBS/008883006,P,2016-02-15T16:52:00,2016-02-15T16:52:00,344,0
http://irail.be/vehicle/P8770,http://irail.be/stations/NMBS/008883212,P,2016-02-15T16:58:00,2016-02-15T16:58:00,388,327
http://irail.be/vehicle/P8770,http://irail.be/stations/NMBS/008883220,P,2016-02-15T17:01:00,2016-02-15T17:01:00,388,388
http://irail.be/vehicle/P8770,http://irail.be/stations/NMBS/008883238,P,2016-02-15T17:06:00,2016-02-15T17:06:00,337,337
http://irail.be/vehicle/P8770,http://irail.be/stations/NMBS/008882701,P,2016-02-15T17:11:00,2016-02-15T17:11:00,0,228
http://irail.be/vehicle/P8770,http://irail.be/stations/NMBS/008883006,P,2016-11-24T16:52:00,2016-11-24T16:52:00,-34,
http://irail.be/vehicle/P8770,http://irail.be/stations/NMBS/008883212,P,2016-11-24T16:58:00,2016-11-24T16:58:00,145,60
http://irail.be/vehicle/P8770,http://irail.be/stations/NMBS/008883220,P,2016-11-24T17:01:00,2016-11-24T17:01:00,163,145
http://irail.be/vehicle/P8770,http://irail.be/stations/NMBS/008883238,P,2016-11-24T17:06:00,2016-11-24T17:06:00,95,95
http://irail.be/vehicle/P8770,http://irail.be/stations/NMBS/008882701,P,2016-11-24T17:11:00,2016-11-24T17:11:00,,126
http://irail.be/vehicle/P8770,http://irail.be/stations/NMBS/008883006,P,2016-05-19T16:52:00,2016-05-19T16:52:00,25,0
http://irail.be/vehicle/P8770,http://irail.be/stations/NMBS/008883212,P,2016-05-19T16:58:00,2016-05-19T16:58:00,382,11
http://irail.be/vehicle/P8770,http://irail.be/stations/NMBS/008883220,P,2016-05-19T17:01:00,2016-05-19T17:01:00,382,382
http://irail.be/vehicle/P8770,http://irail.be/stations/NMBS/008883238,P,2016-05-19T17:06:00,2016-05-19T17:06:00,412,412
http://irail.be/vehicle/P8770,http://irail.be/stations/NMBS/008882701,P,2016-05-19T17:11:00,2016-05-19T17:11:00,0,299
http://irail.be/vehicle/P8770,http://irail.be/stations/NMBS/008883006,P,2016-06-20T16:52:00,2016-06-20T16:52:00,221,
http://irail.be/vehicle/P8770,http://irail.be/stations/NMBS/008883212,P,2016-06-20T16:58:00,2016-06-20T16:58:00,2015,1440
http://irail.be/vehicle/P8770,http://irail.be/stations/NMBS/008883220,P,2016-06-20T17:01:00,2016-06-20T17:01:00,2015,2015
http://irail.be/vehicle/P8770,http://irail.be/stations/NMBS/008883238,P,2016-06-20T17:06:00,2016-06-20T17:06:00,2175,2175
http://irail.be/vehicle/P8770,http://irail.be/stations/NMBS/008882701,P,2016-06-20T17:11:00,2016-06-20T17:11:00,,2029
http://irail.be/vehicle/P8770,http://irail.be/stations/NMBS/008883006,P,2016-05-04T16:52:00,2016-05-04T16:52:00,71,0
http://irail.be/vehicle/P8770,http://irail.be/stations/NMBS/008883212,P,2016-05-04T16:58:00,2016-05-04T16:58:00,213,62
http://irail.be/vehicle/P8770,http://irail.be/stations/NMBS/008883220,P,2016-05-04T17:01:00,2016-05-04T17:01:00,213,213
http://irail.be/vehicle/P8770,http://irail.be/stations/NMBS/008883238,P,2016-05-04T17:06:00,2016-05-04T17:06:00,215,215
http://irail.be/vehicle/P8770,http://irail.be/stations/NMBS/008882701,P,2016-05-04T17:11:00,2016-05-04T17:11:00,0,102
http://irail.be/vehicle/P8770,http://irail.be/stations/NMBS/008883006,P,2016-02-16T16:52:00,2016-02-16T16:52:00,50,0
http://irail.be/vehicle/P8770,http://irail.be/stations/NMBS/008883212,P,2016-02-16T16:58:00,2016-02-16T16:58:00,107,28
http://irail.be/vehicle/P8770,http://irail.be/stations/NMBS/008883220,P,2016-02-16T17:01:00,2016-02-16T17:01:00,107,107
http://irail.be/vehicle/P8770,http://irail.be/stations/NMBS/008883238,P,2016-02-16T17:06:00,2016-02-16T17:06:00,80,80
http://irail.be/vehicle/P8770,http://irail.be/stations/NMBS/008882701,P,2016-02-16T17:11:00,2016-02-16T17:11:00,0,-40
http://irail.be/vehicle/P8770,http://irail.be/stations/NMBS/008883006,P,2016-02-24T16:52:00,2016-02-24T16:52:00,58,0
http://irail.be/vehicle/P8770,http://irail.be/stations/NMBS/008883212,P,2016-02-24T16:58:00,2016-02-24T16:58:00,95,40
http://irail.be/vehicle/P8770,http://irail.be/stations/NMBS/008883220,P,2016-02-24T17:01:00,2016-02-24T17:01:00,95,95
http://irail.be/vehicle/P8770,http://irail.be/stations/NMBS/008883238,P,2016-02-24T17:06:00,2016-02-24T17:06:00,54,54
http://irail.be/vehicle/P8770,http://irail.be/stations/NMBS/008882701,P,2016-02-24T17:11:00,2016-02-24T17:11:00,0,-74
http://irail.be/vehicle/P8770,http://irail.be/stations/NMBS/008883006,P,2016-04-25T16:52:00,2016-04-25T16:52:00,67,0
http://irail.be/vehicle/P8770,http://irail.be/stations/NMBS/008883212,P,2016-04-25T16:58:00,2016-04-25T16:58:00,125,60
http://irail.be/vehicle/P8770,http://irail.be/stations/NMBS/008883220,P,2016-04-25T17:01:00,2016-04-25T17:01:00,125,125
http://irail.be/vehicle/P8770,http://irail.be/stations/NMBS/008883238,P,2016-04-25T17:06:00,2016-04-25T17:06:00,98,98
http://irail.be/vehicle/P8770,http://irail.be/stations/NMBS/008882701,P,2016-04-25T17:11:00,2016-04-25T17:11:00,0,-25
http://irail.be/vehicle/P8770,http://irail.be/stations/NMBS/008883006,P,2016-04-19T16:52:00,2016-04-19T16:52:00,39,0
http://irail.be/vehicle/P8770,http://irail.be/stations/NMBS/008883212,P,2016-04-19T16:58:00,2016-04-19T16:58:00,95,30
http://irail.be/vehicle/P8770,http://irail.be/stations/NMBS/008883220,P,2016-04-19T17:01:00,2016-04-19T17:01:00,95,95
http://irail.be/vehicle/P8770,http://irail.be/stations/NMBS/008883238,P,2016-04-19T17:06:00,2016-04-19T17:06:00,145,145
http://irail.be/vehicle/P8770,http://irail.be/stations/NMBS/008882701,P,2016-04-19T17:11:00,2016-04-19T17:11:00,0,77
http://irail.be/vehicle/P8770,http://irail.be/stations/NMBS/008883006,P,2016-02-02T16:52:00,2016-02-02T16:52:00,17,0
http://irail.be/vehicle/P8770,http://irail.be/stations/NMBS/008883212,P,2016-02-02T16:58:00,2016-02-02T16:58:00,63,-2
http://irail.be/vehicle/P8770,http://irail.be/stations/NMBS/008883220,P,2016-02-02T17:01:00,2016-02-02T17:01:00,63,63
http://irail.be/vehicle/P8770,http://irail.be/stations/NMBS/008883238,P,2016-02-02T17:06:00,2016-02-02T17:06:00,27,27
http://irail.be/vehicle/P8770,http://irail.be/stations/NMBS/008882701,P,2016-02-02T17:11:00,2016-02-02T17:11:00,0,-109
http://irail.be/vehicle/P8770,http://irail.be/stations/NMBS/008883006,P,2016-02-03T16:52:00,2016-02-03T16:52:00,34,0
http://irail.be/vehicle/P8770,http://irail.be/stations/NMBS/008883212,P,2016-02-03T16:58:00,2016-02-03T16:58:00,122,52
http://irail.be/vehicle/P8770,http://irail.be/stations/NMBS/008883220,P,2016-02-03T17:01:00,2016-02-03T17:01:00,122,122
http://irail.be/vehicle/P8770,http://irail.be/stations/NMBS/008883238,P,2016-02-03T17:06:00,2016-02-03T17:06:00,91,91
http://irail.be/vehicle/P8770,http://irail.be/stations/NMBS/008882701,P,2016-02-03T17:11:00,2016-02-03T17:11:00,0,-14
http://irail.be/vehicle/P8770,http://irail.be/stations/NMBS/008883006,P,2016-11-04T16:52:00,2016-11-04T16:52:00,90,
http://irail.be/vehicle/P8770,http://irail.be/stations/NMBS/008883212,P,2016-11-04T16:58:00,2016-11-04T16:58:00,167,73
http://irail.be/vehicle/P8770,http://irail.be/stations/NMBS/008883220,P,2016-11-04T17:01:00,2016-11-04T17:01:00,167,167
http://irail.be/vehicle/P8770,http://irail.be/stations/NMBS/008883238,P,2016-11-04T17:06:00,2016-11-04T17:06:00,135,135
http://irail.be/vehicle/P8770,http://irail.be/stations/NMBS/008882701,P,2016-11-04T17:11:00,2016-11-04T17:11:00,,27
http://irail.be/vehicle/P8770,http://irail.be/stations/NMBS/008883006,P,2016-10-11T16:52:00,2016-10-11T16:52:00,276,
http://irail.be/vehicle/P8770,http://irail.be/stations/NMBS/008883212,P,2016-10-11T16:58:00,2016-10-11T16:58:00,522,481
http://irail.be/vehicle/P8770,http://irail.be/stations/NMBS/008883220,P,2016-10-11T17:01:00,2016-10-11T17:01:00,522,522
http://irail.be/vehicle/P8770,http://irail.be/stations/NMBS/008883238,P,2016-10-11T17:06:00,2016-10-11T17:06:00,608,608
http://irail.be/vehicle/P8770,http://irail.be/stations/NMBS/008882701,P,2016-10-11T17:11:00,2016-10-11T17:11:00,,521
http://irail.be/vehicle/P8770,http://irail.be/stations/NMBS/008883006,P,2016-09-27T16:52:00,2016-09-27T16:52:00,66,
http://irail.be/vehicle/P8770,http://irail.be/stations/NMBS/008883212,P,2016-09-27T16:58:00,2016-09-27T16:58:00,330,187
http://irail.be/vehicle/P8770,http://irail.be/stations/NMBS/008883220,P,2016-09-27T17:01:00,2016-09-27T17:01:00,330,330
http://irail.be/vehicle/P8770,http://irail.be/stations/NMBS/008883238,P,2016-09-27T17:06:00,2016-09-27T17:06:00,351,351
http://irail.be/vehicle/P8770,http://irail.be/stations/NMBS/008882701,P,2016-09-27T17:11:00,2016-09-27T17:11:00,,207
http://irail.be/vehicle/P8770,http://irail.be/stations/NMBS/008883006,P,2016-01-05T16:52:00,2016-01-05T16:52:00,36,0
http://irail.be/vehicle/P8770,http://irail.be/stations/NMBS/008883212,P,2016-01-05T16:58:00,2016-01-05T16:58:00,84,14
http://irail.be/vehicle/P8770,http://irail.be/stations/NMBS/008883220,P,2016-01-05T17:01:00,2016-01-05T17:01:00,84,84
http://irail.be/vehicle/P8770,http://irail.be/stations/NMBS/008883238,P,2016-01-05T17:06:00,2016-01-05T17:06:00,48,48
http://irail.be/vehicle/P8770,http://irail.be/stations/NMBS/008882701,P,2016-01-05T17:11:00,2016-01-05T17:11:00,0,-5
http://irail.be/vehicle/P8770,http://irail.be/stations/NMBS/008883006,P,2016-02-05T16:52:00,2016-02-05T16:52:00,49,0
http://irail.be/vehicle/P8770,http://irail.be/stations/NMBS/008883212,P,2016-02-05T16:58:00,2016-02-05T16:58:00,95,20
http://irail.be/vehicle/P8770,http://irail.be/stations/NMBS/008883220,P,2016-02-05T17:01:00,2016-02-05T17:01:00,95,95
http://irail.be/vehicle/P8770,http://irail.be/stations/NMBS/008883238,P,2016-02-05T17:06:00,2016-02-05T17:06:00,59,59
http://irail.be/vehicle/P8770,http://irail.be/stations/NMBS/008882701,P,2016-02-05T17:11:00,2016-02-05T17:11:00,0,-83
http://irail.be/vehicle/P8770,http://irail.be/stations/NMBS/008883006,P,2016-03-15T16:52:00,2016-03-15T16:52:00,28,0
http://irail.be/vehicle/P8770,http://irail.be/stations/NMBS/008883212,P,2016-03-15T16:58:00,2016-03-15T16:58:00,81,-3
http://irail.be/vehicle/P8770,http://irail.be/stations/NMBS/008883220,P,2016-03-15T17:01:00,2016-03-15T17:01:00,81,81
http://irail.be/vehicle/P8770,http://irail.be/stations/NMBS/008883238,P,2016-03-15T17:06:00,2016-03-15T17:06:00,49,49
http://irail.be/vehicle/P8770,http://irail.be/stations/NMBS/008882701,P,2016-03-15T17:11:00,2016-03-15T17:11:00,0,-88
http://irail.be/vehicle/P8770,http://irail.be/stations/NMBS/008883006,P,2016-06-21T16:52:00,2016-06-21T16:52:00,265,
http://irail.be/vehicle/P8770,http://irail.be/stations/NMBS/008883212,P,2016-06-21T16:58:00,2016-06-21T16:58:00,291,241
http://irail.be/vehicle/P8770,http://irail.be/stations/NMBS/008883220,P,2016-06-21T17:01:00,2016-06-21T17:01:00,291,291
http://irail.be/vehicle/P8770,http://irail.be/stations/NMBS/008883238,P,2016-06-21T17:06:00,2016-06-21T17:06:00,284,284
http://irail.be/vehicle/P8770,http://irail.be/stations/NMBS/008882701,P,2016-06-21T17:11:00,2016-06-21T17:11:00,,153
http://irail.be/vehicle/P8770,http://irail.be/stations/NMBS/008883006,P,2016-06-15T16:52:00,2016-06-15T16:52:00,58,0
http://irail.be/vehicle/P8770,http://irail.be/stations/NMBS/008883212,P,2016-06-15T16:58:00,2016-06-15T16:58:00,267,107
http://irail.be/vehicle/P8770,http://irail.be/stations/NMBS/008883220,P,2016-06-15T17:01:00,2016-06-15T17:01:00,267,267
http://irail.be/vehicle/P8770,http://irail.be/stations/NMBS/008883238,P,2016-06-15T17:06:00,2016-06-15T17:06:00,298,298
http://irail.be/vehicle/P8770,http://irail.be/stations/NMBS/008882701,P,2016-06-15T17:11:00,2016-06-15T17:11:00,0,232
http://irail.be/vehicle/P8770,http://irail.be/stations/NMBS/008883006,P,2016-11-21T16:52:00,2016-11-21T16:52:00,83,
http://irail.be/vehicle/P8770,http://irail.be/stations/NMBS/008883212,P,2016-11-21T16:58:00,2016-11-21T16:58:00,299,228
http://irail.be/vehicle/P8770,http://irail.be/stations/NMBS/008883220,P,2016-11-21T17:01:00,2016-11-21T17:01:00,327,299
http://irail.be/vehicle/P8770,http://irail.be/stations/NMBS/008883238,P,2016-11-21T17:06:00,2016-11-21T17:06:00,240,240
http://irail.be/vehicle/P8770,http://irail.be/stations/NMBS/008882701,P,2016-11-21T17:11:00,2016-11-21T17:11:00,,242
http://irail.be/vehicle/P8770,http://irail.be/stations/NMBS/008883006,P,2016-01-28T16:52:00,2016-01-28T16:52:00,33,0
http://irail.be/vehicle/P8770,http://irail.be/stations/NMBS/008883212,P,2016-01-28T16:58:00,2016-01-28T16:58:00,107,4
http://irail.be/vehicle/P8770,http://irail.be/stations/NMBS/008883220,P,2016-01-28T17:01:00,2016-01-28T17:01:00,107,107
http://irail.be/vehicle/P8770,http://irail.be/stations/NMBS/008883238,P,2016-01-28T17:06:00,2016-01-28T17:06:00,76,76
http://irail.be/vehicle/P8770,http://irail.be/stations/NMBS/008882701,P,2016-01-28T17:11:00,2016-01-28T17:11:00,0,-74
http://irail.be/vehicle/P8770,http://irail.be/stations/NMBS/008883006,P,2016-03-07T16:52:00,2016-03-07T16:52:00,73,0
http://irail.be/vehicle/P8770,http://irail.be/stations/NMBS/008883212,P,2016-03-07T16:58:00,2016-03-07T16:58:00,166,91
http://irail.be/vehicle/P8770,http://irail.be/stations/NMBS/008883220,P,2016-03-07T17:01:00,2016-03-07T17:01:00,166,166
http://irail.be/vehicle/P8770,http://irail.be/stations/NMBS/008883238,P,2016-03-07T17:06:00,2016-03-07T17:06:00,139,139
http://irail.be/vehicle/P8770,http://irail.be/stations/NMBS/008882701,P,2016-03-07T17:11:00,2016-03-07T17:11:00,0,93
http://irail.be/vehicle/P8770,http://irail.be/stations/NMBS/008883006,P,2016-09-12T16:52:00,2016-09-12T16:52:00,88,
http://irail.be/vehicle/P8770,http://irail.be/stations/NMBS/008883212,P,2016-09-12T16:58:00,2016-09-12T16:58:00,311,269
http://irail.be/vehicle/P8770,http://irail.be/stations/NMBS/008883220,P,2016-09-12T17:01:00,2016-09-12T17:01:00,311,311
http://irail.be/vehicle/P8770,http://irail.be/stations/NMBS/008883238,P,2016-09-12T17:06:00,2016-09-12T17:06:00,364,364
http://irail.be/vehicle/P8770,http://irail.be/stations/NMBS/008882701,P,2016-09-12T17:11:00,2016-09-12T17:11:00,,251
http://irail.be/vehicle/P8770,http://irail.be/stations/NMBS/008883006,P,2016-01-21T16:52:00,2016-01-21T16:52:00,32,0
http://irail.be/vehicle/P8770,http://irail.be/stations/NMBS/008883212,P,2016-01-21T16:58:00,2016-01-21T16:58:00,70,6
http://irail.be/vehicle/P8770,http://irail.be/stations/NMBS/008883220,P,2016-01-21T17:01:00,2016-01-21T17:01:00,70,70
http://irail.be/vehicle/P8770,http://irail.be/stations/NMBS/008883238,P,2016-01-21T17:06:00,2016-01-21T17:06:00,39,39
http://irail.be/vehicle/P8770,http://irail.be/stations/NMBS/008882701,P,2016-01-21T17:11:00,2016-01-21T17:11:00,0,-89
http://irail.be/vehicle/P8770,http://irail.be/stations/NMBS/008883006,P,2016-12-21T16:52:00,2016-12-21T16:52:00,-15,
http://irail.be/vehicle/P8770,http://irail.be/stations/NMBS/008883212,P,2016-12-21T16:58:00,2016-12-21T16:58:00,68,31
http://irail.be/vehicle/P8770,http://irail.be/stations/NMBS/008883220,P,2016-12-21T17:01:00,2016-12-21T17:01:00,63,63
http://irail.be/vehicle/P8770,http://irail.be/stations/NMBS/008883238,P,2016-12-21T17:06:00,2016-12-21T17:06:00,-70,-70
http://irail.be/vehicle/P8770,http://irail.be/stations/NMBS/008882701,P,2016-12-21T17:11:00,2016-12-21T17:11:00,,-91
http://irail.be/vehicle/P8770,http://irail.be/stations/NMBS/008883006,P,2016-01-22T16:52:00,2016-01-22T16:52:00,84,0
http://irail.be/vehicle/P8770,http://irail.be/stations/NMBS/008883212,P,2016-01-22T16:58:00,2016-01-22T16:58:00,129,54
http://irail.be/vehicle/P8770,http://irail.be/stations/NMBS/008883220,P,2016-01-22T17:01:00,2016-01-22T17:01:00,129,129
http://irail.be/vehicle/P8770,http://irail.be/stations/NMBS/008883238,P,2016-01-22T17:06:00,2016-01-22T17:06:00,112,112
http://irail.be/vehicle/P8770,http://irail.be/stations/NMBS/008882701,P,2016-01-22T17:11:00,2016-01-22T17:11:00,0,-50
http://irail.be/vehicle/P8770,http://irail.be/stations/NMBS/008883006,P,2016-12-13T16:52:00,2016-12-13T16:52:00,-27,
http://irail.be/vehicle/P8770,http://irail.be/stations/NMBS/008883212,P,2016-12-13T16:58:00,2016-12-13T16:58:00,75,42
http://irail.be/vehicle/P8770,http://irail.be/stations/NMBS/008883220,P,2016-12-13T17:01:00,2016-12-13T17:01:00,65,65
http://irail.be/vehicle/P8770,http://irail.be/stations/NMBS/008883238,P,2016-12-13T17:06:00,2016-12-13T17:06:00,-85,-85
http://irail.be/vehicle/P8770,http://irail.be/stations/NMBS/008882701,P,2016-12-13T17:11:00,2016-12-13T17:11:00,,-105
http://irail.be/vehicle/P8770,http://irail.be/stations/NMBS/008883006,P,2016-02-22T16:52:00,2016-02-22T16:52:00,38,0
http://irail.be/vehicle/P8770,http://irail.be/stations/NMBS/008883212,P,2016-02-22T16:58:00,2016-02-22T16:58:00,85,15
http://irail.be/vehicle/P8770,http://irail.be/stations/NMBS/008883220,P,2016-02-22T17:01:00,2016-02-22T17:01:00,85,85
http://irail.be/vehicle/P8770,http://irail.be/stations/NMBS/008883238,P,2016-02-22T17:06:00,2016-02-22T17:06:00,44,44
http://irail.be/vehicle/P8770,http://irail.be/stations/NMBS/008882701,P,2016-02-22T17:11:00,2016-02-22T17:11:00,0,-6
http://irail.be/vehicle/P8770,http://irail.be/stations/NMBS/008883006,P,2016-09-13T16:52:00,2016-09-13T16:52:00,31,
http://irail.be/vehicle/P8770,http://irail.be/stations/NMBS/008883212,P,2016-09-13T16:58:00,2016-09-13T16:58:00,289,276
http://irail.be/vehicle/P8770,http://irail.be/stations/NMBS/008883220,P,2016-09-13T17:01:00,2016-09-13T17:01:00,289,289
http://irail.be/vehicle/P8770,http://irail.be/stations/NMBS/008883238,P,2016-09-13T17:06:00,2016-09-13T17:06:00,342,342
http://irail.be/vehicle/P8770,http://irail.be/stations/NMBS/008882701,P,2016-09-13T17:11:00,2016-09-13T17:11:00,,226
http://irail.be/vehicle/P8770,http://irail.be/stations/NMBS/008883006,P,2016-01-18T16:52:00,2016-01-18T16:52:00,536,0
http://irail.be/vehicle/P8770,http://irail.be/stations/NMBS/008883212,P,2016-01-18T16:58:00,2016-01-18T16:58:00,707,613
http://irail.be/vehicle/P8770,http://irail.be/stations/NMBS/008883220,P,2016-01-18T17:01:00,2016-01-18T17:01:00,707,707
http://irail.be/vehicle/P8770,http://irail.be/stations/NMBS/008883238,P,2016-01-18T17:06:00,2016-01-18T17:06:00,680,680
http://irail.be/vehicle/P8770,http://irail.be/stations/NMBS/008882701,P,2016-01-18T17:11:00,2016-01-18T17:11:00,0,725
http://irail.be/vehicle/P8770,http://irail.be/stations/NMBS/008883006,P,2016-02-17T16:52:00,2016-02-17T16:52:00,48,0
http://irail.be/vehicle/P8770,http://irail.be/stations/NMBS/008883212,P,2016-02-17T16:58:00,2016-02-17T16:58:00,115,40
http://irail.be/vehicle/P8770,http://irail.be/stations/NMBS/008883220,P,2016-02-17T17:01:00,2016-02-17T17:01:00,115,115
http://irail.be/vehicle/P8770,http://irail.be/stations/NMBS/008883238,P,2016-02-17T17:06:00,2016-02-17T17:06:00,93,93
http://irail.be/vehicle/P8770,http://irail.be/stations/NMBS/008882701,P,2016-02-17T17:11:00,2016-02-17T17:11:00,0,-26
http://irail.be/vehicle/P8770,http://irail.be/stations/NMBS/008883006,P,2016-04-28T16:52:00,2016-04-28T16:52:00,39,0
http://irail.be/vehicle/P8770,http://irail.be/stations/NMBS/008883212,P,2016-04-28T16:58:00,2016-04-28T16:58:00,80,24
http://irail.be/vehicle/P8770,http://irail.be/stations/NMBS/008883220,P,2016-04-28T17:01:00,2016-04-28T17:01:00,80,80
http://irail.be/vehicle/P8770,http://irail.be/stations/NMBS/008883238,P,2016-04-28T17:06:00,2016-04-28T17:06:00,53,53
http://irail.be/vehicle/P8770,http://irail.be/stations/NMBS/008882701,P,2016-04-28T17:11:00,2016-04-28T17:11:00,0,-74
http://irail.be/vehicle/P8770,http://irail.be/stations/NMBS/008883006,P,2016-09-30T16:52:00,2016-09-30T16:52:00,41,
http://irail.be/vehicle/P8770,http://irail.be/stations/NMBS/008883212,P,2016-09-30T16:58:00,2016-09-30T16:58:00,415,410
http://irail.be/vehicle/P8770,http://irail.be/stations/NMBS/008883220,P,2016-09-30T17:01:00,2016-09-30T17:01:00,415,415
http://irail.be/vehicle/P8770,http://irail.be/stations/NMBS/008883238,P,2016-09-30T17:06:00,2016-09-30T17:06:00,547,547
http://irail.be/vehicle/P8770,http://irail.be/stations/NMBS/008882701,P,2016-09-30T17:11:00,2016-09-30T17:11:00,,408
http://irail.be/vehicle/P8770,http://irail.be/stations/NMBS/008883006,P,2016-06-17T16:52:00,2016-06-17T16:52:00,27,
http://irail.be/vehicle/P8770,http://irail.be/stations/NMBS/008883212,P,2016-06-17T16:58:00,2016-06-17T16:58:00,50,-2
http://irail.be/vehicle/P8770,http://irail.be/stations/NMBS/008883220,P,2016-06-17T17:01:00,2016-06-17T17:01:00,50,50
http://irail.be/vehicle/P8770,http://irail.be/stations/NMBS/008883238,P,2016-06-17T17:06:00,2016-06-17T17:06:00,52,52
http://irail.be/vehicle/P8770,http://irail.be/stations/NMBS/008882701,P,2016-06-17T17:11:00,2016-06-17T17:11:00,,-68
http://irail.be/vehicle/P8770,http://irail.be/stations/NMBS/008883006,P,2016-09-05T16:52:00,2016-09-05T16:52:00,26,
http://irail.be/vehicle/P8770,http://irail.be/stations/NMBS/008883212,P,2016-09-05T16:58:00,2016-09-05T16:58:00,538,525
http://irail.be/vehicle/P8770,http://irail.be/stations/NMBS/008883220,P,2016-09-05T17:01:00,2016-09-05T17:01:00,538,538
http://irail.be/vehicle/P8770,http://irail.be/stations/NMBS/008883238,P,2016-09-05T17:06:00,2016-09-05T17:06:00,581,581
http://irail.be/vehicle/P8770,http://irail.be/stations/NMBS/008882701,P,2016-09-05T17:11:00,2016-09-05T17:11:00,,451
http://irail.be/vehicle/P8770,http://irail.be/stations/NMBS/008883006,P,2016-04-15T16:52:00,2016-04-15T16:52:00,276,0
http://irail.be/vehicle/P8770,http://irail.be/stations/NMBS/008883212,P,2016-04-15T16:58:00,2016-04-15T16:58:00,360,247
http://irail.be/vehicle/P8770,http://irail.be/stations/NMBS/008883220,P,2016-04-15T17:01:00,2016-04-15T17:01:00,360,360
http://irail.be/vehicle/P8770,http://irail.be/stations/NMBS/008883238,P,2016-04-15T17:06:00,2016-04-15T17:06:00,315,315
http://irail.be/vehicle/P8770,http://irail.be/stations/NMBS/008882701,P,2016-04-15T17:11:00,2016-04-15T17:11:00,0,190
http://irail.be/vehicle/P8770,http://irail.be/stations/NMBS/008883006,P,2016-12-01T16:52:00,2016-12-01T16:52:00,215,
http://irail.be/vehicle/P8770,http://irail.be/stations/NMBS/008883212,P,2016-12-01T16:58:00,2016-12-01T16:58:00,327,290
http://irail.be/vehicle/P8770,http://irail.be/stations/NMBS/008883220,P,2016-12-01T17:01:00,2016-12-01T17:01:00,317,317
http://irail.be/vehicle/P8770,http://irail.be/stations/NMBS/008883238,P,2016-12-01T17:06:00,2016-12-01T17:06:00,181,181
http://irail.be/vehicle/P8770,http://irail.be/stations/NMBS/008882701,P,2016-12-01T17:11:00,2016-12-01T17:11:00,,185
http://irail.be/vehicle/P8770,http://irail.be/stations/NMBS/008883006,P,2016-12-06T16:52:00,2016-12-06T16:52:00,280,
http://irail.be/vehicle/P8770,http://irail.be/stations/NMBS/008883212,P,2016-12-06T16:58:00,2016-12-06T16:58:00,341,323
http://irail.be/vehicle/P8770,http://irail.be/stations/NMBS/008883220,P,2016-12-06T17:01:00,2016-12-06T17:01:00,288,288
http://irail.be/vehicle/P8770,http://irail.be/stations/NMBS/008883238,P,2016-12-06T17:06:00,2016-12-06T17:06:00,121,121
http://irail.be/vehicle/P8770,http://irail.be/stations/NMBS/008882701,P,2016-12-06T17:11:00,2016-12-06T17:11:00,,86
http://irail.be/vehicle/P8770,http://irail.be/stations/NMBS/008883006,P,2016-09-28T16:52:00,2016-09-28T16:52:00,45,
http://irail.be/vehicle/P8770,http://irail.be/stations/NMBS/008883212,P,2016-09-28T16:58:00,2016-09-28T16:58:00,280,285
http://irail.be/vehicle/P8770,http://irail.be/stations/NMBS/008883220,P,2016-09-28T17:01:00,2016-09-28T17:01:00,280,280
http://irail.be/vehicle/P8770,http://irail.be/stations/NMBS/008883238,P,2016-09-28T17:06:00,2016-09-28T17:06:00,322,322
http://irail.be/vehicle/P8770,http://irail.be/stations/NMBS/008882701,P,2016-09-28T17:11:00,2016-09-28T17:11:00,,182
http://irail.be/vehicle/P8770,http://irail.be/stations/NMBS/008883006,P,2016-04-14T16:52:00,2016-04-14T16:52:00,201,0
http://irail.be/vehicle/P8770,http://irail.be/stations/NMBS/008883212,P,2016-04-14T16:58:00,2016-04-14T16:58:00,221,166
http://irail.be/vehicle/P8770,http://irail.be/stations/NMBS/008883220,P,2016-04-14T17:01:00,2016-04-14T17:01:00,221,221
http://irail.be/vehicle/P8770,http://irail.be/stations/NMBS/008883238,P,2016-04-14T17:06:00,2016-04-14T17:06:00,185,185
http://irail.be/vehicle/P8770,http://irail.be/stations/NMBS/008882701,P,2016-04-14T17:11:00,2016-04-14T17:11:00,0,39
http://irail.be/vehicle/P8770,http://irail.be/stations/NMBS/008883006,P,2016-09-06T16:52:00,2016-09-06T16:52:00,35,
http://irail.be/vehicle/P8770,http://irail.be/stations/NMBS/008883212,P,2016-09-06T16:58:00,2016-09-06T16:58:00,344,187
http://irail.be/vehicle/P8770,http://irail.be/stations/NMBS/008883220,P,2016-09-06T17:01:00,2016-09-06T17:01:00,344,344
http://irail.be/vehicle/P8770,http://irail.be/stations/NMBS/008883238,P,2016-09-06T17:06:00,2016-09-06T17:06:00,401,401
http://irail.be/vehicle/P8770,http://irail.be/stations/NMBS/008882701,P,2016-09-06T17:11:00,2016-09-06T17:11:00,,360
http://irail.be/vehicle/P8770,http://irail.be/stations/NMBS/008883006,P,2016-03-14T16:52:00,2016-03-14T16:52:00,195,0
http://irail.be/vehicle/P8770,http://irail.be/stations/NMBS/008883212,P,2016-03-14T16:58:00,2016-03-14T16:58:00,232,158
http://irail.be/vehicle/P8770,http://irail.be/stations/NMBS/008883220,P,2016-03-14T17:01:00,2016-03-14T17:01:00,232,232
http://irail.be/vehicle/P8770,http://irail.be/stations/NMBS/008883238,P,2016-03-14T17:06:00,2016-03-14T17:06:00,201,201
http://irail.be/vehicle/P8770,http://irail.be/stations/NMBS/008882701,P,2016-03-14T17:11:00,2016-03-14T17:11:00,0,66
http://irail.be/vehicle/P8770,http://irail.be/stations/NMBS/008883006,P,2016-10-13T16:52:00,2016-10-13T16:52:00,112,
http://irail.be/vehicle/P8770,http://irail.be/stations/NMBS/008883212,P,2016-10-13T16:58:00,2016-10-13T16:58:00,429,416
http://irail.be/vehicle/P8770,http://irail.be/stations/NMBS/008883220,P,2016-10-13T17:01:00,2016-10-13T17:01:00,429,429
http://irail.be/vehicle/P8770,http://irail.be/stations/NMBS/008883238,P,2016-10-13T17:06:00,2016-10-13T17:06:00,486,486
http://irail.be/vehicle/P8770,http://irail.be/stations/NMBS/008882701,P,2016-10-13T17:11:00,2016-10-13T17:11:00,,363
http://irail.be/vehicle/P8770,http://irail.be/stations/NMBS/008883006,P,2016-12-07T16:52:00,2016-12-07T16:52:00,60,
http://irail.be/vehicle/P8770,http://irail.be/stations/NMBS/008883212,P,2016-12-07T16:58:00,2016-12-07T16:58:00,181,120
http://irail.be/vehicle/P8770,http://irail.be/stations/NMBS/008883220,P,2016-12-07T17:01:00,2016-12-07T17:01:00,166,166
http://irail.be/vehicle/P8770,http://irail.be/stations/NMBS/008883238,P,2016-12-07T17:06:00,2016-12-07T17:06:00,82,82
http://irail.be/vehicle/P8770,http://irail.be/stations/NMBS/008882701,P,2016-12-07T17:11:00,2016-12-07T17:11:00,,68
http://irail.be/vehicle/P8770,http://irail.be/stations/NMBS/008883006,P,2016-09-26T16:52:00,2016-09-26T16:52:00,44,
http://irail.be/vehicle/P8770,http://irail.be/stations/NMBS/008883212,P,2016-09-26T16:58:00,2016-09-26T16:58:00,348,348
http://irail.be/vehicle/P8770,http://irail.be/stations/NMBS/008883220,P,2016-09-26T17:01:00,2016-09-26T17:01:00,348,348
http://irail.be/vehicle/P8770,http://irail.be/stations/NMBS/008883238,P,2016-09-26T17:06:00,2016-09-26T17:06:00,365,365
http://irail.be/vehicle/P8770,http://irail.be/stations/NMBS/008882701,P,2016-09-26T17:11:00,2016-09-26T17:11:00,,219
http://irail.be/vehicle/P8770,http://irail.be/stations/NMBS/008883006,P,2016-06-23T16:52:00,2016-06-23T16:52:00,171,
http://irail.be/vehicle/P8770,http://irail.be/stations/NMBS/008883212,P,2016-06-23T16:58:00,2016-06-23T16:58:00,260,138
http://irail.be/vehicle/P8770,http://irail.be/stations/NMBS/008883220,P,2016-06-23T17:01:00,2016-06-23T17:01:00,260,260
http://irail.be/vehicle/P8770,http://irail.be/stations/NMBS/008883238,P,2016-06-23T17:06:00,2016-06-23T17:06:00,297,297
http://irail.be/vehicle/P8770,http://irail.be/stations/NMBS/008882701,P,2016-06-23T17:11:00,2016-06-23T17:11:00,,188
http://irail.be/vehicle/P8770,http://irail.be/stations/NMBS/008883006,P,2016-10-03T16:52:00,2016-10-03T16:52:00,238,
http://irail.be/vehicle/P8770,http://irail.be/stations/NMBS/008883212,P,2016-10-03T16:58:00,2016-10-03T16:58:00,449,316
http://irail.be/vehicle/P8770,http://irail.be/stations/NMBS/008883220,P,2016-10-03T17:01:00,2016-10-03T17:01:00,449,449
http://irail.be/vehicle/P8770,http://irail.be/stations/NMBS/008883238,P,2016-10-03T17:06:00,2016-10-03T17:06:00,494,494
http://irail.be/vehicle/P8770,http://irail.be/stations/NMBS/008882701,P,2016-10-03T17:11:00,2016-10-03T17:11:00,,372
http://irail.be/vehicle/P8770,http://irail.be/stations/NMBS/008883006,P,2016-02-23T16:52:00,2016-02-23T16:52:00,121,0
http://irail.be/vehicle/P8770,http://irail.be/stations/NMBS/008883212,P,2016-02-23T16:58:00,2016-02-23T16:58:00,192,113
http://irail.be/vehicle/P8770,http://irail.be/stations/NMBS/008883220,P,2016-02-23T17:01:00,2016-02-23T17:01:00,192,192
http://irail.be/vehicle/P8770,http://irail.be/stations/NMBS/008883238,P,2016-02-23T17:06:00,2016-02-23T17:06:00,160,160
http://irail.be/vehicle/P8770,http://irail.be/stations/NMBS/008882701,P,2016-02-23T17:11:00,2016-02-23T17:11:00,0,70
http://irail.be/vehicle/P8770,http://irail.be/stations/NMBS/008883006,P,2016-01-12T16:52:00,2016-01-12T16:52:00,57,0
http://irail.be/vehicle/P8770,http://irail.be/stations/NMBS/008883212,P,2016-01-12T16:58:00,2016-01-12T16:58:00,112,33
http://irail.be/vehicle/P8770,http://irail.be/stations/NMBS/008883220,P,2016-01-12T17:01:00,2016-01-12T17:01:00,112,112
http://irail.be/vehicle/P8770,http://irail.be/stations/NMBS/008883238,P,2016-01-12T17:06:00,2016-01-12T17:06:00,80,80
http://irail.be/vehicle/P8770,http://irail.be/stations/NMBS/008882701,P,2016-01-12T17:11:00,2016-01-12T17:11:00,0,-17
http://irail.be/vehicle/P8770,http://irail.be/stations/NMBS/008883006,P,2016-05-10T16:52:00,2016-05-10T16:52:00,25,0
http://irail.be/vehicle/P8770,http://irail.be/stations/NMBS/008883212,P,2016-05-10T16:58:00,2016-05-10T16:58:00,114,10
http://irail.be/vehicle/P8770,http://irail.be/stations/NMBS/008883220,P,2016-05-10T17:01:00,2016-05-10T17:01:00,114,114
http://irail.be/vehicle/P8770,http://irail.be/stations/NMBS/008883238,P,2016-05-10T17:06:00,2016-05-10T17:06:00,140,140
http://irail.be/vehicle/P8770,http://irail.be/stations/NMBS/008882701,P,2016-05-10T17:11:00,2016-05-10T17:11:00,0,30
http://irail.be/vehicle/P8770,http://irail.be/stations/NMBS/008883006,P,2016-02-18T16:52:00,2016-02-18T16:52:00,176,0
http://irail.be/vehicle/P8770,http://irail.be/stations/NMBS/008883212,P,2016-02-18T16:58:00,2016-02-18T16:58:00,258,155
http://irail.be/vehicle/P8770,http://irail.be/stations/NMBS/008883220,P,2016-02-18T17:01:00,2016-02-18T17:01:00,258,258
http://irail.be/vehicle/P8770,http://irail.be/stations/NMBS/008883238,P,2016-02-18T17:06:00,2016-02-18T17:06:00,222,222
http://irail.be/vehicle/P8770,http://irail.be/stations/NMBS/008882701,P,2016-02-18T17:11:00,2016-02-18T17:11:00,0,111
http://irail.be/vehicle/P8770,http://irail.be/stations/NMBS/008883006,P,2016-01-27T16:52:00,2016-01-27T16:52:00,44,0
http://irail.be/vehicle/P8770,http://irail.be/stations/NMBS/008883212,P,2016-01-27T16:58:00,2016-01-27T16:58:00,75,10
http://irail.be/vehicle/P8770,http://irail.be/stations/NMBS/008883220,P,2016-01-27T17:01:00,2016-01-27T17:01:00,75,75
http://irail.be/vehicle/P8770,http://irail.be/stations/NMBS/008883238,P,2016-01-27T17:06:00,2016-01-27T17:06:00,39,39
http://irail.be/vehicle/P8770,http://irail.be/stations/NMBS/008882701,P,2016-01-27T17:11:00,2016-01-27T17:11:00,0,-106
http://irail.be/vehicle/P8770,http://irail.be/stations/NMBS/008883006,P,2016-05-24T16:52:00,2016-05-24T16:52:00,483,0
http://irail.be/vehicle/P8770,http://irail.be/stations/NMBS/008883212,P,2016-05-24T16:58:00,2016-05-24T16:58:00,582,469
http://irail.be/vehicle/P8770,http://irail.be/stations/NMBS/008883220,P,2016-05-24T17:01:00,2016-05-24T17:01:00,582,582
http://irail.be/vehicle/P8770,http://irail.be/stations/NMBS/008883238,P,2016-05-24T17:06:00,2016-05-24T17:06:00,584,584
http://irail.be/vehicle/P8770,http://irail.be/stations/NMBS/008882701,P,2016-05-24T17:11:00,2016-05-24T17:11:00,0,456
http://irail.be/vehicle/P8770,http://irail.be/stations/NMBS/008883006,P,2016-09-09T16:52:00,2016-09-09T16:52:00,123,
http://irail.be/vehicle/P8770,http://irail.be/stations/NMBS/008883212,P,2016-09-09T16:58:00,2016-09-09T16:58:00,406,401
http://irail.be/vehicle/P8770,http://irail.be/stations/NMBS/008883220,P,2016-09-09T17:01:00,2016-09-09T17:01:00,406,406
http://irail.be/vehicle/P8770,http://irail.be/stations/NMBS/008883238,P,2016-09-09T17:06:00,2016-09-09T17:06:00,429,429
http://irail.be/vehicle/P8770,http://irail.be/stations/NMBS/008882701,P,2016-09-09T17:11:00,2016-09-09T17:11:00,,283
http://irail.be/vehicle/P8770,http://irail.be/stations/NMBS/008883006,P,2016-01-14T16:52:00,2016-01-14T16:52:00,18,0
http://irail.be/vehicle/P8770,http://irail.be/stations/NMBS/008883212,P,2016-01-14T16:58:00,2016-01-14T16:58:00,67,-21
http://irail.be/vehicle/P8770,http://irail.be/stations/NMBS/008883220,P,2016-01-14T17:01:00,2016-01-14T17:01:00,67,67
http://irail.be/vehicle/P8770,http://irail.be/stations/NMBS/008883238,P,2016-01-14T17:06:00,2016-01-14T17:06:00,31,31
http://irail.be/vehicle/P8770,http://irail.be/stations/NMBS/008882701,P,2016-01-14T17:11:00,2016-01-14T17:11:00,0,-113
http://irail.be/vehicle/P8770,http://irail.be/stations/NMBS/008883006,P,2016-12-05T16:52:00,2016-12-05T16:52:00,-27,
http://irail.be/vehicle/P8770,http://irail.be/stations/NMBS/008883212,P,2016-12-05T16:58:00,2016-12-05T16:58:00,64,31
http://irail.be/vehicle/P8770,http://irail.be/stations/NMBS/008883220,P,2016-12-05T17:01:00,2016-12-05T17:01:00,53,53
http://irail.be/vehicle/P8770,http://irail.be/stations/NMBS/008883238,P,2016-12-05T17:06:00,2016-12-05T17:06:00,420,420
http://irail.be/vehicle/P8770,http://irail.be/stations/NMBS/008882701,P,2016-12-05T17:11:00,2016-12-05T17:11:00,,469
http://irail.be/vehicle/P8770,http://irail.be/stations/NMBS/008883006,P,2016-09-19T16:52:00,2016-09-19T16:52:00,69,
http://irail.be/vehicle/P8770,http://irail.be/stations/NMBS/008883212,P,2016-09-19T16:58:00,2016-09-19T16:58:00,354,217
http://irail.be/vehicle/P8770,http://irail.be/stations/NMBS/008883220,P,2016-09-19T17:01:00,2016-09-19T17:01:00,354,354
http://irail.be/vehicle/P8770,http://irail.be/stations/NMBS/008883238,P,2016-09-19T17:06:00,2016-09-19T17:06:00,450,450
http://irail.be/vehicle/P8770,http://irail.be/stations/NMBS/008882701,P,2016-09-19T17:11:00,2016-09-19T17:11:00,,324
http://irail.be/vehicle/P8770,http://irail.be/stations/NMBS/008883006,P,2016-06-09T16:52:00,2016-06-09T16:52:00,451,0
http://irail.be/vehicle/P8770,http://irail.be/stations/NMBS/008883212,P,2016-06-09T16:58:00,2016-06-09T16:58:00,544,445
http://irail.be/vehicle/P8770,http://irail.be/stations/NMBS/008883220,P,2016-06-09T17:01:00,2016-06-09T17:01:00,544,544
http://irail.be/vehicle/P8770,http://irail.be/stations/NMBS/008883238,P,2016-06-09T17:06:00,2016-06-09T17:06:00,590,590
http://irail.be/vehicle/P8770,http://irail.be/stations/NMBS/008882701,P,2016-06-09T17:11:00,2016-06-09T17:11:00,0,595
http://irail.be/vehicle/P8770,http://irail.be/stations/NMBS/008883006,P,2016-04-18T16:52:00,2016-04-18T16:52:00,104,0
http://irail.be/vehicle/P8770,http://irail.be/stations/NMBS/008883212,P,2016-04-18T16:58:00,2016-04-18T16:58:00,228,101
http://irail.be/vehicle/P8770,http://irail.be/stations/NMBS/008883220,P,2016-04-18T17:01:00,2016-04-18T17:01:00,228,228
http://irail.be/vehicle/P8770,http://irail.be/stations/NMBS/008883238,P,2016-04-18T17:06:00,2016-04-18T17:06:00,335,335
http://irail.be/vehicle/P8770,http://irail.be/stations/NMBS/008882701,P,2016-04-18T17:11:00,2016-04-18T17:11:00,0,199
http://irail.be/vehicle/P8770,http://irail.be/stations/NMBS/008883006,P,2016-06-16T16:52:00,2016-06-16T16:52:00,99,
http://irail.be/vehicle/P8770,http://irail.be/stations/NMBS/008883212,P,2016-06-16T16:58:00,2016-06-16T16:58:00,266,115
http://irail.be/vehicle/P8770,http://irail.be/stations/NMBS/008883220,P,2016-06-16T17:01:00,2016-06-16T17:01:00,266,266
http://irail.be/vehicle/P8770,http://irail.be/stations/NMBS/008883238,P,2016-06-16T17:06:00,2016-06-16T17:06:00,326,326
http://irail.be/vehicle/P8770,http://irail.be/stations/NMBS/008882701,P,2016-06-16T17:11:00,2016-06-16T17:11:00,,252
http://irail.be/vehicle/P8770,http://irail.be/stations/NMBS/008883006,P,2016-12-22T16:52:00,2016-12-22T16:52:00,-37,
http://irail.be/vehicle/P8770,http://irail.be/stations/NMBS/008883212,P,2016-12-22T16:58:00,2016-12-22T16:58:00,84,32
http://irail.be/vehicle/P8770,http://irail.be/stations/NMBS/008883220,P,2016-12-22T17:01:00,2016-12-22T17:01:00,88,84
http://irail.be/vehicle/P8770,http://irail.be/stations/NMBS/008883238,P,2016-12-22T17:06:00,2016-12-22T17:06:00,-38,-38
http://irail.be/vehicle/P8770,http://irail.be/stations/NMBS/008882701,P,2016-12-22T17:11:00,2016-12-22T17:11:00,,-37
http://irail.be/vehicle/P8770,http://irail.be/stations/NMBS/008883006,P,2016-11-08T16:52:00,2016-11-08T16:52:00,343,
http://irail.be/vehicle/P8770,http://irail.be/stations/NMBS/008883212,P,2016-11-08T16:58:00,2016-11-08T16:58:00,726,623
http://irail.be/vehicle/P8770,http://irail.be/stations/NMBS/008883220,P,2016-11-08T17:01:00,2016-11-08T17:01:00,726,726
http://irail.be/vehicle/P8770,http://irail.be/stations/NMBS/008883238,P,2016-11-08T17:06:00,2016-11-08T17:06:00,794,794
http://irail.be/vehicle/P8770,http://irail.be/stations/NMBS/008882701,P,2016-11-08T17:11:00,2016-11-08T17:11:00,,705
http://irail.be/vehicle/P8770,http://irail.be/stations/NMBS/008883006,P,2016-11-17T16:52:00,2016-11-17T16:52:00,607,
http://irail.be/vehicle/P8770,http://irail.be/stations/NMBS/008883212,P,2016-11-17T16:58:00,2016-11-17T16:58:00,786,720
http://irail.be/vehicle/P8770,http://irail.be/stations/NMBS/008883220,P,2016-11-17T17:01:00,2016-11-17T17:01:00,876,786
http://irail.be/vehicle/P8770,http://irail.be/stations/NMBS/008883238,P,2016-11-17T17:06:00,2016-11-17T17:06:00,819,819
http://irail.be/vehicle/P8770,http://irail.be/stations/NMBS/008882701,P,2016-11-17T17:11:00,2016-11-17T17:11:00,,832
http://irail.be/vehicle/P8770,http://irail.be/stations/NMBS/008883006,P,2016-05-17T16:52:00,2016-05-17T16:52:00,25,0
http://irail.be/vehicle/P8770,http://irail.be/stations/NMBS/008883212,P,2016-05-17T16:58:00,2016-05-17T16:58:00,127,15
http://irail.be/vehicle/P8770,http://irail.be/stations/NMBS/008883220,P,2016-05-17T17:01:00,2016-05-17T17:01:00,127,127
http://irail.be/vehicle/P8770,http://irail.be/stations/NMBS/008883238,P,2016-05-17T17:06:00,2016-05-17T17:06:00,158,158
http://irail.be/vehicle/P8770,http://irail.be/stations/NMBS/008882701,P,2016-05-17T17:11:00,2016-05-17T17:11:00,0,48
http://irail.be/vehicle/P8770,http://irail.be/stations/NMBS/008883006,P,2016-02-09T16:52:00,2016-02-09T16:52:00,81,0
http://irail.be/vehicle/P8770,http://irail.be/stations/NMBS/008883212,P,2016-02-09T16:58:00,2016-02-09T16:58:00,87,41
http://irail.be/vehicle/P8770,http://irail.be/stations/NMBS/008883220,P,2016-02-09T17:01:00,2016-02-09T17:01:00,87,87
http://irail.be/vehicle/P8770,http://irail.be/stations/NMBS/008883238,P,2016-02-09T17:06:00,2016-02-09T17:06:00,32,32
http://irail.be/vehicle/P8770,http://irail.be/stations/NMBS/008882701,P,2016-02-09T17:11:00,2016-02-09T17:11:00,0,-158
http://irail.be/vehicle/P8770,http://irail.be/stations/NMBS/008883006,P,2016-05-18T16:52:00,2016-05-18T16:52:00,29,0
http://irail.be/vehicle/P8770,http://irail.be/stations/NMBS/008883212,P,2016-05-18T16:58:00,2016-05-18T16:58:00,244,7
http://irail.be/vehicle/P8770,http://irail.be/stations/NMBS/008883220,P,2016-05-18T17:01:00,2016-05-18T17:01:00,244,244
http://irail.be/vehicle/P8770,http://irail.be/stations/NMBS/008883238,P,2016-05-18T17:06:00,2016-05-18T17:06:00,256,256
http://irail.be/vehicle/P8770,http://irail.be/stations/NMBS/008882701,P,2016-05-18T17:11:00,2016-05-18T17:11:00,0,152
http://irail.be/vehicle/P8770,http://irail.be/stations/NMBS/008883006,P,2016-02-26T16:52:00,2016-02-26T16:52:00,15,0
http://irail.be/vehicle/P8770,http://irail.be/stations/NMBS/008883212,P,2016-02-26T16:58:00,2016-02-26T16:58:00,95,-8
http://irail.be/vehicle/P8770,http://irail.be/stations/NMBS/008883220,P,2016-02-26T17:01:00,2016-02-26T17:01:00,95,95
http://irail.be/vehicle/P8770,http://irail.be/stations/NMBS/008883238,P,2016-02-26T17:06:00,2016-02-26T17:06:00,78,78
http://irail.be/vehicle/P8770,http://irail.be/stations/NMBS/008882701,P,2016-02-26T17:11:00,2016-02-26T17:11:00,0,-37
http://irail.be/vehicle/P8770,http://irail.be/stations/NMBS/008883006,P,2016-02-29T16:52:00,2016-02-29T16:52:00,45,0
http://irail.be/vehicle/P8770,http://irail.be/stations/NMBS/008883212,P,2016-02-29T16:58:00,2016-02-29T16:58:00,106,41
http://irail.be/vehicle/P8770,http://irail.be/stations/NMBS/008883220,P,2016-02-29T17:01:00,2016-02-29T17:01:00,106,106
http://irail.be/vehicle/P8770,http://irail.be/stations/NMBS/008883238,P,2016-02-29T17:06:00,2016-02-29T17:06:00,74,74
http://irail.be/vehicle/P8770,http://irail.be/stations/NMBS/008882701,P,2016-02-29T17:11:00,2016-02-29T17:11:00,0,-23
http://irail.be/vehicle/P8770,http://irail.be/stations/NMBS/008883006,P,2016-09-16T16:52:00,2016-09-16T16:52:00,85,
http://irail.be/vehicle/P8770,http://irail.be/stations/NMBS/008883212,P,2016-09-16T16:58:00,2016-09-16T16:58:00,307,218
http://irail.be/vehicle/P8770,http://irail.be/stations/NMBS/008883220,P,2016-09-16T17:01:00,2016-09-16T17:01:00,307,307
http://irail.be/vehicle/P8770,http://irail.be/stations/NMBS/008883238,P,2016-09-16T17:06:00,2016-09-16T17:06:00,351,351
http://irail.be/vehicle/P8770,http://irail.be/stations/NMBS/008882701,P,2016-09-16T17:11:00,2016-09-16T17:11:00,,196
http://irail.be/vehicle/P8770,http://irail.be/stations/NMBS/008883006,P,2016-05-11T16:52:00,2016-05-11T16:52:00,209,0
http://irail.be/vehicle/P8770,http://irail.be/stations/NMBS/008883212,P,2016-05-11T16:58:00,2016-05-11T16:58:00,276,172
http://irail.be/vehicle/P8770,http://irail.be/stations/NMBS/008883220,P,2016-05-11T17:01:00,2016-05-11T17:01:00,276,276
http://irail.be/vehicle/P8770,http://irail.be/stations/NMBS/008883238,P,2016-05-11T17:06:00,2016-05-11T17:06:00,297,297
http://irail.be/vehicle/P8770,http://irail.be/stations/NMBS/008882701,P,2016-05-11T17:11:00,2016-05-11T17:11:00,0,198
http://irail.be/vehicle/P8770,http://irail.be/stations/NMBS/008883006,P,2016-03-03T16:52:00,2016-03-03T16:52:00,25,0
http://irail.be/vehicle/P8770,http://irail.be/stations/NMBS/008883212,P,2016-03-03T16:58:00,2016-03-03T16:58:00,50,-15
http://irail.be/vehicle/P8770,http://irail.be/stations/NMBS/008883220,P,2016-03-03T17:01:00,2016-03-03T17:01:00,50,50
http://irail.be/vehicle/P8770,http://irail.be/stations/NMBS/008883238,P,2016-03-03T17:06:00,2016-03-03T17:06:00,9,9
http://irail.be/vehicle/P8770,http://irail.be/stations/NMBS/008882701,P,2016-03-03T17:11:00,2016-03-03T17:11:00,0,-76
http://irail.be/vehicle/P8770,http://irail.be/stations/NMBS/008883006,P,2016-02-10T16:52:00,2016-02-10T16:52:00,18,0
http://irail.be/vehicle/P8770,http://irail.be/stations/NMBS/008883212,P,2016-02-10T16:58:00,2016-02-10T16:58:00,38,-8
http://irail.be/vehicle/P8770,http://irail.be/stations/NMBS/008883220,P,2016-02-10T17:01:00,2016-02-10T17:01:00,38,38
http://irail.be/vehicle/P8770,http://irail.be/stations/NMBS/008883238,P,2016-02-10T17:06:00,2016-02-10T17:06:00,11,11
http://irail.be/vehicle/P8770,http://irail.be/stations/NMBS/008882701,P,2016-02-10T17:11:00,2016-02-10T17:11:00,0,-114
http://irail.be/vehicle/P8770,http://irail.be/stations/NMBS/008883006,P,2016-01-04T16:52:00,2016-01-04T16:52:00,93,0
http://irail.be/vehicle/P8770,http://irail.be/stations/NMBS/008883212,P,2016-01-04T16:58:00,2016-01-04T16:58:00,121,56
http://irail.be/vehicle/P8770,http://irail.be/stations/NMBS/008883220,P,2016-01-04T17:01:00,2016-01-04T17:01:00,121,121
http://irail.be/vehicle/P8770,http://irail.be/stations/NMBS/008883238,P,2016-01-04T17:06:00,2016-01-04T17:06:00,147,147
http://irail.be/vehicle/P8770,http://irail.be/stations/NMBS/008882701,P,2016-01-04T17:11:00,2016-01-04T17:11:00,0,40
http://irail.be/vehicle/P8770,http://irail.be/stations/NMBS/008883006,P,2016-03-22T16:52:00,2016-03-22T16:52:00,688,0
http://irail.be/vehicle/P8770,http://irail.be/stations/NMBS/008883212,P,2016-03-22T16:58:00,2016-03-22T16:58:00,701,655
http://irail.be/vehicle/P8770,http://irail.be/stations/NMBS/008883220,P,2016-03-22T17:01:00,2016-03-22T17:01:00,701,701
http://irail.be/vehicle/P8770,http://irail.be/stations/NMBS/008883238,P,2016-03-22T17:06:00,2016-03-22T17:06:00,646,646
http://irail.be/vehicle/P8770,http://irail.be/stations/NMBS/008882701,P,2016-03-22T17:11:00,2016-03-22T17:11:00,0,498
